program/excelProcessViaJava/data/SURF_CLI_CHN_PRE_MON_GRID_0.5-199712.txt
NCOLS      128
NROWS       72
XLLCORNER    72.000000000000    
YLLCORNER    18.000000000000    
CELLSIZE    0.50000000000000    
NODATA_VALUE   -9999.000    
[rows 35 to 69 of 72, columns 0 to 78 of 128]
-9999.0 -9999.0 -9999.0 -9999.0 -9999.0 -9999.0 -9999.0 0.4 0.4 0.3 0.6 0.5 0.2 0.1 0.1 0.1 0.0 0.0 0.0 0.0 0.0 0.0 0.0 0.0 0.1 0.1 0.1 0.2 0.4 0.9 1.2 1.5 1.6 2.1 3.0 2.2 4.0 3.4 6.1 7.2 2.1 9.5 7.4 2.7 0.5 0.1 0.1 0.1 0.1 0.2 0.4 0.6 0.9 7.0 5.1 0.3 0.1 0.2 2.7 0.9 1.5 0.4 0.3 0.2 0.1 0.2 0.4 0.7 0.7 1.1 1.2 1.0 0.9 0.6 0.3 0.4 0.1 0.3 0.6
-9999.0 -9999.0 -9999.0 -9999.0 -9999.0 -9999.0 -9999.0 1.5 0.5 0.7 0.7 0.4 0.4 0.5 0.2 0.4 0.1 0.1 0.1 0.0 0.0 0.0 0.0 0.0 0.1 0.1 0.1 0.4 0.4 0.6 1.3 1.7 2.0 3.2 2.5 2.8 2.5 3.8 4.0 4.0 5.2 5.9 6.7 9.9 2.1 0.3 0.2 0.2 0.9 0.9 4.9 5.4 2.7 4.8 10.9 1.7 0.8 1.5 3.5 3.5 0.9 0.5 0.5 0.4 0.2 0.4 0.8 1.0 1.3 0.6 0.8 1.0 1.2 1.0 0.2 0.8 0.6 0.2 0.1
-9999.0 -9999.0 -9999.0 -9999.0 -9999.0 -9999.0 -9999.0 -9999.0 -9999.0 1.1 0.9 0.6 0.8 0.6 0.3 0.2 0.2 0.4 0.1 0.2 0.1 0.0 0.0 0.1 0.1 0.1 0.2 0.3 0.5 1.1 1.0 1.6 2.0 2.8 2.2 2.2 2.1 2.7 2.3 3.2 3.2 5.1 5.1 3.8 3.6 2.0 1.0 0.6 1.0 1.9 4.7 5.8 6.5 7.0 14.6 6.0 2.3 2.5 6.5 4.4 2.6 2.6 2.5 1.3 1.3 1.2 1.7 1.8 1.8 0.7 0.7 0.6 1.0 1.3 1.5 0.2 0.1 0.1 0.2
-9999.0 -9999.0 -9999.0 -9999.0 -9999.0 -9999.0 -9999.0 -9999.0 -9999.0 -9999.0 -9999.0 1.7 0.9 1.2 0.7 0.6 0.4 0.2 0.1 0.1 0.1 0.1 0.1 0.1 0.1 0.1 0.3 0.5 0.7 1.0 1.5 2.6 2.4 2.8 2.6 4.3 2.6 2.5 6.1 2.6 4.1 3.8 3.9 3.8 6.1 2.3 3.5 1.3 2.3 3.3 4.1 6.3 8.6 13.0 19.8 16.6 10.2 10.8 8.0 6.4 6.6 4.4 4.4 4.5 4.0 2.4 2.3 2.8 2.2 1.3 0.6 0.7 0.8 0.8 0.3 0.3 0.2 0.3 0.3
-9999.0 -9999.0 -9999.0 -9999.0 -9999.0 -9999.0 -9999.0 -9999.0 -9999.0 -9999.0 -9999.0 -9999.0 1.8 1.4 1.4 0.9 1.0 0.5 0.3 0.3 0.1 0.1 0.1 0.1 0.3 0.2 0.3 0.6 0.9 1.7 1.9 2.4 3.0 4.1 4.4 3.9 6.2 3.3 2.1 1.5 1.5 2.4 3.9 6.4 6.3 5.7 5.0 1.9 2.7 4.3 8.6 10.1 10.1 11.0 16.0 20.1 19.2 19.3 5.7 10.4 7.9 7.8 6.8 6.4 5.4 5.6 3.4 3.8 3.2 2.2 0.4 0.2 0.3 0.5 1.4 8.1 2.9 1.4 0.6
-9999.0 -9999.0 -9999.0 -9999.0 -9999.0 -9999.0 -9999.0 -9999.0 -9999.0 -9999.0 -9999.0 -9999.0 3.8 2.6 2.3 1.7 1.3 0.9 0.6 0.4 0.3 0.2 0.2 0.2 0.2 0.3 0.4 0.6 0.9 1.4 2.2 3.4 3.8 4.2 4.9 4.4 6.2 5.9 4.3 3.2 2.3 3.3 7.9 7.8 11.4 12.9 8.1 5.2 3.5 5.8 6.6 8.3 7.6 11.8 11.3 17.6 13.2 12.0 4.7 4.9 5.3 5.2 5.8 6.5 4.5 5.2 1.4 2.3 2.9 2.6 2.8 5.8 7.9 4.4 6.2 6.6 4.9 5.2 2.5
-9999.0 -9999.0 -9999.0 -9999.0 -9999.0 -9999.0 -9999.0 -9999.0 -9999.0 -9999.0 -9999.0 -9999.0 -9999.0 4.4 3.9 3.3 2.3 1.8 1.3 0.9 0.6 0.6 0.4 0.5 0.5 0.5 0.6 0.9 1.1 1.7 2.2 3.0 4.5 5.4 4.6 5.0 5.3 6.2 12.6 7.8 6.9 9.2 11.1 17.2 17.1 16.7 16.4 13.8 10.7 8.3 7.2 5.0 5.0 16.7 16.7 16.1 11.0 10.4 13.6 5.8 4.3 3.1 3.9 3.6 0.6 2.0 3.4 3.4 4.9 4.4 3.0 2.4 3.5 5.5 10.2 9.5 8.1 4.8 3.4
-9999.0 -9999.0 -9999.0 -9999.0 -9999.0 -9999.0 -9999.0 -9999.0 -9999.0 -9999.0 -9999.0 -9999.0 8.2 7.5 6.1 5.2 4.0 3.0 2.3 2.2 1.8 1.5 1.2 1.1 1.1 0.8 0.8 1.0 1.2 1.6 2.3 3.1 4.6 4.9 5.7 5.5 7.7 6.2 6.8 8.0 14.6 20.4 25.6 18.8 23.7 25.1 21.4 14.0 9.9 7.1 7.7 9.4 5.1 10.0 9.9 11.4 16.0 3.2 6.5 3.2 2.9 3.5 3.0 4.8 3.6 2.8 1.3 3.6 8.2 10.5 9.4 6.3 5.1 5.7 6.4 7.0 6.6 6.8 7.2
-9999.0 -9999.0 -9999.0 -9999.0 -9999.0 -9999.0 -9999.0 -9999.0 -9999.0 -9999.0 -9999.0 -9999.0 12.7 12.0 9.9 8.4 6.6 5.8 4.8 3.5 3.9 2.8 2.6 2.4 2.5 2.3 1.8 1.5 1.4 1.7 2.1 2.9 4.1 4.4 4.7 5.3 5.3 6.9 8.0 7.6 10.1 12.0 15.9 21.3 25.2 26.9 26.6 18.8 11.4 3.3 2.6 5.5 3.4 3.8 5.8 5.2 10.6 12.2 7.2 8.8 8.0 8.0 2.8 2.3 2.7 1.9 4.8 7.6 12.0 15.0 14.5 12.3 11.3 12.7 15.9 10.6 8.2 10.2 12.0
-9999.0 -9999.0 -9999.0 -9999.0 -9999.0 -9999.0 -9999.0 -9999.0 -9999.0 -9999.0 -9999.0 -9999.0 21.6 16.6 16.5 13.4 11.6 8.8 7.7 6.8 5.5 4.9 5.3 4.2 4.0 2.5 2.1 1.2 1.5 1.4 1.6 2.2 3.2 3.8 3.9 4.2 4.8 6.3 7.2 10.4 10.8 10.4 22.6 14.6 23.1 28.7 26.3 14.6 4.6 2.5 2.5 1.6 14.6 19.6 13.2 3.1 9.8 13.5 13.4 7.3 6.3 5.9 12.4 3.6 2.2 5.0 9.1 15.5 21.4 24.9 26.6 23.7 21.9 23.4 48.9 26.2 40.9 14.7 17.5
-9999.0 -9999.0 -9999.0 -9999.0 -9999.0 -9999.0 -9999.0 -9999.0 -9999.0 -9999.0 -9999.0 -9999.0 -9999.0 25.7 22.1 20.5 17.4 16.0 13.1 11.8 10.7 10.5 8.9 7.4 8.1 5.6 4.0 2.7 1.2 1.2 0.8 1.2 2.0 2.7 3.1 4.4 5.3 5.3 7.2 7.9 9.6 21.6 28.3 25.9 17.5 17.5 18.8 5.6 8.3 4.4 1.3 6.7 6.3 3.5 15.6 18.0 5.9 8.3 13.0 19.7 13.3 28.3 11.9 4.1 4.3 6.6 12.8 20.4 25.8 31.1 34.8 34.9 30.8 29.6 29.0 26.0 23.8 22.2 25.0
-9999.0 -9999.0 -9999.0 -9999.0 -9999.0 -9999.0 -9999.0 -9999.0 -9999.0 -9999.0 -9999.0 -9999.0 -9999.0 47.4 33.1 31.7 26.8 26.6 24.3 22.0 19.4 17.9 16.1 14.7 17.2 10.9 6.5 4.5 1.6 0.4 0.2 0.3 0.7 1.2 2.0 2.8 3.1 4.4 7.2 16.0 10.9 15.2 19.1 21.2 32.4 17.9 14.3 5.0 4.1 2.9 5.4 1.9 7.8 15.9 22.8 18.7 9.5 10.3 15.7 5.4 15.1 6.3 7.0 7.4 5.7 7.0 12.6 18.9 23.2 26.9 32.3 33.8 32.8 33.3 36.0 40.6 50.3 29.4 24.0
-9999.0 -9999.0 -9999.0 -9999.0 -9999.0 -9999.0 -9999.0 -9999.0 -9999.0 -9999.0 -9999.0 -9999.0 -9999.0 -9999.0 -9999.0 48.2 46.4 41.0 41.0 42.6 35.1 36.8 35.8 30.6 23.8 18.1 8.4 4.7 1.3 0.3 0.1 0.1 0.1 0.4 0.6 2.4 4.8 2.4 4.3 6.5 13.8 18.1 18.2 16.2 8.4 6.1 10.2 3.6 5.5 2.2 3.6 14.1 8.4 12.1 3.3 14.7 15.1 3.6 18.9 21.4 4.4 6.2 12.6 9.7 7.1 7.1 10.4 14.0 15.6 22.7 27.1 27.2 33.9 37.0 40.5 54.4 54.3 63.3 38.2
-9999.0 -9999.0 -9999.0 -9999.0 -9999.0 -9999.0 -9999.0 -9999.0 -9999.0 -9999.0 -9999.0 -9999.0 -9999.0 -9999.0 -9999.0 -9999.0 -9999.0 185.6 107.3 -9999.0 90.3 61.4 71.3 65.0 42.6 33.6 16.1 9.0 3.7 0.3 0.0 0.0 0.1 0.0 0.1 0.4 3.6 1.0 2.8 4.5 7.8 15.8 12.7 9.8 3.9 4.8 12.4 13.3 5.1 6.7 6.9 6.7 6.2 14.9 17.3 17.4 9.0 17.8 16.1 18.1 2.5 6.1 10.2 10.3 8.5 8.3 10.9 14.1 14.6 21.3 21.2 37.7 41.2 38.5 48.0 59.8 58.3 56.7 58.4
-9999.0 -9999.0 -9999.0 -9999.0 -9999.0 -9999.0 -9999.0 -9999.0 -9999.0 -9999.0 -9999.0 -9999.0 -9999.0 -9999.0 -9999.0 -9999.0 -9999.0 -9999.0 -9999.0 -9999.0 -9999.0 121.2 101.9 74.3 74.8 82.6 55.3 29.6 9.6 2.7 0.1 0.1 0.0 0.0 0.1 0.2 0.5 1.0 0.9 0.5 0.4 11.5 13.3 9.8 3.8 6.8 28.3 8.4 17.1 61.3 11.7 23.8 23.5 11.6 13.2 17.4 15.6 8.5 24.9 13.1 2.6 3.8 6.3 8.9 11.6 13.2 16.3 19.4 18.8 24.4 30.4 38.6 38.2 39.4 48.2 56.5 62.8 70.3 82.1
-9999.0 -9999.0 -9999.0 -9999.0 -9999.0 -9999.0 -9999.0 -9999.0 -9999.0 -9999.0 -9999.0 -9999.0 -9999.0 -9999.0 -9999.0 -9999.0 -9999.0 -9999.0 -9999.0 -9999.0 -9999.0 -9999.0 -9999.0 258.3 151.8 133.2 99.9 56.6 18.7 8.1 0.8 0.1 0.2 0.1 0.5 1.0 3.0 2.1 5.6 8.4 7.4 12.5 4.7 2.3 4.9 38.2 14.6 16.7 28.8 38.9 25.0 24.2 22.0 18.5 11.9 5.2 8.9 14.6 4.5 11.9 6.0 7.6 8.1 6.0 11.0 19.1 22.9 24.4 31.2 29.3 39.6 37.1 36.4 43.4 49.4 60.0 71.3 84.5 102.2
-9999.0 -9999.0 -9999.0 -9999.0 -9999.0 -9999.0 -9999.0 -9999.0 -9999.0 -9999.0 -9999.0 -9999.0 -9999.0 -9999.0 -9999.0 -9999.0 -9999.0 -9999.0 -9999.0 -9999.0 -9999.0 -9999.0 -9999.0 -9999.0 -9999.0 393.3 223.2 61.7 38.0 20.3 6.9 3.5 2.1 1.6 2.1 4.6 12.9 6.3 12.5 7.9 15.4 5.5 4.0 4.3 26.0 48.2 39.1 72.0 23.9 44.8 31.1 32.2 31.3 26.5 16.3 8.9 7.8 5.0 10.9 10.6 11.4 12.6 23.6 7.9 13.4 21.9 24.0 29.5 36.4 38.8 32.3 31.9 31.4 42.1 50.4 61.0 73.4 87.4 105.1
-9999.0 -9999.0 -9999.0 -9999.0 -9999.0 -9999.0 -9999.0 -9999.0 -9999.0 -9999.0 -9999.0 -9999.0 -9999.0 -9999.0 -9999.0 -9999.0 -9999.0 -9999.0 -9999.0 -9999.0 -9999.0 -9999.0 -9999.0 -9999.0 -9999.0 -9999.0 -9999.0 422.1 343.9 119.6 64.2 37.6 11.8 23.3 10.6 36.9 11.8 12.0 10.0 10.0 13.2 3.8 11.1 32.2 40.9 55.7 70.1 78.7 86.6 76.0 98.9 98.6 43.8 36.8 22.2 13.2 6.2 4.6 8.5 8.0 12.2 15.8 13.9 12.9 13.5 14.5 20.9 21.3 24.1 26.1 25.9 31.9 30.8 40.8 48.8 60.5 74.9 85.9 89.0
-9999.0 -9999.0 -9999.0 -9999.0 -9999.0 -9999.0 -9999.0 -9999.0 -9999.0 -9999.0 -9999.0 -9999.0 -9999.0 -9999.0 -9999.0 -9999.0 -9999.0 -9999.0 -9999.0 -9999.0 -9999.0 -9999.0 -9999.0 -9999.0 -9999.0 -9999.0 -9999.0 -9999.0 -9999.0 -9999.0 -9999.0 -9999.0 -9999.0 104.3 34.4 -9999.0 -9999.0 -9999.0 33.7 16.9 16.2 20.5 15.8 47.1 60.1 64.2 -9999.0 -9999.0 -9999.0 -9999.0 -9999.0 -9999.0 69.1 34.5 28.5 12.7 5.8 4.8 5.8 8.8 13.4 17.0 17.7 14.8 11.2 11.4 16.3 22.6 23.8 22.2 23.5 30.9 38.8 45.6 58.2 66.7 80.0 85.5 82.9
-9999.0 -9999.0 -9999.0 -9999.0 -9999.0 -9999.0 -9999.0 -9999.0 -9999.0 -9999.0 -9999.0 -9999.0 -9999.0 -9999.0 -9999.0 -9999.0 -9999.0 -9999.0 -9999.0 -9999.0 -9999.0 -9999.0 -9999.0 -9999.0 -9999.0 -9999.0 -9999.0 -9999.0 -9999.0 -9999.0 -9999.0 -9999.0 -9999.0 -9999.0 -9999.0 -9999.0 -9999.0 -9999.0 -9999.0 93.1 78.1 70.6 66.6 64.2 -9999.0 -9999.0 -9999.0 -9999.0 -9999.0 -9999.0 -9999.0 -9999.0 61.3 35.0 21.1 10.5 5.1 4.5 5.7 8.5 12.8 16.3 15.5 11.0 9.2 10.3 15.2 18.9 20.1 25.3 31.3 36.0 42.2 60.3 71.6 80.1 85.1 90.2 91.9
-9999.0 -9999.0 -9999.0 -9999.0 -9999.0 -9999.0 -9999.0 -9999.0 -9999.0 -9999.0 -9999.0 -9999.0 -9999.0 -9999.0 -9999.0 -9999.0 -9999.0 -9999.0 -9999.0 -9999.0 -9999.0 -9999.0 -9999.0 -9999.0 -9999.0 -9999.0 -9999.0 -9999.0 -9999.0 -9999.0 -9999.0 -9999.0 -9999.0 -9999.0 -9999.0 -9999.0 -9999.0 -9999.0 -9999.0 -9999.0 -9999.0 -9999.0 -9999.0 -9999.0 -9999.0 -9999.0 -9999.0 -9999.0 -9999.0 -9999.0 -9999.0 -9999.0 48.0 35.3 20.1 13.5 7.6 6.8 7.8 10.6 11.0 13.3 25.5 8.8 8.2 9.6 13.5 15.9 18.2 25.0 35.5 43.0 57.3 70.4 86.8 90.3 92.6 100.3 114.1
-9999.0 -9999.0 -9999.0 -9999.0 -9999.0 -9999.0 -9999.0 -9999.0 -9999.0 -9999.0 -9999.0 -9999.0 -9999.0 -9999.0 -9999.0 -9999.0 -9999.0 -9999.0 -9999.0 -9999.0 -9999.0 -9999.0 -9999.0 -9999.0 -9999.0 -9999.0 -9999.0 -9999.0 -9999.0 -9999.0 -9999.0 -9999.0 -9999.0 -9999.0 -9999.0 -9999.0 -9999.0 -9999.0 -9999.0 -9999.0 -9999.0 -9999.0 -9999.0 -9999.0 -9999.0 -9999.0 -9999.0 -9999.0 -9999.0 -9999.0 -9999.0 42.2 45.5 35.6 24.2 17.3 14.5 15.4 14.4 4.4 19.3 17.8 10.8 10.5 10.3 12.1 13.4 10.3 15.2 21.8 34.1 41.9 46.7 61.2 81.8 97.1 105.6 129.6 122.7
-9999.0 -9999.0 -9999.0 -9999.0 -9999.0 -9999.0 -9999.0 -9999.0 -9999.0 -9999.0 -9999.0 -9999.0 -9999.0 -9999.0 -9999.0 -9999.0 -9999.0 -9999.0 -9999.0 -9999.0 -9999.0 -9999.0 -9999.0 -9999.0 -9999.0 -9999.0 -9999.0 -9999.0 -9999.0 -9999.0 -9999.0 -9999.0 -9999.0 -9999.0 -9999.0 -9999.0 -9999.0 -9999.0 -9999.0 -9999.0 -9999.0 -9999.0 -9999.0 -9999.0 -9999.0 -9999.0 -9999.0 -9999.0 -9999.0 -9999.0 35.0 45.5 45.7 39.2 30.8 27.0 24.1 18.4 17.8 19.9 14.1 21.2 13.2 14.8 15.1 15.3 15.1 9.7 12.4 13.5 22.5 24.8 34.9 56.9 76.4 92.8 126.0 108.8 123.4
-9999.0 -9999.0 -9999.0 -9999.0 -9999.0 -9999.0 -9999.0 -9999.0 -9999.0 -9999.0 -9999.0 -9999.0 -9999.0 -9999.0 -9999.0 -9999.0 -9999.0 -9999.0 -9999.0 -9999.0 -9999.0 -9999.0 -9999.0 -9999.0 -9999.0 -9999.0 -9999.0 -9999.0 -9999.0 -9999.0 -9999.0 -9999.0 -9999.0 -9999.0 -9999.0 -9999.0 -9999.0 -9999.0 -9999.0 -9999.0 -9999.0 -9999.0 -9999.0 -9999.0 -9999.0 -9999.0 -9999.0 -9999.0 -9999.0 -9999.0 34.0 51.9 38.3 44.1 39.8 36.1 27.3 29.8 24.1 14.6 9.9 12.6 10.2 14.2 16.1 11.1 10.9 7.1 7.5 8.6 14.3 21.2 31.9 47.5 62.0 76.8 89.5 96.9 87.1
-9999.0 -9999.0 -9999.0 -9999.0 -9999.0 -9999.0 -9999.0 -9999.0 -9999.0 -9999.0 -9999.0 -9999.0 -9999.0 -9999.0 -9999.0 -9999.0 -9999.0 -9999.0 -9999.0 -9999.0 -9999.0 -9999.0 -9999.0 -9999.0 -9999.0 -9999.0 -9999.0 -9999.0 -9999.0 -9999.0 -9999.0 -9999.0 -9999.0 -9999.0 -9999.0 -9999.0 -9999.0 -9999.0 -9999.0 -9999.0 -9999.0 -9999.0 -9999.0 -9999.0 -9999.0 -9999.0 -9999.0 -9999.0 -9999.0 -9999.0 35.3 41.0 39.0 49.6 42.3 37.3 39.1 29.5 26.4 11.9 13.7 16.2 14.1 10.9 13.7 11.7 10.3 9.3 8.2 11.8 15.8 28.9 35.9 49.4 54.5 59.6 63.9 67.1 64.8
-9999.0 -9999.0 -9999.0 -9999.0 -9999.0 -9999.0 -9999.0 -9999.0 -9999.0 -9999.0 -9999.0 -9999.0 -9999.0 -9999.0 -9999.0 -9999.0 -9999.0 -9999.0 -9999.0 -9999.0 -9999.0 -9999.0 -9999.0 -9999.0 -9999.0 -9999.0 -9999.0 -9999.0 -9999.0 -9999.0 -9999.0 -9999.0 -9999.0 -9999.0 -9999.0 -9999.0 -9999.0 -9999.0 -9999.0 -9999.0 -9999.0 -9999.0 -9999.0 -9999.0 -9999.0 -9999.0 -9999.0 -9999.0 -9999.0 -9999.0 46.8 50.6 45.0 42.6 37.4 38.6 25.4 29.0 26.5 18.5 22.7 20.0 11.4 15.0 17.6 16.5 17.1 16.6 16.3 12.3 20.8 32.7 45.8 52.3 52.2 52.6 53.2 58.5 62.6
-9999.0 -9999.0 -9999.0 -9999.0 -9999.0 -9999.0 -9999.0 -9999.0 -9999.0 -9999.0 -9999.0 -9999.0 -9999.0 -9999.0 -9999.0 -9999.0 -9999.0 -9999.0 -9999.0 -9999.0 -9999.0 -9999.0 -9999.0 -9999.0 -9999.0 -9999.0 -9999.0 -9999.0 -9999.0 -9999.0 -9999.0 -9999.0 -9999.0 -9999.0 -9999.0 -9999.0 -9999.0 -9999.0 -9999.0 -9999.0 -9999.0 -9999.0 -9999.0 -9999.0 -9999.0 -9999.0 -9999.0 -9999.0 -9999.0 -9999.0 -9999.0 -9999.0 -9999.0 29.7 23.8 24.2 28.3 34.0 28.8 34.6 58.6 31.2 42.8 30.6 28.5 26.1 27.1 22.5 20.6 19.7 24.5 35.3 45.3 47.3 45.6 45.6 46.9 50.9 59.2
-9999.0 -9999.0 -9999.0 -9999.0 -9999.0 -9999.0 -9999.0 -9999.0 -9999.0 -9999.0 -9999.0 -9999.0 -9999.0 -9999.0 -9999.0 -9999.0 -9999.0 -9999.0 -9999.0 -9999.0 -9999.0 -9999.0 -9999.0 -9999.0 -9999.0 -9999.0 -9999.0 -9999.0 -9999.0 -9999.0 -9999.0 -9999.0 -9999.0 -9999.0 -9999.0 -9999.0 -9999.0 -9999.0 -9999.0 -9999.0 -9999.0 -9999.0 -9999.0 -9999.0 -9999.0 -9999.0 -9999.0 -9999.0 -9999.0 -9999.0 -9999.0 -9999.0 -9999.0 24.9 20.7 38.4 30.8 33.8 47.0 72.9 65.3 48.1 72.3 42.7 39.9 36.0 25.5 31.4 21.7 21.7 25.7 33.0 37.1 34.9 33.1 36.0 35.3 35.2 39.0
-9999.0 -9999.0 -9999.0 -9999.0 -9999.0 -9999.0 -9999.0 -9999.0 -9999.0 -9999.0 -9999.0 -9999.0 -9999.0 -9999.0 -9999.0 -9999.0 -9999.0 -9999.0 -9999.0 -9999.0 -9999.0 -9999.0 -9999.0 -9999.0 -9999.0 -9999.0 -9999.0 -9999.0 -9999.0 -9999.0 -9999.0 -9999.0 -9999.0 -9999.0 -9999.0 -9999.0 -9999.0 -9999.0 -9999.0 -9999.0 -9999.0 -9999.0 -9999.0 -9999.0 -9999.0 -9999.0 -9999.0 -9999.0 -9999.0 -9999.0 -9999.0 -9999.0 -9999.0 24.9 19.2 32.7 38.0 39.8 49.6 56.5 78.0 71.9 89.9 81.3 32.6 -9999.0 -9999.0 -9999.0 28.1 25.4 30.7 34.9 29.8 22.4 23.7 28.9 26.0 23.0 32.1
-9999.0 -9999.0 -9999.0 -9999.0 -9999.0 -9999.0 -9999.0 -9999.0 -9999.0 -9999.0 -9999.0 -9999.0 -9999.0 -9999.0 -9999.0 -9999.0 -9999.0 -9999.0 -9999.0 -9999.0 -9999.0 -9999.0 -9999.0 -9999.0 -9999.0 -9999.0 -9999.0 -9999.0 -9999.0 -9999.0 -9999.0 -9999.0 -9999.0 -9999.0 -9999.0 -9999.0 -9999.0 -9999.0 -9999.0 -9999.0 -9999.0 -9999.0 -9999.0 -9999.0 -9999.0 -9999.0 -9999.0 -9999.0 -9999.0 -9999.0 -9999.0 -9999.0 -9999.0 -9999.0 25.3 29.2 25.2 22.3 36.3 54.1 22.9 -9999.0 -9999.0 -9999.0 -9999.0 -9999.0 -9999.0 -9999.0 27.3 33.2 42.4 42.6 31.9 22.4 23.3 26.0 23.7 20.3 19.0
-9999.0 -9999.0 -9999.0 -9999.0 -9999.0 -9999.0 -9999.0 -9999.0 -9999.0 -9999.0 -9999.0 -9999.0 -9999.0 -9999.0 -9999.0 -9999.0 -9999.0 -9999.0 -9999.0 -9999.0 -9999.0 -9999.0 -9999.0 -9999.0 -9999.0 -9999.0 -9999.0 -9999.0 -9999.0 -9999.0 -9999.0 -9999.0 -9999.0 -9999.0 -9999.0 -9999.0 -9999.0 -9999.0 -9999.0 -9999.0 -9999.0 -9999.0 -9999.0 -9999.0 -9999.0 -9999.0 -9999.0 -9999.0 -9999.0 -9999.0 -9999.0 -9999.0 -9999.0 -9999.0 -9999.0 17.9 32.8 15.9 7.1 13.1 11.1 -9999.0 -9999.0 -9999.0 -9999.0 -9999.0 -9999.0 -9999.0 -9999.0 -9999.0 44.5 -9999.0 -9999.0 -9999.0 -9999.0 -9999.0 32.3 -9999.0 -9999.0
-9999.0 -9999.0 -9999.0 -9999.0 -9999.0 -9999.0 -9999.0 -9999.0 -9999.0 -9999.0 -9999.0 -9999.0 -9999.0 -9999.0 -9999.0 -9999.0 -9999.0 -9999.0 -9999.0 -9999.0 -9999.0 -9999.0 -9999.0 -9999.0 -9999.0 -9999.0 -9999.0 -9999.0 -9999.0 -9999.0 -9999.0 -9999.0 -9999.0 -9999.0 -9999.0 -9999.0 -9999.0 -9999.0 -9999.0 -9999.0 -9999.0 -9999.0 -9999.0 -9999.0 -9999.0 -9999.0 -9999.0 -9999.0 -9999.0 -9999.0 -9999.0 -9999.0 -9999.0 -9999.0 -9999.0 -9999.0 -9999.0 -9999.0 2.5 0.2 -9999.0 -9999.0 -9999.0 -9999.0 -9999.0 -9999.0 -9999.0 -9999.0 -9999.0 -9999.0 -9999.0 -9999.0 -9999.0 -9999.0 -9999.0 45.4 43.2 -9999.0 -9999.0
-9999.0 -9999.0 -9999.0 -9999.0 -9999.0 -9999.0 -9999.0 -9999.0 -9999.0 -9999.0 -9999.0 -9999.0 -9999.0 -9999.0 -9999.0 -9999.0 -9999.0 -9999.0 -9999.0 -9999.0 -9999.0 -9999.0 -9999.0 -9999.0 -9999.0 -9999.0 -9999.0 -9999.0 -9999.0 -9999.0 -9999.0 -9999.0 -9999.0 -9999.0 -9999.0 -9999.0 -9999.0 -9999.0 -9999.0 -9999.0 -9999.0 -9999.0 -9999.0 -9999.0 -9999.0 -9999.0 -9999.0 -9999.0 -9999.0 -9999.0 -9999.0 -9999.0 -9999.0 -9999.0 -9999.0 -9999.0 -9999.0 -9999.0 -9999.0 -9999.0 -9999.0 -9999.0 -9999.0 -9999.0 -9999.0 -9999.0 -9999.0 -9999.0 -9999.0 -9999.0 -9999.0 -9999.0 -9999.0 -9999.0 -9999.0 -9999.0 -9999.0 -9999.0 -9999.0
-9999.0 -9999.0 -9999.0 -9999.0 -9999.0 -9999.0 -9999.0 -9999.0 -9999.0 -9999.0 -9999.0 -9999.0 -9999.0 -9999.0 -9999.0 -9999.0 -9999.0 -9999.0 -9999.0 -9999.0 -9999.0 -9999.0 -9999.0 -9999.0 -9999.0 -9999.0 -9999.0 -9999.0 -9999.0 -9999.0 -9999.0 -9999.0 -9999.0 -9999.0 -9999.0 -9999.0 -9999.0 -9999.0 -9999.0 -9999.0 -9999.0 -9999.0 -9999.0 -9999.0 -9999.0 -9999.0 -9999.0 -9999.0 -9999.0 -9999.0 -9999.0 -9999.0 -9999.0 -9999.0 -9999.0 -9999.0 -9999.0 -9999.0 -9999.0 -9999.0 -9999.0 -9999.0 -9999.0 -9999.0 -9999.0 -9999.0 -9999.0 -9999.0 -9999.0 -9999.0 -9999.0 -9999.0 -9999.0 -9999.0 -9999.0 50.4 59.1 63.8 -9999.0
-9999.0 -9999.0 -9999.0 -9999.0 -9999.0 -9999.0 -9999.0 -9999.0 -9999.0 -9999.0 -9999.0 -9999.0 -9999.0 -9999.0 -9999.0 -9999.0 -9999.0 -9999.0 -9999.0 -9999.0 -9999.0 -9999.0 -9999.0 -9999.0 -9999.0 -9999.0 -9999.0 -9999.0 -9999.0 -9999.0 -9999.0 -9999.0 -9999.0 -9999.0 -9999.0 -9999.0 -9999.0 -9999.0 -9999.0 -9999.0 -9999.0 -9999.0 -9999.0 -9999.0 -9999.0 -9999.0 -9999.0 -9999.0 -9999.0 -9999.0 -9999.0 -9999.0 -9999.0 -9999.0 -9999.0 -9999.0 -9999.0 -9999.0 -9999.0 -9999.0 -9999.0 -9999.0 -9999.0 -9999.0 -9999.0 -9999.0 -9999.0 -9999.0 -9999.0 -9999.0 -9999.0 -9999.0 -9999.0 16.6 38.0 58.3 85.4 -9999.0 -9999.0
