program/excelProcessViaJava/data/SURF_CLI_CHN_PRE_MON_GRID_0.5-198302.txt
NCOLS      128
NROWS       72
XLLCORNER    72.000000000000    
YLLCORNER    18.000000000000    
CELLSIZE    0.50000000000000    
NODATA_VALUE   -9999.000    
[rows 35 to 69 of 72, columns 0 to 79 of 128]
-9999.0 -9999.0 -9999.0 -9999.0 -9999.0 -9999.0 -9999.0 1.1 2.3 0.8 4.9 4.0 0.5 0.7 0.5 0.0 0.0 0.0 0.0 0.0 0.0 0.3 0.6 0.6 0.7 1.0 1.9 2.8 3.6 5.6 6.0 6.5 6.5 7.6 9.1 6.8 9.2 6.8 8.8 7.9 1.3 6.5 3.9 1.1 0.3 0.3 0.4 0.4 1.0 1.7 3.6 4.7 3.2 4.5 1.8 0.2 0.3 0.4 0.9 0.8 3.0 1.2 0.8 0.6 1.0 0.4 1.3 2.3 2.0 2.6 2.0 1.4 1.3 0.9 0.6 1.0 1.2 2.4 3.4 1.9
-9999.0 -9999.0 -9999.0 -9999.0 -9999.0 -9999.0 -9999.0 7.9 0.7 2.6 3.6 1.4 2.0 4.1 1.2 5.0 0.6 0.4 1.6 0.2 0.2 0.8 0.6 0.8 0.9 1.4 1.8 3.7 3.3 3.9 6.2 7.1 7.5 10.0 8.0 8.3 7.2 8.4 7.2 5.3 4.6 3.5 3.4 7.3 1.4 0.5 1.0 1.5 4.9 4.5 10.2 8.1 4.2 3.0 3.8 0.3 0.2 0.3 0.9 2.2 2.7 3.3 1.6 1.8 1.1 1.1 1.5 2.1 3.9 2.4 2.4 2.0 1.5 1.4 0.9 2.6 3.5 3.1 2.1 2.5
-9999.0 -9999.0 -9999.0 -9999.0 -9999.0 -9999.0 -9999.0 -9999.0 -9999.0 2.5 1.9 1.2 3.2 2.4 1.2 0.6 1.2 5.0 1.2 2.9 1.1 0.5 0.6 0.8 1.1 1.4 2.2 3.1 3.4 5.8 4.8 6.2 7.0 8.6 7.1 7.1 6.7 7.3 5.9 5.9 4.0 3.9 2.8 1.9 2.9 2.9 3.3 3.8 5.4 6.9 9.5 7.8 5.8 3.9 5.1 1.2 0.4 0.4 1.6 2.6 5.0 9.2 11.3 2.3 2.7 2.0 1.9 2.6 4.8 3.2 2.9 1.8 1.6 2.0 3.0 2.2 2.5 2.3 1.7 2.0
-9999.0 -9999.0 -9999.0 -9999.0 -9999.0 -9999.0 -9999.0 -9999.0 -9999.0 -9999.0 -9999.0 4.0 0.7 3.5 1.7 1.9 1.3 0.8 0.6 0.8 1.3 0.8 1.0 0.9 2.2 2.1 3.1 3.8 4.4 4.9 5.7 7.9 7.1 7.6 7.2 10.0 7.3 7.1 12.1 6.3 6.8 4.2 2.7 2.2 5.2 2.9 7.4 5.4 8.1 8.7 7.2 7.3 6.5 6.6 7.6 4.5 2.5 2.7 2.6 3.9 8.1 10.8 10.9 6.3 6.6 2.5 2.6 4.0 4.9 4.2 2.6 2.0 1.8 2.1 2.7 2.9 2.8 2.4 1.7 2.3
-9999.0 -9999.0 -9999.0 -9999.0 -9999.0 -9999.0 -9999.0 -9999.0 -9999.0 -9999.0 -9999.0 -9999.0 1.0 0.9 2.4 1.1 3.3 1.2 1.0 2.3 0.5 0.7 0.9 0.9 3.9 2.0 2.3 3.8 4.4 6.6 6.1 6.6 7.1 8.6 8.7 7.9 11.3 7.6 6.1 4.9 4.2 3.6 3.1 4.1 4.1 5.2 7.4 4.8 6.6 8.0 12.0 10.4 7.1 5.5 5.9 6.2 5.9 6.8 3.2 7.2 9.3 14.4 16.3 11.7 4.1 9.1 6.0 7.3 6.8 5.5 2.0 2.2 3.0 3.3 3.1 8.7 4.0 3.8 2.7 8.8
-9999.0 -9999.0 -9999.0 -9999.0 -9999.0 -9999.0 -9999.0 -9999.0 -9999.0 -9999.0 -9999.0 -9999.0 4.3 0.8 0.6 1.4 0.5 0.6 1.2 0.8 0.7 1.0 1.0 1.0 1.2 1.8 2.4 2.9 3.8 4.5 5.7 7.3 7.0 7.0 7.5 6.7 8.9 8.9 7.3 6.0 4.3 3.7 5.8 3.7 6.1 9.0 6.4 5.6 3.7 6.8 6.8 7.8 5.2 5.9 4.1 5.5 5.2 6.3 4.8 5.9 8.1 10.6 14.6 16.9 4.2 7.7 5.4 6.6 5.9 5.5 6.1 8.6 9.0 3.7 3.9 3.6 3.7 6.9 5.9 5.6
-9999.0 -9999.0 -9999.0 -9999.0 -9999.0 -9999.0 -9999.0 -9999.0 -9999.0 -9999.0 -9999.0 -9999.0 -9999.0 1.4 2.5 0.6 0.9 0.5 0.4 0.4 0.5 0.5 0.8 0.9 1.3 2.0 2.6 3.6 3.8 4.5 4.9 5.4 6.6 6.8 5.3 5.3 5.5 6.4 13.2 8.1 6.4 6.9 6.1 9.1 7.1 6.8 9.3 11.0 10.6 8.6 7.4 4.6 4.0 9.8 6.4 5.1 4.9 6.8 10.3 9.3 10.3 9.6 12.2 5.3 2.4 6.3 10.7 11.0 9.1 7.6 10.7 8.1 4.5 3.9 5.4 4.2 4.4 4.6 4.4 3.5
-9999.0 -9999.0 -9999.0 -9999.0 -9999.0 -9999.0 -9999.0 -9999.0 -9999.0 -9999.0 -9999.0 -9999.0 1.7 3.0 1.9 0.8 1.5 0.7 0.5 0.3 0.4 0.5 0.7 1.0 1.3 1.7 2.0 2.4 2.9 3.6 4.2 4.7 5.5 4.8 4.6 3.9 5.2 4.0 4.4 5.1 10.1 14.3 17.3 7.1 9.7 11.3 10.3 8.2 8.7 8.0 10.4 12.1 5.5 6.3 3.9 3.5 5.4 5.1 8.4 8.8 10.0 12.6 10.7 14.5 8.4 8.6 12.1 9.7 9.9 10.7 8.7 6.6 5.7 7.1 6.3 5.7 6.2 6.0 5.5 4.8
-9999.0 -9999.0 -9999.0 -9999.0 -9999.0 -9999.0 -9999.0 -9999.0 -9999.0 -9999.0 -9999.0 -9999.0 2.8 1.0 0.9 2.8 1.5 0.4 0.3 0.4 0.4 0.5 0.7 1.0 1.5 1.9 2.0 2.2 2.4 2.9 3.4 3.8 4.0 3.7 3.0 2.5 2.3 2.9 3.4 3.1 4.1 4.5 5.7 7.8 10.2 13.0 18.3 16.4 14.0 6.7 6.4 9.7 5.4 4.0 3.1 2.3 3.3 6.1 8.7 13.2 16.4 19.4 9.4 6.9 8.0 14.2 14.2 9.3 4.7 4.4 5.5 6.2 6.6 6.1 7.0 5.5 7.7 5.2 5.6 6.2
-9999.0 -9999.0 -9999.0 -9999.0 -9999.0 -9999.0 -9999.0 -9999.0 -9999.0 -9999.0 -9999.0 -9999.0 1.5 1.7 0.9 0.7 0.5 0.8 0.3 0.3 0.7 0.8 0.8 1.0 1.3 1.2 1.3 1.2 1.7 1.9 2.3 2.5 3.1 3.0 2.2 1.6 1.5 2.1 2.5 4.0 4.3 4.2 11.7 5.5 10.7 18.9 21.9 15.4 9.8 9.6 9.5 6.7 17.0 15.2 6.3 2.9 3.9 7.1 11.7 14.1 16.1 17.1 26.8 11.4 10.6 23.7 16.4 8.5 4.6 3.8 4.9 7.2 8.7 11.2 35.3 11.9 22.8 5.8 5.6 5.9
-9999.0 -9999.0 -9999.0 -9999.0 -9999.0 -9999.0 -9999.0 -9999.0 -9999.0 -9999.0 -9999.0 -9999.0 -9999.0 4.2 2.3 0.7 0.6 0.4 0.5 0.6 1.5 0.8 1.0 1.2 1.5 1.3 1.2 1.2 0.7 1.2 0.9 1.4 1.7 2.1 1.5 1.4 1.6 1.9 2.9 3.7 5.1 14.3 20.8 17.9 10.7 11.9 17.2 8.2 15.8 13.5 8.3 13.6 9.3 4.8 8.0 6.9 4.7 8.1 13.7 21.6 24.5 38.6 27.7 15.4 17.4 14.1 9.9 6.8 5.2 5.5 6.9 10.0 14.6 15.3 14.2 11.3 9.2 7.0 6.8 5.3
-9999.0 -9999.0 -9999.0 -9999.0 -9999.0 -9999.0 -9999.0 -9999.0 -9999.0 -9999.0 -9999.0 -9999.0 -9999.0 3.2 2.4 1.1 1.5 0.7 0.6 0.8 1.7 1.7 1.8 1.7 2.6 1.6 1.0 1.0 0.4 0.1 0.1 0.3 0.7 0.9 0.9 1.0 1.2 2.1 4.0 11.1 8.4 13.1 17.4 19.1 31.8 16.4 14.9 7.3 9.3 9.6 12.8 5.2 9.3 12.3 13.0 7.6 5.1 8.7 15.3 19.4 28.6 26.0 25.7 27.7 17.3 10.0 7.6 8.0 8.7 9.6 12.5 17.4 21.0 21.5 19.3 18.6 22.6 7.9 6.4 5.2
-9999.0 -9999.0 -9999.0 -9999.0 -9999.0 -9999.0 -9999.0 -9999.0 -9999.0 -9999.0 -9999.0 -9999.0 -9999.0 -9999.0 -9999.0 1.9 1.6 1.4 1.5 2.0 2.3 2.7 3.3 3.2 2.6 2.0 0.8 0.3 0.1 0.0 0.0 0.0 0.1 0.2 0.4 1.3 2.8 2.1 3.5 6.0 13.1 18.8 20.2 18.5 11.3 9.5 11.8 6.3 9.2 5.3 6.1 18.5 6.9 7.5 1.2 5.5 5.8 3.6 15.6 23.9 26.1 26.3 47.0 38.4 23.9 14.6 12.5 14.7 15.1 18.5 23.0 26.6 33.4 31.2 21.8 29.8 22.6 24.6 7.2 7.2
-9999.0 -9999.0 -9999.0 -9999.0 -9999.0 -9999.0 -9999.0 -9999.0 -9999.0 -9999.0 -9999.0 -9999.0 -9999.0 -9999.0 -9999.0 -9999.0 -9999.0 59.7 14.1 -9999.0 10.6 5.6 8.7 8.8 5.0 3.8 1.4 0.4 0.1 0.0 0.0 0.0 0.0 0.1 0.3 0.3 2.7 1.5 2.8 5.0 9.1 18.4 16.4 13.7 17.4 10.7 51.0 16.8 6.0 7.3 3.2 3.0 1.3 8.3 9.3 8.2 3.0 10.2 13.2 21.0 14.5 29.2 43.9 41.9 30.7 22.3 20.8 22.2 23.2 28.5 30.1 38.3 40.3 28.4 27.5 33.1 23.0 16.0 13.4 16.2
-9999.0 -9999.0 -9999.0 -9999.0 -9999.0 -9999.0 -9999.0 -9999.0 -9999.0 -9999.0 -9999.0 -9999.0 -9999.0 -9999.0 -9999.0 -9999.0 -9999.0 -9999.0 -9999.0 -9999.0 -9999.0 15.8 13.1 9.8 10.2 14.8 8.8 3.5 0.4 0.1 0.0 0.1 0.0 0.0 0.2 0.2 0.5 0.9 1.0 1.2 1.7 13.8 16.7 13.2 16.3 9.5 96.1 9.7 20.0 96.7 5.6 26.1 22.1 2.7 6.9 12.4 10.6 5.0 21.6 15.7 13.1 25.2 32.5 35.9 34.5 31.1 30.3 29.4 30.7 35.3 37.3 35.3 32.4 21.8 19.5 21.4 22.2 21.8 27.7 37.9
-9999.0 -9999.0 -9999.0 -9999.0 -9999.0 -9999.0 -9999.0 -9999.0 -9999.0 -9999.0 -9999.0 -9999.0 -9999.0 -9999.0 -9999.0 -9999.0 -9999.0 -9999.0 -9999.0 -9999.0 -9999.0 -9999.0 -9999.0 72.2 28.7 26.6 19.3 8.6 1.0 0.3 0.0 0.0 0.1 0.1 0.5 0.9 2.5 1.3 4.3 7.3 7.0 13.5 5.7 4.1 15.2 135.6 24.5 16.0 21.7 21.9 5.2 19.5 5.6 10.2 6.1 1.1 8.1 14.2 1.9 12.2 16.2 31.2 40.8 30.8 32.0 36.4 38.4 34.9 31.2 32.6 29.7 27.4 25.5 29.8 25.1 28.4 40.1 46.1 56.1 70.1
-9999.0 -9999.0 -9999.0 -9999.0 -9999.0 -9999.0 -9999.0 -9999.0 -9999.0 -9999.0 -9999.0 -9999.0 -9999.0 -9999.0 -9999.0 -9999.0 -9999.0 -9999.0 -9999.0 -9999.0 -9999.0 -9999.0 -9999.0 -9999.0 -9999.0 173.1 65.6 9.5 4.6 2.9 0.4 0.6 0.9 1.0 1.9 3.9 11.8 4.0 9.3 5.0 12.9 4.1 11.5 10.4 77.5 151.6 78.9 204.9 12.9 19.3 26.5 19.8 32.5 29.8 11.4 6.5 9.3 3.3 10.5 9.2 13.7 25.9 34.0 22.9 29.0 36.7 39.2 32.5 28.1 26.9 24.0 23.6 22.6 41.0 52.5 52.9 64.7 81.7 94.7 99.6
-9999.0 -9999.0 -9999.0 -9999.0 -9999.0 -9999.0 -9999.0 -9999.0 -9999.0 -9999.0 -9999.0 -9999.0 -9999.0 -9999.0 -9999.0 -9999.0 -9999.0 -9999.0 -9999.0 -9999.0 -9999.0 -9999.0 -9999.0 -9999.0 -9999.0 -9999.0 -9999.0 236.5 203.1 44.1 24.7 17.3 5.1 16.9 8.0 36.4 7.7 6.8 6.4 4.8 7.6 2.1 21.4 86.0 109.9 157.4 209.7 227.6 232.9 72.5 167.9 169.9 40.7 42.3 29.3 22.1 5.3 1.6 7.1 3.9 9.6 19.4 16.7 20.0 27.2 33.6 38.2 34.9 28.7 25.9 27.2 35.9 37.0 60.3 69.5 78.1 106.4 117.0 118.9 119.7
-9999.0 -9999.0 -9999.0 -9999.0 -9999.0 -9999.0 -9999.0 -9999.0 -9999.0 -9999.0 -9999.0 -9999.0 -9999.0 -9999.0 -9999.0 -9999.0 -9999.0 -9999.0 -9999.0 -9999.0 -9999.0 -9999.0 -9999.0 -9999.0 -9999.0 -9999.0 -9999.0 -9999.0 -9999.0 -9999.0 -9999.0 -9999.0 -9999.0 81.4 23.3 -9999.0 -9999.0 -9999.0 34.4 9.1 14.2 27.8 18.5 113.0 164.7 175.1 -9999.0 -9999.0 -9999.0 -9999.0 -9999.0 -9999.0 98.9 62.1 52.8 22.9 7.2 2.8 2.0 4.5 10.0 17.1 14.6 14.2 19.2 30.5 38.4 37.6 32.7 31.3 37.3 52.2 71.4 82.1 104.8 101.0 125.5 132.1 134.0 131.7
-9999.0 -9999.0 -9999.0 -9999.0 -9999.0 -9999.0 -9999.0 -9999.0 -9999.0 -9999.0 -9999.0 -9999.0 -9999.0 -9999.0 -9999.0 -9999.0 -9999.0 -9999.0 -9999.0 -9999.0 -9999.0 -9999.0 -9999.0 -9999.0 -9999.0 -9999.0 -9999.0 -9999.0 -9999.0 -9999.0 -9999.0 -9999.0 -9999.0 -9999.0 -9999.0 -9999.0 -9999.0 -9999.0 -9999.0 160.9 144.5 143.1 146.0 148.3 -9999.0 -9999.0 -9999.0 -9999.0 -9999.0 -9999.0 -9999.0 -9999.0 100.7 82.2 57.1 26.4 8.2 3.9 4.2 7.4 13.3 19.0 19.8 13.0 19.1 30.5 42.4 43.9 39.3 41.1 51.3 68.0 78.7 101.1 102.3 109.8 119.6 135.3 143.4 147.7
-9999.0 -9999.0 -9999.0 -9999.0 -9999.0 -9999.0 -9999.0 -9999.0 -9999.0 -9999.0 -9999.0 -9999.0 -9999.0 -9999.0 -9999.0 -9999.0 -9999.0 -9999.0 -9999.0 -9999.0 -9999.0 -9999.0 -9999.0 -9999.0 -9999.0 -9999.0 -9999.0 -9999.0 -9999.0 -9999.0 -9999.0 -9999.0 -9999.0 -9999.0 -9999.0 -9999.0 -9999.0 -9999.0 -9999.0 -9999.0 -9999.0 -9999.0 -9999.0 -9999.0 -9999.0 -9999.0 -9999.0 -9999.0 -9999.0 -9999.0 -9999.0 -9999.0 92.3 98.9 66.4 47.0 14.2 7.2 6.4 11.5 18.7 23.7 38.4 20.2 25.4 37.5 49.5 51.9 48.7 50.7 62.5 76.7 101.3 96.6 102.6 106.2 121.4 146.7 170.1 177.4
-9999.0 -9999.0 -9999.0 -9999.0 -9999.0 -9999.0 -9999.0 -9999.0 -9999.0 -9999.0 -9999.0 -9999.0 -9999.0 -9999.0 -9999.0 -9999.0 -9999.0 -9999.0 -9999.0 -9999.0 -9999.0 -9999.0 -9999.0 -9999.0 -9999.0 -9999.0 -9999.0 -9999.0 -9999.0 -9999.0 -9999.0 -9999.0 -9999.0 -9999.0 -9999.0 -9999.0 -9999.0 -9999.0 -9999.0 -9999.0 -9999.0 -9999.0 -9999.0 -9999.0 -9999.0 -9999.0 -9999.0 -9999.0 -9999.0 -9999.0 -9999.0 79.0 81.9 105.9 53.0 47.9 30.3 23.5 15.3 13.2 32.3 37.4 30.3 34.0 40.2 52.1 58.1 49.5 55.7 55.9 66.8 77.1 76.1 82.8 102.0 121.2 145.9 182.9 198.5 212.8
-9999.0 -9999.0 -9999.0 -9999.0 -9999.0 -9999.0 -9999.0 -9999.0 -9999.0 -9999.0 -9999.0 -9999.0 -9999.0 -9999.0 -9999.0 -9999.0 -9999.0 -9999.0 -9999.0 -9999.0 -9999.0 -9999.0 -9999.0 -9999.0 -9999.0 -9999.0 -9999.0 -9999.0 -9999.0 -9999.0 -9999.0 -9999.0 -9999.0 -9999.0 -9999.0 -9999.0 -9999.0 -9999.0 -9999.0 -9999.0 -9999.0 -9999.0 -9999.0 -9999.0 -9999.0 -9999.0 -9999.0 -9999.0 -9999.0 -9999.0 83.2 80.1 96.9 110.2 82.0 79.0 59.0 42.3 33.4 37.5 37.1 45.9 41.7 51.3 60.9 67.1 70.1 59.6 60.7 56.3 67.0 73.5 89.3 111.6 131.7 154.0 185.5 205.1 243.5 253.6
-9999.0 -9999.0 -9999.0 -9999.0 -9999.0 -9999.0 -9999.0 -9999.0 -9999.0 -9999.0 -9999.0 -9999.0 -9999.0 -9999.0 -9999.0 -9999.0 -9999.0 -9999.0 -9999.0 -9999.0 -9999.0 -9999.0 -9999.0 -9999.0 -9999.0 -9999.0 -9999.0 -9999.0 -9999.0 -9999.0 -9999.0 -9999.0 -9999.0 -9999.0 -9999.0 -9999.0 -9999.0 -9999.0 -9999.0 -9999.0 -9999.0 -9999.0 -9999.0 -9999.0 -9999.0 -9999.0 -9999.0 -9999.0 -9999.0 -9999.0 69.3 97.2 73.5 116.5 125.7 113.7 84.4 82.8 65.1 46.3 35.5 40.0 39.6 55.7 69.6 57.5 61.0 56.1 57.6 60.9 72.6 90.5 109.9 128.2 148.6 177.4 207.6 238.9 265.6 276.2
-9999.0 -9999.0 -9999.0 -9999.0 -9999.0 -9999.0 -9999.0 -9999.0 -9999.0 -9999.0 -9999.0 -9999.0 -9999.0 -9999.0 -9999.0 -9999.0 -9999.0 -9999.0 -9999.0 -9999.0 -9999.0 -9999.0 -9999.0 -9999.0 -9999.0 -9999.0 -9999.0 -9999.0 -9999.0 -9999.0 -9999.0 -9999.0 -9999.0 -9999.0 -9999.0 -9999.0 -9999.0 -9999.0 -9999.0 -9999.0 -9999.0 -9999.0 -9999.0 -9999.0 -9999.0 -9999.0 -9999.0 -9999.0 -9999.0 -9999.0 65.1 64.2 67.1 144.4 126.0 121.0 123.8 92.0 79.9 45.7 47.3 51.3 52.2 52.4 64.1 59.8 51.5 52.2 56.6 60.8 74.5 89.9 98.6 125.5 148.4 191.6 227.8 249.6 270.4 298.7
-9999.0 -9999.0 -9999.0 -9999.0 -9999.0 -9999.0 -9999.0 -9999.0 -9999.0 -9999.0 -9999.0 -9999.0 -9999.0 -9999.0 -9999.0 -9999.0 -9999.0 -9999.0 -9999.0 -9999.0 -9999.0 -9999.0 -9999.0 -9999.0 -9999.0 -9999.0 -9999.0 -9999.0 -9999.0 -9999.0 -9999.0 -9999.0 -9999.0 -9999.0 -9999.0 -9999.0 -9999.0 -9999.0 -9999.0 -9999.0 -9999.0 -9999.0 -9999.0 -9999.0 -9999.0 -9999.0 -9999.0 -9999.0 -9999.0 -9999.0 60.4 83.1 86.8 114.3 117.5 117.8 62.3 73.9 66.2 50.5 61.3 61.8 47.8 57.9 63.8 59.5 55.3 47.4 48.1 52.9 59.9 70.5 88.6 122.8 154.7 211.6 251.0 266.8 274.6 292.1
-9999.0 -9999.0 -9999.0 -9999.0 -9999.0 -9999.0 -9999.0 -9999.0 -9999.0 -9999.0 -9999.0 -9999.0 -9999.0 -9999.0 -9999.0 -9999.0 -9999.0 -9999.0 -9999.0 -9999.0 -9999.0 -9999.0 -9999.0 -9999.0 -9999.0 -9999.0 -9999.0 -9999.0 -9999.0 -9999.0 -9999.0 -9999.0 -9999.0 -9999.0 -9999.0 -9999.0 -9999.0 -9999.0 -9999.0 -9999.0 -9999.0 -9999.0 -9999.0 -9999.0 -9999.0 -9999.0 -9999.0 -9999.0 -9999.0 -9999.0 -9999.0 -9999.0 -9999.0 77.1 65.2 50.2 47.4 52.2 41.1 51.2 89.2 61.4 86.6 68.3 64.3 56.4 54.0 42.8 41.9 45.8 55.7 73.5 103.3 146.1 185.4 238.6 278.9 285.8 287.3 290.8
-9999.0 -9999.0 -9999.0 -9999.0 -9999.0 -9999.0 -9999.0 -9999.0 -9999.0 -9999.0 -9999.0 -9999.0 -9999.0 -9999.0 -9999.0 -9999.0 -9999.0 -9999.0 -9999.0 -9999.0 -9999.0 -9999.0 -9999.0 -9999.0 -9999.0 -9999.0 -9999.0 -9999.0 -9999.0 -9999.0 -9999.0 -9999.0 -9999.0 -9999.0 -9999.0 -9999.0 -9999.0 -9999.0 -9999.0 -9999.0 -9999.0 -9999.0 -9999.0 -9999.0 -9999.0 -9999.0 -9999.0 -9999.0 -9999.0 -9999.0 -9999.0 -9999.0 -9999.0 67.8 55.1 53.6 32.3 29.0 37.4 62.5 63.3 62.8 90.2 66.3 62.9 56.1 51.7 45.5 47.2 52.7 66.7 89.8 121.2 158.5 194.3 236.9 273.4 280.8 296.4 306.8
-9999.0 -9999.0 -9999.0 -9999.0 -9999.0 -9999.0 -9999.0 -9999.0 -9999.0 -9999.0 -9999.0 -9999.0 -9999.0 -9999.0 -9999.0 -9999.0 -9999.0 -9999.0 -9999.0 -9999.0 -9999.0 -9999.0 -9999.0 -9999.0 -9999.0 -9999.0 -9999.0 -9999.0 -9999.0 -9999.0 -9999.0 -9999.0 -9999.0 -9999.0 -9999.0 -9999.0 -9999.0 -9999.0 -9999.0 -9999.0 -9999.0 -9999.0 -9999.0 -9999.0 -9999.0 -9999.0 -9999.0 -9999.0 -9999.0 -9999.0 -9999.0 -9999.0 -9999.0 63.5 57.0 40.2 29.9 24.7 28.6 36.9 56.2 64.7 83.1 82.8 62.5 -9999.0 -9999.0 -9999.0 51.8 63.1 74.2 91.7 116.1 143.9 172.8 200.8 226.1 244.0 261.3 323.7
-9999.0 -9999.0 -9999.0 -9999.0 -9999.0 -9999.0 -9999.0 -9999.0 -9999.0 -9999.0 -9999.0 -9999.0 -9999.0 -9999.0 -9999.0 -9999.0 -9999.0 -9999.0 -9999.0 -9999.0 -9999.0 -9999.0 -9999.0 -9999.0 -9999.0 -9999.0 -9999.0 -9999.0 -9999.0 -9999.0 -9999.0 -9999.0 -9999.0 -9999.0 -9999.0 -9999.0 -9999.0 -9999.0 -9999.0 -9999.0 -9999.0 -9999.0 -9999.0 -9999.0 -9999.0 -9999.0 -9999.0 -9999.0 -9999.0 -9999.0 -9999.0 -9999.0 -9999.0 -9999.0 48.3 36.2 25.2 18.2 20.3 30.7 30.8 -9999.0 -9999.0 -9999.0 -9999.0 -9999.0 -9999.0 -9999.0 57.2 60.0 64.7 79.0 96.2 117.1 137.6 152.9 164.4 183.2 231.0 -9999.0
-9999.0 -9999.0 -9999.0 -9999.0 -9999.0 -9999.0 -9999.0 -9999.0 -9999.0 -9999.0 -9999.0 -9999.0 -9999.0 -9999.0 -9999.0 -9999.0 -9999.0 -9999.0 -9999.0 -9999.0 -9999.0 -9999.0 -9999.0 -9999.0 -9999.0 -9999.0 -9999.0 -9999.0 -9999.0 -9999.0 -9999.0 -9999.0 -9999.0 -9999.0 -9999.0 -9999.0 -9999.0 -9999.0 -9999.0 -9999.0 -9999.0 -9999.0 -9999.0 -9999.0 -9999.0 -9999.0 -9999.0 -9999.0 -9999.0 -9999.0 -9999.0 -9999.0 -9999.0 -9999.0 -9999.0 29.2 21.5 13.6 11.1 15.0 20.3 -9999.0 -9999.0 -9999.0 -9999.0 -9999.0 -9999.0 -9999.0 -9999.0 -9999.0 56.2 -9999.0 -9999.0 -9999.0 -9999.0 -9999.0 117.9 -9999.0 -9999.0 -9999.0
-9999.0 -9999.0 -9999.0 -9999.0 -9999.0 -9999.0 -9999.0 -9999.0 -9999.0 -9999.0 -9999.0 -9999.0 -9999.0 -9999.0 -9999.0 -9999.0 -9999.0 -9999.0 -9999.0 -9999.0 -9999.0 -9999.0 -9999.0 -9999.0 -9999.0 -9999.0 -9999.0 -9999.0 -9999.0 -9999.0 -9999.0 -9999.0 -9999.0 -9999.0 -9999.0 -9999.0 -9999.0 -9999.0 -9999.0 -9999.0 -9999.0 -9999.0 -9999.0 -9999.0 -9999.0 -9999.0 -9999.0 -9999.0 -9999.0 -9999.0 -9999.0 -9999.0 -9999.0 -9999.0 -9999.0 -9999.0 -9999.0 -9999.0 7.2 7.3 -9999.0 -9999.0 -9999.0 -9999.0 -9999.0 -9999.0 -9999.0 -9999.0 -9999.0 -9999.0 -9999.0 -9999.0 -9999.0 -9999.0 -9999.0 86.5 95.6 -9999.0 -9999.0 -9999.0
-9999.0 -9999.0 -9999.0 -9999.0 -9999.0 -9999.0 -9999.0 -9999.0 -9999.0 -9999.0 -9999.0 -9999.0 -9999.0 -9999.0 -9999.0 -9999.0 -9999.0 -9999.0 -9999.0 -9999.0 -9999.0 -9999.0 -9999.0 -9999.0 -9999.0 -9999.0 -9999.0 -9999.0 -9999.0 -9999.0 -9999.0 -9999.0 -9999.0 -9999.0 -9999.0 -9999.0 -9999.0 -9999.0 -9999.0 -9999.0 -9999.0 -9999.0 -9999.0 -9999.0 -9999.0 -9999.0 -9999.0 -9999.0 -9999.0 -9999.0 -9999.0 -9999.0 -9999.0 -9999.0 -9999.0 -9999.0 -9999.0 -9999.0 -9999.0 -9999.0 -9999.0 -9999.0 -9999.0 -9999.0 -9999.0 -9999.0 -9999.0 -9999.0 -9999.0 -9999.0 -9999.0 -9999.0 -9999.0 -9999.0 -9999.0 -9999.0 -9999.0 -9999.0 -9999.0 -9999.0
-9999.0 -9999.0 -9999.0 -9999.0 -9999.0 -9999.0 -9999.0 -9999.0 -9999.0 -9999.0 -9999.0 -9999.0 -9999.0 -9999.0 -9999.0 -9999.0 -9999.0 -9999.0 -9999.0 -9999.0 -9999.0 -9999.0 -9999.0 -9999.0 -9999.0 -9999.0 -9999.0 -9999.0 -9999.0 -9999.0 -9999.0 -9999.0 -9999.0 -9999.0 -9999.0 -9999.0 -9999.0 -9999.0 -9999.0 -9999.0 -9999.0 -9999.0 -9999.0 -9999.0 -9999.0 -9999.0 -9999.0 -9999.0 -9999.0 -9999.0 -9999.0 -9999.0 -9999.0 -9999.0 -9999.0 -9999.0 -9999.0 -9999.0 -9999.0 -9999.0 -9999.0 -9999.0 -9999.0 -9999.0 -9999.0 -9999.0 -9999.0 -9999.0 -9999.0 -9999.0 -9999.0 -9999.0 -9999.0 -9999.0 -9999.0 51.0 69.2 83.7 -9999.0 -9999.0
-9999.0 -9999.0 -9999.0 -9999.0 -9999.0 -9999.0 -9999.0 -9999.0 -9999.0 -9999.0 -9999.0 -9999.0 -9999.0 -9999.0 -9999.0 -9999.0 -9999.0 -9999.0 -9999.0 -9999.0 -9999.0 -9999.0 -9999.0 -9999.0 -9999.0 -9999.0 -9999.0 -9999.0 -9999.0 -9999.0 -9999.0 -9999.0 -9999.0 -9999.0 -9999.0 -9999.0 -9999.0 -9999.0 -9999.0 -9999.0 -9999.0 -9999.0 -9999.0 -9999.0 -9999.0 -9999.0 -9999.0 -9999.0 -9999.0 -9999.0 -9999.0 -9999.0 -9999.0 -9999.0 -9999.0 -9999.0 -9999.0 -9999.0 -9999.0 -9999.0 -9999.0 -9999.0 -9999.0 -9999.0 -9999.0 -9999.0 -9999.0 -9999.0 -9999.0 -9999.0 -9999.0 -9999.0 -9999.0 18.7 20.5 30.5 42.0 -9999.0 -9999.0 -9999.0
