program/excelProcessViaJava/data/SURF_CLI_CHN_PRE_MON_GRID_0.5-199004.txt
NCOLS      128
NROWS       72
XLLCORNER    72.000000000000    
YLLCORNER    18.000000000000    
CELLSIZE    0.50000000000000    
NODATA_VALUE   -9999.000    
[rows 35 to 69 of 72, columns 0 to 76 of 128]
-9999.0 -9999.0 -9999.0 -9999.0 -9999.0 -9999.0 -9999.0 0.0 0.0 0.1 0.0 0.1 0.2 0.2 0.2 0.7 0.5 0.5 0.4 0.3 0.2 0.1 0.1 0.1 0.1 0.2 0.2 0.3 0.5 0.9 1.5 2.2 3.0 3.8 4.5 5.1 5.8 6.3 7.0 7.6 7.5 7.7 6.8 5.1 3.2 2.1 1.5 1.6 2.3 3.8 5.6 8.1 13.7 15.2 20.4 27.8 29.5 34.5 33.7 49.3 39.0 30.2 21.2 21.2 26.8 22.4 28.3 32.7 35.7 42.6 48.7 51.9 51.8 52.9 55.8 51.9 44.2
-9999.0 -9999.0 -9999.0 -9999.0 -9999.0 -9999.0 -9999.0 0.0 0.0 0.0 0.0 0.1 0.1 0.0 0.1 0.0 0.1 0.1 0.1 0.1 0.1 0.1 0.1 0.1 0.1 0.2 0.2 0.3 0.6 1.1 1.7 2.5 3.3 4.2 5.0 5.7 6.4 7.2 7.9 8.7 9.3 9.5 8.7 7.1 4.5 2.6 1.7 1.5 2.2 2.9 5.2 7.7 11.4 16.1 16.9 24.9 26.3 27.4 30.1 34.2 43.2 45.2 41.8 48.6 46.8 45.3 43.1 42.2 49.3 49.5 57.7 60.3 55.9 52.7 52.4 50.9 46.9
-9999.0 -9999.0 -9999.0 -9999.0 -9999.0 -9999.0 -9999.0 -9999.0 -9999.0 0.0 0.0 0.0 0.0 0.0 0.0 0.1 0.0 0.0 0.0 0.0 0.1 0.1 0.1 0.1 0.1 0.2 0.3 0.4 0.7 1.2 1.9 2.7 3.7 4.7 5.4 6.2 6.8 7.5 8.1 9.0 9.8 10.3 9.7 7.9 5.9 4.0 2.8 2.3 2.5 3.4 5.4 7.6 10.6 14.3 15.7 19.4 20.5 22.2 26.3 33.7 38.4 38.7 41.3 61.4 63.8 62.4 56.3 51.6 58.6 54.7 59.6 55.3 50.2 48.1 49.6 49.0 47.0
-9999.0 -9999.0 -9999.0 -9999.0 -9999.0 -9999.0 -9999.0 -9999.0 -9999.0 -9999.0 -9999.0 0.0 0.0 0.0 0.0 0.0 0.0 0.0 0.0 0.1 0.1 0.1 0.1 0.1 0.2 0.2 0.3 0.5 0.8 1.3 2.1 3.1 4.0 5.1 5.9 6.8 7.0 7.4 8.4 8.4 9.2 9.7 9.6 8.5 7.5 5.4 4.9 3.7 4.1 5.0 6.3 8.8 11.7 14.2 15.1 15.7 16.6 18.9 25.3 33.1 37.4 41.6 44.1 53.1 58.0 68.5 61.5 64.7 65.8 65.2 60.4 54.0 45.2 43.9 49.8 53.3 52.1
-9999.0 -9999.0 -9999.0 -9999.0 -9999.0 -9999.0 -9999.0 -9999.0 -9999.0 -9999.0 -9999.0 -9999.0 0.0 0.0 0.0 0.0 0.0 0.0 0.1 0.1 0.1 0.1 0.1 0.2 0.3 0.3 0.3 0.6 0.9 1.7 2.3 3.3 4.4 5.8 6.7 7.0 7.9 7.2 7.0 7.1 7.6 8.2 8.8 9.0 8.7 8.0 7.4 6.1 6.6 7.9 10.6 13.0 15.0 16.4 16.2 15.1 15.1 17.3 26.0 31.6 41.1 46.3 51.2 55.2 64.5 73.2 83.0 86.3 84.3 80.8 61.5 46.4 46.3 52.7 58.1 70.8 59.8
-9999.0 -9999.0 -9999.0 -9999.0 -9999.0 -9999.0 -9999.0 -9999.0 -9999.0 -9999.0 -9999.0 -9999.0 0.0 0.0 0.0 0.1 0.1 0.1 0.1 0.1 0.1 0.2 0.2 0.2 0.2 0.3 0.4 0.6 1.0 1.4 2.4 3.9 4.9 6.1 7.2 7.4 7.9 7.4 6.5 6.1 6.2 6.9 8.3 9.3 10.6 11.6 11.6 11.2 11.2 12.9 15.3 18.5 20.6 20.7 18.9 16.1 15.6 17.8 25.8 35.3 46.5 58.0 64.0 69.4 72.1 84.3 64.2 73.3 81.5 87.7 93.2 99.9 95.9 74.9 74.9 74.1 70.9
-9999.0 -9999.0 -9999.0 -9999.0 -9999.0 -9999.0 -9999.0 -9999.0 -9999.0 -9999.0 -9999.0 -9999.0 -9999.0 0.1 0.1 0.1 0.1 0.1 0.1 0.2 0.2 0.2 0.3 0.3 0.3 0.6 0.7 1.1 1.3 1.7 2.3 3.4 5.6 7.2 7.5 8.0 7.7 7.1 8.4 6.1 5.8 6.7 7.9 10.3 12.7 15.7 17.6 18.2 18.6 19.6 22.0 25.4 28.1 25.9 23.3 19.6 17.5 18.6 23.5 32.4 44.4 61.4 73.5 83.3 66.7 82.1 95.5 86.6 96.6 94.3 74.3 80.6 91.4 90.1 90.8 85.0 81.9
-9999.0 -9999.0 -9999.0 -9999.0 -9999.0 -9999.0 -9999.0 -9999.0 -9999.0 -9999.0 -9999.0 -9999.0 0.2 0.3 0.3 0.2 0.4 0.3 0.4 0.3 0.4 0.5 0.6 0.6 0.5 0.9 0.8 0.8 1.0 1.6 2.3 3.1 6.0 7.1 8.9 9.0 9.3 6.9 5.7 5.3 7.0 8.8 10.8 10.6 14.5 18.8 22.7 24.4 23.8 24.3 26.8 30.0 34.0 33.1 31.1 26.0 22.0 24.0 25.8 34.3 45.8 61.0 79.1 93.9 103.7 102.9 50.5 72.0 111.3 134.5 132.6 118.6 102.1 93.5 95.9 95.9 102.9
-9999.0 -9999.0 -9999.0 -9999.0 -9999.0 -9999.0 -9999.0 -9999.0 -9999.0 -9999.0 -9999.0 -9999.0 0.8 0.4 0.5 1.5 1.4 0.8 0.9 1.4 1.1 1.5 1.4 1.3 1.0 0.8 0.7 0.7 0.8 1.0 1.5 2.8 5.7 6.6 8.7 10.2 9.3 7.9 6.4 5.4 5.8 6.9 8.9 12.0 16.1 20.6 23.6 25.0 25.1 24.9 27.0 31.5 37.5 42.6 41.6 39.0 29.8 28.2 31.7 39.8 52.3 68.9 85.3 99.0 109.3 71.7 96.2 76.1 90.7 114.8 126.5 121.9 111.0 107.5 101.0 92.2 104.5
-9999.0 -9999.0 -9999.0 -9999.0 -9999.0 -9999.0 -9999.0 -9999.0 -9999.0 -9999.0 -9999.0 -9999.0 1.0 2.3 1.4 1.9 2.1 4.0 3.3 3.6 4.9 4.9 3.3 3.4 2.3 2.5 1.6 2.0 0.7 0.8 1.1 3.3 3.7 5.7 8.7 11.2 11.1 9.4 7.6 7.5 7.8 9.8 13.1 15.5 18.2 21.7 23.5 23.2 22.0 21.0 22.9 27.5 34.5 38.1 41.0 48.9 39.6 37.3 40.9 47.7 59.7 75.5 100.9 102.1 91.5 55.2 67.4 81.1 93.0 97.8 108.4 126.5 117.6 114.6 139.5 96.5 106.6
-9999.0 -9999.0 -9999.0 -9999.0 -9999.0 -9999.0 -9999.0 -9999.0 -9999.0 -9999.0 -9999.0 -9999.0 -9999.0 8.6 7.8 5.2 6.2 6.2 8.3 9.2 12.3 8.2 8.5 7.9 4.3 3.4 2.1 1.1 1.2 0.5 1.4 1.9 3.9 5.4 9.2 14.3 14.4 11.1 10.0 9.8 11.5 16.2 19.7 20.5 21.7 22.0 21.5 19.6 18.1 16.5 15.3 23.2 28.2 35.9 40.4 42.9 41.7 42.0 48.2 62.2 72.8 103.9 108.5 89.2 55.0 56.9 70.0 80.5 79.0 90.6 100.0 106.4 117.7 101.6 105.9 92.6 82.4
-9999.0 -9999.0 -9999.0 -9999.0 -9999.0 -9999.0 -9999.0 -9999.0 -9999.0 -9999.0 -9999.0 -9999.0 -9999.0 6.1 14.7 11.2 16.8 12.5 13.7 15.5 20.5 19.0 17.6 13.5 7.1 5.9 4.1 1.6 1.0 3.8 2.4 2.5 2.6 5.3 11.0 14.3 13.5 12.8 13.7 19.3 16.7 20.5 23.8 24.9 26.8 22.4 19.7 15.7 12.5 10.9 13.9 12.4 21.7 31.3 38.7 40.2 36.1 40.3 52.6 52.9 80.4 77.8 80.1 64.2 53.6 55.4 69.4 76.7 78.1 82.4 94.2 108.3 115.5 122.2 126.0 126.0 130.5
-9999.0 -9999.0 -9999.0 -9999.0 -9999.0 -9999.0 -9999.0 -9999.0 -9999.0 -9999.0 -9999.0 -9999.0 -9999.0 -9999.0 -9999.0 21.2 21.0 25.2 24.0 22.8 29.7 24.6 21.6 19.6 16.9 12.1 14.3 6.1 7.5 1.3 1.8 1.6 6.4 8.2 9.5 18.3 22.1 13.0 15.1 17.6 23.1 26.0 27.0 26.9 28.6 31.0 19.4 20.0 12.0 11.3 8.8 19.4 15.8 21.6 15.5 30.4 34.4 21.8 54.9 72.7 57.8 79.2 88.1 69.1 52.7 48.4 57.2 69.1 81.4 90.0 100.3 116.9 134.1 145.2 157.2 170.8 163.5
-9999.0 -9999.0 -9999.0 -9999.0 -9999.0 -9999.0 -9999.0 -9999.0 -9999.0 -9999.0 -9999.0 -9999.0 -9999.0 -9999.0 -9999.0 -9999.0 -9999.0 9.4 23.0 -9999.0 28.4 39.8 30.0 26.2 27.6 20.3 23.5 12.0 4.0 5.2 1.8 0.6 9.1 2.8 4.1 11.7 25.2 12.0 17.0 19.5 22.6 28.2 26.0 25.4 60.2 38.8 137.1 19.6 17.8 12.6 20.5 11.3 17.0 19.4 24.8 28.6 20.9 41.7 49.4 67.7 54.9 88.4 93.4 74.3 56.6 47.9 53.6 69.1 86.8 92.8 107.3 116.9 134.1 148.8 182.1 199.8 190.8
-9999.0 -9999.0 -9999.0 -9999.0 -9999.0 -9999.0 -9999.0 -9999.0 -9999.0 -9999.0 -9999.0 -9999.0 -9999.0 -9999.0 -9999.0 -9999.0 -9999.0 -9999.0 -9999.0 -9999.0 -9999.0 48.0 51.0 58.2 41.6 24.5 18.1 12.0 7.8 2.1 1.6 0.2 0.7 2.7 3.9 11.7 13.8 14.2 12.9 12.7 14.4 26.6 26.8 24.1 61.8 28.7 220.7 42.4 24.4 56.9 19.7 28.8 28.8 15.1 18.6 28.6 31.8 25.2 66.6 56.7 56.4 77.1 94.6 83.8 67.3 58.0 62.6 73.9 88.6 89.3 94.2 105.3 119.8 131.3 165.8 185.6 172.7
-9999.0 -9999.0 -9999.0 -9999.0 -9999.0 -9999.0 -9999.0 -9999.0 -9999.0 -9999.0 -9999.0 -9999.0 -9999.0 -9999.0 -9999.0 -9999.0 -9999.0 -9999.0 -9999.0 -9999.0 -9999.0 -9999.0 -9999.0 37.8 50.8 40.0 30.5 23.1 22.7 7.6 5.8 6.2 20.5 12.4 21.1 21.7 29.3 18.6 27.6 29.6 24.0 28.8 17.5 20.3 63.1 237.5 105.8 85.6 122.0 132.9 53.9 35.7 35.8 27.9 17.6 7.5 22.0 40.8 17.7 56.5 48.4 70.1 84.5 84.3 76.8 71.7 76.2 80.4 73.3 80.3 80.9 92.7 100.9 114.5 120.0 131.3 156.5
-9999.0 -9999.0 -9999.0 -9999.0 -9999.0 -9999.0 -9999.0 -9999.0 -9999.0 -9999.0 -9999.0 -9999.0 -9999.0 -9999.0 -9999.0 -9999.0 -9999.0 -9999.0 -9999.0 -9999.0 -9999.0 -9999.0 -9999.0 -9999.0 -9999.0 23.9 37.2 74.0 52.2 60.9 26.1 9.9 9.4 18.7 15.8 36.6 62.0 28.6 42.1 25.5 36.8 16.9 36.8 44.1 152.6 239.7 216.0 347.9 63.8 132.1 53.9 59.8 53.1 46.1 27.2 14.6 20.1 19.1 46.4 57.9 69.9 78.8 135.8 82.7 78.3 76.7 74.3 65.0 66.2 68.7 76.6 84.7 84.2 99.1 112.7 111.0 128.8
-9999.0 -9999.0 -9999.0 -9999.0 -9999.0 -9999.0 -9999.0 -9999.0 -9999.0 -9999.0 -9999.0 -9999.0 -9999.0 -9999.0 -9999.0 -9999.0 -9999.0 -9999.0 -9999.0 -9999.0 -9999.0 -9999.0 -9999.0 -9999.0 -9999.0 -9999.0 -9999.0 16.0 12.1 21.0 16.2 13.2 49.5 10.9 33.0 7.6 26.4 24.8 12.6 21.0 28.2 12.6 46.3 116.0 162.5 223.9 284.7 335.7 381.7 261.9 385.4 363.6 97.7 85.1 46.8 27.4 17.2 18.5 43.3 52.6 46.7 89.3 66.7 71.6 81.3 66.9 63.6 65.2 65.6 66.8 73.7 78.5 81.1 92.7 104.4 119.6 150.1
-9999.0 -9999.0 -9999.0 -9999.0 -9999.0 -9999.0 -9999.0 -9999.0 -9999.0 -9999.0 -9999.0 -9999.0 -9999.0 -9999.0 -9999.0 -9999.0 -9999.0 -9999.0 -9999.0 -9999.0 -9999.0 -9999.0 -9999.0 -9999.0 -9999.0 -9999.0 -9999.0 -9999.0 -9999.0 -9999.0 -9999.0 -9999.0 -9999.0 10.5 33.5 -9999.0 -9999.0 -9999.0 15.9 18.6 20.0 34.9 40.3 111.9 157.7 198.9 -9999.0 -9999.0 -9999.0 -9999.0 -9999.0 -9999.0 214.0 80.7 95.5 48.3 23.2 20.5 33.1 45.9 65.1 89.5 71.8 70.6 68.7 64.8 60.0 56.6 56.2 64.2 73.5 76.1 85.0 93.5 113.3 130.3 144.1
-9999.0 -9999.0 -9999.0 -9999.0 -9999.0 -9999.0 -9999.0 -9999.0 -9999.0 -9999.0 -9999.0 -9999.0 -9999.0 -9999.0 -9999.0 -9999.0 -9999.0 -9999.0 -9999.0 -9999.0 -9999.0 -9999.0 -9999.0 -9999.0 -9999.0 -9999.0 -9999.0 -9999.0 -9999.0 -9999.0 -9999.0 -9999.0 -9999.0 -9999.0 -9999.0 -9999.0 -9999.0 -9999.0 -9999.0 29.4 40.0 54.9 74.6 98.8 -9999.0 -9999.0 -9999.0 -9999.0 -9999.0 -9999.0 -9999.0 -9999.0 193.1 86.8 67.1 47.0 24.3 17.5 22.4 36.4 55.1 75.9 83.5 68.2 77.2 75.8 69.1 53.9 54.5 58.9 70.9 82.7 90.1 101.3 113.2 124.7 128.3
-9999.0 -9999.0 -9999.0 -9999.0 -9999.0 -9999.0 -9999.0 -9999.0 -9999.0 -9999.0 -9999.0 -9999.0 -9999.0 -9999.0 -9999.0 -9999.0 -9999.0 -9999.0 -9999.0 -9999.0 -9999.0 -9999.0 -9999.0 -9999.0 -9999.0 -9999.0 -9999.0 -9999.0 -9999.0 -9999.0 -9999.0 -9999.0 -9999.0 -9999.0 -9999.0 -9999.0 -9999.0 -9999.0 -9999.0 -9999.0 -9999.0 -9999.0 -9999.0 -9999.0 -9999.0 -9999.0 -9999.0 -9999.0 -9999.0 -9999.0 -9999.0 -9999.0 197.8 88.9 59.9 35.8 16.6 12.4 16.2 28.2 39.0 55.0 104.0 64.9 68.0 60.0 51.0 51.7 59.1 69.7 82.9 93.8 101.0 107.4 116.2 127.7 132.8
-9999.0 -9999.0 -9999.0 -9999.0 -9999.0 -9999.0 -9999.0 -9999.0 -9999.0 -9999.0 -9999.0 -9999.0 -9999.0 -9999.0 -9999.0 -9999.0 -9999.0 -9999.0 -9999.0 -9999.0 -9999.0 -9999.0 -9999.0 -9999.0 -9999.0 -9999.0 -9999.0 -9999.0 -9999.0 -9999.0 -9999.0 -9999.0 -9999.0 -9999.0 -9999.0 -9999.0 -9999.0 -9999.0 -9999.0 -9999.0 -9999.0 -9999.0 -9999.0 -9999.0 -9999.0 -9999.0 -9999.0 -9999.0 -9999.0 -9999.0 -9999.0 131.5 121.1 85.6 49.8 26.2 14.0 13.3 13.3 13.2 33.5 44.2 50.5 59.8 61.1 54.6 46.6 49.1 59.4 69.5 81.7 91.1 94.6 102.0 115.3 133.5 145.3
-9999.0 -9999.0 -9999.0 -9999.0 -9999.0 -9999.0 -9999.0 -9999.0 -9999.0 -9999.0 -9999.0 -9999.0 -9999.0 -9999.0 -9999.0 -9999.0 -9999.0 -9999.0 -9999.0 -9999.0 -9999.0 -9999.0 -9999.0 -9999.0 -9999.0 -9999.0 -9999.0 -9999.0 -9999.0 -9999.0 -9999.0 -9999.0 -9999.0 -9999.0 -9999.0 -9999.0 -9999.0 -9999.0 -9999.0 -9999.0 -9999.0 -9999.0 -9999.0 -9999.0 -9999.0 -9999.0 -9999.0 -9999.0 -9999.0 -9999.0 75.6 104.6 99.5 79.5 46.8 30.3 17.6 12.7 12.6 17.0 18.0 33.9 43.4 60.1 65.9 57.6 52.4 47.1 52.4 47.7 56.9 60.6 72.3 86.2 99.2 117.8 153.2
-9999.0 -9999.0 -9999.0 -9999.0 -9999.0 -9999.0 -9999.0 -9999.0 -9999.0 -9999.0 -9999.0 -9999.0 -9999.0 -9999.0 -9999.0 -9999.0 -9999.0 -9999.0 -9999.0 -9999.0 -9999.0 -9999.0 -9999.0 -9999.0 -9999.0 -9999.0 -9999.0 -9999.0 -9999.0 -9999.0 -9999.0 -9999.0 -9999.0 -9999.0 -9999.0 -9999.0 -9999.0 -9999.0 -9999.0 -9999.0 -9999.0 -9999.0 -9999.0 -9999.0 -9999.0 -9999.0 -9999.0 -9999.0 -9999.0 -9999.0 49.2 107.4 67.7 79.5 61.3 39.7 22.8 21.6 19.4 18.0 20.2 27.5 40.0 58.2 69.1 51.5 47.7 42.6 39.7 31.0 33.6 42.5 53.0 60.3 70.1 89.0 119.5
-9999.0 -9999.0 -9999.0 -9999.0 -9999.0 -9999.0 -9999.0 -9999.0 -9999.0 -9999.0 -9999.0 -9999.0 -9999.0 -9999.0 -9999.0 -9999.0 -9999.0 -9999.0 -9999.0 -9999.0 -9999.0 -9999.0 -9999.0 -9999.0 -9999.0 -9999.0 -9999.0 -9999.0 -9999.0 -9999.0 -9999.0 -9999.0 -9999.0 -9999.0 -9999.0 -9999.0 -9999.0 -9999.0 -9999.0 -9999.0 -9999.0 -9999.0 -9999.0 -9999.0 -9999.0 -9999.0 -9999.0 -9999.0 -9999.0 -9999.0 33.6 59.1 54.9 99.9 65.1 43.7 40.3 26.3 28.6 28.5 33.4 38.0 46.1 55.4 64.9 57.5 47.9 44.7 37.7 36.7 28.6 44.7 39.7 50.0 51.9 66.2 100.9
-9999.0 -9999.0 -9999.0 -9999.0 -9999.0 -9999.0 -9999.0 -9999.0 -9999.0 -9999.0 -9999.0 -9999.0 -9999.0 -9999.0 -9999.0 -9999.0 -9999.0 -9999.0 -9999.0 -9999.0 -9999.0 -9999.0 -9999.0 -9999.0 -9999.0 -9999.0 -9999.0 -9999.0 -9999.0 -9999.0 -9999.0 -9999.0 -9999.0 -9999.0 -9999.0 -9999.0 -9999.0 -9999.0 -9999.0 -9999.0 -9999.0 -9999.0 -9999.0 -9999.0 -9999.0 -9999.0 -9999.0 -9999.0 -9999.0 -9999.0 58.1 92.8 82.8 90.9 72.5 57.4 20.3 28.1 35.2 40.6 53.6 56.0 55.7 64.1 67.7 63.9 63.1 60.2 57.9 36.2 36.1 37.5 43.5 51.2 53.5 69.2 101.9
-9999.0 -9999.0 -9999.0 -9999.0 -9999.0 -9999.0 -9999.0 -9999.0 -9999.0 -9999.0 -9999.0 -9999.0 -9999.0 -9999.0 -9999.0 -9999.0 -9999.0 -9999.0 -9999.0 -9999.0 -9999.0 -9999.0 -9999.0 -9999.0 -9999.0 -9999.0 -9999.0 -9999.0 -9999.0 -9999.0 -9999.0 -9999.0 -9999.0 -9999.0 -9999.0 -9999.0 -9999.0 -9999.0 -9999.0 -9999.0 -9999.0 -9999.0 -9999.0 -9999.0 -9999.0 -9999.0 -9999.0 -9999.0 -9999.0 -9999.0 -9999.0 -9999.0 -9999.0 62.6 46.3 30.5 23.9 28.5 27.0 48.2 85.5 84.2 102.1 98.4 85.1 77.8 80.4 80.2 77.0 66.4 56.0 53.9 57.6 66.1 80.6 98.5 131.3
-9999.0 -9999.0 -9999.0 -9999.0 -9999.0 -9999.0 -9999.0 -9999.0 -9999.0 -9999.0 -9999.0 -9999.0 -9999.0 -9999.0 -9999.0 -9999.0 -9999.0 -9999.0 -9999.0 -9999.0 -9999.0 -9999.0 -9999.0 -9999.0 -9999.0 -9999.0 -9999.0 -9999.0 -9999.0 -9999.0 -9999.0 -9999.0 -9999.0 -9999.0 -9999.0 -9999.0 -9999.0 -9999.0 -9999.0 -9999.0 -9999.0 -9999.0 -9999.0 -9999.0 -9999.0 -9999.0 -9999.0 -9999.0 -9999.0 -9999.0 -9999.0 -9999.0 -9999.0 52.4 33.3 48.6 17.6 15.7 31.7 72.8 94.4 128.7 169.4 167.9 144.9 124.1 121.7 112.0 100.2 91.9 86.7 91.6 101.4 115.5 137.6 182.3 201.9
-9999.0 -9999.0 -9999.0 -9999.0 -9999.0 -9999.0 -9999.0 -9999.0 -9999.0 -9999.0 -9999.0 -9999.0 -9999.0 -9999.0 -9999.0 -9999.0 -9999.0 -9999.0 -9999.0 -9999.0 -9999.0 -9999.0 -9999.0 -9999.0 -9999.0 -9999.0 -9999.0 -9999.0 -9999.0 -9999.0 -9999.0 -9999.0 -9999.0 -9999.0 -9999.0 -9999.0 -9999.0 -9999.0 -9999.0 -9999.0 -9999.0 -9999.0 -9999.0 -9999.0 -9999.0 -9999.0 -9999.0 -9999.0 -9999.0 -9999.0 -9999.0 -9999.0 -9999.0 44.7 20.1 26.6 17.0 15.8 32.1 61.9 121.5 180.5 227.2 222.4 211.1 -9999.0 -9999.0 -9999.0 140.1 128.6 137.4 158.8 178.8 189.0 201.1 240.5 235.2
-9999.0 -9999.0 -9999.0 -9999.0 -9999.0 -9999.0 -9999.0 -9999.0 -9999.0 -9999.0 -9999.0 -9999.0 -9999.0 -9999.0 -9999.0 -9999.0 -9999.0 -9999.0 -9999.0 -9999.0 -9999.0 -9999.0 -9999.0 -9999.0 -9999.0 -9999.0 -9999.0 -9999.0 -9999.0 -9999.0 -9999.0 -9999.0 -9999.0 -9999.0 -9999.0 -9999.0 -9999.0 -9999.0 -9999.0 -9999.0 -9999.0 -9999.0 -9999.0 -9999.0 -9999.0 -9999.0 -9999.0 -9999.0 -9999.0 -9999.0 -9999.0 -9999.0 -9999.0 -9999.0 27.8 19.2 9.7 12.8 37.1 82.4 118.4 -9999.0 -9999.0 -9999.0 -9999.0 -9999.0 -9999.0 -9999.0 169.6 176.3 202.5 213.9 223.9 215.5 189.0 172.9 163.6
-9999.0 -9999.0 -9999.0 -9999.0 -9999.0 -9999.0 -9999.0 -9999.0 -9999.0 -9999.0 -9999.0 -9999.0 -9999.0 -9999.0 -9999.0 -9999.0 -9999.0 -9999.0 -9999.0 -9999.0 -9999.0 -9999.0 -9999.0 -9999.0 -9999.0 -9999.0 -9999.0 -9999.0 -9999.0 -9999.0 -9999.0 -9999.0 -9999.0 -9999.0 -9999.0 -9999.0 -9999.0 -9999.0 -9999.0 -9999.0 -9999.0 -9999.0 -9999.0 -9999.0 -9999.0 -9999.0 -9999.0 -9999.0 -9999.0 -9999.0 -9999.0 -9999.0 -9999.0 -9999.0 -9999.0 14.6 27.5 20.6 35.7 79.1 130.2 -9999.0 -9999.0 -9999.0 -9999.0 -9999.0 -9999.0 -9999.0 -9999.0 -9999.0 214.9 -9999.0 -9999.0 -9999.0 -9999.0 -9999.0 90.0
-9999.0 -9999.0 -9999.0 -9999.0 -9999.0 -9999.0 -9999.0 -9999.0 -9999.0 -9999.0 -9999.0 -9999.0 -9999.0 -9999.0 -9999.0 -9999.0 -9999.0 -9999.0 -9999.0 -9999.0 -9999.0 -9999.0 -9999.0 -9999.0 -9999.0 -9999.0 -9999.0 -9999.0 -9999.0 -9999.0 -9999.0 -9999.0 -9999.0 -9999.0 -9999.0 -9999.0 -9999.0 -9999.0 -9999.0 -9999.0 -9999.0 -9999.0 -9999.0 -9999.0 -9999.0 -9999.0 -9999.0 -9999.0 -9999.0 -9999.0 -9999.0 -9999.0 -9999.0 -9999.0 -9999.0 -9999.0 -9999.0 -9999.0 45.6 73.7 -9999.0 -9999.0 -9999.0 -9999.0 -9999.0 -9999.0 -9999.0 -9999.0 -9999.0 -9999.0 -9999.0 -9999.0 -9999.0 -9999.0 -9999.0 60.3 52.5
-9999.0 -9999.0 -9999.0 -9999.0 -9999.0 -9999.0 -9999.0 -9999.0 -9999.0 -9999.0 -9999.0 -9999.0 -9999.0 -9999.0 -9999.0 -9999.0 -9999.0 -9999.0 -9999.0 -9999.0 -9999.0 -9999.0 -9999.0 -9999.0 -9999.0 -9999.0 -9999.0 -9999.0 -9999.0 -9999.0 -9999.0 -9999.0 -9999.0 -9999.0 -9999.0 -9999.0 -9999.0 -9999.0 -9999.0 -9999.0 -9999.0 -9999.0 -9999.0 -9999.0 -9999.0 -9999.0 -9999.0 -9999.0 -9999.0 -9999.0 -9999.0 -9999.0 -9999.0 -9999.0 -9999.0 -9999.0 -9999.0 -9999.0 -9999.0 -9999.0 -9999.0 -9999.0 -9999.0 -9999.0 -9999.0 -9999.0 -9999.0 -9999.0 -9999.0 -9999.0 -9999.0 -9999.0 -9999.0 -9999.0 -9999.0 -9999.0 -9999.0
-9999.0 -9999.0 -9999.0 -9999.0 -9999.0 -9999.0 -9999.0 -9999.0 -9999.0 -9999.0 -9999.0 -9999.0 -9999.0 -9999.0 -9999.0 -9999.0 -9999.0 -9999.0 -9999.0 -9999.0 -9999.0 -9999.0 -9999.0 -9999.0 -9999.0 -9999.0 -9999.0 -9999.0 -9999.0 -9999.0 -9999.0 -9999.0 -9999.0 -9999.0 -9999.0 -9999.0 -9999.0 -9999.0 -9999.0 -9999.0 -9999.0 -9999.0 -9999.0 -9999.0 -9999.0 -9999.0 -9999.0 -9999.0 -9999.0 -9999.0 -9999.0 -9999.0 -9999.0 -9999.0 -9999.0 -9999.0 -9999.0 -9999.0 -9999.0 -9999.0 -9999.0 -9999.0 -9999.0 -9999.0 -9999.0 -9999.0 -9999.0 -9999.0 -9999.0 -9999.0 -9999.0 -9999.0 -9999.0 -9999.0 -9999.0 74.6 53.0
-9999.0 -9999.0 -9999.0 -9999.0 -9999.0 -9999.0 -9999.0 -9999.0 -9999.0 -9999.0 -9999.0 -9999.0 -9999.0 -9999.0 -9999.0 -9999.0 -9999.0 -9999.0 -9999.0 -9999.0 -9999.0 -9999.0 -9999.0 -9999.0 -9999.0 -9999.0 -9999.0 -9999.0 -9999.0 -9999.0 -9999.0 -9999.0 -9999.0 -9999.0 -9999.0 -9999.0 -9999.0 -9999.0 -9999.0 -9999.0 -9999.0 -9999.0 -9999.0 -9999.0 -9999.0 -9999.0 -9999.0 -9999.0 -9999.0 -9999.0 -9999.0 -9999.0 -9999.0 -9999.0 -9999.0 -9999.0 -9999.0 -9999.0 -9999.0 -9999.0 -9999.0 -9999.0 -9999.0 -9999.0 -9999.0 -9999.0 -9999.0 -9999.0 -9999.0 -9999.0 -9999.0 -9999.0 -9999.0 73.6 132.9 109.2 110.6
