program/excelProcessViaJava/data/SURF_CLI_CHN_PRE_MON_GRID_0.5-200903.txt
NCOLS      128
NROWS       72
XLLCORNER    72.000000000000    
YLLCORNER    18.000000000000    
CELLSIZE    0.50000000000000    
NODATA_VALUE   -9999.000    
[rows 35 to 69 of 72, columns 0 to 77 of 128]
-9999.0 -9999.0 -9999.0 -9999.0 -9999.0 -9999.0 -9999.0 1.2 2.0 1.6 3.9 4.1 2.3 2.9 2.8 0.4 1.0 0.4 0.4 0.5 0.9 1.2 1.2 1.0 0.8 0.8 1.0 1.1 1.3 1.8 2.0 2.2 2.4 2.9 3.5 3.2 4.2 3.9 4.8 4.9 2.7 4.9 4.0 2.5 1.6 1.2 0.9 0.7 1.0 1.1 2.1 4.0 6.5 6.7 5.6 2.6 2.3 4.2 8.6 14.5 12.0 10.5 5.2 5.3 7.8 5.0 7.5 9.8 9.5 13.1 11.8 11.1 12.1 12.8 12.6 12.8 12.8 14.3
-9999.0 -9999.0 -9999.0 -9999.0 -9999.0 -9999.0 -9999.0 2.4 0.8 1.8 2.4 1.9 2.5 3.6 2.5 4.1 2.0 1.7 2.3 1.2 1.1 1.3 1.0 1.0 0.9 1.0 1.1 1.5 1.4 1.6 2.2 2.6 2.9 3.7 3.4 3.8 3.8 4.5 4.5 4.3 4.5 4.5 4.5 5.1 3.0 2.2 2.1 2.2 3.7 4.3 6.0 6.4 6.7 5.9 5.2 3.5 3.5 5.4 7.6 8.7 11.1 14.4 10.9 12.5 11.2 11.7 12.9 13.5 20.9 15.1 15.4 14.4 14.6 15.0 14.0 15.2 15.6 15.3
-9999.0 -9999.0 -9999.0 -9999.0 -9999.0 -9999.0 -9999.0 -9999.0 -9999.0 1.2 1.2 1.2 2.1 2.0 1.7 1.4 1.7 2.8 1.6 2.0 1.2 0.9 0.9 0.9 1.0 1.1 1.3 1.5 1.7 2.3 2.2 2.7 3.0 3.6 3.4 3.6 3.8 4.2 4.2 4.5 4.4 4.8 4.6 4.1 4.1 3.7 3.7 4.0 4.9 6.0 6.8 6.9 6.6 6.1 5.5 5.4 5.6 7.1 8.3 9.0 9.9 11.4 14.9 15.1 18.4 18.4 18.0 18.2 29.0 23.1 23.5 20.3 20.0 20.4 20.4 17.8 16.5 16.5
-9999.0 -9999.0 -9999.0 -9999.0 -9999.0 -9999.0 -9999.0 -9999.0 -9999.0 -9999.0 -9999.0 1.4 0.7 1.7 1.3 1.4 1.2 1.0 0.9 0.9 1.0 0.8 0.9 0.9 1.2 1.3 1.6 1.8 2.1 2.4 2.7 3.5 3.4 3.7 3.7 4.7 4.1 4.3 5.8 4.5 5.0 4.6 4.5 4.4 4.9 4.3 5.1 5.4 6.7 8.1 9.1 8.5 7.5 6.7 6.4 7.6 9.3 10.8 11.7 11.7 11.6 12.7 15.9 19.8 23.5 21.4 17.6 23.5 30.6 33.0 30.7 29.1 27.9 28.2 28.4 24.9 21.8 21.2
-9999.0 -9999.0 -9999.0 -9999.0 -9999.0 -9999.0 -9999.0 -9999.0 -9999.0 -9999.0 -9999.0 -9999.0 0.5 0.6 1.0 0.8 1.3 0.8 0.7 1.0 0.6 0.7 0.8 0.9 1.5 1.3 1.6 2.0 2.3 3.0 3.2 3.5 3.8 4.3 4.5 4.4 5.5 4.6 4.2 4.0 3.9 4.1 4.4 4.8 4.9 5.1 5.8 6.8 8.8 10.9 10.4 9.5 8.7 8.6 8.5 9.6 11.8 13.8 17.4 17.3 16.0 15.4 16.7 21.0 27.0 35.1 32.1 36.2 38.4 39.6 30.2 30.8 33.0 34.2 33.5 44.9 33.0 30.7
-9999.0 -9999.0 -9999.0 -9999.0 -9999.0 -9999.0 -9999.0 -9999.0 -9999.0 -9999.0 -9999.0 -9999.0 0.9 0.3 0.3 0.6 0.4 0.4 0.5 0.5 0.5 0.6 0.7 0.8 1.1 1.4 1.7 2.1 2.5 2.9 3.4 4.1 4.2 4.3 4.5 4.3 5.2 5.3 4.8 4.4 4.0 4.1 4.9 4.8 5.4 6.0 6.5 8.1 11.5 13.2 14.0 11.1 10.0 8.3 10.3 10.9 14.7 18.5 24.0 24.0 21.3 19.7 20.7 24.8 31.8 40.5 26.0 27.6 28.4 32.3 39.6 49.8 51.1 36.7 39.9 38.6 36.2 44.3
-9999.0 -9999.0 -9999.0 -9999.0 -9999.0 -9999.0 -9999.0 -9999.0 -9999.0 -9999.0 -9999.0 -9999.0 -9999.0 0.3 0.5 0.3 0.3 0.3 0.3 0.3 0.3 0.5 0.6 0.9 1.2 1.4 1.7 2.1 2.5 3.0 3.5 3.9 4.5 4.6 4.1 4.2 4.5 5.1 7.4 5.7 5.1 5.4 5.4 6.2 6.0 6.3 7.0 8.1 9.7 11.7 12.1 11.4 9.3 5.6 6.8 9.3 13.7 18.2 21.4 27.4 26.4 24.0 25.2 29.8 26.0 36.7 43.8 34.9 32.9 27.3 24.9 22.8 26.9 34.3 45.9 42.4 41.9 39.2
-9999.0 -9999.0 -9999.0 -9999.0 -9999.0 -9999.0 -9999.0 -9999.0 -9999.0 -9999.0 -9999.0 -9999.0 0.3 0.4 0.3 0.2 0.3 0.2 0.2 0.2 0.3 0.5 0.7 1.0 1.5 1.5 1.8 2.2 2.5 3.0 3.5 4.0 4.5 4.3 4.3 4.0 4.9 4.8 5.2 5.6 7.5 8.8 9.5 6.9 7.3 7.2 7.2 7.8 8.6 9.5 8.2 6.0 6.0 4.6 5.8 7.3 9.6 17.5 22.0 26.3 26.8 27.6 28.4 33.7 38.4 40.3 17.3 23.3 33.3 40.1 34.5 25.6 25.0 28.8 31.0 34.4 37.6 39.4
-9999.0 -9999.0 -9999.0 -9999.0 -9999.0 -9999.0 -9999.0 -9999.0 -9999.0 -9999.0 -9999.0 -9999.0 0.3 0.2 0.2 0.4 0.2 0.2 0.2 0.2 0.3 0.5 0.8 1.3 1.9 2.4 2.4 2.4 2.5 2.9 3.4 3.9 4.4 4.2 3.8 3.6 3.8 5.0 5.9 5.8 6.7 7.5 8.6 9.3 9.1 8.5 8.0 6.9 6.5 7.7 7.5 4.7 4.7 4.7 4.6 6.3 7.7 11.9 18.3 22.8 26.5 29.8 27.7 30.8 35.3 22.6 31.6 21.6 21.0 21.0 23.5 27.5 33.3 43.2 51.3 40.3 37.4 40.2
-9999.0 -9999.0 -9999.0 -9999.0 -9999.0 -9999.0 -9999.0 -9999.0 -9999.0 -9999.0 -9999.0 -9999.0 0.2 0.2 0.2 0.2 0.1 0.2 0.2 0.2 0.4 0.7 1.2 1.6 2.2 2.0 2.2 1.8 2.3 2.4 2.8 3.4 4.1 4.1 3.7 3.4 3.9 5.4 6.8 8.4 9.2 10.8 14.6 12.4 12.3 11.7 9.7 7.0 6.3 5.9 5.0 5.0 2.5 2.3 2.4 5.2 6.1 9.7 15.0 19.5 22.9 26.2 35.7 29.8 26.0 17.7 21.2 23.8 25.1 26.7 32.2 41.8 51.3 61.3 91.3 60.3 74.3 39.3
-9999.0 -9999.0 -9999.0 -9999.0 -9999.0 -9999.0 -9999.0 -9999.0 -9999.0 -9999.0 -9999.0 -9999.0 -9999.0 0.7 0.4 0.2 0.2 0.2 0.3 0.4 1.0 1.3 1.9 2.4 3.6 3.3 3.0 2.6 1.7 1.9 1.8 2.5 3.5 4.0 3.9 4.7 5.6 7.1 9.8 11.5 13.9 20.7 23.7 21.4 16.4 13.5 11.2 8.7 6.3 4.9 4.8 2.5 1.9 2.3 2.0 2.9 5.6 8.6 13.4 20.5 25.3 35.8 34.3 27.2 14.9 14.2 18.4 24.8 29.8 35.8 44.7 56.4 66.4 62.5 63.5 49.8 44.7 43.6
-9999.0 -9999.0 -9999.0 -9999.0 -9999.0 -9999.0 -9999.0 -9999.0 -9999.0 -9999.0 -9999.0 -9999.0 -9999.0 0.9 0.7 0.4 0.6 0.4 0.6 1.1 2.2 2.9 3.8 4.6 7.1 5.5 4.0 3.3 1.7 1.0 0.9 1.4 2.2 3.3 4.5 5.6 6.6 9.8 14.6 22.7 21.8 26.4 28.9 27.2 27.1 17.8 13.5 10.3 7.3 5.0 3.3 2.8 1.7 1.9 2.5 2.9 4.2 7.2 13.1 15.8 26.4 27.0 34.3 20.3 11.0 9.7 14.4 23.0 32.8 43.1 54.0 64.4 72.3 72.7 68.3 66.2 70.3 48.8
-9999.0 -9999.0 -9999.0 -9999.0 -9999.0 -9999.0 -9999.0 -9999.0 -9999.0 -9999.0 -9999.0 -9999.0 -9999.0 -9999.0 -9999.0 1.2 1.2 1.5 2.1 3.5 4.9 7.2 9.6 10.5 9.8 8.8 5.0 3.2 1.5 0.5 0.3 0.4 1.6 2.9 3.9 8.6 13.3 10.3 16.2 21.7 30.4 34.7 34.3 29.7 19.6 16.4 14.9 13.4 8.1 6.6 3.2 3.9 1.9 2.0 1.5 2.9 4.4 2.4 14.2 22.1 22.0 31.3 35.4 20.9 9.5 7.7 12.0 21.9 35.0 47.0 55.5 60.0 66.4 69.9 63.6 75.6 71.8 83.0
-9999.0 -9999.0 -9999.0 -9999.0 -9999.0 -9999.0 -9999.0 -9999.0 -9999.0 -9999.0 -9999.0 -9999.0 -9999.0 -9999.0 -9999.0 -9999.0 -9999.0 37.6 15.0 -9999.0 18.8 15.5 23.2 25.5 19.0 16.9 9.3 5.6 2.5 0.6 0.2 0.1 1.3 0.9 1.6 5.2 16.0 5.4 15.2 21.2 28.4 37.6 33.0 25.9 11.9 13.4 31.9 14.9 9.8 6.8 7.4 3.7 5.3 4.0 4.6 5.3 3.9 10.5 15.3 23.1 13.5 28.4 34.6 22.7 13.0 10.8 14.7 25.2 40.0 50.0 54.5 55.3 62.0 55.8 62.4 75.3 71.0 72.9
-9999.0 -9999.0 -9999.0 -9999.0 -9999.0 -9999.0 -9999.0 -9999.0 -9999.0 -9999.0 -9999.0 -9999.0 -9999.0 -9999.0 -9999.0 -9999.0 -9999.0 -9999.0 -9999.0 -9999.0 -9999.0 38.3 37.9 31.9 36.3 44.5 31.6 17.4 5.8 1.6 0.2 0.2 0.2 0.5 1.1 4.6 6.3 6.7 5.1 4.9 9.9 34.4 34.3 25.6 7.1 13.5 43.3 14.3 16.6 37.9 9.3 13.7 12.4 8.0 8.2 10.3 11.0 9.7 22.2 22.9 11.4 23.1 32.1 27.7 20.3 18.2 22.4 32.3 46.6 51.8 47.4 48.2 49.4 44.9 50.2 60.3 69.0 78.4
-9999.0 -9999.0 -9999.0 -9999.0 -9999.0 -9999.0 -9999.0 -9999.0 -9999.0 -9999.0 -9999.0 -9999.0 -9999.0 -9999.0 -9999.0 -9999.0 -9999.0 -9999.0 -9999.0 -9999.0 -9999.0 -9999.0 -9999.0 126.8 80.4 76.2 60.2 35.1 12.7 4.9 0.8 0.4 3.3 2.7 7.5 9.9 17.3 9.0 20.3 27.1 25.9 35.1 19.2 9.0 5.3 42.0 16.3 19.4 31.4 39.4 22.8 21.7 23.0 21.0 15.0 4.4 12.9 18.2 6.3 21.9 15.2 21.3 22.4 23.3 24.2 27.4 33.2 41.1 43.9 48.8 44.6 44.4 45.7 55.1 55.8 68.8 91.5 107.2
-9999.0 -9999.0 -9999.0 -9999.0 -9999.0 -9999.0 -9999.0 -9999.0 -9999.0 -9999.0 -9999.0 -9999.0 -9999.0 -9999.0 -9999.0 -9999.0 -9999.0 -9999.0 -9999.0 -9999.0 -9999.0 -9999.0 -9999.0 -9999.0 -9999.0 222.1 139.8 44.6 29.3 21.2 7.8 3.8 3.6 6.4 6.6 18.9 39.9 15.8 31.3 18.6 36.9 17.9 4.4 4.2 20.2 44.1 36.7 80.1 25.0 43.0 34.5 38.2 39.3 37.6 21.4 11.7 15.0 9.6 18.3 17.6 16.3 16.1 25.0 19.7 26.3 34.6 40.5 39.4 40.8 42.8 43.5 44.1 45.4 65.1 80.0 86.0 104.8 126.0
-9999.0 -9999.0 -9999.0 -9999.0 -9999.0 -9999.0 -9999.0 -9999.0 -9999.0 -9999.0 -9999.0 -9999.0 -9999.0 -9999.0 -9999.0 -9999.0 -9999.0 -9999.0 -9999.0 -9999.0 -9999.0 -9999.0 -9999.0 -9999.0 -9999.0 -9999.0 -9999.0 243.1 197.1 77.5 41.9 25.3 21.6 15.0 19.0 11.6 14.0 12.1 4.2 12.2 23.7 5.7 5.7 18.0 27.0 43.8 63.7 80.3 97.0 78.7 117.5 120.9 62.1 52.8 33.7 24.0 6.4 2.7 12.2 6.5 5.1 12.2 12.8 19.5 21.9 30.8 40.6 46.1 44.9 43.7 44.2 48.9 51.0 71.6 81.6 95.4 128.2 134.5
-9999.0 -9999.0 -9999.0 -9999.0 -9999.0 -9999.0 -9999.0 -9999.0 -9999.0 -9999.0 -9999.0 -9999.0 -9999.0 -9999.0 -9999.0 -9999.0 -9999.0 -9999.0 -9999.0 -9999.0 -9999.0 -9999.0 -9999.0 -9999.0 -9999.0 -9999.0 -9999.0 -9999.0 -9999.0 -9999.0 -9999.0 -9999.0 -9999.0 49.1 30.9 -9999.0 -9999.0 -9999.0 9.8 9.6 6.4 7.4 6.8 22.9 35.5 44.4 -9999.0 -9999.0 -9999.0 -9999.0 -9999.0 -9999.0 89.6 59.4 36.6 13.8 4.8 0.8 1.5 2.3 5.3 9.6 13.5 19.8 23.9 28.2 32.6 35.4 38.5 44.4 48.6 53.4 66.1 72.6 101.8 104.9 137.9 123.8
-9999.0 -9999.0 -9999.0 -9999.0 -9999.0 -9999.0 -9999.0 -9999.0 -9999.0 -9999.0 -9999.0 -9999.0 -9999.0 -9999.0 -9999.0 -9999.0 -9999.0 -9999.0 -9999.0 -9999.0 -9999.0 -9999.0 -9999.0 -9999.0 -9999.0 -9999.0 -9999.0 -9999.0 -9999.0 -9999.0 -9999.0 -9999.0 -9999.0 -9999.0 -9999.0 -9999.0 -9999.0 -9999.0 -9999.0 31.4 26.6 25.4 26.2 28.4 -9999.0 -9999.0 -9999.0 -9999.0 -9999.0 -9999.0 -9999.0 -9999.0 81.1 61.9 34.9 12.3 3.2 1.1 1.3 3.1 6.0 9.1 12.5 18.8 18.5 20.0 23.2 29.7 35.2 42.1 54.2 66.6 75.2 94.1 100.4 118.8 133.0 131.7
-9999.0 -9999.0 -9999.0 -9999.0 -9999.0 -9999.0 -9999.0 -9999.0 -9999.0 -9999.0 -9999.0 -9999.0 -9999.0 -9999.0 -9999.0 -9999.0 -9999.0 -9999.0 -9999.0 -9999.0 -9999.0 -9999.0 -9999.0 -9999.0 -9999.0 -9999.0 -9999.0 -9999.0 -9999.0 -9999.0 -9999.0 -9999.0 -9999.0 -9999.0 -9999.0 -9999.0 -9999.0 -9999.0 -9999.0 -9999.0 -9999.0 -9999.0 -9999.0 -9999.0 -9999.0 -9999.0 -9999.0 -9999.0 -9999.0 -9999.0 -9999.0 -9999.0 59.4 60.2 30.4 19.6 4.9 2.3 2.5 4.4 7.2 9.9 16.0 19.9 23.7 29.9 36.6 34.3 38.2 50.9 69.2 87.2 105.6 114.7 125.4 130.0 144.9 148.9
-9999.0 -9999.0 -9999.0 -9999.0 -9999.0 -9999.0 -9999.0 -9999.0 -9999.0 -9999.0 -9999.0 -9999.0 -9999.0 -9999.0 -9999.0 -9999.0 -9999.0 -9999.0 -9999.0 -9999.0 -9999.0 -9999.0 -9999.0 -9999.0 -9999.0 -9999.0 -9999.0 -9999.0 -9999.0 -9999.0 -9999.0 -9999.0 -9999.0 -9999.0 -9999.0 -9999.0 -9999.0 -9999.0 -9999.0 -9999.0 -9999.0 -9999.0 -9999.0 -9999.0 -9999.0 -9999.0 -9999.0 -9999.0 -9999.0 -9999.0 -9999.0 43.1 47.1 50.1 17.9 13.5 7.4 5.6 4.4 4.9 9.1 11.8 16.2 23.6 33.4 46.2 58.7 62.0 57.2 68.6 86.5 104.9 115.0 120.3 129.4 138.5 149.9 160.0
-9999.0 -9999.0 -9999.0 -9999.0 -9999.0 -9999.0 -9999.0 -9999.0 -9999.0 -9999.0 -9999.0 -9999.0 -9999.0 -9999.0 -9999.0 -9999.0 -9999.0 -9999.0 -9999.0 -9999.0 -9999.0 -9999.0 -9999.0 -9999.0 -9999.0 -9999.0 -9999.0 -9999.0 -9999.0 -9999.0 -9999.0 -9999.0 -9999.0 -9999.0 -9999.0 -9999.0 -9999.0 -9999.0 -9999.0 -9999.0 -9999.0 -9999.0 -9999.0 -9999.0 -9999.0 -9999.0 -9999.0 -9999.0 -9999.0 -9999.0 20.1 39.4 43.1 39.6 19.7 16.3 9.6 6.7 6.7 8.6 9.0 13.4 18.5 26.9 41.3 59.2 69.7 73.4 75.1 74.9 91.9 97.9 107.6 120.4 126.1 132.7 151.5 140.5
-9999.0 -9999.0 -9999.0 -9999.0 -9999.0 -9999.0 -9999.0 -9999.0 -9999.0 -9999.0 -9999.0 -9999.0 -9999.0 -9999.0 -9999.0 -9999.0 -9999.0 -9999.0 -9999.0 -9999.0 -9999.0 -9999.0 -9999.0 -9999.0 -9999.0 -9999.0 -9999.0 -9999.0 -9999.0 -9999.0 -9999.0 -9999.0 -9999.0 -9999.0 -9999.0 -9999.0 -9999.0 -9999.0 -9999.0 -9999.0 -9999.0 -9999.0 -9999.0 -9999.0 -9999.0 -9999.0 -9999.0 -9999.0 -9999.0 -9999.0 11.4 42.5 15.8 28.5 24.9 16.0 7.6 12.8 11.5 8.5 7.1 10.8 17.3 27.6 38.8 47.1 57.8 56.3 64.0 61.4 77.3 89.4 95.6 98.1 102.7 116.8 125.5 141.7
-9999.0 -9999.0 -9999.0 -9999.0 -9999.0 -9999.0 -9999.0 -9999.0 -9999.0 -9999.0 -9999.0 -9999.0 -9999.0 -9999.0 -9999.0 -9999.0 -9999.0 -9999.0 -9999.0 -9999.0 -9999.0 -9999.0 -9999.0 -9999.0 -9999.0 -9999.0 -9999.0 -9999.0 -9999.0 -9999.0 -9999.0 -9999.0 -9999.0 -9999.0 -9999.0 -9999.0 -9999.0 -9999.0 -9999.0 -9999.0 -9999.0 -9999.0 -9999.0 -9999.0 -9999.0 -9999.0 -9999.0 -9999.0 -9999.0 -9999.0 7.0 11.3 7.0 35.5 12.2 10.3 20.5 13.4 14.8 7.5 7.9 10.7 16.1 22.1 30.4 31.2 31.0 31.5 34.0 58.3 58.5 91.2 77.3 83.5 81.2 97.1 100.2 122.3
-9999.0 -9999.0 -9999.0 -9999.0 -9999.0 -9999.0 -9999.0 -9999.0 -9999.0 -9999.0 -9999.0 -9999.0 -9999.0 -9999.0 -9999.0 -9999.0 -9999.0 -9999.0 -9999.0 -9999.0 -9999.0 -9999.0 -9999.0 -9999.0 -9999.0 -9999.0 -9999.0 -9999.0 -9999.0 -9999.0 -9999.0 -9999.0 -9999.0 -9999.0 -9999.0 -9999.0 -9999.0 -9999.0 -9999.0 -9999.0 -9999.0 -9999.0 -9999.0 -9999.0 -9999.0 -9999.0 -9999.0 -9999.0 -9999.0 -9999.0 16.0 26.4 16.4 18.8 14.4 18.7 5.7 13.5 15.5 12.2 14.2 15.6 18.9 26.9 33.1 30.3 30.1 26.8 40.0 19.3 44.1 58.0 67.5 68.4 70.3 89.9 96.3 110.4
-9999.0 -9999.0 -9999.0 -9999.0 -9999.0 -9999.0 -9999.0 -9999.0 -9999.0 -9999.0 -9999.0 -9999.0 -9999.0 -9999.0 -9999.0 -9999.0 -9999.0 -9999.0 -9999.0 -9999.0 -9999.0 -9999.0 -9999.0 -9999.0 -9999.0 -9999.0 -9999.0 -9999.0 -9999.0 -9999.0 -9999.0 -9999.0 -9999.0 -9999.0 -9999.0 -9999.0 -9999.0 -9999.0 -9999.0 -9999.0 -9999.0 -9999.0 -9999.0 -9999.0 -9999.0 -9999.0 -9999.0 -9999.0 -9999.0 -9999.0 -9999.0 -9999.0 -9999.0 12.0 7.6 6.3 9.2 14.5 11.8 17.7 37.7 37.7 51.7 53.2 49.1 37.5 38.3 18.9 29.9 34.4 36.6 40.4 44.8 54.9 76.0 99.6 106.4 106.9
-9999.0 -9999.0 -9999.0 -9999.0 -9999.0 -9999.0 -9999.0 -9999.0 -9999.0 -9999.0 -9999.0 -9999.0 -9999.0 -9999.0 -9999.0 -9999.0 -9999.0 -9999.0 -9999.0 -9999.0 -9999.0 -9999.0 -9999.0 -9999.0 -9999.0 -9999.0 -9999.0 -9999.0 -9999.0 -9999.0 -9999.0 -9999.0 -9999.0 -9999.0 -9999.0 -9999.0 -9999.0 -9999.0 -9999.0 -9999.0 -9999.0 -9999.0 -9999.0 -9999.0 -9999.0 -9999.0 -9999.0 -9999.0 -9999.0 -9999.0 -9999.0 -9999.0 -9999.0 17.8 11.3 26.8 12.2 11.1 15.4 34.2 40.9 62.7 101.5 74.7 61.2 43.4 16.5 36.3 20.6 26.5 29.3 32.9 38.1 55.2 84.9 96.0 98.4 90.9
-9999.0 -9999.0 -9999.0 -9999.0 -9999.0 -9999.0 -9999.0 -9999.0 -9999.0 -9999.0 -9999.0 -9999.0 -9999.0 -9999.0 -9999.0 -9999.0 -9999.0 -9999.0 -9999.0 -9999.0 -9999.0 -9999.0 -9999.0 -9999.0 -9999.0 -9999.0 -9999.0 -9999.0 -9999.0 -9999.0 -9999.0 -9999.0 -9999.0 -9999.0 -9999.0 -9999.0 -9999.0 -9999.0 -9999.0 -9999.0 -9999.0 -9999.0 -9999.0 -9999.0 -9999.0 -9999.0 -9999.0 -9999.0 -9999.0 -9999.0 -9999.0 -9999.0 -9999.0 31.1 18.9 29.9 26.5 21.1 22.2 28.3 57.8 90.2 135.0 137.9 49.7 -9999.0 -9999.0 -9999.0 30.6 26.0 34.1 44.0 51.8 65.5 80.7 80.6 78.0 78.5
-9999.0 -9999.0 -9999.0 -9999.0 -9999.0 -9999.0 -9999.0 -9999.0 -9999.0 -9999.0 -9999.0 -9999.0 -9999.0 -9999.0 -9999.0 -9999.0 -9999.0 -9999.0 -9999.0 -9999.0 -9999.0 -9999.0 -9999.0 -9999.0 -9999.0 -9999.0 -9999.0 -9999.0 -9999.0 -9999.0 -9999.0 -9999.0 -9999.0 -9999.0 -9999.0 -9999.0 -9999.0 -9999.0 -9999.0 -9999.0 -9999.0 -9999.0 -9999.0 -9999.0 -9999.0 -9999.0 -9999.0 -9999.0 -9999.0 -9999.0 -9999.0 -9999.0 -9999.0 -9999.0 48.0 46.6 36.3 30.2 36.9 51.9 49.8 -9999.0 -9999.0 -9999.0 -9999.0 -9999.0 -9999.0 -9999.0 24.5 33.8 49.8 54.5 63.3 68.5 67.9 64.6 61.9 69.4
-9999.0 -9999.0 -9999.0 -9999.0 -9999.0 -9999.0 -9999.0 -9999.0 -9999.0 -9999.0 -9999.0 -9999.0 -9999.0 -9999.0 -9999.0 -9999.0 -9999.0 -9999.0 -9999.0 -9999.0 -9999.0 -9999.0 -9999.0 -9999.0 -9999.0 -9999.0 -9999.0 -9999.0 -9999.0 -9999.0 -9999.0 -9999.0 -9999.0 -9999.0 -9999.0 -9999.0 -9999.0 -9999.0 -9999.0 -9999.0 -9999.0 -9999.0 -9999.0 -9999.0 -9999.0 -9999.0 -9999.0 -9999.0 -9999.0 -9999.0 -9999.0 -9999.0 -9999.0 -9999.0 -9999.0 61.4 75.5 52.0 41.6 52.2 59.4 -9999.0 -9999.0 -9999.0 -9999.0 -9999.0 -9999.0 -9999.0 -9999.0 -9999.0 41.6 -9999.0 -9999.0 -9999.0 -9999.0 -9999.0 63.9 -9999.0
-9999.0 -9999.0 -9999.0 -9999.0 -9999.0 -9999.0 -9999.0 -9999.0 -9999.0 -9999.0 -9999.0 -9999.0 -9999.0 -9999.0 -9999.0 -9999.0 -9999.0 -9999.0 -9999.0 -9999.0 -9999.0 -9999.0 -9999.0 -9999.0 -9999.0 -9999.0 -9999.0 -9999.0 -9999.0 -9999.0 -9999.0 -9999.0 -9999.0 -9999.0 -9999.0 -9999.0 -9999.0 -9999.0 -9999.0 -9999.0 -9999.0 -9999.0 -9999.0 -9999.0 -9999.0 -9999.0 -9999.0 -9999.0 -9999.0 -9999.0 -9999.0 -9999.0 -9999.0 -9999.0 -9999.0 -9999.0 -9999.0 -9999.0 58.8 49.6 -9999.0 -9999.0 -9999.0 -9999.0 -9999.0 -9999.0 -9999.0 -9999.0 -9999.0 -9999.0 -9999.0 -9999.0 -9999.0 -9999.0 -9999.0 75.5 87.7 -9999.0
-9999.0 -9999.0 -9999.0 -9999.0 -9999.0 -9999.0 -9999.0 -9999.0 -9999.0 -9999.0 -9999.0 -9999.0 -9999.0 -9999.0 -9999.0 -9999.0 -9999.0 -9999.0 -9999.0 -9999.0 -9999.0 -9999.0 -9999.0 -9999.0 -9999.0 -9999.0 -9999.0 -9999.0 -9999.0 -9999.0 -9999.0 -9999.0 -9999.0 -9999.0 -9999.0 -9999.0 -9999.0 -9999.0 -9999.0 -9999.0 -9999.0 -9999.0 -9999.0 -9999.0 -9999.0 -9999.0 -9999.0 -9999.0 -9999.0 -9999.0 -9999.0 -9999.0 -9999.0 -9999.0 -9999.0 -9999.0 -9999.0 -9999.0 -9999.0 -9999.0 -9999.0 -9999.0 -9999.0 -9999.0 -9999.0 -9999.0 -9999.0 -9999.0 -9999.0 -9999.0 -9999.0 -9999.0 -9999.0 -9999.0 -9999.0 -9999.0 -9999.0 -9999.0
-9999.0 -9999.0 -9999.0 -9999.0 -9999.0 -9999.0 -9999.0 -9999.0 -9999.0 -9999.0 -9999.0 -9999.0 -9999.0 -9999.0 -9999.0 -9999.0 -9999.0 -9999.0 -9999.0 -9999.0 -9999.0 -9999.0 -9999.0 -9999.0 -9999.0 -9999.0 -9999.0 -9999.0 -9999.0 -9999.0 -9999.0 -9999.0 -9999.0 -9999.0 -9999.0 -9999.0 -9999.0 -9999.0 -9999.0 -9999.0 -9999.0 -9999.0 -9999.0 -9999.0 -9999.0 -9999.0 -9999.0 -9999.0 -9999.0 -9999.0 -9999.0 -9999.0 -9999.0 -9999.0 -9999.0 -9999.0 -9999.0 -9999.0 -9999.0 -9999.0 -9999.0 -9999.0 -9999.0 -9999.0 -9999.0 -9999.0 -9999.0 -9999.0 -9999.0 -9999.0 -9999.0 -9999.0 -9999.0 -9999.0 -9999.0 154.2 190.4 201.5
-9999.0 -9999.0 -9999.0 -9999.0 -9999.0 -9999.0 -9999.0 -9999.0 -9999.0 -9999.0 -9999.0 -9999.0 -9999.0 -9999.0 -9999.0 -9999.0 -9999.0 -9999.0 -9999.0 -9999.0 -9999.0 -9999.0 -9999.0 -9999.0 -9999.0 -9999.0 -9999.0 -9999.0 -9999.0 -9999.0 -9999.0 -9999.0 -9999.0 -9999.0 -9999.0 -9999.0 -9999.0 -9999.0 -9999.0 -9999.0 -9999.0 -9999.0 -9999.0 -9999.0 -9999.0 -9999.0 -9999.0 -9999.0 -9999.0 -9999.0 -9999.0 -9999.0 -9999.0 -9999.0 -9999.0 -9999.0 -9999.0 -9999.0 -9999.0 -9999.0 -9999.0 -9999.0 -9999.0 -9999.0 -9999.0 -9999.0 -9999.0 -9999.0 -9999.0 -9999.0 -9999.0 -9999.0 -9999.0 34.3 86.9 167.3 224.8 -9999.0
