program/excelProcessViaJava/data/SURF_CLI_CHN_PRE_MON_GRID_0.5-200410.txt
NCOLS      128
NROWS       72
XLLCORNER    72.000000000000    
YLLCORNER    18.000000000000    
CELLSIZE    0.50000000000000    
NODATA_VALUE   -9999.000    
[rows 35 to 69 of 72, columns 0 to 77 of 128]
-9999.0 -9999.0 -9999.0 -9999.0 -9999.0 -9999.0 -9999.0 1.6 0.7 0.6 0.3 0.2 0.3 0.3 0.3 0.2 0.2 0.2 0.2 0.1 0.1 0.1 0.0 0.0 0.0 0.0 0.1 0.1 0.1 0.2 0.2 0.4 0.6 0.9 1.3 1.5 2.4 2.8 4.5 6.2 5.1 12.5 15.6 15.7 13.0 7.4 11.9 10.6 16.3 11.5 12.6 17.8 25.0 35.7 31.6 20.7 20.6 22.3 34.2 24.6 23.0 17.5 15.3 11.9 10.5 10.2 14.0 16.4 15.0 15.3 13.1 13.3 18.2 23.4 27.6 30.2 26.8 20.6
-9999.0 -9999.0 -9999.0 -9999.0 -9999.0 -9999.0 -9999.0 0.4 1.4 0.5 0.3 0.3 0.3 0.2 0.3 0.2 0.2 0.2 0.1 0.1 0.1 0.1 0.1 0.1 0.1 0.1 0.1 0.1 0.2 0.3 0.5 0.8 1.1 1.6 2.0 2.5 2.9 3.8 4.6 5.4 7.4 10.0 14.6 25.2 21.6 17.0 23.9 27.4 41.8 34.2 44.6 36.5 24.9 26.7 32.5 25.4 27.1 32.2 36.2 32.6 21.7 16.6 14.1 12.6 11.4 15.0 20.4 22.8 25.5 18.8 19.2 22.4 29.1 32.3 29.1 30.6 26.3 18.1
-9999.0 -9999.0 -9999.0 -9999.0 -9999.0 -9999.0 -9999.0 -9999.0 -9999.0 0.6 0.5 0.5 0.3 0.3 0.3 0.4 0.2 0.1 0.2 0.1 0.1 0.1 0.1 0.1 0.1 0.2 0.2 0.2 0.5 0.5 1.2 1.5 2.1 2.6 3.3 3.7 4.1 4.7 5.1 6.2 7.2 10.2 13.4 17.3 25.6 31.9 37.8 40.5 41.8 38.9 37.8 29.5 24.3 23.7 31.6 27.8 28.7 33.5 40.2 35.1 27.2 23.9 22.1 15.1 18.8 21.7 26.5 30.2 36.3 29.2 30.6 31.3 35.1 36.1 33.6 23.7 19.9 15.6
-9999.0 -9999.0 -9999.0 -9999.0 -9999.0 -9999.0 -9999.0 -9999.0 -9999.0 -9999.0 -9999.0 0.3 0.8 0.2 0.4 0.3 0.3 0.3 0.2 0.2 0.1 0.1 0.1 0.2 0.1 0.2 0.2 0.3 0.6 1.2 1.8 2.2 3.4 4.2 5.1 5.8 6.1 6.5 8.5 7.5 9.4 10.7 13.4 17.5 28.6 30.8 45.2 44.5 46.5 40.6 30.1 26.1 24.4 28.2 35.2 34.6 34.1 41.2 43.3 39.6 36.0 28.1 25.4 26.9 33.3 24.7 27.6 38.3 45.0 45.0 41.1 40.1 34.7 30.1 22.9 20.7 19.0 21.0
-9999.0 -9999.0 -9999.0 -9999.0 -9999.0 -9999.0 -9999.0 -9999.0 -9999.0 -9999.0 -9999.0 -9999.0 1.0 1.0 0.3 0.6 0.1 0.2 0.2 0.1 0.2 0.2 0.2 0.2 0.0 0.3 0.6 0.5 1.0 1.1 2.4 3.6 4.8 5.8 7.1 8.2 9.4 9.2 9.0 9.0 9.7 11.7 14.9 20.4 25.3 32.3 40.8 39.5 40.5 37.4 39.1 34.5 29.7 29.7 35.8 41.1 44.6 51.5 45.3 51.6 43.1 43.0 42.1 41.5 39.2 50.6 40.2 51.4 58.7 60.1 44.8 30.5 27.1 27.4 30.8 32.6 31.6 30.8
-9999.0 -9999.0 -9999.0 -9999.0 -9999.0 -9999.0 -9999.0 -9999.0 -9999.0 -9999.0 -9999.0 -9999.0 0.2 1.6 1.9 0.5 1.2 0.6 0.2 0.2 0.2 0.1 0.1 0.3 0.7 0.6 0.8 1.7 1.7 2.9 3.2 3.8 6.1 8.0 9.7 11.3 12.4 13.2 13.0 12.9 13.1 14.9 19.6 21.1 26.2 32.1 31.4 32.5 27.9 33.0 32.1 35.5 33.2 38.7 38.2 45.8 46.8 53.8 54.8 53.8 49.2 48.4 53.8 58.2 48.0 56.0 43.4 52.5 61.2 66.6 69.8 70.3 64.1 53.6 47.6 42.1 39.4 34.3
-9999.0 -9999.0 -9999.0 -9999.0 -9999.0 -9999.0 -9999.0 -9999.0 -9999.0 -9999.0 -9999.0 -9999.0 -9999.0 1.0 0.3 2.0 0.6 0.9 0.7 0.5 0.2 0.4 0.2 0.7 0.7 0.2 0.3 0.3 1.2 2.2 4.3 6.1 6.8 9.2 12.8 14.7 16.1 17.0 19.5 18.3 18.7 21.2 23.7 27.8 27.0 25.1 27.3 30.8 33.2 33.8 35.8 35.4 37.8 50.6 48.5 47.7 47.4 54.5 63.2 65.8 63.5 61.0 65.3 62.8 55.5 58.3 63.6 66.1 74.1 71.2 52.2 57.8 69.2 66.5 57.6 50.5 44.8 42.2
-9999.0 -9999.0 -9999.0 -9999.0 -9999.0 -9999.0 -9999.0 -9999.0 -9999.0 -9999.0 -9999.0 -9999.0 1.0 0.2 0.3 1.2 0.1 0.3 0.2 0.8 0.7 0.6 0.4 0.8 1.3 0.3 0.7 1.5 2.0 2.5 4.2 7.3 7.2 11.5 14.4 17.8 19.7 20.9 21.1 21.5 25.1 29.3 33.2 31.2 31.3 28.9 24.8 23.0 27.6 32.6 41.9 49.3 45.1 47.9 43.5 42.4 46.7 44.5 57.0 63.0 67.3 71.7 75.7 78.8 74.7 67.4 59.4 65.9 80.2 88.8 88.9 82.5 75.2 63.8 62.9 58.2 51.1 43.0
-9999.0 -9999.0 -9999.0 -9999.0 -9999.0 -9999.0 -9999.0 -9999.0 -9999.0 -9999.0 -9999.0 -9999.0 0.3 2.4 1.3 0.0 0.1 0.6 0.5 0.1 0.7 0.2 0.3 0.6 1.6 2.4 2.3 2.5 2.7 4.3 5.7 6.9 7.6 13.3 17.0 20.0 22.8 24.1 24.2 23.8 25.9 30.2 35.3 38.0 36.8 33.6 33.8 32.4 34.5 35.5 41.6 48.8 44.9 40.2 38.0 35.2 38.2 44.3 51.4 62.9 71.6 78.4 85.7 79.8 70.4 64.2 63.5 62.8 65.2 71.0 76.7 78.7 79.3 85.0 73.1 59.4 52.5 38.4
-9999.0 -9999.0 -9999.0 -9999.0 -9999.0 -9999.0 -9999.0 -9999.0 -9999.0 -9999.0 -9999.0 -9999.0 4.1 0.3 2.0 0.8 0.6 0.0 0.1 0.1 0.0 0.0 0.2 0.1 0.6 0.2 0.6 0.2 2.6 3.3 4.7 3.8 9.1 13.6 17.3 20.9 24.1 25.6 25.3 26.2 27.8 34.2 40.5 48.6 44.0 41.8 40.7 37.4 39.8 46.0 50.1 50.1 52.9 50.4 41.4 35.5 36.7 42.3 51.3 62.1 75.8 86.4 88.2 78.8 55.2 65.5 57.6 57.3 61.7 63.7 66.7 82.8 85.6 87.7 68.1 58.3 39.3 35.2
-9999.0 -9999.0 -9999.0 -9999.0 -9999.0 -9999.0 -9999.0 -9999.0 -9999.0 -9999.0 -9999.0 -9999.0 -9999.0 0.0 0.0 0.4 0.2 0.2 0.0 0.0 0.0 0.0 0.0 0.0 0.5 0.4 0.8 1.6 0.8 3.6 1.6 3.6 5.6 10.7 14.7 19.0 24.1 26.0 26.4 25.7 28.4 38.6 45.6 48.5 50.9 47.2 44.8 46.0 46.8 50.8 57.2 51.4 46.1 38.6 39.3 38.2 38.2 41.9 51.8 65.2 78.1 83.6 93.0 60.1 71.3 62.1 56.8 55.6 58.7 62.9 63.9 63.8 78.9 58.8 74.3 61.0 50.4 34.7
-9999.0 -9999.0 -9999.0 -9999.0 -9999.0 -9999.0 -9999.0 -9999.0 -9999.0 -9999.0 -9999.0 -9999.0 -9999.0 5.5 0.0 0.3 0.0 0.2 0.1 0.0 0.0 0.0 0.0 0.0 1.2 0.4 0.3 1.5 1.0 0.0 0.2 0.9 3.9 6.9 10.9 17.4 23.0 26.1 28.7 37.2 30.9 37.4 44.7 50.1 55.6 51.3 49.7 51.4 50.4 51.9 51.1 49.9 42.4 40.0 39.3 36.5 38.7 44.6 55.3 70.7 83.0 90.8 70.2 75.7 61.6 55.9 54.8 55.9 56.9 57.6 56.8 58.2 61.1 70.9 76.8 73.6 52.6 35.3
-9999.0 -9999.0 -9999.0 -9999.0 -9999.0 -9999.0 -9999.0 -9999.0 -9999.0 -9999.0 -9999.0 -9999.0 -9999.0 -9999.0 -9999.0 0.2 0.2 0.0 0.1 0.2 0.0 0.1 0.2 0.1 0.1 0.1 0.0 0.0 0.0 0.2 0.1 0.4 0.7 3.4 8.8 16.5 25.9 24.5 27.8 29.9 39.7 44.5 46.5 49.1 55.1 64.4 53.0 61.8 49.7 50.5 45.7 47.8 37.6 33.3 34.0 33.8 38.6 48.7 58.3 71.2 88.4 65.0 76.2 58.1 47.9 50.2 55.0 58.0 56.2 52.5 53.3 55.3 73.6 78.2 70.6 70.6 53.6 37.2
-9999.0 -9999.0 -9999.0 -9999.0 -9999.0 -9999.0 -9999.0 -9999.0 -9999.0 -9999.0 -9999.0 -9999.0 -9999.0 -9999.0 -9999.0 -9999.0 -9999.0 53.7 11.8 -9999.0 6.0 0.1 2.2 2.4 0.1 0.2 0.0 0.0 0.1 0.0 0.1 0.6 0.2 3.3 8.3 15.1 28.9 21.7 30.4 33.1 38.2 50.4 45.7 45.7 81.2 68.3 158.5 54.7 51.7 46.0 44.8 39.8 41.1 32.8 32.9 34.6 36.9 47.6 59.7 73.9 55.9 52.6 55.4 45.7 37.9 42.6 53.7 57.1 56.5 54.2 59.2 74.5 81.9 74.7 67.5 60.3 44.8 33.9
-9999.0 -9999.0 -9999.0 -9999.0 -9999.0 -9999.0 -9999.0 -9999.0 -9999.0 -9999.0 -9999.0 -9999.0 -9999.0 -9999.0 -9999.0 -9999.0 -9999.0 -9999.0 -9999.0 -9999.0 -9999.0 4.4 1.2 0.0 0.5 7.6 4.2 1.5 0.2 0.6 0.1 3.8 2.1 3.1 8.4 16.8 26.0 30.5 27.0 21.1 21.5 54.7 55.1 49.2 77.5 55.6 211.6 68.2 57.5 84.4 45.5 53.0 47.4 35.1 34.3 37.8 40.6 45.8 57.6 75.4 54.1 46.1 38.1 32.5 37.3 45.1 59.3 63.2 66.8 67.1 78.6 88.4 93.4 82.5 59.0 43.4 33.9 31.7
-9999.0 -9999.0 -9999.0 -9999.0 -9999.0 -9999.0 -9999.0 -9999.0 -9999.0 -9999.0 -9999.0 -9999.0 -9999.0 -9999.0 -9999.0 -9999.0 -9999.0 -9999.0 -9999.0 -9999.0 -9999.0 -9999.0 -9999.0 62.1 11.1 12.6 9.4 2.8 0.0 0.2 0.1 0.1 0.2 3.1 11.2 24.5 43.4 47.1 66.8 74.4 65.0 72.0 44.9 40.1 77.0 236.4 109.7 90.2 104.4 100.9 55.4 56.2 49.3 48.0 39.2 25.9 39.7 47.6 63.5 70.1 78.8 64.9 40.4 18.5 23.4 47.1 67.3 71.2 61.4 78.2 87.5 105.4 110.4 93.8 70.7 52.0 43.1 40.9
-9999.0 -9999.0 -9999.0 -9999.0 -9999.0 -9999.0 -9999.0 -9999.0 -9999.0 -9999.0 -9999.0 -9999.0 -9999.0 -9999.0 -9999.0 -9999.0 -9999.0 -9999.0 -9999.0 -9999.0 -9999.0 -9999.0 -9999.0 -9999.0 -9999.0 161.0 53.0 0.0 0.0 0.0 0.0 1.1 3.6 6.7 18.2 37.6 69.0 75.0 104.6 89.9 107.3 63.0 61.4 64.8 167.6 247.5 195.3 314.5 70.7 94.9 67.7 65.4 65.0 60.4 37.9 32.4 40.4 43.6 52.1 62.7 74.8 67.7 53.7 19.4 25.5 48.1 58.4 46.0 52.0 66.3 92.8 108.7 108.0 85.7 67.8 60.3 56.8 50.8
-9999.0 -9999.0 -9999.0 -9999.0 -9999.0 -9999.0 -9999.0 -9999.0 -9999.0 -9999.0 -9999.0 -9999.0 -9999.0 -9999.0 -9999.0 -9999.0 -9999.0 -9999.0 -9999.0 -9999.0 -9999.0 -9999.0 -9999.0 -9999.0 -9999.0 -9999.0 -9999.0 203.3 179.0 38.6 23.0 19.5 4.3 31.6 30.8 65.4 71.6 87.6 68.1 97.8 113.9 55.4 83.4 157.3 193.7 246.9 299.0 329.2 346.2 178.1 262.4 220.9 74.2 60.9 46.3 43.9 36.4 42.9 47.6 58.9 74.6 55.5 34.8 21.5 15.8 26.4 47.4 52.9 56.6 67.7 81.1 83.0 73.3 60.3 50.1 45.4 37.3 33.6
-9999.0 -9999.0 -9999.0 -9999.0 -9999.0 -9999.0 -9999.0 -9999.0 -9999.0 -9999.0 -9999.0 -9999.0 -9999.0 -9999.0 -9999.0 -9999.0 -9999.0 -9999.0 -9999.0 -9999.0 -9999.0 -9999.0 -9999.0 -9999.0 -9999.0 -9999.0 -9999.0 -9999.0 -9999.0 -9999.0 -9999.0 -9999.0 -9999.0 89.8 54.2 -9999.0 -9999.0 -9999.0 87.3 94.5 80.1 90.8 87.6 170.1 215.8 244.6 -9999.0 -9999.0 -9999.0 -9999.0 -9999.0 -9999.0 114.5 67.8 53.0 42.3 40.1 44.8 45.7 50.2 51.3 40.9 33.7 24.1 22.0 26.1 34.1 42.2 51.5 56.4 56.5 55.2 47.2 34.1 24.8 19.6 16.5 13.2
-9999.0 -9999.0 -9999.0 -9999.0 -9999.0 -9999.0 -9999.0 -9999.0 -9999.0 -9999.0 -9999.0 -9999.0 -9999.0 -9999.0 -9999.0 -9999.0 -9999.0 -9999.0 -9999.0 -9999.0 -9999.0 -9999.0 -9999.0 -9999.0 -9999.0 -9999.0 -9999.0 -9999.0 -9999.0 -9999.0 -9999.0 -9999.0 -9999.0 -9999.0 -9999.0 -9999.0 -9999.0 -9999.0 -9999.0 137.5 138.0 145.7 158.0 173.7 -9999.0 -9999.0 -9999.0 -9999.0 -9999.0 -9999.0 -9999.0 -9999.0 118.3 71.8 56.6 53.4 49.5 43.6 37.9 36.4 37.1 31.1 25.4 30.2 24.5 24.7 28.8 40.4 43.2 42.3 37.5 32.3 25.0 18.9 9.7 6.1 5.0 3.5
-9999.0 -9999.0 -9999.0 -9999.0 -9999.0 -9999.0 -9999.0 -9999.0 -9999.0 -9999.0 -9999.0 -9999.0 -9999.0 -9999.0 -9999.0 -9999.0 -9999.0 -9999.0 -9999.0 -9999.0 -9999.0 -9999.0 -9999.0 -9999.0 -9999.0 -9999.0 -9999.0 -9999.0 -9999.0 -9999.0 -9999.0 -9999.0 -9999.0 -9999.0 -9999.0 -9999.0 -9999.0 -9999.0 -9999.0 -9999.0 -9999.0 -9999.0 -9999.0 -9999.0 -9999.0 -9999.0 -9999.0 -9999.0 -9999.0 -9999.0 -9999.0 -9999.0 228.2 76.6 66.0 55.2 56.3 45.2 38.2 34.4 33.4 31.2 21.1 37.6 37.4 39.9 40.6 35.5 30.3 24.9 18.8 15.0 14.6 8.2 4.3 2.0 2.4 1.6
-9999.0 -9999.0 -9999.0 -9999.0 -9999.0 -9999.0 -9999.0 -9999.0 -9999.0 -9999.0 -9999.0 -9999.0 -9999.0 -9999.0 -9999.0 -9999.0 -9999.0 -9999.0 -9999.0 -9999.0 -9999.0 -9999.0 -9999.0 -9999.0 -9999.0 -9999.0 -9999.0 -9999.0 -9999.0 -9999.0 -9999.0 -9999.0 -9999.0 -9999.0 -9999.0 -9999.0 -9999.0 -9999.0 -9999.0 -9999.0 -9999.0 -9999.0 -9999.0 -9999.0 -9999.0 -9999.0 -9999.0 -9999.0 -9999.0 -9999.0 -9999.0 215.8 149.9 86.0 79.0 65.7 56.0 46.8 41.8 49.6 24.9 26.2 43.6 47.6 49.0 44.5 33.9 20.3 18.0 11.5 6.6 4.4 2.9 2.1 1.4 0.9 1.4 0.5
-9999.0 -9999.0 -9999.0 -9999.0 -9999.0 -9999.0 -9999.0 -9999.0 -9999.0 -9999.0 -9999.0 -9999.0 -9999.0 -9999.0 -9999.0 -9999.0 -9999.0 -9999.0 -9999.0 -9999.0 -9999.0 -9999.0 -9999.0 -9999.0 -9999.0 -9999.0 -9999.0 -9999.0 -9999.0 -9999.0 -9999.0 -9999.0 -9999.0 -9999.0 -9999.0 -9999.0 -9999.0 -9999.0 -9999.0 -9999.0 -9999.0 -9999.0 -9999.0 -9999.0 -9999.0 -9999.0 -9999.0 -9999.0 -9999.0 -9999.0 165.3 163.7 130.8 97.0 81.0 61.9 49.7 50.3 45.9 28.4 29.1 26.0 44.2 47.1 44.9 31.1 22.3 11.6 9.9 5.9 3.0 1.1 0.7 0.9 1.0 0.8 0.3 1.0
-9999.0 -9999.0 -9999.0 -9999.0 -9999.0 -9999.0 -9999.0 -9999.0 -9999.0 -9999.0 -9999.0 -9999.0 -9999.0 -9999.0 -9999.0 -9999.0 -9999.0 -9999.0 -9999.0 -9999.0 -9999.0 -9999.0 -9999.0 -9999.0 -9999.0 -9999.0 -9999.0 -9999.0 -9999.0 -9999.0 -9999.0 -9999.0 -9999.0 -9999.0 -9999.0 -9999.0 -9999.0 -9999.0 -9999.0 -9999.0 -9999.0 -9999.0 -9999.0 -9999.0 -9999.0 -9999.0 -9999.0 -9999.0 -9999.0 -9999.0 108.1 128.8 135.0 104.2 76.1 56.6 59.2 43.1 35.3 32.7 30.4 29.7 41.9 42.1 32.5 12.4 7.6 4.3 4.5 3.9 2.4 1.0 0.7 1.1 1.6 1.2 0.3 0.1
-9999.0 -9999.0 -9999.0 -9999.0 -9999.0 -9999.0 -9999.0 -9999.0 -9999.0 -9999.0 -9999.0 -9999.0 -9999.0 -9999.0 -9999.0 -9999.0 -9999.0 -9999.0 -9999.0 -9999.0 -9999.0 -9999.0 -9999.0 -9999.0 -9999.0 -9999.0 -9999.0 -9999.0 -9999.0 -9999.0 -9999.0 -9999.0 -9999.0 -9999.0 -9999.0 -9999.0 -9999.0 -9999.0 -9999.0 -9999.0 -9999.0 -9999.0 -9999.0 -9999.0 -9999.0 -9999.0 -9999.0 -9999.0 -9999.0 -9999.0 60.8 82.1 92.9 90.0 75.7 52.1 40.5 53.3 40.9 56.1 25.3 20.2 25.8 27.6 21.4 8.5 2.4 1.9 2.6 2.9 2.0 1.5 2.0 1.9 2.4 1.6 0.4 0.3
-9999.0 -9999.0 -9999.0 -9999.0 -9999.0 -9999.0 -9999.0 -9999.0 -9999.0 -9999.0 -9999.0 -9999.0 -9999.0 -9999.0 -9999.0 -9999.0 -9999.0 -9999.0 -9999.0 -9999.0 -9999.0 -9999.0 -9999.0 -9999.0 -9999.0 -9999.0 -9999.0 -9999.0 -9999.0 -9999.0 -9999.0 -9999.0 -9999.0 -9999.0 -9999.0 -9999.0 -9999.0 -9999.0 -9999.0 -9999.0 -9999.0 -9999.0 -9999.0 -9999.0 -9999.0 -9999.0 -9999.0 -9999.0 -9999.0 -9999.0 48.2 77.2 83.9 88.7 69.5 49.4 57.0 65.3 77.8 77.7 34.0 19.8 16.1 15.4 11.2 4.8 2.4 1.7 2.7 1.6 1.4 1.7 2.6 2.2 2.0 1.1 0.5 0.9
-9999.0 -9999.0 -9999.0 -9999.0 -9999.0 -9999.0 -9999.0 -9999.0 -9999.0 -9999.0 -9999.0 -9999.0 -9999.0 -9999.0 -9999.0 -9999.0 -9999.0 -9999.0 -9999.0 -9999.0 -9999.0 -9999.0 -9999.0 -9999.0 -9999.0 -9999.0 -9999.0 -9999.0 -9999.0 -9999.0 -9999.0 -9999.0 -9999.0 -9999.0 -9999.0 -9999.0 -9999.0 -9999.0 -9999.0 -9999.0 -9999.0 -9999.0 -9999.0 -9999.0 -9999.0 -9999.0 -9999.0 -9999.0 -9999.0 -9999.0 -9999.0 -9999.0 -9999.0 93.1 85.3 66.6 62.5 77.0 105.6 98.9 39.1 25.8 17.1 10.5 4.4 1.6 1.6 1.9 3.2 2.0 0.5 0.5 1.0 1.2 1.2 0.8 0.3 0.6
-9999.0 -9999.0 -9999.0 -9999.0 -9999.0 -9999.0 -9999.0 -9999.0 -9999.0 -9999.0 -9999.0 -9999.0 -9999.0 -9999.0 -9999.0 -9999.0 -9999.0 -9999.0 -9999.0 -9999.0 -9999.0 -9999.0 -9999.0 -9999.0 -9999.0 -9999.0 -9999.0 -9999.0 -9999.0 -9999.0 -9999.0 -9999.0 -9999.0 -9999.0 -9999.0 -9999.0 -9999.0 -9999.0 -9999.0 -9999.0 -9999.0 -9999.0 -9999.0 -9999.0 -9999.0 -9999.0 -9999.0 -9999.0 -9999.0 -9999.0 -9999.0 -9999.0 -9999.0 116.5 119.1 82.8 80.8 84.7 109.9 105.3 83.4 37.4 27.9 11.4 4.6 2.1 2.3 3.3 3.5 1.5 0.2 0.2 0.2 0.6 1.1 0.8 0.3 0.3
-9999.0 -9999.0 -9999.0 -9999.0 -9999.0 -9999.0 -9999.0 -9999.0 -9999.0 -9999.0 -9999.0 -9999.0 -9999.0 -9999.0 -9999.0 -9999.0 -9999.0 -9999.0 -9999.0 -9999.0 -9999.0 -9999.0 -9999.0 -9999.0 -9999.0 -9999.0 -9999.0 -9999.0 -9999.0 -9999.0 -9999.0 -9999.0 -9999.0 -9999.0 -9999.0 -9999.0 -9999.0 -9999.0 -9999.0 -9999.0 -9999.0 -9999.0 -9999.0 -9999.0 -9999.0 -9999.0 -9999.0 -9999.0 -9999.0 -9999.0 -9999.0 -9999.0 -9999.0 142.9 143.3 115.8 86.2 75.2 93.7 105.9 97.8 64.1 41.0 21.1 8.5 -9999.0 -9999.0 -9999.0 6.1 3.2 1.1 0.6 0.6 1.2 2.1 2.2 1.6 1.0
-9999.0 -9999.0 -9999.0 -9999.0 -9999.0 -9999.0 -9999.0 -9999.0 -9999.0 -9999.0 -9999.0 -9999.0 -9999.0 -9999.0 -9999.0 -9999.0 -9999.0 -9999.0 -9999.0 -9999.0 -9999.0 -9999.0 -9999.0 -9999.0 -9999.0 -9999.0 -9999.0 -9999.0 -9999.0 -9999.0 -9999.0 -9999.0 -9999.0 -9999.0 -9999.0 -9999.0 -9999.0 -9999.0 -9999.0 -9999.0 -9999.0 -9999.0 -9999.0 -9999.0 -9999.0 -9999.0 -9999.0 -9999.0 -9999.0 -9999.0 -9999.0 -9999.0 -9999.0 -9999.0 148.6 117.1 75.0 55.5 75.3 93.5 63.6 -9999.0 -9999.0 -9999.0 -9999.0 -9999.0 -9999.0 -9999.0 8.5 6.7 4.1 2.4 2.1 2.4 3.7 5.8 6.3 4.7
-9999.0 -9999.0 -9999.0 -9999.0 -9999.0 -9999.0 -9999.0 -9999.0 -9999.0 -9999.0 -9999.0 -9999.0 -9999.0 -9999.0 -9999.0 -9999.0 -9999.0 -9999.0 -9999.0 -9999.0 -9999.0 -9999.0 -9999.0 -9999.0 -9999.0 -9999.0 -9999.0 -9999.0 -9999.0 -9999.0 -9999.0 -9999.0 -9999.0 -9999.0 -9999.0 -9999.0 -9999.0 -9999.0 -9999.0 -9999.0 -9999.0 -9999.0 -9999.0 -9999.0 -9999.0 -9999.0 -9999.0 -9999.0 -9999.0 -9999.0 -9999.0 -9999.0 -9999.0 -9999.0 -9999.0 104.7 83.1 58.2 53.0 66.8 61.7 -9999.0 -9999.0 -9999.0 -9999.0 -9999.0 -9999.0 -9999.0 -9999.0 -9999.0 5.5 -9999.0 -9999.0 -9999.0 -9999.0 -9999.0 13.5 -9999.0
-9999.0 -9999.0 -9999.0 -9999.0 -9999.0 -9999.0 -9999.0 -9999.0 -9999.0 -9999.0 -9999.0 -9999.0 -9999.0 -9999.0 -9999.0 -9999.0 -9999.0 -9999.0 -9999.0 -9999.0 -9999.0 -9999.0 -9999.0 -9999.0 -9999.0 -9999.0 -9999.0 -9999.0 -9999.0 -9999.0 -9999.0 -9999.0 -9999.0 -9999.0 -9999.0 -9999.0 -9999.0 -9999.0 -9999.0 -9999.0 -9999.0 -9999.0 -9999.0 -9999.0 -9999.0 -9999.0 -9999.0 -9999.0 -9999.0 -9999.0 -9999.0 -9999.0 -9999.0 -9999.0 -9999.0 -9999.0 -9999.0 -9999.0 53.4 48.0 -9999.0 -9999.0 -9999.0 -9999.0 -9999.0 -9999.0 -9999.0 -9999.0 -9999.0 -9999.0 -9999.0 -9999.0 -9999.0 -9999.0 -9999.0 10.2 17.0 -9999.0
-9999.0 -9999.0 -9999.0 -9999.0 -9999.0 -9999.0 -9999.0 -9999.0 -9999.0 -9999.0 -9999.0 -9999.0 -9999.0 -9999.0 -9999.0 -9999.0 -9999.0 -9999.0 -9999.0 -9999.0 -9999.0 -9999.0 -9999.0 -9999.0 -9999.0 -9999.0 -9999.0 -9999.0 -9999.0 -9999.0 -9999.0 -9999.0 -9999.0 -9999.0 -9999.0 -9999.0 -9999.0 -9999.0 -9999.0 -9999.0 -9999.0 -9999.0 -9999.0 -9999.0 -9999.0 -9999.0 -9999.0 -9999.0 -9999.0 -9999.0 -9999.0 -9999.0 -9999.0 -9999.0 -9999.0 -9999.0 -9999.0 -9999.0 -9999.0 -9999.0 -9999.0 -9999.0 -9999.0 -9999.0 -9999.0 -9999.0 -9999.0 -9999.0 -9999.0 -9999.0 -9999.0 -9999.0 -9999.0 -9999.0 -9999.0 -9999.0 -9999.0 -9999.0
-9999.0 -9999.0 -9999.0 -9999.0 -9999.0 -9999.0 -9999.0 -9999.0 -9999.0 -9999.0 -9999.0 -9999.0 -9999.0 -9999.0 -9999.0 -9999.0 -9999.0 -9999.0 -9999.0 -9999.0 -9999.0 -9999.0 -9999.0 -9999.0 -9999.0 -9999.0 -9999.0 -9999.0 -9999.0 -9999.0 -9999.0 -9999.0 -9999.0 -9999.0 -9999.0 -9999.0 -9999.0 -9999.0 -9999.0 -9999.0 -9999.0 -9999.0 -9999.0 -9999.0 -9999.0 -9999.0 -9999.0 -9999.0 -9999.0 -9999.0 -9999.0 -9999.0 -9999.0 -9999.0 -9999.0 -9999.0 -9999.0 -9999.0 -9999.0 -9999.0 -9999.0 -9999.0 -9999.0 -9999.0 -9999.0 -9999.0 -9999.0 -9999.0 -9999.0 -9999.0 -9999.0 -9999.0 -9999.0 -9999.0 -9999.0 6.8 12.4 18.6
-9999.0 -9999.0 -9999.0 -9999.0 -9999.0 -9999.0 -9999.0 -9999.0 -9999.0 -9999.0 -9999.0 -9999.0 -9999.0 -9999.0 -9999.0 -9999.0 -9999.0 -9999.0 -9999.0 -9999.0 -9999.0 -9999.0 -9999.0 -9999.0 -9999.0 -9999.0 -9999.0 -9999.0 -9999.0 -9999.0 -9999.0 -9999.0 -9999.0 -9999.0 -9999.0 -9999.0 -9999.0 -9999.0 -9999.0 -9999.0 -9999.0 -9999.0 -9999.0 -9999.0 -9999.0 -9999.0 -9999.0 -9999.0 -9999.0 -9999.0 -9999.0 -9999.0 -9999.0 -9999.0 -9999.0 -9999.0 -9999.0 -9999.0 -9999.0 -9999.0 -9999.0 -9999.0 -9999.0 -9999.0 -9999.0 -9999.0 -9999.0 -9999.0 -9999.0 -9999.0 -9999.0 -9999.0 -9999.0 0.9 4.5 8.8 15.7 -9999.0
