program/excelProcessViaJava/data/SURF_CLI_CHN_PRE_MON_GRID_0.5-199404.txt
NCOLS      128
NROWS       72
XLLCORNER    72.000000000000    
YLLCORNER    18.000000000000    
CELLSIZE    0.50000000000000    
NODATA_VALUE   -9999.000    
[rows 34 to 67 of 72, columns 0 to 77 of 128]
-9999.0 -9999.0 -9999.0 -9999.0 17.0 13.6 11.4 9.4 6.0 4.8 5.1 3.1 3.3 2.4 2.1 1.9 1.7 1.2 1.0 1.3 1.8 2.3 2.3 0.5 0.0 0.0 0.0 0.0 0.1 0.1 0.2 0.3 0.7 1.1 1.6 2.0 3.3 4.9 3.8 2.1 4.3 0.8 0.6 0.4 0.4 0.4 0.4 0.4 0.5 0.8 2.0 5.5 12.8 20.6 24.5 24.3 21.3 20.2 22.0 16.9 19.8 10.7 8.3 8.5 6.1 5.2 13.5 12.6 16.2 26.0 30.6 40.9 51.8 64.6 78.5 86.8 88.9 85.7
-9999.0 -9999.0 -9999.0 -9999.0 -9999.0 -9999.0 -9999.0 7.2 5.2 4.6 1.5 0.9 1.8 0.9 0.5 2.0 1.1 1.6 1.6 1.0 0.2 0.0 0.0 0.0 0.0 0.0 0.0 0.0 0.1 0.1 0.3 0.4 0.9 1.5 2.4 3.2 5.1 6.0 9.0 10.6 4.8 12.0 9.5 4.3 1.3 0.4 0.5 0.4 0.6 0.6 1.4 4.0 10.9 16.6 23.0 26.4 21.0 17.5 21.7 18.6 18.5 8.3 5.3 6.1 11.7 10.6 17.9 23.2 26.1 34.6 44.6 57.1 70.6 81.7 91.4 94.3 94.5 92.5
-9999.0 -9999.0 -9999.0 -9999.0 -9999.0 -9999.0 -9999.0 3.4 4.1 2.4 1.2 1.2 0.5 0.1 0.2 0.0 0.1 0.1 0.0 0.1 0.1 0.0 0.0 0.0 0.0 0.1 0.1 0.1 0.2 0.4 0.4 0.7 1.3 2.0 3.0 4.3 5.5 8.1 9.7 10.3 11.2 10.7 10.2 13.4 4.2 1.2 1.4 1.3 3.4 2.6 7.3 8.0 9.9 17.9 24.1 29.5 25.7 23.2 23.8 23.3 21.7 19.7 13.4 16.2 17.7 21.2 24.8 29.5 37.5 46.0 60.7 75.6 86.0 91.4 93.5 91.2 90.7 93.1
-9999.0 -9999.0 -9999.0 -9999.0 -9999.0 -9999.0 -9999.0 -9999.0 -9999.0 1.6 1.1 0.9 0.2 0.2 0.2 0.2 0.0 0.0 0.0 0.0 0.0 0.0 0.1 0.1 0.1 0.2 0.2 0.2 0.4 0.3 0.9 1.2 1.8 2.5 3.5 4.7 6.0 8.4 9.6 11.9 11.2 12.0 9.6 6.6 6.9 5.3 4.5 4.0 4.7 5.4 7.9 8.2 11.0 18.1 27.2 30.9 26.9 25.6 29.1 29.5 30.2 31.0 33.6 29.8 35.0 33.2 31.7 38.4 45.9 56.6 66.2 74.3 81.2 85.4 86.0 87.4 88.1 92.0
-9999.0 -9999.0 -9999.0 -9999.0 -9999.0 -9999.0 -9999.0 -9999.0 -9999.0 -9999.0 -9999.0 0.2 0.6 0.1 0.1 0.0 0.0 0.0 0.0 0.0 0.0 0.0 0.0 0.1 0.0 0.1 0.1 0.2 0.4 0.6 1.0 1.2 2.1 3.0 3.9 6.1 6.9 8.8 15.1 12.6 15.2 12.1 8.8 6.5 10.6 5.7 10.5 7.4 9.8 10.2 8.8 10.3 13.8 22.4 31.4 35.6 34.3 35.8 36.8 38.6 39.6 43.0 48.5 52.4 51.6 37.6 36.1 45.4 51.2 54.0 58.3 63.2 68.9 75.1 82.2 82.4 84.5 91.6
-9999.0 -9999.0 -9999.0 -9999.0 -9999.0 -9999.0 -9999.0 -9999.0 -9999.0 -9999.0 -9999.0 -9999.0 0.4 0.3 0.0 0.1 0.0 0.0 0.0 0.0 0.1 0.1 0.1 0.2 0.0 0.2 0.4 0.3 0.4 0.4 1.1 1.7 2.3 3.2 4.5 5.8 9.4 9.4 9.8 9.8 10.0 9.4 8.2 9.4 8.7 10.0 12.8 9.6 12.8 15.4 20.3 19.4 19.3 24.7 33.5 38.4 40.8 43.8 45.3 48.8 50.1 49.3 51.5 59.6 60.1 56.3 44.9 47.2 47.2 45.6 49.7 58.9 68.9 76.0 77.4 69.4 80.4 87.7
-9999.0 -9999.0 -9999.0 -9999.0 -9999.0 -9999.0 -9999.0 -9999.0 -9999.0 -9999.0 -9999.0 -9999.0 0.1 0.3 0.4 0.1 0.2 0.1 0.0 0.0 0.0 0.0 0.1 0.3 0.6 0.4 0.5 1.0 0.8 1.3 1.2 1.4 2.3 3.2 4.5 5.5 8.7 10.9 11.3 11.1 9.0 8.0 11.9 7.4 11.8 17.1 14.7 15.6 14.3 21.5 21.8 22.6 21.2 27.2 31.0 37.1 40.8 47.4 54.4 58.7 59.8 61.2 59.0 58.2 67.0 61.7 44.9 43.7 42.3 42.5 48.3 60.2 70.5 80.4 75.9 70.9 75.1 76.9
-9999.0 -9999.0 -9999.0 -9999.0 -9999.0 -9999.0 -9999.0 -9999.0 -9999.0 -9999.0 -9999.0 -9999.0 -9999.0 0.1 0.0 0.3 0.1 0.2 0.2 0.2 0.1 0.3 0.1 0.7 0.6 0.2 0.2 0.2 0.4 0.8 1.4 1.9 2.2 3.2 3.9 5.1 6.7 9.3 18.6 14.6 12.8 13.5 11.3 16.3 13.9 15.8 23.9 30.0 32.3 30.6 27.7 22.2 22.1 30.5 31.8 34.6 38.9 46.7 53.3 60.7 61.5 63.6 63.8 76.7 69.4 64.9 58.5 48.9 45.5 46.1 52.3 69.6 88.0 85.2 81.1 70.6 71.5 80.1
-9999.0 -9999.0 -9999.0 -9999.0 -9999.0 -9999.0 -9999.0 -9999.0 -9999.0 -9999.0 -9999.0 -9999.0 0.2 0.0 0.0 0.2 0.0 0.1 0.1 0.5 0.6 0.6 0.5 0.9 1.3 0.3 0.5 0.8 0.9 0.8 1.2 1.9 2.0 2.9 4.0 4.7 7.9 7.3 9.0 11.4 20.6 26.6 29.9 13.0 19.5 26.5 31.5 33.6 36.2 34.1 33.4 31.4 24.5 26.9 28.1 30.5 35.6 41.6 50.6 56.4 59.3 61.5 66.3 67.9 75.3 72.1 51.8 49.8 54.1 61.9 73.8 90.7 89.6 76.9 68.1 69.8 79.9 86.5
-9999.0 -9999.0 -9999.0 -9999.0 -9999.0 -9999.0 -9999.0 -9999.0 -9999.0 -9999.0 -9999.0 -9999.0 0.1 0.4 0.3 0.0 0.0 0.3 0.4 0.2 0.9 0.4 0.6 0.9 1.9 2.3 1.8 1.5 1.2 1.5 1.6 1.6 1.8 2.5 3.1 4.4 5.2 7.8 10.0 9.4 12.0 11.0 11.6 15.8 23.0 34.1 47.6 49.6 46.4 34.1 29.3 28.6 25.2 26.5 26.3 26.7 29.2 35.8 42.8 50.1 55.5 60.6 68.9 78.2 78.5 66.0 63.6 56.2 65.2 80.8 100.8 118.7 119.5 110.6 111.4 99.8 105.9 92.9
-9999.0 -9999.0 -9999.0 -9999.0 -9999.0 -9999.0 -9999.0 -9999.0 -9999.0 -9999.0 -9999.0 -9999.0 0.9 0.2 0.6 0.4 0.4 0.0 0.2 0.3 0.1 0.1 0.8 0.4 1.2 0.4 0.7 0.3 1.2 1.1 1.2 0.9 1.6 2.0 2.5 3.9 5.7 8.9 11.0 17.3 16.5 11.6 29.0 12.0 28.6 47.9 55.6 51.3 42.7 35.1 28.7 24.0 27.8 26.8 23.1 22.3 23.9 30.0 37.2 41.4 48.7 58.2 68.7 78.7 65.3 48.5 51.8 60.9 79.1 111.7 145.2 141.3 145.1 135.8 140.0 137.9 132.5 114.5
-9999.0 -9999.0 -9999.0 -9999.0 -9999.0 -9999.0 -9999.0 -9999.0 -9999.0 -9999.0 -9999.0 -9999.0 -9999.0 0.1 0.1 0.6 0.4 0.7 0.2 0.2 0.0 0.5 0.3 0.3 1.7 1.2 1.3 1.4 0.5 1.3 0.5 0.7 1.1 1.5 2.4 5.8 9.3 10.7 16.4 18.8 22.2 45.2 54.3 47.1 35.2 43.8 52.6 42.8 41.3 30.9 20.3 20.8 17.4 17.5 19.1 20.3 17.9 22.6 31.4 43.6 50.2 65.3 71.4 73.8 36.4 35.2 43.5 60.1 86.8 115.1 154.5 181.0 148.4 194.5 159.2 167.4 158.0 136.6
-9999.0 -9999.0 -9999.0 -9999.0 -9999.0 -9999.0 -9999.0 -9999.0 -9999.0 -9999.0 -9999.0 -9999.0 -9999.0 3.2 0.3 1.2 0.2 1.6 1.5 1.0 0.1 0.2 0.2 0.5 4.1 1.9 1.1 1.8 0.9 0.1 0.2 0.3 0.6 1.1 2.7 5.5 7.7 12.9 23.4 45.8 37.6 48.1 55.7 57.9 74.3 53.5 48.6 34.5 27.2 18.9 16.1 8.5 11.0 14.5 17.4 16.2 14.7 19.4 29.1 32.0 49.4 60.2 69.4 45.8 35.3 32.2 40.2 56.6 76.4 103.5 127.1 136.0 146.4 143.3 149.9 155.7 162.8 147.8
-9999.0 -9999.0 -9999.0 -9999.0 -9999.0 -9999.0 -9999.0 -9999.0 -9999.0 -9999.0 -9999.0 -9999.0 -9999.0 -9999.0 -9999.0 2.4 3.3 2.0 3.4 5.4 1.2 3.3 4.2 3.1 1.9 1.8 0.2 0.4 0.1 0.3 0.2 0.3 0.4 1.1 2.1 8.1 16.4 10.1 21.0 32.4 55.3 67.6 69.0 64.2 50.2 50.7 43.9 34.5 22.0 13.3 6.8 13.1 5.9 7.5 4.1 10.8 13.8 11.7 28.0 38.9 43.9 59.2 66.3 58.6 45.3 38.8 43.1 55.1 65.5 71.0 79.5 85.6 79.0 96.0 126.2 145.3 158.2 173.7
-9999.0 -9999.0 -9999.0 -9999.0 -9999.0 -9999.0 -9999.0 -9999.0 -9999.0 -9999.0 -9999.0 -9999.0 -9999.0 -9999.0 -9999.0 -9999.0 -9999.0 36.8 25.9 -9999.0 23.3 6.3 14.6 13.5 4.2 3.8 0.3 0.4 0.7 0.1 0.2 0.4 0.5 0.5 0.7 3.9 18.4 4.8 19.8 31.6 47.4 71.0 66.1 59.4 72.2 60.7 181.0 38.4 24.1 12.7 15.6 4.0 7.5 6.8 9.0 10.7 8.0 18.2 23.8 34.3 32.0 50.8 66.9 66.9 57.6 48.4 47.3 50.5 53.6 57.4 70.8 65.5 77.7 87.6 112.2 142.6 150.0 157.6
-9999.0 -9999.0 -9999.0 -9999.0 -9999.0 -9999.0 -9999.0 -9999.0 -9999.0 -9999.0 -9999.0 -9999.0 -9999.0 -9999.0 -9999.0 -9999.0 -9999.0 -9999.0 -9999.0 -9999.0 -9999.0 26.5 17.1 5.5 10.4 21.2 13.1 6.3 1.7 1.6 0.4 2.1 0.9 1.0 1.5 5.3 7.2 9.4 10.0 10.1 16.6 65.2 70.4 61.8 77.9 54.9 259.6 61.5 33.3 65.8 12.6 17.6 14.3 6.4 7.5 11.5 12.5 10.4 26.6 27.2 22.4 38.4 56.6 64.7 61.0 54.1 50.6 49.2 51.5 55.2 59.4 67.9 77.0 90.1 107.9 125.8 143.1 156.7
-9999.0 -9999.0 -9999.0 -9999.0 -9999.0 -9999.0 -9999.0 -9999.0 -9999.0 -9999.0 -9999.0 -9999.0 -9999.0 -9999.0 -9999.0 -9999.0 -9999.0 -9999.0 -9999.0 -9999.0 -9999.0 -9999.0 -9999.0 92.5 37.6 35.1 26.2 12.8 2.1 2.6 1.0 1.2 2.9 5.1 11.0 15.5 25.4 18.3 37.1 50.6 51.4 69.2 48.1 43.9 84.8 255.6 143.3 114.7 147.1 142.2 46.8 22.8 24.9 16.9 9.3 1.8 8.0 14.0 6.2 21.0 20.5 34.8 45.3 46.2 48.4 48.7 47.8 46.6 46.1 50.7 65.3 72.7 84.9 112.5 110.5 128.3 173.1 197.0
-9999.0 -9999.0 -9999.0 -9999.0 -9999.0 -9999.0 -9999.0 -9999.0 -9999.0 -9999.0 -9999.0 -9999.0 -9999.0 -9999.0 -9999.0 -9999.0 -9999.0 -9999.0 -9999.0 -9999.0 -9999.0 -9999.0 -9999.0 -9999.0 -9999.0 156.9 81.3 6.9 5.3 3.2 3.5 7.3 10.3 14.4 19.1 33.1 57.5 37.4 61.1 47.8 75.0 47.4 54.5 66.7 176.7 253.1 249.8 334.1 73.8 136.2 44.4 46.1 36.0 29.9 15.4 5.4 6.2 4.0 11.3 14.4 20.8 29.0 44.5 25.5 29.1 35.0 40.0 48.8 57.0 67.3 63.3 75.8 87.6 147.2 172.5 157.2 187.0 236.4
-9999.0 -9999.0 -9999.0 -9999.0 -9999.0 -9999.0 -9999.0 -9999.0 -9999.0 -9999.0 -9999.0 -9999.0 -9999.0 -9999.0 -9999.0 -9999.0 -9999.0 -9999.0 -9999.0 -9999.0 -9999.0 -9999.0 -9999.0 -9999.0 -9999.0 -9999.0 -9999.0 168.6 146.0 60.3 41.8 35.7 24.6 36.7 43.0 33.9 45.8 45.7 30.8 48.2 65.8 37.6 71.8 139.1 183.7 233.3 272.3 303.8 326.9 244.2 300.2 257.3 74.7 57.4 26.8 11.4 3.3 2.0 6.0 6.8 10.1 20.5 13.9 13.4 18.3 22.1 34.9 40.2 48.4 57.0 67.7 104.8 113.0 179.2 177.6 186.2 258.7 268.0
-9999.0 -9999.0 -9999.0 -9999.0 -9999.0 -9999.0 -9999.0 -9999.0 -9999.0 -9999.0 -9999.0 -9999.0 -9999.0 -9999.0 -9999.0 -9999.0 -9999.0 -9999.0 -9999.0 -9999.0 -9999.0 -9999.0 -9999.0 -9999.0 -9999.0 -9999.0 -9999.0 -9999.0 -9999.0 -9999.0 -9999.0 -9999.0 -9999.0 71.7 69.5 -9999.0 -9999.0 -9999.0 46.3 51.7 49.9 65.4 73.3 134.2 167.1 199.7 -9999.0 -9999.0 -9999.0 -9999.0 -9999.0 -9999.0 139.4 53.0 43.8 15.1 3.6 1.8 1.9 4.4 8.5 12.2 8.6 6.2 6.2 12.2 29.3 49.5 53.4 56.9 75.6 122.3 172.3 175.0 224.3 198.9 257.3 225.4
-9999.0 -9999.0 -9999.0 -9999.0 -9999.0 -9999.0 -9999.0 -9999.0 -9999.0 -9999.0 -9999.0 -9999.0 -9999.0 -9999.0 -9999.0 -9999.0 -9999.0 -9999.0 -9999.0 -9999.0 -9999.0 -9999.0 -9999.0 -9999.0 -9999.0 -9999.0 -9999.0 -9999.0 -9999.0 -9999.0 -9999.0 -9999.0 -9999.0 -9999.0 -9999.0 -9999.0 -9999.0 -9999.0 -9999.0 63.2 70.3 81.2 96.1 114.9 -9999.0 -9999.0 -9999.0 -9999.0 -9999.0 -9999.0 -9999.0 -9999.0 119.0 52.9 30.2 11.3 2.5 1.0 1.5 3.4 5.8 6.3 5.5 2.7 5.0 11.7 27.5 37.3 43.0 62.1 93.0 129.1 147.9 183.3 157.0 183.7 199.0 192.1
-9999.0 -9999.0 -9999.0 -9999.0 -9999.0 -9999.0 -9999.0 -9999.0 -9999.0 -9999.0 -9999.0 -9999.0 -9999.0 -9999.0 -9999.0 -9999.0 -9999.0 -9999.0 -9999.0 -9999.0 -9999.0 -9999.0 -9999.0 -9999.0 -9999.0 -9999.0 -9999.0 -9999.0 -9999.0 -9999.0 -9999.0 -9999.0 -9999.0 -9999.0 -9999.0 -9999.0 -9999.0 -9999.0 -9999.0 -9999.0 -9999.0 -9999.0 -9999.0 -9999.0 -9999.0 -9999.0 -9999.0 -9999.0 -9999.0 -9999.0 -9999.0 -9999.0 99.6 50.1 23.3 8.7 0.9 0.4 0.9 2.0 2.9 2.8 7.1 2.1 4.5 9.2 15.5 25.0 37.4 59.3 91.4 121.6 166.9 153.5 160.5 167.0 185.4 186.0
-9999.0 -9999.0 -9999.0 -9999.0 -9999.0 -9999.0 -9999.0 -9999.0 -9999.0 -9999.0 -9999.0 -9999.0 -9999.0 -9999.0 -9999.0 -9999.0 -9999.0 -9999.0 -9999.0 -9999.0 -9999.0 -9999.0 -9999.0 -9999.0 -9999.0 -9999.0 -9999.0 -9999.0 -9999.0 -9999.0 -9999.0 -9999.0 -9999.0 -9999.0 -9999.0 -9999.0 -9999.0 -9999.0 -9999.0 -9999.0 -9999.0 -9999.0 -9999.0 -9999.0 -9999.0 -9999.0 -9999.0 -9999.0 -9999.0 -9999.0 -9999.0 81.2 64.4 43.6 14.4 4.6 1.2 0.9 1.1 0.6 1.4 1.3 1.1 2.3 5.7 10.8 12.3 13.9 33.4 54.8 84.8 109.0 113.4 121.5 153.0 181.9 196.1 211.9
-9999.0 -9999.0 -9999.0 -9999.0 -9999.0 -9999.0 -9999.0 -9999.0 -9999.0 -9999.0 -9999.0 -9999.0 -9999.0 -9999.0 -9999.0 -9999.0 -9999.0 -9999.0 -9999.0 -9999.0 -9999.0 -9999.0 -9999.0 -9999.0 -9999.0 -9999.0 -9999.0 -9999.0 -9999.0 -9999.0 -9999.0 -9999.0 -9999.0 -9999.0 -9999.0 -9999.0 -9999.0 -9999.0 -9999.0 -9999.0 -9999.0 -9999.0 -9999.0 -9999.0 -9999.0 -9999.0 -9999.0 -9999.0 -9999.0 -9999.0 41.0 66.2 55.3 38.6 17.6 9.0 5.6 4.7 2.8 1.7 0.8 0.7 0.9 3.2 8.8 12.6 16.7 16.6 33.6 48.4 76.4 88.5 109.0 144.1 169.8 184.2 204.2 207.5
-9999.0 -9999.0 -9999.0 -9999.0 -9999.0 -9999.0 -9999.0 -9999.0 -9999.0 -9999.0 -9999.0 -9999.0 -9999.0 -9999.0 -9999.0 -9999.0 -9999.0 -9999.0 -9999.0 -9999.0 -9999.0 -9999.0 -9999.0 -9999.0 -9999.0 -9999.0 -9999.0 -9999.0 -9999.0 -9999.0 -9999.0 -9999.0 -9999.0 -9999.0 -9999.0 -9999.0 -9999.0 -9999.0 -9999.0 -9999.0 -9999.0 -9999.0 -9999.0 -9999.0 -9999.0 -9999.0 -9999.0 -9999.0 -9999.0 -9999.0 19.8 64.6 34.1 40.4 28.8 18.7 12.6 9.9 6.5 3.4 1.3 0.7 1.3 4.5 11.0 8.2 11.8 12.5 26.5 42.9 69.5 90.8 111.4 136.1 149.4 156.4 160.9 169.8
-9999.0 -9999.0 -9999.0 -9999.0 -9999.0 -9999.0 -9999.0 -9999.0 -9999.0 -9999.0 -9999.0 -9999.0 -9999.0 -9999.0 -9999.0 -9999.0 -9999.0 -9999.0 -9999.0 -9999.0 -9999.0 -9999.0 -9999.0 -9999.0 -9999.0 -9999.0 -9999.0 -9999.0 -9999.0 -9999.0 -9999.0 -9999.0 -9999.0 -9999.0 -9999.0 -9999.0 -9999.0 -9999.0 -9999.0 -9999.0 -9999.0 -9999.0 -9999.0 -9999.0 -9999.0 -9999.0 -9999.0 -9999.0 -9999.0 -9999.0 6.0 22.0 19.4 53.8 35.9 27.6 22.7 16.6 12.4 8.1 5.4 3.7 5.0 8.6 12.6 13.9 10.0 10.5 18.4 42.7 63.0 89.6 84.4 97.2 84.9 93.6 104.2 113.5
-9999.0 -9999.0 -9999.0 -9999.0 -9999.0 -9999.0 -9999.0 -9999.0 -9999.0 -9999.0 -9999.0 -9999.0 -9999.0 -9999.0 -9999.0 -9999.0 -9999.0 -9999.0 -9999.0 -9999.0 -9999.0 -9999.0 -9999.0 -9999.0 -9999.0 -9999.0 -9999.0 -9999.0 -9999.0 -9999.0 -9999.0 -9999.0 -9999.0 -9999.0 -9999.0 -9999.0 -9999.0 -9999.0 -9999.0 -9999.0 -9999.0 -9999.0 -9999.0 -9999.0 -9999.0 -9999.0 -9999.0 -9999.0 -9999.0 -9999.0 15.2 39.2 35.8 50.8 47.7 40.8 22.1 22.4 20.2 20.6 22.2 23.9 31.8 23.8 21.8 21.9 23.0 17.0 24.3 18.9 42.2 52.4 54.1 50.4 36.7 49.9 68.5 82.8
-9999.0 -9999.0 -9999.0 -9999.0 -9999.0 -9999.0 -9999.0 -9999.0 -9999.0 -9999.0 -9999.0 -9999.0 -9999.0 -9999.0 -9999.0 -9999.0 -9999.0 -9999.0 -9999.0 -9999.0 -9999.0 -9999.0 -9999.0 -9999.0 -9999.0 -9999.0 -9999.0 -9999.0 -9999.0 -9999.0 -9999.0 -9999.0 -9999.0 -9999.0 -9999.0 -9999.0 -9999.0 -9999.0 -9999.0 -9999.0 -9999.0 -9999.0 -9999.0 -9999.0 -9999.0 -9999.0 -9999.0 -9999.0 -9999.0 -9999.0 -9999.0 -9999.0 -9999.0 35.6 39.5 35.8 31.1 30.0 26.4 38.2 44.9 68.0 59.0 52.4 39.3 30.4 31.1 13.8 17.4 19.1 21.2 22.9 22.4 21.9 25.8 35.9 56.2 75.5
-9999.0 -9999.0 -9999.0 -9999.0 -9999.0 -9999.0 -9999.0 -9999.0 -9999.0 -9999.0 -9999.0 -9999.0 -9999.0 -9999.0 -9999.0 -9999.0 -9999.0 -9999.0 -9999.0 -9999.0 -9999.0 -9999.0 -9999.0 -9999.0 -9999.0 -9999.0 -9999.0 -9999.0 -9999.0 -9999.0 -9999.0 -9999.0 -9999.0 -9999.0 -9999.0 -9999.0 -9999.0 -9999.0 -9999.0 -9999.0 -9999.0 -9999.0 -9999.0 -9999.0 -9999.0 -9999.0 -9999.0 -9999.0 -9999.0 -9999.0 -9999.0 -9999.0 -9999.0 28.3 26.8 49.1 31.2 30.3 40.8 59.8 79.3 88.4 96.4 74.0 56.0 39.5 17.1 27.5 11.9 11.1 9.0 9.8 12.7 18.1 28.8 50.7 61.8 84.0
-9999.0 -9999.0 -9999.0 -9999.0 -9999.0 -9999.0 -9999.0 -9999.0 -9999.0 -9999.0 -9999.0 -9999.0 -9999.0 -9999.0 -9999.0 -9999.0 -9999.0 -9999.0 -9999.0 -9999.0 -9999.0 -9999.0 -9999.0 -9999.0 -9999.0 -9999.0 -9999.0 -9999.0 -9999.0 -9999.0 -9999.0 -9999.0 -9999.0 -9999.0 -9999.0 -9999.0 -9999.0 -9999.0 -9999.0 -9999.0 -9999.0 -9999.0 -9999.0 -9999.0 -9999.0 -9999.0 -9999.0 -9999.0 -9999.0 -9999.0 -9999.0 -9999.0 -9999.0 21.9 12.6 33.6 35.1 39.5 54.2 72.0 99.2 115.0 122.4 111.8 58.7 -9999.0 -9999.0 -9999.0 21.4 11.1 9.0 10.6 13.4 18.5 30.4 54.7 57.0 68.1
-9999.0 -9999.0 -9999.0 -9999.0 -9999.0 -9999.0 -9999.0 -9999.0 -9999.0 -9999.0 -9999.0 -9999.0 -9999.0 -9999.0 -9999.0 -9999.0 -9999.0 -9999.0 -9999.0 -9999.0 -9999.0 -9999.0 -9999.0 -9999.0 -9999.0 -9999.0 -9999.0 -9999.0 -9999.0 -9999.0 -9999.0 -9999.0 -9999.0 -9999.0 -9999.0 -9999.0 -9999.0 -9999.0 -9999.0 -9999.0 -9999.0 -9999.0 -9999.0 -9999.0 -9999.0 -9999.0 -9999.0 -9999.0 -9999.0 -9999.0 -9999.0 -9999.0 -9999.0 -9999.0 22.7 28.8 29.8 42.3 70.0 96.5 99.8 -9999.0 -9999.0 -9999.0 -9999.0 -9999.0 -9999.0 -9999.0 18.1 17.5 20.7 9.9 9.2 12.7 16.7 23.6 29.7 31.6
-9999.0 -9999.0 -9999.0 -9999.0 -9999.0 -9999.0 -9999.0 -9999.0 -9999.0 -9999.0 -9999.0 -9999.0 -9999.0 -9999.0 -9999.0 -9999.0 -9999.0 -9999.0 -9999.0 -9999.0 -9999.0 -9999.0 -9999.0 -9999.0 -9999.0 -9999.0 -9999.0 -9999.0 -9999.0 -9999.0 -9999.0 -9999.0 -9999.0 -9999.0 -9999.0 -9999.0 -9999.0 -9999.0 -9999.0 -9999.0 -9999.0 -9999.0 -9999.0 -9999.0 -9999.0 -9999.0 -9999.0 -9999.0 -9999.0 -9999.0 -9999.0 -9999.0 -9999.0 -9999.0 -9999.0 26.5 55.8 57.4 73.3 102.7 115.5 -9999.0 -9999.0 -9999.0 -9999.0 -9999.0 -9999.0 -9999.0 -9999.0 -9999.0 11.0 -9999.0 -9999.0 -9999.0 -9999.0 -9999.0 13.3 -9999.0
-9999.0 -9999.0 -9999.0 -9999.0 -9999.0 -9999.0 -9999.0 -9999.0 -9999.0 -9999.0 -9999.0 -9999.0 -9999.0 -9999.0 -9999.0 -9999.0 -9999.0 -9999.0 -9999.0 -9999.0 -9999.0 -9999.0 -9999.0 -9999.0 -9999.0 -9999.0 -9999.0 -9999.0 -9999.0 -9999.0 -9999.0 -9999.0 -9999.0 -9999.0 -9999.0 -9999.0 -9999.0 -9999.0 -9999.0 -9999.0 -9999.0 -9999.0 -9999.0 -9999.0 -9999.0 -9999.0 -9999.0 -9999.0 -9999.0 -9999.0 -9999.0 -9999.0 -9999.0 -9999.0 -9999.0 -9999.0 -9999.0 -9999.0 85.2 96.0 -9999.0 -9999.0 -9999.0 -9999.0 -9999.0 -9999.0 -9999.0 -9999.0 -9999.0 -9999.0 -9999.0 -9999.0 -9999.0 -9999.0 -9999.0 9.4 12.7 -9999.0
-9999.0 -9999.0 -9999.0 -9999.0 -9999.0 -9999.0 -9999.0 -9999.0 -9999.0 -9999.0 -9999.0 -9999.0 -9999.0 -9999.0 -9999.0 -9999.0 -9999.0 -9999.0 -9999.0 -9999.0 -9999.0 -9999.0 -9999.0 -9999.0 -9999.0 -9999.0 -9999.0 -9999.0 -9999.0 -9999.0 -9999.0 -9999.0 -9999.0 -9999.0 -9999.0 -9999.0 -9999.0 -9999.0 -9999.0 -9999.0 -9999.0 -9999.0 -9999.0 -9999.0 -9999.0 -9999.0 -9999.0 -9999.0 -9999.0 -9999.0 -9999.0 -9999.0 -9999.0 -9999.0 -9999.0 -9999.0 -9999.0 -9999.0 -9999.0 -9999.0 -9999.0 -9999.0 -9999.0 -9999.0 -9999.0 -9999.0 -9999.0 -9999.0 -9999.0 -9999.0 -9999.0 -9999.0 -9999.0 -9999.0 -9999.0 -9999.0 -9999.0 -9999.0
