program/excelProcessViaJava/data/SURF_CLI_CHN_PRE_MON_GRID_0.5-200505.txt
NCOLS      128
NROWS       72
XLLCORNER    72.000000000000    
YLLCORNER    18.000000000000    
CELLSIZE    0.50000000000000    
NODATA_VALUE   -9999.000    
[rows 34 to 67 of 72, columns 0 to 76 of 128]
-9999.0 -9999.0 -9999.0 -9999.0 0.0 0.2 0.4 6.1 3.3 9.6 41.2 29.1 47.5 49.0 48.2 41.2 35.8 24.4 18.7 16.6 16.6 15.4 15.3 14.6 8.1 4.9 8.9 9.6 11.9 14.1 17.0 18.0 23.1 26.0 27.5 30.0 28.5 27.5 25.8 20.2 19.8 10.1 7.6 5.4 4.7 4.5 4.5 5.3 7.7 14.6 26.2 44.8 71.5 74.1 71.5 69.4 61.8 54.2 49.1 56.5 50.2 51.7 44.1 43.0 38.3 33.2 34.7 25.8 25.5 35.3 37.1 45.4 53.7 63.2 69.4 68.1 58.3
-9999.0 -9999.0 -9999.0 -9999.0 -9999.0 -9999.0 -9999.0 2.2 4.1 14.0 7.7 12.4 32.6 30.6 31.2 39.2 37.1 31.3 26.2 23.8 17.3 11.1 9.0 8.9 9.1 9.6 9.3 10.1 11.5 12.1 14.7 17.4 20.3 21.9 22.8 25.4 24.8 25.3 25.3 25.5 19.3 26.2 24.3 17.3 10.3 5.5 7.7 7.8 13.9 16.2 26.8 47.8 72.8 70.8 76.4 74.7 62.9 57.3 57.7 69.5 63.5 65.1 55.5 61.7 69.0 60.6 56.1 51.4 46.1 47.2 45.5 48.3 56.1 63.4 67.6 67.8 61.9
-9999.0 -9999.0 -9999.0 -9999.0 -9999.0 -9999.0 -9999.0 0.1 4.5 4.6 6.3 15.7 16.0 11.3 20.3 9.3 20.4 19.6 11.3 15.4 13.9 9.9 10.2 9.6 9.9 10.1 10.9 10.3 13.1 15.1 15.0 16.7 18.6 18.8 21.3 21.9 22.7 22.8 23.3 23.3 24.0 24.4 25.4 31.0 20.4 13.0 16.5 19.3 31.7 34.8 48.2 55.9 71.0 76.5 69.8 82.7 73.7 67.4 63.8 64.1 79.3 87.6 77.6 87.6 90.3 86.3 79.0 70.7 68.4 53.1 51.8 55.3 61.4 65.6 63.3 65.8 65.1
-9999.0 -9999.0 -9999.0 -9999.0 -9999.0 -9999.0 -9999.0 -9999.0 -9999.0 2.3 6.0 11.5 8.1 11.2 16.0 18.6 14.1 6.1 11.1 7.0 9.7 11.1 10.8 10.6 10.8 11.5 11.4 12.1 14.1 13.2 16.8 17.0 17.8 17.9 19.4 19.7 20.0 20.4 20.9 22.3 22.9 25.5 25.9 24.9 28.1 28.3 29.4 30.5 34.0 38.2 44.8 50.9 59.3 67.8 63.3 78.6 76.8 71.9 65.8 69.5 77.5 81.2 87.9 92.7 97.8 94.7 88.9 79.9 75.5 59.0 58.9 62.2 71.3 74.1 70.8 59.4 57.2
-9999.0 -9999.0 -9999.0 -9999.0 -9999.0 -9999.0 -9999.0 -9999.0 -9999.0 -9999.0 -9999.0 2.6 12.1 5.6 10.0 9.4 10.9 11.7 11.7 10.3 8.5 10.1 9.7 10.8 9.0 10.7 10.8 11.6 12.9 14.3 15.2 14.7 16.3 16.5 17.0 16.8 17.5 18.2 21.4 21.3 24.7 25.8 26.7 27.7 35.7 32.7 40.2 37.9 39.8 40.1 41.2 45.7 50.2 52.7 52.1 60.0 70.1 68.3 70.2 74.5 76.6 85.5 91.7 93.1 92.3 85.7 77.1 76.6 69.8 65.8 65.9 75.2 82.6 77.5 58.6 53.8 51.0
-9999.0 -9999.0 -9999.0 -9999.0 -9999.0 -9999.0 -9999.0 -9999.0 -9999.0 -9999.0 -9999.0 -9999.0 6.1 8.3 5.2 8.5 4.5 8.0 8.4 5.8 10.4 9.8 9.9 11.0 7.3 11.3 12.5 11.8 12.9 12.3 14.1 14.7 14.9 14.5 14.7 15.1 16.4 17.0 18.2 19.8 22.2 25.4 28.8 34.2 37.1 41.1 45.0 42.4 42.4 41.3 42.3 42.7 44.3 46.6 46.8 48.6 54.4 58.0 78.3 75.7 83.4 80.9 83.3 88.9 86.9 91.4 72.7 72.4 70.8 73.8 70.0 75.9 73.2 61.8 52.3 92.5 58.2
-9999.0 -9999.0 -9999.0 -9999.0 -9999.0 -9999.0 -9999.0 -9999.0 -9999.0 -9999.0 -9999.0 -9999.0 0.7 5.2 7.4 4.8 8.4 7.8 5.9 7.2 8.1 8.0 9.1 10.7 12.1 11.9 12.2 13.3 13.1 13.9 13.6 13.2 13.7 13.7 13.6 13.8 15.3 17.3 19.3 22.0 24.4 28.0 35.8 36.3 43.1 48.6 48.3 48.3 44.8 44.3 42.7 43.2 43.7 42.3 43.2 43.5 52.3 61.4 81.5 91.8 94.3 91.8 88.0 90.3 84.9 87.6 53.5 57.0 61.9 74.2 96.0 117.4 121.4 86.2 70.7 51.2 46.1
-9999.0 -9999.0 -9999.0 -9999.0 -9999.0 -9999.0 -9999.0 -9999.0 -9999.0 -9999.0 -9999.0 -9999.0 -9999.0 1.6 1.3 4.9 4.1 6.0 6.9 7.6 7.8 9.3 8.9 10.9 11.3 10.3 10.8 10.7 11.9 12.5 13.2 13.5 13.1 13.0 12.8 13.1 14.3 17.1 24.6 27.1 31.5 37.4 40.8 47.2 47.5 49.2 53.6 55.1 53.6 50.2 47.6 47.1 47.0 42.7 42.2 44.6 52.9 62.9 70.1 88.6 94.9 98.7 98.1 103.5 74.7 77.9 79.4 73.6 85.7 93.9 93.5 95.7 97.9 87.0 89.1 63.6 59.5
-9999.0 -9999.0 -9999.0 -9999.0 -9999.0 -9999.0 -9999.0 -9999.0 -9999.0 -9999.0 -9999.0 -9999.0 0.3 0.3 0.7 2.1 1.6 3.2 4.3 6.5 7.5 8.5 9.1 10.1 10.9 10.3 10.9 11.4 11.7 12.0 12.5 13.0 13.0 12.9 12.8 13.0 15.4 17.6 22.8 30.4 41.6 50.2 56.0 50.1 53.1 54.7 55.5 56.9 57.0 54.5 51.5 49.1 49.9 47.3 48.5 52.1 57.4 77.2 85.2 102.4 105.8 105.5 113.2 117.5 119.8 104.9 81.7 98.5 120.5 136.5 140.5 128.3 104.7 81.6 70.6 64.3 62.4
-9999.0 -9999.0 -9999.0 -9999.0 -9999.0 -9999.0 -9999.0 -9999.0 -9999.0 -9999.0 -9999.0 -9999.0 0.1 0.4 0.6 0.4 0.9 2.7 3.7 4.3 6.3 7.0 8.2 9.2 10.1 10.5 10.4 10.4 10.6 11.1 11.7 12.6 13.2 13.2 12.9 13.4 15.1 19.8 27.1 35.4 45.7 51.8 55.1 56.6 56.3 55.9 56.3 55.0 54.4 55.6 52.3 48.8 50.3 52.3 54.9 62.9 69.4 79.1 96.4 101.3 107.9 113.8 131.8 134.5 130.7 114.8 117.8 130.5 151.6 160.3 155.7 139.8 120.1 116.3 116.7 97.3 83.5
-9999.0 -9999.0 -9999.0 -9999.0 -9999.0 -9999.0 -9999.0 -9999.0 -9999.0 -9999.0 -9999.0 -9999.0 0.1 0.1 0.4 0.6 1.0 1.1 2.4 3.6 4.1 5.3 7.4 8.1 9.0 9.0 9.2 9.2 9.1 9.6 10.5 12.3 13.2 13.8 13.8 14.4 16.8 22.7 31.6 45.2 55.9 59.9 70.6 57.5 59.0 57.2 52.2 46.8 46.4 45.3 42.7 42.6 40.3 42.3 49.8 65.4 73.9 84.2 96.0 116.0 125.9 134.9 136.7 147.9 124.1 100.6 112.5 135.7 155.5 154.6 150.6 154.0 138.1 139.9 184.0 135.0 153.8
-9999.0 -9999.0 -9999.0 -9999.0 -9999.0 -9999.0 -9999.0 -9999.0 -9999.0 -9999.0 -9999.0 -9999.0 -9999.0 0.0 0.1 0.4 0.6 1.1 1.7 2.7 3.1 5.5 6.5 7.4 8.5 8.5 8.3 7.7 7.9 7.6 9.5 11.2 13.5 14.8 15.5 18.0 21.1 26.1 37.0 49.6 63.2 78.2 81.5 75.4 60.1 50.2 43.2 33.5 31.5 28.8 27.4 28.7 31.4 37.7 42.6 51.8 70.7 85.9 96.7 102.7 123.4 122.9 155.1 146.6 91.2 82.2 86.2 102.5 116.3 140.2 143.6 136.9 145.1 120.5 136.4 129.0 119.8
-9999.0 -9999.0 -9999.0 -9999.0 -9999.0 -9999.0 -9999.0 -9999.0 -9999.0 -9999.0 -9999.0 -9999.0 -9999.0 0.0 0.1 0.2 0.3 0.8 1.5 2.6 3.2 4.8 6.1 7.5 8.2 8.2 7.8 6.6 6.2 8.5 8.8 10.4 12.5 15.4 18.0 20.3 22.7 29.2 41.1 58.2 68.4 80.8 84.6 77.3 65.3 47.5 34.3 22.2 17.2 14.2 15.0 13.9 19.4 25.5 32.2 41.5 55.1 70.3 84.3 111.7 122.4 155.5 165.3 134.9 97.4 77.0 72.6 76.7 93.5 113.7 134.0 142.8 140.4 145.0 149.4 157.2 168.6
-9999.0 -9999.0 -9999.0 -9999.0 -9999.0 -9999.0 -9999.0 -9999.0 -9999.0 -9999.0 -9999.0 -9999.0 -9999.0 -9999.0 -9999.0 0.1 0.3 0.6 1.3 2.5 3.7 5.5 7.1 8.1 8.7 8.6 8.9 7.4 8.1 5.4 6.8 8.1 13.0 15.9 18.1 23.9 29.7 28.8 38.9 51.1 66.7 76.1 78.8 72.1 57.6 43.7 26.7 17.0 9.7 5.6 5.0 10.0 10.1 15.0 19.3 28.6 38.5 45.5 67.1 85.9 123.7 160.9 187.7 162.5 117.4 90.1 81.3 81.4 93.1 131.7 152.7 160.4 190.8 186.6 180.6 200.4 202.3
-9999.0 -9999.0 -9999.0 -9999.0 -9999.0 -9999.0 -9999.0 -9999.0 -9999.0 -9999.0 -9999.0 -9999.0 -9999.0 -9999.0 -9999.0 -9999.0 -9999.0 0.1 0.8 -9999.0 3.8 6.0 7.7 9.0 9.9 9.7 10.1 8.3 5.5 6.5 5.1 5.1 12.8 12.4 15.1 20.3 30.5 25.1 35.8 44.8 55.9 65.1 66.6 61.6 72.5 44.9 91.2 14.0 6.7 3.5 5.7 3.1 9.7 8.8 13.1 18.3 22.4 36.1 50.5 70.9 109.1 162.8 195.8 175.8 147.8 132.3 127.7 134.9 145.9 174.5 172.6 231.0 234.6 225.7 231.8 245.3 257.5
-9999.0 -9999.0 -9999.0 -9999.0 -9999.0 -9999.0 -9999.0 -9999.0 -9999.0 -9999.0 -9999.0 -9999.0 -9999.0 -9999.0 -9999.0 -9999.0 -9999.0 -9999.0 -9999.0 -9999.0 -9999.0 6.7 9.0 10.6 11.7 10.8 9.7 7.9 6.3 3.7 3.7 3.0 6.5 10.9 13.0 18.2 21.9 25.3 27.5 33.7 42.8 51.7 53.0 49.6 74.2 34.2 142.1 20.5 7.3 13.3 2.5 4.2 4.9 5.7 7.3 11.5 16.4 21.7 39.4 55.5 102.2 154.7 187.5 182.3 164.9 172.7 188.4 205.6 209.5 229.5 242.9 260.8 262.3 271.1 280.1 295.7 320.7
-9999.0 -9999.0 -9999.0 -9999.0 -9999.0 -9999.0 -9999.0 -9999.0 -9999.0 -9999.0 -9999.0 -9999.0 -9999.0 -9999.0 -9999.0 -9999.0 -9999.0 -9999.0 -9999.0 -9999.0 -9999.0 -9999.0 -9999.0 9.6 13.8 13.7 12.7 11.0 10.6 6.0 5.6 6.9 14.3 13.6 18.5 20.5 25.9 23.9 29.8 33.5 35.6 40.6 41.3 47.1 77.7 180.2 72.4 43.3 53.0 51.5 11.4 3.5 7.3 5.2 5.2 5.4 9.5 18.0 27.0 42.4 85.8 122.7 154.5 161.2 168.4 190.7 227.2 246.8 260.1 266.2 273.4 272.7 276.7 279.5 299.2 317.7 337.8
-9999.0 -9999.0 -9999.0 -9999.0 -9999.0 -9999.0 -9999.0 -9999.0 -9999.0 -9999.0 -9999.0 -9999.0 -9999.0 -9999.0 -9999.0 -9999.0 -9999.0 -9999.0 -9999.0 -9999.0 -9999.0 -9999.0 -9999.0 -9999.0 -9999.0 9.5 15.2 19.3 17.0 18.7 12.5 8.6 10.3 15.1 15.1 22.8 30.7 22.9 27.6 25.0 30.5 30.8 79.8 78.1 156.6 195.0 153.4 202.4 18.6 45.2 5.7 6.8 4.8 4.9 5.6 5.0 7.1 12.0 21.5 32.9 48.4 69.3 83.7 99.9 124.2 170.1 218.2 218.4 229.7 241.6 251.4 249.0 251.9 238.3 243.1 273.6 304.4
-9999.0 -9999.0 -9999.0 -9999.0 -9999.0 -9999.0 -9999.0 -9999.0 -9999.0 -9999.0 -9999.0 -9999.0 -9999.0 -9999.0 -9999.0 -9999.0 -9999.0 -9999.0 -9999.0 -9999.0 -9999.0 -9999.0 -9999.0 -9999.0 -9999.0 -9999.0 -9999.0 10.3 11.0 13.1 11.9 11.9 21.4 14.9 20.4 23.2 19.6 20.5 27.4 23.4 24.7 38.7 95.2 157.0 179.3 202.2 214.1 211.5 198.8 102.3 122.7 87.3 11.6 9.5 5.7 5.0 8.7 15.1 19.1 28.4 36.6 37.1 46.2 55.8 81.0 115.0 163.7 183.6 192.5 204.0 207.3 199.1 189.3 175.2 180.7 203.4 238.3
-9999.0 -9999.0 -9999.0 -9999.0 -9999.0 -9999.0 -9999.0 -9999.0 -9999.0 -9999.0 -9999.0 -9999.0 -9999.0 -9999.0 -9999.0 -9999.0 -9999.0 -9999.0 -9999.0 -9999.0 -9999.0 -9999.0 -9999.0 -9999.0 -9999.0 -9999.0 -9999.0 -9999.0 -9999.0 -9999.0 -9999.0 -9999.0 -9999.0 21.3 22.6 -9999.0 -9999.0 -9999.0 48.6 33.1 57.2 88.7 89.2 168.9 194.2 206.0 -9999.0 -9999.0 -9999.0 -9999.0 -9999.0 -9999.0 28.5 6.8 8.8 8.8 11.4 20.3 25.1 29.5 25.9 23.7 22.0 31.6 56.4 90.3 125.3 152.9 169.4 176.1 179.4 169.6 158.7 139.4 150.0 170.8 220.2
-9999.0 -9999.0 -9999.0 -9999.0 -9999.0 -9999.0 -9999.0 -9999.0 -9999.0 -9999.0 -9999.0 -9999.0 -9999.0 -9999.0 -9999.0 -9999.0 -9999.0 -9999.0 -9999.0 -9999.0 -9999.0 -9999.0 -9999.0 -9999.0 -9999.0 -9999.0 -9999.0 -9999.0 -9999.0 -9999.0 -9999.0 -9999.0 -9999.0 -9999.0 -9999.0 -9999.0 -9999.0 -9999.0 -9999.0 94.9 112.9 133.4 154.2 173.4 -9999.0 -9999.0 -9999.0 -9999.0 -9999.0 -9999.0 -9999.0 -9999.0 25.4 8.1 5.7 7.4 13.2 21.1 29.1 31.7 26.4 19.2 19.9 27.3 60.6 98.3 130.2 154.5 168.4 178.5 183.6 183.9 167.6 169.7 179.7 209.2 240.1
-9999.0 -9999.0 -9999.0 -9999.0 -9999.0 -9999.0 -9999.0 -9999.0 -9999.0 -9999.0 -9999.0 -9999.0 -9999.0 -9999.0 -9999.0 -9999.0 -9999.0 -9999.0 -9999.0 -9999.0 -9999.0 -9999.0 -9999.0 -9999.0 -9999.0 -9999.0 -9999.0 -9999.0 -9999.0 -9999.0 -9999.0 -9999.0 -9999.0 -9999.0 -9999.0 -9999.0 -9999.0 -9999.0 -9999.0 -9999.0 -9999.0 -9999.0 -9999.0 -9999.0 -9999.0 -9999.0 -9999.0 -9999.0 -9999.0 -9999.0 -9999.0 -9999.0 52.7 11.3 6.0 7.6 10.0 18.2 28.2 32.8 26.8 18.6 34.8 27.4 59.7 97.8 122.9 155.5 170.1 183.2 205.2 216.8 222.6 223.6 253.8 293.8 319.7
-9999.0 -9999.0 -9999.0 -9999.0 -9999.0 -9999.0 -9999.0 -9999.0 -9999.0 -9999.0 -9999.0 -9999.0 -9999.0 -9999.0 -9999.0 -9999.0 -9999.0 -9999.0 -9999.0 -9999.0 -9999.0 -9999.0 -9999.0 -9999.0 -9999.0 -9999.0 -9999.0 -9999.0 -9999.0 -9999.0 -9999.0 -9999.0 -9999.0 -9999.0 -9999.0 -9999.0 -9999.0 -9999.0 -9999.0 -9999.0 -9999.0 -9999.0 -9999.0 -9999.0 -9999.0 -9999.0 -9999.0 -9999.0 -9999.0 -9999.0 -9999.0 78.4 39.8 16.9 6.9 6.1 8.6 18.9 26.9 22.1 27.8 20.6 15.7 25.9 59.9 102.3 127.1 146.5 156.8 177.6 208.5 217.1 208.4 231.9 295.2 362.6 378.1
-9999.0 -9999.0 -9999.0 -9999.0 -9999.0 -9999.0 -9999.0 -9999.0 -9999.0 -9999.0 -9999.0 -9999.0 -9999.0 -9999.0 -9999.0 -9999.0 -9999.0 -9999.0 -9999.0 -9999.0 -9999.0 -9999.0 -9999.0 -9999.0 -9999.0 -9999.0 -9999.0 -9999.0 -9999.0 -9999.0 -9999.0 -9999.0 -9999.0 -9999.0 -9999.0 -9999.0 -9999.0 -9999.0 -9999.0 -9999.0 -9999.0 -9999.0 -9999.0 -9999.0 -9999.0 -9999.0 -9999.0 -9999.0 -9999.0 -9999.0 104.6 86.8 53.2 29.4 14.1 11.1 8.3 10.0 21.2 28.0 21.3 21.5 18.2 31.0 71.3 123.7 140.0 146.2 145.2 165.7 184.4 175.3 179.3 226.4 287.2 336.3 399.9
-9999.0 -9999.0 -9999.0 -9999.0 -9999.0 -9999.0 -9999.0 -9999.0 -9999.0 -9999.0 -9999.0 -9999.0 -9999.0 -9999.0 -9999.0 -9999.0 -9999.0 -9999.0 -9999.0 -9999.0 -9999.0 -9999.0 -9999.0 -9999.0 -9999.0 -9999.0 -9999.0 -9999.0 -9999.0 -9999.0 -9999.0 -9999.0 -9999.0 -9999.0 -9999.0 -9999.0 -9999.0 -9999.0 -9999.0 -9999.0 -9999.0 -9999.0 -9999.0 -9999.0 -9999.0 -9999.0 -9999.0 -9999.0 -9999.0 -9999.0 103.3 106.4 73.2 52.3 32.8 20.1 10.2 21.6 24.2 18.1 12.9 14.7 22.5 44.2 84.6 151.2 154.5 155.3 145.2 171.6 181.6 176.6 178.2 209.5 260.6 304.6 293.9
-9999.0 -9999.0 -9999.0 -9999.0 -9999.0 -9999.0 -9999.0 -9999.0 -9999.0 -9999.0 -9999.0 -9999.0 -9999.0 -9999.0 -9999.0 -9999.0 -9999.0 -9999.0 -9999.0 -9999.0 -9999.0 -9999.0 -9999.0 -9999.0 -9999.0 -9999.0 -9999.0 -9999.0 -9999.0 -9999.0 -9999.0 -9999.0 -9999.0 -9999.0 -9999.0 -9999.0 -9999.0 -9999.0 -9999.0 -9999.0 -9999.0 -9999.0 -9999.0 -9999.0 -9999.0 -9999.0 -9999.0 -9999.0 -9999.0 -9999.0 94.6 104.0 72.6 77.8 45.5 30.6 37.9 27.2 28.0 11.7 13.1 16.3 25.7 52.6 79.9 102.0 131.2 148.0 165.3 164.9 208.9 197.0 221.0 214.8 229.8 238.9 224.9
-9999.0 -9999.0 -9999.0 -9999.0 -9999.0 -9999.0 -9999.0 -9999.0 -9999.0 -9999.0 -9999.0 -9999.0 -9999.0 -9999.0 -9999.0 -9999.0 -9999.0 -9999.0 -9999.0 -9999.0 -9999.0 -9999.0 -9999.0 -9999.0 -9999.0 -9999.0 -9999.0 -9999.0 -9999.0 -9999.0 -9999.0 -9999.0 -9999.0 -9999.0 -9999.0 -9999.0 -9999.0 -9999.0 -9999.0 -9999.0 -9999.0 -9999.0 -9999.0 -9999.0 -9999.0 -9999.0 -9999.0 -9999.0 -9999.0 -9999.0 122.6 126.7 98.1 84.6 63.0 57.2 29.9 38.8 32.2 17.0 23.9 26.1 32.6 51.7 62.1 62.2 64.9 97.0 120.8 204.0 209.2 239.9 249.1 214.4 194.5 184.1 188.0
-9999.0 -9999.0 -9999.0 -9999.0 -9999.0 -9999.0 -9999.0 -9999.0 -9999.0 -9999.0 -9999.0 -9999.0 -9999.0 -9999.0 -9999.0 -9999.0 -9999.0 -9999.0 -9999.0 -9999.0 -9999.0 -9999.0 -9999.0 -9999.0 -9999.0 -9999.0 -9999.0 -9999.0 -9999.0 -9999.0 -9999.0 -9999.0 -9999.0 -9999.0 -9999.0 -9999.0 -9999.0 -9999.0 -9999.0 -9999.0 -9999.0 -9999.0 -9999.0 -9999.0 -9999.0 -9999.0 -9999.0 -9999.0 -9999.0 -9999.0 -9999.0 -9999.0 -9999.0 64.3 49.8 44.2 51.1 59.8 39.9 37.3 72.8 46.8 64.7 58.4 51.7 48.4 50.6 97.7 120.6 143.4 160.3 197.5 214.2 191.8 169.9 165.9 173.1
-9999.0 -9999.0 -9999.0 -9999.0 -9999.0 -9999.0 -9999.0 -9999.0 -9999.0 -9999.0 -9999.0 -9999.0 -9999.0 -9999.0 -9999.0 -9999.0 -9999.0 -9999.0 -9999.0 -9999.0 -9999.0 -9999.0 -9999.0 -9999.0 -9999.0 -9999.0 -9999.0 -9999.0 -9999.0 -9999.0 -9999.0 -9999.0 -9999.0 -9999.0 -9999.0 -9999.0 -9999.0 -9999.0 -9999.0 -9999.0 -9999.0 -9999.0 -9999.0 -9999.0 -9999.0 -9999.0 -9999.0 -9999.0 -9999.0 -9999.0 -9999.0 -9999.0 -9999.0 52.3 38.9 70.7 59.6 72.7 83.4 103.0 88.2 77.6 103.8 75.3 64.1 59.1 93.3 77.6 118.8 121.2 128.6 162.7 176.5 171.1 165.8 159.8 173.6
-9999.0 -9999.0 -9999.0 -9999.0 -9999.0 -9999.0 -9999.0 -9999.0 -9999.0 -9999.0 -9999.0 -9999.0 -9999.0 -9999.0 -9999.0 -9999.0 -9999.0 -9999.0 -9999.0 -9999.0 -9999.0 -9999.0 -9999.0 -9999.0 -9999.0 -9999.0 -9999.0 -9999.0 -9999.0 -9999.0 -9999.0 -9999.0 -9999.0 -9999.0 -9999.0 -9999.0 -9999.0 -9999.0 -9999.0 -9999.0 -9999.0 -9999.0 -9999.0 -9999.0 -9999.0 -9999.0 -9999.0 -9999.0 -9999.0 -9999.0 -9999.0 -9999.0 -9999.0 41.0 27.4 51.0 69.3 95.9 116.3 117.8 136.6 131.4 135.7 104.9 85.2 -9999.0 -9999.0 -9999.0 112.4 133.4 152.4 182.2 199.3 189.9 171.0 162.6 176.8
-9999.0 -9999.0 -9999.0 -9999.0 -9999.0 -9999.0 -9999.0 -9999.0 -9999.0 -9999.0 -9999.0 -9999.0 -9999.0 -9999.0 -9999.0 -9999.0 -9999.0 -9999.0 -9999.0 -9999.0 -9999.0 -9999.0 -9999.0 -9999.0 -9999.0 -9999.0 -9999.0 -9999.0 -9999.0 -9999.0 -9999.0 -9999.0 -9999.0 -9999.0 -9999.0 -9999.0 -9999.0 -9999.0 -9999.0 -9999.0 -9999.0 -9999.0 -9999.0 -9999.0 -9999.0 -9999.0 -9999.0 -9999.0 -9999.0 -9999.0 -9999.0 -9999.0 -9999.0 -9999.0 34.1 45.5 65.2 99.9 132.3 155.0 127.5 -9999.0 -9999.0 -9999.0 -9999.0 -9999.0 -9999.0 -9999.0 134.0 157.3 182.5 238.2 244.4 201.3 159.3 146.8 159.2
-9999.0 -9999.0 -9999.0 -9999.0 -9999.0 -9999.0 -9999.0 -9999.0 -9999.0 -9999.0 -9999.0 -9999.0 -9999.0 -9999.0 -9999.0 -9999.0 -9999.0 -9999.0 -9999.0 -9999.0 -9999.0 -9999.0 -9999.0 -9999.0 -9999.0 -9999.0 -9999.0 -9999.0 -9999.0 -9999.0 -9999.0 -9999.0 -9999.0 -9999.0 -9999.0 -9999.0 -9999.0 -9999.0 -9999.0 -9999.0 -9999.0 -9999.0 -9999.0 -9999.0 -9999.0 -9999.0 -9999.0 -9999.0 -9999.0 -9999.0 -9999.0 -9999.0 -9999.0 -9999.0 -9999.0 40.6 75.0 96.9 119.7 141.7 139.9 -9999.0 -9999.0 -9999.0 -9999.0 -9999.0 -9999.0 -9999.0 -9999.0 -9999.0 215.9 -9999.0 -9999.0 -9999.0 -9999.0 -9999.0 132.7
-9999.0 -9999.0 -9999.0 -9999.0 -9999.0 -9999.0 -9999.0 -9999.0 -9999.0 -9999.0 -9999.0 -9999.0 -9999.0 -9999.0 -9999.0 -9999.0 -9999.0 -9999.0 -9999.0 -9999.0 -9999.0 -9999.0 -9999.0 -9999.0 -9999.0 -9999.0 -9999.0 -9999.0 -9999.0 -9999.0 -9999.0 -9999.0 -9999.0 -9999.0 -9999.0 -9999.0 -9999.0 -9999.0 -9999.0 -9999.0 -9999.0 -9999.0 -9999.0 -9999.0 -9999.0 -9999.0 -9999.0 -9999.0 -9999.0 -9999.0 -9999.0 -9999.0 -9999.0 -9999.0 -9999.0 -9999.0 -9999.0 -9999.0 106.9 114.6 -9999.0 -9999.0 -9999.0 -9999.0 -9999.0 -9999.0 -9999.0 -9999.0 -9999.0 -9999.0 -9999.0 -9999.0 -9999.0 -9999.0 -9999.0 109.1 127.7
-9999.0 -9999.0 -9999.0 -9999.0 -9999.0 -9999.0 -9999.0 -9999.0 -9999.0 -9999.0 -9999.0 -9999.0 -9999.0 -9999.0 -9999.0 -9999.0 -9999.0 -9999.0 -9999.0 -9999.0 -9999.0 -9999.0 -9999.0 -9999.0 -9999.0 -9999.0 -9999.0 -9999.0 -9999.0 -9999.0 -9999.0 -9999.0 -9999.0 -9999.0 -9999.0 -9999.0 -9999.0 -9999.0 -9999.0 -9999.0 -9999.0 -9999.0 -9999.0 -9999.0 -9999.0 -9999.0 -9999.0 -9999.0 -9999.0 -9999.0 -9999.0 -9999.0 -9999.0 -9999.0 -9999.0 -9999.0 -9999.0 -9999.0 -9999.0 -9999.0 -9999.0 -9999.0 -9999.0 -9999.0 -9999.0 -9999.0 -9999.0 -9999.0 -9999.0 -9999.0 -9999.0 -9999.0 -9999.0 -9999.0 -9999.0 -9999.0 -9999.0
