program/excelProcessViaJava/data/SURF_CLI_CHN_PRE_MON_GRID_0.5-199402.txt
NCOLS      128
NROWS       72
XLLCORNER    72.000000000000    
YLLCORNER    18.000000000000    
CELLSIZE    0.50000000000000    
NODATA_VALUE   -9999.000    
[rows 35 to 69 of 72, columns 0 to 78 of 128]
-9999.0 -9999.0 -9999.0 -9999.0 -9999.0 -9999.0 -9999.0 1.8 1.2 0.5 0.4 0.2 0.1 0.0 0.0 0.1 0.0 0.0 0.0 0.0 0.0 0.0 0.0 0.0 0.0 0.1 0.1 0.3 0.6 1.0 1.5 2.0 2.3 2.7 3.2 2.8 3.5 3.0 3.8 3.9 1.3 4.0 3.1 1.4 0.5 0.2 0.2 0.2 0.5 0.8 1.8 3.0 3.3 6.6 4.5 0.8 0.5 0.6 3.1 1.9 4.4 1.5 1.4 2.9 5.7 5.2 7.9 9.9 10.2 11.7 10.8 10.0 10.5 10.6 9.8 11.0 7.6 8.1 7.6
-9999.0 -9999.0 -9999.0 -9999.0 -9999.0 -9999.0 -9999.0 3.4 1.3 0.9 0.5 0.2 0.1 0.1 0.0 0.0 0.0 0.0 0.0 0.0 0.0 0.0 0.0 0.0 0.0 0.1 0.1 0.3 0.5 0.9 1.5 2.0 2.4 3.0 2.9 3.0 2.7 3.1 2.9 2.5 2.6 2.5 2.6 3.9 1.1 0.4 0.4 0.6 1.9 2.4 6.2 7.0 5.1 4.9 6.2 1.3 0.9 1.5 2.9 3.7 3.6 4.0 3.0 5.3 6.2 7.0 7.8 8.7 11.4 12.4 13.5 13.2 12.0 11.8 9.8 14.4 13.1 8.4 5.6
-9999.0 -9999.0 -9999.0 -9999.0 -9999.0 -9999.0 -9999.0 -9999.0 -9999.0 1.2 0.6 0.3 0.2 0.1 0.0 0.0 0.0 0.0 0.0 0.0 0.0 0.0 0.0 0.0 0.0 0.1 0.1 0.2 0.5 0.9 1.4 1.9 2.3 2.8 2.6 2.6 2.3 2.4 2.1 2.3 2.0 2.3 2.1 1.6 1.7 1.3 1.1 1.1 1.8 3.1 5.7 7.1 7.2 5.7 7.0 2.2 1.2 1.8 3.4 3.6 4.0 5.0 6.0 5.9 7.7 7.8 8.0 8.6 11.6 12.6 14.3 13.7 11.8 11.6 13.2 7.9 7.1 7.3 8.2
-9999.0 -9999.0 -9999.0 -9999.0 -9999.0 -9999.0 -9999.0 -9999.0 -9999.0 -9999.0 -9999.0 0.6 0.2 0.1 0.1 0.0 0.0 0.0 0.0 0.0 0.0 0.0 0.0 0.0 0.0 0.1 0.1 0.2 0.5 0.8 1.3 1.9 2.3 2.7 2.7 3.2 2.3 2.1 3.3 1.9 2.4 2.1 1.9 1.8 2.8 1.6 2.6 1.7 2.6 3.7 5.0 7.3 8.5 8.8 9.5 5.6 2.9 3.8 4.1 4.5 5.4 5.2 5.9 7.0 8.1 7.5 6.7 9.0 10.9 12.1 13.4 13.8 12.2 9.9 6.4 5.9 5.9 8.9 11.0
-9999.0 -9999.0 -9999.0 -9999.0 -9999.0 -9999.0 -9999.0 -9999.0 -9999.0 -9999.0 -9999.0 -9999.0 0.5 0.2 0.1 0.1 0.0 0.0 0.0 0.0 0.0 0.0 0.0 0.0 0.0 0.1 0.1 0.2 0.4 0.7 1.3 1.8 2.4 3.0 3.2 2.8 3.3 2.1 1.5 1.3 1.4 1.8 2.2 3.1 3.2 3.4 3.6 2.4 3.0 4.3 7.6 9.9 10.3 9.0 8.9 8.9 8.0 9.7 5.1 8.4 7.1 8.2 8.5 8.5 7.9 10.8 9.5 11.7 12.4 12.4 13.8 16.2 13.9 9.9 9.6 14.3 11.4 12.1 13.2
-9999.0 -9999.0 -9999.0 -9999.0 -9999.0 -9999.0 -9999.0 -9999.0 -9999.0 -9999.0 -9999.0 -9999.0 1.0 0.5 0.3 0.1 0.1 0.0 0.0 0.0 0.0 0.0 0.0 0.0 0.1 0.1 0.1 0.3 0.4 0.8 1.1 1.8 2.5 3.0 3.3 2.9 3.0 2.5 1.7 1.4 1.3 1.8 3.5 3.9 5.6 6.8 5.7 4.9 4.2 5.7 7.3 10.5 10.8 12.5 9.1 11.4 8.9 10.8 8.3 8.7 8.3 8.7 10.9 12.8 7.0 10.9 5.2 9.2 12.2 13.0 12.8 14.5 15.3 14.0 14.6 13.9 13.7 14.5 14.8
-9999.0 -9999.0 -9999.0 -9999.0 -9999.0 -9999.0 -9999.0 -9999.0 -9999.0 -9999.0 -9999.0 -9999.0 -9999.0 1.0 0.5 0.4 0.1 0.1 0.1 0.1 0.0 0.1 0.0 0.1 0.1 0.1 0.1 0.1 0.2 0.5 1.0 1.7 2.5 3.3 3.4 3.2 2.6 2.2 3.7 2.1 2.0 3.1 4.3 7.0 8.2 9.4 10.5 10.3 9.6 9.1 9.9 10.3 11.2 19.5 16.9 14.5 11.4 14.2 20.3 15.9 13.6 10.8 13.3 10.5 2.4 7.1 12.2 13.5 16.5 14.0 8.4 7.1 10.0 12.5 15.4 14.0 14.6 16.6 16.3
-9999.0 -9999.0 -9999.0 -9999.0 -9999.0 -9999.0 -9999.0 -9999.0 -9999.0 -9999.0 -9999.0 -9999.0 3.0 1.9 1.1 0.8 0.3 0.2 0.1 0.2 0.2 0.2 0.1 0.2 0.3 0.1 0.1 0.2 0.2 0.4 0.8 1.5 2.3 3.4 4.1 3.8 3.6 1.9 1.3 1.5 3.5 5.9 8.5 7.6 10.9 13.4 14.3 13.1 11.7 10.6 12.4 15.6 12.7 15.8 12.7 12.3 17.1 6.8 15.3 12.0 12.6 15.5 14.9 19.3 16.0 12.8 6.4 12.0 20.4 20.7 15.8 8.7 4.5 2.4 3.3 5.4 9.1 15.3 16.2
-9999.0 -9999.0 -9999.0 -9999.0 -9999.0 -9999.0 -9999.0 -9999.0 -9999.0 -9999.0 -9999.0 -9999.0 5.1 4.5 2.8 1.5 0.9 1.0 0.7 0.4 0.8 0.4 0.5 0.5 0.7 0.7 0.4 0.3 0.3 0.4 0.7 1.2 2.0 3.4 4.3 4.5 3.3 2.3 1.5 1.1 1.9 3.1 5.3 8.6 11.9 14.7 16.3 15.1 12.9 8.7 7.8 11.2 8.4 6.8 7.0 5.1 10.8 15.1 12.3 18.5 20.3 22.8 13.5 14.4 15.1 9.3 16.0 12.6 12.2 11.8 8.6 5.3 4.9 11.4 13.7 5.5 3.8 9.4 13.3
-9999.0 -9999.0 -9999.0 -9999.0 -9999.0 -9999.0 -9999.0 -9999.0 -9999.0 -9999.0 -9999.0 -9999.0 10.9 6.5 6.2 4.2 3.2 1.6 1.6 1.3 0.8 0.7 1.3 0.9 1.1 0.4 0.3 0.1 0.2 0.2 0.3 0.5 1.6 3.0 4.3 4.8 4.0 2.7 1.6 2.0 2.2 2.9 7.7 7.3 11.3 14.5 14.9 12.0 8.0 6.0 5.5 3.7 14.7 17.7 11.4 2.0 7.8 13.3 16.6 10.1 10.8 13.3 28.6 14.8 9.5 8.0 10.7 13.7 14.5 9.8 6.7 10.1 11.3 16.7 26.4 13.7 19.9 6.5 13.3
-9999.0 -9999.0 -9999.0 -9999.0 -9999.0 -9999.0 -9999.0 -9999.0 -9999.0 -9999.0 -9999.0 -9999.0 -9999.0 11.2 8.5 7.8 5.9 5.2 3.6 3.1 2.3 3.1 2.4 1.9 2.8 1.6 1.0 0.6 0.1 0.2 0.1 0.2 0.8 2.1 3.6 5.1 5.0 2.8 2.1 1.7 2.4 7.5 10.9 10.9 9.2 9.6 10.0 5.4 6.0 4.0 1.5 5.2 4.3 1.5 9.6 11.3 3.1 6.0 13.1 25.1 20.1 41.9 23.1 9.4 5.9 4.9 7.2 11.5 12.3 12.1 8.2 6.0 10.8 3.7 10.0 5.4 5.4 10.1 20.9
-9999.0 -9999.0 -9999.0 -9999.0 -9999.0 -9999.0 -9999.0 -9999.0 -9999.0 -9999.0 -9999.0 -9999.0 -9999.0 26.2 15.1 14.2 10.3 11.0 9.7 8.4 6.4 6.0 5.3 5.2 7.7 4.1 1.9 1.3 0.2 0.0 0.0 0.1 0.2 1.0 2.4 3.7 3.3 2.5 3.0 7.2 4.1 6.5 8.7 9.8 14.2 7.9 6.0 2.2 1.5 1.0 1.9 0.2 2.5 6.8 11.2 8.8 4.0 6.4 14.4 4.6 20.2 6.6 7.1 9.9 4.9 3.0 4.8 8.4 11.5 10.4 7.9 6.2 5.6 7.5 10.1 15.4 24.6 20.1 29.5
-9999.0 -9999.0 -9999.0 -9999.0 -9999.0 -9999.0 -9999.0 -9999.0 -9999.0 -9999.0 -9999.0 -9999.0 -9999.0 -9999.0 -9999.0 24.4 22.9 19.1 19.4 20.8 15.4 17.4 17.4 14.4 10.6 7.7 2.4 1.2 0.1 0.0 0.0 0.0 0.1 0.4 1.1 3.2 5.1 1.3 2.1 3.4 7.7 10.0 9.7 8.3 4.8 4.2 3.4 1.5 1.0 0.5 0.3 3.9 1.2 2.6 0.2 4.6 6.3 0.7 16.9 24.1 4.0 3.7 14.8 10.2 5.3 2.8 3.4 6.0 9.4 11.3 8.8 6.0 9.4 11.2 13.6 27.3 34.2 45.7 48.8
-9999.0 -9999.0 -9999.0 -9999.0 -9999.0 -9999.0 -9999.0 -9999.0 -9999.0 -9999.0 -9999.0 -9999.0 -9999.0 -9999.0 -9999.0 -9999.0 -9999.0 115.3 63.2 -9999.0 52.4 32.4 40.3 36.7 22.0 17.1 6.4 3.3 1.2 0.1 0.0 0.0 0.0 0.1 0.4 0.9 4.6 0.3 2.1 3.6 6.2 11.2 8.5 5.9 6.8 4.4 32.7 3.5 1.2 0.8 2.0 0.5 1.2 3.2 4.9 5.9 2.7 11.7 14.9 21.2 0.7 5.1 12.4 12.0 7.2 4.2 4.2 6.6 9.7 11.5 8.9 11.4 13.2 13.9 22.2 34.6 39.9 44.7 53.3
-9999.0 -9999.0 -9999.0 -9999.0 -9999.0 -9999.0 -9999.0 -9999.0 -9999.0 -9999.0 -9999.0 -9999.0 -9999.0 -9999.0 -9999.0 -9999.0 -9999.0 -9999.0 -9999.0 -9999.0 -9999.0 72.8 59.8 41.0 43.1 50.0 32.6 16.6 4.7 1.2 0.0 0.1 0.0 0.1 0.2 0.5 0.7 0.8 0.5 0.2 0.5 10.8 10.8 7.0 6.6 3.9 56.0 6.2 4.8 28.0 2.2 7.1 7.3 3.3 4.1 7.2 8.2 5.8 23.7 16.9 0.8 1.2 7.3 10.5 11.3 8.3 7.3 8.3 9.5 11.1 10.8 12.0 13.2 13.9 18.2 25.4 28.7 29.0 44.0
-9999.0 -9999.0 -9999.0 -9999.0 -9999.0 -9999.0 -9999.0 -9999.0 -9999.0 -9999.0 -9999.0 -9999.0 -9999.0 -9999.0 -9999.0 -9999.0 -9999.0 -9999.0 -9999.0 -9999.0 -9999.0 -9999.0 -9999.0 168.7 96.1 84.6 63.1 35.0 10.6 4.6 0.4 0.1 0.2 0.2 0.9 1.6 4.2 2.2 7.3 10.9 9.9 14.2 5.8 2.8 8.0 63.9 21.6 17.9 29.1 31.8 11.6 8.7 10.9 9.3 6.4 2.7 5.5 12.5 3.2 15.9 0.8 1.1 1.4 3.6 7.6 12.4 11.5 10.0 13.1 11.0 13.1 12.2 12.8 17.9 16.3 21.2 34.5 41.6 52.8
-9999.0 -9999.0 -9999.0 -9999.0 -9999.0 -9999.0 -9999.0 -9999.0 -9999.0 -9999.0 -9999.0 -9999.0 -9999.0 -9999.0 -9999.0 -9999.0 -9999.0 -9999.0 -9999.0 -9999.0 -9999.0 -9999.0 -9999.0 -9999.0 -9999.0 261.6 148.0 37.7 23.4 12.1 4.2 2.1 1.3 1.2 1.4 4.8 14.6 6.6 15.5 10.7 20.1 8.8 5.6 6.8 39.5 71.6 55.2 98.1 14.7 32.5 15.0 17.4 17.7 17.0 13.7 7.0 6.3 4.9 13.2 13.5 8.9 4.4 21.3 4.6 7.0 13.6 14.5 17.3 17.5 15.7 12.4 12.8 12.4 22.7 30.6 31.8 42.5 61.9 82.9
-9999.0 -9999.0 -9999.0 -9999.0 -9999.0 -9999.0 -9999.0 -9999.0 -9999.0 -9999.0 -9999.0 -9999.0 -9999.0 -9999.0 -9999.0 -9999.0 -9999.0 -9999.0 -9999.0 -9999.0 -9999.0 -9999.0 -9999.0 -9999.0 -9999.0 -9999.0 -9999.0 278.8 225.2 78.3 41.0 23.0 8.1 12.4 6.7 17.3 7.6 8.6 5.5 11.0 18.1 5.7 13.4 41.5 55.6 76.8 96.2 104.6 107.9 65.6 89.6 82.9 34.1 32.4 20.9 12.2 5.7 3.5 10.2 5.9 2.5 8.9 1.7 2.0 5.9 9.3 14.7 12.1 10.7 11.2 12.9 17.4 21.4 31.2 38.1 50.2 72.6 83.5 89.0
-9999.0 -9999.0 -9999.0 -9999.0 -9999.0 -9999.0 -9999.0 -9999.0 -9999.0 -9999.0 -9999.0 -9999.0 -9999.0 -9999.0 -9999.0 -9999.0 -9999.0 -9999.0 -9999.0 -9999.0 -9999.0 -9999.0 -9999.0 -9999.0 -9999.0 -9999.0 -9999.0 -9999.0 -9999.0 -9999.0 -9999.0 -9999.0 -9999.0 59.5 19.4 -9999.0 -9999.0 -9999.0 20.0 14.0 13.8 19.9 18.3 56.9 77.2 85.2 -9999.0 -9999.0 -9999.0 -9999.0 -9999.0 -9999.0 60.5 32.8 30.8 14.9 6.4 3.9 4.2 5.2 8.6 13.5 7.0 5.6 5.7 8.8 12.8 13.9 10.7 10.5 16.2 21.8 29.2 39.5 52.9 70.0 83.2 94.5 95.8
-9999.0 -9999.0 -9999.0 -9999.0 -9999.0 -9999.0 -9999.0 -9999.0 -9999.0 -9999.0 -9999.0 -9999.0 -9999.0 -9999.0 -9999.0 -9999.0 -9999.0 -9999.0 -9999.0 -9999.0 -9999.0 -9999.0 -9999.0 -9999.0 -9999.0 -9999.0 -9999.0 -9999.0 -9999.0 -9999.0 -9999.0 -9999.0 -9999.0 -9999.0 -9999.0 -9999.0 -9999.0 -9999.0 -9999.0 73.2 67.5 68.1 71.1 74.9 -9999.0 -9999.0 -9999.0 -9999.0 -9999.0 -9999.0 -9999.0 -9999.0 60.1 37.9 26.5 16.2 8.5 5.6 6.0 10.4 17.1 20.7 19.4 11.7 13.0 13.9 15.6 12.2 10.3 12.6 17.2 23.4 34.4 41.0 60.4 80.2 93.4 103.9 101.6
-9999.0 -9999.0 -9999.0 -9999.0 -9999.0 -9999.0 -9999.0 -9999.0 -9999.0 -9999.0 -9999.0 -9999.0 -9999.0 -9999.0 -9999.0 -9999.0 -9999.0 -9999.0 -9999.0 -9999.0 -9999.0 -9999.0 -9999.0 -9999.0 -9999.0 -9999.0 -9999.0 -9999.0 -9999.0 -9999.0 -9999.0 -9999.0 -9999.0 -9999.0 -9999.0 -9999.0 -9999.0 -9999.0 -9999.0 -9999.0 -9999.0 -9999.0 -9999.0 -9999.0 -9999.0 -9999.0 -9999.0 -9999.0 -9999.0 -9999.0 -9999.0 -9999.0 66.7 44.3 30.8 22.4 15.1 10.6 11.2 19.7 29.4 33.0 41.2 22.7 19.9 14.8 12.3 11.8 12.3 16.1 22.2 26.4 29.4 44.2 64.2 95.1 98.6 114.2 125.2
-9999.0 -9999.0 -9999.0 -9999.0 -9999.0 -9999.0 -9999.0 -9999.0 -9999.0 -9999.0 -9999.0 -9999.0 -9999.0 -9999.0 -9999.0 -9999.0 -9999.0 -9999.0 -9999.0 -9999.0 -9999.0 -9999.0 -9999.0 -9999.0 -9999.0 -9999.0 -9999.0 -9999.0 -9999.0 -9999.0 -9999.0 -9999.0 -9999.0 -9999.0 -9999.0 -9999.0 -9999.0 -9999.0 -9999.0 -9999.0 -9999.0 -9999.0 -9999.0 -9999.0 -9999.0 -9999.0 -9999.0 -9999.0 -9999.0 -9999.0 -9999.0 64.8 64.5 52.9 47.3 36.2 29.1 23.9 22.3 24.9 46.0 48.4 38.2 31.2 23.2 15.9 13.6 12.7 16.2 22.1 30.4 34.6 42.6 60.7 78.7 101.8 96.9 127.7 121.9
-9999.0 -9999.0 -9999.0 -9999.0 -9999.0 -9999.0 -9999.0 -9999.0 -9999.0 -9999.0 -9999.0 -9999.0 -9999.0 -9999.0 -9999.0 -9999.0 -9999.0 -9999.0 -9999.0 -9999.0 -9999.0 -9999.0 -9999.0 -9999.0 -9999.0 -9999.0 -9999.0 -9999.0 -9999.0 -9999.0 -9999.0 -9999.0 -9999.0 -9999.0 -9999.0 -9999.0 -9999.0 -9999.0 -9999.0 -9999.0 -9999.0 -9999.0 -9999.0 -9999.0 -9999.0 -9999.0 -9999.0 -9999.0 -9999.0 -9999.0 62.1 70.4 71.8 66.5 61.3 54.7 48.8 40.2 38.6 49.1 52.2 52.4 40.7 32.8 22.7 16.9 15.7 15.6 20.8 22.8 31.1 34.6 43.9 54.4 64.4 72.8 102.8 89.6 121.9
-9999.0 -9999.0 -9999.0 -9999.0 -9999.0 -9999.0 -9999.0 -9999.0 -9999.0 -9999.0 -9999.0 -9999.0 -9999.0 -9999.0 -9999.0 -9999.0 -9999.0 -9999.0 -9999.0 -9999.0 -9999.0 -9999.0 -9999.0 -9999.0 -9999.0 -9999.0 -9999.0 -9999.0 -9999.0 -9999.0 -9999.0 -9999.0 -9999.0 -9999.0 -9999.0 -9999.0 -9999.0 -9999.0 -9999.0 -9999.0 -9999.0 -9999.0 -9999.0 -9999.0 -9999.0 -9999.0 -9999.0 -9999.0 -9999.0 -9999.0 58.9 80.3 64.0 76.5 73.7 69.4 59.0 62.0 59.8 52.5 41.9 36.9 26.8 21.9 16.5 15.5 14.1 12.5 16.4 16.6 23.2 31.1 39.7 45.9 50.0 57.4 66.0 83.8 90.9
-9999.0 -9999.0 -9999.0 -9999.0 -9999.0 -9999.0 -9999.0 -9999.0 -9999.0 -9999.0 -9999.0 -9999.0 -9999.0 -9999.0 -9999.0 -9999.0 -9999.0 -9999.0 -9999.0 -9999.0 -9999.0 -9999.0 -9999.0 -9999.0 -9999.0 -9999.0 -9999.0 -9999.0 -9999.0 -9999.0 -9999.0 -9999.0 -9999.0 -9999.0 -9999.0 -9999.0 -9999.0 -9999.0 -9999.0 -9999.0 -9999.0 -9999.0 -9999.0 -9999.0 -9999.0 -9999.0 -9999.0 -9999.0 -9999.0 -9999.0 56.7 61.5 55.1 81.5 65.2 62.5 72.0 63.5 61.5 37.6 30.8 24.7 17.2 11.0 7.7 5.9 7.0 7.1 8.6 19.7 18.0 37.9 36.3 41.4 37.8 43.5 50.7 63.8 66.5
-9999.0 -9999.0 -9999.0 -9999.0 -9999.0 -9999.0 -9999.0 -9999.0 -9999.0 -9999.0 -9999.0 -9999.0 -9999.0 -9999.0 -9999.0 -9999.0 -9999.0 -9999.0 -9999.0 -9999.0 -9999.0 -9999.0 -9999.0 -9999.0 -9999.0 -9999.0 -9999.0 -9999.0 -9999.0 -9999.0 -9999.0 -9999.0 -9999.0 -9999.0 -9999.0 -9999.0 -9999.0 -9999.0 -9999.0 -9999.0 -9999.0 -9999.0 -9999.0 -9999.0 -9999.0 -9999.0 -9999.0 -9999.0 -9999.0 -9999.0 66.7 72.0 60.0 60.0 54.7 60.7 37.5 49.1 43.8 28.6 22.0 15.6 11.9 6.8 3.8 2.2 2.9 5.2 13.7 6.6 18.3 29.8 41.9 43.6 40.4 50.9 56.2 62.3 57.4
-9999.0 -9999.0 -9999.0 -9999.0 -9999.0 -9999.0 -9999.0 -9999.0 -9999.0 -9999.0 -9999.0 -9999.0 -9999.0 -9999.0 -9999.0 -9999.0 -9999.0 -9999.0 -9999.0 -9999.0 -9999.0 -9999.0 -9999.0 -9999.0 -9999.0 -9999.0 -9999.0 -9999.0 -9999.0 -9999.0 -9999.0 -9999.0 -9999.0 -9999.0 -9999.0 -9999.0 -9999.0 -9999.0 -9999.0 -9999.0 -9999.0 -9999.0 -9999.0 -9999.0 -9999.0 -9999.0 -9999.0 -9999.0 -9999.0 -9999.0 -9999.0 -9999.0 -9999.0 36.5 28.5 27.2 30.1 33.9 19.3 17.2 23.7 13.6 12.7 7.1 3.1 1.6 3.3 4.3 13.8 20.0 22.4 30.8 41.8 47.7 55.4 70.2 74.5 66.6 61.4
-9999.0 -9999.0 -9999.0 -9999.0 -9999.0 -9999.0 -9999.0 -9999.0 -9999.0 -9999.0 -9999.0 -9999.0 -9999.0 -9999.0 -9999.0 -9999.0 -9999.0 -9999.0 -9999.0 -9999.0 -9999.0 -9999.0 -9999.0 -9999.0 -9999.0 -9999.0 -9999.0 -9999.0 -9999.0 -9999.0 -9999.0 -9999.0 -9999.0 -9999.0 -9999.0 -9999.0 -9999.0 -9999.0 -9999.0 -9999.0 -9999.0 -9999.0 -9999.0 -9999.0 -9999.0 -9999.0 -9999.0 -9999.0 -9999.0 -9999.0 -9999.0 -9999.0 -9999.0 28.5 19.2 32.7 15.2 10.7 10.3 12.7 6.8 9.0 13.6 6.9 3.8 2.4 2.3 10.5 13.4 20.6 24.1 33.1 45.0 54.6 66.9 81.3 77.9 58.7 53.1
-9999.0 -9999.0 -9999.0 -9999.0 -9999.0 -9999.0 -9999.0 -9999.0 -9999.0 -9999.0 -9999.0 -9999.0 -9999.0 -9999.0 -9999.0 -9999.0 -9999.0 -9999.0 -9999.0 -9999.0 -9999.0 -9999.0 -9999.0 -9999.0 -9999.0 -9999.0 -9999.0 -9999.0 -9999.0 -9999.0 -9999.0 -9999.0 -9999.0 -9999.0 -9999.0 -9999.0 -9999.0 -9999.0 -9999.0 -9999.0 -9999.0 -9999.0 -9999.0 -9999.0 -9999.0 -9999.0 -9999.0 -9999.0 -9999.0 -9999.0 -9999.0 -9999.0 -9999.0 23.9 11.9 12.8 6.7 2.8 2.2 1.3 3.3 6.2 11.8 11.4 3.0 -9999.0 -9999.0 -9999.0 22.3 25.5 33.5 43.7 50.0 54.7 65.4 75.5 65.4 47.7 43.5
-9999.0 -9999.0 -9999.0 -9999.0 -9999.0 -9999.0 -9999.0 -9999.0 -9999.0 -9999.0 -9999.0 -9999.0 -9999.0 -9999.0 -9999.0 -9999.0 -9999.0 -9999.0 -9999.0 -9999.0 -9999.0 -9999.0 -9999.0 -9999.0 -9999.0 -9999.0 -9999.0 -9999.0 -9999.0 -9999.0 -9999.0 -9999.0 -9999.0 -9999.0 -9999.0 -9999.0 -9999.0 -9999.0 -9999.0 -9999.0 -9999.0 -9999.0 -9999.0 -9999.0 -9999.0 -9999.0 -9999.0 -9999.0 -9999.0 -9999.0 -9999.0 -9999.0 -9999.0 -9999.0 10.8 4.8 0.4 0.1 0.3 1.0 0.7 -9999.0 -9999.0 -9999.0 -9999.0 -9999.0 -9999.0 -9999.0 20.7 34.2 49.7 47.5 46.4 46.1 47.7 48.3 41.8 35.3 37.2
-9999.0 -9999.0 -9999.0 -9999.0 -9999.0 -9999.0 -9999.0 -9999.0 -9999.0 -9999.0 -9999.0 -9999.0 -9999.0 -9999.0 -9999.0 -9999.0 -9999.0 -9999.0 -9999.0 -9999.0 -9999.0 -9999.0 -9999.0 -9999.0 -9999.0 -9999.0 -9999.0 -9999.0 -9999.0 -9999.0 -9999.0 -9999.0 -9999.0 -9999.0 -9999.0 -9999.0 -9999.0 -9999.0 -9999.0 -9999.0 -9999.0 -9999.0 -9999.0 -9999.0 -9999.0 -9999.0 -9999.0 -9999.0 -9999.0 -9999.0 -9999.0 -9999.0 -9999.0 -9999.0 -9999.0 1.1 1.3 0.0 0.0 0.1 0.3 -9999.0 -9999.0 -9999.0 -9999.0 -9999.0 -9999.0 -9999.0 -9999.0 -9999.0 38.4 -9999.0 -9999.0 -9999.0 -9999.0 -9999.0 24.6 -9999.0 -9999.0
-9999.0 -9999.0 -9999.0 -9999.0 -9999.0 -9999.0 -9999.0 -9999.0 -9999.0 -9999.0 -9999.0 -9999.0 -9999.0 -9999.0 -9999.0 -9999.0 -9999.0 -9999.0 -9999.0 -9999.0 -9999.0 -9999.0 -9999.0 -9999.0 -9999.0 -9999.0 -9999.0 -9999.0 -9999.0 -9999.0 -9999.0 -9999.0 -9999.0 -9999.0 -9999.0 -9999.0 -9999.0 -9999.0 -9999.0 -9999.0 -9999.0 -9999.0 -9999.0 -9999.0 -9999.0 -9999.0 -9999.0 -9999.0 -9999.0 -9999.0 -9999.0 -9999.0 -9999.0 -9999.0 -9999.0 -9999.0 -9999.0 -9999.0 0.0 0.0 -9999.0 -9999.0 -9999.0 -9999.0 -9999.0 -9999.0 -9999.0 -9999.0 -9999.0 -9999.0 -9999.0 -9999.0 -9999.0 -9999.0 -9999.0 16.8 16.9 -9999.0 -9999.0
-9999.0 -9999.0 -9999.0 -9999.0 -9999.0 -9999.0 -9999.0 -9999.0 -9999.0 -9999.0 -9999.0 -9999.0 -9999.0 -9999.0 -9999.0 -9999.0 -9999.0 -9999.0 -9999.0 -9999.0 -9999.0 -9999.0 -9999.0 -9999.0 -9999.0 -9999.0 -9999.0 -9999.0 -9999.0 -9999.0 -9999.0 -9999.0 -9999.0 -9999.0 -9999.0 -9999.0 -9999.0 -9999.0 -9999.0 -9999.0 -9999.0 -9999.0 -9999.0 -9999.0 -9999.0 -9999.0 -9999.0 -9999.0 -9999.0 -9999.0 -9999.0 -9999.0 -9999.0 -9999.0 -9999.0 -9999.0 -9999.0 -9999.0 -9999.0 -9999.0 -9999.0 -9999.0 -9999.0 -9999.0 -9999.0 -9999.0 -9999.0 -9999.0 -9999.0 -9999.0 -9999.0 -9999.0 -9999.0 -9999.0 -9999.0 -9999.0 -9999.0 -9999.0 -9999.0
-9999.0 -9999.0 -9999.0 -9999.0 -9999.0 -9999.0 -9999.0 -9999.0 -9999.0 -9999.0 -9999.0 -9999.0 -9999.0 -9999.0 -9999.0 -9999.0 -9999.0 -9999.0 -9999.0 -9999.0 -9999.0 -9999.0 -9999.0 -9999.0 -9999.0 -9999.0 -9999.0 -9999.0 -9999.0 -9999.0 -9999.0 -9999.0 -9999.0 -9999.0 -9999.0 -9999.0 -9999.0 -9999.0 -9999.0 -9999.0 -9999.0 -9999.0 -9999.0 -9999.0 -9999.0 -9999.0 -9999.0 -9999.0 -9999.0 -9999.0 -9999.0 -9999.0 -9999.0 -9999.0 -9999.0 -9999.0 -9999.0 -9999.0 -9999.0 -9999.0 -9999.0 -9999.0 -9999.0 -9999.0 -9999.0 -9999.0 -9999.0 -9999.0 -9999.0 -9999.0 -9999.0 -9999.0 -9999.0 -9999.0 -9999.0 15.4 16.5 17.2 -9999.0
-9999.0 -9999.0 -9999.0 -9999.0 -9999.0 -9999.0 -9999.0 -9999.0 -9999.0 -9999.0 -9999.0 -9999.0 -9999.0 -9999.0 -9999.0 -9999.0 -9999.0 -9999.0 -9999.0 -9999.0 -9999.0 -9999.0 -9999.0 -9999.0 -9999.0 -9999.0 -9999.0 -9999.0 -9999.0 -9999.0 -9999.0 -9999.0 -9999.0 -9999.0 -9999.0 -9999.0 -9999.0 -9999.0 -9999.0 -9999.0 -9999.0 -9999.0 -9999.0 -9999.0 -9999.0 -9999.0 -9999.0 -9999.0 -9999.0 -9999.0 -9999.0 -9999.0 -9999.0 -9999.0 -9999.0 -9999.0 -9999.0 -9999.0 -9999.0 -9999.0 -9999.0 -9999.0 -9999.0 -9999.0 -9999.0 -9999.0 -9999.0 -9999.0 -9999.0 -9999.0 -9999.0 -9999.0 -9999.0 1.8 11.6 15.4 20.6 -9999.0 -9999.0
