program/excelProcessViaJava/data/SURF_CLI_CHN_PRE_MON_GRID_0.5-198308.txt
NCOLS      128
NROWS       72
XLLCORNER    72.000000000000    
YLLCORNER    18.000000000000    
CELLSIZE    0.50000000000000    
NODATA_VALUE   -9999.000    
[rows 34 to 67 of 72, columns 0 to 74 of 128]
-9999.0 -9999.0 -9999.0 -9999.0 12.2 11.8 17.7 13.1 23.4 24.2 11.4 24.6 19.5 21.3 7.0 7.7 8.9 5.2 3.6 3.7 6.4 8.4 11.3 26.7 49.6 56.9 45.2 43.5 39.3 36.7 33.8 34.7 29.6 28.1 28.3 24.8 29.4 33.8 24.5 15.5 23.9 8.2 6.9 4.5 4.3 4.6 5.5 6.8 8.3 10.2 11.4 13.7 30.5 31.4 44.3 70.4 97.7 123.6 135.8 102.6 127.7 95.6 84.7 83.0 77.4 70.8 81.8 67.2 57.0 54.2 50.0 53.3 60.3 68.5 70.6
-9999.0 -9999.0 -9999.0 -9999.0 -9999.0 -9999.0 -9999.0 13.5 18.0 16.2 25.9 27.8 21.3 26.0 28.3 8.1 19.6 12.1 11.3 20.1 37.9 50.4 53.2 51.5 49.3 46.8 46.5 44.0 41.0 40.0 36.6 34.0 31.7 31.8 33.6 31.0 37.0 35.9 43.7 46.4 27.7 50.8 45.6 30.4 16.9 8.1 12.7 12.2 16.5 13.0 13.2 16.4 24.7 60.6 68.8 67.5 81.0 88.1 119.9 90.8 113.8 87.4 86.7 94.4 109.5 99.0 99.9 89.1 73.1 67.1 65.7 69.8 80.6 93.4 99.9
-9999.0 -9999.0 -9999.0 -9999.0 -9999.0 -9999.0 -9999.0 18.3 11.6 18.3 22.0 20.5 25.0 32.2 30.0 41.7 35.2 37.4 48.8 43.5 45.6 53.2 51.8 52.1 50.0 48.3 45.2 44.8 38.9 35.2 35.0 33.1 31.7 33.8 32.3 34.6 36.0 42.6 45.8 46.9 49.9 50.1 51.8 64.4 39.2 24.0 30.0 32.3 46.7 39.7 56.0 51.3 38.3 51.9 76.3 75.4 83.6 92.2 103.6 103.9 88.2 93.4 110.0 133.9 139.0 131.4 114.0 94.8 87.2 87.4 87.5 89.4 99.0 111.5 113.5
-9999.0 -9999.0 -9999.0 -9999.0 -9999.0 -9999.0 -9999.0 -9999.0 -9999.0 15.9 17.0 17.5 24.9 27.0 27.4 28.7 36.3 48.1 45.9 53.8 52.5 51.0 51.9 52.4 51.2 48.4 46.6 43.1 38.1 37.2 31.5 30.7 30.0 31.6 31.1 34.0 37.7 44.5 48.1 54.8 55.3 59.6 56.9 51.9 57.1 55.8 56.3 56.0 58.0 57.7 61.0 55.6 53.2 57.0 77.1 83.0 81.2 82.6 97.3 87.5 81.8 89.3 101.8 146.8 158.6 145.5 116.9 98.1 95.4 107.6 111.8 114.2 112.3 114.7 120.4
-9999.0 -9999.0 -9999.0 -9999.0 -9999.0 -9999.0 -9999.0 -9999.0 -9999.0 -9999.0 -9999.0 20.4 15.4 26.5 26.9 31.9 34.7 37.7 41.5 47.2 53.2 53.4 55.7 54.5 56.5 52.4 49.4 45.0 40.1 35.4 32.1 31.3 29.1 29.9 31.4 38.4 41.0 47.8 62.6 62.0 70.3 67.6 63.1 59.9 74.6 64.0 79.8 72.8 76.7 73.2 64.3 61.5 59.9 64.6 77.5 89.8 98.3 101.2 89.1 78.3 79.5 75.5 86.5 118.4 135.5 128.3 106.2 103.8 106.7 118.4 131.7 130.0 118.3 100.1 67.6
-9999.0 -9999.0 -9999.0 -9999.0 -9999.0 -9999.0 -9999.0 -9999.0 -9999.0 -9999.0 -9999.0 -9999.0 15.1 17.4 26.4 27.3 37.4 38.1 42.8 51.0 49.0 54.1 56.8 56.8 59.2 54.4 49.7 46.0 40.6 36.6 32.0 29.2 28.2 29.8 32.6 36.8 46.6 51.7 58.1 63.5 68.2 70.4 70.2 75.2 74.8 79.4 86.8 79.6 83.2 82.3 83.4 75.0 65.3 62.3 70.4 85.9 99.3 105.5 76.3 85.0 73.9 82.3 88.0 96.1 115.2 126.1 114.3 117.0 121.1 129.7 135.8 124.2 101.8 78.7 78.0
-9999.0 -9999.0 -9999.0 -9999.0 -9999.0 -9999.0 -9999.0 -9999.0 -9999.0 -9999.0 -9999.0 -9999.0 19.1 14.5 16.1 26.5 25.9 33.2 42.8 46.9 51.6 56.7 59.3 59.8 58.4 57.0 52.8 47.0 41.4 35.8 31.4 28.6 27.1 27.7 30.9 35.8 45.3 55.2 64.1 71.4 73.6 75.0 84.5 75.1 83.8 92.1 86.0 86.1 80.2 88.0 82.3 77.0 66.2 65.6 66.8 78.7 86.0 90.5 75.3 70.2 69.6 74.5 89.5 103.4 90.7 107.9 108.3 121.8 127.1 137.1 149.6 149.2 140.6 130.4 121.0
-9999.0 -9999.0 -9999.0 -9999.0 -9999.0 -9999.0 -9999.0 -9999.0 -9999.0 -9999.0 -9999.0 -9999.0 -9999.0 15.8 22.3 19.0 27.9 30.7 36.1 42.7 50.3 54.4 60.8 61.9 62.8 60.2 55.3 48.4 42.5 36.3 31.4 27.7 25.8 26.3 29.0 34.6 43.1 54.5 70.3 78.1 83.3 87.9 86.2 92.6 85.9 83.1 92.1 98.5 99.5 94.8 87.8 75.3 67.7 76.7 71.4 72.1 73.2 80.2 93.8 86.2 88.3 86.3 96.7 79.4 80.7 93.3 120.3 150.0 163.1 160.4 131.0 146.5 175.3 169.6 159.0
-9999.0 -9999.0 -9999.0 -9999.0 -9999.0 -9999.0 -9999.0 -9999.0 -9999.0 -9999.0 -9999.0 -9999.0 11.5 16.8 19.2 19.7 28.4 31.7 37.4 40.4 47.7 55.0 61.5 65.2 66.6 63.2 58.9 52.8 45.3 37.6 31.8 28.2 24.6 25.1 27.8 33.7 43.1 53.9 66.0 77.0 89.5 97.7 102.7 85.4 90.2 93.2 91.2 87.7 92.4 91.3 93.0 91.4 74.3 74.3 66.3 63.9 72.0 58.8 77.7 82.2 95.9 111.2 106.9 118.7 93.1 96.8 165.2 179.4 210.7 234.6 256.1 263.5 235.1 156.6 135.0
-9999.0 -9999.0 -9999.0 -9999.0 -9999.0 -9999.0 -9999.0 -9999.0 -9999.0 -9999.0 -9999.0 -9999.0 11.2 9.5 13.8 22.4 26.1 27.0 33.1 42.0 47.1 56.1 62.6 67.4 70.0 69.2 64.6 57.7 49.3 42.2 35.3 29.3 24.7 26.1 28.5 33.7 43.3 55.1 67.7 76.0 82.2 81.2 80.3 83.2 88.1 95.6 107.5 105.0 99.7 78.6 78.3 88.7 76.4 70.0 65.4 56.6 61.6 72.4 76.5 104.6 125.4 143.5 107.4 85.2 84.2 174.7 155.2 223.2 258.6 307.1 338.6 344.8 324.5 316.2 255.3
-9999.0 -9999.0 -9999.0 -9999.0 -9999.0 -9999.0 -9999.0 -9999.0 -9999.0 -9999.0 -9999.0 -9999.0 5.3 10.9 10.6 15.2 19.4 28.1 32.5 39.7 47.5 54.2 62.2 66.5 70.6 66.7 64.9 55.0 53.7 45.8 38.7 29.3 29.1 29.8 31.7 36.3 45.6 57.5 69.7 79.8 82.3 74.4 87.5 67.2 86.3 106.7 116.0 105.4 82.7 78.0 81.9 75.6 116.0 116.4 92.2 61.6 70.3 84.2 101.4 103.8 121.2 133.4 181.0 90.7 107.7 294.5 247.9 234.4 266.4 303.2 334.9 399.9 394.6 348.4 254.2
-9999.0 -9999.0 -9999.0 -9999.0 -9999.0 -9999.0 -9999.0 -9999.0 -9999.0 -9999.0 -9999.0 -9999.0 -9999.0 10.7 12.9 13.5 18.2 22.7 30.4 37.5 43.3 52.6 58.4 62.5 70.7 70.3 68.7 65.2 55.4 53.3 40.0 35.6 31.0 33.4 35.0 38.0 48.2 62.6 73.0 79.6 80.3 88.1 93.0 90.6 83.1 96.5 115.2 90.6 111.1 98.8 73.7 113.3 106.8 86.4 116.2 113.8 79.9 90.0 117.3 162.8 162.3 235.6 178.9 78.3 242.4 243.0 207.4 199.0 228.6 274.6 301.4 308.2 343.6 235.9 254.8
-9999.0 -9999.0 -9999.0 -9999.0 -9999.0 -9999.0 -9999.0 -9999.0 -9999.0 -9999.0 -9999.0 -9999.0 -9999.0 4.6 10.6 11.8 17.7 20.3 26.7 34.3 40.3 47.2 53.0 60.3 71.3 70.8 69.0 69.9 63.2 44.5 41.8 38.3 39.2 38.4 38.8 45.8 59.3 69.8 76.4 81.8 81.1 80.4 81.8 88.0 115.4 110.0 120.1 102.2 104.2 98.4 121.1 84.5 127.2 147.7 157.9 140.8 111.0 118.6 150.1 107.6 181.0 113.7 131.0 240.4 221.0 193.8 166.7 174.8 200.1 216.4 228.6 240.2 234.3 233.1 222.9
-9999.0 -9999.0 -9999.0 -9999.0 -9999.0 -9999.0 -9999.0 -9999.0 -9999.0 -9999.0 -9999.0 -9999.0 -9999.0 -9999.0 -9999.0 10.5 13.7 19.1 24.4 31.2 38.1 46.9 54.9 60.6 63.8 67.4 57.7 63.4 52.2 60.1 50.7 48.5 39.3 41.6 49.9 51.2 59.7 82.1 82.1 81.5 83.0 84.9 85.3 88.2 83.8 86.7 122.2 91.8 125.1 68.0 115.4 177.5 142.3 147.8 87.9 151.9 158.2 94.8 191.8 216.3 98.5 154.1 304.7 259.1 221.7 198.5 188.6 198.6 193.6 188.9 187.1 183.8 219.4 212.9 203.7
-9999.0 -9999.0 -9999.0 -9999.0 -9999.0 -9999.0 -9999.0 -9999.0 -9999.0 -9999.0 -9999.0 -9999.0 -9999.0 -9999.0 -9999.0 -9999.0 -9999.0 10.4 20.1 -9999.0 37.2 43.4 54.3 61.9 61.5 66.4 56.8 63.1 70.1 57.7 60.5 64.8 44.7 63.8 76.9 71.9 67.4 95.1 86.2 81.5 79.0 85.0 83.8 86.5 66.0 87.2 50.3 159.9 109.8 144.5 80.9 141.9 82.6 166.9 178.1 187.9 158.8 213.8 211.8 226.8 110.1 217.3 287.6 252.8 218.8 213.9 219.7 213.3 192.6 174.8 159.1 202.6 208.6 191.9 205.2
-9999.0 -9999.0 -9999.0 -9999.0 -9999.0 -9999.0 -9999.0 -9999.0 -9999.0 -9999.0 -9999.0 -9999.0 -9999.0 -9999.0 -9999.0 -9999.0 -9999.0 -9999.0 -9999.0 -9999.0 -9999.0 43.5 49.2 48.9 59.9 73.9 76.4 77.1 74.2 80.7 73.5 85.5 77.4 73.0 82.9 80.1 91.9 95.3 87.8 73.6 64.1 82.8 90.0 95.0 74.6 114.3 60.5 113.5 199.6 291.6 173.0 239.1 226.2 130.2 161.6 210.8 224.6 197.4 286.8 218.2 139.5 173.2 240.7 219.3 219.6 243.0 249.5 222.8 196.0 173.4 171.4 188.6 185.9 166.3 161.0
-9999.0 -9999.0 -9999.0 -9999.0 -9999.0 -9999.0 -9999.0 -9999.0 -9999.0 -9999.0 -9999.0 -9999.0 -9999.0 -9999.0 -9999.0 -9999.0 -9999.0 -9999.0 -9999.0 -9999.0 -9999.0 -9999.0 -9999.0 64.7 64.3 71.6 76.2 76.3 66.6 79.2 73.6 67.5 52.7 62.3 63.1 73.6 79.5 91.2 85.1 81.6 77.5 85.8 80.7 84.2 86.6 74.4 103.8 123.2 122.5 131.0 163.8 229.4 143.0 151.0 137.2 124.6 207.9 258.5 144.3 230.4 139.0 158.9 188.2 219.5 248.8 275.3 274.6 230.6 171.8 170.4 170.4 173.3 160.1 151.6 113.2
-9999.0 -9999.0 -9999.0 -9999.0 -9999.0 -9999.0 -9999.0 -9999.0 -9999.0 -9999.0 -9999.0 -9999.0 -9999.0 -9999.0 -9999.0 -9999.0 -9999.0 -9999.0 -9999.0 -9999.0 -9999.0 -9999.0 -9999.0 -9999.0 -9999.0 84.0 83.8 52.4 57.6 48.9 61.8 73.7 71.8 63.4 70.9 69.1 71.7 84.8 83.8 77.8 84.8 76.8 78.9 89.6 95.1 96.3 113.7 102.2 204.8 180.6 257.6 214.6 226.2 193.7 128.2 143.9 200.0 192.8 252.2 230.9 197.6 188.4 281.0 217.3 263.5 284.9 259.3 165.2 134.5 136.1 150.5 146.2 112.2 117.1 98.9
-9999.0 -9999.0 -9999.0 -9999.0 -9999.0 -9999.0 -9999.0 -9999.0 -9999.0 -9999.0 -9999.0 -9999.0 -9999.0 -9999.0 -9999.0 -9999.0 -9999.0 -9999.0 -9999.0 -9999.0 -9999.0 -9999.0 -9999.0 -9999.0 -9999.0 -9999.0 -9999.0 98.1 103.9 91.3 87.6 84.1 54.8 82.8 65.0 98.8 79.8 82.2 81.8 77.2 82.1 79.3 99.4 112.5 119.6 123.4 123.7 125.4 126.8 185.2 144.6 138.9 184.9 150.8 151.3 186.1 174.7 189.7 237.2 203.4 205.5 213.5 205.7 242.2 261.1 259.7 228.6 192.5 148.1 132.7 130.5 125.6 88.4 85.5 53.0
-9999.0 -9999.0 -9999.0 -9999.0 -9999.0 -9999.0 -9999.0 -9999.0 -9999.0 -9999.0 -9999.0 -9999.0 -9999.0 -9999.0 -9999.0 -9999.0 -9999.0 -9999.0 -9999.0 -9999.0 -9999.0 -9999.0 -9999.0 -9999.0 -9999.0 -9999.0 -9999.0 -9999.0 -9999.0 -9999.0 -9999.0 -9999.0 -9999.0 102.5 71.9 -9999.0 -9999.0 -9999.0 101.4 88.5 99.8 114.9 123.5 142.3 148.0 154.0 -9999.0 -9999.0 -9999.0 -9999.0 -9999.0 -9999.0 174.3 215.6 152.2 165.0 192.0 231.8 231.6 249.2 233.0 228.0 217.4 239.9 263.5 268.7 226.9 177.6 155.9 137.0 118.7 111.7 104.8 72.9 74.4
-9999.0 -9999.0 -9999.0 -9999.0 -9999.0 -9999.0 -9999.0 -9999.0 -9999.0 -9999.0 -9999.0 -9999.0 -9999.0 -9999.0 -9999.0 -9999.0 -9999.0 -9999.0 -9999.0 -9999.0 -9999.0 -9999.0 -9999.0 -9999.0 -9999.0 -9999.0 -9999.0 -9999.0 -9999.0 -9999.0 -9999.0 -9999.0 -9999.0 -9999.0 -9999.0 -9999.0 -9999.0 -9999.0 -9999.0 143.2 149.4 157.8 167.3 177.3 -9999.0 -9999.0 -9999.0 -9999.0 -9999.0 -9999.0 -9999.0 -9999.0 214.8 266.9 204.2 183.0 213.8 261.6 297.5 291.8 257.3 230.7 215.6 206.2 229.6 256.5 259.2 253.4 206.6 162.1 132.6 114.9 97.6 107.7 82.6
-9999.0 -9999.0 -9999.0 -9999.0 -9999.0 -9999.0 -9999.0 -9999.0 -9999.0 -9999.0 -9999.0 -9999.0 -9999.0 -9999.0 -9999.0 -9999.0 -9999.0 -9999.0 -9999.0 -9999.0 -9999.0 -9999.0 -9999.0 -9999.0 -9999.0 -9999.0 -9999.0 -9999.0 -9999.0 -9999.0 -9999.0 -9999.0 -9999.0 -9999.0 -9999.0 -9999.0 -9999.0 -9999.0 -9999.0 -9999.0 -9999.0 -9999.0 -9999.0 -9999.0 -9999.0 -9999.0 -9999.0 -9999.0 -9999.0 -9999.0 -9999.0 -9999.0 185.7 318.8 241.9 254.1 226.1 253.0 275.2 279.4 247.9 217.1 303.9 191.5 229.7 309.0 354.0 331.5 258.8 188.3 149.1 132.0 160.1 140.8 149.4
-9999.0 -9999.0 -9999.0 -9999.0 -9999.0 -9999.0 -9999.0 -9999.0 -9999.0 -9999.0 -9999.0 -9999.0 -9999.0 -9999.0 -9999.0 -9999.0 -9999.0 -9999.0 -9999.0 -9999.0 -9999.0 -9999.0 -9999.0 -9999.0 -9999.0 -9999.0 -9999.0 -9999.0 -9999.0 -9999.0 -9999.0 -9999.0 -9999.0 -9999.0 -9999.0 -9999.0 -9999.0 -9999.0 -9999.0 -9999.0 -9999.0 -9999.0 -9999.0 -9999.0 -9999.0 -9999.0 -9999.0 -9999.0 -9999.0 -9999.0 -9999.0 280.8 301.3 351.9 235.0 245.5 237.3 261.3 255.0 207.1 320.4 288.5 204.4 217.7 273.5 362.9 353.2 215.2 246.6 178.7 154.9 150.5 145.4 155.8 187.0
-9999.0 -9999.0 -9999.0 -9999.0 -9999.0 -9999.0 -9999.0 -9999.0 -9999.0 -9999.0 -9999.0 -9999.0 -9999.0 -9999.0 -9999.0 -9999.0 -9999.0 -9999.0 -9999.0 -9999.0 -9999.0 -9999.0 -9999.0 -9999.0 -9999.0 -9999.0 -9999.0 -9999.0 -9999.0 -9999.0 -9999.0 -9999.0 -9999.0 -9999.0 -9999.0 -9999.0 -9999.0 -9999.0 -9999.0 -9999.0 -9999.0 -9999.0 -9999.0 -9999.0 -9999.0 -9999.0 -9999.0 -9999.0 -9999.0 -9999.0 344.2 410.2 405.3 390.7 292.2 283.1 228.8 207.5 244.8 325.5 318.0 371.0 281.4 286.3 336.1 366.2 342.9 222.7 221.4 153.2 157.7 150.0 167.3 203.8 228.4
-9999.0 -9999.0 -9999.0 -9999.0 -9999.0 -9999.0 -9999.0 -9999.0 -9999.0 -9999.0 -9999.0 -9999.0 -9999.0 -9999.0 -9999.0 -9999.0 -9999.0 -9999.0 -9999.0 -9999.0 -9999.0 -9999.0 -9999.0 -9999.0 -9999.0 -9999.0 -9999.0 -9999.0 -9999.0 -9999.0 -9999.0 -9999.0 -9999.0 -9999.0 -9999.0 -9999.0 -9999.0 -9999.0 -9999.0 -9999.0 -9999.0 -9999.0 -9999.0 -9999.0 -9999.0 -9999.0 -9999.0 -9999.0 -9999.0 -9999.0 433.4 552.9 412.6 424.0 383.6 299.8 198.0 294.9 319.9 314.4 314.2 359.8 323.1 338.9 350.8 262.6 242.0 169.3 166.4 146.7 159.4 173.6 186.6 188.4 175.6
-9999.0 -9999.0 -9999.0 -9999.0 -9999.0 -9999.0 -9999.0 -9999.0 -9999.0 -9999.0 -9999.0 -9999.0 -9999.0 -9999.0 -9999.0 -9999.0 -9999.0 -9999.0 -9999.0 -9999.0 -9999.0 -9999.0 -9999.0 -9999.0 -9999.0 -9999.0 -9999.0 -9999.0 -9999.0 -9999.0 -9999.0 -9999.0 -9999.0 -9999.0 -9999.0 -9999.0 -9999.0 -9999.0 -9999.0 -9999.0 -9999.0 -9999.0 -9999.0 -9999.0 -9999.0 -9999.0 -9999.0 -9999.0 -9999.0 -9999.0 513.0 551.1 472.2 567.1 373.1 310.6 399.9 325.1 368.6 284.4 341.5 378.8 354.6 307.7 308.1 258.2 200.9 173.3 163.1 185.2 170.8 203.0 157.6 174.8 131.2
-9999.0 -9999.0 -9999.0 -9999.0 -9999.0 -9999.0 -9999.0 -9999.0 -9999.0 -9999.0 -9999.0 -9999.0 -9999.0 -9999.0 -9999.0 -9999.0 -9999.0 -9999.0 -9999.0 -9999.0 -9999.0 -9999.0 -9999.0 -9999.0 -9999.0 -9999.0 -9999.0 -9999.0 -9999.0 -9999.0 -9999.0 -9999.0 -9999.0 -9999.0 -9999.0 -9999.0 -9999.0 -9999.0 -9999.0 -9999.0 -9999.0 -9999.0 -9999.0 -9999.0 -9999.0 -9999.0 -9999.0 -9999.0 -9999.0 -9999.0 710.1 739.8 633.4 583.8 494.7 484.1 329.5 381.5 377.0 303.5 332.6 311.1 238.8 275.9 272.6 241.9 232.9 217.4 222.2 166.1 175.3 153.0 139.1 142.8 115.6
-9999.0 -9999.0 -9999.0 -9999.0 -9999.0 -9999.0 -9999.0 -9999.0 -9999.0 -9999.0 -9999.0 -9999.0 -9999.0 -9999.0 -9999.0 -9999.0 -9999.0 -9999.0 -9999.0 -9999.0 -9999.0 -9999.0 -9999.0 -9999.0 -9999.0 -9999.0 -9999.0 -9999.0 -9999.0 -9999.0 -9999.0 -9999.0 -9999.0 -9999.0 -9999.0 -9999.0 -9999.0 -9999.0 -9999.0 -9999.0 -9999.0 -9999.0 -9999.0 -9999.0 -9999.0 -9999.0 -9999.0 -9999.0 -9999.0 -9999.0 -9999.0 -9999.0 -9999.0 606.3 505.6 439.1 423.9 428.8 362.7 345.6 432.5 275.1 333.1 284.7 264.9 240.8 242.1 229.9 231.5 207.7 167.7 131.4 115.0 117.2 132.1
-9999.0 -9999.0 -9999.0 -9999.0 -9999.0 -9999.0 -9999.0 -9999.0 -9999.0 -9999.0 -9999.0 -9999.0 -9999.0 -9999.0 -9999.0 -9999.0 -9999.0 -9999.0 -9999.0 -9999.0 -9999.0 -9999.0 -9999.0 -9999.0 -9999.0 -9999.0 -9999.0 -9999.0 -9999.0 -9999.0 -9999.0 -9999.0 -9999.0 -9999.0 -9999.0 -9999.0 -9999.0 -9999.0 -9999.0 -9999.0 -9999.0 -9999.0 -9999.0 -9999.0 -9999.0 -9999.0 -9999.0 -9999.0 -9999.0 -9999.0 -9999.0 -9999.0 -9999.0 660.8 531.3 605.4 417.0 375.3 395.2 447.0 407.0 362.7 368.1 351.9 324.5 290.6 258.9 254.5 206.9 175.1 137.3 119.5 130.3 154.0 181.6
-9999.0 -9999.0 -9999.0 -9999.0 -9999.0 -9999.0 -9999.0 -9999.0 -9999.0 -9999.0 -9999.0 -9999.0 -9999.0 -9999.0 -9999.0 -9999.0 -9999.0 -9999.0 -9999.0 -9999.0 -9999.0 -9999.0 -9999.0 -9999.0 -9999.0 -9999.0 -9999.0 -9999.0 -9999.0 -9999.0 -9999.0 -9999.0 -9999.0 -9999.0 -9999.0 -9999.0 -9999.0 -9999.0 -9999.0 -9999.0 -9999.0 -9999.0 -9999.0 -9999.0 -9999.0 -9999.0 -9999.0 -9999.0 -9999.0 -9999.0 -9999.0 -9999.0 -9999.0 677.4 489.3 494.3 394.6 341.1 370.6 415.2 469.2 455.3 438.5 409.6 397.6 -9999.0 -9999.0 -9999.0 207.9 148.2 126.9 135.2 172.4 225.7 274.8
-9999.0 -9999.0 -9999.0 -9999.0 -9999.0 -9999.0 -9999.0 -9999.0 -9999.0 -9999.0 -9999.0 -9999.0 -9999.0 -9999.0 -9999.0 -9999.0 -9999.0 -9999.0 -9999.0 -9999.0 -9999.0 -9999.0 -9999.0 -9999.0 -9999.0 -9999.0 -9999.0 -9999.0 -9999.0 -9999.0 -9999.0 -9999.0 -9999.0 -9999.0 -9999.0 -9999.0 -9999.0 -9999.0 -9999.0 -9999.0 -9999.0 -9999.0 -9999.0 -9999.0 -9999.0 -9999.0 -9999.0 -9999.0 -9999.0 -9999.0 -9999.0 -9999.0 -9999.0 -9999.0 533.7 422.8 299.5 268.6 330.0 408.5 404.2 -9999.0 -9999.0 -9999.0 -9999.0 -9999.0 -9999.0 -9999.0 187.1 156.7 159.1 148.5 205.1 295.2 346.1
-9999.0 -9999.0 -9999.0 -9999.0 -9999.0 -9999.0 -9999.0 -9999.0 -9999.0 -9999.0 -9999.0 -9999.0 -9999.0 -9999.0 -9999.0 -9999.0 -9999.0 -9999.0 -9999.0 -9999.0 -9999.0 -9999.0 -9999.0 -9999.0 -9999.0 -9999.0 -9999.0 -9999.0 -9999.0 -9999.0 -9999.0 -9999.0 -9999.0 -9999.0 -9999.0 -9999.0 -9999.0 -9999.0 -9999.0 -9999.0 -9999.0 -9999.0 -9999.0 -9999.0 -9999.0 -9999.0 -9999.0 -9999.0 -9999.0 -9999.0 -9999.0 -9999.0 -9999.0 -9999.0 -9999.0 358.7 366.3 262.2 260.1 328.0 378.5 -9999.0 -9999.0 -9999.0 -9999.0 -9999.0 -9999.0 -9999.0 -9999.0 -9999.0 157.6 -9999.0 -9999.0 -9999.0 -9999.0
-9999.0 -9999.0 -9999.0 -9999.0 -9999.0 -9999.0 -9999.0 -9999.0 -9999.0 -9999.0 -9999.0 -9999.0 -9999.0 -9999.0 -9999.0 -9999.0 -9999.0 -9999.0 -9999.0 -9999.0 -9999.0 -9999.0 -9999.0 -9999.0 -9999.0 -9999.0 -9999.0 -9999.0 -9999.0 -9999.0 -9999.0 -9999.0 -9999.0 -9999.0 -9999.0 -9999.0 -9999.0 -9999.0 -9999.0 -9999.0 -9999.0 -9999.0 -9999.0 -9999.0 -9999.0 -9999.0 -9999.0 -9999.0 -9999.0 -9999.0 -9999.0 -9999.0 -9999.0 -9999.0 -9999.0 -9999.0 -9999.0 -9999.0 255.3 276.1 -9999.0 -9999.0 -9999.0 -9999.0 -9999.0 -9999.0 -9999.0 -9999.0 -9999.0 -9999.0 -9999.0 -9999.0 -9999.0 -9999.0 -9999.0
-9999.0 -9999.0 -9999.0 -9999.0 -9999.0 -9999.0 -9999.0 -9999.0 -9999.0 -9999.0 -9999.0 -9999.0 -9999.0 -9999.0 -9999.0 -9999.0 -9999.0 -9999.0 -9999.0 -9999.0 -9999.0 -9999.0 -9999.0 -9999.0 -9999.0 -9999.0 -9999.0 -9999.0 -9999.0 -9999.0 -9999.0 -9999.0 -9999.0 -9999.0 -9999.0 -9999.0 -9999.0 -9999.0 -9999.0 -9999.0 -9999.0 -9999.0 -9999.0 -9999.0 -9999.0 -9999.0 -9999.0 -9999.0 -9999.0 -9999.0 -9999.0 -9999.0 -9999.0 -9999.0 -9999.0 -9999.0 -9999.0 -9999.0 -9999.0 -9999.0 -9999.0 -9999.0 -9999.0 -9999.0 -9999.0 -9999.0 -9999.0 -9999.0 -9999.0 -9999.0 -9999.0 -9999.0 -9999.0 -9999.0 -9999.0
