program/excelProcessViaJava/data/SURF_CLI_CHN_PRE_MON_GRID_0.5-198110.txt
NCOLS      128
NROWS       72
XLLCORNER    72.000000000000    
YLLCORNER    18.000000000000    
CELLSIZE    0.50000000000000    
NODATA_VALUE   -9999.000    
[rows 35 to 69 of 72, columns 0 to 77 of 128]
-9999.0 -9999.0 -9999.0 -9999.0 -9999.0 -9999.0 -9999.0 0.9 2.6 1.8 6.5 6.6 3.1 4.0 3.9 0.5 1.5 0.9 1.0 1.2 1.4 1.7 1.5 1.0 0.7 0.6 0.6 0.6 0.6 0.7 0.7 0.8 0.8 0.9 1.1 0.8 1.2 0.9 1.3 1.4 0.8 2.1 2.2 2.1 2.0 1.6 1.4 0.9 0.7 0.8 1.7 2.6 2.0 0.9 1.5 4.7 6.7 7.3 8.7 6.9 10.8 4.9 3.8 3.5 4.2 3.2 4.7 6.4 7.0 9.5 11.6 14.0 15.8 15.9 14.6 15.7 12.3 16.6
-9999.0 -9999.0 -9999.0 -9999.0 -9999.0 -9999.0 -9999.0 3.7 0.4 2.1 3.5 2.4 3.5 5.9 3.6 7.2 3.2 2.9 4.3 2.4 2.1 2.4 1.7 1.5 1.2 1.0 0.9 1.1 0.8 0.7 1.0 1.0 1.0 1.3 1.0 0.9 0.8 0.8 0.7 0.7 0.9 1.2 1.7 2.6 2.4 2.3 2.2 1.8 1.6 1.2 1.0 0.9 1.8 1.7 1.9 3.8 4.3 4.6 6.6 9.6 9.7 9.8 6.9 7.1 5.1 4.1 4.4 5.2 8.0 7.0 9.3 11.5 13.9 16.0 13.2 18.0 17.7 12.0
-9999.0 -9999.0 -9999.0 -9999.0 -9999.0 -9999.0 -9999.0 -9999.0 -9999.0 1.0 1.1 1.1 3.1 3.1 2.4 2.2 3.2 6.3 3.6 4.8 3.2 2.4 2.1 1.9 1.7 1.5 1.4 1.4 1.2 1.5 1.1 1.2 1.3 1.4 1.0 0.9 0.7 0.6 0.5 0.5 0.5 0.8 1.2 1.7 2.3 2.7 2.8 2.6 2.2 1.8 1.6 1.7 2.2 3.1 3.4 5.6 5.5 5.4 9.6 13.1 17.9 23.6 24.6 12.8 10.7 7.2 6.0 7.1 11.5 11.0 12.9 13.7 15.0 18.1 21.5 13.3 12.3 11.1
-9999.0 -9999.0 -9999.0 -9999.0 -9999.0 -9999.0 -9999.0 -9999.0 -9999.0 -9999.0 -9999.0 1.9 0.4 2.8 2.0 2.7 2.6 2.5 2.6 3.0 3.5 2.9 2.9 2.5 2.9 2.3 2.3 2.2 2.0 1.8 1.8 2.1 1.7 1.7 1.4 1.5 0.9 0.7 0.8 0.4 0.5 0.6 0.9 1.4 1.9 2.5 2.7 2.9 2.7 2.6 3.0 3.3 4.1 4.9 6.7 10.9 13.4 15.1 17.3 22.6 31.5 35.5 34.0 26.4 24.0 11.7 8.6 12.1 17.4 20.8 20.6 19.3 18.6 19.5 18.0 16.1 14.5 15.0
-9999.0 -9999.0 -9999.0 -9999.0 -9999.0 -9999.0 -9999.0 -9999.0 -9999.0 -9999.0 -9999.0 -9999.0 0.3 0.4 1.8 1.4 3.7 2.5 2.8 4.4 2.7 3.1 3.2 3.0 4.5 2.9 2.6 2.8 2.6 2.9 2.5 2.4 2.4 2.6 2.4 1.8 1.9 0.9 0.6 0.4 0.4 0.5 0.8 1.1 1.5 1.9 2.3 3.0 3.2 3.5 3.6 4.7 7.0 10.6 14.2 19.0 23.2 26.3 27.3 38.1 44.9 53.4 55.7 47.7 33.4 37.5 18.6 21.2 26.4 30.6 22.7 19.9 20.3 21.1 22.6 57.0 26.8 22.1
-9999.0 -9999.0 -9999.0 -9999.0 -9999.0 -9999.0 -9999.0 -9999.0 -9999.0 -9999.0 -9999.0 -9999.0 1.3 0.2 0.3 1.2 0.8 1.5 2.9 3.0 3.2 3.8 3.8 3.6 3.5 3.5 3.3 3.0 3.0 2.8 3.1 3.5 3.3 3.2 3.2 2.6 2.4 1.7 1.0 0.7 0.6 0.7 0.8 1.2 1.2 1.3 1.7 2.3 3.7 4.3 5.9 7.5 11.8 15.3 24.8 27.2 30.3 31.5 36.7 44.0 51.4 59.0 66.9 70.5 47.0 46.4 18.3 18.6 22.2 27.9 35.2 50.0 57.2 37.7 42.1 33.4 25.5 42.6
-9999.0 -9999.0 -9999.0 -9999.0 -9999.0 -9999.0 -9999.0 -9999.0 -9999.0 -9999.0 -9999.0 -9999.0 -9999.0 0.3 1.2 0.3 1.1 1.1 1.6 2.2 3.0 3.3 4.1 4.0 4.1 4.4 4.2 4.2 3.7 3.5 3.4 3.5 4.1 4.4 3.9 3.7 3.1 2.4 2.5 1.4 1.1 1.1 1.2 1.2 1.2 1.1 1.1 1.6 2.5 4.2 6.5 10.4 14.9 15.2 21.5 26.4 27.5 28.1 35.1 45.0 54.1 60.0 69.8 60.2 35.6 41.1 39.7 27.3 30.9 27.2 20.0 20.1 29.0 40.5 60.7 48.5 43.2 36.3
-9999.0 -9999.0 -9999.0 -9999.0 -9999.0 -9999.0 -9999.0 -9999.0 -9999.0 -9999.0 -9999.0 -9999.0 0.2 0.7 0.7 0.4 1.6 1.4 1.9 1.9 2.7 3.4 4.1 4.5 4.6 4.7 4.3 3.9 3.6 3.5 3.5 3.6 4.5 4.7 5.2 4.9 4.6 3.4 2.7 2.2 2.2 2.1 2.0 2.0 1.6 1.3 1.2 1.8 2.7 4.4 6.3 8.8 13.8 17.1 22.1 23.3 21.7 24.3 28.1 35.9 45.3 58.3 64.4 78.4 66.0 49.9 13.2 21.3 40.0 52.7 46.3 32.3 29.1 28.5 35.9 46.7 53.2 57.8
-9999.0 -9999.0 -9999.0 -9999.0 -9999.0 -9999.0 -9999.0 -9999.0 -9999.0 -9999.0 -9999.0 -9999.0 0.3 0.1 0.2 1.8 1.7 0.8 1.3 2.5 2.8 3.8 4.5 4.9 5.1 4.9 4.5 3.9 3.5 3.2 3.1 3.4 4.2 4.7 5.4 5.9 5.3 4.4 3.6 3.3 3.2 3.4 3.6 3.3 2.7 2.2 1.9 2.2 3.0 5.0 6.7 8.8 12.5 17.1 20.5 23.4 19.6 20.4 25.5 33.2 44.2 58.5 51.1 50.7 51.5 17.1 32.1 20.1 23.4 28.9 32.1 35.5 45.9 72.6 95.9 87.9 86.7 92.0
-9999.0 -9999.0 -9999.0 -9999.0 -9999.0 -9999.0 -9999.0 -9999.0 -9999.0 -9999.0 -9999.0 -9999.0 0.0 0.2 0.1 0.2 0.4 1.9 1.7 2.5 4.2 5.0 4.8 5.4 5.3 5.0 4.3 3.8 3.1 2.7 2.6 2.9 3.2 4.0 5.0 5.9 5.6 4.7 3.8 3.6 3.6 4.7 3.6 6.9 4.2 3.0 2.9 3.4 4.6 5.0 5.9 7.6 10.9 13.4 15.2 24.7 20.3 20.7 24.6 30.6 35.6 43.2 73.2 44.9 23.2 10.9 16.2 23.7 30.6 31.8 40.1 67.8 87.7 114.0 172.2 133.4 155.1 112.9
-9999.0 -9999.0 -9999.0 -9999.0 -9999.0 -9999.0 -9999.0 -9999.0 -9999.0 -9999.0 -9999.0 -9999.0 -9999.0 0.8 0.6 0.2 0.5 0.8 2.1 3.3 6.0 4.8 5.7 6.0 5.5 5.0 4.2 3.4 2.5 2.1 1.8 1.8 2.2 2.8 3.9 5.2 5.0 3.6 3.0 2.8 3.0 3.2 3.3 3.6 5.4 4.9 4.0 6.1 4.4 4.8 5.2 7.1 8.4 10.7 12.9 14.5 22.6 24.1 23.9 30.9 38.1 70.2 61.7 28.7 7.5 7.2 16.0 28.3 35.8 51.6 69.0 95.9 125.4 134.4 139.1 133.5 124.8 116.7
-9999.0 -9999.0 -9999.0 -9999.0 -9999.0 -9999.0 -9999.0 -9999.0 -9999.0 -9999.0 -9999.0 -9999.0 -9999.0 0.0 0.5 0.3 1.5 0.9 1.7 3.1 6.1 6.6 7.0 6.5 6.0 5.1 4.0 3.1 2.0 1.7 1.2 1.1 1.2 1.6 2.6 3.2 2.7 2.1 2.0 3.1 1.8 2.1 2.5 3.0 3.9 4.2 4.4 5.6 4.6 4.4 5.2 4.4 7.1 9.8 11.8 11.6 14.3 17.0 19.3 28.8 35.7 36.0 29.1 20.8 9.4 7.6 17.6 31.3 45.9 66.1 99.5 134.4 153.8 150.0 140.0 133.6 136.7 105.3
-9999.0 -9999.0 -9999.0 -9999.0 -9999.0 -9999.0 -9999.0 -9999.0 -9999.0 -9999.0 -9999.0 -9999.0 -9999.0 -9999.0 -9999.0 0.3 0.5 1.5 2.1 3.0 5.8 6.0 6.7 7.0 6.5 5.4 4.6 2.7 2.0 0.9 0.6 0.5 0.9 1.1 1.2 2.4 2.9 0.7 0.8 0.9 1.6 1.9 1.9 2.2 4.5 8.1 4.6 8.2 4.5 5.1 3.8 7.8 5.5 6.7 5.1 7.5 8.2 11.5 14.6 23.6 28.9 28.9 45.6 34.5 18.6 12.6 18.7 31.6 49.8 91.6 128.1 148.1 148.3 134.6 124.5 127.9 119.5 129.1
-9999.0 -9999.0 -9999.0 -9999.0 -9999.0 -9999.0 -9999.0 -9999.0 -9999.0 -9999.0 -9999.0 -9999.0 -9999.0 -9999.0 -9999.0 -9999.0 -9999.0 1.0 1.8 -9999.0 5.0 7.4 7.8 8.2 7.5 6.2 5.0 2.7 1.4 0.7 0.3 0.3 0.6 0.3 0.4 0.6 2.0 0.3 0.5 0.6 0.8 1.9 1.4 1.6 11.9 8.2 46.6 5.3 5.7 4.3 3.9 3.3 2.9 5.8 6.2 5.9 3.5 7.6 10.2 18.7 16.3 25.9 46.7 47.4 31.7 22.2 27.0 41.7 62.7 101.8 117.0 142.1 138.4 114.1 107.4 116.3 103.1 92.1
-9999.0 -9999.0 -9999.0 -9999.0 -9999.0 -9999.0 -9999.0 -9999.0 -9999.0 -9999.0 -9999.0 -9999.0 -9999.0 -9999.0 -9999.0 -9999.0 -9999.0 -9999.0 -9999.0 -9999.0 -9999.0 8.4 9.7 10.9 9.1 8.4 6.0 3.4 1.5 0.6 0.3 0.3 0.2 0.2 0.3 0.4 0.3 0.3 0.3 0.3 0.3 1.9 2.1 1.8 8.5 3.8 52.6 8.9 7.4 30.3 4.0 10.8 9.7 2.5 3.6 5.4 5.0 3.1 16.2 14.5 11.0 17.5 34.9 44.9 43.9 38.8 46.7 60.8 74.2 94.6 105.7 114.9 105.0 82.2 75.3 77.4 80.6 79.1
-9999.0 -9999.0 -9999.0 -9999.0 -9999.0 -9999.0 -9999.0 -9999.0 -9999.0 -9999.0 -9999.0 -9999.0 -9999.0 -9999.0 -9999.0 -9999.0 -9999.0 -9999.0 -9999.0 -9999.0 -9999.0 -9999.0 -9999.0 15.6 12.1 10.7 8.0 4.6 2.0 0.7 0.3 0.2 0.4 0.3 0.6 0.7 1.4 0.7 1.8 2.6 2.1 3.5 1.2 1.0 6.3 47.4 14.9 10.8 12.0 8.9 2.6 8.0 2.3 3.7 2.0 0.9 2.4 6.6 4.3 13.8 14.9 23.4 28.7 25.7 33.2 49.1 68.4 81.8 81.0 86.4 94.0 85.9 77.8 86.4 70.3 75.4 102.6 115.5
-9999.0 -9999.0 -9999.0 -9999.0 -9999.0 -9999.0 -9999.0 -9999.0 -9999.0 -9999.0 -9999.0 -9999.0 -9999.0 -9999.0 -9999.0 -9999.0 -9999.0 -9999.0 -9999.0 -9999.0 -9999.0 -9999.0 -9999.0 -9999.0 -9999.0 23.5 14.2 7.5 3.9 3.7 0.7 0.3 0.3 0.4 0.4 1.7 6.3 2.3 5.3 3.5 6.8 2.4 3.1 3.2 22.4 40.0 24.1 48.5 5.4 4.4 9.4 5.3 9.0 6.8 1.5 0.9 1.7 1.6 7.5 12.2 21.5 29.4 67.2 15.4 25.0 46.9 68.7 68.0 74.8 84.2 76.0 71.0 60.4 99.1 116.8 112.2 127.3 162.7
-9999.0 -9999.0 -9999.0 -9999.0 -9999.0 -9999.0 -9999.0 -9999.0 -9999.0 -9999.0 -9999.0 -9999.0 -9999.0 -9999.0 -9999.0 -9999.0 -9999.0 -9999.0 -9999.0 -9999.0 -9999.0 -9999.0 -9999.0 -9999.0 -9999.0 -9999.0 -9999.0 25.0 21.2 5.8 2.7 1.5 1.5 1.3 1.3 4.0 2.5 3.4 2.7 4.6 7.1 2.0 5.5 19.0 24.2 32.8 40.7 41.2 38.2 8.1 18.6 17.2 3.8 2.9 1.8 1.9 0.9 1.5 5.1 7.7 13.4 27.7 9.4 12.1 32.6 36.7 60.8 77.2 76.4 76.2 75.2 88.1 73.0 113.8 125.4 143.7 194.9 209.0
-9999.0 -9999.0 -9999.0 -9999.0 -9999.0 -9999.0 -9999.0 -9999.0 -9999.0 -9999.0 -9999.0 -9999.0 -9999.0 -9999.0 -9999.0 -9999.0 -9999.0 -9999.0 -9999.0 -9999.0 -9999.0 -9999.0 -9999.0 -9999.0 -9999.0 -9999.0 -9999.0 -9999.0 -9999.0 -9999.0 -9999.0 -9999.0 -9999.0 7.1 2.8 -9999.0 -9999.0 -9999.0 6.8 5.6 5.1 7.1 5.7 21.3 29.4 30.2 -9999.0 -9999.0 -9999.0 -9999.0 -9999.0 -9999.0 4.0 5.5 1.8 1.1 0.9 2.6 2.9 6.3 10.2 19.2 10.7 13.0 20.4 36.1 58.3 74.3 78.8 79.9 80.4 94.8 115.2 110.0 154.5 150.3 197.7 177.0
-9999.0 -9999.0 -9999.0 -9999.0 -9999.0 -9999.0 -9999.0 -9999.0 -9999.0 -9999.0 -9999.0 -9999.0 -9999.0 -9999.0 -9999.0 -9999.0 -9999.0 -9999.0 -9999.0 -9999.0 -9999.0 -9999.0 -9999.0 -9999.0 -9999.0 -9999.0 -9999.0 -9999.0 -9999.0 -9999.0 -9999.0 -9999.0 -9999.0 -9999.0 -9999.0 -9999.0 -9999.0 -9999.0 -9999.0 22.4 22.0 23.0 24.3 24.9 -9999.0 -9999.0 -9999.0 -9999.0 -9999.0 -9999.0 -9999.0 -9999.0 3.3 9.3 2.5 1.0 1.3 2.7 4.2 5.4 6.5 10.3 16.5 14.4 38.0 56.1 74.2 81.6 82.5 83.0 89.1 97.8 95.7 124.8 106.3 127.0 137.7 132.2
-9999.0 -9999.0 -9999.0 -9999.0 -9999.0 -9999.0 -9999.0 -9999.0 -9999.0 -9999.0 -9999.0 -9999.0 -9999.0 -9999.0 -9999.0 -9999.0 -9999.0 -9999.0 -9999.0 -9999.0 -9999.0 -9999.0 -9999.0 -9999.0 -9999.0 -9999.0 -9999.0 -9999.0 -9999.0 -9999.0 -9999.0 -9999.0 -9999.0 -9999.0 -9999.0 -9999.0 -9999.0 -9999.0 -9999.0 -9999.0 -9999.0 -9999.0 -9999.0 -9999.0 -9999.0 -9999.0 -9999.0 -9999.0 -9999.0 -9999.0 -9999.0 -9999.0 2.5 15.7 5.3 6.2 2.9 4.0 5.1 6.3 7.7 10.1 47.7 26.8 51.1 65.9 82.4 91.5 86.0 82.6 88.5 96.3 132.2 109.7 112.8 97.3 110.4 102.5
-9999.0 -9999.0 -9999.0 -9999.0 -9999.0 -9999.0 -9999.0 -9999.0 -9999.0 -9999.0 -9999.0 -9999.0 -9999.0 -9999.0 -9999.0 -9999.0 -9999.0 -9999.0 -9999.0 -9999.0 -9999.0 -9999.0 -9999.0 -9999.0 -9999.0 -9999.0 -9999.0 -9999.0 -9999.0 -9999.0 -9999.0 -9999.0 -9999.0 -9999.0 -9999.0 -9999.0 -9999.0 -9999.0 -9999.0 -9999.0 -9999.0 -9999.0 -9999.0 -9999.0 -9999.0 -9999.0 -9999.0 -9999.0 -9999.0 -9999.0 -9999.0 7.3 9.1 22.8 7.7 10.8 10.6 12.2 11.8 8.4 15.3 21.5 29.2 49.9 74.6 90.7 91.4 85.7 86.3 80.4 85.0 91.0 78.4 66.8 81.0 85.6 112.3 94.2
-9999.0 -9999.0 -9999.0 -9999.0 -9999.0 -9999.0 -9999.0 -9999.0 -9999.0 -9999.0 -9999.0 -9999.0 -9999.0 -9999.0 -9999.0 -9999.0 -9999.0 -9999.0 -9999.0 -9999.0 -9999.0 -9999.0 -9999.0 -9999.0 -9999.0 -9999.0 -9999.0 -9999.0 -9999.0 -9999.0 -9999.0 -9999.0 -9999.0 -9999.0 -9999.0 -9999.0 -9999.0 -9999.0 -9999.0 -9999.0 -9999.0 -9999.0 -9999.0 -9999.0 -9999.0 -9999.0 -9999.0 -9999.0 -9999.0 -9999.0 20.2 26.5 35.5 42.2 32.7 32.3 27.1 27.9 29.0 26.0 26.2 30.9 49.7 77.8 100.2 94.0 93.1 79.2 81.3 71.2 76.7 73.8 70.7 77.8 85.8 105.4 87.0 139.7
-9999.0 -9999.0 -9999.0 -9999.0 -9999.0 -9999.0 -9999.0 -9999.0 -9999.0 -9999.0 -9999.0 -9999.0 -9999.0 -9999.0 -9999.0 -9999.0 -9999.0 -9999.0 -9999.0 -9999.0 -9999.0 -9999.0 -9999.0 -9999.0 -9999.0 -9999.0 -9999.0 -9999.0 -9999.0 -9999.0 -9999.0 -9999.0 -9999.0 -9999.0 -9999.0 -9999.0 -9999.0 -9999.0 -9999.0 -9999.0 -9999.0 -9999.0 -9999.0 -9999.0 -9999.0 -9999.0 -9999.0 -9999.0 -9999.0 -9999.0 35.9 68.0 55.7 73.0 70.4 55.1 30.0 58.3 54.9 44.1 32.6 36.4 46.7 77.3 94.7 46.9 55.8 57.1 65.6 59.5 65.1 77.7 81.7 66.4 52.8 60.4 117.8 121.8
-9999.0 -9999.0 -9999.0 -9999.0 -9999.0 -9999.0 -9999.0 -9999.0 -9999.0 -9999.0 -9999.0 -9999.0 -9999.0 -9999.0 -9999.0 -9999.0 -9999.0 -9999.0 -9999.0 -9999.0 -9999.0 -9999.0 -9999.0 -9999.0 -9999.0 -9999.0 -9999.0 -9999.0 -9999.0 -9999.0 -9999.0 -9999.0 -9999.0 -9999.0 -9999.0 -9999.0 -9999.0 -9999.0 -9999.0 -9999.0 -9999.0 -9999.0 -9999.0 -9999.0 -9999.0 -9999.0 -9999.0 -9999.0 -9999.0 -9999.0 58.2 79.7 84.9 122.7 74.1 57.7 91.1 79.5 78.9 47.8 40.4 42.0 50.1 52.4 73.7 57.1 40.7 48.9 57.8 70.6 63.7 108.8 91.4 90.0 54.6 80.8 170.9 164.6
-9999.0 -9999.0 -9999.0 -9999.0 -9999.0 -9999.0 -9999.0 -9999.0 -9999.0 -9999.0 -9999.0 -9999.0 -9999.0 -9999.0 -9999.0 -9999.0 -9999.0 -9999.0 -9999.0 -9999.0 -9999.0 -9999.0 -9999.0 -9999.0 -9999.0 -9999.0 -9999.0 -9999.0 -9999.0 -9999.0 -9999.0 -9999.0 -9999.0 -9999.0 -9999.0 -9999.0 -9999.0 -9999.0 -9999.0 -9999.0 -9999.0 -9999.0 -9999.0 -9999.0 -9999.0 -9999.0 -9999.0 -9999.0 -9999.0 -9999.0 108.2 143.2 135.6 132.1 106.8 113.3 66.1 96.6 91.1 54.0 52.1 45.4 28.8 55.2 82.1 85.7 92.3 79.2 93.9 52.6 70.7 88.6 109.0 106.3 81.6 137.4 208.7 208.1
-9999.0 -9999.0 -9999.0 -9999.0 -9999.0 -9999.0 -9999.0 -9999.0 -9999.0 -9999.0 -9999.0 -9999.0 -9999.0 -9999.0 -9999.0 -9999.0 -9999.0 -9999.0 -9999.0 -9999.0 -9999.0 -9999.0 -9999.0 -9999.0 -9999.0 -9999.0 -9999.0 -9999.0 -9999.0 -9999.0 -9999.0 -9999.0 -9999.0 -9999.0 -9999.0 -9999.0 -9999.0 -9999.0 -9999.0 -9999.0 -9999.0 -9999.0 -9999.0 -9999.0 -9999.0 -9999.0 -9999.0 -9999.0 -9999.0 -9999.0 -9999.0 -9999.0 -9999.0 143.9 110.6 91.9 102.7 116.2 87.1 75.6 115.9 55.7 103.9 92.8 114.7 122.4 148.2 102.0 113.8 97.8 76.8 70.5 81.7 103.2 136.4 163.3 201.7 220.6
-9999.0 -9999.0 -9999.0 -9999.0 -9999.0 -9999.0 -9999.0 -9999.0 -9999.0 -9999.0 -9999.0 -9999.0 -9999.0 -9999.0 -9999.0 -9999.0 -9999.0 -9999.0 -9999.0 -9999.0 -9999.0 -9999.0 -9999.0 -9999.0 -9999.0 -9999.0 -9999.0 -9999.0 -9999.0 -9999.0 -9999.0 -9999.0 -9999.0 -9999.0 -9999.0 -9999.0 -9999.0 -9999.0 -9999.0 -9999.0 -9999.0 -9999.0 -9999.0 -9999.0 -9999.0 -9999.0 -9999.0 -9999.0 -9999.0 -9999.0 -9999.0 -9999.0 -9999.0 174.1 135.9 189.3 121.8 109.0 113.8 152.4 140.7 120.4 175.1 162.3 180.0 182.5 136.6 189.2 118.9 102.7 80.4 73.2 86.7 127.8 178.0 187.1 162.2 259.3
-9999.0 -9999.0 -9999.0 -9999.0 -9999.0 -9999.0 -9999.0 -9999.0 -9999.0 -9999.0 -9999.0 -9999.0 -9999.0 -9999.0 -9999.0 -9999.0 -9999.0 -9999.0 -9999.0 -9999.0 -9999.0 -9999.0 -9999.0 -9999.0 -9999.0 -9999.0 -9999.0 -9999.0 -9999.0 -9999.0 -9999.0 -9999.0 -9999.0 -9999.0 -9999.0 -9999.0 -9999.0 -9999.0 -9999.0 -9999.0 -9999.0 -9999.0 -9999.0 -9999.0 -9999.0 -9999.0 -9999.0 -9999.0 -9999.0 -9999.0 -9999.0 -9999.0 -9999.0 204.0 142.7 179.5 155.1 127.1 132.9 154.5 218.8 229.1 278.6 304.3 245.3 -9999.0 -9999.0 -9999.0 193.5 138.1 136.4 149.5 157.7 178.1 208.8 224.0 198.2 284.5
-9999.0 -9999.0 -9999.0 -9999.0 -9999.0 -9999.0 -9999.0 -9999.0 -9999.0 -9999.0 -9999.0 -9999.0 -9999.0 -9999.0 -9999.0 -9999.0 -9999.0 -9999.0 -9999.0 -9999.0 -9999.0 -9999.0 -9999.0 -9999.0 -9999.0 -9999.0 -9999.0 -9999.0 -9999.0 -9999.0 -9999.0 -9999.0 -9999.0 -9999.0 -9999.0 -9999.0 -9999.0 -9999.0 -9999.0 -9999.0 -9999.0 -9999.0 -9999.0 -9999.0 -9999.0 -9999.0 -9999.0 -9999.0 -9999.0 -9999.0 -9999.0 -9999.0 -9999.0 -9999.0 204.5 185.2 131.8 106.8 146.4 204.1 163.0 -9999.0 -9999.0 -9999.0 -9999.0 -9999.0 -9999.0 -9999.0 224.5 240.1 290.5 265.8 259.9 257.3 252.3 251.1 265.6 276.5
-9999.0 -9999.0 -9999.0 -9999.0 -9999.0 -9999.0 -9999.0 -9999.0 -9999.0 -9999.0 -9999.0 -9999.0 -9999.0 -9999.0 -9999.0 -9999.0 -9999.0 -9999.0 -9999.0 -9999.0 -9999.0 -9999.0 -9999.0 -9999.0 -9999.0 -9999.0 -9999.0 -9999.0 -9999.0 -9999.0 -9999.0 -9999.0 -9999.0 -9999.0 -9999.0 -9999.0 -9999.0 -9999.0 -9999.0 -9999.0 -9999.0 -9999.0 -9999.0 -9999.0 -9999.0 -9999.0 -9999.0 -9999.0 -9999.0 -9999.0 -9999.0 -9999.0 -9999.0 -9999.0 -9999.0 169.6 218.1 133.3 104.7 151.6 175.9 -9999.0 -9999.0 -9999.0 -9999.0 -9999.0 -9999.0 -9999.0 -9999.0 -9999.0 343.9 -9999.0 -9999.0 -9999.0 -9999.0 -9999.0 281.8 -9999.0
-9999.0 -9999.0 -9999.0 -9999.0 -9999.0 -9999.0 -9999.0 -9999.0 -9999.0 -9999.0 -9999.0 -9999.0 -9999.0 -9999.0 -9999.0 -9999.0 -9999.0 -9999.0 -9999.0 -9999.0 -9999.0 -9999.0 -9999.0 -9999.0 -9999.0 -9999.0 -9999.0 -9999.0 -9999.0 -9999.0 -9999.0 -9999.0 -9999.0 -9999.0 -9999.0 -9999.0 -9999.0 -9999.0 -9999.0 -9999.0 -9999.0 -9999.0 -9999.0 -9999.0 -9999.0 -9999.0 -9999.0 -9999.0 -9999.0 -9999.0 -9999.0 -9999.0 -9999.0 -9999.0 -9999.0 -9999.0 -9999.0 -9999.0 122.9 108.9 -9999.0 -9999.0 -9999.0 -9999.0 -9999.0 -9999.0 -9999.0 -9999.0 -9999.0 -9999.0 -9999.0 -9999.0 -9999.0 -9999.0 -9999.0 283.1 259.8 -9999.0
-9999.0 -9999.0 -9999.0 -9999.0 -9999.0 -9999.0 -9999.0 -9999.0 -9999.0 -9999.0 -9999.0 -9999.0 -9999.0 -9999.0 -9999.0 -9999.0 -9999.0 -9999.0 -9999.0 -9999.0 -9999.0 -9999.0 -9999.0 -9999.0 -9999.0 -9999.0 -9999.0 -9999.0 -9999.0 -9999.0 -9999.0 -9999.0 -9999.0 -9999.0 -9999.0 -9999.0 -9999.0 -9999.0 -9999.0 -9999.0 -9999.0 -9999.0 -9999.0 -9999.0 -9999.0 -9999.0 -9999.0 -9999.0 -9999.0 -9999.0 -9999.0 -9999.0 -9999.0 -9999.0 -9999.0 -9999.0 -9999.0 -9999.0 -9999.0 -9999.0 -9999.0 -9999.0 -9999.0 -9999.0 -9999.0 -9999.0 -9999.0 -9999.0 -9999.0 -9999.0 -9999.0 -9999.0 -9999.0 -9999.0 -9999.0 -9999.0 -9999.0 -9999.0
-9999.0 -9999.0 -9999.0 -9999.0 -9999.0 -9999.0 -9999.0 -9999.0 -9999.0 -9999.0 -9999.0 -9999.0 -9999.0 -9999.0 -9999.0 -9999.0 -9999.0 -9999.0 -9999.0 -9999.0 -9999.0 -9999.0 -9999.0 -9999.0 -9999.0 -9999.0 -9999.0 -9999.0 -9999.0 -9999.0 -9999.0 -9999.0 -9999.0 -9999.0 -9999.0 -9999.0 -9999.0 -9999.0 -9999.0 -9999.0 -9999.0 -9999.0 -9999.0 -9999.0 -9999.0 -9999.0 -9999.0 -9999.0 -9999.0 -9999.0 -9999.0 -9999.0 -9999.0 -9999.0 -9999.0 -9999.0 -9999.0 -9999.0 -9999.0 -9999.0 -9999.0 -9999.0 -9999.0 -9999.0 -9999.0 -9999.0 -9999.0 -9999.0 -9999.0 -9999.0 -9999.0 -9999.0 -9999.0 -9999.0 -9999.0 299.4 285.5 302.6
-9999.0 -9999.0 -9999.0 -9999.0 -9999.0 -9999.0 -9999.0 -9999.0 -9999.0 -9999.0 -9999.0 -9999.0 -9999.0 -9999.0 -9999.0 -9999.0 -9999.0 -9999.0 -9999.0 -9999.0 -9999.0 -9999.0 -9999.0 -9999.0 -9999.0 -9999.0 -9999.0 -9999.0 -9999.0 -9999.0 -9999.0 -9999.0 -9999.0 -9999.0 -9999.0 -9999.0 -9999.0 -9999.0 -9999.0 -9999.0 -9999.0 -9999.0 -9999.0 -9999.0 -9999.0 -9999.0 -9999.0 -9999.0 -9999.0 -9999.0 -9999.0 -9999.0 -9999.0 -9999.0 -9999.0 -9999.0 -9999.0 -9999.0 -9999.0 -9999.0 -9999.0 -9999.0 -9999.0 -9999.0 -9999.0 -9999.0 -9999.0 -9999.0 -9999.0 -9999.0 -9999.0 -9999.0 -9999.0 224.1 347.9 364.6 431.4 -9999.0
