program/excelProcessViaJava/data/SURF_CLI_CHN_PRE_MON_GRID_0.5-198507.txt
NCOLS      128
NROWS       72
XLLCORNER    72.000000000000    
YLLCORNER    18.000000000000    
CELLSIZE    0.50000000000000    
NODATA_VALUE   -9999.000    
[rows 33 to 65 of 72, columns 0 to 73 of 128]
-9999.0 -9999.0 -9999.0 -9999.0 6.3 17.7 34.1 16.5 16.8 3.9 7.0 5.5 3.9 2.2 2.1 2.0 1.7 1.4 1.3 1.3 1.4 1.7 2.5 4.5 7.6 11.9 15.8 68.2 31.0 34.9 38.1 32.2 29.1 33.1 22.0 20.8 17.7 30.3 22.4 12.3 6.8 5.1 4.3 3.7 3.5 3.7 4.9 7.9 12.6 15.3 18.5 26.6 37.7 58.8 47.9 70.0 89.9 131.1 137.6 154.2 132.9 91.2 61.6 32.5 25.3 29.5 32.8 36.5 41.6 46.9 56.2 73.8 90.6 100.4
-9999.0 -9999.0 -9999.0 -9999.0 17.0 13.5 37.8 17.2 67.6 67.3 17.0 61.1 38.6 40.6 8.1 7.6 7.1 2.8 1.6 1.5 2.3 3.3 5.3 15.6 45.1 68.1 43.1 44.0 40.6 39.7 37.8 42.6 35.0 33.6 34.4 28.9 33.5 35.7 22.2 13.3 14.6 6.5 5.0 3.8 3.3 3.4 4.3 6.3 9.3 13.1 15.7 17.6 34.5 32.1 39.6 61.8 85.9 114.1 134.3 97.7 119.2 69.6 54.3 47.3 37.8 37.9 41.3 46.1 53.8 70.7 76.6 90.7 100.5 107.6
-9999.0 -9999.0 -9999.0 -9999.0 -9999.0 -9999.0 -9999.0 29.6 53.2 41.9 99.9 103.7 58.5 72.3 71.9 10.6 27.2 10.4 7.2 13.3 34.0 55.3 57.6 50.7 46.1 43.8 47.9 48.4 47.8 52.4 49.5 47.1 44.3 45.8 48.9 41.3 47.5 40.2 43.6 38.6 17.5 28.3 19.8 10.4 6.1 4.6 6.4 8.2 12.5 14.1 16.0 18.4 25.2 68.7 72.6 60.2 76.7 95.2 131.4 116.0 122.1 78.0 57.9 55.3 56.2 49.6 52.8 61.5 72.4 85.0 85.9 86.9 106.1 117.9
-9999.0 -9999.0 -9999.0 -9999.0 -9999.0 -9999.0 -9999.0 93.4 34.7 75.7 99.0 79.7 99.2 136.2 99.1 156.7 86.5 75.8 107.1 62.4 54.9 68.5 55.1 52.7 47.6 46.9 45.1 53.5 45.1 43.5 51.1 51.3 50.8 57.9 51.4 52.7 49.7 53.4 49.1 41.3 35.6 28.4 24.8 32.8 15.9 10.9 14.3 17.6 29.5 28.4 49.3 48.8 36.0 51.6 85.3 70.2 84.8 104.8 123.8 127.0 110.2 98.0 81.9 81.2 72.7 65.2 67.0 77.9 94.3 88.9 83.2 82.7 99.5 118.1
-9999.0 -9999.0 -9999.0 -9999.0 -9999.0 -9999.0 -9999.0 -9999.0 -9999.0 83.8 86.6 82.6 128.8 125.5 106.4 92.1 110.6 165.6 105.5 126.9 86.2 61.5 54.4 51.0 47.6 44.0 47.2 47.7 43.7 54.7 44.3 49.8 52.4 58.7 54.3 56.8 57.8 61.8 57.8 56.4 46.9 41.8 33.7 28.5 31.5 31.6 33.5 35.2 39.4 42.7 51.5 50.8 52.3 59.0 91.3 82.6 87.5 100.5 119.2 115.0 106.4 103.7 101.9 103.3 94.3 81.5 80.2 92.8 107.9 94.2 83.9 67.8 77.4 102.4
-9999.0 -9999.0 -9999.0 -9999.0 -9999.0 -9999.0 -9999.0 -9999.0 -9999.0 -9999.0 -9999.0 141.0 80.3 154.7 127.3 135.6 120.4 104.4 91.9 91.1 96.4 70.4 65.7 52.5 65.9 52.7 55.5 54.4 52.1 49.7 51.4 61.6 56.8 61.1 62.2 76.9 71.2 74.5 90.7 74.9 74.4 61.2 50.6 45.5 56.7 48.7 63.5 56.7 61.8 60.5 54.8 58.3 65.0 81.7 107.9 109.3 105.7 114.3 110.4 104.5 104.0 99.3 103.6 110.2 107.0 87.4 90.6 97.8 104.1 99.4 80.5 70.7 61.2 61.3
-9999.0 -9999.0 -9999.0 -9999.0 -9999.0 -9999.0 -9999.0 -9999.0 -9999.0 -9999.0 -9999.0 -9999.0 99.3 101.0 153.4 122.9 173.7 123.8 111.6 134.9 71.3 70.0 63.7 51.9 90.7 51.2 45.1 55.6 53.4 65.5 57.5 58.7 62.6 73.2 78.2 79.9 97.3 90.2 89.3 87.8 85.5 79.9 73.4 75.4 75.4 80.9 88.3 78.1 79.4 77.9 86.4 85.2 82.7 89.0 109.7 128.7 134.2 139.4 99.5 107.8 98.3 109.3 116.1 116.2 102.1 110.5 86.5 93.3 99.5 102.2 73.8 51.5 44.9 48.0
-9999.0 -9999.0 -9999.0 -9999.0 -9999.0 -9999.0 -9999.0 -9999.0 -9999.0 -9999.0 -9999.0 -9999.0 182.9 96.7 86.2 141.0 93.7 102.1 127.6 103.6 87.5 85.5 70.4 52.7 41.2 46.5 47.2 42.9 50.9 49.9 60.1 71.4 70.2 74.0 82.6 85.5 101.5 107.6 107.9 107.9 102.8 98.5 105.3 95.1 107.4 120.5 114.7 110.0 95.4 99.8 93.3 97.4 94.1 113.2 119.3 144.3 138.9 135.4 103.3 94.3 96.1 107.1 125.8 142.4 94.3 93.7 81.4 83.7 88.4 99.1 119.9 157.2 172.7 134.3
-9999.0 -9999.0 -9999.0 -9999.0 -9999.0 -9999.0 -9999.0 -9999.0 -9999.0 -9999.0 -9999.0 -9999.0 -9999.0 134.0 178.3 93.7 126.6 96.2 83.1 75.9 76.4 56.2 67.3 44.0 44.7 61.6 61.1 70.6 62.2 62.3 59.9 63.3 78.1 84.0 80.5 89.0 98.0 109.4 135.3 125.8 123.1 124.6 120.9 133.0 132.5 139.1 153.9 157.7 149.5 133.6 121.3 106.8 109.0 161.1 163.4 167.4 157.4 154.5 164.6 125.4 120.3 121.7 140.5 118.6 90.7 78.3 78.2 83.4 100.1 126.2 147.0 131.9 136.7 142.9
-9999.0 -9999.0 -9999.0 -9999.0 -9999.0 -9999.0 -9999.0 -9999.0 -9999.0 -9999.0 -9999.0 -9999.0 137.3 189.6 168.9 116.5 164.5 121.3 105.8 63.3 56.4 51.4 52.7 45.0 40.8 59.2 55.3 52.9 56.8 63.8 65.7 64.8 83.1 80.8 88.9 91.6 107.4 106.0 113.8 122.1 140.1 150.9 159.1 135.7 154.5 172.6 180.0 171.6 166.1 153.4 156.6 165.6 140.5 167.5 169.3 179.0 197.0 147.2 157.0 131.9 138.1 160.6 158.3 179.1 125.0 87.4 117.2 106.0 117.6 148.7 173.5 174.2 139.8 98.8
-9999.0 -9999.0 -9999.0 -9999.0 -9999.0 -9999.0 -9999.0 -9999.0 -9999.0 -9999.0 -9999.0 -9999.0 171.7 93.0 112.5 204.6 169.7 89.7 77.3 88.3 52.6 61.7 54.1 48.6 40.9 40.0 45.2 50.1 56.5 59.1 63.8 71.0 84.3 79.1 84.3 92.7 96.1 106.0 113.5 115.9 122.7 122.4 126.1 139.6 160.5 186.9 214.5 213.8 199.7 151.8 146.1 174.2 156.1 160.3 176.4 175.3 197.1 202.2 175.7 193.4 204.7 225.3 160.4 128.1 106.4 121.4 91.5 136.6 180.2 219.6 228.0 202.6 162.1 157.3
-9999.0 -9999.0 -9999.0 -9999.0 -9999.0 -9999.0 -9999.0 -9999.0 -9999.0 -9999.0 -9999.0 -9999.0 69.0 145.1 83.0 97.6 89.1 141.2 90.9 81.4 103.3 94.4 56.8 63.3 52.0 67.1 61.1 78.0 61.7 67.2 71.9 87.3 80.6 81.6 86.3 92.7 97.4 104.1 109.9 122.1 124.1 119.1 143.5 123.7 160.6 204.2 228.4 216.6 177.1 165.1 169.3 155.1 258.6 277.7 240.5 178.9 208.7 221.3 223.0 187.0 190.0 199.8 288.2 133.9 86.5 186.1 156.7 156.4 189.7 243.5 252.3 222.0 197.8 199.8
-9999.0 -9999.0 -9999.0 -9999.0 -9999.0 -9999.0 -9999.0 -9999.0 -9999.0 -9999.0 -9999.0 -9999.0 -9999.0 205.8 171.3 91.2 95.9 76.7 99.8 99.6 136.8 73.8 81.7 83.4 55.0 61.1 61.9 63.5 77.4 72.7 90.6 91.2 95.7 91.8 95.3 106.5 106.6 103.1 111.5 119.6 127.1 147.0 161.9 162.4 157.0 181.4 215.6 174.9 216.2 199.6 157.3 234.2 229.9 199.5 274.7 274.2 194.4 198.0 225.7 287.2 258.9 402.6 273.0 96.1 153.2 147.9 148.9 158.3 198.3 214.6 229.4 213.3 208.4 171.9
-9999.0 -9999.0 -9999.0 -9999.0 -9999.0 -9999.0 -9999.0 -9999.0 -9999.0 -9999.0 -9999.0 -9999.0 -9999.0 40.6 149.3 82.8 138.1 66.0 66.6 76.4 123.8 109.4 104.8 85.0 52.3 65.3 73.2 69.8 81.5 119.8 114.1 113.3 106.7 107.5 112.6 110.8 103.4 104.9 115.5 138.7 136.3 145.1 153.8 165.5 209.7 193.8 205.0 168.3 180.1 181.1 226.0 173.9 255.9 303.8 327.1 288.5 215.5 208.5 246.6 163.3 273.0 171.5 132.7 205.2 162.3 133.1 134.5 163.0 181.0 190.8 180.4 171.4 171.9 201.3
-9999.0 -9999.0 -9999.0 -9999.0 -9999.0 -9999.0 -9999.0 -9999.0 -9999.0 -9999.0 -9999.0 -9999.0 -9999.0 -9999.0 -9999.0 78.4 62.0 79.7 60.7 48.4 94.4 67.8 63.4 70.9 80.3 80.6 120.6 101.9 131.6 109.9 125.0 126.0 139.6 133.3 122.3 128.8 128.1 107.9 117.5 130.7 146.2 158.9 166.8 173.4 168.8 161.7 191.5 139.2 189.1 123.8 192.8 303.0 261.0 281.4 198.1 267.0 253.3 144.6 278.5 314.3 150.9 163.3 308.2 267.8 209.6 169.7 170.3 203.0 194.1 150.7 133.0 128.0 182.0 210.6
-9999.0 -9999.0 -9999.0 -9999.0 -9999.0 -9999.0 -9999.0 -9999.0 -9999.0 -9999.0 -9999.0 -9999.0 -9999.0 -9999.0 -9999.0 -9999.0 -9999.0 1.0 9.8 -9999.0 21.8 71.1 45.7 51.4 84.4 85.3 132.0 117.6 109.7 139.4 137.7 136.6 160.8 138.6 130.0 125.0 134.0 119.0 123.1 135.0 147.3 164.0 172.7 180.8 192.3 173.9 160.7 227.7 154.1 198.8 139.2 214.8 172.0 281.7 289.8 283.8 215.9 285.4 275.6 303.4 147.2 214.4 316.8 322.0 243.2 187.2 190.0 193.5 178.6 134.7 117.1 153.4 184.0 170.8
-9999.0 -9999.0 -9999.0 -9999.0 -9999.0 -9999.0 -9999.0 -9999.0 -9999.0 -9999.0 -9999.0 -9999.0 -9999.0 -9999.0 -9999.0 -9999.0 -9999.0 -9999.0 -9999.0 -9999.0 -9999.0 37.2 60.8 110.1 83.3 61.0 76.8 94.6 117.2 122.3 143.8 140.6 152.6 154.1 145.2 135.4 124.0 121.1 132.2 159.1 172.8 163.7 180.2 191.5 216.9 197.3 202.4 167.0 257.5 462.8 213.4 323.1 315.5 206.2 233.1 279.5 281.0 230.3 373.8 279.5 171.2 192.7 256.3 270.5 255.7 209.9 204.9 186.0 178.1 136.3 117.7 148.0 161.1 161.9
-9999.0 -9999.0 -9999.0 -9999.0 -9999.0 -9999.0 -9999.0 -9999.0 -9999.0 -9999.0 -9999.0 -9999.0 -9999.0 -9999.0 -9999.0 -9999.0 -9999.0 -9999.0 -9999.0 -9999.0 -9999.0 -9999.0 -9999.0 14.9 56.2 62.6 76.3 99.6 141.2 134.5 156.3 169.7 188.8 170.6 163.5 146.8 136.8 122.7 124.4 132.1 143.7 164.1 180.5 205.6 235.1 248.8 205.7 187.4 177.6 175.4 183.1 268.5 185.0 197.8 176.2 157.2 229.6 298.1 186.0 290.9 206.4 220.3 209.2 179.9 173.2 189.6 199.9 177.9 124.4 132.1 139.0 162.2 180.9 197.7
-9999.0 -9999.0 -9999.0 -9999.0 -9999.0 -9999.0 -9999.0 -9999.0 -9999.0 -9999.0 -9999.0 -9999.0 -9999.0 -9999.0 -9999.0 -9999.0 -9999.0 -9999.0 -9999.0 -9999.0 -9999.0 -9999.0 -9999.0 -9999.0 -9999.0 13.4 50.5 172.6 167.9 210.0 177.7 163.4 166.3 170.9 156.5 153.2 158.6 122.8 125.8 125.0 144.2 159.7 236.8 243.0 264.5 263.8 244.1 247.9 223.3 199.9 270.3 224.5 249.9 219.1 163.9 165.2 207.8 209.4 288.5 290.1 280.4 259.4 380.4 157.5 148.6 156.7 148.6 107.4 100.6 109.4 132.1 172.3 207.1 206.7
-9999.0 -9999.0 -9999.0 -9999.0 -9999.0 -9999.0 -9999.0 -9999.0 -9999.0 -9999.0 -9999.0 -9999.0 -9999.0 -9999.0 -9999.0 -9999.0 -9999.0 -9999.0 -9999.0 -9999.0 -9999.0 -9999.0 -9999.0 -9999.0 -9999.0 -9999.0 -9999.0 24.0 37.6 96.7 120.4 135.9 189.9 143.0 155.3 138.9 129.2 122.9 142.1 128.5 138.2 181.3 244.0 267.9 272.4 271.2 266.2 258.2 247.7 227.8 223.4 216.9 201.9 187.8 181.9 196.0 205.8 228.9 271.3 267.9 257.6 283.7 173.6 155.1 178.3 141.9 125.0 110.6 90.8 88.8 114.8 148.0 183.7 175.7
-9999.0 -9999.0 -9999.0 -9999.0 -9999.0 -9999.0 -9999.0 -9999.0 -9999.0 -9999.0 -9999.0 -9999.0 -9999.0 -9999.0 -9999.0 -9999.0 -9999.0 -9999.0 -9999.0 -9999.0 -9999.0 -9999.0 -9999.0 -9999.0 -9999.0 -9999.0 -9999.0 -9999.0 -9999.0 -9999.0 -9999.0 -9999.0 -9999.0 114.3 140.0 -9999.0 -9999.0 -9999.0 165.6 148.8 189.5 224.9 238.3 266.0 270.1 271.5 -9999.0 -9999.0 -9999.0 -9999.0 -9999.0 -9999.0 219.7 229.5 217.6 231.7 247.1 288.6 288.5 317.0 308.3 288.0 210.5 180.6 171.2 167.7 151.9 133.2 115.8 102.5 112.5 125.4 134.0 121.6
-9999.0 -9999.0 -9999.0 -9999.0 -9999.0 -9999.0 -9999.0 -9999.0 -9999.0 -9999.0 -9999.0 -9999.0 -9999.0 -9999.0 -9999.0 -9999.0 -9999.0 -9999.0 -9999.0 -9999.0 -9999.0 -9999.0 -9999.0 -9999.0 -9999.0 -9999.0 -9999.0 -9999.0 -9999.0 -9999.0 -9999.0 -9999.0 -9999.0 -9999.0 -9999.0 -9999.0 -9999.0 -9999.0 -9999.0 190.6 210.2 228.4 244.1 256.7 -9999.0 -9999.0 -9999.0 -9999.0 -9999.0 -9999.0 -9999.0 -9999.0 240.3 275.9 246.5 244.9 267.6 302.4 338.1 360.5 343.7 282.7 243.8 199.7 227.5 242.7 238.1 196.0 182.0 175.6 148.5 120.7 100.5 98.6
-9999.0 -9999.0 -9999.0 -9999.0 -9999.0 -9999.0 -9999.0 -9999.0 -9999.0 -9999.0 -9999.0 -9999.0 -9999.0 -9999.0 -9999.0 -9999.0 -9999.0 -9999.0 -9999.0 -9999.0 -9999.0 -9999.0 -9999.0 -9999.0 -9999.0 -9999.0 -9999.0 -9999.0 -9999.0 -9999.0 -9999.0 -9999.0 -9999.0 -9999.0 -9999.0 -9999.0 -9999.0 -9999.0 -9999.0 -9999.0 -9999.0 -9999.0 -9999.0 -9999.0 -9999.0 -9999.0 -9999.0 -9999.0 -9999.0 -9999.0 -9999.0 -9999.0 188.2 320.9 267.8 278.6 246.5 271.0 307.6 327.8 311.9 259.5 329.4 223.9 256.7 265.4 250.9 258.5 268.6 249.9 191.9 136.8 142.5 97.7
-9999.0 -9999.0 -9999.0 -9999.0 -9999.0 -9999.0 -9999.0 -9999.0 -9999.0 -9999.0 -9999.0 -9999.0 -9999.0 -9999.0 -9999.0 -9999.0 -9999.0 -9999.0 -9999.0 -9999.0 -9999.0 -9999.0 -9999.0 -9999.0 -9999.0 -9999.0 -9999.0 -9999.0 -9999.0 -9999.0 -9999.0 -9999.0 -9999.0 -9999.0 -9999.0 -9999.0 -9999.0 -9999.0 -9999.0 -9999.0 -9999.0 -9999.0 -9999.0 -9999.0 -9999.0 -9999.0 -9999.0 -9999.0 -9999.0 -9999.0 -9999.0 242.7 259.2 337.0 207.0 230.1 215.1 243.0 251.8 245.0 253.9 235.5 209.5 234.4 265.3 275.0 250.5 187.5 283.5 249.8 197.8 151.4 108.3 94.3
-9999.0 -9999.0 -9999.0 -9999.0 -9999.0 -9999.0 -9999.0 -9999.0 -9999.0 -9999.0 -9999.0 -9999.0 -9999.0 -9999.0 -9999.0 -9999.0 -9999.0 -9999.0 -9999.0 -9999.0 -9999.0 -9999.0 -9999.0 -9999.0 -9999.0 -9999.0 -9999.0 -9999.0 -9999.0 -9999.0 -9999.0 -9999.0 -9999.0 -9999.0 -9999.0 -9999.0 -9999.0 -9999.0 -9999.0 -9999.0 -9999.0 -9999.0 -9999.0 -9999.0 -9999.0 -9999.0 -9999.0 -9999.0 -9999.0 -9999.0 246.0 326.3 338.6 346.4 251.5 242.8 181.4 164.1 193.7 213.9 196.6 220.3 209.4 245.7 267.0 262.1 265.2 205.1 254.1 196.8 187.4 136.3 113.7 112.3
-9999.0 -9999.0 -9999.0 -9999.0 -9999.0 -9999.0 -9999.0 -9999.0 -9999.0 -9999.0 -9999.0 -9999.0 -9999.0 -9999.0 -9999.0 -9999.0 -9999.0 -9999.0 -9999.0 -9999.0 -9999.0 -9999.0 -9999.0 -9999.0 -9999.0 -9999.0 -9999.0 -9999.0 -9999.0 -9999.0 -9999.0 -9999.0 -9999.0 -9999.0 -9999.0 -9999.0 -9999.0 -9999.0 -9999.0 -9999.0 -9999.0 -9999.0 -9999.0 -9999.0 -9999.0 -9999.0 -9999.0 -9999.0 -9999.0 -9999.0 265.0 434.3 314.5 361.6 337.6 256.0 158.4 208.9 199.4 174.6 167.1 190.0 192.8 227.9 250.5 212.8 214.0 162.3 179.3 167.9 168.4 148.4 123.5 103.2
-9999.0 -9999.0 -9999.0 -9999.0 -9999.0 -9999.0 -9999.0 -9999.0 -9999.0 -9999.0 -9999.0 -9999.0 -9999.0 -9999.0 -9999.0 -9999.0 -9999.0 -9999.0 -9999.0 -9999.0 -9999.0 -9999.0 -9999.0 -9999.0 -9999.0 -9999.0 -9999.0 -9999.0 -9999.0 -9999.0 -9999.0 -9999.0 -9999.0 -9999.0 -9999.0 -9999.0 -9999.0 -9999.0 -9999.0 -9999.0 -9999.0 -9999.0 -9999.0 -9999.0 -9999.0 -9999.0 -9999.0 -9999.0 -9999.0 -9999.0 262.0 349.4 311.1 501.4 321.2 272.6 334.3 233.6 233.4 151.7 185.9 214.6 210.6 184.4 208.5 201.0 182.3 158.4 154.9 183.3 164.9 176.8 119.9 107.5
-9999.0 -9999.0 -9999.0 -9999.0 -9999.0 -9999.0 -9999.0 -9999.0 -9999.0 -9999.0 -9999.0 -9999.0 -9999.0 -9999.0 -9999.0 -9999.0 -9999.0 -9999.0 -9999.0 -9999.0 -9999.0 -9999.0 -9999.0 -9999.0 -9999.0 -9999.0 -9999.0 -9999.0 -9999.0 -9999.0 -9999.0 -9999.0 -9999.0 -9999.0 -9999.0 -9999.0 -9999.0 -9999.0 -9999.0 -9999.0 -9999.0 -9999.0 -9999.0 -9999.0 -9999.0 -9999.0 -9999.0 -9999.0 -9999.0 -9999.0 398.5 512.2 445.9 477.2 432.2 448.2 248.3 290.5 260.3 166.9 222.2 211.0 122.3 166.4 188.5 186.4 190.8 169.1 175.3 138.4 149.5 139.9 123.2 102.8
-9999.0 -9999.0 -9999.0 -9999.0 -9999.0 -9999.0 -9999.0 -9999.0 -9999.0 -9999.0 -9999.0 -9999.0 -9999.0 -9999.0 -9999.0 -9999.0 -9999.0 -9999.0 -9999.0 -9999.0 -9999.0 -9999.0 -9999.0 -9999.0 -9999.0 -9999.0 -9999.0 -9999.0 -9999.0 -9999.0 -9999.0 -9999.0 -9999.0 -9999.0 -9999.0 -9999.0 -9999.0 -9999.0 -9999.0 -9999.0 -9999.0 -9999.0 -9999.0 -9999.0 -9999.0 -9999.0 -9999.0 -9999.0 -9999.0 -9999.0 -9999.0 -9999.0 -9999.0 436.2 390.1 357.4 353.9 359.6 222.0 219.3 408.1 153.2 279.1 184.5 182.4 175.5 193.5 150.5 153.4 141.1 125.5 116.7 106.4 93.3
-9999.0 -9999.0 -9999.0 -9999.0 -9999.0 -9999.0 -9999.0 -9999.0 -9999.0 -9999.0 -9999.0 -9999.0 -9999.0 -9999.0 -9999.0 -9999.0 -9999.0 -9999.0 -9999.0 -9999.0 -9999.0 -9999.0 -9999.0 -9999.0 -9999.0 -9999.0 -9999.0 -9999.0 -9999.0 -9999.0 -9999.0 -9999.0 -9999.0 -9999.0 -9999.0 -9999.0 -9999.0 -9999.0 -9999.0 -9999.0 -9999.0 -9999.0 -9999.0 -9999.0 -9999.0 -9999.0 -9999.0 -9999.0 -9999.0 -9999.0 -9999.0 -9999.0 -9999.0 474.4 386.6 614.8 352.6 291.6 341.9 478.9 336.2 211.3 345.1 193.8 192.3 184.1 151.3 182.2 141.5 127.3 110.1 110.0 114.1 111.8
-9999.0 -9999.0 -9999.0 -9999.0 -9999.0 -9999.0 -9999.0 -9999.0 -9999.0 -9999.0 -9999.0 -9999.0 -9999.0 -9999.0 -9999.0 -9999.0 -9999.0 -9999.0 -9999.0 -9999.0 -9999.0 -9999.0 -9999.0 -9999.0 -9999.0 -9999.0 -9999.0 -9999.0 -9999.0 -9999.0 -9999.0 -9999.0 -9999.0 -9999.0 -9999.0 -9999.0 -9999.0 -9999.0 -9999.0 -9999.0 -9999.0 -9999.0 -9999.0 -9999.0 -9999.0 -9999.0 -9999.0 -9999.0 -9999.0 -9999.0 -9999.0 -9999.0 -9999.0 508.9 328.3 473.0 393.1 336.1 396.6 418.3 493.7 408.1 456.5 400.8 203.8 -9999.0 -9999.0 -9999.0 173.6 142.0 130.3 138.4 153.9 155.0
-9999.0 -9999.0 -9999.0 -9999.0 -9999.0 -9999.0 -9999.0 -9999.0 -9999.0 -9999.0 -9999.0 -9999.0 -9999.0 -9999.0 -9999.0 -9999.0 -9999.0 -9999.0 -9999.0 -9999.0 -9999.0 -9999.0 -9999.0 -9999.0 -9999.0 -9999.0 -9999.0 -9999.0 -9999.0 -9999.0 -9999.0 -9999.0 -9999.0 -9999.0 -9999.0 -9999.0 -9999.0 -9999.0 -9999.0 -9999.0 -9999.0 -9999.0 -9999.0 -9999.0 -9999.0 -9999.0 -9999.0 -9999.0 -9999.0 -9999.0 -9999.0 -9999.0 -9999.0 -9999.0 481.6 431.6 302.0 290.1 447.4 580.9 369.4 -9999.0 -9999.0 -9999.0 -9999.0 -9999.0 -9999.0 -9999.0 175.7 173.3 182.6 161.0 177.6 188.7
-9999.0 -9999.0 -9999.0 -9999.0 -9999.0 -9999.0 -9999.0 -9999.0 -9999.0 -9999.0 -9999.0 -9999.0 -9999.0 -9999.0 -9999.0 -9999.0 -9999.0 -9999.0 -9999.0 -9999.0 -9999.0 -9999.0 -9999.0 -9999.0 -9999.0 -9999.0 -9999.0 -9999.0 -9999.0 -9999.0 -9999.0 -9999.0 -9999.0 -9999.0 -9999.0 -9999.0 -9999.0 -9999.0 -9999.0 -9999.0 -9999.0 -9999.0 -9999.0 -9999.0 -9999.0 -9999.0 -9999.0 -9999.0 -9999.0 -9999.0 -9999.0 -9999.0 -9999.0 -9999.0 -9999.0 396.0 557.6 392.6 377.6 491.6 460.1 -9999.0 -9999.0 -9999.0 -9999.0 -9999.0 -9999.0 -9999.0 -9999.0 -9999.0 166.8 -9999.0 -9999.0 -9999.0
