program/excelProcessViaJava/data/SURF_CLI_CHN_PRE_MON_GRID_0.5-199703.txt
NCOLS      128
NROWS       72
XLLCORNER    72.000000000000    
YLLCORNER    18.000000000000    
CELLSIZE    0.50000000000000    
NODATA_VALUE   -9999.000    
[rows 35 to 69 of 72, columns 0 to 77 of 128]
-9999.0 -9999.0 -9999.0 -9999.0 -9999.0 -9999.0 -9999.0 4.0 6.5 5.4 9.9 9.8 6.6 7.2 6.7 1.6 3.0 1.3 0.9 1.2 2.0 2.7 2.7 2.4 2.3 2.3 3.1 3.8 4.5 6.3 6.9 7.4 7.5 8.7 10.6 8.3 12.3 10.4 15.4 16.5 5.2 18.7 14.8 6.4 1.7 0.3 0.6 0.5 1.8 2.3 4.9 9.5 14.3 21.2 17.7 7.6 5.3 6.8 15.3 19.0 19.8 11.7 8.3 6.5 5.1 3.6 4.7 6.9 8.6 9.4 9.9 12.1 14.8 17.3 20.4 23.5 25.0 27.2
-9999.0 -9999.0 -9999.0 -9999.0 -9999.0 -9999.0 -9999.0 9.4 4.0 7.4 8.9 7.4 8.2 9.7 7.2 9.2 5.4 4.4 5.1 2.9 2.3 2.6 2.0 2.0 1.9 2.2 2.5 4.0 3.8 4.3 6.8 7.9 8.6 11.7 9.8 10.6 9.7 12.8 12.7 11.7 12.9 12.8 13.4 19.6 6.1 1.7 2.6 3.5 9.3 10.2 19.5 21.1 19.3 19.8 19.6 12.1 9.7 11.3 14.1 16.2 18.1 15.3 7.0 5.5 3.4 2.9 4.0 6.8 10.8 9.7 12.7 16.1 17.9 19.4 20.7 23.0 24.0 22.3
-9999.0 -9999.0 -9999.0 -9999.0 -9999.0 -9999.0 -9999.0 -9999.0 -9999.0 7.3 7.3 6.8 9.0 8.2 6.7 5.5 5.6 7.2 4.2 4.6 2.8 1.8 1.5 1.4 1.5 1.6 2.2 2.9 3.2 5.9 4.8 6.9 8.1 10.6 8.7 9.1 9.0 10.8 9.6 11.2 9.8 11.8 10.2 7.6 8.5 7.1 6.7 7.0 9.5 12.9 18.4 21.0 22.2 21.1 20.5 16.5 13.6 13.9 14.6 16.4 20.5 23.7 24.0 6.9 6.7 5.0 5.4 8.3 14.8 13.5 17.0 18.7 19.4 20.2 21.4 19.2 19.0 20.2
-9999.0 -9999.0 -9999.0 -9999.0 -9999.0 -9999.0 -9999.0 -9999.0 -9999.0 -9999.0 -9999.0 9.5 5.7 8.8 6.9 6.5 5.2 3.9 3.0 2.6 2.5 1.6 1.4 1.1 1.9 1.6 2.4 3.1 3.8 4.5 5.8 9.2 8.4 9.8 9.4 14.5 10.3 10.3 18.7 10.1 12.4 9.3 7.4 6.2 10.7 6.1 10.7 8.5 11.6 14.3 17.0 21.2 23.2 23.0 21.9 19.7 18.5 17.7 17.2 18.9 22.3 27.5 29.3 20.8 18.9 8.2 6.7 12.4 18.8 21.0 21.7 23.4 21.9 21.0 19.9 19.0 19.5 25.3
-9999.0 -9999.0 -9999.0 -9999.0 -9999.0 -9999.0 -9999.0 -9999.0 -9999.0 -9999.0 -9999.0 -9999.0 6.1 5.7 7.3 5.3 6.5 3.9 3.0 3.4 1.3 1.1 0.9 0.7 2.5 1.1 1.2 2.6 3.3 6.3 6.3 7.5 9.1 12.6 13.6 12.4 18.5 11.7 8.6 6.5 5.8 5.8 5.9 7.7 7.2 8.0 9.8 7.9 10.7 14.3 20.1 23.2 24.5 24.2 23.0 22.3 21.8 21.8 21.8 23.1 24.7 26.0 28.8 31.3 23.6 29.5 18.3 23.1 26.9 29.1 25.3 24.4 24.9 25.5 27.1 29.8 32.1 36.9
-9999.0 -9999.0 -9999.0 -9999.0 -9999.0 -9999.0 -9999.0 -9999.0 -9999.0 -9999.0 -9999.0 -9999.0 10.0 5.1 4.1 5.4 3.1 2.7 2.9 1.9 1.2 1.1 0.8 0.5 0.4 0.6 1.0 1.2 2.4 3.1 5.8 9.5 10.1 11.2 13.4 12.1 16.7 16.0 12.0 9.0 5.9 5.4 9.2 6.0 8.7 11.3 8.8 9.3 10.2 15.0 19.0 23.6 25.9 26.6 26.1 25.5 25.6 26.6 27.6 27.5 26.1 25.6 29.2 34.7 31.1 37.4 17.6 21.0 24.8 32.5 42.1 48.3 48.8 46.8 44.4 41.6 42.2 47.8
-9999.0 -9999.0 -9999.0 -9999.0 -9999.0 -9999.0 -9999.0 -9999.0 -9999.0 -9999.0 -9999.0 -9999.0 -9999.0 6.4 7.5 3.4 3.7 2.2 1.4 1.0 0.8 0.4 0.5 0.3 0.3 0.8 1.1 2.3 2.6 3.7 4.5 6.2 10.9 13.1 10.5 11.5 12.2 13.9 26.1 15.5 11.8 12.3 10.3 13.7 10.3 9.5 12.2 14.4 15.9 17.4 20.3 23.5 26.9 29.0 28.6 28.6 29.1 31.1 33.7 34.1 32.0 29.1 33.7 36.0 21.9 32.2 38.0 32.4 34.2 37.8 40.8 52.7 64.3 63.2 61.2 55.6 54.0 53.2
-9999.0 -9999.0 -9999.0 -9999.0 -9999.0 -9999.0 -9999.0 -9999.0 -9999.0 -9999.0 -9999.0 -9999.0 7.6 9.3 7.1 4.0 4.9 2.7 1.8 0.7 0.4 0.3 0.3 0.2 0.2 0.5 0.6 0.7 1.3 2.6 3.9 4.9 10.2 9.9 12.0 10.9 15.6 10.8 11.3 13.0 22.5 27.7 29.4 13.2 15.3 16.0 15.4 15.2 16.5 17.4 20.5 24.0 25.3 27.7 28.8 29.8 32.2 33.4 37.8 37.3 37.4 40.1 42.0 50.2 47.3 38.1 28.8 30.1 40.4 57.9 69.9 80.4 70.6 48.3 47.3 48.0 43.8 42.9
-9999.0 -9999.0 -9999.0 -9999.0 -9999.0 -9999.0 -9999.0 -9999.0 -9999.0 -9999.0 -9999.0 -9999.0 10.2 4.9 4.9 8.2 5.4 1.9 1.2 1.1 0.4 0.4 0.3 0.2 0.2 0.2 0.2 0.4 0.7 1.2 2.1 3.9 7.8 6.8 7.7 9.2 8.0 10.3 11.7 11.0 14.7 14.9 16.0 18.0 19.5 21.4 24.2 21.6 19.0 14.9 14.9 18.3 20.0 23.6 26.2 28.1 31.5 36.4 39.7 44.9 48.6 53.1 44.6 39.3 36.7 29.5 33.4 30.3 29.2 42.1 65.2 80.8 77.8 84.6 84.3 63.4 41.6 49.6
-9999.0 -9999.0 -9999.0 -9999.0 -9999.0 -9999.0 -9999.0 -9999.0 -9999.0 -9999.0 -9999.0 -9999.0 5.4 8.6 4.4 4.0 2.9 4.2 1.8 1.3 1.7 1.3 0.5 0.5 0.3 0.4 0.3 0.6 0.4 0.7 1.3 3.8 3.8 4.4 5.2 6.4 6.8 8.5 9.9 17.3 19.0 17.3 32.0 17.8 24.9 30.6 29.1 21.5 15.3 11.6 10.1 9.7 19.0 22.8 22.5 23.0 28.2 34.7 41.1 41.6 46.4 51.4 68.0 38.8 20.7 41.7 32.8 25.6 25.8 34.7 54.3 84.2 87.3 91.2 88.5 76.8 70.5 43.7
-9999.0 -9999.0 -9999.0 -9999.0 -9999.0 -9999.0 -9999.0 -9999.0 -9999.0 -9999.0 -9999.0 -9999.0 -9999.0 15.5 11.1 5.0 4.2 2.7 3.1 2.8 4.3 1.5 1.5 1.4 0.6 0.4 0.3 0.2 0.3 0.2 0.9 1.5 3.1 3.1 4.2 8.7 9.1 6.6 11.2 15.7 22.9 44.8 51.9 42.6 28.9 27.4 26.5 16.6 14.0 8.6 4.2 7.7 7.9 9.8 18.0 23.0 20.0 25.0 36.2 52.0 55.8 76.9 67.4 25.6 36.4 30.0 24.5 20.8 22.1 36.7 57.0 70.1 81.3 56.9 70.6 52.5 41.4 41.6
-9999.0 -9999.0 -9999.0 -9999.0 -9999.0 -9999.0 -9999.0 -9999.0 -9999.0 -9999.0 -9999.0 -9999.0 -9999.0 6.4 13.1 6.8 9.5 4.1 3.6 3.8 6.2 5.0 4.3 2.8 1.4 1.0 0.6 0.2 0.2 0.8 0.6 1.0 1.1 2.1 4.5 5.7 4.1 5.9 14.5 40.3 33.7 44.6 49.5 47.1 55.8 32.0 24.0 12.7 7.8 4.1 3.9 1.3 4.3 10.4 17.2 18.4 16.2 20.8 34.0 29.0 55.6 43.4 30.9 42.9 31.1 21.5 19.5 22.7 30.0 45.2 64.5 72.5 68.0 65.5 64.6 67.0 69.4 43.7
-9999.0 -9999.0 -9999.0 -9999.0 -9999.0 -9999.0 -9999.0 -9999.0 -9999.0 -9999.0 -9999.0 -9999.0 -9999.0 -9999.0 -9999.0 10.6 8.2 8.7 6.8 5.9 8.7 6.6 5.9 5.3 4.3 2.8 3.0 0.8 1.1 0.1 0.2 0.2 2.0 2.6 2.0 8.9 15.3 3.9 12.6 25.6 48.6 59.0 56.0 46.4 30.1 28.3 21.5 16.9 8.0 6.4 1.6 6.9 2.6 5.4 4.0 11.8 15.5 7.5 32.7 46.6 32.8 23.5 44.7 41.2 31.0 21.1 20.9 30.8 44.9 60.7 72.9 70.2 70.2 69.0 65.9 81.1 79.2 80.0
-9999.0 -9999.0 -9999.0 -9999.0 -9999.0 -9999.0 -9999.0 -9999.0 -9999.0 -9999.0 -9999.0 -9999.0 -9999.0 -9999.0 -9999.0 -9999.0 -9999.0 13.9 11.2 -9999.0 12.0 14.1 12.4 11.4 10.0 7.1 6.6 2.4 0.4 0.4 0.1 0.1 2.3 0.2 0.1 1.5 16.9 2.9 14.8 27.5 41.4 61.0 48.9 36.4 40.1 32.6 157.0 21.7 15.7 7.6 17.9 3.5 11.0 7.7 10.9 12.6 6.7 20.0 25.3 38.3 12.5 22.0 43.5 49.4 35.2 21.4 20.6 30.8 48.3 61.5 65.7 65.5 69.8 69.1 76.1 88.9 86.3 74.3
-9999.0 -9999.0 -9999.0 -9999.0 -9999.0 -9999.0 -9999.0 -9999.0 -9999.0 -9999.0 -9999.0 -9999.0 -9999.0 -9999.0 -9999.0 -9999.0 -9999.0 -9999.0 -9999.0 -9999.0 -9999.0 24.8 25.3 26.5 20.8 17.3 11.4 5.7 1.9 0.3 0.1 0.1 0.1 0.2 0.2 1.7 3.0 6.3 9.7 8.9 9.4 53.9 52.4 36.9 37.8 27.9 260.5 47.3 26.9 73.9 17.0 23.7 22.5 13.7 12.7 16.0 14.6 7.9 33.4 26.8 11.3 18.4 35.5 45.8 40.3 23.1 18.7 23.6 35.7 45.5 49.3 54.9 60.4 60.0 61.9 70.5 70.7 53.8
-9999.0 -9999.0 -9999.0 -9999.0 -9999.0 -9999.0 -9999.0 -9999.0 -9999.0 -9999.0 -9999.0 -9999.0 -9999.0 -9999.0 -9999.0 -9999.0 -9999.0 -9999.0 -9999.0 -9999.0 -9999.0 -9999.0 -9999.0 53.5 41.1 35.8 27.3 16.5 9.1 2.8 1.2 1.5 9.2 5.2 11.2 11.7 22.9 14.6 36.7 50.5 45.3 58.5 25.2 13.8 40.0 275.4 114.6 104.7 163.0 179.3 75.2 43.8 57.0 43.0 22.9 2.2 9.4 17.2 2.8 20.3 16.1 23.9 24.6 21.3 23.0 21.2 16.3 16.4 20.6 26.2 36.5 42.9 48.4 60.7 57.2 64.6 79.4 74.9
-9999.0 -9999.0 -9999.0 -9999.0 -9999.0 -9999.0 -9999.0 -9999.0 -9999.0 -9999.0 -9999.0 -9999.0 -9999.0 -9999.0 -9999.0 -9999.0 -9999.0 -9999.0 -9999.0 -9999.0 -9999.0 -9999.0 -9999.0 -9999.0 -9999.0 90.5 65.2 45.2 30.5 34.6 13.9 8.1 9.3 15.6 13.6 34.8 75.2 34.9 66.3 44.6 73.1 29.2 17.3 24.0 155.9 297.1 261.4 468.4 87.0 187.1 79.1 99.5 86.7 79.7 44.4 14.6 10.6 3.3 13.2 14.5 19.8 26.5 50.0 15.0 17.8 20.2 16.4 19.4 24.0 30.0 28.6 36.9 38.6 62.5 74.4 74.0 77.1 94.0
-9999.0 -9999.0 -9999.0 -9999.0 -9999.0 -9999.0 -9999.0 -9999.0 -9999.0 -9999.0 -9999.0 -9999.0 -9999.0 -9999.0 -9999.0 -9999.0 -9999.0 -9999.0 -9999.0 -9999.0 -9999.0 -9999.0 -9999.0 -9999.0 -9999.0 -9999.0 -9999.0 110.2 96.1 52.7 37.9 31.8 49.6 28.8 44.7 24.3 38.7 38.9 18.3 36.8 54.2 11.6 33.7 127.1 195.4 297.5 401.5 477.7 536.4 362.0 508.5 468.3 181.8 155.9 85.7 37.8 8.2 1.6 8.0 5.8 13.9 25.6 15.6 14.5 20.6 19.4 21.1 16.6 18.1 25.2 33.6 53.2 49.4 69.9 72.9 80.2 117.0 129.6
-9999.0 -9999.0 -9999.0 -9999.0 -9999.0 -9999.0 -9999.0 -9999.0 -9999.0 -9999.0 -9999.0 -9999.0 -9999.0 -9999.0 -9999.0 -9999.0 -9999.0 -9999.0 -9999.0 -9999.0 -9999.0 -9999.0 -9999.0 -9999.0 -9999.0 -9999.0 -9999.0 -9999.0 -9999.0 -9999.0 -9999.0 -9999.0 -9999.0 58.4 69.6 -9999.0 -9999.0 -9999.0 29.0 30.9 22.5 34.7 36.4 146.5 226.7 290.8 -9999.0 -9999.0 -9999.0 -9999.0 -9999.0 -9999.0 313.9 150.6 133.3 51.1 11.8 2.3 1.6 5.0 13.1 22.8 19.1 17.8 18.3 21.6 27.0 32.8 35.1 37.2 45.4 68.5 79.7 79.0 98.1 98.4 143.1 136.9
-9999.0 -9999.0 -9999.0 -9999.0 -9999.0 -9999.0 -9999.0 -9999.0 -9999.0 -9999.0 -9999.0 -9999.0 -9999.0 -9999.0 -9999.0 -9999.0 -9999.0 -9999.0 -9999.0 -9999.0 -9999.0 -9999.0 -9999.0 -9999.0 -9999.0 -9999.0 -9999.0 -9999.0 -9999.0 -9999.0 -9999.0 -9999.0 -9999.0 -9999.0 -9999.0 -9999.0 -9999.0 -9999.0 -9999.0 69.6 77.0 93.8 119.5 153.6 -9999.0 -9999.0 -9999.0 -9999.0 -9999.0 -9999.0 -9999.0 -9999.0 274.8 144.8 95.9 41.1 10.0 2.6 2.9 6.9 13.3 19.6 23.5 21.0 29.1 34.7 41.4 41.1 45.5 61.5 72.1 74.7 75.8 93.5 99.7 122.8 151.0 159.4
-9999.0 -9999.0 -9999.0 -9999.0 -9999.0 -9999.0 -9999.0 -9999.0 -9999.0 -9999.0 -9999.0 -9999.0 -9999.0 -9999.0 -9999.0 -9999.0 -9999.0 -9999.0 -9999.0 -9999.0 -9999.0 -9999.0 -9999.0 -9999.0 -9999.0 -9999.0 -9999.0 -9999.0 -9999.0 -9999.0 -9999.0 -9999.0 -9999.0 -9999.0 -9999.0 -9999.0 -9999.0 -9999.0 -9999.0 -9999.0 -9999.0 -9999.0 -9999.0 -9999.0 -9999.0 -9999.0 -9999.0 -9999.0 -9999.0 -9999.0 -9999.0 -9999.0 262.1 129.2 72.4 36.4 7.1 3.3 4.9 9.8 13.3 17.0 40.4 25.5 35.1 40.8 44.3 47.3 51.2 60.6 68.7 69.9 87.5 90.1 112.2 129.0 166.9 179.6
-9999.0 -9999.0 -9999.0 -9999.0 -9999.0 -9999.0 -9999.0 -9999.0 -9999.0 -9999.0 -9999.0 -9999.0 -9999.0 -9999.0 -9999.0 -9999.0 -9999.0 -9999.0 -9999.0 -9999.0 -9999.0 -9999.0 -9999.0 -9999.0 -9999.0 -9999.0 -9999.0 -9999.0 -9999.0 -9999.0 -9999.0 -9999.0 -9999.0 -9999.0 -9999.0 -9999.0 -9999.0 -9999.0 -9999.0 -9999.0 -9999.0 -9999.0 -9999.0 -9999.0 -9999.0 -9999.0 -9999.0 -9999.0 -9999.0 -9999.0 -9999.0 209.2 158.7 106.2 57.3 24.9 11.0 10.7 12.6 8.9 23.2 23.6 20.3 27.9 40.0 50.8 56.2 51.0 54.9 57.0 63.4 66.5 67.0 78.3 101.3 126.6 169.0 180.7
-9999.0 -9999.0 -9999.0 -9999.0 -9999.0 -9999.0 -9999.0 -9999.0 -9999.0 -9999.0 -9999.0 -9999.0 -9999.0 -9999.0 -9999.0 -9999.0 -9999.0 -9999.0 -9999.0 -9999.0 -9999.0 -9999.0 -9999.0 -9999.0 -9999.0 -9999.0 -9999.0 -9999.0 -9999.0 -9999.0 -9999.0 -9999.0 -9999.0 -9999.0 -9999.0 -9999.0 -9999.0 -9999.0 -9999.0 -9999.0 -9999.0 -9999.0 -9999.0 -9999.0 -9999.0 -9999.0 -9999.0 -9999.0 -9999.0 -9999.0 141.4 141.1 117.5 89.7 61.6 38.1 25.8 20.7 23.6 29.5 25.8 32.0 26.6 34.0 50.0 63.0 66.5 62.8 62.2 56.8 63.4 62.3 64.1 76.1 100.5 135.3 158.2 199.1
-9999.0 -9999.0 -9999.0 -9999.0 -9999.0 -9999.0 -9999.0 -9999.0 -9999.0 -9999.0 -9999.0 -9999.0 -9999.0 -9999.0 -9999.0 -9999.0 -9999.0 -9999.0 -9999.0 -9999.0 -9999.0 -9999.0 -9999.0 -9999.0 -9999.0 -9999.0 -9999.0 -9999.0 -9999.0 -9999.0 -9999.0 -9999.0 -9999.0 -9999.0 -9999.0 -9999.0 -9999.0 -9999.0 -9999.0 -9999.0 -9999.0 -9999.0 -9999.0 -9999.0 -9999.0 -9999.0 -9999.0 -9999.0 -9999.0 -9999.0 77.4 101.1 73.7 78.8 66.9 54.0 41.5 40.3 39.7 34.4 30.9 35.0 35.5 43.2 55.2 58.0 58.6 54.7 56.6 55.2 66.3 73.4 77.1 85.4 112.2 150.4 183.4 216.3
-9999.0 -9999.0 -9999.0 -9999.0 -9999.0 -9999.0 -9999.0 -9999.0 -9999.0 -9999.0 -9999.0 -9999.0 -9999.0 -9999.0 -9999.0 -9999.0 -9999.0 -9999.0 -9999.0 -9999.0 -9999.0 -9999.0 -9999.0 -9999.0 -9999.0 -9999.0 -9999.0 -9999.0 -9999.0 -9999.0 -9999.0 -9999.0 -9999.0 -9999.0 -9999.0 -9999.0 -9999.0 -9999.0 -9999.0 -9999.0 -9999.0 -9999.0 -9999.0 -9999.0 -9999.0 -9999.0 -9999.0 -9999.0 -9999.0 -9999.0 32.6 41.7 37.0 70.5 56.7 54.6 55.3 47.7 49.8 35.2 42.2 46.1 44.5 45.9 50.2 44.8 42.0 43.6 47.0 72.4 80.0 112.7 115.4 132.8 158.6 184.4 197.3 226.5
-9999.0 -9999.0 -9999.0 -9999.0 -9999.0 -9999.0 -9999.0 -9999.0 -9999.0 -9999.0 -9999.0 -9999.0 -9999.0 -9999.0 -9999.0 -9999.0 -9999.0 -9999.0 -9999.0 -9999.0 -9999.0 -9999.0 -9999.0 -9999.0 -9999.0 -9999.0 -9999.0 -9999.0 -9999.0 -9999.0 -9999.0 -9999.0 -9999.0 -9999.0 -9999.0 -9999.0 -9999.0 -9999.0 -9999.0 -9999.0 -9999.0 -9999.0 -9999.0 -9999.0 -9999.0 -9999.0 -9999.0 -9999.0 -9999.0 -9999.0 19.9 34.4 32.1 46.4 51.9 56.8 44.1 51.7 53.9 47.5 56.1 54.4 51.3 54.3 56.4 50.1 50.2 55.0 79.7 54.4 100.5 133.3 165.2 184.6 199.4 200.2 194.4 196.1
-9999.0 -9999.0 -9999.0 -9999.0 -9999.0 -9999.0 -9999.0 -9999.0 -9999.0 -9999.0 -9999.0 -9999.0 -9999.0 -9999.0 -9999.0 -9999.0 -9999.0 -9999.0 -9999.0 -9999.0 -9999.0 -9999.0 -9999.0 -9999.0 -9999.0 -9999.0 -9999.0 -9999.0 -9999.0 -9999.0 -9999.0 -9999.0 -9999.0 -9999.0 -9999.0 -9999.0 -9999.0 -9999.0 -9999.0 -9999.0 -9999.0 -9999.0 -9999.0 -9999.0 -9999.0 -9999.0 -9999.0 -9999.0 -9999.0 -9999.0 -9999.0 -9999.0 -9999.0 30.2 40.8 46.2 50.3 60.1 56.6 70.2 98.3 87.9 89.6 90.7 85.1 74.4 81.0 69.2 100.0 112.3 118.8 140.5 168.6 191.5 202.4 190.5 171.5 154.7
-9999.0 -9999.0 -9999.0 -9999.0 -9999.0 -9999.0 -9999.0 -9999.0 -9999.0 -9999.0 -9999.0 -9999.0 -9999.0 -9999.0 -9999.0 -9999.0 -9999.0 -9999.0 -9999.0 -9999.0 -9999.0 -9999.0 -9999.0 -9999.0 -9999.0 -9999.0 -9999.0 -9999.0 -9999.0 -9999.0 -9999.0 -9999.0 -9999.0 -9999.0 -9999.0 -9999.0 -9999.0 -9999.0 -9999.0 -9999.0 -9999.0 -9999.0 -9999.0 -9999.0 -9999.0 -9999.0 -9999.0 -9999.0 -9999.0 -9999.0 -9999.0 -9999.0 -9999.0 24.9 33.1 51.6 46.6 51.7 76.6 116.2 128.5 138.0 166.0 139.6 124.1 106.1 68.1 119.7 92.4 105.6 111.3 132.0 158.4 180.2 190.4 181.9 158.1 135.4
-9999.0 -9999.0 -9999.0 -9999.0 -9999.0 -9999.0 -9999.0 -9999.0 -9999.0 -9999.0 -9999.0 -9999.0 -9999.0 -9999.0 -9999.0 -9999.0 -9999.0 -9999.0 -9999.0 -9999.0 -9999.0 -9999.0 -9999.0 -9999.0 -9999.0 -9999.0 -9999.0 -9999.0 -9999.0 -9999.0 -9999.0 -9999.0 -9999.0 -9999.0 -9999.0 -9999.0 -9999.0 -9999.0 -9999.0 -9999.0 -9999.0 -9999.0 -9999.0 -9999.0 -9999.0 -9999.0 -9999.0 -9999.0 -9999.0 -9999.0 -9999.0 -9999.0 -9999.0 18.2 18.5 35.6 38.4 45.6 75.9 112.4 169.7 200.9 237.4 233.1 125.0 -9999.0 -9999.0 -9999.0 118.8 96.9 114.8 144.6 165.9 178.9 185.2 184.5 172.5 150.3
-9999.0 -9999.0 -9999.0 -9999.0 -9999.0 -9999.0 -9999.0 -9999.0 -9999.0 -9999.0 -9999.0 -9999.0 -9999.0 -9999.0 -9999.0 -9999.0 -9999.0 -9999.0 -9999.0 -9999.0 -9999.0 -9999.0 -9999.0 -9999.0 -9999.0 -9999.0 -9999.0 -9999.0 -9999.0 -9999.0 -9999.0 -9999.0 -9999.0 -9999.0 -9999.0 -9999.0 -9999.0 -9999.0 -9999.0 -9999.0 -9999.0 -9999.0 -9999.0 -9999.0 -9999.0 -9999.0 -9999.0 -9999.0 -9999.0 -9999.0 -9999.0 -9999.0 -9999.0 -9999.0 16.1 20.2 17.3 25.4 68.3 128.8 132.6 -9999.0 -9999.0 -9999.0 -9999.0 -9999.0 -9999.0 -9999.0 95.1 114.1 152.5 145.2 158.6 168.2 165.0 170.5 189.6 181.4
-9999.0 -9999.0 -9999.0 -9999.0 -9999.0 -9999.0 -9999.0 -9999.0 -9999.0 -9999.0 -9999.0 -9999.0 -9999.0 -9999.0 -9999.0 -9999.0 -9999.0 -9999.0 -9999.0 -9999.0 -9999.0 -9999.0 -9999.0 -9999.0 -9999.0 -9999.0 -9999.0 -9999.0 -9999.0 -9999.0 -9999.0 -9999.0 -9999.0 -9999.0 -9999.0 -9999.0 -9999.0 -9999.0 -9999.0 -9999.0 -9999.0 -9999.0 -9999.0 -9999.0 -9999.0 -9999.0 -9999.0 -9999.0 -9999.0 -9999.0 -9999.0 -9999.0 -9999.0 -9999.0 -9999.0 8.6 27.2 25.8 43.3 95.6 133.3 -9999.0 -9999.0 -9999.0 -9999.0 -9999.0 -9999.0 -9999.0 -9999.0 -9999.0 122.4 -9999.0 -9999.0 -9999.0 -9999.0 -9999.0 131.9 -9999.0
-9999.0 -9999.0 -9999.0 -9999.0 -9999.0 -9999.0 -9999.0 -9999.0 -9999.0 -9999.0 -9999.0 -9999.0 -9999.0 -9999.0 -9999.0 -9999.0 -9999.0 -9999.0 -9999.0 -9999.0 -9999.0 -9999.0 -9999.0 -9999.0 -9999.0 -9999.0 -9999.0 -9999.0 -9999.0 -9999.0 -9999.0 -9999.0 -9999.0 -9999.0 -9999.0 -9999.0 -9999.0 -9999.0 -9999.0 -9999.0 -9999.0 -9999.0 -9999.0 -9999.0 -9999.0 -9999.0 -9999.0 -9999.0 -9999.0 -9999.0 -9999.0 -9999.0 -9999.0 -9999.0 -9999.0 -9999.0 -9999.0 -9999.0 42.3 63.6 -9999.0 -9999.0 -9999.0 -9999.0 -9999.0 -9999.0 -9999.0 -9999.0 -9999.0 -9999.0 -9999.0 -9999.0 -9999.0 -9999.0 -9999.0 66.1 76.7 -9999.0
-9999.0 -9999.0 -9999.0 -9999.0 -9999.0 -9999.0 -9999.0 -9999.0 -9999.0 -9999.0 -9999.0 -9999.0 -9999.0 -9999.0 -9999.0 -9999.0 -9999.0 -9999.0 -9999.0 -9999.0 -9999.0 -9999.0 -9999.0 -9999.0 -9999.0 -9999.0 -9999.0 -9999.0 -9999.0 -9999.0 -9999.0 -9999.0 -9999.0 -9999.0 -9999.0 -9999.0 -9999.0 -9999.0 -9999.0 -9999.0 -9999.0 -9999.0 -9999.0 -9999.0 -9999.0 -9999.0 -9999.0 -9999.0 -9999.0 -9999.0 -9999.0 -9999.0 -9999.0 -9999.0 -9999.0 -9999.0 -9999.0 -9999.0 -9999.0 -9999.0 -9999.0 -9999.0 -9999.0 -9999.0 -9999.0 -9999.0 -9999.0 -9999.0 -9999.0 -9999.0 -9999.0 -9999.0 -9999.0 -9999.0 -9999.0 -9999.0 -9999.0 -9999.0
-9999.0 -9999.0 -9999.0 -9999.0 -9999.0 -9999.0 -9999.0 -9999.0 -9999.0 -9999.0 -9999.0 -9999.0 -9999.0 -9999.0 -9999.0 -9999.0 -9999.0 -9999.0 -9999.0 -9999.0 -9999.0 -9999.0 -9999.0 -9999.0 -9999.0 -9999.0 -9999.0 -9999.0 -9999.0 -9999.0 -9999.0 -9999.0 -9999.0 -9999.0 -9999.0 -9999.0 -9999.0 -9999.0 -9999.0 -9999.0 -9999.0 -9999.0 -9999.0 -9999.0 -9999.0 -9999.0 -9999.0 -9999.0 -9999.0 -9999.0 -9999.0 -9999.0 -9999.0 -9999.0 -9999.0 -9999.0 -9999.0 -9999.0 -9999.0 -9999.0 -9999.0 -9999.0 -9999.0 -9999.0 -9999.0 -9999.0 -9999.0 -9999.0 -9999.0 -9999.0 -9999.0 -9999.0 -9999.0 -9999.0 -9999.0 72.5 84.3 112.0
-9999.0 -9999.0 -9999.0 -9999.0 -9999.0 -9999.0 -9999.0 -9999.0 -9999.0 -9999.0 -9999.0 -9999.0 -9999.0 -9999.0 -9999.0 -9999.0 -9999.0 -9999.0 -9999.0 -9999.0 -9999.0 -9999.0 -9999.0 -9999.0 -9999.0 -9999.0 -9999.0 -9999.0 -9999.0 -9999.0 -9999.0 -9999.0 -9999.0 -9999.0 -9999.0 -9999.0 -9999.0 -9999.0 -9999.0 -9999.0 -9999.0 -9999.0 -9999.0 -9999.0 -9999.0 -9999.0 -9999.0 -9999.0 -9999.0 -9999.0 -9999.0 -9999.0 -9999.0 -9999.0 -9999.0 -9999.0 -9999.0 -9999.0 -9999.0 -9999.0 -9999.0 -9999.0 -9999.0 -9999.0 -9999.0 -9999.0 -9999.0 -9999.0 -9999.0 -9999.0 -9999.0 -9999.0 -9999.0 58.6 90.7 90.5 111.1 -9999.0
