program/excelProcessViaJava/data/SURF_CLI_CHN_PRE_MON_GRID_0.5-200902.txt
NCOLS      128
NROWS       72
XLLCORNER    72.000000000000    
YLLCORNER    18.000000000000    
CELLSIZE    0.50000000000000    
NODATA_VALUE   -9999.000    
[rows 35 to 69 of 72, columns 0 to 78 of 128]
-9999.0 -9999.0 -9999.0 -9999.0 -9999.0 -9999.0 -9999.0 2.4 2.2 1.0 1.9 1.2 0.2 0.1 0.1 0.1 0.0 0.0 0.0 0.0 0.0 0.0 0.0 0.0 0.0 0.0 0.0 0.0 0.0 0.1 0.3 0.6 1.0 1.7 2.8 2.6 4.4 3.8 5.9 6.4 1.8 7.6 6.3 3.2 1.5 0.7 0.9 0.5 0.9 0.6 1.3 2.8 4.1 4.4 3.0 2.2 2.2 2.0 2.9 2.5 4.2 3.2 3.6 5.2 5.6 5.1 4.9 5.9 7.1 8.8 8.7 8.4 8.9 9.6 10.6 13.3 15.0 18.1 19.8
-9999.0 -9999.0 -9999.0 -9999.0 -9999.0 -9999.0 -9999.0 6.1 1.6 1.8 1.5 0.5 0.4 0.4 0.1 0.2 0.0 0.0 0.0 0.0 0.0 0.0 0.0 0.0 0.0 0.0 0.0 0.0 0.0 0.1 0.3 0.7 1.1 2.3 2.1 2.7 2.6 3.7 3.7 3.3 3.8 4.0 4.8 8.5 3.4 1.6 2.1 2.1 4.4 3.2 6.2 4.7 2.7 2.5 2.7 1.5 2.2 3.1 3.3 3.5 4.6 6.2 7.5 10.1 9.8 8.6 8.3 9.5 11.5 13.2 14.7 14.7 15.0 16.2 16.9 20.3 21.8 22.3 23.1
-9999.0 -9999.0 -9999.0 -9999.0 -9999.0 -9999.0 -9999.0 -9999.0 -9999.0 2.0 1.1 0.5 0.6 0.2 0.1 0.0 0.0 0.1 0.0 0.0 0.0 0.0 0.0 0.0 0.0 0.0 0.0 0.0 0.1 0.2 0.2 0.5 0.9 1.7 1.5 1.8 1.8 2.4 2.0 2.4 2.1 2.9 2.9 2.7 3.8 3.8 3.9 3.7 3.9 3.9 4.5 3.3 2.5 2.1 2.9 1.8 2.8 4.1 3.6 3.8 4.0 4.1 4.7 9.2 9.1 9.1 9.9 10.7 13.2 16.0 18.7 20.1 20.6 21.6 22.7 21.3 21.0 21.5 24.8
-9999.0 -9999.0 -9999.0 -9999.0 -9999.0 -9999.0 -9999.0 -9999.0 -9999.0 -9999.0 -9999.0 1.5 0.2 0.5 0.1 0.1 0.0 0.0 0.0 0.0 0.0 0.0 0.0 0.0 0.0 0.0 0.0 0.1 0.1 0.1 0.3 0.9 0.9 1.3 1.4 2.8 1.8 1.7 4.0 1.5 2.1 1.5 1.5 1.6 3.7 2.6 5.2 4.0 4.8 4.4 3.1 2.9 2.8 3.5 4.6 3.7 3.6 4.2 4.6 4.4 4.0 3.5 3.4 4.5 5.2 8.9 8.4 9.8 12.0 14.5 18.2 21.3 23.2 23.3 20.4 20.0 19.8 20.7 23.8
-9999.0 -9999.0 -9999.0 -9999.0 -9999.0 -9999.0 -9999.0 -9999.0 -9999.0 -9999.0 -9999.0 -9999.0 0.5 0.2 0.3 0.1 0.1 0.0 0.0 0.0 0.0 0.0 0.0 0.0 0.0 0.0 0.0 0.1 0.1 0.4 0.4 0.6 1.0 1.8 2.2 2.0 3.7 1.7 1.0 0.5 0.4 0.5 0.7 1.4 1.8 2.5 3.7 2.9 3.8 4.2 5.7 5.2 4.3 4.5 5.9 6.7 6.4 6.7 6.3 6.2 5.1 4.6 4.2 3.7 5.0 6.6 8.8 10.0 11.1 12.6 15.9 20.1 20.1 19.6 19.9 20.3 17.8 18.4 20.8
-9999.0 -9999.0 -9999.0 -9999.0 -9999.0 -9999.0 -9999.0 -9999.0 -9999.0 -9999.0 -9999.0 -9999.0 2.1 0.4 0.2 0.2 0.1 0.0 0.0 0.0 0.0 0.0 0.0 0.0 0.0 0.0 0.0 0.0 0.1 0.1 0.4 1.2 1.2 1.5 2.1 1.8 3.0 2.6 1.4 0.7 0.3 0.3 0.9 0.7 1.5 2.7 2.2 2.5 2.3 4.1 4.5 5.4 5.0 7.0 7.4 9.1 8.1 8.4 8.3 8.1 6.8 5.8 6.3 7.2 4.7 7.4 4.3 6.8 9.6 12.3 15.4 20.0 22.8 22.4 21.2 17.5 16.7 15.9 15.9
-9999.0 -9999.0 -9999.0 -9999.0 -9999.0 -9999.0 -9999.0 -9999.0 -9999.0 -9999.0 -9999.0 -9999.0 -9999.0 1.1 1.1 0.2 0.2 0.1 0.1 0.0 0.0 0.0 0.0 0.0 0.0 0.1 0.1 0.2 0.2 0.3 0.4 0.6 1.6 2.1 1.4 1.7 1.8 2.1 4.9 1.5 0.7 0.8 0.8 1.7 1.4 1.4 2.3 3.7 4.8 5.3 5.7 5.0 5.6 10.9 10.6 10.2 8.8 9.7 12.1 12.0 11.0 9.3 10.3 7.8 2.3 5.2 8.1 9.0 14.2 16.8 16.1 17.1 21.0 22.6 23.4 18.3 16.9 19.1 20.8
-9999.0 -9999.0 -9999.0 -9999.0 -9999.0 -9999.0 -9999.0 -9999.0 -9999.0 -9999.0 -9999.0 -9999.0 3.2 3.2 1.8 0.8 0.8 0.3 0.2 0.1 0.1 0.1 0.1 0.0 0.0 0.1 0.1 0.1 0.2 0.3 0.5 0.6 1.8 1.5 2.0 1.7 3.0 1.6 1.2 0.9 2.2 3.3 4.1 1.5 2.2 2.6 2.6 2.9 4.4 5.6 7.8 9.8 7.3 9.7 9.0 8.9 10.5 7.0 11.7 12.5 13.3 14.8 15.3 17.6 14.9 9.8 1.7 7.6 19.0 24.4 26.5 25.1 19.6 12.0 11.6 14.4 20.2 25.7 24.4
-9999.0 -9999.0 -9999.0 -9999.0 -9999.0 -9999.0 -9999.0 -9999.0 -9999.0 -9999.0 -9999.0 -9999.0 6.2 3.5 2.5 3.5 2.0 0.8 0.5 0.4 0.2 0.2 0.1 0.1 0.1 0.1 0.1 0.1 0.2 0.2 0.4 0.6 1.5 1.0 1.2 1.6 1.4 1.8 1.4 0.6 0.7 0.8 1.6 2.5 3.3 4.0 5.6 6.1 6.9 5.7 6.1 8.7 7.0 6.8 7.3 6.4 8.6 11.2 12.3 16.5 18.8 21.1 19.7 19.0 16.3 3.0 7.7 6.8 13.5 21.2 24.8 23.8 21.1 27.7 30.8 20.4 19.6 18.4 20.1
-9999.0 -9999.0 -9999.0 -9999.0 -9999.0 -9999.0 -9999.0 -9999.0 -9999.0 -9999.0 -9999.0 -9999.0 8.0 6.7 4.7 3.5 2.7 2.8 1.6 1.2 1.3 1.0 0.6 0.5 0.3 0.4 0.3 0.4 0.2 0.3 0.4 1.1 0.8 0.8 1.0 1.4 1.7 2.1 1.6 1.7 1.2 1.7 4.5 4.7 5.2 6.9 7.8 6.8 6.8 7.3 7.4 5.9 14.2 15.6 11.3 6.4 9.7 13.0 16.1 15.9 18.0 21.0 27.8 21.9 7.5 1.7 2.8 6.1 12.3 16.4 18.9 26.2 26.9 34.7 44.4 32.4 30.6 18.7 19.2
-9999.0 -9999.0 -9999.0 -9999.0 -9999.0 -9999.0 -9999.0 -9999.0 -9999.0 -9999.0 -9999.0 -9999.0 -9999.0 13.6 9.9 6.5 5.3 4.2 3.8 3.4 4.2 2.2 2.0 1.7 1.0 0.8 0.6 0.4 0.4 0.3 0.6 0.7 1.2 1.0 1.4 3.6 4.0 3.0 3.4 2.6 2.8 7.4 10.0 9.1 7.6 6.9 7.5 6.3 8.1 8.1 5.6 9.6 8.6 6.4 12.6 13.4 9.7 12.3 16.5 22.0 22.4 31.0 27.4 13.7 2.1 1.7 2.4 5.5 10.5 16.2 16.7 15.5 22.5 14.6 28.3 26.3 27.1 27.8 29.9
-9999.0 -9999.0 -9999.0 -9999.0 -9999.0 -9999.0 -9999.0 -9999.0 -9999.0 -9999.0 -9999.0 -9999.0 -9999.0 16.4 14.5 10.8 10.8 7.9 6.8 6.1 7.1 5.9 5.1 3.7 2.5 1.8 1.3 0.7 0.5 1.3 0.9 1.0 0.8 1.3 2.9 3.9 3.5 4.9 7.3 13.2 7.6 9.7 11.5 11.5 14.5 8.5 7.3 5.7 5.7 5.6 7.3 3.5 8.4 13.0 15.7 13.3 10.3 11.8 15.9 10.5 20.9 13.1 7.4 3.0 1.6 1.4 2.6 6.3 12.2 14.4 12.7 11.4 12.0 18.0 27.0 38.3 46.3 48.4 60.6
-9999.0 -9999.0 -9999.0 -9999.0 -9999.0 -9999.0 -9999.0 -9999.0 -9999.0 -9999.0 -9999.0 -9999.0 -9999.0 -9999.0 -9999.0 17.0 15.0 13.6 11.9 10.8 10.7 8.9 7.7 6.5 5.4 3.9 4.1 1.8 2.1 0.5 0.6 0.6 2.4 2.8 2.4 7.7 11.8 4.4 8.4 10.7 15.5 16.5 14.7 12.2 10.1 11.7 6.9 9.1 5.3 4.9 4.0 12.2 7.8 10.1 4.5 9.8 9.4 2.0 13.2 16.9 5.6 2.9 5.0 2.9 1.2 1.2 2.9 7.9 14.2 14.1 10.1 7.5 16.0 22.5 31.9 54.9 64.9 71.2 82.3
-9999.0 -9999.0 -9999.0 -9999.0 -9999.0 -9999.0 -9999.0 -9999.0 -9999.0 -9999.0 -9999.0 -9999.0 -9999.0 -9999.0 -9999.0 -9999.0 -9999.0 44.9 24.6 -9999.0 18.1 15.2 13.5 11.6 9.6 7.1 6.8 3.4 1.3 1.2 0.4 0.2 2.9 0.5 0.2 2.4 13.6 1.5 9.3 12.8 15.1 19.2 13.5 9.6 23.8 14.1 101.9 8.3 8.2 6.1 10.0 6.5 9.8 12.8 12.3 9.5 3.2 7.5 7.9 11.1 0.2 1.9 5.0 3.7 2.0 2.0 4.2 9.8 15.9 14.0 8.0 16.4 23.2 23.7 46.5 71.2 82.6 89.5 95.5
-9999.0 -9999.0 -9999.0 -9999.0 -9999.0 -9999.0 -9999.0 -9999.0 -9999.0 -9999.0 -9999.0 -9999.0 -9999.0 -9999.0 -9999.0 -9999.0 -9999.0 -9999.0 -9999.0 -9999.0 -9999.0 24.0 21.3 20.2 15.6 12.5 8.5 4.8 2.2 0.6 0.3 0.1 0.1 0.3 0.2 1.9 2.4 3.5 4.4 5.2 6.7 17.3 14.3 8.6 19.2 7.3 146.7 20.7 12.1 41.7 12.3 22.4 23.6 15.4 12.6 10.6 6.3 1.7 9.9 5.9 0.1 0.6 3.9 4.6 4.4 4.6 7.2 12.6 18.0 15.8 10.8 18.2 22.0 24.6 44.5 67.1 76.0 76.3 86.9
-9999.0 -9999.0 -9999.0 -9999.0 -9999.0 -9999.0 -9999.0 -9999.0 -9999.0 -9999.0 -9999.0 -9999.0 -9999.0 -9999.0 -9999.0 -9999.0 -9999.0 -9999.0 -9999.0 -9999.0 -9999.0 -9999.0 -9999.0 36.5 24.7 20.0 14.5 8.8 5.3 1.5 0.6 0.6 4.3 2.1 5.4 6.0 12.1 6.5 17.8 22.0 16.7 17.9 5.3 2.6 16.2 138.2 50.4 43.9 73.2 80.8 36.0 30.7 38.8 33.8 21.1 5.4 4.5 5.5 0.6 4.0 0.3 0.7 0.9 1.5 3.3 8.1 12.9 17.1 19.9 16.8 21.8 21.8 24.5 39.6 38.2 48.7 69.3 73.4 80.9
-9999.0 -9999.0 -9999.0 -9999.0 -9999.0 -9999.0 -9999.0 -9999.0 -9999.0 -9999.0 -9999.0 -9999.0 -9999.0 -9999.0 -9999.0 -9999.0 -9999.0 -9999.0 -9999.0 -9999.0 -9999.0 -9999.0 -9999.0 -9999.0 -9999.0 46.6 26.5 19.7 12.0 13.6 3.7 0.9 0.7 2.4 1.7 10.9 30.0 11.9 26.3 16.5 24.1 6.2 7.6 7.5 68.5 127.3 107.4 185.1 29.5 75.0 39.0 54.2 55.3 55.3 40.9 19.6 8.8 2.5 3.7 2.9 2.1 1.2 6.9 1.4 3.4 9.9 15.8 20.1 28.4 33.5 25.0 25.3 19.5 51.5 62.3 48.3 52.3 74.1 98.7
-9999.0 -9999.0 -9999.0 -9999.0 -9999.0 -9999.0 -9999.0 -9999.0 -9999.0 -9999.0 -9999.0 -9999.0 -9999.0 -9999.0 -9999.0 -9999.0 -9999.0 -9999.0 -9999.0 -9999.0 -9999.0 -9999.0 -9999.0 -9999.0 -9999.0 -9999.0 -9999.0 42.1 30.7 9.6 4.5 2.2 8.2 0.8 4.7 0.7 5.1 6.7 2.2 8.7 13.0 1.1 9.5 46.5 70.9 107.4 141.4 162.1 176.4 130.7 180.8 181.9 98.8 95.3 65.5 36.4 10.3 2.4 3.1 1.1 0.4 1.8 0.3 0.6 2.7 5.3 13.5 22.9 29.0 32.5 30.4 46.7 25.2 60.1 55.8 56.9 90.7 91.0 84.6
-9999.0 -9999.0 -9999.0 -9999.0 -9999.0 -9999.0 -9999.0 -9999.0 -9999.0 -9999.0 -9999.0 -9999.0 -9999.0 -9999.0 -9999.0 -9999.0 -9999.0 -9999.0 -9999.0 -9999.0 -9999.0 -9999.0 -9999.0 -9999.0 -9999.0 -9999.0 -9999.0 -9999.0 -9999.0 -9999.0 -9999.0 -9999.0 -9999.0 3.1 3.7 -9999.0 -9999.0 -9999.0 2.3 2.9 2.1 5.5 4.8 43.1 70.6 88.3 -9999.0 -9999.0 -9999.0 -9999.0 -9999.0 -9999.0 134.0 88.7 64.3 23.9 7.2 1.2 0.8 0.7 1.3 2.5 1.4 1.3 2.0 4.7 10.7 21.0 33.5 34.8 29.3 52.0 68.9 61.0 89.0 74.3 92.4 79.5 72.7
-9999.0 -9999.0 -9999.0 -9999.0 -9999.0 -9999.0 -9999.0 -9999.0 -9999.0 -9999.0 -9999.0 -9999.0 -9999.0 -9999.0 -9999.0 -9999.0 -9999.0 -9999.0 -9999.0 -9999.0 -9999.0 -9999.0 -9999.0 -9999.0 -9999.0 -9999.0 -9999.0 -9999.0 -9999.0 -9999.0 -9999.0 -9999.0 -9999.0 -9999.0 -9999.0 -9999.0 -9999.0 -9999.0 -9999.0 15.0 17.0 21.9 29.1 37.7 -9999.0 -9999.0 -9999.0 -9999.0 -9999.0 -9999.0 -9999.0 -9999.0 102.0 75.8 49.1 14.1 2.4 0.8 0.7 0.9 1.5 3.2 3.7 1.4 2.0 3.6 8.0 15.2 25.0 38.7 46.6 48.4 47.0 73.1 63.0 70.1 64.5 54.1 45.7
-9999.0 -9999.0 -9999.0 -9999.0 -9999.0 -9999.0 -9999.0 -9999.0 -9999.0 -9999.0 -9999.0 -9999.0 -9999.0 -9999.0 -9999.0 -9999.0 -9999.0 -9999.0 -9999.0 -9999.0 -9999.0 -9999.0 -9999.0 -9999.0 -9999.0 -9999.0 -9999.0 -9999.0 -9999.0 -9999.0 -9999.0 -9999.0 -9999.0 -9999.0 -9999.0 -9999.0 -9999.0 -9999.0 -9999.0 -9999.0 -9999.0 -9999.0 -9999.0 -9999.0 -9999.0 -9999.0 -9999.0 -9999.0 -9999.0 -9999.0 -9999.0 -9999.0 39.7 57.2 31.5 18.0 4.5 2.5 1.9 1.8 1.4 2.0 3.0 0.9 0.7 1.7 5.3 8.9 13.7 20.3 25.7 31.5 55.5 48.7 48.7 45.7 36.4 29.0 25.9
-9999.0 -9999.0 -9999.0 -9999.0 -9999.0 -9999.0 -9999.0 -9999.0 -9999.0 -9999.0 -9999.0 -9999.0 -9999.0 -9999.0 -9999.0 -9999.0 -9999.0 -9999.0 -9999.0 -9999.0 -9999.0 -9999.0 -9999.0 -9999.0 -9999.0 -9999.0 -9999.0 -9999.0 -9999.0 -9999.0 -9999.0 -9999.0 -9999.0 -9999.0 -9999.0 -9999.0 -9999.0 -9999.0 -9999.0 -9999.0 -9999.0 -9999.0 -9999.0 -9999.0 -9999.0 -9999.0 -9999.0 -9999.0 -9999.0 -9999.0 -9999.0 28.6 30.9 35.4 13.2 11.9 8.3 5.6 4.2 0.6 1.2 0.9 0.4 0.3 0.3 1.7 5.5 6.3 6.1 6.1 8.9 16.1 21.2 26.4 30.1 32.0 22.4 25.1 15.4
-9999.0 -9999.0 -9999.0 -9999.0 -9999.0 -9999.0 -9999.0 -9999.0 -9999.0 -9999.0 -9999.0 -9999.0 -9999.0 -9999.0 -9999.0 -9999.0 -9999.0 -9999.0 -9999.0 -9999.0 -9999.0 -9999.0 -9999.0 -9999.0 -9999.0 -9999.0 -9999.0 -9999.0 -9999.0 -9999.0 -9999.0 -9999.0 -9999.0 -9999.0 -9999.0 -9999.0 -9999.0 -9999.0 -9999.0 -9999.0 -9999.0 -9999.0 -9999.0 -9999.0 -9999.0 -9999.0 -9999.0 -9999.0 -9999.0 -9999.0 11.8 18.0 19.4 18.6 11.3 10.8 8.9 5.8 3.7 1.1 0.4 0.2 0.2 0.2 0.8 3.6 5.0 4.8 3.4 1.6 4.5 8.5 15.0 19.2 19.2 17.0 28.2 11.5 16.3
-9999.0 -9999.0 -9999.0 -9999.0 -9999.0 -9999.0 -9999.0 -9999.0 -9999.0 -9999.0 -9999.0 -9999.0 -9999.0 -9999.0 -9999.0 -9999.0 -9999.0 -9999.0 -9999.0 -9999.0 -9999.0 -9999.0 -9999.0 -9999.0 -9999.0 -9999.0 -9999.0 -9999.0 -9999.0 -9999.0 -9999.0 -9999.0 -9999.0 -9999.0 -9999.0 -9999.0 -9999.0 -9999.0 -9999.0 -9999.0 -9999.0 -9999.0 -9999.0 -9999.0 -9999.0 -9999.0 -9999.0 -9999.0 -9999.0 -9999.0 3.1 9.2 6.2 7.7 7.4 6.0 1.0 3.6 1.4 0.6 0.9 0.6 0.7 0.8 1.9 6.2 5.1 2.7 1.1 0.7 3.2 8.7 13.2 14.0 13.8 15.4 11.1 15.9 10.0
-9999.0 -9999.0 -9999.0 -9999.0 -9999.0 -9999.0 -9999.0 -9999.0 -9999.0 -9999.0 -9999.0 -9999.0 -9999.0 -9999.0 -9999.0 -9999.0 -9999.0 -9999.0 -9999.0 -9999.0 -9999.0 -9999.0 -9999.0 -9999.0 -9999.0 -9999.0 -9999.0 -9999.0 -9999.0 -9999.0 -9999.0 -9999.0 -9999.0 -9999.0 -9999.0 -9999.0 -9999.0 -9999.0 -9999.0 -9999.0 -9999.0 -9999.0 -9999.0 -9999.0 -9999.0 -9999.0 -9999.0 -9999.0 -9999.0 -9999.0 0.2 0.7 1.4 3.3 1.0 0.8 2.2 1.0 0.8 1.8 2.7 2.9 2.7 2.9 2.4 2.8 2.2 0.8 0.3 1.9 3.3 10.6 11.3 9.5 7.3 6.0 2.6 7.5 3.5
-9999.0 -9999.0 -9999.0 -9999.0 -9999.0 -9999.0 -9999.0 -9999.0 -9999.0 -9999.0 -9999.0 -9999.0 -9999.0 -9999.0 -9999.0 -9999.0 -9999.0 -9999.0 -9999.0 -9999.0 -9999.0 -9999.0 -9999.0 -9999.0 -9999.0 -9999.0 -9999.0 -9999.0 -9999.0 -9999.0 -9999.0 -9999.0 -9999.0 -9999.0 -9999.0 -9999.0 -9999.0 -9999.0 -9999.0 -9999.0 -9999.0 -9999.0 -9999.0 -9999.0 -9999.0 -9999.0 -9999.0 -9999.0 -9999.0 -9999.0 0.0 0.1 0.1 0.2 0.2 0.5 0.2 0.6 1.1 3.3 4.7 6.3 5.6 3.6 1.9 1.2 1.0 0.9 2.9 0.7 4.3 7.6 9.3 6.4 3.5 1.8 0.8 1.7 0.6
-9999.0 -9999.0 -9999.0 -9999.0 -9999.0 -9999.0 -9999.0 -9999.0 -9999.0 -9999.0 -9999.0 -9999.0 -9999.0 -9999.0 -9999.0 -9999.0 -9999.0 -9999.0 -9999.0 -9999.0 -9999.0 -9999.0 -9999.0 -9999.0 -9999.0 -9999.0 -9999.0 -9999.0 -9999.0 -9999.0 -9999.0 -9999.0 -9999.0 -9999.0 -9999.0 -9999.0 -9999.0 -9999.0 -9999.0 -9999.0 -9999.0 -9999.0 -9999.0 -9999.0 -9999.0 -9999.0 -9999.0 -9999.0 -9999.0 -9999.0 -9999.0 -9999.0 -9999.0 0.0 0.1 0.1 0.3 0.6 1.8 2.5 2.5 3.6 3.6 2.3 1.2 0.8 1.2 1.6 6.0 7.5 5.5 4.9 4.7 4.2 3.4 1.9 0.8 0.7 0.4
-9999.0 -9999.0 -9999.0 -9999.0 -9999.0 -9999.0 -9999.0 -9999.0 -9999.0 -9999.0 -9999.0 -9999.0 -9999.0 -9999.0 -9999.0 -9999.0 -9999.0 -9999.0 -9999.0 -9999.0 -9999.0 -9999.0 -9999.0 -9999.0 -9999.0 -9999.0 -9999.0 -9999.0 -9999.0 -9999.0 -9999.0 -9999.0 -9999.0 -9999.0 -9999.0 -9999.0 -9999.0 -9999.0 -9999.0 -9999.0 -9999.0 -9999.0 -9999.0 -9999.0 -9999.0 -9999.0 -9999.0 -9999.0 -9999.0 -9999.0 -9999.0 -9999.0 -9999.0 0.0 0.1 0.1 0.3 0.5 0.5 0.5 0.7 1.9 0.9 2.9 2.1 1.6 2.8 5.1 6.5 7.1 4.3 3.3 3.2 4.6 5.8 2.8 1.5 1.2 1.4
-9999.0 -9999.0 -9999.0 -9999.0 -9999.0 -9999.0 -9999.0 -9999.0 -9999.0 -9999.0 -9999.0 -9999.0 -9999.0 -9999.0 -9999.0 -9999.0 -9999.0 -9999.0 -9999.0 -9999.0 -9999.0 -9999.0 -9999.0 -9999.0 -9999.0 -9999.0 -9999.0 -9999.0 -9999.0 -9999.0 -9999.0 -9999.0 -9999.0 -9999.0 -9999.0 -9999.0 -9999.0 -9999.0 -9999.0 -9999.0 -9999.0 -9999.0 -9999.0 -9999.0 -9999.0 -9999.0 -9999.0 -9999.0 -9999.0 -9999.0 -9999.0 -9999.0 -9999.0 0.0 0.0 0.1 0.1 0.1 0.1 0.1 0.1 0.2 0.2 0.3 6.5 -9999.0 -9999.0 -9999.0 8.5 5.9 4.6 4.4 5.3 7.2 6.6 3.3 1.9 2.1 3.2
-9999.0 -9999.0 -9999.0 -9999.0 -9999.0 -9999.0 -9999.0 -9999.0 -9999.0 -9999.0 -9999.0 -9999.0 -9999.0 -9999.0 -9999.0 -9999.0 -9999.0 -9999.0 -9999.0 -9999.0 -9999.0 -9999.0 -9999.0 -9999.0 -9999.0 -9999.0 -9999.0 -9999.0 -9999.0 -9999.0 -9999.0 -9999.0 -9999.0 -9999.0 -9999.0 -9999.0 -9999.0 -9999.0 -9999.0 -9999.0 -9999.0 -9999.0 -9999.0 -9999.0 -9999.0 -9999.0 -9999.0 -9999.0 -9999.0 -9999.0 -9999.0 -9999.0 -9999.0 -9999.0 0.0 0.1 0.1 0.1 0.0 0.0 0.3 -9999.0 -9999.0 -9999.0 -9999.0 -9999.0 -9999.0 -9999.0 5.4 5.6 6.0 4.0 4.9 5.9 4.1 2.3 1.4 1.1 2.0
-9999.0 -9999.0 -9999.0 -9999.0 -9999.0 -9999.0 -9999.0 -9999.0 -9999.0 -9999.0 -9999.0 -9999.0 -9999.0 -9999.0 -9999.0 -9999.0 -9999.0 -9999.0 -9999.0 -9999.0 -9999.0 -9999.0 -9999.0 -9999.0 -9999.0 -9999.0 -9999.0 -9999.0 -9999.0 -9999.0 -9999.0 -9999.0 -9999.0 -9999.0 -9999.0 -9999.0 -9999.0 -9999.0 -9999.0 -9999.0 -9999.0 -9999.0 -9999.0 -9999.0 -9999.0 -9999.0 -9999.0 -9999.0 -9999.0 -9999.0 -9999.0 -9999.0 -9999.0 -9999.0 -9999.0 0.0 0.0 0.0 0.0 0.0 0.1 -9999.0 -9999.0 -9999.0 -9999.0 -9999.0 -9999.0 -9999.0 -9999.0 -9999.0 2.4 -9999.0 -9999.0 -9999.0 -9999.0 -9999.0 1.3 -9999.0 -9999.0
-9999.0 -9999.0 -9999.0 -9999.0 -9999.0 -9999.0 -9999.0 -9999.0 -9999.0 -9999.0 -9999.0 -9999.0 -9999.0 -9999.0 -9999.0 -9999.0 -9999.0 -9999.0 -9999.0 -9999.0 -9999.0 -9999.0 -9999.0 -9999.0 -9999.0 -9999.0 -9999.0 -9999.0 -9999.0 -9999.0 -9999.0 -9999.0 -9999.0 -9999.0 -9999.0 -9999.0 -9999.0 -9999.0 -9999.0 -9999.0 -9999.0 -9999.0 -9999.0 -9999.0 -9999.0 -9999.0 -9999.0 -9999.0 -9999.0 -9999.0 -9999.0 -9999.0 -9999.0 -9999.0 -9999.0 -9999.0 -9999.0 -9999.0 0.0 0.0 -9999.0 -9999.0 -9999.0 -9999.0 -9999.0 -9999.0 -9999.0 -9999.0 -9999.0 -9999.0 -9999.0 -9999.0 -9999.0 -9999.0 -9999.0 1.7 3.1 -9999.0 -9999.0
-9999.0 -9999.0 -9999.0 -9999.0 -9999.0 -9999.0 -9999.0 -9999.0 -9999.0 -9999.0 -9999.0 -9999.0 -9999.0 -9999.0 -9999.0 -9999.0 -9999.0 -9999.0 -9999.0 -9999.0 -9999.0 -9999.0 -9999.0 -9999.0 -9999.0 -9999.0 -9999.0 -9999.0 -9999.0 -9999.0 -9999.0 -9999.0 -9999.0 -9999.0 -9999.0 -9999.0 -9999.0 -9999.0 -9999.0 -9999.0 -9999.0 -9999.0 -9999.0 -9999.0 -9999.0 -9999.0 -9999.0 -9999.0 -9999.0 -9999.0 -9999.0 -9999.0 -9999.0 -9999.0 -9999.0 -9999.0 -9999.0 -9999.0 -9999.0 -9999.0 -9999.0 -9999.0 -9999.0 -9999.0 -9999.0 -9999.0 -9999.0 -9999.0 -9999.0 -9999.0 -9999.0 -9999.0 -9999.0 -9999.0 -9999.0 -9999.0 -9999.0 -9999.0 -9999.0
-9999.0 -9999.0 -9999.0 -9999.0 -9999.0 -9999.0 -9999.0 -9999.0 -9999.0 -9999.0 -9999.0 -9999.0 -9999.0 -9999.0 -9999.0 -9999.0 -9999.0 -9999.0 -9999.0 -9999.0 -9999.0 -9999.0 -9999.0 -9999.0 -9999.0 -9999.0 -9999.0 -9999.0 -9999.0 -9999.0 -9999.0 -9999.0 -9999.0 -9999.0 -9999.0 -9999.0 -9999.0 -9999.0 -9999.0 -9999.0 -9999.0 -9999.0 -9999.0 -9999.0 -9999.0 -9999.0 -9999.0 -9999.0 -9999.0 -9999.0 -9999.0 -9999.0 -9999.0 -9999.0 -9999.0 -9999.0 -9999.0 -9999.0 -9999.0 -9999.0 -9999.0 -9999.0 -9999.0 -9999.0 -9999.0 -9999.0 -9999.0 -9999.0 -9999.0 -9999.0 -9999.0 -9999.0 -9999.0 -9999.0 -9999.0 9.2 18.4 27.6 -9999.0
-9999.0 -9999.0 -9999.0 -9999.0 -9999.0 -9999.0 -9999.0 -9999.0 -9999.0 -9999.0 -9999.0 -9999.0 -9999.0 -9999.0 -9999.0 -9999.0 -9999.0 -9999.0 -9999.0 -9999.0 -9999.0 -9999.0 -9999.0 -9999.0 -9999.0 -9999.0 -9999.0 -9999.0 -9999.0 -9999.0 -9999.0 -9999.0 -9999.0 -9999.0 -9999.0 -9999.0 -9999.0 -9999.0 -9999.0 -9999.0 -9999.0 -9999.0 -9999.0 -9999.0 -9999.0 -9999.0 -9999.0 -9999.0 -9999.0 -9999.0 -9999.0 -9999.0 -9999.0 -9999.0 -9999.0 -9999.0 -9999.0 -9999.0 -9999.0 -9999.0 -9999.0 -9999.0 -9999.0 -9999.0 -9999.0 -9999.0 -9999.0 -9999.0 -9999.0 -9999.0 -9999.0 -9999.0 -9999.0 0.1 2.2 11.3 27.5 -9999.0 -9999.0
