program/excelProcessViaJava/data/SURF_CLI_CHN_PRE_MON_GRID_0.5-200011.txt
NCOLS      128
NROWS       72
XLLCORNER    72.000000000000    
YLLCORNER    18.000000000000    
CELLSIZE    0.50000000000000    
NODATA_VALUE   -9999.000    
[rows 35 to 69 of 72, columns 0 to 78 of 128]
-9999.0 -9999.0 -9999.0 -9999.0 -9999.0 -9999.0 -9999.0 0.0 0.0 0.0 0.0 0.0 0.0 0.0 0.0 0.1 0.0 0.1 0.2 0.1 0.0 0.0 0.0 0.0 0.0 0.1 0.1 0.1 0.1 0.1 0.1 0.1 0.1 0.2 0.2 0.2 0.3 0.3 0.4 0.6 0.5 1.0 1.1 1.2 1.1 0.9 1.1 1.1 2.3 3.1 5.1 8.2 9.4 4.5 4.3 3.8 5.4 8.9 11.7 14.6 12.0 8.0 6.3 6.2 5.9 4.7 5.0 5.4 6.2 7.5 8.9 12.2 17.7 21.7 23.1 25.7 23.9 28.8 33.0
-9999.0 -9999.0 -9999.0 -9999.0 -9999.0 -9999.0 -9999.0 0.0 0.0 0.0 0.0 0.0 0.0 0.0 0.0 0.0 0.0 0.0 0.0 0.0 0.0 0.0 0.1 0.1 0.1 0.1 0.1 0.1 0.2 0.2 0.2 0.2 0.3 0.3 0.3 0.4 0.4 0.5 0.5 0.6 0.7 0.9 1.1 1.4 1.2 1.0 1.2 1.6 2.6 4.2 4.3 5.5 8.4 6.0 4.1 3.7 4.9 8.2 10.1 10.6 11.4 8.9 4.5 4.9 4.6 4.9 5.7 7.2 8.5 10.2 12.5 17.3 22.8 26.6 24.8 30.5 30.1 26.7 26.1
-9999.0 -9999.0 -9999.0 -9999.0 -9999.0 -9999.0 -9999.0 -9999.0 -9999.0 0.0 0.0 0.0 0.0 0.0 0.0 0.0 0.0 0.0 0.0 0.0 0.0 0.1 0.1 0.2 0.2 0.3 0.3 0.3 0.4 0.3 0.5 0.5 0.5 0.5 0.5 0.5 0.5 0.6 0.6 0.6 0.7 0.9 1.0 1.0 1.1 1.1 1.2 1.5 2.1 3.1 3.9 5.0 5.7 5.5 4.5 4.5 4.8 7.0 8.5 9.5 10.1 10.6 10.8 4.0 5.7 6.2 7.7 10.6 12.8 15.1 17.5 20.8 25.3 28.6 30.8 20.8 18.5 19.0 21.3
-9999.0 -9999.0 -9999.0 -9999.0 -9999.0 -9999.0 -9999.0 -9999.0 -9999.0 -9999.0 -9999.0 0.0 0.0 0.0 0.0 0.0 0.0 0.1 0.1 0.1 0.1 0.2 0.3 0.5 0.3 0.5 0.5 0.6 0.6 0.7 0.7 0.7 0.8 0.8 0.8 0.9 0.8 0.8 1.1 0.7 0.9 0.8 0.8 0.9 1.3 1.1 1.4 1.5 2.0 2.7 3.8 4.6 5.1 5.2 5.3 6.2 7.0 8.2 8.9 9.4 10.0 10.8 10.9 8.5 9.8 6.8 8.5 13.8 17.8 19.7 20.9 23.0 25.3 26.6 22.4 18.1 14.8 15.6 16.6
-9999.0 -9999.0 -9999.0 -9999.0 -9999.0 -9999.0 -9999.0 -9999.0 -9999.0 -9999.0 -9999.0 -9999.0 0.0 0.1 0.0 0.1 0.0 0.1 0.1 0.1 0.5 0.5 0.7 1.0 0.4 1.0 1.2 0.9 1.0 0.8 1.0 1.0 1.1 1.1 1.2 1.2 1.5 1.2 0.9 0.7 0.6 0.7 0.8 1.1 1.3 1.5 1.7 1.7 2.2 2.9 3.8 4.7 5.8 6.6 7.2 7.9 8.9 9.4 10.2 10.8 10.8 11.1 12.1 12.6 8.7 13.8 11.7 17.0 20.9 22.9 22.3 23.3 25.6 26.8 25.8 38.2 21.8 17.7 15.6
-9999.0 -9999.0 -9999.0 -9999.0 -9999.0 -9999.0 -9999.0 -9999.0 -9999.0 -9999.0 -9999.0 -9999.0 0.0 0.1 0.2 0.1 0.4 0.4 0.2 0.4 0.6 0.7 1.0 1.5 2.0 1.8 1.7 1.8 1.5 1.4 1.3 1.2 1.3 1.4 1.6 1.6 2.0 2.0 1.6 1.3 0.9 0.8 1.3 1.2 1.8 2.4 2.4 2.7 3.0 3.9 4.9 6.2 7.4 8.2 8.7 9.4 10.4 11.4 12.4 12.3 11.2 10.9 12.4 14.3 9.0 14.2 8.8 15.2 21.5 25.1 26.1 28.5 31.3 29.2 30.1 25.4 19.3 23.6 19.9
-9999.0 -9999.0 -9999.0 -9999.0 -9999.0 -9999.0 -9999.0 -9999.0 -9999.0 -9999.0 -9999.0 -9999.0 -9999.0 0.1 0.1 0.5 0.4 0.8 1.0 1.2 1.3 1.9 1.6 2.5 2.5 1.7 1.6 1.3 1.5 1.4 1.4 1.4 1.5 1.6 1.6 1.9 2.1 2.4 3.4 2.4 1.9 1.9 1.8 2.6 2.6 3.2 4.0 4.6 5.1 5.6 6.6 7.9 8.9 9.3 9.6 9.9 10.4 11.4 11.7 12.9 12.0 11.7 13.4 13.3 5.1 10.9 16.5 19.7 26.9 29.7 31.8 28.1 24.4 25.7 28.0 23.8 20.4 18.0 19.8
-9999.0 -9999.0 -9999.0 -9999.0 -9999.0 -9999.0 -9999.0 -9999.0 -9999.0 -9999.0 -9999.0 -9999.0 0.1 0.1 0.2 0.6 0.3 0.8 1.0 2.0 2.4 2.7 2.7 3.1 3.3 2.2 2.2 2.1 1.7 1.5 1.4 1.3 1.4 1.5 1.8 2.0 2.7 2.4 2.5 2.6 3.6 4.2 4.6 2.9 4.0 5.0 5.8 6.4 6.8 7.2 8.1 9.2 9.7 9.9 9.4 9.2 9.7 9.5 11.7 12.8 12.5 13.0 15.8 18.9 19.6 16.5 10.9 19.0 29.8 31.7 28.8 23.8 22.7 23.7 20.9 19.0 19.0 20.5 23.7
-9999.0 -9999.0 -9999.0 -9999.0 -9999.0 -9999.0 -9999.0 -9999.0 -9999.0 -9999.0 -9999.0 -9999.0 0.1 0.5 0.6 0.2 0.5 1.4 1.8 1.7 2.9 2.6 3.0 3.3 3.7 3.5 2.9 2.3 1.8 1.5 1.2 1.1 1.2 1.2 1.4 1.8 1.8 2.4 2.7 2.2 2.6 2.5 2.9 3.8 5.1 6.6 8.1 8.5 8.4 7.4 7.6 8.9 8.4 7.8 7.6 7.0 7.9 9.1 10.2 12.2 13.7 15.6 18.9 18.7 17.8 12.4 18.7 20.3 25.0 27.4 25.8 22.8 22.1 22.0 22.7 18.9 21.7 22.6 26.7
-9999.0 -9999.0 -9999.0 -9999.0 -9999.0 -9999.0 -9999.0 -9999.0 -9999.0 -9999.0 -9999.0 -9999.0 0.6 0.4 1.0 1.0 1.4 0.9 1.7 2.0 1.7 2.0 3.2 2.9 3.3 2.4 2.2 1.5 1.5 1.1 0.9 0.8 0.8 0.8 1.0 1.3 1.6 2.0 2.1 3.0 2.8 2.1 5.1 3.1 5.9 8.6 9.6 9.0 7.5 7.0 7.0 6.2 9.8 9.8 7.7 5.2 6.7 8.4 10.4 11.7 14.5 17.6 22.4 17.7 10.4 12.5 17.4 23.2 26.0 25.9 26.7 27.4 27.5 29.6 44.7 28.4 36.1 28.2 31.1
-9999.0 -9999.0 -9999.0 -9999.0 -9999.0 -9999.0 -9999.0 -9999.0 -9999.0 -9999.0 -9999.0 -9999.0 -9999.0 0.3 0.5 1.2 1.3 1.8 1.6 1.8 1.5 2.7 2.6 2.5 3.3 2.7 2.2 1.7 1.0 0.9 0.6 0.5 0.6 0.6 0.8 1.5 1.9 1.5 1.9 1.9 2.4 6.0 7.7 7.4 6.2 7.8 9.5 7.1 8.6 7.5 5.3 7.9 6.5 4.0 7.0 7.2 5.0 6.6 10.3 15.8 17.7 25.8 23.9 9.7 10.1 10.8 17.8 24.0 25.3 27.8 31.1 33.4 37.0 34.1 36.6 34.2 35.0 36.9 38.5
-9999.0 -9999.0 -9999.0 -9999.0 -9999.0 -9999.0 -9999.0 -9999.0 -9999.0 -9999.0 -9999.0 -9999.0 -9999.0 1.3 0.7 1.3 1.1 2.0 2.3 2.4 1.9 2.2 2.3 2.6 3.6 2.6 1.9 1.5 0.9 0.4 0.3 0.3 0.3 0.4 0.8 1.1 1.0 1.1 2.0 5.0 3.1 4.7 6.4 7.8 11.9 9.4 9.5 6.7 7.0 6.8 8.2 4.3 6.2 7.5 8.5 6.7 5.0 7.2 12.3 9.9 20.4 13.2 12.9 19.5 12.6 11.7 18.1 24.3 27.2 31.6 37.1 40.1 41.6 45.9 48.3 50.0 51.8 47.5 46.5
-9999.0 -9999.0 -9999.0 -9999.0 -9999.0 -9999.0 -9999.0 -9999.0 -9999.0 -9999.0 -9999.0 -9999.0 -9999.0 -9999.0 -9999.0 1.5 1.9 2.0 2.6 3.3 2.6 3.4 3.7 3.4 2.8 2.3 1.1 0.9 0.4 0.3 0.2 0.2 0.3 0.4 0.5 1.3 2.1 0.5 1.1 1.9 4.6 6.5 7.4 7.9 6.7 7.4 9.5 7.3 8.9 6.9 7.7 11.9 5.9 5.2 1.3 5.3 7.0 4.6 16.4 22.6 11.3 14.2 30.8 24.3 17.3 15.8 19.8 25.4 30.9 37.0 41.5 41.2 52.2 57.6 53.5 64.4 61.3 62.4 53.1
-9999.0 -9999.0 -9999.0 -9999.0 -9999.0 -9999.0 -9999.0 -9999.0 -9999.0 -9999.0 -9999.0 -9999.0 -9999.0 -9999.0 -9999.0 -9999.0 -9999.0 6.3 5.1 -9999.0 5.6 3.8 5.1 4.8 3.1 2.5 1.2 0.8 0.5 0.2 0.1 0.1 0.2 0.2 0.2 0.5 1.8 0.2 0.9 1.5 3.0 6.4 6.6 7.0 6.8 8.7 17.0 13.6 10.1 11.5 7.0 8.1 2.8 6.9 7.8 9.0 6.4 16.0 20.0 26.2 10.2 17.5 24.7 23.5 19.6 19.3 23.2 27.4 33.1 37.4 37.7 48.7 56.5 51.2 59.6 68.4 64.2 60.5 58.1
-9999.0 -9999.0 -9999.0 -9999.0 -9999.0 -9999.0 -9999.0 -9999.0 -9999.0 -9999.0 -9999.0 -9999.0 -9999.0 -9999.0 -9999.0 -9999.0 -9999.0 -9999.0 -9999.0 -9999.0 -9999.0 6.0 5.1 3.5 3.8 4.4 2.8 1.5 0.5 0.2 0.1 0.1 0.1 0.2 0.2 0.5 0.5 0.4 0.3 0.1 0.2 5.3 7.4 7.9 7.0 10.0 19.3 12.6 18.1 36.2 13.7 21.5 18.8 5.8 8.6 15.1 17.6 15.6 32.9 28.2 13.3 15.1 14.2 15.3 20.0 24.7 29.7 30.1 32.6 34.1 35.4 44.9 47.7 43.2 48.7 56.9 59.8 57.9 63.8
-9999.0 -9999.0 -9999.0 -9999.0 -9999.0 -9999.0 -9999.0 -9999.0 -9999.0 -9999.0 -9999.0 -9999.0 -9999.0 -9999.0 -9999.0 -9999.0 -9999.0 -9999.0 -9999.0 -9999.0 -9999.0 -9999.0 -9999.0 11.0 6.3 5.4 3.9 2.0 0.6 0.3 0.1 0.1 0.3 0.3 0.7 0.9 1.4 0.7 1.4 2.1 2.6 5.3 4.4 4.5 6.7 15.7 13.4 13.6 13.2 11.6 11.0 22.3 11.9 14.9 11.0 4.1 18.9 28.9 13.2 31.1 23.0 22.6 15.0 6.8 11.2 26.2 35.2 32.4 30.6 31.8 39.6 42.3 44.0 50.7 50.9 58.4 67.2 70.7 77.0
-9999.0 -9999.0 -9999.0 -9999.0 -9999.0 -9999.0 -9999.0 -9999.0 -9999.0 -9999.0 -9999.0 -9999.0 -9999.0 -9999.0 -9999.0 -9999.0 -9999.0 -9999.0 -9999.0 -9999.0 -9999.0 -9999.0 -9999.0 -9999.0 -9999.0 13.2 7.7 1.8 1.0 0.7 0.3 0.2 0.3 0.5 0.7 1.4 2.8 1.0 2.0 1.1 3.6 2.7 1.5 3.3 8.4 14.6 15.2 26.8 15.3 12.3 25.2 22.0 28.7 27.9 15.5 11.9 20.8 16.9 31.0 29.7 28.1 25.4 33.0 5.2 9.9 24.8 33.5 30.1 33.1 37.8 38.1 40.5 39.6 51.7 58.1 62.2 68.3 74.4 78.9
-9999.0 -9999.0 -9999.0 -9999.0 -9999.0 -9999.0 -9999.0 -9999.0 -9999.0 -9999.0 -9999.0 -9999.0 -9999.0 -9999.0 -9999.0 -9999.0 -9999.0 -9999.0 -9999.0 -9999.0 -9999.0 -9999.0 -9999.0 -9999.0 -9999.0 -9999.0 -9999.0 11.0 8.6 3.1 1.6 1.1 1.0 0.9 1.3 0.6 1.0 0.7 0.3 0.7 1.9 1.1 1.7 4.7 7.9 12.6 18.5 24.9 32.1 20.1 42.3 52.8 26.5 28.2 24.0 23.9 11.6 9.0 24.2 16.9 18.0 23.4 12.3 6.6 5.6 12.1 30.0 36.0 35.9 36.7 36.2 41.5 36.8 47.5 52.8 58.2 63.4 63.8 62.7
-9999.0 -9999.0 -9999.0 -9999.0 -9999.0 -9999.0 -9999.0 -9999.0 -9999.0 -9999.0 -9999.0 -9999.0 -9999.0 -9999.0 -9999.0 -9999.0 -9999.0 -9999.0 -9999.0 -9999.0 -9999.0 -9999.0 -9999.0 -9999.0 -9999.0 -9999.0 -9999.0 -9999.0 -9999.0 -9999.0 -9999.0 -9999.0 -9999.0 1.8 1.6 -9999.0 -9999.0 -9999.0 0.4 0.5 0.5 1.0 1.7 4.3 7.2 10.5 -9999.0 -9999.0 -9999.0 -9999.0 -9999.0 -9999.0 33.6 29.1 25.0 15.7 10.0 6.2 7.3 8.4 13.4 17.4 11.0 6.1 5.3 9.9 20.7 31.8 38.7 36.9 32.4 37.0 41.6 41.3 50.3 51.9 54.8 46.7 42.3
-9999.0 -9999.0 -9999.0 -9999.0 -9999.0 -9999.0 -9999.0 -9999.0 -9999.0 -9999.0 -9999.0 -9999.0 -9999.0 -9999.0 -9999.0 -9999.0 -9999.0 -9999.0 -9999.0 -9999.0 -9999.0 -9999.0 -9999.0 -9999.0 -9999.0 -9999.0 -9999.0 -9999.0 -9999.0 -9999.0 -9999.0 -9999.0 -9999.0 -9999.0 -9999.0 -9999.0 -9999.0 -9999.0 -9999.0 0.8 1.0 1.5 2.4 3.6 -9999.0 -9999.0 -9999.0 -9999.0 -9999.0 -9999.0 -9999.0 -9999.0 21.9 25.7 17.1 13.6 10.6 7.5 5.3 5.8 8.3 10.7 9.3 5.4 4.9 7.7 16.0 33.9 38.9 38.3 37.9 37.6 35.8 44.4 44.8 47.9 46.7 39.8 38.0
-9999.0 -9999.0 -9999.0 -9999.0 -9999.0 -9999.0 -9999.0 -9999.0 -9999.0 -9999.0 -9999.0 -9999.0 -9999.0 -9999.0 -9999.0 -9999.0 -9999.0 -9999.0 -9999.0 -9999.0 -9999.0 -9999.0 -9999.0 -9999.0 -9999.0 -9999.0 -9999.0 -9999.0 -9999.0 -9999.0 -9999.0 -9999.0 -9999.0 -9999.0 -9999.0 -9999.0 -9999.0 -9999.0 -9999.0 -9999.0 -9999.0 -9999.0 -9999.0 -9999.0 -9999.0 -9999.0 -9999.0 -9999.0 -9999.0 -9999.0 -9999.0 -9999.0 19.9 20.8 12.6 14.6 14.6 11.8 7.8 6.6 6.9 7.4 27.1 6.0 7.1 13.9 30.6 38.1 36.4 34.2 35.0 37.4 45.2 42.6 43.8 44.1 45.9 40.9 34.8
-9999.0 -9999.0 -9999.0 -9999.0 -9999.0 -9999.0 -9999.0 -9999.0 -9999.0 -9999.0 -9999.0 -9999.0 -9999.0 -9999.0 -9999.0 -9999.0 -9999.0 -9999.0 -9999.0 -9999.0 -9999.0 -9999.0 -9999.0 -9999.0 -9999.0 -9999.0 -9999.0 -9999.0 -9999.0 -9999.0 -9999.0 -9999.0 -9999.0 -9999.0 -9999.0 -9999.0 -9999.0 -9999.0 -9999.0 -9999.0 -9999.0 -9999.0 -9999.0 -9999.0 -9999.0 -9999.0 -9999.0 -9999.0 -9999.0 -9999.0 -9999.0 10.6 10.3 14.6 14.0 16.8 19.6 15.3 11.7 10.8 13.3 12.8 8.7 10.4 13.8 23.4 37.4 36.8 33.2 28.8 28.5 30.2 30.2 32.9 35.6 37.3 40.1 37.4 37.6
-9999.0 -9999.0 -9999.0 -9999.0 -9999.0 -9999.0 -9999.0 -9999.0 -9999.0 -9999.0 -9999.0 -9999.0 -9999.0 -9999.0 -9999.0 -9999.0 -9999.0 -9999.0 -9999.0 -9999.0 -9999.0 -9999.0 -9999.0 -9999.0 -9999.0 -9999.0 -9999.0 -9999.0 -9999.0 -9999.0 -9999.0 -9999.0 -9999.0 -9999.0 -9999.0 -9999.0 -9999.0 -9999.0 -9999.0 -9999.0 -9999.0 -9999.0 -9999.0 -9999.0 -9999.0 -9999.0 -9999.0 -9999.0 -9999.0 -9999.0 6.0 10.6 13.1 15.1 16.6 18.7 20.6 19.2 14.3 15.2 15.5 24.6 16.9 19.8 22.4 28.1 31.6 30.4 28.3 22.7 22.4 20.3 21.6 24.1 25.0 26.3 28.5 31.1 32.2
-9999.0 -9999.0 -9999.0 -9999.0 -9999.0 -9999.0 -9999.0 -9999.0 -9999.0 -9999.0 -9999.0 -9999.0 -9999.0 -9999.0 -9999.0 -9999.0 -9999.0 -9999.0 -9999.0 -9999.0 -9999.0 -9999.0 -9999.0 -9999.0 -9999.0 -9999.0 -9999.0 -9999.0 -9999.0 -9999.0 -9999.0 -9999.0 -9999.0 -9999.0 -9999.0 -9999.0 -9999.0 -9999.0 -9999.0 -9999.0 -9999.0 -9999.0 -9999.0 -9999.0 -9999.0 -9999.0 -9999.0 -9999.0 -9999.0 -9999.0 4.6 15.9 12.2 19.5 19.8 18.4 18.0 17.6 17.5 19.1 23.4 29.1 26.0 25.5 22.5 16.6 19.7 17.6 19.0 17.1 18.2 17.8 16.5 14.9 14.6 15.3 16.9 21.2 28.3
-9999.0 -9999.0 -9999.0 -9999.0 -9999.0 -9999.0 -9999.0 -9999.0 -9999.0 -9999.0 -9999.0 -9999.0 -9999.0 -9999.0 -9999.0 -9999.0 -9999.0 -9999.0 -9999.0 -9999.0 -9999.0 -9999.0 -9999.0 -9999.0 -9999.0 -9999.0 -9999.0 -9999.0 -9999.0 -9999.0 -9999.0 -9999.0 -9999.0 -9999.0 -9999.0 -9999.0 -9999.0 -9999.0 -9999.0 -9999.0 -9999.0 -9999.0 -9999.0 -9999.0 -9999.0 -9999.0 -9999.0 -9999.0 -9999.0 -9999.0 4.2 9.5 9.7 25.0 16.9 14.7 20.3 20.2 25.8 30.7 34.6 38.4 30.7 17.3 14.6 10.9 9.7 10.0 10.5 15.4 15.1 16.7 11.6 10.8 9.9 9.1 10.5 16.0 27.0
-9999.0 -9999.0 -9999.0 -9999.0 -9999.0 -9999.0 -9999.0 -9999.0 -9999.0 -9999.0 -9999.0 -9999.0 -9999.0 -9999.0 -9999.0 -9999.0 -9999.0 -9999.0 -9999.0 -9999.0 -9999.0 -9999.0 -9999.0 -9999.0 -9999.0 -9999.0 -9999.0 -9999.0 -9999.0 -9999.0 -9999.0 -9999.0 -9999.0 -9999.0 -9999.0 -9999.0 -9999.0 -9999.0 -9999.0 -9999.0 -9999.0 -9999.0 -9999.0 -9999.0 -9999.0 -9999.0 -9999.0 -9999.0 -9999.0 -9999.0 11.5 20.9 19.3 22.8 19.8 20.1 17.3 25.6 37.1 38.8 43.0 31.5 8.2 9.5 9.9 8.8 11.6 10.3 12.7 5.1 10.1 9.7 8.9 9.4 8.7 7.1 8.6 15.6 30.5
-9999.0 -9999.0 -9999.0 -9999.0 -9999.0 -9999.0 -9999.0 -9999.0 -9999.0 -9999.0 -9999.0 -9999.0 -9999.0 -9999.0 -9999.0 -9999.0 -9999.0 -9999.0 -9999.0 -9999.0 -9999.0 -9999.0 -9999.0 -9999.0 -9999.0 -9999.0 -9999.0 -9999.0 -9999.0 -9999.0 -9999.0 -9999.0 -9999.0 -9999.0 -9999.0 -9999.0 -9999.0 -9999.0 -9999.0 -9999.0 -9999.0 -9999.0 -9999.0 -9999.0 -9999.0 -9999.0 -9999.0 -9999.0 -9999.0 -9999.0 -9999.0 -9999.0 -9999.0 24.3 22.2 19.5 20.4 29.1 32.3 38.9 74.6 18.0 32.5 9.3 6.9 5.9 11.2 5.0 7.6 7.1 6.7 6.7 7.6 9.0 8.5 6.4 7.8 15.7 31.9
-9999.0 -9999.0 -9999.0 -9999.0 -9999.0 -9999.0 -9999.0 -9999.0 -9999.0 -9999.0 -9999.0 -9999.0 -9999.0 -9999.0 -9999.0 -9999.0 -9999.0 -9999.0 -9999.0 -9999.0 -9999.0 -9999.0 -9999.0 -9999.0 -9999.0 -9999.0 -9999.0 -9999.0 -9999.0 -9999.0 -9999.0 -9999.0 -9999.0 -9999.0 -9999.0 -9999.0 -9999.0 -9999.0 -9999.0 -9999.0 -9999.0 -9999.0 -9999.0 -9999.0 -9999.0 -9999.0 -9999.0 -9999.0 -9999.0 -9999.0 -9999.0 -9999.0 -9999.0 34.0 30.1 28.8 18.4 17.3 29.3 61.3 43.4 24.6 42.9 7.8 4.5 3.4 0.5 8.0 2.6 3.7 4.0 5.6 8.6 10.1 8.5 7.1 6.4 15.3 28.9
-9999.0 -9999.0 -9999.0 -9999.0 -9999.0 -9999.0 -9999.0 -9999.0 -9999.0 -9999.0 -9999.0 -9999.0 -9999.0 -9999.0 -9999.0 -9999.0 -9999.0 -9999.0 -9999.0 -9999.0 -9999.0 -9999.0 -9999.0 -9999.0 -9999.0 -9999.0 -9999.0 -9999.0 -9999.0 -9999.0 -9999.0 -9999.0 -9999.0 -9999.0 -9999.0 -9999.0 -9999.0 -9999.0 -9999.0 -9999.0 -9999.0 -9999.0 -9999.0 -9999.0 -9999.0 -9999.0 -9999.0 -9999.0 -9999.0 -9999.0 -9999.0 -9999.0 -9999.0 41.2 30.7 25.0 14.0 10.3 21.1 34.5 57.5 49.8 59.9 43.8 2.0 -9999.0 -9999.0 -9999.0 4.0 2.4 4.0 7.3 9.9 10.0 8.3 7.4 4.6 10.6 46.6
-9999.0 -9999.0 -9999.0 -9999.0 -9999.0 -9999.0 -9999.0 -9999.0 -9999.0 -9999.0 -9999.0 -9999.0 -9999.0 -9999.0 -9999.0 -9999.0 -9999.0 -9999.0 -9999.0 -9999.0 -9999.0 -9999.0 -9999.0 -9999.0 -9999.0 -9999.0 -9999.0 -9999.0 -9999.0 -9999.0 -9999.0 -9999.0 -9999.0 -9999.0 -9999.0 -9999.0 -9999.0 -9999.0 -9999.0 -9999.0 -9999.0 -9999.0 -9999.0 -9999.0 -9999.0 -9999.0 -9999.0 -9999.0 -9999.0 -9999.0 -9999.0 -9999.0 -9999.0 -9999.0 32.6 19.4 6.1 4.6 20.6 49.5 36.5 -9999.0 -9999.0 -9999.0 -9999.0 -9999.0 -9999.0 -9999.0 1.0 3.3 9.1 6.9 8.3 10.0 7.9 4.6 3.7 6.0 16.9
-9999.0 -9999.0 -9999.0 -9999.0 -9999.0 -9999.0 -9999.0 -9999.0 -9999.0 -9999.0 -9999.0 -9999.0 -9999.0 -9999.0 -9999.0 -9999.0 -9999.0 -9999.0 -9999.0 -9999.0 -9999.0 -9999.0 -9999.0 -9999.0 -9999.0 -9999.0 -9999.0 -9999.0 -9999.0 -9999.0 -9999.0 -9999.0 -9999.0 -9999.0 -9999.0 -9999.0 -9999.0 -9999.0 -9999.0 -9999.0 -9999.0 -9999.0 -9999.0 -9999.0 -9999.0 -9999.0 -9999.0 -9999.0 -9999.0 -9999.0 -9999.0 -9999.0 -9999.0 -9999.0 -9999.0 15.0 18.9 10.2 17.2 39.8 46.0 -9999.0 -9999.0 -9999.0 -9999.0 -9999.0 -9999.0 -9999.0 -9999.0 -9999.0 3.1 -9999.0 -9999.0 -9999.0 -9999.0 -9999.0 5.2 -9999.0 -9999.0
-9999.0 -9999.0 -9999.0 -9999.0 -9999.0 -9999.0 -9999.0 -9999.0 -9999.0 -9999.0 -9999.0 -9999.0 -9999.0 -9999.0 -9999.0 -9999.0 -9999.0 -9999.0 -9999.0 -9999.0 -9999.0 -9999.0 -9999.0 -9999.0 -9999.0 -9999.0 -9999.0 -9999.0 -9999.0 -9999.0 -9999.0 -9999.0 -9999.0 -9999.0 -9999.0 -9999.0 -9999.0 -9999.0 -9999.0 -9999.0 -9999.0 -9999.0 -9999.0 -9999.0 -9999.0 -9999.0 -9999.0 -9999.0 -9999.0 -9999.0 -9999.0 -9999.0 -9999.0 -9999.0 -9999.0 -9999.0 -9999.0 -9999.0 24.4 30.7 -9999.0 -9999.0 -9999.0 -9999.0 -9999.0 -9999.0 -9999.0 -9999.0 -9999.0 -9999.0 -9999.0 -9999.0 -9999.0 -9999.0 -9999.0 11.3 11.8 -9999.0 -9999.0
-9999.0 -9999.0 -9999.0 -9999.0 -9999.0 -9999.0 -9999.0 -9999.0 -9999.0 -9999.0 -9999.0 -9999.0 -9999.0 -9999.0 -9999.0 -9999.0 -9999.0 -9999.0 -9999.0 -9999.0 -9999.0 -9999.0 -9999.0 -9999.0 -9999.0 -9999.0 -9999.0 -9999.0 -9999.0 -9999.0 -9999.0 -9999.0 -9999.0 -9999.0 -9999.0 -9999.0 -9999.0 -9999.0 -9999.0 -9999.0 -9999.0 -9999.0 -9999.0 -9999.0 -9999.0 -9999.0 -9999.0 -9999.0 -9999.0 -9999.0 -9999.0 -9999.0 -9999.0 -9999.0 -9999.0 -9999.0 -9999.0 -9999.0 -9999.0 -9999.0 -9999.0 -9999.0 -9999.0 -9999.0 -9999.0 -9999.0 -9999.0 -9999.0 -9999.0 -9999.0 -9999.0 -9999.0 -9999.0 -9999.0 -9999.0 -9999.0 -9999.0 -9999.0 -9999.0
-9999.0 -9999.0 -9999.0 -9999.0 -9999.0 -9999.0 -9999.0 -9999.0 -9999.0 -9999.0 -9999.0 -9999.0 -9999.0 -9999.0 -9999.0 -9999.0 -9999.0 -9999.0 -9999.0 -9999.0 -9999.0 -9999.0 -9999.0 -9999.0 -9999.0 -9999.0 -9999.0 -9999.0 -9999.0 -9999.0 -9999.0 -9999.0 -9999.0 -9999.0 -9999.0 -9999.0 -9999.0 -9999.0 -9999.0 -9999.0 -9999.0 -9999.0 -9999.0 -9999.0 -9999.0 -9999.0 -9999.0 -9999.0 -9999.0 -9999.0 -9999.0 -9999.0 -9999.0 -9999.0 -9999.0 -9999.0 -9999.0 -9999.0 -9999.0 -9999.0 -9999.0 -9999.0 -9999.0 -9999.0 -9999.0 -9999.0 -9999.0 -9999.0 -9999.0 -9999.0 -9999.0 -9999.0 -9999.0 -9999.0 -9999.0 36.5 47.7 64.3 -9999.0
-9999.0 -9999.0 -9999.0 -9999.0 -9999.0 -9999.0 -9999.0 -9999.0 -9999.0 -9999.0 -9999.0 -9999.0 -9999.0 -9999.0 -9999.0 -9999.0 -9999.0 -9999.0 -9999.0 -9999.0 -9999.0 -9999.0 -9999.0 -9999.0 -9999.0 -9999.0 -9999.0 -9999.0 -9999.0 -9999.0 -9999.0 -9999.0 -9999.0 -9999.0 -9999.0 -9999.0 -9999.0 -9999.0 -9999.0 -9999.0 -9999.0 -9999.0 -9999.0 -9999.0 -9999.0 -9999.0 -9999.0 -9999.0 -9999.0 -9999.0 -9999.0 -9999.0 -9999.0 -9999.0 -9999.0 -9999.0 -9999.0 -9999.0 -9999.0 -9999.0 -9999.0 -9999.0 -9999.0 -9999.0 -9999.0 -9999.0 -9999.0 -9999.0 -9999.0 -9999.0 -9999.0 -9999.0 -9999.0 1.2 33.2 52.9 89.2 -9999.0 -9999.0
