program/excelProcessViaJava/data/SURF_CLI_CHN_PRE_MON_GRID_0.5-200207.txt
NCOLS      128
NROWS       72
XLLCORNER    72.000000000000    
YLLCORNER    18.000000000000    
CELLSIZE    0.50000000000000    
NODATA_VALUE   -9999.000    
[rows 33 to 65 of 72, columns 0 to 74 of 128]
-9999.0 -9999.0 -9999.0 -9999.0 13.1 6.4 2.7 20.2 26.7 39.6 46.1 48.9 47.7 38.0 33.3 32.6 32.8 33.6 33.3 32.8 30.6 27.6 24.7 26.1 28.5 34.9 40.5 49.8 60.1 65.4 71.0 71.0 69.9 78.3 57.8 55.3 46.7 102.3 89.4 47.0 12.0 4.5 4.7 4.1 5.7 9.0 17.8 39.0 57.8 49.2 57.9 94.4 110.7 122.1 80.5 76.1 67.3 76.5 68.1 70.0 58.9 42.8 30.1 13.8 8.8 16.6 23.5 17.7 31.0 38.7 58.5 84.4 98.9 106.0 111.4
-9999.0 -9999.0 -9999.0 -9999.0 2.7 9.0 1.9 16.7 1.3 3.0 31.7 11.4 26.4 28.7 41.5 42.8 45.1 40.5 36.0 35.4 40.7 41.9 43.1 47.8 39.3 33.8 47.0 51.1 56.4 61.0 65.1 72.1 71.0 72.6 78.0 70.6 91.1 112.3 80.6 44.8 86.7 16.8 11.9 4.7 4.8 6.0 8.3 12.3 18.1 29.2 37.9 50.9 101.2 81.6 69.0 70.2 65.5 65.6 65.8 41.2 53.9 26.7 17.3 16.3 13.2 12.8 28.3 27.6 33.7 61.8 72.3 89.7 94.2 96.3 95.2
-9999.0 -9999.0 -9999.0 -9999.0 -9999.0 -9999.0 -9999.0 6.7 3.0 9.2 1.0 1.5 13.5 11.6 14.0 36.1 35.7 42.5 44.4 45.7 36.0 26.3 26.4 31.0 35.3 39.2 41.3 45.7 51.1 56.4 63.1 69.1 73.7 80.9 91.7 88.8 111.9 111.7 144.1 159.7 86.1 186.4 166.5 98.8 40.5 10.9 23.4 20.7 34.1 24.6 26.2 38.7 65.3 124.8 116.7 69.8 57.5 51.5 72.1 52.5 59.1 26.9 14.8 15.3 23.0 20.9 32.1 41.7 45.8 64.0 74.6 81.4 88.9 87.0 81.1
-9999.0 -9999.0 -9999.0 -9999.0 -9999.0 -9999.0 -9999.0 0.1 5.9 1.3 0.9 3.7 2.7 1.0 5.5 1.0 10.7 14.6 7.2 20.1 23.5 18.8 24.9 27.4 31.8 35.0 39.4 40.8 48.6 54.0 59.7 66.5 73.1 84.4 87.2 96.9 101.6 123.9 134.8 139.3 153.8 157.4 162.2 194.1 95.8 40.0 49.7 50.3 81.8 67.0 105.1 99.3 74.2 96.6 123.2 89.9 77.1 74.8 77.6 71.4 56.4 41.9 22.2 23.2 25.0 29.1 34.8 40.5 57.6 57.0 69.5 75.7 76.9 72.0 59.6
-9999.0 -9999.0 -9999.0 -9999.0 -9999.0 -9999.0 -9999.0 -9999.0 -9999.0 0.7 1.1 2.3 0.7 1.2 3.5 6.9 4.8 0.9 6.6 3.6 11.3 19.6 23.4 26.2 29.9 34.4 36.6 40.9 47.4 50.4 57.7 63.9 70.7 80.5 83.2 91.6 99.5 116.9 121.9 140.3 139.5 156.1 143.6 116.0 117.2 96.3 82.5 71.2 70.8 71.1 82.9 79.9 81.9 90.9 119.9 107.2 86.7 81.0 86.8 72.2 59.9 54.1 48.7 26.7 33.6 33.2 33.8 39.7 60.4 57.6 65.7 60.2 60.4 58.4 56.2
-9999.0 -9999.0 -9999.0 -9999.0 -9999.0 -9999.0 -9999.0 -9999.0 -9999.0 -9999.0 -9999.0 0.1 2.6 0.3 1.3 1.3 2.9 5.5 8.3 8.9 8.1 15.4 17.8 24.6 21.1 29.5 32.1 37.6 44.2 51.2 57.2 63.4 70.5 78.5 84.9 103.6 104.5 115.1 151.4 134.7 153.4 140.7 123.5 105.1 129.2 84.4 103.6 74.7 76.7 71.1 62.2 68.3 77.9 96.4 117.4 123.5 116.9 111.7 92.9 77.2 70.5 56.5 48.8 44.1 50.3 28.3 28.2 42.5 57.9 64.8 58.9 55.0 46.4 41.4 32.9
-9999.0 -9999.0 -9999.0 -9999.0 -9999.0 -9999.0 -9999.0 -9999.0 -9999.0 -9999.0 -9999.0 -9999.0 0.9 1.4 0.4 1.6 0.4 2.5 4.3 2.1 14.0 15.1 18.3 24.9 13.1 30.7 38.1 37.7 44.8 46.7 57.0 64.1 71.2 80.2 90.4 99.1 118.8 118.6 118.1 115.0 114.4 114.5 110.8 115.8 101.7 95.3 93.6 66.5 67.4 67.6 79.2 78.8 77.8 85.1 103.4 119.4 126.7 127.1 92.4 96.1 78.4 77.8 73.4 63.7 45.7 61.9 42.3 54.9 65.4 69.8 42.6 20.3 19.1 23.5 38.7
-9999.0 -9999.0 -9999.0 -9999.0 -9999.0 -9999.0 -9999.0 -9999.0 -9999.0 -9999.0 -9999.0 -9999.0 0.0 1.0 2.1 0.7 4.2 4.3 2.2 5.5 9.4 10.7 16.5 26.0 35.6 35.8 40.0 48.4 49.5 56.7 58.8 62.7 71.7 80.0 89.6 98.7 114.1 125.0 127.4 124.4 113.0 108.3 125.1 99.2 107.1 109.9 84.3 73.5 59.9 72.4 71.5 76.8 74.4 86.4 91.1 108.5 113.8 118.4 100.4 89.3 79.9 76.3 84.6 89.1 45.6 55.5 51.0 54.4 55.6 58.1 65.2 70.9 66.1 55.3 56.4
-9999.0 -9999.0 -9999.0 -9999.0 -9999.0 -9999.0 -9999.0 -9999.0 -9999.0 -9999.0 -9999.0 -9999.0 -9999.0 0.1 0.0 1.8 1.1 4.2 7.8 11.2 12.8 22.7 19.7 35.2 37.9 31.3 36.5 37.0 48.4 55.4 64.2 69.6 71.5 79.4 89.4 99.1 110.1 122.0 138.5 136.6 130.8 130.3 121.5 128.4 110.1 97.6 103.0 105.1 101.8 94.6 89.2 79.9 79.1 99.6 98.9 102.2 104.5 113.0 123.6 110.3 100.9 87.9 94.4 64.5 43.1 49.5 58.0 61.6 57.6 44.4 18.4 25.0 46.6 53.8 58.3
-9999.0 -9999.0 -9999.0 -9999.0 -9999.0 -9999.0 -9999.0 -9999.0 -9999.0 -9999.0 -9999.0 -9999.0 0.0 0.0 0.0 0.6 0.2 1.4 3.5 15.0 21.8 28.7 31.9 41.4 49.6 39.8 48.6 57.6 61.5 62.9 68.5 76.1 72.3 82.3 89.3 100.0 111.0 122.3 130.0 133.8 141.8 146.0 148.2 121.6 125.8 127.0 121.6 114.0 117.5 114.4 115.5 113.7 97.3 100.6 95.6 96.3 107.1 95.3 111.2 102.2 102.6 110.9 101.3 109.2 72.2 52.3 68.6 57.6 54.9 60.1 55.4 43.6 38.7 40.5 51.7
-9999.0 -9999.0 -9999.0 -9999.0 -9999.0 -9999.0 -9999.0 -9999.0 -9999.0 -9999.0 -9999.0 -9999.0 0.0 0.1 0.1 0.0 0.1 2.7 6.9 8.0 26.2 27.7 38.8 49.2 63.6 72.1 73.8 76.3 76.9 81.6 83.1 81.8 76.7 88.2 93.7 100.7 113.7 125.5 135.3 138.4 138.0 133.4 130.1 132.1 138.1 148.2 161.1 161.2 155.9 132.4 127.6 130.7 116.3 108.1 101.7 93.1 100.7 111.4 111.2 126.0 133.0 140.4 94.7 70.6 57.4 63.2 49.3 49.3 41.9 41.3 41.9 43.1 48.5 58.0 62.4
-9999.0 -9999.0 -9999.0 -9999.0 -9999.0 -9999.0 -9999.0 -9999.0 -9999.0 -9999.0 -9999.0 -9999.0 0.0 0.0 0.1 0.2 0.8 0.3 3.8 9.8 9.1 17.0 47.8 50.2 69.9 60.8 75.0 64.3 91.3 91.8 92.3 78.9 91.1 96.1 98.7 103.1 114.7 127.7 141.5 144.7 149.7 149.6 147.8 140.5 154.2 170.1 180.8 184.2 170.8 163.4 159.0 145.5 158.2 151.4 132.2 103.0 110.1 121.6 131.5 120.1 120.8 122.4 164.7 74.0 56.6 78.4 51.7 40.7 40.3 44.4 49.0 61.9 70.3 75.1 86.0
-9999.0 -9999.0 -9999.0 -9999.0 -9999.0 -9999.0 -9999.0 -9999.0 -9999.0 -9999.0 -9999.0 -9999.0 -9999.0 0.0 0.0 0.1 0.3 1.7 2.2 5.9 3.9 33.7 39.2 47.3 89.8 90.3 98.0 104.9 93.4 109.8 89.7 93.0 88.9 97.7 97.0 91.3 104.1 130.4 142.5 158.5 165.6 148.1 149.3 160.4 170.9 180.0 189.7 186.9 198.0 193.0 173.7 186.3 176.2 156.1 161.1 152.4 123.6 127.3 143.5 173.0 163.5 214.7 161.7 71.3 130.3 68.2 50.2 45.6 51.9 57.7 67.0 83.4 98.9 114.6 110.2
-9999.0 -9999.0 -9999.0 -9999.0 -9999.0 -9999.0 -9999.0 -9999.0 -9999.0 -9999.0 -9999.0 -9999.0 -9999.0 0.0 0.0 0.1 0.0 1.6 5.7 11.7 7.0 19.4 32.0 60.2 121.7 109.3 105.4 120.4 112.0 70.0 82.2 86.5 97.4 94.4 86.2 91.7 113.8 130.8 134.1 116.8 158.9 160.5 162.6 165.7 153.9 179.1 186.9 185.8 193.3 196.5 205.8 185.9 203.5 202.9 198.4 183.9 158.0 155.2 172.5 124.2 184.4 117.6 152.3 259.0 139.1 64.7 49.5 58.3 70.0 81.0 89.7 109.3 134.6 145.3 149.2
-9999.0 -9999.0 -9999.0 -9999.0 -9999.0 -9999.0 -9999.0 -9999.0 -9999.0 -9999.0 -9999.0 -9999.0 -9999.0 -9999.0 -9999.0 0.0 0.4 0.8 6.2 23.7 17.4 54.1 83.8 93.4 93.7 103.9 61.5 90.5 65.3 103.0 91.4 96.5 74.7 78.9 90.8 77.5 80.4 147.7 143.7 144.5 123.6 126.4 142.1 158.7 188.7 185.5 175.8 167.0 188.8 171.8 204.5 223.4 223.4 225.5 182.5 212.2 204.9 145.6 212.8 225.9 124.6 163.8 310.9 245.7 142.7 73.9 57.6 74.8 94.6 97.2 105.8 121.8 132.9 149.4 164.9
-9999.0 -9999.0 -9999.0 -9999.0 -9999.0 -9999.0 -9999.0 -9999.0 -9999.0 -9999.0 -9999.0 -9999.0 -9999.0 -9999.0 -9999.0 -9999.0 -9999.0 14.7 28.2 -9999.0 83.1 54.3 124.8 143.0 96.4 105.2 56.5 78.7 100.4 77.9 95.8 113.8 67.9 108.5 124.1 104.0 75.2 185.7 137.8 131.1 119.3 99.5 122.8 147.5 231.1 184.1 168.9 163.2 171.0 192.5 169.4 214.7 174.4 248.6 254.0 254.0 231.3 251.3 243.5 248.3 148.6 208.3 260.6 221.0 139.5 83.8 70.7 82.7 106.6 114.9 119.0 119.7 128.5 138.1 159.2
-9999.0 -9999.0 -9999.0 -9999.0 -9999.0 -9999.0 -9999.0 -9999.0 -9999.0 -9999.0 -9999.0 -9999.0 -9999.0 -9999.0 -9999.0 -9999.0 -9999.0 -9999.0 -9999.0 -9999.0 -9999.0 100.2 93.9 49.8 95.6 141.0 115.8 98.4 87.1 103.4 101.5 133.7 123.7 112.6 124.2 106.5 125.6 146.1 173.8 222.2 211.4 77.3 81.9 105.4 228.5 146.7 174.1 157.1 159.7 138.8 200.4 224.8 247.6 237.4 268.0 285.5 289.0 270.7 298.4 259.5 183.6 192.5 204.8 179.8 145.6 109.4 97.9 103.3 128.1 137.5 133.8 120.5 120.5 122.9 138.3
-9999.0 -9999.0 -9999.0 -9999.0 -9999.0 -9999.0 -9999.0 -9999.0 -9999.0 -9999.0 -9999.0 -9999.0 -9999.0 -9999.0 -9999.0 -9999.0 -9999.0 -9999.0 -9999.0 -9999.0 -9999.0 -9999.0 -9999.0 191.4 122.6 112.3 91.5 72.2 52.9 76.4 80.9 83.7 56.1 81.7 72.5 82.6 75.8 115.6 78.7 62.0 60.4 48.1 78.1 130.1 210.4 199.1 171.6 154.8 152.2 150.8 177.2 219.2 216.4 253.5 268.8 266.1 310.0 315.0 232.8 281.5 211.6 207.2 189.0 154.9 137.5 134.3 131.8 131.5 125.1 146.9 125.9 119.0 115.8 124.9 144.6
-9999.0 -9999.0 -9999.0 -9999.0 -9999.0 -9999.0 -9999.0 -9999.0 -9999.0 -9999.0 -9999.0 -9999.0 -9999.0 -9999.0 -9999.0 -9999.0 -9999.0 -9999.0 -9999.0 -9999.0 -9999.0 -9999.0 -9999.0 -9999.0 -9999.0 128.7 82.5 18.0 25.4 16.7 45.0 80.9 94.3 81.5 99.6 65.2 36.4 83.2 48.6 58.8 30.2 46.7 223.0 194.1 227.0 195.0 182.8 157.0 144.4 159.7 181.7 208.4 238.5 265.5 279.1 303.9 324.2 312.1 316.6 289.4 247.2 214.7 271.4 149.2 142.8 146.7 141.4 124.8 125.6 126.4 128.2 116.1 120.0 125.0 154.5
-9999.0 -9999.0 -9999.0 -9999.0 -9999.0 -9999.0 -9999.0 -9999.0 -9999.0 -9999.0 -9999.0 -9999.0 -9999.0 -9999.0 -9999.0 -9999.0 -9999.0 -9999.0 -9999.0 -9999.0 -9999.0 -9999.0 -9999.0 -9999.0 -9999.0 -9999.0 -9999.0 87.1 87.9 54.0 65.6 82.5 41.5 119.8 80.8 183.9 97.8 94.9 145.9 65.6 32.0 86.5 206.8 226.5 210.3 189.0 167.5 157.2 153.7 168.4 175.2 195.6 236.3 269.4 302.8 325.2 341.4 328.1 316.0 268.6 218.3 217.9 149.1 138.5 148.9 137.5 145.9 150.4 149.7 145.1 132.1 110.2 120.0 123.2 158.6
-9999.0 -9999.0 -9999.0 -9999.0 -9999.0 -9999.0 -9999.0 -9999.0 -9999.0 -9999.0 -9999.0 -9999.0 -9999.0 -9999.0 -9999.0 -9999.0 -9999.0 -9999.0 -9999.0 -9999.0 -9999.0 -9999.0 -9999.0 -9999.0 -9999.0 -9999.0 -9999.0 -9999.0 -9999.0 -9999.0 -9999.0 -9999.0 -9999.0 128.9 90.0 -9999.0 -9999.0 -9999.0 184.2 94.6 147.6 184.9 159.0 204.6 187.2 177.9 -9999.0 -9999.0 -9999.0 -9999.0 -9999.0 -9999.0 251.6 275.6 323.4 354.0 363.0 350.2 311.1 267.1 231.3 218.5 158.3 140.4 132.8 141.7 157.9 164.2 155.8 150.6 140.8 116.0 110.6 125.8 151.2
-9999.0 -9999.0 -9999.0 -9999.0 -9999.0 -9999.0 -9999.0 -9999.0 -9999.0 -9999.0 -9999.0 -9999.0 -9999.0 -9999.0 -9999.0 -9999.0 -9999.0 -9999.0 -9999.0 -9999.0 -9999.0 -9999.0 -9999.0 -9999.0 -9999.0 -9999.0 -9999.0 -9999.0 -9999.0 -9999.0 -9999.0 -9999.0 -9999.0 -9999.0 -9999.0 -9999.0 -9999.0 -9999.0 -9999.0 181.6 186.8 187.3 185.3 182.0 -9999.0 -9999.0 -9999.0 -9999.0 -9999.0 -9999.0 -9999.0 -9999.0 263.7 276.0 321.8 349.5 355.6 335.9 298.6 257.2 220.0 211.5 193.4 138.8 149.5 157.4 170.2 168.0 156.1 140.6 133.5 135.0 137.8 138.1 161.4
-9999.0 -9999.0 -9999.0 -9999.0 -9999.0 -9999.0 -9999.0 -9999.0 -9999.0 -9999.0 -9999.0 -9999.0 -9999.0 -9999.0 -9999.0 -9999.0 -9999.0 -9999.0 -9999.0 -9999.0 -9999.0 -9999.0 -9999.0 -9999.0 -9999.0 -9999.0 -9999.0 -9999.0 -9999.0 -9999.0 -9999.0 -9999.0 -9999.0 -9999.0 -9999.0 -9999.0 -9999.0 -9999.0 -9999.0 -9999.0 -9999.0 -9999.0 -9999.0 -9999.0 -9999.0 -9999.0 -9999.0 -9999.0 -9999.0 -9999.0 -9999.0 -9999.0 221.7 276.4 314.1 325.2 322.4 298.8 268.7 245.7 203.6 189.2 245.4 153.7 151.3 143.6 154.3 164.2 156.7 150.5 158.4 170.2 169.1 174.9 182.3
-9999.0 -9999.0 -9999.0 -9999.0 -9999.0 -9999.0 -9999.0 -9999.0 -9999.0 -9999.0 -9999.0 -9999.0 -9999.0 -9999.0 -9999.0 -9999.0 -9999.0 -9999.0 -9999.0 -9999.0 -9999.0 -9999.0 -9999.0 -9999.0 -9999.0 -9999.0 -9999.0 -9999.0 -9999.0 -9999.0 -9999.0 -9999.0 -9999.0 -9999.0 -9999.0 -9999.0 -9999.0 -9999.0 -9999.0 -9999.0 -9999.0 -9999.0 -9999.0 -9999.0 -9999.0 -9999.0 -9999.0 -9999.0 -9999.0 -9999.0 -9999.0 234.5 271.5 284.7 283.4 296.2 281.7 271.8 237.3 168.6 232.3 217.8 163.0 163.0 150.3 139.1 146.8 160.4 170.9 180.5 197.7 207.4 206.8 200.6 201.0
-9999.0 -9999.0 -9999.0 -9999.0 -9999.0 -9999.0 -9999.0 -9999.0 -9999.0 -9999.0 -9999.0 -9999.0 -9999.0 -9999.0 -9999.0 -9999.0 -9999.0 -9999.0 -9999.0 -9999.0 -9999.0 -9999.0 -9999.0 -9999.0 -9999.0 -9999.0 -9999.0 -9999.0 -9999.0 -9999.0 -9999.0 -9999.0 -9999.0 -9999.0 -9999.0 -9999.0 -9999.0 -9999.0 -9999.0 -9999.0 -9999.0 -9999.0 -9999.0 -9999.0 -9999.0 -9999.0 -9999.0 -9999.0 -9999.0 -9999.0 209.0 270.4 285.5 290.9 285.0 281.1 254.5 220.9 207.7 212.7 189.8 210.7 180.2 183.3 163.7 146.5 156.7 174.6 198.1 207.9 221.5 212.7 213.5 228.1 240.4
-9999.0 -9999.0 -9999.0 -9999.0 -9999.0 -9999.0 -9999.0 -9999.0 -9999.0 -9999.0 -9999.0 -9999.0 -9999.0 -9999.0 -9999.0 -9999.0 -9999.0 -9999.0 -9999.0 -9999.0 -9999.0 -9999.0 -9999.0 -9999.0 -9999.0 -9999.0 -9999.0 -9999.0 -9999.0 -9999.0 -9999.0 -9999.0 -9999.0 -9999.0 -9999.0 -9999.0 -9999.0 -9999.0 -9999.0 -9999.0 -9999.0 -9999.0 -9999.0 -9999.0 -9999.0 -9999.0 -9999.0 -9999.0 -9999.0 -9999.0 228.8 290.6 293.8 306.4 299.2 286.2 260.7 244.1 220.5 188.1 161.3 170.7 163.9 178.6 176.4 141.0 166.1 189.6 228.3 231.7 239.7 239.3 237.2 236.9 249.0
-9999.0 -9999.0 -9999.0 -9999.0 -9999.0 -9999.0 -9999.0 -9999.0 -9999.0 -9999.0 -9999.0 -9999.0 -9999.0 -9999.0 -9999.0 -9999.0 -9999.0 -9999.0 -9999.0 -9999.0 -9999.0 -9999.0 -9999.0 -9999.0 -9999.0 -9999.0 -9999.0 -9999.0 -9999.0 -9999.0 -9999.0 -9999.0 -9999.0 -9999.0 -9999.0 -9999.0 -9999.0 -9999.0 -9999.0 -9999.0 -9999.0 -9999.0 -9999.0 -9999.0 -9999.0 -9999.0 -9999.0 -9999.0 -9999.0 -9999.0 236.7 298.5 304.8 328.2 333.0 319.7 285.3 266.9 236.1 180.4 168.4 171.6 173.7 163.6 176.3 175.9 186.0 218.4 250.8 294.8 275.5 312.7 263.9 281.9 267.5
-9999.0 -9999.0 -9999.0 -9999.0 -9999.0 -9999.0 -9999.0 -9999.0 -9999.0 -9999.0 -9999.0 -9999.0 -9999.0 -9999.0 -9999.0 -9999.0 -9999.0 -9999.0 -9999.0 -9999.0 -9999.0 -9999.0 -9999.0 -9999.0 -9999.0 -9999.0 -9999.0 -9999.0 -9999.0 -9999.0 -9999.0 -9999.0 -9999.0 -9999.0 -9999.0 -9999.0 -9999.0 -9999.0 -9999.0 -9999.0 -9999.0 -9999.0 -9999.0 -9999.0 -9999.0 -9999.0 -9999.0 -9999.0 -9999.0 -9999.0 300.3 342.2 361.3 376.4 370.3 339.3 334.5 299.0 267.6 210.8 195.7 181.3 154.9 177.9 190.4 203.9 239.1 272.7 317.7 259.2 303.4 305.6 309.7 309.9 289.2
-9999.0 -9999.0 -9999.0 -9999.0 -9999.0 -9999.0 -9999.0 -9999.0 -9999.0 -9999.0 -9999.0 -9999.0 -9999.0 -9999.0 -9999.0 -9999.0 -9999.0 -9999.0 -9999.0 -9999.0 -9999.0 -9999.0 -9999.0 -9999.0 -9999.0 -9999.0 -9999.0 -9999.0 -9999.0 -9999.0 -9999.0 -9999.0 -9999.0 -9999.0 -9999.0 -9999.0 -9999.0 -9999.0 -9999.0 -9999.0 -9999.0 -9999.0 -9999.0 -9999.0 -9999.0 -9999.0 -9999.0 -9999.0 -9999.0 -9999.0 -9999.0 -9999.0 -9999.0 401.3 400.1 374.4 341.8 316.2 282.8 262.7 281.3 213.2 260.9 230.9 218.4 223.2 265.8 272.7 318.4 320.7 300.6 289.3 292.0 309.7 347.3
-9999.0 -9999.0 -9999.0 -9999.0 -9999.0 -9999.0 -9999.0 -9999.0 -9999.0 -9999.0 -9999.0 -9999.0 -9999.0 -9999.0 -9999.0 -9999.0 -9999.0 -9999.0 -9999.0 -9999.0 -9999.0 -9999.0 -9999.0 -9999.0 -9999.0 -9999.0 -9999.0 -9999.0 -9999.0 -9999.0 -9999.0 -9999.0 -9999.0 -9999.0 -9999.0 -9999.0 -9999.0 -9999.0 -9999.0 -9999.0 -9999.0 -9999.0 -9999.0 -9999.0 -9999.0 -9999.0 -9999.0 -9999.0 -9999.0 -9999.0 -9999.0 -9999.0 -9999.0 411.1 393.5 376.4 330.6 302.4 324.5 370.1 362.1 317.6 380.7 278.1 254.3 243.6 206.6 297.5 257.8 262.9 250.8 257.9 291.3 350.5 423.6
-9999.0 -9999.0 -9999.0 -9999.0 -9999.0 -9999.0 -9999.0 -9999.0 -9999.0 -9999.0 -9999.0 -9999.0 -9999.0 -9999.0 -9999.0 -9999.0 -9999.0 -9999.0 -9999.0 -9999.0 -9999.0 -9999.0 -9999.0 -9999.0 -9999.0 -9999.0 -9999.0 -9999.0 -9999.0 -9999.0 -9999.0 -9999.0 -9999.0 -9999.0 -9999.0 -9999.0 -9999.0 -9999.0 -9999.0 -9999.0 -9999.0 -9999.0 -9999.0 -9999.0 -9999.0 -9999.0 -9999.0 -9999.0 -9999.0 -9999.0 -9999.0 -9999.0 -9999.0 409.4 362.8 369.4 334.3 322.4 380.3 451.5 518.3 516.0 520.4 460.5 267.2 -9999.0 -9999.0 -9999.0 252.6 214.6 226.5 266.1 325.4 410.5 502.9
-9999.0 -9999.0 -9999.0 -9999.0 -9999.0 -9999.0 -9999.0 -9999.0 -9999.0 -9999.0 -9999.0 -9999.0 -9999.0 -9999.0 -9999.0 -9999.0 -9999.0 -9999.0 -9999.0 -9999.0 -9999.0 -9999.0 -9999.0 -9999.0 -9999.0 -9999.0 -9999.0 -9999.0 -9999.0 -9999.0 -9999.0 -9999.0 -9999.0 -9999.0 -9999.0 -9999.0 -9999.0 -9999.0 -9999.0 -9999.0 -9999.0 -9999.0 -9999.0 -9999.0 -9999.0 -9999.0 -9999.0 -9999.0 -9999.0 -9999.0 -9999.0 -9999.0 -9999.0 -9999.0 396.4 374.8 338.8 358.5 476.1 590.6 587.9 -9999.0 -9999.0 -9999.0 -9999.0 -9999.0 -9999.0 -9999.0 203.7 214.4 256.4 264.1 339.7 451.7 530.8
-9999.0 -9999.0 -9999.0 -9999.0 -9999.0 -9999.0 -9999.0 -9999.0 -9999.0 -9999.0 -9999.0 -9999.0 -9999.0 -9999.0 -9999.0 -9999.0 -9999.0 -9999.0 -9999.0 -9999.0 -9999.0 -9999.0 -9999.0 -9999.0 -9999.0 -9999.0 -9999.0 -9999.0 -9999.0 -9999.0 -9999.0 -9999.0 -9999.0 -9999.0 -9999.0 -9999.0 -9999.0 -9999.0 -9999.0 -9999.0 -9999.0 -9999.0 -9999.0 -9999.0 -9999.0 -9999.0 -9999.0 -9999.0 -9999.0 -9999.0 -9999.0 -9999.0 -9999.0 -9999.0 -9999.0 406.7 457.0 479.5 569.1 700.2 747.4 -9999.0 -9999.0 -9999.0 -9999.0 -9999.0 -9999.0 -9999.0 -9999.0 -9999.0 222.0 -9999.0 -9999.0 -9999.0 -9999.0
