program/excelProcessViaJava/data/SURF_CLI_CHN_PRE_MON_GRID_0.5-200609.txt
NCOLS      128
NROWS       72
XLLCORNER    72.000000000000    
YLLCORNER    18.000000000000    
CELLSIZE    0.50000000000000    
NODATA_VALUE   -9999.000    
[rows 34 to 67 of 72, columns 0 to 75 of 128]
-9999.0 -9999.0 -9999.0 -9999.0 0.0 0.2 0.3 1.4 1.4 3.9 8.4 11.7 14.7 16.6 5.4 5.1 5.1 1.9 0.9 0.9 1.6 2.1 3.2 9.8 21.7 27.9 24.7 27.3 28.3 30.3 31.4 35.6 32.0 30.9 30.6 25.0 27.1 28.1 17.0 8.9 13.6 3.6 2.7 1.7 1.7 1.9 2.4 3.2 4.0 5.4 6.8 10.7 30.3 28.9 34.3 47.8 63.9 83.1 99.1 88.1 89.5 57.7 43.9 39.9 30.7 27.2 43.2 42.7 46.5 55.8 43.9 45.5 49.4 60.5 79.7 100.4
-9999.0 -9999.0 -9999.0 -9999.0 -9999.0 -9999.0 -9999.0 0.6 0.9 2.9 2.8 5.1 9.6 11.5 13.3 4.9 10.7 5.6 4.4 7.5 13.4 17.0 18.4 19.1 20.2 21.9 25.4 28.4 31.3 35.6 37.5 38.5 38.1 38.5 38.7 32.2 33.8 27.6 30.2 29.0 13.6 31.6 29.2 19.4 11.1 5.9 10.4 10.5 14.8 11.3 11.4 15.6 26.0 54.4 53.5 50.4 64.7 80.4 86.5 91.1 77.5 70.8 58.6 54.6 56.1 45.7 56.3 68.7 70.9 74.3 62.2 59.1 67.5 75.3 85.6 104.9
-9999.0 -9999.0 -9999.0 -9999.0 -9999.0 -9999.0 -9999.0 0.0 0.7 0.8 1.3 3.5 4.6 5.0 8.1 7.3 10.5 11.3 11.8 12.3 12.8 14.5 15.4 17.1 18.9 21.5 24.4 29.0 31.4 34.3 39.2 41.6 42.4 44.6 40.2 37.7 32.4 31.6 27.8 24.0 24.6 25.9 30.6 44.8 29.7 21.1 28.5 31.9 45.5 39.2 55.2 50.9 37.7 45.9 58.0 55.0 66.4 75.6 75.4 70.7 68.0 77.0 85.3 79.6 65.9 60.6 64.4 73.0 96.8 81.4 79.6 78.8 83.5 84.7 76.4 100.9
-9999.0 -9999.0 -9999.0 -9999.0 -9999.0 -9999.0 -9999.0 -9999.0 -9999.0 0.4 0.8 1.7 1.7 3.0 4.7 6.1 6.5 5.5 8.1 8.2 10.1 11.5 13.1 15.1 17.6 20.5 24.3 28.4 32.3 37.6 40.1 43.8 45.7 47.2 43.3 40.1 35.3 32.3 26.4 25.1 22.6 27.1 30.2 33.0 43.0 47.9 52.3 53.7 54.8 53.3 55.4 50.6 47.5 47.1 56.6 55.7 64.6 70.8 68.4 63.4 57.6 56.2 61.7 78.3 71.6 64.0 62.3 69.3 100.9 97.8 102.3 91.2 90.3 91.4 96.2 87.8
-9999.0 -9999.0 -9999.0 -9999.0 -9999.0 -9999.0 -9999.0 -9999.0 -9999.0 -9999.0 -9999.0 0.4 1.6 1.0 2.2 2.7 3.8 4.8 5.8 6.5 7.2 9.2 10.9 13.5 15.6 19.6 23.5 28.2 33.5 38.9 43.8 48.0 50.6 51.7 49.9 50.0 42.2 36.5 38.7 26.7 27.6 26.6 30.2 36.7 54.0 55.3 70.2 67.0 67.2 61.0 51.6 48.9 47.6 49.8 55.1 55.6 60.8 67.4 68.8 64.0 58.3 53.1 56.4 65.6 68.9 57.0 52.6 72.4 100.8 123.2 125.1 117.2 100.3 91.7 90.6 110.1
-9999.0 -9999.0 -9999.0 -9999.0 -9999.0 -9999.0 -9999.0 -9999.0 -9999.0 -9999.0 -9999.0 -9999.0 0.7 1.1 0.8 1.7 1.1 2.6 3.3 3.1 6.1 7.3 9.1 12.1 11.4 18.5 23.7 27.3 33.6 37.8 45.7 51.3 55.3 57.3 57.8 55.5 53.9 44.7 35.5 27.8 24.2 26.1 32.6 44.6 55.1 66.7 75.9 72.7 69.6 62.1 58.7 51.7 45.2 42.9 46.8 53.5 61.7 72.7 74.7 76.7 66.9 63.8 62.3 64.0 68.7 85.0 72.1 97.1 129.3 156.4 152.4 122.8 108.9 109.4 132.5 158.4
-9999.0 -9999.0 -9999.0 -9999.0 -9999.0 -9999.0 -9999.0 -9999.0 -9999.0 -9999.0 -9999.0 -9999.0 0.1 0.7 1.2 0.8 1.9 2.0 1.6 2.7 3.9 4.7 6.9 10.6 15.2 18.0 22.5 29.6 34.1 42.1 46.7 50.9 58.1 62.2 63.4 62.9 60.4 55.6 47.1 38.2 31.4 31.8 41.4 47.8 61.9 74.6 78.7 78.2 68.4 62.3 52.1 46.6 40.3 41.5 41.5 50.8 59.6 75.5 86.3 88.4 80.4 74.2 78.1 87.4 79.9 94.9 79.0 112.9 160.4 197.0 206.7 205.1 195.8 178.0 175.5 178.2
-9999.0 -9999.0 -9999.0 -9999.0 -9999.0 -9999.0 -9999.0 -9999.0 -9999.0 -9999.0 -9999.0 -9999.0 -9999.0 0.2 0.2 1.0 0.7 1.4 2.1 2.8 3.2 5.6 5.7 10.8 13.5 13.2 17.4 20.1 29.1 37.3 48.0 56.0 57.6 62.6 69.4 69.6 68.1 64.3 59.2 51.4 44.6 44.3 47.7 57.8 66.4 75.5 82.9 83.9 77.9 66.7 55.3 44.9 40.3 49.7 48.9 53.3 61.6 81.0 103.3 110.6 107.0 98.0 102.6 97.6 84.8 106.7 131.9 155.6 204.4 234.5 217.7 214.2 200.4 180.6 169.5 163.4
-9999.0 -9999.0 -9999.0 -9999.0 -9999.0 -9999.0 -9999.0 -9999.0 -9999.0 -9999.0 -9999.0 -9999.0 0.1 0.0 0.1 0.5 0.2 0.6 0.8 2.7 3.8 5.2 6.3 9.6 13.6 11.7 17.0 23.9 29.8 35.3 44.8 57.2 55.2 66.0 68.4 72.6 70.4 72.4 67.2 59.2 54.5 54.3 57.6 61.0 69.8 78.1 83.5 83.6 79.2 70.7 63.2 58.2 48.3 50.4 50.0 55.9 73.6 77.0 107.3 119.2 125.9 131.8 131.5 144.3 138.2 140.3 120.1 166.4 235.0 258.7 255.7 227.2 176.1 131.6 116.8 116.6
-9999.0 -9999.0 -9999.0 -9999.0 -9999.0 -9999.0 -9999.0 -9999.0 -9999.0 -9999.0 -9999.0 -9999.0 0.0 0.2 0.2 0.0 0.1 0.7 1.1 0.9 3.4 3.1 5.1 7.8 12.8 17.4 20.1 24.3 28.8 37.9 46.8 53.4 53.2 68.8 71.6 70.6 74.0 73.2 70.4 64.2 58.3 57.2 59.7 64.6 70.9 76.9 81.4 83.7 82.6 77.4 70.0 65.5 59.8 57.6 57.0 57.5 74.8 97.2 114.3 140.5 156.0 167.6 151.8 138.9 142.0 123.6 180.4 175.9 190.7 219.1 224.1 196.0 153.9 126.3 116.1 97.8
-9999.0 -9999.0 -9999.0 -9999.0 -9999.0 -9999.0 -9999.0 -9999.0 -9999.0 -9999.0 -9999.0 -9999.0 0.1 0.0 0.3 0.2 0.4 0.1 0.5 0.7 0.5 0.7 3.9 4.1 8.3 6.7 11.6 10.1 24.6 31.2 40.1 38.1 58.4 68.8 69.4 65.7 66.0 66.2 66.3 60.6 59.8 64.0 60.4 72.5 71.0 73.1 77.1 80.6 84.1 83.5 79.7 76.3 81.5 85.1 79.3 63.8 82.5 106.9 131.1 143.6 162.9 176.3 205.6 151.1 97.0 99.5 151.8 181.8 191.9 178.9 181.4 190.4 158.5 138.3 162.9 122.1
-9999.0 -9999.0 -9999.0 -9999.0 -9999.0 -9999.0 -9999.0 -9999.0 -9999.0 -9999.0 -9999.0 -9999.0 -9999.0 0.0 0.0 0.2 0.2 0.4 0.2 0.3 0.1 1.1 1.1 1.4 7.1 7.7 10.7 15.3 14.1 27.8 23.7 35.3 42.1 57.9 56.7 45.7 48.5 56.9 56.5 59.0 60.6 54.5 56.7 63.1 71.9 71.7 72.3 77.4 79.8 82.8 83.0 86.3 87.3 85.4 96.8 102.9 85.4 103.5 136.2 174.0 185.6 224.4 214.6 113.8 55.4 91.6 135.7 163.4 158.2 170.3 170.0 175.4 175.7 163.5 157.1 166.5
-9999.0 -9999.0 -9999.0 -9999.0 -9999.0 -9999.0 -9999.0 -9999.0 -9999.0 -9999.0 -9999.0 -9999.0 -9999.0 0.5 0.0 0.1 0.0 0.5 0.6 0.5 0.1 0.3 0.4 1.2 8.8 6.7 6.7 12.6 12.4 4.0 9.9 17.7 34.2 40.4 35.6 37.5 45.9 48.1 45.8 40.6 53.7 56.3 59.4 62.0 58.9 65.9 67.6 71.5 73.7 76.9 83.4 82.4 95.3 105.9 116.1 117.6 107.2 118.9 149.2 132.7 191.3 164.0 117.3 58.5 64.7 101.9 144.1 153.3 151.8 143.6 155.7 175.8 185.1 186.1 192.4 196.5
-9999.0 -9999.0 -9999.0 -9999.0 -9999.0 -9999.0 -9999.0 -9999.0 -9999.0 -9999.0 -9999.0 -9999.0 -9999.0 -9999.0 -9999.0 0.1 0.4 0.2 0.7 1.9 0.4 1.6 3.2 3.1 2.6 3.7 0.6 2.5 0.8 6.3 5.9 12.1 10.3 17.7 29.0 22.5 24.2 48.9 44.4 45.6 42.1 45.5 52.4 59.1 73.2 78.1 64.6 70.9 67.6 63.0 73.9 94.7 97.1 107.1 92.9 119.8 128.2 100.7 160.5 183.6 137.8 139.9 102.1 88.9 94.4 128.9 156.3 145.8 133.2 140.9 147.3 157.2 165.3 164.1 163.4 174.8
-9999.0 -9999.0 -9999.0 -9999.0 -9999.0 -9999.0 -9999.0 -9999.0 -9999.0 -9999.0 -9999.0 -9999.0 -9999.0 -9999.0 -9999.0 -9999.0 -9999.0 48.3 19.0 -9999.0 16.5 2.0 10.6 11.6 3.2 4.3 0.5 1.2 4.0 1.0 3.4 11.7 4.1 26.6 45.2 30.3 19.2 59.0 40.5 41.1 41.5 39.5 48.7 57.9 107.1 82.5 132.8 63.0 64.1 67.2 66.2 80.6 81.9 107.6 115.2 120.9 111.2 141.5 152.9 174.3 121.5 133.7 113.7 108.6 130.0 159.3 163.3 142.3 116.0 114.1 113.5 134.7 134.2 110.7 112.7 132.2
-9999.0 -9999.0 -9999.0 -9999.0 -9999.0 -9999.0 -9999.0 -9999.0 -9999.0 -9999.0 -9999.0 -9999.0 -9999.0 -9999.0 -9999.0 -9999.0 -9999.0 -9999.0 -9999.0 -9999.0 -9999.0 15.9 8.4 1.1 6.2 23.2 16.6 10.3 4.4 7.5 4.3 22.7 22.4 24.1 38.5 27.5 36.1 42.0 48.9 65.0 67.8 36.3 40.8 49.9 107.4 66.6 155.9 76.1 67.8 85.1 75.4 96.8 105.2 90.4 96.9 109.7 114.5 110.2 153.2 156.2 134.7 155.5 128.8 137.7 153.9 166.2 148.7 117.5 87.0 82.7 91.2 103.0 96.4 72.0 66.2 73.7
-9999.0 -9999.0 -9999.0 -9999.0 -9999.0 -9999.0 -9999.0 -9999.0 -9999.0 -9999.0 -9999.0 -9999.0 -9999.0 -9999.0 -9999.0 -9999.0 -9999.0 -9999.0 -9999.0 -9999.0 -9999.0 -9999.0 -9999.0 106.9 31.3 34.1 28.6 15.3 2.1 6.8 3.7 4.2 2.0 10.5 11.8 19.0 20.3 35.0 27.8 27.4 31.7 32.1 45.7 65.7 108.4 168.9 112.4 95.8 104.1 103.6 83.7 94.3 88.8 91.2 74.3 51.0 83.8 108.2 106.4 138.6 170.3 189.9 188.0 164.0 166.9 160.6 125.6 93.4 79.2 69.1 81.4 83.6 80.2 77.8 64.8 66.2
-9999.0 -9999.0 -9999.0 -9999.0 -9999.0 -9999.0 -9999.0 -9999.0 -9999.0 -9999.0 -9999.0 -9999.0 -9999.0 -9999.0 -9999.0 -9999.0 -9999.0 -9999.0 -9999.0 -9999.0 -9999.0 -9999.0 -9999.0 -9999.0 -9999.0 252.5 103.3 1.0 1.5 0.3 2.4 15.4 24.0 18.7 33.3 19.8 14.1 33.0 25.5 32.9 27.9 39.4 112.9 106.2 159.2 166.7 149.5 153.4 84.9 104.7 91.5 95.9 99.2 92.1 58.4 50.2 65.5 71.8 99.7 118.2 146.3 171.1 168.2 167.4 159.8 147.0 116.8 98.8 85.8 79.3 72.6 76.4 74.7 86.5 85.9 70.1
-9999.0 -9999.0 -9999.0 -9999.0 -9999.0 -9999.0 -9999.0 -9999.0 -9999.0 -9999.0 -9999.0 -9999.0 -9999.0 -9999.0 -9999.0 -9999.0 -9999.0 -9999.0 -9999.0 -9999.0 -9999.0 -9999.0 -9999.0 -9999.0 -9999.0 -9999.0 -9999.0 349.4 328.7 104.3 79.3 75.2 11.6 99.1 42.8 168.0 56.5 55.4 84.2 48.7 38.8 68.3 130.6 167.2 165.6 161.8 151.5 142.0 135.4 130.9 134.8 128.8 93.8 77.1 61.6 58.9 59.7 74.4 85.3 107.8 162.5 144.0 175.8 148.0 113.2 111.8 115.6 98.5 85.8 76.8 71.0 74.8 75.4 86.1 66.2 52.0
-9999.0 -9999.0 -9999.0 -9999.0 -9999.0 -9999.0 -9999.0 -9999.0 -9999.0 -9999.0 -9999.0 -9999.0 -9999.0 -9999.0 -9999.0 -9999.0 -9999.0 -9999.0 -9999.0 -9999.0 -9999.0 -9999.0 -9999.0 -9999.0 -9999.0 -9999.0 -9999.0 -9999.0 -9999.0 -9999.0 -9999.0 -9999.0 -9999.0 236.2 95.8 -9999.0 -9999.0 -9999.0 163.4 87.9 120.7 145.5 128.5 175.0 167.3 155.2 -9999.0 -9999.0 -9999.0 -9999.0 -9999.0 -9999.0 105.2 86.3 71.8 72.4 76.9 93.8 95.4 120.8 139.7 129.4 149.5 127.1 108.9 99.6 106.0 109.8 94.4 76.9 68.4 68.4 78.2 68.0 71.3 41.1
-9999.0 -9999.0 -9999.0 -9999.0 -9999.0 -9999.0 -9999.0 -9999.0 -9999.0 -9999.0 -9999.0 -9999.0 -9999.0 -9999.0 -9999.0 -9999.0 -9999.0 -9999.0 -9999.0 -9999.0 -9999.0 -9999.0 -9999.0 -9999.0 -9999.0 -9999.0 -9999.0 -9999.0 -9999.0 -9999.0 -9999.0 -9999.0 -9999.0 -9999.0 -9999.0 -9999.0 -9999.0 -9999.0 -9999.0 254.0 231.3 213.7 197.4 181.4 -9999.0 -9999.0 -9999.0 -9999.0 -9999.0 -9999.0 -9999.0 -9999.0 113.4 99.0 84.6 87.8 95.6 96.9 102.3 122.3 147.1 133.8 115.3 115.5 94.7 91.7 95.8 97.8 85.2 73.0 64.8 67.0 65.8 66.8 40.5 40.9
-9999.0 -9999.0 -9999.0 -9999.0 -9999.0 -9999.0 -9999.0 -9999.0 -9999.0 -9999.0 -9999.0 -9999.0 -9999.0 -9999.0 -9999.0 -9999.0 -9999.0 -9999.0 -9999.0 -9999.0 -9999.0 -9999.0 -9999.0 -9999.0 -9999.0 -9999.0 -9999.0 -9999.0 -9999.0 -9999.0 -9999.0 -9999.0 -9999.0 -9999.0 -9999.0 -9999.0 -9999.0 -9999.0 -9999.0 -9999.0 -9999.0 -9999.0 -9999.0 -9999.0 -9999.0 -9999.0 -9999.0 -9999.0 -9999.0 -9999.0 -9999.0 -9999.0 83.3 118.9 105.7 102.7 97.2 89.8 92.0 112.1 131.2 132.9 86.0 96.5 86.1 83.6 77.0 72.6 69.2 66.6 67.6 69.6 72.0 57.0 46.4 34.3
-9999.0 -9999.0 -9999.0 -9999.0 -9999.0 -9999.0 -9999.0 -9999.0 -9999.0 -9999.0 -9999.0 -9999.0 -9999.0 -9999.0 -9999.0 -9999.0 -9999.0 -9999.0 -9999.0 -9999.0 -9999.0 -9999.0 -9999.0 -9999.0 -9999.0 -9999.0 -9999.0 -9999.0 -9999.0 -9999.0 -9999.0 -9999.0 -9999.0 -9999.0 -9999.0 -9999.0 -9999.0 -9999.0 -9999.0 -9999.0 -9999.0 -9999.0 -9999.0 -9999.0 -9999.0 -9999.0 -9999.0 -9999.0 -9999.0 -9999.0 -9999.0 85.1 129.7 145.2 113.9 114.6 97.7 98.6 87.6 66.6 109.7 103.2 96.9 80.9 74.8 66.4 54.0 54.6 53.7 60.6 67.4 66.0 55.2 45.7 41.2 34.3
-9999.0 -9999.0 -9999.0 -9999.0 -9999.0 -9999.0 -9999.0 -9999.0 -9999.0 -9999.0 -9999.0 -9999.0 -9999.0 -9999.0 -9999.0 -9999.0 -9999.0 -9999.0 -9999.0 -9999.0 -9999.0 -9999.0 -9999.0 -9999.0 -9999.0 -9999.0 -9999.0 -9999.0 -9999.0 -9999.0 -9999.0 -9999.0 -9999.0 -9999.0 -9999.0 -9999.0 -9999.0 -9999.0 -9999.0 -9999.0 -9999.0 -9999.0 -9999.0 -9999.0 -9999.0 -9999.0 -9999.0 -9999.0 -9999.0 -9999.0 57.4 129.0 160.0 168.9 139.5 133.8 93.0 65.3 81.1 100.1 98.0 88.0 78.4 71.1 69.0 57.0 42.5 40.4 43.5 52.7 59.6 55.5 54.0 53.8 48.3 40.6
-9999.0 -9999.0 -9999.0 -9999.0 -9999.0 -9999.0 -9999.0 -9999.0 -9999.0 -9999.0 -9999.0 -9999.0 -9999.0 -9999.0 -9999.0 -9999.0 -9999.0 -9999.0 -9999.0 -9999.0 -9999.0 -9999.0 -9999.0 -9999.0 -9999.0 -9999.0 -9999.0 -9999.0 -9999.0 -9999.0 -9999.0 -9999.0 -9999.0 -9999.0 -9999.0 -9999.0 -9999.0 -9999.0 -9999.0 -9999.0 -9999.0 -9999.0 -9999.0 -9999.0 -9999.0 -9999.0 -9999.0 -9999.0 -9999.0 -9999.0 66.8 175.9 96.4 166.0 168.1 137.9 62.5 114.3 107.1 91.8 80.2 76.0 64.8 69.6 72.4 52.7 40.7 38.4 42.7 53.0 61.6 64.0 62.3 60.5 56.8 47.7
-9999.0 -9999.0 -9999.0 -9999.0 -9999.0 -9999.0 -9999.0 -9999.0 -9999.0 -9999.0 -9999.0 -9999.0 -9999.0 -9999.0 -9999.0 -9999.0 -9999.0 -9999.0 -9999.0 -9999.0 -9999.0 -9999.0 -9999.0 -9999.0 -9999.0 -9999.0 -9999.0 -9999.0 -9999.0 -9999.0 -9999.0 -9999.0 -9999.0 -9999.0 -9999.0 -9999.0 -9999.0 -9999.0 -9999.0 -9999.0 -9999.0 -9999.0 -9999.0 -9999.0 -9999.0 -9999.0 -9999.0 -9999.0 -9999.0 -9999.0 81.5 109.5 83.0 200.7 122.4 116.3 159.8 123.0 121.9 81.5 82.2 76.7 66.8 67.4 77.9 64.3 43.4 38.2 45.6 57.8 73.4 69.2 63.5 60.0 60.0 55.8
-9999.0 -9999.0 -9999.0 -9999.0 -9999.0 -9999.0 -9999.0 -9999.0 -9999.0 -9999.0 -9999.0 -9999.0 -9999.0 -9999.0 -9999.0 -9999.0 -9999.0 -9999.0 -9999.0 -9999.0 -9999.0 -9999.0 -9999.0 -9999.0 -9999.0 -9999.0 -9999.0 -9999.0 -9999.0 -9999.0 -9999.0 -9999.0 -9999.0 -9999.0 -9999.0 -9999.0 -9999.0 -9999.0 -9999.0 -9999.0 -9999.0 -9999.0 -9999.0 -9999.0 -9999.0 -9999.0 -9999.0 -9999.0 -9999.0 -9999.0 169.5 198.5 158.5 166.5 154.1 171.7 101.0 129.3 119.2 86.3 88.1 72.3 50.6 67.3 76.4 67.0 53.3 41.9 46.7 61.1 70.7 63.0 52.1 50.2 53.4 53.2
-9999.0 -9999.0 -9999.0 -9999.0 -9999.0 -9999.0 -9999.0 -9999.0 -9999.0 -9999.0 -9999.0 -9999.0 -9999.0 -9999.0 -9999.0 -9999.0 -9999.0 -9999.0 -9999.0 -9999.0 -9999.0 -9999.0 -9999.0 -9999.0 -9999.0 -9999.0 -9999.0 -9999.0 -9999.0 -9999.0 -9999.0 -9999.0 -9999.0 -9999.0 -9999.0 -9999.0 -9999.0 -9999.0 -9999.0 -9999.0 -9999.0 -9999.0 -9999.0 -9999.0 -9999.0 -9999.0 -9999.0 -9999.0 -9999.0 -9999.0 -9999.0 -9999.0 -9999.0 160.3 142.4 132.1 131.2 133.3 103.0 103.6 136.1 85.2 93.6 83.1 74.9 63.1 53.3 45.2 48.0 54.9 55.1 42.6 32.2 35.5 45.9 48.3
-9999.0 -9999.0 -9999.0 -9999.0 -9999.0 -9999.0 -9999.0 -9999.0 -9999.0 -9999.0 -9999.0 -9999.0 -9999.0 -9999.0 -9999.0 -9999.0 -9999.0 -9999.0 -9999.0 -9999.0 -9999.0 -9999.0 -9999.0 -9999.0 -9999.0 -9999.0 -9999.0 -9999.0 -9999.0 -9999.0 -9999.0 -9999.0 -9999.0 -9999.0 -9999.0 -9999.0 -9999.0 -9999.0 -9999.0 -9999.0 -9999.0 -9999.0 -9999.0 -9999.0 -9999.0 -9999.0 -9999.0 -9999.0 -9999.0 -9999.0 -9999.0 -9999.0 -9999.0 189.5 155.3 186.8 125.5 108.7 122.9 155.5 144.6 150.5 142.3 158.1 123.3 89.2 79.4 50.0 46.0 43.1 37.1 26.0 19.6 25.8 41.1 44.8
-9999.0 -9999.0 -9999.0 -9999.0 -9999.0 -9999.0 -9999.0 -9999.0 -9999.0 -9999.0 -9999.0 -9999.0 -9999.0 -9999.0 -9999.0 -9999.0 -9999.0 -9999.0 -9999.0 -9999.0 -9999.0 -9999.0 -9999.0 -9999.0 -9999.0 -9999.0 -9999.0 -9999.0 -9999.0 -9999.0 -9999.0 -9999.0 -9999.0 -9999.0 -9999.0 -9999.0 -9999.0 -9999.0 -9999.0 -9999.0 -9999.0 -9999.0 -9999.0 -9999.0 -9999.0 -9999.0 -9999.0 -9999.0 -9999.0 -9999.0 -9999.0 -9999.0 -9999.0 208.4 150.0 159.1 128.4 110.9 127.1 151.6 185.8 204.0 195.4 165.2 206.5 -9999.0 -9999.0 -9999.0 42.2 31.2 25.9 21.2 17.7 21.9 34.8 47.2
-9999.0 -9999.0 -9999.0 -9999.0 -9999.0 -9999.0 -9999.0 -9999.0 -9999.0 -9999.0 -9999.0 -9999.0 -9999.0 -9999.0 -9999.0 -9999.0 -9999.0 -9999.0 -9999.0 -9999.0 -9999.0 -9999.0 -9999.0 -9999.0 -9999.0 -9999.0 -9999.0 -9999.0 -9999.0 -9999.0 -9999.0 -9999.0 -9999.0 -9999.0 -9999.0 -9999.0 -9999.0 -9999.0 -9999.0 -9999.0 -9999.0 -9999.0 -9999.0 -9999.0 -9999.0 -9999.0 -9999.0 -9999.0 -9999.0 -9999.0 -9999.0 -9999.0 -9999.0 -9999.0 177.2 144.5 104.4 95.0 123.7 162.1 180.3 -9999.0 -9999.0 -9999.0 -9999.0 -9999.0 -9999.0 -9999.0 38.9 28.2 27.6 20.9 18.2 21.1 30.6 46.1
-9999.0 -9999.0 -9999.0 -9999.0 -9999.0 -9999.0 -9999.0 -9999.0 -9999.0 -9999.0 -9999.0 -9999.0 -9999.0 -9999.0 -9999.0 -9999.0 -9999.0 -9999.0 -9999.0 -9999.0 -9999.0 -9999.0 -9999.0 -9999.0 -9999.0 -9999.0 -9999.0 -9999.0 -9999.0 -9999.0 -9999.0 -9999.0 -9999.0 -9999.0 -9999.0 -9999.0 -9999.0 -9999.0 -9999.0 -9999.0 -9999.0 -9999.0 -9999.0 -9999.0 -9999.0 -9999.0 -9999.0 -9999.0 -9999.0 -9999.0 -9999.0 -9999.0 -9999.0 -9999.0 -9999.0 126.1 130.6 98.7 101.7 135.5 168.5 -9999.0 -9999.0 -9999.0 -9999.0 -9999.0 -9999.0 -9999.0 -9999.0 -9999.0 23.8 -9999.0 -9999.0 -9999.0 -9999.0 -9999.0
-9999.0 -9999.0 -9999.0 -9999.0 -9999.0 -9999.0 -9999.0 -9999.0 -9999.0 -9999.0 -9999.0 -9999.0 -9999.0 -9999.0 -9999.0 -9999.0 -9999.0 -9999.0 -9999.0 -9999.0 -9999.0 -9999.0 -9999.0 -9999.0 -9999.0 -9999.0 -9999.0 -9999.0 -9999.0 -9999.0 -9999.0 -9999.0 -9999.0 -9999.0 -9999.0 -9999.0 -9999.0 -9999.0 -9999.0 -9999.0 -9999.0 -9999.0 -9999.0 -9999.0 -9999.0 -9999.0 -9999.0 -9999.0 -9999.0 -9999.0 -9999.0 -9999.0 -9999.0 -9999.0 -9999.0 -9999.0 -9999.0 -9999.0 96.7 109.2 -9999.0 -9999.0 -9999.0 -9999.0 -9999.0 -9999.0 -9999.0 -9999.0 -9999.0 -9999.0 -9999.0 -9999.0 -9999.0 -9999.0 -9999.0 58.8
-9999.0 -9999.0 -9999.0 -9999.0 -9999.0 -9999.0 -9999.0 -9999.0 -9999.0 -9999.0 -9999.0 -9999.0 -9999.0 -9999.0 -9999.0 -9999.0 -9999.0 -9999.0 -9999.0 -9999.0 -9999.0 -9999.0 -9999.0 -9999.0 -9999.0 -9999.0 -9999.0 -9999.0 -9999.0 -9999.0 -9999.0 -9999.0 -9999.0 -9999.0 -9999.0 -9999.0 -9999.0 -9999.0 -9999.0 -9999.0 -9999.0 -9999.0 -9999.0 -9999.0 -9999.0 -9999.0 -9999.0 -9999.0 -9999.0 -9999.0 -9999.0 -9999.0 -9999.0 -9999.0 -9999.0 -9999.0 -9999.0 -9999.0 -9999.0 -9999.0 -9999.0 -9999.0 -9999.0 -9999.0 -9999.0 -9999.0 -9999.0 -9999.0 -9999.0 -9999.0 -9999.0 -9999.0 -9999.0 -9999.0 -9999.0 -9999.0
