program/excelProcessViaJava/data/SURF_CLI_CHN_PRE_MON_GRID_0.5-199708.txt
NCOLS      128
NROWS       72
XLLCORNER    72.000000000000    
YLLCORNER    18.000000000000    
CELLSIZE    0.50000000000000    
NODATA_VALUE   -9999.000    
[rows 34 to 67 of 72, columns 0 to 75 of 128]
-9999.0 -9999.0 -9999.0 -9999.0 1.3 2.4 1.3 4.6 1.9 3.4 12.5 8.5 12.8 14.3 10.6 10.0 10.8 9.0 9.5 11.8 16.1 18.7 21.3 30.5 46.3 58.9 52.9 57.4 58.8 61.4 62.5 70.1 63.3 62.4 64.2 55.9 65.5 73.8 51.3 32.0 47.6 16.1 12.7 8.4 7.9 7.9 8.1 8.5 8.7 8.7 7.9 8.5 28.2 24.4 34.1 61.9 93.0 122.0 135.4 105.8 120.0 89.5 74.9 66.5 53.0 41.6 51.1 42.1 46.8 63.9 61.8 70.9 73.6 68.4 54.1 43.2
-9999.0 -9999.0 -9999.0 -9999.0 -9999.0 -9999.0 -9999.0 2.5 2.2 4.5 3.4 5.1 9.2 10.6 12.8 9.6 14.8 13.1 14.5 20.3 27.8 34.4 38.8 41.6 44.4 47.6 53.4 57.9 61.6 68.5 69.8 70.1 68.6 70.7 74.5 64.7 74.7 66.9 79.5 81.6 44.5 88.1 77.1 47.7 24.7 12.8 16.5 14.5 16.5 11.6 9.5 10.0 16.8 69.4 69.3 50.8 70.5 90.6 121.5 107.4 119.5 90.0 77.7 71.4 71.5 58.3 62.0 68.4 72.0 82.9 80.1 79.0 81.3 70.6 50.5 41.8
-9999.0 -9999.0 -9999.0 -9999.0 -9999.0 -9999.0 -9999.0 0.8 3.2 2.3 2.9 5.1 6.2 7.6 10.3 12.8 15.2 17.9 22.5 24.1 27.3 32.7 35.3 39.2 42.3 46.3 49.8 57.6 57.4 59.3 67.2 69.2 69.3 75.7 67.7 67.4 62.4 68.4 66.9 63.8 68.0 69.8 73.7 91.4 50.2 28.9 31.8 30.8 42.7 33.5 56.0 50.7 29.3 45.0 81.5 53.9 65.8 84.7 105.2 114.1 101.1 91.5 79.2 76.0 70.9 67.4 67.4 72.2 92.3 87.7 87.0 81.6 76.7 66.7 39.2 44.4
-9999.0 -9999.0 -9999.0 -9999.0 -9999.0 -9999.0 -9999.0 -9999.0 -9999.0 2.0 3.0 4.4 4.8 6.6 8.7 10.8 13.4 17.5 19.6 24.5 26.6 29.0 32.3 36.0 39.5 42.8 48.0 52.3 54.0 63.1 58.8 63.6 65.2 69.2 61.7 60.2 57.3 59.4 54.9 58.6 56.7 65.4 64.9 58.7 62.2 55.8 50.9 46.0 45.3 44.5 50.8 47.6 46.5 49.8 82.6 66.0 65.7 77.3 101.4 101.4 100.3 105.0 100.4 66.7 66.3 60.6 57.0 62.3 86.7 86.8 85.6 66.7 57.7 52.8 47.6 20.0
-9999.0 -9999.0 -9999.0 -9999.0 -9999.0 -9999.0 -9999.0 -9999.0 -9999.0 -9999.0 -9999.0 2.9 5.4 5.6 7.6 9.6 11.9 14.4 17.1 20.4 24.5 26.9 30.7 33.3 39.8 42.1 47.4 51.7 55.0 57.2 60.4 67.9 64.2 65.2 61.9 69.9 58.2 55.7 70.2 52.3 58.5 55.6 55.5 55.1 68.8 54.6 64.2 52.4 53.7 50.9 45.5 47.8 52.6 66.1 89.6 91.9 90.7 102.9 100.2 99.2 107.9 98.2 86.6 68.3 66.4 37.2 35.1 48.2 66.6 76.2 68.3 54.9 35.5 24.0 10.4 9.7
-9999.0 -9999.0 -9999.0 -9999.0 -9999.0 -9999.0 -9999.0 -9999.0 -9999.0 -9999.0 -9999.0 -9999.0 4.7 5.9 6.9 8.8 11.3 13.4 16.0 20.1 21.1 24.6 27.9 30.6 40.2 38.7 41.6 48.8 52.4 61.1 60.6 62.7 64.7 69.8 69.6 64.8 72.3 57.5 48.9 42.6 41.0 44.2 49.6 58.2 59.1 60.4 61.7 51.6 52.2 52.3 58.1 58.0 56.5 60.2 76.3 96.2 112.3 130.1 96.8 117.9 107.3 115.6 106.9 77.7 37.8 53.5 30.3 43.4 55.9 60.9 40.5 14.7 8.1 8.7 12.8 38.5
-9999.0 -9999.0 -9999.0 -9999.0 -9999.0 -9999.0 -9999.0 -9999.0 -9999.0 -9999.0 -9999.0 -9999.0 3.7 6.0 7.4 8.5 10.4 12.4 15.3 17.7 20.2 23.5 26.1 28.3 30.5 34.9 39.1 42.0 48.3 51.5 58.8 66.4 66.5 67.3 69.2 65.3 69.6 65.4 56.0 48.2 41.9 43.0 54.2 52.7 60.4 65.0 57.9 54.6 50.9 54.9 53.9 55.1 53.5 62.9 67.3 90.4 103.0 119.9 105.2 101.2 97.4 94.3 99.5 97.0 26.7 30.1 29.9 38.4 42.4 43.2 45.4 52.8 51.2 35.3 32.1 27.3
-9999.0 -9999.0 -9999.0 -9999.0 -9999.0 -9999.0 -9999.0 -9999.0 -9999.0 -9999.0 -9999.0 -9999.0 -9999.0 5.7 6.8 8.9 10.4 12.3 14.3 16.4 18.9 20.8 24.2 25.5 28.6 34.6 38.8 45.6 48.4 52.9 55.7 59.8 68.3 71.2 66.5 67.0 66.2 65.7 75.1 59.5 52.7 53.5 54.0 61.3 59.6 58.6 60.8 61.6 61.1 59.7 58.0 53.8 53.5 76.0 80.7 91.7 102.6 121.5 145.8 124.0 112.7 90.4 89.3 43.1 36.5 27.7 33.7 43.9 40.8 31.3 16.2 21.5 34.2 37.7 37.5 37.1
-9999.0 -9999.0 -9999.0 -9999.0 -9999.0 -9999.0 -9999.0 -9999.0 -9999.0 -9999.0 -9999.0 -9999.0 5.0 5.8 7.4 9.3 10.9 12.7 14.6 16.3 18.1 20.0 22.2 24.2 26.4 31.6 34.8 38.4 43.5 49.9 54.9 57.9 68.1 68.0 71.0 69.6 74.2 67.6 64.4 60.8 64.1 65.9 67.4 57.5 60.3 61.1 59.1 56.4 58.6 60.4 63.7 67.1 60.0 70.5 75.7 88.5 112.8 99.0 119.7 102.3 99.5 104.8 78.6 84.0 41.4 37.2 76.5 44.2 38.4 40.3 35.9 30.3 33.6 41.1 49.9 47.5
-9999.0 -9999.0 -9999.0 -9999.0 -9999.0 -9999.0 -9999.0 -9999.0 -9999.0 -9999.0 -9999.0 -9999.0 5.4 7.9 8.8 10.1 11.8 13.6 15.3 17.0 18.4 20.2 21.8 23.5 25.2 27.5 30.9 35.0 40.1 45.0 50.7 57.4 66.0 65.5 67.9 71.0 70.8 72.9 70.8 64.6 60.7 57.2 56.4 57.1 57.8 58.7 62.9 62.5 63.4 60.0 63.6 69.7 67.2 70.5 76.9 81.6 99.2 114.4 105.5 123.4 128.4 134.5 59.0 42.5 42.5 134.1 63.0 37.8 21.6 25.1 30.9 32.1 33.2 32.9 31.2 40.0
-9999.0 -9999.0 -9999.0 -9999.0 -9999.0 -9999.0 -9999.0 -9999.0 -9999.0 -9999.0 -9999.0 -9999.0 8.6 8.3 10.8 11.9 13.5 15.1 16.6 18.2 20.4 22.0 22.2 24.2 25.3 28.9 31.0 36.9 37.9 43.3 49.2 59.0 61.2 64.0 66.9 70.1 72.8 75.6 74.6 71.5 65.2 60.6 58.7 55.8 54.7 59.5 63.8 61.5 61.0 67.6 73.0 72.9 98.6 108.0 95.3 76.9 91.7 106.1 114.5 87.2 83.6 83.0 150.1 48.9 103.0 165.5 69.4 25.1 19.8 29.7 44.6 45.3 33.8 24.9 26.4 22.1
-9999.0 -9999.0 -9999.0 -9999.0 -9999.0 -9999.0 -9999.0 -9999.0 -9999.0 -9999.0 -9999.0 -9999.0 -9999.0 9.7 11.6 13.9 15.5 17.2 18.7 20.3 23.4 22.6 24.4 26.1 25.6 27.6 29.6 32.2 37.4 40.5 49.3 55.2 62.0 64.2 67.3 73.2 75.1 76.5 78.1 75.3 69.5 64.2 61.4 56.2 52.0 52.6 60.6 57.7 74.9 81.1 79.2 94.9 93.1 83.6 106.2 108.4 76.0 79.1 98.9 146.2 122.9 235.2 126.0 63.6 170.0 83.0 30.6 15.3 19.9 44.0 66.6 64.7 42.8 26.6 20.3 24.9
-9999.0 -9999.0 -9999.0 -9999.0 -9999.0 -9999.0 -9999.0 -9999.0 -9999.0 -9999.0 -9999.0 -9999.0 -9999.0 15.0 14.1 16.7 18.1 20.1 21.5 22.8 25.5 26.5 27.8 27.7 26.5 28.2 30.1 31.4 35.1 46.0 49.6 55.3 59.2 63.7 68.2 69.8 70.0 74.8 78.2 77.8 72.3 65.2 59.1 56.0 65.5 57.7 63.0 65.0 77.5 86.7 99.2 85.4 105.2 120.8 131.3 112.7 81.0 80.4 105.9 53.0 126.2 58.8 105.9 200.4 118.1 46.8 18.0 13.3 24.2 45.5 73.3 80.4 56.0 34.8 25.6 26.4
-9999.0 -9999.0 -9999.0 -9999.0 -9999.0 -9999.0 -9999.0 -9999.0 -9999.0 -9999.0 -9999.0 -9999.0 -9999.0 -9999.0 -9999.0 20.0 22.2 23.6 25.2 26.4 28.1 28.2 28.6 29.4 30.5 31.0 36.7 34.8 41.8 39.7 46.8 52.2 62.3 65.3 64.1 70.5 73.4 67.8 75.1 77.6 74.9 71.0 65.4 60.8 57.6 59.3 68.2 73.0 87.9 84.1 97.9 133.0 112.8 117.9 76.7 107.2 102.1 59.8 128.8 157.2 52.3 103.0 205.2 170.7 111.8 53.6 24.5 17.1 22.7 52.3 81.7 96.3 84.9 55.8 42.2 38.7
-9999.0 -9999.0 -9999.0 -9999.0 -9999.0 -9999.0 -9999.0 -9999.0 -9999.0 -9999.0 -9999.0 -9999.0 -9999.0 -9999.0 -9999.0 -9999.0 -9999.0 35.5 32.5 -9999.0 32.7 33.0 32.7 32.8 34.6 34.5 40.4 38.0 36.7 43.6 45.7 49.7 64.0 59.1 56.2 58.7 70.5 55.6 69.1 76.5 78.9 78.5 74.4 70.0 73.6 69.3 98.4 98.5 93.7 107.9 91.0 107.4 80.9 135.0 139.3 135.9 98.5 141.4 138.3 158.3 85.9 149.5 197.2 182.2 127.3 73.4 39.2 29.9 31.0 55.9 69.0 117.9 99.0 75.2 59.7 55.6
-9999.0 -9999.0 -9999.0 -9999.0 -9999.0 -9999.0 -9999.0 -9999.0 -9999.0 -9999.0 -9999.0 -9999.0 -9999.0 -9999.0 -9999.0 -9999.0 -9999.0 -9999.0 -9999.0 -9999.0 -9999.0 38.7 39.3 42.9 40.4 38.6 38.5 38.9 40.3 41.1 46.2 51.3 58.2 61.7 57.7 57.0 52.4 53.4 62.5 84.0 100.9 88.1 88.9 86.2 84.6 84.6 120.9 101.4 135.2 239.5 127.4 181.3 180.8 117.9 138.5 166.6 166.2 129.9 227.7 151.6 114.2 131.4 183.5 183.0 134.9 73.1 42.5 41.7 41.2 60.5 90.7 117.7 103.5 80.8 69.6 66.7
-9999.0 -9999.0 -9999.0 -9999.0 -9999.0 -9999.0 -9999.0 -9999.0 -9999.0 -9999.0 -9999.0 -9999.0 -9999.0 -9999.0 -9999.0 -9999.0 -9999.0 -9999.0 -9999.0 -9999.0 -9999.0 -9999.0 -9999.0 50.2 47.4 47.2 47.0 47.2 51.1 48.9 54.2 62.4 77.1 74.4 76.1 69.4 69.4 58.8 72.3 84.0 93.8 102.4 105.5 104.4 104.1 142.3 116.4 122.9 129.6 126.5 130.8 181.9 126.4 147.9 132.5 102.6 166.6 207.6 102.1 171.9 107.5 116.1 123.7 138.1 117.7 68.8 40.4 45.6 70.2 71.9 107.9 101.7 89.9 77.2 66.0 57.8
-9999.0 -9999.0 -9999.0 -9999.0 -9999.0 -9999.0 -9999.0 -9999.0 -9999.0 -9999.0 -9999.0 -9999.0 -9999.0 -9999.0 -9999.0 -9999.0 -9999.0 -9999.0 -9999.0 -9999.0 -9999.0 -9999.0 -9999.0 -9999.0 -9999.0 70.0 60.9 71.3 69.4 82.3 73.7 75.2 82.9 89.5 84.5 88.0 99.3 74.4 88.1 93.5 110.7 121.2 142.5 134.9 153.4 162.6 150.1 155.6 163.4 149.2 206.7 182.2 211.2 197.3 123.6 129.6 176.7 157.2 210.6 183.3 143.8 119.7 222.4 131.5 109.2 75.1 49.4 67.5 85.6 98.5 85.4 75.0 66.5 63.3 55.7 48.5
-9999.0 -9999.0 -9999.0 -9999.0 -9999.0 -9999.0 -9999.0 -9999.0 -9999.0 -9999.0 -9999.0 -9999.0 -9999.0 -9999.0 -9999.0 -9999.0 -9999.0 -9999.0 -9999.0 -9999.0 -9999.0 -9999.0 -9999.0 -9999.0 -9999.0 -9999.0 -9999.0 94.7 97.1 84.9 89.5 96.7 113.9 105.9 111.4 108.2 94.6 94.3 112.1 116.5 130.8 154.6 170.9 183.3 184.2 184.9 181.8 172.9 160.3 157.7 130.1 115.3 173.2 146.4 150.7 184.6 152.0 156.2 207.7 156.4 116.4 126.4 93.3 95.7 105.5 88.7 62.5 45.6 52.8 64.5 59.3 60.5 50.2 50.0 46.9 43.2
-9999.0 -9999.0 -9999.0 -9999.0 -9999.0 -9999.0 -9999.0 -9999.0 -9999.0 -9999.0 -9999.0 -9999.0 -9999.0 -9999.0 -9999.0 -9999.0 -9999.0 -9999.0 -9999.0 -9999.0 -9999.0 -9999.0 -9999.0 -9999.0 -9999.0 -9999.0 -9999.0 -9999.0 -9999.0 -9999.0 -9999.0 -9999.0 -9999.0 135.4 137.6 -9999.0 -9999.0 -9999.0 162.7 156.7 182.2 198.5 201.7 215.2 215.9 211.1 -9999.0 -9999.0 -9999.0 -9999.0 -9999.0 -9999.0 145.9 217.3 132.9 137.1 161.9 166.2 177.7 155.8 129.8 127.5 93.7 95.3 97.7 93.8 80.7 70.3 60.4 48.7 42.4 48.1 48.5 47.3 47.2 49.8
-9999.0 -9999.0 -9999.0 -9999.0 -9999.0 -9999.0 -9999.0 -9999.0 -9999.0 -9999.0 -9999.0 -9999.0 -9999.0 -9999.0 -9999.0 -9999.0 -9999.0 -9999.0 -9999.0 -9999.0 -9999.0 -9999.0 -9999.0 -9999.0 -9999.0 -9999.0 -9999.0 -9999.0 -9999.0 -9999.0 -9999.0 -9999.0 -9999.0 -9999.0 -9999.0 -9999.0 -9999.0 -9999.0 -9999.0 229.0 236.6 243.1 247.0 247.8 -9999.0 -9999.0 -9999.0 -9999.0 -9999.0 -9999.0 -9999.0 -9999.0 176.3 259.1 181.2 133.4 141.9 163.3 176.2 162.6 133.6 123.4 116.3 100.2 106.8 111.0 107.3 81.7 63.7 61.6 53.3 49.7 51.5 55.8 64.8 70.5
-9999.0 -9999.0 -9999.0 -9999.0 -9999.0 -9999.0 -9999.0 -9999.0 -9999.0 -9999.0 -9999.0 -9999.0 -9999.0 -9999.0 -9999.0 -9999.0 -9999.0 -9999.0 -9999.0 -9999.0 -9999.0 -9999.0 -9999.0 -9999.0 -9999.0 -9999.0 -9999.0 -9999.0 -9999.0 -9999.0 -9999.0 -9999.0 -9999.0 -9999.0 -9999.0 -9999.0 -9999.0 -9999.0 -9999.0 -9999.0 -9999.0 -9999.0 -9999.0 -9999.0 -9999.0 -9999.0 -9999.0 -9999.0 -9999.0 -9999.0 -9999.0 -9999.0 141.6 292.6 192.8 213.5 144.7 156.7 172.2 170.9 141.4 125.7 218.1 113.1 120.7 127.9 122.3 101.5 77.5 64.8 59.2 62.8 81.1 78.8 87.7 109.6
-9999.0 -9999.0 -9999.0 -9999.0 -9999.0 -9999.0 -9999.0 -9999.0 -9999.0 -9999.0 -9999.0 -9999.0 -9999.0 -9999.0 -9999.0 -9999.0 -9999.0 -9999.0 -9999.0 -9999.0 -9999.0 -9999.0 -9999.0 -9999.0 -9999.0 -9999.0 -9999.0 -9999.0 -9999.0 -9999.0 -9999.0 -9999.0 -9999.0 -9999.0 -9999.0 -9999.0 -9999.0 -9999.0 -9999.0 -9999.0 -9999.0 -9999.0 -9999.0 -9999.0 -9999.0 -9999.0 -9999.0 -9999.0 -9999.0 -9999.0 -9999.0 211.6 224.0 291.9 145.7 158.6 144.9 180.3 176.2 136.1 192.8 166.6 124.5 128.0 138.1 150.8 145.9 113.0 106.3 87.2 82.2 91.1 105.5 124.5 137.7 157.6
-9999.0 -9999.0 -9999.0 -9999.0 -9999.0 -9999.0 -9999.0 -9999.0 -9999.0 -9999.0 -9999.0 -9999.0 -9999.0 -9999.0 -9999.0 -9999.0 -9999.0 -9999.0 -9999.0 -9999.0 -9999.0 -9999.0 -9999.0 -9999.0 -9999.0 -9999.0 -9999.0 -9999.0 -9999.0 -9999.0 -9999.0 -9999.0 -9999.0 -9999.0 -9999.0 -9999.0 -9999.0 -9999.0 -9999.0 -9999.0 -9999.0 -9999.0 -9999.0 -9999.0 -9999.0 -9999.0 -9999.0 -9999.0 -9999.0 -9999.0 246.3 314.3 314.4 304.9 200.6 191.1 135.6 122.2 166.6 209.3 179.2 197.0 148.6 152.5 157.6 164.6 170.0 160.0 166.1 144.2 139.3 135.4 147.4 163.8 175.7 192.9
-9999.0 -9999.0 -9999.0 -9999.0 -9999.0 -9999.0 -9999.0 -9999.0 -9999.0 -9999.0 -9999.0 -9999.0 -9999.0 -9999.0 -9999.0 -9999.0 -9999.0 -9999.0 -9999.0 -9999.0 -9999.0 -9999.0 -9999.0 -9999.0 -9999.0 -9999.0 -9999.0 -9999.0 -9999.0 -9999.0 -9999.0 -9999.0 -9999.0 -9999.0 -9999.0 -9999.0 -9999.0 -9999.0 -9999.0 -9999.0 -9999.0 -9999.0 -9999.0 -9999.0 -9999.0 -9999.0 -9999.0 -9999.0 -9999.0 -9999.0 293.6 439.5 287.8 324.1 287.4 205.2 106.7 198.1 212.9 190.2 170.2 178.5 155.9 166.4 174.7 157.9 179.0 189.1 220.2 205.4 198.2 189.5 188.7 185.0 174.0 163.8
-9999.0 -9999.0 -9999.0 -9999.0 -9999.0 -9999.0 -9999.0 -9999.0 -9999.0 -9999.0 -9999.0 -9999.0 -9999.0 -9999.0 -9999.0 -9999.0 -9999.0 -9999.0 -9999.0 -9999.0 -9999.0 -9999.0 -9999.0 -9999.0 -9999.0 -9999.0 -9999.0 -9999.0 -9999.0 -9999.0 -9999.0 -9999.0 -9999.0 -9999.0 -9999.0 -9999.0 -9999.0 -9999.0 -9999.0 -9999.0 -9999.0 -9999.0 -9999.0 -9999.0 -9999.0 -9999.0 -9999.0 -9999.0 -9999.0 -9999.0 328.8 374.3 299.2 449.5 262.3 206.3 284.5 205.3 236.7 158.4 189.0 199.5 183.9 168.3 190.1 189.0 198.2 228.3 251.8 292.0 234.8 269.9 209.9 224.4 178.1 167.0
-9999.0 -9999.0 -9999.0 -9999.0 -9999.0 -9999.0 -9999.0 -9999.0 -9999.0 -9999.0 -9999.0 -9999.0 -9999.0 -9999.0 -9999.0 -9999.0 -9999.0 -9999.0 -9999.0 -9999.0 -9999.0 -9999.0 -9999.0 -9999.0 -9999.0 -9999.0 -9999.0 -9999.0 -9999.0 -9999.0 -9999.0 -9999.0 -9999.0 -9999.0 -9999.0 -9999.0 -9999.0 -9999.0 -9999.0 -9999.0 -9999.0 -9999.0 -9999.0 -9999.0 -9999.0 -9999.0 -9999.0 -9999.0 -9999.0 -9999.0 494.8 545.8 443.0 426.3 357.5 349.2 186.8 230.5 225.6 164.4 196.9 180.0 131.8 174.2 209.8 230.0 272.2 308.2 362.9 232.1 254.3 237.1 243.9 254.6 208.8 209.3
-9999.0 -9999.0 -9999.0 -9999.0 -9999.0 -9999.0 -9999.0 -9999.0 -9999.0 -9999.0 -9999.0 -9999.0 -9999.0 -9999.0 -9999.0 -9999.0 -9999.0 -9999.0 -9999.0 -9999.0 -9999.0 -9999.0 -9999.0 -9999.0 -9999.0 -9999.0 -9999.0 -9999.0 -9999.0 -9999.0 -9999.0 -9999.0 -9999.0 -9999.0 -9999.0 -9999.0 -9999.0 -9999.0 -9999.0 -9999.0 -9999.0 -9999.0 -9999.0 -9999.0 -9999.0 -9999.0 -9999.0 -9999.0 -9999.0 -9999.0 -9999.0 -9999.0 -9999.0 403.5 336.5 287.1 262.6 261.8 187.3 187.3 289.4 141.6 216.6 192.8 223.0 257.2 331.1 334.7 390.1 348.9 270.8 238.6 242.9 257.6 259.5 233.2
-9999.0 -9999.0 -9999.0 -9999.0 -9999.0 -9999.0 -9999.0 -9999.0 -9999.0 -9999.0 -9999.0 -9999.0 -9999.0 -9999.0 -9999.0 -9999.0 -9999.0 -9999.0 -9999.0 -9999.0 -9999.0 -9999.0 -9999.0 -9999.0 -9999.0 -9999.0 -9999.0 -9999.0 -9999.0 -9999.0 -9999.0 -9999.0 -9999.0 -9999.0 -9999.0 -9999.0 -9999.0 -9999.0 -9999.0 -9999.0 -9999.0 -9999.0 -9999.0 -9999.0 -9999.0 -9999.0 -9999.0 -9999.0 -9999.0 -9999.0 -9999.0 -9999.0 -9999.0 429.8 334.6 419.4 254.0 214.8 236.7 295.0 226.6 178.7 252.5 215.8 248.2 286.3 279.9 416.8 346.0 321.4 271.0 271.3 297.6 320.5 324.7 345.2
-9999.0 -9999.0 -9999.0 -9999.0 -9999.0 -9999.0 -9999.0 -9999.0 -9999.0 -9999.0 -9999.0 -9999.0 -9999.0 -9999.0 -9999.0 -9999.0 -9999.0 -9999.0 -9999.0 -9999.0 -9999.0 -9999.0 -9999.0 -9999.0 -9999.0 -9999.0 -9999.0 -9999.0 -9999.0 -9999.0 -9999.0 -9999.0 -9999.0 -9999.0 -9999.0 -9999.0 -9999.0 -9999.0 -9999.0 -9999.0 -9999.0 -9999.0 -9999.0 -9999.0 -9999.0 -9999.0 -9999.0 -9999.0 -9999.0 -9999.0 -9999.0 -9999.0 -9999.0 433.3 288.9 315.9 246.9 213.3 238.6 251.9 283.5 266.5 310.9 327.8 268.1 -9999.0 -9999.0 -9999.0 403.8 337.6 347.2 392.3 421.1 416.2 401.9 427.3
-9999.0 -9999.0 -9999.0 -9999.0 -9999.0 -9999.0 -9999.0 -9999.0 -9999.0 -9999.0 -9999.0 -9999.0 -9999.0 -9999.0 -9999.0 -9999.0 -9999.0 -9999.0 -9999.0 -9999.0 -9999.0 -9999.0 -9999.0 -9999.0 -9999.0 -9999.0 -9999.0 -9999.0 -9999.0 -9999.0 -9999.0 -9999.0 -9999.0 -9999.0 -9999.0 -9999.0 -9999.0 -9999.0 -9999.0 -9999.0 -9999.0 -9999.0 -9999.0 -9999.0 -9999.0 -9999.0 -9999.0 -9999.0 -9999.0 -9999.0 -9999.0 -9999.0 -9999.0 -9999.0 333.9 264.3 185.3 176.5 230.0 285.4 235.4 -9999.0 -9999.0 -9999.0 -9999.0 -9999.0 -9999.0 -9999.0 370.6 418.4 503.4 486.9 487.7 457.5 400.5 377.8
-9999.0 -9999.0 -9999.0 -9999.0 -9999.0 -9999.0 -9999.0 -9999.0 -9999.0 -9999.0 -9999.0 -9999.0 -9999.0 -9999.0 -9999.0 -9999.0 -9999.0 -9999.0 -9999.0 -9999.0 -9999.0 -9999.0 -9999.0 -9999.0 -9999.0 -9999.0 -9999.0 -9999.0 -9999.0 -9999.0 -9999.0 -9999.0 -9999.0 -9999.0 -9999.0 -9999.0 -9999.0 -9999.0 -9999.0 -9999.0 -9999.0 -9999.0 -9999.0 -9999.0 -9999.0 -9999.0 -9999.0 -9999.0 -9999.0 -9999.0 -9999.0 -9999.0 -9999.0 -9999.0 -9999.0 222.1 251.7 183.5 187.6 235.7 249.3 -9999.0 -9999.0 -9999.0 -9999.0 -9999.0 -9999.0 -9999.0 -9999.0 -9999.0 473.8 -9999.0 -9999.0 -9999.0 -9999.0 -9999.0
-9999.0 -9999.0 -9999.0 -9999.0 -9999.0 -9999.0 -9999.0 -9999.0 -9999.0 -9999.0 -9999.0 -9999.0 -9999.0 -9999.0 -9999.0 -9999.0 -9999.0 -9999.0 -9999.0 -9999.0 -9999.0 -9999.0 -9999.0 -9999.0 -9999.0 -9999.0 -9999.0 -9999.0 -9999.0 -9999.0 -9999.0 -9999.0 -9999.0 -9999.0 -9999.0 -9999.0 -9999.0 -9999.0 -9999.0 -9999.0 -9999.0 -9999.0 -9999.0 -9999.0 -9999.0 -9999.0 -9999.0 -9999.0 -9999.0 -9999.0 -9999.0 -9999.0 -9999.0 -9999.0 -9999.0 -9999.0 -9999.0 -9999.0 187.3 192.3 -9999.0 -9999.0 -9999.0 -9999.0 -9999.0 -9999.0 -9999.0 -9999.0 -9999.0 -9999.0 -9999.0 -9999.0 -9999.0 -9999.0 -9999.0 259.2
-9999.0 -9999.0 -9999.0 -9999.0 -9999.0 -9999.0 -9999.0 -9999.0 -9999.0 -9999.0 -9999.0 -9999.0 -9999.0 -9999.0 -9999.0 -9999.0 -9999.0 -9999.0 -9999.0 -9999.0 -9999.0 -9999.0 -9999.0 -9999.0 -9999.0 -9999.0 -9999.0 -9999.0 -9999.0 -9999.0 -9999.0 -9999.0 -9999.0 -9999.0 -9999.0 -9999.0 -9999.0 -9999.0 -9999.0 -9999.0 -9999.0 -9999.0 -9999.0 -9999.0 -9999.0 -9999.0 -9999.0 -9999.0 -9999.0 -9999.0 -9999.0 -9999.0 -9999.0 -9999.0 -9999.0 -9999.0 -9999.0 -9999.0 -9999.0 -9999.0 -9999.0 -9999.0 -9999.0 -9999.0 -9999.0 -9999.0 -9999.0 -9999.0 -9999.0 -9999.0 -9999.0 -9999.0 -9999.0 -9999.0 -9999.0 -9999.0
