program/excelProcessViaJava/data/SURF_CLI_CHN_PRE_MON_GRID_0.5-198609.txt
NCOLS      128
NROWS       72
XLLCORNER    72.000000000000    
YLLCORNER    18.000000000000    
CELLSIZE    0.50000000000000    
NODATA_VALUE   -9999.000    
[rows 33 to 65 of 72, columns 0 to 75 of 128]
-9999.0 -9999.0 -9999.0 -9999.0 11.2 15.7 20.6 7.6 5.5 1.0 1.2 0.9 0.8 0.7 0.7 0.7 0.6 0.6 0.6 0.6 0.6 0.7 0.8 0.9 0.9 1.0 1.1 19.4 4.0 5.9 8.0 6.1 5.4 8.4 3.5 3.6 2.9 16.7 12.4 4.2 0.9 0.6 0.6 0.5 0.6 0.7 1.1 2.8 4.3 2.6 3.2 8.6 15.5 26.5 17.1 23.4 27.0 41.3 41.4 53.9 47.4 30.3 16.2 4.4 1.8 2.3 3.7 3.7 7.1 8.2 10.1 11.7 10.8 10.3 12.5 15.5
-9999.0 -9999.0 -9999.0 -9999.0 19.1 12.0 21.4 7.6 25.4 20.8 3.2 13.0 6.1 5.8 1.1 1.0 0.9 0.7 0.7 0.7 0.7 0.8 0.9 1.5 7.2 16.2 7.8 8.9 8.4 8.8 8.7 12.1 8.7 8.5 9.9 7.4 13.1 20.0 9.5 3.9 11.1 1.5 1.2 0.7 0.6 0.6 0.7 0.7 0.8 1.2 1.6 2.8 15.5 12.1 13.4 20.1 25.7 33.5 41.3 24.1 41.8 16.9 10.3 6.9 3.5 2.7 6.4 6.9 8.4 16.4 12.4 14.2 12.5 11.0 13.4 16.3
-9999.0 -9999.0 -9999.0 -9999.0 -9999.0 -9999.0 -9999.0 12.5 18.4 11.4 28.5 26.5 10.9 13.2 12.1 1.6 3.2 1.4 1.1 1.5 4.0 8.2 9.3 8.3 7.9 8.0 10.3 11.7 12.7 16.5 16.2 15.7 14.7 16.4 19.9 14.9 23.5 19.9 31.7 35.4 10.9 44.8 37.7 18.3 6.3 1.4 3.2 2.2 3.8 1.3 1.0 1.7 5.9 39.7 32.4 16.0 18.6 22.7 43.1 34.4 47.8 18.7 10.6 8.6 7.9 6.0 10.4 17.4 17.6 20.0 16.0 17.2 19.5 20.1 22.9 25.2
-9999.0 -9999.0 -9999.0 -9999.0 -9999.0 -9999.0 -9999.0 39.9 11.5 22.5 27.2 18.3 21.9 31.4 18.9 34.9 14.4 11.7 19.2 8.9 7.6 11.0 8.6 8.9 8.6 9.6 10.3 15.1 13.0 13.5 18.6 19.6 19.7 25.4 20.2 21.7 20.2 27.3 28.2 26.9 30.6 31.8 37.0 64.8 25.3 10.0 15.3 16.7 36.8 22.4 52.8 37.3 10.7 18.7 40.3 17.8 21.0 29.6 43.1 51.4 44.9 34.6 20.4 17.9 13.5 12.5 17.3 24.0 36.1 24.1 24.9 27.0 30.1 34.3 36.4 41.6
-9999.0 -9999.0 -9999.0 -9999.0 -9999.0 -9999.0 -9999.0 -9999.0 -9999.0 24.9 22.7 19.2 30.4 27.3 20.7 16.4 19.8 34.7 17.8 23.8 13.9 9.1 8.4 8.6 9.0 9.5 12.1 14.1 14.3 21.1 16.9 20.4 21.9 25.7 21.0 21.7 22.0 26.8 25.9 31.3 29.5 36.2 35.2 32.3 43.1 43.4 44.9 43.4 45.5 43.2 49.6 34.4 23.7 20.2 42.1 23.4 23.2 31.5 49.4 53.7 53.6 52.8 45.3 31.5 26.7 24.4 28.9 34.7 52.0 42.8 46.0 45.8 47.1 52.2 59.4 57.3
-9999.0 -9999.0 -9999.0 -9999.0 -9999.0 -9999.0 -9999.0 -9999.0 -9999.0 -9999.0 -9999.0 36.1 17.5 34.9 25.7 26.4 21.6 17.3 14.2 13.8 15.3 10.5 10.5 9.0 13.8 12.4 15.6 17.9 19.6 20.9 23.2 30.0 26.5 27.8 26.2 35.9 28.1 29.9 51.1 35.4 44.6 39.6 37.2 37.6 64.3 49.2 80.6 64.5 72.9 64.8 44.3 39.0 34.9 41.1 57.8 47.2 41.4 54.3 60.1 66.0 73.4 63.3 53.6 46.9 44.7 40.1 38.7 49.8 66.5 77.1 77.9 77.5 74.8 75.5 86.4 86.9
-9999.0 -9999.0 -9999.0 -9999.0 -9999.0 -9999.0 -9999.0 -9999.0 -9999.0 -9999.0 -9999.0 -9999.0 22.4 21.3 31.6 23.0 33.4 20.6 17.3 22.2 9.7 9.8 9.6 8.7 20.4 12.3 13.3 19.4 21.9 30.5 29.2 30.9 32.6 37.8 38.2 35.2 47.8 36.6 33.7 33.0 35.3 39.2 43.5 56.0 60.7 71.7 87.5 70.6 77.5 77.6 91.2 77.2 55.9 46.4 56.6 70.6 79.5 97.9 74.2 99.6 94.1 96.8 86.9 69.3 61.3 68.0 60.4 74.8 95.1 112.8 106.8 112.2 119.3 120.2 107.2 128.8
-9999.0 -9999.0 -9999.0 -9999.0 -9999.0 -9999.0 -9999.0 -9999.0 -9999.0 -9999.0 -9999.0 -9999.0 43.4 21.2 18.1 26.3 16.3 15.9 19.0 14.1 11.4 11.6 10.1 8.6 8.6 11.5 14.5 16.9 22.7 26.1 33.1 40.9 40.1 40.0 41.6 38.1 46.5 47.7 44.2 43.3 41.4 45.2 64.1 58.4 77.6 97.5 86.4 84.8 71.2 91.2 86.5 89.0 70.3 78.7 69.8 93.5 95.3 111.7 102.2 108.6 109.0 103.9 105.3 105.4 78.2 81.8 68.5 81.2 101.3 123.6 141.9 162.5 165.3 128.9 123.1 109.1
-9999.0 -9999.0 -9999.0 -9999.0 -9999.0 -9999.0 -9999.0 -9999.0 -9999.0 -9999.0 -9999.0 -9999.0 -9999.0 28.5 35.2 18.3 20.9 14.5 11.3 9.3 8.9 7.0 8.9 7.4 9.1 14.1 17.5 24.3 26.9 32.0 35.7 39.9 47.4 48.5 41.1 40.3 40.7 45.3 71.3 58.0 57.9 67.1 71.2 91.3 88.1 88.9 105.9 119.6 124.1 118.8 113.9 96.4 92.3 142.0 129.0 126.8 123.5 141.4 172.8 151.9 144.1 123.0 120.5 90.0 79.8 87.2 96.8 101.3 119.6 120.3 98.4 114.5 136.5 141.1 145.2 121.3
-9999.0 -9999.0 -9999.0 -9999.0 -9999.0 -9999.0 -9999.0 -9999.0 -9999.0 -9999.0 -9999.0 -9999.0 31.6 39.5 31.9 21.0 25.6 16.5 12.8 7.6 6.6 6.3 6.9 7.5 9.0 13.1 15.9 19.9 25.7 33.0 39.4 43.8 52.0 48.9 47.6 42.2 47.3 41.6 45.5 53.0 76.2 96.1 112.8 88.2 104.1 114.5 114.0 108.7 119.2 124.0 143.4 159.5 129.8 147.6 137.6 141.4 167.5 127.4 163.2 151.3 154.4 159.3 133.1 139.0 104.8 99.5 84.1 105.0 132.0 156.6 155.7 140.0 144.0 157.4 148.0 131.1
-9999.0 -9999.0 -9999.0 -9999.0 -9999.0 -9999.0 -9999.0 -9999.0 -9999.0 -9999.0 -9999.0 -9999.0 38.8 22.3 22.1 34.3 24.5 11.7 8.9 8.7 6.0 6.7 7.0 7.9 9.5 12.1 15.4 19.9 25.6 32.5 40.2 47.5 54.0 51.1 46.7 42.7 38.7 41.9 46.7 50.3 60.5 68.7 79.9 94.6 108.9 123.9 145.9 144.9 141.7 114.7 123.6 155.0 143.2 142.7 145.1 134.7 158.4 178.2 167.0 199.5 208.7 213.0 135.3 110.7 106.0 79.9 105.7 110.6 112.4 114.8 124.0 139.9 159.6 165.5 161.7 136.2
-9999.0 -9999.0 -9999.0 -9999.0 -9999.0 -9999.0 -9999.0 -9999.0 -9999.0 -9999.0 -9999.0 -9999.0 23.4 29.7 18.4 16.5 12.9 16.3 9.0 7.5 9.8 9.6 7.6 9.3 10.5 13.3 15.7 20.3 24.8 31.5 39.8 48.8 54.7 54.9 49.2 42.5 39.2 41.5 46.4 57.8 65.1 72.5 96.3 91.1 110.7 137.7 151.8 137.5 116.4 118.4 130.8 133.3 208.5 226.0 191.2 135.8 162.0 188.7 207.4 182.5 187.7 185.8 241.2 128.8 86.0 94.3 112.5 117.2 110.6 105.5 118.7 152.7 173.1 182.8 250.6 174.8
-9999.0 -9999.0 -9999.0 -9999.0 -9999.0 -9999.0 -9999.0 -9999.0 -9999.0 -9999.0 -9999.0 -9999.0 -9999.0 43.2 30.7 15.4 12.7 8.9 9.7 9.4 15.1 8.5 10.5 12.0 12.5 14.2 16.4 19.3 21.9 28.8 34.7 44.5 53.2 56.7 51.6 48.8 45.2 43.6 51.2 60.5 71.6 93.9 110.7 111.7 107.6 115.4 130.4 105.5 127.3 121.3 107.9 155.3 159.8 153.3 200.7 208.6 150.3 166.8 212.0 278.0 249.8 354.2 227.1 117.3 85.3 113.7 136.7 129.5 108.7 106.8 123.1 153.3 176.3 200.9 183.0 170.8
-9999.0 -9999.0 -9999.0 -9999.0 -9999.0 -9999.0 -9999.0 -9999.0 -9999.0 -9999.0 -9999.0 -9999.0 -9999.0 23.4 28.9 15.6 19.4 9.0 8.0 8.9 15.4 14.6 15.5 14.9 17.0 17.2 17.5 19.6 19.6 22.6 26.9 35.1 45.6 51.5 51.4 49.4 45.9 49.2 59.4 82.6 81.1 91.3 99.7 106.4 133.6 111.9 110.4 88.1 87.7 87.0 111.8 97.0 141.9 184.1 218.1 206.5 174.6 192.6 245.0 192.8 269.5 188.0 134.5 105.7 115.6 140.7 159.7 146.6 121.6 117.4 133.0 153.4 173.4 177.2 177.0 180.8
-9999.0 -9999.0 -9999.0 -9999.0 -9999.0 -9999.0 -9999.0 -9999.0 -9999.0 -9999.0 -9999.0 -9999.0 -9999.0 -9999.0 -9999.0 18.5 13.9 13.2 10.9 11.0 16.1 15.9 18.4 20.5 21.3 21.4 20.2 17.2 16.9 15.2 17.5 23.4 33.4 41.1 45.5 53.8 61.5 56.3 66.2 77.7 91.0 99.1 100.1 98.6 95.3 93.3 87.0 67.0 70.1 47.3 65.3 129.4 109.2 135.3 124.2 176.4 200.9 171.2 279.4 313.9 202.9 179.4 166.9 152.2 155.6 171.5 176.6 160.7 140.4 127.7 128.0 131.2 129.8 137.7 147.6 171.3
-9999.0 -9999.0 -9999.0 -9999.0 -9999.0 -9999.0 -9999.0 -9999.0 -9999.0 -9999.0 -9999.0 -9999.0 -9999.0 -9999.0 -9999.0 -9999.0 -9999.0 98.7 31.4 -9999.0 28.5 25.6 32.4 36.0 31.3 30.2 24.6 19.0 15.2 11.1 10.2 14.1 23.7 30.8 41.2 45.0 62.6 64.4 72.6 81.2 86.9 96.2 90.3 85.5 123.7 87.2 168.7 77.2 43.7 48.4 44.5 54.4 75.6 108.3 140.5 171.2 166.1 250.3 275.6 305.7 194.5 183.8 177.7 175.4 174.1 178.8 179.0 162.1 144.3 120.3 107.0 96.5 99.6 100.1 114.0 136.7
-9999.0 -9999.0 -9999.0 -9999.0 -9999.0 -9999.0 -9999.0 -9999.0 -9999.0 -9999.0 -9999.0 -9999.0 -9999.0 -9999.0 -9999.0 -9999.0 -9999.0 -9999.0 -9999.0 -9999.0 -9999.0 47.8 47.9 46.1 48.6 61.7 49.3 33.8 18.3 12.6 6.9 13.8 16.4 22.8 33.0 39.9 51.9 62.8 71.2 79.9 79.3 84.5 83.7 75.4 115.8 65.3 242.0 52.9 65.6 220.0 37.2 93.9 97.9 57.6 90.7 154.9 193.9 198.3 321.6 276.2 190.8 174.3 157.5 157.3 166.1 168.1 168.5 153.0 136.5 105.0 75.6 69.0 65.6 76.4 92.4 100.0
-9999.0 -9999.0 -9999.0 -9999.0 -9999.0 -9999.0 -9999.0 -9999.0 -9999.0 -9999.0 -9999.0 -9999.0 -9999.0 -9999.0 -9999.0 -9999.0 -9999.0 -9999.0 -9999.0 -9999.0 -9999.0 -9999.0 -9999.0 165.0 94.2 93.7 79.3 51.4 22.8 15.2 7.0 6.4 14.0 17.0 28.3 38.6 54.4 59.6 70.7 75.1 71.0 75.9 60.4 60.7 106.8 316.6 102.3 67.5 80.0 82.2 33.7 53.1 35.5 47.3 53.3 63.3 145.3 226.0 194.6 259.0 212.0 195.5 165.2 125.3 124.6 140.9 149.5 138.5 111.4 89.9 69.3 54.7 51.3 60.3 87.2 95.5
-9999.0 -9999.0 -9999.0 -9999.0 -9999.0 -9999.0 -9999.0 -9999.0 -9999.0 -9999.0 -9999.0 -9999.0 -9999.0 -9999.0 -9999.0 -9999.0 -9999.0 -9999.0 -9999.0 -9999.0 -9999.0 -9999.0 -9999.0 -9999.0 -9999.0 355.6 180.1 52.7 35.6 27.9 12.7 12.0 14.4 17.6 25.3 39.6 64.9 56.1 68.9 60.1 69.7 52.1 106.8 94.9 240.0 337.5 202.3 344.1 36.6 57.7 44.2 34.3 53.5 56.4 42.6 63.4 122.4 152.3 225.1 236.3 231.2 209.6 247.2 111.0 106.2 117.7 122.4 108.1 97.5 80.6 60.3 49.5 52.6 49.3 61.9 85.7
-9999.0 -9999.0 -9999.0 -9999.0 -9999.0 -9999.0 -9999.0 -9999.0 -9999.0 -9999.0 -9999.0 -9999.0 -9999.0 -9999.0 -9999.0 -9999.0 -9999.0 -9999.0 -9999.0 -9999.0 -9999.0 -9999.0 -9999.0 -9999.0 -9999.0 -9999.0 -9999.0 467.5 408.9 116.9 69.7 50.0 22.1 51.6 31.1 122.1 46.5 51.8 66.2 51.6 52.3 50.6 131.6 269.3 295.3 347.2 389.5 371.5 330.3 108.4 162.4 126.8 35.6 39.9 50.0 83.1 105.8 148.6 195.4 205.5 220.1 207.4 140.0 110.6 108.5 92.3 106.0 106.7 88.3 67.7 55.5 46.1 50.4 39.5 55.8 67.2
-9999.0 -9999.0 -9999.0 -9999.0 -9999.0 -9999.0 -9999.0 -9999.0 -9999.0 -9999.0 -9999.0 -9999.0 -9999.0 -9999.0 -9999.0 -9999.0 -9999.0 -9999.0 -9999.0 -9999.0 -9999.0 -9999.0 -9999.0 -9999.0 -9999.0 -9999.0 -9999.0 -9999.0 -9999.0 -9999.0 -9999.0 -9999.0 -9999.0 181.6 52.0 -9999.0 -9999.0 -9999.0 144.3 65.0 98.0 145.6 114.2 323.2 395.0 383.5 -9999.0 -9999.0 -9999.0 -9999.0 -9999.0 -9999.0 55.1 55.3 63.5 86.3 115.6 164.8 181.9 215.1 204.8 188.5 140.6 112.4 98.8 100.8 111.7 112.2 92.4 68.1 59.7 48.5 38.5 36.9 25.8 41.2
-9999.0 -9999.0 -9999.0 -9999.0 -9999.0 -9999.0 -9999.0 -9999.0 -9999.0 -9999.0 -9999.0 -9999.0 -9999.0 -9999.0 -9999.0 -9999.0 -9999.0 -9999.0 -9999.0 -9999.0 -9999.0 -9999.0 -9999.0 -9999.0 -9999.0 -9999.0 -9999.0 -9999.0 -9999.0 -9999.0 -9999.0 -9999.0 -9999.0 -9999.0 -9999.0 -9999.0 -9999.0 -9999.0 -9999.0 436.5 409.7 407.7 407.9 399.9 -9999.0 -9999.0 -9999.0 -9999.0 -9999.0 -9999.0 -9999.0 -9999.0 56.8 73.1 77.0 100.8 136.3 180.4 222.3 225.3 195.4 164.3 143.9 111.4 124.3 138.3 150.3 141.8 109.2 78.0 60.0 54.0 48.7 31.8 33.7 29.0
-9999.0 -9999.0 -9999.0 -9999.0 -9999.0 -9999.0 -9999.0 -9999.0 -9999.0 -9999.0 -9999.0 -9999.0 -9999.0 -9999.0 -9999.0 -9999.0 -9999.0 -9999.0 -9999.0 -9999.0 -9999.0 -9999.0 -9999.0 -9999.0 -9999.0 -9999.0 -9999.0 -9999.0 -9999.0 -9999.0 -9999.0 -9999.0 -9999.0 -9999.0 -9999.0 -9999.0 -9999.0 -9999.0 -9999.0 -9999.0 -9999.0 -9999.0 -9999.0 -9999.0 -9999.0 -9999.0 -9999.0 -9999.0 -9999.0 -9999.0 -9999.0 -9999.0 112.0 91.4 95.2 123.5 140.6 172.1 199.8 196.5 177.6 152.3 194.6 125.3 138.8 158.8 181.5 172.9 129.3 88.3 66.4 59.2 53.6 42.7 34.1 36.3
-9999.0 -9999.0 -9999.0 -9999.0 -9999.0 -9999.0 -9999.0 -9999.0 -9999.0 -9999.0 -9999.0 -9999.0 -9999.0 -9999.0 -9999.0 -9999.0 -9999.0 -9999.0 -9999.0 -9999.0 -9999.0 -9999.0 -9999.0 -9999.0 -9999.0 -9999.0 -9999.0 -9999.0 -9999.0 -9999.0 -9999.0 -9999.0 -9999.0 -9999.0 -9999.0 -9999.0 -9999.0 -9999.0 -9999.0 -9999.0 -9999.0 -9999.0 -9999.0 -9999.0 -9999.0 -9999.0 -9999.0 -9999.0 -9999.0 -9999.0 -9999.0 113.8 78.2 102.8 99.2 130.4 150.1 173.7 180.6 153.1 156.3 146.8 146.9 156.7 167.4 180.7 183.2 140.9 130.8 91.3 71.0 62.1 64.2 73.2 58.1 45.9
-9999.0 -9999.0 -9999.0 -9999.0 -9999.0 -9999.0 -9999.0 -9999.0 -9999.0 -9999.0 -9999.0 -9999.0 -9999.0 -9999.0 -9999.0 -9999.0 -9999.0 -9999.0 -9999.0 -9999.0 -9999.0 -9999.0 -9999.0 -9999.0 -9999.0 -9999.0 -9999.0 -9999.0 -9999.0 -9999.0 -9999.0 -9999.0 -9999.0 -9999.0 -9999.0 -9999.0 -9999.0 -9999.0 -9999.0 -9999.0 -9999.0 -9999.0 -9999.0 -9999.0 -9999.0 -9999.0 -9999.0 -9999.0 -9999.0 -9999.0 195.1 99.0 94.5 114.3 120.5 150.5 157.9 156.5 167.5 160.7 132.6 132.5 154.1 189.3 202.3 182.6 171.2 130.2 122.8 92.9 78.4 74.0 83.5 83.2 74.5 65.6
-9999.0 -9999.0 -9999.0 -9999.0 -9999.0 -9999.0 -9999.0 -9999.0 -9999.0 -9999.0 -9999.0 -9999.0 -9999.0 -9999.0 -9999.0 -9999.0 -9999.0 -9999.0 -9999.0 -9999.0 -9999.0 -9999.0 -9999.0 -9999.0 -9999.0 -9999.0 -9999.0 -9999.0 -9999.0 -9999.0 -9999.0 -9999.0 -9999.0 -9999.0 -9999.0 -9999.0 -9999.0 -9999.0 -9999.0 -9999.0 -9999.0 -9999.0 -9999.0 -9999.0 -9999.0 -9999.0 -9999.0 -9999.0 -9999.0 -9999.0 192.4 116.0 106.9 119.7 145.1 156.2 132.0 188.0 178.3 135.9 101.4 106.4 134.5 190.8 215.7 137.3 127.1 115.9 122.6 118.7 105.2 103.2 106.1 97.4 82.8 66.2
-9999.0 -9999.0 -9999.0 -9999.0 -9999.0 -9999.0 -9999.0 -9999.0 -9999.0 -9999.0 -9999.0 -9999.0 -9999.0 -9999.0 -9999.0 -9999.0 -9999.0 -9999.0 -9999.0 -9999.0 -9999.0 -9999.0 -9999.0 -9999.0 -9999.0 -9999.0 -9999.0 -9999.0 -9999.0 -9999.0 -9999.0 -9999.0 -9999.0 -9999.0 -9999.0 -9999.0 -9999.0 -9999.0 -9999.0 -9999.0 -9999.0 -9999.0 -9999.0 -9999.0 -9999.0 -9999.0 -9999.0 -9999.0 -9999.0 -9999.0 210.7 142.7 122.5 154.8 119.5 136.8 202.6 172.1 170.9 100.0 92.3 99.1 129.2 171.5 212.4 165.8 124.2 143.8 176.5 167.7 148.6 131.5 115.7 101.6 80.9 74.4
-9999.0 -9999.0 -9999.0 -9999.0 -9999.0 -9999.0 -9999.0 -9999.0 -9999.0 -9999.0 -9999.0 -9999.0 -9999.0 -9999.0 -9999.0 -9999.0 -9999.0 -9999.0 -9999.0 -9999.0 -9999.0 -9999.0 -9999.0 -9999.0 -9999.0 -9999.0 -9999.0 -9999.0 -9999.0 -9999.0 -9999.0 -9999.0 -9999.0 -9999.0 -9999.0 -9999.0 -9999.0 -9999.0 -9999.0 -9999.0 -9999.0 -9999.0 -9999.0 -9999.0 -9999.0 -9999.0 -9999.0 -9999.0 -9999.0 -9999.0 193.7 169.0 144.7 143.6 144.7 184.0 126.4 162.4 150.8 113.5 104.2 100.9 105.0 160.2 199.1 183.4 176.9 190.8 227.2 255.7 195.6 145.3 112.0 96.3 75.3 79.1
-9999.0 -9999.0 -9999.0 -9999.0 -9999.0 -9999.0 -9999.0 -9999.0 -9999.0 -9999.0 -9999.0 -9999.0 -9999.0 -9999.0 -9999.0 -9999.0 -9999.0 -9999.0 -9999.0 -9999.0 -9999.0 -9999.0 -9999.0 -9999.0 -9999.0 -9999.0 -9999.0 -9999.0 -9999.0 -9999.0 -9999.0 -9999.0 -9999.0 -9999.0 -9999.0 -9999.0 -9999.0 -9999.0 -9999.0 -9999.0 -9999.0 -9999.0 -9999.0 -9999.0 -9999.0 -9999.0 -9999.0 -9999.0 -9999.0 -9999.0 -9999.0 -9999.0 -9999.0 162.2 146.9 142.9 153.0 165.6 138.8 149.0 165.3 136.4 165.4 167.1 174.3 173.0 201.4 241.4 289.2 288.8 226.4 156.2 108.6 85.7 76.6 67.2
-9999.0 -9999.0 -9999.0 -9999.0 -9999.0 -9999.0 -9999.0 -9999.0 -9999.0 -9999.0 -9999.0 -9999.0 -9999.0 -9999.0 -9999.0 -9999.0 -9999.0 -9999.0 -9999.0 -9999.0 -9999.0 -9999.0 -9999.0 -9999.0 -9999.0 -9999.0 -9999.0 -9999.0 -9999.0 -9999.0 -9999.0 -9999.0 -9999.0 -9999.0 -9999.0 -9999.0 -9999.0 -9999.0 -9999.0 -9999.0 -9999.0 -9999.0 -9999.0 -9999.0 -9999.0 -9999.0 -9999.0 -9999.0 -9999.0 -9999.0 -9999.0 -9999.0 -9999.0 212.0 181.2 234.0 153.0 135.3 163.2 205.7 202.3 194.2 220.0 193.6 184.8 188.0 223.8 259.1 295.1 281.8 226.9 167.0 121.0 95.9 84.9 85.6
-9999.0 -9999.0 -9999.0 -9999.0 -9999.0 -9999.0 -9999.0 -9999.0 -9999.0 -9999.0 -9999.0 -9999.0 -9999.0 -9999.0 -9999.0 -9999.0 -9999.0 -9999.0 -9999.0 -9999.0 -9999.0 -9999.0 -9999.0 -9999.0 -9999.0 -9999.0 -9999.0 -9999.0 -9999.0 -9999.0 -9999.0 -9999.0 -9999.0 -9999.0 -9999.0 -9999.0 -9999.0 -9999.0 -9999.0 -9999.0 -9999.0 -9999.0 -9999.0 -9999.0 -9999.0 -9999.0 -9999.0 -9999.0 -9999.0 -9999.0 -9999.0 -9999.0 -9999.0 263.6 202.0 216.0 172.8 143.6 168.4 202.2 245.6 254.8 269.3 253.7 217.5 -9999.0 -9999.0 -9999.0 268.5 248.3 223.9 191.1 150.8 118.4 103.2 103.5
-9999.0 -9999.0 -9999.0 -9999.0 -9999.0 -9999.0 -9999.0 -9999.0 -9999.0 -9999.0 -9999.0 -9999.0 -9999.0 -9999.0 -9999.0 -9999.0 -9999.0 -9999.0 -9999.0 -9999.0 -9999.0 -9999.0 -9999.0 -9999.0 -9999.0 -9999.0 -9999.0 -9999.0 -9999.0 -9999.0 -9999.0 -9999.0 -9999.0 -9999.0 -9999.0 -9999.0 -9999.0 -9999.0 -9999.0 -9999.0 -9999.0 -9999.0 -9999.0 -9999.0 -9999.0 -9999.0 -9999.0 -9999.0 -9999.0 -9999.0 -9999.0 -9999.0 -9999.0 -9999.0 264.3 219.7 150.4 127.3 172.7 225.5 208.8 -9999.0 -9999.0 -9999.0 -9999.0 -9999.0 -9999.0 -9999.0 232.7 231.8 234.7 211.4 178.1 143.8 121.0 108.1
-9999.0 -9999.0 -9999.0 -9999.0 -9999.0 -9999.0 -9999.0 -9999.0 -9999.0 -9999.0 -9999.0 -9999.0 -9999.0 -9999.0 -9999.0 -9999.0 -9999.0 -9999.0 -9999.0 -9999.0 -9999.0 -9999.0 -9999.0 -9999.0 -9999.0 -9999.0 -9999.0 -9999.0 -9999.0 -9999.0 -9999.0 -9999.0 -9999.0 -9999.0 -9999.0 -9999.0 -9999.0 -9999.0 -9999.0 -9999.0 -9999.0 -9999.0 -9999.0 -9999.0 -9999.0 -9999.0 -9999.0 -9999.0 -9999.0 -9999.0 -9999.0 -9999.0 -9999.0 -9999.0 -9999.0 217.4 233.3 159.0 148.4 190.5 209.1 -9999.0 -9999.0 -9999.0 -9999.0 -9999.0 -9999.0 -9999.0 -9999.0 -9999.0 216.6 -9999.0 -9999.0 -9999.0 -9999.0 -9999.0
