program/excelProcessViaJava/data/SURF_CLI_CHN_PRE_MON_GRID_0.5-200806.txt
NCOLS      128
NROWS       72
XLLCORNER    72.000000000000    
YLLCORNER    18.000000000000    
CELLSIZE    0.50000000000000    
NODATA_VALUE   -9999.000    
[rows 33 to 65 of 72, columns 0 to 74 of 128]
-9999.0 -9999.0 -9999.0 -9999.0 35.0 47.7 57.4 44.1 41.3 18.2 21.3 14.7 8.4 2.8 1.5 1.5 2.0 3.0 4.0 4.9 5.4 5.6 5.5 5.4 4.9 5.3 6.3 61.4 24.0 30.4 36.6 32.3 31.3 38.7 27.1 27.1 24.2 45.8 37.5 22.0 10.6 7.2 6.7 5.6 4.9 4.6 5.5 8.9 13.2 14.3 20.2 35.2 48.0 63.0 56.5 65.8 68.8 88.0 86.6 101.6 94.8 75.8 56.7 24.1 11.6 14.7 13.8 7.1 8.7 6.5 7.0 12.6 25.3 46.1 70.0
-9999.0 -9999.0 -9999.0 -9999.0 40.2 37.7 51.5 38.3 59.6 56.7 28.0 47.0 32.9 30.6 7.3 6.6 7.1 4.7 4.2 4.6 6.4 7.4 8.5 16.5 41.3 61.3 40.2 42.0 39.2 39.4 38.6 46.3 38.6 38.2 40.5 34.5 42.8 49.7 33.3 21.4 32.3 13.2 11.3 7.5 5.9 4.8 4.7 5.8 8.4 13.8 21.0 31.4 49.2 51.5 51.8 58.1 61.9 71.8 83.9 67.2 84.7 49.8 34.0 31.0 19.8 11.8 19.1 14.2 13.8 17.1 17.1 27.0 46.6 75.2 99.7
-9999.0 -9999.0 -9999.0 -9999.0 -9999.0 -9999.0 -9999.0 38.4 45.6 38.6 54.5 52.7 34.8 37.3 35.7 7.4 17.1 9.4 8.7 14.4 28.8 43.9 48.6 46.9 45.6 45.1 50.4 52.3 52.8 59.1 56.5 54.0 50.4 52.1 55.9 46.1 55.8 48.6 59.6 60.9 32.0 66.2 58.5 37.5 19.7 8.4 11.8 10.9 16.2 16.6 22.6 33.6 46.0 61.1 67.4 56.5 55.1 61.7 88.7 86.7 89.7 60.6 40.4 37.3 42.3 27.5 30.7 32.1 31.7 33.9 35.6 50.7 78.6 109.7 130.0
-9999.0 -9999.0 -9999.0 -9999.0 -9999.0 -9999.0 -9999.0 48.9 30.8 41.0 44.4 36.7 39.7 48.3 37.4 55.3 35.7 34.7 50.6 37.5 38.7 51.0 48.6 51.6 51.5 53.9 54.4 64.9 56.5 54.5 63.3 62.2 59.4 66.1 55.1 54.8 49.7 56.2 54.5 50.9 54.3 56.1 61.3 82.0 45.3 25.0 29.2 29.2 41.4 34.1 46.8 43.5 44.0 52.9 68.6 67.2 70.6 81.8 95.5 98.7 91.5 87.9 72.2 70.5 63.9 59.6 57.8 60.8 69.7 60.3 63.0 84.0 112.3 134.9 135.8
-9999.0 -9999.0 -9999.0 -9999.0 -9999.0 -9999.0 -9999.0 -9999.0 -9999.0 34.0 32.5 29.5 38.2 36.7 32.1 29.4 37.0 57.9 45.2 59.9 52.0 47.7 50.4 54.5 57.4 58.6 65.0 67.6 63.3 75.8 60.3 64.1 62.8 66.1 54.5 52.8 50.1 53.9 49.2 53.4 50.5 59.4 60.4 57.8 66.8 63.3 59.3 52.8 49.2 44.5 45.0 40.4 42.6 52.6 70.8 78.5 84.1 94.6 106.6 105.4 99.8 97.9 101.5 99.2 104.4 99.1 97.1 105.0 110.4 99.2 100.2 113.0 131.2 140.1 135.8
-9999.0 -9999.0 -9999.0 -9999.0 -9999.0 -9999.0 -9999.0 -9999.0 -9999.0 -9999.0 -9999.0 33.0 20.6 34.7 29.9 33.8 33.6 34.2 36.7 43.9 54.9 53.1 60.1 60.6 78.1 75.2 82.8 85.0 83.4 79.0 77.1 84.6 70.9 68.5 61.3 74.1 58.2 57.1 80.6 56.3 65.4 60.5 61.3 64.7 91.8 75.0 93.0 72.8 68.3 56.4 44.1 42.7 47.0 61.1 81.2 94.4 103.0 113.2 116.7 114.4 110.1 106.5 113.3 126.1 129.6 120.1 120.4 129.9 126.4 119.1 116.9 123.1 120.9 113.0 83.1
-9999.0 -9999.0 -9999.0 -9999.0 -9999.0 -9999.0 -9999.0 -9999.0 -9999.0 -9999.0 -9999.0 -9999.0 18.2 18.3 28.2 25.0 39.9 34.7 39.0 55.5 44.2 54.3 62.3 65.9 100.0 83.4 83.5 97.7 96.4 107.7 93.9 87.4 82.3 85.8 81.5 72.7 89.1 68.3 58.6 52.1 52.0 58.1 68.0 87.8 95.1 103.4 108.4 83.8 76.1 65.9 66.4 60.6 60.2 72.1 92.5 110.5 121.4 128.7 123.4 125.3 118.5 116.2 116.4 125.3 138.2 135.8 128.4 125.9 116.2 109.5 99.1 79.2 68.7 69.8 79.4
-9999.0 -9999.0 -9999.0 -9999.0 -9999.0 -9999.0 -9999.0 -9999.0 -9999.0 -9999.0 -9999.0 -9999.0 23.6 13.1 12.6 23.0 18.7 25.6 39.6 43.5 50.0 62.2 69.2 72.4 75.2 89.2 97.0 96.0 105.6 100.8 107.0 111.4 97.4 88.4 86.6 77.4 91.1 90.6 80.4 72.1 63.2 68.0 98.0 94.7 120.7 137.4 117.1 100.6 74.3 76.5 68.3 71.5 72.8 90.0 105.3 123.0 129.2 133.2 128.5 125.8 122.7 120.9 120.8 121.9 131.9 132.8 120.7 105.1 86.0 85.3 98.4 102.8 98.7 91.4 85.7
-9999.0 -9999.0 -9999.0 -9999.0 -9999.0 -9999.0 -9999.0 -9999.0 -9999.0 -9999.0 -9999.0 -9999.0 -9999.0 13.4 20.3 12.3 20.8 21.4 26.2 33.8 45.7 51.2 70.7 72.3 86.0 109.7 119.3 133.1 129.5 127.5 117.2 109.2 113.7 105.1 82.4 80.5 83.4 93.5 130.8 105.8 98.1 109.0 115.5 145.3 141.8 137.3 143.8 136.6 118.6 98.1 87.5 79.1 85.6 115.5 120.6 126.8 127.6 130.7 136.0 130.5 128.0 122.3 121.2 116.9 117.0 122.3 121.8 110.2 93.4 85.5 89.6 93.8 93.8 87.9 82.3
-9999.0 -9999.0 -9999.0 -9999.0 -9999.0 -9999.0 -9999.0 -9999.0 -9999.0 -9999.0 -9999.0 -9999.0 9.3 14.7 14.9 12.3 22.8 23.1 28.9 29.4 38.9 50.5 66.2 77.7 89.5 115.1 123.6 128.6 134.8 140.0 134.9 119.8 126.4 103.0 95.0 82.6 99.8 90.2 97.4 105.6 139.1 163.2 183.7 150.8 171.4 175.6 157.2 127.4 117.6 106.1 113.2 121.0 105.7 120.1 119.1 119.6 124.6 108.6 120.1 117.8 123.0 126.1 117.0 116.6 106.6 110.0 114.3 105.8 100.0 97.0 97.5 102.6 101.2 95.0 93.3
-9999.0 -9999.0 -9999.0 -9999.0 -9999.0 -9999.0 -9999.0 -9999.0 -9999.0 -9999.0 -9999.0 -9999.0 8.4 4.9 7.4 18.3 19.9 16.3 21.8 34.0 37.4 54.6 67.9 82.2 93.6 106.4 121.3 132.9 142.4 143.3 141.3 136.9 134.9 102.9 85.9 80.8 75.9 92.5 103.3 97.4 111.6 120.6 141.5 167.9 185.6 194.4 202.9 176.2 148.5 98.2 99.7 125.1 112.9 112.9 114.4 104.8 107.8 111.8 108.0 123.0 129.6 132.2 103.0 91.3 93.3 112.7 107.8 98.6 93.7 97.7 105.9 112.4 111.8 103.0 95.2
-9999.0 -9999.0 -9999.0 -9999.0 -9999.0 -9999.0 -9999.0 -9999.0 -9999.0 -9999.0 -9999.0 -9999.0 2.2 5.7 4.3 6.9 9.6 20.4 22.2 30.6 47.5 61.0 67.8 87.3 100.1 122.4 133.7 153.4 150.6 156.7 157.0 163.0 136.8 110.3 88.6 77.3 76.2 89.8 97.3 118.9 117.8 114.7 182.9 144.0 192.8 225.1 223.0 177.6 122.3 112.4 117.4 106.5 169.3 169.3 139.9 102.3 107.8 113.1 118.8 111.7 115.3 114.7 132.4 85.6 92.6 110.3 105.9 98.6 97.7 105.7 115.5 117.9 118.0 111.0 91.0
-9999.0 -9999.0 -9999.0 -9999.0 -9999.0 -9999.0 -9999.0 -9999.0 -9999.0 -9999.0 -9999.0 -9999.0 -9999.0 6.3 6.8 5.3 8.6 11.7 20.9 30.6 48.3 52.7 70.3 88.0 97.5 115.7 130.2 142.3 159.1 159.9 175.2 170.8 161.4 131.4 107.2 106.5 100.5 95.3 112.0 114.1 123.7 189.1 221.2 219.2 185.8 192.3 208.2 132.0 167.1 142.8 102.9 155.3 145.3 118.8 154.9 146.1 112.5 114.3 125.8 145.3 136.7 161.3 124.4 79.1 111.7 116.2 121.2 117.8 118.1 122.3 130.0 133.2 128.7 139.7 134.5
-9999.0 -9999.0 -9999.0 -9999.0 -9999.0 -9999.0 -9999.0 -9999.0 -9999.0 -9999.0 -9999.0 -9999.0 -9999.0 1.0 4.2 3.9 9.4 9.3 15.0 24.3 41.0 52.8 67.4 80.7 89.9 109.1 125.9 136.8 152.0 175.3 181.4 183.1 171.7 154.0 137.6 120.7 104.3 112.5 136.6 181.6 158.8 182.5 204.8 218.9 262.2 211.4 195.8 132.1 130.9 120.2 146.1 93.3 150.9 176.4 182.2 159.1 133.6 136.0 147.9 127.0 149.5 106.4 91.4 125.2 123.7 131.7 143.8 146.8 143.2 147.2 147.4 141.6 137.7 137.9 139.2
-9999.0 -9999.0 -9999.0 -9999.0 -9999.0 -9999.0 -9999.0 -9999.0 -9999.0 -9999.0 -9999.0 -9999.0 -9999.0 -9999.0 -9999.0 2.8 4.3 8.5 12.4 18.2 32.3 41.2 54.0 69.6 86.1 101.2 121.7 132.7 150.9 157.3 171.6 178.0 181.2 170.4 147.9 149.0 151.3 114.2 138.8 157.6 194.1 214.2 219.9 214.5 166.9 139.2 172.4 99.0 130.6 57.4 101.7 180.9 140.6 156.7 98.7 158.7 159.3 137.5 173.6 178.6 129.2 100.1 131.6 132.5 138.3 150.3 167.5 175.7 172.8 165.6 156.2 141.4 132.7 132.7 126.7
-9999.0 -9999.0 -9999.0 -9999.0 -9999.0 -9999.0 -9999.0 -9999.0 -9999.0 -9999.0 -9999.0 -9999.0 -9999.0 -9999.0 -9999.0 -9999.0 -9999.0 4.5 7.5 -9999.0 20.9 35.5 44.7 58.2 75.1 88.7 106.6 117.5 127.0 143.7 153.9 161.8 172.5 160.2 133.9 133.6 154.1 87.9 137.0 157.2 180.4 211.7 208.2 194.5 110.1 126.8 91.9 172.8 85.3 107.0 42.3 92.5 50.8 156.1 171.5 176.1 158.6 187.3 189.7 193.3 112.6 113.1 127.2 127.1 128.4 140.8 164.5 182.4 192.5 178.8 157.0 124.5 124.5 120.4 120.1
-9999.0 -9999.0 -9999.0 -9999.0 -9999.0 -9999.0 -9999.0 -9999.0 -9999.0 -9999.0 -9999.0 -9999.0 -9999.0 -9999.0 -9999.0 -9999.0 -9999.0 -9999.0 -9999.0 -9999.0 -9999.0 27.4 38.9 52.9 63.3 73.8 85.7 96.7 107.6 116.0 129.4 136.9 148.6 149.1 128.9 126.0 110.2 101.5 97.1 92.4 110.7 189.8 199.9 189.5 109.3 146.3 109.0 93.4 159.0 273.0 92.9 175.8 173.5 98.2 143.0 181.6 189.1 183.5 212.7 201.3 123.4 110.4 112.0 100.3 100.6 114.2 138.5 162.6 179.8 164.0 123.5 104.8 107.0 105.5 103.2
-9999.0 -9999.0 -9999.0 -9999.0 -9999.0 -9999.0 -9999.0 -9999.0 -9999.0 -9999.0 -9999.0 -9999.0 -9999.0 -9999.0 -9999.0 -9999.0 -9999.0 -9999.0 -9999.0 -9999.0 -9999.0 -9999.0 -9999.0 41.8 51.9 62.4 72.3 81.0 90.4 96.4 107.3 120.2 132.1 133.2 131.2 121.2 119.8 95.8 117.6 133.2 143.8 166.1 156.9 137.0 111.3 141.8 105.3 92.3 80.4 71.7 64.1 131.1 71.9 104.1 105.2 98.6 172.1 199.2 174.0 203.0 163.4 144.4 118.6 85.4 84.0 91.9 109.2 127.8 128.2 114.9 90.6 82.8 93.7 117.4 113.4
-9999.0 -9999.0 -9999.0 -9999.0 -9999.0 -9999.0 -9999.0 -9999.0 -9999.0 -9999.0 -9999.0 -9999.0 -9999.0 -9999.0 -9999.0 -9999.0 -9999.0 -9999.0 -9999.0 -9999.0 -9999.0 -9999.0 -9999.0 -9999.0 -9999.0 59.0 62.9 67.6 74.5 85.2 89.4 96.7 104.3 108.2 100.0 103.7 112.4 83.2 99.1 94.1 121.8 123.0 102.1 111.7 143.8 177.3 143.8 187.6 98.2 82.6 121.8 96.1 126.0 122.4 81.8 103.3 155.4 162.4 193.1 194.7 195.2 184.8 178.4 91.8 93.3 95.5 104.2 124.2 117.5 103.3 74.1 71.7 87.2 131.3 151.3
-9999.0 -9999.0 -9999.0 -9999.0 -9999.0 -9999.0 -9999.0 -9999.0 -9999.0 -9999.0 -9999.0 -9999.0 -9999.0 -9999.0 -9999.0 -9999.0 -9999.0 -9999.0 -9999.0 -9999.0 -9999.0 -9999.0 -9999.0 -9999.0 -9999.0 -9999.0 -9999.0 73.4 79.0 71.1 75.0 79.8 84.9 79.5 81.5 62.5 62.2 57.7 56.6 67.9 85.2 94.6 116.6 167.7 190.1 218.8 241.1 239.3 224.3 125.1 147.7 127.8 85.5 82.2 92.8 126.9 126.0 141.9 176.7 177.6 232.0 197.5 176.0 144.9 141.5 152.7 140.2 115.6 103.5 88.1 71.4 87.4 89.1 139.4 156.0
-9999.0 -9999.0 -9999.0 -9999.0 -9999.0 -9999.0 -9999.0 -9999.0 -9999.0 -9999.0 -9999.0 -9999.0 -9999.0 -9999.0 -9999.0 -9999.0 -9999.0 -9999.0 -9999.0 -9999.0 -9999.0 -9999.0 -9999.0 -9999.0 -9999.0 -9999.0 -9999.0 -9999.0 -9999.0 -9999.0 -9999.0 -9999.0 -9999.0 74.1 62.7 -9999.0 -9999.0 -9999.0 75.6 64.6 88.9 120.3 126.3 219.9 264.7 277.9 -9999.0 -9999.0 -9999.0 -9999.0 -9999.0 -9999.0 100.3 110.9 100.6 119.1 141.3 151.6 159.1 178.0 201.5 196.7 193.3 170.4 175.0 194.1 197.3 175.3 127.1 81.7 66.3 91.2 119.4 128.9 177.5
-9999.0 -9999.0 -9999.0 -9999.0 -9999.0 -9999.0 -9999.0 -9999.0 -9999.0 -9999.0 -9999.0 -9999.0 -9999.0 -9999.0 -9999.0 -9999.0 -9999.0 -9999.0 -9999.0 -9999.0 -9999.0 -9999.0 -9999.0 -9999.0 -9999.0 -9999.0 -9999.0 -9999.0 -9999.0 -9999.0 -9999.0 -9999.0 -9999.0 -9999.0 -9999.0 -9999.0 -9999.0 -9999.0 -9999.0 187.8 206.6 234.5 264.1 290.1 -9999.0 -9999.0 -9999.0 -9999.0 -9999.0 -9999.0 -9999.0 -9999.0 116.1 131.0 134.7 158.8 180.1 182.4 174.2 174.1 187.3 196.8 188.0 188.6 185.5 213.9 238.8 206.9 130.8 100.5 90.0 100.0 106.7 146.5 151.3
-9999.0 -9999.0 -9999.0 -9999.0 -9999.0 -9999.0 -9999.0 -9999.0 -9999.0 -9999.0 -9999.0 -9999.0 -9999.0 -9999.0 -9999.0 -9999.0 -9999.0 -9999.0 -9999.0 -9999.0 -9999.0 -9999.0 -9999.0 -9999.0 -9999.0 -9999.0 -9999.0 -9999.0 -9999.0 -9999.0 -9999.0 -9999.0 -9999.0 -9999.0 -9999.0 -9999.0 -9999.0 -9999.0 -9999.0 -9999.0 -9999.0 -9999.0 -9999.0 -9999.0 -9999.0 -9999.0 -9999.0 -9999.0 -9999.0 -9999.0 -9999.0 -9999.0 182.1 152.2 168.3 191.5 226.1 224.7 209.5 199.8 191.1 196.7 185.6 196.6 203.7 241.5 260.6 218.3 142.8 101.5 97.4 118.5 179.5 161.6 174.9
-9999.0 -9999.0 -9999.0 -9999.0 -9999.0 -9999.0 -9999.0 -9999.0 -9999.0 -9999.0 -9999.0 -9999.0 -9999.0 -9999.0 -9999.0 -9999.0 -9999.0 -9999.0 -9999.0 -9999.0 -9999.0 -9999.0 -9999.0 -9999.0 -9999.0 -9999.0 -9999.0 -9999.0 -9999.0 -9999.0 -9999.0 -9999.0 -9999.0 -9999.0 -9999.0 -9999.0 -9999.0 -9999.0 -9999.0 -9999.0 -9999.0 -9999.0 -9999.0 -9999.0 -9999.0 -9999.0 -9999.0 -9999.0 -9999.0 -9999.0 -9999.0 239.1 167.9 172.3 181.7 221.6 242.3 247.9 238.2 188.1 205.5 196.9 192.0 200.3 209.4 234.1 230.6 148.4 162.7 132.8 134.7 159.8 173.9 181.2 213.4
-9999.0 -9999.0 -9999.0 -9999.0 -9999.0 -9999.0 -9999.0 -9999.0 -9999.0 -9999.0 -9999.0 -9999.0 -9999.0 -9999.0 -9999.0 -9999.0 -9999.0 -9999.0 -9999.0 -9999.0 -9999.0 -9999.0 -9999.0 -9999.0 -9999.0 -9999.0 -9999.0 -9999.0 -9999.0 -9999.0 -9999.0 -9999.0 -9999.0 -9999.0 -9999.0 -9999.0 -9999.0 -9999.0 -9999.0 -9999.0 -9999.0 -9999.0 -9999.0 -9999.0 -9999.0 -9999.0 -9999.0 -9999.0 -9999.0 -9999.0 396.4 231.8 185.8 186.8 185.3 212.9 209.5 200.8 220.6 214.7 202.0 191.7 185.6 205.0 218.2 216.5 218.6 192.7 229.9 220.5 230.1 233.9 263.6 310.9 360.2
-9999.0 -9999.0 -9999.0 -9999.0 -9999.0 -9999.0 -9999.0 -9999.0 -9999.0 -9999.0 -9999.0 -9999.0 -9999.0 -9999.0 -9999.0 -9999.0 -9999.0 -9999.0 -9999.0 -9999.0 -9999.0 -9999.0 -9999.0 -9999.0 -9999.0 -9999.0 -9999.0 -9999.0 -9999.0 -9999.0 -9999.0 -9999.0 -9999.0 -9999.0 -9999.0 -9999.0 -9999.0 -9999.0 -9999.0 -9999.0 -9999.0 -9999.0 -9999.0 -9999.0 -9999.0 -9999.0 -9999.0 -9999.0 -9999.0 -9999.0 448.4 256.6 244.9 199.4 201.5 192.7 156.3 207.7 203.6 190.1 183.8 182.2 174.4 211.4 237.7 178.1 190.5 197.7 275.1 293.7 325.4 348.3 381.9 418.6 469.9
-9999.0 -9999.0 -9999.0 -9999.0 -9999.0 -9999.0 -9999.0 -9999.0 -9999.0 -9999.0 -9999.0 -9999.0 -9999.0 -9999.0 -9999.0 -9999.0 -9999.0 -9999.0 -9999.0 -9999.0 -9999.0 -9999.0 -9999.0 -9999.0 -9999.0 -9999.0 -9999.0 -9999.0 -9999.0 -9999.0 -9999.0 -9999.0 -9999.0 -9999.0 -9999.0 -9999.0 -9999.0 -9999.0 -9999.0 -9999.0 -9999.0 -9999.0 -9999.0 -9999.0 -9999.0 -9999.0 -9999.0 -9999.0 -9999.0 -9999.0 506.5 387.7 312.4 246.6 207.6 189.7 221.6 196.0 202.9 178.9 199.5 214.4 219.4 228.4 266.2 231.4 199.7 221.4 266.9 380.1 366.9 454.4 415.0 467.0 461.4
-9999.0 -9999.0 -9999.0 -9999.0 -9999.0 -9999.0 -9999.0 -9999.0 -9999.0 -9999.0 -9999.0 -9999.0 -9999.0 -9999.0 -9999.0 -9999.0 -9999.0 -9999.0 -9999.0 -9999.0 -9999.0 -9999.0 -9999.0 -9999.0 -9999.0 -9999.0 -9999.0 -9999.0 -9999.0 -9999.0 -9999.0 -9999.0 -9999.0 -9999.0 -9999.0 -9999.0 -9999.0 -9999.0 -9999.0 -9999.0 -9999.0 -9999.0 -9999.0 -9999.0 -9999.0 -9999.0 -9999.0 -9999.0 -9999.0 -9999.0 509.9 405.3 353.4 296.0 257.7 244.3 185.2 208.3 209.6 185.9 233.4 247.3 199.8 264.8 302.4 289.3 303.5 309.5 374.7 237.3 340.5 365.0 385.4 400.3 371.3
-9999.0 -9999.0 -9999.0 -9999.0 -9999.0 -9999.0 -9999.0 -9999.0 -9999.0 -9999.0 -9999.0 -9999.0 -9999.0 -9999.0 -9999.0 -9999.0 -9999.0 -9999.0 -9999.0 -9999.0 -9999.0 -9999.0 -9999.0 -9999.0 -9999.0 -9999.0 -9999.0 -9999.0 -9999.0 -9999.0 -9999.0 -9999.0 -9999.0 -9999.0 -9999.0 -9999.0 -9999.0 -9999.0 -9999.0 -9999.0 -9999.0 -9999.0 -9999.0 -9999.0 -9999.0 -9999.0 -9999.0 -9999.0 -9999.0 -9999.0 -9999.0 -9999.0 -9999.0 338.5 276.3 231.4 218.5 225.4 182.7 198.7 334.0 229.5 362.8 308.5 307.4 298.1 357.1 300.3 351.9 334.3 299.7 278.6 269.1 282.2 330.8
-9999.0 -9999.0 -9999.0 -9999.0 -9999.0 -9999.0 -9999.0 -9999.0 -9999.0 -9999.0 -9999.0 -9999.0 -9999.0 -9999.0 -9999.0 -9999.0 -9999.0 -9999.0 -9999.0 -9999.0 -9999.0 -9999.0 -9999.0 -9999.0 -9999.0 -9999.0 -9999.0 -9999.0 -9999.0 -9999.0 -9999.0 -9999.0 -9999.0 -9999.0 -9999.0 -9999.0 -9999.0 -9999.0 -9999.0 -9999.0 -9999.0 -9999.0 -9999.0 -9999.0 -9999.0 -9999.0 -9999.0 -9999.0 -9999.0 -9999.0 -9999.0 -9999.0 -9999.0 362.1 285.1 282.8 210.1 187.7 211.0 298.6 279.1 264.5 436.9 286.5 286.6 288.9 224.6 384.9 291.5 291.8 262.0 251.5 261.6 303.8 390.3
-9999.0 -9999.0 -9999.0 -9999.0 -9999.0 -9999.0 -9999.0 -9999.0 -9999.0 -9999.0 -9999.0 -9999.0 -9999.0 -9999.0 -9999.0 -9999.0 -9999.0 -9999.0 -9999.0 -9999.0 -9999.0 -9999.0 -9999.0 -9999.0 -9999.0 -9999.0 -9999.0 -9999.0 -9999.0 -9999.0 -9999.0 -9999.0 -9999.0 -9999.0 -9999.0 -9999.0 -9999.0 -9999.0 -9999.0 -9999.0 -9999.0 -9999.0 -9999.0 -9999.0 -9999.0 -9999.0 -9999.0 -9999.0 -9999.0 -9999.0 -9999.0 -9999.0 -9999.0 365.3 269.6 248.9 207.7 185.9 213.1 244.4 342.3 380.4 497.2 497.1 254.4 -9999.0 -9999.0 -9999.0 365.4 313.3 322.1 356.7 399.7 468.0 575.4
-9999.0 -9999.0 -9999.0 -9999.0 -9999.0 -9999.0 -9999.0 -9999.0 -9999.0 -9999.0 -9999.0 -9999.0 -9999.0 -9999.0 -9999.0 -9999.0 -9999.0 -9999.0 -9999.0 -9999.0 -9999.0 -9999.0 -9999.0 -9999.0 -9999.0 -9999.0 -9999.0 -9999.0 -9999.0 -9999.0 -9999.0 -9999.0 -9999.0 -9999.0 -9999.0 -9999.0 -9999.0 -9999.0 -9999.0 -9999.0 -9999.0 -9999.0 -9999.0 -9999.0 -9999.0 -9999.0 -9999.0 -9999.0 -9999.0 -9999.0 -9999.0 -9999.0 -9999.0 -9999.0 288.1 232.6 175.5 165.2 228.5 314.4 279.2 -9999.0 -9999.0 -9999.0 -9999.0 -9999.0 -9999.0 -9999.0 347.6 402.1 483.2 473.5 548.7 653.0 704.1
-9999.0 -9999.0 -9999.0 -9999.0 -9999.0 -9999.0 -9999.0 -9999.0 -9999.0 -9999.0 -9999.0 -9999.0 -9999.0 -9999.0 -9999.0 -9999.0 -9999.0 -9999.0 -9999.0 -9999.0 -9999.0 -9999.0 -9999.0 -9999.0 -9999.0 -9999.0 -9999.0 -9999.0 -9999.0 -9999.0 -9999.0 -9999.0 -9999.0 -9999.0 -9999.0 -9999.0 -9999.0 -9999.0 -9999.0 -9999.0 -9999.0 -9999.0 -9999.0 -9999.0 -9999.0 -9999.0 -9999.0 -9999.0 -9999.0 -9999.0 -9999.0 -9999.0 -9999.0 -9999.0 -9999.0 226.0 244.4 203.4 217.4 291.4 327.5 -9999.0 -9999.0 -9999.0 -9999.0 -9999.0 -9999.0 -9999.0 -9999.0 -9999.0 476.2 -9999.0 -9999.0 -9999.0 -9999.0
