program/excelProcessViaJava/data/SURF_CLI_CHN_PRE_MON_GRID_0.5-200604.txt
NCOLS      128
NROWS       72
XLLCORNER    72.000000000000    
YLLCORNER    18.000000000000    
CELLSIZE    0.50000000000000    
NODATA_VALUE   -9999.000    
[rows 35 to 69 of 72, columns 0 to 76 of 128]
-9999.0 -9999.0 -9999.0 -9999.0 -9999.0 -9999.0 -9999.0 3.8 2.3 2.3 0.6 0.4 0.8 0.4 0.3 3.4 0.6 1.8 2.0 0.6 0.0 0.0 0.0 0.0 0.0 0.0 0.0 0.0 0.1 0.2 0.4 1.1 2.3 2.9 3.2 4.3 3.4 3.3 2.6 2.3 1.7 2.8 3.6 4.8 6.5 7.4 11.2 10.9 14.1 12.2 14.3 19.8 22.5 11.5 11.4 16.6 20.2 24.6 27.2 25.6 24.5 11.4 7.4 10.5 13.9 5.0 5.8 7.9 5.7 5.5 3.0 4.2 10.0 16.2 19.8 23.0 18.3
-9999.0 -9999.0 -9999.0 -9999.0 -9999.0 -9999.0 -9999.0 2.6 5.2 2.4 1.3 1.5 0.7 0.2 0.3 0.0 0.1 0.1 0.0 0.0 0.0 0.0 0.0 0.0 0.0 0.0 0.1 0.0 0.3 0.7 0.7 1.4 2.5 2.5 4.1 4.1 4.1 3.2 2.7 2.3 2.1 2.4 3.5 6.1 8.1 9.8 13.6 16.2 21.0 22.0 20.5 18.9 20.8 15.4 9.1 17.0 23.1 28.6 27.3 25.4 27.9 27.2 18.1 23.3 18.5 10.3 6.9 7.8 14.8 5.6 5.0 7.2 14.3 21.2 17.8 25.9 25.1
-9999.0 -9999.0 -9999.0 -9999.0 -9999.0 -9999.0 -9999.0 -9999.0 -9999.0 4.0 3.3 2.9 0.8 0.6 0.6 0.5 0.1 0.0 0.0 0.0 0.0 0.0 0.0 0.0 0.0 0.1 0.1 0.2 0.5 0.4 2.2 2.6 3.5 3.7 5.3 5.2 4.7 3.7 3.1 2.5 2.2 2.6 3.6 5.5 8.8 12.1 15.3 17.9 20.4 21.8 20.9 18.6 16.0 14.0 8.4 15.8 25.6 30.6 24.3 25.8 28.3 29.8 35.5 35.7 38.0 23.9 14.5 15.8 28.8 18.8 15.9 14.4 21.5 27.3 27.4 12.4 15.4
-9999.0 -9999.0 -9999.0 -9999.0 -9999.0 -9999.0 -9999.0 -9999.0 -9999.0 -9999.0 -9999.0 2.2 4.8 0.7 0.9 0.3 0.3 0.2 0.1 0.0 0.0 0.0 0.0 0.0 0.0 0.0 0.1 0.1 0.3 1.0 1.9 1.9 4.2 4.9 5.9 4.6 5.3 4.5 3.6 3.1 3.0 3.2 4.2 6.1 9.9 12.0 16.2 17.6 20.1 21.0 20.0 17.6 14.2 10.5 7.1 10.2 18.9 20.3 23.4 23.4 22.0 29.5 41.0 58.0 62.1 39.0 24.4 36.6 50.5 48.4 36.6 31.1 33.4 34.2 21.3 20.7 22.4
-9999.0 -9999.0 -9999.0 -9999.0 -9999.0 -9999.0 -9999.0 -9999.0 -9999.0 -9999.0 -9999.0 -9999.0 6.4 5.1 1.1 1.4 0.1 0.2 0.1 0.0 0.1 0.0 0.0 0.1 0.0 0.1 0.2 0.1 0.4 0.3 1.7 3.2 4.4 4.4 5.2 6.1 5.0 5.6 5.0 4.2 3.7 4.1 5.4 7.8 10.3 13.1 15.6 15.2 17.2 18.8 18.8 15.8 13.3 12.2 10.1 9.4 11.7 12.2 25.1 18.2 19.8 21.3 29.5 52.2 83.1 78.9 61.7 71.3 79.7 75.3 53.8 36.1 34.3 38.0 46.1 52.0 60.6
-9999.0 -9999.0 -9999.0 -9999.0 -9999.0 -9999.0 -9999.0 -9999.0 -9999.0 -9999.0 -9999.0 -9999.0 3.3 8.8 8.3 1.8 3.2 1.0 0.1 0.1 0.1 0.0 0.0 0.1 0.2 0.2 0.2 0.7 0.7 1.9 1.9 1.9 4.1 5.6 6.0 7.2 6.5 6.7 6.7 6.1 5.5 5.9 7.9 9.2 12.1 14.4 13.8 12.8 10.9 14.5 15.4 14.6 14.1 11.9 14.8 11.6 16.5 18.1 25.7 23.5 23.1 27.4 33.6 43.1 83.4 94.2 55.4 66.0 83.1 87.2 76.8 70.8 67.2 71.1 78.5 80.6 74.4
-9999.0 -9999.0 -9999.0 -9999.0 -9999.0 -9999.0 -9999.0 -9999.0 -9999.0 -9999.0 -9999.0 -9999.0 -9999.0 8.1 2.7 8.1 2.3 2.3 1.4 0.6 0.2 0.3 0.0 0.3 0.2 0.0 0.1 0.0 0.3 0.7 2.4 4.1 3.5 4.7 7.6 8.0 8.4 8.6 8.1 8.6 8.4 9.2 10.3 12.7 13.5 13.4 13.3 12.3 11.1 10.6 11.5 12.8 15.2 9.3 11.1 13.6 19.2 20.4 18.8 27.3 31.0 38.1 44.7 67.4 54.3 77.1 84.1 71.3 83.4 84.7 63.9 64.5 79.6 91.7 95.3 95.4 88.7
-9999.0 -9999.0 -9999.0 -9999.0 -9999.0 -9999.0 -9999.0 -9999.0 -9999.0 -9999.0 -9999.0 -9999.0 13.4 5.8 5.1 7.5 1.2 1.5 0.7 1.7 0.9 0.5 0.2 0.3 0.4 0.1 0.1 0.3 0.5 0.7 1.9 4.7 3.2 6.1 6.5 8.0 8.0 9.9 10.4 10.4 11.4 13.0 14.8 14.5 15.4 14.6 11.6 7.6 6.6 6.9 9.2 10.2 14.9 14.4 19.7 21.0 17.8 33.9 30.5 36.4 44.0 50.2 60.6 63.5 81.6 81.9 36.5 50.7 80.3 100.4 107.5 112.5 110.5 93.5 92.7 89.6 80.4
-9999.0 -9999.0 -9999.0 -9999.0 -9999.0 -9999.0 -9999.0 -9999.0 -9999.0 -9999.0 -9999.0 -9999.0 13.2 21.1 13.7 2.0 1.6 4.6 2.9 0.6 1.6 0.3 0.3 0.3 0.6 0.8 0.6 0.6 0.7 1.7 3.0 4.1 3.6 7.5 7.8 7.3 8.5 9.7 10.9 10.9 12.0 13.6 15.8 17.4 17.0 15.1 13.3 9.8 7.7 5.8 8.7 11.1 19.2 29.5 32.4 37.7 28.5 28.6 36.3 38.8 45.9 52.1 74.6 79.3 80.2 51.1 59.2 45.6 61.0 88.4 115.3 133.0 135.8 138.2 125.8 108.4 91.4
-9999.0 -9999.0 -9999.0 -9999.0 -9999.0 -9999.0 -9999.0 -9999.0 -9999.0 -9999.0 -9999.0 -9999.0 35.9 16.2 21.8 13.5 9.7 1.5 2.2 1.2 0.2 0.1 0.4 0.2 0.3 0.1 0.2 0.0 0.5 1.0 2.1 1.6 5.9 8.4 7.8 6.6 7.0 8.6 10.2 12.1 13.5 15.7 21.1 19.4 19.9 18.6 15.7 11.5 9.7 10.5 11.5 16.9 9.8 10.8 21.4 46.6 35.0 32.8 35.7 43.2 53.7 66.2 61.2 80.6 52.4 25.1 29.3 35.9 49.6 63.9 88.2 130.5 141.3 137.8 111.5 116.5 112.5
-9999.0 -9999.0 -9999.0 -9999.0 -9999.0 -9999.0 -9999.0 -9999.0 -9999.0 -9999.0 -9999.0 -9999.0 -9999.0 13.8 11.8 16.8 10.1 8.2 2.5 1.1 0.1 0.7 0.2 0.1 0.7 0.3 0.3 0.4 0.2 0.9 0.4 1.8 3.4 7.0 6.4 5.0 6.2 8.2 10.8 13.0 16.2 23.8 27.9 28.0 24.4 22.0 19.9 19.3 16.3 15.5 17.6 10.9 14.2 29.4 19.9 25.1 38.6 35.7 37.8 40.7 51.9 43.9 70.4 63.1 13.2 14.4 16.2 22.1 30.3 49.9 69.8 91.9 119.6 96.1 109.6 97.6 99.2
-9999.0 -9999.0 -9999.0 -9999.0 -9999.0 -9999.0 -9999.0 -9999.0 -9999.0 -9999.0 -9999.0 -9999.0 -9999.0 55.6 19.3 22.8 8.9 13.2 8.7 4.8 0.7 0.5 0.3 0.5 3.5 1.0 0.4 0.6 0.2 0.0 0.1 0.3 2.7 4.6 4.4 5.3 6.7 9.1 13.5 21.2 22.5 28.3 32.6 33.8 34.5 30.4 28.4 33.5 29.2 24.2 13.9 16.3 10.6 11.6 15.0 24.5 34.1 35.0 39.1 38.3 53.6 65.6 58.2 16.3 13.0 12.2 14.0 19.4 30.3 42.7 61.4 82.7 93.8 98.2 97.6 106.7 120.9
-9999.0 -9999.0 -9999.0 -9999.0 -9999.0 -9999.0 -9999.0 -9999.0 -9999.0 -9999.0 -9999.0 -9999.0 -9999.0 -9999.0 -9999.0 32.2 28.2 17.4 16.6 17.1 6.0 8.6 8.5 5.6 2.8 1.9 0.1 0.1 0.0 0.1 0.0 0.2 0.4 1.9 4.5 6.1 9.9 9.7 15.5 22.0 31.4 37.2 39.3 38.8 35.9 43.3 40.1 62.1 36.8 51.8 18.8 9.2 8.2 10.6 15.9 23.3 30.0 23.4 39.7 45.4 61.6 79.9 45.4 33.6 23.2 19.1 22.4 31.7 45.2 59.9 73.5 85.0 95.6 100.0 96.4 118.9 128.4
-9999.0 -9999.0 -9999.0 -9999.0 -9999.0 -9999.0 -9999.0 -9999.0 -9999.0 -9999.0 -9999.0 -9999.0 -9999.0 -9999.0 -9999.0 -9999.0 -9999.0 164.7 79.9 -9999.0 54.4 20.0 32.2 28.1 10.3 7.8 0.5 0.4 0.3 0.0 0.0 0.2 0.3 3.9 7.1 6.6 13.5 7.4 18.1 25.8 34.3 44.4 43.0 40.3 37.1 50.9 117.8 44.4 65.4 35.8 52.4 13.3 22.8 11.0 15.2 20.3 23.6 31.4 39.1 47.7 75.3 80.6 57.3 43.8 40.9 42.2 49.6 60.1 70.4 76.8 90.0 82.4 93.2 102.5 106.0 123.7 131.6
-9999.0 -9999.0 -9999.0 -9999.0 -9999.0 -9999.0 -9999.0 -9999.0 -9999.0 -9999.0 -9999.0 -9999.0 -9999.0 -9999.0 -9999.0 -9999.0 -9999.0 -9999.0 -9999.0 -9999.0 -9999.0 69.6 48.8 22.8 30.4 46.8 28.1 12.4 2.3 0.9 0.1 1.7 2.9 5.0 7.2 7.7 9.8 12.0 12.3 12.6 18.6 49.4 51.8 47.3 36.3 52.7 145.5 92.7 48.9 37.5 36.5 21.7 18.5 21.4 19.6 21.1 23.2 25.8 33.7 49.5 67.4 82.2 58.7 51.6 44.1 54.6 70.7 77.1 81.1 81.7 80.7 82.7 98.6 107.1 100.0 108.2 115.2
-9999.0 -9999.0 -9999.0 -9999.0 -9999.0 -9999.0 -9999.0 -9999.0 -9999.0 -9999.0 -9999.0 -9999.0 -9999.0 -9999.0 -9999.0 -9999.0 -9999.0 -9999.0 -9999.0 -9999.0 -9999.0 -9999.0 -9999.0 214.2 100.5 90.8 67.3 34.3 7.1 4.6 0.9 0.8 2.5 6.0 11.2 15.8 25.3 20.6 37.3 47.7 49.0 60.5 45.0 35.1 42.2 130.9 109.9 126.4 162.5 165.3 94.3 44.8 62.0 46.0 31.4 10.0 20.2 26.1 30.8 45.5 69.3 83.9 83.6 56.3 52.8 51.8 68.1 72.5 65.1 69.9 66.3 87.7 107.8 112.4 115.0 124.1 144.9
-9999.0 -9999.0 -9999.0 -9999.0 -9999.0 -9999.0 -9999.0 -9999.0 -9999.0 -9999.0 -9999.0 -9999.0 -9999.0 -9999.0 -9999.0 -9999.0 -9999.0 -9999.0 -9999.0 -9999.0 -9999.0 -9999.0 -9999.0 -9999.0 -9999.0 374.0 200.5 32.1 22.3 11.3 8.0 11.0 14.9 17.2 21.3 32.6 54.0 38.2 60.4 49.6 73.6 52.5 30.9 38.1 93.5 146.3 165.6 223.9 121.7 177.9 87.5 98.3 75.5 68.4 40.4 17.7 19.0 16.7 29.0 40.0 58.1 70.1 61.6 30.4 38.3 47.6 69.6 71.6 59.9 53.8 69.1 100.9 129.7 118.7 127.0 157.9 195.5
-9999.0 -9999.0 -9999.0 -9999.0 -9999.0 -9999.0 -9999.0 -9999.0 -9999.0 -9999.0 -9999.0 -9999.0 -9999.0 -9999.0 -9999.0 -9999.0 -9999.0 -9999.0 -9999.0 -9999.0 -9999.0 -9999.0 -9999.0 -9999.0 -9999.0 -9999.0 -9999.0 422.8 356.7 139.4 88.6 67.7 35.7 60.4 48.9 57.7 46.1 45.7 32.3 51.7 72.8 41.8 48.1 87.1 118.0 157.6 192.9 226.5 258.0 261.2 294.0 272.1 146.5 109.4 57.7 31.0 10.6 9.6 24.2 30.1 27.2 54.0 39.7 40.1 44.6 49.4 63.2 64.5 54.5 49.4 72.1 93.3 140.1 123.6 141.9 177.2 190.1
-9999.0 -9999.0 -9999.0 -9999.0 -9999.0 -9999.0 -9999.0 -9999.0 -9999.0 -9999.0 -9999.0 -9999.0 -9999.0 -9999.0 -9999.0 -9999.0 -9999.0 -9999.0 -9999.0 -9999.0 -9999.0 -9999.0 -9999.0 -9999.0 -9999.0 -9999.0 -9999.0 -9999.0 -9999.0 -9999.0 -9999.0 -9999.0 -9999.0 146.6 92.5 -9999.0 -9999.0 -9999.0 57.6 59.0 52.6 59.5 65.5 106.8 134.1 162.6 -9999.0 -9999.0 -9999.0 -9999.0 -9999.0 -9999.0 202.6 117.3 68.0 24.9 10.4 6.0 11.3 13.7 23.2 37.1 32.1 29.7 26.7 33.6 53.8 69.1 58.2 53.6 83.0 96.8 107.5 127.9 120.0 165.9 153.4
-9999.0 -9999.0 -9999.0 -9999.0 -9999.0 -9999.0 -9999.0 -9999.0 -9999.0 -9999.0 -9999.0 -9999.0 -9999.0 -9999.0 -9999.0 -9999.0 -9999.0 -9999.0 -9999.0 -9999.0 -9999.0 -9999.0 -9999.0 -9999.0 -9999.0 -9999.0 -9999.0 -9999.0 -9999.0 -9999.0 -9999.0 -9999.0 -9999.0 -9999.0 -9999.0 -9999.0 -9999.0 -9999.0 -9999.0 97.4 93.9 97.0 105.7 119.7 -9999.0 -9999.0 -9999.0 -9999.0 -9999.0 -9999.0 -9999.0 -9999.0 192.3 128.0 70.6 24.1 8.0 5.2 5.6 7.6 11.8 21.6 24.9 20.8 19.8 21.9 35.7 54.6 58.3 60.0 73.3 100.9 126.0 111.7 143.8 145.2 143.6
-9999.0 -9999.0 -9999.0 -9999.0 -9999.0 -9999.0 -9999.0 -9999.0 -9999.0 -9999.0 -9999.0 -9999.0 -9999.0 -9999.0 -9999.0 -9999.0 -9999.0 -9999.0 -9999.0 -9999.0 -9999.0 -9999.0 -9999.0 -9999.0 -9999.0 -9999.0 -9999.0 -9999.0 -9999.0 -9999.0 -9999.0 -9999.0 -9999.0 -9999.0 -9999.0 -9999.0 -9999.0 -9999.0 -9999.0 -9999.0 -9999.0 -9999.0 -9999.0 -9999.0 -9999.0 -9999.0 -9999.0 -9999.0 -9999.0 -9999.0 -9999.0 -9999.0 118.4 136.9 70.7 45.7 13.2 9.8 10.3 12.0 11.2 14.8 36.5 19.1 20.0 16.6 23.3 42.5 59.3 70.8 88.3 109.8 101.2 125.6 134.5 166.5 132.5
-9999.0 -9999.0 -9999.0 -9999.0 -9999.0 -9999.0 -9999.0 -9999.0 -9999.0 -9999.0 -9999.0 -9999.0 -9999.0 -9999.0 -9999.0 -9999.0 -9999.0 -9999.0 -9999.0 -9999.0 -9999.0 -9999.0 -9999.0 -9999.0 -9999.0 -9999.0 -9999.0 -9999.0 -9999.0 -9999.0 -9999.0 -9999.0 -9999.0 -9999.0 -9999.0 -9999.0 -9999.0 -9999.0 -9999.0 -9999.0 -9999.0 -9999.0 -9999.0 -9999.0 -9999.0 -9999.0 -9999.0 -9999.0 -9999.0 -9999.0 -9999.0 139.3 124.8 131.5 36.9 35.8 24.4 26.9 24.1 14.1 25.4 23.2 16.9 19.8 22.2 19.7 22.5 45.9 62.9 85.1 104.2 115.5 140.2 180.5 194.7 208.0 151.1
-9999.0 -9999.0 -9999.0 -9999.0 -9999.0 -9999.0 -9999.0 -9999.0 -9999.0 -9999.0 -9999.0 -9999.0 -9999.0 -9999.0 -9999.0 -9999.0 -9999.0 -9999.0 -9999.0 -9999.0 -9999.0 -9999.0 -9999.0 -9999.0 -9999.0 -9999.0 -9999.0 -9999.0 -9999.0 -9999.0 -9999.0 -9999.0 -9999.0 -9999.0 -9999.0 -9999.0 -9999.0 -9999.0 -9999.0 -9999.0 -9999.0 -9999.0 -9999.0 -9999.0 -9999.0 -9999.0 -9999.0 -9999.0 -9999.0 -9999.0 109.4 153.9 137.3 119.3 61.9 57.0 39.4 34.3 38.9 38.9 30.9 35.4 25.4 28.7 28.4 25.2 33.0 45.5 64.1 88.5 98.7 111.3 139.9 179.0 202.5 193.4 233.9
-9999.0 -9999.0 -9999.0 -9999.0 -9999.0 -9999.0 -9999.0 -9999.0 -9999.0 -9999.0 -9999.0 -9999.0 -9999.0 -9999.0 -9999.0 -9999.0 -9999.0 -9999.0 -9999.0 -9999.0 -9999.0 -9999.0 -9999.0 -9999.0 -9999.0 -9999.0 -9999.0 -9999.0 -9999.0 -9999.0 -9999.0 -9999.0 -9999.0 -9999.0 -9999.0 -9999.0 -9999.0 -9999.0 -9999.0 -9999.0 -9999.0 -9999.0 -9999.0 -9999.0 -9999.0 -9999.0 -9999.0 -9999.0 -9999.0 -9999.0 89.1 170.6 86.3 106.2 96.3 72.5 35.2 62.2 57.0 48.8 44.9 43.8 37.1 40.8 42.9 24.3 34.0 44.1 62.1 78.2 84.8 90.5 117.0 172.0 209.5 214.5 189.6
-9999.0 -9999.0 -9999.0 -9999.0 -9999.0 -9999.0 -9999.0 -9999.0 -9999.0 -9999.0 -9999.0 -9999.0 -9999.0 -9999.0 -9999.0 -9999.0 -9999.0 -9999.0 -9999.0 -9999.0 -9999.0 -9999.0 -9999.0 -9999.0 -9999.0 -9999.0 -9999.0 -9999.0 -9999.0 -9999.0 -9999.0 -9999.0 -9999.0 -9999.0 -9999.0 -9999.0 -9999.0 -9999.0 -9999.0 -9999.0 -9999.0 -9999.0 -9999.0 -9999.0 -9999.0 -9999.0 -9999.0 -9999.0 -9999.0 -9999.0 62.1 86.6 59.7 136.7 72.1 66.7 91.3 66.3 67.3 62.2 66.5 68.6 64.1 56.3 61.9 51.1 38.5 44.3 55.7 61.5 66.6 69.3 82.7 111.0 128.6 134.9 143.3
-9999.0 -9999.0 -9999.0 -9999.0 -9999.0 -9999.0 -9999.0 -9999.0 -9999.0 -9999.0 -9999.0 -9999.0 -9999.0 -9999.0 -9999.0 -9999.0 -9999.0 -9999.0 -9999.0 -9999.0 -9999.0 -9999.0 -9999.0 -9999.0 -9999.0 -9999.0 -9999.0 -9999.0 -9999.0 -9999.0 -9999.0 -9999.0 -9999.0 -9999.0 -9999.0 -9999.0 -9999.0 -9999.0 -9999.0 -9999.0 -9999.0 -9999.0 -9999.0 -9999.0 -9999.0 -9999.0 -9999.0 -9999.0 -9999.0 -9999.0 91.3 118.3 83.5 96.1 92.5 103.9 59.2 67.5 66.4 74.9 86.0 89.1 71.7 72.4 74.9 68.8 67.1 55.7 55.9 54.9 52.5 49.5 50.9 59.7 60.7 73.5 107.4
-9999.0 -9999.0 -9999.0 -9999.0 -9999.0 -9999.0 -9999.0 -9999.0 -9999.0 -9999.0 -9999.0 -9999.0 -9999.0 -9999.0 -9999.0 -9999.0 -9999.0 -9999.0 -9999.0 -9999.0 -9999.0 -9999.0 -9999.0 -9999.0 -9999.0 -9999.0 -9999.0 -9999.0 -9999.0 -9999.0 -9999.0 -9999.0 -9999.0 -9999.0 -9999.0 -9999.0 -9999.0 -9999.0 -9999.0 -9999.0 -9999.0 -9999.0 -9999.0 -9999.0 -9999.0 -9999.0 -9999.0 -9999.0 -9999.0 -9999.0 -9999.0 -9999.0 -9999.0 69.2 76.3 80.7 76.8 71.6 67.8 84.0 110.7 108.7 109.1 84.1 70.5 62.4 67.0 53.2 52.0 49.5 46.3 39.4 33.3 32.1 36.7 48.7 90.3
-9999.0 -9999.0 -9999.0 -9999.0 -9999.0 -9999.0 -9999.0 -9999.0 -9999.0 -9999.0 -9999.0 -9999.0 -9999.0 -9999.0 -9999.0 -9999.0 -9999.0 -9999.0 -9999.0 -9999.0 -9999.0 -9999.0 -9999.0 -9999.0 -9999.0 -9999.0 -9999.0 -9999.0 -9999.0 -9999.0 -9999.0 -9999.0 -9999.0 -9999.0 -9999.0 -9999.0 -9999.0 -9999.0 -9999.0 -9999.0 -9999.0 -9999.0 -9999.0 -9999.0 -9999.0 -9999.0 -9999.0 -9999.0 -9999.0 -9999.0 -9999.0 -9999.0 -9999.0 69.2 65.3 119.5 77.8 67.3 72.4 96.1 111.5 121.7 123.3 101.5 79.8 66.2 62.7 59.5 54.3 51.6 46.8 39.9 35.4 35.1 41.8 75.9 105.5
-9999.0 -9999.0 -9999.0 -9999.0 -9999.0 -9999.0 -9999.0 -9999.0 -9999.0 -9999.0 -9999.0 -9999.0 -9999.0 -9999.0 -9999.0 -9999.0 -9999.0 -9999.0 -9999.0 -9999.0 -9999.0 -9999.0 -9999.0 -9999.0 -9999.0 -9999.0 -9999.0 -9999.0 -9999.0 -9999.0 -9999.0 -9999.0 -9999.0 -9999.0 -9999.0 -9999.0 -9999.0 -9999.0 -9999.0 -9999.0 -9999.0 -9999.0 -9999.0 -9999.0 -9999.0 -9999.0 -9999.0 -9999.0 -9999.0 -9999.0 -9999.0 -9999.0 -9999.0 70.7 46.6 93.7 91.3 80.9 81.8 90.2 112.9 125.0 130.5 114.8 101.1 -9999.0 -9999.0 -9999.0 59.0 53.4 47.8 45.9 49.5 54.1 62.5 97.3 94.3
-9999.0 -9999.0 -9999.0 -9999.0 -9999.0 -9999.0 -9999.0 -9999.0 -9999.0 -9999.0 -9999.0 -9999.0 -9999.0 -9999.0 -9999.0 -9999.0 -9999.0 -9999.0 -9999.0 -9999.0 -9999.0 -9999.0 -9999.0 -9999.0 -9999.0 -9999.0 -9999.0 -9999.0 -9999.0 -9999.0 -9999.0 -9999.0 -9999.0 -9999.0 -9999.0 -9999.0 -9999.0 -9999.0 -9999.0 -9999.0 -9999.0 -9999.0 -9999.0 -9999.0 -9999.0 -9999.0 -9999.0 -9999.0 -9999.0 -9999.0 -9999.0 -9999.0 -9999.0 -9999.0 80.5 90.1 79.9 77.0 89.3 101.2 89.9 -9999.0 -9999.0 -9999.0 -9999.0 -9999.0 -9999.0 -9999.0 55.4 50.6 48.6 38.7 41.5 48.8 54.3 68.2 62.5
-9999.0 -9999.0 -9999.0 -9999.0 -9999.0 -9999.0 -9999.0 -9999.0 -9999.0 -9999.0 -9999.0 -9999.0 -9999.0 -9999.0 -9999.0 -9999.0 -9999.0 -9999.0 -9999.0 -9999.0 -9999.0 -9999.0 -9999.0 -9999.0 -9999.0 -9999.0 -9999.0 -9999.0 -9999.0 -9999.0 -9999.0 -9999.0 -9999.0 -9999.0 -9999.0 -9999.0 -9999.0 -9999.0 -9999.0 -9999.0 -9999.0 -9999.0 -9999.0 -9999.0 -9999.0 -9999.0 -9999.0 -9999.0 -9999.0 -9999.0 -9999.0 -9999.0 -9999.0 -9999.0 -9999.0 84.5 126.8 90.1 72.9 82.1 82.8 -9999.0 -9999.0 -9999.0 -9999.0 -9999.0 -9999.0 -9999.0 -9999.0 -9999.0 31.1 -9999.0 -9999.0 -9999.0 -9999.0 -9999.0 52.6
-9999.0 -9999.0 -9999.0 -9999.0 -9999.0 -9999.0 -9999.0 -9999.0 -9999.0 -9999.0 -9999.0 -9999.0 -9999.0 -9999.0 -9999.0 -9999.0 -9999.0 -9999.0 -9999.0 -9999.0 -9999.0 -9999.0 -9999.0 -9999.0 -9999.0 -9999.0 -9999.0 -9999.0 -9999.0 -9999.0 -9999.0 -9999.0 -9999.0 -9999.0 -9999.0 -9999.0 -9999.0 -9999.0 -9999.0 -9999.0 -9999.0 -9999.0 -9999.0 -9999.0 -9999.0 -9999.0 -9999.0 -9999.0 -9999.0 -9999.0 -9999.0 -9999.0 -9999.0 -9999.0 -9999.0 -9999.0 -9999.0 -9999.0 81.0 65.7 -9999.0 -9999.0 -9999.0 -9999.0 -9999.0 -9999.0 -9999.0 -9999.0 -9999.0 -9999.0 -9999.0 -9999.0 -9999.0 -9999.0 -9999.0 45.2 55.3
-9999.0 -9999.0 -9999.0 -9999.0 -9999.0 -9999.0 -9999.0 -9999.0 -9999.0 -9999.0 -9999.0 -9999.0 -9999.0 -9999.0 -9999.0 -9999.0 -9999.0 -9999.0 -9999.0 -9999.0 -9999.0 -9999.0 -9999.0 -9999.0 -9999.0 -9999.0 -9999.0 -9999.0 -9999.0 -9999.0 -9999.0 -9999.0 -9999.0 -9999.0 -9999.0 -9999.0 -9999.0 -9999.0 -9999.0 -9999.0 -9999.0 -9999.0 -9999.0 -9999.0 -9999.0 -9999.0 -9999.0 -9999.0 -9999.0 -9999.0 -9999.0 -9999.0 -9999.0 -9999.0 -9999.0 -9999.0 -9999.0 -9999.0 -9999.0 -9999.0 -9999.0 -9999.0 -9999.0 -9999.0 -9999.0 -9999.0 -9999.0 -9999.0 -9999.0 -9999.0 -9999.0 -9999.0 -9999.0 -9999.0 -9999.0 -9999.0 -9999.0
-9999.0 -9999.0 -9999.0 -9999.0 -9999.0 -9999.0 -9999.0 -9999.0 -9999.0 -9999.0 -9999.0 -9999.0 -9999.0 -9999.0 -9999.0 -9999.0 -9999.0 -9999.0 -9999.0 -9999.0 -9999.0 -9999.0 -9999.0 -9999.0 -9999.0 -9999.0 -9999.0 -9999.0 -9999.0 -9999.0 -9999.0 -9999.0 -9999.0 -9999.0 -9999.0 -9999.0 -9999.0 -9999.0 -9999.0 -9999.0 -9999.0 -9999.0 -9999.0 -9999.0 -9999.0 -9999.0 -9999.0 -9999.0 -9999.0 -9999.0 -9999.0 -9999.0 -9999.0 -9999.0 -9999.0 -9999.0 -9999.0 -9999.0 -9999.0 -9999.0 -9999.0 -9999.0 -9999.0 -9999.0 -9999.0 -9999.0 -9999.0 -9999.0 -9999.0 -9999.0 -9999.0 -9999.0 -9999.0 -9999.0 -9999.0 82.8 67.7
-9999.0 -9999.0 -9999.0 -9999.0 -9999.0 -9999.0 -9999.0 -9999.0 -9999.0 -9999.0 -9999.0 -9999.0 -9999.0 -9999.0 -9999.0 -9999.0 -9999.0 -9999.0 -9999.0 -9999.0 -9999.0 -9999.0 -9999.0 -9999.0 -9999.0 -9999.0 -9999.0 -9999.0 -9999.0 -9999.0 -9999.0 -9999.0 -9999.0 -9999.0 -9999.0 -9999.0 -9999.0 -9999.0 -9999.0 -9999.0 -9999.0 -9999.0 -9999.0 -9999.0 -9999.0 -9999.0 -9999.0 -9999.0 -9999.0 -9999.0 -9999.0 -9999.0 -9999.0 -9999.0 -9999.0 -9999.0 -9999.0 -9999.0 -9999.0 -9999.0 -9999.0 -9999.0 -9999.0 -9999.0 -9999.0 -9999.0 -9999.0 -9999.0 -9999.0 -9999.0 -9999.0 -9999.0 -9999.0 59.1 137.5 127.6 123.3
