program/excelProcessViaJava/data/SURF_CLI_CHN_PRE_MON_GRID_0.5-199410.txt
NCOLS      128
NROWS       72
XLLCORNER    72.000000000000    
YLLCORNER    18.000000000000    
CELLSIZE    0.50000000000000    
NODATA_VALUE   -9999.000    
[rows 35 to 69 of 72, columns 0 to 77 of 128]
-9999.0 -9999.0 -9999.0 -9999.0 -9999.0 -9999.0 -9999.0 2.3 4.4 1.6 7.4 5.6 0.8 1.0 0.7 0.2 0.1 0.1 0.1 0.1 0.1 0.1 0.1 0.1 0.1 0.1 0.1 0.2 0.2 0.4 0.5 0.6 0.9 1.4 2.3 2.1 3.7 3.3 4.9 5.0 1.6 4.6 3.1 1.3 0.7 0.8 0.8 0.9 1.1 1.3 1.6 1.7 2.0 5.7 5.8 4.6 6.1 7.7 10.3 11.3 13.3 15.3 18.9 21.3 23.0 25.2 31.8 41.0 51.8 59.2 66.4 71.7 76.4 79.6 79.0 83.6 83.1 89.8
-9999.0 -9999.0 -9999.0 -9999.0 -9999.0 -9999.0 -9999.0 12.9 0.8 3.5 4.6 1.7 2.2 4.1 1.2 4.1 0.5 0.3 0.8 0.2 0.2 0.2 0.1 0.1 0.1 0.1 0.1 0.2 0.2 0.3 0.5 0.7 0.9 1.8 1.6 2.2 2.3 3.3 3.4 3.1 3.1 2.7 2.6 3.9 1.4 1.1 1.3 1.6 2.7 3.0 5.2 5.2 3.8 4.4 6.3 5.0 6.4 8.6 9.9 11.0 13.1 16.1 18.1 20.1 21.0 24.9 33.7 47.9 58.1 68.8 73.9 79.1 85.7 93.7 96.6 104.7 107.9 104.3
-9999.0 -9999.0 -9999.0 -9999.0 -9999.0 -9999.0 -9999.0 -9999.0 -9999.0 2.7 1.9 1.1 3.1 2.1 1.0 0.5 0.8 3.3 0.7 1.4 0.4 0.2 0.2 0.2 0.2 0.1 0.2 0.2 0.2 0.4 0.3 0.5 0.7 1.2 1.1 1.4 1.7 2.3 2.2 2.6 2.2 2.3 1.9 1.5 1.8 1.9 2.1 2.5 3.3 4.2 5.6 5.8 5.5 5.1 6.8 7.1 9.1 11.2 12.0 13.0 15.0 18.3 22.7 22.2 25.7 29.8 40.2 54.3 62.6 68.0 70.3 73.7 83.1 95.7 106.1 113.4 117.9 115.3
-9999.0 -9999.0 -9999.0 -9999.0 -9999.0 -9999.0 -9999.0 -9999.0 -9999.0 -9999.0 -9999.0 3.7 0.4 3.0 1.3 1.4 0.9 0.6 0.4 0.4 0.6 0.3 0.3 0.2 0.4 0.2 0.3 0.3 0.3 0.3 0.4 0.7 0.6 0.8 0.9 2.0 1.5 1.7 3.7 2.0 2.4 1.7 1.3 1.2 2.1 1.7 3.0 3.0 4.2 5.1 5.8 6.8 7.0 7.3 9.1 10.8 14.7 17.0 17.6 18.7 21.6 25.4 30.4 34.1 38.4 43.8 52.7 61.9 66.2 65.5 62.9 66.9 76.8 91.0 108.8 114.9 118.2 111.8
-9999.0 -9999.0 -9999.0 -9999.0 -9999.0 -9999.0 -9999.0 -9999.0 -9999.0 -9999.0 -9999.0 -9999.0 0.5 0.5 1.9 0.8 2.8 0.9 0.7 1.6 0.3 0.4 0.3 0.3 1.0 0.3 0.2 0.4 0.3 0.6 0.4 0.5 0.6 1.0 1.2 1.2 2.4 1.4 1.2 1.0 0.9 0.8 0.8 1.1 1.3 1.9 2.8 3.1 4.3 5.7 8.3 9.7 9.8 9.7 11.6 16.3 21.5 25.2 26.1 28.7 32.1 37.4 43.0 48.0 52.8 57.3 67.1 71.7 71.1 68.1 60.1 69.0 84.3 97.3 97.1 91.2 84.9 90.5
-9999.0 -9999.0 -9999.0 -9999.0 -9999.0 -9999.0 -9999.0 -9999.0 -9999.0 -9999.0 -9999.0 -9999.0 3.6 0.4 0.3 1.1 0.4 0.5 1.2 0.8 0.6 0.7 0.5 0.3 0.2 0.3 0.3 0.3 0.3 0.3 0.4 0.7 0.6 0.7 0.9 0.8 1.5 1.5 1.1 0.8 0.5 0.4 0.8 0.6 1.2 2.2 2.7 3.6 4.5 6.5 8.8 12.3 13.9 16.1 18.2 23.9 29.3 33.6 35.1 38.1 42.7 48.9 55.4 60.2 63.1 71.8 62.0 68.6 72.0 74.6 78.8 85.5 88.8 85.7 81.0 74.0 72.9 76.8
-9999.0 -9999.0 -9999.0 -9999.0 -9999.0 -9999.0 -9999.0 -9999.0 -9999.0 -9999.0 -9999.0 -9999.0 -9999.0 0.8 2.3 0.3 0.8 0.5 0.4 0.4 0.5 0.4 0.5 0.3 0.3 0.5 0.5 0.7 0.5 0.4 0.4 0.4 0.7 0.8 0.5 0.6 0.6 0.8 2.5 0.9 0.6 0.6 0.5 1.0 1.1 1.9 3.5 5.4 7.1 9.0 12.0 15.6 19.7 26.8 28.6 32.3 36.1 41.3 47.2 47.7 51.5 57.3 64.4 67.1 55.3 69.9 79.9 80.9 89.4 93.5 95.3 107.1 106.6 96.8 83.6 71.0 65.7 68.2
-9999.0 -9999.0 -9999.0 -9999.0 -9999.0 -9999.0 -9999.0 -9999.0 -9999.0 -9999.0 -9999.0 -9999.0 0.8 2.7 1.8 0.6 2.1 1.0 0.9 0.4 0.4 0.4 0.4 0.4 0.3 0.5 0.4 0.4 0.4 0.4 0.4 0.3 0.7 0.5 0.6 0.4 0.8 0.4 0.4 0.4 1.1 1.7 2.1 0.6 1.5 2.9 4.9 7.3 9.2 11.5 16.2 22.7 25.7 31.2 32.8 36.6 44.8 40.2 50.2 52.3 57.6 64.9 71.0 77.3 77.6 75.4 59.2 77.1 102.9 116.9 127.1 137.4 130.1 107.8 92.2 77.1 71.7 68.9
-9999.0 -9999.0 -9999.0 -9999.0 -9999.0 -9999.0 -9999.0 -9999.0 -9999.0 -9999.0 -9999.0 -9999.0 1.9 0.3 0.5 4.0 2.6 0.6 0.6 0.9 0.5 0.7 0.6 0.5 0.4 0.4 0.4 0.4 0.4 0.3 0.3 0.4 0.5 0.3 0.3 0.4 0.3 0.4 0.3 0.3 0.3 0.3 0.4 0.9 2.2 4.7 8.0 10.6 12.8 14.8 17.1 23.1 26.6 29.4 32.5 32.8 43.4 52.3 53.8 65.2 71.8 78.3 77.8 76.3 73.5 54.8 72.5 69.5 83.4 111.4 136.3 143.7 129.8 112.0 88.7 67.2 61.9 54.9
-9999.0 -9999.0 -9999.0 -9999.0 -9999.0 -9999.0 -9999.0 -9999.0 -9999.0 -9999.0 -9999.0 -9999.0 0.1 1.1 0.3 0.5 0.5 2.3 1.0 1.0 2.0 1.9 0.8 0.9 0.6 0.9 0.6 0.9 0.4 0.4 0.3 0.5 0.3 0.3 0.3 0.3 0.3 0.4 0.3 0.5 0.5 0.5 2.0 1.9 4.4 8.5 11.8 14.0 17.0 17.1 18.1 21.0 33.5 42.4 41.8 30.2 44.2 57.7 67.9 68.0 76.0 82.7 95.1 78.6 51.8 46.4 51.8 59.6 75.3 90.7 107.5 131.4 118.5 107.0 118.0 74.4 82.9 47.8
-9999.0 -9999.0 -9999.0 -9999.0 -9999.0 -9999.0 -9999.0 -9999.0 -9999.0 -9999.0 -9999.0 -9999.0 -9999.0 4.1 2.6 0.5 0.8 0.7 1.6 2.0 4.4 1.4 1.8 1.8 0.8 0.8 0.6 0.5 0.5 0.4 0.5 0.4 0.5 0.3 0.4 0.8 0.7 0.4 0.6 0.7 1.1 4.2 6.8 7.3 9.3 13.4 15.8 21.7 17.3 16.7 17.4 20.9 24.8 28.0 44.7 54.2 41.2 54.2 74.7 96.1 94.9 118.0 98.8 65.3 45.2 47.5 50.5 57.8 68.5 87.3 93.4 86.6 96.8 55.8 73.1 58.8 53.2 48.8
-9999.0 -9999.0 -9999.0 -9999.0 -9999.0 -9999.0 -9999.0 -9999.0 -9999.0 -9999.0 -9999.0 -9999.0 -9999.0 0.1 2.0 0.5 2.6 0.7 0.9 1.5 4.1 3.5 3.3 2.1 0.8 0.9 0.8 0.5 0.5 1.4 0.9 0.7 0.5 0.5 0.8 0.9 0.6 0.8 1.7 5.5 3.7 6.2 9.4 12.7 18.7 19.1 20.8 24.7 19.5 16.0 14.9 16.1 21.6 35.4 51.6 57.9 53.5 65.8 88.5 78.9 105.3 89.5 73.6 57.0 51.7 52.5 57.6 67.4 79.2 84.5 83.0 76.0 63.7 67.0 72.0 81.1 90.8 54.6
-9999.0 -9999.0 -9999.0 -9999.0 -9999.0 -9999.0 -9999.0 -9999.0 -9999.0 -9999.0 -9999.0 -9999.0 -9999.0 -9999.0 -9999.0 0.6 0.5 1.2 1.0 0.9 2.9 1.8 1.5 1.7 1.8 1.4 2.8 1.2 2.1 0.6 0.8 0.7 1.5 1.3 0.9 2.4 3.5 0.9 2.2 4.0 8.7 12.3 14.8 17.8 24.7 36.4 26.5 37.8 19.8 25.0 11.7 18.7 17.4 28.1 33.5 53.5 67.2 50.3 100.5 115.1 86.4 82.5 79.1 68.5 60.6 60.7 69.7 84.9 96.0 98.7 90.5 76.2 97.8 96.0 81.1 114.2 103.6 105.8
-9999.0 -9999.0 -9999.0 -9999.0 -9999.0 -9999.0 -9999.0 -9999.0 -9999.0 -9999.0 -9999.0 -9999.0 -9999.0 -9999.0 -9999.0 -9999.0 -9999.0 0.1 0.2 -9999.0 0.4 2.1 1.0 1.1 2.0 1.6 3.4 1.6 0.7 1.3 0.8 0.5 2.2 0.6 0.4 1.0 4.4 0.6 2.8 5.1 8.6 15.5 16.6 19.9 48.5 46.4 120.3 25.7 28.3 15.2 26.5 10.3 30.0 26.6 40.5 54.1 51.5 85.4 96.9 113.0 71.2 75.1 75.4 72.9 69.7 72.1 85.4 102.0 113.3 110.3 92.9 110.7 119.2 100.7 115.9 135.1 114.5 92.4
-9999.0 -9999.0 -9999.0 -9999.0 -9999.0 -9999.0 -9999.0 -9999.0 -9999.0 -9999.0 -9999.0 -9999.0 -9999.0 -9999.0 -9999.0 -9999.0 -9999.0 -9999.0 -9999.0 -9999.0 -9999.0 0.9 1.7 4.2 2.0 0.8 0.8 0.7 0.7 0.4 0.5 0.4 0.4 0.6 0.4 0.9 0.9 1.0 1.0 0.6 0.9 15.1 19.5 21.6 48.8 35.6 147.7 48.5 24.5 55.9 13.1 22.2 25.1 22.7 31.0 49.9 61.4 58.6 109.6 101.7 64.7 73.5 69.0 73.7 82.0 91.8 106.3 115.9 122.2 117.7 108.8 117.2 117.4 96.6 102.3 114.6 104.9 78.5
-9999.0 -9999.0 -9999.0 -9999.0 -9999.0 -9999.0 -9999.0 -9999.0 -9999.0 -9999.0 -9999.0 -9999.0 -9999.0 -9999.0 -9999.0 -9999.0 -9999.0 -9999.0 -9999.0 -9999.0 -9999.0 -9999.0 -9999.0 0.3 1.0 0.8 0.8 0.8 1.5 0.5 0.6 0.9 3.1 1.5 2.5 2.2 3.6 1.4 4.8 8.1 8.9 16.2 12.2 16.1 44.7 133.9 80.9 65.5 74.6 69.3 26.4 20.8 24.4 26.8 23.1 11.1 39.7 69.2 44.6 92.6 82.7 99.5 98.6 76.4 84.9 106.5 123.0 125.7 124.4 126.0 129.9 129.6 122.0 130.2 107.7 112.2 125.2 106.2
-9999.0 -9999.0 -9999.0 -9999.0 -9999.0 -9999.0 -9999.0 -9999.0 -9999.0 -9999.0 -9999.0 -9999.0 -9999.0 -9999.0 -9999.0 -9999.0 -9999.0 -9999.0 -9999.0 -9999.0 -9999.0 -9999.0 -9999.0 -9999.0 -9999.0 0.2 0.4 5.2 3.2 6.3 1.7 0.6 0.6 1.3 0.8 3.6 10.9 2.2 7.4 4.2 13.2 7.3 9.1 20.3 75.5 127.6 115.9 183.3 36.6 54.7 27.2 26.8 31.9 34.0 19.3 13.7 28.8 29.9 66.2 79.1 95.7 111.6 130.4 82.0 89.7 109.4 120.9 116.6 124.4 138.6 151.6 152.2 127.5 163.3 170.1 145.0 130.8 132.5
-9999.0 -9999.0 -9999.0 -9999.0 -9999.0 -9999.0 -9999.0 -9999.0 -9999.0 -9999.0 -9999.0 -9999.0 -9999.0 -9999.0 -9999.0 -9999.0 -9999.0 -9999.0 -9999.0 -9999.0 -9999.0 -9999.0 -9999.0 -9999.0 -9999.0 -9999.0 -9999.0 0.1 0.1 0.3 0.3 0.3 3.4 0.2 1.3 0.1 0.6 0.6 0.1 1.3 6.1 1.9 12.0 49.0 78.2 116.2 153.0 175.5 187.2 95.6 142.5 124.0 37.9 34.2 24.4 24.0 13.8 16.1 47.8 52.0 71.8 107.9 95.4 93.4 97.6 97.3 112.2 123.1 134.6 156.6 177.6 197.5 173.1 204.7 202.0 197.5 216.9 189.6
-9999.0 -9999.0 -9999.0 -9999.0 -9999.0 -9999.0 -9999.0 -9999.0 -9999.0 -9999.0 -9999.0 -9999.0 -9999.0 -9999.0 -9999.0 -9999.0 -9999.0 -9999.0 -9999.0 -9999.0 -9999.0 -9999.0 -9999.0 -9999.0 -9999.0 -9999.0 -9999.0 -9999.0 -9999.0 -9999.0 -9999.0 -9999.0 -9999.0 0.1 0.4 -9999.0 -9999.0 -9999.0 0.2 0.4 0.8 5.3 10.0 50.1 83.2 107.5 -9999.0 -9999.0 -9999.0 -9999.0 -9999.0 -9999.0 60.7 36.4 29.3 19.1 14.2 10.9 18.6 30.8 61.1 93.8 106.0 102.4 91.9 92.6 99.2 109.8 132.8 166.4 191.8 220.5 232.8 236.2 267.5 262.8 263.0 213.4
-9999.0 -9999.0 -9999.0 -9999.0 -9999.0 -9999.0 -9999.0 -9999.0 -9999.0 -9999.0 -9999.0 -9999.0 -9999.0 -9999.0 -9999.0 -9999.0 -9999.0 -9999.0 -9999.0 -9999.0 -9999.0 -9999.0 -9999.0 -9999.0 -9999.0 -9999.0 -9999.0 -9999.0 -9999.0 -9999.0 -9999.0 -9999.0 -9999.0 -9999.0 -9999.0 -9999.0 -9999.0 -9999.0 -9999.0 6.0 11.0 20.3 33.8 50.5 -9999.0 -9999.0 -9999.0 -9999.0 -9999.0 -9999.0 -9999.0 -9999.0 53.7 37.5 26.3 20.0 12.8 7.3 7.8 19.6 47.2 77.8 94.0 93.9 84.7 84.4 93.5 113.5 134.6 161.2 194.4 212.2 221.6 247.1 270.7 286.3 272.2 231.4
-9999.0 -9999.0 -9999.0 -9999.0 -9999.0 -9999.0 -9999.0 -9999.0 -9999.0 -9999.0 -9999.0 -9999.0 -9999.0 -9999.0 -9999.0 -9999.0 -9999.0 -9999.0 -9999.0 -9999.0 -9999.0 -9999.0 -9999.0 -9999.0 -9999.0 -9999.0 -9999.0 -9999.0 -9999.0 -9999.0 -9999.0 -9999.0 -9999.0 -9999.0 -9999.0 -9999.0 -9999.0 -9999.0 -9999.0 -9999.0 -9999.0 -9999.0 -9999.0 -9999.0 -9999.0 -9999.0 -9999.0 -9999.0 -9999.0 -9999.0 -9999.0 -9999.0 79.8 35.9 22.8 19.1 9.6 4.5 4.6 14.9 39.9 68.6 96.7 86.6 88.7 101.6 118.5 126.8 136.5 152.7 172.2 183.3 196.6 220.2 247.0 265.4 249.8 220.2
-9999.0 -9999.0 -9999.0 -9999.0 -9999.0 -9999.0 -9999.0 -9999.0 -9999.0 -9999.0 -9999.0 -9999.0 -9999.0 -9999.0 -9999.0 -9999.0 -9999.0 -9999.0 -9999.0 -9999.0 -9999.0 -9999.0 -9999.0 -9999.0 -9999.0 -9999.0 -9999.0 -9999.0 -9999.0 -9999.0 -9999.0 -9999.0 -9999.0 -9999.0 -9999.0 -9999.0 -9999.0 -9999.0 -9999.0 -9999.0 -9999.0 -9999.0 -9999.0 -9999.0 -9999.0 -9999.0 -9999.0 -9999.0 -9999.0 -9999.0 -9999.0 61.5 39.6 29.1 14.9 10.0 5.5 4.4 3.9 13.7 40.2 63.5 75.8 85.6 100.5 124.6 134.0 123.3 136.9 140.5 151.3 158.7 173.0 198.5 210.9 222.5 202.7 192.8
-9999.0 -9999.0 -9999.0 -9999.0 -9999.0 -9999.0 -9999.0 -9999.0 -9999.0 -9999.0 -9999.0 -9999.0 -9999.0 -9999.0 -9999.0 -9999.0 -9999.0 -9999.0 -9999.0 -9999.0 -9999.0 -9999.0 -9999.0 -9999.0 -9999.0 -9999.0 -9999.0 -9999.0 -9999.0 -9999.0 -9999.0 -9999.0 -9999.0 -9999.0 -9999.0 -9999.0 -9999.0 -9999.0 -9999.0 -9999.0 -9999.0 -9999.0 -9999.0 -9999.0 -9999.0 -9999.0 -9999.0 -9999.0 -9999.0 -9999.0 68.2 46.6 33.9 23.4 10.2 7.0 3.8 4.1 5.6 18.1 37.3 60.2 67.7 82.8 99.8 116.0 137.7 121.4 128.2 122.8 135.0 147.8 154.6 153.3 152.0 149.7 169.5 120.3
-9999.0 -9999.0 -9999.0 -9999.0 -9999.0 -9999.0 -9999.0 -9999.0 -9999.0 -9999.0 -9999.0 -9999.0 -9999.0 -9999.0 -9999.0 -9999.0 -9999.0 -9999.0 -9999.0 -9999.0 -9999.0 -9999.0 -9999.0 -9999.0 -9999.0 -9999.0 -9999.0 -9999.0 -9999.0 -9999.0 -9999.0 -9999.0 -9999.0 -9999.0 -9999.0 -9999.0 -9999.0 -9999.0 -9999.0 -9999.0 -9999.0 -9999.0 -9999.0 -9999.0 -9999.0 -9999.0 -9999.0 -9999.0 -9999.0 -9999.0 61.3 52.4 42.5 25.9 15.2 8.2 15.6 8.7 13.7 22.5 33.0 45.8 51.3 68.2 82.5 61.4 81.8 81.0 97.4 108.0 132.2 145.3 139.7 123.6 111.0 108.0 95.8 90.1
-9999.0 -9999.0 -9999.0 -9999.0 -9999.0 -9999.0 -9999.0 -9999.0 -9999.0 -9999.0 -9999.0 -9999.0 -9999.0 -9999.0 -9999.0 -9999.0 -9999.0 -9999.0 -9999.0 -9999.0 -9999.0 -9999.0 -9999.0 -9999.0 -9999.0 -9999.0 -9999.0 -9999.0 -9999.0 -9999.0 -9999.0 -9999.0 -9999.0 -9999.0 -9999.0 -9999.0 -9999.0 -9999.0 -9999.0 -9999.0 -9999.0 -9999.0 -9999.0 -9999.0 -9999.0 -9999.0 -9999.0 -9999.0 -9999.0 -9999.0 63.8 63.9 61.1 42.4 30.5 20.4 18.3 21.6 27.9 34.2 37.5 45.7 51.7 56.4 72.3 62.4 51.5 60.7 75.7 109.7 132.8 138.2 129.3 96.9 78.1 69.4 56.2 57.2
-9999.0 -9999.0 -9999.0 -9999.0 -9999.0 -9999.0 -9999.0 -9999.0 -9999.0 -9999.0 -9999.0 -9999.0 -9999.0 -9999.0 -9999.0 -9999.0 -9999.0 -9999.0 -9999.0 -9999.0 -9999.0 -9999.0 -9999.0 -9999.0 -9999.0 -9999.0 -9999.0 -9999.0 -9999.0 -9999.0 -9999.0 -9999.0 -9999.0 -9999.0 -9999.0 -9999.0 -9999.0 -9999.0 -9999.0 -9999.0 -9999.0 -9999.0 -9999.0 -9999.0 -9999.0 -9999.0 -9999.0 -9999.0 -9999.0 -9999.0 77.0 83.8 79.8 66.9 50.1 37.8 44.9 42.7 50.8 51.8 54.6 54.1 53.9 69.0 86.3 85.8 93.0 88.4 112.1 74.4 113.2 117.9 101.8 73.5 58.5 53.9 45.2 44.6
-9999.0 -9999.0 -9999.0 -9999.0 -9999.0 -9999.0 -9999.0 -9999.0 -9999.0 -9999.0 -9999.0 -9999.0 -9999.0 -9999.0 -9999.0 -9999.0 -9999.0 -9999.0 -9999.0 -9999.0 -9999.0 -9999.0 -9999.0 -9999.0 -9999.0 -9999.0 -9999.0 -9999.0 -9999.0 -9999.0 -9999.0 -9999.0 -9999.0 -9999.0 -9999.0 -9999.0 -9999.0 -9999.0 -9999.0 -9999.0 -9999.0 -9999.0 -9999.0 -9999.0 -9999.0 -9999.0 -9999.0 -9999.0 -9999.0 -9999.0 -9999.0 -9999.0 -9999.0 86.0 74.7 64.3 61.5 67.1 72.7 75.0 113.8 76.8 108.8 108.8 116.5 112.4 131.1 92.7 113.7 100.7 80.9 69.6 56.9 49.1 50.8 53.1 45.2 38.0
-9999.0 -9999.0 -9999.0 -9999.0 -9999.0 -9999.0 -9999.0 -9999.0 -9999.0 -9999.0 -9999.0 -9999.0 -9999.0 -9999.0 -9999.0 -9999.0 -9999.0 -9999.0 -9999.0 -9999.0 -9999.0 -9999.0 -9999.0 -9999.0 -9999.0 -9999.0 -9999.0 -9999.0 -9999.0 -9999.0 -9999.0 -9999.0 -9999.0 -9999.0 -9999.0 -9999.0 -9999.0 -9999.0 -9999.0 -9999.0 -9999.0 -9999.0 -9999.0 -9999.0 -9999.0 -9999.0 -9999.0 -9999.0 -9999.0 -9999.0 -9999.0 -9999.0 -9999.0 91.0 81.1 92.6 80.0 78.4 90.4 131.8 119.0 111.1 172.9 149.8 151.0 138.0 83.0 139.1 75.4 64.0 49.4 46.2 42.3 45.8 54.1 44.2 34.7 25.3
-9999.0 -9999.0 -9999.0 -9999.0 -9999.0 -9999.0 -9999.0 -9999.0 -9999.0 -9999.0 -9999.0 -9999.0 -9999.0 -9999.0 -9999.0 -9999.0 -9999.0 -9999.0 -9999.0 -9999.0 -9999.0 -9999.0 -9999.0 -9999.0 -9999.0 -9999.0 -9999.0 -9999.0 -9999.0 -9999.0 -9999.0 -9999.0 -9999.0 -9999.0 -9999.0 -9999.0 -9999.0 -9999.0 -9999.0 -9999.0 -9999.0 -9999.0 -9999.0 -9999.0 -9999.0 -9999.0 -9999.0 -9999.0 -9999.0 -9999.0 -9999.0 -9999.0 -9999.0 89.9 69.4 95.0 94.6 86.3 94.9 104.5 151.8 165.0 226.9 242.8 149.1 -9999.0 -9999.0 -9999.0 86.1 49.0 53.8 68.3 76.3 78.1 64.5 39.2 25.1 22.7
-9999.0 -9999.0 -9999.0 -9999.0 -9999.0 -9999.0 -9999.0 -9999.0 -9999.0 -9999.0 -9999.0 -9999.0 -9999.0 -9999.0 -9999.0 -9999.0 -9999.0 -9999.0 -9999.0 -9999.0 -9999.0 -9999.0 -9999.0 -9999.0 -9999.0 -9999.0 -9999.0 -9999.0 -9999.0 -9999.0 -9999.0 -9999.0 -9999.0 -9999.0 -9999.0 -9999.0 -9999.0 -9999.0 -9999.0 -9999.0 -9999.0 -9999.0 -9999.0 -9999.0 -9999.0 -9999.0 -9999.0 -9999.0 -9999.0 -9999.0 -9999.0 -9999.0 -9999.0 -9999.0 84.6 88.1 70.8 59.7 88.1 126.4 79.4 -9999.0 -9999.0 -9999.0 -9999.0 -9999.0 -9999.0 -9999.0 67.7 72.8 101.5 113.5 131.2 117.8 76.8 41.5 25.7 31.9
-9999.0 -9999.0 -9999.0 -9999.0 -9999.0 -9999.0 -9999.0 -9999.0 -9999.0 -9999.0 -9999.0 -9999.0 -9999.0 -9999.0 -9999.0 -9999.0 -9999.0 -9999.0 -9999.0 -9999.0 -9999.0 -9999.0 -9999.0 -9999.0 -9999.0 -9999.0 -9999.0 -9999.0 -9999.0 -9999.0 -9999.0 -9999.0 -9999.0 -9999.0 -9999.0 -9999.0 -9999.0 -9999.0 -9999.0 -9999.0 -9999.0 -9999.0 -9999.0 -9999.0 -9999.0 -9999.0 -9999.0 -9999.0 -9999.0 -9999.0 -9999.0 -9999.0 -9999.0 -9999.0 -9999.0 66.4 105.3 62.7 42.8 67.3 73.2 -9999.0 -9999.0 -9999.0 -9999.0 -9999.0 -9999.0 -9999.0 -9999.0 -9999.0 121.5 -9999.0 -9999.0 -9999.0 -9999.0 -9999.0 41.0 -9999.0
-9999.0 -9999.0 -9999.0 -9999.0 -9999.0 -9999.0 -9999.0 -9999.0 -9999.0 -9999.0 -9999.0 -9999.0 -9999.0 -9999.0 -9999.0 -9999.0 -9999.0 -9999.0 -9999.0 -9999.0 -9999.0 -9999.0 -9999.0 -9999.0 -9999.0 -9999.0 -9999.0 -9999.0 -9999.0 -9999.0 -9999.0 -9999.0 -9999.0 -9999.0 -9999.0 -9999.0 -9999.0 -9999.0 -9999.0 -9999.0 -9999.0 -9999.0 -9999.0 -9999.0 -9999.0 -9999.0 -9999.0 -9999.0 -9999.0 -9999.0 -9999.0 -9999.0 -9999.0 -9999.0 -9999.0 -9999.0 -9999.0 -9999.0 42.4 30.2 -9999.0 -9999.0 -9999.0 -9999.0 -9999.0 -9999.0 -9999.0 -9999.0 -9999.0 -9999.0 -9999.0 -9999.0 -9999.0 -9999.0 -9999.0 66.8 61.1 -9999.0
-9999.0 -9999.0 -9999.0 -9999.0 -9999.0 -9999.0 -9999.0 -9999.0 -9999.0 -9999.0 -9999.0 -9999.0 -9999.0 -9999.0 -9999.0 -9999.0 -9999.0 -9999.0 -9999.0 -9999.0 -9999.0 -9999.0 -9999.0 -9999.0 -9999.0 -9999.0 -9999.0 -9999.0 -9999.0 -9999.0 -9999.0 -9999.0 -9999.0 -9999.0 -9999.0 -9999.0 -9999.0 -9999.0 -9999.0 -9999.0 -9999.0 -9999.0 -9999.0 -9999.0 -9999.0 -9999.0 -9999.0 -9999.0 -9999.0 -9999.0 -9999.0 -9999.0 -9999.0 -9999.0 -9999.0 -9999.0 -9999.0 -9999.0 -9999.0 -9999.0 -9999.0 -9999.0 -9999.0 -9999.0 -9999.0 -9999.0 -9999.0 -9999.0 -9999.0 -9999.0 -9999.0 -9999.0 -9999.0 -9999.0 -9999.0 -9999.0 -9999.0 -9999.0
-9999.0 -9999.0 -9999.0 -9999.0 -9999.0 -9999.0 -9999.0 -9999.0 -9999.0 -9999.0 -9999.0 -9999.0 -9999.0 -9999.0 -9999.0 -9999.0 -9999.0 -9999.0 -9999.0 -9999.0 -9999.0 -9999.0 -9999.0 -9999.0 -9999.0 -9999.0 -9999.0 -9999.0 -9999.0 -9999.0 -9999.0 -9999.0 -9999.0 -9999.0 -9999.0 -9999.0 -9999.0 -9999.0 -9999.0 -9999.0 -9999.0 -9999.0 -9999.0 -9999.0 -9999.0 -9999.0 -9999.0 -9999.0 -9999.0 -9999.0 -9999.0 -9999.0 -9999.0 -9999.0 -9999.0 -9999.0 -9999.0 -9999.0 -9999.0 -9999.0 -9999.0 -9999.0 -9999.0 -9999.0 -9999.0 -9999.0 -9999.0 -9999.0 -9999.0 -9999.0 -9999.0 -9999.0 -9999.0 -9999.0 -9999.0 91.1 87.7 101.9
-9999.0 -9999.0 -9999.0 -9999.0 -9999.0 -9999.0 -9999.0 -9999.0 -9999.0 -9999.0 -9999.0 -9999.0 -9999.0 -9999.0 -9999.0 -9999.0 -9999.0 -9999.0 -9999.0 -9999.0 -9999.0 -9999.0 -9999.0 -9999.0 -9999.0 -9999.0 -9999.0 -9999.0 -9999.0 -9999.0 -9999.0 -9999.0 -9999.0 -9999.0 -9999.0 -9999.0 -9999.0 -9999.0 -9999.0 -9999.0 -9999.0 -9999.0 -9999.0 -9999.0 -9999.0 -9999.0 -9999.0 -9999.0 -9999.0 -9999.0 -9999.0 -9999.0 -9999.0 -9999.0 -9999.0 -9999.0 -9999.0 -9999.0 -9999.0 -9999.0 -9999.0 -9999.0 -9999.0 -9999.0 -9999.0 -9999.0 -9999.0 -9999.0 -9999.0 -9999.0 -9999.0 -9999.0 -9999.0 104.5 109.3 99.8 107.1 -9999.0
