program/excelProcessViaJava/data/SURF_CLI_CHN_PRE_MON_GRID_0.5-201207.txt
NCOLS      128
NROWS       72
XLLCORNER    72.000000000000    
YLLCORNER    18.000000000000    
CELLSIZE    0.50000000000000    
NODATA_VALUE   -9999.000    
[rows 33 to 65 of 72, columns 0 to 73 of 128]
-9999.0 -9999.0 -9999.0 -9999.0 7.6 1.4 0.4 1.7 2.0 9.2 8.0 10.4 11.9 10.0 7.3 6.6 7.9 9.9 10.9 11.2 11.0 10.2 9.1 10.1 12.3 18.8 26.8 82.5 66.5 76.9 85.5 81.5 78.8 85.9 65.1 61.3 52.8 85.5 72.1 44.4 22.3 16.1 17.1 17.2 19.1 21.7 28.3 45.0 62.9 63.4 86.6 134.5 155.5 167.4 138.3 134.6 133.7 165.8 170.5 192.2 190.5 171.8 141.0 69.2 44.9 59.4 62.7 57.1 54.0 55.9 67.8 84.2 107.0 125.5
-9999.0 -9999.0 -9999.0 -9999.0 1.4 1.8 0.3 1.3 0.1 0.1 2.4 0.6 1.7 2.4 6.4 7.1 8.9 9.5 9.4 9.8 13.3 15.6 18.6 31.6 49.1 60.8 63.1 71.0 75.5 80.7 83.7 93.2 86.0 84.7 86.0 75.2 85.8 95.1 68.8 45.6 68.2 28.3 25.4 18.2 16.6 15.4 15.1 16.7 22.0 37.8 60.1 91.5 143.0 136.1 125.9 129.7 136.0 158.5 176.8 138.1 183.1 128.2 96.7 83.9 57.5 48.0 62.2 48.7 48.3 50.4 74.6 99.7 120.7 126.7
-9999.0 -9999.0 -9999.0 -9999.0 -9999.0 -9999.0 -9999.0 0.5 0.2 0.4 0.1 0.1 0.8 0.9 1.3 4.8 6.2 8.7 10.8 15.2 20.2 25.3 32.1 39.5 46.9 54.3 63.9 72.6 80.4 90.9 95.3 97.9 97.5 100.6 105.4 93.7 106.2 97.0 114.3 119.3 69.7 136.7 127.4 87.1 47.6 19.3 29.1 23.8 38.1 31.0 43.2 71.9 109.3 159.0 157.8 128.4 124.2 129.7 182.4 159.0 186.1 136.9 102.6 92.3 98.3 72.5 72.8 64.2 53.3 58.9 81.9 109.8 121.9 123.1
-9999.0 -9999.0 -9999.0 -9999.0 -9999.0 -9999.0 -9999.0 0.0 0.4 0.1 0.1 0.2 0.2 0.2 0.7 0.6 2.2 4.4 5.6 11.6 16.9 22.3 29.8 37.7 45.8 54.5 63.0 75.2 80.0 85.9 98.2 103.1 105.3 114.4 105.6 106.3 100.5 110.1 109.5 106.0 113.3 117.4 128.1 172.4 98.2 51.6 65.6 69.9 121.1 97.9 155.8 135.5 103.3 125.6 159.7 145.9 154.0 171.4 180.7 179.7 168.7 168.7 149.9 148.9 124.2 102.8 85.9 69.7 68.0 64.4 79.3 100.7 112.5 114.3
-9999.0 -9999.0 -9999.0 -9999.0 -9999.0 -9999.0 -9999.0 -9999.0 -9999.0 0.1 0.1 0.2 0.1 0.2 0.5 1.1 1.4 1.5 4.8 7.2 13.8 21.0 28.4 36.6 45.3 54.2 64.7 74.8 81.7 96.4 95.0 104.0 108.3 115.2 106.2 105.4 102.6 108.0 102.6 110.3 106.5 121.1 120.2 112.0 131.1 128.2 129.2 126.3 133.6 133.1 145.5 120.9 108.7 117.0 157.8 157.1 163.0 173.3 178.2 170.7 168.1 175.0 176.2 162.9 144.3 112.5 87.5 71.7 79.5 79.7 93.0 102.4 105.9 108.8
-9999.0 -9999.0 -9999.0 -9999.0 -9999.0 -9999.0 -9999.0 -9999.0 -9999.0 -9999.0 -9999.0 0.0 0.3 0.1 0.4 0.6 1.2 2.4 4.9 8.2 12.5 19.8 27.5 36.4 46.5 56.7 68.4 79.6 89.5 97.4 105.4 118.0 115.6 118.7 115.0 129.2 113.2 111.8 140.8 112.0 126.1 117.9 114.1 113.7 163.9 133.0 191.1 163.8 182.5 170.4 133.2 122.8 118.5 138.9 172.4 176.2 178.8 184.0 176.4 175.1 185.2 175.1 162.8 147.5 134.4 96.8 73.0 77.6 91.4 106.9 119.2 123.4 109.9 95.6
-9999.0 -9999.0 -9999.0 -9999.0 -9999.0 -9999.0 -9999.0 -9999.0 -9999.0 -9999.0 -9999.0 -9999.0 0.2 0.3 0.3 0.7 0.8 2.0 4.1 6.4 13.5 19.7 27.7 36.9 46.8 58.2 68.9 83.1 94.2 109.3 114.8 120.8 125.5 134.3 135.3 129.4 144.8 123.2 110.7 101.5 100.4 106.3 115.2 140.1 148.2 168.4 198.4 170.1 188.7 192.9 214.7 184.9 149.2 143.8 170.0 192.4 198.9 205.1 171.8 197.6 201.6 208.4 194.3 153.7 105.2 123.1 89.6 102.4 123.7 147.7 146.8 109.8 91.1 88.5
-9999.0 -9999.0 -9999.0 -9999.0 -9999.0 -9999.0 -9999.0 -9999.0 -9999.0 -9999.0 -9999.0 -9999.0 0.1 0.4 0.7 0.7 1.5 2.5 3.9 7.8 13.2 19.5 28.2 38.2 48.4 60.2 72.5 83.6 98.0 108.0 122.0 134.9 137.4 138.9 142.1 136.0 146.4 143.3 130.2 119.2 107.3 110.7 145.6 134.3 169.9 205.6 187.8 189.4 165.8 212.6 201.9 200.6 164.7 182.1 174.0 204.6 195.9 196.6 172.3 185.3 199.6 197.6 204.7 204.5 88.7 107.4 88.8 122.9 165.7 206.0 240.1 265.3 266.9 216.8
-9999.0 -9999.0 -9999.0 -9999.0 -9999.0 -9999.0 -9999.0 -9999.0 -9999.0 -9999.0 -9999.0 -9999.0 -9999.0 0.3 0.3 1.1 1.4 3.0 5.7 9.7 14.7 22.3 29.8 40.3 51.0 63.2 76.8 91.5 105.2 118.3 127.8 136.2 148.7 152.6 142.8 142.1 141.2 144.0 172.2 145.8 136.8 147.5 153.0 186.4 179.6 178.0 212.5 245.4 262.6 256.3 242.2 198.8 185.8 263.2 240.7 230.0 209.7 212.2 239.2 212.1 222.4 209.6 217.1 127.9 68.6 99.0 140.7 195.6 268.5 302.2 245.3 270.5 295.0 254.2
-9999.0 -9999.0 -9999.0 -9999.0 -9999.0 -9999.0 -9999.0 -9999.0 -9999.0 -9999.0 -9999.0 -9999.0 0.2 0.2 0.5 1.2 1.4 3.2 6.1 11.7 17.6 24.7 32.9 43.0 53.9 65.8 79.4 93.4 108.1 123.2 135.7 143.0 157.0 154.8 155.5 148.1 156.6 141.4 138.2 138.8 166.3 189.9 212.5 176.1 199.2 213.1 212.2 211.6 245.1 258.8 288.6 304.4 239.4 263.3 239.5 237.3 259.7 187.9 222.0 210.8 231.3 260.2 234.1 260.5 170.5 151.6 220.6 303.5 390.3 426.1 439.7 397.5 298.7 201.7
-9999.0 -9999.0 -9999.0 -9999.0 -9999.0 -9999.0 -9999.0 -9999.0 -9999.0 -9999.0 -9999.0 -9999.0 0.3 0.8 1.0 1.0 1.8 5.2 8.8 12.7 20.5 27.0 36.0 46.0 57.3 69.1 81.9 95.8 110.7 125.1 138.8 151.1 162.3 157.6 153.4 150.9 142.8 145.4 142.3 130.2 136.9 143.4 160.0 181.3 197.6 215.6 253.7 261.3 272.4 234.3 245.6 294.8 252.4 234.4 234.6 212.3 247.4 262.5 239.9 283.9 313.1 347.4 225.5 168.3 168.8 216.2 294.2 386.9 416.5 461.7 466.4 404.7 316.9 262.8
-9999.0 -9999.0 -9999.0 -9999.0 -9999.0 -9999.0 -9999.0 -9999.0 -9999.0 -9999.0 -9999.0 -9999.0 1.0 0.8 1.8 2.5 4.5 5.5 10.7 16.0 20.5 28.1 39.6 48.5 60.1 70.5 83.9 97.2 112.3 127.6 142.6 158.5 163.9 162.2 156.8 151.2 146.1 145.8 139.7 144.8 140.3 139.1 185.4 153.7 188.3 228.0 249.3 229.5 206.0 229.0 257.4 243.5 377.2 389.8 318.2 197.6 251.2 282.6 301.4 269.1 283.1 298.0 445.2 198.9 143.1 245.5 361.2 426.6 446.9 427.4 423.2 419.9 337.6 278.7
-9999.0 -9999.0 -9999.0 -9999.0 -9999.0 -9999.0 -9999.0 -9999.0 -9999.0 -9999.0 -9999.0 -9999.0 -9999.0 1.0 1.6 4.3 6.5 10.6 13.6 18.8 22.5 34.3 41.7 50.6 63.6 73.6 85.2 97.7 111.2 125.8 143.0 158.1 169.5 169.9 165.2 165.8 160.5 150.5 151.1 145.5 147.5 185.0 205.8 199.9 166.4 169.4 200.6 141.2 220.1 229.1 205.6 308.8 303.1 239.2 343.1 335.9 223.2 248.1 303.3 403.1 377.8 592.5 425.6 145.3 153.4 250.3 361.7 405.8 370.3 372.8 350.1 319.9 302.6 235.2
-9999.0 -9999.0 -9999.0 -9999.0 -9999.0 -9999.0 -9999.0 -9999.0 -9999.0 -9999.0 -9999.0 -9999.0 -9999.0 4.3 3.3 7.1 8.0 15.3 20.4 25.5 28.2 36.4 44.7 55.1 68.3 75.9 85.1 96.2 107.4 120.8 137.0 153.3 166.2 171.9 172.0 168.2 160.1 160.3 167.0 186.6 171.0 179.9 187.3 188.3 223.6 171.0 164.4 114.9 142.3 164.4 235.1 181.8 292.2 358.5 390.5 339.2 252.6 265.1 330.8 215.2 392.5 210.0 156.6 179.9 211.3 288.3 371.2 353.6 277.6 224.7 215.1 216.2 218.1 219.8
-9999.0 -9999.0 -9999.0 -9999.0 -9999.0 -9999.0 -9999.0 -9999.0 -9999.0 -9999.0 -9999.0 -9999.0 -9999.0 -9999.0 -9999.0 11.0 15.9 19.6 26.8 34.8 36.9 47.2 55.6 62.5 69.2 77.2 82.2 91.8 101.2 112.2 126.7 142.6 157.4 166.4 167.0 173.4 177.4 160.4 170.4 176.8 189.1 195.2 191.3 177.3 131.8 100.8 128.4 71.3 123.8 72.2 149.2 296.2 252.4 291.7 163.6 296.6 297.2 192.3 367.2 431.5 163.8 193.1 322.4 303.8 311.1 352.8 380.4 303.8 181.0 135.6 115.5 121.3 185.6 201.6
-9999.0 -9999.0 -9999.0 -9999.0 -9999.0 -9999.0 -9999.0 -9999.0 -9999.0 -9999.0 -9999.0 -9999.0 -9999.0 -9999.0 -9999.0 -9999.0 -9999.0 26.1 39.3 -9999.0 54.5 54.6 66.3 72.7 74.4 80.6 83.1 89.3 95.1 103.8 114.1 127.9 146.2 150.9 146.7 154.8 172.0 138.7 164.3 171.8 178.1 189.2 178.5 158.9 98.5 92.2 70.9 143.4 70.8 115.1 64.4 143.9 94.0 273.2 304.5 312.5 246.8 346.1 352.2 403.5 154.3 278.7 403.2 394.1 371.2 381.8 379.1 302.2 158.9 88.8 64.7 148.4 183.5 160.0
-9999.0 -9999.0 -9999.0 -9999.0 -9999.0 -9999.0 -9999.0 -9999.0 -9999.0 -9999.0 -9999.0 -9999.0 -9999.0 -9999.0 -9999.0 -9999.0 -9999.0 -9999.0 -9999.0 -9999.0 -9999.0 69.5 72.7 72.7 81.7 90.7 91.4 91.2 91.0 93.9 101.3 113.7 127.2 135.3 129.1 137.5 134.7 131.7 125.6 116.1 123.6 169.4 169.7 153.8 98.0 107.8 80.5 68.3 152.9 369.0 117.4 258.1 276.4 168.2 232.1 301.8 314.6 268.6 451.1 348.3 206.5 245.1 384.4 372.6 345.3 334.0 308.0 240.0 131.8 78.9 76.5 141.9 167.0 164.4
-9999.0 -9999.0 -9999.0 -9999.0 -9999.0 -9999.0 -9999.0 -9999.0 -9999.0 -9999.0 -9999.0 -9999.0 -9999.0 -9999.0 -9999.0 -9999.0 -9999.0 -9999.0 -9999.0 -9999.0 -9999.0 -9999.0 -9999.0 98.9 95.7 98.4 98.0 94.3 91.4 90.0 94.9 107.0 127.2 129.6 136.8 132.7 136.8 114.4 128.3 134.6 135.7 149.6 134.9 117.0 97.1 85.1 84.2 76.0 75.4 80.5 87.9 187.9 124.4 170.2 170.4 168.5 248.4 330.7 219.6 336.9 242.9 234.7 226.5 251.2 260.9 267.4 234.7 182.3 154.1 101.9 146.8 171.1 204.4 224.3
-9999.0 -9999.0 -9999.0 -9999.0 -9999.0 -9999.0 -9999.0 -9999.0 -9999.0 -9999.0 -9999.0 -9999.0 -9999.0 -9999.0 -9999.0 -9999.0 -9999.0 -9999.0 -9999.0 -9999.0 -9999.0 -9999.0 -9999.0 -9999.0 -9999.0 109.4 113.8 99.5 98.4 106.1 100.7 103.3 112.0 121.8 113.6 126.4 140.7 99.5 112.2 95.2 119.7 110.3 82.7 92.9 88.3 89.4 100.7 102.5 101.8 98.9 164.7 146.3 197.8 195.1 148.5 164.5 214.9 215.5 304.8 308.0 298.1 270.7 450.3 212.0 220.0 238.8 234.0 256.1 235.8 208.5 178.0 214.7 243.7 281.4
-9999.0 -9999.0 -9999.0 -9999.0 -9999.0 -9999.0 -9999.0 -9999.0 -9999.0 -9999.0 -9999.0 -9999.0 -9999.0 -9999.0 -9999.0 -9999.0 -9999.0 -9999.0 -9999.0 -9999.0 -9999.0 -9999.0 -9999.0 -9999.0 -9999.0 -9999.0 -9999.0 104.7 103.1 108.1 104.5 105.3 123.5 99.7 114.8 63.2 81.6 70.3 54.4 66.4 83.3 77.7 75.7 78.0 87.2 93.7 99.3 109.5 120.7 134.2 144.7 151.4 152.5 149.2 155.9 186.2 174.5 197.2 258.0 263.7 372.1 279.5 217.8 193.8 238.6 263.0 286.9 270.4 250.1 218.8 217.6 264.4 268.3 300.4
-9999.0 -9999.0 -9999.0 -9999.0 -9999.0 -9999.0 -9999.0 -9999.0 -9999.0 -9999.0 -9999.0 -9999.0 -9999.0 -9999.0 -9999.0 -9999.0 -9999.0 -9999.0 -9999.0 -9999.0 -9999.0 -9999.0 -9999.0 -9999.0 -9999.0 -9999.0 -9999.0 -9999.0 -9999.0 -9999.0 -9999.0 -9999.0 -9999.0 78.9 99.8 -9999.0 -9999.0 -9999.0 46.4 53.4 55.9 62.6 75.4 75.4 81.4 94.5 -9999.0 -9999.0 -9999.0 -9999.0 -9999.0 -9999.0 169.4 197.2 155.2 157.2 173.7 200.4 230.3 306.8 308.9 262.0 210.8 197.2 230.3 288.9 345.4 359.4 309.8 248.3 240.3 284.8 305.0 255.5
-9999.0 -9999.0 -9999.0 -9999.0 -9999.0 -9999.0 -9999.0 -9999.0 -9999.0 -9999.0 -9999.0 -9999.0 -9999.0 -9999.0 -9999.0 -9999.0 -9999.0 -9999.0 -9999.0 -9999.0 -9999.0 -9999.0 -9999.0 -9999.0 -9999.0 -9999.0 -9999.0 -9999.0 -9999.0 -9999.0 -9999.0 -9999.0 -9999.0 -9999.0 -9999.0 -9999.0 -9999.0 -9999.0 -9999.0 38.5 44.0 50.8 59.7 71.1 -9999.0 -9999.0 -9999.0 -9999.0 -9999.0 -9999.0 -9999.0 -9999.0 205.3 241.1 212.5 176.0 169.7 193.9 247.6 296.5 292.1 235.5 197.5 181.8 225.9 291.7 354.1 381.4 309.7 258.0 261.7 291.0 267.3 241.8
-9999.0 -9999.0 -9999.0 -9999.0 -9999.0 -9999.0 -9999.0 -9999.0 -9999.0 -9999.0 -9999.0 -9999.0 -9999.0 -9999.0 -9999.0 -9999.0 -9999.0 -9999.0 -9999.0 -9999.0 -9999.0 -9999.0 -9999.0 -9999.0 -9999.0 -9999.0 -9999.0 -9999.0 -9999.0 -9999.0 -9999.0 -9999.0 -9999.0 -9999.0 -9999.0 -9999.0 -9999.0 -9999.0 -9999.0 -9999.0 -9999.0 -9999.0 -9999.0 -9999.0 -9999.0 -9999.0 -9999.0 -9999.0 -9999.0 -9999.0 -9999.0 -9999.0 182.1 285.5 256.3 248.8 184.9 180.2 209.5 244.8 241.6 199.3 247.2 151.7 191.9 274.9 356.4 353.6 291.0 243.7 244.6 271.5 290.4 208.5
-9999.0 -9999.0 -9999.0 -9999.0 -9999.0 -9999.0 -9999.0 -9999.0 -9999.0 -9999.0 -9999.0 -9999.0 -9999.0 -9999.0 -9999.0 -9999.0 -9999.0 -9999.0 -9999.0 -9999.0 -9999.0 -9999.0 -9999.0 -9999.0 -9999.0 -9999.0 -9999.0 -9999.0 -9999.0 -9999.0 -9999.0 -9999.0 -9999.0 -9999.0 -9999.0 -9999.0 -9999.0 -9999.0 -9999.0 -9999.0 -9999.0 -9999.0 -9999.0 -9999.0 -9999.0 -9999.0 -9999.0 -9999.0 -9999.0 -9999.0 -9999.0 265.1 282.7 318.8 223.0 232.3 190.1 193.1 186.6 173.7 224.4 186.3 133.8 129.3 174.2 259.6 320.1 277.6 269.1 226.0 216.9 228.7 203.4 156.9
-9999.0 -9999.0 -9999.0 -9999.0 -9999.0 -9999.0 -9999.0 -9999.0 -9999.0 -9999.0 -9999.0 -9999.0 -9999.0 -9999.0 -9999.0 -9999.0 -9999.0 -9999.0 -9999.0 -9999.0 -9999.0 -9999.0 -9999.0 -9999.0 -9999.0 -9999.0 -9999.0 -9999.0 -9999.0 -9999.0 -9999.0 -9999.0 -9999.0 -9999.0 -9999.0 -9999.0 -9999.0 -9999.0 -9999.0 -9999.0 -9999.0 -9999.0 -9999.0 -9999.0 -9999.0 -9999.0 -9999.0 -9999.0 -9999.0 -9999.0 249.2 342.6 347.2 338.9 279.9 254.2 185.8 151.0 171.2 210.6 197.6 190.1 134.4 137.7 208.0 281.0 292.1 285.9 280.3 233.4 215.2 189.2 177.5 172.2
-9999.0 -9999.0 -9999.0 -9999.0 -9999.0 -9999.0 -9999.0 -9999.0 -9999.0 -9999.0 -9999.0 -9999.0 -9999.0 -9999.0 -9999.0 -9999.0 -9999.0 -9999.0 -9999.0 -9999.0 -9999.0 -9999.0 -9999.0 -9999.0 -9999.0 -9999.0 -9999.0 -9999.0 -9999.0 -9999.0 -9999.0 -9999.0 -9999.0 -9999.0 -9999.0 -9999.0 -9999.0 -9999.0 -9999.0 -9999.0 -9999.0 -9999.0 -9999.0 -9999.0 -9999.0 -9999.0 -9999.0 -9999.0 -9999.0 -9999.0 272.7 381.9 389.7 352.5 315.7 260.4 178.4 213.2 210.1 192.1 167.1 158.8 141.9 172.5 237.8 242.5 263.5 272.6 297.2 268.4 243.2 216.0 196.5 175.7
-9999.0 -9999.0 -9999.0 -9999.0 -9999.0 -9999.0 -9999.0 -9999.0 -9999.0 -9999.0 -9999.0 -9999.0 -9999.0 -9999.0 -9999.0 -9999.0 -9999.0 -9999.0 -9999.0 -9999.0 -9999.0 -9999.0 -9999.0 -9999.0 -9999.0 -9999.0 -9999.0 -9999.0 -9999.0 -9999.0 -9999.0 -9999.0 -9999.0 -9999.0 -9999.0 -9999.0 -9999.0 -9999.0 -9999.0 -9999.0 -9999.0 -9999.0 -9999.0 -9999.0 -9999.0 -9999.0 -9999.0 -9999.0 -9999.0 -9999.0 267.6 366.3 391.9 373.2 298.6 253.4 280.0 239.8 247.7 181.9 178.1 164.2 156.1 172.9 227.4 250.7 247.6 273.8 297.5 324.8 284.0 284.6 225.6 210.5
-9999.0 -9999.0 -9999.0 -9999.0 -9999.0 -9999.0 -9999.0 -9999.0 -9999.0 -9999.0 -9999.0 -9999.0 -9999.0 -9999.0 -9999.0 -9999.0 -9999.0 -9999.0 -9999.0 -9999.0 -9999.0 -9999.0 -9999.0 -9999.0 -9999.0 -9999.0 -9999.0 -9999.0 -9999.0 -9999.0 -9999.0 -9999.0 -9999.0 -9999.0 -9999.0 -9999.0 -9999.0 -9999.0 -9999.0 -9999.0 -9999.0 -9999.0 -9999.0 -9999.0 -9999.0 -9999.0 -9999.0 -9999.0 -9999.0 -9999.0 334.7 406.9 415.1 383.8 324.2 309.3 246.3 278.2 276.1 200.5 210.9 178.6 138.3 201.7 256.6 287.9 321.2 324.3 351.3 251.0 277.9 263.8 250.3 225.6
-9999.0 -9999.0 -9999.0 -9999.0 -9999.0 -9999.0 -9999.0 -9999.0 -9999.0 -9999.0 -9999.0 -9999.0 -9999.0 -9999.0 -9999.0 -9999.0 -9999.0 -9999.0 -9999.0 -9999.0 -9999.0 -9999.0 -9999.0 -9999.0 -9999.0 -9999.0 -9999.0 -9999.0 -9999.0 -9999.0 -9999.0 -9999.0 -9999.0 -9999.0 -9999.0 -9999.0 -9999.0 -9999.0 -9999.0 -9999.0 -9999.0 -9999.0 -9999.0 -9999.0 -9999.0 -9999.0 -9999.0 -9999.0 -9999.0 -9999.0 -9999.0 -9999.0 -9999.0 432.6 376.8 314.2 300.7 317.3 260.0 249.8 377.5 197.1 333.7 303.4 332.7 343.7 389.4 313.9 327.7 282.5 232.8 214.0 205.2 201.8
-9999.0 -9999.0 -9999.0 -9999.0 -9999.0 -9999.0 -9999.0 -9999.0 -9999.0 -9999.0 -9999.0 -9999.0 -9999.0 -9999.0 -9999.0 -9999.0 -9999.0 -9999.0 -9999.0 -9999.0 -9999.0 -9999.0 -9999.0 -9999.0 -9999.0 -9999.0 -9999.0 -9999.0 -9999.0 -9999.0 -9999.0 -9999.0 -9999.0 -9999.0 -9999.0 -9999.0 -9999.0 -9999.0 -9999.0 -9999.0 -9999.0 -9999.0 -9999.0 -9999.0 -9999.0 -9999.0 -9999.0 -9999.0 -9999.0 -9999.0 -9999.0 -9999.0 -9999.0 491.8 442.7 418.6 331.7 303.4 344.7 454.3 390.4 327.7 524.2 390.3 408.1 396.6 281.5 396.2 254.2 220.6 189.8 197.9 212.4 233.7
-9999.0 -9999.0 -9999.0 -9999.0 -9999.0 -9999.0 -9999.0 -9999.0 -9999.0 -9999.0 -9999.0 -9999.0 -9999.0 -9999.0 -9999.0 -9999.0 -9999.0 -9999.0 -9999.0 -9999.0 -9999.0 -9999.0 -9999.0 -9999.0 -9999.0 -9999.0 -9999.0 -9999.0 -9999.0 -9999.0 -9999.0 -9999.0 -9999.0 -9999.0 -9999.0 -9999.0 -9999.0 -9999.0 -9999.0 -9999.0 -9999.0 -9999.0 -9999.0 -9999.0 -9999.0 -9999.0 -9999.0 -9999.0 -9999.0 -9999.0 -9999.0 -9999.0 -9999.0 544.0 472.2 449.6 379.7 348.1 412.9 482.3 606.9 620.6 756.3 758.7 426.9 -9999.0 -9999.0 -9999.0 310.8 227.3 244.7 299.2 333.4 337.8
-9999.0 -9999.0 -9999.0 -9999.0 -9999.0 -9999.0 -9999.0 -9999.0 -9999.0 -9999.0 -9999.0 -9999.0 -9999.0 -9999.0 -9999.0 -9999.0 -9999.0 -9999.0 -9999.0 -9999.0 -9999.0 -9999.0 -9999.0 -9999.0 -9999.0 -9999.0 -9999.0 -9999.0 -9999.0 -9999.0 -9999.0 -9999.0 -9999.0 -9999.0 -9999.0 -9999.0 -9999.0 -9999.0 -9999.0 -9999.0 -9999.0 -9999.0 -9999.0 -9999.0 -9999.0 -9999.0 -9999.0 -9999.0 -9999.0 -9999.0 -9999.0 -9999.0 -9999.0 -9999.0 543.8 480.3 385.5 371.9 509.0 678.4 598.2 -9999.0 -9999.0 -9999.0 -9999.0 -9999.0 -9999.0 -9999.0 307.8 333.6 426.7 439.6 461.7 431.2
-9999.0 -9999.0 -9999.0 -9999.0 -9999.0 -9999.0 -9999.0 -9999.0 -9999.0 -9999.0 -9999.0 -9999.0 -9999.0 -9999.0 -9999.0 -9999.0 -9999.0 -9999.0 -9999.0 -9999.0 -9999.0 -9999.0 -9999.0 -9999.0 -9999.0 -9999.0 -9999.0 -9999.0 -9999.0 -9999.0 -9999.0 -9999.0 -9999.0 -9999.0 -9999.0 -9999.0 -9999.0 -9999.0 -9999.0 -9999.0 -9999.0 -9999.0 -9999.0 -9999.0 -9999.0 -9999.0 -9999.0 -9999.0 -9999.0 -9999.0 -9999.0 -9999.0 -9999.0 -9999.0 -9999.0 508.6 561.3 502.5 549.9 716.3 776.4 -9999.0 -9999.0 -9999.0 -9999.0 -9999.0 -9999.0 -9999.0 -9999.0 -9999.0 468.9 -9999.0 -9999.0 -9999.0
