program/excelProcessViaJava/data/SURF_CLI_CHN_PRE_MON_GRID_0.5-201505.txt
NCOLS      128
NROWS       72
XLLCORNER    72.000000000000    
YLLCORNER    18.000000000000    
CELLSIZE    0.50000000000000    
NODATA_VALUE   -9999.000    
[rows 34 to 67 of 72, columns 0 to 76 of 128]
-9999.0 -9999.0 -9999.0 -9999.0 23.7 22.8 23.0 21.1 20.7 19.1 15.4 15.9 13.9 13.4 11.3 13.8 16.4 18.4 16.1 13.5 14.5 15.7 16.4 17.8 21.8 27.0 27.7 31.9 35.3 39.8 43.9 53.4 52.1 55.1 59.9 54.1 62.2 65.1 42.1 20.9 26.4 5.2 3.4 2.6 3.6 4.9 5.8 6.6 8.1 11.6 17.6 26.1 37.2 42.7 43.8 45.4 46.8 50.5 51.6 24.4 40.6 23.6 25.1 29.5 28.3 29.7 33.5 35.6 38.4 42.7 36.5 35.5 34.8 37.2 39.2 40.6 36.1
-9999.0 -9999.0 -9999.0 -9999.0 -9999.0 19.1 18.9 18.5 16.7 15.3 13.4 12.1 11.2 10.5 10.1 12.5 11.8 14.0 13.8 13.1 12.6 13.1 14.5 16.3 18.3 20.7 24.3 28.2 32.3 38.9 43.0 46.9 49.6 55.1 61.7 56.3 65.3 58.0 63.9 59.6 27.0 49.2 36.6 19.0 9.9 7.5 8.1 8.0 9.8 12.3 18.0 26.2 34.6 35.9 41.5 44.5 43.2 38.7 51.8 25.8 40.3 18.8 20.5 28.6 42.8 44.5 50.5 52.6 52.0 50.8 40.3 34.2 36.6 39.9 41.9 46.3 39.8
-9999.0 -9999.0 -9999.0 -9999.0 -9999.0 -9999.0 -9999.0 13.9 14.6 11.8 10.1 9.3 8.0 6.9 6.9 5.9 6.9 7.3 6.8 8.2 9.1 9.7 11.3 13.0 14.9 17.2 19.7 24.2 25.9 28.6 35.7 39.8 43.2 51.7 49.2 52.5 50.9 57.1 55.0 49.5 47.7 43.1 40.5 47.2 23.0 14.1 14.7 14.9 21.3 20.6 28.4 27.7 31.4 34.5 37.9 49.1 55.0 59.3 57.3 51.1 37.9 35.5 32.4 47.5 58.4 69.6 74.5 72.1 76.0 57.5 47.0 40.3 40.3 43.3 40.3 53.1 55.2
-9999.0 -9999.0 -9999.0 -9999.0 -9999.0 -9999.0 -9999.0 12.9 14.8 9.2 8.0 7.1 5.3 4.8 4.8 4.8 4.3 3.6 4.6 4.7 5.9 7.3 8.6 10.0 11.7 13.6 16.1 18.7 20.4 26.3 25.0 29.9 33.4 39.6 37.1 39.8 41.2 46.6 44.6 47.9 43.6 45.9 40.8 33.9 34.5 30.1 27.6 26.4 28.3 30.1 32.4 29.8 29.7 34.3 37.6 52.7 63.4 66.8 62.3 55.0 51.9 59.3 71.8 63.1 81.5 87.2 87.0 82.8 92.2 69.9 56.9 42.4 40.4 45.8 54.4 45.4 46.1
-9999.0 -9999.0 -9999.0 -9999.0 -9999.0 -9999.0 -9999.0 -9999.0 -9999.0 -9999.0 6.3 4.2 5.1 2.9 2.9 2.6 2.7 2.9 3.3 3.5 3.8 5.0 6.1 7.5 8.9 10.8 13.0 15.4 17.5 19.2 21.5 27.3 26.4 29.4 30.0 41.2 36.1 39.0 56.8 43.8 50.0 44.2 39.8 36.8 46.4 35.5 44.1 37.8 42.5 43.5 40.3 37.3 34.7 35.9 39.2 49.6 64.6 65.5 62.7 56.4 55.2 65.1 81.6 89.1 99.6 80.9 66.7 81.3 89.7 80.1 59.1 46.0 40.2 46.4 52.1 52.5 51.7
-9999.0 -9999.0 -9999.0 -9999.0 -9999.0 -9999.0 -9999.0 -9999.0 -9999.0 -9999.0 -9999.0 4.1 3.5 3.0 1.6 1.9 1.1 1.6 1.8 1.7 3.1 3.5 4.4 5.6 6.4 8.1 9.6 11.8 13.5 17.4 17.6 19.0 20.9 26.2 28.9 29.2 41.6 34.8 33.1 32.4 34.2 36.9 39.2 45.7 45.8 48.2 52.1 45.9 52.5 58.1 60.8 52.5 44.9 44.7 46.7 50.2 55.5 54.9 64.7 53.3 53.6 59.0 73.0 93.8 97.2 115.0 82.4 93.2 96.0 86.8 55.5 40.0 44.9 58.4 74.8 102.3 96.5
-9999.0 -9999.0 -9999.0 -9999.0 -9999.0 -9999.0 -9999.0 -9999.0 -9999.0 -9999.0 -9999.0 -9999.0 1.3 2.6 2.6 1.1 1.7 1.4 1.0 1.3 1.8 2.1 2.9 4.1 5.4 6.1 7.3 8.2 9.8 10.6 13.3 16.9 17.0 18.1 21.4 21.6 31.1 34.7 33.6 33.1 31.1 34.1 48.1 44.2 55.5 64.3 58.6 58.8 58.6 71.4 71.5 64.4 56.0 51.3 56.6 53.5 60.2 59.5 68.2 63.6 61.8 66.7 75.3 90.9 102.2 115.7 61.4 72.1 82.1 86.4 86.5 94.1 97.1 95.3 108.1 113.9 108.4
-9999.0 -9999.0 -9999.0 -9999.0 -9999.0 -9999.0 -9999.0 -9999.0 -9999.0 -9999.0 -9999.0 -9999.0 1.8 1.3 0.6 1.7 0.8 1.1 1.3 1.4 1.4 2.2 2.1 3.5 4.0 4.3 5.3 6.7 7.8 8.9 9.3 10.1 13.9 15.6 12.8 15.3 19.0 25.5 46.6 38.2 37.9 45.2 48.7 63.7 63.4 66.3 75.4 80.5 82.3 81.7 78.6 70.0 64.0 54.5 52.3 53.9 60.0 60.2 57.8 68.6 73.1 83.9 91.4 114.1 85.9 101.8 109.0 92.0 96.0 94.5 94.7 107.5 114.4 121.0 128.5 131.2 126.9
-9999.0 -9999.0 -9999.0 -9999.0 -9999.0 -9999.0 -9999.0 -9999.0 -9999.0 -9999.0 -9999.0 1.6 1.2 0.6 0.6 0.9 0.4 0.6 0.7 1.5 1.8 2.0 2.1 2.8 3.4 3.2 4.0 4.7 5.4 6.4 7.1 7.0 10.6 9.4 11.1 10.9 18.7 17.1 21.8 28.7 48.7 64.9 78.2 62.2 76.8 86.1 87.5 83.3 83.3 81.4 80.5 73.9 66.7 60.1 60.4 59.6 56.1 84.3 76.8 94.6 99.6 103.1 119.8 127.7 138.4 123.8 64.7 74.9 103.8 122.5 125.6 135.7 141.9 134.6 133.3 129.5 116.1
-9999.0 -9999.0 -9999.0 -9999.0 -9999.0 -9999.0 -9999.0 -9999.0 -9999.0 -9999.0 -9999.0 1.1 0.7 2.0 1.1 0.3 0.3 0.9 1.0 0.7 1.7 1.3 1.8 2.2 3.0 3.4 3.5 3.7 4.0 4.3 4.7 5.4 7.5 5.6 5.7 7.6 8.5 14.4 19.8 21.4 31.3 39.7 53.3 70.8 86.5 99.3 108.1 101.4 91.3 76.9 75.1 71.5 70.7 73.1 70.8 75.6 66.7 71.1 90.7 94.8 106.4 118.7 150.3 148.6 136.5 94.7 103.7 74.2 77.9 96.1 120.5 140.8 145.9 141.7 144.2 141.8 128.9
-9999.0 -9999.0 -9999.0 -9999.0 -9999.0 -9999.0 -9999.0 -9999.0 -9999.0 -9999.0 -9999.0 -9999.0 3.9 0.7 2.0 1.1 1.0 0.4 0.7 0.8 0.5 0.6 1.5 1.4 2.1 1.7 2.3 2.2 3.0 3.2 3.6 5.1 4.5 3.9 4.0 5.4 7.7 13.2 17.8 29.4 34.9 41.1 78.5 69.5 98.1 116.5 116.7 102.1 84.9 75.7 70.7 71.7 63.9 61.4 62.3 84.0 73.6 78.1 90.1 112.2 128.4 145.2 154.7 149.2 87.0 73.1 74.3 76.4 82.6 90.1 108.5 137.5 143.6 146.3 175.0 157.9 178.9
-9999.0 -9999.0 -9999.0 -9999.0 -9999.0 -9999.0 -9999.0 -9999.0 -9999.0 -9999.0 -9999.0 -9999.0 1.8 0.3 0.4 1.2 0.9 1.2 0.6 0.6 0.3 0.9 0.8 0.9 2.0 1.8 2.0 2.2 2.0 2.4 2.8 3.5 4.6 4.2 4.9 10.2 13.6 15.4 24.6 30.9 42.7 82.5 107.0 113.1 107.7 113.7 112.3 94.2 81.4 66.9 61.6 56.1 56.3 67.1 60.9 65.3 76.7 83.6 95.8 113.6 133.4 154.0 171.7 100.9 61.1 66.6 71.7 79.8 86.7 99.8 115.2 135.8 151.6 156.5 156.2 165.3 171.2
-9999.0 -9999.0 -9999.0 -9999.0 -9999.0 -9999.0 -9999.0 -9999.0 -9999.0 -9999.0 -9999.0 -9999.0 -9999.0 7.5 0.5 1.7 0.5 1.8 1.5 1.0 0.4 0.6 0.6 0.9 2.7 1.8 1.5 1.9 1.5 1.4 2.0 3.0 3.7 5.0 8.4 11.8 13.6 21.6 36.8 66.6 64.5 88.2 110.2 122.4 136.0 116.4 102.5 80.8 62.7 48.8 43.1 42.9 42.9 49.9 58.0 63.9 67.7 77.9 98.3 102.0 141.2 129.9 81.4 65.9 65.4 67.5 74.8 86.9 101.2 112.0 129.5 153.5 167.8 169.1 167.6 178.0 203.6
-9999.0 -9999.0 -9999.0 -9999.0 -9999.0 -9999.0 -9999.0 -9999.0 -9999.0 -9999.0 -9999.0 -9999.0 -9999.0 -9999.0 50.9 2.2 2.9 1.5 2.4 3.4 0.9 1.9 2.3 1.9 1.5 1.5 0.6 0.8 0.7 0.9 1.2 1.9 4.4 7.0 8.7 19.5 30.9 22.9 39.9 56.9 86.1 106.4 117.6 119.7 106.1 100.4 85.6 68.1 45.6 34.3 23.1 31.9 27.6 36.0 38.8 54.9 65.8 51.7 103.9 129.8 108.6 85.9 90.9 92.5 79.8 72.2 77.7 93.7 114.2 129.9 146.9 168.3 177.4 180.0 181.6 201.5 221.6
-9999.0 -9999.0 -9999.0 -9999.0 -9999.0 -9999.0 -9999.0 -9999.0 -9999.0 -9999.0 -9999.0 -9999.0 -9999.0 -9999.0 -9999.0 -9999.0 -9999.0 53.6 21.0 20.9 12.9 2.7 6.4 5.8 2.1 2.0 0.6 0.7 0.8 0.6 0.8 1.3 4.3 4.0 4.9 14.3 35.7 16.3 41.8 58.2 78.0 103.8 104.5 100.1 95.8 86.3 150.3 54.0 31.4 18.6 21.1 10.4 23.2 25.0 37.4 50.5 49.7 84.8 102.2 129.4 81.7 85.8 111.8 113.6 91.5 79.5 84.6 103.3 125.6 138.7 149.1 158.8 167.8 174.3 192.2 217.4 235.1
-9999.0 -9999.0 -9999.0 -9999.0 -9999.0 -9999.0 -9999.0 -9999.0 -9999.0 -9999.0 -9999.0 -9999.0 -9999.0 -9999.0 -9999.0 -9999.0 -9999.0 -9999.0 -9999.0 -9999.0 49.3 11.5 6.3 1.9 3.8 8.0 4.9 2.5 0.9 0.9 0.7 1.9 2.4 4.6 6.8 16.7 21.3 24.9 25.9 25.9 36.3 87.8 92.7 83.7 80.3 63.4 188.6 44.4 28.9 64.2 6.9 17.0 17.8 10.7 22.3 45.3 61.9 65.2 117.4 119.7 81.9 106.1 112.9 113.8 93.4 88.5 100.8 124.9 145.5 148.5 142.1 141.6 145.6 160.5 197.5 225.2 235.3
-9999.0 -9999.0 -9999.0 -9999.0 -9999.0 -9999.0 -9999.0 -9999.0 -9999.0 -9999.0 -9999.0 -9999.0 -9999.0 -9999.0 -9999.0 -9999.0 -9999.0 -9999.0 -9999.0 -9999.0 -9999.0 -9999.0 6.4 45.8 13.7 12.7 9.1 4.2 0.9 1.0 0.8 1.5 5.3 9.1 18.5 26.3 38.8 31.9 51.2 62.6 62.6 76.3 57.0 48.5 68.2 207.7 80.2 52.6 61.1 56.5 9.9 7.7 5.8 8.4 9.5 5.8 43.5 77.1 53.3 111.8 119.1 143.8 149.2 128.9 119.1 107.9 125.7 155.5 154.6 159.5 141.3 130.9 131.1 158.5 200.1 223.1 230.6
-9999.0 -9999.0 -9999.0 -9999.0 -9999.0 -9999.0 -9999.0 -9999.0 -9999.0 -9999.0 -9999.0 -9999.0 -9999.0 -9999.0 -9999.0 -9999.0 -9999.0 -9999.0 -9999.0 -9999.0 -9999.0 -9999.0 -9999.0 -9999.0 120.7 88.0 32.8 1.7 1.5 1.4 1.6 3.6 6.8 12.9 19.0 34.8 55.8 41.1 59.6 46.8 66.4 43.8 49.4 52.1 143.8 219.8 155.1 263.1 17.1 34.4 7.7 5.1 8.3 9.9 3.6 6.0 29.5 37.7 79.5 95.8 114.4 127.7 150.0 114.8 117.3 125.7 150.9 153.9 153.8 159.7 158.4 146.0 149.7 173.3 206.3 218.7 211.9
-9999.0 -9999.0 -9999.0 -9999.0 -9999.0 -9999.0 -9999.0 -9999.0 -9999.0 -9999.0 -9999.0 -9999.0 -9999.0 -9999.0 -9999.0 -9999.0 -9999.0 -9999.0 -9999.0 -9999.0 -9999.0 -9999.0 -9999.0 -9999.0 -9999.0 144.7 107.3 104.4 87.4 23.2 15.8 14.7 12.6 20.5 28.4 26.7 35.0 35.3 25.6 35.5 45.2 27.9 62.2 140.8 176.4 227.6 271.4 280.2 266.9 88.1 136.5 92.3 5.7 4.5 3.9 11.2 10.7 21.8 58.0 68.3 85.4 96.4 86.4 82.5 83.8 120.7 156.8 173.2 172.8 184.2 190.6 184.0 191.5 187.2 202.5 204.0 183.3
-9999.0 -9999.0 -9999.0 -9999.0 -9999.0 -9999.0 -9999.0 -9999.0 -9999.0 -9999.0 -9999.0 -9999.0 -9999.0 -9999.0 -9999.0 -9999.0 -9999.0 -9999.0 -9999.0 -9999.0 -9999.0 -9999.0 -9999.0 -9999.0 -9999.0 -9999.0 -9999.0 167.4 145.8 90.1 108.3 82.4 71.5 46.4 36.3 39.3 -9999.0 38.7 44.8 34.6 41.7 63.7 59.0 169.8 225.6 247.0 262.8 -9999.0 -9999.0 162.5 174.6 126.9 16.2 5.3 3.7 4.8 9.6 18.8 33.2 52.9 66.2 69.9 52.2 49.2 67.8 104.5 144.9 176.8 199.5 214.6 229.3 227.5 213.6 182.4 175.2 181.6 153.1
-9999.0 -9999.0 -9999.0 -9999.0 -9999.0 -9999.0 -9999.0 -9999.0 -9999.0 -9999.0 -9999.0 -9999.0 -9999.0 -9999.0 -9999.0 -9999.0 -9999.0 -9999.0 -9999.0 -9999.0 -9999.0 -9999.0 -9999.0 -9999.0 -9999.0 -9999.0 -9999.0 -9999.0 -9999.0 -9999.0 -9999.0 -9999.0 -9999.0 123.6 111.6 -9999.0 -9999.0 -9999.0 -9999.0 133.0 142.4 160.9 183.0 204.5 221.8 -9999.0 -9999.0 -9999.0 -9999.0 -9999.0 -9999.0 -9999.0 12.9 6.2 3.5 5.3 10.3 16.4 26.8 40.5 51.2 53.7 51.0 47.6 60.4 90.6 134.1 192.8 231.5 260.5 267.2 283.4 259.1 205.9 186.5 172.5 156.9
-9999.0 -9999.0 -9999.0 -9999.0 -9999.0 -9999.0 -9999.0 -9999.0 -9999.0 -9999.0 -9999.0 -9999.0 -9999.0 -9999.0 -9999.0 -9999.0 -9999.0 -9999.0 -9999.0 -9999.0 -9999.0 -9999.0 -9999.0 -9999.0 -9999.0 -9999.0 -9999.0 -9999.0 -9999.0 -9999.0 -9999.0 -9999.0 -9999.0 -9999.0 -9999.0 -9999.0 -9999.0 -9999.0 -9999.0 151.2 162.0 167.2 169.3 202.3 -9999.0 -9999.0 -9999.0 -9999.0 -9999.0 -9999.0 -9999.0 -9999.0 56.9 7.5 4.1 6.8 8.2 9.6 14.0 24.0 35.5 45.0 74.5 62.8 80.7 114.0 155.6 193.7 231.6 261.6 277.4 304.3 283.2 247.4 209.1 232.8 212.5
-9999.0 -9999.0 -9999.0 -9999.0 -9999.0 -9999.0 -9999.0 -9999.0 -9999.0 -9999.0 -9999.0 -9999.0 -9999.0 -9999.0 -9999.0 -9999.0 -9999.0 -9999.0 -9999.0 -9999.0 -9999.0 -9999.0 -9999.0 -9999.0 -9999.0 -9999.0 -9999.0 -9999.0 -9999.0 -9999.0 -9999.0 -9999.0 -9999.0 -9999.0 -9999.0 -9999.0 -9999.0 -9999.0 -9999.0 -9999.0 -9999.0 -9999.0 -9999.0 -9999.0 -9999.0 -9999.0 -9999.0 -9999.0 -9999.0 -9999.0 -9999.0 84.5 24.4 8.8 3.9 4.8 4.9 6.2 6.1 13.5 29.2 43.6 57.2 82.1 114.0 148.9 173.3 198.6 217.7 238.9 243.4 254.2 260.3 270.3 268.9 335.5 302.8
-9999.0 -9999.0 -9999.0 -9999.0 -9999.0 -9999.0 -9999.0 -9999.0 -9999.0 -9999.0 -9999.0 -9999.0 -9999.0 -9999.0 -9999.0 -9999.0 -9999.0 -9999.0 -9999.0 -9999.0 -9999.0 -9999.0 -9999.0 -9999.0 -9999.0 -9999.0 -9999.0 -9999.0 -9999.0 -9999.0 -9999.0 -9999.0 -9999.0 -9999.0 -9999.0 -9999.0 -9999.0 -9999.0 -9999.0 -9999.0 -9999.0 -9999.0 -9999.0 -9999.0 -9999.0 -9999.0 -9999.0 -9999.0 -9999.0 -9999.0 155.9 61.9 26.8 13.1 5.6 4.8 2.8 3.8 5.0 11.7 20.2 44.4 65.8 105.0 160.3 197.9 202.5 212.1 226.9 249.1 238.4 220.9 229.2 245.8 268.7 301.4 590.3
-9999.0 -9999.0 -9999.0 -9999.0 -9999.0 -9999.0 -9999.0 -9999.0 -9999.0 -9999.0 -9999.0 -9999.0 -9999.0 -9999.0 -9999.0 -9999.0 -9999.0 -9999.0 -9999.0 -9999.0 -9999.0 -9999.0 -9999.0 -9999.0 -9999.0 -9999.0 -9999.0 -9999.0 -9999.0 -9999.0 -9999.0 -9999.0 -9999.0 -9999.0 -9999.0 -9999.0 -9999.0 -9999.0 -9999.0 -9999.0 -9999.0 -9999.0 -9999.0 -9999.0 -9999.0 -9999.0 -9999.0 -9999.0 -9999.0 -9999.0 142.9 59.9 53.2 22.1 12.8 6.6 7.0 8.8 11.1 14.1 21.3 41.0 76.2 131.7 195.2 217.1 227.0 239.9 261.3 293.6 286.3 254.4 241.2 269.8 332.3 435.5 399.8
-9999.0 -9999.0 -9999.0 -9999.0 -9999.0 -9999.0 -9999.0 -9999.0 -9999.0 -9999.0 -9999.0 -9999.0 -9999.0 -9999.0 -9999.0 -9999.0 -9999.0 -9999.0 -9999.0 -9999.0 -9999.0 -9999.0 -9999.0 -9999.0 -9999.0 -9999.0 -9999.0 -9999.0 -9999.0 -9999.0 -9999.0 -9999.0 -9999.0 -9999.0 -9999.0 -9999.0 -9999.0 -9999.0 -9999.0 -9999.0 -9999.0 -9999.0 -9999.0 -9999.0 -9999.0 -9999.0 -9999.0 -9999.0 -9999.0 -9999.0 136.1 89.6 69.1 39.2 24.4 16.4 19.4 22.2 22.5 26.6 29.8 50.4 83.1 136.9 191.9 220.4 232.3 253.6 277.7 284.1 327.0 254.6 295.3 261.9 339.6 374.7 277.3
-9999.0 -9999.0 -9999.0 -9999.0 -9999.0 -9999.0 -9999.0 -9999.0 -9999.0 -9999.0 -9999.0 -9999.0 -9999.0 -9999.0 -9999.0 -9999.0 -9999.0 -9999.0 -9999.0 -9999.0 -9999.0 -9999.0 -9999.0 -9999.0 -9999.0 -9999.0 -9999.0 -9999.0 -9999.0 -9999.0 -9999.0 -9999.0 -9999.0 -9999.0 -9999.0 -9999.0 -9999.0 -9999.0 -9999.0 -9999.0 -9999.0 -9999.0 -9999.0 -9999.0 -9999.0 -9999.0 -9999.0 -9999.0 -9999.0 -9999.0 112.2 92.6 80.3 66.0 52.5 42.0 51.2 42.9 41.3 44.5 50.7 66.5 88.9 126.5 166.8 191.7 208.6 230.9 230.8 271.4 272.9 273.7 273.1 254.0 316.8 325.4 287.1
-9999.0 -9999.0 -9999.0 -9999.0 -9999.0 -9999.0 -9999.0 -9999.0 -9999.0 -9999.0 -9999.0 -9999.0 -9999.0 -9999.0 -9999.0 -9999.0 -9999.0 -9999.0 -9999.0 -9999.0 -9999.0 -9999.0 -9999.0 -9999.0 -9999.0 -9999.0 -9999.0 -9999.0 -9999.0 -9999.0 -9999.0 -9999.0 -9999.0 -9999.0 -9999.0 -9999.0 -9999.0 -9999.0 -9999.0 -9999.0 -9999.0 -9999.0 -9999.0 -9999.0 -9999.0 -9999.0 -9999.0 -9999.0 -9999.0 -9999.0 123.4 122.3 110.4 107.2 97.4 84.2 71.1 59.9 69.1 66.4 96.4 89.8 110.7 122.5 142.2 160.2 179.5 209.4 199.3 192.1 183.9 180.9 208.6 231.9 267.6 344.6 359.9
-9999.0 -9999.0 -9999.0 -9999.0 -9999.0 -9999.0 -9999.0 -9999.0 -9999.0 -9999.0 -9999.0 -9999.0 -9999.0 -9999.0 -9999.0 -9999.0 -9999.0 -9999.0 -9999.0 -9999.0 -9999.0 -9999.0 -9999.0 -9999.0 -9999.0 -9999.0 -9999.0 -9999.0 -9999.0 -9999.0 -9999.0 -9999.0 -9999.0 -9999.0 -9999.0 -9999.0 -9999.0 -9999.0 -9999.0 -9999.0 -9999.0 -9999.0 -9999.0 -9999.0 -9999.0 -9999.0 -9999.0 -9999.0 -9999.0 -9999.0 -9999.0 -9999.0 -9999.0 153.2 150.2 103.8 95.5 78.1 69.1 95.4 109.2 104.2 136.3 124.9 136.3 152.6 192.2 184.7 201.0 183.8 160.9 151.3 162.8 182.7 215.6 240.8 340.3
-9999.0 -9999.0 -9999.0 -9999.0 -9999.0 -9999.0 -9999.0 -9999.0 -9999.0 -9999.0 -9999.0 -9999.0 -9999.0 -9999.0 -9999.0 -9999.0 -9999.0 -9999.0 -9999.0 -9999.0 -9999.0 -9999.0 -9999.0 -9999.0 -9999.0 -9999.0 -9999.0 -9999.0 -9999.0 -9999.0 -9999.0 -9999.0 -9999.0 -9999.0 -9999.0 -9999.0 -9999.0 -9999.0 -9999.0 -9999.0 -9999.0 -9999.0 -9999.0 -9999.0 -9999.0 -9999.0 -9999.0 -9999.0 -9999.0 -9999.0 -9999.0 -9999.0 -9999.0 189.6 189.6 141.6 104.0 76.9 71.1 85.0 119.2 126.4 147.0 143.3 142.0 165.9 -9999.0 208.8 219.4 224.4 198.6 178.4 171.8 166.4 158.1 166.1 265.0
-9999.0 -9999.0 -9999.0 -9999.0 -9999.0 -9999.0 -9999.0 -9999.0 -9999.0 -9999.0 -9999.0 -9999.0 -9999.0 -9999.0 -9999.0 -9999.0 -9999.0 -9999.0 -9999.0 -9999.0 -9999.0 -9999.0 -9999.0 -9999.0 -9999.0 -9999.0 -9999.0 -9999.0 -9999.0 -9999.0 -9999.0 -9999.0 -9999.0 -9999.0 -9999.0 -9999.0 -9999.0 -9999.0 -9999.0 -9999.0 -9999.0 -9999.0 -9999.0 -9999.0 -9999.0 -9999.0 -9999.0 -9999.0 -9999.0 -9999.0 -9999.0 -9999.0 -9999.0 198.0 184.8 147.9 106.4 73.5 67.8 86.3 77.7 108.4 115.2 -9999.0 -9999.0 -9999.0 -9999.0 -9999.0 256.3 259.8 230.9 226.3 194.7 143.3 109.8 121.7 178.3
-9999.0 -9999.0 -9999.0 -9999.0 -9999.0 -9999.0 -9999.0 -9999.0 -9999.0 -9999.0 -9999.0 -9999.0 -9999.0 -9999.0 -9999.0 -9999.0 -9999.0 -9999.0 -9999.0 -9999.0 -9999.0 -9999.0 -9999.0 -9999.0 -9999.0 -9999.0 -9999.0 -9999.0 -9999.0 -9999.0 -9999.0 -9999.0 -9999.0 -9999.0 -9999.0 -9999.0 -9999.0 -9999.0 -9999.0 -9999.0 -9999.0 -9999.0 -9999.0 -9999.0 -9999.0 -9999.0 -9999.0 -9999.0 -9999.0 -9999.0 -9999.0 -9999.0 -9999.0 -9999.0 -9999.0 134.1 98.8 67.9 52.9 59.8 65.5 -9999.0 -9999.0 -9999.0 -9999.0 -9999.0 -9999.0 -9999.0 -9999.0 262.2 252.5 227.1 168.5 101.8 65.0 68.3 107.0
-9999.0 -9999.0 -9999.0 -9999.0 -9999.0 -9999.0 -9999.0 -9999.0 -9999.0 -9999.0 -9999.0 -9999.0 -9999.0 -9999.0 -9999.0 -9999.0 -9999.0 -9999.0 -9999.0 -9999.0 -9999.0 -9999.0 -9999.0 -9999.0 -9999.0 -9999.0 -9999.0 -9999.0 -9999.0 -9999.0 -9999.0 -9999.0 -9999.0 -9999.0 -9999.0 -9999.0 -9999.0 -9999.0 -9999.0 -9999.0 -9999.0 -9999.0 -9999.0 -9999.0 -9999.0 -9999.0 -9999.0 -9999.0 -9999.0 -9999.0 -9999.0 -9999.0 -9999.0 -9999.0 -9999.0 -9999.0 70.6 53.8 45.6 39.1 46.7 -9999.0 -9999.0 -9999.0 -9999.0 -9999.0 -9999.0 -9999.0 -9999.0 -9999.0 -9999.0 -9999.0 124.1 76.5 53.2 58.4 92.6
-9999.0 -9999.0 -9999.0 -9999.0 -9999.0 -9999.0 -9999.0 -9999.0 -9999.0 -9999.0 -9999.0 -9999.0 -9999.0 -9999.0 -9999.0 -9999.0 -9999.0 -9999.0 -9999.0 -9999.0 -9999.0 -9999.0 -9999.0 -9999.0 -9999.0 -9999.0 -9999.0 -9999.0 -9999.0 -9999.0 -9999.0 -9999.0 -9999.0 -9999.0 -9999.0 -9999.0 -9999.0 -9999.0 -9999.0 -9999.0 -9999.0 -9999.0 -9999.0 -9999.0 -9999.0 -9999.0 -9999.0 -9999.0 -9999.0 -9999.0 -9999.0 -9999.0 -9999.0 -9999.0 -9999.0 -9999.0 -9999.0 -9999.0 -9999.0 -9999.0 -9999.0 -9999.0 -9999.0 -9999.0 -9999.0 -9999.0 -9999.0 -9999.0 -9999.0 -9999.0 -9999.0 -9999.0 -9999.0 70.9 72.0 92.0 133.7
