program/excelProcessViaJava/data/SURF_CLI_CHN_PRE_MON_GRID_0.5-198204.txt
NCOLS      128
NROWS       72
XLLCORNER    72.000000000000    
YLLCORNER    18.000000000000    
CELLSIZE    0.50000000000000    
NODATA_VALUE   -9999.000    
[rows 34 to 67 of 72, columns 0 to 76 of 128]
-9999.0 -9999.0 -9999.0 -9999.0 0.3 2.4 0.3 6.9 0.4 1.3 19.8 5.1 11.1 10.1 12.8 8.6 7.3 6.8 7.3 6.9 5.5 3.7 2.6 2.1 1.8 2.0 2.5 3.3 4.2 5.5 6.8 8.7 9.4 10.2 10.9 9.7 10.7 11.1 6.8 3.3 4.8 1.1 1.0 0.6 0.8 0.9 1.1 1.3 2.0 4.4 7.8 11.2 14.7 12.2 9.7 9.0 10.3 13.8 17.5 14.5 19.5 10.3 4.4 3.5 2.1 1.7 4.0 3.4 3.8 7.1 7.2 9.5 12.9 18.2 18.6 18.5 18.3
-9999.0 -9999.0 -9999.0 -9999.0 -9999.0 -9999.0 -9999.0 3.2 1.4 5.0 0.5 0.9 5.7 4.1 3.9 9.0 6.6 7.6 7.8 6.0 3.3 2.1 1.9 2.1 2.4 2.8 3.5 4.5 5.8 7.5 9.0 10.5 11.5 12.7 13.7 12.3 13.4 11.2 12.0 11.0 4.3 10.0 8.4 5.0 2.7 1.0 2.1 1.9 4.1 3.9 6.7 11.0 13.3 13.9 13.5 13.2 14.4 15.2 21.5 19.9 21.8 14.2 8.5 8.3 8.7 5.8 6.0 6.7 6.7 9.5 11.4 13.6 20.1 23.3 19.7 17.6 15.3
-9999.0 -9999.0 -9999.0 -9999.0 -9999.0 -9999.0 -9999.0 0.0 4.8 1.0 0.6 2.2 1.4 0.5 1.7 0.3 1.9 2.1 1.0 2.2 2.3 1.8 2.2 2.5 3.0 3.7 4.6 5.9 7.2 8.7 10.7 12.3 13.4 15.1 14.5 14.4 13.1 13.3 11.7 9.4 8.3 7.2 7.5 12.7 6.0 3.1 5.4 7.1 15.2 13.1 19.6 15.9 13.5 14.9 17.8 19.9 22.3 25.6 27.1 26.2 27.6 29.2 28.4 28.9 22.8 15.9 11.8 10.7 13.3 12.6 18.1 24.4 29.9 26.5 14.9 15.0 13.0
-9999.0 -9999.0 -9999.0 -9999.0 -9999.0 -9999.0 -9999.0 -9999.0 -9999.0 0.7 1.1 1.9 0.4 0.6 1.1 1.6 0.9 0.3 0.9 0.7 1.4 2.1 2.6 3.0 3.7 4.6 5.7 7.2 8.7 10.8 11.8 13.6 14.8 16.1 15.2 15.0 14.2 14.0 11.8 11.0 8.4 8.0 6.8 6.1 8.9 10.3 12.6 14.7 18.0 19.4 20.9 16.7 15.2 18.4 24.7 28.1 30.0 33.0 34.3 33.1 30.8 26.8 25.6 51.1 42.6 33.6 26.1 22.7 24.8 25.0 31.1 30.4 29.6 24.1 18.2 11.9 12.3
-9999.0 -9999.0 -9999.0 -9999.0 -9999.0 -9999.0 -9999.0 -9999.0 -9999.0 -9999.0 -9999.0 0.2 2.3 0.2 0.5 0.4 0.6 0.9 1.1 1.2 1.2 2.0 2.5 3.5 4.0 5.4 6.8 8.6 10.4 12.2 13.9 16.1 16.4 17.2 16.9 19.0 16.5 15.9 19.1 13.3 13.0 9.6 7.6 7.1 13.3 11.1 21.5 20.9 27.2 27.9 23.1 21.2 21.2 27.3 35.6 40.2 42.0 44.5 44.7 43.5 39.5 35.0 35.1 48.1 44.2 63.4 50.7 46.9 46.0 49.1 46.7 39.5 26.4 18.8 20.4 19.9 18.8
-9999.0 -9999.0 -9999.0 -9999.0 -9999.0 -9999.0 -9999.0 -9999.0 -9999.0 -9999.0 -9999.0 -9999.0 1.2 1.2 0.3 0.5 0.2 0.5 0.7 0.6 1.9 2.2 2.9 4.0 4.2 6.3 8.0 9.9 11.9 14.4 15.8 17.1 18.0 19.4 19.8 19.3 22.0 19.0 16.8 14.4 12.5 11.0 10.1 11.8 12.6 16.3 23.1 22.2 29.4 34.3 40.4 36.2 32.1 36.1 45.9 52.0 54.4 55.6 55.1 55.8 52.6 44.9 38.3 40.3 72.2 55.8 83.7 79.0 75.1 74.5 55.1 41.4 36.8 35.7 32.6 37.7 24.2
-9999.0 -9999.0 -9999.0 -9999.0 -9999.0 -9999.0 -9999.0 -9999.0 -9999.0 -9999.0 -9999.0 -9999.0 0.1 1.4 1.7 0.3 1.2 0.9 0.6 1.0 1.6 2.1 3.1 4.5 6.0 7.2 9.0 10.8 13.0 14.8 17.1 19.2 19.5 19.6 20.1 19.7 22.4 23.1 21.8 19.8 16.4 14.6 17.3 13.4 17.4 23.0 21.3 24.3 24.2 37.5 39.4 41.2 37.1 44.5 49.0 57.2 59.2 61.7 62.0 62.8 60.9 55.3 47.2 42.0 72.0 78.3 72.1 77.5 77.5 80.5 80.5 79.4 72.3 50.7 47.9 42.0 36.7
-9999.0 -9999.0 -9999.0 -9999.0 -9999.0 -9999.0 -9999.0 -9999.0 -9999.0 -9999.0 -9999.0 -9999.0 -9999.0 0.5 0.2 1.4 0.6 1.2 1.6 1.9 2.2 3.4 3.7 5.5 6.6 7.8 9.7 12.0 14.2 16.3 17.7 18.7 20.5 20.5 18.5 18.9 20.4 23.3 30.1 26.6 24.2 23.9 21.8 24.9 21.2 19.7 25.5 32.8 38.9 41.6 42.5 36.4 36.1 51.4 51.1 53.0 54.9 58.8 62.1 62.7 61.6 56.6 50.5 47.9 45.6 68.1 90.2 93.6 96.2 83.7 75.3 73.1 65.1 64.2 64.2 57.8 53.0
-9999.0 -9999.0 -9999.0 -9999.0 -9999.0 -9999.0 -9999.0 -9999.0 -9999.0 -9999.0 -9999.0 -9999.0 0.6 0.2 0.3 1.0 0.4 0.9 1.3 2.9 3.5 4.3 5.0 6.3 7.6 8.6 10.4 12.3 14.3 16.6 18.2 18.5 20.5 18.6 18.0 17.0 20.6 21.5 24.5 26.6 31.9 35.3 37.4 26.0 27.9 28.7 27.2 26.1 32.5 36.6 44.3 47.9 36.3 41.5 39.8 41.6 46.4 47.6 53.1 53.8 56.8 57.7 50.4 49.9 49.2 62.3 40.0 63.5 97.6 103.8 91.6 77.5 78.0 80.0 75.8 75.8 79.3
-9999.0 -9999.0 -9999.0 -9999.0 -9999.0 -9999.0 -9999.0 -9999.0 -9999.0 -9999.0 -9999.0 -9999.0 0.5 2.5 1.6 0.3 0.6 2.1 2.7 2.7 4.7 4.8 6.0 7.3 8.7 9.8 10.9 12.2 13.8 15.2 16.6 18.1 19.4 16.3 14.2 13.8 14.8 19.5 23.8 24.7 26.9 27.2 28.4 30.5 32.0 34.2 40.8 40.4 40.1 29.7 30.4 37.5 29.1 27.8 30.2 31.6 34.1 40.3 44.8 54.3 60.9 65.2 51.8 48.7 52.2 44.4 62.3 51.7 63.3 75.8 82.5 83.1 79.9 75.4 81.8 79.9 87.9
-9999.0 -9999.0 -9999.0 -9999.0 -9999.0 -9999.0 -9999.0 -9999.0 -9999.0 -9999.0 -9999.0 -9999.0 5.8 1.5 3.9 2.8 3.1 1.8 3.4 4.2 4.3 5.4 7.7 8.4 9.7 10.4 11.4 12.7 12.7 13.8 15.0 18.0 16.4 14.1 11.7 10.3 11.7 16.3 20.9 25.8 26.7 26.4 36.1 29.3 35.5 43.4 47.0 41.7 35.4 33.9 31.9 24.9 43.1 43.3 32.7 30.6 31.3 37.4 46.1 50.8 59.3 65.3 79.6 62.0 49.9 34.6 40.9 52.3 67.6 82.1 94.7 92.0 85.4 89.3 140.7 99.6 119.9
-9999.0 -9999.0 -9999.0 -9999.0 -9999.0 -9999.0 -9999.0 -9999.0 -9999.0 -9999.0 -9999.0 -9999.0 -9999.0 1.6 2.2 4.8 4.5 5.6 5.1 5.8 6.1 8.6 9.4 10.4 11.8 11.9 11.8 11.4 11.8 10.8 13.5 14.3 15.4 13.0 10.6 10.7 11.4 14.5 19.8 22.5 25.0 35.9 42.1 41.1 36.7 39.2 44.5 38.6 42.6 37.4 27.1 31.5 26.4 23.0 32.2 33.9 32.5 36.7 48.7 68.8 77.1 103.3 91.1 71.4 30.8 32.9 43.8 60.8 79.9 98.8 111.8 110.3 99.6 93.0 98.0 93.8 87.2
-9999.0 -9999.0 -9999.0 -9999.0 -9999.0 -9999.0 -9999.0 -9999.0 -9999.0 -9999.0 -9999.0 -9999.0 -9999.0 14.8 5.1 8.3 6.0 9.7 10.2 10.4 10.1 11.7 12.9 14.0 15.1 14.0 12.7 10.9 9.6 12.1 11.3 11.6 10.9 11.0 10.6 9.6 9.7 13.5 18.6 27.6 25.3 30.6 35.8 39.4 51.0 42.1 42.2 38.2 35.4 29.8 27.4 17.6 23.0 30.6 36.1 33.5 32.9 40.9 58.1 72.7 94.8 102.8 79.9 49.4 42.4 43.5 56.2 75.3 96.9 115.9 123.4 118.1 108.9 107.7 112.0 118.5 127.6
-9999.0 -9999.0 -9999.0 -9999.0 -9999.0 -9999.0 -9999.0 -9999.0 -9999.0 -9999.0 -9999.0 -9999.0 -9999.0 -9999.0 -9999.0 13.6 15.2 14.2 16.4 18.6 16.9 19.3 20.3 19.9 18.9 17.2 15.9 12.2 11.7 6.8 7.0 6.5 9.7 9.5 8.1 10.8 12.9 10.5 14.2 17.9 26.8 33.0 35.5 36.2 34.0 38.8 38.0 39.8 30.4 26.1 16.0 27.2 18.0 23.2 24.8 27.9 33.0 42.4 67.1 92.4 109.6 89.4 86.5 81.2 70.3 67.1 73.9 89.5 110.9 123.9 126.5 120.7 132.2 133.2 126.3 146.7 132.6
-9999.0 -9999.0 -9999.0 -9999.0 -9999.0 -9999.0 -9999.0 -9999.0 -9999.0 -9999.0 -9999.0 -9999.0 -9999.0 -9999.0 -9999.0 -9999.0 -9999.0 54.5 37.5 -9999.0 34.1 28.2 30.8 29.5 25.6 22.4 19.5 14.0 8.2 7.1 3.8 2.1 7.6 3.5 4.0 6.6 12.0 5.3 9.7 13.8 20.4 31.9 31.4 30.8 43.8 39.4 126.0 37.0 29.4 19.8 28.5 10.7 30.8 21.9 24.9 26.1 22.0 46.1 67.9 99.3 79.7 84.2 105.9 106.2 95.0 86.8 84.8 91.7 110.0 123.1 123.8 143.1 153.5 140.2 147.9 156.7 137.0
-9999.0 -9999.0 -9999.0 -9999.0 -9999.0 -9999.0 -9999.0 -9999.0 -9999.0 -9999.0 -9999.0 -9999.0 -9999.0 -9999.0 -9999.0 -9999.0 -9999.0 -9999.0 -9999.0 -9999.0 -9999.0 44.9 41.7 37.8 35.6 32.0 24.2 16.0 9.3 3.7 1.9 0.5 0.9 2.2 3.7 6.1 5.3 4.6 4.4 6.3 11.1 29.8 34.6 32.4 43.6 33.6 199.8 46.3 35.6 91.8 16.4 30.7 28.5 15.4 16.4 24.4 28.7 31.3 78.7 98.2 65.7 82.9 103.4 105.9 97.2 87.9 81.0 80.0 94.9 111.0 121.4 142.4 147.3 140.2 141.2 140.2 133.9
-9999.0 -9999.0 -9999.0 -9999.0 -9999.0 -9999.0 -9999.0 -9999.0 -9999.0 -9999.0 -9999.0 -9999.0 -9999.0 -9999.0 -9999.0 -9999.0 -9999.0 -9999.0 -9999.0 -9999.0 -9999.0 -9999.0 -9999.0 66.7 52.3 44.9 34.7 23.2 15.1 5.8 2.9 2.4 7.6 5.3 8.9 9.2 11.2 6.8 13.8 21.1 24.4 35.4 27.5 25.8 49.2 217.7 90.3 77.3 113.6 128.9 43.1 28.9 26.6 20.1 10.0 2.9 17.7 43.3 49.0 91.5 79.9 92.4 90.6 79.8 80.1 78.4 72.3 67.9 70.6 94.4 123.4 137.3 141.6 148.5 140.3 136.3 139.5
-9999.0 -9999.0 -9999.0 -9999.0 -9999.0 -9999.0 -9999.0 -9999.0 -9999.0 -9999.0 -9999.0 -9999.0 -9999.0 -9999.0 -9999.0 -9999.0 -9999.0 -9999.0 -9999.0 -9999.0 -9999.0 -9999.0 -9999.0 -9999.0 -9999.0 72.8 54.2 39.8 27.0 25.6 10.0 3.9 3.9 7.7 9.0 15.8 27.9 14.8 26.3 24.3 40.8 31.5 43.2 46.4 142.4 235.4 197.5 348.8 56.2 111.3 45.9 41.8 41.0 33.2 10.5 5.7 16.1 23.3 57.8 81.6 97.3 92.0 136.8 56.7 64.8 73.3 72.9 72.1 77.3 99.5 114.0 124.4 124.2 137.0 136.3 133.5 135.7
-9999.0 -9999.0 -9999.0 -9999.0 -9999.0 -9999.0 -9999.0 -9999.0 -9999.0 -9999.0 -9999.0 -9999.0 -9999.0 -9999.0 -9999.0 -9999.0 -9999.0 -9999.0 -9999.0 -9999.0 -9999.0 -9999.0 -9999.0 -9999.0 -9999.0 -9999.0 -9999.0 64.5 49.4 24.5 14.4 9.9 18.3 10.0 17.0 15.2 19.8 21.7 20.9 31.6 44.9 34.3 62.3 130.3 173.6 237.8 304.9 352.3 387.4 225.7 334.2 287.7 58.4 40.5 19.6 17.4 12.2 21.7 49.9 60.0 49.4 83.5 53.0 54.2 76.9 85.9 90.0 80.8 84.4 100.8 106.3 117.4 102.2 114.4 118.5 126.6 132.7
-9999.0 -9999.0 -9999.0 -9999.0 -9999.0 -9999.0 -9999.0 -9999.0 -9999.0 -9999.0 -9999.0 -9999.0 -9999.0 -9999.0 -9999.0 -9999.0 -9999.0 -9999.0 -9999.0 -9999.0 -9999.0 -9999.0 -9999.0 -9999.0 -9999.0 -9999.0 -9999.0 -9999.0 -9999.0 -9999.0 -9999.0 -9999.0 -9999.0 23.7 25.1 -9999.0 -9999.0 -9999.0 37.5 40.8 47.0 64.2 68.6 147.6 199.9 237.6 -9999.0 -9999.0 -9999.0 -9999.0 -9999.0 -9999.0 123.2 52.1 33.2 16.9 14.8 20.6 32.0 40.7 52.2 64.4 48.2 49.3 63.1 86.0 102.6 107.0 107.7 108.8 96.8 105.6 110.5 100.1 111.2 125.4 137.0
-9999.0 -9999.0 -9999.0 -9999.0 -9999.0 -9999.0 -9999.0 -9999.0 -9999.0 -9999.0 -9999.0 -9999.0 -9999.0 -9999.0 -9999.0 -9999.0 -9999.0 -9999.0 -9999.0 -9999.0 -9999.0 -9999.0 -9999.0 -9999.0 -9999.0 -9999.0 -9999.0 -9999.0 -9999.0 -9999.0 -9999.0 -9999.0 -9999.0 -9999.0 -9999.0 -9999.0 -9999.0 -9999.0 -9999.0 83.6 95.5 112.9 134.2 158.3 -9999.0 -9999.0 -9999.0 -9999.0 -9999.0 -9999.0 -9999.0 -9999.0 123.2 69.7 35.5 18.1 14.2 16.4 22.4 32.5 42.3 43.6 43.5 42.2 67.4 96.1 118.6 117.7 118.9 128.7 130.9 123.0 108.3 126.3 124.1 140.6 153.4
-9999.0 -9999.0 -9999.0 -9999.0 -9999.0 -9999.0 -9999.0 -9999.0 -9999.0 -9999.0 -9999.0 -9999.0 -9999.0 -9999.0 -9999.0 -9999.0 -9999.0 -9999.0 -9999.0 -9999.0 -9999.0 -9999.0 -9999.0 -9999.0 -9999.0 -9999.0 -9999.0 -9999.0 -9999.0 -9999.0 -9999.0 -9999.0 -9999.0 -9999.0 -9999.0 -9999.0 -9999.0 -9999.0 -9999.0 -9999.0 -9999.0 -9999.0 -9999.0 -9999.0 -9999.0 -9999.0 -9999.0 -9999.0 -9999.0 -9999.0 -9999.0 -9999.0 184.7 89.7 46.0 34.9 15.0 14.7 18.2 26.4 33.3 32.8 73.1 38.8 64.1 94.4 117.2 129.4 134.4 141.9 151.4 156.2 182.3 160.7 163.9 172.9 185.1
-9999.0 -9999.0 -9999.0 -9999.0 -9999.0 -9999.0 -9999.0 -9999.0 -9999.0 -9999.0 -9999.0 -9999.0 -9999.0 -9999.0 -9999.0 -9999.0 -9999.0 -9999.0 -9999.0 -9999.0 -9999.0 -9999.0 -9999.0 -9999.0 -9999.0 -9999.0 -9999.0 -9999.0 -9999.0 -9999.0 -9999.0 -9999.0 -9999.0 -9999.0 -9999.0 -9999.0 -9999.0 -9999.0 -9999.0 -9999.0 -9999.0 -9999.0 -9999.0 -9999.0 -9999.0 -9999.0 -9999.0 -9999.0 -9999.0 -9999.0 -9999.0 161.6 140.1 106.0 58.6 34.9 23.6 25.2 21.3 21.6 31.0 30.2 29.1 39.6 63.5 98.5 132.0 156.4 159.6 160.7 169.8 179.9 172.4 173.4 191.1 202.0 203.0
-9999.0 -9999.0 -9999.0 -9999.0 -9999.0 -9999.0 -9999.0 -9999.0 -9999.0 -9999.0 -9999.0 -9999.0 -9999.0 -9999.0 -9999.0 -9999.0 -9999.0 -9999.0 -9999.0 -9999.0 -9999.0 -9999.0 -9999.0 -9999.0 -9999.0 -9999.0 -9999.0 -9999.0 -9999.0 -9999.0 -9999.0 -9999.0 -9999.0 -9999.0 -9999.0 -9999.0 -9999.0 -9999.0 -9999.0 -9999.0 -9999.0 -9999.0 -9999.0 -9999.0 -9999.0 -9999.0 -9999.0 -9999.0 -9999.0 -9999.0 139.5 150.5 147.6 127.3 83.8 63.2 44.7 37.1 32.4 34.5 29.5 33.3 32.3 45.6 64.7 97.0 145.4 184.6 184.2 173.5 179.6 181.1 199.1 224.9 218.1 199.3 213.4
-9999.0 -9999.0 -9999.0 -9999.0 -9999.0 -9999.0 -9999.0 -9999.0 -9999.0 -9999.0 -9999.0 -9999.0 -9999.0 -9999.0 -9999.0 -9999.0 -9999.0 -9999.0 -9999.0 -9999.0 -9999.0 -9999.0 -9999.0 -9999.0 -9999.0 -9999.0 -9999.0 -9999.0 -9999.0 -9999.0 -9999.0 -9999.0 -9999.0 -9999.0 -9999.0 -9999.0 -9999.0 -9999.0 -9999.0 -9999.0 -9999.0 -9999.0 -9999.0 -9999.0 -9999.0 -9999.0 -9999.0 -9999.0 -9999.0 -9999.0 115.5 175.0 123.9 144.2 126.9 97.4 77.4 70.8 60.5 45.5 36.4 36.3 36.5 47.6 61.2 75.4 126.4 173.0 180.7 169.0 179.7 200.3 223.3 232.8 204.3 176.7 161.2
-9999.0 -9999.0 -9999.0 -9999.0 -9999.0 -9999.0 -9999.0 -9999.0 -9999.0 -9999.0 -9999.0 -9999.0 -9999.0 -9999.0 -9999.0 -9999.0 -9999.0 -9999.0 -9999.0 -9999.0 -9999.0 -9999.0 -9999.0 -9999.0 -9999.0 -9999.0 -9999.0 -9999.0 -9999.0 -9999.0 -9999.0 -9999.0 -9999.0 -9999.0 -9999.0 -9999.0 -9999.0 -9999.0 -9999.0 -9999.0 -9999.0 -9999.0 -9999.0 -9999.0 -9999.0 -9999.0 -9999.0 -9999.0 -9999.0 -9999.0 106.0 122.4 117.9 193.9 130.0 112.2 125.9 86.5 84.5 54.5 57.8 57.9 53.1 45.0 55.6 67.8 100.8 141.8 153.5 168.7 177.2 211.4 216.2 209.1 173.7 156.4 143.0
-9999.0 -9999.0 -9999.0 -9999.0 -9999.0 -9999.0 -9999.0 -9999.0 -9999.0 -9999.0 -9999.0 -9999.0 -9999.0 -9999.0 -9999.0 -9999.0 -9999.0 -9999.0 -9999.0 -9999.0 -9999.0 -9999.0 -9999.0 -9999.0 -9999.0 -9999.0 -9999.0 -9999.0 -9999.0 -9999.0 -9999.0 -9999.0 -9999.0 -9999.0 -9999.0 -9999.0 -9999.0 -9999.0 -9999.0 -9999.0 -9999.0 -9999.0 -9999.0 -9999.0 -9999.0 -9999.0 -9999.0 -9999.0 -9999.0 -9999.0 138.2 180.3 156.5 168.5 148.3 151.9 66.1 83.8 81.5 68.0 86.9 80.7 48.1 51.3 58.8 70.6 103.8 138.3 162.2 137.6 166.4 190.9 198.6 177.2 163.3 169.4 174.4
-9999.0 -9999.0 -9999.0 -9999.0 -9999.0 -9999.0 -9999.0 -9999.0 -9999.0 -9999.0 -9999.0 -9999.0 -9999.0 -9999.0 -9999.0 -9999.0 -9999.0 -9999.0 -9999.0 -9999.0 -9999.0 -9999.0 -9999.0 -9999.0 -9999.0 -9999.0 -9999.0 -9999.0 -9999.0 -9999.0 -9999.0 -9999.0 -9999.0 -9999.0 -9999.0 -9999.0 -9999.0 -9999.0 -9999.0 -9999.0 -9999.0 -9999.0 -9999.0 -9999.0 -9999.0 -9999.0 -9999.0 -9999.0 -9999.0 -9999.0 -9999.0 -9999.0 -9999.0 133.4 104.1 79.6 71.6 78.1 55.2 78.9 155.1 85.7 113.3 69.6 67.9 79.3 112.6 137.8 159.2 161.6 163.1 176.3 180.8 171.4 187.7 222.9 244.3
-9999.0 -9999.0 -9999.0 -9999.0 -9999.0 -9999.0 -9999.0 -9999.0 -9999.0 -9999.0 -9999.0 -9999.0 -9999.0 -9999.0 -9999.0 -9999.0 -9999.0 -9999.0 -9999.0 -9999.0 -9999.0 -9999.0 -9999.0 -9999.0 -9999.0 -9999.0 -9999.0 -9999.0 -9999.0 -9999.0 -9999.0 -9999.0 -9999.0 -9999.0 -9999.0 -9999.0 -9999.0 -9999.0 -9999.0 -9999.0 -9999.0 -9999.0 -9999.0 -9999.0 -9999.0 -9999.0 -9999.0 -9999.0 -9999.0 -9999.0 -9999.0 -9999.0 -9999.0 129.7 86.0 152.6 55.4 44.7 69.5 134.8 125.3 116.6 142.0 101.4 97.4 105.8 123.7 152.6 153.4 160.8 168.1 186.5 208.2 223.4 245.8 251.5 270.8
-9999.0 -9999.0 -9999.0 -9999.0 -9999.0 -9999.0 -9999.0 -9999.0 -9999.0 -9999.0 -9999.0 -9999.0 -9999.0 -9999.0 -9999.0 -9999.0 -9999.0 -9999.0 -9999.0 -9999.0 -9999.0 -9999.0 -9999.0 -9999.0 -9999.0 -9999.0 -9999.0 -9999.0 -9999.0 -9999.0 -9999.0 -9999.0 -9999.0 -9999.0 -9999.0 -9999.0 -9999.0 -9999.0 -9999.0 -9999.0 -9999.0 -9999.0 -9999.0 -9999.0 -9999.0 -9999.0 -9999.0 -9999.0 -9999.0 -9999.0 -9999.0 -9999.0 -9999.0 134.9 69.2 93.9 67.2 57.4 84.2 116.8 164.3 168.5 183.8 166.1 141.1 -9999.0 -9999.0 -9999.0 167.1 167.0 184.9 214.4 250.6 273.9 269.8 254.9 261.5
-9999.0 -9999.0 -9999.0 -9999.0 -9999.0 -9999.0 -9999.0 -9999.0 -9999.0 -9999.0 -9999.0 -9999.0 -9999.0 -9999.0 -9999.0 -9999.0 -9999.0 -9999.0 -9999.0 -9999.0 -9999.0 -9999.0 -9999.0 -9999.0 -9999.0 -9999.0 -9999.0 -9999.0 -9999.0 -9999.0 -9999.0 -9999.0 -9999.0 -9999.0 -9999.0 -9999.0 -9999.0 -9999.0 -9999.0 -9999.0 -9999.0 -9999.0 -9999.0 -9999.0 -9999.0 -9999.0 -9999.0 -9999.0 -9999.0 -9999.0 -9999.0 -9999.0 -9999.0 -9999.0 117.4 93.2 59.6 66.0 114.4 171.2 166.5 -9999.0 -9999.0 -9999.0 -9999.0 -9999.0 -9999.0 -9999.0 159.6 173.0 194.9 212.2 235.4 234.6 214.9 217.0 231.5
-9999.0 -9999.0 -9999.0 -9999.0 -9999.0 -9999.0 -9999.0 -9999.0 -9999.0 -9999.0 -9999.0 -9999.0 -9999.0 -9999.0 -9999.0 -9999.0 -9999.0 -9999.0 -9999.0 -9999.0 -9999.0 -9999.0 -9999.0 -9999.0 -9999.0 -9999.0 -9999.0 -9999.0 -9999.0 -9999.0 -9999.0 -9999.0 -9999.0 -9999.0 -9999.0 -9999.0 -9999.0 -9999.0 -9999.0 -9999.0 -9999.0 -9999.0 -9999.0 -9999.0 -9999.0 -9999.0 -9999.0 -9999.0 -9999.0 -9999.0 -9999.0 -9999.0 -9999.0 -9999.0 -9999.0 105.1 154.3 112.8 131.8 183.4 206.0 -9999.0 -9999.0 -9999.0 -9999.0 -9999.0 -9999.0 -9999.0 -9999.0 -9999.0 160.0 -9999.0 -9999.0 -9999.0 -9999.0 -9999.0 176.2
-9999.0 -9999.0 -9999.0 -9999.0 -9999.0 -9999.0 -9999.0 -9999.0 -9999.0 -9999.0 -9999.0 -9999.0 -9999.0 -9999.0 -9999.0 -9999.0 -9999.0 -9999.0 -9999.0 -9999.0 -9999.0 -9999.0 -9999.0 -9999.0 -9999.0 -9999.0 -9999.0 -9999.0 -9999.0 -9999.0 -9999.0 -9999.0 -9999.0 -9999.0 -9999.0 -9999.0 -9999.0 -9999.0 -9999.0 -9999.0 -9999.0 -9999.0 -9999.0 -9999.0 -9999.0 -9999.0 -9999.0 -9999.0 -9999.0 -9999.0 -9999.0 -9999.0 -9999.0 -9999.0 -9999.0 -9999.0 -9999.0 -9999.0 182.4 198.9 -9999.0 -9999.0 -9999.0 -9999.0 -9999.0 -9999.0 -9999.0 -9999.0 -9999.0 -9999.0 -9999.0 -9999.0 -9999.0 -9999.0 -9999.0 98.1 138.1
-9999.0 -9999.0 -9999.0 -9999.0 -9999.0 -9999.0 -9999.0 -9999.0 -9999.0 -9999.0 -9999.0 -9999.0 -9999.0 -9999.0 -9999.0 -9999.0 -9999.0 -9999.0 -9999.0 -9999.0 -9999.0 -9999.0 -9999.0 -9999.0 -9999.0 -9999.0 -9999.0 -9999.0 -9999.0 -9999.0 -9999.0 -9999.0 -9999.0 -9999.0 -9999.0 -9999.0 -9999.0 -9999.0 -9999.0 -9999.0 -9999.0 -9999.0 -9999.0 -9999.0 -9999.0 -9999.0 -9999.0 -9999.0 -9999.0 -9999.0 -9999.0 -9999.0 -9999.0 -9999.0 -9999.0 -9999.0 -9999.0 -9999.0 -9999.0 -9999.0 -9999.0 -9999.0 -9999.0 -9999.0 -9999.0 -9999.0 -9999.0 -9999.0 -9999.0 -9999.0 -9999.0 -9999.0 -9999.0 -9999.0 -9999.0 -9999.0 -9999.0
