program/excelProcessViaJava/data/SURF_CLI_CHN_PRE_MON_GRID_0.5-201308.txt
NCOLS      128
NROWS       72
XLLCORNER    72.000000000000    
YLLCORNER    18.000000000000    
CELLSIZE    0.50000000000000    
NODATA_VALUE   -9999.000    
[rows 34 to 67 of 72, columns 0 to 74 of 128]
-9999.0 -9999.0 -9999.0 -9999.0 22.7 33.3 44.8 53.2 72.0 87.8 63.3 112.0 102.8 109.9 29.8 30.4 34.1 14.1 7.8 8.1 16.4 20.9 29.7 75.6 124.9 129.4 109.1 102.8 93.5 86.6 79.5 76.6 67.6 62.1 58.3 50.6 50.5 49.5 37.2 24.0 28.5 10.0 6.7 3.6 2.8 2.6 2.9 3.8 5.2 7.8 10.4 15.2 35.0 36.9 44.7 64.7 84.4 110.1 132.1 92.4 129.5 74.7 54.9 47.4 26.9 11.9 23.4 14.9 21.6 52.7 53.0 69.8 83.2 100.5 100.5
-9999.0 -9999.0 -9999.0 -9999.0 -9999.0 -9999.0 -9999.0 48.3 63.0 70.0 91.1 104.9 101.5 117.4 125.2 33.8 87.6 48.7 42.1 73.3 124.0 147.9 147.2 138.4 129.4 120.9 116.4 108.6 100.0 93.8 85.2 77.4 70.2 65.4 61.8 54.6 54.5 48.9 50.6 48.8 29.3 45.9 38.9 23.3 10.9 4.5 7.0 6.7 10.1 8.2 8.8 12.6 22.5 57.8 62.8 47.0 50.8 59.2 100.7 84.9 108.7 66.6 50.1 47.0 50.2 28.7 33.6 41.1 44.2 64.4 65.0 69.8 91.1 105.5 102.9
-9999.0 -9999.0 -9999.0 -9999.0 -9999.0 -9999.0 -9999.0 40.3 45.9 65.1 78.6 85.7 100.6 117.1 120.2 140.1 133.7 136.8 157.6 143.4 142.9 154.5 146.4 142.5 134.3 127.5 118.4 114.0 100.6 90.7 85.4 77.5 70.4 66.4 59.4 55.8 51.3 51.3 49.0 45.7 45.0 42.8 42.2 50.7 27.4 14.2 17.7 19.0 31.3 25.8 43.9 40.1 26.0 37.9 61.3 44.0 46.0 56.7 75.0 84.7 78.6 77.7 67.6 70.6 62.0 55.3 53.1 56.2 85.5 66.5 71.3 76.5 86.7 93.8 80.3
-9999.0 -9999.0 -9999.0 -9999.0 -9999.0 -9999.0 -9999.0 -9999.0 -9999.0 53.6 63.1 70.3 89.9 100.1 105.5 110.0 128.4 147.3 147.4 159.2 155.9 148.7 146.6 143.9 138.2 129.6 123.7 114.3 101.7 95.8 81.9 75.3 68.4 63.6 56.8 53.2 50.1 49.6 46.9 47.6 44.7 46.7 43.3 37.5 40.3 37.5 36.5 35.1 36.7 36.9 42.1 36.4 32.8 34.0 54.9 43.0 38.6 44.5 62.8 64.7 68.6 78.6 85.6 81.4 85.2 77.3 70.2 73.6 109.4 85.1 84.2 68.7 69.3 72.5 72.8
-9999.0 -9999.0 -9999.0 -9999.0 -9999.0 -9999.0 -9999.0 -9999.0 -9999.0 -9999.0 -9999.0 65.9 60.4 88.8 94.9 108.4 116.6 123.8 131.4 143.0 154.1 151.4 153.6 147.4 150.5 139.1 131.1 119.7 107.1 94.4 83.9 76.4 66.9 61.0 55.7 55.3 50.5 49.3 55.1 48.5 51.7 48.2 44.5 41.3 52.8 41.4 54.9 45.9 49.9 46.6 36.9 35.8 35.5 42.5 55.7 51.7 47.1 54.6 54.6 57.3 68.3 71.4 79.2 90.4 98.7 75.7 65.3 84.7 105.7 107.4 87.2 73.0 55.4 47.4 42.3
-9999.0 -9999.0 -9999.0 -9999.0 -9999.0 -9999.0 -9999.0 -9999.0 -9999.0 -9999.0 -9999.0 -9999.0 52.2 60.6 84.7 89.2 112.8 117.0 127.7 145.3 138.1 148.4 152.4 149.0 155.9 142.0 129.8 122.3 108.7 97.6 84.2 73.7 65.4 60.2 55.9 52.6 53.9 50.3 48.0 46.1 45.7 46.6 47.2 51.8 50.8 52.9 57.8 46.8 49.4 49.7 58.5 53.1 42.6 37.5 44.4 52.7 58.2 68.5 50.1 68.1 69.6 82.6 89.2 91.9 93.2 107.6 90.1 106.5 118.2 120.5 78.5 46.7 39.6 39.6 44.6
-9999.0 -9999.0 -9999.0 -9999.0 -9999.0 -9999.0 -9999.0 -9999.0 -9999.0 -9999.0 -9999.0 -9999.0 52.7 44.8 48.8 79.2 76.1 95.9 120.9 130.0 139.2 150.4 153.8 150.6 143.3 142.6 133.7 119.4 108.8 94.3 83.2 72.9 63.7 57.3 53.6 51.0 51.9 52.3 51.5 50.5 48.5 49.2 57.9 52.1 59.0 64.8 54.4 49.9 39.4 51.1 49.7 53.8 43.1 47.6 38.7 51.3 52.2 62.3 57.9 64.5 72.0 80.2 91.6 100.3 85.3 97.9 96.2 105.8 109.0 118.3 129.8 125.1 103.4 72.8 54.3
-9999.0 -9999.0 -9999.0 -9999.0 -9999.0 -9999.0 -9999.0 -9999.0 -9999.0 -9999.0 -9999.0 -9999.0 -9999.0 42.6 60.4 50.0 75.7 81.0 93.3 108.8 127.4 132.0 149.8 144.3 147.3 148.9 138.8 126.1 111.0 96.0 81.9 70.3 61.6 55.3 51.2 49.8 50.0 51.6 57.2 55.8 56.1 60.0 61.7 69.3 64.1 58.1 62.1 65.4 65.3 61.3 59.6 50.0 47.1 75.0 63.4 58.5 56.2 67.6 86.8 81.9 85.5 82.8 89.8 73.8 78.0 90.7 114.4 140.5 143.6 139.1 118.0 121.9 115.6 87.3 65.0
-9999.0 -9999.0 -9999.0 -9999.0 -9999.0 -9999.0 -9999.0 -9999.0 -9999.0 -9999.0 -9999.0 -9999.0 25.3 39.4 47.0 47.1 72.2 78.9 92.5 92.5 107.9 122.6 138.0 142.6 143.3 147.5 137.7 124.3 110.2 95.6 81.4 69.4 59.5 53.3 49.8 49.1 50.3 51.7 53.3 55.2 62.4 70.0 77.6 69.4 73.5 72.9 65.1 55.5 59.1 60.7 73.5 83.4 62.5 70.2 59.0 58.7 72.0 54.0 75.1 75.4 82.7 92.8 84.1 95.8 74.2 84.8 162.5 168.3 166.8 167.0 167.5 157.3 120.9 79.1 65.1
-9999.0 -9999.0 -9999.0 -9999.0 -9999.0 -9999.0 -9999.0 -9999.0 -9999.0 -9999.0 -9999.0 -9999.0 20.5 16.1 27.1 51.6 61.5 58.4 71.6 95.4 97.2 120.7 131.3 138.6 138.5 136.2 131.7 122.0 109.6 95.5 82.0 69.5 58.6 53.4 50.2 49.2 51.1 53.1 55.0 55.4 58.4 62.4 68.4 74.9 78.7 81.0 87.7 81.8 76.1 53.3 56.7 77.2 61.5 54.6 55.8 50.6 63.7 73.8 69.6 91.0 103.1 115.4 69.7 58.1 62.9 133.7 129.4 179.4 180.4 179.9 175.7 153.8 118.9 97.1 83.5
-9999.0 -9999.0 -9999.0 -9999.0 -9999.0 -9999.0 -9999.0 -9999.0 -9999.0 -9999.0 -9999.0 -9999.0 4.2 17.5 14.8 26.2 35.4 61.7 67.5 82.5 104.5 117.6 121.6 133.4 134.9 137.3 130.8 121.8 109.3 96.9 84.0 69.7 61.8 56.4 52.9 51.5 53.2 55.4 57.2 58.6 60.7 64.0 76.7 72.6 83.6 95.1 99.3 85.8 64.8 63.2 67.8 57.9 108.1 110.8 83.8 48.6 64.6 76.0 84.8 70.6 77.3 84.8 141.9 62.8 84.5 167.1 161.8 160.5 158.3 153.6 147.1 139.1 114.3 100.7 110.9
-9999.0 -9999.0 -9999.0 -9999.0 -9999.0 -9999.0 -9999.0 -9999.0 -9999.0 -9999.0 -9999.0 -9999.0 -9999.0 14.7 20.2 19.1 30.3 38.4 59.3 74.9 92.9 99.7 113.4 122.3 122.6 125.6 122.7 116.5 109.0 99.2 86.1 75.2 64.2 59.9 55.6 52.4 54.9 60.1 61.6 63.0 64.9 74.1 83.9 88.8 85.7 89.5 99.0 73.4 93.2 84.8 62.9 92.9 81.8 56.6 92.5 92.2 55.0 59.6 80.6 124.1 112.6 202.6 132.1 73.3 176.3 151.5 138.7 127.4 119.4 115.8 112.6 104.3 101.2 81.5 96.3
-9999.0 -9999.0 -9999.0 -9999.0 -9999.0 -9999.0 -9999.0 -9999.0 -9999.0 -9999.0 -9999.0 -9999.0 -9999.0 1.0 12.3 12.6 28.2 28.0 40.8 57.3 77.1 88.5 98.9 106.3 105.2 112.6 114.0 110.5 107.5 97.0 89.0 79.7 73.5 65.8 59.3 58.7 63.4 66.9 67.6 69.7 71.6 76.1 83.0 90.9 108.3 101.4 102.7 83.4 86.1 82.8 95.3 60.8 86.6 103.4 113.9 96.1 65.6 67.6 94.6 49.7 122.6 71.8 121.3 205.6 167.9 132.6 112.7 99.0 88.5 84.6 87.8 91.2 87.4 88.2 100.0
-9999.0 -9999.0 -9999.0 -9999.0 -9999.0 -9999.0 -9999.0 -9999.0 -9999.0 -9999.0 -9999.0 -9999.0 -9999.0 -9999.0 -9999.0 7.6 11.6 22.9 29.6 37.2 59.1 66.2 75.6 86.3 95.0 99.8 104.2 105.4 102.4 103.1 96.4 90.7 76.9 71.2 69.8 64.3 65.4 78.2 77.3 77.0 78.6 83.4 88.1 93.2 91.3 89.9 104.8 81.4 99.2 65.2 84.9 122.2 86.0 87.3 48.0 88.0 90.4 41.1 120.8 149.4 55.2 107.9 195.1 185.3 160.1 128.6 105.3 88.5 77.2 76.9 86.0 94.2 99.4 98.1 99.2
-9999.0 -9999.0 -9999.0 -9999.0 -9999.0 -9999.0 -9999.0 -9999.0 -9999.0 -9999.0 -9999.0 -9999.0 -9999.0 -9999.0 -9999.0 -9999.0 -9999.0 0.0 4.0 -9999.0 23.4 50.6 52.2 62.0 77.8 83.9 92.3 96.5 100.3 101.2 103.1 104.8 84.3 94.0 92.3 77.8 72.8 89.6 83.8 82.1 81.6 87.7 89.7 93.4 86.1 96.1 76.8 126.2 93.3 106.2 67.6 88.3 60.4 98.4 106.1 111.3 84.6 129.7 131.2 154.3 68.2 131.5 183.7 194.6 177.0 146.8 118.1 94.9 84.3 85.7 98.7 105.5 109.7 98.9 107.0
-9999.0 -9999.0 -9999.0 -9999.0 -9999.0 -9999.0 -9999.0 -9999.0 -9999.0 -9999.0 -9999.0 -9999.0 -9999.0 -9999.0 -9999.0 -9999.0 -9999.0 -9999.0 -9999.0 -9999.0 -9999.0 26.9 41.0 56.2 59.8 58.7 69.3 80.4 92.0 100.0 107.0 112.1 111.9 102.5 95.7 82.7 84.1 87.8 87.3 75.8 67.3 89.0 95.4 99.2 90.9 110.8 72.8 106.3 145.7 216.5 116.1 156.7 146.2 94.6 107.4 135.1 141.4 116.1 202.8 148.7 78.8 112.9 181.0 216.9 222.0 192.6 152.4 118.0 106.9 107.7 110.6 110.3 111.8 102.2 102.3
-9999.0 -9999.0 -9999.0 -9999.0 -9999.0 -9999.0 -9999.0 -9999.0 -9999.0 -9999.0 -9999.0 -9999.0 -9999.0 -9999.0 -9999.0 -9999.0 -9999.0 -9999.0 -9999.0 -9999.0 -9999.0 -9999.0 -9999.0 11.5 36.0 42.6 52.2 66.0 82.3 91.7 101.6 103.5 91.9 92.5 84.6 82.2 83.0 85.7 86.6 86.9 85.0 93.0 87.2 88.4 92.6 61.5 106.7 113.4 105.1 101.9 117.9 156.8 123.2 130.3 124.8 112.1 142.6 177.7 83.8 163.6 86.8 120.8 163.0 224.0 252.5 242.0 193.4 145.8 117.9 114.8 104.9 107.4 108.1 112.3 102.8
-9999.0 -9999.0 -9999.0 -9999.0 -9999.0 -9999.0 -9999.0 -9999.0 -9999.0 -9999.0 -9999.0 -9999.0 -9999.0 -9999.0 -9999.0 -9999.0 -9999.0 -9999.0 -9999.0 -9999.0 -9999.0 -9999.0 -9999.0 -9999.0 -9999.0 3.5 26.0 61.0 70.2 77.4 88.5 94.6 95.0 88.9 83.5 81.6 85.0 83.3 88.3 82.3 92.4 82.6 63.8 78.9 67.8 58.7 89.0 64.9 149.2 129.6 181.0 165.7 181.5 175.2 154.7 146.5 158.9 138.2 181.8 166.0 143.7 145.7 259.8 250.6 281.6 271.2 217.6 152.3 124.8 114.5 99.2 97.5 89.6 118.2 121.6
-9999.0 -9999.0 -9999.0 -9999.0 -9999.0 -9999.0 -9999.0 -9999.0 -9999.0 -9999.0 -9999.0 -9999.0 -9999.0 -9999.0 -9999.0 -9999.0 -9999.0 -9999.0 -9999.0 -9999.0 -9999.0 -9999.0 -9999.0 -9999.0 -9999.0 -9999.0 -9999.0 2.7 7.1 45.1 60.6 70.7 81.7 73.6 77.2 56.5 74.1 74.4 62.6 73.5 84.2 68.1 62.5 54.4 58.6 56.8 54.2 59.9 69.6 130.8 118.6 137.2 185.9 181.9 182.1 188.5 152.2 131.4 172.9 128.3 113.0 158.4 154.5 205.7 213.4 226.3 203.3 162.4 127.2 111.7 99.2 113.7 86.8 119.8 92.2
-9999.0 -9999.0 -9999.0 -9999.0 -9999.0 -9999.0 -9999.0 -9999.0 -9999.0 -9999.0 -9999.0 -9999.0 -9999.0 -9999.0 -9999.0 -9999.0 -9999.0 -9999.0 -9999.0 -9999.0 -9999.0 -9999.0 -9999.0 -9999.0 -9999.0 -9999.0 -9999.0 -9999.0 -9999.0 -9999.0 -9999.0 -9999.0 -9999.0 39.8 65.5 -9999.0 -9999.0 -9999.0 46.0 63.0 56.1 55.1 68.6 48.0 44.5 50.9 -9999.0 -9999.0 -9999.0 -9999.0 -9999.0 -9999.0 183.5 222.7 172.8 161.5 161.4 138.0 136.6 130.4 139.3 160.3 155.7 179.3 196.9 193.5 167.8 146.5 137.8 120.4 100.1 123.6 144.5 110.8 137.2
-9999.0 -9999.0 -9999.0 -9999.0 -9999.0 -9999.0 -9999.0 -9999.0 -9999.0 -9999.0 -9999.0 -9999.0 -9999.0 -9999.0 -9999.0 -9999.0 -9999.0 -9999.0 -9999.0 -9999.0 -9999.0 -9999.0 -9999.0 -9999.0 -9999.0 -9999.0 -9999.0 -9999.0 -9999.0 -9999.0 -9999.0 -9999.0 -9999.0 -9999.0 -9999.0 -9999.0 -9999.0 -9999.0 -9999.0 19.9 25.1 29.3 34.0 40.1 -9999.0 -9999.0 -9999.0 -9999.0 -9999.0 -9999.0 -9999.0 -9999.0 201.2 251.6 209.9 163.5 151.3 148.6 148.5 151.0 152.3 157.6 157.6 153.0 155.5 159.5 157.5 136.7 136.8 156.5 152.8 140.7 118.6 161.3 95.0
-9999.0 -9999.0 -9999.0 -9999.0 -9999.0 -9999.0 -9999.0 -9999.0 -9999.0 -9999.0 -9999.0 -9999.0 -9999.0 -9999.0 -9999.0 -9999.0 -9999.0 -9999.0 -9999.0 -9999.0 -9999.0 -9999.0 -9999.0 -9999.0 -9999.0 -9999.0 -9999.0 -9999.0 -9999.0 -9999.0 -9999.0 -9999.0 -9999.0 -9999.0 -9999.0 -9999.0 -9999.0 -9999.0 -9999.0 -9999.0 -9999.0 -9999.0 -9999.0 -9999.0 -9999.0 -9999.0 -9999.0 -9999.0 -9999.0 -9999.0 -9999.0 -9999.0 133.6 275.6 225.3 231.0 175.6 170.5 172.3 175.5 154.9 146.6 210.6 138.4 146.9 158.3 152.7 136.3 136.9 151.8 157.6 157.2 241.8 172.5 163.4
-9999.0 -9999.0 -9999.0 -9999.0 -9999.0 -9999.0 -9999.0 -9999.0 -9999.0 -9999.0 -9999.0 -9999.0 -9999.0 -9999.0 -9999.0 -9999.0 -9999.0 -9999.0 -9999.0 -9999.0 -9999.0 -9999.0 -9999.0 -9999.0 -9999.0 -9999.0 -9999.0 -9999.0 -9999.0 -9999.0 -9999.0 -9999.0 -9999.0 -9999.0 -9999.0 -9999.0 -9999.0 -9999.0 -9999.0 -9999.0 -9999.0 -9999.0 -9999.0 -9999.0 -9999.0 -9999.0 -9999.0 -9999.0 -9999.0 -9999.0 -9999.0 159.8 225.7 284.8 207.3 215.9 199.4 214.6 201.2 134.4 190.7 164.5 129.1 137.7 153.5 172.8 165.5 137.3 144.3 145.6 155.7 169.5 143.8 118.7 145.9
-9999.0 -9999.0 -9999.0 -9999.0 -9999.0 -9999.0 -9999.0 -9999.0 -9999.0 -9999.0 -9999.0 -9999.0 -9999.0 -9999.0 -9999.0 -9999.0 -9999.0 -9999.0 -9999.0 -9999.0 -9999.0 -9999.0 -9999.0 -9999.0 -9999.0 -9999.0 -9999.0 -9999.0 -9999.0 -9999.0 -9999.0 -9999.0 -9999.0 -9999.0 -9999.0 -9999.0 -9999.0 -9999.0 -9999.0 -9999.0 -9999.0 -9999.0 -9999.0 -9999.0 -9999.0 -9999.0 -9999.0 -9999.0 -9999.0 -9999.0 124.0 241.9 286.4 301.6 257.3 252.2 211.2 186.2 208.4 218.0 172.9 178.0 139.8 153.0 171.4 188.7 193.1 169.4 180.1 163.5 181.4 163.0 166.8 218.3 266.6
-9999.0 -9999.0 -9999.0 -9999.0 -9999.0 -9999.0 -9999.0 -9999.0 -9999.0 -9999.0 -9999.0 -9999.0 -9999.0 -9999.0 -9999.0 -9999.0 -9999.0 -9999.0 -9999.0 -9999.0 -9999.0 -9999.0 -9999.0 -9999.0 -9999.0 -9999.0 -9999.0 -9999.0 -9999.0 -9999.0 -9999.0 -9999.0 -9999.0 -9999.0 -9999.0 -9999.0 -9999.0 -9999.0 -9999.0 -9999.0 -9999.0 -9999.0 -9999.0 -9999.0 -9999.0 -9999.0 -9999.0 -9999.0 -9999.0 -9999.0 158.3 318.2 258.5 316.9 308.5 269.3 188.5 256.9 249.1 204.7 164.8 163.1 143.7 161.4 181.6 177.4 195.6 191.7 205.0 197.7 210.5 219.6 230.4 237.3 243.9
-9999.0 -9999.0 -9999.0 -9999.0 -9999.0 -9999.0 -9999.0 -9999.0 -9999.0 -9999.0 -9999.0 -9999.0 -9999.0 -9999.0 -9999.0 -9999.0 -9999.0 -9999.0 -9999.0 -9999.0 -9999.0 -9999.0 -9999.0 -9999.0 -9999.0 -9999.0 -9999.0 -9999.0 -9999.0 -9999.0 -9999.0 -9999.0 -9999.0 -9999.0 -9999.0 -9999.0 -9999.0 -9999.0 -9999.0 -9999.0 -9999.0 -9999.0 -9999.0 -9999.0 -9999.0 -9999.0 -9999.0 -9999.0 -9999.0 -9999.0 191.7 275.2 272.1 375.3 294.2 266.9 314.6 263.0 266.3 172.0 188.7 197.1 179.1 160.1 181.2 191.4 205.2 221.9 229.9 264.0 241.8 320.6 239.6 312.5 254.7
-9999.0 -9999.0 -9999.0 -9999.0 -9999.0 -9999.0 -9999.0 -9999.0 -9999.0 -9999.0 -9999.0 -9999.0 -9999.0 -9999.0 -9999.0 -9999.0 -9999.0 -9999.0 -9999.0 -9999.0 -9999.0 -9999.0 -9999.0 -9999.0 -9999.0 -9999.0 -9999.0 -9999.0 -9999.0 -9999.0 -9999.0 -9999.0 -9999.0 -9999.0 -9999.0 -9999.0 -9999.0 -9999.0 -9999.0 -9999.0 -9999.0 -9999.0 -9999.0 -9999.0 -9999.0 -9999.0 -9999.0 -9999.0 -9999.0 -9999.0 326.5 394.3 376.5 378.1 347.1 347.9 244.5 275.0 252.8 174.5 208.2 201.0 150.7 180.9 200.5 214.3 246.6 268.9 297.0 227.9 259.1 258.0 275.2 317.6 263.2
-9999.0 -9999.0 -9999.0 -9999.0 -9999.0 -9999.0 -9999.0 -9999.0 -9999.0 -9999.0 -9999.0 -9999.0 -9999.0 -9999.0 -9999.0 -9999.0 -9999.0 -9999.0 -9999.0 -9999.0 -9999.0 -9999.0 -9999.0 -9999.0 -9999.0 -9999.0 -9999.0 -9999.0 -9999.0 -9999.0 -9999.0 -9999.0 -9999.0 -9999.0 -9999.0 -9999.0 -9999.0 -9999.0 -9999.0 -9999.0 -9999.0 -9999.0 -9999.0 -9999.0 -9999.0 -9999.0 -9999.0 -9999.0 -9999.0 -9999.0 -9999.0 -9999.0 -9999.0 405.5 370.4 337.2 317.6 311.7 214.0 206.9 323.4 189.1 275.9 235.2 236.5 243.0 285.3 286.9 309.0 296.8 270.0 254.4 257.0 272.6 292.8
-9999.0 -9999.0 -9999.0 -9999.0 -9999.0 -9999.0 -9999.0 -9999.0 -9999.0 -9999.0 -9999.0 -9999.0 -9999.0 -9999.0 -9999.0 -9999.0 -9999.0 -9999.0 -9999.0 -9999.0 -9999.0 -9999.0 -9999.0 -9999.0 -9999.0 -9999.0 -9999.0 -9999.0 -9999.0 -9999.0 -9999.0 -9999.0 -9999.0 -9999.0 -9999.0 -9999.0 -9999.0 -9999.0 -9999.0 -9999.0 -9999.0 -9999.0 -9999.0 -9999.0 -9999.0 -9999.0 -9999.0 -9999.0 -9999.0 -9999.0 -9999.0 -9999.0 -9999.0 468.8 423.5 458.3 357.6 300.3 303.9 358.2 289.6 256.5 358.2 296.2 298.4 298.3 292.0 345.3 306.4 294.6 270.2 269.2 289.5 306.6 321.9
-9999.0 -9999.0 -9999.0 -9999.0 -9999.0 -9999.0 -9999.0 -9999.0 -9999.0 -9999.0 -9999.0 -9999.0 -9999.0 -9999.0 -9999.0 -9999.0 -9999.0 -9999.0 -9999.0 -9999.0 -9999.0 -9999.0 -9999.0 -9999.0 -9999.0 -9999.0 -9999.0 -9999.0 -9999.0 -9999.0 -9999.0 -9999.0 -9999.0 -9999.0 -9999.0 -9999.0 -9999.0 -9999.0 -9999.0 -9999.0 -9999.0 -9999.0 -9999.0 -9999.0 -9999.0 -9999.0 -9999.0 -9999.0 -9999.0 -9999.0 -9999.0 -9999.0 -9999.0 528.6 449.4 474.7 418.1 358.6 355.8 345.6 393.4 392.2 456.1 451.9 355.5 -9999.0 -9999.0 -9999.0 371.0 329.7 326.7 346.1 351.9 343.8 372.5
-9999.0 -9999.0 -9999.0 -9999.0 -9999.0 -9999.0 -9999.0 -9999.0 -9999.0 -9999.0 -9999.0 -9999.0 -9999.0 -9999.0 -9999.0 -9999.0 -9999.0 -9999.0 -9999.0 -9999.0 -9999.0 -9999.0 -9999.0 -9999.0 -9999.0 -9999.0 -9999.0 -9999.0 -9999.0 -9999.0 -9999.0 -9999.0 -9999.0 -9999.0 -9999.0 -9999.0 -9999.0 -9999.0 -9999.0 -9999.0 -9999.0 -9999.0 -9999.0 -9999.0 -9999.0 -9999.0 -9999.0 -9999.0 -9999.0 -9999.0 -9999.0 -9999.0 -9999.0 -9999.0 539.1 495.5 402.2 351.2 400.9 448.6 356.0 -9999.0 -9999.0 -9999.0 -9999.0 -9999.0 -9999.0 -9999.0 391.1 408.0 451.2 404.7 379.1 371.3 381.6
-9999.0 -9999.0 -9999.0 -9999.0 -9999.0 -9999.0 -9999.0 -9999.0 -9999.0 -9999.0 -9999.0 -9999.0 -9999.0 -9999.0 -9999.0 -9999.0 -9999.0 -9999.0 -9999.0 -9999.0 -9999.0 -9999.0 -9999.0 -9999.0 -9999.0 -9999.0 -9999.0 -9999.0 -9999.0 -9999.0 -9999.0 -9999.0 -9999.0 -9999.0 -9999.0 -9999.0 -9999.0 -9999.0 -9999.0 -9999.0 -9999.0 -9999.0 -9999.0 -9999.0 -9999.0 -9999.0 -9999.0 -9999.0 -9999.0 -9999.0 -9999.0 -9999.0 -9999.0 -9999.0 -9999.0 493.3 523.4 420.4 376.5 421.1 418.7 -9999.0 -9999.0 -9999.0 -9999.0 -9999.0 -9999.0 -9999.0 -9999.0 -9999.0 447.2 -9999.0 -9999.0 -9999.0 -9999.0
-9999.0 -9999.0 -9999.0 -9999.0 -9999.0 -9999.0 -9999.0 -9999.0 -9999.0 -9999.0 -9999.0 -9999.0 -9999.0 -9999.0 -9999.0 -9999.0 -9999.0 -9999.0 -9999.0 -9999.0 -9999.0 -9999.0 -9999.0 -9999.0 -9999.0 -9999.0 -9999.0 -9999.0 -9999.0 -9999.0 -9999.0 -9999.0 -9999.0 -9999.0 -9999.0 -9999.0 -9999.0 -9999.0 -9999.0 -9999.0 -9999.0 -9999.0 -9999.0 -9999.0 -9999.0 -9999.0 -9999.0 -9999.0 -9999.0 -9999.0 -9999.0 -9999.0 -9999.0 -9999.0 -9999.0 -9999.0 -9999.0 -9999.0 428.0 395.8 -9999.0 -9999.0 -9999.0 -9999.0 -9999.0 -9999.0 -9999.0 -9999.0 -9999.0 -9999.0 -9999.0 -9999.0 -9999.0 -9999.0 -9999.0
-9999.0 -9999.0 -9999.0 -9999.0 -9999.0 -9999.0 -9999.0 -9999.0 -9999.0 -9999.0 -9999.0 -9999.0 -9999.0 -9999.0 -9999.0 -9999.0 -9999.0 -9999.0 -9999.0 -9999.0 -9999.0 -9999.0 -9999.0 -9999.0 -9999.0 -9999.0 -9999.0 -9999.0 -9999.0 -9999.0 -9999.0 -9999.0 -9999.0 -9999.0 -9999.0 -9999.0 -9999.0 -9999.0 -9999.0 -9999.0 -9999.0 -9999.0 -9999.0 -9999.0 -9999.0 -9999.0 -9999.0 -9999.0 -9999.0 -9999.0 -9999.0 -9999.0 -9999.0 -9999.0 -9999.0 -9999.0 -9999.0 -9999.0 -9999.0 -9999.0 -9999.0 -9999.0 -9999.0 -9999.0 -9999.0 -9999.0 -9999.0 -9999.0 -9999.0 -9999.0 -9999.0 -9999.0 -9999.0 -9999.0 -9999.0
