program/excelProcessViaJava/data/SURF_CLI_CHN_PRE_MON_GRID_0.5-198707.txt
NCOLS      128
NROWS       72
XLLCORNER    72.000000000000    
YLLCORNER    18.000000000000    
CELLSIZE    0.50000000000000    
NODATA_VALUE   -9999.000    
[rows 33 to 65 of 72, columns 0 to 74 of 128]
-9999.0 -9999.0 -9999.0 -9999.0 16.6 13.5 11.9 13.6 14.6 15.6 19.3 23.3 27.3 25.3 19.9 16.7 16.4 17.1 16.9 16.4 15.9 15.2 14.2 14.1 14.1 15.5 17.2 35.5 29.7 34.4 39.2 38.1 37.3 42.9 30.1 28.2 22.8 49.4 39.0 17.3 3.8 1.5 1.4 1.4 1.8 2.6 4.7 10.4 16.6 14.3 20.8 44.6 65.2 86.5 71.1 84.8 96.6 121.0 118.1 110.8 89.2 61.3 43.0 22.0 14.0 17.8 19.0 16.5 22.6 29.1 39.6 46.8 50.0 52.5 56.6
-9999.0 -9999.0 -9999.0 -9999.0 9.9 9.8 8.5 10.2 8.8 10.2 16.2 14.4 18.8 20.1 22.9 20.6 19.3 16.3 14.1 12.9 13.8 14.1 14.3 15.8 18.0 21.2 21.6 24.5 26.7 29.6 32.0 38.1 35.9 37.0 39.9 34.8 44.8 54.6 34.9 17.8 34.8 6.4 4.8 2.5 2.7 3.1 3.6 4.3 5.7 9.6 15.0 25.2 60.0 57.3 62.5 79.0 93.9 110.1 113.0 67.1 81.9 46.6 35.1 30.8 21.8 19.2 27.3 29.0 36.5 48.0 59.4 65.8 69.5 73.1 73.2
-9999.0 -9999.0 -9999.0 -9999.0 -9999.0 -9999.0 -9999.0 7.3 7.6 9.8 8.6 10.0 14.8 14.9 15.5 18.1 17.3 15.5 13.9 13.6 12.6 11.8 11.8 12.4 13.3 14.6 17.0 19.8 23.0 28.0 31.4 34.6 36.9 41.7 48.5 44.7 57.9 54.8 72.5 79.7 38.4 97.7 89.3 54.8 25.7 9.2 16.4 12.9 19.0 11.8 13.4 22.1 39.9 91.6 88.7 70.3 74.1 76.7 97.8 72.5 78.0 48.0 33.2 31.1 35.4 30.0 38.7 50.2 64.6 77.4 82.8 81.3 83.3 86.6 87.2
-9999.0 -9999.0 -9999.0 -9999.0 -9999.0 -9999.0 -9999.0 4.2 6.8 6.9 7.5 10.1 10.5 9.6 12.0 9.2 11.8 11.3 9.3 9.6 9.0 8.4 8.5 8.9 9.6 10.9 12.7 16.2 18.2 21.2 27.4 32.0 36.2 45.3 45.1 50.9 52.6 65.5 70.3 71.8 81.4 87.5 98.8 137.7 76.4 40.8 52.1 52.9 83.5 60.4 97.9 80.0 47.7 64.2 92.6 69.0 70.5 75.1 79.0 75.2 62.5 59.0 45.5 44.6 39.2 40.8 51.0 73.2 96.9 106.3 98.7 88.3 87.0 89.2 89.2
-9999.0 -9999.0 -9999.0 -9999.0 -9999.0 -9999.0 -9999.0 -9999.0 -9999.0 5.6 7.0 8.8 8.1 9.0 10.3 10.7 9.2 6.8 7.4 6.3 6.3 6.1 6.0 6.3 7.0 8.1 10.0 12.6 15.1 20.8 22.3 28.2 33.6 41.9 43.0 49.1 54.6 66.0 68.9 81.3 83.1 100.0 102.6 97.8 115.1 112.7 111.1 103.8 101.0 92.1 95.1 74.9 63.0 62.2 90.2 67.7 59.9 61.3 69.8 64.2 59.5 60.0 59.3 45.3 47.7 47.9 60.3 92.1 128.1 126.3 110.5 86.4 80.4 82.5 86.5
-9999.0 -9999.0 -9999.0 -9999.0 -9999.0 -9999.0 -9999.0 -9999.0 -9999.0 -9999.0 -9999.0 5.8 9.2 7.1 8.4 7.8 7.6 7.1 6.3 5.3 4.6 4.4 4.3 4.5 5.4 6.5 8.5 11.1 14.4 18.0 22.7 30.5 33.9 40.9 46.3 63.4 63.5 72.7 104.1 90.5 108.6 107.1 107.9 109.9 150.6 125.8 164.1 138.2 140.0 121.0 89.0 78.7 73.5 83.5 100.6 84.2 67.9 71.3 67.8 67.3 71.1 62.0 56.4 52.7 53.9 48.6 61.7 96.3 131.9 135.1 112.4 94.4 76.9 70.8 66.5
-9999.0 -9999.0 -9999.0 -9999.0 -9999.0 -9999.0 -9999.0 -9999.0 -9999.0 -9999.0 -9999.0 -9999.0 7.4 8.2 6.7 7.4 5.3 5.6 4.8 3.8 3.7 3.3 3.2 3.4 4.6 5.3 7.0 10.2 13.7 19.6 23.7 29.2 35.9 46.3 55.8 63.8 86.1 86.2 89.6 92.3 98.2 108.3 119.1 140.1 145.3 157.4 173.3 146.8 147.1 136.7 142.3 120.7 94.5 82.8 90.9 94.6 90.5 97.1 69.8 91.4 87.4 86.0 75.6 61.8 50.3 62.9 67.7 97.2 124.8 136.3 108.8 82.9 75.5 73.7 80.3
-9999.0 -9999.0 -9999.0 -9999.0 -9999.0 -9999.0 -9999.0 -9999.0 -9999.0 -9999.0 -9999.0 -9999.0 4.5 7.2 7.7 6.1 6.5 5.3 3.8 3.3 2.8 2.5 2.5 2.8 3.5 4.7 6.7 9.7 13.9 18.6 25.2 33.3 39.4 47.2 58.5 68.4 89.8 105.5 113.5 118.5 117.8 125.0 152.9 143.5 165.3 184.3 165.2 158.2 133.3 151.2 136.3 132.2 104.7 110.3 87.9 102.4 89.7 97.0 85.5 95.7 99.6 92.8 90.1 85.8 47.5 58.5 68.6 97.0 120.9 142.5 166.0 169.6 158.0 144.6 122.2
-9999.0 -9999.0 -9999.0 -9999.0 -9999.0 -9999.0 -9999.0 -9999.0 -9999.0 -9999.0 -9999.0 -9999.0 -9999.0 5.4 4.8 6.3 5.1 4.7 3.9 3.1 2.5 2.3 2.2 2.6 3.3 4.9 7.4 11.3 16.0 21.9 28.1 34.7 43.9 52.7 58.9 72.4 90.3 112.8 146.0 149.4 154.1 164.9 168.4 186.0 175.0 164.9 178.7 191.7 194.5 183.8 170.5 139.1 124.6 178.0 151.1 132.7 113.4 121.8 147.9 132.7 132.7 115.1 108.8 66.3 40.3 51.8 74.4 122.2 161.4 191.7 190.2 202.0 220.1 196.4 163.2
-9999.0 -9999.0 -9999.0 -9999.0 -9999.0 -9999.0 -9999.0 -9999.0 -9999.0 -9999.0 -9999.0 -9999.0 3.9 3.8 4.3 5.1 3.8 3.7 3.2 2.9 2.5 2.3 2.3 2.8 3.8 5.6 8.7 13.3 19.3 26.3 33.7 40.6 48.9 54.7 64.1 75.1 98.7 117.7 141.3 159.6 180.5 195.6 207.3 185.6 190.7 190.0 179.1 168.9 186.4 194.2 215.0 226.6 176.5 190.7 165.6 158.9 174.9 118.4 150.8 142.9 153.0 158.3 130.1 125.7 77.4 66.3 189.6 213.4 208.2 219.5 253.9 274.0 249.9 205.0 193.6
-9999.0 -9999.0 -9999.0 -9999.0 -9999.0 -9999.0 -9999.0 -9999.0 -9999.0 -9999.0 -9999.0 -9999.0 2.9 3.9 4.2 3.2 3.3 3.6 3.1 2.6 2.6 2.4 2.7 3.5 5.0 7.8 12.0 18.0 25.4 34.1 42.6 49.8 55.7 59.8 64.7 75.0 91.7 120.1 148.3 166.7 180.5 186.8 190.5 193.0 193.7 196.9 216.2 217.5 222.0 188.3 199.8 240.5 205.4 189.6 190.1 172.4 194.8 200.5 178.9 205.4 213.1 214.1 134.1 88.0 75.6 162.9 145.6 283.3 311.3 310.0 306.8 295.5 275.7 270.5 242.2
-9999.0 -9999.0 -9999.0 -9999.0 -9999.0 -9999.0 -9999.0 -9999.0 -9999.0 -9999.0 -9999.0 -9999.0 2.4 2.9 3.4 3.5 3.4 2.8 2.8 2.7 2.6 2.9 3.7 4.8 7.1 10.3 16.0 22.6 34.1 44.5 54.6 60.5 67.6 69.6 69.8 74.1 88.5 114.9 144.8 169.1 185.0 195.1 193.9 193.4 192.5 209.4 225.7 216.9 197.2 213.0 236.3 221.8 331.4 337.4 284.5 196.8 228.7 238.5 239.7 206.8 206.4 199.4 243.7 101.7 108.1 329.6 299.4 281.1 286.2 301.9 304.1 303.2 288.9 272.7 220.3
-9999.0 -9999.0 -9999.0 -9999.0 -9999.0 -9999.0 -9999.0 -9999.0 -9999.0 -9999.0 -9999.0 -9999.0 -9999.0 2.2 2.6 2.8 2.9 2.9 2.8 3.0 3.4 4.0 5.2 7.1 10.8 15.7 23.3 33.6 43.3 59.1 66.4 77.0 81.4 83.1 78.8 81.0 90.1 110.0 138.8 167.5 185.7 180.5 184.6 187.2 186.7 187.5 208.9 179.8 240.4 250.1 221.1 311.3 304.1 254.9 328.6 317.3 229.5 229.6 255.1 301.3 270.6 347.0 240.7 82.6 299.7 331.7 273.3 229.1 239.1 263.1 284.3 276.4 270.3 224.9 241.6
-9999.0 -9999.0 -9999.0 -9999.0 -9999.0 -9999.0 -9999.0 -9999.0 -9999.0 -9999.0 -9999.0 -9999.0 -9999.0 1.5 2.3 2.4 2.7 2.8 3.1 3.7 4.6 5.8 7.7 10.7 17.0 23.0 31.6 45.2 57.5 61.6 76.9 89.1 99.7 98.1 91.5 89.4 92.8 108.9 131.8 146.8 171.9 174.1 172.9 174.7 190.3 185.7 194.8 175.5 199.5 217.4 278.6 220.3 319.6 362.4 375.2 333.7 264.1 255.0 285.0 198.1 289.1 165.6 97.3 206.7 271.4 278.4 216.4 189.2 205.8 241.5 260.5 250.7 231.6 232.8 235.1
-9999.0 -9999.0 -9999.0 -9999.0 -9999.0 -9999.0 -9999.0 -9999.0 -9999.0 -9999.0 -9999.0 -9999.0 -9999.0 -9999.0 -9999.0 2.2 2.5 3.2 3.7 4.8 6.3 8.6 12.0 16.4 22.2 30.7 36.6 51.2 59.0 82.1 92.2 106.2 104.3 107.6 106.2 101.7 104.5 109.6 129.0 147.9 149.2 153.4 158.4 164.2 177.5 169.4 174.0 138.2 186.7 112.8 208.4 337.7 299.1 321.9 237.2 310.3 299.0 211.2 317.6 339.2 172.9 122.3 148.9 176.2 234.2 250.9 217.2 202.8 217.1 230.6 237.3 221.0 234.2 250.8 254.3
-9999.0 -9999.0 -9999.0 -9999.0 -9999.0 -9999.0 -9999.0 -9999.0 -9999.0 -9999.0 -9999.0 -9999.0 -9999.0 -9999.0 -9999.0 -9999.0 -9999.0 1.6 4.3 -9999.0 9.5 12.4 18.2 25.1 30.5 40.7 45.9 60.8 79.9 85.9 104.7 124.3 111.6 131.5 124.4 110.8 108.1 101.7 119.6 134.0 140.1 137.4 147.0 157.4 213.4 164.9 158.1 185.3 121.9 172.7 91.7 203.3 149.6 298.3 313.7 313.7 267.9 322.6 319.2 337.9 158.7 146.1 158.0 194.2 224.6 235.7 228.0 211.5 220.9 219.8 209.9 215.4 236.2 253.8 301.2
-9999.0 -9999.0 -9999.0 -9999.0 -9999.0 -9999.0 -9999.0 -9999.0 -9999.0 -9999.0 -9999.0 -9999.0 -9999.0 -9999.0 -9999.0 -9999.0 -9999.0 -9999.0 -9999.0 -9999.0 -9999.0 18.0 23.9 29.2 40.4 57.9 69.8 81.3 90.3 107.5 115.3 137.8 141.6 137.3 127.2 113.0 101.9 95.0 101.2 136.1 167.9 120.8 127.8 139.0 208.5 147.2 186.6 113.2 192.2 364.0 160.3 290.2 295.9 196.9 244.8 295.8 305.9 280.4 383.3 325.9 195.4 178.8 171.2 197.2 243.1 245.4 237.6 208.8 206.8 198.3 189.1 210.6 229.8 251.0 301.2
-9999.0 -9999.0 -9999.0 -9999.0 -9999.0 -9999.0 -9999.0 -9999.0 -9999.0 -9999.0 -9999.0 -9999.0 -9999.0 -9999.0 -9999.0 -9999.0 -9999.0 -9999.0 -9999.0 -9999.0 -9999.0 -9999.0 -9999.0 46.6 54.9 69.1 82.1 90.7 91.1 108.0 112.8 118.6 112.9 120.1 112.8 105.5 97.4 82.7 84.5 86.9 93.2 100.6 119.6 151.5 196.8 232.0 145.3 111.3 97.9 93.5 95.8 205.2 130.3 170.8 174.0 182.2 256.8 320.2 261.4 336.4 277.8 254.6 200.1 149.7 160.8 223.3 235.9 199.7 194.0 185.8 208.6 213.6 224.2 254.1 253.3
-9999.0 -9999.0 -9999.0 -9999.0 -9999.0 -9999.0 -9999.0 -9999.0 -9999.0 -9999.0 -9999.0 -9999.0 -9999.0 -9999.0 -9999.0 -9999.0 -9999.0 -9999.0 -9999.0 -9999.0 -9999.0 -9999.0 -9999.0 -9999.0 -9999.0 74.2 98.9 81.8 91.2 92.9 103.7 114.4 114.9 107.3 98.4 91.7 89.1 67.4 68.5 64.2 73.8 85.7 188.2 186.3 229.4 235.0 194.5 223.1 112.8 97.8 167.0 134.1 179.2 170.6 132.7 161.9 227.4 252.0 323.2 336.6 332.2 291.6 339.0 154.4 142.3 178.4 180.0 158.2 192.2 212.4 207.0 206.5 177.7 221.9 222.6
-9999.0 -9999.0 -9999.0 -9999.0 -9999.0 -9999.0 -9999.0 -9999.0 -9999.0 -9999.0 -9999.0 -9999.0 -9999.0 -9999.0 -9999.0 -9999.0 -9999.0 -9999.0 -9999.0 -9999.0 -9999.0 -9999.0 -9999.0 -9999.0 -9999.0 -9999.0 -9999.0 83.1 92.2 116.1 112.5 107.7 97.0 89.1 80.6 67.2 55.3 47.7 55.8 50.7 57.2 94.5 173.7 214.1 225.5 232.5 235.2 234.0 228.5 145.4 183.8 174.3 106.7 107.5 123.8 173.0 198.2 235.1 307.1 318.7 323.6 298.3 177.7 126.6 118.2 98.8 127.3 161.5 176.6 188.6 184.3 206.0 135.7 169.3 137.1
-9999.0 -9999.0 -9999.0 -9999.0 -9999.0 -9999.0 -9999.0 -9999.0 -9999.0 -9999.0 -9999.0 -9999.0 -9999.0 -9999.0 -9999.0 -9999.0 -9999.0 -9999.0 -9999.0 -9999.0 -9999.0 -9999.0 -9999.0 -9999.0 -9999.0 -9999.0 -9999.0 -9999.0 -9999.0 -9999.0 -9999.0 -9999.0 -9999.0 70.5 62.6 -9999.0 -9999.0 -9999.0 70.4 54.4 92.6 134.3 146.3 198.7 212.2 224.6 -9999.0 -9999.0 -9999.0 -9999.0 -9999.0 -9999.0 115.8 130.2 120.0 163.1 215.4 221.5 270.1 297.0 312.6 288.2 202.2 151.2 128.9 128.1 138.9 160.2 182.6 175.9 151.1 175.7 177.0 120.8 153.4
-9999.0 -9999.0 -9999.0 -9999.0 -9999.0 -9999.0 -9999.0 -9999.0 -9999.0 -9999.0 -9999.0 -9999.0 -9999.0 -9999.0 -9999.0 -9999.0 -9999.0 -9999.0 -9999.0 -9999.0 -9999.0 -9999.0 -9999.0 -9999.0 -9999.0 -9999.0 -9999.0 -9999.0 -9999.0 -9999.0 -9999.0 -9999.0 -9999.0 -9999.0 -9999.0 -9999.0 -9999.0 -9999.0 -9999.0 89.3 109.7 131.8 154.6 177.1 -9999.0 -9999.0 -9999.0 -9999.0 -9999.0 -9999.0 -9999.0 -9999.0 118.7 155.7 139.0 163.0 208.2 214.8 225.0 255.6 276.5 268.2 237.7 188.0 194.5 205.2 216.7 216.0 214.2 215.2 206.0 181.7 132.0 167.6 130.6
-9999.0 -9999.0 -9999.0 -9999.0 -9999.0 -9999.0 -9999.0 -9999.0 -9999.0 -9999.0 -9999.0 -9999.0 -9999.0 -9999.0 -9999.0 -9999.0 -9999.0 -9999.0 -9999.0 -9999.0 -9999.0 -9999.0 -9999.0 -9999.0 -9999.0 -9999.0 -9999.0 -9999.0 -9999.0 -9999.0 -9999.0 -9999.0 -9999.0 -9999.0 -9999.0 -9999.0 -9999.0 -9999.0 -9999.0 -9999.0 -9999.0 -9999.0 -9999.0 -9999.0 -9999.0 -9999.0 -9999.0 -9999.0 -9999.0 -9999.0 -9999.0 -9999.0 131.8 184.7 146.7 195.5 184.2 197.5 204.6 225.0 229.7 239.0 288.4 232.4 245.8 260.4 281.7 286.7 263.6 239.2 219.1 206.0 259.6 191.2 201.6
-9999.0 -9999.0 -9999.0 -9999.0 -9999.0 -9999.0 -9999.0 -9999.0 -9999.0 -9999.0 -9999.0 -9999.0 -9999.0 -9999.0 -9999.0 -9999.0 -9999.0 -9999.0 -9999.0 -9999.0 -9999.0 -9999.0 -9999.0 -9999.0 -9999.0 -9999.0 -9999.0 -9999.0 -9999.0 -9999.0 -9999.0 -9999.0 -9999.0 -9999.0 -9999.0 -9999.0 -9999.0 -9999.0 -9999.0 -9999.0 -9999.0 -9999.0 -9999.0 -9999.0 -9999.0 -9999.0 -9999.0 -9999.0 -9999.0 -9999.0 -9999.0 208.7 163.5 194.9 99.5 133.7 145.5 181.9 174.2 136.7 193.9 205.1 225.2 257.3 278.3 296.4 323.0 291.6 294.4 253.6 229.5 222.0 180.7 153.9 211.4
-9999.0 -9999.0 -9999.0 -9999.0 -9999.0 -9999.0 -9999.0 -9999.0 -9999.0 -9999.0 -9999.0 -9999.0 -9999.0 -9999.0 -9999.0 -9999.0 -9999.0 -9999.0 -9999.0 -9999.0 -9999.0 -9999.0 -9999.0 -9999.0 -9999.0 -9999.0 -9999.0 -9999.0 -9999.0 -9999.0 -9999.0 -9999.0 -9999.0 -9999.0 -9999.0 -9999.0 -9999.0 -9999.0 -9999.0 -9999.0 -9999.0 -9999.0 -9999.0 -9999.0 -9999.0 -9999.0 -9999.0 -9999.0 -9999.0 -9999.0 246.6 277.6 237.2 216.4 135.4 141.6 114.8 116.4 135.5 141.8 132.6 153.4 193.6 251.9 286.6 302.8 328.4 303.9 301.8 272.2 264.1 229.7 196.7 217.2 266.4
-9999.0 -9999.0 -9999.0 -9999.0 -9999.0 -9999.0 -9999.0 -9999.0 -9999.0 -9999.0 -9999.0 -9999.0 -9999.0 -9999.0 -9999.0 -9999.0 -9999.0 -9999.0 -9999.0 -9999.0 -9999.0 -9999.0 -9999.0 -9999.0 -9999.0 -9999.0 -9999.0 -9999.0 -9999.0 -9999.0 -9999.0 -9999.0 -9999.0 -9999.0 -9999.0 -9999.0 -9999.0 -9999.0 -9999.0 -9999.0 -9999.0 -9999.0 -9999.0 -9999.0 -9999.0 -9999.0 -9999.0 -9999.0 -9999.0 -9999.0 263.5 386.7 299.8 263.4 223.5 158.5 122.6 151.7 145.0 120.9 104.8 110.0 144.8 210.9 261.9 253.2 273.2 262.1 272.4 277.3 282.1 263.8 235.6 217.7 227.5
-9999.0 -9999.0 -9999.0 -9999.0 -9999.0 -9999.0 -9999.0 -9999.0 -9999.0 -9999.0 -9999.0 -9999.0 -9999.0 -9999.0 -9999.0 -9999.0 -9999.0 -9999.0 -9999.0 -9999.0 -9999.0 -9999.0 -9999.0 -9999.0 -9999.0 -9999.0 -9999.0 -9999.0 -9999.0 -9999.0 -9999.0 -9999.0 -9999.0 -9999.0 -9999.0 -9999.0 -9999.0 -9999.0 -9999.0 -9999.0 -9999.0 -9999.0 -9999.0 -9999.0 -9999.0 -9999.0 -9999.0 -9999.0 -9999.0 -9999.0 237.6 354.6 322.8 437.1 252.5 196.0 251.4 191.1 186.8 155.4 121.5 114.4 137.9 178.4 233.1 230.8 227.9 238.5 249.4 276.7 268.6 306.7 242.5 247.6 200.8
-9999.0 -9999.0 -9999.0 -9999.0 -9999.0 -9999.0 -9999.0 -9999.0 -9999.0 -9999.0 -9999.0 -9999.0 -9999.0 -9999.0 -9999.0 -9999.0 -9999.0 -9999.0 -9999.0 -9999.0 -9999.0 -9999.0 -9999.0 -9999.0 -9999.0 -9999.0 -9999.0 -9999.0 -9999.0 -9999.0 -9999.0 -9999.0 -9999.0 -9999.0 -9999.0 -9999.0 -9999.0 -9999.0 -9999.0 -9999.0 -9999.0 -9999.0 -9999.0 -9999.0 -9999.0 -9999.0 -9999.0 -9999.0 -9999.0 -9999.0 373.7 523.2 452.5 469.8 392.2 386.2 213.7 261.7 262.7 230.0 192.7 161.4 145.1 197.4 247.9 250.3 255.5 252.6 276.7 207.3 237.4 246.0 244.6 222.6 172.4
-9999.0 -9999.0 -9999.0 -9999.0 -9999.0 -9999.0 -9999.0 -9999.0 -9999.0 -9999.0 -9999.0 -9999.0 -9999.0 -9999.0 -9999.0 -9999.0 -9999.0 -9999.0 -9999.0 -9999.0 -9999.0 -9999.0 -9999.0 -9999.0 -9999.0 -9999.0 -9999.0 -9999.0 -9999.0 -9999.0 -9999.0 -9999.0 -9999.0 -9999.0 -9999.0 -9999.0 -9999.0 -9999.0 -9999.0 -9999.0 -9999.0 -9999.0 -9999.0 -9999.0 -9999.0 -9999.0 -9999.0 -9999.0 -9999.0 -9999.0 -9999.0 -9999.0 -9999.0 431.1 367.1 316.5 309.0 330.3 284.1 309.0 347.1 227.8 294.0 272.6 294.8 288.1 313.8 252.2 269.5 240.0 202.0 188.3 173.8 158.1 172.2
-9999.0 -9999.0 -9999.0 -9999.0 -9999.0 -9999.0 -9999.0 -9999.0 -9999.0 -9999.0 -9999.0 -9999.0 -9999.0 -9999.0 -9999.0 -9999.0 -9999.0 -9999.0 -9999.0 -9999.0 -9999.0 -9999.0 -9999.0 -9999.0 -9999.0 -9999.0 -9999.0 -9999.0 -9999.0 -9999.0 -9999.0 -9999.0 -9999.0 -9999.0 -9999.0 -9999.0 -9999.0 -9999.0 -9999.0 -9999.0 -9999.0 -9999.0 -9999.0 -9999.0 -9999.0 -9999.0 -9999.0 -9999.0 -9999.0 -9999.0 -9999.0 -9999.0 -9999.0 458.5 344.2 642.8 302.4 260.4 339.4 470.8 402.0 302.6 443.4 295.6 309.2 303.8 210.8 325.0 220.0 199.8 171.0 175.7 187.9 201.1 228.1
-9999.0 -9999.0 -9999.0 -9999.0 -9999.0 -9999.0 -9999.0 -9999.0 -9999.0 -9999.0 -9999.0 -9999.0 -9999.0 -9999.0 -9999.0 -9999.0 -9999.0 -9999.0 -9999.0 -9999.0 -9999.0 -9999.0 -9999.0 -9999.0 -9999.0 -9999.0 -9999.0 -9999.0 -9999.0 -9999.0 -9999.0 -9999.0 -9999.0 -9999.0 -9999.0 -9999.0 -9999.0 -9999.0 -9999.0 -9999.0 -9999.0 -9999.0 -9999.0 -9999.0 -9999.0 -9999.0 -9999.0 -9999.0 -9999.0 -9999.0 -9999.0 -9999.0 -9999.0 477.3 242.9 434.2 329.4 270.6 344.4 400.7 510.1 476.1 579.1 570.3 239.3 -9999.0 -9999.0 -9999.0 266.8 203.0 221.6 284.9 351.8 390.8 406.2
-9999.0 -9999.0 -9999.0 -9999.0 -9999.0 -9999.0 -9999.0 -9999.0 -9999.0 -9999.0 -9999.0 -9999.0 -9999.0 -9999.0 -9999.0 -9999.0 -9999.0 -9999.0 -9999.0 -9999.0 -9999.0 -9999.0 -9999.0 -9999.0 -9999.0 -9999.0 -9999.0 -9999.0 -9999.0 -9999.0 -9999.0 -9999.0 -9999.0 -9999.0 -9999.0 -9999.0 -9999.0 -9999.0 -9999.0 -9999.0 -9999.0 -9999.0 -9999.0 -9999.0 -9999.0 -9999.0 -9999.0 -9999.0 -9999.0 -9999.0 -9999.0 -9999.0 -9999.0 -9999.0 419.3 357.0 207.4 198.3 353.2 504.5 328.4 -9999.0 -9999.0 -9999.0 -9999.0 -9999.0 -9999.0 -9999.0 219.8 271.5 382.7 402.5 509.5 592.3 551.1
-9999.0 -9999.0 -9999.0 -9999.0 -9999.0 -9999.0 -9999.0 -9999.0 -9999.0 -9999.0 -9999.0 -9999.0 -9999.0 -9999.0 -9999.0 -9999.0 -9999.0 -9999.0 -9999.0 -9999.0 -9999.0 -9999.0 -9999.0 -9999.0 -9999.0 -9999.0 -9999.0 -9999.0 -9999.0 -9999.0 -9999.0 -9999.0 -9999.0 -9999.0 -9999.0 -9999.0 -9999.0 -9999.0 -9999.0 -9999.0 -9999.0 -9999.0 -9999.0 -9999.0 -9999.0 -9999.0 -9999.0 -9999.0 -9999.0 -9999.0 -9999.0 -9999.0 -9999.0 -9999.0 -9999.0 288.6 480.8 270.1 247.8 369.9 360.9 -9999.0 -9999.0 -9999.0 -9999.0 -9999.0 -9999.0 -9999.0 -9999.0 -9999.0 347.8 -9999.0 -9999.0 -9999.0 -9999.0
