program/excelProcessViaJava/data/SURF_CLI_CHN_PRE_MON_GRID_0.5-200407.txt
NCOLS      128
NROWS       72
XLLCORNER    72.000000000000    
YLLCORNER    18.000000000000    
CELLSIZE    0.50000000000000    
NODATA_VALUE   -9999.000    
[rows 33 to 65 of 72, columns 0 to 73 of 128]
-9999.0 -9999.0 -9999.0 -9999.0 61.8 83.1 97.6 71.2 64.6 18.0 25.7 16.5 8.7 2.2 1.3 1.3 1.3 1.3 1.4 1.4 1.4 1.4 1.6 2.8 4.6 7.9 11.1 55.0 27.9 30.4 32.0 26.4 23.0 26.0 15.7 14.7 12.2 30.8 25.7 13.9 5.7 3.6 3.4 2.6 2.3 2.4 4.1 10.1 19.2 22.0 30.2 56.9 80.4 105.2 78.5 86.6 85.8 111.4 104.3 136.9 131.8 107.3 85.9 46.3 33.0 42.3 48.0 27.9 40.6 33.4 35.2 45.5 52.9 61.1
-9999.0 -9999.0 -9999.0 -9999.0 70.9 61.8 86.3 57.4 96.2 90.3 36.3 73.8 50.8 47.9 8.8 8.1 8.2 2.9 1.4 1.2 2.2 3.0 5.0 17.4 42.3 54.7 38.3 37.4 33.3 31.1 28.4 31.0 24.5 23.0 24.0 19.9 26.9 34.2 22.8 13.8 24.8 7.6 5.8 3.1 2.3 2.2 3.1 5.9 11.2 19.4 27.0 37.6 73.8 66.9 61.7 70.3 74.6 83.8 94.7 66.4 101.2 70.5 60.4 58.2 47.6 39.3 58.6 45.0 40.9 54.6 43.6 53.7 62.6 75.6
-9999.0 -9999.0 -9999.0 -9999.0 -9999.0 -9999.0 -9999.0 57.3 70.9 56.1 84.0 80.0 51.0 55.2 52.0 7.0 22.0 8.7 6.2 12.9 30.7 45.5 47.8 44.1 41.0 38.6 40.1 38.8 36.6 37.7 34.2 31.4 28.6 29.4 32.5 28.0 36.9 34.9 46.6 50.8 26.5 58.3 50.9 29.6 12.9 4.6 9.3 11.4 20.6 21.6 25.5 34.1 49.9 92.8 90.3 57.3 58.2 63.0 104.7 82.2 114.8 90.8 83.7 77.0 78.7 65.6 74.7 79.0 65.9 66.5 62.3 73.4 94.8 111.9
-9999.0 -9999.0 -9999.0 -9999.0 -9999.0 -9999.0 -9999.0 79.9 40.0 61.3 66.9 52.5 57.3 68.8 51.7 72.6 45.8 42.3 58.3 40.6 39.3 49.3 44.2 44.1 41.4 40.6 38.2 41.7 34.2 30.9 33.8 32.3 30.8 35.2 31.3 34.0 34.4 42.9 46.1 46.9 51.6 52.7 55.5 72.7 37.6 19.5 26.1 29.6 46.6 41.9 63.6 62.3 49.1 60.7 86.5 58.5 66.8 88.2 116.0 130.3 119.2 123.4 125.5 118.9 105.0 98.9 94.9 87.3 98.9 75.0 88.4 106.8 126.3 135.1
-9999.0 -9999.0 -9999.0 -9999.0 -9999.0 -9999.0 -9999.0 -9999.0 -9999.0 49.0 45.3 39.0 54.3 50.5 42.0 36.5 45.5 68.1 50.3 63.0 51.2 43.3 42.8 43.3 42.4 40.0 41.1 39.3 34.2 38.2 29.4 30.6 30.7 34.0 31.3 34.1 37.2 44.7 46.9 54.5 54.6 61.6 59.3 53.2 59.1 55.7 53.9 50.6 50.0 48.2 53.1 50.3 50.2 53.0 78.5 63.8 71.4 95.9 130.3 140.3 141.6 143.2 141.4 144.9 137.6 125.9 107.8 89.1 109.2 98.0 117.6 122.8 120.0 116.9
-9999.0 -9999.0 -9999.0 -9999.0 -9999.0 -9999.0 -9999.0 -9999.0 -9999.0 -9999.0 -9999.0 47.5 22.8 47.5 38.0 42.2 39.7 38.1 38.5 44.2 52.9 47.0 49.6 45.9 55.5 48.7 49.1 46.1 41.6 36.9 34.7 37.7 33.3 34.8 35.6 46.4 44.8 50.7 70.5 62.4 72.4 69.3 66.2 64.1 82.6 67.6 82.4 67.1 63.9 54.4 44.5 45.6 50.3 63.1 83.7 83.8 87.3 113.0 132.6 144.7 148.8 139.7 134.3 141.3 140.1 129.3 89.1 86.4 101.5 117.7 127.0 123.6 95.3 75.3
-9999.0 -9999.0 -9999.0 -9999.0 -9999.0 -9999.0 -9999.0 -9999.0 -9999.0 -9999.0 -9999.0 -9999.0 19.6 19.3 35.9 28.5 49.1 38.4 41.1 57.9 40.1 47.2 50.6 49.0 71.0 52.6 47.8 51.2 46.2 48.0 40.3 37.8 37.6 42.0 45.3 48.1 62.0 60.7 63.2 65.5 69.2 73.7 77.4 87.2 88.7 93.1 96.6 79.0 70.9 60.4 62.6 61.0 59.7 64.1 79.8 95.9 107.7 126.4 123.6 141.1 138.0 132.9 125.8 122.3 127.9 129.8 94.9 95.5 106.9 123.8 103.8 84.7 79.0 66.9
-9999.0 -9999.0 -9999.0 -9999.0 -9999.0 -9999.0 -9999.0 -9999.0 -9999.0 -9999.0 -9999.0 -9999.0 33.8 11.3 9.6 26.6 17.0 25.5 43.0 43.9 47.4 56.3 57.7 54.6 51.2 56.5 55.8 50.1 50.3 45.0 45.2 46.3 43.4 44.4 49.4 53.6 66.0 74.4 78.6 81.8 81.8 85.6 101.7 96.9 111.0 121.4 110.2 100.1 80.0 75.8 67.5 72.5 71.2 84.9 85.1 104.9 107.1 117.5 114.3 117.4 115.2 109.4 110.9 117.5 93.4 100.1 62.3 67.3 78.1 100.8 135.8 162.4 158.6 115.6
-9999.0 -9999.0 -9999.0 -9999.0 -9999.0 -9999.0 -9999.0 -9999.0 -9999.0 -9999.0 -9999.0 -9999.0 -9999.0 14.3 26.8 9.4 22.2 20.2 24.4 31.8 43.5 44.4 61.0 55.4 61.5 73.3 71.8 71.9 62.9 57.0 50.6 47.6 49.9 51.6 52.6 59.9 69.5 81.1 100.5 100.7 103.5 111.2 115.3 130.4 130.1 131.5 139.9 139.7 129.0 112.8 102.5 93.3 93.3 127.1 121.4 118.7 113.1 117.7 127.2 108.5 100.9 94.3 100.0 87.9 61.4 61.6 72.2 78.1 92.6 90.7 56.3 78.4 130.4 145.1
-9999.0 -9999.0 -9999.0 -9999.0 -9999.0 -9999.0 -9999.0 -9999.0 -9999.0 -9999.0 -9999.0 -9999.0 9.9 21.4 19.5 11.5 29.8 26.2 31.9 27.0 35.7 45.5 58.4 63.6 67.6 81.8 78.9 73.8 69.9 65.8 60.1 55.2 56.3 55.6 60.4 67.5 79.8 89.2 99.4 107.9 122.2 135.2 147.5 139.2 154.1 165.6 168.4 163.1 161.4 153.0 154.3 157.7 133.9 140.8 126.4 122.8 131.0 104.1 108.7 92.5 89.9 97.4 96.4 108.7 81.4 62.4 89.7 89.8 111.5 148.3 169.6 166.5 145.9 111.0
-9999.0 -9999.0 -9999.0 -9999.0 -9999.0 -9999.0 -9999.0 -9999.0 -9999.0 -9999.0 -9999.0 -9999.0 12.1 2.5 6.2 29.8 29.3 16.5 22.5 39.4 36.7 55.9 65.2 73.5 76.6 80.4 84.3 84.1 81.5 76.1 71.0 66.5 63.9 64.5 68.8 76.1 87.7 99.5 110.2 117.4 124.7 131.7 141.1 154.8 171.3 189.7 209.0 214.6 212.6 188.6 181.6 190.0 160.5 139.2 132.2 117.9 126.1 126.2 109.0 114.5 116.2 124.1 92.6 73.2 59.8 108.8 73.0 102.2 120.2 138.5 165.9 192.1 206.8 256.0
-9999.0 -9999.0 -9999.0 -9999.0 -9999.0 -9999.0 -9999.0 -9999.0 -9999.0 -9999.0 -9999.0 -9999.0 0.6 7.5 2.2 6.4 9.6 31.8 28.8 38.8 62.5 74.6 71.9 88.3 91.8 104.9 103.8 107.1 97.5 93.2 87.6 80.5 78.1 79.9 83.1 88.5 98.7 109.4 120.7 127.3 136.9 148.6 158.7 165.7 184.8 208.9 227.4 235.4 228.5 227.2 224.6 199.3 239.0 230.2 187.9 128.8 138.3 139.3 135.1 110.4 109.4 113.5 157.9 70.8 57.7 120.6 89.1 93.6 118.9 144.3 169.0 230.2 263.8 292.9
-9999.0 -9999.0 -9999.0 -9999.0 -9999.0 -9999.0 -9999.0 -9999.0 -9999.0 -9999.0 -9999.0 -9999.0 -9999.0 14.5 13.6 5.6 11.7 15.0 33.1 47.3 74.5 68.6 87.3 101.4 99.3 110.3 114.7 116.0 117.6 113.9 107.1 100.9 94.0 96.8 97.5 96.8 106.0 122.0 129.5 141.5 152.1 153.0 164.9 179.3 191.2 204.3 222.7 217.2 244.1 245.8 224.1 253.8 235.4 188.8 219.2 202.2 147.9 139.7 148.8 177.2 160.9 222.3 164.4 51.6 121.9 88.9 73.4 80.3 107.0 135.7 160.3 178.4 222.3 200.9
-9999.0 -9999.0 -9999.0 -9999.0 -9999.0 -9999.0 -9999.0 -9999.0 -9999.0 -9999.0 -9999.0 -9999.0 -9999.0 0.1 9.2 4.5 20.6 13.0 23.2 39.6 70.4 82.1 96.1 103.8 100.5 117.8 128.2 131.1 136.3 134.8 128.9 122.2 121.3 116.9 111.0 114.7 128.6 136.7 136.1 130.7 154.0 161.8 170.3 177.5 181.6 191.9 199.8 187.6 200.9 209.4 240.2 204.6 248.6 257.7 252.1 222.8 181.0 168.8 183.0 131.0 195.4 129.4 115.4 157.6 103.2 66.4 54.5 65.3 85.8 111.3 125.2 130.2 145.9 182.3
-9999.0 -9999.0 -9999.0 -9999.0 -9999.0 -9999.0 -9999.0 -9999.0 -9999.0 -9999.0 -9999.0 -9999.0 -9999.0 -9999.0 -9999.0 3.8 5.6 16.3 20.9 27.6 59.2 64.6 77.9 96.5 114.3 126.5 146.0 150.3 155.7 159.6 155.5 152.6 135.1 131.6 137.2 124.7 124.5 168.1 156.1 151.5 138.5 142.1 153.8 164.2 177.0 166.1 164.1 132.7 165.9 114.2 182.3 253.4 239.2 244.6 197.1 220.8 210.2 158.2 219.9 238.8 148.3 156.4 218.7 160.4 103.4 63.5 50.5 60.4 77.7 91.0 94.8 91.5 110.0 141.9
-9999.0 -9999.0 -9999.0 -9999.0 -9999.0 -9999.0 -9999.0 -9999.0 -9999.0 -9999.0 -9999.0 -9999.0 -9999.0 -9999.0 -9999.0 -9999.0 -9999.0 0.0 1.7 -9999.0 21.3 61.2 62.7 80.3 111.5 125.8 149.6 159.3 170.1 175.1 181.0 188.9 151.8 184.1 198.1 162.8 132.5 221.8 166.7 151.1 136.6 121.3 134.3 146.1 211.7 149.8 185.7 145.1 106.4 141.7 115.4 183.0 177.1 231.5 227.0 217.2 191.4 220.9 231.8 257.2 142.4 172.5 201.4 186.7 124.8 73.9 58.4 69.4 91.1 101.0 107.6 99.1 111.6 130.2
-9999.0 -9999.0 -9999.0 -9999.0 -9999.0 -9999.0 -9999.0 -9999.0 -9999.0 -9999.0 -9999.0 -9999.0 -9999.0 -9999.0 -9999.0 -9999.0 -9999.0 -9999.0 -9999.0 -9999.0 -9999.0 37.4 62.9 95.8 101.8 104.2 128.1 152.3 175.5 192.4 200.9 216.2 215.3 199.2 200.5 168.9 183.9 196.4 209.9 247.5 228.6 99.2 99.0 109.8 209.4 117.6 269.8 102.4 134.3 192.4 145.6 206.6 217.9 180.0 184.0 195.0 195.3 191.9 245.3 260.4 148.7 152.9 170.1 189.7 142.9 83.8 69.8 91.0 117.5 132.4 125.1 121.2 126.5 155.7
-9999.0 -9999.0 -9999.0 -9999.0 -9999.0 -9999.0 -9999.0 -9999.0 -9999.0 -9999.0 -9999.0 -9999.0 -9999.0 -9999.0 -9999.0 -9999.0 -9999.0 -9999.0 -9999.0 -9999.0 -9999.0 -9999.0 -9999.0 27.6 74.5 91.1 113.3 141.6 168.9 188.9 197.8 190.3 154.2 156.6 136.5 136.7 128.7 160.8 117.1 92.4 84.0 69.4 89.7 126.3 206.7 363.0 166.9 130.5 161.6 191.1 150.6 172.6 166.4 160.6 139.5 122.1 156.1 190.5 198.2 249.6 204.6 204.7 188.4 158.5 138.8 87.2 76.6 107.0 169.0 165.4 171.9 158.8 164.3 187.0
-9999.0 -9999.0 -9999.0 -9999.0 -9999.0 -9999.0 -9999.0 -9999.0 -9999.0 -9999.0 -9999.0 -9999.0 -9999.0 -9999.0 -9999.0 -9999.0 -9999.0 -9999.0 -9999.0 -9999.0 -9999.0 -9999.0 -9999.0 -9999.0 -9999.0 23.6 74.1 133.2 147.5 148.1 165.6 173.4 163.5 134.9 129.6 103.0 80.1 109.9 75.3 78.2 49.0 62.5 263.6 217.2 350.0 384.3 300.6 374.8 118.7 193.8 144.5 159.7 163.0 152.5 119.8 114.6 133.8 150.5 190.3 223.3 246.4 236.5 270.4 152.8 142.5 112.0 116.8 197.3 231.4 234.0 203.7 188.4 194.9 233.7
-9999.0 -9999.0 -9999.0 -9999.0 -9999.0 -9999.0 -9999.0 -9999.0 -9999.0 -9999.0 -9999.0 -9999.0 -9999.0 -9999.0 -9999.0 -9999.0 -9999.0 -9999.0 -9999.0 -9999.0 -9999.0 -9999.0 -9999.0 -9999.0 -9999.0 -9999.0 -9999.0 32.4 53.6 113.0 131.8 138.4 108.1 136.7 91.1 198.2 95.3 96.3 157.1 74.8 42.2 106.4 268.4 365.0 372.9 387.4 392.6 387.8 379.9 291.7 331.4 296.1 165.0 145.7 124.4 121.8 127.4 149.4 168.4 204.8 270.3 237.4 210.1 188.5 176.6 178.5 175.4 179.9 216.9 229.6 210.7 223.9 223.6 287.7
-9999.0 -9999.0 -9999.0 -9999.0 -9999.0 -9999.0 -9999.0 -9999.0 -9999.0 -9999.0 -9999.0 -9999.0 -9999.0 -9999.0 -9999.0 -9999.0 -9999.0 -9999.0 -9999.0 -9999.0 -9999.0 -9999.0 -9999.0 -9999.0 -9999.0 -9999.0 -9999.0 -9999.0 -9999.0 -9999.0 -9999.0 -9999.0 -9999.0 125.8 75.3 -9999.0 -9999.0 -9999.0 202.5 99.0 174.6 241.4 210.0 355.1 374.1 379.2 -9999.0 -9999.0 -9999.0 -9999.0 -9999.0 -9999.0 216.5 151.2 149.9 144.5 144.4 179.1 187.0 253.4 278.1 242.1 233.2 198.3 183.7 192.4 209.1 229.1 241.8 224.3 212.4 254.7 306.6 340.1
-9999.0 -9999.0 -9999.0 -9999.0 -9999.0 -9999.0 -9999.0 -9999.0 -9999.0 -9999.0 -9999.0 -9999.0 -9999.0 -9999.0 -9999.0 -9999.0 -9999.0 -9999.0 -9999.0 -9999.0 -9999.0 -9999.0 -9999.0 -9999.0 -9999.0 -9999.0 -9999.0 -9999.0 -9999.0 -9999.0 -9999.0 -9999.0 -9999.0 -9999.0 -9999.0 -9999.0 -9999.0 -9999.0 -9999.0 248.5 271.8 293.9 313.6 330.3 -9999.0 -9999.0 -9999.0 -9999.0 -9999.0 -9999.0 -9999.0 -9999.0 235.7 168.1 168.0 180.5 186.8 203.5 238.0 285.8 313.5 268.5 219.1 197.6 178.3 198.2 233.1 263.9 264.3 277.7 283.7 313.8 350.5 401.9
-9999.0 -9999.0 -9999.0 -9999.0 -9999.0 -9999.0 -9999.0 -9999.0 -9999.0 -9999.0 -9999.0 -9999.0 -9999.0 -9999.0 -9999.0 -9999.0 -9999.0 -9999.0 -9999.0 -9999.0 -9999.0 -9999.0 -9999.0 -9999.0 -9999.0 -9999.0 -9999.0 -9999.0 -9999.0 -9999.0 -9999.0 -9999.0 -9999.0 -9999.0 -9999.0 -9999.0 -9999.0 -9999.0 -9999.0 -9999.0 -9999.0 -9999.0 -9999.0 -9999.0 -9999.0 -9999.0 -9999.0 -9999.0 -9999.0 -9999.0 -9999.0 -9999.0 290.5 194.6 201.5 176.9 194.0 197.0 219.5 261.0 280.6 256.4 185.1 194.6 207.4 269.9 314.3 312.4 307.1 313.5 325.5 357.9 414.0 417.8
-9999.0 -9999.0 -9999.0 -9999.0 -9999.0 -9999.0 -9999.0 -9999.0 -9999.0 -9999.0 -9999.0 -9999.0 -9999.0 -9999.0 -9999.0 -9999.0 -9999.0 -9999.0 -9999.0 -9999.0 -9999.0 -9999.0 -9999.0 -9999.0 -9999.0 -9999.0 -9999.0 -9999.0 -9999.0 -9999.0 -9999.0 -9999.0 -9999.0 -9999.0 -9999.0 -9999.0 -9999.0 -9999.0 -9999.0 -9999.0 -9999.0 -9999.0 -9999.0 -9999.0 -9999.0 -9999.0 -9999.0 -9999.0 -9999.0 -9999.0 -9999.0 336.0 307.4 238.2 226.5 202.0 182.7 176.6 187.6 181.3 248.7 239.8 194.8 186.6 231.7 320.0 338.2 238.3 329.6 326.5 335.8 351.1 349.7 392.2
-9999.0 -9999.0 -9999.0 -9999.0 -9999.0 -9999.0 -9999.0 -9999.0 -9999.0 -9999.0 -9999.0 -9999.0 -9999.0 -9999.0 -9999.0 -9999.0 -9999.0 -9999.0 -9999.0 -9999.0 -9999.0 -9999.0 -9999.0 -9999.0 -9999.0 -9999.0 -9999.0 -9999.0 -9999.0 -9999.0 -9999.0 -9999.0 -9999.0 -9999.0 -9999.0 -9999.0 -9999.0 -9999.0 -9999.0 -9999.0 -9999.0 -9999.0 -9999.0 -9999.0 -9999.0 -9999.0 -9999.0 -9999.0 -9999.0 -9999.0 307.4 369.8 330.2 274.3 221.3 190.4 157.4 146.3 163.6 204.3 226.4 236.5 211.0 198.4 245.1 308.6 331.7 283.1 345.3 329.0 359.4 331.3 351.1 393.1
-9999.0 -9999.0 -9999.0 -9999.0 -9999.0 -9999.0 -9999.0 -9999.0 -9999.0 -9999.0 -9999.0 -9999.0 -9999.0 -9999.0 -9999.0 -9999.0 -9999.0 -9999.0 -9999.0 -9999.0 -9999.0 -9999.0 -9999.0 -9999.0 -9999.0 -9999.0 -9999.0 -9999.0 -9999.0 -9999.0 -9999.0 -9999.0 -9999.0 -9999.0 -9999.0 -9999.0 -9999.0 -9999.0 -9999.0 -9999.0 -9999.0 -9999.0 -9999.0 -9999.0 -9999.0 -9999.0 -9999.0 -9999.0 -9999.0 -9999.0 306.3 402.8 359.5 312.1 244.4 187.3 143.7 161.5 172.0 182.3 188.6 217.5 212.2 209.5 225.4 223.2 250.6 237.6 307.4 337.5 395.7 431.3 445.6 425.9
-9999.0 -9999.0 -9999.0 -9999.0 -9999.0 -9999.0 -9999.0 -9999.0 -9999.0 -9999.0 -9999.0 -9999.0 -9999.0 -9999.0 -9999.0 -9999.0 -9999.0 -9999.0 -9999.0 -9999.0 -9999.0 -9999.0 -9999.0 -9999.0 -9999.0 -9999.0 -9999.0 -9999.0 -9999.0 -9999.0 -9999.0 -9999.0 -9999.0 -9999.0 -9999.0 -9999.0 -9999.0 -9999.0 -9999.0 -9999.0 -9999.0 -9999.0 -9999.0 -9999.0 -9999.0 -9999.0 -9999.0 -9999.0 -9999.0 -9999.0 286.5 377.7 345.6 351.4 270.0 200.3 191.6 175.8 181.9 156.8 174.6 194.6 194.2 171.6 175.7 186.2 205.8 233.8 282.2 396.4 425.3 543.2 574.2 507.8
-9999.0 -9999.0 -9999.0 -9999.0 -9999.0 -9999.0 -9999.0 -9999.0 -9999.0 -9999.0 -9999.0 -9999.0 -9999.0 -9999.0 -9999.0 -9999.0 -9999.0 -9999.0 -9999.0 -9999.0 -9999.0 -9999.0 -9999.0 -9999.0 -9999.0 -9999.0 -9999.0 -9999.0 -9999.0 -9999.0 -9999.0 -9999.0 -9999.0 -9999.0 -9999.0 -9999.0 -9999.0 -9999.0 -9999.0 -9999.0 -9999.0 -9999.0 -9999.0 -9999.0 -9999.0 -9999.0 -9999.0 -9999.0 -9999.0 -9999.0 388.3 454.8 426.7 392.3 309.3 248.8 172.1 188.8 191.3 162.6 179.0 178.5 150.7 172.6 179.9 193.6 233.3 277.3 361.3 277.8 410.8 537.6 611.1 525.9
-9999.0 -9999.0 -9999.0 -9999.0 -9999.0 -9999.0 -9999.0 -9999.0 -9999.0 -9999.0 -9999.0 -9999.0 -9999.0 -9999.0 -9999.0 -9999.0 -9999.0 -9999.0 -9999.0 -9999.0 -9999.0 -9999.0 -9999.0 -9999.0 -9999.0 -9999.0 -9999.0 -9999.0 -9999.0 -9999.0 -9999.0 -9999.0 -9999.0 -9999.0 -9999.0 -9999.0 -9999.0 -9999.0 -9999.0 -9999.0 -9999.0 -9999.0 -9999.0 -9999.0 -9999.0 -9999.0 -9999.0 -9999.0 -9999.0 -9999.0 -9999.0 -9999.0 -9999.0 377.1 303.7 233.8 201.2 200.7 178.3 202.2 252.4 198.2 261.6 251.0 250.9 250.8 289.1 266.7 336.3 337.6 334.0 389.9 418.3 413.8
-9999.0 -9999.0 -9999.0 -9999.0 -9999.0 -9999.0 -9999.0 -9999.0 -9999.0 -9999.0 -9999.0 -9999.0 -9999.0 -9999.0 -9999.0 -9999.0 -9999.0 -9999.0 -9999.0 -9999.0 -9999.0 -9999.0 -9999.0 -9999.0 -9999.0 -9999.0 -9999.0 -9999.0 -9999.0 -9999.0 -9999.0 -9999.0 -9999.0 -9999.0 -9999.0 -9999.0 -9999.0 -9999.0 -9999.0 -9999.0 -9999.0 -9999.0 -9999.0 -9999.0 -9999.0 -9999.0 -9999.0 -9999.0 -9999.0 -9999.0 -9999.0 -9999.0 -9999.0 378.3 302.4 299.2 208.1 183.4 230.5 310.7 321.2 277.2 399.7 314.0 316.2 296.4 193.5 324.5 222.1 228.5 244.1 306.2 337.7 397.9
-9999.0 -9999.0 -9999.0 -9999.0 -9999.0 -9999.0 -9999.0 -9999.0 -9999.0 -9999.0 -9999.0 -9999.0 -9999.0 -9999.0 -9999.0 -9999.0 -9999.0 -9999.0 -9999.0 -9999.0 -9999.0 -9999.0 -9999.0 -9999.0 -9999.0 -9999.0 -9999.0 -9999.0 -9999.0 -9999.0 -9999.0 -9999.0 -9999.0 -9999.0 -9999.0 -9999.0 -9999.0 -9999.0 -9999.0 -9999.0 -9999.0 -9999.0 -9999.0 -9999.0 -9999.0 -9999.0 -9999.0 -9999.0 -9999.0 -9999.0 -9999.0 -9999.0 -9999.0 372.1 271.2 284.5 233.0 207.8 256.7 321.0 420.5 441.6 524.8 524.4 270.5 -9999.0 -9999.0 -9999.0 234.4 199.6 294.0 440.8 546.4 599.4
-9999.0 -9999.0 -9999.0 -9999.0 -9999.0 -9999.0 -9999.0 -9999.0 -9999.0 -9999.0 -9999.0 -9999.0 -9999.0 -9999.0 -9999.0 -9999.0 -9999.0 -9999.0 -9999.0 -9999.0 -9999.0 -9999.0 -9999.0 -9999.0 -9999.0 -9999.0 -9999.0 -9999.0 -9999.0 -9999.0 -9999.0 -9999.0 -9999.0 -9999.0 -9999.0 -9999.0 -9999.0 -9999.0 -9999.0 -9999.0 -9999.0 -9999.0 -9999.0 -9999.0 -9999.0 -9999.0 -9999.0 -9999.0 -9999.0 -9999.0 -9999.0 -9999.0 -9999.0 -9999.0 312.5 269.3 199.7 180.0 263.3 367.5 296.6 -9999.0 -9999.0 -9999.0 -9999.0 -9999.0 -9999.0 -9999.0 202.0 281.4 458.6 662.0 802.1 738.4
-9999.0 -9999.0 -9999.0 -9999.0 -9999.0 -9999.0 -9999.0 -9999.0 -9999.0 -9999.0 -9999.0 -9999.0 -9999.0 -9999.0 -9999.0 -9999.0 -9999.0 -9999.0 -9999.0 -9999.0 -9999.0 -9999.0 -9999.0 -9999.0 -9999.0 -9999.0 -9999.0 -9999.0 -9999.0 -9999.0 -9999.0 -9999.0 -9999.0 -9999.0 -9999.0 -9999.0 -9999.0 -9999.0 -9999.0 -9999.0 -9999.0 -9999.0 -9999.0 -9999.0 -9999.0 -9999.0 -9999.0 -9999.0 -9999.0 -9999.0 -9999.0 -9999.0 -9999.0 -9999.0 -9999.0 233.9 270.0 206.7 196.5 280.6 308.3 -9999.0 -9999.0 -9999.0 -9999.0 -9999.0 -9999.0 -9999.0 -9999.0 -9999.0 524.5 -9999.0 -9999.0 -9999.0
