program/excelProcessViaJava/data/SURF_CLI_CHN_PRE_MON_GRID_0.5-200310.txt
NCOLS      128
NROWS       72
XLLCORNER    72.000000000000    
YLLCORNER    18.000000000000    
CELLSIZE    0.50000000000000    
NODATA_VALUE   -9999.000    
[rows 34 to 67 of 72, columns 0 to 77 of 128]
-9999.0 -9999.0 -9999.0 -9999.0 9.9 3.6 5.8 0.5 5.3 3.1 0.1 1.2 0.4 0.6 1.3 1.6 1.3 1.3 0.8 0.4 0.3 0.2 0.2 0.2 1.2 3.9 1.2 1.4 1.1 1.2 1.1 1.7 1.1 1.2 1.3 1.0 1.3 1.5 0.7 0.5 0.4 0.4 0.3 0.4 0.3 0.3 0.3 0.4 0.5 0.9 1.5 1.9 2.7 2.5 3.0 4.9 8.8 16.8 27.3 26.1 35.6 26.1 23.5 24.9 21.7 20.1 25.0 26.7 30.3 35.5 34.9 37.1 40.1 45.9 51.6 56.6 60.6 62.4
-9999.0 -9999.0 -9999.0 -9999.0 -9999.0 -9999.0 -9999.0 0.8 1.6 0.4 4.3 3.8 0.6 1.2 1.4 0.8 0.5 0.4 0.3 0.2 0.5 1.5 1.9 1.5 1.3 1.2 1.5 1.6 1.6 2.1 1.8 1.6 1.4 1.5 1.8 1.2 1.6 1.1 1.4 1.1 0.4 0.7 0.5 0.3 0.3 0.4 0.4 0.5 0.7 1.3 2.2 2.9 3.2 6.1 6.7 5.8 8.1 12.6 24.7 25.8 34.2 24.0 23.1 26.5 30.4 25.1 29.6 35.7 40.9 47.3 52.2 58.2 65.4 72.7 78.2 81.7 84.4 83.2
-9999.0 -9999.0 -9999.0 -9999.0 -9999.0 -9999.0 -9999.0 9.4 0.3 1.6 2.7 0.9 1.9 5.3 2.1 8.5 1.9 1.6 4.5 1.3 1.1 2.4 1.6 1.6 1.3 1.3 1.2 2.0 1.2 1.0 1.6 1.5 1.4 1.9 1.3 1.4 1.1 1.3 1.1 0.8 0.7 0.5 0.5 1.0 0.5 0.5 0.6 0.8 1.5 1.9 3.7 4.3 5.1 6.5 10.3 10.4 13.1 17.8 24.7 30.6 30.8 33.8 32.5 39.0 37.8 37.4 41.4 50.9 61.3 72.8 79.8 88.7 97.3 104.1 108.6 107.7 105.5 105.0
-9999.0 -9999.0 -9999.0 -9999.0 -9999.0 -9999.0 -9999.0 -9999.0 -9999.0 1.5 1.0 0.6 3.3 2.9 1.8 1.3 2.8 10.3 3.6 7.2 3.2 1.6 1.4 1.4 1.3 1.1 1.3 1.3 0.9 1.7 0.8 1.0 1.1 1.4 1.1 1.1 1.1 1.2 1.1 1.0 0.8 0.8 0.8 0.9 1.2 1.4 1.8 2.2 2.9 3.9 5.4 6.7 8.5 11.0 14.8 17.6 20.4 23.5 29.6 33.2 38.1 47.3 55.6 49.6 55.4 54.9 60.8 76.5 84.2 97.8 103.2 110.9 117.6 122.8 125.2 130.1 128.6 125.9
-9999.0 -9999.0 -9999.0 -9999.0 -9999.0 -9999.0 -9999.0 -9999.0 -9999.0 -9999.0 -9999.0 4.0 0.4 4.6 2.4 3.4 2.7 2.2 1.9 2.5 3.9 2.1 2.2 1.4 3.0 1.7 2.0 1.7 1.3 1.0 1.0 1.6 1.0 1.2 1.1 1.9 1.4 1.5 2.5 1.5 1.7 1.5 1.6 1.9 2.9 3.2 4.6 4.9 6.2 7.6 9.5 12.0 14.8 18.2 22.3 26.1 30.4 34.6 37.8 41.6 49.6 55.4 62.3 67.9 74.1 67.0 76.1 90.3 96.7 101.7 106.1 109.7 114.0 120.6 134.9 139.8 140.5 129.9
-9999.0 -9999.0 -9999.0 -9999.0 -9999.0 -9999.0 -9999.0 -9999.0 -9999.0 -9999.0 -9999.0 -9999.0 0.6 0.6 3.7 1.8 7.6 3.0 2.9 7.0 1.4 1.9 1.9 1.3 6.5 1.5 1.0 1.6 1.2 2.0 1.1 1.0 1.1 1.6 1.8 1.7 2.9 2.1 2.0 2.1 2.3 2.6 3.1 4.1 5.3 6.8 8.5 9.5 11.3 13.7 17.2 21.0 25.0 28.8 31.5 34.7 39.2 44.9 48.8 56.5 61.5 70.6 77.5 80.8 78.4 87.6 73.8 81.0 86.2 91.5 89.0 96.6 106.6 116.8 117.8 115.7 110.7 114.6
-9999.0 -9999.0 -9999.0 -9999.0 -9999.0 -9999.0 -9999.0 -9999.0 -9999.0 -9999.0 -9999.0 -9999.0 6.7 0.4 0.3 2.5 0.6 1.2 4.0 2.9 2.4 3.2 2.5 1.3 0.7 1.0 0.9 0.6 0.8 0.6 0.9 1.6 1.3 1.4 1.9 1.9 3.0 3.4 3.3 3.5 3.7 4.3 5.8 6.9 9.3 12.2 14.3 16.5 19.3 22.5 27.7 33.2 38.4 39.4 41.5 41.4 46.5 52.6 61.1 66.3 72.3 78.7 86.5 94.3 73.1 77.5 50.1 55.8 61.2 72.0 89.9 111.2 116.8 97.2 97.2 96.3 101.4 102.3
-9999.0 -9999.0 -9999.0 -9999.0 -9999.0 -9999.0 -9999.0 -9999.0 -9999.0 -9999.0 -9999.0 -9999.0 -9999.0 1.6 5.5 0.4 1.8 0.8 0.7 0.9 1.5 0.8 2.1 0.7 0.9 2.2 1.8 2.4 1.2 0.9 0.6 0.7 1.6 1.9 1.6 2.2 2.9 4.0 7.8 6.0 6.3 7.5 8.7 11.6 13.8 17.6 21.3 24.4 27.6 32.1 38.8 46.6 50.4 45.6 43.1 41.8 45.7 52.6 62.3 74.0 83.3 86.5 91.6 75.5 42.2 49.5 54.0 51.5 62.5 72.8 87.9 90.9 92.3 93.8 96.0 88.8 90.2 101.5
-9999.0 -9999.0 -9999.0 -9999.0 -9999.0 -9999.0 -9999.0 -9999.0 -9999.0 -9999.0 -9999.0 -9999.0 2.3 7.6 4.7 1.0 5.6 2.2 2.0 0.4 0.5 0.6 1.0 0.7 0.6 1.7 1.0 0.6 0.5 0.6 0.6 0.5 1.7 1.5 2.3 2.7 4.6 4.7 5.8 7.2 11.1 14.4 17.2 14.5 18.5 22.6 26.8 30.5 34.2 39.8 46.5 51.2 54.1 48.4 42.1 37.2 38.0 49.5 57.2 68.5 81.1 92.7 89.0 94.9 67.2 47.3 37.6 49.8 70.5 92.4 103.1 105.5 105.6 105.9 100.1 98.8 109.9 115.9
-9999.0 -9999.0 -9999.0 -9999.0 -9999.0 -9999.0 -9999.0 -9999.0 -9999.0 -9999.0 -9999.0 -9999.0 7.2 0.4 1.0 12.7 7.6 0.7 0.6 1.8 0.4 1.2 1.1 0.9 0.5 0.3 0.3 0.3 0.3 0.2 0.3 0.5 1.4 1.3 2.1 3.3 4.5 6.4 8.0 8.8 10.8 12.5 15.0 18.3 22.0 26.2 31.2 34.3 38.4 44.2 50.5 52.4 51.6 45.5 37.7 32.8 29.7 36.7 47.2 65.1 82.1 97.0 71.3 53.3 43.8 25.4 37.6 46.1 68.0 93.9 112.5 121.1 119.4 111.2 99.0 85.1 97.5 77.8
-9999.0 -9999.0 -9999.0 -9999.0 -9999.0 -9999.0 -9999.0 -9999.0 -9999.0 -9999.0 -9999.0 -9999.0 0.4 4.9 0.4 0.9 0.7 6.8 1.8 1.8 5.8 5.7 1.4 2.1 0.9 1.7 0.6 1.2 0.2 0.2 0.2 0.8 0.7 1.2 2.3 4.0 6.0 8.5 10.4 13.3 14.4 15.6 22.7 20.7 25.1 31.1 34.6 34.8 39.1 44.6 47.5 48.3 47.6 45.0 34.8 32.1 28.2 34.7 46.8 53.0 63.8 71.7 104.7 44.9 20.4 21.9 25.7 44.0 74.6 103.8 122.9 135.3 129.3 117.8 129.5 80.9 82.6 58.0
-9999.0 -9999.0 -9999.0 -9999.0 -9999.0 -9999.0 -9999.0 -9999.0 -9999.0 -9999.0 -9999.0 -9999.0 -9999.0 22.4 13.1 1.5 2.1 1.1 4.3 5.6 16.2 3.5 5.3 5.5 1.0 0.9 0.4 0.2 0.3 0.1 0.4 0.4 1.1 1.6 3.2 7.3 9.6 11.1 14.3 15.7 18.0 28.5 34.0 31.7 27.8 29.4 33.3 32.8 36.7 38.6 40.4 38.8 35.2 31.4 33.1 32.9 31.1 35.0 47.8 73.0 76.6 125.9 82.7 25.3 24.0 20.0 25.7 47.8 84.1 119.9 135.9 133.1 126.2 95.3 82.4 63.5 55.6 48.0
-9999.0 -9999.0 -9999.0 -9999.0 -9999.0 -9999.0 -9999.0 -9999.0 -9999.0 -9999.0 -9999.0 -9999.0 -9999.0 0.4 14.3 2.5 13.1 1.6 2.1 4.3 17.2 14.1 13.0 7.0 0.9 1.1 0.7 0.2 0.2 2.1 1.0 1.1 1.0 2.5 6.0 8.8 9.9 13.4 18.6 31.3 24.3 29.6 33.9 35.4 46.1 33.4 32.3 29.5 29.6 29.0 29.4 24.7 26.1 31.0 35.9 34.0 34.2 41.8 58.0 52.2 80.8 48.8 30.5 25.9 17.7 19.2 30.3 55.5 92.3 121.1 130.1 122.3 103.9 85.6 69.8 63.4 63.0 47.0
-9999.0 -9999.0 -9999.0 -9999.0 -9999.0 -9999.0 -9999.0 -9999.0 -9999.0 -9999.0 -9999.0 -9999.0 -9999.0 -9999.0 -9999.0 5.3 3.0 6.7 3.9 2.5 14.0 6.9 5.5 6.0 6.1 3.5 9.6 1.8 4.8 0.3 0.7 0.8 5.3 6.5 6.6 15.7 22.0 11.3 16.8 21.9 34.8 40.8 40.2 37.0 29.8 30.9 29.9 28.6 23.9 19.6 16.2 27.4 17.5 20.8 20.7 30.9 39.9 38.4 71.6 90.5 55.8 33.8 34.5 21.1 15.6 21.8 37.0 58.7 82.8 100.9 103.6 93.9 94.9 79.2 60.9 72.0 65.6 64.2
-9999.0 -9999.0 -9999.0 -9999.0 -9999.0 -9999.0 -9999.0 -9999.0 -9999.0 -9999.0 -9999.0 -9999.0 -9999.0 -9999.0 -9999.0 -9999.0 -9999.0 0.1 0.3 -9999.0 1.1 13.2 4.7 4.6 10.6 6.6 16.5 5.3 0.7 2.8 0.9 0.5 10.6 3.2 3.6 8.6 26.7 5.2 14.7 20.8 29.9 46.3 39.4 33.5 34.3 30.4 81.5 31.9 18.8 15.7 15.2 10.0 18.7 19.0 26.0 33.7 33.8 61.6 77.5 96.7 37.1 32.7 29.0 19.8 16.7 24.4 39.9 53.6 60.3 66.6 61.8 85.8 84.9 59.7 63.2 75.1 69.5 55.4
-9999.0 -9999.0 -9999.0 -9999.0 -9999.0 -9999.0 -9999.0 -9999.0 -9999.0 -9999.0 -9999.0 -9999.0 -9999.0 -9999.0 -9999.0 -9999.0 -9999.0 -9999.0 -9999.0 -9999.0 -9999.0 8.2 15.8 36.0 17.0 4.7 3.8 2.7 2.3 0.5 1.0 0.4 2.0 5.0 4.7 9.5 8.1 7.1 5.6 5.0 8.9 46.0 48.6 38.6 30.1 28.4 108.8 27.5 33.0 111.8 13.0 31.4 28.7 15.6 21.4 36.9 47.3 50.8 100.5 97.7 41.4 33.8 27.1 19.5 20.3 29.7 44.2 50.0 44.5 41.3 44.8 63.2 61.1 52.3 60.1 70.2 67.5 48.1
-9999.0 -9999.0 -9999.0 -9999.0 -9999.0 -9999.0 -9999.0 -9999.0 -9999.0 -9999.0 -9999.0 -9999.0 -9999.0 -9999.0 -9999.0 -9999.0 -9999.0 -9999.0 -9999.0 -9999.0 -9999.0 -9999.0 -9999.0 3.6 15.6 12.0 9.8 9.3 16.1 4.4 6.0 10.2 35.0 22.2 31.8 26.4 33.7 13.7 31.3 42.4 40.3 57.4 32.4 21.9 28.7 105.4 47.3 39.5 51.2 54.9 22.7 28.2 23.1 24.9 19.5 10.1 36.8 67.2 61.3 97.8 69.2 58.6 41.5 23.9 25.0 37.3 52.4 53.0 44.7 35.8 50.0 50.9 55.8 69.0 78.3 82.7 72.3 51.2
-9999.0 -9999.0 -9999.0 -9999.0 -9999.0 -9999.0 -9999.0 -9999.0 -9999.0 -9999.0 -9999.0 -9999.0 -9999.0 -9999.0 -9999.0 -9999.0 -9999.0 -9999.0 -9999.0 -9999.0 -9999.0 -9999.0 -9999.0 -9999.0 -9999.0 4.4 12.3 78.3 55.7 86.5 37.0 18.9 22.6 39.0 29.8 57.9 102.4 33.7 62.5 39.0 73.0 38.3 18.9 22.9 61.3 101.1 87.4 152.5 35.5 51.1 41.5 35.4 42.3 39.2 18.1 14.3 31.4 38.1 75.3 89.6 95.1 82.8 115.6 33.6 33.8 44.9 54.1 51.3 53.0 54.3 43.1 48.3 60.6 82.2 93.6 90.0 66.4 46.1
-9999.0 -9999.0 -9999.0 -9999.0 -9999.0 -9999.0 -9999.0 -9999.0 -9999.0 -9999.0 -9999.0 -9999.0 -9999.0 -9999.0 -9999.0 -9999.0 -9999.0 -9999.0 -9999.0 -9999.0 -9999.0 -9999.0 -9999.0 -9999.0 -9999.0 -9999.0 -9999.0 9.5 9.8 21.5 24.2 27.7 99.5 29.9 69.3 13.5 41.8 36.1 15.7 37.2 61.6 22.9 24.4 48.0 65.8 91.7 119.9 142.6 162.3 102.5 155.7 144.7 47.8 36.8 24.1 25.7 19.0 29.6 59.2 66.8 87.6 89.3 54.3 41.4 55.5 50.3 51.6 49.2 44.5 44.3 46.8 61.9 71.1 85.3 88.7 76.4 59.7 41.8
-9999.0 -9999.0 -9999.0 -9999.0 -9999.0 -9999.0 -9999.0 -9999.0 -9999.0 -9999.0 -9999.0 -9999.0 -9999.0 -9999.0 -9999.0 -9999.0 -9999.0 -9999.0 -9999.0 -9999.0 -9999.0 -9999.0 -9999.0 -9999.0 -9999.0 -9999.0 -9999.0 -9999.0 -9999.0 -9999.0 -9999.0 -9999.0 -9999.0 28.4 80.1 -9999.0 -9999.0 -9999.0 19.5 34.9 23.6 25.0 29.6 48.5 66.1 81.8 -9999.0 -9999.0 -9999.0 -9999.0 -9999.0 -9999.0 77.4 48.0 28.0 18.9 18.7 28.2 36.3 53.0 69.1 78.3 55.8 46.4 50.1 56.5 58.8 58.0 53.0 51.1 58.0 70.0 75.0 75.6 72.7 58.4 50.2 30.3
-9999.0 -9999.0 -9999.0 -9999.0 -9999.0 -9999.0 -9999.0 -9999.0 -9999.0 -9999.0 -9999.0 -9999.0 -9999.0 -9999.0 -9999.0 -9999.0 -9999.0 -9999.0 -9999.0 -9999.0 -9999.0 -9999.0 -9999.0 -9999.0 -9999.0 -9999.0 -9999.0 -9999.0 -9999.0 -9999.0 -9999.0 -9999.0 -9999.0 -9999.0 -9999.0 -9999.0 -9999.0 -9999.0 -9999.0 25.6 28.2 32.4 38.2 45.9 -9999.0 -9999.0 -9999.0 -9999.0 -9999.0 -9999.0 -9999.0 -9999.0 81.3 59.8 31.7 22.2 20.0 21.3 25.7 36.9 51.7 58.7 58.4 43.8 66.2 77.1 78.8 57.5 55.4 66.7 74.7 74.1 70.3 63.9 60.0 48.6 40.3 31.1
-9999.0 -9999.0 -9999.0 -9999.0 -9999.0 -9999.0 -9999.0 -9999.0 -9999.0 -9999.0 -9999.0 -9999.0 -9999.0 -9999.0 -9999.0 -9999.0 -9999.0 -9999.0 -9999.0 -9999.0 -9999.0 -9999.0 -9999.0 -9999.0 -9999.0 -9999.0 -9999.0 -9999.0 -9999.0 -9999.0 -9999.0 -9999.0 -9999.0 -9999.0 -9999.0 -9999.0 -9999.0 -9999.0 -9999.0 -9999.0 -9999.0 -9999.0 -9999.0 -9999.0 -9999.0 -9999.0 -9999.0 -9999.0 -9999.0 -9999.0 -9999.0 -9999.0 109.6 73.0 40.3 30.8 19.6 15.9 17.4 28.2 40.6 45.8 102.2 39.8 54.8 57.1 51.7 51.4 57.3 69.6 77.8 76.0 72.4 60.4 52.8 51.8 43.0 35.6
-9999.0 -9999.0 -9999.0 -9999.0 -9999.0 -9999.0 -9999.0 -9999.0 -9999.0 -9999.0 -9999.0 -9999.0 -9999.0 -9999.0 -9999.0 -9999.0 -9999.0 -9999.0 -9999.0 -9999.0 -9999.0 -9999.0 -9999.0 -9999.0 -9999.0 -9999.0 -9999.0 -9999.0 -9999.0 -9999.0 -9999.0 -9999.0 -9999.0 -9999.0 -9999.0 -9999.0 -9999.0 -9999.0 -9999.0 -9999.0 -9999.0 -9999.0 -9999.0 -9999.0 -9999.0 -9999.0 -9999.0 -9999.0 -9999.0 -9999.0 -9999.0 95.7 104.6 83.4 54.6 33.7 21.6 17.4 16.1 21.2 45.6 50.4 37.0 36.9 44.3 50.4 43.5 41.7 55.5 70.7 82.1 81.1 78.7 75.0 60.1 54.6 39.9 32.3
-9999.0 -9999.0 -9999.0 -9999.0 -9999.0 -9999.0 -9999.0 -9999.0 -9999.0 -9999.0 -9999.0 -9999.0 -9999.0 -9999.0 -9999.0 -9999.0 -9999.0 -9999.0 -9999.0 -9999.0 -9999.0 -9999.0 -9999.0 -9999.0 -9999.0 -9999.0 -9999.0 -9999.0 -9999.0 -9999.0 -9999.0 -9999.0 -9999.0 -9999.0 -9999.0 -9999.0 -9999.0 -9999.0 -9999.0 -9999.0 -9999.0 -9999.0 -9999.0 -9999.0 -9999.0 -9999.0 -9999.0 -9999.0 -9999.0 -9999.0 49.2 114.6 121.9 100.0 63.5 40.9 24.4 18.4 18.2 32.1 44.6 56.6 44.9 47.5 51.3 53.0 50.6 43.6 61.1 80.2 88.7 84.1 71.1 57.0 46.8 37.8 36.7 19.4
-9999.0 -9999.0 -9999.0 -9999.0 -9999.0 -9999.0 -9999.0 -9999.0 -9999.0 -9999.0 -9999.0 -9999.0 -9999.0 -9999.0 -9999.0 -9999.0 -9999.0 -9999.0 -9999.0 -9999.0 -9999.0 -9999.0 -9999.0 -9999.0 -9999.0 -9999.0 -9999.0 -9999.0 -9999.0 -9999.0 -9999.0 -9999.0 -9999.0 -9999.0 -9999.0 -9999.0 -9999.0 -9999.0 -9999.0 -9999.0 -9999.0 -9999.0 -9999.0 -9999.0 -9999.0 -9999.0 -9999.0 -9999.0 -9999.0 -9999.0 38.0 148.3 90.3 112.4 79.1 44.2 31.2 23.8 26.4 33.9 44.3 53.5 52.3 60.3 70.2 65.4 59.3 59.6 76.2 98.2 95.3 71.1 47.8 37.3 32.7 28.7 18.7 15.1
-9999.0 -9999.0 -9999.0 -9999.0 -9999.0 -9999.0 -9999.0 -9999.0 -9999.0 -9999.0 -9999.0 -9999.0 -9999.0 -9999.0 -9999.0 -9999.0 -9999.0 -9999.0 -9999.0 -9999.0 -9999.0 -9999.0 -9999.0 -9999.0 -9999.0 -9999.0 -9999.0 -9999.0 -9999.0 -9999.0 -9999.0 -9999.0 -9999.0 -9999.0 -9999.0 -9999.0 -9999.0 -9999.0 -9999.0 -9999.0 -9999.0 -9999.0 -9999.0 -9999.0 -9999.0 -9999.0 -9999.0 -9999.0 -9999.0 -9999.0 29.7 69.0 62.3 141.1 70.8 41.6 41.2 27.4 33.9 35.1 48.4 58.7 60.5 70.0 84.3 83.6 78.3 83.8 100.7 105.7 94.3 57.8 26.2 15.2 11.8 10.0 7.7 10.0
-9999.0 -9999.0 -9999.0 -9999.0 -9999.0 -9999.0 -9999.0 -9999.0 -9999.0 -9999.0 -9999.0 -9999.0 -9999.0 -9999.0 -9999.0 -9999.0 -9999.0 -9999.0 -9999.0 -9999.0 -9999.0 -9999.0 -9999.0 -9999.0 -9999.0 -9999.0 -9999.0 -9999.0 -9999.0 -9999.0 -9999.0 -9999.0 -9999.0 -9999.0 -9999.0 -9999.0 -9999.0 -9999.0 -9999.0 -9999.0 -9999.0 -9999.0 -9999.0 -9999.0 -9999.0 -9999.0 -9999.0 -9999.0 -9999.0 -9999.0 80.7 142.4 114.9 123.0 88.6 67.7 35.3 34.5 38.3 37.3 52.9 53.5 49.6 65.5 79.5 82.7 84.0 90.7 98.3 98.1 72.5 34.5 11.2 3.6 1.7 1.4 2.3 5.9
-9999.0 -9999.0 -9999.0 -9999.0 -9999.0 -9999.0 -9999.0 -9999.0 -9999.0 -9999.0 -9999.0 -9999.0 -9999.0 -9999.0 -9999.0 -9999.0 -9999.0 -9999.0 -9999.0 -9999.0 -9999.0 -9999.0 -9999.0 -9999.0 -9999.0 -9999.0 -9999.0 -9999.0 -9999.0 -9999.0 -9999.0 -9999.0 -9999.0 -9999.0 -9999.0 -9999.0 -9999.0 -9999.0 -9999.0 -9999.0 -9999.0 -9999.0 -9999.0 -9999.0 -9999.0 -9999.0 -9999.0 -9999.0 -9999.0 -9999.0 -9999.0 -9999.0 -9999.0 115.6 96.0 73.1 57.9 54.5 49.0 51.7 96.9 47.1 63.2 58.5 62.8 66.3 72.0 77.9 80.0 67.4 40.6 16.2 3.8 0.6 0.3 0.3 0.6 3.0
-9999.0 -9999.0 -9999.0 -9999.0 -9999.0 -9999.0 -9999.0 -9999.0 -9999.0 -9999.0 -9999.0 -9999.0 -9999.0 -9999.0 -9999.0 -9999.0 -9999.0 -9999.0 -9999.0 -9999.0 -9999.0 -9999.0 -9999.0 -9999.0 -9999.0 -9999.0 -9999.0 -9999.0 -9999.0 -9999.0 -9999.0 -9999.0 -9999.0 -9999.0 -9999.0 -9999.0 -9999.0 -9999.0 -9999.0 -9999.0 -9999.0 -9999.0 -9999.0 -9999.0 -9999.0 -9999.0 -9999.0 -9999.0 -9999.0 -9999.0 -9999.0 -9999.0 -9999.0 155.3 130.2 154.0 96.2 76.5 80.5 114.8 87.5 57.7 76.1 58.2 55.3 52.3 51.1 51.9 40.7 29.5 17.0 8.1 2.4 0.5 0.3 0.3 0.6 1.7
-9999.0 -9999.0 -9999.0 -9999.0 -9999.0 -9999.0 -9999.0 -9999.0 -9999.0 -9999.0 -9999.0 -9999.0 -9999.0 -9999.0 -9999.0 -9999.0 -9999.0 -9999.0 -9999.0 -9999.0 -9999.0 -9999.0 -9999.0 -9999.0 -9999.0 -9999.0 -9999.0 -9999.0 -9999.0 -9999.0 -9999.0 -9999.0 -9999.0 -9999.0 -9999.0 -9999.0 -9999.0 -9999.0 -9999.0 -9999.0 -9999.0 -9999.0 -9999.0 -9999.0 -9999.0 -9999.0 -9999.0 -9999.0 -9999.0 -9999.0 -9999.0 -9999.0 -9999.0 211.5 155.6 190.1 154.0 116.3 110.5 104.2 117.7 87.1 88.5 68.5 44.9 -9999.0 -9999.0 -9999.0 17.6 10.0 9.0 8.0 4.4 1.7 1.1 1.6 2.3 2.6
-9999.0 -9999.0 -9999.0 -9999.0 -9999.0 -9999.0 -9999.0 -9999.0 -9999.0 -9999.0 -9999.0 -9999.0 -9999.0 -9999.0 -9999.0 -9999.0 -9999.0 -9999.0 -9999.0 -9999.0 -9999.0 -9999.0 -9999.0 -9999.0 -9999.0 -9999.0 -9999.0 -9999.0 -9999.0 -9999.0 -9999.0 -9999.0 -9999.0 -9999.0 -9999.0 -9999.0 -9999.0 -9999.0 -9999.0 -9999.0 -9999.0 -9999.0 -9999.0 -9999.0 -9999.0 -9999.0 -9999.0 -9999.0 -9999.0 -9999.0 -9999.0 -9999.0 -9999.0 -9999.0 255.9 231.3 161.8 115.4 128.6 139.3 57.4 -9999.0 -9999.0 -9999.0 -9999.0 -9999.0 -9999.0 -9999.0 5.6 5.5 9.2 12.5 10.5 5.9 5.0 7.0 8.9 7.2
-9999.0 -9999.0 -9999.0 -9999.0 -9999.0 -9999.0 -9999.0 -9999.0 -9999.0 -9999.0 -9999.0 -9999.0 -9999.0 -9999.0 -9999.0 -9999.0 -9999.0 -9999.0 -9999.0 -9999.0 -9999.0 -9999.0 -9999.0 -9999.0 -9999.0 -9999.0 -9999.0 -9999.0 -9999.0 -9999.0 -9999.0 -9999.0 -9999.0 -9999.0 -9999.0 -9999.0 -9999.0 -9999.0 -9999.0 -9999.0 -9999.0 -9999.0 -9999.0 -9999.0 -9999.0 -9999.0 -9999.0 -9999.0 -9999.0 -9999.0 -9999.0 -9999.0 -9999.0 -9999.0 -9999.0 243.6 274.4 156.0 91.0 88.8 57.2 -9999.0 -9999.0 -9999.0 -9999.0 -9999.0 -9999.0 -9999.0 -9999.0 -9999.0 8.7 -9999.0 -9999.0 -9999.0 -9999.0 -9999.0 17.6 -9999.0
-9999.0 -9999.0 -9999.0 -9999.0 -9999.0 -9999.0 -9999.0 -9999.0 -9999.0 -9999.0 -9999.0 -9999.0 -9999.0 -9999.0 -9999.0 -9999.0 -9999.0 -9999.0 -9999.0 -9999.0 -9999.0 -9999.0 -9999.0 -9999.0 -9999.0 -9999.0 -9999.0 -9999.0 -9999.0 -9999.0 -9999.0 -9999.0 -9999.0 -9999.0 -9999.0 -9999.0 -9999.0 -9999.0 -9999.0 -9999.0 -9999.0 -9999.0 -9999.0 -9999.0 -9999.0 -9999.0 -9999.0 -9999.0 -9999.0 -9999.0 -9999.0 -9999.0 -9999.0 -9999.0 -9999.0 -9999.0 -9999.0 -9999.0 111.4 54.6 -9999.0 -9999.0 -9999.0 -9999.0 -9999.0 -9999.0 -9999.0 -9999.0 -9999.0 -9999.0 -9999.0 -9999.0 -9999.0 -9999.0 -9999.0 13.8 15.9 -9999.0
-9999.0 -9999.0 -9999.0 -9999.0 -9999.0 -9999.0 -9999.0 -9999.0 -9999.0 -9999.0 -9999.0 -9999.0 -9999.0 -9999.0 -9999.0 -9999.0 -9999.0 -9999.0 -9999.0 -9999.0 -9999.0 -9999.0 -9999.0 -9999.0 -9999.0 -9999.0 -9999.0 -9999.0 -9999.0 -9999.0 -9999.0 -9999.0 -9999.0 -9999.0 -9999.0 -9999.0 -9999.0 -9999.0 -9999.0 -9999.0 -9999.0 -9999.0 -9999.0 -9999.0 -9999.0 -9999.0 -9999.0 -9999.0 -9999.0 -9999.0 -9999.0 -9999.0 -9999.0 -9999.0 -9999.0 -9999.0 -9999.0 -9999.0 -9999.0 -9999.0 -9999.0 -9999.0 -9999.0 -9999.0 -9999.0 -9999.0 -9999.0 -9999.0 -9999.0 -9999.0 -9999.0 -9999.0 -9999.0 -9999.0 -9999.0 -9999.0 -9999.0 -9999.0
