program/excelProcessViaJava/data/SURF_CLI_CHN_PRE_MON_GRID_0.5-198012.txt
NCOLS      128
NROWS       72
XLLCORNER    72.000000000000    
YLLCORNER    18.000000000000    
CELLSIZE    0.50000000000000    
NODATA_VALUE   -9999.000    
[rows 36 to 71 of 72, columns 0 to 80 of 128]
-9999.0 -9999.0 -9999.0 -9999.0 -9999.0 -9999.0 -9999.0 8.8 1.4 3.6 4.2 2.0 2.4 3.7 1.3 3.6 0.6 0.3 0.9 0.1 0.1 0.2 0.1 0.1 0.1 0.1 0.1 0.2 0.2 0.2 0.3 0.3 0.3 0.4 0.2 0.2 0.1 0.1 0.1 0.1 0.1 0.1 0.1 0.5 0.3 0.2 0.3 0.3 0.4 0.2 0.2 0.1 0.1 0.1 0.1 0.1 0.1 0.1 0.3 0.5 0.3 0.2 0.1 0.1 0.1 0.2 0.2 0.3 0.3 0.7 0.5 0.3 0.3 0.6 0.6 1.0 0.7 0.2 0.1 0.1 0.1
-9999.0 -9999.0 -9999.0 -9999.0 -9999.0 -9999.0 -9999.0 -9999.0 -9999.0 3.5 2.7 1.8 3.4 2.5 1.3 0.7 0.9 2.8 0.6 1.2 0.3 0.1 0.1 0.1 0.1 0.1 0.1 0.1 0.1 0.3 0.2 0.2 0.2 0.2 0.1 0.1 0.1 0.1 0.1 0.1 0.1 0.1 0.1 0.2 0.5 0.7 0.9 0.8 0.6 0.4 0.3 0.2 0.1 0.1 0.3 0.1 0.1 0.1 0.4 0.5 0.6 1.1 1.0 0.1 0.2 0.1 0.1 0.3 0.3 0.5 0.3 0.2 0.1 0.3 0.7 0.1 0.1 0.1 0.1 0.1 0.1
-9999.0 -9999.0 -9999.0 -9999.0 -9999.0 -9999.0 -9999.0 -9999.0 -9999.0 -9999.0 -9999.0 4.5 1.0 3.4 1.7 1.6 1.0 0.5 0.3 0.3 0.4 0.1 0.1 0.1 0.2 0.1 0.1 0.2 0.2 0.2 0.2 0.3 0.2 0.2 0.1 0.2 0.1 0.1 0.1 0.1 0.1 0.1 0.1 0.3 0.7 0.8 1.3 1.1 1.0 0.7 0.4 0.3 0.3 0.4 0.8 0.6 0.2 0.3 0.3 0.5 1.2 1.0 0.6 0.3 0.6 0.1 0.2 0.2 0.3 0.2 0.2 0.1 0.1 0.1 0.2 0.1 0.1 0.2 0.2 0.2 0.1
-9999.0 -9999.0 -9999.0 -9999.0 -9999.0 -9999.0 -9999.0 -9999.0 -9999.0 -9999.0 -9999.0 -9999.0 1.5 1.1 2.4 1.1 2.5 0.8 0.5 1.1 0.1 0.1 0.1 0.1 0.5 0.1 0.1 0.2 0.2 0.4 0.2 0.2 0.2 0.2 0.2 0.1 0.2 0.1 0.1 0.1 0.1 0.1 0.2 0.4 0.6 0.9 1.1 0.7 0.8 0.8 1.0 0.8 0.6 0.6 0.9 1.2 1.1 1.5 0.2 1.3 1.3 2.8 2.9 1.4 0.3 0.8 0.1 0.2 0.3 0.3 0.1 0.1 0.1 0.1 0.1 4.6 1.1 1.3 0.6 2.6 0.2
-9999.0 -9999.0 -9999.0 -9999.0 -9999.0 -9999.0 -9999.0 -9999.0 -9999.0 -9999.0 -9999.0 -9999.0 5.3 1.1 0.6 1.5 0.4 0.4 0.8 0.4 0.2 0.2 0.1 0.1 0.0 0.1 0.1 0.1 0.1 0.1 0.2 0.4 0.2 0.2 0.2 0.1 0.1 0.1 0.1 0.1 0.1 0.2 0.5 0.5 0.8 1.1 0.6 0.5 0.4 0.8 0.9 1.1 0.8 1.1 0.8 1.3 0.8 1.1 0.4 0.6 1.0 1.5 3.1 4.1 0.2 0.4 0.1 0.1 0.3 0.4 0.5 1.3 1.9 0.4 0.7 0.8 1.1 4.7 3.2 1.7 3.3
-9999.0 -9999.0 -9999.0 -9999.0 -9999.0 -9999.0 -9999.0 -9999.0 -9999.0 -9999.0 -9999.0 -9999.0 -9999.0 2.3 3.4 0.7 1.0 0.4 0.3 0.2 0.2 0.1 0.1 0.1 0.1 0.1 0.2 0.4 0.3 0.3 0.2 0.2 0.4 0.3 0.1 0.1 0.1 0.1 0.4 0.3 0.4 0.6 0.7 1.1 1.0 0.8 0.8 0.9 1.1 1.2 1.3 1.0 0.8 2.3 1.8 1.4 0.8 1.2 3.1 2.3 2.5 1.9 2.9 0.5 0.1 0.2 0.3 0.2 0.5 0.5 0.1 0.1 0.3 0.5 1.9 1.7 2.4 2.4 0.9 0.5 1.1
-9999.0 -9999.0 -9999.0 -9999.0 -9999.0 -9999.0 -9999.0 -9999.0 -9999.0 -9999.0 -9999.0 -9999.0 3.5 5.2 3.4 1.3 2.5 1.1 0.7 0.2 0.1 0.1 0.1 0.1 0.1 0.2 0.1 0.1 0.2 0.3 0.3 0.3 0.5 0.3 0.2 0.1 0.2 0.1 0.2 0.4 0.8 1.4 1.8 1.2 1.4 1.4 1.0 0.7 1.0 1.3 2.1 2.5 1.2 1.5 0.9 0.7 1.3 0.2 1.3 1.3 2.0 3.6 2.6 4.4 1.3 0.7 0.0 0.1 1.3 3.1 2.8 1.4 0.8 1.0 1.1 1.2 1.5 1.9 1.5 1.0 1.0
-9999.0 -9999.0 -9999.0 -9999.0 -9999.0 -9999.0 -9999.0 -9999.0 -9999.0 -9999.0 -9999.0 -9999.0 6.2 2.2 2.2 5.6 3.4 0.9 0.6 0.7 0.2 0.3 0.2 0.1 0.1 0.1 0.1 0.1 0.2 0.3 0.3 0.4 0.6 0.3 0.2 0.1 0.1 0.2 0.3 0.5 0.8 1.0 1.2 1.5 1.6 1.8 2.3 2.1 2.1 1.2 1.5 2.2 1.0 0.4 0.3 0.2 0.4 0.9 1.0 3.1 4.9 7.1 1.8 1.2 1.4 0.4 1.1 0.3 0.8 2.2 3.1 2.8 2.0 1.6 2.2 1.7 1.7 3.7 3.2 1.7 1.0
-9999.0 -9999.0 -9999.0 -9999.0 -9999.0 -9999.0 -9999.0 -9999.0 -9999.0 -9999.0 -9999.0 -9999.0 3.1 5.2 2.3 2.2 1.7 3.1 1.4 1.0 1.6 1.3 0.5 0.5 0.3 0.5 0.3 0.6 0.3 0.3 0.4 0.7 0.5 0.3 0.2 0.1 0.1 0.2 0.4 0.7 0.9 0.9 1.6 1.0 1.6 2.4 2.9 2.4 1.8 2.3 2.5 1.5 3.2 2.8 1.0 0.1 0.4 1.0 2.2 2.1 3.1 4.1 11.8 2.6 1.1 0.6 0.9 2.0 4.3 5.5 6.0 6.6 3.9 2.9 10.6 3.2 7.8 3.3 4.0 2.1 0.8
-9999.0 -9999.0 -9999.0 -9999.0 -9999.0 -9999.0 -9999.0 -9999.0 -9999.0 -9999.0 -9999.0 -9999.0 -9999.0 11.2 7.8 3.3 3.0 2.2 2.7 2.6 4.2 1.6 1.7 1.6 0.7 0.7 0.6 0.4 0.5 0.3 0.6 0.6 0.7 0.5 0.3 0.3 0.3 0.4 0.6 0.8 0.9 1.5 1.9 1.7 1.2 1.4 2.4 1.5 3.4 3.6 2.6 2.8 1.5 0.3 0.9 0.9 0.4 0.9 2.4 6.4 7.2 18.9 10.8 2.7 0.4 0.8 2.3 5.9 9.4 14.0 13.6 9.7 6.3 2.4 1.5 1.0 1.3 2.2 3.1 1.7 0.5
-9999.0 -9999.0 -9999.0 -9999.0 -9999.0 -9999.0 -9999.0 -9999.0 -9999.0 -9999.0 -9999.0 -9999.0 -9999.0 4.9 9.1 4.9 7.2 3.3 3.1 3.3 5.5 4.5 4.0 2.8 1.4 1.4 1.2 0.7 0.6 1.3 0.9 0.8 0.6 0.6 0.6 0.4 0.3 0.5 0.7 1.2 0.8 1.0 1.1 1.2 2.6 1.6 1.8 1.3 2.2 2.6 2.8 1.1 1.1 1.1 1.1 0.6 0.5 1.1 3.0 2.9 8.6 5.2 3.3 1.0 0.7 1.7 5.4 10.9 14.8 18.4 19.3 14.3 7.6 3.4 1.6 1.4 2.2 1.1 1.6 1.3 0.4
-9999.0 -9999.0 -9999.0 -9999.0 -9999.0 -9999.0 -9999.0 -9999.0 -9999.0 -9999.0 -9999.0 -9999.0 -9999.0 -9999.0 -9999.0 7.3 6.0 6.4 5.1 4.3 6.4 4.7 4.2 4.0 3.7 3.0 3.7 1.9 2.1 0.6 0.7 0.5 0.9 0.8 0.5 0.7 0.8 0.4 0.5 0.6 0.9 1.1 1.0 0.8 0.4 0.3 1.0 0.4 1.4 0.5 1.0 1.9 0.5 0.3 0.1 0.2 0.4 0.3 3.2 6.9 3.7 3.1 4.3 3.0 2.0 3.1 7.9 13.1 15.1 22.1 22.3 15.9 11.2 5.4 2.3 2.6 1.9 2.7 1.0 1.1 0.8
-9999.0 -9999.0 -9999.0 -9999.0 -9999.0 -9999.0 -9999.0 -9999.0 -9999.0 -9999.0 -9999.0 -9999.0 -9999.0 -9999.0 -9999.0 -9999.0 -9999.0 12.5 7.0 -9999.0 6.3 8.1 6.4 6.0 6.3 5.0 5.6 3.1 1.4 1.3 0.5 0.2 0.9 0.2 0.2 0.3 0.7 0.1 0.3 0.3 0.5 0.9 0.6 0.4 0.1 0.1 0.1 1.2 0.2 0.5 0.1 0.1 0.1 0.2 0.2 0.2 0.1 1.0 2.3 5.4 0.5 2.6 4.8 4.5 4.2 5.4 9.9 16.4 19.1 24.0 19.2 21.0 14.2 6.0 4.4 4.5 3.1 2.0 1.5 1.8 2.3
-9999.0 -9999.0 -9999.0 -9999.0 -9999.0 -9999.0 -9999.0 -9999.0 -9999.0 -9999.0 -9999.0 -9999.0 -9999.0 -9999.0 -9999.0 -9999.0 -9999.0 -9999.0 -9999.0 -9999.0 -9999.0 10.7 11.2 12.9 9.8 7.4 5.7 3.9 2.3 0.8 0.3 0.1 0.1 0.1 0.1 0.2 0.2 0.1 0.1 0.1 0.1 0.6 0.6 0.4 0.1 0.2 0.2 0.1 0.9 7.6 0.1 0.8 0.4 0.1 0.1 0.2 0.3 0.3 4.0 3.2 0.2 1.6 4.1 6.2 6.7 8.6 13.7 22.3 23.6 25.4 22.9 19.2 12.5 8.0 7.4 7.1 6.6 5.1 4.4 5.1 6.3
-9999.0 -9999.0 -9999.0 -9999.0 -9999.0 -9999.0 -9999.0 -9999.0 -9999.0 -9999.0 -9999.0 -9999.0 -9999.0 -9999.0 -9999.0 -9999.0 -9999.0 -9999.0 -9999.0 -9999.0 -9999.0 -9999.0 -9999.0 15.9 13.8 11.9 9.5 6.6 4.6 1.7 0.8 0.5 1.2 0.4 0.6 0.4 0.4 0.1 0.3 0.4 0.3 0.6 0.2 0.1 0.1 0.5 0.0 0.0 0.0 0.0 0.0 0.2 0.1 0.1 0.1 0.1 0.1 0.9 0.1 2.7 1.8 5.4 8.6 7.2 11.6 13.4 18.6 28.7 32.5 27.7 24.3 17.0 13.9 14.1 15.5 15.8 16.6 16.3 14.3 12.8 12.7
-9999.0 -9999.0 -9999.0 -9999.0 -9999.0 -9999.0 -9999.0 -9999.0 -9999.0 -9999.0 -9999.0 -9999.0 -9999.0 -9999.0 -9999.0 -9999.0 -9999.0 -9999.0 -9999.0 -9999.0 -9999.0 -9999.0 -9999.0 -9999.0 -9999.0 22.5 15.5 13.6 8.8 8.1 2.7 0.8 0.5 0.6 0.4 0.8 1.6 0.3 0.5 0.2 0.6 0.2 0.1 0.1 0.2 0.6 0.1 0.7 0.0 0.0 0.1 0.1 0.1 0.1 0.1 0.1 0.1 0.1 1.4 2.6 6.4 12.4 23.4 5.2 11.5 18.4 25.9 34.0 35.0 32.0 21.7 17.8 20.4 21.0 23.7 27.9 30.6 31.0 29.3 22.2 19.2
-9999.0 -9999.0 -9999.0 -9999.0 -9999.0 -9999.0 -9999.0 -9999.0 -9999.0 -9999.0 -9999.0 -9999.0 -9999.0 -9999.0 -9999.0 -9999.0 -9999.0 -9999.0 -9999.0 -9999.0 -9999.0 -9999.0 -9999.0 -9999.0 -9999.0 -9999.0 -9999.0 24.6 19.2 7.7 4.2 2.3 2.7 1.1 1.0 1.5 0.5 0.4 0.3 0.3 0.4 0.1 0.2 0.5 0.5 0.7 1.0 0.9 0.8 0.1 0.3 0.3 0.1 0.1 0.1 0.1 0.1 0.1 1.1 2.3 8.5 16.1 6.1 6.6 13.0 18.1 30.2 33.6 32.4 28.8 24.1 23.1 26.7 25.8 30.4 34.6 37.6 38.8 31.4 25.9 25.0
-9999.0 -9999.0 -9999.0 -9999.0 -9999.0 -9999.0 -9999.0 -9999.0 -9999.0 -9999.0 -9999.0 -9999.0 -9999.0 -9999.0 -9999.0 -9999.0 -9999.0 -9999.0 -9999.0 -9999.0 -9999.0 -9999.0 -9999.0 -9999.0 -9999.0 -9999.0 -9999.0 -9999.0 -9999.0 -9999.0 -9999.0 -9999.0 -9999.0 5.0 1.8 -9999.0 -9999.0 -9999.0 1.4 0.5 0.4 0.5 0.2 1.0 1.3 1.0 -9999.0 -9999.0 -9999.0 -9999.0 -9999.0 -9999.0 0.1 0.2 0.1 0.1 0.1 0.1 0.5 3.0 9.6 15.5 10.4 7.9 9.2 17.3 32.1 40.7 35.4 30.4 28.8 27.9 28.1 29.2 28.6 33.7 40.4 35.9 31.4 30.0 29.8
-9999.0 -9999.0 -9999.0 -9999.0 -9999.0 -9999.0 -9999.0 -9999.0 -9999.0 -9999.0 -9999.0 -9999.0 -9999.0 -9999.0 -9999.0 -9999.0 -9999.0 -9999.0 -9999.0 -9999.0 -9999.0 -9999.0 -9999.0 -9999.0 -9999.0 -9999.0 -9999.0 -9999.0 -9999.0 -9999.0 -9999.0 -9999.0 -9999.0 -9999.0 -9999.0 -9999.0 -9999.0 -9999.0 -9999.0 6.8 5.0 3.9 3.0 2.1 -9999.0 -9999.0 -9999.0 -9999.0 -9999.0 -9999.0 -9999.0 -9999.0 0.1 0.5 0.2 0.1 0.1 0.1 0.7 3.4 8.7 13.1 13.0 9.2 13.3 22.6 38.1 43.4 37.8 35.9 33.8 34.1 35.7 34.6 35.3 35.9 38.4 36.1 40.8 37.0 40.0
-9999.0 -9999.0 -9999.0 -9999.0 -9999.0 -9999.0 -9999.0 -9999.0 -9999.0 -9999.0 -9999.0 -9999.0 -9999.0 -9999.0 -9999.0 -9999.0 -9999.0 -9999.0 -9999.0 -9999.0 -9999.0 -9999.0 -9999.0 -9999.0 -9999.0 -9999.0 -9999.0 -9999.0 -9999.0 -9999.0 -9999.0 -9999.0 -9999.0 -9999.0 -9999.0 -9999.0 -9999.0 -9999.0 -9999.0 -9999.0 -9999.0 -9999.0 -9999.0 -9999.0 -9999.0 -9999.0 -9999.0 -9999.0 -9999.0 -9999.0 -9999.0 -9999.0 0.7 1.0 0.5 1.0 0.6 1.3 3.2 7.3 10.7 13.3 20.4 13.9 19.4 30.6 43.0 46.7 43.5 40.0 39.1 40.8 44.4 44.4 46.0 46.4 46.7 43.3 43.1 49.2 55.3
-9999.0 -9999.0 -9999.0 -9999.0 -9999.0 -9999.0 -9999.0 -9999.0 -9999.0 -9999.0 -9999.0 -9999.0 -9999.0 -9999.0 -9999.0 -9999.0 -9999.0 -9999.0 -9999.0 -9999.0 -9999.0 -9999.0 -9999.0 -9999.0 -9999.0 -9999.0 -9999.0 -9999.0 -9999.0 -9999.0 -9999.0 -9999.0 -9999.0 -9999.0 -9999.0 -9999.0 -9999.0 -9999.0 -9999.0 -9999.0 -9999.0 -9999.0 -9999.0 -9999.0 -9999.0 -9999.0 -9999.0 -9999.0 -9999.0 -9999.0 -9999.0 0.1 0.3 1.3 0.6 1.3 2.4 5.6 8.9 6.8 15.1 16.1 18.0 21.8 30.3 43.2 49.7 40.7 44.1 39.0 40.2 43.2 45.9 49.6 52.5 54.0 55.2 48.1 54.6 59.0 57.3
-9999.0 -9999.0 -9999.0 -9999.0 -9999.0 -9999.0 -9999.0 -9999.0 -9999.0 -9999.0 -9999.0 -9999.0 -9999.0 -9999.0 -9999.0 -9999.0 -9999.0 -9999.0 -9999.0 -9999.0 -9999.0 -9999.0 -9999.0 -9999.0 -9999.0 -9999.0 -9999.0 -9999.0 -9999.0 -9999.0 -9999.0 -9999.0 -9999.0 -9999.0 -9999.0 -9999.0 -9999.0 -9999.0 -9999.0 -9999.0 -9999.0 -9999.0 -9999.0 -9999.0 -9999.0 -9999.0 -9999.0 -9999.0 -9999.0 -9999.0 0.1 0.1 0.6 1.8 1.7 3.4 4.8 7.2 12.5 16.9 16.8 17.7 21.7 29.2 42.3 52.5 55.3 44.3 41.3 31.4 34.5 37.1 41.0 43.2 47.0 52.8 48.2 58.5 47.7 52.4 52.9
-9999.0 -9999.0 -9999.0 -9999.0 -9999.0 -9999.0 -9999.0 -9999.0 -9999.0 -9999.0 -9999.0 -9999.0 -9999.0 -9999.0 -9999.0 -9999.0 -9999.0 -9999.0 -9999.0 -9999.0 -9999.0 -9999.0 -9999.0 -9999.0 -9999.0 -9999.0 -9999.0 -9999.0 -9999.0 -9999.0 -9999.0 -9999.0 -9999.0 -9999.0 -9999.0 -9999.0 -9999.0 -9999.0 -9999.0 -9999.0 -9999.0 -9999.0 -9999.0 -9999.0 -9999.0 -9999.0 -9999.0 -9999.0 -9999.0 -9999.0 0.2 0.8 0.2 1.9 3.6 4.2 3.1 12.9 17.5 16.6 15.4 18.2 22.3 32.1 43.8 44.0 46.3 38.0 33.3 28.1 31.6 37.8 40.0 37.1 36.6 38.7 47.4 43.1 40.9 45.2 36.9
-9999.0 -9999.0 -9999.0 -9999.0 -9999.0 -9999.0 -9999.0 -9999.0 -9999.0 -9999.0 -9999.0 -9999.0 -9999.0 -9999.0 -9999.0 -9999.0 -9999.0 -9999.0 -9999.0 -9999.0 -9999.0 -9999.0 -9999.0 -9999.0 -9999.0 -9999.0 -9999.0 -9999.0 -9999.0 -9999.0 -9999.0 -9999.0 -9999.0 -9999.0 -9999.0 -9999.0 -9999.0 -9999.0 -9999.0 -9999.0 -9999.0 -9999.0 -9999.0 -9999.0 -9999.0 -9999.0 -9999.0 -9999.0 -9999.0 -9999.0 1.3 0.6 0.7 5.5 1.8 2.5 12.9 11.9 20.9 15.2 21.0 23.8 25.2 27.6 35.6 38.2 37.4 35.8 33.0 34.7 36.6 46.0 44.9 43.0 38.8 38.8 46.6 34.7 31.2 24.1 28.0
-9999.0 -9999.0 -9999.0 -9999.0 -9999.0 -9999.0 -9999.0 -9999.0 -9999.0 -9999.0 -9999.0 -9999.0 -9999.0 -9999.0 -9999.0 -9999.0 -9999.0 -9999.0 -9999.0 -9999.0 -9999.0 -9999.0 -9999.0 -9999.0 -9999.0 -9999.0 -9999.0 -9999.0 -9999.0 -9999.0 -9999.0 -9999.0 -9999.0 -9999.0 -9999.0 -9999.0 -9999.0 -9999.0 -9999.0 -9999.0 -9999.0 -9999.0 -9999.0 -9999.0 -9999.0 -9999.0 -9999.0 -9999.0 -9999.0 -9999.0 4.1 5.4 4.2 5.3 5.2 10.3 4.3 13.9 21.9 22.2 32.9 31.9 21.9 26.6 30.2 31.9 36.5 38.5 42.0 33.5 42.2 50.2 51.2 47.7 43.3 41.9 38.8 24.9 20.6 11.3 8.2
-9999.0 -9999.0 -9999.0 -9999.0 -9999.0 -9999.0 -9999.0 -9999.0 -9999.0 -9999.0 -9999.0 -9999.0 -9999.0 -9999.0 -9999.0 -9999.0 -9999.0 -9999.0 -9999.0 -9999.0 -9999.0 -9999.0 -9999.0 -9999.0 -9999.0 -9999.0 -9999.0 -9999.0 -9999.0 -9999.0 -9999.0 -9999.0 -9999.0 -9999.0 -9999.0 -9999.0 -9999.0 -9999.0 -9999.0 -9999.0 -9999.0 -9999.0 -9999.0 -9999.0 -9999.0 -9999.0 -9999.0 -9999.0 -9999.0 -9999.0 -9999.0 -9999.0 -9999.0 10.7 9.2 9.0 12.4 20.6 20.9 29.8 64.6 33.2 50.0 32.6 27.9 27.5 34.7 38.9 45.7 47.4 49.1 53.1 46.6 39.5 35.9 32.0 25.2 13.5 6.9 3.7 2.2
-9999.0 -9999.0 -9999.0 -9999.0 -9999.0 -9999.0 -9999.0 -9999.0 -9999.0 -9999.0 -9999.0 -9999.0 -9999.0 -9999.0 -9999.0 -9999.0 -9999.0 -9999.0 -9999.0 -9999.0 -9999.0 -9999.0 -9999.0 -9999.0 -9999.0 -9999.0 -9999.0 -9999.0 -9999.0 -9999.0 -9999.0 -9999.0 -9999.0 -9999.0 -9999.0 -9999.0 -9999.0 -9999.0 -9999.0 -9999.0 -9999.0 -9999.0 -9999.0 -9999.0 -9999.0 -9999.0 -9999.0 -9999.0 -9999.0 -9999.0 -9999.0 -9999.0 -9999.0 25.8 22.4 32.3 20.1 20.6 29.4 55.1 46.7 42.7 65.4 39.7 33.4 31.1 35.6 42.0 45.2 47.6 46.7 42.8 33.3 26.4 22.9 20.1 12.1 6.9 2.6 1.1 0.4
-9999.0 -9999.0 -9999.0 -9999.0 -9999.0 -9999.0 -9999.0 -9999.0 -9999.0 -9999.0 -9999.0 -9999.0 -9999.0 -9999.0 -9999.0 -9999.0 -9999.0 -9999.0 -9999.0 -9999.0 -9999.0 -9999.0 -9999.0 -9999.0 -9999.0 -9999.0 -9999.0 -9999.0 -9999.0 -9999.0 -9999.0 -9999.0 -9999.0 -9999.0 -9999.0 -9999.0 -9999.0 -9999.0 -9999.0 -9999.0 -9999.0 -9999.0 -9999.0 -9999.0 -9999.0 -9999.0 -9999.0 -9999.0 -9999.0 -9999.0 -9999.0 -9999.0 -9999.0 45.8 37.7 38.6 30.8 27.2 33.2 39.5 57.1 60.9 75.2 63.3 42.0 -9999.0 -9999.0 -9999.0 43.8 40.6 36.2 29.7 22.2 18.2 16.3 13.2 6.1 2.4 6.6 0.4 0.1
-9999.0 -9999.0 -9999.0 -9999.0 -9999.0 -9999.0 -9999.0 -9999.0 -9999.0 -9999.0 -9999.0 -9999.0 -9999.0 -9999.0 -9999.0 -9999.0 -9999.0 -9999.0 -9999.0 -9999.0 -9999.0 -9999.0 -9999.0 -9999.0 -9999.0 -9999.0 -9999.0 -9999.0 -9999.0 -9999.0 -9999.0 -9999.0 -9999.0 -9999.0 -9999.0 -9999.0 -9999.0 -9999.0 -9999.0 -9999.0 -9999.0 -9999.0 -9999.0 -9999.0 -9999.0 -9999.0 -9999.0 -9999.0 -9999.0 -9999.0 -9999.0 -9999.0 -9999.0 -9999.0 57.8 48.0 34.4 30.5 38.9 53.3 46.1 -9999.0 -9999.0 -9999.0 -9999.0 -9999.0 -9999.0 -9999.0 34.4 31.8 28.3 18.4 14.5 14.8 14.7 10.7 5.0 1.3 0.3 -9999.0 0.2
-9999.0 -9999.0 -9999.0 -9999.0 -9999.0 -9999.0 -9999.0 -9999.0 -9999.0 -9999.0 -9999.0 -9999.0 -9999.0 -9999.0 -9999.0 -9999.0 -9999.0 -9999.0 -9999.0 -9999.0 -9999.0 -9999.0 -9999.0 -9999.0 -9999.0 -9999.0 -9999.0 -9999.0 -9999.0 -9999.0 -9999.0 -9999.0 -9999.0 -9999.0 -9999.0 -9999.0 -9999.0 -9999.0 -9999.0 -9999.0 -9999.0 -9999.0 -9999.0 -9999.0 -9999.0 -9999.0 -9999.0 -9999.0 -9999.0 -9999.0 -9999.0 -9999.0 -9999.0 -9999.0 -9999.0 54.7 55.4 40.5 39.3 47.6 50.6 -9999.0 -9999.0 -9999.0 -9999.0 -9999.0 -9999.0 -9999.0 -9999.0 -9999.0 16.7 -9999.0 -9999.0 -9999.0 -9999.0 -9999.0 7.1 -9999.0 -9999.0 -9999.0 -9999.0
-9999.0 -9999.0 -9999.0 -9999.0 -9999.0 -9999.0 -9999.0 -9999.0 -9999.0 -9999.0 -9999.0 -9999.0 -9999.0 -9999.0 -9999.0 -9999.0 -9999.0 -9999.0 -9999.0 -9999.0 -9999.0 -9999.0 -9999.0 -9999.0 -9999.0 -9999.0 -9999.0 -9999.0 -9999.0 -9999.0 -9999.0 -9999.0 -9999.0 -9999.0 -9999.0 -9999.0 -9999.0 -9999.0 -9999.0 -9999.0 -9999.0 -9999.0 -9999.0 -9999.0 -9999.0 -9999.0 -9999.0 -9999.0 -9999.0 -9999.0 -9999.0 -9999.0 -9999.0 -9999.0 -9999.0 -9999.0 -9999.0 -9999.0 45.9 44.3 -9999.0 -9999.0 -9999.0 -9999.0 -9999.0 -9999.0 -9999.0 -9999.0 -9999.0 -9999.0 -9999.0 -9999.0 -9999.0 -9999.0 -9999.0 13.5 10.1 -9999.0 -9999.0 -9999.0 -9999.0
-9999.0 -9999.0 -9999.0 -9999.0 -9999.0 -9999.0 -9999.0 -9999.0 -9999.0 -9999.0 -9999.0 -9999.0 -9999.0 -9999.0 -9999.0 -9999.0 -9999.0 -9999.0 -9999.0 -9999.0 -9999.0 -9999.0 -9999.0 -9999.0 -9999.0 -9999.0 -9999.0 -9999.0 -9999.0 -9999.0 -9999.0 -9999.0 -9999.0 -9999.0 -9999.0 -9999.0 -9999.0 -9999.0 -9999.0 -9999.0 -9999.0 -9999.0 -9999.0 -9999.0 -9999.0 -9999.0 -9999.0 -9999.0 -9999.0 -9999.0 -9999.0 -9999.0 -9999.0 -9999.0 -9999.0 -9999.0 -9999.0 -9999.0 -9999.0 -9999.0 -9999.0 -9999.0 -9999.0 -9999.0 -9999.0 -9999.0 -9999.0 -9999.0 -9999.0 -9999.0 -9999.0 -9999.0 -9999.0 -9999.0 -9999.0 -9999.0 -9999.0 -9999.0 -9999.0 -9999.0 -9999.0
-9999.0 -9999.0 -9999.0 -9999.0 -9999.0 -9999.0 -9999.0 -9999.0 -9999.0 -9999.0 -9999.0 -9999.0 -9999.0 -9999.0 -9999.0 -9999.0 -9999.0 -9999.0 -9999.0 -9999.0 -9999.0 -9999.0 -9999.0 -9999.0 -9999.0 -9999.0 -9999.0 -9999.0 -9999.0 -9999.0 -9999.0 -9999.0 -9999.0 -9999.0 -9999.0 -9999.0 -9999.0 -9999.0 -9999.0 -9999.0 -9999.0 -9999.0 -9999.0 -9999.0 -9999.0 -9999.0 -9999.0 -9999.0 -9999.0 -9999.0 -9999.0 -9999.0 -9999.0 -9999.0 -9999.0 -9999.0 -9999.0 -9999.0 -9999.0 -9999.0 -9999.0 -9999.0 -9999.0 -9999.0 -9999.0 -9999.0 -9999.0 -9999.0 -9999.0 -9999.0 -9999.0 -9999.0 -9999.0 -9999.0 -9999.0 16.7 23.8 33.8 -9999.0 -9999.0 -9999.0
-9999.0 -9999.0 -9999.0 -9999.0 -9999.0 -9999.0 -9999.0 -9999.0 -9999.0 -9999.0 -9999.0 -9999.0 -9999.0 -9999.0 -9999.0 -9999.0 -9999.0 -9999.0 -9999.0 -9999.0 -9999.0 -9999.0 -9999.0 -9999.0 -9999.0 -9999.0 -9999.0 -9999.0 -9999.0 -9999.0 -9999.0 -9999.0 -9999.0 -9999.0 -9999.0 -9999.0 -9999.0 -9999.0 -9999.0 -9999.0 -9999.0 -9999.0 -9999.0 -9999.0 -9999.0 -9999.0 -9999.0 -9999.0 -9999.0 -9999.0 -9999.0 -9999.0 -9999.0 -9999.0 -9999.0 -9999.0 -9999.0 -9999.0 -9999.0 -9999.0 -9999.0 -9999.0 -9999.0 -9999.0 -9999.0 -9999.0 -9999.0 -9999.0 -9999.0 -9999.0 -9999.0 -9999.0 -9999.0 5.0 10.1 21.9 44.7 -9999.0 -9999.0 -9999.0 -9999.0
-9999.0 -9999.0 -9999.0 -9999.0 -9999.0 -9999.0 -9999.0 -9999.0 -9999.0 -9999.0 -9999.0 -9999.0 -9999.0 -9999.0 -9999.0 -9999.0 -9999.0 -9999.0 -9999.0 -9999.0 -9999.0 -9999.0 -9999.0 -9999.0 -9999.0 -9999.0 -9999.0 -9999.0 -9999.0 -9999.0 -9999.0 -9999.0 -9999.0 -9999.0 -9999.0 -9999.0 -9999.0 -9999.0 -9999.0 -9999.0 -9999.0 -9999.0 -9999.0 -9999.0 -9999.0 -9999.0 -9999.0 -9999.0 -9999.0 -9999.0 -9999.0 -9999.0 -9999.0 -9999.0 -9999.0 -9999.0 -9999.0 -9999.0 -9999.0 -9999.0 -9999.0 -9999.0 -9999.0 -9999.0 -9999.0 -9999.0 -9999.0 -9999.0 -9999.0 -9999.0 -9999.0 -9999.0 -9999.0 -9999.0 4.2 19.9 57.4 -9999.0 -9999.0 -9999.0 -9999.0
-9999.0 -9999.0 -9999.0 -9999.0 -9999.0 -9999.0 -9999.0 -9999.0 -9999.0 -9999.0 -9999.0 -9999.0 -9999.0 -9999.0 -9999.0 -9999.0 -9999.0 -9999.0 -9999.0 -9999.0 -9999.0 -9999.0 -9999.0 -9999.0 -9999.0 -9999.0 -9999.0 -9999.0 -9999.0 -9999.0 -9999.0 -9999.0 -9999.0 -9999.0 -9999.0 -9999.0 -9999.0 -9999.0 -9999.0 -9999.0 -9999.0 -9999.0 -9999.0 -9999.0 -9999.0 -9999.0 -9999.0 -9999.0 -9999.0 -9999.0 -9999.0 -9999.0 -9999.0 -9999.0 -9999.0 -9999.0 -9999.0 -9999.0 -9999.0 -9999.0 -9999.0 -9999.0 -9999.0 -9999.0 -9999.0 -9999.0 -9999.0 -9999.0 -9999.0 -9999.0 -9999.0 -9999.0 -9999.0 -9999.0 -9999.0 -9999.0 -9999.0 -9999.0 -9999.0 -9999.0 -9999.0
