program/excelProcessViaJava/data/SURF_CLI_CHN_PRE_MON_GRID_0.5-199806.txt
NCOLS      128
NROWS       72
XLLCORNER    72.000000000000    
YLLCORNER    18.000000000000    
CELLSIZE    0.50000000000000    
NODATA_VALUE   -9999.000    
[rows 34 to 67 of 72, columns 0 to 75 of 128]
-9999.0 -9999.0 -9999.0 -9999.0 35.6 40.2 29.5 41.8 21.0 22.0 41.1 23.6 29.0 25.3 25.6 22.3 18.5 12.2 7.8 7.3 10.9 13.5 14.0 11.2 4.0 1.5 5.0 5.5 7.4 9.0 11.3 12.0 16.3 19.0 21.0 23.2 23.9 24.6 22.8 17.6 20.1 10.5 9.1 6.9 6.5 6.2 6.1 5.8 5.6 6.3 7.2 12.2 42.9 39.0 37.2 42.4 47.6 63.4 87.2 82.6 113.6 75.9 57.7 49.5 31.6 20.3 20.4 19.3 26.2 40.6 49.6 53.0 52.2 53.1 50.0 55.8
-9999.0 -9999.0 -9999.0 -9999.0 -9999.0 -9999.0 -9999.0 33.7 25.3 30.9 12.6 11.5 22.3 16.1 13.7 22.9 17.0 15.5 12.9 12.3 7.3 2.9 2.2 2.6 3.1 3.6 3.1 3.5 4.4 4.5 6.5 9.0 12.2 14.4 16.3 20.3 21.4 23.6 25.3 27.2 21.1 32.4 32.7 26.3 18.3 10.3 14.5 12.0 15.0 8.1 6.5 9.9 23.2 62.1 59.6 37.5 37.3 44.8 72.7 82.7 100.7 71.6 48.5 46.5 43.7 24.3 20.5 23.6 31.9 44.2 51.1 50.4 52.2 48.4 39.4 46.4
-9999.0 -9999.0 -9999.0 -9999.0 -9999.0 -9999.0 -9999.0 10.9 31.8 18.2 12.5 17.3 11.5 4.4 8.2 1.2 5.9 5.3 1.2 3.7 3.5 1.4 2.0 1.9 2.4 2.4 2.9 1.9 4.0 5.5 4.9 6.7 9.2 10.1 14.9 17.6 20.8 22.7 24.9 26.4 28.5 30.7 35.1 48.6 35.4 24.8 30.9 32.2 47.7 36.8 57.5 50.2 31.6 45.9 64.6 48.1 45.6 50.5 61.5 72.4 83.2 85.4 56.9 54.4 41.1 27.1 20.7 23.5 34.0 31.8 38.2 43.9 48.8 43.6 26.5 38.1
-9999.0 -9999.0 -9999.0 -9999.0 -9999.0 -9999.0 -9999.0 -9999.0 -9999.0 15.5 15.4 16.5 6.2 5.7 7.1 7.4 3.0 0.3 1.2 0.3 0.9 1.7 1.9 1.8 2.0 2.5 2.0 2.2 3.7 2.3 6.2 6.4 8.2 9.3 14.3 17.2 20.3 22.6 25.0 27.6 29.1 33.6 36.6 39.2 49.5 53.7 57.1 56.5 56.9 53.6 56.4 47.8 44.5 49.2 69.1 63.5 54.4 53.1 60.2 63.4 72.4 78.8 75.2 46.0 41.2 28.9 23.0 24.6 31.2 26.5 31.0 34.5 41.6 39.6 33.1 17.8
-9999.0 -9999.0 -9999.0 -9999.0 -9999.0 -9999.0 -9999.0 -9999.0 -9999.0 -9999.0 -9999.0 4.9 16.3 2.6 4.3 2.2 2.2 2.2 1.9 1.1 0.6 1.0 0.9 1.4 0.5 1.1 0.9 1.1 1.6 2.7 3.7 2.9 6.6 8.6 12.6 12.9 19.4 23.1 26.2 29.5 34.3 36.4 39.6 44.8 66.1 63.4 85.7 77.0 79.7 71.0 54.9 51.2 52.5 64.3 79.5 85.2 82.3 77.3 68.0 67.5 74.2 72.1 60.2 46.1 41.2 30.8 26.6 27.7 28.4 27.5 26.9 31.2 33.2 27.0 12.4 16.5
-9999.0 -9999.0 -9999.0 -9999.0 -9999.0 -9999.0 -9999.0 -9999.0 -9999.0 -9999.0 -9999.0 -9999.0 11.5 10.2 1.9 3.5 0.4 1.1 0.9 0.2 1.5 1.0 0.9 1.3 0.1 1.0 1.7 0.8 1.2 0.7 2.0 3.4 4.8 5.1 8.0 13.3 15.0 23.7 28.8 31.6 34.0 38.2 44.7 58.6 70.2 85.7 101.0 89.8 90.7 84.3 84.9 73.0 64.0 68.8 86.0 99.4 102.9 97.3 82.0 84.6 83.4 79.9 69.5 51.2 38.5 36.8 33.0 30.8 29.3 27.9 25.2 21.1 16.8 13.5 18.1 33.7
-9999.0 -9999.0 -9999.0 -9999.0 -9999.0 -9999.0 -9999.0 -9999.0 -9999.0 -9999.0 -9999.0 -9999.0 1.1 10.8 11.6 1.8 5.7 2.5 0.4 0.6 0.6 0.3 0.5 1.1 2.4 1.3 1.3 2.6 1.5 2.7 1.5 1.1 2.8 5.0 7.0 12.9 15.6 23.2 31.7 37.1 39.5 43.4 58.3 62.3 86.4 111.3 111.7 110.0 91.8 99.3 85.9 79.3 69.3 81.7 93.9 111.3 116.0 111.2 102.8 98.8 93.3 83.1 72.7 60.4 43.7 40.4 30.3 26.8 28.8 30.6 30.0 32.3 34.2 30.9 28.6 28.1
-9999.0 -9999.0 -9999.0 -9999.0 -9999.0 -9999.0 -9999.0 -9999.0 -9999.0 -9999.0 -9999.0 -9999.0 -9999.0 3.9 0.7 7.7 1.5 2.9 2.6 1.8 0.9 1.7 0.5 2.0 1.5 0.3 0.3 0.1 0.5 0.8 1.9 2.7 1.3 2.3 8.5 12.6 19.0 26.2 29.6 42.8 49.3 57.2 64.9 86.2 97.0 111.6 136.4 147.8 142.9 125.9 107.6 84.0 78.4 105.5 111.3 122.2 127.4 123.0 111.9 108.1 99.6 88.4 75.1 56.4 47.8 44.9 39.0 30.0 33.6 39.3 47.4 43.1 33.2 28.6 28.9 26.9
-9999.0 -9999.0 -9999.0 -9999.0 -9999.0 -9999.0 -9999.0 -9999.0 -9999.0 -9999.0 -9999.0 -9999.0 2.9 0.5 0.7 3.1 0.3 0.8 0.7 3.1 2.5 2.0 1.1 1.6 2.3 0.4 0.6 1.1 1.1 0.9 1.3 3.6 1.0 3.4 5.0 11.7 14.7 30.8 41.1 48.5 57.1 70.8 88.1 84.9 110.2 135.2 147.9 143.4 147.9 141.0 139.8 132.4 105.0 116.9 124.3 135.5 137.0 139.0 127.3 123.0 106.2 89.2 78.2 66.3 56.1 50.2 28.0 28.1 41.1 43.4 43.6 43.0 39.1 36.6 30.8 29.3
-9999.0 -9999.0 -9999.0 -9999.0 -9999.0 -9999.0 -9999.0 -9999.0 -9999.0 -9999.0 -9999.0 -9999.0 0.6 7.0 3.3 0.0 0.1 2.0 1.8 0.5 2.5 0.7 0.9 1.0 2.4 3.6 2.9 2.8 2.4 3.9 4.5 3.4 1.1 6.3 8.8 11.1 22.2 31.2 43.6 54.0 60.3 65.6 73.7 90.0 113.4 143.4 178.4 187.1 184.7 147.1 146.4 154.8 133.3 133.2 144.5 152.6 152.3 143.8 138.7 121.7 107.2 93.5 88.5 73.6 62.8 52.7 51.0 41.5 51.5 64.3 67.9 64.2 57.5 47.0 51.9 53.4
-9999.0 -9999.0 -9999.0 -9999.0 -9999.0 -9999.0 -9999.0 -9999.0 -9999.0 -9999.0 -9999.0 -9999.0 9.3 0.7 5.4 2.3 2.0 0.1 0.5 0.4 0.0 0.0 0.5 0.2 0.8 0.2 0.6 0.1 3.2 4.0 5.0 1.0 6.1 10.8 11.9 12.6 20.3 31.0 46.3 54.5 66.4 71.5 93.4 78.9 115.9 159.0 186.9 189.3 173.9 183.8 188.9 170.6 197.3 189.5 176.0 168.4 164.1 152.2 140.9 138.7 128.1 113.3 92.7 81.1 64.7 60.7 64.3 77.1 90.5 105.0 116.0 97.8 95.2 94.5 100.3 107.7
-9999.0 -9999.0 -9999.0 -9999.0 -9999.0 -9999.0 -9999.0 -9999.0 -9999.0 -9999.0 -9999.0 -9999.0 -9999.0 0.0 0.1 1.3 0.7 1.0 0.1 0.1 0.0 0.1 0.0 0.0 0.7 0.6 1.0 2.7 1.2 9.0 1.6 3.6 3.0 9.8 8.9 4.1 10.6 31.5 43.6 60.8 74.1 86.5 106.4 121.2 117.0 137.0 171.6 148.6 203.8 211.7 196.5 219.9 208.8 188.8 199.6 186.9 167.7 157.8 149.8 138.7 133.3 115.8 110.0 77.2 67.0 70.3 85.5 112.7 138.0 148.7 168.2 183.7 169.7 224.3 214.3 236.9
-9999.0 -9999.0 -9999.0 -9999.0 -9999.0 -9999.0 -9999.0 -9999.0 -9999.0 -9999.0 -9999.0 -9999.0 -9999.0 9.8 0.1 0.9 0.0 0.9 0.5 0.1 0.0 0.0 0.0 0.0 1.1 0.6 0.6 3.8 3.8 0.1 0.5 1.1 6.8 6.9 3.0 5.2 18.8 31.1 36.9 38.2 73.7 93.0 112.3 126.9 146.4 145.2 153.9 132.6 160.9 179.2 207.8 179.2 218.6 226.6 219.0 197.9 171.7 163.6 160.8 165.5 152.1 140.8 87.9 93.3 86.2 90.2 116.8 163.6 194.0 211.6 217.3 225.3 252.2 282.3 308.1 294.6
-9999.0 -9999.0 -9999.0 -9999.0 -9999.0 -9999.0 -9999.0 -9999.0 -9999.0 -9999.0 -9999.0 -9999.0 -9999.0 -9999.0 -9999.0 0.5 0.8 0.2 0.4 0.7 0.0 0.1 0.1 0.1 0.1 0.1 0.0 0.2 0.0 2.8 1.3 4.1 0.6 1.3 6.5 1.7 3.0 43.4 41.7 51.0 57.9 79.6 106.2 125.2 128.5 120.3 131.3 96.0 134.7 94.4 146.4 211.9 200.7 217.6 179.2 198.5 183.9 181.2 179.1 177.0 169.6 106.5 121.6 122.8 114.7 128.7 180.9 259.4 288.7 251.8 233.0 228.7 247.4 288.2 305.2 293.0
-9999.0 -9999.0 -9999.0 -9999.0 -9999.0 -9999.0 -9999.0 -9999.0 -9999.0 -9999.0 -9999.0 -9999.0 -9999.0 -9999.0 -9999.0 -9999.0 -9999.0 67.7 19.9 -9999.0 6.9 0.0 0.9 0.9 0.0 0.2 0.0 0.1 2.6 0.4 4.1 20.9 0.4 26.9 54.3 17.8 2.8 71.4 37.1 43.0 53.3 65.0 94.2 117.5 173.3 133.5 174.6 131.3 85.3 108.5 71.3 119.1 110.3 201.5 211.8 207.4 189.1 201.6 202.5 203.8 134.3 102.2 119.0 130.2 131.7 158.9 239.2 317.6 344.2 285.7 252.2 214.5 238.4 244.1 258.6 268.9
-9999.0 -9999.0 -9999.0 -9999.0 -9999.0 -9999.0 -9999.0 -9999.0 -9999.0 -9999.0 -9999.0 -9999.0 -9999.0 -9999.0 -9999.0 -9999.0 -9999.0 -9999.0 -9999.0 -9999.0 -9999.0 1.2 0.2 0.0 0.1 4.5 4.5 5.1 4.2 21.8 17.4 75.3 56.9 41.9 64.1 24.4 33.5 41.9 55.2 77.3 77.6 53.1 74.5 101.3 203.5 126.5 255.9 98.6 122.7 198.0 87.2 165.7 177.6 130.9 175.5 209.1 216.1 216.3 229.9 231.7 133.3 124.2 109.4 119.0 146.3 195.7 286.1 343.7 369.2 296.5 226.3 205.7 208.2 188.4 202.1 230.4
-9999.0 -9999.0 -9999.0 -9999.0 -9999.0 -9999.0 -9999.0 -9999.0 -9999.0 -9999.0 -9999.0 -9999.0 -9999.0 -9999.0 -9999.0 -9999.0 -9999.0 -9999.0 -9999.0 -9999.0 -9999.0 -9999.0 -9999.0 50.8 2.4 5.5 7.5 5.8 0.7 17.3 15.8 14.6 0.8 11.6 5.6 10.7 7.4 29.3 16.1 18.6 30.6 41.0 75.0 124.5 228.3 381.1 191.2 129.7 117.5 100.1 63.4 116.7 77.3 112.1 120.5 122.1 209.4 239.1 231.7 252.8 224.4 214.5 182.8 132.0 143.4 203.5 286.0 319.2 232.7 249.5 202.1 206.8 197.9 212.3 224.3 277.0
-9999.0 -9999.0 -9999.0 -9999.0 -9999.0 -9999.0 -9999.0 -9999.0 -9999.0 -9999.0 -9999.0 -9999.0 -9999.0 -9999.0 -9999.0 -9999.0 -9999.0 -9999.0 -9999.0 -9999.0 -9999.0 -9999.0 -9999.0 -9999.0 -9999.0 194.3 51.3 0.0 0.1 0.0 2.6 40.6 53.2 23.9 45.4 8.2 1.2 22.4 10.9 25.2 22.1 49.8 239.4 236.9 413.4 458.2 329.9 377.5 100.9 101.9 104.9 84.5 118.0 121.8 88.9 121.5 196.6 221.3 259.4 267.1 273.0 265.5 241.2 156.2 161.5 189.3 200.7 143.1 140.8 163.6 203.6 225.0 204.4 247.3 275.9 329.5
-9999.0 -9999.0 -9999.0 -9999.0 -9999.0 -9999.0 -9999.0 -9999.0 -9999.0 -9999.0 -9999.0 -9999.0 -9999.0 -9999.0 -9999.0 -9999.0 -9999.0 -9999.0 -9999.0 -9999.0 -9999.0 -9999.0 -9999.0 -9999.0 -9999.0 -9999.0 -9999.0 344.7 366.8 120.2 118.5 129.5 5.5 173.0 41.1 324.0 61.6 59.9 134.1 52.5 38.2 116.3 329.7 512.6 527.1 537.8 517.8 456.3 378.9 181.5 190.7 145.4 82.4 82.6 98.8 150.5 176.5 224.2 263.9 265.7 276.7 275.8 227.6 187.8 154.1 147.6 154.6 146.5 143.5 165.4 205.0 246.6 230.7 268.9 295.4 344.1
-9999.0 -9999.0 -9999.0 -9999.0 -9999.0 -9999.0 -9999.0 -9999.0 -9999.0 -9999.0 -9999.0 -9999.0 -9999.0 -9999.0 -9999.0 -9999.0 -9999.0 -9999.0 -9999.0 -9999.0 -9999.0 -9999.0 -9999.0 -9999.0 -9999.0 -9999.0 -9999.0 -9999.0 -9999.0 -9999.0 -9999.0 -9999.0 -9999.0 391.0 113.5 -9999.0 -9999.0 -9999.0 345.5 142.6 263.5 385.9 345.6 633.6 672.0 638.9 -9999.0 -9999.0 -9999.0 -9999.0 -9999.0 -9999.0 105.0 122.5 110.8 145.0 198.1 246.0 258.0 248.6 255.1 263.3 223.6 187.4 167.1 165.1 165.6 167.6 175.3 186.9 206.4 249.7 268.7 247.9 276.6 327.0
-9999.0 -9999.0 -9999.0 -9999.0 -9999.0 -9999.0 -9999.0 -9999.0 -9999.0 -9999.0 -9999.0 -9999.0 -9999.0 -9999.0 -9999.0 -9999.0 -9999.0 -9999.0 -9999.0 -9999.0 -9999.0 -9999.0 -9999.0 -9999.0 -9999.0 -9999.0 -9999.0 -9999.0 -9999.0 -9999.0 -9999.0 -9999.0 -9999.0 -9999.0 -9999.0 -9999.0 -9999.0 -9999.0 -9999.0 743.8 740.6 755.3 767.7 766.7 -9999.0 -9999.0 -9999.0 -9999.0 -9999.0 -9999.0 -9999.0 -9999.0 128.0 165.6 156.0 171.2 210.9 243.5 242.0 230.4 222.6 236.9 220.4 179.5 179.6 202.5 225.1 227.0 236.2 271.4 281.1 268.9 228.6 233.7 259.4 312.4
-9999.0 -9999.0 -9999.0 -9999.0 -9999.0 -9999.0 -9999.0 -9999.0 -9999.0 -9999.0 -9999.0 -9999.0 -9999.0 -9999.0 -9999.0 -9999.0 -9999.0 -9999.0 -9999.0 -9999.0 -9999.0 -9999.0 -9999.0 -9999.0 -9999.0 -9999.0 -9999.0 -9999.0 -9999.0 -9999.0 -9999.0 -9999.0 -9999.0 -9999.0 -9999.0 -9999.0 -9999.0 -9999.0 -9999.0 -9999.0 -9999.0 -9999.0 -9999.0 -9999.0 -9999.0 -9999.0 -9999.0 -9999.0 -9999.0 -9999.0 -9999.0 -9999.0 138.4 212.3 189.8 233.3 230.9 252.7 262.3 270.3 253.6 234.3 302.4 185.4 200.3 234.6 247.5 265.7 294.2 325.1 317.6 283.9 304.6 219.5 243.2 408.2
-9999.0 -9999.0 -9999.0 -9999.0 -9999.0 -9999.0 -9999.0 -9999.0 -9999.0 -9999.0 -9999.0 -9999.0 -9999.0 -9999.0 -9999.0 -9999.0 -9999.0 -9999.0 -9999.0 -9999.0 -9999.0 -9999.0 -9999.0 -9999.0 -9999.0 -9999.0 -9999.0 -9999.0 -9999.0 -9999.0 -9999.0 -9999.0 -9999.0 -9999.0 -9999.0 -9999.0 -9999.0 -9999.0 -9999.0 -9999.0 -9999.0 -9999.0 -9999.0 -9999.0 -9999.0 -9999.0 -9999.0 -9999.0 -9999.0 -9999.0 -9999.0 281.9 177.2 231.7 130.2 196.6 218.8 266.2 281.6 290.4 353.3 319.5 216.1 197.0 211.3 233.9 223.4 189.7 300.4 311.5 296.6 269.7 221.1 255.3 370.2 573.4
-9999.0 -9999.0 -9999.0 -9999.0 -9999.0 -9999.0 -9999.0 -9999.0 -9999.0 -9999.0 -9999.0 -9999.0 -9999.0 -9999.0 -9999.0 -9999.0 -9999.0 -9999.0 -9999.0 -9999.0 -9999.0 -9999.0 -9999.0 -9999.0 -9999.0 -9999.0 -9999.0 -9999.0 -9999.0 -9999.0 -9999.0 -9999.0 -9999.0 -9999.0 -9999.0 -9999.0 -9999.0 -9999.0 -9999.0 -9999.0 -9999.0 -9999.0 -9999.0 -9999.0 -9999.0 -9999.0 -9999.0 -9999.0 -9999.0 -9999.0 529.8 340.3 244.4 227.8 149.4 182.3 165.6 179.4 241.9 334.7 369.4 383.2 270.0 234.5 229.0 216.7 223.3 212.2 308.5 292.5 309.0 263.4 296.1 373.0 470.5 514.7
-9999.0 -9999.0 -9999.0 -9999.0 -9999.0 -9999.0 -9999.0 -9999.0 -9999.0 -9999.0 -9999.0 -9999.0 -9999.0 -9999.0 -9999.0 -9999.0 -9999.0 -9999.0 -9999.0 -9999.0 -9999.0 -9999.0 -9999.0 -9999.0 -9999.0 -9999.0 -9999.0 -9999.0 -9999.0 -9999.0 -9999.0 -9999.0 -9999.0 -9999.0 -9999.0 -9999.0 -9999.0 -9999.0 -9999.0 -9999.0 -9999.0 -9999.0 -9999.0 -9999.0 -9999.0 -9999.0 -9999.0 -9999.0 -9999.0 -9999.0 597.6 431.0 305.5 223.2 198.7 149.2 115.2 179.2 218.7 248.3 296.3 344.1 276.8 252.0 241.5 166.6 186.5 194.8 285.9 306.3 340.4 368.2 430.7 531.5 648.2 705.8
-9999.0 -9999.0 -9999.0 -9999.0 -9999.0 -9999.0 -9999.0 -9999.0 -9999.0 -9999.0 -9999.0 -9999.0 -9999.0 -9999.0 -9999.0 -9999.0 -9999.0 -9999.0 -9999.0 -9999.0 -9999.0 -9999.0 -9999.0 -9999.0 -9999.0 -9999.0 -9999.0 -9999.0 -9999.0 -9999.0 -9999.0 -9999.0 -9999.0 -9999.0 -9999.0 -9999.0 -9999.0 -9999.0 -9999.0 -9999.0 -9999.0 -9999.0 -9999.0 -9999.0 -9999.0 -9999.0 -9999.0 -9999.0 -9999.0 -9999.0 612.8 506.6 356.5 345.4 169.9 127.5 205.9 135.7 189.0 155.9 241.4 306.1 277.4 221.2 230.4 211.1 195.5 229.4 291.4 397.7 369.0 462.4 498.9 542.8 594.8 586.1
-9999.0 -9999.0 -9999.0 -9999.0 -9999.0 -9999.0 -9999.0 -9999.0 -9999.0 -9999.0 -9999.0 -9999.0 -9999.0 -9999.0 -9999.0 -9999.0 -9999.0 -9999.0 -9999.0 -9999.0 -9999.0 -9999.0 -9999.0 -9999.0 -9999.0 -9999.0 -9999.0 -9999.0 -9999.0 -9999.0 -9999.0 -9999.0 -9999.0 -9999.0 -9999.0 -9999.0 -9999.0 -9999.0 -9999.0 -9999.0 -9999.0 -9999.0 -9999.0 -9999.0 -9999.0 -9999.0 -9999.0 -9999.0 -9999.0 -9999.0 680.5 594.0 419.9 337.6 247.8 246.8 99.5 140.2 162.7 154.1 214.2 225.5 174.4 207.1 235.5 254.3 305.8 341.0 431.2 296.3 360.6 404.6 468.0 471.6 460.9 442.9
-9999.0 -9999.0 -9999.0 -9999.0 -9999.0 -9999.0 -9999.0 -9999.0 -9999.0 -9999.0 -9999.0 -9999.0 -9999.0 -9999.0 -9999.0 -9999.0 -9999.0 -9999.0 -9999.0 -9999.0 -9999.0 -9999.0 -9999.0 -9999.0 -9999.0 -9999.0 -9999.0 -9999.0 -9999.0 -9999.0 -9999.0 -9999.0 -9999.0 -9999.0 -9999.0 -9999.0 -9999.0 -9999.0 -9999.0 -9999.0 -9999.0 -9999.0 -9999.0 -9999.0 -9999.0 -9999.0 -9999.0 -9999.0 -9999.0 -9999.0 -9999.0 -9999.0 -9999.0 327.0 232.9 185.5 173.1 194.6 161.6 207.4 348.9 219.5 288.3 269.7 268.8 285.6 370.4 361.4 445.8 400.4 319.4 326.9 373.0 401.5 407.8 397.3
-9999.0 -9999.0 -9999.0 -9999.0 -9999.0 -9999.0 -9999.0 -9999.0 -9999.0 -9999.0 -9999.0 -9999.0 -9999.0 -9999.0 -9999.0 -9999.0 -9999.0 -9999.0 -9999.0 -9999.0 -9999.0 -9999.0 -9999.0 -9999.0 -9999.0 -9999.0 -9999.0 -9999.0 -9999.0 -9999.0 -9999.0 -9999.0 -9999.0 -9999.0 -9999.0 -9999.0 -9999.0 -9999.0 -9999.0 -9999.0 -9999.0 -9999.0 -9999.0 -9999.0 -9999.0 -9999.0 -9999.0 -9999.0 -9999.0 -9999.0 -9999.0 -9999.0 -9999.0 386.2 260.6 463.9 215.6 188.0 253.2 387.0 350.5 315.6 470.0 349.4 336.0 334.9 286.7 461.0 369.0 329.6 274.7 307.3 358.1 406.4 421.8 348.2
-9999.0 -9999.0 -9999.0 -9999.0 -9999.0 -9999.0 -9999.0 -9999.0 -9999.0 -9999.0 -9999.0 -9999.0 -9999.0 -9999.0 -9999.0 -9999.0 -9999.0 -9999.0 -9999.0 -9999.0 -9999.0 -9999.0 -9999.0 -9999.0 -9999.0 -9999.0 -9999.0 -9999.0 -9999.0 -9999.0 -9999.0 -9999.0 -9999.0 -9999.0 -9999.0 -9999.0 -9999.0 -9999.0 -9999.0 -9999.0 -9999.0 -9999.0 -9999.0 -9999.0 -9999.0 -9999.0 -9999.0 -9999.0 -9999.0 -9999.0 -9999.0 -9999.0 -9999.0 458.5 247.8 367.9 290.4 243.5 289.6 330.7 461.1 497.7 627.6 602.1 332.4 -9999.0 -9999.0 -9999.0 421.3 340.3 345.8 401.4 461.6 478.0 398.4 283.9
-9999.0 -9999.0 -9999.0 -9999.0 -9999.0 -9999.0 -9999.0 -9999.0 -9999.0 -9999.0 -9999.0 -9999.0 -9999.0 -9999.0 -9999.0 -9999.0 -9999.0 -9999.0 -9999.0 -9999.0 -9999.0 -9999.0 -9999.0 -9999.0 -9999.0 -9999.0 -9999.0 -9999.0 -9999.0 -9999.0 -9999.0 -9999.0 -9999.0 -9999.0 -9999.0 -9999.0 -9999.0 -9999.0 -9999.0 -9999.0 -9999.0 -9999.0 -9999.0 -9999.0 -9999.0 -9999.0 -9999.0 -9999.0 -9999.0 -9999.0 -9999.0 -9999.0 -9999.0 -9999.0 423.1 353.0 223.1 193.0 284.4 398.4 268.0 -9999.0 -9999.0 -9999.0 -9999.0 -9999.0 -9999.0 -9999.0 402.9 426.1 463.3 504.1 534.7 456.0 314.3 225.6
-9999.0 -9999.0 -9999.0 -9999.0 -9999.0 -9999.0 -9999.0 -9999.0 -9999.0 -9999.0 -9999.0 -9999.0 -9999.0 -9999.0 -9999.0 -9999.0 -9999.0 -9999.0 -9999.0 -9999.0 -9999.0 -9999.0 -9999.0 -9999.0 -9999.0 -9999.0 -9999.0 -9999.0 -9999.0 -9999.0 -9999.0 -9999.0 -9999.0 -9999.0 -9999.0 -9999.0 -9999.0 -9999.0 -9999.0 -9999.0 -9999.0 -9999.0 -9999.0 -9999.0 -9999.0 -9999.0 -9999.0 -9999.0 -9999.0 -9999.0 -9999.0 -9999.0 -9999.0 -9999.0 -9999.0 313.2 425.4 228.6 169.4 243.7 261.9 -9999.0 -9999.0 -9999.0 -9999.0 -9999.0 -9999.0 -9999.0 -9999.0 -9999.0 489.1 -9999.0 -9999.0 -9999.0 -9999.0 -9999.0
-9999.0 -9999.0 -9999.0 -9999.0 -9999.0 -9999.0 -9999.0 -9999.0 -9999.0 -9999.0 -9999.0 -9999.0 -9999.0 -9999.0 -9999.0 -9999.0 -9999.0 -9999.0 -9999.0 -9999.0 -9999.0 -9999.0 -9999.0 -9999.0 -9999.0 -9999.0 -9999.0 -9999.0 -9999.0 -9999.0 -9999.0 -9999.0 -9999.0 -9999.0 -9999.0 -9999.0 -9999.0 -9999.0 -9999.0 -9999.0 -9999.0 -9999.0 -9999.0 -9999.0 -9999.0 -9999.0 -9999.0 -9999.0 -9999.0 -9999.0 -9999.0 -9999.0 -9999.0 -9999.0 -9999.0 -9999.0 -9999.0 -9999.0 190.9 148.9 -9999.0 -9999.0 -9999.0 -9999.0 -9999.0 -9999.0 -9999.0 -9999.0 -9999.0 -9999.0 -9999.0 -9999.0 -9999.0 -9999.0 -9999.0 119.9
-9999.0 -9999.0 -9999.0 -9999.0 -9999.0 -9999.0 -9999.0 -9999.0 -9999.0 -9999.0 -9999.0 -9999.0 -9999.0 -9999.0 -9999.0 -9999.0 -9999.0 -9999.0 -9999.0 -9999.0 -9999.0 -9999.0 -9999.0 -9999.0 -9999.0 -9999.0 -9999.0 -9999.0 -9999.0 -9999.0 -9999.0 -9999.0 -9999.0 -9999.0 -9999.0 -9999.0 -9999.0 -9999.0 -9999.0 -9999.0 -9999.0 -9999.0 -9999.0 -9999.0 -9999.0 -9999.0 -9999.0 -9999.0 -9999.0 -9999.0 -9999.0 -9999.0 -9999.0 -9999.0 -9999.0 -9999.0 -9999.0 -9999.0 -9999.0 -9999.0 -9999.0 -9999.0 -9999.0 -9999.0 -9999.0 -9999.0 -9999.0 -9999.0 -9999.0 -9999.0 -9999.0 -9999.0 -9999.0 -9999.0 -9999.0 -9999.0
