program/excelProcessViaJava/data/SURF_CLI_CHN_PRE_MON_GRID_0.5-199801.txt
NCOLS      128
NROWS       72
XLLCORNER    72.000000000000    
YLLCORNER    18.000000000000    
CELLSIZE    0.50000000000000    
NODATA_VALUE   -9999.000    
[rows 35 to 69 of 72, columns 0 to 79 of 128]
-9999.0 -9999.0 -9999.0 -9999.0 -9999.0 -9999.0 -9999.0 0.0 0.0 0.0 0.0 0.0 0.0 0.0 0.0 1.4 0.2 0.6 0.5 0.1 0.0 0.0 0.0 0.0 0.0 0.0 0.0 0.0 0.0 0.0 0.0 0.0 0.1 0.1 0.1 0.2 0.2 0.2 0.2 0.2 0.7 0.1 0.2 0.5 1.2 2.1 1.6 2.2 2.9 5.4 8.2 9.4 6.9 1.2 0.8 1.2 1.0 1.3 1.6 3.3 3.8 2.4 2.1 2.7 3.5 2.5 3.1 3.2 2.1 1.9 1.6 1.8 2.7 4.1 5.2 5.1 3.8 3.6 4.2 5.1
-9999.0 -9999.0 -9999.0 -9999.0 -9999.0 -9999.0 -9999.0 0.0 0.1 0.0 0.0 0.0 0.0 0.0 0.0 0.0 0.0 0.0 0.0 0.0 0.0 0.0 0.0 0.0 0.0 0.0 0.0 0.0 0.0 0.0 0.0 0.1 0.1 0.1 0.2 0.3 0.4 0.4 0.4 0.4 0.4 0.3 0.2 0.2 0.4 0.7 0.7 1.2 1.8 3.3 3.3 3.8 5.1 2.6 0.9 0.6 0.4 0.6 0.8 1.4 2.3 3.3 2.6 3.5 3.0 3.2 3.6 3.3 3.3 1.4 1.8 2.8 4.4 5.8 6.0 6.3 4.9 3.3 3.9 6.1
-9999.0 -9999.0 -9999.0 -9999.0 -9999.0 -9999.0 -9999.0 -9999.0 -9999.0 0.0 0.0 0.1 0.0 0.0 0.0 0.1 0.0 0.0 0.0 0.0 0.0 0.0 0.0 0.0 0.0 0.0 0.0 0.0 0.0 0.0 0.1 0.1 0.1 0.2 0.4 0.5 0.7 0.7 0.8 0.7 0.6 0.5 0.4 0.4 0.3 0.4 0.6 1.1 2.2 3.7 4.8 5.2 4.4 2.9 1.3 0.6 0.3 0.3 0.5 0.8 1.3 2.4 4.3 2.6 3.4 3.4 4.0 4.1 3.9 2.0 2.6 4.3 5.9 7.0 7.7 5.6 4.3 3.5 4.8 9.2
-9999.0 -9999.0 -9999.0 -9999.0 -9999.0 -9999.0 -9999.0 -9999.0 -9999.0 -9999.0 -9999.0 0.0 0.1 0.0 0.0 0.0 0.0 0.0 0.0 0.0 0.0 0.0 0.0 0.0 0.0 0.0 0.0 0.0 0.0 0.1 0.1 0.1 0.2 0.4 0.6 0.7 1.0 1.1 1.0 1.1 0.9 0.8 0.7 0.6 0.5 0.5 0.9 1.4 2.8 4.5 5.7 5.8 4.6 3.0 1.8 1.0 0.7 0.7 0.8 0.9 1.2 1.6 2.9 3.3 4.1 2.8 4.1 4.9 3.8 3.0 3.6 5.6 6.8 6.6 6.3 6.0 5.4 4.7 6.0 11.6
-9999.0 -9999.0 -9999.0 -9999.0 -9999.0 -9999.0 -9999.0 -9999.0 -9999.0 -9999.0 -9999.0 -9999.0 0.1 0.1 0.0 0.1 0.0 0.0 0.0 0.0 0.0 0.0 0.0 0.0 0.0 0.0 0.0 0.0 0.1 0.1 0.1 0.2 0.4 0.5 0.7 1.0 1.3 1.6 1.8 1.8 1.7 1.5 1.2 1.0 0.9 0.9 1.3 1.5 3.0 5.0 6.6 6.1 4.5 3.1 2.2 1.8 1.7 1.8 1.6 1.8 1.4 1.5 2.0 3.0 2.6 5.5 4.3 5.2 4.5 3.9 3.9 5.8 6.3 5.8 5.3 11.7 7.3 7.5 9.1 14.1
-9999.0 -9999.0 -9999.0 -9999.0 -9999.0 -9999.0 -9999.0 -9999.0 -9999.0 -9999.0 -9999.0 -9999.0 0.0 0.3 0.4 0.1 0.2 0.1 0.0 0.0 0.0 0.0 0.0 0.0 0.0 0.0 0.0 0.1 0.1 0.1 0.2 0.3 0.5 0.7 1.0 1.3 1.7 2.1 2.4 2.5 2.4 2.2 2.1 1.7 1.7 2.0 1.7 2.0 2.5 4.9 5.6 5.3 3.7 3.0 2.4 2.5 2.9 3.4 3.3 2.6 1.7 1.3 1.9 3.5 3.1 5.3 2.5 3.4 3.3 3.3 4.9 9.1 11.2 6.9 6.4 5.9 7.4 11.3 12.7 16.0
-9999.0 -9999.0 -9999.0 -9999.0 -9999.0 -9999.0 -9999.0 -9999.0 -9999.0 -9999.0 -9999.0 -9999.0 -9999.0 0.1 0.0 0.3 0.1 0.1 0.1 0.1 0.0 0.1 0.0 0.0 0.0 0.0 0.0 0.1 0.1 0.2 0.3 0.5 0.6 0.8 1.1 1.5 2.0 2.5 3.0 3.2 3.2 3.3 3.3 3.5 3.0 2.5 2.8 3.5 4.3 4.8 4.8 3.4 2.6 3.1 2.6 2.8 3.7 4.5 4.7 4.6 3.5 2.5 3.2 4.4 2.2 4.5 6.2 5.0 5.0 3.2 1.2 1.8 4.6 5.6 8.2 7.0 9.1 13.4 18.8 20.8
-9999.0 -9999.0 -9999.0 -9999.0 -9999.0 -9999.0 -9999.0 -9999.0 -9999.0 -9999.0 -9999.0 -9999.0 0.1 0.0 0.1 0.2 0.0 0.1 0.1 0.1 0.1 0.1 0.0 0.1 0.1 0.0 0.1 0.1 0.2 0.2 0.4 0.6 0.7 0.9 1.1 1.4 2.0 2.7 3.2 3.5 4.3 5.2 6.0 4.9 5.0 4.6 3.7 2.8 3.4 3.8 4.6 4.3 2.3 2.4 2.3 2.8 3.4 5.0 5.4 4.7 4.7 5.2 6.0 8.0 9.8 8.4 2.2 4.8 8.0 9.0 6.4 2.8 2.0 3.4 5.6 7.7 12.1 18.6 23.1 24.4
-9999.0 -9999.0 -9999.0 -9999.0 -9999.0 -9999.0 -9999.0 -9999.0 -9999.0 -9999.0 -9999.0 -9999.0 0.0 0.5 0.2 0.0 0.0 0.2 0.1 0.1 0.1 0.1 0.1 0.1 0.1 0.1 0.1 0.2 0.2 0.4 0.6 0.7 0.8 1.0 1.0 1.2 1.7 2.5 3.2 3.4 4.0 4.9 6.0 6.7 6.7 6.3 6.8 5.6 4.8 2.3 2.4 3.2 1.8 1.6 2.0 2.8 3.3 4.1 5.0 5.5 6.2 7.3 8.6 10.3 11.2 4.4 9.2 8.1 7.4 5.2 3.0 1.9 3.0 7.7 10.7 9.4 12.3 16.1 22.5 25.5
-9999.0 -9999.0 -9999.0 -9999.0 -9999.0 -9999.0 -9999.0 -9999.0 -9999.0 -9999.0 -9999.0 -9999.0 0.8 0.1 0.5 0.2 0.2 0.0 0.1 0.1 0.0 0.0 0.1 0.1 0.1 0.1 0.1 0.1 0.3 0.4 0.6 0.7 0.9 0.9 0.9 1.0 1.4 2.1 2.8 3.6 4.3 5.5 8.6 6.9 8.1 9.3 9.0 5.9 3.0 2.9 3.0 1.7 4.1 3.4 2.1 2.6 2.9 3.6 4.4 5.0 6.1 8.0 10.2 11.9 6.9 7.9 11.6 13.8 12.2 7.2 4.8 7.1 9.1 14.1 25.2 14.4 19.8 14.2 19.1 23.1
-9999.0 -9999.0 -9999.0 -9999.0 -9999.0 -9999.0 -9999.0 -9999.0 -9999.0 -9999.0 -9999.0 -9999.0 -9999.0 0.0 0.0 0.2 0.1 0.2 0.1 0.1 0.0 0.1 0.1 0.1 0.1 0.1 0.2 0.2 0.3 0.5 0.5 0.7 0.8 0.9 0.8 1.0 1.4 2.1 3.0 3.7 4.9 8.6 11.4 11.8 8.5 7.6 8.6 3.1 6.5 5.1 2.1 4.0 2.3 1.0 2.0 2.0 2.5 3.0 3.8 5.2 6.7 8.5 11.0 9.3 4.6 8.6 13.5 16.5 13.9 12.3 10.5 10.9 16.3 14.0 16.5 12.9 12.0 13.4 18.2 18.6
-9999.0 -9999.0 -9999.0 -9999.0 -9999.0 -9999.0 -9999.0 -9999.0 -9999.0 -9999.0 -9999.0 -9999.0 -9999.0 1.4 0.1 0.2 0.0 0.2 0.1 0.1 0.0 0.1 0.1 0.1 0.3 0.2 0.2 0.3 0.3 0.3 0.4 0.5 0.7 0.8 0.8 1.0 1.2 2.1 3.4 5.8 6.3 9.0 11.5 12.5 15.2 10.0 8.4 3.7 4.4 3.9 5.0 1.0 2.4 2.7 2.6 1.7 1.6 2.1 3.3 4.3 6.8 8.9 8.5 4.8 4.9 7.4 12.6 16.8 16.3 14.8 16.9 19.1 20.0 21.2 20.2 19.6 22.6 15.6 15.2 16.8
-9999.0 -9999.0 -9999.0 -9999.0 -9999.0 -9999.0 -9999.0 -9999.0 -9999.0 -9999.0 -9999.0 -9999.0 -9999.0 -9999.0 -9999.0 0.2 0.3 0.1 0.2 0.3 0.1 0.2 0.2 0.2 0.2 0.3 0.1 0.2 0.2 0.3 0.3 0.4 0.5 0.7 0.7 1.2 1.9 1.6 2.9 4.4 7.4 10.0 11.7 11.7 7.1 4.2 7.1 1.9 5.0 0.6 2.6 6.5 2.1 1.7 0.3 1.3 1.4 0.6 3.2 4.9 7.2 9.1 10.4 8.0 5.8 6.0 10.4 15.3 14.4 17.2 21.0 21.6 25.5 26.4 23.5 29.9 30.1 36.6 26.4 25.1
-9999.0 -9999.0 -9999.0 -9999.0 -9999.0 -9999.0 -9999.0 -9999.0 -9999.0 -9999.0 -9999.0 -9999.0 -9999.0 -9999.0 -9999.0 -9999.0 -9999.0 9.1 2.5 -9999.0 1.4 0.3 0.7 0.8 0.4 0.5 0.2 0.3 0.3 0.2 0.2 0.2 0.4 0.3 0.2 0.5 1.7 0.4 1.8 3.3 5.5 9.0 9.5 8.8 3.0 3.1 2.3 8.8 2.0 4.2 0.2 2.0 0.2 2.5 2.5 2.3 1.2 2.7 3.4 4.9 4.2 7.4 9.8 9.8 7.4 6.4 9.8 14.5 13.4 14.7 15.6 23.7 26.1 22.7 28.7 37.7 41.7 46.0 50.1 53.1
-9999.0 -9999.0 -9999.0 -9999.0 -9999.0 -9999.0 -9999.0 -9999.0 -9999.0 -9999.0 -9999.0 -9999.0 -9999.0 -9999.0 -9999.0 -9999.0 -9999.0 -9999.0 -9999.0 -9999.0 -9999.0 1.2 0.8 0.4 0.7 1.5 1.1 0.7 0.3 0.2 0.1 0.1 0.1 0.1 0.1 0.3 0.2 0.2 0.2 0.5 1.5 6.4 8.0 7.3 2.3 4.4 7.2 2.1 9.8 22.8 4.4 10.7 8.7 2.6 3.7 4.7 4.2 3.0 5.4 5.0 2.4 5.0 6.9 10.1 10.9 10.3 13.7 18.2 16.2 14.3 15.4 20.3 20.9 19.8 26.9 39.2 52.8 65.7 82.8 101.9
-9999.0 -9999.0 -9999.0 -9999.0 -9999.0 -9999.0 -9999.0 -9999.0 -9999.0 -9999.0 -9999.0 -9999.0 -9999.0 -9999.0 -9999.0 -9999.0 -9999.0 -9999.0 -9999.0 -9999.0 -9999.0 -9999.0 -9999.0 5.3 2.1 2.1 1.7 1.0 0.3 0.2 0.1 0.1 0.2 0.2 0.4 0.4 0.6 0.2 1.0 2.0 2.5 4.8 3.2 2.3 2.0 13.9 2.8 2.7 3.8 5.5 4.4 11.0 7.0 8.4 7.3 4.2 6.1 6.3 1.5 5.2 3.1 7.2 10.6 9.1 13.3 17.4 21.7 25.6 21.2 16.6 17.8 18.5 19.4 23.5 28.3 42.1 64.7 90.1 118.1 146.5
-9999.0 -9999.0 -9999.0 -9999.0 -9999.0 -9999.0 -9999.0 -9999.0 -9999.0 -9999.0 -9999.0 -9999.0 -9999.0 -9999.0 -9999.0 -9999.0 -9999.0 -9999.0 -9999.0 -9999.0 -9999.0 -9999.0 -9999.0 -9999.0 -9999.0 8.8 4.0 0.6 0.4 0.3 0.1 0.1 0.1 0.1 0.1 0.4 1.6 0.2 1.2 0.7 2.7 1.3 1.4 1.5 8.4 18.9 12.4 36.5 6.6 9.9 14.0 14.1 17.0 17.0 14.6 10.2 8.8 5.0 6.3 5.2 5.4 8.3 10.6 9.6 16.2 24.8 29.4 24.4 20.3 18.6 16.8 18.3 18.5 27.0 35.6 48.4 71.9 105.5 142.6 164.8
-9999.0 -9999.0 -9999.0 -9999.0 -9999.0 -9999.0 -9999.0 -9999.0 -9999.0 -9999.0 -9999.0 -9999.0 -9999.0 -9999.0 -9999.0 -9999.0 -9999.0 -9999.0 -9999.0 -9999.0 -9999.0 -9999.0 -9999.0 -9999.0 -9999.0 -9999.0 -9999.0 7.3 5.4 1.2 0.5 0.2 0.2 0.1 0.1 0.1 0.1 0.1 0.0 0.1 0.8 0.2 1.7 8.1 13.1 22.5 34.9 46.4 59.2 34.3 73.7 83.4 28.3 31.4 23.7 16.7 7.4 3.1 5.9 3.1 3.7 9.1 8.5 10.9 12.8 19.5 29.6 28.4 21.2 16.8 16.4 22.6 20.9 33.8 45.1 62.8 94.1 123.5 144.4 160.2
-9999.0 -9999.0 -9999.0 -9999.0 -9999.0 -9999.0 -9999.0 -9999.0 -9999.0 -9999.0 -9999.0 -9999.0 -9999.0 -9999.0 -9999.0 -9999.0 -9999.0 -9999.0 -9999.0 -9999.0 -9999.0 -9999.0 -9999.0 -9999.0 -9999.0 -9999.0 -9999.0 -9999.0 -9999.0 -9999.0 -9999.0 -9999.0 -9999.0 0.2 0.1 -9999.0 -9999.0 -9999.0 0.1 0.1 0.2 1.0 1.3 10.0 18.1 25.4 -9999.0 -9999.0 -9999.0 -9999.0 -9999.0 -9999.0 63.1 31.7 35.9 18.0 7.7 3.3 2.9 3.9 7.6 11.6 12.6 12.7 14.3 18.2 22.6 24.4 23.4 19.4 18.3 28.2 39.7 48.7 73.2 90.4 117.6 137.4 149.7 158.5
-9999.0 -9999.0 -9999.0 -9999.0 -9999.0 -9999.0 -9999.0 -9999.0 -9999.0 -9999.0 -9999.0 -9999.0 -9999.0 -9999.0 -9999.0 -9999.0 -9999.0 -9999.0 -9999.0 -9999.0 -9999.0 -9999.0 -9999.0 -9999.0 -9999.0 -9999.0 -9999.0 -9999.0 -9999.0 -9999.0 -9999.0 -9999.0 -9999.0 -9999.0 -9999.0 -9999.0 -9999.0 -9999.0 -9999.0 1.8 2.7 4.5 7.2 11.0 -9999.0 -9999.0 -9999.0 -9999.0 -9999.0 -9999.0 -9999.0 -9999.0 61.8 34.3 29.6 20.0 9.7 5.8 5.6 8.2 12.8 16.5 17.1 15.9 16.2 17.5 20.9 27.6 28.4 31.6 37.9 45.5 50.3 78.6 97.6 118.2 133.2 145.6 153.7 154.0
-9999.0 -9999.0 -9999.0 -9999.0 -9999.0 -9999.0 -9999.0 -9999.0 -9999.0 -9999.0 -9999.0 -9999.0 -9999.0 -9999.0 -9999.0 -9999.0 -9999.0 -9999.0 -9999.0 -9999.0 -9999.0 -9999.0 -9999.0 -9999.0 -9999.0 -9999.0 -9999.0 -9999.0 -9999.0 -9999.0 -9999.0 -9999.0 -9999.0 -9999.0 -9999.0 -9999.0 -9999.0 -9999.0 -9999.0 -9999.0 -9999.0 -9999.0 -9999.0 -9999.0 -9999.0 -9999.0 -9999.0 -9999.0 -9999.0 -9999.0 -9999.0 -9999.0 76.9 37.2 32.9 24.1 17.4 12.3 11.5 14.6 15.8 18.5 16.0 17.4 18.6 23.8 29.8 31.1 32.9 38.7 49.5 63.2 85.2 91.3 106.6 119.2 129.7 140.8 151.7 154.4
-9999.0 -9999.0 -9999.0 -9999.0 -9999.0 -9999.0 -9999.0 -9999.0 -9999.0 -9999.0 -9999.0 -9999.0 -9999.0 -9999.0 -9999.0 -9999.0 -9999.0 -9999.0 -9999.0 -9999.0 -9999.0 -9999.0 -9999.0 -9999.0 -9999.0 -9999.0 -9999.0 -9999.0 -9999.0 -9999.0 -9999.0 -9999.0 -9999.0 -9999.0 -9999.0 -9999.0 -9999.0 -9999.0 -9999.0 -9999.0 -9999.0 -9999.0 -9999.0 -9999.0 -9999.0 -9999.0 -9999.0 -9999.0 -9999.0 -9999.0 -9999.0 54.5 56.6 43.0 46.4 37.7 31.4 26.8 21.9 6.2 21.1 18.6 14.1 15.4 20.4 29.1 31.9 21.5 29.0 32.2 43.8 57.7 58.7 64.3 85.4 100.7 111.7 131.0 137.5 141.2
-9999.0 -9999.0 -9999.0 -9999.0 -9999.0 -9999.0 -9999.0 -9999.0 -9999.0 -9999.0 -9999.0 -9999.0 -9999.0 -9999.0 -9999.0 -9999.0 -9999.0 -9999.0 -9999.0 -9999.0 -9999.0 -9999.0 -9999.0 -9999.0 -9999.0 -9999.0 -9999.0 -9999.0 -9999.0 -9999.0 -9999.0 -9999.0 -9999.0 -9999.0 -9999.0 -9999.0 -9999.0 -9999.0 -9999.0 -9999.0 -9999.0 -9999.0 -9999.0 -9999.0 -9999.0 -9999.0 -9999.0 -9999.0 -9999.0 -9999.0 28.8 44.0 48.3 48.9 50.9 49.4 44.5 29.5 24.8 22.1 15.2 14.8 10.8 12.7 20.1 28.6 28.7 19.5 20.7 15.4 26.0 27.6 35.7 52.1 65.0 77.5 95.0 99.1 125.7 122.6
-9999.0 -9999.0 -9999.0 -9999.0 -9999.0 -9999.0 -9999.0 -9999.0 -9999.0 -9999.0 -9999.0 -9999.0 -9999.0 -9999.0 -9999.0 -9999.0 -9999.0 -9999.0 -9999.0 -9999.0 -9999.0 -9999.0 -9999.0 -9999.0 -9999.0 -9999.0 -9999.0 -9999.0 -9999.0 -9999.0 -9999.0 -9999.0 -9999.0 -9999.0 -9999.0 -9999.0 -9999.0 -9999.0 -9999.0 -9999.0 -9999.0 -9999.0 -9999.0 -9999.0 -9999.0 -9999.0 -9999.0 -9999.0 -9999.0 -9999.0 17.9 38.0 30.0 45.8 50.4 49.9 23.6 39.0 26.2 13.0 7.7 8.0 7.9 11.6 17.3 20.6 19.3 10.2 8.9 7.0 13.6 22.3 30.2 35.8 43.9 58.5 72.7 94.7 98.7 89.7
-9999.0 -9999.0 -9999.0 -9999.0 -9999.0 -9999.0 -9999.0 -9999.0 -9999.0 -9999.0 -9999.0 -9999.0 -9999.0 -9999.0 -9999.0 -9999.0 -9999.0 -9999.0 -9999.0 -9999.0 -9999.0 -9999.0 -9999.0 -9999.0 -9999.0 -9999.0 -9999.0 -9999.0 -9999.0 -9999.0 -9999.0 -9999.0 -9999.0 -9999.0 -9999.0 -9999.0 -9999.0 -9999.0 -9999.0 -9999.0 -9999.0 -9999.0 -9999.0 -9999.0 -9999.0 -9999.0 -9999.0 -9999.0 -9999.0 -9999.0 8.6 18.0 15.6 41.1 30.6 29.1 40.6 26.2 20.8 6.1 7.0 7.5 8.4 10.8 13.6 13.9 11.1 7.3 6.2 14.5 15.7 39.0 37.2 45.0 45.0 54.8 58.2 78.1 72.1 81.4
-9999.0 -9999.0 -9999.0 -9999.0 -9999.0 -9999.0 -9999.0 -9999.0 -9999.0 -9999.0 -9999.0 -9999.0 -9999.0 -9999.0 -9999.0 -9999.0 -9999.0 -9999.0 -9999.0 -9999.0 -9999.0 -9999.0 -9999.0 -9999.0 -9999.0 -9999.0 -9999.0 -9999.0 -9999.0 -9999.0 -9999.0 -9999.0 -9999.0 -9999.0 -9999.0 -9999.0 -9999.0 -9999.0 -9999.0 -9999.0 -9999.0 -9999.0 -9999.0 -9999.0 -9999.0 -9999.0 -9999.0 -9999.0 -9999.0 -9999.0 10.4 18.8 17.4 23.5 24.0 29.2 9.0 17.5 14.3 6.4 8.1 8.4 8.7 10.3 9.9 9.0 10.8 12.3 21.4 9.3 25.8 42.0 58.7 59.4 54.7 58.9 56.3 64.4 51.8 62.8
-9999.0 -9999.0 -9999.0 -9999.0 -9999.0 -9999.0 -9999.0 -9999.0 -9999.0 -9999.0 -9999.0 -9999.0 -9999.0 -9999.0 -9999.0 -9999.0 -9999.0 -9999.0 -9999.0 -9999.0 -9999.0 -9999.0 -9999.0 -9999.0 -9999.0 -9999.0 -9999.0 -9999.0 -9999.0 -9999.0 -9999.0 -9999.0 -9999.0 -9999.0 -9999.0 -9999.0 -9999.0 -9999.0 -9999.0 -9999.0 -9999.0 -9999.0 -9999.0 -9999.0 -9999.0 -9999.0 -9999.0 -9999.0 -9999.0 -9999.0 -9999.0 -9999.0 -9999.0 8.6 8.6 9.2 12.1 16.9 7.9 9.4 13.7 10.2 13.7 9.3 5.9 5.0 10.0 12.3 28.0 33.4 32.8 42.9 57.3 61.2 58.8 58.3 53.7 50.2 49.1 53.5
-9999.0 -9999.0 -9999.0 -9999.0 -9999.0 -9999.0 -9999.0 -9999.0 -9999.0 -9999.0 -9999.0 -9999.0 -9999.0 -9999.0 -9999.0 -9999.0 -9999.0 -9999.0 -9999.0 -9999.0 -9999.0 -9999.0 -9999.0 -9999.0 -9999.0 -9999.0 -9999.0 -9999.0 -9999.0 -9999.0 -9999.0 -9999.0 -9999.0 -9999.0 -9999.0 -9999.0 -9999.0 -9999.0 -9999.0 -9999.0 -9999.0 -9999.0 -9999.0 -9999.0 -9999.0 -9999.0 -9999.0 -9999.0 -9999.0 -9999.0 -9999.0 -9999.0 -9999.0 2.9 2.1 13.0 7.1 8.2 14.6 17.8 13.1 12.0 13.1 7.0 3.7 3.1 2.9 17.7 17.9 23.1 22.1 30.2 43.3 49.6 47.1 38.0 32.8 28.9 34.8 45.9
-9999.0 -9999.0 -9999.0 -9999.0 -9999.0 -9999.0 -9999.0 -9999.0 -9999.0 -9999.0 -9999.0 -9999.0 -9999.0 -9999.0 -9999.0 -9999.0 -9999.0 -9999.0 -9999.0 -9999.0 -9999.0 -9999.0 -9999.0 -9999.0 -9999.0 -9999.0 -9999.0 -9999.0 -9999.0 -9999.0 -9999.0 -9999.0 -9999.0 -9999.0 -9999.0 -9999.0 -9999.0 -9999.0 -9999.0 -9999.0 -9999.0 -9999.0 -9999.0 -9999.0 -9999.0 -9999.0 -9999.0 -9999.0 -9999.0 -9999.0 -9999.0 -9999.0 -9999.0 0.2 0.0 2.0 3.4 5.0 10.0 11.1 13.0 11.5 10.8 7.5 1.7 -9999.0 -9999.0 -9999.0 15.7 11.8 14.8 22.2 29.2 32.9 30.6 22.4 18.3 19.7 19.3 36.3
-9999.0 -9999.0 -9999.0 -9999.0 -9999.0 -9999.0 -9999.0 -9999.0 -9999.0 -9999.0 -9999.0 -9999.0 -9999.0 -9999.0 -9999.0 -9999.0 -9999.0 -9999.0 -9999.0 -9999.0 -9999.0 -9999.0 -9999.0 -9999.0 -9999.0 -9999.0 -9999.0 -9999.0 -9999.0 -9999.0 -9999.0 -9999.0 -9999.0 -9999.0 -9999.0 -9999.0 -9999.0 -9999.0 -9999.0 -9999.0 -9999.0 -9999.0 -9999.0 -9999.0 -9999.0 -9999.0 -9999.0 -9999.0 -9999.0 -9999.0 -9999.0 -9999.0 -9999.0 -9999.0 0.0 0.0 0.0 0.1 3.4 7.3 3.3 -9999.0 -9999.0 -9999.0 -9999.0 -9999.0 -9999.0 -9999.0 3.6 7.9 15.6 12.5 16.6 22.0 21.4 17.0 16.1 18.1 22.7 -9999.0
-9999.0 -9999.0 -9999.0 -9999.0 -9999.0 -9999.0 -9999.0 -9999.0 -9999.0 -9999.0 -9999.0 -9999.0 -9999.0 -9999.0 -9999.0 -9999.0 -9999.0 -9999.0 -9999.0 -9999.0 -9999.0 -9999.0 -9999.0 -9999.0 -9999.0 -9999.0 -9999.0 -9999.0 -9999.0 -9999.0 -9999.0 -9999.0 -9999.0 -9999.0 -9999.0 -9999.0 -9999.0 -9999.0 -9999.0 -9999.0 -9999.0 -9999.0 -9999.0 -9999.0 -9999.0 -9999.0 -9999.0 -9999.0 -9999.0 -9999.0 -9999.0 -9999.0 -9999.0 -9999.0 -9999.0 0.0 0.0 0.0 0.0 0.4 0.5 -9999.0 -9999.0 -9999.0 -9999.0 -9999.0 -9999.0 -9999.0 -9999.0 -9999.0 4.2 -9999.0 -9999.0 -9999.0 -9999.0 -9999.0 13.6 -9999.0 -9999.0 -9999.0
-9999.0 -9999.0 -9999.0 -9999.0 -9999.0 -9999.0 -9999.0 -9999.0 -9999.0 -9999.0 -9999.0 -9999.0 -9999.0 -9999.0 -9999.0 -9999.0 -9999.0 -9999.0 -9999.0 -9999.0 -9999.0 -9999.0 -9999.0 -9999.0 -9999.0 -9999.0 -9999.0 -9999.0 -9999.0 -9999.0 -9999.0 -9999.0 -9999.0 -9999.0 -9999.0 -9999.0 -9999.0 -9999.0 -9999.0 -9999.0 -9999.0 -9999.0 -9999.0 -9999.0 -9999.0 -9999.0 -9999.0 -9999.0 -9999.0 -9999.0 -9999.0 -9999.0 -9999.0 -9999.0 -9999.0 -9999.0 -9999.0 -9999.0 0.0 0.0 -9999.0 -9999.0 -9999.0 -9999.0 -9999.0 -9999.0 -9999.0 -9999.0 -9999.0 -9999.0 -9999.0 -9999.0 -9999.0 -9999.0 -9999.0 12.9 12.0 -9999.0 -9999.0 -9999.0
-9999.0 -9999.0 -9999.0 -9999.0 -9999.0 -9999.0 -9999.0 -9999.0 -9999.0 -9999.0 -9999.0 -9999.0 -9999.0 -9999.0 -9999.0 -9999.0 -9999.0 -9999.0 -9999.0 -9999.0 -9999.0 -9999.0 -9999.0 -9999.0 -9999.0 -9999.0 -9999.0 -9999.0 -9999.0 -9999.0 -9999.0 -9999.0 -9999.0 -9999.0 -9999.0 -9999.0 -9999.0 -9999.0 -9999.0 -9999.0 -9999.0 -9999.0 -9999.0 -9999.0 -9999.0 -9999.0 -9999.0 -9999.0 -9999.0 -9999.0 -9999.0 -9999.0 -9999.0 -9999.0 -9999.0 -9999.0 -9999.0 -9999.0 -9999.0 -9999.0 -9999.0 -9999.0 -9999.0 -9999.0 -9999.0 -9999.0 -9999.0 -9999.0 -9999.0 -9999.0 -9999.0 -9999.0 -9999.0 -9999.0 -9999.0 -9999.0 -9999.0 -9999.0 -9999.0 -9999.0
-9999.0 -9999.0 -9999.0 -9999.0 -9999.0 -9999.0 -9999.0 -9999.0 -9999.0 -9999.0 -9999.0 -9999.0 -9999.0 -9999.0 -9999.0 -9999.0 -9999.0 -9999.0 -9999.0 -9999.0 -9999.0 -9999.0 -9999.0 -9999.0 -9999.0 -9999.0 -9999.0 -9999.0 -9999.0 -9999.0 -9999.0 -9999.0 -9999.0 -9999.0 -9999.0 -9999.0 -9999.0 -9999.0 -9999.0 -9999.0 -9999.0 -9999.0 -9999.0 -9999.0 -9999.0 -9999.0 -9999.0 -9999.0 -9999.0 -9999.0 -9999.0 -9999.0 -9999.0 -9999.0 -9999.0 -9999.0 -9999.0 -9999.0 -9999.0 -9999.0 -9999.0 -9999.0 -9999.0 -9999.0 -9999.0 -9999.0 -9999.0 -9999.0 -9999.0 -9999.0 -9999.0 -9999.0 -9999.0 -9999.0 -9999.0 12.5 15.4 16.6 -9999.0 -9999.0
-9999.0 -9999.0 -9999.0 -9999.0 -9999.0 -9999.0 -9999.0 -9999.0 -9999.0 -9999.0 -9999.0 -9999.0 -9999.0 -9999.0 -9999.0 -9999.0 -9999.0 -9999.0 -9999.0 -9999.0 -9999.0 -9999.0 -9999.0 -9999.0 -9999.0 -9999.0 -9999.0 -9999.0 -9999.0 -9999.0 -9999.0 -9999.0 -9999.0 -9999.0 -9999.0 -9999.0 -9999.0 -9999.0 -9999.0 -9999.0 -9999.0 -9999.0 -9999.0 -9999.0 -9999.0 -9999.0 -9999.0 -9999.0 -9999.0 -9999.0 -9999.0 -9999.0 -9999.0 -9999.0 -9999.0 -9999.0 -9999.0 -9999.0 -9999.0 -9999.0 -9999.0 -9999.0 -9999.0 -9999.0 -9999.0 -9999.0 -9999.0 -9999.0 -9999.0 -9999.0 -9999.0 -9999.0 -9999.0 0.9 5.6 9.6 13.9 -9999.0 -9999.0 -9999.0
