program/excelProcessViaJava/data/SURF_CLI_CHN_PRE_MON_GRID_0.5-201005.txt
NCOLS      128
NROWS       72
XLLCORNER    72.000000000000    
YLLCORNER    18.000000000000    
CELLSIZE    0.50000000000000    
NODATA_VALUE   -9999.000    
[rows 34 to 67 of 72, columns 0 to 76 of 128]
-9999.0 -9999.0 -9999.0 -9999.0 24.2 20.6 15.8 14.2 9.8 8.2 11.3 6.7 8.8 8.4 24.7 21.8 16.1 14.0 12.9 13.5 12.2 11.6 10.0 4.2 1.2 1.0 2.6 3.7 5.6 7.6 9.9 12.1 14.0 15.5 16.7 15.9 18.0 20.2 14.7 9.1 14.9 5.6 6.3 6.5 8.6 10.9 13.1 15.9 20.8 30.7 41.3 50.4 53.9 52.5 46.3 44.4 46.7 59.5 79.1 91.0 85.2 67.1 44.0 34.1 28.1 31.3 44.8 48.3 51.7 53.0 50.1 44.7 40.2 40.1 44.5 44.5 37.5
-9999.0 -9999.0 -9999.0 -9999.0 -9999.0 -9999.0 -9999.0 11.1 8.0 7.8 4.0 3.2 5.5 3.9 3.3 18.5 7.1 10.3 9.7 5.8 1.7 0.6 0.5 0.7 1.1 1.7 2.2 3.2 4.7 6.2 8.4 10.7 12.7 14.5 16.3 16.0 18.7 18.0 22.4 24.8 15.3 32.0 31.5 24.0 17.0 12.2 15.5 15.5 21.1 22.9 29.2 37.5 43.2 36.7 39.5 40.9 44.4 58.9 80.4 107.3 86.4 82.4 62.5 54.9 53.7 53.9 63.9 68.6 65.5 60.9 56.1 49.1 46.1 48.1 51.3 49.6 38.5
-9999.0 -9999.0 -9999.0 -9999.0 -9999.0 -9999.0 -9999.0 5.5 7.9 4.4 2.8 3.4 2.1 0.8 1.4 0.3 0.9 0.8 0.3 0.6 0.6 0.4 0.5 0.6 1.0 1.4 2.3 2.6 4.6 6.4 7.6 9.6 11.4 13.3 14.2 15.3 15.5 18.0 19.2 20.2 24.1 27.9 32.3 41.0 27.2 18.8 21.3 22.6 30.8 29.9 34.5 32.8 34.5 34.8 33.5 43.4 52.7 69.6 78.7 80.9 97.3 108.3 99.4 90.1 73.5 70.9 73.9 73.3 65.6 63.5 58.0 49.9 48.0 50.9 48.2 50.6 43.9
-9999.0 -9999.0 -9999.0 -9999.0 -9999.0 -9999.0 -9999.0 -9999.0 -9999.0 3.0 2.6 2.6 0.8 0.7 0.9 1.0 0.4 0.1 0.2 0.1 0.2 0.4 0.5 0.6 0.9 1.6 2.0 2.8 4.6 5.0 7.8 9.0 10.5 12.0 12.7 13.5 13.9 15.7 16.0 19.1 21.0 27.4 30.2 29.6 32.7 31.1 30.5 30.2 32.2 33.3 34.1 31.2 30.3 32.9 33.3 44.4 55.7 69.2 69.8 78.2 84.4 82.7 86.9 95.9 83.6 73.2 67.5 60.9 58.0 59.5 54.2 45.9 44.1 48.4 53.0 40.4 39.0
-9999.0 -9999.0 -9999.0 -9999.0 -9999.0 -9999.0 -9999.0 -9999.0 -9999.0 -9999.0 -9999.0 0.5 2.2 0.3 0.4 0.2 0.2 0.3 0.3 0.2 0.1 0.3 0.3 0.5 0.4 0.9 1.2 2.1 3.5 5.3 6.8 7.8 9.9 11.3 12.3 14.8 14.1 15.1 22.1 18.0 23.1 24.6 27.1 28.9 37.8 31.9 39.9 36.4 40.4 40.9 38.2 35.7 34.0 35.2 36.4 43.2 52.6 56.7 65.4 72.8 73.4 85.9 92.7 86.9 72.2 62.8 48.4 51.8 54.3 54.3 54.2 50.0 45.9 43.6 38.3 41.6 45.0
-9999.0 -9999.0 -9999.0 -9999.0 -9999.0 -9999.0 -9999.0 -9999.0 -9999.0 -9999.0 -9999.0 -9999.0 1.0 0.9 0.2 0.3 0.0 0.1 0.1 0.0 0.3 0.2 0.3 0.5 0.1 0.9 2.0 1.8 3.2 3.6 6.1 7.9 9.5 11.1 13.0 14.3 18.5 16.9 16.4 16.2 17.7 21.7 26.7 33.6 35.7 38.8 43.2 40.8 46.9 51.3 52.6 47.7 44.2 46.2 48.5 49.2 49.9 48.3 68.1 64.0 78.2 80.5 84.7 84.3 67.5 65.5 57.1 60.6 60.4 57.6 68.8 68.1 54.9 49.5 56.5 77.8 75.3
-9999.0 -9999.0 -9999.0 -9999.0 -9999.0 -9999.0 -9999.0 -9999.0 -9999.0 -9999.0 -9999.0 -9999.0 0.1 0.9 1.2 0.1 0.5 0.2 0.0 0.1 0.1 0.1 0.2 0.5 1.3 1.2 1.7 3.5 3.6 5.5 5.9 6.9 9.2 11.1 13.3 15.2 19.6 22.4 22.6 22.7 22.3 25.7 36.2 35.5 42.9 48.9 46.3 49.5 53.5 63.7 64.8 60.3 56.9 56.1 63.1 59.3 60.0 57.2 70.2 83.2 99.6 111.7 107.4 98.7 75.8 76.5 60.8 74.6 80.1 78.8 73.2 70.2 76.5 93.3 95.1 96.9 95.9
-9999.0 -9999.0 -9999.0 -9999.0 -9999.0 -9999.0 -9999.0 -9999.0 -9999.0 -9999.0 -9999.0 -9999.0 -9999.0 0.2 0.0 0.6 0.1 0.3 0.3 0.3 0.2 0.4 0.2 0.8 0.9 0.4 0.7 0.8 2.3 3.9 6.3 8.0 8.9 11.4 13.8 16.7 20.5 25.9 39.2 36.7 37.8 43.3 45.9 54.6 51.9 51.2 57.3 64.3 70.9 75.4 75.2 70.1 66.6 58.8 61.1 63.4 65.1 62.6 61.8 85.4 110.6 140.2 140.1 131.3 86.2 93.4 103.7 112.8 108.3 99.1 92.6 113.3 122.1 118.5 117.7 120.1 117.8
-9999.0 -9999.0 -9999.0 -9999.0 -9999.0 -9999.0 -9999.0 -9999.0 -9999.0 -9999.0 -9999.0 -9999.0 0.2 0.0 0.0 0.2 0.0 0.1 0.1 0.5 0.5 0.5 0.4 0.8 1.4 0.5 1.1 2.4 3.4 4.1 6.0 8.6 8.8 11.7 14.7 18.4 25.9 29.9 37.0 44.9 60.3 71.5 78.6 63.8 67.4 68.0 67.1 69.5 77.2 81.9 80.9 74.1 69.9 65.5 68.4 68.0 62.2 79.7 81.3 111.4 136.4 149.9 171.0 157.3 145.6 127.7 117.5 122.8 128.2 118.9 116.0 123.2 119.4 99.0 103.3 110.2 105.0
-9999.0 -9999.0 -9999.0 -9999.0 -9999.0 -9999.0 -9999.0 -9999.0 -9999.0 -9999.0 -9999.0 -9999.0 0.0 0.5 0.2 0.0 0.0 0.2 0.3 0.1 0.6 0.3 0.4 0.6 1.7 2.8 3.1 3.8 4.5 6.4 7.8 8.5 9.0 12.0 14.5 19.1 25.2 35.8 46.6 53.4 64.4 70.1 75.9 80.4 81.4 81.7 85.7 84.6 85.9 85.6 83.6 75.9 71.8 71.5 70.4 73.6 67.5 69.8 88.4 101.2 122.9 140.8 187.4 165.9 144.5 145.2 152.9 122.9 96.6 95.5 107.0 114.7 114.2 125.7 137.2 131.9 113.4
-9999.0 -9999.0 -9999.0 -9999.0 -9999.0 -9999.0 -9999.0 -9999.0 -9999.0 -9999.0 -9999.0 -9999.0 1.0 0.0 0.5 0.2 0.2 0.0 0.1 0.1 0.0 0.0 0.3 0.2 0.7 0.4 1.2 0.8 4.9 6.2 7.8 6.7 10.2 11.9 13.8 18.2 26.2 38.9 51.6 69.5 77.7 79.3 103.0 86.7 94.3 99.1 96.8 88.3 86.5 86.5 80.8 73.4 64.2 57.3 55.5 68.8 62.9 65.9 77.9 106.7 135.4 160.9 152.6 147.9 104.0 118.7 129.0 114.5 102.3 98.3 113.1 132.2 126.8 129.4 133.8 142.9 146.4
-9999.0 -9999.0 -9999.0 -9999.0 -9999.0 -9999.0 -9999.0 -9999.0 -9999.0 -9999.0 -9999.0 -9999.0 -9999.0 0.0 0.0 0.2 0.1 0.2 0.0 0.0 0.0 0.1 0.1 0.1 0.9 0.9 1.9 3.7 3.1 8.0 5.4 7.7 8.8 10.7 12.4 19.8 29.2 39.0 56.4 68.8 81.6 114.0 125.9 118.6 101.4 97.0 96.2 83.6 85.4 79.8 70.6 63.8 54.2 49.8 45.8 45.2 54.4 59.4 70.8 85.2 115.8 110.9 156.4 88.7 81.7 87.4 100.4 106.2 104.8 129.0 147.8 152.1 140.6 122.0 127.4 130.5 139.3
-9999.0 -9999.0 -9999.0 -9999.0 -9999.0 -9999.0 -9999.0 -9999.0 -9999.0 -9999.0 -9999.0 -9999.0 -9999.0 2.5 0.0 0.2 0.0 0.3 0.2 0.1 0.0 0.0 0.0 0.1 1.9 1.2 1.5 4.5 4.7 1.3 3.5 5.8 8.6 9.3 12.2 17.5 23.0 36.2 57.6 92.4 87.4 104.9 117.0 119.9 133.1 105.2 95.1 79.3 73.6 66.3 61.8 44.0 43.1 41.3 39.2 35.5 37.9 45.9 60.7 86.2 108.4 125.7 100.4 88.4 70.1 69.0 86.3 101.2 119.9 146.3 177.0 181.0 161.5 141.0 133.5 141.4 156.8
-9999.0 -9999.0 -9999.0 -9999.0 -9999.0 -9999.0 -9999.0 -9999.0 -9999.0 -9999.0 -9999.0 -9999.0 -9999.0 -9999.0 -9999.0 0.2 0.3 0.1 0.3 0.7 0.0 0.3 0.5 0.4 0.4 0.7 0.2 1.0 0.5 4.2 4.1 6.5 6.7 9.1 10.2 20.6 33.9 24.9 43.9 61.7 95.0 112.7 115.9 112.4 98.8 104.0 92.7 87.2 70.0 53.6 45.7 55.4 33.7 29.3 20.0 25.8 29.0 35.2 54.2 74.2 114.1 120.2 118.6 93.0 65.0 58.0 73.4 90.8 115.0 165.9 195.7 195.4 177.0 163.1 161.0 168.6 180.1
-9999.0 -9999.0 -9999.0 -9999.0 -9999.0 -9999.0 -9999.0 -9999.0 -9999.0 -9999.0 -9999.0 -9999.0 -9999.0 -9999.0 -9999.0 -9999.0 -9999.0 59.6 17.3 -9999.0 9.2 0.3 3.2 3.6 0.6 1.2 0.2 0.8 3.7 1.9 5.2 10.1 7.4 8.7 6.5 10.8 34.0 12.1 33.6 49.0 70.5 106.0 99.6 94.5 120.1 112.4 282.7 94.1 74.4 60.0 48.4 36.6 28.7 29.7 28.4 27.4 22.6 37.9 51.6 72.6 99.6 108.9 104.3 81.3 54.9 51.7 70.7 95.7 113.7 150.1 166.2 191.6 196.1 207.3 204.2 210.8 220.7
-9999.0 -9999.0 -9999.0 -9999.0 -9999.0 -9999.0 -9999.0 -9999.0 -9999.0 -9999.0 -9999.0 -9999.0 -9999.0 -9999.0 -9999.0 -9999.0 -9999.0 -9999.0 -9999.0 -9999.0 -9999.0 5.7 2.0 0.2 1.6 10.7 8.9 7.4 5.2 10.6 9.2 22.7 16.3 12.2 9.0 12.0 12.5 15.3 15.4 11.7 16.1 92.2 103.3 95.4 117.3 101.3 380.1 124.3 97.9 141.9 61.6 74.8 61.7 29.5 31.1 36.4 36.2 36.1 55.6 74.6 93.0 103.4 85.1 70.9 49.2 54.1 80.0 105.6 104.1 114.8 136.4 188.4 212.5 226.9 231.0 245.1 261.0
-9999.0 -9999.0 -9999.0 -9999.0 -9999.0 -9999.0 -9999.0 -9999.0 -9999.0 -9999.0 -9999.0 -9999.0 -9999.0 -9999.0 -9999.0 -9999.0 -9999.0 -9999.0 -9999.0 -9999.0 -9999.0 -9999.0 -9999.0 56.8 12.6 15.8 15.5 10.8 3.8 10.8 10.6 13.4 15.6 20.8 26.6 28.6 40.0 26.6 51.7 69.6 70.2 99.7 69.6 64.5 123.0 392.0 218.1 187.2 219.7 205.2 97.4 88.0 66.2 59.8 41.1 17.0 40.8 50.2 57.0 74.2 118.3 116.3 93.2 70.9 70.8 78.7 102.2 122.6 143.5 119.2 163.1 185.9 213.4 245.7 246.0 275.7 321.7
-9999.0 -9999.0 -9999.0 -9999.0 -9999.0 -9999.0 -9999.0 -9999.0 -9999.0 -9999.0 -9999.0 -9999.0 -9999.0 -9999.0 -9999.0 -9999.0 -9999.0 -9999.0 -9999.0 -9999.0 -9999.0 -9999.0 -9999.0 -9999.0 -9999.0 143.6 55.5 2.3 4.7 4.8 12.2 28.1 35.5 37.2 39.4 54.2 86.3 53.4 86.5 65.8 109.1 70.5 72.9 94.0 272.8 412.3 374.5 542.9 150.6 209.1 127.9 119.8 111.8 97.5 50.4 36.1 49.1 45.5 60.6 73.0 95.0 97.0 74.3 65.1 78.1 101.2 128.0 139.6 148.1 153.2 159.8 188.7 203.6 252.1 268.7 282.4 330.4
-9999.0 -9999.0 -9999.0 -9999.0 -9999.0 -9999.0 -9999.0 -9999.0 -9999.0 -9999.0 -9999.0 -9999.0 -9999.0 -9999.0 -9999.0 -9999.0 -9999.0 -9999.0 -9999.0 -9999.0 -9999.0 -9999.0 -9999.0 -9999.0 -9999.0 -9999.0 -9999.0 193.7 184.0 74.6 67.2 69.1 46.8 74.5 72.1 71.9 68.1 66.5 47.3 69.8 100.1 56.9 110.8 240.8 318.5 414.7 495.9 547.2 577.7 380.6 498.6 436.9 150.0 117.9 77.4 65.8 36.9 38.0 59.9 73.7 89.9 76.9 47.4 47.6 44.5 77.5 112.7 130.3 124.4 130.0 153.0 190.0 208.6 240.4 234.0 239.2 264.1
-9999.0 -9999.0 -9999.0 -9999.0 -9999.0 -9999.0 -9999.0 -9999.0 -9999.0 -9999.0 -9999.0 -9999.0 -9999.0 -9999.0 -9999.0 -9999.0 -9999.0 -9999.0 -9999.0 -9999.0 -9999.0 -9999.0 -9999.0 -9999.0 -9999.0 -9999.0 -9999.0 -9999.0 -9999.0 -9999.0 -9999.0 -9999.0 -9999.0 128.8 107.3 -9999.0 -9999.0 -9999.0 85.5 80.9 82.7 114.5 124.6 269.1 349.6 408.5 -9999.0 -9999.0 -9999.0 -9999.0 -9999.0 -9999.0 235.1 127.9 82.8 45.2 34.6 29.9 46.6 66.0 78.2 64.5 50.2 45.5 58.2 75.6 80.7 79.3 89.3 115.2 141.8 166.8 190.8 200.5 204.1 187.0 197.9
-9999.0 -9999.0 -9999.0 -9999.0 -9999.0 -9999.0 -9999.0 -9999.0 -9999.0 -9999.0 -9999.0 -9999.0 -9999.0 -9999.0 -9999.0 -9999.0 -9999.0 -9999.0 -9999.0 -9999.0 -9999.0 -9999.0 -9999.0 -9999.0 -9999.0 -9999.0 -9999.0 -9999.0 -9999.0 -9999.0 -9999.0 -9999.0 -9999.0 -9999.0 -9999.0 -9999.0 -9999.0 -9999.0 -9999.0 169.5 182.0 206.6 240.2 280.4 -9999.0 -9999.0 -9999.0 -9999.0 -9999.0 -9999.0 -9999.0 -9999.0 210.9 128.3 72.9 38.8 27.0 23.8 30.8 49.7 67.4 61.8 48.3 58.3 53.0 66.3 73.6 78.2 86.9 99.7 120.2 132.3 141.5 158.1 157.3 159.2 158.2
-9999.0 -9999.0 -9999.0 -9999.0 -9999.0 -9999.0 -9999.0 -9999.0 -9999.0 -9999.0 -9999.0 -9999.0 -9999.0 -9999.0 -9999.0 -9999.0 -9999.0 -9999.0 -9999.0 -9999.0 -9999.0 -9999.0 -9999.0 -9999.0 -9999.0 -9999.0 -9999.0 -9999.0 -9999.0 -9999.0 -9999.0 -9999.0 -9999.0 -9999.0 -9999.0 -9999.0 -9999.0 -9999.0 -9999.0 -9999.0 -9999.0 -9999.0 -9999.0 -9999.0 -9999.0 -9999.0 -9999.0 -9999.0 -9999.0 -9999.0 -9999.0 -9999.0 238.3 124.8 66.1 51.9 28.4 21.3 23.7 39.8 53.7 61.7 43.1 64.5 72.8 107.3 118.9 106.9 109.0 118.5 123.6 118.8 135.3 134.6 151.4 172.3 185.6
-9999.0 -9999.0 -9999.0 -9999.0 -9999.0 -9999.0 -9999.0 -9999.0 -9999.0 -9999.0 -9999.0 -9999.0 -9999.0 -9999.0 -9999.0 -9999.0 -9999.0 -9999.0 -9999.0 -9999.0 -9999.0 -9999.0 -9999.0 -9999.0 -9999.0 -9999.0 -9999.0 -9999.0 -9999.0 -9999.0 -9999.0 -9999.0 -9999.0 -9999.0 -9999.0 -9999.0 -9999.0 -9999.0 -9999.0 -9999.0 -9999.0 -9999.0 -9999.0 -9999.0 -9999.0 -9999.0 -9999.0 -9999.0 -9999.0 -9999.0 -9999.0 272.8 198.2 119.9 63.6 44.5 30.2 28.5 22.4 16.4 49.0 52.0 62.3 65.4 89.6 129.5 150.9 171.8 154.9 174.9 164.7 145.6 136.2 147.1 177.1 212.3 238.2
-9999.0 -9999.0 -9999.0 -9999.0 -9999.0 -9999.0 -9999.0 -9999.0 -9999.0 -9999.0 -9999.0 -9999.0 -9999.0 -9999.0 -9999.0 -9999.0 -9999.0 -9999.0 -9999.0 -9999.0 -9999.0 -9999.0 -9999.0 -9999.0 -9999.0 -9999.0 -9999.0 -9999.0 -9999.0 -9999.0 -9999.0 -9999.0 -9999.0 -9999.0 -9999.0 -9999.0 -9999.0 -9999.0 -9999.0 -9999.0 -9999.0 -9999.0 -9999.0 -9999.0 -9999.0 -9999.0 -9999.0 -9999.0 -9999.0 -9999.0 234.5 257.2 195.9 130.7 81.4 55.4 28.5 13.8 20.8 38.6 43.5 55.8 60.8 67.6 100.0 145.6 158.0 168.1 185.4 240.0 226.0 191.6 175.9 201.1 219.3 234.5 246.8
-9999.0 -9999.0 -9999.0 -9999.0 -9999.0 -9999.0 -9999.0 -9999.0 -9999.0 -9999.0 -9999.0 -9999.0 -9999.0 -9999.0 -9999.0 -9999.0 -9999.0 -9999.0 -9999.0 -9999.0 -9999.0 -9999.0 -9999.0 -9999.0 -9999.0 -9999.0 -9999.0 -9999.0 -9999.0 -9999.0 -9999.0 -9999.0 -9999.0 -9999.0 -9999.0 -9999.0 -9999.0 -9999.0 -9999.0 -9999.0 -9999.0 -9999.0 -9999.0 -9999.0 -9999.0 -9999.0 -9999.0 -9999.0 -9999.0 -9999.0 184.5 238.2 189.2 142.3 95.5 59.1 20.5 37.3 41.1 41.2 46.5 62.6 68.8 82.3 107.7 144.9 156.0 159.6 200.8 253.3 255.1 224.9 207.9 212.6 191.2 171.9 216.9
-9999.0 -9999.0 -9999.0 -9999.0 -9999.0 -9999.0 -9999.0 -9999.0 -9999.0 -9999.0 -9999.0 -9999.0 -9999.0 -9999.0 -9999.0 -9999.0 -9999.0 -9999.0 -9999.0 -9999.0 -9999.0 -9999.0 -9999.0 -9999.0 -9999.0 -9999.0 -9999.0 -9999.0 -9999.0 -9999.0 -9999.0 -9999.0 -9999.0 -9999.0 -9999.0 -9999.0 -9999.0 -9999.0 -9999.0 -9999.0 -9999.0 -9999.0 -9999.0 -9999.0 -9999.0 -9999.0 -9999.0 -9999.0 -9999.0 -9999.0 131.8 167.9 150.7 140.7 84.1 51.6 60.7 46.0 63.3 51.9 71.4 86.5 85.4 83.9 105.9 126.2 124.5 130.9 186.9 244.7 250.2 267.9 198.9 205.7 139.0 153.0 237.5
-9999.0 -9999.0 -9999.0 -9999.0 -9999.0 -9999.0 -9999.0 -9999.0 -9999.0 -9999.0 -9999.0 -9999.0 -9999.0 -9999.0 -9999.0 -9999.0 -9999.0 -9999.0 -9999.0 -9999.0 -9999.0 -9999.0 -9999.0 -9999.0 -9999.0 -9999.0 -9999.0 -9999.0 -9999.0 -9999.0 -9999.0 -9999.0 -9999.0 -9999.0 -9999.0 -9999.0 -9999.0 -9999.0 -9999.0 -9999.0 -9999.0 -9999.0 -9999.0 -9999.0 -9999.0 -9999.0 -9999.0 -9999.0 -9999.0 -9999.0 136.6 168.6 150.7 131.3 94.4 75.6 47.2 65.5 89.0 89.8 111.5 106.4 69.0 92.7 107.2 112.7 119.6 116.0 179.4 210.8 232.1 222.0 210.7 186.4 125.5 180.3 261.3
-9999.0 -9999.0 -9999.0 -9999.0 -9999.0 -9999.0 -9999.0 -9999.0 -9999.0 -9999.0 -9999.0 -9999.0 -9999.0 -9999.0 -9999.0 -9999.0 -9999.0 -9999.0 -9999.0 -9999.0 -9999.0 -9999.0 -9999.0 -9999.0 -9999.0 -9999.0 -9999.0 -9999.0 -9999.0 -9999.0 -9999.0 -9999.0 -9999.0 -9999.0 -9999.0 -9999.0 -9999.0 -9999.0 -9999.0 -9999.0 -9999.0 -9999.0 -9999.0 -9999.0 -9999.0 -9999.0 -9999.0 -9999.0 -9999.0 -9999.0 -9999.0 -9999.0 -9999.0 128.4 113.8 86.1 74.8 91.8 104.7 133.8 196.3 118.1 169.7 132.1 119.8 107.8 120.8 108.5 175.8 212.3 196.2 189.1 187.6 170.5 163.8 194.4 266.6
-9999.0 -9999.0 -9999.0 -9999.0 -9999.0 -9999.0 -9999.0 -9999.0 -9999.0 -9999.0 -9999.0 -9999.0 -9999.0 -9999.0 -9999.0 -9999.0 -9999.0 -9999.0 -9999.0 -9999.0 -9999.0 -9999.0 -9999.0 -9999.0 -9999.0 -9999.0 -9999.0 -9999.0 -9999.0 -9999.0 -9999.0 -9999.0 -9999.0 -9999.0 -9999.0 -9999.0 -9999.0 -9999.0 -9999.0 -9999.0 -9999.0 -9999.0 -9999.0 -9999.0 -9999.0 -9999.0 -9999.0 -9999.0 -9999.0 -9999.0 -9999.0 -9999.0 -9999.0 115.4 105.3 103.4 86.0 95.5 134.7 202.6 201.5 191.7 250.7 218.7 185.5 148.0 136.0 151.8 159.2 165.2 146.3 153.3 167.1 165.2 169.5 218.5 242.8
-9999.0 -9999.0 -9999.0 -9999.0 -9999.0 -9999.0 -9999.0 -9999.0 -9999.0 -9999.0 -9999.0 -9999.0 -9999.0 -9999.0 -9999.0 -9999.0 -9999.0 -9999.0 -9999.0 -9999.0 -9999.0 -9999.0 -9999.0 -9999.0 -9999.0 -9999.0 -9999.0 -9999.0 -9999.0 -9999.0 -9999.0 -9999.0 -9999.0 -9999.0 -9999.0 -9999.0 -9999.0 -9999.0 -9999.0 -9999.0 -9999.0 -9999.0 -9999.0 -9999.0 -9999.0 -9999.0 -9999.0 -9999.0 -9999.0 -9999.0 -9999.0 -9999.0 -9999.0 87.4 71.7 83.6 82.9 97.4 135.9 180.6 249.3 288.2 326.6 300.8 291.1 -9999.0 -9999.0 -9999.0 175.8 151.0 145.9 149.7 130.3 104.9 118.7 175.5 197.8
-9999.0 -9999.0 -9999.0 -9999.0 -9999.0 -9999.0 -9999.0 -9999.0 -9999.0 -9999.0 -9999.0 -9999.0 -9999.0 -9999.0 -9999.0 -9999.0 -9999.0 -9999.0 -9999.0 -9999.0 -9999.0 -9999.0 -9999.0 -9999.0 -9999.0 -9999.0 -9999.0 -9999.0 -9999.0 -9999.0 -9999.0 -9999.0 -9999.0 -9999.0 -9999.0 -9999.0 -9999.0 -9999.0 -9999.0 -9999.0 -9999.0 -9999.0 -9999.0 -9999.0 -9999.0 -9999.0 -9999.0 -9999.0 -9999.0 -9999.0 -9999.0 -9999.0 -9999.0 -9999.0 57.1 58.2 60.2 79.1 122.3 185.8 216.2 -9999.0 -9999.0 -9999.0 -9999.0 -9999.0 -9999.0 -9999.0 171.8 168.0 178.6 145.2 94.6 60.6 65.6 98.2 150.2
-9999.0 -9999.0 -9999.0 -9999.0 -9999.0 -9999.0 -9999.0 -9999.0 -9999.0 -9999.0 -9999.0 -9999.0 -9999.0 -9999.0 -9999.0 -9999.0 -9999.0 -9999.0 -9999.0 -9999.0 -9999.0 -9999.0 -9999.0 -9999.0 -9999.0 -9999.0 -9999.0 -9999.0 -9999.0 -9999.0 -9999.0 -9999.0 -9999.0 -9999.0 -9999.0 -9999.0 -9999.0 -9999.0 -9999.0 -9999.0 -9999.0 -9999.0 -9999.0 -9999.0 -9999.0 -9999.0 -9999.0 -9999.0 -9999.0 -9999.0 -9999.0 -9999.0 -9999.0 -9999.0 -9999.0 33.8 52.7 62.1 88.8 142.2 200.4 -9999.0 -9999.0 -9999.0 -9999.0 -9999.0 -9999.0 -9999.0 -9999.0 -9999.0 148.8 -9999.0 -9999.0 -9999.0 -9999.0 -9999.0 133.3
-9999.0 -9999.0 -9999.0 -9999.0 -9999.0 -9999.0 -9999.0 -9999.0 -9999.0 -9999.0 -9999.0 -9999.0 -9999.0 -9999.0 -9999.0 -9999.0 -9999.0 -9999.0 -9999.0 -9999.0 -9999.0 -9999.0 -9999.0 -9999.0 -9999.0 -9999.0 -9999.0 -9999.0 -9999.0 -9999.0 -9999.0 -9999.0 -9999.0 -9999.0 -9999.0 -9999.0 -9999.0 -9999.0 -9999.0 -9999.0 -9999.0 -9999.0 -9999.0 -9999.0 -9999.0 -9999.0 -9999.0 -9999.0 -9999.0 -9999.0 -9999.0 -9999.0 -9999.0 -9999.0 -9999.0 -9999.0 -9999.0 -9999.0 65.3 100.0 -9999.0 -9999.0 -9999.0 -9999.0 -9999.0 -9999.0 -9999.0 -9999.0 -9999.0 -9999.0 -9999.0 -9999.0 -9999.0 -9999.0 -9999.0 89.0 136.7
-9999.0 -9999.0 -9999.0 -9999.0 -9999.0 -9999.0 -9999.0 -9999.0 -9999.0 -9999.0 -9999.0 -9999.0 -9999.0 -9999.0 -9999.0 -9999.0 -9999.0 -9999.0 -9999.0 -9999.0 -9999.0 -9999.0 -9999.0 -9999.0 -9999.0 -9999.0 -9999.0 -9999.0 -9999.0 -9999.0 -9999.0 -9999.0 -9999.0 -9999.0 -9999.0 -9999.0 -9999.0 -9999.0 -9999.0 -9999.0 -9999.0 -9999.0 -9999.0 -9999.0 -9999.0 -9999.0 -9999.0 -9999.0 -9999.0 -9999.0 -9999.0 -9999.0 -9999.0 -9999.0 -9999.0 -9999.0 -9999.0 -9999.0 -9999.0 -9999.0 -9999.0 -9999.0 -9999.0 -9999.0 -9999.0 -9999.0 -9999.0 -9999.0 -9999.0 -9999.0 -9999.0 -9999.0 -9999.0 -9999.0 -9999.0 -9999.0 -9999.0
