program/excelProcessViaJava/data/SURF_CLI_CHN_PRE_MON_GRID_0.5-199108.txt
NCOLS      128
NROWS       72
XLLCORNER    72.000000000000    
YLLCORNER    18.000000000000    
CELLSIZE    0.50000000000000    
NODATA_VALUE   -9999.000    
[rows 33 to 65 of 72, columns 0 to 74 of 128]
-9999.0 -9999.0 -9999.0 -9999.0 0.7 1.0 1.4 3.2 5.7 9.9 13.2 15.9 17.0 15.1 14.9 15.3 14.2 13.4 13.8 15.5 16.3 16.6 16.9 19.3 21.5 26.0 29.8 57.0 46.0 47.3 48.2 45.0 42.9 45.2 36.9 35.7 32.6 51.8 48.3 34.8 20.5 16.6 19.5 20.8 23.4 26.3 32.7 47.0 58.1 47.9 53.9 89.9 113.5 130.4 95.1 92.1 81.0 81.7 68.0 65.1 53.9 40.5 32.9 21.5 16.8 24.6 31.2 26.8 35.6 31.8 28.4 29.0 32.4 39.3 49.5
-9999.0 -9999.0 -9999.0 -9999.0 0.3 0.6 0.9 2.0 2.8 5.4 11.0 14.2 20.2 25.6 24.5 26.5 27.8 20.9 17.1 17.5 22.6 25.2 28.5 42.1 54.2 56.0 50.5 49.1 46.5 44.8 43.0 44.5 40.7 39.9 41.0 38.0 45.0 52.7 43.6 33.5 51.3 27.0 27.0 21.6 20.9 20.1 20.1 21.2 23.6 31.0 38.2 52.5 112.1 95.2 85.3 86.2 76.6 68.6 61.9 38.8 50.2 34.0 29.9 30.6 26.9 25.4 40.5 35.9 33.8 36.0 28.7 30.8 37.0 47.8 56.9
-9999.0 -9999.0 -9999.0 -9999.0 -9999.0 -9999.0 -9999.0 1.3 2.2 4.8 6.6 10.7 17.9 23.2 29.1 27.3 36.7 32.1 30.8 39.2 49.9 54.5 55.2 54.2 52.3 50.2 49.4 47.7 45.7 45.6 43.5 41.8 40.2 41.0 43.8 41.4 49.7 50.1 62.9 70.9 50.1 90.6 91.0 72.2 47.8 24.6 35.1 30.5 42.1 29.9 30.8 44.8 77.6 145.3 128.8 78.7 61.0 48.8 59.1 43.7 53.6 38.9 33.7 35.6 44.0 39.3 49.0 51.5 40.5 35.9 30.0 33.2 46.2 60.2 66.4
-9999.0 -9999.0 -9999.0 -9999.0 -9999.0 -9999.0 -9999.0 0.6 1.9 3.1 5.5 10.3 14.7 18.7 26.6 29.4 38.4 43.2 46.8 50.0 51.8 54.3 53.9 53.4 51.6 49.8 47.3 47.2 42.7 39.9 40.9 39.6 38.5 41.6 39.3 42.0 43.4 52.4 58.0 62.5 71.6 78.6 88.7 116.3 80.0 51.4 63.5 67.6 102.9 89.2 136.0 130.8 94.3 113.6 131.0 83.4 64.5 55.3 54.9 54.5 51.4 53.8 49.0 53.8 53.4 55.1 57.4 54.5 57.0 37.1 38.0 45.1 59.4 70.5 60.7
-9999.0 -9999.0 -9999.0 -9999.0 -9999.0 -9999.0 -9999.0 -9999.0 -9999.0 2.3 4.9 9.0 12.3 18.1 25.0 31.5 36.5 38.6 46.0 48.8 52.5 53.3 53.5 52.9 51.4 48.9 47.5 45.1 41.1 42.0 35.9 36.0 35.5 37.5 35.2 37.5 40.6 48.4 52.6 63.0 67.1 79.2 82.6 82.0 96.5 98.3 100.6 99.0 102.3 103.6 118.0 113.4 109.3 104.5 121.5 84.2 58.8 50.0 55.8 52.8 55.4 63.2 70.1 65.9 73.0 68.7 62.3 59.5 70.7 55.6 62.4 69.7 73.1 74.7 74.8
-9999.0 -9999.0 -9999.0 -9999.0 -9999.0 -9999.0 -9999.0 -9999.0 -9999.0 -9999.0 -9999.0 6.3 12.9 15.7 22.9 28.6 35.0 40.7 45.4 49.2 52.2 53.8 54.8 53.6 54.7 51.6 50.1 47.3 43.8 39.9 37.4 38.6 34.5 34.8 34.5 43.0 41.4 47.2 67.1 62.7 76.4 77.2 78.2 80.9 111.1 98.3 127.9 112.7 116.3 107.6 93.3 97.8 102.7 110.3 117.1 97.2 72.9 67.1 58.1 57.2 65.2 67.7 73.4 82.7 91.3 64.8 50.9 62.8 76.5 83.4 94.8 105.1 89.9 71.1 54.4
-9999.0 -9999.0 -9999.0 -9999.0 -9999.0 -9999.0 -9999.0 -9999.0 -9999.0 -9999.0 -9999.0 -9999.0 11.0 16.4 20.5 27.8 31.3 39.1 44.3 47.7 51.4 54.0 55.4 54.8 57.8 53.1 49.4 49.2 45.4 45.3 39.6 36.8 35.4 37.9 39.2 39.8 51.5 49.5 52.5 56.8 63.3 70.5 77.3 93.0 100.4 113.8 128.0 111.4 109.4 101.6 109.6 105.5 97.4 92.5 98.0 99.9 93.5 92.6 61.2 76.8 75.5 87.0 92.4 93.1 89.4 101.4 61.5 70.8 84.7 99.7 113.0 108.2 94.5 82.5 83.2
-9999.0 -9999.0 -9999.0 -9999.0 -9999.0 -9999.0 -9999.0 -9999.0 -9999.0 -9999.0 -9999.0 -9999.0 7.4 14.7 20.4 25.5 32.3 38.0 42.8 47.9 51.8 55.1 57.0 56.7 54.6 54.9 52.9 48.4 47.1 42.5 41.9 42.3 38.6 37.6 39.9 40.5 50.6 56.9 60.4 64.8 66.1 71.3 91.8 86.5 108.7 129.5 122.6 118.6 98.5 102.4 92.9 96.3 88.6 97.1 89.2 100.7 92.4 93.8 76.9 78.7 82.9 89.1 104.2 116.1 84.7 90.4 48.1 51.5 68.4 96.2 125.4 144.9 149.0 139.1 130.3
-9999.0 -9999.0 -9999.0 -9999.0 -9999.0 -9999.0 -9999.0 -9999.0 -9999.0 -9999.0 -9999.0 -9999.0 -9999.0 12.1 16.3 23.9 29.9 35.9 41.1 46.0 50.9 53.4 58.0 57.2 58.5 61.3 59.9 59.3 54.4 50.3 44.9 41.6 43.9 43.6 39.5 42.8 48.4 57.9 82.1 79.7 83.0 92.0 94.4 113.2 112.0 117.3 137.0 146.5 141.2 125.1 111.9 97.0 93.6 123.4 115.1 110.4 102.3 109.0 128.5 115.0 114.7 104.1 115.6 87.1 74.6 76.6 75.8 61.4 75.7 90.4 87.5 116.6 155.9 162.2 157.3
-9999.0 -9999.0 -9999.0 -9999.0 -9999.0 -9999.0 -9999.0 -9999.0 -9999.0 -9999.0 -9999.0 -9999.0 5.8 8.9 14.5 21.3 26.4 33.4 39.4 43.3 48.3 52.9 57.6 59.8 60.9 65.4 64.0 61.1 58.5 56.2 52.0 46.4 50.2 45.8 47.9 48.4 59.7 60.7 70.4 82.7 105.5 120.9 132.4 107.1 124.5 140.4 148.1 148.8 154.3 147.3 146.0 144.4 119.9 125.9 116.0 114.3 127.7 95.4 124.8 118.6 128.1 145.3 128.1 149.3 106.3 92.8 64.6 63.5 93.3 131.8 153.0 161.6 153.8 126.7 127.6
-9999.0 -9999.0 -9999.0 -9999.0 -9999.0 -9999.0 -9999.0 -9999.0 -9999.0 -9999.0 -9999.0 -9999.0 4.0 8.1 12.8 16.4 23.3 29.9 35.7 42.8 46.4 53.9 58.7 62.7 64.5 65.7 67.2 66.8 65.5 61.7 58.1 55.8 57.5 50.9 51.6 56.7 60.6 72.4 84.3 91.6 102.7 103.1 105.2 115.1 131.1 154.6 184.2 193.1 193.3 169.4 162.3 165.0 143.6 130.9 124.7 111.4 124.7 138.8 132.9 169.6 192.0 214.4 124.3 98.2 102.9 104.6 103.2 86.4 90.0 112.1 139.8 161.3 177.0 209.6 198.7
-9999.0 -9999.0 -9999.0 -9999.0 -9999.0 -9999.0 -9999.0 -9999.0 -9999.0 -9999.0 -9999.0 -9999.0 3.0 5.9 9.8 14.9 20.3 26.8 33.1 39.8 47.6 54.7 59.4 66.6 70.3 76.5 77.8 81.4 76.0 74.1 71.0 72.6 64.7 61.2 62.4 68.1 75.6 88.2 100.9 120.2 124.9 114.5 138.4 105.7 140.4 179.1 202.6 208.1 201.4 201.8 198.1 180.3 203.3 199.0 169.2 121.3 137.1 156.3 176.9 158.5 173.7 188.7 295.1 125.6 102.0 138.6 131.6 124.6 125.1 123.2 135.2 195.9 224.7 247.5 243.9
-9999.0 -9999.0 -9999.0 -9999.0 -9999.0 -9999.0 -9999.0 -9999.0 -9999.0 -9999.0 -9999.0 -9999.0 -9999.0 3.6 7.2 11.7 17.0 22.4 29.8 37.3 45.2 52.4 61.1 69.2 73.5 80.4 84.6 87.0 91.1 87.3 90.7 87.0 85.4 80.1 82.7 95.5 102.7 108.3 126.3 140.4 149.1 164.6 169.5 162.2 147.5 168.7 200.5 189.7 222.9 221.7 203.5 218.7 204.4 177.2 195.6 190.0 139.5 147.5 190.9 273.6 270.5 417.6 313.0 115.7 149.3 156.8 161.7 158.0 147.3 149.7 151.0 168.2 231.8 202.8 253.6
-9999.0 -9999.0 -9999.0 -9999.0 -9999.0 -9999.0 -9999.0 -9999.0 -9999.0 -9999.0 -9999.0 -9999.0 -9999.0 2.1 5.3 8.8 13.9 18.3 24.9 33.0 42.5 51.5 60.8 69.7 74.7 85.0 93.2 97.2 103.4 112.6 112.9 111.8 107.0 106.7 113.1 118.1 120.2 132.1 152.4 172.4 177.5 179.4 176.5 174.0 194.6 181.2 190.6 174.7 192.1 198.1 216.1 187.8 213.1 222.5 228.1 208.6 172.1 178.6 233.6 157.4 316.7 187.1 140.1 215.9 202.0 186.5 182.8 172.6 158.8 147.6 154.2 177.4 203.4 239.5 264.1
-9999.0 -9999.0 -9999.0 -9999.0 -9999.0 -9999.0 -9999.0 -9999.0 -9999.0 -9999.0 -9999.0 -9999.0 -9999.0 -9999.0 -9999.0 6.3 9.8 15.6 21.0 27.3 38.8 46.9 56.6 67.9 79.5 90.0 102.9 111.6 121.8 126.2 132.7 134.8 139.3 140.0 138.8 149.3 157.1 150.6 170.3 185.2 191.8 193.3 189.7 181.5 159.5 142.3 168.4 128.0 169.2 121.6 170.6 222.9 200.9 208.6 174.9 207.5 212.7 149.4 289.0 358.3 163.1 166.8 328.2 327.8 282.9 229.5 193.7 165.0 143.1 149.6 160.7 173.5 203.1 224.7 234.8
-9999.0 -9999.0 -9999.0 -9999.0 -9999.0 -9999.0 -9999.0 -9999.0 -9999.0 -9999.0 -9999.0 -9999.0 -9999.0 -9999.0 -9999.0 -9999.0 -9999.0 2.0 10.9 -9999.0 27.1 43.8 51.0 62.7 79.1 91.5 107.0 119.4 129.8 143.3 151.7 155.9 162.8 160.4 153.4 165.1 175.6 160.9 183.2 191.7 194.0 190.7 187.9 178.6 144.1 133.2 95.6 167.5 112.1 142.4 96.3 149.1 134.1 199.7 215.2 227.9 207.1 283.4 312.3 375.7 141.3 252.0 407.0 425.8 347.0 261.9 201.0 161.0 136.2 143.7 147.5 157.8 168.5 182.2 193.7
-9999.0 -9999.0 -9999.0 -9999.0 -9999.0 -9999.0 -9999.0 -9999.0 -9999.0 -9999.0 -9999.0 -9999.0 -9999.0 -9999.0 -9999.0 -9999.0 -9999.0 -9999.0 -9999.0 -9999.0 -9999.0 35.6 49.4 65.3 76.4 84.6 101.0 118.0 136.0 148.1 163.8 164.9 175.2 180.0 174.0 182.3 179.5 177.7 180.7 192.7 201.7 176.9 174.5 169.0 147.6 139.3 107.1 96.6 158.3 259.5 123.8 197.8 201.6 153.0 188.0 239.8 269.4 260.2 411.2 358.8 162.1 230.2 396.3 428.0 370.5 281.6 211.8 164.8 137.2 143.7 155.1 136.6 140.9 137.0 128.3
-9999.0 -9999.0 -9999.0 -9999.0 -9999.0 -9999.0 -9999.0 -9999.0 -9999.0 -9999.0 -9999.0 -9999.0 -9999.0 -9999.0 -9999.0 -9999.0 -9999.0 -9999.0 -9999.0 -9999.0 -9999.0 -9999.0 -9999.0 39.0 67.0 80.6 96.8 116.4 138.7 151.7 168.5 180.0 184.6 189.6 189.6 187.7 182.7 172.1 164.5 157.2 154.6 153.6 157.0 157.6 147.0 135.3 105.5 91.0 83.7 86.3 92.4 156.7 120.6 149.3 160.4 163.1 251.7 334.2 191.5 363.9 179.5 227.3 271.0 327.7 322.8 284.6 226.1 173.2 156.5 144.7 124.2 121.2 117.7 113.2 97.6
-9999.0 -9999.0 -9999.0 -9999.0 -9999.0 -9999.0 -9999.0 -9999.0 -9999.0 -9999.0 -9999.0 -9999.0 -9999.0 -9999.0 -9999.0 -9999.0 -9999.0 -9999.0 -9999.0 -9999.0 -9999.0 -9999.0 -9999.0 -9999.0 -9999.0 37.9 78.4 117.7 134.2 148.3 163.8 169.7 174.2 179.3 173.9 173.7 165.0 149.9 138.8 127.4 126.1 130.1 168.2 158.2 153.1 149.6 132.6 150.2 106.4 99.4 147.0 132.9 169.8 176.5 159.7 182.1 248.7 252.4 353.4 343.7 287.9 247.6 455.7 290.2 281.4 273.6 235.6 193.9 155.5 124.1 119.0 111.6 103.0 101.5 99.2
-9999.0 -9999.0 -9999.0 -9999.0 -9999.0 -9999.0 -9999.0 -9999.0 -9999.0 -9999.0 -9999.0 -9999.0 -9999.0 -9999.0 -9999.0 -9999.0 -9999.0 -9999.0 -9999.0 -9999.0 -9999.0 -9999.0 -9999.0 -9999.0 -9999.0 -9999.0 -9999.0 40.8 52.7 112.0 128.6 138.4 162.6 137.8 152.8 114.2 131.5 120.6 122.3 106.0 100.4 127.7 157.6 159.8 160.7 162.9 167.9 173.9 179.6 143.8 173.6 178.4 159.5 174.1 193.2 233.1 224.9 228.6 320.6 251.0 189.0 247.0 182.6 196.0 217.2 232.4 228.0 188.4 153.3 126.7 115.1 107.5 103.9 106.8 98.8
-9999.0 -9999.0 -9999.0 -9999.0 -9999.0 -9999.0 -9999.0 -9999.0 -9999.0 -9999.0 -9999.0 -9999.0 -9999.0 -9999.0 -9999.0 -9999.0 -9999.0 -9999.0 -9999.0 -9999.0 -9999.0 -9999.0 -9999.0 -9999.0 -9999.0 -9999.0 -9999.0 -9999.0 -9999.0 -9999.0 -9999.0 -9999.0 -9999.0 93.5 120.8 -9999.0 -9999.0 -9999.0 113.9 102.9 125.2 141.8 144.6 159.0 164.4 173.5 -9999.0 -9999.0 -9999.0 -9999.0 -9999.0 -9999.0 210.4 230.0 231.3 238.4 250.9 237.6 245.1 224.4 215.4 224.8 168.5 164.6 182.5 210.9 213.3 183.6 145.7 121.6 114.5 116.9 124.7 125.9 137.8
-9999.0 -9999.0 -9999.0 -9999.0 -9999.0 -9999.0 -9999.0 -9999.0 -9999.0 -9999.0 -9999.0 -9999.0 -9999.0 -9999.0 -9999.0 -9999.0 -9999.0 -9999.0 -9999.0 -9999.0 -9999.0 -9999.0 -9999.0 -9999.0 -9999.0 -9999.0 -9999.0 -9999.0 -9999.0 -9999.0 -9999.0 -9999.0 -9999.0 -9999.0 -9999.0 -9999.0 -9999.0 -9999.0 -9999.0 101.9 115.9 128.7 141.5 154.8 -9999.0 -9999.0 -9999.0 -9999.0 -9999.0 -9999.0 -9999.0 -9999.0 259.8 287.6 288.0 269.4 252.6 241.0 236.1 233.3 219.5 199.8 174.2 142.8 151.0 182.5 204.7 196.6 150.4 119.6 118.1 130.5 140.9 163.2 152.3
-9999.0 -9999.0 -9999.0 -9999.0 -9999.0 -9999.0 -9999.0 -9999.0 -9999.0 -9999.0 -9999.0 -9999.0 -9999.0 -9999.0 -9999.0 -9999.0 -9999.0 -9999.0 -9999.0 -9999.0 -9999.0 -9999.0 -9999.0 -9999.0 -9999.0 -9999.0 -9999.0 -9999.0 -9999.0 -9999.0 -9999.0 -9999.0 -9999.0 -9999.0 -9999.0 -9999.0 -9999.0 -9999.0 -9999.0 -9999.0 -9999.0 -9999.0 -9999.0 -9999.0 -9999.0 -9999.0 -9999.0 -9999.0 -9999.0 -9999.0 -9999.0 -9999.0 268.6 340.1 323.9 330.5 261.0 232.8 226.8 231.6 214.1 184.5 266.0 128.4 140.8 195.6 249.2 230.0 176.8 141.6 136.8 151.1 181.9 181.7 185.7
-9999.0 -9999.0 -9999.0 -9999.0 -9999.0 -9999.0 -9999.0 -9999.0 -9999.0 -9999.0 -9999.0 -9999.0 -9999.0 -9999.0 -9999.0 -9999.0 -9999.0 -9999.0 -9999.0 -9999.0 -9999.0 -9999.0 -9999.0 -9999.0 -9999.0 -9999.0 -9999.0 -9999.0 -9999.0 -9999.0 -9999.0 -9999.0 -9999.0 -9999.0 -9999.0 -9999.0 -9999.0 -9999.0 -9999.0 -9999.0 -9999.0 -9999.0 -9999.0 -9999.0 -9999.0 -9999.0 -9999.0 -9999.0 -9999.0 -9999.0 -9999.0 303.8 320.0 364.0 264.4 275.9 235.3 240.0 214.8 198.5 230.4 193.2 133.8 121.3 141.3 207.1 273.9 239.6 219.7 180.2 171.0 180.8 169.0 138.0 145.2
-9999.0 -9999.0 -9999.0 -9999.0 -9999.0 -9999.0 -9999.0 -9999.0 -9999.0 -9999.0 -9999.0 -9999.0 -9999.0 -9999.0 -9999.0 -9999.0 -9999.0 -9999.0 -9999.0 -9999.0 -9999.0 -9999.0 -9999.0 -9999.0 -9999.0 -9999.0 -9999.0 -9999.0 -9999.0 -9999.0 -9999.0 -9999.0 -9999.0 -9999.0 -9999.0 -9999.0 -9999.0 -9999.0 -9999.0 -9999.0 -9999.0 -9999.0 -9999.0 -9999.0 -9999.0 -9999.0 -9999.0 -9999.0 -9999.0 -9999.0 276.3 344.8 350.4 350.2 262.1 251.2 184.8 170.4 197.1 226.3 201.1 195.5 130.6 124.0 143.6 212.2 279.3 279.3 275.7 232.7 224.6 198.3 165.2 156.6 153.7
-9999.0 -9999.0 -9999.0 -9999.0 -9999.0 -9999.0 -9999.0 -9999.0 -9999.0 -9999.0 -9999.0 -9999.0 -9999.0 -9999.0 -9999.0 -9999.0 -9999.0 -9999.0 -9999.0 -9999.0 -9999.0 -9999.0 -9999.0 -9999.0 -9999.0 -9999.0 -9999.0 -9999.0 -9999.0 -9999.0 -9999.0 -9999.0 -9999.0 -9999.0 -9999.0 -9999.0 -9999.0 -9999.0 -9999.0 -9999.0 -9999.0 -9999.0 -9999.0 -9999.0 -9999.0 -9999.0 -9999.0 -9999.0 -9999.0 -9999.0 270.5 381.5 302.0 311.8 280.1 206.8 149.9 205.5 219.4 210.1 184.9 158.9 119.0 118.4 142.3 199.3 266.0 286.8 312.4 293.8 275.5 234.8 182.2 132.6 101.8
-9999.0 -9999.0 -9999.0 -9999.0 -9999.0 -9999.0 -9999.0 -9999.0 -9999.0 -9999.0 -9999.0 -9999.0 -9999.0 -9999.0 -9999.0 -9999.0 -9999.0 -9999.0 -9999.0 -9999.0 -9999.0 -9999.0 -9999.0 -9999.0 -9999.0 -9999.0 -9999.0 -9999.0 -9999.0 -9999.0 -9999.0 -9999.0 -9999.0 -9999.0 -9999.0 -9999.0 -9999.0 -9999.0 -9999.0 -9999.0 -9999.0 -9999.0 -9999.0 -9999.0 -9999.0 -9999.0 -9999.0 -9999.0 -9999.0 -9999.0 243.4 298.5 263.1 358.5 216.5 172.9 241.8 201.4 229.1 204.0 185.6 164.0 134.2 117.6 149.1 195.3 260.2 316.3 353.1 385.9 321.8 319.0 182.6 167.3 98.3
-9999.0 -9999.0 -9999.0 -9999.0 -9999.0 -9999.0 -9999.0 -9999.0 -9999.0 -9999.0 -9999.0 -9999.0 -9999.0 -9999.0 -9999.0 -9999.0 -9999.0 -9999.0 -9999.0 -9999.0 -9999.0 -9999.0 -9999.0 -9999.0 -9999.0 -9999.0 -9999.0 -9999.0 -9999.0 -9999.0 -9999.0 -9999.0 -9999.0 -9999.0 -9999.0 -9999.0 -9999.0 -9999.0 -9999.0 -9999.0 -9999.0 -9999.0 -9999.0 -9999.0 -9999.0 -9999.0 -9999.0 -9999.0 -9999.0 -9999.0 301.4 360.1 307.4 302.6 255.5 258.7 170.9 211.2 221.2 194.2 181.3 154.2 117.5 140.4 179.8 224.8 297.8 363.1 430.7 326.4 329.3 262.2 213.1 183.2 113.8
-9999.0 -9999.0 -9999.0 -9999.0 -9999.0 -9999.0 -9999.0 -9999.0 -9999.0 -9999.0 -9999.0 -9999.0 -9999.0 -9999.0 -9999.0 -9999.0 -9999.0 -9999.0 -9999.0 -9999.0 -9999.0 -9999.0 -9999.0 -9999.0 -9999.0 -9999.0 -9999.0 -9999.0 -9999.0 -9999.0 -9999.0 -9999.0 -9999.0 -9999.0 -9999.0 -9999.0 -9999.0 -9999.0 -9999.0 -9999.0 -9999.0 -9999.0 -9999.0 -9999.0 -9999.0 -9999.0 -9999.0 -9999.0 -9999.0 -9999.0 -9999.0 -9999.0 -9999.0 264.3 232.6 215.9 220.2 234.6 200.0 187.0 252.4 152.8 213.4 191.4 220.9 259.1 340.1 348.0 408.5 374.5 287.6 222.2 187.5 166.9 145.7
-9999.0 -9999.0 -9999.0 -9999.0 -9999.0 -9999.0 -9999.0 -9999.0 -9999.0 -9999.0 -9999.0 -9999.0 -9999.0 -9999.0 -9999.0 -9999.0 -9999.0 -9999.0 -9999.0 -9999.0 -9999.0 -9999.0 -9999.0 -9999.0 -9999.0 -9999.0 -9999.0 -9999.0 -9999.0 -9999.0 -9999.0 -9999.0 -9999.0 -9999.0 -9999.0 -9999.0 -9999.0 -9999.0 -9999.0 -9999.0 -9999.0 -9999.0 -9999.0 -9999.0 -9999.0 -9999.0 -9999.0 -9999.0 -9999.0 -9999.0 -9999.0 -9999.0 -9999.0 282.8 239.7 365.6 245.9 220.7 224.2 257.2 203.9 198.6 280.2 231.2 252.2 275.4 240.9 372.5 279.9 251.3 197.0 179.4 187.1 189.3 174.4
-9999.0 -9999.0 -9999.0 -9999.0 -9999.0 -9999.0 -9999.0 -9999.0 -9999.0 -9999.0 -9999.0 -9999.0 -9999.0 -9999.0 -9999.0 -9999.0 -9999.0 -9999.0 -9999.0 -9999.0 -9999.0 -9999.0 -9999.0 -9999.0 -9999.0 -9999.0 -9999.0 -9999.0 -9999.0 -9999.0 -9999.0 -9999.0 -9999.0 -9999.0 -9999.0 -9999.0 -9999.0 -9999.0 -9999.0 -9999.0 -9999.0 -9999.0 -9999.0 -9999.0 -9999.0 -9999.0 -9999.0 -9999.0 -9999.0 -9999.0 -9999.0 -9999.0 -9999.0 321.9 233.9 337.4 312.4 271.4 267.2 251.4 282.6 290.3 368.8 392.4 245.6 -9999.0 -9999.0 -9999.0 254.8 171.8 167.7 193.8 211.1 210.7 208.1
-9999.0 -9999.0 -9999.0 -9999.0 -9999.0 -9999.0 -9999.0 -9999.0 -9999.0 -9999.0 -9999.0 -9999.0 -9999.0 -9999.0 -9999.0 -9999.0 -9999.0 -9999.0 -9999.0 -9999.0 -9999.0 -9999.0 -9999.0 -9999.0 -9999.0 -9999.0 -9999.0 -9999.0 -9999.0 -9999.0 -9999.0 -9999.0 -9999.0 -9999.0 -9999.0 -9999.0 -9999.0 -9999.0 -9999.0 -9999.0 -9999.0 -9999.0 -9999.0 -9999.0 -9999.0 -9999.0 -9999.0 -9999.0 -9999.0 -9999.0 -9999.0 -9999.0 -9999.0 -9999.0 373.1 375.2 311.8 291.4 348.2 382.4 293.9 -9999.0 -9999.0 -9999.0 -9999.0 -9999.0 -9999.0 -9999.0 173.2 183.0 239.8 204.0 215.6 231.5 226.7
-9999.0 -9999.0 -9999.0 -9999.0 -9999.0 -9999.0 -9999.0 -9999.0 -9999.0 -9999.0 -9999.0 -9999.0 -9999.0 -9999.0 -9999.0 -9999.0 -9999.0 -9999.0 -9999.0 -9999.0 -9999.0 -9999.0 -9999.0 -9999.0 -9999.0 -9999.0 -9999.0 -9999.0 -9999.0 -9999.0 -9999.0 -9999.0 -9999.0 -9999.0 -9999.0 -9999.0 -9999.0 -9999.0 -9999.0 -9999.0 -9999.0 -9999.0 -9999.0 -9999.0 -9999.0 -9999.0 -9999.0 -9999.0 -9999.0 -9999.0 -9999.0 -9999.0 -9999.0 -9999.0 -9999.0 415.1 545.7 421.6 377.8 418.5 393.6 -9999.0 -9999.0 -9999.0 -9999.0 -9999.0 -9999.0 -9999.0 -9999.0 -9999.0 205.3 -9999.0 -9999.0 -9999.0 -9999.0
