program/excelProcessViaJava/data/SURF_CLI_CHN_PRE_MON_GRID_0.5-199911.txt
NCOLS      128
NROWS       72
XLLCORNER    72.000000000000    
YLLCORNER    18.000000000000    
CELLSIZE    0.50000000000000    
NODATA_VALUE   -9999.000    
[rows 35 to 69 of 72, columns 0 to 78 of 128]
-9999.0 -9999.0 -9999.0 -9999.0 -9999.0 -9999.0 -9999.0 6.1 6.9 4.3 6.0 4.4 1.8 1.4 0.8 0.2 0.1 0.1 0.1 0.0 0.0 0.0 0.0 0.0 0.0 0.0 0.0 0.0 0.0 0.1 0.2 0.3 0.5 0.8 1.4 1.2 2.3 2.1 3.6 4.3 1.2 5.9 5.1 2.5 0.8 0.2 0.4 0.2 0.5 0.3 0.3 0.4 0.6 3.2 1.8 0.6 1.3 2.8 5.4 5.7 5.3 1.3 0.6 0.6 1.0 0.4 1.5 2.6 1.8 2.4 2.7 5.1 9.7 12.0 11.6 13.8 11.7 12.0 10.2
-9999.0 -9999.0 -9999.0 -9999.0 -9999.0 -9999.0 -9999.0 11.6 4.1 5.7 5.2 3.0 2.5 2.3 1.0 1.1 0.2 0.1 0.1 0.0 0.0 0.0 0.0 0.0 0.0 0.0 0.0 0.1 0.1 0.1 0.3 0.6 0.9 1.6 1.5 1.9 1.8 2.7 2.8 2.5 3.0 3.2 4.0 7.2 2.3 0.7 1.1 1.2 3.1 2.1 5.2 4.0 1.2 1.3 2.7 0.5 1.0 2.6 4.7 5.7 4.7 4.0 1.9 2.1 1.3 1.9 3.4 4.3 5.6 2.7 4.1 8.1 15.0 17.9 12.8 16.0 14.2 9.2 5.2
-9999.0 -9999.0 -9999.0 -9999.0 -9999.0 -9999.0 -9999.0 -9999.0 -9999.0 5.2 3.8 2.5 2.8 1.8 0.9 0.4 0.3 0.4 0.1 0.1 0.0 0.0 0.0 0.0 0.0 0.0 0.0 0.1 0.1 0.3 0.4 0.8 1.1 1.8 1.6 1.9 2.0 2.5 2.1 2.4 2.0 2.7 2.6 2.2 3.0 2.7 2.5 2.2 2.5 2.6 3.7 3.1 2.3 1.5 2.7 0.6 0.6 1.7 3.6 4.8 5.2 6.0 6.5 2.5 3.0 3.8 6.7 8.8 9.0 6.5 7.6 11.1 17.7 21.1 19.8 10.4 8.2 7.1 7.0
-9999.0 -9999.0 -9999.0 -9999.0 -9999.0 -9999.0 -9999.0 -9999.0 -9999.0 -9999.0 -9999.0 3.8 1.3 2.0 1.0 0.6 0.3 0.1 0.1 0.1 0.0 0.0 0.0 0.0 0.0 0.0 0.1 0.1 0.3 0.4 0.8 1.5 1.6 2.1 2.2 3.8 2.8 2.8 5.5 2.4 3.0 2.0 1.7 1.6 3.7 2.1 4.0 2.4 2.9 2.6 2.1 2.6 2.8 3.1 3.7 1.8 0.8 1.4 2.4 3.8 5.2 5.0 4.5 3.4 3.7 5.6 10.9 13.9 12.8 10.8 10.6 13.8 17.5 18.5 12.8 12.3 11.7 12.4 12.0
-9999.0 -9999.0 -9999.0 -9999.0 -9999.0 -9999.0 -9999.0 -9999.0 -9999.0 -9999.0 -9999.0 -9999.0 1.3 0.9 1.1 0.5 0.6 0.2 0.1 0.1 0.0 0.0 0.0 0.0 0.1 0.1 0.1 0.2 0.4 1.0 1.2 1.7 2.2 3.3 3.9 3.9 6.2 4.1 3.0 2.0 1.5 1.4 1.5 2.4 2.5 2.9 3.4 1.8 1.9 2.0 3.4 3.7 3.4 2.9 3.1 2.9 2.2 2.5 1.4 3.4 4.6 5.5 5.0 3.6 2.9 4.9 11.4 15.6 15.7 13.3 11.9 11.1 12.5 15.0 19.3 19.8 19.5 17.8 17.6
-9999.0 -9999.0 -9999.0 -9999.0 -9999.0 -9999.0 -9999.0 -9999.0 -9999.0 -9999.0 -9999.0 -9999.0 2.8 0.6 0.3 0.5 0.1 0.1 0.1 0.1 0.0 0.0 0.0 0.0 0.0 0.1 0.1 0.2 0.6 0.9 1.6 2.7 3.0 3.5 4.4 4.6 6.7 7.0 5.6 4.1 2.3 1.9 3.3 2.2 3.5 4.6 2.9 2.0 1.0 1.7 2.0 3.2 3.2 4.3 3.4 3.9 2.4 2.1 1.2 2.2 4.1 4.7 5.1 5.4 5.0 6.2 12.2 18.7 21.2 18.9 17.2 19.6 22.6 27.2 25.6 23.7 22.5 17.9 18.3
-9999.0 -9999.0 -9999.0 -9999.0 -9999.0 -9999.0 -9999.0 -9999.0 -9999.0 -9999.0 -9999.0 -9999.0 -9999.0 0.9 1.1 0.2 0.2 0.1 0.1 0.0 0.0 0.0 0.0 0.0 0.1 0.1 0.2 0.6 0.9 1.4 1.9 2.5 3.8 4.5 4.0 4.9 6.0 7.6 12.7 8.6 6.3 5.7 4.6 6.1 4.7 4.2 4.7 4.4 3.5 2.7 2.8 2.8 3.5 7.4 6.5 5.5 3.9 3.6 5.1 4.1 6.4 7.3 7.3 6.0 13.9 11.8 15.8 25.5 31.7 32.0 27.8 30.1 32.4 29.7 25.4 23.3 21.8 22.6 26.0
-9999.0 -9999.0 -9999.0 -9999.0 -9999.0 -9999.0 -9999.0 -9999.0 -9999.0 -9999.0 -9999.0 -9999.0 1.2 1.7 0.9 0.2 0.4 0.1 0.1 0.0 0.0 0.0 0.0 0.1 0.1 0.1 0.3 0.5 0.9 1.6 2.2 2.6 4.1 3.9 4.6 4.7 7.5 7.3 8.5 9.2 12.1 13.2 13.3 6.4 7.7 8.3 7.1 4.7 3.8 3.3 4.8 6.6 5.0 6.6 5.9 5.8 6.8 4.3 5.5 5.5 9.2 12.6 10.9 10.2 8.5 13.6 19.1 30.1 41.7 38.3 38.4 38.7 34.0 26.9 24.0 23.1 23.5 25.3 29.5
-9999.0 -9999.0 -9999.0 -9999.0 -9999.0 -9999.0 -9999.0 -9999.0 -9999.0 -9999.0 -9999.0 -9999.0 1.8 0.3 0.3 1.1 0.5 0.1 0.1 0.1 0.0 0.1 0.1 0.1 0.1 0.2 0.3 0.6 1.0 1.6 2.2 2.8 3.8 3.1 3.1 3.7 4.2 6.9 9.1 8.6 9.2 7.8 7.4 8.5 10.3 12.5 14.4 12.0 8.8 4.2 4.6 6.8 5.4 4.9 5.3 4.9 6.5 7.8 7.4 11.0 14.5 17.5 12.8 11.0 11.6 22.0 25.1 36.9 47.2 53.6 49.5 41.4 34.5 30.2 28.1 26.5 28.3 28.2 32.9
-9999.0 -9999.0 -9999.0 -9999.0 -9999.0 -9999.0 -9999.0 -9999.0 -9999.0 -9999.0 -9999.0 -9999.0 0.2 0.9 0.2 0.2 0.1 0.3 0.1 0.1 0.1 0.1 0.1 0.1 0.2 0.3 0.4 0.9 1.1 1.6 2.2 3.1 2.9 2.5 2.1 2.2 2.9 5.0 7.0 10.5 9.9 7.3 12.5 7.7 13.1 18.5 20.2 17.0 11.6 9.1 8.4 6.8 12.2 12.6 8.8 4.5 6.9 9.1 11.2 9.8 12.7 15.7 21.8 12.2 16.0 32.2 35.0 42.6 50.0 49.8 47.2 43.8 38.5 36.1 35.3 35.3 34.3 37.5 38.4
-9999.0 -9999.0 -9999.0 -9999.0 -9999.0 -9999.0 -9999.0 -9999.0 -9999.0 -9999.0 -9999.0 -9999.0 -9999.0 2.2 1.1 0.2 0.2 0.1 0.2 0.2 0.5 0.2 0.2 0.3 0.3 0.4 0.6 0.8 1.1 1.4 2.1 2.4 2.8 2.2 1.7 2.5 2.8 3.2 5.8 7.4 8.7 14.7 17.0 15.6 14.8 19.3 22.5 20.4 18.6 14.7 10.7 11.5 9.1 6.2 10.4 11.1 5.9 7.5 12.4 19.7 20.1 28.7 22.5 11.3 27.0 29.4 34.3 41.9 46.7 50.1 49.6 49.1 47.9 53.5 52.1 55.4 55.6 52.7 49.5
-9999.0 -9999.0 -9999.0 -9999.0 -9999.0 -9999.0 -9999.0 -9999.0 -9999.0 -9999.0 -9999.0 -9999.0 -9999.0 0.1 1.0 0.2 0.7 0.1 0.2 0.2 0.7 0.6 0.7 0.6 0.5 0.6 0.8 0.9 1.0 1.6 1.7 2.0 1.9 1.7 1.7 1.6 1.2 2.0 4.7 11.4 8.8 10.8 12.6 14.8 23.2 20.8 22.6 20.3 17.5 14.1 13.5 8.0 9.7 12.1 14.2 13.0 10.8 12.9 18.0 17.2 25.0 20.1 20.8 31.5 27.2 27.5 34.1 44.6 51.3 54.9 59.1 60.9 65.1 70.9 76.0 76.9 73.5 69.8 52.6
-9999.0 -9999.0 -9999.0 -9999.0 -9999.0 -9999.0 -9999.0 -9999.0 -9999.0 -9999.0 -9999.0 -9999.0 -9999.0 -9999.0 -9999.0 0.3 0.2 0.4 0.3 0.3 0.8 0.7 0.7 0.9 1.0 1.0 1.4 1.0 1.3 0.8 1.0 1.0 1.6 1.4 0.9 1.9 2.9 0.9 2.5 4.7 9.5 12.1 12.3 12.8 12.9 18.0 19.9 18.6 16.1 8.0 9.3 16.3 9.4 10.2 9.6 13.8 16.7 25.2 23.0 26.6 32.5 25.2 41.2 34.9 31.0 32.3 42.1 56.4 62.0 68.3 74.4 76.2 77.1 88.6 100.4 97.5 95.4 87.7 67.9
-9999.0 -9999.0 -9999.0 -9999.0 -9999.0 -9999.0 -9999.0 -9999.0 -9999.0 -9999.0 -9999.0 -9999.0 -9999.0 -9999.0 -9999.0 -9999.0 -9999.0 0.0 0.1 -9999.0 0.6 1.3 1.3 1.5 1.7 1.6 1.8 1.2 0.7 0.7 0.4 0.3 1.0 0.3 0.2 0.4 2.2 0.2 1.4 3.0 5.4 10.2 9.0 8.8 12.0 15.3 39.8 20.3 11.9 11.9 4.1 8.5 6.6 13.1 15.0 16.2 16.1 19.6 22.8 27.1 21.5 25.9 33.4 36.2 36.3 39.3 51.8 65.4 72.1 81.3 88.9 84.5 88.9 105.7 112.0 109.3 101.5 86.7 67.4
-9999.0 -9999.0 -9999.0 -9999.0 -9999.0 -9999.0 -9999.0 -9999.0 -9999.0 -9999.0 -9999.0 -9999.0 -9999.0 -9999.0 -9999.0 -9999.0 -9999.0 -9999.0 -9999.0 -9999.0 -9999.0 1.8 2.4 3.1 2.7 2.6 2.1 1.4 0.7 0.3 0.2 0.1 0.1 0.1 0.1 0.2 0.2 0.2 0.2 0.1 0.2 7.2 8.9 8.0 8.0 11.1 37.1 15.6 21.6 50.5 12.4 26.3 25.0 16.7 17.7 18.1 16.2 14.1 21.4 23.7 18.2 20.9 22.2 30.3 41.6 50.1 62.4 70.9 76.8 87.0 95.4 89.5 92.8 97.6 94.8 89.8 76.8 55.7 49.3
-9999.0 -9999.0 -9999.0 -9999.0 -9999.0 -9999.0 -9999.0 -9999.0 -9999.0 -9999.0 -9999.0 -9999.0 -9999.0 -9999.0 -9999.0 -9999.0 -9999.0 -9999.0 -9999.0 -9999.0 -9999.0 -9999.0 -9999.0 4.1 4.1 3.9 3.2 2.0 1.0 0.3 0.1 0.1 0.5 0.2 0.5 0.4 0.9 0.3 1.7 3.4 3.5 6.9 3.0 2.0 5.8 32.3 18.1 16.4 15.0 10.0 10.4 29.9 22.1 31.9 22.6 6.8 12.4 15.1 15.4 17.9 24.5 28.3 28.0 20.4 30.3 50.7 64.5 67.8 72.3 78.6 79.7 75.4 70.7 72.7 60.4 55.1 57.6 49.2 44.9
-9999.0 -9999.0 -9999.0 -9999.0 -9999.0 -9999.0 -9999.0 -9999.0 -9999.0 -9999.0 -9999.0 -9999.0 -9999.0 -9999.0 -9999.0 -9999.0 -9999.0 -9999.0 -9999.0 -9999.0 -9999.0 -9999.0 -9999.0 -9999.0 -9999.0 6.0 5.5 3.7 2.0 2.2 0.4 0.1 0.1 0.2 0.2 0.9 3.9 0.8 3.3 1.9 6.1 2.2 0.9 2.0 17.6 32.8 26.1 41.9 17.8 13.3 34.6 35.5 46.8 46.5 19.6 12.1 12.8 9.1 13.7 16.1 23.1 29.0 29.4 17.5 26.1 42.7 52.6 51.7 57.2 63.9 60.9 50.6 38.4 53.4 55.0 39.4 31.2 37.8 58.4
-9999.0 -9999.0 -9999.0 -9999.0 -9999.0 -9999.0 -9999.0 -9999.0 -9999.0 -9999.0 -9999.0 -9999.0 -9999.0 -9999.0 -9999.0 -9999.0 -9999.0 -9999.0 -9999.0 -9999.0 -9999.0 -9999.0 -9999.0 -9999.0 -9999.0 -9999.0 -9999.0 5.2 4.4 1.9 0.7 0.3 0.8 0.2 0.5 0.3 0.5 0.6 0.1 1.0 3.3 0.4 2.7 15.0 23.5 34.9 44.6 48.1 47.5 23.4 30.8 28.9 44.1 36.4 30.0 25.4 13.9 14.8 16.6 23.6 36.3 32.7 30.2 25.1 23.8 28.1 42.2 45.6 47.5 49.8 44.0 46.2 31.9 46.9 41.6 37.0 55.0 49.2 34.3
-9999.0 -9999.0 -9999.0 -9999.0 -9999.0 -9999.0 -9999.0 -9999.0 -9999.0 -9999.0 -9999.0 -9999.0 -9999.0 -9999.0 -9999.0 -9999.0 -9999.0 -9999.0 -9999.0 -9999.0 -9999.0 -9999.0 -9999.0 -9999.0 -9999.0 -9999.0 -9999.0 -9999.0 -9999.0 -9999.0 -9999.0 -9999.0 -9999.0 0.8 0.6 -9999.0 -9999.0 -9999.0 0.7 0.8 0.9 2.9 3.8 20.7 32.8 40.6 -9999.0 -9999.0 -9999.0 -9999.0 -9999.0 -9999.0 38.4 53.5 29.0 25.6 26.1 31.6 35.7 50.8 57.1 45.6 44.0 31.7 23.9 24.8 34.1 44.1 46.9 42.6 37.4 46.9 56.1 48.8 64.5 51.5 72.2 50.2 36.0
-9999.0 -9999.0 -9999.0 -9999.0 -9999.0 -9999.0 -9999.0 -9999.0 -9999.0 -9999.0 -9999.0 -9999.0 -9999.0 -9999.0 -9999.0 -9999.0 -9999.0 -9999.0 -9999.0 -9999.0 -9999.0 -9999.0 -9999.0 -9999.0 -9999.0 -9999.0 -9999.0 -9999.0 -9999.0 -9999.0 -9999.0 -9999.0 -9999.0 -9999.0 -9999.0 -9999.0 -9999.0 -9999.0 -9999.0 6.7 9.4 13.8 19.8 27.1 -9999.0 -9999.0 -9999.0 -9999.0 -9999.0 -9999.0 -9999.0 -9999.0 49.2 60.0 43.6 41.0 48.5 53.6 59.7 74.1 85.7 66.0 48.3 35.9 28.0 26.3 35.0 54.0 56.9 56.4 56.5 57.5 55.3 73.0 56.2 64.2 67.0 51.2 42.4
-9999.0 -9999.0 -9999.0 -9999.0 -9999.0 -9999.0 -9999.0 -9999.0 -9999.0 -9999.0 -9999.0 -9999.0 -9999.0 -9999.0 -9999.0 -9999.0 -9999.0 -9999.0 -9999.0 -9999.0 -9999.0 -9999.0 -9999.0 -9999.0 -9999.0 -9999.0 -9999.0 -9999.0 -9999.0 -9999.0 -9999.0 -9999.0 -9999.0 -9999.0 -9999.0 -9999.0 -9999.0 -9999.0 -9999.0 -9999.0 -9999.0 -9999.0 -9999.0 -9999.0 -9999.0 -9999.0 -9999.0 -9999.0 -9999.0 -9999.0 -9999.0 -9999.0 71.5 68.6 57.6 58.8 73.1 73.8 70.1 73.7 72.6 64.7 56.8 42.1 37.7 39.1 57.9 73.6 77.4 72.6 66.4 65.4 88.5 77.9 74.0 54.5 57.0 40.5 31.3
-9999.0 -9999.0 -9999.0 -9999.0 -9999.0 -9999.0 -9999.0 -9999.0 -9999.0 -9999.0 -9999.0 -9999.0 -9999.0 -9999.0 -9999.0 -9999.0 -9999.0 -9999.0 -9999.0 -9999.0 -9999.0 -9999.0 -9999.0 -9999.0 -9999.0 -9999.0 -9999.0 -9999.0 -9999.0 -9999.0 -9999.0 -9999.0 -9999.0 -9999.0 -9999.0 -9999.0 -9999.0 -9999.0 -9999.0 -9999.0 -9999.0 -9999.0 -9999.0 -9999.0 -9999.0 -9999.0 -9999.0 -9999.0 -9999.0 -9999.0 -9999.0 100.1 94.5 82.9 91.8 89.9 93.1 81.2 67.7 43.7 63.8 62.1 50.7 51.7 50.8 56.8 72.8 60.6 80.4 67.3 59.1 59.3 54.9 55.3 60.5 50.0 51.6 34.1 30.1
-9999.0 -9999.0 -9999.0 -9999.0 -9999.0 -9999.0 -9999.0 -9999.0 -9999.0 -9999.0 -9999.0 -9999.0 -9999.0 -9999.0 -9999.0 -9999.0 -9999.0 -9999.0 -9999.0 -9999.0 -9999.0 -9999.0 -9999.0 -9999.0 -9999.0 -9999.0 -9999.0 -9999.0 -9999.0 -9999.0 -9999.0 -9999.0 -9999.0 -9999.0 -9999.0 -9999.0 -9999.0 -9999.0 -9999.0 -9999.0 -9999.0 -9999.0 -9999.0 -9999.0 -9999.0 -9999.0 -9999.0 -9999.0 -9999.0 -9999.0 107.3 125.4 120.4 110.8 113.3 104.1 96.0 73.6 54.3 50.3 44.4 66.5 59.3 63.2 59.9 62.5 70.4 60.0 65.2 44.2 46.7 38.0 48.5 73.3 76.6 68.2 52.5 45.9 39.1
-9999.0 -9999.0 -9999.0 -9999.0 -9999.0 -9999.0 -9999.0 -9999.0 -9999.0 -9999.0 -9999.0 -9999.0 -9999.0 -9999.0 -9999.0 -9999.0 -9999.0 -9999.0 -9999.0 -9999.0 -9999.0 -9999.0 -9999.0 -9999.0 -9999.0 -9999.0 -9999.0 -9999.0 -9999.0 -9999.0 -9999.0 -9999.0 -9999.0 -9999.0 -9999.0 -9999.0 -9999.0 -9999.0 -9999.0 -9999.0 -9999.0 -9999.0 -9999.0 -9999.0 -9999.0 -9999.0 -9999.0 -9999.0 -9999.0 -9999.0 115.5 144.6 130.4 133.4 119.3 101.4 67.9 66.6 52.6 46.6 52.1 61.8 63.0 65.0 58.7 49.3 49.9 39.5 39.0 34.2 41.0 49.5 63.6 76.9 73.3 68.2 70.4 72.8 67.2
-9999.0 -9999.0 -9999.0 -9999.0 -9999.0 -9999.0 -9999.0 -9999.0 -9999.0 -9999.0 -9999.0 -9999.0 -9999.0 -9999.0 -9999.0 -9999.0 -9999.0 -9999.0 -9999.0 -9999.0 -9999.0 -9999.0 -9999.0 -9999.0 -9999.0 -9999.0 -9999.0 -9999.0 -9999.0 -9999.0 -9999.0 -9999.0 -9999.0 -9999.0 -9999.0 -9999.0 -9999.0 -9999.0 -9999.0 -9999.0 -9999.0 -9999.0 -9999.0 -9999.0 -9999.0 -9999.0 -9999.0 -9999.0 -9999.0 -9999.0 110.3 137.3 120.4 140.3 110.2 87.0 80.9 66.9 65.8 88.3 81.8 83.4 79.0 62.0 52.2 41.1 38.2 36.5 35.3 47.8 53.2 88.4 83.5 98.3 76.0 84.1 88.7 97.3 84.3
-9999.0 -9999.0 -9999.0 -9999.0 -9999.0 -9999.0 -9999.0 -9999.0 -9999.0 -9999.0 -9999.0 -9999.0 -9999.0 -9999.0 -9999.0 -9999.0 -9999.0 -9999.0 -9999.0 -9999.0 -9999.0 -9999.0 -9999.0 -9999.0 -9999.0 -9999.0 -9999.0 -9999.0 -9999.0 -9999.0 -9999.0 -9999.0 -9999.0 -9999.0 -9999.0 -9999.0 -9999.0 -9999.0 -9999.0 -9999.0 -9999.0 -9999.0 -9999.0 -9999.0 -9999.0 -9999.0 -9999.0 -9999.0 -9999.0 -9999.0 136.7 158.3 150.8 149.6 129.9 102.0 93.8 90.5 106.3 135.7 107.9 92.7 67.8 59.2 49.4 40.7 42.8 45.7 55.5 44.4 70.0 96.1 118.5 117.8 93.3 116.8 119.6 104.7 79.3
-9999.0 -9999.0 -9999.0 -9999.0 -9999.0 -9999.0 -9999.0 -9999.0 -9999.0 -9999.0 -9999.0 -9999.0 -9999.0 -9999.0 -9999.0 -9999.0 -9999.0 -9999.0 -9999.0 -9999.0 -9999.0 -9999.0 -9999.0 -9999.0 -9999.0 -9999.0 -9999.0 -9999.0 -9999.0 -9999.0 -9999.0 -9999.0 -9999.0 -9999.0 -9999.0 -9999.0 -9999.0 -9999.0 -9999.0 -9999.0 -9999.0 -9999.0 -9999.0 -9999.0 -9999.0 -9999.0 -9999.0 -9999.0 -9999.0 -9999.0 -9999.0 -9999.0 -9999.0 156.6 153.5 127.0 108.9 110.4 147.7 136.1 106.2 70.5 80.5 52.0 44.6 42.0 52.4 54.6 67.0 74.0 81.5 96.9 112.0 125.6 144.6 153.3 142.4 95.7 58.7
-9999.0 -9999.0 -9999.0 -9999.0 -9999.0 -9999.0 -9999.0 -9999.0 -9999.0 -9999.0 -9999.0 -9999.0 -9999.0 -9999.0 -9999.0 -9999.0 -9999.0 -9999.0 -9999.0 -9999.0 -9999.0 -9999.0 -9999.0 -9999.0 -9999.0 -9999.0 -9999.0 -9999.0 -9999.0 -9999.0 -9999.0 -9999.0 -9999.0 -9999.0 -9999.0 -9999.0 -9999.0 -9999.0 -9999.0 -9999.0 -9999.0 -9999.0 -9999.0 -9999.0 -9999.0 -9999.0 -9999.0 -9999.0 -9999.0 -9999.0 -9999.0 -9999.0 -9999.0 135.8 126.0 96.1 99.3 106.7 107.7 93.0 71.3 61.3 57.2 48.8 46.5 49.5 55.4 77.0 73.9 82.6 85.2 96.4 116.7 152.5 191.0 194.6 128.2 89.2 47.0
-9999.0 -9999.0 -9999.0 -9999.0 -9999.0 -9999.0 -9999.0 -9999.0 -9999.0 -9999.0 -9999.0 -9999.0 -9999.0 -9999.0 -9999.0 -9999.0 -9999.0 -9999.0 -9999.0 -9999.0 -9999.0 -9999.0 -9999.0 -9999.0 -9999.0 -9999.0 -9999.0 -9999.0 -9999.0 -9999.0 -9999.0 -9999.0 -9999.0 -9999.0 -9999.0 -9999.0 -9999.0 -9999.0 -9999.0 -9999.0 -9999.0 -9999.0 -9999.0 -9999.0 -9999.0 -9999.0 -9999.0 -9999.0 -9999.0 -9999.0 -9999.0 -9999.0 -9999.0 89.0 69.7 67.0 62.4 65.7 68.9 64.2 53.4 46.6 47.9 50.9 54.6 -9999.0 -9999.0 -9999.0 103.9 102.0 117.7 143.8 161.3 180.7 205.9 200.6 106.1 64.5 121.9
-9999.0 -9999.0 -9999.0 -9999.0 -9999.0 -9999.0 -9999.0 -9999.0 -9999.0 -9999.0 -9999.0 -9999.0 -9999.0 -9999.0 -9999.0 -9999.0 -9999.0 -9999.0 -9999.0 -9999.0 -9999.0 -9999.0 -9999.0 -9999.0 -9999.0 -9999.0 -9999.0 -9999.0 -9999.0 -9999.0 -9999.0 -9999.0 -9999.0 -9999.0 -9999.0 -9999.0 -9999.0 -9999.0 -9999.0 -9999.0 -9999.0 -9999.0 -9999.0 -9999.0 -9999.0 -9999.0 -9999.0 -9999.0 -9999.0 -9999.0 -9999.0 -9999.0 -9999.0 -9999.0 39.0 33.2 30.6 36.4 44.6 46.8 50.8 -9999.0 -9999.0 -9999.0 -9999.0 -9999.0 -9999.0 -9999.0 98.9 140.0 205.6 193.2 197.9 211.5 195.0 140.7 83.2 35.0 18.9
-9999.0 -9999.0 -9999.0 -9999.0 -9999.0 -9999.0 -9999.0 -9999.0 -9999.0 -9999.0 -9999.0 -9999.0 -9999.0 -9999.0 -9999.0 -9999.0 -9999.0 -9999.0 -9999.0 -9999.0 -9999.0 -9999.0 -9999.0 -9999.0 -9999.0 -9999.0 -9999.0 -9999.0 -9999.0 -9999.0 -9999.0 -9999.0 -9999.0 -9999.0 -9999.0 -9999.0 -9999.0 -9999.0 -9999.0 -9999.0 -9999.0 -9999.0 -9999.0 -9999.0 -9999.0 -9999.0 -9999.0 -9999.0 -9999.0 -9999.0 -9999.0 -9999.0 -9999.0 -9999.0 -9999.0 12.9 18.5 20.5 29.8 36.5 38.5 -9999.0 -9999.0 -9999.0 -9999.0 -9999.0 -9999.0 -9999.0 -9999.0 -9999.0 181.1 -9999.0 -9999.0 -9999.0 -9999.0 -9999.0 54.2 -9999.0 -9999.0
-9999.0 -9999.0 -9999.0 -9999.0 -9999.0 -9999.0 -9999.0 -9999.0 -9999.0 -9999.0 -9999.0 -9999.0 -9999.0 -9999.0 -9999.0 -9999.0 -9999.0 -9999.0 -9999.0 -9999.0 -9999.0 -9999.0 -9999.0 -9999.0 -9999.0 -9999.0 -9999.0 -9999.0 -9999.0 -9999.0 -9999.0 -9999.0 -9999.0 -9999.0 -9999.0 -9999.0 -9999.0 -9999.0 -9999.0 -9999.0 -9999.0 -9999.0 -9999.0 -9999.0 -9999.0 -9999.0 -9999.0 -9999.0 -9999.0 -9999.0 -9999.0 -9999.0 -9999.0 -9999.0 -9999.0 -9999.0 -9999.0 -9999.0 16.2 21.8 -9999.0 -9999.0 -9999.0 -9999.0 -9999.0 -9999.0 -9999.0 -9999.0 -9999.0 -9999.0 -9999.0 -9999.0 -9999.0 -9999.0 -9999.0 102.1 39.6 -9999.0 -9999.0
-9999.0 -9999.0 -9999.0 -9999.0 -9999.0 -9999.0 -9999.0 -9999.0 -9999.0 -9999.0 -9999.0 -9999.0 -9999.0 -9999.0 -9999.0 -9999.0 -9999.0 -9999.0 -9999.0 -9999.0 -9999.0 -9999.0 -9999.0 -9999.0 -9999.0 -9999.0 -9999.0 -9999.0 -9999.0 -9999.0 -9999.0 -9999.0 -9999.0 -9999.0 -9999.0 -9999.0 -9999.0 -9999.0 -9999.0 -9999.0 -9999.0 -9999.0 -9999.0 -9999.0 -9999.0 -9999.0 -9999.0 -9999.0 -9999.0 -9999.0 -9999.0 -9999.0 -9999.0 -9999.0 -9999.0 -9999.0 -9999.0 -9999.0 -9999.0 -9999.0 -9999.0 -9999.0 -9999.0 -9999.0 -9999.0 -9999.0 -9999.0 -9999.0 -9999.0 -9999.0 -9999.0 -9999.0 -9999.0 -9999.0 -9999.0 -9999.0 -9999.0 -9999.0 -9999.0
-9999.0 -9999.0 -9999.0 -9999.0 -9999.0 -9999.0 -9999.0 -9999.0 -9999.0 -9999.0 -9999.0 -9999.0 -9999.0 -9999.0 -9999.0 -9999.0 -9999.0 -9999.0 -9999.0 -9999.0 -9999.0 -9999.0 -9999.0 -9999.0 -9999.0 -9999.0 -9999.0 -9999.0 -9999.0 -9999.0 -9999.0 -9999.0 -9999.0 -9999.0 -9999.0 -9999.0 -9999.0 -9999.0 -9999.0 -9999.0 -9999.0 -9999.0 -9999.0 -9999.0 -9999.0 -9999.0 -9999.0 -9999.0 -9999.0 -9999.0 -9999.0 -9999.0 -9999.0 -9999.0 -9999.0 -9999.0 -9999.0 -9999.0 -9999.0 -9999.0 -9999.0 -9999.0 -9999.0 -9999.0 -9999.0 -9999.0 -9999.0 -9999.0 -9999.0 -9999.0 -9999.0 -9999.0 -9999.0 -9999.0 -9999.0 218.9 109.8 54.7 -9999.0
-9999.0 -9999.0 -9999.0 -9999.0 -9999.0 -9999.0 -9999.0 -9999.0 -9999.0 -9999.0 -9999.0 -9999.0 -9999.0 -9999.0 -9999.0 -9999.0 -9999.0 -9999.0 -9999.0 -9999.0 -9999.0 -9999.0 -9999.0 -9999.0 -9999.0 -9999.0 -9999.0 -9999.0 -9999.0 -9999.0 -9999.0 -9999.0 -9999.0 -9999.0 -9999.0 -9999.0 -9999.0 -9999.0 -9999.0 -9999.0 -9999.0 -9999.0 -9999.0 -9999.0 -9999.0 -9999.0 -9999.0 -9999.0 -9999.0 -9999.0 -9999.0 -9999.0 -9999.0 -9999.0 -9999.0 -9999.0 -9999.0 -9999.0 -9999.0 -9999.0 -9999.0 -9999.0 -9999.0 -9999.0 -9999.0 -9999.0 -9999.0 -9999.0 -9999.0 -9999.0 -9999.0 -9999.0 -9999.0 117.1 395.6 350.7 311.8 -9999.0 -9999.0
