program/excelProcessViaJava/data/SURF_CLI_CHN_PRE_MON_GRID_0.5-198309.txt
NCOLS      128
NROWS       72
XLLCORNER    72.000000000000    
YLLCORNER    18.000000000000    
CELLSIZE    0.50000000000000    
NODATA_VALUE   -9999.000    
[rows 34 to 67 of 72, columns 0 to 74 of 128]
-9999.0 -9999.0 -9999.0 -9999.0 3.3 5.5 5.2 9.9 7.2 9.1 16.9 12.5 14.5 13.6 9.1 7.2 6.6 5.2 5.5 6.5 7.2 6.5 5.6 5.3 6.0 6.9 4.9 4.8 4.5 4.5 4.6 6.0 5.5 6.1 7.3 7.0 9.5 12.0 9.3 7.4 11.2 7.1 7.3 5.8 4.6 3.5 2.7 2.6 3.3 6.7 11.7 18.0 34.2 29.3 27.6 36.7 50.2 75.5 100.4 64.2 93.9 50.0 37.5 34.3 34.0 42.0 60.8 66.0 70.7 84.0 91.0 107.4 131.2 153.3 154.3
-9999.0 -9999.0 -9999.0 -9999.0 -9999.0 -9999.0 -9999.0 7.6 7.3 9.9 7.2 7.7 10.1 9.1 8.6 6.9 7.8 6.9 7.2 7.7 7.4 7.2 7.0 6.5 6.0 5.5 5.6 5.6 5.7 6.5 6.7 7.0 7.3 8.5 10.3 9.7 12.9 12.5 16.2 17.9 11.9 22.6 22.3 17.2 10.8 4.5 5.7 4.2 7.1 5.7 8.5 14.4 22.8 55.5 55.2 31.2 36.1 46.9 94.2 70.0 89.6 47.3 38.7 43.2 53.7 62.3 80.8 96.3 102.0 109.1 112.0 120.9 136.0 151.8 145.3
-9999.0 -9999.0 -9999.0 -9999.0 -9999.0 -9999.0 -9999.0 3.8 8.1 6.2 5.8 6.9 6.2 5.4 5.7 5.2 5.5 5.6 5.7 6.0 6.2 6.5 6.4 6.4 6.2 6.1 5.9 6.7 6.1 6.1 7.6 8.3 9.0 11.4 11.0 12.5 12.9 15.7 16.6 16.8 18.7 20.3 23.5 33.6 21.6 12.9 16.3 17.7 31.9 26.5 46.2 42.6 28.9 40.4 67.2 41.7 48.0 68.4 92.9 98.3 78.6 66.2 54.8 63.7 69.5 80.0 95.5 107.8 122.5 128.8 123.0 119.4 129.1 151.1 152.8
-9999.0 -9999.0 -9999.0 -9999.0 -9999.0 -9999.0 -9999.0 -9999.0 -9999.0 5.0 5.2 5.3 4.1 4.0 4.0 4.0 3.9 4.3 4.5 5.2 5.5 5.9 6.3 6.5 6.6 6.6 6.9 7.2 6.9 8.7 7.6 9.1 10.2 12.5 12.2 13.7 15.0 17.5 17.7 19.8 19.8 23.2 24.6 25.5 31.6 33.9 36.8 38.2 41.4 42.4 48.2 43.6 42.4 47.2 75.7 60.3 58.6 74.3 98.6 95.3 87.9 89.3 91.8 80.2 94.0 99.9 107.8 113.2 128.9 136.6 132.7 133.6 147.3 172.8 183.9
-9999.0 -9999.0 -9999.0 -9999.0 -9999.0 -9999.0 -9999.0 -9999.0 -9999.0 -9999.0 -9999.0 3.3 4.0 2.8 2.8 2.7 2.9 3.2 3.7 4.4 5.3 5.9 6.7 7.1 8.1 8.1 8.8 9.1 9.4 9.5 10.3 12.8 12.6 14.3 15.4 20.7 19.8 21.7 29.6 24.3 27.7 26.8 27.9 30.4 43.8 41.5 58.5 56.2 62.5 60.7 52.5 52.6 56.5 72.2 94.6 92.8 85.8 97.1 97.0 95.4 100.7 97.4 102.0 109.0 125.2 109.4 112.5 129.9 143.0 151.4 152.2 160.0 184.3 206.0 193.5
-9999.0 -9999.0 -9999.0 -9999.0 -9999.0 -9999.0 -9999.0 -9999.0 -9999.0 -9999.0 -9999.0 -9999.0 3.0 2.6 2.2 2.2 2.6 2.8 3.4 4.6 5.2 6.3 7.3 8.1 10.5 9.5 9.6 11.0 11.3 13.7 13.2 14.2 15.8 19.4 22.0 23.7 31.1 29.3 29.1 28.5 29.0 31.0 34.4 41.9 47.2 56.3 68.2 67.6 74.4 76.4 83.2 80.8 77.8 82.7 98.3 108.3 110.8 118.6 90.6 109.1 109.4 128.3 139.5 139.9 125.5 160.1 148.6 172.6 185.9 189.9 182.7 184.8 197.2 200.8 196.5
-9999.0 -9999.0 -9999.0 -9999.0 -9999.0 -9999.0 -9999.0 -9999.0 -9999.0 -9999.0 -9999.0 -9999.0 2.4 2.5 2.4 2.0 2.3 2.7 3.7 4.7 6.0 7.5 8.8 9.8 10.3 11.2 11.8 11.8 13.2 13.5 16.0 19.3 20.1 22.2 26.1 28.7 36.7 41.3 42.3 42.0 39.8 40.9 49.7 48.4 58.8 70.5 72.2 78.5 78.6 90.6 90.8 93.8 90.7 102.2 99.4 113.8 109.9 115.0 100.2 107.0 122.0 139.3 164.4 182.4 120.7 155.5 152.1 199.9 230.4 233.7 231.2 237.6 242.2 230.3 213.4
-9999.0 -9999.0 -9999.0 -9999.0 -9999.0 -9999.0 -9999.0 -9999.0 -9999.0 -9999.0 -9999.0 -9999.0 -9999.0 2.4 2.4 2.4 2.6 3.3 4.4 5.8 7.5 9.3 11.0 12.1 13.1 14.8 15.6 17.2 17.1 18.0 18.5 20.2 24.9 28.0 28.5 33.7 40.6 49.4 63.9 61.2 59.9 62.0 61.8 69.1 67.7 69.4 80.1 91.2 99.1 102.6 103.9 99.5 100.4 125.2 124.8 124.7 121.8 130.9 152.1 147.1 165.3 173.3 189.2 140.8 92.8 134.9 183.4 229.2 255.7 250.3 222.4 237.2 253.6 243.1 229.5
-9999.0 -9999.0 -9999.0 -9999.0 -9999.0 -9999.0 -9999.0 -9999.0 -9999.0 -9999.0 -9999.0 -9999.0 3.6 3.5 3.2 3.2 4.1 4.7 6.2 8.4 10.5 12.6 14.5 15.9 16.7 18.1 18.2 18.1 18.8 20.6 22.2 23.3 29.3 30.2 34.4 38.2 49.9 56.0 65.3 71.8 81.0 85.6 88.2 74.9 78.6 81.1 81.7 83.9 93.4 99.8 107.9 115.0 109.3 120.3 120.9 126.1 142.2 129.3 154.5 165.4 191.6 215.4 203.6 213.4 158.4 146.3 198.4 225.5 257.9 278.5 286.9 289.2 275.3 221.5 189.6
-9999.0 -9999.0 -9999.0 -9999.0 -9999.0 -9999.0 -9999.0 -9999.0 -9999.0 -9999.0 -9999.0 -9999.0 5.8 5.7 5.2 6.7 7.0 7.8 10.0 12.5 15.5 17.8 19.9 21.3 21.7 21.4 20.9 20.5 21.0 21.8 23.9 27.4 32.8 32.9 35.6 41.0 48.3 62.4 74.6 78.8 83.4 82.4 82.3 83.4 84.2 86.0 91.9 91.6 92.3 86.4 91.7 104.2 105.0 110.5 116.5 117.5 133.8 151.6 159.6 193.3 220.2 241.6 179.3 131.1 122.1 158.4 186.0 224.5 221.4 236.9 274.5 305.4 307.3 299.6 260.2
-9999.0 -9999.0 -9999.0 -9999.0 -9999.0 -9999.0 -9999.0 -9999.0 -9999.0 -9999.0 -9999.0 -9999.0 10.9 9.2 10.0 10.1 11.5 14.2 16.4 19.7 23.3 26.2 27.8 29.0 28.6 28.5 26.4 27.0 23.5 24.3 26.7 33.3 35.1 37.5 39.5 43.0 50.8 64.7 76.8 88.6 89.6 85.1 94.1 83.3 87.3 91.9 92.4 84.3 74.9 74.8 80.3 84.4 115.8 128.5 123.1 107.0 124.0 144.6 165.9 165.9 184.6 194.0 248.0 114.4 79.8 182.6 205.0 212.8 223.0 245.5 280.7 319.1 326.8 311.0 285.0
-9999.0 -9999.0 -9999.0 -9999.0 -9999.0 -9999.0 -9999.0 -9999.0 -9999.0 -9999.0 -9999.0 -9999.0 -9999.0 17.8 17.7 18.3 20.3 23.6 27.0 31.0 36.0 37.3 39.2 39.8 37.5 35.0 31.5 27.9 27.1 25.0 30.3 34.6 41.2 44.6 46.7 52.7 58.9 67.1 79.7 85.3 88.2 97.9 99.2 94.2 87.2 84.5 83.8 69.4 73.0 67.6 60.5 82.1 87.9 92.7 115.5 125.0 99.2 109.9 144.0 198.2 194.3 278.9 196.7 59.7 82.0 110.0 153.8 187.8 215.9 237.1 262.5 263.8 278.7 217.6 273.4
-9999.0 -9999.0 -9999.0 -9999.0 -9999.0 -9999.0 -9999.0 -9999.0 -9999.0 -9999.0 -9999.0 -9999.0 -9999.0 30.5 29.3 31.1 34.8 38.6 42.9 46.9 51.6 53.9 55.0 53.5 49.3 44.6 39.1 32.1 28.3 34.5 33.5 37.6 43.5 51.0 56.0 59.5 62.7 71.1 80.9 92.4 86.7 89.2 90.5 90.2 94.4 83.0 76.3 62.0 55.1 50.1 58.8 52.9 73.6 94.2 113.0 112.9 96.6 104.7 141.2 100.3 175.3 100.0 68.1 90.2 81.0 93.7 135.6 177.8 197.0 199.7 187.5 179.0 181.1 221.9 267.6
-9999.0 -9999.0 -9999.0 -9999.0 -9999.0 -9999.0 -9999.0 -9999.0 -9999.0 -9999.0 -9999.0 -9999.0 -9999.0 -9999.0 -9999.0 49.4 54.3 58.7 64.4 69.7 72.2 74.2 74.0 71.1 66.1 58.4 54.8 42.4 41.1 28.8 31.4 35.1 47.5 55.0 60.8 68.3 74.5 70.0 74.7 76.7 83.3 85.5 85.3 84.7 84.4 80.5 68.5 54.7 48.3 32.3 38.6 64.8 57.1 69.1 70.6 91.4 104.3 77.6 152.6 182.6 93.0 94.5 146.6 126.0 122.3 147.1 179.2 200.6 192.4 148.0 116.8 108.1 170.4 221.7 256.7
-9999.0 -9999.0 -9999.0 -9999.0 -9999.0 -9999.0 -9999.0 -9999.0 -9999.0 -9999.0 -9999.0 -9999.0 -9999.0 -9999.0 -9999.0 -9999.0 -9999.0 101.9 99.2 -9999.0 104.3 101.0 100.5 95.2 86.9 76.0 69.3 53.5 37.9 36.1 29.1 29.3 48.0 53.9 63.0 67.3 74.8 61.3 67.4 67.0 70.0 76.3 76.9 79.0 103.2 81.9 107.0 58.7 38.3 35.9 31.2 34.6 49.3 55.1 70.0 86.7 86.4 135.1 153.6 178.8 102.6 119.8 140.0 135.4 141.2 180.2 211.2 199.1 170.6 113.7 84.4 108.1 156.2 203.9 261.2
-9999.0 -9999.0 -9999.0 -9999.0 -9999.0 -9999.0 -9999.0 -9999.0 -9999.0 -9999.0 -9999.0 -9999.0 -9999.0 -9999.0 -9999.0 -9999.0 -9999.0 -9999.0 -9999.0 -9999.0 -9999.0 136.4 131.4 124.2 113.4 99.6 81.6 63.1 47.1 31.4 26.6 25.2 37.5 51.6 60.2 63.9 64.7 60.8 54.1 55.4 62.4 65.4 69.7 72.9 106.9 72.0 133.8 53.7 51.5 110.2 29.9 53.3 52.5 33.4 46.9 79.7 104.9 116.0 194.3 179.9 125.8 112.6 101.7 91.8 116.7 161.5 194.1 173.5 145.5 91.7 60.3 85.2 133.4 186.5 204.0
-9999.0 -9999.0 -9999.0 -9999.0 -9999.0 -9999.0 -9999.0 -9999.0 -9999.0 -9999.0 -9999.0 -9999.0 -9999.0 -9999.0 -9999.0 -9999.0 -9999.0 -9999.0 -9999.0 -9999.0 -9999.0 -9999.0 -9999.0 168.4 148.4 130.7 108.8 85.0 66.7 43.5 34.2 33.9 48.0 48.3 56.0 58.8 61.0 53.7 51.2 49.4 50.3 56.8 65.0 80.7 110.7 162.3 93.0 66.5 63.1 58.0 30.7 37.8 26.8 28.6 30.2 38.6 83.9 139.1 148.2 191.7 166.2 140.7 106.0 64.4 81.2 129.9 163.8 147.9 89.5 71.6 57.9 81.1 137.4 186.3 168.0
-9999.0 -9999.0 -9999.0 -9999.0 -9999.0 -9999.0 -9999.0 -9999.0 -9999.0 -9999.0 -9999.0 -9999.0 -9999.0 -9999.0 -9999.0 -9999.0 -9999.0 -9999.0 -9999.0 -9999.0 -9999.0 -9999.0 -9999.0 -9999.0 -9999.0 177.2 147.4 120.2 93.5 84.3 53.8 38.8 39.8 45.4 46.9 52.5 58.1 44.0 42.6 37.5 43.3 51.6 115.2 114.2 159.7 172.2 135.5 154.9 48.5 52.2 42.5 32.1 38.6 36.1 29.6 38.4 74.1 104.2 165.5 192.2 195.0 166.3 207.5 74.1 102.8 141.9 155.0 118.4 80.6 63.8 66.6 104.6 175.0 175.7 152.0
-9999.0 -9999.0 -9999.0 -9999.0 -9999.0 -9999.0 -9999.0 -9999.0 -9999.0 -9999.0 -9999.0 -9999.0 -9999.0 -9999.0 -9999.0 -9999.0 -9999.0 -9999.0 -9999.0 -9999.0 -9999.0 -9999.0 -9999.0 -9999.0 -9999.0 -9999.0 -9999.0 169.9 145.7 90.4 67.2 54.9 55.3 51.4 45.3 70.3 40.6 38.0 52.8 37.5 38.1 71.2 132.3 175.3 179.7 181.6 176.2 161.2 142.3 80.9 91.7 81.8 36.7 38.4 38.9 51.6 69.9 104.3 154.6 180.2 209.0 188.7 141.4 137.8 172.2 201.9 185.7 141.7 98.8 80.4 98.9 120.1 183.4 147.4 102.4
-9999.0 -9999.0 -9999.0 -9999.0 -9999.0 -9999.0 -9999.0 -9999.0 -9999.0 -9999.0 -9999.0 -9999.0 -9999.0 -9999.0 -9999.0 -9999.0 -9999.0 -9999.0 -9999.0 -9999.0 -9999.0 -9999.0 -9999.0 -9999.0 -9999.0 -9999.0 -9999.0 -9999.0 -9999.0 -9999.0 -9999.0 -9999.0 -9999.0 87.1 49.6 -9999.0 -9999.0 -9999.0 96.5 59.0 98.3 135.6 132.8 197.0 204.4 196.2 -9999.0 -9999.0 -9999.0 -9999.0 -9999.0 -9999.0 59.7 53.8 68.9 80.0 88.0 126.8 150.8 207.7 219.8 206.4 184.9 177.3 204.5 226.7 195.2 138.1 104.4 105.7 128.2 125.6 121.0 98.2 70.8
-9999.0 -9999.0 -9999.0 -9999.0 -9999.0 -9999.0 -9999.0 -9999.0 -9999.0 -9999.0 -9999.0 -9999.0 -9999.0 -9999.0 -9999.0 -9999.0 -9999.0 -9999.0 -9999.0 -9999.0 -9999.0 -9999.0 -9999.0 -9999.0 -9999.0 -9999.0 -9999.0 -9999.0 -9999.0 -9999.0 -9999.0 -9999.0 -9999.0 -9999.0 -9999.0 -9999.0 -9999.0 -9999.0 -9999.0 191.6 200.2 211.1 219.4 222.4 -9999.0 -9999.0 -9999.0 -9999.0 -9999.0 -9999.0 -9999.0 -9999.0 70.6 80.1 83.4 103.9 120.1 147.6 196.5 241.5 255.5 224.1 198.8 179.6 187.8 198.0 175.5 133.9 115.5 98.3 92.1 94.3 87.2 67.5 60.2
-9999.0 -9999.0 -9999.0 -9999.0 -9999.0 -9999.0 -9999.0 -9999.0 -9999.0 -9999.0 -9999.0 -9999.0 -9999.0 -9999.0 -9999.0 -9999.0 -9999.0 -9999.0 -9999.0 -9999.0 -9999.0 -9999.0 -9999.0 -9999.0 -9999.0 -9999.0 -9999.0 -9999.0 -9999.0 -9999.0 -9999.0 -9999.0 -9999.0 -9999.0 -9999.0 -9999.0 -9999.0 -9999.0 -9999.0 -9999.0 -9999.0 -9999.0 -9999.0 -9999.0 -9999.0 -9999.0 -9999.0 -9999.0 -9999.0 -9999.0 -9999.0 -9999.0 62.0 111.1 108.6 116.1 120.5 134.3 166.6 205.6 242.0 218.3 247.5 148.1 154.5 169.8 154.1 126.6 119.7 110.0 83.5 68.9 77.1 65.9 85.3
-9999.0 -9999.0 -9999.0 -9999.0 -9999.0 -9999.0 -9999.0 -9999.0 -9999.0 -9999.0 -9999.0 -9999.0 -9999.0 -9999.0 -9999.0 -9999.0 -9999.0 -9999.0 -9999.0 -9999.0 -9999.0 -9999.0 -9999.0 -9999.0 -9999.0 -9999.0 -9999.0 -9999.0 -9999.0 -9999.0 -9999.0 -9999.0 -9999.0 -9999.0 -9999.0 -9999.0 -9999.0 -9999.0 -9999.0 -9999.0 -9999.0 -9999.0 -9999.0 -9999.0 -9999.0 -9999.0 -9999.0 -9999.0 -9999.0 -9999.0 -9999.0 100.6 102.1 136.5 116.3 126.6 119.3 119.1 128.6 174.5 210.7 199.4 132.9 117.3 133.7 156.3 141.7 136.1 129.9 121.4 86.9 75.0 80.1 101.8 145.5
-9999.0 -9999.0 -9999.0 -9999.0 -9999.0 -9999.0 -9999.0 -9999.0 -9999.0 -9999.0 -9999.0 -9999.0 -9999.0 -9999.0 -9999.0 -9999.0 -9999.0 -9999.0 -9999.0 -9999.0 -9999.0 -9999.0 -9999.0 -9999.0 -9999.0 -9999.0 -9999.0 -9999.0 -9999.0 -9999.0 -9999.0 -9999.0 -9999.0 -9999.0 -9999.0 -9999.0 -9999.0 -9999.0 -9999.0 -9999.0 -9999.0 -9999.0 -9999.0 -9999.0 -9999.0 -9999.0 -9999.0 -9999.0 -9999.0 -9999.0 159.2 154.9 151.0 158.8 144.8 142.0 122.2 110.3 108.6 150.0 161.2 191.2 111.8 112.0 143.7 170.7 155.8 135.0 155.7 157.1 142.1 140.2 151.7 176.2 212.9
-9999.0 -9999.0 -9999.0 -9999.0 -9999.0 -9999.0 -9999.0 -9999.0 -9999.0 -9999.0 -9999.0 -9999.0 -9999.0 -9999.0 -9999.0 -9999.0 -9999.0 -9999.0 -9999.0 -9999.0 -9999.0 -9999.0 -9999.0 -9999.0 -9999.0 -9999.0 -9999.0 -9999.0 -9999.0 -9999.0 -9999.0 -9999.0 -9999.0 -9999.0 -9999.0 -9999.0 -9999.0 -9999.0 -9999.0 -9999.0 -9999.0 -9999.0 -9999.0 -9999.0 -9999.0 -9999.0 -9999.0 -9999.0 -9999.0 -9999.0 204.0 221.1 162.3 173.6 173.3 158.5 158.8 131.5 126.1 114.1 102.6 111.6 82.0 106.8 150.0 158.2 158.1 143.2 178.9 202.0 219.4 226.5 238.7 250.6 249.3
-9999.0 -9999.0 -9999.0 -9999.0 -9999.0 -9999.0 -9999.0 -9999.0 -9999.0 -9999.0 -9999.0 -9999.0 -9999.0 -9999.0 -9999.0 -9999.0 -9999.0 -9999.0 -9999.0 -9999.0 -9999.0 -9999.0 -9999.0 -9999.0 -9999.0 -9999.0 -9999.0 -9999.0 -9999.0 -9999.0 -9999.0 -9999.0 -9999.0 -9999.0 -9999.0 -9999.0 -9999.0 -9999.0 -9999.0 -9999.0 -9999.0 -9999.0 -9999.0 -9999.0 -9999.0 -9999.0 -9999.0 -9999.0 -9999.0 -9999.0 237.3 240.4 179.9 229.7 161.7 178.1 199.3 167.7 157.0 102.0 102.1 110.0 91.7 86.5 129.5 148.7 146.6 147.6 179.1 258.8 271.5 303.1 282.9 273.7 227.6
-9999.0 -9999.0 -9999.0 -9999.0 -9999.0 -9999.0 -9999.0 -9999.0 -9999.0 -9999.0 -9999.0 -9999.0 -9999.0 -9999.0 -9999.0 -9999.0 -9999.0 -9999.0 -9999.0 -9999.0 -9999.0 -9999.0 -9999.0 -9999.0 -9999.0 -9999.0 -9999.0 -9999.0 -9999.0 -9999.0 -9999.0 -9999.0 -9999.0 -9999.0 -9999.0 -9999.0 -9999.0 -9999.0 -9999.0 -9999.0 -9999.0 -9999.0 -9999.0 -9999.0 -9999.0 -9999.0 -9999.0 -9999.0 -9999.0 -9999.0 349.4 330.8 250.0 227.2 213.2 247.9 213.7 211.0 182.6 122.8 124.2 99.1 51.5 85.8 123.2 142.1 169.4 181.2 243.3 240.9 302.2 298.5 273.2 238.3 187.1
-9999.0 -9999.0 -9999.0 -9999.0 -9999.0 -9999.0 -9999.0 -9999.0 -9999.0 -9999.0 -9999.0 -9999.0 -9999.0 -9999.0 -9999.0 -9999.0 -9999.0 -9999.0 -9999.0 -9999.0 -9999.0 -9999.0 -9999.0 -9999.0 -9999.0 -9999.0 -9999.0 -9999.0 -9999.0 -9999.0 -9999.0 -9999.0 -9999.0 -9999.0 -9999.0 -9999.0 -9999.0 -9999.0 -9999.0 -9999.0 -9999.0 -9999.0 -9999.0 -9999.0 -9999.0 -9999.0 -9999.0 -9999.0 -9999.0 -9999.0 -9999.0 -9999.0 -9999.0 251.1 239.3 253.2 256.2 241.7 168.2 155.4 252.1 105.4 168.4 121.9 138.3 150.7 192.4 180.1 243.6 279.9 277.3 241.0 204.2 172.7 163.8
-9999.0 -9999.0 -9999.0 -9999.0 -9999.0 -9999.0 -9999.0 -9999.0 -9999.0 -9999.0 -9999.0 -9999.0 -9999.0 -9999.0 -9999.0 -9999.0 -9999.0 -9999.0 -9999.0 -9999.0 -9999.0 -9999.0 -9999.0 -9999.0 -9999.0 -9999.0 -9999.0 -9999.0 -9999.0 -9999.0 -9999.0 -9999.0 -9999.0 -9999.0 -9999.0 -9999.0 -9999.0 -9999.0 -9999.0 -9999.0 -9999.0 -9999.0 -9999.0 -9999.0 -9999.0 -9999.0 -9999.0 -9999.0 -9999.0 -9999.0 -9999.0 -9999.0 -9999.0 321.2 275.3 390.7 253.9 200.2 203.1 272.4 232.0 194.2 244.7 205.5 203.7 197.8 177.0 237.9 207.5 225.7 212.3 190.6 190.2 180.7 161.7
-9999.0 -9999.0 -9999.0 -9999.0 -9999.0 -9999.0 -9999.0 -9999.0 -9999.0 -9999.0 -9999.0 -9999.0 -9999.0 -9999.0 -9999.0 -9999.0 -9999.0 -9999.0 -9999.0 -9999.0 -9999.0 -9999.0 -9999.0 -9999.0 -9999.0 -9999.0 -9999.0 -9999.0 -9999.0 -9999.0 -9999.0 -9999.0 -9999.0 -9999.0 -9999.0 -9999.0 -9999.0 -9999.0 -9999.0 -9999.0 -9999.0 -9999.0 -9999.0 -9999.0 -9999.0 -9999.0 -9999.0 -9999.0 -9999.0 -9999.0 -9999.0 -9999.0 -9999.0 387.8 266.4 339.1 266.4 209.4 225.4 261.2 336.3 333.9 364.1 349.9 290.2 -9999.0 -9999.0 -9999.0 238.5 205.7 224.1 252.8 276.3 260.1 213.3
-9999.0 -9999.0 -9999.0 -9999.0 -9999.0 -9999.0 -9999.0 -9999.0 -9999.0 -9999.0 -9999.0 -9999.0 -9999.0 -9999.0 -9999.0 -9999.0 -9999.0 -9999.0 -9999.0 -9999.0 -9999.0 -9999.0 -9999.0 -9999.0 -9999.0 -9999.0 -9999.0 -9999.0 -9999.0 -9999.0 -9999.0 -9999.0 -9999.0 -9999.0 -9999.0 -9999.0 -9999.0 -9999.0 -9999.0 -9999.0 -9999.0 -9999.0 -9999.0 -9999.0 -9999.0 -9999.0 -9999.0 -9999.0 -9999.0 -9999.0 -9999.0 -9999.0 -9999.0 -9999.0 378.1 319.5 215.7 190.5 259.4 347.5 314.1 -9999.0 -9999.0 -9999.0 -9999.0 -9999.0 -9999.0 -9999.0 229.6 267.8 354.0 364.7 388.1 350.4 254.4
-9999.0 -9999.0 -9999.0 -9999.0 -9999.0 -9999.0 -9999.0 -9999.0 -9999.0 -9999.0 -9999.0 -9999.0 -9999.0 -9999.0 -9999.0 -9999.0 -9999.0 -9999.0 -9999.0 -9999.0 -9999.0 -9999.0 -9999.0 -9999.0 -9999.0 -9999.0 -9999.0 -9999.0 -9999.0 -9999.0 -9999.0 -9999.0 -9999.0 -9999.0 -9999.0 -9999.0 -9999.0 -9999.0 -9999.0 -9999.0 -9999.0 -9999.0 -9999.0 -9999.0 -9999.0 -9999.0 -9999.0 -9999.0 -9999.0 -9999.0 -9999.0 -9999.0 -9999.0 -9999.0 -9999.0 300.9 358.9 246.9 243.5 324.9 361.3 -9999.0 -9999.0 -9999.0 -9999.0 -9999.0 -9999.0 -9999.0 -9999.0 -9999.0 363.8 -9999.0 -9999.0 -9999.0 -9999.0
-9999.0 -9999.0 -9999.0 -9999.0 -9999.0 -9999.0 -9999.0 -9999.0 -9999.0 -9999.0 -9999.0 -9999.0 -9999.0 -9999.0 -9999.0 -9999.0 -9999.0 -9999.0 -9999.0 -9999.0 -9999.0 -9999.0 -9999.0 -9999.0 -9999.0 -9999.0 -9999.0 -9999.0 -9999.0 -9999.0 -9999.0 -9999.0 -9999.0 -9999.0 -9999.0 -9999.0 -9999.0 -9999.0 -9999.0 -9999.0 -9999.0 -9999.0 -9999.0 -9999.0 -9999.0 -9999.0 -9999.0 -9999.0 -9999.0 -9999.0 -9999.0 -9999.0 -9999.0 -9999.0 -9999.0 -9999.0 -9999.0 -9999.0 290.8 294.8 -9999.0 -9999.0 -9999.0 -9999.0 -9999.0 -9999.0 -9999.0 -9999.0 -9999.0 -9999.0 -9999.0 -9999.0 -9999.0 -9999.0 -9999.0
-9999.0 -9999.0 -9999.0 -9999.0 -9999.0 -9999.0 -9999.0 -9999.0 -9999.0 -9999.0 -9999.0 -9999.0 -9999.0 -9999.0 -9999.0 -9999.0 -9999.0 -9999.0 -9999.0 -9999.0 -9999.0 -9999.0 -9999.0 -9999.0 -9999.0 -9999.0 -9999.0 -9999.0 -9999.0 -9999.0 -9999.0 -9999.0 -9999.0 -9999.0 -9999.0 -9999.0 -9999.0 -9999.0 -9999.0 -9999.0 -9999.0 -9999.0 -9999.0 -9999.0 -9999.0 -9999.0 -9999.0 -9999.0 -9999.0 -9999.0 -9999.0 -9999.0 -9999.0 -9999.0 -9999.0 -9999.0 -9999.0 -9999.0 -9999.0 -9999.0 -9999.0 -9999.0 -9999.0 -9999.0 -9999.0 -9999.0 -9999.0 -9999.0 -9999.0 -9999.0 -9999.0 -9999.0 -9999.0 -9999.0 -9999.0
