program/excelProcessViaJava/data/SURF_CLI_CHN_PRE_MON_GRID_0.5-199401.txt
NCOLS      128
NROWS       72
XLLCORNER    72.000000000000    
YLLCORNER    18.000000000000    
CELLSIZE    0.50000000000000    
NODATA_VALUE   -9999.000    
[rows 35 to 69 of 72, columns 0 to 79 of 128]
-9999.0 -9999.0 -9999.0 -9999.0 -9999.0 -9999.0 -9999.0 1.6 1.3 0.9 1.0 0.8 0.5 0.4 0.3 1.7 0.4 0.5 0.4 0.3 0.1 0.1 0.1 0.1 0.1 0.1 0.1 0.1 0.1 0.1 0.1 0.1 0.1 0.0 0.0 0.0 0.0 0.0 0.1 0.3 0.3 1.5 2.0 1.5 0.8 0.2 0.3 0.3 1.3 1.7 2.9 4.0 4.5 10.2 5.7 0.9 1.3 1.9 3.8 3.6 4.3 1.5 0.5 0.5 1.3 0.7 1.3 1.6 0.8 0.9 0.5 0.7 1.9 2.5 2.1 2.3 1.6 1.7 1.5 0.5
-9999.0 -9999.0 -9999.0 -9999.0 -9999.0 -9999.0 -9999.0 3.2 1.9 1.6 1.5 1.1 0.9 0.9 0.6 0.6 0.3 0.2 0.1 0.1 0.1 0.1 0.1 0.1 0.1 0.1 0.1 0.1 0.1 0.1 0.1 0.1 0.1 0.0 0.0 0.0 0.0 0.0 0.1 0.1 0.4 1.0 1.8 3.5 1.5 0.5 0.6 1.0 4.6 5.7 13.3 13.2 6.9 6.4 7.6 1.9 2.3 4.2 5.8 6.6 6.8 6.1 3.5 5.2 5.3 5.0 4.8 4.7 6.4 2.2 2.2 3.2 5.4 6.0 3.4 4.6 3.6 1.8 0.8 0.7
-9999.0 -9999.0 -9999.0 -9999.0 -9999.0 -9999.0 -9999.0 -9999.0 -9999.0 2.4 2.0 1.7 1.5 1.2 1.0 0.8 0.5 0.4 0.2 0.1 0.1 0.1 0.1 0.1 0.1 0.1 0.1 0.1 0.1 0.1 0.1 0.1 0.1 0.0 0.0 0.0 0.0 0.0 0.0 0.1 0.2 0.9 1.7 1.9 2.4 2.0 1.9 2.1 3.8 6.6 11.4 11.7 9.8 7.0 8.9 3.7 3.3 5.4 8.3 9.7 10.3 11.0 12.2 11.8 12.9 10.7 9.5 10.4 13.3 7.4 6.6 5.9 6.8 7.3 7.2 3.8 2.7 1.4 0.7 0.7
-9999.0 -9999.0 -9999.0 -9999.0 -9999.0 -9999.0 -9999.0 -9999.0 -9999.0 -9999.0 -9999.0 2.6 2.3 1.8 1.4 1.0 0.8 0.5 0.3 0.2 0.1 0.1 0.1 0.1 0.0 0.1 0.0 0.1 0.1 0.1 0.1 0.1 0.1 0.1 0.1 0.0 0.0 0.0 0.1 0.1 0.3 0.8 1.7 2.4 4.2 2.7 4.8 3.4 5.9 8.3 9.4 11.7 11.9 12.0 13.1 9.4 7.3 10.0 12.1 14.0 15.3 14.2 15.0 15.7 15.4 10.7 8.8 12.6 14.5 11.7 7.9 7.1 5.5 4.9 5.8 5.0 3.1 1.5 0.6 0.9
-9999.0 -9999.0 -9999.0 -9999.0 -9999.0 -9999.0 -9999.0 -9999.0 -9999.0 -9999.0 -9999.0 -9999.0 2.9 2.5 1.8 1.5 1.0 0.6 0.4 0.2 0.2 0.1 0.1 0.1 0.0 0.0 0.1 0.0 0.1 0.1 0.1 0.1 0.1 0.1 0.1 0.1 0.1 0.0 0.1 0.1 0.2 0.9 2.4 4.5 5.7 6.4 7.3 4.9 7.0 10.2 17.3 19.0 16.4 13.6 14.5 15.8 15.9 18.4 14.5 20.2 18.3 16.8 14.9 13.6 11.5 14.1 8.0 11.0 12.2 10.3 4.2 4.5 6.1 7.3 6.6 9.8 5.0 2.4 0.9 5.1
-9999.0 -9999.0 -9999.0 -9999.0 -9999.0 -9999.0 -9999.0 -9999.0 -9999.0 -9999.0 -9999.0 -9999.0 3.6 3.3 3.0 1.7 1.6 0.9 0.4 0.2 0.1 0.1 0.0 0.1 0.1 0.0 0.0 0.1 0.1 0.1 0.1 0.1 0.2 0.2 0.2 0.2 0.2 0.2 0.2 0.4 0.8 2.1 5.0 7.3 10.7 13.5 12.1 10.9 9.0 14.2 16.6 21.3 18.6 21.0 17.1 20.7 17.9 19.4 16.1 16.0 13.9 11.4 11.6 12.5 6.6 8.4 3.1 4.6 5.7 6.0 6.4 9.8 10.4 5.5 6.3 5.8 3.7 5.5 3.6 3.9
-9999.0 -9999.0 -9999.0 -9999.0 -9999.0 -9999.0 -9999.0 -9999.0 -9999.0 -9999.0 -9999.0 -9999.0 -9999.0 3.5 2.7 2.7 1.5 1.1 0.7 0.3 0.1 0.1 0.0 0.1 0.0 0.0 0.0 0.0 0.0 0.1 0.1 0.2 0.3 0.4 0.6 0.7 0.7 0.8 1.8 1.9 3.0 5.5 8.6 13.5 16.8 19.5 22.1 23.2 23.4 22.7 23.1 20.4 20.1 32.4 26.6 22.3 17.2 17.8 21.3 16.1 12.7 8.1 8.4 5.0 1.5 3.2 5.3 5.7 7.7 7.6 10.8 9.6 5.7 6.0 7.4 5.9 4.5 3.2 4.8 6.9
-9999.0 -9999.0 -9999.0 -9999.0 -9999.0 -9999.0 -9999.0 -9999.0 -9999.0 -9999.0 -9999.0 -9999.0 4.9 4.1 3.1 2.6 1.5 1.0 0.5 0.5 0.2 0.1 0.1 0.1 0.1 0.0 0.0 0.0 0.0 0.1 0.1 0.4 0.4 0.9 1.2 1.6 1.9 2.3 3.0 4.3 7.3 11.3 15.8 17.3 22.2 26.2 28.0 26.6 26.3 25.2 28.9 32.9 23.5 26.1 19.2 15.8 16.6 6.6 10.5 6.3 6.8 8.6 6.6 8.6 5.4 3.9 1.3 3.6 9.2 10.5 8.7 7.6 10.2 13.1 9.3 6.1 5.2 6.7 10.2 12.9
-9999.0 -9999.0 -9999.0 -9999.0 -9999.0 -9999.0 -9999.0 -9999.0 -9999.0 -9999.0 -9999.0 -9999.0 5.7 5.2 3.8 2.8 1.7 1.2 0.7 0.3 0.3 0.1 0.1 0.0 0.1 0.1 0.0 0.0 0.0 0.1 0.2 0.4 0.6 1.5 2.3 3.0 4.0 4.7 6.0 8.0 10.4 13.0 15.9 19.6 23.0 26.2 29.8 29.5 28.2 19.7 17.5 24.0 15.4 11.0 10.1 6.3 7.7 8.2 5.4 7.9 8.9 10.5 5.4 5.7 5.1 1.8 4.3 3.4 5.2 8.1 10.4 11.7 11.8 9.1 10.1 6.7 5.8 7.8 11.8 14.3
-9999.0 -9999.0 -9999.0 -9999.0 -9999.0 -9999.0 -9999.0 -9999.0 -9999.0 -9999.0 -9999.0 -9999.0 7.5 5.2 4.6 3.1 2.1 1.2 0.7 0.4 0.2 0.1 0.1 0.0 0.0 0.0 0.0 0.0 0.0 0.1 0.1 0.2 0.8 1.8 2.9 4.2 5.7 7.2 9.1 11.4 13.4 13.8 18.4 15.9 19.9 24.8 26.9 22.3 16.2 14.3 13.4 7.6 27.9 27.4 14.4 2.7 5.0 5.9 6.0 3.1 3.5 5.1 12.0 8.4 4.7 3.8 4.0 5.9 8.7 12.3 17.1 16.1 14.4 14.6 38.1 16.2 30.7 8.2 12.6 12.8
-9999.0 -9999.0 -9999.0 -9999.0 -9999.0 -9999.0 -9999.0 -9999.0 -9999.0 -9999.0 -9999.0 -9999.0 -9999.0 7.2 5.1 3.5 2.3 1.6 0.9 0.6 0.5 0.2 0.1 0.1 0.1 0.1 0.1 0.1 0.0 0.1 0.0 0.1 0.4 1.3 2.5 4.0 6.0 8.2 10.1 11.6 12.6 17.1 19.8 18.3 14.3 15.1 18.8 10.1 16.5 12.6 4.2 13.8 9.4 2.3 12.1 10.2 2.1 2.5 4.0 7.8 5.8 17.1 9.3 10.9 6.3 3.8 4.5 7.6 12.1 18.3 24.9 26.3 21.8 15.8 15.4 10.2 8.3 9.6 15.1 10.7
-9999.0 -9999.0 -9999.0 -9999.0 -9999.0 -9999.0 -9999.0 -9999.0 -9999.0 -9999.0 -9999.0 -9999.0 -9999.0 9.4 6.3 4.4 3.5 2.2 1.6 1.2 1.2 0.9 0.7 0.5 0.6 0.3 0.1 0.1 0.1 0.0 0.0 0.1 0.2 0.6 1.6 3.1 4.9 6.7 8.8 13.7 10.6 11.8 12.9 13.9 23.1 14.6 14.4 8.5 8.0 5.6 8.4 0.5 6.4 12.0 14.2 8.2 2.4 2.3 3.9 1.3 5.0 4.8 8.5 10.5 6.2 3.7 4.6 8.4 14.4 22.0 29.0 29.9 24.4 20.0 18.1 20.6 29.4 11.4 11.9 11.0
-9999.0 -9999.0 -9999.0 -9999.0 -9999.0 -9999.0 -9999.0 -9999.0 -9999.0 -9999.0 -9999.0 -9999.0 -9999.0 -9999.0 -9999.0 6.1 4.8 3.7 3.0 2.7 2.5 2.2 2.1 1.8 1.4 1.0 0.6 0.2 0.1 0.0 0.0 0.0 0.2 0.4 0.8 2.7 4.9 3.4 4.8 6.2 11.2 13.2 12.0 10.5 6.6 6.8 11.1 5.9 7.6 0.5 2.0 12.9 3.5 4.9 0.2 4.8 4.0 0.2 4.1 5.3 1.4 1.8 7.8 7.8 6.2 4.8 5.9 10.0 15.6 22.4 27.2 26.4 27.4 23.8 16.9 31.5 29.4 37.7 17.4 16.8
-9999.0 -9999.0 -9999.0 -9999.0 -9999.0 -9999.0 -9999.0 -9999.0 -9999.0 -9999.0 -9999.0 -9999.0 -9999.0 -9999.0 -9999.0 -9999.0 -9999.0 30.7 11.2 -9999.0 7.9 5.5 6.2 6.0 4.3 3.5 2.4 1.2 0.5 0.2 0.0 0.0 0.3 0.1 0.2 0.8 4.4 0.7 2.3 3.8 6.5 13.3 9.5 7.1 4.6 5.8 13.3 15.2 4.3 5.1 0.5 1.3 0.2 5.1 6.5 6.1 2.3 4.3 3.0 3.7 0.4 2.7 5.7 7.3 7.0 6.6 8.5 12.4 16.6 20.0 19.3 24.8 25.3 13.5 17.9 30.8 28.3 24.4 23.7 25.8
-9999.0 -9999.0 -9999.0 -9999.0 -9999.0 -9999.0 -9999.0 -9999.0 -9999.0 -9999.0 -9999.0 -9999.0 -9999.0 -9999.0 -9999.0 -9999.0 -9999.0 -9999.0 -9999.0 -9999.0 -9999.0 13.0 12.1 11.3 10.5 11.6 8.6 5.3 2.5 1.2 0.3 0.3 0.1 0.1 0.3 0.7 0.6 0.6 0.3 0.1 0.1 13.0 14.3 10.1 4.8 8.3 31.3 8.6 18.5 63.6 5.5 17.0 13.1 2.2 5.1 7.5 5.7 2.2 7.3 2.4 2.5 3.0 3.9 5.6 8.4 9.1 11.8 15.2 17.5 17.2 15.4 18.0 14.2 7.2 10.9 19.4 24.0 23.5 29.3 37.1
-9999.0 -9999.0 -9999.0 -9999.0 -9999.0 -9999.0 -9999.0 -9999.0 -9999.0 -9999.0 -9999.0 -9999.0 -9999.0 -9999.0 -9999.0 -9999.0 -9999.0 -9999.0 -9999.0 -9999.0 -9999.0 -9999.0 -9999.0 38.5 24.5 23.3 19.6 13.6 7.9 4.7 2.5 1.9 4.6 2.8 4.7 4.4 6.9 2.9 9.5 15.2 13.9 21.5 8.1 3.8 6.9 42.5 17.3 17.5 27.2 35.3 14.4 14.4 7.1 6.7 7.7 11.7 6.2 6.2 2.1 2.8 1.7 4.8 9.0 3.4 5.8 9.5 13.1 15.9 15.1 14.9 17.5 15.0 11.3 12.4 14.6 22.4 28.5 31.8 38.9 45.7
-9999.0 -9999.0 -9999.0 -9999.0 -9999.0 -9999.0 -9999.0 -9999.0 -9999.0 -9999.0 -9999.0 -9999.0 -9999.0 -9999.0 -9999.0 -9999.0 -9999.0 -9999.0 -9999.0 -9999.0 -9999.0 -9999.0 -9999.0 -9999.0 -9999.0 76.4 47.1 27.7 21.5 22.0 12.4 9.0 8.6 10.6 10.1 17.1 33.7 15.2 30.1 21.8 38.2 16.4 5.3 6.9 28.8 52.5 45.9 83.5 24.7 44.2 25.3 20.3 20.0 17.4 18.3 20.3 11.6 6.5 4.7 2.8 2.2 4.3 11.4 1.2 3.2 7.9 11.8 15.5 18.2 21.2 17.7 15.9 11.1 16.9 20.5 25.3 26.4 31.6 47.1 44.8
-9999.0 -9999.0 -9999.0 -9999.0 -9999.0 -9999.0 -9999.0 -9999.0 -9999.0 -9999.0 -9999.0 -9999.0 -9999.0 -9999.0 -9999.0 -9999.0 -9999.0 -9999.0 -9999.0 -9999.0 -9999.0 -9999.0 -9999.0 -9999.0 -9999.0 -9999.0 -9999.0 100.6 89.2 46.5 35.8 30.3 33.9 27.3 31.8 26.2 29.1 29.0 16.5 30.6 44.0 12.2 13.6 31.1 41.4 57.8 75.1 87.9 99.9 86.5 114.9 113.0 36.7 37.1 31.7 25.2 13.1 4.9 3.9 0.9 0.2 1.9 0.3 0.8 6.8 6.5 12.3 12.9 15.6 19.2 19.6 24.9 14.4 19.5 19.0 21.0 28.0 31.1 29.3 32.5
-9999.0 -9999.0 -9999.0 -9999.0 -9999.0 -9999.0 -9999.0 -9999.0 -9999.0 -9999.0 -9999.0 -9999.0 -9999.0 -9999.0 -9999.0 -9999.0 -9999.0 -9999.0 -9999.0 -9999.0 -9999.0 -9999.0 -9999.0 -9999.0 -9999.0 -9999.0 -9999.0 -9999.0 -9999.0 -9999.0 -9999.0 -9999.0 -9999.0 59.9 58.8 -9999.0 -9999.0 -9999.0 30.6 36.2 23.5 22.8 22.1 41.1 53.4 60.8 -9999.0 -9999.0 -9999.0 -9999.0 -9999.0 -9999.0 76.0 38.4 37.4 15.1 4.8 0.9 0.4 0.1 0.1 0.6 0.3 0.7 1.6 5.4 13.7 21.3 21.8 19.2 18.2 27.4 29.0 20.6 25.1 21.2 32.8 25.8 25.9 26.9
-9999.0 -9999.0 -9999.0 -9999.0 -9999.0 -9999.0 -9999.0 -9999.0 -9999.0 -9999.0 -9999.0 -9999.0 -9999.0 -9999.0 -9999.0 -9999.0 -9999.0 -9999.0 -9999.0 -9999.0 -9999.0 -9999.0 -9999.0 -9999.0 -9999.0 -9999.0 -9999.0 -9999.0 -9999.0 -9999.0 -9999.0 -9999.0 -9999.0 -9999.0 -9999.0 -9999.0 -9999.0 -9999.0 -9999.0 54.2 49.4 47.7 47.8 49.1 -9999.0 -9999.0 -9999.0 -9999.0 -9999.0 -9999.0 -9999.0 -9999.0 63.7 37.3 24.6 8.7 1.1 0.1 0.1 0.0 0.1 0.2 0.6 0.3 3.6 11.1 21.3 21.2 19.4 24.6 28.4 28.2 22.7 30.6 25.5 29.1 33.0 31.7 35.4 29.8
-9999.0 -9999.0 -9999.0 -9999.0 -9999.0 -9999.0 -9999.0 -9999.0 -9999.0 -9999.0 -9999.0 -9999.0 -9999.0 -9999.0 -9999.0 -9999.0 -9999.0 -9999.0 -9999.0 -9999.0 -9999.0 -9999.0 -9999.0 -9999.0 -9999.0 -9999.0 -9999.0 -9999.0 -9999.0 -9999.0 -9999.0 -9999.0 -9999.0 -9999.0 -9999.0 -9999.0 -9999.0 -9999.0 -9999.0 -9999.0 -9999.0 -9999.0 -9999.0 -9999.0 -9999.0 -9999.0 -9999.0 -9999.0 -9999.0 -9999.0 -9999.0 -9999.0 34.8 30.8 16.4 7.8 2.1 0.3 0.0 0.1 0.1 0.2 3.9 0.3 2.7 9.2 15.9 18.1 16.4 18.2 22.0 24.3 39.0 29.8 32.2 32.3 38.0 37.1 35.6 34.5
-9999.0 -9999.0 -9999.0 -9999.0 -9999.0 -9999.0 -9999.0 -9999.0 -9999.0 -9999.0 -9999.0 -9999.0 -9999.0 -9999.0 -9999.0 -9999.0 -9999.0 -9999.0 -9999.0 -9999.0 -9999.0 -9999.0 -9999.0 -9999.0 -9999.0 -9999.0 -9999.0 -9999.0 -9999.0 -9999.0 -9999.0 -9999.0 -9999.0 -9999.0 -9999.0 -9999.0 -9999.0 -9999.0 -9999.0 -9999.0 -9999.0 -9999.0 -9999.0 -9999.0 -9999.0 -9999.0 -9999.0 -9999.0 -9999.0 -9999.0 -9999.0 16.2 18.7 19.4 9.9 6.8 3.5 0.7 0.1 0.1 0.2 0.3 0.3 0.9 3.4 10.1 15.4 10.4 14.3 13.3 15.3 16.7 14.8 18.2 25.4 28.8 32.2 29.7 28.6 26.5
-9999.0 -9999.0 -9999.0 -9999.0 -9999.0 -9999.0 -9999.0 -9999.0 -9999.0 -9999.0 -9999.0 -9999.0 -9999.0 -9999.0 -9999.0 -9999.0 -9999.0 -9999.0 -9999.0 -9999.0 -9999.0 -9999.0 -9999.0 -9999.0 -9999.0 -9999.0 -9999.0 -9999.0 -9999.0 -9999.0 -9999.0 -9999.0 -9999.0 -9999.0 -9999.0 -9999.0 -9999.0 -9999.0 -9999.0 -9999.0 -9999.0 -9999.0 -9999.0 -9999.0 -9999.0 -9999.0 -9999.0 -9999.0 -9999.0 -9999.0 7.3 6.9 7.5 7.7 3.0 3.4 1.9 0.5 0.2 0.3 0.3 0.6 0.8 2.6 7.1 13.4 17.9 14.0 17.1 12.8 14.0 10.0 11.7 17.4 20.8 21.8 20.6 19.5 17.5 14.9
-9999.0 -9999.0 -9999.0 -9999.0 -9999.0 -9999.0 -9999.0 -9999.0 -9999.0 -9999.0 -9999.0 -9999.0 -9999.0 -9999.0 -9999.0 -9999.0 -9999.0 -9999.0 -9999.0 -9999.0 -9999.0 -9999.0 -9999.0 -9999.0 -9999.0 -9999.0 -9999.0 -9999.0 -9999.0 -9999.0 -9999.0 -9999.0 -9999.0 -9999.0 -9999.0 -9999.0 -9999.0 -9999.0 -9999.0 -9999.0 -9999.0 -9999.0 -9999.0 -9999.0 -9999.0 -9999.0 -9999.0 -9999.0 -9999.0 -9999.0 2.2 4.0 0.1 0.8 1.2 0.7 0.1 0.6 0.5 0.3 0.2 0.5 0.9 3.7 8.8 10.5 13.3 9.6 12.6 11.1 12.8 12.7 13.2 13.8 14.0 14.3 12.9 15.4 12.8 8.2
-9999.0 -9999.0 -9999.0 -9999.0 -9999.0 -9999.0 -9999.0 -9999.0 -9999.0 -9999.0 -9999.0 -9999.0 -9999.0 -9999.0 -9999.0 -9999.0 -9999.0 -9999.0 -9999.0 -9999.0 -9999.0 -9999.0 -9999.0 -9999.0 -9999.0 -9999.0 -9999.0 -9999.0 -9999.0 -9999.0 -9999.0 -9999.0 -9999.0 -9999.0 -9999.0 -9999.0 -9999.0 -9999.0 -9999.0 -9999.0 -9999.0 -9999.0 -9999.0 -9999.0 -9999.0 -9999.0 -9999.0 -9999.0 -9999.0 -9999.0 1.0 0.1 0.0 1.2 0.1 0.1 0.8 0.1 0.4 0.0 0.4 1.0 1.7 2.7 6.1 7.3 6.9 6.0 6.3 13.7 9.5 15.8 9.9 10.5 9.6 10.0 8.0 13.8 9.3 8.1
-9999.0 -9999.0 -9999.0 -9999.0 -9999.0 -9999.0 -9999.0 -9999.0 -9999.0 -9999.0 -9999.0 -9999.0 -9999.0 -9999.0 -9999.0 -9999.0 -9999.0 -9999.0 -9999.0 -9999.0 -9999.0 -9999.0 -9999.0 -9999.0 -9999.0 -9999.0 -9999.0 -9999.0 -9999.0 -9999.0 -9999.0 -9999.0 -9999.0 -9999.0 -9999.0 -9999.0 -9999.0 -9999.0 -9999.0 -9999.0 -9999.0 -9999.0 -9999.0 -9999.0 -9999.0 -9999.0 -9999.0 -9999.0 -9999.0 -9999.0 0.5 0.5 0.1 0.1 0.1 0.4 0.1 0.1 0.1 0.1 1.1 1.8 0.9 3.6 5.3 5.4 7.4 7.5 13.1 2.3 6.4 6.2 6.5 6.7 6.7 7.5 6.7 9.9 5.1 5.7
-9999.0 -9999.0 -9999.0 -9999.0 -9999.0 -9999.0 -9999.0 -9999.0 -9999.0 -9999.0 -9999.0 -9999.0 -9999.0 -9999.0 -9999.0 -9999.0 -9999.0 -9999.0 -9999.0 -9999.0 -9999.0 -9999.0 -9999.0 -9999.0 -9999.0 -9999.0 -9999.0 -9999.0 -9999.0 -9999.0 -9999.0 -9999.0 -9999.0 -9999.0 -9999.0 -9999.0 -9999.0 -9999.0 -9999.0 -9999.0 -9999.0 -9999.0 -9999.0 -9999.0 -9999.0 -9999.0 -9999.0 -9999.0 -9999.0 -9999.0 -9999.0 -9999.0 -9999.0 0.1 0.1 0.1 0.1 0.1 3.0 6.4 13.0 7.4 16.9 10.5 7.0 5.0 8.7 5.4 11.4 10.1 5.4 3.3 3.3 4.3 5.8 7.4 7.0 6.7 5.4 4.2
-9999.0 -9999.0 -9999.0 -9999.0 -9999.0 -9999.0 -9999.0 -9999.0 -9999.0 -9999.0 -9999.0 -9999.0 -9999.0 -9999.0 -9999.0 -9999.0 -9999.0 -9999.0 -9999.0 -9999.0 -9999.0 -9999.0 -9999.0 -9999.0 -9999.0 -9999.0 -9999.0 -9999.0 -9999.0 -9999.0 -9999.0 -9999.0 -9999.0 -9999.0 -9999.0 -9999.0 -9999.0 -9999.0 -9999.0 -9999.0 -9999.0 -9999.0 -9999.0 -9999.0 -9999.0 -9999.0 -9999.0 -9999.0 -9999.0 -9999.0 -9999.0 -9999.0 -9999.0 0.4 0.5 0.8 0.6 3.8 15.3 31.9 55.8 36.7 46.7 20.5 12.4 7.5 3.1 12.7 7.2 7.0 3.7 2.6 3.0 4.1 5.5 5.6 5.2 3.4 3.2 3.3
-9999.0 -9999.0 -9999.0 -9999.0 -9999.0 -9999.0 -9999.0 -9999.0 -9999.0 -9999.0 -9999.0 -9999.0 -9999.0 -9999.0 -9999.0 -9999.0 -9999.0 -9999.0 -9999.0 -9999.0 -9999.0 -9999.0 -9999.0 -9999.0 -9999.0 -9999.0 -9999.0 -9999.0 -9999.0 -9999.0 -9999.0 -9999.0 -9999.0 -9999.0 -9999.0 -9999.0 -9999.0 -9999.0 -9999.0 -9999.0 -9999.0 -9999.0 -9999.0 -9999.0 -9999.0 -9999.0 -9999.0 -9999.0 -9999.0 -9999.0 -9999.0 -9999.0 -9999.0 0.6 1.2 0.7 1.1 7.0 28.4 70.6 93.9 83.1 76.5 55.4 13.4 -9999.0 -9999.0 -9999.0 11.9 6.5 5.2 5.0 4.4 4.4 4.7 4.2 3.3 2.6 2.2 2.7
-9999.0 -9999.0 -9999.0 -9999.0 -9999.0 -9999.0 -9999.0 -9999.0 -9999.0 -9999.0 -9999.0 -9999.0 -9999.0 -9999.0 -9999.0 -9999.0 -9999.0 -9999.0 -9999.0 -9999.0 -9999.0 -9999.0 -9999.0 -9999.0 -9999.0 -9999.0 -9999.0 -9999.0 -9999.0 -9999.0 -9999.0 -9999.0 -9999.0 -9999.0 -9999.0 -9999.0 -9999.0 -9999.0 -9999.0 -9999.0 -9999.0 -9999.0 -9999.0 -9999.0 -9999.0 -9999.0 -9999.0 -9999.0 -9999.0 -9999.0 -9999.0 -9999.0 -9999.0 -9999.0 0.2 0.2 0.9 5.0 16.2 44.3 41.8 -9999.0 -9999.0 -9999.0 -9999.0 -9999.0 -9999.0 -9999.0 7.3 9.4 12.3 6.4 4.9 4.4 3.3 2.3 2.0 2.3 2.8 -9999.0
-9999.0 -9999.0 -9999.0 -9999.0 -9999.0 -9999.0 -9999.0 -9999.0 -9999.0 -9999.0 -9999.0 -9999.0 -9999.0 -9999.0 -9999.0 -9999.0 -9999.0 -9999.0 -9999.0 -9999.0 -9999.0 -9999.0 -9999.0 -9999.0 -9999.0 -9999.0 -9999.0 -9999.0 -9999.0 -9999.0 -9999.0 -9999.0 -9999.0 -9999.0 -9999.0 -9999.0 -9999.0 -9999.0 -9999.0 -9999.0 -9999.0 -9999.0 -9999.0 -9999.0 -9999.0 -9999.0 -9999.0 -9999.0 -9999.0 -9999.0 -9999.0 -9999.0 -9999.0 -9999.0 -9999.0 0.0 0.0 0.0 0.8 8.2 15.9 -9999.0 -9999.0 -9999.0 -9999.0 -9999.0 -9999.0 -9999.0 -9999.0 -9999.0 7.2 -9999.0 -9999.0 -9999.0 -9999.0 -9999.0 1.0 -9999.0 -9999.0 -9999.0
-9999.0 -9999.0 -9999.0 -9999.0 -9999.0 -9999.0 -9999.0 -9999.0 -9999.0 -9999.0 -9999.0 -9999.0 -9999.0 -9999.0 -9999.0 -9999.0 -9999.0 -9999.0 -9999.0 -9999.0 -9999.0 -9999.0 -9999.0 -9999.0 -9999.0 -9999.0 -9999.0 -9999.0 -9999.0 -9999.0 -9999.0 -9999.0 -9999.0 -9999.0 -9999.0 -9999.0 -9999.0 -9999.0 -9999.0 -9999.0 -9999.0 -9999.0 -9999.0 -9999.0 -9999.0 -9999.0 -9999.0 -9999.0 -9999.0 -9999.0 -9999.0 -9999.0 -9999.0 -9999.0 -9999.0 -9999.0 -9999.0 -9999.0 0.0 0.0 -9999.0 -9999.0 -9999.0 -9999.0 -9999.0 -9999.0 -9999.0 -9999.0 -9999.0 -9999.0 -9999.0 -9999.0 -9999.0 -9999.0 -9999.0 1.1 1.1 -9999.0 -9999.0 -9999.0
-9999.0 -9999.0 -9999.0 -9999.0 -9999.0 -9999.0 -9999.0 -9999.0 -9999.0 -9999.0 -9999.0 -9999.0 -9999.0 -9999.0 -9999.0 -9999.0 -9999.0 -9999.0 -9999.0 -9999.0 -9999.0 -9999.0 -9999.0 -9999.0 -9999.0 -9999.0 -9999.0 -9999.0 -9999.0 -9999.0 -9999.0 -9999.0 -9999.0 -9999.0 -9999.0 -9999.0 -9999.0 -9999.0 -9999.0 -9999.0 -9999.0 -9999.0 -9999.0 -9999.0 -9999.0 -9999.0 -9999.0 -9999.0 -9999.0 -9999.0 -9999.0 -9999.0 -9999.0 -9999.0 -9999.0 -9999.0 -9999.0 -9999.0 -9999.0 -9999.0 -9999.0 -9999.0 -9999.0 -9999.0 -9999.0 -9999.0 -9999.0 -9999.0 -9999.0 -9999.0 -9999.0 -9999.0 -9999.0 -9999.0 -9999.0 -9999.0 -9999.0 -9999.0 -9999.0 -9999.0
-9999.0 -9999.0 -9999.0 -9999.0 -9999.0 -9999.0 -9999.0 -9999.0 -9999.0 -9999.0 -9999.0 -9999.0 -9999.0 -9999.0 -9999.0 -9999.0 -9999.0 -9999.0 -9999.0 -9999.0 -9999.0 -9999.0 -9999.0 -9999.0 -9999.0 -9999.0 -9999.0 -9999.0 -9999.0 -9999.0 -9999.0 -9999.0 -9999.0 -9999.0 -9999.0 -9999.0 -9999.0 -9999.0 -9999.0 -9999.0 -9999.0 -9999.0 -9999.0 -9999.0 -9999.0 -9999.0 -9999.0 -9999.0 -9999.0 -9999.0 -9999.0 -9999.0 -9999.0 -9999.0 -9999.0 -9999.0 -9999.0 -9999.0 -9999.0 -9999.0 -9999.0 -9999.0 -9999.0 -9999.0 -9999.0 -9999.0 -9999.0 -9999.0 -9999.0 -9999.0 -9999.0 -9999.0 -9999.0 -9999.0 -9999.0 4.1 4.4 4.6 -9999.0 -9999.0
-9999.0 -9999.0 -9999.0 -9999.0 -9999.0 -9999.0 -9999.0 -9999.0 -9999.0 -9999.0 -9999.0 -9999.0 -9999.0 -9999.0 -9999.0 -9999.0 -9999.0 -9999.0 -9999.0 -9999.0 -9999.0 -9999.0 -9999.0 -9999.0 -9999.0 -9999.0 -9999.0 -9999.0 -9999.0 -9999.0 -9999.0 -9999.0 -9999.0 -9999.0 -9999.0 -9999.0 -9999.0 -9999.0 -9999.0 -9999.0 -9999.0 -9999.0 -9999.0 -9999.0 -9999.0 -9999.0 -9999.0 -9999.0 -9999.0 -9999.0 -9999.0 -9999.0 -9999.0 -9999.0 -9999.0 -9999.0 -9999.0 -9999.0 -9999.0 -9999.0 -9999.0 -9999.0 -9999.0 -9999.0 -9999.0 -9999.0 -9999.0 -9999.0 -9999.0 -9999.0 -9999.0 -9999.0 -9999.0 0.2 3.7 4.8 6.6 -9999.0 -9999.0 -9999.0
