program/excelProcessViaJava/data/SURF_CLI_CHN_PRE_MON_GRID_0.5-199207.txt
NCOLS      128
NROWS       72
XLLCORNER    72.000000000000    
YLLCORNER    18.000000000000    
CELLSIZE    0.50000000000000    
NODATA_VALUE   -9999.000    
[rows 33 to 65 of 72, columns 0 to 74 of 128]
-9999.0 -9999.0 -9999.0 -9999.0 18.6 29.0 39.6 17.7 14.0 2.6 3.4 2.3 1.8 1.6 1.8 2.2 2.8 3.3 3.1 3.2 3.8 5.3 7.8 11.1 14.8 19.5 25.1 69.8 46.0 53.7 60.6 60.4 61.3 66.6 57.4 54.6 48.1 66.4 55.0 34.1 18.0 12.9 13.6 15.3 20.0 25.7 33.9 47.8 55.8 41.7 49.1 91.1 118.3 136.1 93.5 86.6 80.5 98.9 100.4 115.8 108.8 90.1 77.9 60.9 50.2 46.6 44.7 47.2 50.0 56.0 64.8 71.5 73.7 70.1 63.5
-9999.0 -9999.0 -9999.0 -9999.0 28.6 19.8 36.2 14.7 45.4 39.1 6.7 27.2 14.2 14.7 2.9 3.4 4.0 3.0 2.5 2.5 3.9 6.1 9.8 20.3 44.3 63.7 49.9 54.3 55.5 58.6 60.9 67.6 64.7 65.1 66.1 60.1 64.4 68.3 48.6 32.0 42.0 18.5 17.1 14.9 17.4 20.1 21.5 21.6 22.6 30.5 42.3 62.9 118.1 103.4 91.6 89.7 87.1 95.0 106.1 87.7 113.4 92.2 85.8 79.0 63.2 53.0 56.0 57.2 63.0 69.1 69.9 72.9 71.9 67.6 60.5
-9999.0 -9999.0 -9999.0 -9999.0 -9999.0 -9999.0 -9999.0 19.3 29.2 18.6 46.4 44.5 19.7 25.3 25.4 3.4 9.8 4.9 4.5 8.8 23.3 40.3 46.5 46.7 47.9 50.2 56.5 60.1 62.6 68.6 69.1 69.8 69.6 71.8 75.0 68.2 74.5 66.7 74.3 73.1 39.9 75.7 69.3 51.0 36.3 23.8 34.4 31.1 42.3 34.8 43.9 66.1 96.3 148.5 135.6 95.9 86.3 84.2 114.8 102.3 129.2 101.4 94.2 88.3 80.7 65.2 71.3 83.8 87.7 84.1 73.0 67.5 65.6 66.4 67.2
-9999.0 -9999.0 -9999.0 -9999.0 -9999.0 -9999.0 -9999.0 52.8 14.6 31.2 39.0 26.6 33.8 51.0 33.7 64.3 32.9 31.7 52.5 34.6 35.9 49.8 47.5 51.3 52.6 56.1 58.1 66.3 62.8 63.5 69.7 71.0 71.5 77.1 72.6 73.2 69.8 73.6 70.2 63.8 62.5 60.0 64.0 90.2 58.8 43.0 55.7 62.6 95.7 88.6 130.9 127.8 107.8 121.2 138.9 111.2 103.3 105.3 118.3 128.9 127.0 125.7 108.5 104.3 88.3 80.2 87.0 101.0 114.2 82.3 67.1 56.5 54.0 60.3 61.9
-9999.0 -9999.0 -9999.0 -9999.0 -9999.0 -9999.0 -9999.0 -9999.0 -9999.0 29.9 27.7 23.6 42.3 40.4 33.2 29.5 41.5 74.8 50.7 69.6 55.2 48.2 50.5 54.3 57.1 58.5 63.4 65.4 63.9 70.8 65.0 68.1 69.6 73.5 70.3 71.2 70.7 73.3 68.8 69.2 62.2 63.8 60.7 58.9 71.3 76.0 82.4 86.4 94.1 99.8 113.2 111.7 111.0 111.6 127.3 116.3 107.7 107.0 122.1 124.9 134.0 151.5 160.0 115.3 111.7 96.4 98.3 112.4 124.2 89.8 70.6 51.8 47.3 56.6 73.6
-9999.0 -9999.0 -9999.0 -9999.0 -9999.0 -9999.0 -9999.0 -9999.0 -9999.0 -9999.0 -9999.0 44.1 18.8 49.0 38.7 45.7 43.8 42.7 43.9 51.4 63.0 56.9 61.8 60.2 73.5 68.9 72.4 72.1 70.2 67.9 67.5 71.8 68.4 70.4 70.8 80.4 75.5 76.8 91.9 75.5 78.2 69.1 63.8 63.5 84.4 77.1 101.4 95.8 103.9 102.7 96.8 99.7 101.4 105.7 116.7 116.3 117.6 122.0 118.5 121.7 139.5 147.7 155.7 151.0 151.4 97.7 105.2 119.2 124.6 112.3 86.7 68.2 56.1 57.1 57.7
-9999.0 -9999.0 -9999.0 -9999.0 -9999.0 -9999.0 -9999.0 -9999.0 -9999.0 -9999.0 -9999.0 -9999.0 23.1 24.3 46.7 38.0 66.7 51.3 54.2 75.7 52.2 60.7 65.4 65.2 92.1 72.8 70.1 75.0 71.8 75.0 68.3 66.6 66.9 71.6 74.7 76.3 88.9 83.0 80.0 76.1 73.7 72.2 71.6 78.4 81.0 89.0 100.1 95.1 99.8 99.7 105.0 101.2 93.7 89.4 94.7 107.0 118.2 131.4 108.3 129.8 132.9 156.1 169.6 165.9 131.4 151.2 104.3 123.2 136.4 138.5 106.3 78.3 68.6 71.4 86.9
-9999.0 -9999.0 -9999.0 -9999.0 -9999.0 -9999.0 -9999.0 -9999.0 -9999.0 -9999.0 -9999.0 -9999.0 52.2 21.5 20.2 44.0 31.1 41.7 63.0 62.0 64.4 73.5 74.3 71.2 69.1 74.8 75.0 70.7 70.9 66.4 66.4 67.8 64.9 65.7 70.5 73.7 85.3 90.5 89.5 86.6 80.9 79.5 88.5 81.6 90.5 99.5 95.0 97.3 95.2 100.0 96.2 94.9 87.1 87.8 84.6 98.5 104.7 116.4 106.6 109.7 117.6 131.3 155.8 175.1 113.6 120.5 132.5 144.6 143.7 149.3 177.1 209.9 213.9 175.0 167.4
-9999.0 -9999.0 -9999.0 -9999.0 -9999.0 -9999.0 -9999.0 -9999.0 -9999.0 -9999.0 -9999.0 -9999.0 -9999.0 32.8 52.8 26.2 44.6 40.3 43.9 50.7 61.9 61.3 77.0 70.9 76.3 86.5 84.3 84.3 75.2 69.3 63.0 59.6 61.9 63.2 62.5 69.0 77.3 86.9 105.0 96.2 92.4 94.8 94.2 101.8 95.6 91.7 97.8 104.4 107.6 106.1 102.2 94.0 88.4 108.9 102.8 104.2 105.8 119.6 146.1 126.5 125.8 123.1 140.4 116.0 126.8 114.5 129.7 167.7 172.8 174.7 145.0 166.1 225.1 228.5 227.1
-9999.0 -9999.0 -9999.0 -9999.0 -9999.0 -9999.0 -9999.0 -9999.0 -9999.0 -9999.0 -9999.0 -9999.0 31.5 52.3 48.5 34.7 60.9 52.4 56.3 47.1 54.2 62.1 72.5 75.6 77.8 87.6 83.2 77.2 72.2 67.4 61.3 55.7 57.2 54.4 58.2 62.8 75.7 79.9 85.4 88.3 100.3 109.8 116.9 101.5 103.5 100.8 95.2 94.6 102.3 105.9 110.1 114.9 99.7 108.0 103.5 110.0 133.0 110.3 131.8 119.3 123.9 140.3 130.8 150.1 111.3 114.9 266.2 217.9 199.3 228.7 265.0 275.5 227.4 146.6 146.3
-9999.0 -9999.0 -9999.0 -9999.0 -9999.0 -9999.0 -9999.0 -9999.0 -9999.0 -9999.0 -9999.0 -9999.0 42.5 20.5 29.5 69.3 64.0 41.2 45.6 61.5 54.5 70.0 75.1 79.4 79.5 79.8 79.4 76.1 71.2 64.8 58.7 53.5 51.7 48.0 49.6 55.4 62.7 73.2 78.8 77.0 82.0 89.2 99.5 106.6 106.4 103.0 106.0 101.6 102.2 96.5 99.7 113.5 104.5 102.6 108.7 110.1 135.8 154.9 146.1 167.8 176.8 189.3 119.4 99.5 96.5 259.8 169.6 224.3 224.1 248.6 270.3 265.5 232.1 246.5 227.7
-9999.0 -9999.0 -9999.0 -9999.0 -9999.0 -9999.0 -9999.0 -9999.0 -9999.0 -9999.0 -9999.0 -9999.0 13.2 36.8 21.8 31.0 34.7 63.6 53.2 59.4 79.6 85.2 76.0 85.2 83.4 89.0 83.4 82.8 71.8 65.8 59.4 54.6 48.1 45.5 45.6 49.2 56.4 65.3 69.4 74.1 76.8 87.7 108.3 107.1 108.2 111.0 108.5 91.6 79.6 85.8 96.9 96.4 160.9 180.3 155.9 113.8 150.6 178.2 192.4 162.1 159.1 156.1 228.1 97.4 139.8 313.7 236.0 183.7 181.9 204.8 211.1 240.2 221.1 210.3 211.3
-9999.0 -9999.0 -9999.0 -9999.0 -9999.0 -9999.0 -9999.0 -9999.0 -9999.0 -9999.0 -9999.0 -9999.0 -9999.0 57.8 51.3 30.5 38.6 39.3 57.4 67.1 92.0 73.8 84.3 89.6 80.5 82.7 80.4 76.7 74.1 68.2 62.8 56.1 50.4 46.4 45.5 51.5 57.1 62.5 68.4 70.5 77.6 102.3 119.3 121.2 107.4 96.2 96.6 63.2 88.7 89.4 79.6 131.3 135.5 115.4 184.9 199.8 144.6 166.5 206.9 271.7 232.4 363.8 206.1 91.4 234.0 201.0 181.9 151.6 148.5 149.1 147.5 134.5 141.6 82.4 101.6
-9999.0 -9999.0 -9999.0 -9999.0 -9999.0 -9999.0 -9999.0 -9999.0 -9999.0 -9999.0 -9999.0 -9999.0 -9999.0 9.8 44.6 28.8 54.5 35.8 43.7 56.0 83.7 85.1 88.9 84.8 73.6 78.8 79.4 75.9 74.9 77.5 69.7 63.4 57.0 52.5 52.7 54.8 57.8 65.4 73.3 90.1 87.4 103.0 118.0 124.0 137.0 105.8 92.7 60.8 67.4 75.4 111.0 86.9 147.8 197.3 236.1 222.2 177.4 195.7 250.7 158.8 261.4 139.9 180.1 250.3 166.4 128.5 127.3 124.3 107.4 94.8 83.6 77.8 67.0 60.8 62.5
-9999.0 -9999.0 -9999.0 -9999.0 -9999.0 -9999.0 -9999.0 -9999.0 -9999.0 -9999.0 -9999.0 -9999.0 -9999.0 -9999.0 -9999.0 28.1 28.1 40.7 40.4 41.9 68.1 63.2 66.3 72.8 78.0 77.9 89.9 80.6 85.8 77.8 76.8 73.4 71.2 66.1 61.1 67.8 73.7 67.6 75.3 82.9 99.1 113.5 123.2 126.0 112.4 94.2 91.5 57.9 78.1 53.3 91.7 175.1 147.4 174.0 106.1 212.6 236.6 151.3 313.8 349.0 142.4 205.3 315.8 203.4 134.4 108.1 107.8 107.2 79.5 55.7 48.3 45.4 50.4 45.3 52.2
-9999.0 -9999.0 -9999.0 -9999.0 -9999.0 -9999.0 -9999.0 -9999.0 -9999.0 -9999.0 -9999.0 -9999.0 -9999.0 -9999.0 -9999.0 -9999.0 -9999.0 5.5 16.0 -9999.0 32.2 59.9 53.0 58.6 73.2 73.6 89.2 82.0 79.6 85.9 86.3 88.3 86.6 78.5 71.4 68.1 81.1 61.4 73.5 81.5 94.0 115.3 120.9 124.1 135.6 110.5 134.4 116.2 72.9 96.4 68.7 111.1 74.7 178.8 215.9 250.0 221.4 331.4 341.1 364.3 146.8 207.3 219.6 166.5 109.9 87.7 93.9 84.9 61.6 42.0 35.8 48.6 51.3 44.9 66.2
-9999.0 -9999.0 -9999.0 -9999.0 -9999.0 -9999.0 -9999.0 -9999.0 -9999.0 -9999.0 -9999.0 -9999.0 -9999.0 -9999.0 -9999.0 -9999.0 -9999.0 -9999.0 -9999.0 -9999.0 -9999.0 40.8 54.4 76.4 67.0 59.9 66.2 72.8 80.8 87.8 96.3 105.9 103.1 93.7 80.7 74.8 67.3 62.0 57.5 56.9 66.7 109.1 123.5 127.9 150.5 124.5 182.8 101.9 145.8 317.2 116.0 206.3 210.0 113.9 173.1 268.4 314.8 298.6 458.6 351.9 147.6 130.3 140.0 118.7 109.3 95.7 101.8 88.4 71.4 48.5 43.1 54.4 58.3 62.4 90.2
-9999.0 -9999.0 -9999.0 -9999.0 -9999.0 -9999.0 -9999.0 -9999.0 -9999.0 -9999.0 -9999.0 -9999.0 -9999.0 -9999.0 -9999.0 -9999.0 -9999.0 -9999.0 -9999.0 -9999.0 -9999.0 -9999.0 -9999.0 33.2 52.2 56.2 62.6 72.0 87.7 91.3 103.9 113.0 119.7 111.0 105.2 91.8 88.0 64.1 73.6 80.8 84.6 108.3 107.2 121.4 160.0 218.1 159.3 135.7 131.3 123.1 104.8 168.5 98.2 124.1 134.0 151.2 280.3 381.9 239.2 361.3 167.2 142.3 114.6 98.2 90.9 104.4 113.0 96.2 63.0 60.2 68.2 76.0 85.5 106.0 115.3
-9999.0 -9999.0 -9999.0 -9999.0 -9999.0 -9999.0 -9999.0 -9999.0 -9999.0 -9999.0 -9999.0 -9999.0 -9999.0 -9999.0 -9999.0 -9999.0 -9999.0 -9999.0 -9999.0 -9999.0 -9999.0 -9999.0 -9999.0 -9999.0 -9999.0 40.3 53.7 100.2 100.8 124.4 116.8 122.5 127.2 126.2 108.7 109.9 121.0 71.8 82.7 65.3 94.0 87.0 119.5 142.7 201.6 232.5 209.1 240.7 149.9 139.0 178.2 139.9 174.6 166.2 139.3 179.0 266.8 281.2 372.5 337.7 256.4 187.7 296.6 151.7 124.4 115.8 90.5 63.2 70.6 81.6 89.5 106.5 110.7 150.7 160.3
-9999.0 -9999.0 -9999.0 -9999.0 -9999.0 -9999.0 -9999.0 -9999.0 -9999.0 -9999.0 -9999.0 -9999.0 -9999.0 -9999.0 -9999.0 -9999.0 -9999.0 -9999.0 -9999.0 -9999.0 -9999.0 -9999.0 -9999.0 -9999.0 -9999.0 -9999.0 -9999.0 57.8 69.9 91.7 108.9 122.3 150.6 118.5 127.8 82.4 81.2 65.9 54.4 58.9 77.6 81.9 134.7 193.2 218.8 242.2 258.2 259.0 249.7 181.3 190.0 172.8 140.7 146.9 173.3 228.5 240.9 252.9 321.3 248.9 241.6 209.4 173.6 149.2 122.9 99.3 88.3 73.1 74.1 88.3 110.4 145.2 138.3 172.2 141.6
-9999.0 -9999.0 -9999.0 -9999.0 -9999.0 -9999.0 -9999.0 -9999.0 -9999.0 -9999.0 -9999.0 -9999.0 -9999.0 -9999.0 -9999.0 -9999.0 -9999.0 -9999.0 -9999.0 -9999.0 -9999.0 -9999.0 -9999.0 -9999.0 -9999.0 -9999.0 -9999.0 -9999.0 -9999.0 -9999.0 -9999.0 -9999.0 -9999.0 104.5 125.7 -9999.0 -9999.0 -9999.0 80.2 68.5 88.8 122.6 139.0 208.0 238.7 253.5 -9999.0 -9999.0 -9999.0 -9999.0 -9999.0 -9999.0 171.2 204.8 203.8 233.8 258.3 254.2 240.1 231.9 219.9 203.7 182.1 164.2 148.2 132.3 124.8 118.9 103.5 105.4 127.7 162.2 180.7 155.0 159.5
-9999.0 -9999.0 -9999.0 -9999.0 -9999.0 -9999.0 -9999.0 -9999.0 -9999.0 -9999.0 -9999.0 -9999.0 -9999.0 -9999.0 -9999.0 -9999.0 -9999.0 -9999.0 -9999.0 -9999.0 -9999.0 -9999.0 -9999.0 -9999.0 -9999.0 -9999.0 -9999.0 -9999.0 -9999.0 -9999.0 -9999.0 -9999.0 -9999.0 -9999.0 -9999.0 -9999.0 -9999.0 -9999.0 -9999.0 142.6 157.1 177.6 200.3 222.2 -9999.0 -9999.0 -9999.0 -9999.0 -9999.0 -9999.0 -9999.0 -9999.0 203.3 261.0 246.6 246.8 253.0 241.4 226.5 217.7 206.4 184.1 170.1 157.9 162.9 178.5 193.1 181.4 146.7 137.9 157.0 171.2 160.1 162.9 132.4
-9999.0 -9999.0 -9999.0 -9999.0 -9999.0 -9999.0 -9999.0 -9999.0 -9999.0 -9999.0 -9999.0 -9999.0 -9999.0 -9999.0 -9999.0 -9999.0 -9999.0 -9999.0 -9999.0 -9999.0 -9999.0 -9999.0 -9999.0 -9999.0 -9999.0 -9999.0 -9999.0 -9999.0 -9999.0 -9999.0 -9999.0 -9999.0 -9999.0 -9999.0 -9999.0 -9999.0 -9999.0 -9999.0 -9999.0 -9999.0 -9999.0 -9999.0 -9999.0 -9999.0 -9999.0 -9999.0 -9999.0 -9999.0 -9999.0 -9999.0 -9999.0 -9999.0 234.5 313.0 275.2 300.2 249.1 218.5 192.6 180.3 164.8 149.1 221.5 138.0 168.3 225.8 277.6 268.5 223.9 196.0 192.9 188.8 201.1 163.8 161.6
-9999.0 -9999.0 -9999.0 -9999.0 -9999.0 -9999.0 -9999.0 -9999.0 -9999.0 -9999.0 -9999.0 -9999.0 -9999.0 -9999.0 -9999.0 -9999.0 -9999.0 -9999.0 -9999.0 -9999.0 -9999.0 -9999.0 -9999.0 -9999.0 -9999.0 -9999.0 -9999.0 -9999.0 -9999.0 -9999.0 -9999.0 -9999.0 -9999.0 -9999.0 -9999.0 -9999.0 -9999.0 -9999.0 -9999.0 -9999.0 -9999.0 -9999.0 -9999.0 -9999.0 -9999.0 -9999.0 -9999.0 -9999.0 -9999.0 -9999.0 -9999.0 287.1 283.6 340.3 247.3 267.4 237.7 223.3 173.0 118.5 155.2 132.4 105.5 126.7 182.6 271.4 340.0 305.7 305.7 266.3 243.1 221.3 190.4 183.5 206.7
-9999.0 -9999.0 -9999.0 -9999.0 -9999.0 -9999.0 -9999.0 -9999.0 -9999.0 -9999.0 -9999.0 -9999.0 -9999.0 -9999.0 -9999.0 -9999.0 -9999.0 -9999.0 -9999.0 -9999.0 -9999.0 -9999.0 -9999.0 -9999.0 -9999.0 -9999.0 -9999.0 -9999.0 -9999.0 -9999.0 -9999.0 -9999.0 -9999.0 -9999.0 -9999.0 -9999.0 -9999.0 -9999.0 -9999.0 -9999.0 -9999.0 -9999.0 -9999.0 -9999.0 -9999.0 -9999.0 -9999.0 -9999.0 -9999.0 -9999.0 296.5 364.9 371.9 371.8 298.0 288.0 223.0 171.6 158.6 160.3 124.4 125.0 100.3 135.1 211.9 301.0 352.1 351.0 364.6 317.5 288.7 232.5 194.2 188.4 206.3
-9999.0 -9999.0 -9999.0 -9999.0 -9999.0 -9999.0 -9999.0 -9999.0 -9999.0 -9999.0 -9999.0 -9999.0 -9999.0 -9999.0 -9999.0 -9999.0 -9999.0 -9999.0 -9999.0 -9999.0 -9999.0 -9999.0 -9999.0 -9999.0 -9999.0 -9999.0 -9999.0 -9999.0 -9999.0 -9999.0 -9999.0 -9999.0 -9999.0 -9999.0 -9999.0 -9999.0 -9999.0 -9999.0 -9999.0 -9999.0 -9999.0 -9999.0 -9999.0 -9999.0 -9999.0 -9999.0 -9999.0 -9999.0 -9999.0 -9999.0 311.9 468.3 373.4 407.4 371.7 294.5 193.4 231.6 201.2 150.0 111.1 103.5 100.0 149.4 227.1 253.7 306.4 316.2 364.5 346.2 312.1 249.1 191.5 161.5 163.0
-9999.0 -9999.0 -9999.0 -9999.0 -9999.0 -9999.0 -9999.0 -9999.0 -9999.0 -9999.0 -9999.0 -9999.0 -9999.0 -9999.0 -9999.0 -9999.0 -9999.0 -9999.0 -9999.0 -9999.0 -9999.0 -9999.0 -9999.0 -9999.0 -9999.0 -9999.0 -9999.0 -9999.0 -9999.0 -9999.0 -9999.0 -9999.0 -9999.0 -9999.0 -9999.0 -9999.0 -9999.0 -9999.0 -9999.0 -9999.0 -9999.0 -9999.0 -9999.0 -9999.0 -9999.0 -9999.0 -9999.0 -9999.0 -9999.0 -9999.0 307.1 386.1 341.0 505.6 335.1 276.7 332.9 242.9 235.2 143.6 138.2 132.0 133.2 155.6 228.4 257.0 259.8 292.7 344.9 396.3 339.3 309.0 190.7 169.7 138.2
-9999.0 -9999.0 -9999.0 -9999.0 -9999.0 -9999.0 -9999.0 -9999.0 -9999.0 -9999.0 -9999.0 -9999.0 -9999.0 -9999.0 -9999.0 -9999.0 -9999.0 -9999.0 -9999.0 -9999.0 -9999.0 -9999.0 -9999.0 -9999.0 -9999.0 -9999.0 -9999.0 -9999.0 -9999.0 -9999.0 -9999.0 -9999.0 -9999.0 -9999.0 -9999.0 -9999.0 -9999.0 -9999.0 -9999.0 -9999.0 -9999.0 -9999.0 -9999.0 -9999.0 -9999.0 -9999.0 -9999.0 -9999.0 -9999.0 -9999.0 424.8 514.3 438.1 444.6 386.0 390.3 228.9 270.0 249.4 174.1 182.9 163.5 126.5 195.9 263.8 289.8 316.3 316.4 380.8 344.4 350.0 283.8 221.1 182.7 141.0
-9999.0 -9999.0 -9999.0 -9999.0 -9999.0 -9999.0 -9999.0 -9999.0 -9999.0 -9999.0 -9999.0 -9999.0 -9999.0 -9999.0 -9999.0 -9999.0 -9999.0 -9999.0 -9999.0 -9999.0 -9999.0 -9999.0 -9999.0 -9999.0 -9999.0 -9999.0 -9999.0 -9999.0 -9999.0 -9999.0 -9999.0 -9999.0 -9999.0 -9999.0 -9999.0 -9999.0 -9999.0 -9999.0 -9999.0 -9999.0 -9999.0 -9999.0 -9999.0 -9999.0 -9999.0 -9999.0 -9999.0 -9999.0 -9999.0 -9999.0 -9999.0 -9999.0 -9999.0 366.0 318.3 298.6 300.9 313.3 223.7 224.7 320.4 206.2 311.7 296.9 325.9 326.3 365.4 306.1 364.0 376.4 342.9 287.7 233.2 191.6 163.5
-9999.0 -9999.0 -9999.0 -9999.0 -9999.0 -9999.0 -9999.0 -9999.0 -9999.0 -9999.0 -9999.0 -9999.0 -9999.0 -9999.0 -9999.0 -9999.0 -9999.0 -9999.0 -9999.0 -9999.0 -9999.0 -9999.0 -9999.0 -9999.0 -9999.0 -9999.0 -9999.0 -9999.0 -9999.0 -9999.0 -9999.0 -9999.0 -9999.0 -9999.0 -9999.0 -9999.0 -9999.0 -9999.0 -9999.0 -9999.0 -9999.0 -9999.0 -9999.0 -9999.0 -9999.0 -9999.0 -9999.0 -9999.0 -9999.0 -9999.0 -9999.0 -9999.0 -9999.0 378.2 310.1 470.3 299.4 263.1 297.9 377.4 332.9 317.8 476.8 388.3 395.5 375.0 300.9 383.9 330.1 338.3 322.6 300.7 268.8 231.6 200.9
-9999.0 -9999.0 -9999.0 -9999.0 -9999.0 -9999.0 -9999.0 -9999.0 -9999.0 -9999.0 -9999.0 -9999.0 -9999.0 -9999.0 -9999.0 -9999.0 -9999.0 -9999.0 -9999.0 -9999.0 -9999.0 -9999.0 -9999.0 -9999.0 -9999.0 -9999.0 -9999.0 -9999.0 -9999.0 -9999.0 -9999.0 -9999.0 -9999.0 -9999.0 -9999.0 -9999.0 -9999.0 -9999.0 -9999.0 -9999.0 -9999.0 -9999.0 -9999.0 -9999.0 -9999.0 -9999.0 -9999.0 -9999.0 -9999.0 -9999.0 -9999.0 -9999.0 -9999.0 398.6 273.0 369.0 316.8 278.7 319.0 353.0 457.0 509.9 641.0 663.5 438.3 -9999.0 -9999.0 -9999.0 366.1 330.5 342.0 349.5 323.8 278.9 247.4
-9999.0 -9999.0 -9999.0 -9999.0 -9999.0 -9999.0 -9999.0 -9999.0 -9999.0 -9999.0 -9999.0 -9999.0 -9999.0 -9999.0 -9999.0 -9999.0 -9999.0 -9999.0 -9999.0 -9999.0 -9999.0 -9999.0 -9999.0 -9999.0 -9999.0 -9999.0 -9999.0 -9999.0 -9999.0 -9999.0 -9999.0 -9999.0 -9999.0 -9999.0 -9999.0 -9999.0 -9999.0 -9999.0 -9999.0 -9999.0 -9999.0 -9999.0 -9999.0 -9999.0 -9999.0 -9999.0 -9999.0 -9999.0 -9999.0 -9999.0 -9999.0 -9999.0 -9999.0 -9999.0 369.3 332.1 243.2 234.5 342.1 457.8 408.5 -9999.0 -9999.0 -9999.0 -9999.0 -9999.0 -9999.0 -9999.0 371.5 378.0 409.0 393.0 356.8 300.9 263.3
-9999.0 -9999.0 -9999.0 -9999.0 -9999.0 -9999.0 -9999.0 -9999.0 -9999.0 -9999.0 -9999.0 -9999.0 -9999.0 -9999.0 -9999.0 -9999.0 -9999.0 -9999.0 -9999.0 -9999.0 -9999.0 -9999.0 -9999.0 -9999.0 -9999.0 -9999.0 -9999.0 -9999.0 -9999.0 -9999.0 -9999.0 -9999.0 -9999.0 -9999.0 -9999.0 -9999.0 -9999.0 -9999.0 -9999.0 -9999.0 -9999.0 -9999.0 -9999.0 -9999.0 -9999.0 -9999.0 -9999.0 -9999.0 -9999.0 -9999.0 -9999.0 -9999.0 -9999.0 -9999.0 -9999.0 298.3 395.3 292.6 300.9 415.3 477.1 -9999.0 -9999.0 -9999.0 -9999.0 -9999.0 -9999.0 -9999.0 -9999.0 -9999.0 421.9 -9999.0 -9999.0 -9999.0 -9999.0
