program/excelProcessViaJava/data/SURF_CLI_CHN_PRE_MON_GRID_0.5-198709.txt
NCOLS      128
NROWS       72
XLLCORNER    72.000000000000    
YLLCORNER    18.000000000000    
CELLSIZE    0.50000000000000    
NODATA_VALUE   -9999.000    
[rows 34 to 67 of 72, columns 0 to 76 of 128]
-9999.0 -9999.0 -9999.0 -9999.0 0.5 0.4 3.2 0.8 9.7 9.1 1.3 6.8 3.3 3.1 0.8 0.7 0.6 0.7 0.8 0.9 0.7 0.7 0.6 0.7 2.9 8.5 3.6 4.6 4.8 5.7 6.5 10.0 8.7 9.8 12.2 11.1 16.8 22.6 14.2 9.0 14.7 6.4 6.0 5.4 5.2 4.9 4.6 4.7 5.9 9.9 16.2 23.8 47.8 44.7 45.0 56.3 62.7 72.4 79.0 52.0 72.8 48.5 39.7 39.4 35.4 32.2 43.3 38.3 38.1 41.2 32.5 31.6 29.9 27.6 25.8 28.3 30.8
-9999.0 -9999.0 -9999.0 -9999.0 -9999.0 -9999.0 -9999.0 0.8 3.0 1.8 10.3 10.2 3.1 4.2 3.9 0.6 0.8 0.6 0.6 0.6 1.0 2.6 3.1 2.7 2.6 2.8 4.0 5.0 5.9 8.7 9.5 10.5 11.4 14.3 18.8 17.1 24.9 23.5 32.5 34.9 17.5 39.2 33.5 20.7 12.5 8.2 8.8 7.8 11.0 11.8 17.5 25.3 36.2 78.6 78.4 48.1 44.9 47.0 78.5 67.5 82.0 60.0 43.5 42.4 48.8 40.5 45.4 49.9 48.3 47.3 38.2 34.6 35.4 32.8 28.4 29.5 26.4
-9999.0 -9999.0 -9999.0 -9999.0 -9999.0 -9999.0 -9999.0 6.0 0.5 3.0 5.5 3.0 4.7 9.7 4.2 13.0 3.1 2.4 5.9 1.9 1.7 3.1 2.4 2.6 2.5 3.0 3.3 5.5 4.9 5.7 9.0 11.0 12.9 18.6 18.2 22.0 23.6 30.5 32.8 32.8 35.4 35.8 38.3 53.6 29.7 19.6 21.9 22.6 35.8 31.1 54.2 52.4 41.8 55.3 82.4 55.0 53.5 62.0 75.5 81.8 82.1 81.9 58.2 53.6 47.9 44.8 43.2 47.6 61.9 49.0 42.7 38.0 38.4 36.2 25.5 31.0 29.5
-9999.0 -9999.0 -9999.0 -9999.0 -9999.0 -9999.0 -9999.0 -9999.0 -9999.0 1.7 1.8 1.5 5.0 4.4 2.8 2.0 3.4 11.3 3.9 7.3 3.4 2.1 2.0 2.2 2.4 2.6 3.5 4.3 4.7 7.7 7.2 10.1 12.9 17.7 18.9 23.0 26.9 33.2 35.4 40.8 40.9 45.4 44.9 43.0 48.1 47.0 46.2 43.9 44.2 43.8 49.6 47.0 48.1 54.0 78.4 64.6 59.4 65.2 76.6 78.6 83.2 86.7 85.5 51.0 49.9 41.1 35.3 42.9 67.3 57.3 51.9 39.6 38.5 38.8 36.4 19.9 20.9
-9999.0 -9999.0 -9999.0 -9999.0 -9999.0 -9999.0 -9999.0 -9999.0 -9999.0 -9999.0 -9999.0 3.8 0.7 4.7 2.5 3.3 2.6 2.1 1.9 2.4 3.5 2.3 2.6 2.3 4.0 3.4 4.4 5.0 5.7 6.7 8.5 12.7 14.2 18.4 22.3 32.0 33.4 39.2 55.6 49.7 57.3 56.2 56.0 56.9 69.7 61.2 73.3 62.7 62.4 56.1 47.6 47.6 51.3 63.3 81.4 79.8 75.8 79.6 77.9 80.3 85.2 84.9 79.3 61.5 56.2 29.8 27.8 41.3 60.8 66.7 59.0 50.5 38.0 30.1 16.0 17.7 21.5
-9999.0 -9999.0 -9999.0 -9999.0 -9999.0 -9999.0 -9999.0 -9999.0 -9999.0 -9999.0 -9999.0 -9999.0 0.7 0.7 2.7 1.5 5.4 2.3 2.3 5.0 1.7 2.2 2.4 2.4 6.5 3.4 3.7 5.1 5.9 8.7 9.4 12.0 15.8 22.0 28.0 33.5 46.2 47.5 51.9 56.3 61.3 66.3 70.8 78.0 80.7 84.4 87.8 76.7 72.4 66.0 66.6 61.8 58.2 61.6 72.3 81.2 85.1 90.6 80.6 86.5 86.2 85.8 81.3 67.5 40.3 53.5 36.0 48.9 62.1 71.5 59.3 32.7 18.9 16.4 28.0 67.3 47.2
-9999.0 -9999.0 -9999.0 -9999.0 -9999.0 -9999.0 -9999.0 -9999.0 -9999.0 -9999.0 -9999.0 -9999.0 3.1 0.5 0.5 1.5 0.8 1.1 2.6 2.2 2.3 2.9 2.9 2.7 3.0 3.5 4.1 4.8 5.8 7.3 9.7 13.6 17.2 22.6 29.9 37.0 48.3 57.0 62.9 68.6 73.3 79.6 90.7 92.1 100.6 107.4 100.4 93.9 82.5 78.4 70.4 67.4 62.9 68.4 68.1 77.7 78.6 84.1 83.5 86.2 84.7 79.1 76.6 76.7 37.5 42.9 36.6 51.8 59.6 68.5 97.6 131.8 141.2 106.9 89.3 67.4 57.0
-9999.0 -9999.0 -9999.0 -9999.0 -9999.0 -9999.0 -9999.0 -9999.0 -9999.0 -9999.0 -9999.0 -9999.0 -9999.0 0.7 2.1 0.6 1.1 0.9 1.1 1.4 2.0 2.1 3.0 3.1 3.6 4.3 4.7 5.8 6.2 7.6 9.9 13.2 17.9 24.2 31.4 40.1 49.8 60.3 78.9 80.2 86.5 95.7 102.9 114.3 116.4 117.4 118.6 115.3 107.0 95.7 86.3 76.7 72.9 90.2 84.9 83.2 81.4 87.3 98.7 89.4 85.2 78.2 75.8 58.3 34.9 37.4 48.1 68.2 77.7 88.0 101.8 116.8 146.1 135.5 126.5 91.5 75.0
-9999.0 -9999.0 -9999.0 -9999.0 -9999.0 -9999.0 -9999.0 -9999.0 -9999.0 -9999.0 -9999.0 -9999.0 0.6 2.0 1.4 0.7 2.2 1.4 1.6 1.6 2.0 2.6 3.2 3.9 4.6 4.5 4.9 5.5 6.4 7.5 9.9 14.2 17.6 24.5 32.4 42.5 52.9 63.6 73.4 82.7 97.2 112.1 124.8 121.8 130.3 134.2 131.3 122.8 115.7 108.4 106.3 105.8 91.4 95.0 89.9 90.4 100.0 89.6 96.1 92.5 89.4 88.7 81.3 83.1 61.8 50.5 106.3 116.0 98.8 110.0 135.9 160.3 148.8 109.2 84.5 61.0 44.1
-9999.0 -9999.0 -9999.0 -9999.0 -9999.0 -9999.0 -9999.0 -9999.0 -9999.0 -9999.0 -9999.0 -9999.0 1.1 0.4 0.6 3.7 2.5 1.1 1.4 2.2 2.6 3.2 3.9 4.6 5.7 6.5 6.5 6.8 7.2 9.1 11.6 14.3 17.2 26.8 35.4 43.9 56.0 65.4 75.5 86.1 95.5 107.4 118.9 129.3 137.7 142.8 146.4 140.3 132.0 119.2 117.6 119.8 113.1 110.0 106.2 102.4 108.4 114.6 110.3 117.2 117.3 117.6 90.7 74.9 62.5 84.9 79.4 150.3 153.9 138.1 138.1 145.8 140.0 131.3 123.1 75.3 43.7
-9999.0 -9999.0 -9999.0 -9999.0 -9999.0 -9999.0 -9999.0 -9999.0 -9999.0 -9999.0 -9999.0 -9999.0 0.3 0.8 0.6 0.8 1.0 2.7 2.0 2.6 4.1 4.6 4.8 5.2 6.0 5.4 5.8 5.2 7.8 9.2 11.7 11.9 20.6 30.2 38.1 45.4 55.5 64.9 76.2 84.3 97.3 116.8 121.7 142.7 140.4 146.8 150.1 141.2 131.9 130.9 133.8 136.5 158.8 164.1 141.4 122.8 128.2 138.0 143.3 132.1 128.0 121.1 140.3 82.1 71.1 140.9 141.2 138.1 125.2 116.8 110.0 118.6 122.7 127.0 202.3 120.6 173.8
-9999.0 -9999.0 -9999.0 -9999.0 -9999.0 -9999.0 -9999.0 -9999.0 -9999.0 -9999.0 -9999.0 -9999.0 -9999.0 3.6 2.4 1.0 1.4 1.8 3.0 4.0 7.2 5.2 6.0 6.4 7.3 6.9 7.1 7.8 6.6 11.2 9.0 13.4 17.5 28.6 35.0 38.7 48.8 62.7 72.4 86.6 100.4 109.0 123.0 130.4 139.3 137.5 137.8 128.1 133.9 134.2 136.9 155.3 157.5 155.7 169.4 170.1 150.0 157.2 171.4 194.3 173.8 223.5 142.6 77.0 123.8 125.2 124.3 110.3 98.7 84.0 85.2 98.0 111.0 121.3 106.4 89.6 87.5
-9999.0 -9999.0 -9999.0 -9999.0 -9999.0 -9999.0 -9999.0 -9999.0 -9999.0 -9999.0 -9999.0 -9999.0 -9999.0 0.8 2.5 1.4 3.7 2.6 3.6 4.8 8.1 8.2 8.5 8.0 10.2 8.6 7.6 9.3 8.4 5.5 7.3 10.7 19.2 25.3 28.9 37.0 48.7 58.6 67.5 82.1 94.8 106.1 116.1 123.1 136.7 125.1 121.3 107.3 108.2 114.6 137.4 138.3 165.3 188.5 205.1 193.7 181.7 193.2 213.7 186.9 207.7 143.0 117.9 136.3 111.9 100.1 96.6 95.3 85.6 86.2 90.8 99.1 116.9 123.7 121.6 126.8 160.9
-9999.0 -9999.0 -9999.0 -9999.0 -9999.0 -9999.0 -9999.0 -9999.0 -9999.0 -9999.0 -9999.0 -9999.0 -9999.0 -9999.0 -9999.0 2.4 3.1 4.4 5.4 7.2 9.1 9.8 11.0 11.1 10.5 9.9 7.8 7.0 5.7 7.9 7.9 12.2 13.9 20.4 29.7 34.5 44.0 59.0 66.4 78.0 88.5 99.3 106.2 111.1 123.2 127.0 102.5 93.3 92.5 82.7 105.4 165.4 155.9 175.6 162.6 197.5 213.0 209.0 258.9 270.2 182.9 145.1 170.6 126.5 99.0 87.5 91.1 104.8 103.2 92.3 98.1 100.5 106.8 129.4 142.6 169.6 174.1
-9999.0 -9999.0 -9999.0 -9999.0 -9999.0 -9999.0 -9999.0 -9999.0 -9999.0 -9999.0 -9999.0 -9999.0 -9999.0 -9999.0 -9999.0 -9999.0 -9999.0 52.0 18.4 -9999.0 18.7 14.0 18.0 18.8 14.5 13.7 10.4 8.7 9.7 6.8 9.4 18.1 14.3 33.4 49.3 36.7 42.8 63.3 61.3 71.1 79.1 90.6 92.2 95.9 190.5 126.0 282.6 96.6 71.6 81.3 83.0 103.8 116.6 165.0 190.8 212.9 210.6 269.7 284.8 293.1 150.1 147.8 145.1 117.4 85.8 71.9 82.2 95.8 105.5 100.6 110.3 93.0 111.5 124.9 156.6 186.6 182.6
-9999.0 -9999.0 -9999.0 -9999.0 -9999.0 -9999.0 -9999.0 -9999.0 -9999.0 -9999.0 -9999.0 -9999.0 -9999.0 -9999.0 -9999.0 -9999.0 -9999.0 -9999.0 -9999.0 -9999.0 -9999.0 24.2 22.6 21.2 21.2 28.7 24.1 19.2 13.8 17.1 14.3 36.2 37.4 38.1 48.2 35.6 40.9 47.8 57.3 70.7 71.5 77.3 82.2 81.4 177.0 88.6 396.4 88.2 96.7 263.9 78.3 152.8 162.6 106.6 150.9 216.6 250.6 256.7 339.3 294.0 149.4 127.7 113.5 94.5 82.3 72.6 82.9 94.1 111.3 106.8 95.8 90.7 98.4 109.3 131.4 151.3 152.3
-9999.0 -9999.0 -9999.0 -9999.0 -9999.0 -9999.0 -9999.0 -9999.0 -9999.0 -9999.0 -9999.0 -9999.0 -9999.0 -9999.0 -9999.0 -9999.0 -9999.0 -9999.0 -9999.0 -9999.0 -9999.0 -9999.0 -9999.0 79.4 39.2 40.1 36.5 27.7 16.1 20.2 17.1 18.7 19.6 27.1 30.1 34.2 40.5 43.1 52.0 59.5 59.6 69.9 59.4 71.4 159.1 482.0 169.7 117.8 141.0 145.7 72.8 109.9 79.6 99.8 104.3 109.4 219.6 291.7 226.8 288.1 175.7 146.6 108.3 74.4 70.2 78.8 92.0 101.9 94.5 102.4 92.2 90.7 91.2 102.9 97.1 102.0 121.8
-9999.0 -9999.0 -9999.0 -9999.0 -9999.0 -9999.0 -9999.0 -9999.0 -9999.0 -9999.0 -9999.0 -9999.0 -9999.0 -9999.0 -9999.0 -9999.0 -9999.0 -9999.0 -9999.0 -9999.0 -9999.0 -9999.0 -9999.0 -9999.0 -9999.0 189.3 82.5 28.3 23.5 23.5 20.3 31.9 38.7 34.2 40.5 39.4 55.4 44.5 56.1 49.8 63.6 47.2 123.2 121.1 335.9 487.4 317.1 541.7 74.0 115.3 96.2 85.6 117.6 120.5 96.4 118.7 195.7 217.7 284.6 265.1 214.6 164.1 193.9 83.0 82.8 98.0 108.1 110.9 108.3 105.4 97.9 95.7 90.9 99.6 97.9 78.4 77.8
-9999.0 -9999.0 -9999.0 -9999.0 -9999.0 -9999.0 -9999.0 -9999.0 -9999.0 -9999.0 -9999.0 -9999.0 -9999.0 -9999.0 -9999.0 -9999.0 -9999.0 -9999.0 -9999.0 -9999.0 -9999.0 -9999.0 -9999.0 -9999.0 -9999.0 -9999.0 -9999.0 280.0 268.7 90.2 75.6 72.5 36.0 82.3 46.2 135.9 47.6 47.0 56.8 44.3 49.0 44.3 144.2 326.9 381.3 471.5 553.4 560.1 535.2 220.7 349.2 318.9 105.8 121.2 123.6 154.5 173.1 195.2 250.7 206.3 182.6 172.9 117.3 94.2 91.9 107.6 135.9 133.3 122.3 111.1 106.7 108.1 105.1 101.8 89.0 80.8 103.2
-9999.0 -9999.0 -9999.0 -9999.0 -9999.0 -9999.0 -9999.0 -9999.0 -9999.0 -9999.0 -9999.0 -9999.0 -9999.0 -9999.0 -9999.0 -9999.0 -9999.0 -9999.0 -9999.0 -9999.0 -9999.0 -9999.0 -9999.0 -9999.0 -9999.0 -9999.0 -9999.0 -9999.0 -9999.0 -9999.0 -9999.0 -9999.0 -9999.0 175.9 67.1 -9999.0 -9999.0 -9999.0 122.6 52.8 81.8 134.5 112.7 357.4 464.2 480.5 -9999.0 -9999.0 -9999.0 -9999.0 -9999.0 -9999.0 193.2 143.6 192.7 202.1 206.6 210.5 204.0 202.4 197.8 175.4 135.2 106.5 99.8 115.1 143.8 157.6 138.2 114.5 111.0 110.4 108.5 101.7 97.2 91.5 108.7
-9999.0 -9999.0 -9999.0 -9999.0 -9999.0 -9999.0 -9999.0 -9999.0 -9999.0 -9999.0 -9999.0 -9999.0 -9999.0 -9999.0 -9999.0 -9999.0 -9999.0 -9999.0 -9999.0 -9999.0 -9999.0 -9999.0 -9999.0 -9999.0 -9999.0 -9999.0 -9999.0 -9999.0 -9999.0 -9999.0 -9999.0 -9999.0 -9999.0 -9999.0 -9999.0 -9999.0 -9999.0 -9999.0 -9999.0 361.2 349.7 364.0 384.2 399.9 -9999.0 -9999.0 -9999.0 -9999.0 -9999.0 -9999.0 -9999.0 -9999.0 194.8 183.9 201.5 234.0 243.6 233.1 226.5 231.2 223.8 180.6 139.5 110.0 101.1 111.0 132.7 145.3 125.5 111.6 100.5 94.6 92.8 84.6 84.7 84.8 87.9
-9999.0 -9999.0 -9999.0 -9999.0 -9999.0 -9999.0 -9999.0 -9999.0 -9999.0 -9999.0 -9999.0 -9999.0 -9999.0 -9999.0 -9999.0 -9999.0 -9999.0 -9999.0 -9999.0 -9999.0 -9999.0 -9999.0 -9999.0 -9999.0 -9999.0 -9999.0 -9999.0 -9999.0 -9999.0 -9999.0 -9999.0 -9999.0 -9999.0 -9999.0 -9999.0 -9999.0 -9999.0 -9999.0 -9999.0 -9999.0 -9999.0 -9999.0 -9999.0 -9999.0 -9999.0 -9999.0 -9999.0 -9999.0 -9999.0 -9999.0 -9999.0 -9999.0 262.4 228.1 239.4 271.4 266.4 250.8 240.3 240.0 218.4 176.9 185.7 106.4 101.1 112.8 122.3 115.1 102.1 93.2 84.8 75.2 81.6 66.1 67.3 79.0 81.9
-9999.0 -9999.0 -9999.0 -9999.0 -9999.0 -9999.0 -9999.0 -9999.0 -9999.0 -9999.0 -9999.0 -9999.0 -9999.0 -9999.0 -9999.0 -9999.0 -9999.0 -9999.0 -9999.0 -9999.0 -9999.0 -9999.0 -9999.0 -9999.0 -9999.0 -9999.0 -9999.0 -9999.0 -9999.0 -9999.0 -9999.0 -9999.0 -9999.0 -9999.0 -9999.0 -9999.0 -9999.0 -9999.0 -9999.0 -9999.0 -9999.0 -9999.0 -9999.0 -9999.0 -9999.0 -9999.0 -9999.0 -9999.0 -9999.0 -9999.0 -9999.0 252.3 230.7 267.1 252.9 290.8 286.5 295.5 257.5 191.2 226.3 175.3 126.5 107.7 108.8 114.7 101.7 84.1 82.6 81.4 77.0 67.9 59.1 63.8 69.9 80.5 82.3
-9999.0 -9999.0 -9999.0 -9999.0 -9999.0 -9999.0 -9999.0 -9999.0 -9999.0 -9999.0 -9999.0 -9999.0 -9999.0 -9999.0 -9999.0 -9999.0 -9999.0 -9999.0 -9999.0 -9999.0 -9999.0 -9999.0 -9999.0 -9999.0 -9999.0 -9999.0 -9999.0 -9999.0 -9999.0 -9999.0 -9999.0 -9999.0 -9999.0 -9999.0 -9999.0 -9999.0 -9999.0 -9999.0 -9999.0 -9999.0 -9999.0 -9999.0 -9999.0 -9999.0 -9999.0 -9999.0 -9999.0 -9999.0 -9999.0 -9999.0 295.5 240.0 266.6 308.2 311.0 334.7 286.4 234.0 251.3 265.3 209.6 186.8 134.4 120.3 130.7 123.1 87.5 71.9 83.3 84.2 83.7 62.7 58.1 66.9 72.6 75.3 82.8
-9999.0 -9999.0 -9999.0 -9999.0 -9999.0 -9999.0 -9999.0 -9999.0 -9999.0 -9999.0 -9999.0 -9999.0 -9999.0 -9999.0 -9999.0 -9999.0 -9999.0 -9999.0 -9999.0 -9999.0 -9999.0 -9999.0 -9999.0 -9999.0 -9999.0 -9999.0 -9999.0 -9999.0 -9999.0 -9999.0 -9999.0 -9999.0 -9999.0 -9999.0 -9999.0 -9999.0 -9999.0 -9999.0 -9999.0 -9999.0 -9999.0 -9999.0 -9999.0 -9999.0 -9999.0 -9999.0 -9999.0 -9999.0 -9999.0 -9999.0 270.8 265.1 276.8 336.5 370.2 344.8 216.8 322.9 304.1 245.6 200.1 179.9 151.3 146.2 148.6 132.8 97.0 80.7 91.5 90.5 90.5 76.6 69.0 71.0 70.2 68.5 67.0
-9999.0 -9999.0 -9999.0 -9999.0 -9999.0 -9999.0 -9999.0 -9999.0 -9999.0 -9999.0 -9999.0 -9999.0 -9999.0 -9999.0 -9999.0 -9999.0 -9999.0 -9999.0 -9999.0 -9999.0 -9999.0 -9999.0 -9999.0 -9999.0 -9999.0 -9999.0 -9999.0 -9999.0 -9999.0 -9999.0 -9999.0 -9999.0 -9999.0 -9999.0 -9999.0 -9999.0 -9999.0 -9999.0 -9999.0 -9999.0 -9999.0 -9999.0 -9999.0 -9999.0 -9999.0 -9999.0 -9999.0 -9999.0 -9999.0 -9999.0 265.0 255.6 283.7 391.5 330.0 305.7 401.9 302.4 322.0 206.5 219.7 200.4 167.8 153.6 147.9 135.7 123.6 111.0 102.2 130.2 102.7 131.9 87.9 85.3 60.0 58.9 66.0
-9999.0 -9999.0 -9999.0 -9999.0 -9999.0 -9999.0 -9999.0 -9999.0 -9999.0 -9999.0 -9999.0 -9999.0 -9999.0 -9999.0 -9999.0 -9999.0 -9999.0 -9999.0 -9999.0 -9999.0 -9999.0 -9999.0 -9999.0 -9999.0 -9999.0 -9999.0 -9999.0 -9999.0 -9999.0 -9999.0 -9999.0 -9999.0 -9999.0 -9999.0 -9999.0 -9999.0 -9999.0 -9999.0 -9999.0 -9999.0 -9999.0 -9999.0 -9999.0 -9999.0 -9999.0 -9999.0 -9999.0 -9999.0 -9999.0 -9999.0 229.2 282.1 309.9 358.6 364.5 399.8 241.7 298.9 287.1 199.7 223.2 188.5 147.9 154.7 144.9 137.3 141.0 156.3 166.8 92.1 122.3 129.2 127.9 101.7 62.9 68.6 77.6
-9999.0 -9999.0 -9999.0 -9999.0 -9999.0 -9999.0 -9999.0 -9999.0 -9999.0 -9999.0 -9999.0 -9999.0 -9999.0 -9999.0 -9999.0 -9999.0 -9999.0 -9999.0 -9999.0 -9999.0 -9999.0 -9999.0 -9999.0 -9999.0 -9999.0 -9999.0 -9999.0 -9999.0 -9999.0 -9999.0 -9999.0 -9999.0 -9999.0 -9999.0 -9999.0 -9999.0 -9999.0 -9999.0 -9999.0 -9999.0 -9999.0 -9999.0 -9999.0 -9999.0 -9999.0 -9999.0 -9999.0 -9999.0 -9999.0 -9999.0 -9999.0 -9999.0 -9999.0 339.0 332.0 309.6 304.1 315.9 212.8 201.3 313.4 165.2 211.0 180.5 158.0 154.2 163.2 183.5 184.7 162.0 137.8 133.8 130.1 111.4 98.4 102.1 112.5
-9999.0 -9999.0 -9999.0 -9999.0 -9999.0 -9999.0 -9999.0 -9999.0 -9999.0 -9999.0 -9999.0 -9999.0 -9999.0 -9999.0 -9999.0 -9999.0 -9999.0 -9999.0 -9999.0 -9999.0 -9999.0 -9999.0 -9999.0 -9999.0 -9999.0 -9999.0 -9999.0 -9999.0 -9999.0 -9999.0 -9999.0 -9999.0 -9999.0 -9999.0 -9999.0 -9999.0 -9999.0 -9999.0 -9999.0 -9999.0 -9999.0 -9999.0 -9999.0 -9999.0 -9999.0 -9999.0 -9999.0 -9999.0 -9999.0 -9999.0 -9999.0 -9999.0 -9999.0 335.6 318.6 416.6 293.9 252.5 255.1 304.2 216.2 218.9 259.9 270.2 239.2 214.0 218.9 204.9 165.3 142.5 121.4 120.6 128.6 132.6 143.3 170.1 168.5
-9999.0 -9999.0 -9999.0 -9999.0 -9999.0 -9999.0 -9999.0 -9999.0 -9999.0 -9999.0 -9999.0 -9999.0 -9999.0 -9999.0 -9999.0 -9999.0 -9999.0 -9999.0 -9999.0 -9999.0 -9999.0 -9999.0 -9999.0 -9999.0 -9999.0 -9999.0 -9999.0 -9999.0 -9999.0 -9999.0 -9999.0 -9999.0 -9999.0 -9999.0 -9999.0 -9999.0 -9999.0 -9999.0 -9999.0 -9999.0 -9999.0 -9999.0 -9999.0 -9999.0 -9999.0 -9999.0 -9999.0 -9999.0 -9999.0 -9999.0 -9999.0 -9999.0 -9999.0 322.1 281.6 327.9 296.7 256.2 248.1 227.9 258.5 274.6 308.8 287.6 335.6 -9999.0 -9999.0 -9999.0 175.8 127.7 118.0 125.1 129.5 139.3 173.2 219.9 213.7
-9999.0 -9999.0 -9999.0 -9999.0 -9999.0 -9999.0 -9999.0 -9999.0 -9999.0 -9999.0 -9999.0 -9999.0 -9999.0 -9999.0 -9999.0 -9999.0 -9999.0 -9999.0 -9999.0 -9999.0 -9999.0 -9999.0 -9999.0 -9999.0 -9999.0 -9999.0 -9999.0 -9999.0 -9999.0 -9999.0 -9999.0 -9999.0 -9999.0 -9999.0 -9999.0 -9999.0 -9999.0 -9999.0 -9999.0 -9999.0 -9999.0 -9999.0 -9999.0 -9999.0 -9999.0 -9999.0 -9999.0 -9999.0 -9999.0 -9999.0 -9999.0 -9999.0 -9999.0 -9999.0 296.9 284.4 233.4 210.7 236.4 263.6 227.1 -9999.0 -9999.0 -9999.0 -9999.0 -9999.0 -9999.0 -9999.0 156.8 140.2 152.4 125.2 123.6 141.2 173.2 204.8 213.9
-9999.0 -9999.0 -9999.0 -9999.0 -9999.0 -9999.0 -9999.0 -9999.0 -9999.0 -9999.0 -9999.0 -9999.0 -9999.0 -9999.0 -9999.0 -9999.0 -9999.0 -9999.0 -9999.0 -9999.0 -9999.0 -9999.0 -9999.0 -9999.0 -9999.0 -9999.0 -9999.0 -9999.0 -9999.0 -9999.0 -9999.0 -9999.0 -9999.0 -9999.0 -9999.0 -9999.0 -9999.0 -9999.0 -9999.0 -9999.0 -9999.0 -9999.0 -9999.0 -9999.0 -9999.0 -9999.0 -9999.0 -9999.0 -9999.0 -9999.0 -9999.0 -9999.0 -9999.0 -9999.0 -9999.0 240.3 289.7 212.7 187.2 211.5 226.9 -9999.0 -9999.0 -9999.0 -9999.0 -9999.0 -9999.0 -9999.0 -9999.0 -9999.0 136.1 -9999.0 -9999.0 -9999.0 -9999.0 -9999.0 184.4
-9999.0 -9999.0 -9999.0 -9999.0 -9999.0 -9999.0 -9999.0 -9999.0 -9999.0 -9999.0 -9999.0 -9999.0 -9999.0 -9999.0 -9999.0 -9999.0 -9999.0 -9999.0 -9999.0 -9999.0 -9999.0 -9999.0 -9999.0 -9999.0 -9999.0 -9999.0 -9999.0 -9999.0 -9999.0 -9999.0 -9999.0 -9999.0 -9999.0 -9999.0 -9999.0 -9999.0 -9999.0 -9999.0 -9999.0 -9999.0 -9999.0 -9999.0 -9999.0 -9999.0 -9999.0 -9999.0 -9999.0 -9999.0 -9999.0 -9999.0 -9999.0 -9999.0 -9999.0 -9999.0 -9999.0 -9999.0 -9999.0 -9999.0 188.7 180.4 -9999.0 -9999.0 -9999.0 -9999.0 -9999.0 -9999.0 -9999.0 -9999.0 -9999.0 -9999.0 -9999.0 -9999.0 -9999.0 -9999.0 -9999.0 162.3 152.8
-9999.0 -9999.0 -9999.0 -9999.0 -9999.0 -9999.0 -9999.0 -9999.0 -9999.0 -9999.0 -9999.0 -9999.0 -9999.0 -9999.0 -9999.0 -9999.0 -9999.0 -9999.0 -9999.0 -9999.0 -9999.0 -9999.0 -9999.0 -9999.0 -9999.0 -9999.0 -9999.0 -9999.0 -9999.0 -9999.0 -9999.0 -9999.0 -9999.0 -9999.0 -9999.0 -9999.0 -9999.0 -9999.0 -9999.0 -9999.0 -9999.0 -9999.0 -9999.0 -9999.0 -9999.0 -9999.0 -9999.0 -9999.0 -9999.0 -9999.0 -9999.0 -9999.0 -9999.0 -9999.0 -9999.0 -9999.0 -9999.0 -9999.0 -9999.0 -9999.0 -9999.0 -9999.0 -9999.0 -9999.0 -9999.0 -9999.0 -9999.0 -9999.0 -9999.0 -9999.0 -9999.0 -9999.0 -9999.0 -9999.0 -9999.0 -9999.0 -9999.0
