program/excelProcessViaJava/data/SURF_CLI_CHN_PRE_MON_GRID_0.5-198303.txt
NCOLS      128
NROWS       72
XLLCORNER    72.000000000000    
YLLCORNER    18.000000000000    
CELLSIZE    0.50000000000000    
NODATA_VALUE   -9999.000    
[rows 35 to 69 of 72, columns 0 to 77 of 128]
-9999.0 -9999.0 -9999.0 -9999.0 -9999.0 -9999.0 -9999.0 1.3 0.7 1.0 0.5 0.7 1.6 1.7 2.1 4.1 4.1 5.6 6.8 5.9 3.6 2.7 2.7 2.8 3.1 3.6 4.6 5.9 7.3 9.8 11.0 12.0 12.2 13.3 14.7 11.5 14.5 11.6 15.0 14.9 5.4 15.3 11.8 5.6 2.2 0.9 1.4 1.6 2.9 3.5 4.6 5.3 5.3 13.0 9.1 2.2 1.6 1.5 6.7 3.7 12.6 6.4 7.5 6.8 8.6 7.2 11.5 14.8 12.6 13.7 11.7 11.9 14.8 17.8 20.7 24.3 24.4 27.9
-9999.0 -9999.0 -9999.0 -9999.0 -9999.0 -9999.0 -9999.0 0.3 1.3 0.6 0.5 0.8 0.9 0.7 1.4 0.9 2.1 2.5 1.8 2.8 2.9 2.4 2.8 3.0 3.5 4.1 5.0 6.7 7.6 8.9 11.7 13.0 13.6 16.1 13.3 12.8 10.8 12.1 11.0 9.3 9.4 8.9 9.3 14.8 4.9 1.9 2.8 3.7 8.5 8.1 15.6 14.1 8.7 9.2 13.6 4.3 3.1 4.0 7.7 11.2 9.5 10.6 12.5 16.4 16.7 17.3 17.0 16.4 21.4 14.6 16.0 18.7 23.2 28.7 28.5 32.1 31.4 30.2
-9999.0 -9999.0 -9999.0 -9999.0 -9999.0 -9999.0 -9999.0 -9999.0 -9999.0 0.6 0.6 0.9 0.5 0.7 1.2 1.7 1.4 0.7 1.5 1.1 1.8 2.5 2.8 3.1 3.6 4.3 5.3 6.6 8.0 10.6 10.8 12.7 13.5 14.7 11.8 10.6 9.0 9.0 7.1 7.5 6.1 7.0 6.2 4.9 6.1 5.6 5.9 6.5 8.6 10.8 14.5 14.0 12.9 11.5 16.0 9.2 5.7 6.1 11.9 12.5 14.6 19.5 21.8 21.3 24.1 23.6 19.6 18.6 23.2 19.0 21.3 22.0 25.9 33.5 39.4 34.8 33.2 33.5
-9999.0 -9999.0 -9999.0 -9999.0 -9999.0 -9999.0 -9999.0 -9999.0 -9999.0 -9999.0 -9999.0 0.3 1.5 0.4 0.9 0.8 1.1 1.4 1.7 1.5 1.3 1.9 2.1 2.8 2.8 3.9 5.0 6.5 8.3 10.2 12.0 14.7 14.0 14.0 12.0 13.8 8.6 7.1 11.4 5.3 6.4 4.6 3.8 3.5 7.3 4.6 9.5 7.7 10.9 12.7 13.2 15.0 15.6 17.0 20.4 18.2 15.4 16.8 15.2 15.6 20.2 19.9 19.3 20.0 24.2 22.3 21.2 23.1 24.4 26.6 25.8 24.7 23.8 28.9 41.4 40.4 36.6 33.2
-9999.0 -9999.0 -9999.0 -9999.0 -9999.0 -9999.0 -9999.0 -9999.0 -9999.0 -9999.0 -9999.0 -9999.0 1.5 1.7 0.6 1.2 0.3 0.9 1.0 0.5 1.9 1.7 1.9 2.6 1.7 3.5 5.0 5.9 7.9 10.4 12.2 13.8 14.7 15.9 14.7 11.3 12.8 6.3 3.6 2.2 1.9 2.1 2.5 4.0 4.5 6.0 8.4 6.7 9.5 12.8 18.7 20.1 18.9 18.0 19.8 22.7 24.7 27.4 16.3 23.2 22.4 26.5 26.6 22.7 20.5 29.6 24.9 29.1 32.0 34.5 26.8 25.6 26.3 30.9 32.8 49.3 30.5 27.5
-9999.0 -9999.0 -9999.0 -9999.0 -9999.0 -9999.0 -9999.0 -9999.0 -9999.0 -9999.0 -9999.0 -9999.0 0.3 2.7 3.5 0.9 2.7 1.7 0.6 0.8 1.0 0.8 1.2 2.2 3.5 3.4 4.2 6.1 7.2 9.5 11.6 14.5 15.4 15.1 14.3 10.4 10.1 7.1 3.6 2.0 1.1 1.2 3.4 2.5 5.2 8.5 6.9 7.2 7.3 13.0 16.7 20.8 20.3 21.9 20.2 24.3 25.7 28.0 21.3 20.7 22.2 23.3 27.4 32.0 19.9 26.6 20.5 28.7 31.8 32.6 36.6 48.8 51.2 28.1 29.4 25.8 22.3 27.9
-9999.0 -9999.0 -9999.0 -9999.0 -9999.0 -9999.0 -9999.0 -9999.0 -9999.0 -9999.0 -9999.0 -9999.0 -9999.0 1.7 0.5 4.0 1.4 2.4 2.5 2.1 1.4 2.3 1.1 2.9 2.7 1.7 2.5 3.3 5.4 7.8 10.5 12.8 15.5 16.3 12.7 9.9 6.7 4.7 9.2 3.1 2.0 2.8 3.0 6.4 5.7 6.2 9.2 11.8 13.6 15.5 19.0 20.4 21.7 29.5 26.2 25.3 26.6 30.4 34.9 30.3 30.1 26.5 29.0 19.6 14.6 22.8 32.9 38.6 42.4 34.9 28.6 25.2 24.8 26.0 33.0 24.1 20.9 20.4
-9999.0 -9999.0 -9999.0 -9999.0 -9999.0 -9999.0 -9999.0 -9999.0 -9999.0 -9999.0 -9999.0 -9999.0 2.5 0.7 0.9 3.0 0.5 1.2 1.2 3.7 3.3 3.0 2.1 2.7 3.2 1.4 2.2 3.4 4.5 6.0 8.6 11.4 14.3 14.8 14.2 10.0 8.5 2.8 1.4 1.3 4.9 8.9 12.5 5.1 8.4 10.7 10.6 9.2 11.6 14.9 22.8 29.2 24.9 27.1 23.5 22.6 26.3 24.3 30.8 29.8 32.4 36.8 31.9 38.7 28.5 29.0 22.1 34.6 48.3 51.1 43.5 32.9 27.8 25.3 22.7 20.8 23.5 31.1
-9999.0 -9999.0 -9999.0 -9999.0 -9999.0 -9999.0 -9999.0 -9999.0 -9999.0 -9999.0 -9999.0 -9999.0 2.1 8.5 5.1 0.3 0.5 3.9 3.7 1.4 4.5 2.0 2.1 2.3 3.5 3.8 3.2 3.2 3.5 5.0 6.9 9.1 11.9 12.9 12.2 10.0 5.1 2.7 1.3 0.6 1.4 2.2 4.0 7.0 10.4 14.3 20.3 19.3 18.4 12.6 17.4 26.7 23.8 22.5 21.6 18.9 19.7 24.6 27.3 37.3 44.4 51.4 31.7 26.2 28.6 19.9 33.9 26.9 25.4 27.6 30.8 32.8 32.3 32.6 33.8 24.6 27.6 25.4
-9999.0 -9999.0 -9999.0 -9999.0 -9999.0 -9999.0 -9999.0 -9999.0 -9999.0 -9999.0 -9999.0 -9999.0 18.7 4.5 12.0 7.3 6.7 0.9 2.7 2.4 0.5 0.5 2.4 1.2 2.1 0.7 1.1 0.5 2.1 2.7 4.0 5.4 8.6 10.3 10.4 9.1 5.4 2.6 1.1 2.2 2.6 3.2 11.5 6.6 13.6 23.2 27.5 22.2 16.5 17.9 21.3 20.2 38.4 39.0 27.4 18.4 19.3 23.7 30.7 32.0 39.1 45.2 68.6 35.7 20.8 17.8 20.4 20.2 19.5 19.5 24.9 35.1 36.4 39.8 82.5 38.9 59.1 24.7
-9999.0 -9999.0 -9999.0 -9999.0 -9999.0 -9999.0 -9999.0 -9999.0 -9999.0 -9999.0 -9999.0 -9999.0 -9999.0 2.8 3.4 10.5 7.1 8.0 2.9 1.9 0.3 2.4 1.2 0.7 2.9 1.6 1.3 1.3 0.4 1.4 0.9 2.4 4.6 6.9 8.2 10.2 7.6 2.5 2.1 2.4 4.7 15.7 23.2 21.9 16.6 20.3 27.1 20.5 27.6 25.5 19.1 29.0 25.3 18.3 29.0 27.6 16.7 19.2 29.6 48.2 53.3 86.4 69.7 33.2 13.4 13.9 14.6 15.1 14.5 18.7 24.5 30.8 36.6 32.3 32.8 28.6 27.4 28.2
-9999.0 -9999.0 -9999.0 -9999.0 -9999.0 -9999.0 -9999.0 -9999.0 -9999.0 -9999.0 -9999.0 -9999.0 -9999.0 47.6 7.8 16.4 4.9 14.1 11.0 6.9 1.5 1.5 1.2 1.8 7.1 2.6 1.0 1.2 0.3 0.0 0.1 0.3 1.3 3.0 5.6 6.8 4.2 2.7 4.3 14.5 10.6 17.2 22.5 25.1 38.3 26.3 27.0 22.3 22.7 20.8 24.2 12.2 22.2 30.7 35.0 27.1 17.3 20.2 32.5 30.6 57.7 51.5 33.9 19.0 13.9 11.6 12.2 13.1 14.5 17.7 24.9 32.7 35.3 34.1 34.0 39.7 54.2 36.1
-9999.0 -9999.0 -9999.0 -9999.0 -9999.0 -9999.0 -9999.0 -9999.0 -9999.0 -9999.0 -9999.0 -9999.0 -9999.0 -9999.0 -9999.0 24.9 26.9 16.4 19.7 23.2 7.5 12.0 12.2 8.2 4.4 2.9 0.1 0.1 0.0 0.0 0.0 0.0 0.1 0.9 2.1 6.7 10.2 2.6 5.1 9.5 19.5 25.7 26.7 24.4 17.2 19.8 23.2 23.0 20.6 12.2 12.0 30.5 15.7 19.2 6.4 20.3 21.0 10.7 35.6 50.3 47.9 39.6 36.7 27.7 17.7 12.2 11.8 13.3 15.0 20.4 28.0 36.3 42.7 40.4 39.1 54.7 57.2 65.1
-9999.0 -9999.0 -9999.0 -9999.0 -9999.0 -9999.0 -9999.0 -9999.0 -9999.0 -9999.0 -9999.0 -9999.0 -9999.0 -9999.0 -9999.0 -9999.0 -9999.0 287.6 118.5 -9999.0 74.4 22.0 38.2 31.9 10.5 7.5 0.3 0.1 0.1 0.0 0.0 0.0 0.0 0.1 0.3 2.0 10.5 4.3 8.6 13.0 18.1 26.5 22.2 17.0 18.7 17.1 103.1 25.7 16.3 14.3 9.7 7.3 6.5 18.3 22.9 23.8 13.2 28.9 32.4 45.8 35.7 44.5 45.1 36.0 25.8 18.6 16.8 18.4 19.5 23.8 30.0 45.9 50.9 44.3 47.4 59.8 60.5 56.5
-9999.0 -9999.0 -9999.0 -9999.0 -9999.0 -9999.0 -9999.0 -9999.0 -9999.0 -9999.0 -9999.0 -9999.0 -9999.0 -9999.0 -9999.0 -9999.0 -9999.0 -9999.0 -9999.0 -9999.0 -9999.0 77.0 47.7 18.4 25.6 43.2 23.0 7.9 0.4 0.1 0.0 0.1 0.0 0.0 0.2 2.0 5.0 8.1 10.0 12.5 11.9 21.4 20.7 14.2 13.6 11.1 182.0 24.5 27.6 96.5 12.8 37.3 34.5 8.6 16.7 29.1 28.6 18.1 51.0 38.2 35.1 42.5 46.3 43.3 36.5 31.0 29.2 29.6 28.8 30.3 36.6 48.6 51.1 46.0 45.1 49.9 55.2 55.7
-9999.0 -9999.0 -9999.0 -9999.0 -9999.0 -9999.0 -9999.0 -9999.0 -9999.0 -9999.0 -9999.0 -9999.0 -9999.0 -9999.0 -9999.0 -9999.0 -9999.0 -9999.0 -9999.0 -9999.0 -9999.0 -9999.0 -9999.0 251.9 89.3 77.6 52.6 21.1 1.2 0.5 0.0 0.0 0.1 0.2 2.6 6.2 13.8 13.4 19.4 20.9 16.6 19.4 7.2 2.7 13.2 225.5 50.7 45.2 81.0 94.8 28.3 33.3 19.8 22.0 16.6 8.5 24.7 37.9 16.7 37.0 35.0 41.1 40.9 38.3 42.8 45.7 45.7 44.4 40.1 38.4 46.6 51.0 52.1 51.2 43.1 43.7 52.5 58.8
-9999.0 -9999.0 -9999.0 -9999.0 -9999.0 -9999.0 -9999.0 -9999.0 -9999.0 -9999.0 -9999.0 -9999.0 -9999.0 -9999.0 -9999.0 -9999.0 -9999.0 -9999.0 -9999.0 -9999.0 -9999.0 -9999.0 -9999.0 -9999.0 -9999.0 477.6 185.0 12.1 6.0 1.5 0.4 1.5 2.5 3.5 7.3 15.4 30.0 21.5 27.8 17.3 21.8 7.2 16.2 10.6 124.7 259.5 170.6 394.7 35.5 92.2 47.8 48.1 57.1 54.3 31.3 24.8 31.6 22.1 38.1 37.1 40.7 42.3 68.9 34.7 42.6 54.9 59.3 54.5 50.1 50.5 47.3 49.3 47.6 51.9 47.8 43.3 47.7 58.8
-9999.0 -9999.0 -9999.0 -9999.0 -9999.0 -9999.0 -9999.0 -9999.0 -9999.0 -9999.0 -9999.0 -9999.0 -9999.0 -9999.0 -9999.0 -9999.0 -9999.0 -9999.0 -9999.0 -9999.0 -9999.0 -9999.0 -9999.0 -9999.0 -9999.0 -9999.0 -9999.0 574.0 475.8 113.5 62.9 43.6 11.1 41.8 24.8 80.8 30.2 28.5 27.1 16.8 14.4 5.4 35.1 138.5 186.1 276.6 374.0 428.6 469.2 246.7 424.5 402.2 102.6 96.9 68.0 56.4 26.9 21.2 36.3 30.5 28.8 44.6 33.7 32.5 36.7 50.3 63.0 58.5 50.8 46.9 42.3 48.3 40.0 47.8 44.4 46.6 59.5 66.3
-9999.0 -9999.0 -9999.0 -9999.0 -9999.0 -9999.0 -9999.0 -9999.0 -9999.0 -9999.0 -9999.0 -9999.0 -9999.0 -9999.0 -9999.0 -9999.0 -9999.0 -9999.0 -9999.0 -9999.0 -9999.0 -9999.0 -9999.0 -9999.0 -9999.0 -9999.0 -9999.0 -9999.0 -9999.0 -9999.0 -9999.0 -9999.0 -9999.0 180.4 64.0 -9999.0 -9999.0 -9999.0 80.9 27.9 34.7 53.8 33.9 187.7 271.2 304.2 -9999.0 -9999.0 -9999.0 -9999.0 -9999.0 -9999.0 260.8 127.3 110.9 47.7 23.1 18.6 22.4 24.6 31.1 41.1 33.9 30.7 33.0 42.5 50.9 53.6 51.8 42.3 32.3 39.6 46.1 41.6 52.9 55.0 73.0 70.6
-9999.0 -9999.0 -9999.0 -9999.0 -9999.0 -9999.0 -9999.0 -9999.0 -9999.0 -9999.0 -9999.0 -9999.0 -9999.0 -9999.0 -9999.0 -9999.0 -9999.0 -9999.0 -9999.0 -9999.0 -9999.0 -9999.0 -9999.0 -9999.0 -9999.0 -9999.0 -9999.0 -9999.0 -9999.0 -9999.0 -9999.0 -9999.0 -9999.0 -9999.0 -9999.0 -9999.0 -9999.0 -9999.0 -9999.0 267.4 238.3 232.4 236.3 244.0 -9999.0 -9999.0 -9999.0 -9999.0 -9999.0 -9999.0 -9999.0 -9999.0 286.0 158.8 114.1 48.2 14.6 11.4 14.3 19.5 27.8 35.8 35.3 29.7 28.5 33.4 41.7 48.1 46.4 47.8 44.3 39.2 35.0 51.7 52.2 66.2 78.4 83.1
-9999.0 -9999.0 -9999.0 -9999.0 -9999.0 -9999.0 -9999.0 -9999.0 -9999.0 -9999.0 -9999.0 -9999.0 -9999.0 -9999.0 -9999.0 -9999.0 -9999.0 -9999.0 -9999.0 -9999.0 -9999.0 -9999.0 -9999.0 -9999.0 -9999.0 -9999.0 -9999.0 -9999.0 -9999.0 -9999.0 -9999.0 -9999.0 -9999.0 -9999.0 -9999.0 -9999.0 -9999.0 -9999.0 -9999.0 -9999.0 -9999.0 -9999.0 -9999.0 -9999.0 -9999.0 -9999.0 -9999.0 -9999.0 -9999.0 -9999.0 -9999.0 -9999.0 285.6 182.2 126.4 73.4 19.8 12.6 14.5 22.9 33.0 41.3 63.4 35.4 34.4 40.4 47.5 46.5 44.4 43.9 42.4 42.3 67.7 56.4 67.9 76.1 93.6 102.6
-9999.0 -9999.0 -9999.0 -9999.0 -9999.0 -9999.0 -9999.0 -9999.0 -9999.0 -9999.0 -9999.0 -9999.0 -9999.0 -9999.0 -9999.0 -9999.0 -9999.0 -9999.0 -9999.0 -9999.0 -9999.0 -9999.0 -9999.0 -9999.0 -9999.0 -9999.0 -9999.0 -9999.0 -9999.0 -9999.0 -9999.0 -9999.0 -9999.0 -9999.0 -9999.0 -9999.0 -9999.0 -9999.0 -9999.0 -9999.0 -9999.0 -9999.0 -9999.0 -9999.0 -9999.0 -9999.0 -9999.0 -9999.0 -9999.0 -9999.0 -9999.0 196.9 232.6 195.6 115.0 67.9 36.2 31.8 27.4 28.2 53.8 59.1 55.9 52.3 51.0 55.8 55.2 44.0 45.8 41.2 40.2 43.3 41.1 48.0 71.0 89.9 118.9 129.6
-9999.0 -9999.0 -9999.0 -9999.0 -9999.0 -9999.0 -9999.0 -9999.0 -9999.0 -9999.0 -9999.0 -9999.0 -9999.0 -9999.0 -9999.0 -9999.0 -9999.0 -9999.0 -9999.0 -9999.0 -9999.0 -9999.0 -9999.0 -9999.0 -9999.0 -9999.0 -9999.0 -9999.0 -9999.0 -9999.0 -9999.0 -9999.0 -9999.0 -9999.0 -9999.0 -9999.0 -9999.0 -9999.0 -9999.0 -9999.0 -9999.0 -9999.0 -9999.0 -9999.0 -9999.0 -9999.0 -9999.0 -9999.0 -9999.0 -9999.0 129.7 162.4 188.4 179.4 113.7 87.8 55.8 43.7 46.9 60.0 67.3 74.8 69.0 68.4 68.2 67.7 61.8 49.5 51.7 42.2 44.8 41.9 48.6 67.0 91.2 121.7 128.7 190.4
-9999.0 -9999.0 -9999.0 -9999.0 -9999.0 -9999.0 -9999.0 -9999.0 -9999.0 -9999.0 -9999.0 -9999.0 -9999.0 -9999.0 -9999.0 -9999.0 -9999.0 -9999.0 -9999.0 -9999.0 -9999.0 -9999.0 -9999.0 -9999.0 -9999.0 -9999.0 -9999.0 -9999.0 -9999.0 -9999.0 -9999.0 -9999.0 -9999.0 -9999.0 -9999.0 -9999.0 -9999.0 -9999.0 -9999.0 -9999.0 -9999.0 -9999.0 -9999.0 -9999.0 -9999.0 -9999.0 -9999.0 -9999.0 -9999.0 -9999.0 93.0 152.2 79.4 136.2 129.0 98.1 61.1 78.4 72.5 68.5 70.4 72.2 65.2 70.6 73.0 61.7 54.7 42.5 44.7 41.8 47.0 55.7 68.3 81.6 100.0 125.6 178.1 210.6
-9999.0 -9999.0 -9999.0 -9999.0 -9999.0 -9999.0 -9999.0 -9999.0 -9999.0 -9999.0 -9999.0 -9999.0 -9999.0 -9999.0 -9999.0 -9999.0 -9999.0 -9999.0 -9999.0 -9999.0 -9999.0 -9999.0 -9999.0 -9999.0 -9999.0 -9999.0 -9999.0 -9999.0 -9999.0 -9999.0 -9999.0 -9999.0 -9999.0 -9999.0 -9999.0 -9999.0 -9999.0 -9999.0 -9999.0 -9999.0 -9999.0 -9999.0 -9999.0 -9999.0 -9999.0 -9999.0 -9999.0 -9999.0 -9999.0 -9999.0 84.6 74.4 59.7 142.6 97.8 93.0 103.5 79.5 75.7 56.0 66.0 68.1 65.6 66.6 68.4 57.2 42.1 34.4 34.5 45.6 48.6 73.1 87.7 111.8 129.8 161.5 222.0 238.5
-9999.0 -9999.0 -9999.0 -9999.0 -9999.0 -9999.0 -9999.0 -9999.0 -9999.0 -9999.0 -9999.0 -9999.0 -9999.0 -9999.0 -9999.0 -9999.0 -9999.0 -9999.0 -9999.0 -9999.0 -9999.0 -9999.0 -9999.0 -9999.0 -9999.0 -9999.0 -9999.0 -9999.0 -9999.0 -9999.0 -9999.0 -9999.0 -9999.0 -9999.0 -9999.0 -9999.0 -9999.0 -9999.0 -9999.0 -9999.0 -9999.0 -9999.0 -9999.0 -9999.0 -9999.0 -9999.0 -9999.0 -9999.0 -9999.0 -9999.0 91.6 100.5 86.1 98.4 97.3 98.5 60.6 64.1 55.8 43.4 54.6 56.8 55.5 60.9 58.5 47.0 38.6 30.7 35.2 36.3 49.9 70.9 99.5 127.3 153.3 189.5 228.3 228.8
-9999.0 -9999.0 -9999.0 -9999.0 -9999.0 -9999.0 -9999.0 -9999.0 -9999.0 -9999.0 -9999.0 -9999.0 -9999.0 -9999.0 -9999.0 -9999.0 -9999.0 -9999.0 -9999.0 -9999.0 -9999.0 -9999.0 -9999.0 -9999.0 -9999.0 -9999.0 -9999.0 -9999.0 -9999.0 -9999.0 -9999.0 -9999.0 -9999.0 -9999.0 -9999.0 -9999.0 -9999.0 -9999.0 -9999.0 -9999.0 -9999.0 -9999.0 -9999.0 -9999.0 -9999.0 -9999.0 -9999.0 -9999.0 -9999.0 -9999.0 -9999.0 -9999.0 -9999.0 69.4 61.1 53.5 48.9 46.2 33.8 38.2 57.2 51.3 58.5 56.1 48.6 37.1 33.0 24.8 29.2 36.4 47.5 65.1 93.0 122.0 147.4 179.9 208.5 207.2
-9999.0 -9999.0 -9999.0 -9999.0 -9999.0 -9999.0 -9999.0 -9999.0 -9999.0 -9999.0 -9999.0 -9999.0 -9999.0 -9999.0 -9999.0 -9999.0 -9999.0 -9999.0 -9999.0 -9999.0 -9999.0 -9999.0 -9999.0 -9999.0 -9999.0 -9999.0 -9999.0 -9999.0 -9999.0 -9999.0 -9999.0 -9999.0 -9999.0 -9999.0 -9999.0 -9999.0 -9999.0 -9999.0 -9999.0 -9999.0 -9999.0 -9999.0 -9999.0 -9999.0 -9999.0 -9999.0 -9999.0 -9999.0 -9999.0 -9999.0 -9999.0 -9999.0 -9999.0 54.6 42.2 46.3 31.4 28.8 33.0 44.5 51.7 56.8 59.6 55.7 47.3 37.5 33.3 30.5 33.3 39.8 49.1 64.2 94.7 125.5 141.3 171.5 200.4 226.4
-9999.0 -9999.0 -9999.0 -9999.0 -9999.0 -9999.0 -9999.0 -9999.0 -9999.0 -9999.0 -9999.0 -9999.0 -9999.0 -9999.0 -9999.0 -9999.0 -9999.0 -9999.0 -9999.0 -9999.0 -9999.0 -9999.0 -9999.0 -9999.0 -9999.0 -9999.0 -9999.0 -9999.0 -9999.0 -9999.0 -9999.0 -9999.0 -9999.0 -9999.0 -9999.0 -9999.0 -9999.0 -9999.0 -9999.0 -9999.0 -9999.0 -9999.0 -9999.0 -9999.0 -9999.0 -9999.0 -9999.0 -9999.0 -9999.0 -9999.0 -9999.0 -9999.0 -9999.0 42.7 31.7 27.2 25.2 26.7 33.8 45.8 58.2 65.6 65.7 62.7 58.2 -9999.0 -9999.0 -9999.0 46.8 57.2 68.7 88.2 126.6 158.2 160.1 177.8 215.4 252.9
-9999.0 -9999.0 -9999.0 -9999.0 -9999.0 -9999.0 -9999.0 -9999.0 -9999.0 -9999.0 -9999.0 -9999.0 -9999.0 -9999.0 -9999.0 -9999.0 -9999.0 -9999.0 -9999.0 -9999.0 -9999.0 -9999.0 -9999.0 -9999.0 -9999.0 -9999.0 -9999.0 -9999.0 -9999.0 -9999.0 -9999.0 -9999.0 -9999.0 -9999.0 -9999.0 -9999.0 -9999.0 -9999.0 -9999.0 -9999.0 -9999.0 -9999.0 -9999.0 -9999.0 -9999.0 -9999.0 -9999.0 -9999.0 -9999.0 -9999.0 -9999.0 -9999.0 -9999.0 -9999.0 26.8 22.7 22.9 27.8 36.4 48.9 63.6 -9999.0 -9999.0 -9999.0 -9999.0 -9999.0 -9999.0 -9999.0 76.2 85.6 99.4 133.3 167.9 173.9 154.9 161.6 207.2 260.0
-9999.0 -9999.0 -9999.0 -9999.0 -9999.0 -9999.0 -9999.0 -9999.0 -9999.0 -9999.0 -9999.0 -9999.0 -9999.0 -9999.0 -9999.0 -9999.0 -9999.0 -9999.0 -9999.0 -9999.0 -9999.0 -9999.0 -9999.0 -9999.0 -9999.0 -9999.0 -9999.0 -9999.0 -9999.0 -9999.0 -9999.0 -9999.0 -9999.0 -9999.0 -9999.0 -9999.0 -9999.0 -9999.0 -9999.0 -9999.0 -9999.0 -9999.0 -9999.0 -9999.0 -9999.0 -9999.0 -9999.0 -9999.0 -9999.0 -9999.0 -9999.0 -9999.0 -9999.0 -9999.0 -9999.0 22.6 25.0 29.6 40.3 52.9 67.7 -9999.0 -9999.0 -9999.0 -9999.0 -9999.0 -9999.0 -9999.0 -9999.0 -9999.0 143.6 -9999.0 -9999.0 -9999.0 -9999.0 -9999.0 129.9 -9999.0
-9999.0 -9999.0 -9999.0 -9999.0 -9999.0 -9999.0 -9999.0 -9999.0 -9999.0 -9999.0 -9999.0 -9999.0 -9999.0 -9999.0 -9999.0 -9999.0 -9999.0 -9999.0 -9999.0 -9999.0 -9999.0 -9999.0 -9999.0 -9999.0 -9999.0 -9999.0 -9999.0 -9999.0 -9999.0 -9999.0 -9999.0 -9999.0 -9999.0 -9999.0 -9999.0 -9999.0 -9999.0 -9999.0 -9999.0 -9999.0 -9999.0 -9999.0 -9999.0 -9999.0 -9999.0 -9999.0 -9999.0 -9999.0 -9999.0 -9999.0 -9999.0 -9999.0 -9999.0 -9999.0 -9999.0 -9999.0 -9999.0 -9999.0 42.6 57.3 -9999.0 -9999.0 -9999.0 -9999.0 -9999.0 -9999.0 -9999.0 -9999.0 -9999.0 -9999.0 -9999.0 -9999.0 -9999.0 -9999.0 -9999.0 48.7 60.5 -9999.0
-9999.0 -9999.0 -9999.0 -9999.0 -9999.0 -9999.0 -9999.0 -9999.0 -9999.0 -9999.0 -9999.0 -9999.0 -9999.0 -9999.0 -9999.0 -9999.0 -9999.0 -9999.0 -9999.0 -9999.0 -9999.0 -9999.0 -9999.0 -9999.0 -9999.0 -9999.0 -9999.0 -9999.0 -9999.0 -9999.0 -9999.0 -9999.0 -9999.0 -9999.0 -9999.0 -9999.0 -9999.0 -9999.0 -9999.0 -9999.0 -9999.0 -9999.0 -9999.0 -9999.0 -9999.0 -9999.0 -9999.0 -9999.0 -9999.0 -9999.0 -9999.0 -9999.0 -9999.0 -9999.0 -9999.0 -9999.0 -9999.0 -9999.0 -9999.0 -9999.0 -9999.0 -9999.0 -9999.0 -9999.0 -9999.0 -9999.0 -9999.0 -9999.0 -9999.0 -9999.0 -9999.0 -9999.0 -9999.0 -9999.0 -9999.0 -9999.0 -9999.0 -9999.0
-9999.0 -9999.0 -9999.0 -9999.0 -9999.0 -9999.0 -9999.0 -9999.0 -9999.0 -9999.0 -9999.0 -9999.0 -9999.0 -9999.0 -9999.0 -9999.0 -9999.0 -9999.0 -9999.0 -9999.0 -9999.0 -9999.0 -9999.0 -9999.0 -9999.0 -9999.0 -9999.0 -9999.0 -9999.0 -9999.0 -9999.0 -9999.0 -9999.0 -9999.0 -9999.0 -9999.0 -9999.0 -9999.0 -9999.0 -9999.0 -9999.0 -9999.0 -9999.0 -9999.0 -9999.0 -9999.0 -9999.0 -9999.0 -9999.0 -9999.0 -9999.0 -9999.0 -9999.0 -9999.0 -9999.0 -9999.0 -9999.0 -9999.0 -9999.0 -9999.0 -9999.0 -9999.0 -9999.0 -9999.0 -9999.0 -9999.0 -9999.0 -9999.0 -9999.0 -9999.0 -9999.0 -9999.0 -9999.0 -9999.0 -9999.0 43.8 36.1 53.1
-9999.0 -9999.0 -9999.0 -9999.0 -9999.0 -9999.0 -9999.0 -9999.0 -9999.0 -9999.0 -9999.0 -9999.0 -9999.0 -9999.0 -9999.0 -9999.0 -9999.0 -9999.0 -9999.0 -9999.0 -9999.0 -9999.0 -9999.0 -9999.0 -9999.0 -9999.0 -9999.0 -9999.0 -9999.0 -9999.0 -9999.0 -9999.0 -9999.0 -9999.0 -9999.0 -9999.0 -9999.0 -9999.0 -9999.0 -9999.0 -9999.0 -9999.0 -9999.0 -9999.0 -9999.0 -9999.0 -9999.0 -9999.0 -9999.0 -9999.0 -9999.0 -9999.0 -9999.0 -9999.0 -9999.0 -9999.0 -9999.0 -9999.0 -9999.0 -9999.0 -9999.0 -9999.0 -9999.0 -9999.0 -9999.0 -9999.0 -9999.0 -9999.0 -9999.0 -9999.0 -9999.0 -9999.0 -9999.0 97.8 74.5 51.0 45.1 -9999.0
