program/excelProcessViaJava/data/SURF_CLI_CHN_PRE_MON_GRID_0.5-199804.txt
NCOLS      128
NROWS       72
XLLCORNER    72.000000000000    
YLLCORNER    18.000000000000    
CELLSIZE    0.50000000000000    
NODATA_VALUE   -9999.000    
[rows 34 to 67 of 72, columns 0 to 76 of 128]
-9999.0 -9999.0 -9999.0 -9999.0 1.5 0.9 1.7 0.7 1.4 0.9 0.5 0.5 0.4 0.3 0.5 0.4 0.4 0.5 0.6 0.7 0.5 0.4 0.3 0.1 0.0 0.0 0.0 0.0 0.1 0.1 0.2 0.3 0.4 0.5 0.6 0.6 0.9 1.2 1.0 0.7 1.2 0.7 0.7 0.6 0.6 0.6 0.6 0.6 0.6 0.7 1.0 1.8 5.2 4.0 4.3 6.8 10.4 16.2 23.6 23.6 28.7 18.8 16.5 19.8 23.4 28.1 39.2 41.5 45.9 58.9 63.1 74.8 76.3 64.7 45.4 33.6 24.8
-9999.0 -9999.0 -9999.0 -9999.0 -9999.0 -9999.0 -9999.0 0.5 0.6 0.4 0.4 0.3 0.2 0.1 0.1 0.3 0.1 0.2 0.3 0.1 0.0 0.0 0.0 0.0 0.0 0.0 0.0 0.1 0.1 0.1 0.2 0.3 0.4 0.6 0.7 0.8 1.2 1.3 1.9 2.2 1.3 3.1 3.1 2.4 1.8 1.2 1.7 1.5 2.2 1.7 1.9 3.0 5.0 11.5 10.6 7.2 10.0 15.4 26.5 28.4 34.7 23.3 22.1 27.5 36.5 38.0 45.1 50.4 52.5 59.8 64.6 72.6 76.0 61.4 39.2 29.3 21.6
-9999.0 -9999.0 -9999.0 -9999.0 -9999.0 -9999.0 -9999.0 0.7 0.3 0.3 0.2 0.2 0.1 0.1 0.0 0.0 0.0 0.0 0.0 0.0 0.0 0.0 0.0 0.0 0.0 0.0 0.1 0.1 0.2 0.2 0.3 0.4 0.6 0.7 0.8 1.1 1.3 1.7 2.0 2.2 2.6 2.9 3.5 5.6 3.9 3.2 4.4 5.2 8.6 8.1 12.7 12.2 8.8 10.4 14.7 11.2 15.1 23.3 31.9 38.1 41.1 42.0 36.2 43.4 46.7 48.6 50.0 51.2 57.6 55.4 62.0 69.6 71.6 58.6 36.7 33.7 29.5
-9999.0 -9999.0 -9999.0 -9999.0 -9999.0 -9999.0 -9999.0 -9999.0 -9999.0 0.2 0.1 0.1 0.1 0.0 0.0 0.0 0.0 0.0 0.0 0.0 0.0 0.0 0.0 0.0 0.1 0.1 0.1 0.2 0.3 0.3 0.5 0.6 0.7 0.9 1.1 1.4 1.7 2.1 2.4 2.9 3.2 3.7 4.0 4.5 6.0 7.1 8.5 9.7 11.2 12.4 14.5 14.1 13.5 13.2 17.4 16.0 19.6 27.7 36.0 42.2 48.9 57.2 65.7 52.8 60.1 55.7 51.6 51.4 57.4 55.6 62.0 65.8 64.8 55.6 46.2 39.1 40.7
-9999.0 -9999.0 -9999.0 -9999.0 -9999.0 -9999.0 -9999.0 -9999.0 -9999.0 -9999.0 -9999.0 0.1 0.1 0.0 0.0 0.0 0.0 0.0 0.0 0.0 0.0 0.0 0.1 0.1 0.1 0.1 0.2 0.2 0.4 0.5 0.6 0.8 1.1 1.3 1.7 2.1 2.3 2.8 3.9 3.9 4.7 4.9 5.0 5.6 8.3 8.6 12.4 12.9 15.2 16.1 15.7 16.4 16.9 18.3 21.0 21.3 23.9 30.4 36.3 42.1 49.4 59.4 70.1 71.9 74.8 50.5 46.6 53.0 56.1 58.9 62.9 66.8 60.7 52.4 54.5 56.9 62.2
-9999.0 -9999.0 -9999.0 -9999.0 -9999.0 -9999.0 -9999.0 -9999.0 -9999.0 -9999.0 -9999.0 -9999.0 0.1 0.1 0.0 0.0 0.0 0.0 0.0 0.0 0.1 0.1 0.1 0.2 0.1 0.2 0.4 0.4 0.5 0.6 0.9 1.2 1.6 1.9 2.3 2.7 3.3 3.7 4.1 4.6 5.2 5.8 6.3 7.6 8.8 10.9 13.7 14.2 16.5 18.1 21.1 21.6 20.5 19.5 21.0 23.4 26.5 31.5 33.0 39.7 44.7 54.1 64.7 73.6 64.1 74.5 53.1 59.0 62.1 64.4 67.6 69.5 65.6 63.0 56.5 57.7 55.2
-9999.0 -9999.0 -9999.0 -9999.0 -9999.0 -9999.0 -9999.0 -9999.0 -9999.0 -9999.0 -9999.0 -9999.0 0.1 0.1 0.1 0.1 0.1 0.1 0.1 0.1 0.1 0.1 0.2 0.3 0.5 0.5 0.5 0.7 0.8 1.1 1.3 1.6 2.2 2.7 3.1 3.6 4.1 4.7 5.2 5.9 6.3 6.8 8.4 8.1 10.3 12.9 13.6 15.1 15.5 19.3 20.9 23.1 22.0 22.8 20.4 23.4 24.7 29.0 30.4 33.1 37.2 45.1 56.8 67.3 55.0 64.6 49.3 62.2 71.2 74.6 74.5 74.9 72.9 60.8 53.4 50.2 54.8
-9999.0 -9999.0 -9999.0 -9999.0 -9999.0 -9999.0 -9999.0 -9999.0 -9999.0 -9999.0 -9999.0 -9999.0 -9999.0 0.1 0.1 0.2 0.1 0.2 0.3 0.4 0.4 0.5 0.4 0.7 0.7 0.5 0.6 0.6 0.9 1.3 2.0 2.6 2.9 3.5 4.2 4.6 4.9 5.4 6.9 7.2 7.9 9.0 9.4 11.1 11.0 11.6 14.3 17.1 19.3 20.9 22.9 23.0 22.9 27.7 25.0 23.7 23.5 27.3 33.0 33.3 35.6 39.0 49.5 52.1 37.8 51.6 62.3 72.6 84.2 92.8 105.3 98.6 80.1 67.1 59.5 53.3 54.5
-9999.0 -9999.0 -9999.0 -9999.0 -9999.0 -9999.0 -9999.0 -9999.0 -9999.0 -9999.0 -9999.0 -9999.0 0.3 0.2 0.2 0.4 0.2 0.4 0.5 1.0 1.1 1.2 1.0 1.2 1.3 0.8 0.9 1.2 1.5 1.8 2.5 3.5 3.7 4.7 5.2 5.7 5.9 6.1 6.7 7.8 9.9 11.9 13.5 11.0 12.3 13.4 13.9 14.5 17.3 19.9 24.2 27.3 24.6 25.5 22.3 21.7 24.9 21.4 27.6 27.6 31.2 38.7 44.8 56.8 60.6 60.5 66.1 84.3 92.1 90.0 90.8 93.5 92.4 88.6 76.9 70.6 77.9
-9999.0 -9999.0 -9999.0 -9999.0 -9999.0 -9999.0 -9999.0 -9999.0 -9999.0 -9999.0 -9999.0 -9999.0 0.6 0.9 0.8 0.5 0.6 1.4 1.8 1.4 2.7 1.9 1.9 1.9 2.1 2.1 1.9 1.9 2.0 2.6 3.3 4.1 4.6 6.1 6.7 6.8 7.0 7.1 7.7 8.7 10.1 11.0 11.6 12.3 13.1 14.3 17.0 17.6 18.7 17.3 19.8 24.4 22.0 20.0 19.6 18.1 21.5 24.8 24.9 30.6 35.0 41.6 40.7 49.3 59.0 63.4 75.0 96.8 105.1 103.8 99.4 95.0 89.8 79.0 74.1 73.5 82.8
-9999.0 -9999.0 -9999.0 -9999.0 -9999.0 -9999.0 -9999.0 -9999.0 -9999.0 -9999.0 -9999.0 -9999.0 2.7 1.6 3.0 2.8 3.4 2.0 3.4 3.6 2.3 2.1 3.2 2.3 2.4 1.5 1.7 1.3 2.2 2.7 3.5 3.9 6.0 7.4 8.1 8.1 8.1 8.2 9.0 10.6 12.3 12.9 15.9 12.3 14.6 17.6 18.9 17.5 16.1 17.7 19.7 18.9 27.6 28.6 24.0 17.4 21.6 25.3 28.1 25.5 28.6 34.8 50.8 53.3 64.6 91.2 99.0 101.5 98.2 95.3 92.6 84.8 81.7 79.4 82.1 80.5 83.3
-9999.0 -9999.0 -9999.0 -9999.0 -9999.0 -9999.0 -9999.0 -9999.0 -9999.0 -9999.0 -9999.0 -9999.0 -9999.0 3.0 3.6 6.5 6.6 8.2 6.1 5.5 3.1 5.1 3.6 2.7 3.3 2.4 2.1 2.1 1.8 2.8 2.9 4.3 5.7 7.9 8.6 8.3 8.7 9.3 10.4 12.5 15.0 18.5 20.7 20.1 16.6 16.8 18.9 15.7 19.7 19.7 17.8 22.0 20.8 17.6 24.6 26.1 21.0 23.2 28.2 36.5 36.1 52.4 49.9 62.7 77.5 92.0 99.3 97.5 91.7 87.9 88.9 88.0 81.6 88.3 85.8 90.6 94.7
-9999.0 -9999.0 -9999.0 -9999.0 -9999.0 -9999.0 -9999.0 -9999.0 -9999.0 -9999.0 -9999.0 -9999.0 -9999.0 13.6 7.9 12.3 8.8 15.0 14.2 11.5 6.3 5.6 4.4 4.0 4.9 3.0 2.2 2.2 1.9 1.4 2.2 3.5 5.7 7.5 8.1 8.9 9.7 10.3 11.8 15.3 18.2 21.5 23.4 23.3 25.3 20.9 20.3 17.8 18.7 18.7 20.1 16.4 19.5 23.4 27.1 26.8 24.6 26.7 32.2 24.1 38.7 37.5 66.3 74.9 84.3 93.4 99.4 101.0 100.0 103.8 104.2 97.4 91.3 87.6 92.2 102.0 113.5
-9999.0 -9999.0 -9999.0 -9999.0 -9999.0 -9999.0 -9999.0 -9999.0 -9999.0 -9999.0 -9999.0 -9999.0 -9999.0 -9999.0 -9999.0 19.4 22.4 19.6 21.5 21.7 12.1 12.3 10.0 6.8 4.4 3.2 1.6 1.5 1.1 1.6 1.9 3.1 4.3 6.3 8.6 9.0 10.1 12.1 13.6 16.9 20.8 24.4 26.4 26.0 22.1 20.4 21.5 20.0 20.3 19.3 17.8 22.2 17.5 19.1 17.3 24.8 28.6 23.5 37.3 42.3 33.5 65.1 82.9 90.3 98.4 105.5 111.2 119.8 131.3 126.8 122.2 113.0 88.7 88.3 100.2 112.2 134.6
-9999.0 -9999.0 -9999.0 -9999.0 -9999.0 -9999.0 -9999.0 -9999.0 -9999.0 -9999.0 -9999.0 -9999.0 -9999.0 -9999.0 -9999.0 -9999.0 -9999.0 50.6 44.4 -9999.0 32.0 16.0 16.0 11.4 5.7 4.0 1.9 1.5 1.4 1.2 1.7 3.1 4.0 8.0 11.8 11.1 11.4 16.3 16.0 19.2 22.9 26.3 27.8 27.0 25.1 23.1 36.4 24.8 22.1 20.8 22.2 16.9 20.0 18.8 22.1 25.8 25.3 35.5 39.1 44.6 53.6 76.2 86.2 98.6 110.4 115.9 120.8 131.7 149.8 144.4 147.3 92.4 85.3 93.8 103.4 121.8 153.1
-9999.0 -9999.0 -9999.0 -9999.0 -9999.0 -9999.0 -9999.0 -9999.0 -9999.0 -9999.0 -9999.0 -9999.0 -9999.0 -9999.0 -9999.0 -9999.0 -9999.0 -9999.0 -9999.0 -9999.0 -9999.0 27.1 17.4 9.2 7.8 7.1 4.2 2.5 1.5 1.6 1.7 4.1 6.2 9.2 13.9 13.4 15.3 17.5 21.4 27.5 29.2 27.8 29.5 28.8 28.3 25.9 56.1 27.8 27.5 41.6 22.0 26.0 24.3 17.4 19.7 26.9 31.1 32.0 46.7 47.0 61.4 73.6 79.1 94.9 104.9 108.7 113.7 124.6 145.0 143.5 126.2 92.6 92.2 109.1 125.8 146.5 172.2
-9999.0 -9999.0 -9999.0 -9999.0 -9999.0 -9999.0 -9999.0 -9999.0 -9999.0 -9999.0 -9999.0 -9999.0 -9999.0 -9999.0 -9999.0 -9999.0 -9999.0 -9999.0 -9999.0 -9999.0 -9999.0 -9999.0 -9999.0 29.4 13.0 9.1 5.7 3.3 1.8 1.9 2.0 3.2 5.0 8.8 11.6 15.0 16.8 20.9 22.4 25.2 27.7 30.1 29.5 28.6 33.3 69.6 40.2 38.4 47.4 52.0 33.1 27.7 26.6 23.3 21.4 20.7 29.5 39.5 44.1 50.8 61.1 68.6 77.4 80.7 86.0 85.2 92.5 105.5 105.3 120.5 89.6 93.6 102.6 108.0 142.5 160.8 168.0
-9999.0 -9999.0 -9999.0 -9999.0 -9999.0 -9999.0 -9999.0 -9999.0 -9999.0 -9999.0 -9999.0 -9999.0 -9999.0 -9999.0 -9999.0 -9999.0 -9999.0 -9999.0 -9999.0 -9999.0 -9999.0 -9999.0 -9999.0 -9999.0 -9999.0 30.1 11.7 3.7 2.8 2.9 3.0 5.3 8.9 11.9 18.1 18.5 20.5 25.9 27.5 30.6 32.3 32.0 42.0 39.0 62.7 80.7 71.8 103.8 40.1 56.5 37.2 36.8 35.1 33.6 32.3 30.0 33.7 38.1 47.2 53.1 57.5 58.7 67.5 51.3 58.9 61.0 71.4 75.4 70.1 67.0 85.6 96.3 123.8 107.8 122.6 148.9 154.4
-9999.0 -9999.0 -9999.0 -9999.0 -9999.0 -9999.0 -9999.0 -9999.0 -9999.0 -9999.0 -9999.0 -9999.0 -9999.0 -9999.0 -9999.0 -9999.0 -9999.0 -9999.0 -9999.0 -9999.0 -9999.0 -9999.0 -9999.0 -9999.0 -9999.0 -9999.0 -9999.0 30.6 27.1 9.5 9.3 11.5 10.0 22.8 21.8 39.8 32.2 35.3 41.8 38.0 37.5 38.7 51.2 67.2 75.3 87.9 101.2 113.3 125.4 97.2 130.1 125.7 54.2 53.6 45.0 40.3 39.6 43.3 48.9 52.1 41.1 50.3 35.6 44.4 62.2 62.2 59.4 66.1 67.2 67.6 80.3 76.1 117.0 104.0 118.8 125.9 128.3
-9999.0 -9999.0 -9999.0 -9999.0 -9999.0 -9999.0 -9999.0 -9999.0 -9999.0 -9999.0 -9999.0 -9999.0 -9999.0 -9999.0 -9999.0 -9999.0 -9999.0 -9999.0 -9999.0 -9999.0 -9999.0 -9999.0 -9999.0 -9999.0 -9999.0 -9999.0 -9999.0 -9999.0 -9999.0 -9999.0 -9999.0 -9999.0 -9999.0 35.8 30.7 -9999.0 -9999.0 -9999.0 52.6 47.1 51.4 56.3 54.6 73.6 82.7 91.6 -9999.0 -9999.0 -9999.0 -9999.0 -9999.0 -9999.0 95.9 57.6 62.1 47.5 40.1 41.4 45.1 42.5 39.5 43.6 31.8 37.3 46.2 54.8 54.6 48.0 47.1 59.4 78.8 72.1 80.1 101.8 98.5 110.0 125.1
-9999.0 -9999.0 -9999.0 -9999.0 -9999.0 -9999.0 -9999.0 -9999.0 -9999.0 -9999.0 -9999.0 -9999.0 -9999.0 -9999.0 -9999.0 -9999.0 -9999.0 -9999.0 -9999.0 -9999.0 -9999.0 -9999.0 -9999.0 -9999.0 -9999.0 -9999.0 -9999.0 -9999.0 -9999.0 -9999.0 -9999.0 -9999.0 -9999.0 -9999.0 -9999.0 -9999.0 -9999.0 -9999.0 -9999.0 60.4 62.9 66.0 69.9 75.1 -9999.0 -9999.0 -9999.0 -9999.0 -9999.0 -9999.0 -9999.0 -9999.0 100.2 65.6 55.6 42.6 33.2 32.3 33.8 33.2 31.1 36.9 40.3 35.0 47.0 52.3 51.2 48.5 46.5 40.1 47.2 68.2 95.2 93.7 107.1 117.7 136.4
-9999.0 -9999.0 -9999.0 -9999.0 -9999.0 -9999.0 -9999.0 -9999.0 -9999.0 -9999.0 -9999.0 -9999.0 -9999.0 -9999.0 -9999.0 -9999.0 -9999.0 -9999.0 -9999.0 -9999.0 -9999.0 -9999.0 -9999.0 -9999.0 -9999.0 -9999.0 -9999.0 -9999.0 -9999.0 -9999.0 -9999.0 -9999.0 -9999.0 -9999.0 -9999.0 -9999.0 -9999.0 -9999.0 -9999.0 -9999.0 -9999.0 -9999.0 -9999.0 -9999.0 -9999.0 -9999.0 -9999.0 -9999.0 -9999.0 -9999.0 -9999.0 -9999.0 116.9 72.3 54.4 42.8 26.4 24.8 28.1 33.0 32.5 36.0 58.8 42.1 47.0 49.1 56.7 60.3 55.4 50.2 57.4 76.2 79.7 107.4 122.7 140.3 165.6
-9999.0 -9999.0 -9999.0 -9999.0 -9999.0 -9999.0 -9999.0 -9999.0 -9999.0 -9999.0 -9999.0 -9999.0 -9999.0 -9999.0 -9999.0 -9999.0 -9999.0 -9999.0 -9999.0 -9999.0 -9999.0 -9999.0 -9999.0 -9999.0 -9999.0 -9999.0 -9999.0 -9999.0 -9999.0 -9999.0 -9999.0 -9999.0 -9999.0 -9999.0 -9999.0 -9999.0 -9999.0 -9999.0 -9999.0 -9999.0 -9999.0 -9999.0 -9999.0 -9999.0 -9999.0 -9999.0 -9999.0 -9999.0 -9999.0 -9999.0 -9999.0 107.5 100.6 77.0 52.6 34.9 24.8 26.3 27.9 28.0 45.3 49.4 44.5 48.9 48.0 49.2 62.7 77.3 76.4 79.8 87.1 99.2 117.9 128.5 140.9 159.0 190.4
-9999.0 -9999.0 -9999.0 -9999.0 -9999.0 -9999.0 -9999.0 -9999.0 -9999.0 -9999.0 -9999.0 -9999.0 -9999.0 -9999.0 -9999.0 -9999.0 -9999.0 -9999.0 -9999.0 -9999.0 -9999.0 -9999.0 -9999.0 -9999.0 -9999.0 -9999.0 -9999.0 -9999.0 -9999.0 -9999.0 -9999.0 -9999.0 -9999.0 -9999.0 -9999.0 -9999.0 -9999.0 -9999.0 -9999.0 -9999.0 -9999.0 -9999.0 -9999.0 -9999.0 -9999.0 -9999.0 -9999.0 -9999.0 -9999.0 -9999.0 79.3 104.4 97.5 81.1 55.4 40.9 27.4 24.3 31.0 41.7 44.5 52.1 49.4 52.5 47.0 48.7 61.5 81.5 92.9 105.9 112.0 122.0 128.2 136.9 153.2 179.2 177.2
-9999.0 -9999.0 -9999.0 -9999.0 -9999.0 -9999.0 -9999.0 -9999.0 -9999.0 -9999.0 -9999.0 -9999.0 -9999.0 -9999.0 -9999.0 -9999.0 -9999.0 -9999.0 -9999.0 -9999.0 -9999.0 -9999.0 -9999.0 -9999.0 -9999.0 -9999.0 -9999.0 -9999.0 -9999.0 -9999.0 -9999.0 -9999.0 -9999.0 -9999.0 -9999.0 -9999.0 -9999.0 -9999.0 -9999.0 -9999.0 -9999.0 -9999.0 -9999.0 -9999.0 -9999.0 -9999.0 -9999.0 -9999.0 -9999.0 -9999.0 66.4 109.3 79.4 84.2 69.0 49.0 30.6 40.2 44.4 45.7 44.5 44.8 40.4 42.8 42.9 46.3 61.6 78.4 98.3 106.3 116.5 126.0 134.7 140.3 147.1 159.8 200.0
-9999.0 -9999.0 -9999.0 -9999.0 -9999.0 -9999.0 -9999.0 -9999.0 -9999.0 -9999.0 -9999.0 -9999.0 -9999.0 -9999.0 -9999.0 -9999.0 -9999.0 -9999.0 -9999.0 -9999.0 -9999.0 -9999.0 -9999.0 -9999.0 -9999.0 -9999.0 -9999.0 -9999.0 -9999.0 -9999.0 -9999.0 -9999.0 -9999.0 -9999.0 -9999.0 -9999.0 -9999.0 -9999.0 -9999.0 -9999.0 -9999.0 -9999.0 -9999.0 -9999.0 -9999.0 -9999.0 -9999.0 -9999.0 -9999.0 -9999.0 53.2 73.9 65.5 102.2 69.7 55.7 63.2 51.0 58.1 52.4 53.3 49.3 43.3 37.5 40.8 48.1 61.7 74.0 82.8 101.3 104.8 133.0 142.8 158.7 156.1 172.5 220.6
-9999.0 -9999.0 -9999.0 -9999.0 -9999.0 -9999.0 -9999.0 -9999.0 -9999.0 -9999.0 -9999.0 -9999.0 -9999.0 -9999.0 -9999.0 -9999.0 -9999.0 -9999.0 -9999.0 -9999.0 -9999.0 -9999.0 -9999.0 -9999.0 -9999.0 -9999.0 -9999.0 -9999.0 -9999.0 -9999.0 -9999.0 -9999.0 -9999.0 -9999.0 -9999.0 -9999.0 -9999.0 -9999.0 -9999.0 -9999.0 -9999.0 -9999.0 -9999.0 -9999.0 -9999.0 -9999.0 -9999.0 -9999.0 -9999.0 -9999.0 73.7 98.8 88.2 96.5 87.5 84.7 51.3 63.3 68.9 70.3 72.3 63.0 54.1 46.2 47.0 53.6 65.4 75.0 83.3 69.6 92.6 120.8 150.0 165.5 165.7 188.7 219.2
-9999.0 -9999.0 -9999.0 -9999.0 -9999.0 -9999.0 -9999.0 -9999.0 -9999.0 -9999.0 -9999.0 -9999.0 -9999.0 -9999.0 -9999.0 -9999.0 -9999.0 -9999.0 -9999.0 -9999.0 -9999.0 -9999.0 -9999.0 -9999.0 -9999.0 -9999.0 -9999.0 -9999.0 -9999.0 -9999.0 -9999.0 -9999.0 -9999.0 -9999.0 -9999.0 -9999.0 -9999.0 -9999.0 -9999.0 -9999.0 -9999.0 -9999.0 -9999.0 -9999.0 -9999.0 -9999.0 -9999.0 -9999.0 -9999.0 -9999.0 -9999.0 -9999.0 -9999.0 82.4 77.7 71.6 69.7 75.8 72.9 92.2 105.5 98.9 81.8 70.2 63.7 65.4 71.4 71.8 73.1 74.4 84.8 107.5 129.5 142.7 156.4 172.8 197.0
-9999.0 -9999.0 -9999.0 -9999.0 -9999.0 -9999.0 -9999.0 -9999.0 -9999.0 -9999.0 -9999.0 -9999.0 -9999.0 -9999.0 -9999.0 -9999.0 -9999.0 -9999.0 -9999.0 -9999.0 -9999.0 -9999.0 -9999.0 -9999.0 -9999.0 -9999.0 -9999.0 -9999.0 -9999.0 -9999.0 -9999.0 -9999.0 -9999.0 -9999.0 -9999.0 -9999.0 -9999.0 -9999.0 -9999.0 -9999.0 -9999.0 -9999.0 -9999.0 -9999.0 -9999.0 -9999.0 -9999.0 -9999.0 -9999.0 -9999.0 -9999.0 -9999.0 -9999.0 81.0 70.3 104.8 70.6 69.8 92.2 124.9 133.8 139.7 120.6 116.6 99.2 88.8 84.7 80.9 72.1 73.6 82.5 99.2 113.5 123.2 135.9 165.9 176.4
-9999.0 -9999.0 -9999.0 -9999.0 -9999.0 -9999.0 -9999.0 -9999.0 -9999.0 -9999.0 -9999.0 -9999.0 -9999.0 -9999.0 -9999.0 -9999.0 -9999.0 -9999.0 -9999.0 -9999.0 -9999.0 -9999.0 -9999.0 -9999.0 -9999.0 -9999.0 -9999.0 -9999.0 -9999.0 -9999.0 -9999.0 -9999.0 -9999.0 -9999.0 -9999.0 -9999.0 -9999.0 -9999.0 -9999.0 -9999.0 -9999.0 -9999.0 -9999.0 -9999.0 -9999.0 -9999.0 -9999.0 -9999.0 -9999.0 -9999.0 -9999.0 -9999.0 -9999.0 81.2 58.3 85.1 81.4 84.4 110.2 139.1 166.3 174.8 161.6 141.7 138.3 -9999.0 -9999.0 -9999.0 87.6 86.8 95.5 108.9 116.4 117.9 126.6 152.9 160.3
-9999.0 -9999.0 -9999.0 -9999.0 -9999.0 -9999.0 -9999.0 -9999.0 -9999.0 -9999.0 -9999.0 -9999.0 -9999.0 -9999.0 -9999.0 -9999.0 -9999.0 -9999.0 -9999.0 -9999.0 -9999.0 -9999.0 -9999.0 -9999.0 -9999.0 -9999.0 -9999.0 -9999.0 -9999.0 -9999.0 -9999.0 -9999.0 -9999.0 -9999.0 -9999.0 -9999.0 -9999.0 -9999.0 -9999.0 -9999.0 -9999.0 -9999.0 -9999.0 -9999.0 -9999.0 -9999.0 -9999.0 -9999.0 -9999.0 -9999.0 -9999.0 -9999.0 -9999.0 -9999.0 83.3 84.9 78.0 92.9 134.8 172.4 189.4 -9999.0 -9999.0 -9999.0 -9999.0 -9999.0 -9999.0 -9999.0 101.0 103.6 113.4 119.6 119.1 114.3 113.4 123.0 139.9
-9999.0 -9999.0 -9999.0 -9999.0 -9999.0 -9999.0 -9999.0 -9999.0 -9999.0 -9999.0 -9999.0 -9999.0 -9999.0 -9999.0 -9999.0 -9999.0 -9999.0 -9999.0 -9999.0 -9999.0 -9999.0 -9999.0 -9999.0 -9999.0 -9999.0 -9999.0 -9999.0 -9999.0 -9999.0 -9999.0 -9999.0 -9999.0 -9999.0 -9999.0 -9999.0 -9999.0 -9999.0 -9999.0 -9999.0 -9999.0 -9999.0 -9999.0 -9999.0 -9999.0 -9999.0 -9999.0 -9999.0 -9999.0 -9999.0 -9999.0 -9999.0 -9999.0 -9999.0 -9999.0 -9999.0 89.3 126.0 123.5 149.6 190.1 213.2 -9999.0 -9999.0 -9999.0 -9999.0 -9999.0 -9999.0 -9999.0 -9999.0 -9999.0 112.7 -9999.0 -9999.0 -9999.0 -9999.0 -9999.0 122.0
-9999.0 -9999.0 -9999.0 -9999.0 -9999.0 -9999.0 -9999.0 -9999.0 -9999.0 -9999.0 -9999.0 -9999.0 -9999.0 -9999.0 -9999.0 -9999.0 -9999.0 -9999.0 -9999.0 -9999.0 -9999.0 -9999.0 -9999.0 -9999.0 -9999.0 -9999.0 -9999.0 -9999.0 -9999.0 -9999.0 -9999.0 -9999.0 -9999.0 -9999.0 -9999.0 -9999.0 -9999.0 -9999.0 -9999.0 -9999.0 -9999.0 -9999.0 -9999.0 -9999.0 -9999.0 -9999.0 -9999.0 -9999.0 -9999.0 -9999.0 -9999.0 -9999.0 -9999.0 -9999.0 -9999.0 -9999.0 -9999.0 -9999.0 173.3 197.5 -9999.0 -9999.0 -9999.0 -9999.0 -9999.0 -9999.0 -9999.0 -9999.0 -9999.0 -9999.0 -9999.0 -9999.0 -9999.0 -9999.0 -9999.0 86.0 108.8
-9999.0 -9999.0 -9999.0 -9999.0 -9999.0 -9999.0 -9999.0 -9999.0 -9999.0 -9999.0 -9999.0 -9999.0 -9999.0 -9999.0 -9999.0 -9999.0 -9999.0 -9999.0 -9999.0 -9999.0 -9999.0 -9999.0 -9999.0 -9999.0 -9999.0 -9999.0 -9999.0 -9999.0 -9999.0 -9999.0 -9999.0 -9999.0 -9999.0 -9999.0 -9999.0 -9999.0 -9999.0 -9999.0 -9999.0 -9999.0 -9999.0 -9999.0 -9999.0 -9999.0 -9999.0 -9999.0 -9999.0 -9999.0 -9999.0 -9999.0 -9999.0 -9999.0 -9999.0 -9999.0 -9999.0 -9999.0 -9999.0 -9999.0 -9999.0 -9999.0 -9999.0 -9999.0 -9999.0 -9999.0 -9999.0 -9999.0 -9999.0 -9999.0 -9999.0 -9999.0 -9999.0 -9999.0 -9999.0 -9999.0 -9999.0 -9999.0 -9999.0
