program/excelProcessViaJava/data/SURF_CLI_CHN_PRE_MON_GRID_0.5-198906.txt
NCOLS      128
NROWS       72
XLLCORNER    72.000000000000    
YLLCORNER    18.000000000000    
CELLSIZE    0.50000000000000    
NODATA_VALUE   -9999.000    
[rows 33 to 65 of 72, columns 0 to 74 of 128]
-9999.0 -9999.0 -9999.0 -9999.0 24.9 20.4 16.5 8.6 5.7 5.9 4.1 4.7 6.3 9.4 10.2 10.7 12.8 15.3 17.0 16.8 15.5 15.2 17.2 19.1 19.8 20.2 22.0 41.7 37.6 45.9 55.1 59.5 65.1 76.3 71.8 75.5 73.9 98.4 89.6 65.1 38.1 25.1 20.7 15.7 13.6 14.2 20.8 38.3 59.4 67.7 83.5 107.1 117.1 129.7 101.5 101.4 96.5 119.3 120.0 135.0 123.0 93.4 71.4 47.2 38.6 46.1 43.8 27.0 32.4 31.0 37.6 51.3 65.8 76.8 81.3
-9999.0 -9999.0 -9999.0 -9999.0 26.2 17.3 14.9 8.1 8.3 5.4 3.5 2.6 2.2 2.3 6.5 7.6 9.1 14.8 18.5 18.1 14.4 13.2 14.1 15.9 20.5 27.3 30.2 36.4 42.4 49.6 57.0 67.9 72.4 79.4 87.3 88.1 98.3 106.2 90.8 71.1 81.9 43.5 33.7 21.3 15.5 13.1 15.1 22.5 35.5 55.3 72.4 84.1 103.7 99.8 96.0 100.7 97.6 98.3 102.1 62.1 90.9 47.3 41.7 49.6 46.8 36.2 47.9 36.1 35.2 45.5 49.7 64.1 76.2 81.5 77.8
-9999.0 -9999.0 -9999.0 -9999.0 -9999.0 -9999.0 -9999.0 8.4 6.5 4.2 4.1 3.0 2.2 2.1 2.2 8.0 5.1 10.0 12.3 9.7 8.2 9.5 12.2 15.5 19.5 24.3 30.6 37.5 45.2 54.8 63.3 71.9 79.7 88.6 97.6 99.3 109.4 108.5 118.1 119.6 87.0 117.9 102.8 69.0 37.9 18.1 24.7 27.6 42.4 51.0 65.5 78.9 87.2 109.8 119.4 107.8 95.6 81.8 99.7 68.8 83.8 42.9 36.3 46.8 59.5 48.8 51.9 52.2 48.1 54.9 60.3 70.2 83.0 84.5 76.4
-9999.0 -9999.0 -9999.0 -9999.0 -9999.0 -9999.0 -9999.0 11.7 5.8 4.6 3.6 2.5 2.1 2.1 1.9 2.3 2.6 3.2 3.7 5.2 6.8 8.4 11.2 14.6 18.9 24.2 30.4 38.4 46.1 54.9 65.5 75.0 83.9 94.0 98.6 104.5 107.1 113.9 115.4 113.4 113.8 109.4 105.3 116.7 68.2 39.1 43.3 45.8 63.6 59.3 76.4 73.7 78.1 93.7 118.3 124.3 117.9 108.1 102.9 94.6 74.5 62.8 49.4 59.5 62.9 60.5 56.1 54.4 63.7 58.3 64.0 73.0 83.5 84.2 70.9
-9999.0 -9999.0 -9999.0 -9999.0 -9999.0 -9999.0 -9999.0 -9999.0 -9999.0 4.4 3.1 2.4 2.0 1.7 1.7 2.0 2.1 2.5 3.1 4.0 5.5 7.7 10.4 13.8 18.3 24.0 30.7 38.7 47.6 57.5 67.2 77.1 86.2 94.6 99.5 104.0 106.9 111.1 111.2 114.7 111.7 113.6 105.0 90.3 88.0 77.2 70.7 65.6 65.8 64.9 68.5 65.2 71.5 91.8 120.6 133.0 128.0 119.0 116.3 102.5 90.8 87.9 86.3 69.3 74.3 66.8 58.4 58.8 71.0 63.2 66.0 65.4 73.0 76.3 75.0
-9999.0 -9999.0 -9999.0 -9999.0 -9999.0 -9999.0 -9999.0 -9999.0 -9999.0 -9999.0 -9999.0 2.4 2.2 1.6 1.5 1.5 1.7 2.1 2.8 3.5 4.5 6.7 9.2 13.1 17.0 23.3 30.2 38.6 48.3 59.0 69.5 79.0 88.5 95.8 101.0 106.4 106.9 108.7 119.7 112.6 118.3 113.6 106.4 97.2 107.8 85.6 98.5 82.3 83.7 78.4 70.4 71.5 80.2 104.6 134.7 146.8 146.7 145.0 135.3 126.0 119.7 106.9 100.1 91.9 88.6 68.0 61.6 67.8 73.7 72.5 65.5 64.9 61.1 58.4 49.7
-9999.0 -9999.0 -9999.0 -9999.0 -9999.0 -9999.0 -9999.0 -9999.0 -9999.0 -9999.0 -9999.0 -9999.0 1.9 1.7 1.2 1.3 1.2 1.5 2.0 2.4 4.4 5.9 8.4 12.4 14.9 22.7 30.9 37.9 48.3 57.2 70.0 80.8 89.7 95.6 100.5 103.4 107.6 106.0 105.7 105.8 107.4 110.0 110.8 114.3 109.3 107.7 109.7 94.3 96.0 96.2 104.7 104.3 106.6 121.6 144.8 159.0 163.9 168.4 158.4 160.0 150.7 138.0 125.2 111.9 92.9 95.5 82.4 88.4 90.9 88.8 67.1 50.8 47.6 48.6 56.2
-9999.0 -9999.0 -9999.0 -9999.0 -9999.0 -9999.0 -9999.0 -9999.0 -9999.0 -9999.0 -9999.0 -9999.0 1.6 1.7 1.9 1.0 1.6 1.5 1.4 2.1 3.2 4.5 7.0 11.4 17.5 22.4 29.6 40.3 48.4 61.1 69.6 77.7 88.5 95.4 98.4 100.5 101.4 102.8 103.3 105.2 107.4 112.2 124.1 119.0 125.6 130.9 118.1 113.7 106.7 120.2 123.6 132.9 132.5 147.4 145.3 161.5 162.3 173.1 179.6 186.0 178.1 158.9 141.3 130.1 106.0 105.0 108.4 113.7 110.9 109.5 113.0 119.5 115.4 90.9 87.0
-9999.0 -9999.0 -9999.0 -9999.0 -9999.0 -9999.0 -9999.0 -9999.0 -9999.0 -9999.0 -9999.0 -9999.0 -9999.0 1.2 0.9 1.5 0.9 1.3 1.7 2.2 2.8 5.1 6.1 11.5 15.6 17.9 24.5 30.8 42.7 54.7 69.4 81.1 85.0 91.2 98.1 97.3 95.9 95.8 105.8 104.9 110.8 121.1 128.5 140.2 136.5 131.8 137.3 143.6 148.5 151.7 157.3 154.4 154.0 188.8 175.2 165.4 160.1 175.9 193.9 193.5 186.6 171.6 153.8 135.6 116.7 119.6 132.6 154.1 153.0 145.8 117.1 117.2 124.9 119.2 122.0
-9999.0 -9999.0 -9999.0 -9999.0 -9999.0 -9999.0 -9999.0 -9999.0 -9999.0 -9999.0 -9999.0 -9999.0 1.5 1.0 0.8 0.9 0.7 0.8 0.9 2.2 3.1 4.6 6.2 10.0 15.0 15.8 22.9 32.3 41.7 51.1 64.5 80.6 80.7 91.4 92.2 93.1 89.2 89.9 91.8 98.1 113.4 130.5 145.6 140.2 146.7 148.1 144.0 140.7 152.3 163.8 184.5 200.6 177.5 184.0 160.4 153.8 173.1 154.3 185.3 195.7 191.7 179.5 164.6 152.9 128.6 122.7 166.8 173.7 182.7 187.4 193.2 185.0 153.5 116.9 114.3
-9999.0 -9999.0 -9999.0 -9999.0 -9999.0 -9999.0 -9999.0 -9999.0 -9999.0 -9999.0 -9999.0 -9999.0 1.5 1.6 1.0 0.7 0.6 0.9 1.1 1.0 2.7 2.9 4.8 7.8 13.2 18.9 23.8 30.5 38.4 51.4 64.5 74.9 77.5 93.0 93.7 88.5 87.0 83.7 86.0 93.9 104.6 118.5 131.5 140.9 145.2 147.6 156.9 157.2 162.1 152.3 163.7 189.8 166.2 146.5 140.8 125.6 150.1 172.5 177.1 203.5 207.9 204.0 171.1 138.7 116.5 143.9 142.3 169.8 184.8 207.1 212.7 199.6 177.6 186.3 194.8
-9999.0 -9999.0 -9999.0 -9999.0 -9999.0 -9999.0 -9999.0 -9999.0 -9999.0 -9999.0 -9999.0 -9999.0 3.2 1.1 1.4 0.9 0.8 0.5 0.7 0.9 0.9 1.3 3.6 4.6 8.5 9.0 14.6 16.3 31.5 41.9 55.2 58.6 81.0 92.2 91.0 83.8 79.5 77.2 81.0 87.6 100.6 117.6 129.9 134.4 135.0 143.0 147.3 136.4 128.1 139.4 152.3 143.4 216.2 228.4 185.6 117.9 152.1 181.0 201.7 190.2 198.3 194.9 216.0 124.9 100.4 150.0 132.5 141.5 173.0 191.2 188.0 212.6 209.5 229.7 264.7
-9999.0 -9999.0 -9999.0 -9999.0 -9999.0 -9999.0 -9999.0 -9999.0 -9999.0 -9999.0 -9999.0 -9999.0 -9999.0 1.7 1.0 0.9 0.7 0.8 0.6 0.7 0.7 1.4 1.8 2.6 6.5 8.0 11.5 17.1 19.5 35.1 37.1 53.1 64.0 80.3 78.2 68.0 66.9 69.6 73.1 83.0 95.9 111.8 126.1 126.8 115.8 108.3 113.1 87.0 114.5 117.7 107.5 151.4 149.3 124.2 194.0 205.9 144.9 165.1 209.3 263.2 237.7 304.1 205.5 82.4 147.2 117.6 95.5 113.4 163.2 191.8 185.5 183.3 228.8 199.8 247.9
-9999.0 -9999.0 -9999.0 -9999.0 -9999.0 -9999.0 -9999.0 -9999.0 -9999.0 -9999.0 -9999.0 -9999.0 -9999.0 5.6 1.4 1.2 0.8 1.0 0.9 0.9 0.8 1.0 1.3 2.2 6.3 6.1 7.1 12.3 14.6 12.5 21.6 34.1 53.7 62.0 59.1 58.9 59.7 60.3 65.4 82.9 87.6 99.6 107.7 108.5 123.2 91.4 81.4 55.7 61.1 66.0 91.5 71.1 120.1 170.5 213.3 211.5 181.6 198.7 245.7 173.6 253.9 145.3 93.8 141.9 119.8 91.9 78.5 111.8 171.1 203.3 198.1 207.5 233.2 263.1 275.6
-9999.0 -9999.0 -9999.0 -9999.0 -9999.0 -9999.0 -9999.0 -9999.0 -9999.0 -9999.0 -9999.0 -9999.0 -9999.0 -9999.0 -9999.0 2.1 1.9 1.2 1.4 2.0 1.2 2.1 2.9 3.1 3.2 3.9 2.8 4.3 4.5 10.3 14.1 24.9 30.6 41.1 49.5 49.9 54.6 51.9 57.3 67.8 84.6 95.1 95.7 89.4 73.7 60.6 52.9 29.5 36.6 19.4 35.3 99.4 79.6 114.0 107.4 181.3 215.8 162.3 282.1 306.8 155.6 103.7 120.2 107.5 100.4 91.8 100.0 148.8 200.3 202.8 202.9 216.2 265.2 298.1 289.2
-9999.0 -9999.0 -9999.0 -9999.0 -9999.0 -9999.0 -9999.0 -9999.0 -9999.0 -9999.0 -9999.0 -9999.0 -9999.0 -9999.0 -9999.0 -9999.0 -9999.0 56.7 15.1 -9999.0 9.9 3.4 6.8 7.3 4.0 4.4 2.6 3.0 4.8 4.4 8.9 20.9 22.9 43.0 53.9 42.5 52.0 43.4 49.7 60.0 71.4 89.2 79.9 69.3 89.2 52.4 120.9 44.7 13.2 18.1 15.8 23.1 53.1 84.8 125.4 164.4 159.7 250.9 273.3 301.3 138.1 113.6 103.1 104.4 101.1 100.9 122.6 156.3 191.5 181.6 178.2 200.4 248.8 274.6 295.4
-9999.0 -9999.0 -9999.0 -9999.0 -9999.0 -9999.0 -9999.0 -9999.0 -9999.0 -9999.0 -9999.0 -9999.0 -9999.0 -9999.0 -9999.0 -9999.0 -9999.0 -9999.0 -9999.0 -9999.0 -9999.0 11.8 8.6 5.7 7.2 13.6 10.5 7.5 4.8 7.5 8.0 28.1 34.7 40.0 47.2 38.7 37.3 36.9 37.1 38.1 40.0 80.9 80.9 64.9 81.2 41.0 183.3 21.9 39.5 209.7 12.2 66.8 72.7 39.5 69.6 136.0 175.6 175.9 316.3 276.2 164.3 130.1 99.5 104.6 122.5 127.2 140.7 144.2 157.9 145.6 135.9 173.4 212.7 226.1 233.3
-9999.0 -9999.0 -9999.0 -9999.0 -9999.0 -9999.0 -9999.0 -9999.0 -9999.0 -9999.0 -9999.0 -9999.0 -9999.0 -9999.0 -9999.0 -9999.0 -9999.0 -9999.0 -9999.0 -9999.0 -9999.0 -9999.0 -9999.0 62.5 22.2 22.6 19.3 12.3 5.7 8.1 8.6 14.8 25.9 36.6 46.2 49.4 58.4 45.8 66.5 79.8 75.0 90.7 55.9 44.8 77.7 236.3 72.0 40.7 50.6 55.4 16.3 35.6 26.0 35.6 40.5 49.1 117.2 210.4 192.8 263.1 203.2 157.9 104.7 93.0 98.6 131.4 143.4 130.0 132.5 126.8 149.2 163.6 186.7 216.9 208.0
-9999.0 -9999.0 -9999.0 -9999.0 -9999.0 -9999.0 -9999.0 -9999.0 -9999.0 -9999.0 -9999.0 -9999.0 -9999.0 -9999.0 -9999.0 -9999.0 -9999.0 -9999.0 -9999.0 -9999.0 -9999.0 -9999.0 -9999.0 -9999.0 -9999.0 169.8 66.0 16.3 14.0 18.8 16.5 30.5 46.9 55.6 65.7 78.5 115.5 75.6 106.9 83.9 117.1 68.6 75.1 73.3 183.0 251.7 163.8 260.9 29.1 48.0 41.4 31.4 54.3 58.5 50.6 62.8 110.1 138.9 226.3 243.9 225.1 165.8 214.1 114.1 105.9 120.5 127.6 153.3 188.7 196.4 168.3 169.1 163.2 201.4 213.6
-9999.0 -9999.0 -9999.0 -9999.0 -9999.0 -9999.0 -9999.0 -9999.0 -9999.0 -9999.0 -9999.0 -9999.0 -9999.0 -9999.0 -9999.0 -9999.0 -9999.0 -9999.0 -9999.0 -9999.0 -9999.0 -9999.0 -9999.0 -9999.0 -9999.0 -9999.0 -9999.0 267.3 256.9 89.3 80.4 87.9 72.9 120.3 107.5 151.6 104.7 100.3 81.0 94.5 116.4 61.9 110.2 206.8 228.6 263.4 288.4 278.2 254.1 115.8 160.4 142.6 60.8 70.2 79.4 107.9 117.5 144.5 209.0 199.2 167.4 168.2 110.6 94.9 87.1 109.7 141.4 165.9 206.5 213.2 178.9 183.7 152.2 178.5 178.4
-9999.0 -9999.0 -9999.0 -9999.0 -9999.0 -9999.0 -9999.0 -9999.0 -9999.0 -9999.0 -9999.0 -9999.0 -9999.0 -9999.0 -9999.0 -9999.0 -9999.0 -9999.0 -9999.0 -9999.0 -9999.0 -9999.0 -9999.0 -9999.0 -9999.0 -9999.0 -9999.0 -9999.0 -9999.0 -9999.0 -9999.0 -9999.0 -9999.0 235.6 169.8 -9999.0 -9999.0 -9999.0 159.2 120.1 118.7 144.3 126.5 255.9 297.2 292.4 -9999.0 -9999.0 -9999.0 -9999.0 -9999.0 -9999.0 108.3 114.3 104.5 116.4 140.3 144.7 164.1 163.0 159.5 155.2 110.0 98.9 112.2 143.4 195.9 263.1 287.6 223.4 163.3 168.9 175.0 155.4 176.6
-9999.0 -9999.0 -9999.0 -9999.0 -9999.0 -9999.0 -9999.0 -9999.0 -9999.0 -9999.0 -9999.0 -9999.0 -9999.0 -9999.0 -9999.0 -9999.0 -9999.0 -9999.0 -9999.0 -9999.0 -9999.0 -9999.0 -9999.0 -9999.0 -9999.0 -9999.0 -9999.0 -9999.0 -9999.0 -9999.0 -9999.0 -9999.0 -9999.0 -9999.0 -9999.0 -9999.0 -9999.0 -9999.0 -9999.0 341.4 324.5 321.4 320.9 317.0 -9999.0 -9999.0 -9999.0 -9999.0 -9999.0 -9999.0 -9999.0 -9999.0 132.7 168.7 145.2 119.5 121.2 125.4 134.0 140.1 138.3 136.3 123.1 114.7 133.9 193.6 259.8 267.5 271.2 281.6 219.1 182.4 167.1 182.9 169.3
-9999.0 -9999.0 -9999.0 -9999.0 -9999.0 -9999.0 -9999.0 -9999.0 -9999.0 -9999.0 -9999.0 -9999.0 -9999.0 -9999.0 -9999.0 -9999.0 -9999.0 -9999.0 -9999.0 -9999.0 -9999.0 -9999.0 -9999.0 -9999.0 -9999.0 -9999.0 -9999.0 -9999.0 -9999.0 -9999.0 -9999.0 -9999.0 -9999.0 -9999.0 -9999.0 -9999.0 -9999.0 -9999.0 -9999.0 -9999.0 -9999.0 -9999.0 -9999.0 -9999.0 -9999.0 -9999.0 -9999.0 -9999.0 -9999.0 -9999.0 -9999.0 -9999.0 112.6 217.8 164.1 183.4 109.8 103.2 110.1 123.5 124.9 128.4 201.4 128.2 158.6 217.2 214.8 210.5 222.7 233.8 219.2 216.8 259.6 213.9 208.3
-9999.0 -9999.0 -9999.0 -9999.0 -9999.0 -9999.0 -9999.0 -9999.0 -9999.0 -9999.0 -9999.0 -9999.0 -9999.0 -9999.0 -9999.0 -9999.0 -9999.0 -9999.0 -9999.0 -9999.0 -9999.0 -9999.0 -9999.0 -9999.0 -9999.0 -9999.0 -9999.0 -9999.0 -9999.0 -9999.0 -9999.0 -9999.0 -9999.0 -9999.0 -9999.0 -9999.0 -9999.0 -9999.0 -9999.0 -9999.0 -9999.0 -9999.0 -9999.0 -9999.0 -9999.0 -9999.0 -9999.0 -9999.0 -9999.0 -9999.0 -9999.0 145.7 159.3 227.1 115.2 122.2 98.5 116.2 102.7 89.8 147.8 142.4 132.0 143.5 180.7 221.0 193.7 169.5 204.9 223.1 238.5 257.6 244.7 224.3 244.2
-9999.0 -9999.0 -9999.0 -9999.0 -9999.0 -9999.0 -9999.0 -9999.0 -9999.0 -9999.0 -9999.0 -9999.0 -9999.0 -9999.0 -9999.0 -9999.0 -9999.0 -9999.0 -9999.0 -9999.0 -9999.0 -9999.0 -9999.0 -9999.0 -9999.0 -9999.0 -9999.0 -9999.0 -9999.0 -9999.0 -9999.0 -9999.0 -9999.0 -9999.0 -9999.0 -9999.0 -9999.0 -9999.0 -9999.0 -9999.0 -9999.0 -9999.0 -9999.0 -9999.0 -9999.0 -9999.0 -9999.0 -9999.0 -9999.0 -9999.0 205.2 188.2 201.9 216.3 141.7 137.3 95.1 87.2 105.0 141.2 135.1 158.8 145.7 165.8 213.9 242.5 231.6 225.9 271.1 300.9 324.4 300.8 263.6 250.8 249.8
-9999.0 -9999.0 -9999.0 -9999.0 -9999.0 -9999.0 -9999.0 -9999.0 -9999.0 -9999.0 -9999.0 -9999.0 -9999.0 -9999.0 -9999.0 -9999.0 -9999.0 -9999.0 -9999.0 -9999.0 -9999.0 -9999.0 -9999.0 -9999.0 -9999.0 -9999.0 -9999.0 -9999.0 -9999.0 -9999.0 -9999.0 -9999.0 -9999.0 -9999.0 -9999.0 -9999.0 -9999.0 -9999.0 -9999.0 -9999.0 -9999.0 -9999.0 -9999.0 -9999.0 -9999.0 -9999.0 -9999.0 -9999.0 -9999.0 -9999.0 236.2 257.1 163.9 189.9 182.7 135.9 102.3 147.3 156.5 138.5 127.2 146.4 158.2 196.5 243.8 273.6 270.0 276.2 326.2 351.6 370.4 329.2 265.4 210.3 178.5
-9999.0 -9999.0 -9999.0 -9999.0 -9999.0 -9999.0 -9999.0 -9999.0 -9999.0 -9999.0 -9999.0 -9999.0 -9999.0 -9999.0 -9999.0 -9999.0 -9999.0 -9999.0 -9999.0 -9999.0 -9999.0 -9999.0 -9999.0 -9999.0 -9999.0 -9999.0 -9999.0 -9999.0 -9999.0 -9999.0 -9999.0 -9999.0 -9999.0 -9999.0 -9999.0 -9999.0 -9999.0 -9999.0 -9999.0 -9999.0 -9999.0 -9999.0 -9999.0 -9999.0 -9999.0 -9999.0 -9999.0 -9999.0 -9999.0 -9999.0 286.1 242.6 204.1 269.5 141.1 128.0 214.0 166.1 191.7 111.0 133.8 151.7 160.7 196.3 243.8 258.4 272.1 278.8 287.0 364.1 325.5 354.9 223.2 193.2 122.9
-9999.0 -9999.0 -9999.0 -9999.0 -9999.0 -9999.0 -9999.0 -9999.0 -9999.0 -9999.0 -9999.0 -9999.0 -9999.0 -9999.0 -9999.0 -9999.0 -9999.0 -9999.0 -9999.0 -9999.0 -9999.0 -9999.0 -9999.0 -9999.0 -9999.0 -9999.0 -9999.0 -9999.0 -9999.0 -9999.0 -9999.0 -9999.0 -9999.0 -9999.0 -9999.0 -9999.0 -9999.0 -9999.0 -9999.0 -9999.0 -9999.0 -9999.0 -9999.0 -9999.0 -9999.0 -9999.0 -9999.0 -9999.0 -9999.0 -9999.0 356.0 346.2 273.9 242.5 202.1 234.3 132.6 184.3 179.6 97.7 132.6 121.9 105.4 176.3 225.7 237.3 252.1 272.9 308.4 185.5 247.9 236.5 205.8 162.7 100.4
-9999.0 -9999.0 -9999.0 -9999.0 -9999.0 -9999.0 -9999.0 -9999.0 -9999.0 -9999.0 -9999.0 -9999.0 -9999.0 -9999.0 -9999.0 -9999.0 -9999.0 -9999.0 -9999.0 -9999.0 -9999.0 -9999.0 -9999.0 -9999.0 -9999.0 -9999.0 -9999.0 -9999.0 -9999.0 -9999.0 -9999.0 -9999.0 -9999.0 -9999.0 -9999.0 -9999.0 -9999.0 -9999.0 -9999.0 -9999.0 -9999.0 -9999.0 -9999.0 -9999.0 -9999.0 -9999.0 -9999.0 -9999.0 -9999.0 -9999.0 -9999.0 -9999.0 -9999.0 276.6 219.7 185.7 190.2 218.7 124.7 117.3 294.0 87.3 195.9 187.3 214.5 224.0 257.6 228.2 249.5 226.1 195.3 180.7 160.0 124.6 99.3
-9999.0 -9999.0 -9999.0 -9999.0 -9999.0 -9999.0 -9999.0 -9999.0 -9999.0 -9999.0 -9999.0 -9999.0 -9999.0 -9999.0 -9999.0 -9999.0 -9999.0 -9999.0 -9999.0 -9999.0 -9999.0 -9999.0 -9999.0 -9999.0 -9999.0 -9999.0 -9999.0 -9999.0 -9999.0 -9999.0 -9999.0 -9999.0 -9999.0 -9999.0 -9999.0 -9999.0 -9999.0 -9999.0 -9999.0 -9999.0 -9999.0 -9999.0 -9999.0 -9999.0 -9999.0 -9999.0 -9999.0 -9999.0 -9999.0 -9999.0 -9999.0 -9999.0 -9999.0 315.5 229.9 369.2 190.0 160.8 205.8 334.5 205.9 138.1 293.5 186.6 206.6 214.1 170.1 261.7 189.0 181.2 162.9 162.7 154.2 122.1 97.2
-9999.0 -9999.0 -9999.0 -9999.0 -9999.0 -9999.0 -9999.0 -9999.0 -9999.0 -9999.0 -9999.0 -9999.0 -9999.0 -9999.0 -9999.0 -9999.0 -9999.0 -9999.0 -9999.0 -9999.0 -9999.0 -9999.0 -9999.0 -9999.0 -9999.0 -9999.0 -9999.0 -9999.0 -9999.0 -9999.0 -9999.0 -9999.0 -9999.0 -9999.0 -9999.0 -9999.0 -9999.0 -9999.0 -9999.0 -9999.0 -9999.0 -9999.0 -9999.0 -9999.0 -9999.0 -9999.0 -9999.0 -9999.0 -9999.0 -9999.0 -9999.0 -9999.0 -9999.0 338.6 191.5 261.6 215.8 185.9 238.7 256.8 347.8 307.4 416.8 399.0 170.6 -9999.0 -9999.0 -9999.0 238.7 197.6 201.6 207.0 174.3 121.9 100.6
-9999.0 -9999.0 -9999.0 -9999.0 -9999.0 -9999.0 -9999.0 -9999.0 -9999.0 -9999.0 -9999.0 -9999.0 -9999.0 -9999.0 -9999.0 -9999.0 -9999.0 -9999.0 -9999.0 -9999.0 -9999.0 -9999.0 -9999.0 -9999.0 -9999.0 -9999.0 -9999.0 -9999.0 -9999.0 -9999.0 -9999.0 -9999.0 -9999.0 -9999.0 -9999.0 -9999.0 -9999.0 -9999.0 -9999.0 -9999.0 -9999.0 -9999.0 -9999.0 -9999.0 -9999.0 -9999.0 -9999.0 -9999.0 -9999.0 -9999.0 -9999.0 -9999.0 -9999.0 -9999.0 282.8 233.0 143.1 136.2 263.2 397.1 209.0 -9999.0 -9999.0 -9999.0 -9999.0 -9999.0 -9999.0 -9999.0 237.9 270.0 307.1 248.0 179.6 116.2 90.9
-9999.0 -9999.0 -9999.0 -9999.0 -9999.0 -9999.0 -9999.0 -9999.0 -9999.0 -9999.0 -9999.0 -9999.0 -9999.0 -9999.0 -9999.0 -9999.0 -9999.0 -9999.0 -9999.0 -9999.0 -9999.0 -9999.0 -9999.0 -9999.0 -9999.0 -9999.0 -9999.0 -9999.0 -9999.0 -9999.0 -9999.0 -9999.0 -9999.0 -9999.0 -9999.0 -9999.0 -9999.0 -9999.0 -9999.0 -9999.0 -9999.0 -9999.0 -9999.0 -9999.0 -9999.0 -9999.0 -9999.0 -9999.0 -9999.0 -9999.0 -9999.0 -9999.0 -9999.0 -9999.0 -9999.0 212.5 351.2 204.5 183.5 285.8 274.6 -9999.0 -9999.0 -9999.0 -9999.0 -9999.0 -9999.0 -9999.0 -9999.0 -9999.0 302.3 -9999.0 -9999.0 -9999.0 -9999.0
