program/excelProcessViaJava/data/SURF_CLI_CHN_PRE_MON_GRID_0.5-198902.txt
NCOLS      128
NROWS       72
XLLCORNER    72.000000000000    
YLLCORNER    18.000000000000    
CELLSIZE    0.50000000000000    
NODATA_VALUE   -9999.000    
[rows 35 to 69 of 72, columns 0 to 78 of 128]
-9999.0 -9999.0 -9999.0 -9999.0 -9999.0 -9999.0 -9999.0 6.7 7.4 3.5 7.7 5.6 1.0 0.9 0.5 0.0 0.0 0.0 0.0 0.0 0.0 0.0 0.0 0.0 0.0 0.0 0.0 0.1 0.1 0.2 0.3 0.4 0.5 0.6 0.9 0.7 1.1 0.9 1.4 1.6 0.5 2.2 2.0 1.2 0.8 0.6 1.1 1.1 1.7 1.0 0.7 0.9 2.6 11.1 8.7 3.2 4.6 5.7 11.5 6.7 12.7 6.7 6.8 8.6 11.9 9.5 12.4 14.3 13.9 16.1 15.3 14.9 16.3 18.1 17.2 16.2 10.1 9.6 11.5
-9999.0 -9999.0 -9999.0 -9999.0 -9999.0 -9999.0 -9999.0 19.4 4.8 6.9 6.9 3.0 3.0 4.3 1.2 3.5 0.3 0.1 0.4 0.1 0.0 0.1 0.0 0.0 0.0 0.0 0.0 0.1 0.1 0.2 0.4 0.6 0.7 1.1 0.9 1.0 0.9 1.1 1.2 1.1 1.4 1.6 2.2 4.2 2.2 1.5 2.3 2.8 5.5 4.8 10.2 10.0 4.5 7.1 12.0 4.5 6.2 10.1 12.2 12.3 11.5 12.7 11.0 15.4 14.3 14.1 14.1 14.4 17.8 15.9 18.3 19.3 19.9 22.7 20.1 23.3 17.6 10.3 9.1
-9999.0 -9999.0 -9999.0 -9999.0 -9999.0 -9999.0 -9999.0 -9999.0 -9999.0 7.6 5.2 3.1 4.8 3.1 1.4 0.6 0.7 2.5 0.3 0.7 0.1 0.0 0.0 0.0 0.0 0.0 0.1 0.1 0.2 0.5 0.5 0.7 0.9 1.2 1.0 1.0 1.0 1.1 1.0 1.3 1.4 1.9 2.2 2.5 3.6 4.1 4.6 4.9 5.7 6.5 9.0 8.9 8.5 8.0 13.6 6.9 6.7 10.0 12.4 11.7 11.1 12.4 14.5 14.4 16.9 15.8 15.6 14.1 17.5 16.6 20.7 22.1 22.0 25.0 28.9 18.3 14.8 12.3 13.7
-9999.0 -9999.0 -9999.0 -9999.0 -9999.0 -9999.0 -9999.0 -9999.0 -9999.0 -9999.0 -9999.0 7.7 1.9 4.8 2.1 1.8 0.9 0.4 0.1 0.1 0.1 0.0 0.0 0.0 0.1 0.1 0.1 0.2 0.4 0.5 0.8 1.4 1.3 1.4 1.3 1.6 1.2 1.2 2.2 1.5 2.2 2.2 2.5 3.0 5.3 4.7 7.2 6.3 7.4 7.6 6.9 8.2 9.8 12.9 16.0 12.2 9.5 12.3 13.1 13.0 13.5 11.9 11.8 13.4 14.9 14.2 11.4 12.6 14.2 17.6 21.8 25.2 25.4 24.5 22.2 20.9 19.6 19.5 23.2
-9999.0 -9999.0 -9999.0 -9999.0 -9999.0 -9999.0 -9999.0 -9999.0 -9999.0 -9999.0 -9999.0 -9999.0 2.8 1.9 3.2 1.3 2.7 0.6 0.3 0.6 0.0 0.0 0.0 0.0 0.3 0.1 0.1 0.3 0.5 1.2 1.3 1.6 1.9 2.1 2.0 1.7 2.2 1.6 1.5 1.6 1.9 2.4 3.1 4.5 5.4 6.6 7.9 6.6 7.1 7.5 9.6 10.3 10.1 10.2 12.3 12.8 13.0 16.1 14.4 18.4 17.0 17.1 16.2 14.2 12.5 16.3 12.7 14.1 15.6 19.1 24.0 35.6 35.8 31.9 28.5 39.0 31.4 32.4 38.4
-9999.0 -9999.0 -9999.0 -9999.0 -9999.0 -9999.0 -9999.0 -9999.0 -9999.0 -9999.0 -9999.0 -9999.0 8.9 1.9 1.0 1.8 0.4 0.3 0.5 0.1 0.1 0.1 0.0 0.0 0.0 0.1 0.1 0.2 0.6 1.0 1.7 2.5 2.6 2.6 2.4 2.1 2.2 2.3 2.3 2.4 2.6 3.2 4.9 4.9 6.9 8.8 8.1 7.7 6.5 7.5 7.3 8.1 7.5 9.6 7.7 10.7 11.1 15.7 18.2 20.1 18.6 17.2 18.0 18.7 9.0 13.9 7.0 11.9 15.0 18.9 23.3 31.0 35.5 29.8 34.2 37.0 39.6 46.2 51.6
-9999.0 -9999.0 -9999.0 -9999.0 -9999.0 -9999.0 -9999.0 -9999.0 -9999.0 -9999.0 -9999.0 -9999.0 -9999.0 3.6 4.7 0.7 0.9 0.2 0.1 0.0 0.0 0.0 0.0 0.0 0.0 0.1 0.3 0.7 0.9 1.5 2.1 2.8 3.4 3.4 2.8 2.4 2.2 2.5 4.4 3.9 4.4 5.4 5.9 7.9 7.8 8.1 9.5 9.8 9.3 8.2 7.4 6.0 5.7 10.9 10.3 10.3 11.2 16.2 21.5 22.5 20.1 16.6 17.3 11.6 2.0 7.3 14.0 19.9 24.7 23.9 27.1 21.8 21.1 28.0 39.5 42.6 48.0 55.1 64.3
-9999.0 -9999.0 -9999.0 -9999.0 -9999.0 -9999.0 -9999.0 -9999.0 -9999.0 -9999.0 -9999.0 -9999.0 6.3 8.0 4.5 1.3 2.2 0.5 0.2 0.0 0.0 0.0 0.0 0.0 0.0 0.1 0.2 0.4 0.9 1.6 2.5 3.4 4.1 3.9 3.4 2.8 2.7 2.7 3.4 4.5 7.0 9.4 11.1 7.5 8.9 9.7 9.3 8.0 7.9 7.3 7.4 7.7 5.5 7.4 7.5 8.9 13.0 11.3 18.0 18.2 16.2 15.7 15.2 18.1 13.8 10.4 10.7 20.8 28.5 26.9 22.2 15.4 15.5 21.8 31.7 45.6 60.5 74.0 81.7
-9999.0 -9999.0 -9999.0 -9999.0 -9999.0 -9999.0 -9999.0 -9999.0 -9999.0 -9999.0 -9999.0 -9999.0 10.7 3.1 2.5 6.5 3.0 0.2 0.1 0.1 0.0 0.0 0.1 0.1 0.1 0.1 0.2 0.4 0.8 1.5 2.6 3.8 4.6 4.7 3.9 2.9 2.7 3.1 4.2 5.5 6.8 7.1 7.3 7.9 8.8 9.8 11.6 10.3 8.7 5.4 5.0 5.8 4.7 5.1 6.3 6.8 10.3 13.7 14.1 17.3 17.3 17.6 13.3 11.2 9.9 7.8 14.2 15.5 16.0 14.7 13.2 13.0 18.5 35.3 49.8 50.3 66.3 67.1 83.9
-9999.0 -9999.0 -9999.0 -9999.0 -9999.0 -9999.0 -9999.0 -9999.0 -9999.0 -9999.0 -9999.0 -9999.0 5.5 7.5 2.3 1.6 0.7 1.9 0.3 0.2 0.6 0.6 0.1 0.3 0.3 0.5 0.5 0.9 0.8 1.3 2.3 3.7 5.0 5.4 4.4 3.0 2.7 3.4 5.0 7.1 8.1 7.1 10.4 5.6 8.5 12.2 13.1 9.7 6.3 5.5 4.8 3.5 8.6 10.2 8.3 5.5 9.4 12.7 14.9 12.9 13.6 14.2 19.6 11.9 5.9 10.1 11.7 13.0 14.7 17.0 19.2 22.6 31.2 49.8 93.6 64.3 82.7 63.2 69.9
-9999.0 -9999.0 -9999.0 -9999.0 -9999.0 -9999.0 -9999.0 -9999.0 -9999.0 -9999.0 -9999.0 -9999.0 -9999.0 18.3 10.4 2.4 1.6 0.6 1.1 1.2 3.9 0.9 1.5 1.8 1.0 1.1 0.9 0.7 0.8 0.9 1.7 2.8 4.2 4.9 3.9 2.6 2.5 3.6 5.4 7.2 8.3 12.4 14.5 12.0 7.8 9.0 12.1 7.0 9.9 7.2 3.3 5.2 3.8 2.8 8.1 10.6 6.1 8.4 13.0 18.3 16.4 25.3 17.6 10.4 10.4 10.3 13.5 16.8 21.5 25.2 29.4 30.3 37.1 35.6 54.0 54.8 57.1 58.4 61.7
-9999.0 -9999.0 -9999.0 -9999.0 -9999.0 -9999.0 -9999.0 -9999.0 -9999.0 -9999.0 -9999.0 -9999.0 -9999.0 7.5 13.1 4.4 7.6 1.6 1.4 2.1 6.6 6.0 6.2 4.8 3.2 3.0 2.3 1.3 0.8 1.6 1.2 1.6 2.4 3.2 2.6 2.1 2.2 3.2 5.0 10.1 8.7 10.2 11.2 12.0 20.7 12.9 13.1 8.8 8.6 6.3 5.9 1.1 3.1 6.6 10.5 10.0 6.7 8.4 13.3 9.0 16.1 14.3 14.7 14.2 12.2 12.5 17.5 23.7 28.5 33.3 34.3 31.5 30.3 38.4 50.4 62.9 76.5 59.9 68.1
-9999.0 -9999.0 -9999.0 -9999.0 -9999.0 -9999.0 -9999.0 -9999.0 -9999.0 -9999.0 -9999.0 -9999.0 -9999.0 -9999.0 -9999.0 8.9 5.7 6.4 4.6 4.3 10.1 8.4 9.2 10.2 10.1 8.3 8.6 3.7 3.4 0.5 0.4 0.4 1.5 1.6 1.4 2.0 2.9 2.1 3.4 5.6 10.9 14.0 13.6 12.4 8.1 8.8 14.3 9.6 11.4 4.2 3.8 10.0 2.6 3.8 1.0 7.7 9.4 1.5 13.6 15.9 11.9 12.4 13.5 14.7 15.8 17.8 22.5 28.9 31.9 30.5 30.4 27.7 37.8 45.7 50.4 76.0 75.4 83.6 69.2
-9999.0 -9999.0 -9999.0 -9999.0 -9999.0 -9999.0 -9999.0 -9999.0 -9999.0 -9999.0 -9999.0 -9999.0 -9999.0 -9999.0 -9999.0 -9999.0 -9999.0 33.3 12.5 -9999.0 14.3 20.8 20.4 22.0 22.5 18.9 17.8 9.2 3.1 1.7 0.2 0.1 1.3 0.4 0.8 0.5 2.8 0.7 2.0 4.2 7.9 16.2 13.3 11.2 7.7 10.8 21.7 24.3 12.3 12.4 6.1 4.4 4.6 7.7 10.5 11.6 5.8 12.1 11.0 12.7 8.3 12.3 14.8 19.4 22.5 22.8 24.8 26.3 27.3 25.5 26.8 34.5 45.6 44.3 61.6 81.3 82.3 84.0 91.0
-9999.0 -9999.0 -9999.0 -9999.0 -9999.0 -9999.0 -9999.0 -9999.0 -9999.0 -9999.0 -9999.0 -9999.0 -9999.0 -9999.0 -9999.0 -9999.0 -9999.0 -9999.0 -9999.0 -9999.0 -9999.0 38.2 43.9 50.8 44.6 40.8 31.3 19.5 9.1 2.3 0.3 0.1 0.1 0.3 0.5 0.3 0.2 0.3 0.3 0.1 0.2 17.1 20.4 17.1 9.7 17.9 47.0 21.5 36.3 84.2 20.1 34.1 29.6 16.0 16.5 18.1 14.2 6.6 16.8 9.2 9.2 15.0 16.3 23.8 29.1 27.3 26.2 23.9 24.5 22.5 23.5 34.7 42.0 48.5 67.0 85.1 98.1 116.2 127.2
-9999.0 -9999.0 -9999.0 -9999.0 -9999.0 -9999.0 -9999.0 -9999.0 -9999.0 -9999.0 -9999.0 -9999.0 -9999.0 -9999.0 -9999.0 -9999.0 -9999.0 -9999.0 -9999.0 -9999.0 -9999.0 -9999.0 -9999.0 97.4 82.9 77.5 64.3 44.4 26.8 10.7 3.9 2.2 6.7 2.8 4.0 2.8 4.5 1.5 7.7 14.6 15.3 26.3 12.9 8.3 13.3 61.3 32.9 37.0 49.8 61.8 47.1 53.8 53.6 51.2 33.1 11.6 13.1 14.0 5.8 8.6 12.4 20.2 24.2 18.4 20.9 25.4 26.7 24.5 20.8 22.8 31.6 38.4 44.9 57.5 74.2 93.4 101.4 116.3 140.0
-9999.0 -9999.0 -9999.0 -9999.0 -9999.0 -9999.0 -9999.0 -9999.0 -9999.0 -9999.0 -9999.0 -9999.0 -9999.0 -9999.0 -9999.0 -9999.0 -9999.0 -9999.0 -9999.0 -9999.0 -9999.0 -9999.0 -9999.0 -9999.0 -9999.0 173.6 131.3 91.5 64.7 58.2 25.2 12.2 10.1 11.4 8.8 14.5 31.1 10.5 25.4 18.3 38.6 18.5 5.4 10.1 39.4 77.5 71.7 141.2 63.8 88.5 86.0 95.5 95.0 87.8 52.9 25.4 15.9 8.3 9.6 8.5 11.3 16.6 18.4 10.4 12.9 19.8 25.0 25.9 29.0 34.5 36.2 42.4 43.2 58.3 70.7 85.9 90.9 98.1 111.7
-9999.0 -9999.0 -9999.0 -9999.0 -9999.0 -9999.0 -9999.0 -9999.0 -9999.0 -9999.0 -9999.0 -9999.0 -9999.0 -9999.0 -9999.0 -9999.0 -9999.0 -9999.0 -9999.0 -9999.0 -9999.0 -9999.0 -9999.0 -9999.0 -9999.0 -9999.0 -9999.0 212.9 181.3 97.9 65.3 47.3 49.1 34.1 33.2 28.2 22.6 20.9 10.3 22.9 39.6 10.4 13.3 37.7 56.5 87.2 123.8 157.3 193.3 164.0 251.7 276.3 149.4 128.7 75.2 36.7 13.9 7.7 7.8 6.8 4.2 11.9 6.6 6.0 9.4 12.1 23.9 30.9 33.3 34.9 36.3 46.1 38.4 52.7 62.7 72.2 79.6 84.4 94.9
-9999.0 -9999.0 -9999.0 -9999.0 -9999.0 -9999.0 -9999.0 -9999.0 -9999.0 -9999.0 -9999.0 -9999.0 -9999.0 -9999.0 -9999.0 -9999.0 -9999.0 -9999.0 -9999.0 -9999.0 -9999.0 -9999.0 -9999.0 -9999.0 -9999.0 -9999.0 -9999.0 -9999.0 -9999.0 -9999.0 -9999.0 -9999.0 -9999.0 84.1 66.8 -9999.0 -9999.0 -9999.0 23.9 26.0 16.7 18.7 20.8 49.6 73.5 92.9 -9999.0 -9999.0 -9999.0 -9999.0 -9999.0 -9999.0 212.7 121.8 97.1 37.5 9.3 2.5 2.2 2.7 4.8 8.4 6.2 4.6 4.5 9.4 21.9 35.2 36.9 31.6 28.4 39.3 48.7 48.8 66.0 71.0 85.9 80.2 84.6
-9999.0 -9999.0 -9999.0 -9999.0 -9999.0 -9999.0 -9999.0 -9999.0 -9999.0 -9999.0 -9999.0 -9999.0 -9999.0 -9999.0 -9999.0 -9999.0 -9999.0 -9999.0 -9999.0 -9999.0 -9999.0 -9999.0 -9999.0 -9999.0 -9999.0 -9999.0 -9999.0 -9999.0 -9999.0 -9999.0 -9999.0 -9999.0 -9999.0 -9999.0 -9999.0 -9999.0 -9999.0 -9999.0 -9999.0 54.2 48.4 48.3 51.9 58.7 -9999.0 -9999.0 -9999.0 -9999.0 -9999.0 -9999.0 -9999.0 -9999.0 172.8 109.2 66.6 28.5 5.4 0.8 0.6 1.5 3.6 6.5 7.6 5.3 6.2 10.2 20.5 28.5 28.0 32.7 38.0 42.6 41.0 62.2 68.4 80.3 88.0 89.6 90.1
-9999.0 -9999.0 -9999.0 -9999.0 -9999.0 -9999.0 -9999.0 -9999.0 -9999.0 -9999.0 -9999.0 -9999.0 -9999.0 -9999.0 -9999.0 -9999.0 -9999.0 -9999.0 -9999.0 -9999.0 -9999.0 -9999.0 -9999.0 -9999.0 -9999.0 -9999.0 -9999.0 -9999.0 -9999.0 -9999.0 -9999.0 -9999.0 -9999.0 -9999.0 -9999.0 -9999.0 -9999.0 -9999.0 -9999.0 -9999.0 -9999.0 -9999.0 -9999.0 -9999.0 -9999.0 -9999.0 -9999.0 -9999.0 -9999.0 -9999.0 -9999.0 -9999.0 106.0 89.4 49.0 22.4 3.9 0.6 0.3 0.9 2.5 6.4 12.7 8.6 8.6 11.6 17.5 20.2 20.4 26.1 37.5 50.2 79.8 66.6 73.4 83.0 93.2 98.0 102.8
-9999.0 -9999.0 -9999.0 -9999.0 -9999.0 -9999.0 -9999.0 -9999.0 -9999.0 -9999.0 -9999.0 -9999.0 -9999.0 -9999.0 -9999.0 -9999.0 -9999.0 -9999.0 -9999.0 -9999.0 -9999.0 -9999.0 -9999.0 -9999.0 -9999.0 -9999.0 -9999.0 -9999.0 -9999.0 -9999.0 -9999.0 -9999.0 -9999.0 -9999.0 -9999.0 -9999.0 -9999.0 -9999.0 -9999.0 -9999.0 -9999.0 -9999.0 -9999.0 -9999.0 -9999.0 -9999.0 -9999.0 -9999.0 -9999.0 -9999.0 -9999.0 66.7 59.7 61.9 25.3 15.5 5.5 2.0 0.8 0.2 2.1 5.2 12.0 14.3 13.8 16.2 16.6 10.7 17.0 22.7 35.9 48.9 47.0 50.1 68.0 81.9 91.8 99.9 98.7
-9999.0 -9999.0 -9999.0 -9999.0 -9999.0 -9999.0 -9999.0 -9999.0 -9999.0 -9999.0 -9999.0 -9999.0 -9999.0 -9999.0 -9999.0 -9999.0 -9999.0 -9999.0 -9999.0 -9999.0 -9999.0 -9999.0 -9999.0 -9999.0 -9999.0 -9999.0 -9999.0 -9999.0 -9999.0 -9999.0 -9999.0 -9999.0 -9999.0 -9999.0 -9999.0 -9999.0 -9999.0 -9999.0 -9999.0 -9999.0 -9999.0 -9999.0 -9999.0 -9999.0 -9999.0 -9999.0 -9999.0 -9999.0 -9999.0 -9999.0 36.7 43.0 41.2 38.3 23.0 17.5 10.6 5.6 2.6 1.4 0.9 3.9 9.3 15.2 15.1 15.2 17.4 12.2 21.1 24.8 39.2 37.9 43.3 61.2 73.5 81.0 83.4 88.7 99.0
-9999.0 -9999.0 -9999.0 -9999.0 -9999.0 -9999.0 -9999.0 -9999.0 -9999.0 -9999.0 -9999.0 -9999.0 -9999.0 -9999.0 -9999.0 -9999.0 -9999.0 -9999.0 -9999.0 -9999.0 -9999.0 -9999.0 -9999.0 -9999.0 -9999.0 -9999.0 -9999.0 -9999.0 -9999.0 -9999.0 -9999.0 -9999.0 -9999.0 -9999.0 -9999.0 -9999.0 -9999.0 -9999.0 -9999.0 -9999.0 -9999.0 -9999.0 -9999.0 -9999.0 -9999.0 -9999.0 -9999.0 -9999.0 -9999.0 -9999.0 15.5 30.2 18.0 24.5 24.0 21.0 16.1 11.4 6.2 2.6 1.1 1.6 3.7 8.2 9.8 9.2 11.3 9.2 18.3 27.6 42.2 47.6 51.4 58.1 62.6 66.5 72.1 82.6 85.0
-9999.0 -9999.0 -9999.0 -9999.0 -9999.0 -9999.0 -9999.0 -9999.0 -9999.0 -9999.0 -9999.0 -9999.0 -9999.0 -9999.0 -9999.0 -9999.0 -9999.0 -9999.0 -9999.0 -9999.0 -9999.0 -9999.0 -9999.0 -9999.0 -9999.0 -9999.0 -9999.0 -9999.0 -9999.0 -9999.0 -9999.0 -9999.0 -9999.0 -9999.0 -9999.0 -9999.0 -9999.0 -9999.0 -9999.0 -9999.0 -9999.0 -9999.0 -9999.0 -9999.0 -9999.0 -9999.0 -9999.0 -9999.0 -9999.0 -9999.0 3.7 6.1 6.9 20.1 17.3 19.1 16.6 12.7 8.3 3.7 2.7 2.2 3.2 4.3 6.7 6.9 7.6 9.0 15.7 39.4 44.4 68.4 51.0 59.1 50.0 52.7 54.7 60.6 54.2
-9999.0 -9999.0 -9999.0 -9999.0 -9999.0 -9999.0 -9999.0 -9999.0 -9999.0 -9999.0 -9999.0 -9999.0 -9999.0 -9999.0 -9999.0 -9999.0 -9999.0 -9999.0 -9999.0 -9999.0 -9999.0 -9999.0 -9999.0 -9999.0 -9999.0 -9999.0 -9999.0 -9999.0 -9999.0 -9999.0 -9999.0 -9999.0 -9999.0 -9999.0 -9999.0 -9999.0 -9999.0 -9999.0 -9999.0 -9999.0 -9999.0 -9999.0 -9999.0 -9999.0 -9999.0 -9999.0 -9999.0 -9999.0 -9999.0 -9999.0 0.7 3.3 3.5 7.6 9.9 12.0 6.8 7.0 5.0 2.1 4.5 4.5 4.5 6.5 8.4 8.9 12.7 15.7 31.6 19.4 40.5 47.4 51.3 49.6 38.2 40.0 38.6 33.6 24.7
-9999.0 -9999.0 -9999.0 -9999.0 -9999.0 -9999.0 -9999.0 -9999.0 -9999.0 -9999.0 -9999.0 -9999.0 -9999.0 -9999.0 -9999.0 -9999.0 -9999.0 -9999.0 -9999.0 -9999.0 -9999.0 -9999.0 -9999.0 -9999.0 -9999.0 -9999.0 -9999.0 -9999.0 -9999.0 -9999.0 -9999.0 -9999.0 -9999.0 -9999.0 -9999.0 -9999.0 -9999.0 -9999.0 -9999.0 -9999.0 -9999.0 -9999.0 -9999.0 -9999.0 -9999.0 -9999.0 -9999.0 -9999.0 -9999.0 -9999.0 -9999.0 -9999.0 -9999.0 1.1 2.1 2.6 2.4 2.2 0.2 0.6 10.8 5.9 16.9 13.8 13.0 12.5 20.0 16.4 31.6 36.1 32.4 32.3 34.3 34.1 33.1 31.8 29.1 21.3 13.2
-9999.0 -9999.0 -9999.0 -9999.0 -9999.0 -9999.0 -9999.0 -9999.0 -9999.0 -9999.0 -9999.0 -9999.0 -9999.0 -9999.0 -9999.0 -9999.0 -9999.0 -9999.0 -9999.0 -9999.0 -9999.0 -9999.0 -9999.0 -9999.0 -9999.0 -9999.0 -9999.0 -9999.0 -9999.0 -9999.0 -9999.0 -9999.0 -9999.0 -9999.0 -9999.0 -9999.0 -9999.0 -9999.0 -9999.0 -9999.0 -9999.0 -9999.0 -9999.0 -9999.0 -9999.0 -9999.0 -9999.0 -9999.0 -9999.0 -9999.0 -9999.0 -9999.0 -9999.0 0.1 0.2 1.1 0.3 0.1 0.2 3.1 4.0 9.5 26.4 20.5 19.9 18.5 13.2 31.6 22.9 24.3 19.6 20.7 24.9 27.8 29.4 31.1 26.1 20.1 13.2
-9999.0 -9999.0 -9999.0 -9999.0 -9999.0 -9999.0 -9999.0 -9999.0 -9999.0 -9999.0 -9999.0 -9999.0 -9999.0 -9999.0 -9999.0 -9999.0 -9999.0 -9999.0 -9999.0 -9999.0 -9999.0 -9999.0 -9999.0 -9999.0 -9999.0 -9999.0 -9999.0 -9999.0 -9999.0 -9999.0 -9999.0 -9999.0 -9999.0 -9999.0 -9999.0 -9999.0 -9999.0 -9999.0 -9999.0 -9999.0 -9999.0 -9999.0 -9999.0 -9999.0 -9999.0 -9999.0 -9999.0 -9999.0 -9999.0 -9999.0 -9999.0 -9999.0 -9999.0 0.0 0.0 0.1 0.1 0.1 0.4 1.5 8.0 17.8 35.3 41.7 25.5 -9999.0 -9999.0 -9999.0 30.3 19.9 18.7 21.4 22.9 23.5 24.9 26.1 20.2 17.2 14.2
-9999.0 -9999.0 -9999.0 -9999.0 -9999.0 -9999.0 -9999.0 -9999.0 -9999.0 -9999.0 -9999.0 -9999.0 -9999.0 -9999.0 -9999.0 -9999.0 -9999.0 -9999.0 -9999.0 -9999.0 -9999.0 -9999.0 -9999.0 -9999.0 -9999.0 -9999.0 -9999.0 -9999.0 -9999.0 -9999.0 -9999.0 -9999.0 -9999.0 -9999.0 -9999.0 -9999.0 -9999.0 -9999.0 -9999.0 -9999.0 -9999.0 -9999.0 -9999.0 -9999.0 -9999.0 -9999.0 -9999.0 -9999.0 -9999.0 -9999.0 -9999.0 -9999.0 -9999.0 -9999.0 0.0 0.1 0.1 0.5 1.6 5.9 11.1 -9999.0 -9999.0 -9999.0 -9999.0 -9999.0 -9999.0 -9999.0 22.3 24.3 30.0 20.3 19.0 19.3 17.1 13.2 9.7 7.7 6.7
-9999.0 -9999.0 -9999.0 -9999.0 -9999.0 -9999.0 -9999.0 -9999.0 -9999.0 -9999.0 -9999.0 -9999.0 -9999.0 -9999.0 -9999.0 -9999.0 -9999.0 -9999.0 -9999.0 -9999.0 -9999.0 -9999.0 -9999.0 -9999.0 -9999.0 -9999.0 -9999.0 -9999.0 -9999.0 -9999.0 -9999.0 -9999.0 -9999.0 -9999.0 -9999.0 -9999.0 -9999.0 -9999.0 -9999.0 -9999.0 -9999.0 -9999.0 -9999.0 -9999.0 -9999.0 -9999.0 -9999.0 -9999.0 -9999.0 -9999.0 -9999.0 -9999.0 -9999.0 -9999.0 -9999.0 0.1 0.6 1.4 4.2 9.7 17.6 -9999.0 -9999.0 -9999.0 -9999.0 -9999.0 -9999.0 -9999.0 -9999.0 -9999.0 19.2 -9999.0 -9999.0 -9999.0 -9999.0 -9999.0 4.2 -9999.0 -9999.0
-9999.0 -9999.0 -9999.0 -9999.0 -9999.0 -9999.0 -9999.0 -9999.0 -9999.0 -9999.0 -9999.0 -9999.0 -9999.0 -9999.0 -9999.0 -9999.0 -9999.0 -9999.0 -9999.0 -9999.0 -9999.0 -9999.0 -9999.0 -9999.0 -9999.0 -9999.0 -9999.0 -9999.0 -9999.0 -9999.0 -9999.0 -9999.0 -9999.0 -9999.0 -9999.0 -9999.0 -9999.0 -9999.0 -9999.0 -9999.0 -9999.0 -9999.0 -9999.0 -9999.0 -9999.0 -9999.0 -9999.0 -9999.0 -9999.0 -9999.0 -9999.0 -9999.0 -9999.0 -9999.0 -9999.0 -9999.0 -9999.0 -9999.0 7.5 13.8 -9999.0 -9999.0 -9999.0 -9999.0 -9999.0 -9999.0 -9999.0 -9999.0 -9999.0 -9999.0 -9999.0 -9999.0 -9999.0 -9999.0 -9999.0 5.5 4.0 -9999.0 -9999.0
-9999.0 -9999.0 -9999.0 -9999.0 -9999.0 -9999.0 -9999.0 -9999.0 -9999.0 -9999.0 -9999.0 -9999.0 -9999.0 -9999.0 -9999.0 -9999.0 -9999.0 -9999.0 -9999.0 -9999.0 -9999.0 -9999.0 -9999.0 -9999.0 -9999.0 -9999.0 -9999.0 -9999.0 -9999.0 -9999.0 -9999.0 -9999.0 -9999.0 -9999.0 -9999.0 -9999.0 -9999.0 -9999.0 -9999.0 -9999.0 -9999.0 -9999.0 -9999.0 -9999.0 -9999.0 -9999.0 -9999.0 -9999.0 -9999.0 -9999.0 -9999.0 -9999.0 -9999.0 -9999.0 -9999.0 -9999.0 -9999.0 -9999.0 -9999.0 -9999.0 -9999.0 -9999.0 -9999.0 -9999.0 -9999.0 -9999.0 -9999.0 -9999.0 -9999.0 -9999.0 -9999.0 -9999.0 -9999.0 -9999.0 -9999.0 -9999.0 -9999.0 -9999.0 -9999.0
-9999.0 -9999.0 -9999.0 -9999.0 -9999.0 -9999.0 -9999.0 -9999.0 -9999.0 -9999.0 -9999.0 -9999.0 -9999.0 -9999.0 -9999.0 -9999.0 -9999.0 -9999.0 -9999.0 -9999.0 -9999.0 -9999.0 -9999.0 -9999.0 -9999.0 -9999.0 -9999.0 -9999.0 -9999.0 -9999.0 -9999.0 -9999.0 -9999.0 -9999.0 -9999.0 -9999.0 -9999.0 -9999.0 -9999.0 -9999.0 -9999.0 -9999.0 -9999.0 -9999.0 -9999.0 -9999.0 -9999.0 -9999.0 -9999.0 -9999.0 -9999.0 -9999.0 -9999.0 -9999.0 -9999.0 -9999.0 -9999.0 -9999.0 -9999.0 -9999.0 -9999.0 -9999.0 -9999.0 -9999.0 -9999.0 -9999.0 -9999.0 -9999.0 -9999.0 -9999.0 -9999.0 -9999.0 -9999.0 -9999.0 -9999.0 9.7 12.2 12.6 -9999.0
-9999.0 -9999.0 -9999.0 -9999.0 -9999.0 -9999.0 -9999.0 -9999.0 -9999.0 -9999.0 -9999.0 -9999.0 -9999.0 -9999.0 -9999.0 -9999.0 -9999.0 -9999.0 -9999.0 -9999.0 -9999.0 -9999.0 -9999.0 -9999.0 -9999.0 -9999.0 -9999.0 -9999.0 -9999.0 -9999.0 -9999.0 -9999.0 -9999.0 -9999.0 -9999.0 -9999.0 -9999.0 -9999.0 -9999.0 -9999.0 -9999.0 -9999.0 -9999.0 -9999.0 -9999.0 -9999.0 -9999.0 -9999.0 -9999.0 -9999.0 -9999.0 -9999.0 -9999.0 -9999.0 -9999.0 -9999.0 -9999.0 -9999.0 -9999.0 -9999.0 -9999.0 -9999.0 -9999.0 -9999.0 -9999.0 -9999.0 -9999.0 -9999.0 -9999.0 -9999.0 -9999.0 -9999.0 -9999.0 1.3 7.5 11.4 17.7 -9999.0 -9999.0
