program/excelProcessViaJava/data/SURF_CLI_CHN_PRE_MON_GRID_0.5-200707.txt
NCOLS      128
NROWS       72
XLLCORNER    72.000000000000    
YLLCORNER    18.000000000000    
CELLSIZE    0.50000000000000    
NODATA_VALUE   -9999.000    
[rows 33 to 65 of 72, columns 0 to 73 of 128]
-9999.0 -9999.0 -9999.0 -9999.0 57.2 88.3 108.7 82.7 79.4 28.4 41.0 29.6 18.0 6.5 4.6 4.5 3.8 3.9 5.7 10.0 15.4 21.0 26.3 34.5 42.8 51.5 57.1 36.9 53.6 53.5 53.5 57.3 57.8 53.6 52.2 45.8 38.1 35.8 28.8 18.5 9.9 6.7 6.5 7.2 8.8 10.8 13.7 19.4 26.8 28.4 36.3 55.1 65.7 79.2 60.2 74.3 88.0 118.9 123.4 139.8 132.6 112.6 97.8 62.1 38.0 47.3 45.4 17.8 33.3 26.2 24.0 33.2 49.0 70.2
-9999.0 -9999.0 -9999.0 -9999.0 71.6 63.6 95.1 66.3 105.8 99.7 50.8 82.1 62.0 56.7 18.0 16.8 16.9 9.2 8.3 13.4 25.8 35.7 44.3 49.0 41.4 38.0 46.9 49.6 54.6 58.2 61.6 60.7 63.9 62.4 58.6 53.9 48.6 44.3 34.7 24.2 25.0 13.0 11.0 9.1 8.7 8.5 8.5 9.1 11.2 17.4 25.7 36.7 61.0 52.1 48.1 59.7 75.1 98.7 117.9 93.3 114.5 75.0 62.7 62.5 45.7 28.0 48.0 33.0 33.6 42.4 34.5 47.5 74.5 111.0
-9999.0 -9999.0 -9999.0 -9999.0 -9999.0 -9999.0 -9999.0 66.0 80.6 67.1 86.7 80.0 57.8 57.0 51.4 15.3 30.3 20.0 21.1 32.2 38.7 38.4 38.8 41.1 44.3 47.8 50.0 53.7 58.1 60.3 65.0 68.5 70.7 69.8 67.3 64.1 60.1 54.2 51.9 48.2 32.8 43.9 39.0 28.0 18.1 10.6 12.6 11.3 16.6 15.8 21.3 32.9 48.5 83.3 80.5 51.9 58.8 75.7 118.3 107.0 119.6 75.7 60.2 58.7 66.7 45.7 55.0 59.0 51.9 53.4 52.6 68.8 101.9 139.5
-9999.0 -9999.0 -9999.0 -9999.0 -9999.0 -9999.0 -9999.0 87.7 49.4 69.1 70.9 57.9 57.7 59.0 47.1 50.3 38.9 36.2 37.5 35.4 36.4 36.9 39.5 42.0 46.0 50.0 55.1 57.6 65.9 72.0 73.7 77.5 80.1 79.3 79.3 76.2 71.5 67.7 62.5 56.5 53.1 49.6 48.2 55.1 35.7 22.6 25.2 26.6 42.8 40.8 65.8 67.5 56.1 68.2 94.2 62.7 69.2 92.7 119.7 127.9 113.1 101.1 80.1 80.1 73.8 71.7 72.9 74.3 82.8 77.5 82.4 98.1 125.7 153.9
-9999.0 -9999.0 -9999.0 -9999.0 -9999.0 -9999.0 -9999.0 -9999.0 -9999.0 57.0 52.1 45.1 52.3 46.5 38.9 33.9 35.4 38.5 33.7 34.5 34.0 35.9 38.9 42.5 47.0 52.8 57.9 64.4 72.7 76.1 85.7 88.9 91.7 92.3 92.3 89.4 85.0 80.8 74.2 70.2 63.8 62.4 57.8 51.7 53.2 49.8 48.3 47.2 50.8 55.1 66.3 67.3 70.0 75.9 105.8 86.8 83.2 101.3 128.0 126.2 119.7 119.4 118.9 88.7 98.1 95.7 96.6 105.1 111.2 112.0 113.6 123.8 148.6 171.1
-9999.0 -9999.0 -9999.0 -9999.0 -9999.0 -9999.0 -9999.0 -9999.0 -9999.0 -9999.0 -9999.0 49.2 28.7 42.2 34.2 33.6 30.5 28.8 28.6 30.1 32.2 33.8 37.0 41.6 45.7 52.7 59.5 67.6 76.5 85.5 92.9 97.4 103.1 105.3 105.6 104.8 100.7 96.0 96.2 84.7 82.4 74.9 69.1 64.8 74.2 63.1 75.0 66.4 71.5 71.5 67.1 73.3 82.9 103.1 129.4 132.7 125.5 135.1 130.6 123.8 122.0 114.7 111.6 109.1 119.8 100.0 112.8 131.6 134.6 133.2 133.9 147.1 174.6 201.4
-9999.0 -9999.0 -9999.0 -9999.0 -9999.0 -9999.0 -9999.0 -9999.0 -9999.0 -9999.0 -9999.0 -9999.0 25.0 23.1 31.3 25.3 31.8 26.5 26.7 30.6 28.2 31.7 35.5 40.3 47.1 54.0 63.1 72.3 82.7 91.5 101.5 109.0 114.4 117.6 119.5 119.3 119.3 113.5 105.7 96.8 89.7 85.5 83.2 86.4 85.5 88.0 92.5 82.3 85.0 86.5 98.1 100.4 102.7 115.0 141.5 160.7 163.6 160.5 124.2 126.6 115.0 118.6 121.8 119.9 104.7 130.5 124.8 140.6 143.9 147.0 145.9 161.0 195.5 217.3
-9999.0 -9999.0 -9999.0 -9999.0 -9999.0 -9999.0 -9999.0 -9999.0 -9999.0 -9999.0 -9999.0 -9999.0 35.2 15.8 13.2 22.9 16.4 19.8 25.5 25.6 27.4 31.3 34.7 38.9 45.3 54.6 65.2 76.5 89.1 100.7 111.3 119.7 125.9 129.9 132.5 133.0 134.2 132.2 126.0 117.1 106.4 100.7 105.9 99.2 107.2 114.8 109.4 106.6 96.1 105.1 103.2 111.5 113.4 138.6 150.9 175.3 167.8 156.5 126.1 112.4 107.0 110.5 118.6 126.7 94.7 114.4 121.6 134.0 136.5 157.8 204.6 253.4 288.9 317.2
-9999.0 -9999.0 -9999.0 -9999.0 -9999.0 -9999.0 -9999.0 -9999.0 -9999.0 -9999.0 -9999.0 -9999.0 -9999.0 18.2 24.9 11.4 18.1 15.9 17.2 19.9 24.3 26.2 33.7 36.6 45.0 58.6 70.5 85.3 97.5 110.4 121.0 129.9 137.6 141.4 142.2 144.0 145.5 146.1 146.9 138.3 129.1 124.9 120.6 126.1 123.7 125.1 134.2 139.7 139.3 132.8 126.5 117.1 123.1 164.6 174.2 180.1 169.6 157.1 145.5 117.5 106.3 108.2 114.9 107.2 83.7 101.1 127.5 150.9 164.9 204.2 266.9 343.2 401.7 396.2
-9999.0 -9999.0 -9999.0 -9999.0 -9999.0 -9999.0 -9999.0 -9999.0 -9999.0 -9999.0 -9999.0 -9999.0 16.4 24.6 20.5 12.6 22.1 18.1 19.4 16.4 19.8 24.2 30.8 36.4 44.2 61.6 73.9 87.9 104.2 120.4 132.2 139.4 148.7 149.3 150.7 150.8 155.2 155.2 153.7 148.4 147.3 146.0 145.8 132.3 137.6 143.0 146.3 147.7 151.7 148.2 149.5 154.1 141.0 160.3 164.6 170.7 173.8 147.3 137.8 120.0 110.2 109.6 115.5 121.0 109.3 104.1 172.6 187.2 212.5 273.9 363.3 463.8 456.7 333.0
-9999.0 -9999.0 -9999.0 -9999.0 -9999.0 -9999.0 -9999.0 -9999.0 -9999.0 -9999.0 -9999.0 -9999.0 20.3 6.4 9.8 26.3 22.9 12.6 14.3 21.3 18.9 27.3 32.3 38.9 45.7 57.2 74.2 92.4 111.6 126.5 139.6 150.1 158.0 153.3 151.4 151.8 153.5 158.9 159.7 152.5 147.2 141.1 138.1 138.6 140.6 145.5 155.1 158.5 161.2 150.1 144.3 154.5 143.0 143.3 151.8 150.8 161.7 158.0 146.1 133.4 124.4 122.2 125.9 109.5 95.9 143.7 150.6 256.6 338.3 426.9 494.5 516.5 475.4 486.2
-9999.0 -9999.0 -9999.0 -9999.0 -9999.0 -9999.0 -9999.0 -9999.0 -9999.0 -9999.0 -9999.0 -9999.0 2.6 14.3 5.2 8.8 9.9 23.4 18.3 21.7 33.7 39.5 36.3 48.9 55.4 77.6 90.4 117.3 122.4 139.2 151.5 167.0 161.0 155.3 150.3 147.7 149.6 155.5 157.9 156.4 151.1 144.8 150.3 132.8 138.4 146.4 150.0 145.4 141.0 144.9 147.4 138.6 179.1 185.1 170.4 140.9 155.9 158.1 152.3 147.0 141.6 137.1 135.9 107.1 87.7 221.2 258.7 308.4 388.1 483.0 501.2 500.7 479.0 498.9
-9999.0 -9999.0 -9999.0 -9999.0 -9999.0 -9999.0 -9999.0 -9999.0 -9999.0 -9999.0 -9999.0 -9999.0 -9999.0 25.9 21.2 8.9 12.8 12.9 23.4 29.9 47.6 38.5 51.7 64.9 63.9 82.8 99.7 116.6 143.6 147.8 172.6 173.9 173.2 160.0 151.0 148.1 145.8 150.6 155.0 154.9 153.4 156.4 156.8 150.3 132.9 126.7 132.2 110.8 136.0 138.5 128.0 161.1 161.8 148.9 177.1 174.1 150.2 154.1 155.3 154.8 148.1 157.7 142.2 80.7 171.2 226.8 278.2 322.7 418.7 459.0 450.3 385.9 393.0 273.5
-9999.0 -9999.0 -9999.0 -9999.0 -9999.0 -9999.0 -9999.0 -9999.0 -9999.0 -9999.0 -9999.0 -9999.0 -9999.0 0.9 19.3 9.1 24.8 13.0 18.5 28.2 51.7 58.3 69.5 75.4 69.6 95.3 118.7 129.8 154.0 196.0 196.4 192.4 176.7 164.9 154.5 143.2 138.6 145.0 148.6 149.4 153.4 156.1 156.0 149.5 147.4 126.8 118.7 98.2 106.8 114.4 139.9 125.8 166.9 186.8 193.5 181.9 163.1 160.0 161.4 147.1 155.9 134.9 99.1 124.2 154.3 201.8 258.0 339.9 421.1 455.7 383.7 302.8 265.5 295.8
-9999.0 -9999.0 -9999.0 -9999.0 -9999.0 -9999.0 -9999.0 -9999.0 -9999.0 -9999.0 -9999.0 -9999.0 -9999.0 -9999.0 -9999.0 10.4 10.3 20.2 20.5 22.4 49.8 49.3 58.7 77.3 99.9 118.1 164.9 171.3 206.8 195.2 208.2 198.1 196.0 173.8 149.2 143.2 136.9 140.4 143.1 144.9 145.9 150.0 152.2 147.0 130.8 110.9 107.6 83.0 100.5 77.9 115.1 167.9 169.5 188.4 176.8 190.2 182.9 164.8 173.6 172.2 131.7 122.2 124.9 110.5 132.0 195.1 286.5 413.3 485.4 391.1 308.8 247.5 290.0 344.2
-9999.0 -9999.0 -9999.0 -9999.0 -9999.0 -9999.0 -9999.0 -9999.0 -9999.0 -9999.0 -9999.0 -9999.0 -9999.0 -9999.0 -9999.0 -9999.0 -9999.0 0.0 2.2 -9999.0 17.2 58.4 53.1 70.0 113.3 132.3 186.3 195.9 197.4 230.6 218.6 192.7 204.5 156.2 133.0 127.3 129.4 144.2 134.7 137.5 140.6 142.1 147.0 144.6 149.9 116.8 123.5 111.4 83.3 103.4 89.1 136.3 141.2 199.8 208.9 207.0 196.4 193.3 185.0 181.2 139.0 137.2 129.9 134.0 151.8 211.9 323.8 413.5 458.2 358.7 312.4 251.3 309.3 354.1
-9999.0 -9999.0 -9999.0 -9999.0 -9999.0 -9999.0 -9999.0 -9999.0 -9999.0 -9999.0 -9999.0 -9999.0 -9999.0 -9999.0 -9999.0 -9999.0 -9999.0 -9999.0 -9999.0 -9999.0 -9999.0 40.7 71.2 121.2 120.9 110.9 142.8 175.6 210.2 205.2 217.8 170.9 166.9 152.6 130.6 121.8 117.5 128.2 150.9 182.6 183.8 136.3 139.2 140.3 164.7 121.2 156.7 95.8 119.7 175.6 121.2 173.0 191.8 192.3 212.9 216.5 212.0 203.9 205.5 190.5 173.6 160.8 146.6 168.7 219.9 271.8 357.7 390.8 426.9 342.3 259.3 246.3 312.4 398.1
-9999.0 -9999.0 -9999.0 -9999.0 -9999.0 -9999.0 -9999.0 -9999.0 -9999.0 -9999.0 -9999.0 -9999.0 -9999.0 -9999.0 -9999.0 -9999.0 -9999.0 -9999.0 -9999.0 -9999.0 -9999.0 -9999.0 -9999.0 26.0 96.9 115.4 143.0 183.4 240.9 224.0 232.7 219.2 212.6 167.2 146.3 124.4 116.3 122.1 119.0 122.0 130.3 131.1 147.0 161.6 181.9 201.4 141.8 118.0 117.2 118.8 119.8 164.8 165.6 196.1 209.7 225.4 218.4 214.8 224.3 201.6 207.2 190.3 170.9 172.4 203.0 276.8 329.3 328.0 252.7 263.7 211.1 248.2 333.0 423.6
-9999.0 -9999.0 -9999.0 -9999.0 -9999.0 -9999.0 -9999.0 -9999.0 -9999.0 -9999.0 -9999.0 -9999.0 -9999.0 -9999.0 -9999.0 -9999.0 -9999.0 -9999.0 -9999.0 -9999.0 -9999.0 -9999.0 -9999.0 -9999.0 -9999.0 14.7 93.1 253.0 261.4 284.3 254.2 202.3 174.9 161.9 133.9 126.8 123.1 118.9 115.2 131.5 124.2 145.6 241.3 217.6 234.4 218.8 195.7 192.0 126.8 135.4 153.1 160.9 186.6 199.8 211.4 230.6 224.4 228.6 215.6 208.2 198.9 185.8 197.6 184.9 202.3 244.2 245.1 207.0 202.0 201.5 204.9 244.6 328.4 395.5
-9999.0 -9999.0 -9999.0 -9999.0 -9999.0 -9999.0 -9999.0 -9999.0 -9999.0 -9999.0 -9999.0 -9999.0 -9999.0 -9999.0 -9999.0 -9999.0 -9999.0 -9999.0 -9999.0 -9999.0 -9999.0 -9999.0 -9999.0 -9999.0 -9999.0 -9999.0 -9999.0 15.5 27.7 135.3 154.1 153.6 203.2 131.8 136.0 144.2 126.9 136.7 187.2 155.1 141.1 197.2 256.1 256.1 247.1 232.8 217.0 207.9 200.0 176.7 183.7 183.7 181.6 197.2 215.3 224.4 262.5 270.3 223.2 219.8 219.5 185.3 141.4 135.8 147.9 175.9 211.2 207.2 205.8 207.8 212.2 240.6 280.6 326.8
-9999.0 -9999.0 -9999.0 -9999.0 -9999.0 -9999.0 -9999.0 -9999.0 -9999.0 -9999.0 -9999.0 -9999.0 -9999.0 -9999.0 -9999.0 -9999.0 -9999.0 -9999.0 -9999.0 -9999.0 -9999.0 -9999.0 -9999.0 -9999.0 -9999.0 -9999.0 -9999.0 -9999.0 -9999.0 -9999.0 -9999.0 -9999.0 -9999.0 102.4 130.2 -9999.0 -9999.0 -9999.0 205.1 190.0 232.9 255.6 252.9 252.6 238.2 237.1 -9999.0 -9999.0 -9999.0 -9999.0 -9999.0 -9999.0 192.0 203.3 225.4 264.8 283.9 315.8 269.6 268.5 233.2 202.5 153.5 139.6 150.0 177.9 219.7 254.3 253.9 239.3 237.1 249.1 266.6 234.6
-9999.0 -9999.0 -9999.0 -9999.0 -9999.0 -9999.0 -9999.0 -9999.0 -9999.0 -9999.0 -9999.0 -9999.0 -9999.0 -9999.0 -9999.0 -9999.0 -9999.0 -9999.0 -9999.0 -9999.0 -9999.0 -9999.0 -9999.0 -9999.0 -9999.0 -9999.0 -9999.0 -9999.0 -9999.0 -9999.0 -9999.0 -9999.0 -9999.0 -9999.0 -9999.0 -9999.0 -9999.0 -9999.0 -9999.0 167.2 192.8 209.8 222.6 233.5 -9999.0 -9999.0 -9999.0 -9999.0 -9999.0 -9999.0 -9999.0 -9999.0 201.0 212.5 220.4 247.2 284.0 301.9 312.2 308.4 280.8 241.4 214.9 176.3 205.1 228.8 270.5 301.5 306.8 309.9 299.2 289.3 239.3 187.6
-9999.0 -9999.0 -9999.0 -9999.0 -9999.0 -9999.0 -9999.0 -9999.0 -9999.0 -9999.0 -9999.0 -9999.0 -9999.0 -9999.0 -9999.0 -9999.0 -9999.0 -9999.0 -9999.0 -9999.0 -9999.0 -9999.0 -9999.0 -9999.0 -9999.0 -9999.0 -9999.0 -9999.0 -9999.0 -9999.0 -9999.0 -9999.0 -9999.0 -9999.0 -9999.0 -9999.0 -9999.0 -9999.0 -9999.0 -9999.0 -9999.0 -9999.0 -9999.0 -9999.0 -9999.0 -9999.0 -9999.0 -9999.0 -9999.0 -9999.0 -9999.0 -9999.0 200.8 223.2 213.4 225.6 225.9 233.7 257.3 291.7 310.1 286.2 288.4 235.6 255.2 269.5 305.5 343.6 362.7 369.1 363.4 333.4 280.1 148.2
-9999.0 -9999.0 -9999.0 -9999.0 -9999.0 -9999.0 -9999.0 -9999.0 -9999.0 -9999.0 -9999.0 -9999.0 -9999.0 -9999.0 -9999.0 -9999.0 -9999.0 -9999.0 -9999.0 -9999.0 -9999.0 -9999.0 -9999.0 -9999.0 -9999.0 -9999.0 -9999.0 -9999.0 -9999.0 -9999.0 -9999.0 -9999.0 -9999.0 -9999.0 -9999.0 -9999.0 -9999.0 -9999.0 -9999.0 -9999.0 -9999.0 -9999.0 -9999.0 -9999.0 -9999.0 -9999.0 -9999.0 -9999.0 -9999.0 -9999.0 -9999.0 282.9 253.7 233.0 181.9 186.9 176.8 185.2 197.6 245.3 308.9 321.0 271.9 266.1 283.5 314.1 339.0 313.9 381.0 386.8 383.3 333.2 214.7 119.5
-9999.0 -9999.0 -9999.0 -9999.0 -9999.0 -9999.0 -9999.0 -9999.0 -9999.0 -9999.0 -9999.0 -9999.0 -9999.0 -9999.0 -9999.0 -9999.0 -9999.0 -9999.0 -9999.0 -9999.0 -9999.0 -9999.0 -9999.0 -9999.0 -9999.0 -9999.0 -9999.0 -9999.0 -9999.0 -9999.0 -9999.0 -9999.0 -9999.0 -9999.0 -9999.0 -9999.0 -9999.0 -9999.0 -9999.0 -9999.0 -9999.0 -9999.0 -9999.0 -9999.0 -9999.0 -9999.0 -9999.0 -9999.0 -9999.0 -9999.0 301.6 344.3 302.4 255.7 215.0 189.7 166.7 169.3 178.1 236.3 291.1 310.8 272.5 275.3 295.1 333.3 360.5 335.5 368.3 343.6 349.6 266.9 193.1 147.2
-9999.0 -9999.0 -9999.0 -9999.0 -9999.0 -9999.0 -9999.0 -9999.0 -9999.0 -9999.0 -9999.0 -9999.0 -9999.0 -9999.0 -9999.0 -9999.0 -9999.0 -9999.0 -9999.0 -9999.0 -9999.0 -9999.0 -9999.0 -9999.0 -9999.0 -9999.0 -9999.0 -9999.0 -9999.0 -9999.0 -9999.0 -9999.0 -9999.0 -9999.0 -9999.0 -9999.0 -9999.0 -9999.0 -9999.0 -9999.0 -9999.0 -9999.0 -9999.0 -9999.0 -9999.0 -9999.0 -9999.0 -9999.0 -9999.0 -9999.0 318.1 370.9 366.2 297.7 248.1 217.8 234.7 195.3 205.7 227.9 238.5 243.7 218.8 242.4 278.1 302.2 321.1 279.0 293.2 281.4 289.2 248.8 193.1 148.8
-9999.0 -9999.0 -9999.0 -9999.0 -9999.0 -9999.0 -9999.0 -9999.0 -9999.0 -9999.0 -9999.0 -9999.0 -9999.0 -9999.0 -9999.0 -9999.0 -9999.0 -9999.0 -9999.0 -9999.0 -9999.0 -9999.0 -9999.0 -9999.0 -9999.0 -9999.0 -9999.0 -9999.0 -9999.0 -9999.0 -9999.0 -9999.0 -9999.0 -9999.0 -9999.0 -9999.0 -9999.0 -9999.0 -9999.0 -9999.0 -9999.0 -9999.0 -9999.0 -9999.0 -9999.0 -9999.0 -9999.0 -9999.0 -9999.0 -9999.0 290.5 366.6 356.3 311.1 283.5 264.8 247.1 259.9 260.3 257.5 243.8 234.8 215.8 207.8 238.4 253.1 254.5 231.3 221.8 280.2 245.3 277.8 174.8 158.1
-9999.0 -9999.0 -9999.0 -9999.0 -9999.0 -9999.0 -9999.0 -9999.0 -9999.0 -9999.0 -9999.0 -9999.0 -9999.0 -9999.0 -9999.0 -9999.0 -9999.0 -9999.0 -9999.0 -9999.0 -9999.0 -9999.0 -9999.0 -9999.0 -9999.0 -9999.0 -9999.0 -9999.0 -9999.0 -9999.0 -9999.0 -9999.0 -9999.0 -9999.0 -9999.0 -9999.0 -9999.0 -9999.0 -9999.0 -9999.0 -9999.0 -9999.0 -9999.0 -9999.0 -9999.0 -9999.0 -9999.0 -9999.0 -9999.0 -9999.0 330.4 360.8 340.8 317.2 293.0 289.6 310.2 319.1 336.6 325.6 326.5 284.6 216.7 215.9 221.2 216.5 230.7 225.5 262.1 146.0 204.0 194.6 175.6 147.4
-9999.0 -9999.0 -9999.0 -9999.0 -9999.0 -9999.0 -9999.0 -9999.0 -9999.0 -9999.0 -9999.0 -9999.0 -9999.0 -9999.0 -9999.0 -9999.0 -9999.0 -9999.0 -9999.0 -9999.0 -9999.0 -9999.0 -9999.0 -9999.0 -9999.0 -9999.0 -9999.0 -9999.0 -9999.0 -9999.0 -9999.0 -9999.0 -9999.0 -9999.0 -9999.0 -9999.0 -9999.0 -9999.0 -9999.0 -9999.0 -9999.0 -9999.0 -9999.0 -9999.0 -9999.0 -9999.0 -9999.0 -9999.0 -9999.0 -9999.0 -9999.0 -9999.0 -9999.0 292.7 289.5 298.4 318.1 353.0 366.1 422.6 544.4 368.8 400.7 279.7 225.9 193.2 219.7 166.1 210.2 198.7 169.9 160.2 148.4 123.2
-9999.0 -9999.0 -9999.0 -9999.0 -9999.0 -9999.0 -9999.0 -9999.0 -9999.0 -9999.0 -9999.0 -9999.0 -9999.0 -9999.0 -9999.0 -9999.0 -9999.0 -9999.0 -9999.0 -9999.0 -9999.0 -9999.0 -9999.0 -9999.0 -9999.0 -9999.0 -9999.0 -9999.0 -9999.0 -9999.0 -9999.0 -9999.0 -9999.0 -9999.0 -9999.0 -9999.0 -9999.0 -9999.0 -9999.0 -9999.0 -9999.0 -9999.0 -9999.0 -9999.0 -9999.0 -9999.0 -9999.0 -9999.0 -9999.0 -9999.0 -9999.0 -9999.0 -9999.0 269.5 264.8 338.9 306.9 319.7 425.8 644.2 622.7 467.2 578.1 319.6 240.5 181.9 102.7 192.1 115.0 124.9 132.1 164.1 179.2 153.2
-9999.0 -9999.0 -9999.0 -9999.0 -9999.0 -9999.0 -9999.0 -9999.0 -9999.0 -9999.0 -9999.0 -9999.0 -9999.0 -9999.0 -9999.0 -9999.0 -9999.0 -9999.0 -9999.0 -9999.0 -9999.0 -9999.0 -9999.0 -9999.0 -9999.0 -9999.0 -9999.0 -9999.0 -9999.0 -9999.0 -9999.0 -9999.0 -9999.0 -9999.0 -9999.0 -9999.0 -9999.0 -9999.0 -9999.0 -9999.0 -9999.0 -9999.0 -9999.0 -9999.0 -9999.0 -9999.0 -9999.0 -9999.0 -9999.0 -9999.0 -9999.0 -9999.0 -9999.0 249.1 212.7 303.1 319.5 334.1 447.3 567.0 754.6 687.3 719.9 568.3 209.0 -9999.0 -9999.0 -9999.0 126.4 102.3 165.8 259.1 289.2 231.5
-9999.0 -9999.0 -9999.0 -9999.0 -9999.0 -9999.0 -9999.0 -9999.0 -9999.0 -9999.0 -9999.0 -9999.0 -9999.0 -9999.0 -9999.0 -9999.0 -9999.0 -9999.0 -9999.0 -9999.0 -9999.0 -9999.0 -9999.0 -9999.0 -9999.0 -9999.0 -9999.0 -9999.0 -9999.0 -9999.0 -9999.0 -9999.0 -9999.0 -9999.0 -9999.0 -9999.0 -9999.0 -9999.0 -9999.0 -9999.0 -9999.0 -9999.0 -9999.0 -9999.0 -9999.0 -9999.0 -9999.0 -9999.0 -9999.0 -9999.0 -9999.0 -9999.0 -9999.0 -9999.0 248.7 276.2 251.0 266.9 449.6 662.1 462.6 -9999.0 -9999.0 -9999.0 -9999.0 -9999.0 -9999.0 -9999.0 100.6 161.5 301.2 371.5 385.9 293.0
-9999.0 -9999.0 -9999.0 -9999.0 -9999.0 -9999.0 -9999.0 -9999.0 -9999.0 -9999.0 -9999.0 -9999.0 -9999.0 -9999.0 -9999.0 -9999.0 -9999.0 -9999.0 -9999.0 -9999.0 -9999.0 -9999.0 -9999.0 -9999.0 -9999.0 -9999.0 -9999.0 -9999.0 -9999.0 -9999.0 -9999.0 -9999.0 -9999.0 -9999.0 -9999.0 -9999.0 -9999.0 -9999.0 -9999.0 -9999.0 -9999.0 -9999.0 -9999.0 -9999.0 -9999.0 -9999.0 -9999.0 -9999.0 -9999.0 -9999.0 -9999.0 -9999.0 -9999.0 -9999.0 -9999.0 232.2 380.9 313.9 313.9 468.4 473.3 -9999.0 -9999.0 -9999.0 -9999.0 -9999.0 -9999.0 -9999.0 -9999.0 -9999.0 329.3 -9999.0 -9999.0 -9999.0
