program/excelProcessViaJava/data/SURF_CLI_CHN_PRE_MON_GRID_0.5-199110.txt
NCOLS      128
NROWS       72
XLLCORNER    72.000000000000    
YLLCORNER    18.000000000000    
CELLSIZE    0.50000000000000    
NODATA_VALUE   -9999.000    
[rows 35 to 69 of 72, columns 0 to 78 of 128]
-9999.0 -9999.0 -9999.0 -9999.0 -9999.0 -9999.0 -9999.0 0.0 0.0 0.0 0.0 0.0 0.0 0.0 0.0 0.5 0.3 0.5 0.5 0.4 0.1 0.0 0.0 0.0 0.0 0.0 0.0 0.0 0.0 0.0 0.1 0.1 0.1 0.2 0.2 0.3 0.4 0.5 0.8 1.0 0.7 1.4 1.3 0.8 0.5 0.4 0.5 0.5 0.5 0.4 0.3 0.3 0.4 2.0 1.5 1.4 3.6 7.2 7.6 15.8 15.7 15.2 12.6 16.9 23.1 18.7 21.5 23.9 22.4 26.1 28.1 33.3 40.7 44.6 46.1 48.6 50.5 57.3 61.4
-9999.0 -9999.0 -9999.0 -9999.0 -9999.0 -9999.0 -9999.0 0.0 0.0 0.0 0.0 0.0 0.0 0.0 0.0 0.0 0.0 0.1 0.0 0.1 0.1 0.0 0.0 0.0 0.0 0.0 0.0 0.0 0.0 0.1 0.1 0.1 0.2 0.2 0.3 0.4 0.5 0.7 0.9 1.0 1.2 1.3 1.4 2.0 1.0 0.7 0.9 1.1 2.2 1.9 3.8 2.9 0.9 1.1 2.3 1.0 2.5 5.7 10.0 14.6 21.3 24.8 23.9 32.1 28.8 21.9 17.5 17.1 21.9 18.3 23.4 30.3 36.7 39.0 36.3 38.5 41.1 44.3 39.1
-9999.0 -9999.0 -9999.0 -9999.0 -9999.0 -9999.0 -9999.0 -9999.0 -9999.0 0.0 0.0 0.0 0.0 0.0 0.0 0.1 0.0 0.0 0.0 0.0 0.0 0.0 0.0 0.0 0.0 0.0 0.0 0.0 0.1 0.1 0.1 0.2 0.2 0.3 0.4 0.5 0.7 0.9 1.0 1.2 1.3 1.4 1.4 1.2 1.4 1.5 1.8 2.3 3.2 3.9 4.8 3.9 2.8 2.0 3.7 2.4 3.8 7.7 14.4 20.0 22.8 22.0 21.0 37.7 30.0 21.8 16.5 16.6 20.0 18.5 21.8 24.3 29.3 31.2 29.6 26.7 28.5 28.7 25.6
-9999.0 -9999.0 -9999.0 -9999.0 -9999.0 -9999.0 -9999.0 -9999.0 -9999.0 -9999.0 -9999.0 0.0 0.0 0.0 0.0 0.0 0.0 0.1 0.1 0.1 0.0 0.0 0.0 0.1 0.0 0.0 0.0 0.0 0.1 0.1 0.1 0.1 0.3 0.3 0.5 0.6 0.9 1.2 1.7 1.5 1.8 1.6 1.4 1.2 1.8 1.5 2.9 3.2 5.0 6.2 5.9 5.8 5.3 5.6 7.6 8.2 10.4 16.3 22.4 27.3 28.1 25.2 21.1 22.3 18.4 28.4 27.7 26.2 25.9 25.6 23.2 23.4 23.5 23.1 19.7 19.2 18.7 17.3 15.0
-9999.0 -9999.0 -9999.0 -9999.0 -9999.0 -9999.0 -9999.0 -9999.0 -9999.0 -9999.0 -9999.0 -9999.0 0.0 0.0 0.0 0.1 0.0 0.1 0.1 0.0 0.1 0.1 0.1 0.1 0.0 0.1 0.1 0.1 0.1 0.1 0.2 0.2 0.3 0.3 0.5 0.8 1.2 1.6 1.9 1.9 1.8 1.7 1.6 1.6 1.5 1.9 2.9 3.5 5.7 8.0 10.7 10.6 9.1 8.7 11.4 16.6 22.8 29.6 33.1 38.3 38.8 35.1 29.3 23.2 27.0 21.0 38.3 38.8 38.6 35.7 26.2 17.3 17.0 18.7 18.8 18.1 11.2 10.5 9.6
-9999.0 -9999.0 -9999.0 -9999.0 -9999.0 -9999.0 -9999.0 -9999.0 -9999.0 -9999.0 -9999.0 -9999.0 0.0 0.1 0.2 0.1 0.2 0.2 0.1 0.1 0.1 0.1 0.1 0.1 0.2 0.1 0.1 0.2 0.1 0.2 0.2 0.2 0.3 0.4 0.6 1.0 1.5 2.2 2.7 2.9 2.6 2.4 2.5 1.8 2.0 2.6 2.7 4.1 6.0 9.7 11.7 13.1 12.7 15.5 18.7 27.3 35.2 43.3 47.8 52.8 54.7 52.5 46.0 39.2 41.7 36.2 45.3 53.2 56.0 48.8 38.7 33.2 29.8 25.9 20.9 14.4 9.2 10.1 10.1
-9999.0 -9999.0 -9999.0 -9999.0 -9999.0 -9999.0 -9999.0 -9999.0 -9999.0 -9999.0 -9999.0 -9999.0 -9999.0 0.0 0.0 0.3 0.2 0.3 0.3 0.3 0.2 0.2 0.1 0.2 0.2 0.1 0.1 0.1 0.1 0.2 0.2 0.3 0.3 0.4 0.7 1.0 1.7 2.7 4.2 4.5 4.4 4.1 3.4 3.4 2.6 2.5 3.7 6.0 9.1 12.1 14.4 15.0 16.9 25.7 30.6 39.0 48.2 57.1 62.3 66.6 69.1 71.5 67.7 65.3 56.0 50.2 49.7 57.3 59.0 53.5 42.3 39.7 35.0 29.6 22.4 16.3 11.1 8.2 6.5
-9999.0 -9999.0 -9999.0 -9999.0 -9999.0 -9999.0 -9999.0 -9999.0 -9999.0 -9999.0 -9999.0 -9999.0 0.0 0.0 0.0 0.2 0.1 0.2 0.2 0.4 0.4 0.3 0.3 0.3 0.3 0.1 0.2 0.2 0.2 0.2 0.3 0.3 0.3 0.4 0.5 1.0 1.7 3.0 4.5 5.6 6.7 7.3 7.2 4.3 4.2 4.4 5.1 7.1 10.4 13.6 17.5 21.6 22.2 29.4 36.3 46.2 58.1 60.1 71.4 77.2 81.1 82.7 87.7 80.8 73.3 58.5 64.8 57.6 53.1 49.9 46.6 44.5 42.0 34.4 26.5 18.8 13.0 10.1 7.5
-9999.0 -9999.0 -9999.0 -9999.0 -9999.0 -9999.0 -9999.0 -9999.0 -9999.0 -9999.0 -9999.0 -9999.0 0.0 0.1 0.1 0.0 0.1 0.4 0.4 0.3 0.4 0.3 0.3 0.3 0.3 0.3 0.3 0.3 0.3 0.3 0.4 0.3 0.3 0.4 0.5 0.7 1.5 2.9 4.8 6.2 7.1 6.9 6.4 6.1 6.1 6.8 8.9 10.8 13.4 14.8 16.9 21.8 24.6 30.5 37.6 43.3 56.8 66.5 70.3 79.9 85.8 89.9 103.0 94.1 75.2 67.9 56.3 47.2 37.4 38.1 44.1 47.2 43.1 33.1 24.7 18.9 13.6 11.7 8.7
-9999.0 -9999.0 -9999.0 -9999.0 -9999.0 -9999.0 -9999.0 -9999.0 -9999.0 -9999.0 -9999.0 -9999.0 0.0 0.0 0.1 0.2 0.3 0.2 0.3 0.3 0.2 0.2 0.3 0.2 0.3 0.2 0.2 0.2 0.3 0.3 0.4 0.3 0.4 0.4 0.4 0.5 0.9 2.2 4.1 6.4 7.5 7.6 8.9 8.3 8.3 10.1 11.9 12.5 14.0 15.0 16.6 18.4 32.0 39.3 40.7 36.2 49.7 61.2 70.3 75.4 87.8 99.3 99.6 91.9 50.3 67.9 53.0 37.5 37.1 47.3 54.0 51.5 43.4 33.5 30.2 21.0 20.5 11.0 10.1
-9999.0 -9999.0 -9999.0 -9999.0 -9999.0 -9999.0 -9999.0 -9999.0 -9999.0 -9999.0 -9999.0 -9999.0 -9999.0 0.0 0.0 0.2 0.2 0.3 0.3 0.3 0.2 0.3 0.3 0.2 0.3 0.3 0.3 0.3 0.3 0.4 0.3 0.3 0.3 0.3 0.3 0.3 0.6 1.4 3.1 4.8 6.4 10.0 11.7 10.7 10.4 11.0 12.3 12.6 13.8 13.7 11.6 20.1 22.3 23.7 37.9 44.6 39.7 49.4 64.2 78.9 89.1 93.5 106.0 61.9 46.7 48.5 47.0 47.3 61.6 74.3 76.0 63.6 47.1 32.4 26.9 19.0 13.7 11.5 12.4
-9999.0 -9999.0 -9999.0 -9999.0 -9999.0 -9999.0 -9999.0 -9999.0 -9999.0 -9999.0 -9999.0 -9999.0 -9999.0 0.0 0.0 0.1 0.1 0.3 0.3 0.3 0.2 0.3 0.3 0.3 0.5 0.4 0.3 0.4 0.3 0.2 0.2 0.2 0.3 0.3 0.2 0.3 0.4 0.9 2.2 6.4 5.7 8.1 10.2 11.5 16.5 12.4 12.4 10.3 9.4 8.7 12.7 7.6 18.2 29.3 38.3 38.2 37.8 47.1 60.3 74.8 87.1 98.3 60.5 44.2 42.4 45.6 54.6 70.7 93.1 108.0 99.0 72.7 48.2 35.5 29.4 26.6 25.8 12.2 7.8
-9999.0 -9999.0 -9999.0 -9999.0 -9999.0 -9999.0 -9999.0 -9999.0 -9999.0 -9999.0 -9999.0 -9999.0 -9999.0 -9999.0 -9999.0 0.1 0.2 0.2 0.3 0.4 0.3 0.4 0.5 0.5 0.4 0.4 0.3 0.3 0.2 0.3 0.2 0.2 0.2 0.2 0.2 0.3 0.8 0.4 1.1 2.5 7.3 10.8 12.0 12.4 13.4 17.6 12.7 13.0 9.1 4.3 5.8 21.7 13.4 18.8 13.3 27.4 33.1 45.8 52.1 64.5 91.9 64.0 53.2 49.6 51.7 60.8 74.7 93.6 112.3 119.5 105.7 73.0 53.0 41.4 31.2 35.3 30.1 28.8 12.6
-9999.0 -9999.0 -9999.0 -9999.0 -9999.0 -9999.0 -9999.0 -9999.0 -9999.0 -9999.0 -9999.0 -9999.0 -9999.0 -9999.0 -9999.0 -9999.0 -9999.0 0.0 0.2 -9999.0 0.6 0.6 0.8 0.8 0.6 0.6 0.4 0.3 0.3 0.2 0.2 0.2 0.2 0.2 0.2 0.2 1.0 0.2 0.8 2.4 6.1 13.7 13.4 13.5 35.3 23.8 113.3 18.0 10.2 9.0 5.3 6.9 6.0 18.3 22.9 24.6 19.1 31.9 38.4 51.2 55.6 47.1 50.3 55.2 62.0 75.3 90.1 102.7 112.9 116.6 96.6 76.3 60.0 41.5 40.0 41.9 35.0 26.1 16.4
-9999.0 -9999.0 -9999.0 -9999.0 -9999.0 -9999.0 -9999.0 -9999.0 -9999.0 -9999.0 -9999.0 -9999.0 -9999.0 -9999.0 -9999.0 -9999.0 -9999.0 -9999.0 -9999.0 -9999.0 -9999.0 0.9 1.0 0.8 1.0 1.2 0.9 0.7 0.4 0.3 0.3 0.3 0.3 0.2 0.3 0.3 0.3 0.4 0.6 1.7 4.5 17.7 21.7 20.2 39.3 21.8 169.3 28.9 27.1 81.1 13.3 36.6 34.7 10.9 16.4 23.6 21.6 15.2 35.9 36.1 41.3 41.6 46.6 55.1 67.0 81.1 95.2 101.8 102.4 105.0 93.5 78.7 61.8 49.2 47.0 46.9 42.7 29.7 21.8
-9999.0 -9999.0 -9999.0 -9999.0 -9999.0 -9999.0 -9999.0 -9999.0 -9999.0 -9999.0 -9999.0 -9999.0 -9999.0 -9999.0 -9999.0 -9999.0 -9999.0 -9999.0 -9999.0 -9999.0 -9999.0 -9999.0 -9999.0 1.6 1.7 1.7 1.5 1.0 0.6 0.4 0.3 0.3 0.5 0.4 0.7 0.9 2.6 2.1 8.2 15.9 20.1 30.7 23.6 23.0 48.8 192.0 76.4 56.7 66.2 56.7 21.2 37.8 17.4 23.2 12.5 2.7 12.1 19.9 16.1 26.3 51.8 55.3 49.5 49.5 62.0 87.1 103.2 101.8 108.7 97.0 95.2 80.7 69.9 65.8 64.4 63.7 60.8 53.0 43.8
-9999.0 -9999.0 -9999.0 -9999.0 -9999.0 -9999.0 -9999.0 -9999.0 -9999.0 -9999.0 -9999.0 -9999.0 -9999.0 -9999.0 -9999.0 -9999.0 -9999.0 -9999.0 -9999.0 -9999.0 -9999.0 -9999.0 -9999.0 -9999.0 -9999.0 1.7 2.5 2.0 1.5 1.8 0.8 0.5 0.5 0.8 1.1 4.1 14.2 9.6 23.9 26.8 45.3 36.8 50.6 52.5 139.0 201.7 156.9 240.0 46.7 56.3 54.1 43.1 53.9 44.5 9.8 6.1 10.7 7.0 16.7 23.6 50.0 76.4 66.7 60.6 67.7 98.7 119.1 114.4 107.1 97.9 84.3 77.2 71.4 73.2 73.7 74.0 67.9 66.8 67.6
-9999.0 -9999.0 -9999.0 -9999.0 -9999.0 -9999.0 -9999.0 -9999.0 -9999.0 -9999.0 -9999.0 -9999.0 -9999.0 -9999.0 -9999.0 -9999.0 -9999.0 -9999.0 -9999.0 -9999.0 -9999.0 -9999.0 -9999.0 -9999.0 -9999.0 -9999.0 -9999.0 1.8 2.3 2.1 1.7 1.6 3.2 2.6 4.2 9.6 11.2 18.8 24.0 41.8 61.3 47.9 75.9 135.2 165.0 202.7 234.3 246.6 245.3 113.8 158.7 125.4 43.9 27.8 18.8 19.6 9.0 11.5 17.1 33.4 100.1 90.5 85.5 61.2 54.7 79.3 112.9 107.1 87.1 74.8 67.5 71.9 64.5 72.5 71.8 71.5 80.6 77.9 68.3
-9999.0 -9999.0 -9999.0 -9999.0 -9999.0 -9999.0 -9999.0 -9999.0 -9999.0 -9999.0 -9999.0 -9999.0 -9999.0 -9999.0 -9999.0 -9999.0 -9999.0 -9999.0 -9999.0 -9999.0 -9999.0 -9999.0 -9999.0 -9999.0 -9999.0 -9999.0 -9999.0 -9999.0 -9999.0 -9999.0 -9999.0 -9999.0 -9999.0 8.0 9.2 -9999.0 -9999.0 -9999.0 42.1 55.3 63.7 82.1 88.4 149.5 182.7 203.1 -9999.0 -9999.0 -9999.0 -9999.0 -9999.0 -9999.0 57.6 49.6 19.7 15.4 16.3 26.2 29.5 61.6 92.4 92.6 89.3 63.4 59.3 78.2 96.1 93.0 73.2 56.5 52.4 64.4 75.4 73.3 84.9 80.5 99.1 84.5 72.7
-9999.0 -9999.0 -9999.0 -9999.0 -9999.0 -9999.0 -9999.0 -9999.0 -9999.0 -9999.0 -9999.0 -9999.0 -9999.0 -9999.0 -9999.0 -9999.0 -9999.0 -9999.0 -9999.0 -9999.0 -9999.0 -9999.0 -9999.0 -9999.0 -9999.0 -9999.0 -9999.0 -9999.0 -9999.0 -9999.0 -9999.0 -9999.0 -9999.0 -9999.0 -9999.0 -9999.0 -9999.0 -9999.0 -9999.0 73.0 91.5 111.7 132.8 153.9 -9999.0 -9999.0 -9999.0 -9999.0 -9999.0 -9999.0 -9999.0 -9999.0 62.1 61.6 30.0 22.8 27.3 35.3 49.3 73.1 97.0 91.5 69.8 56.8 49.4 66.7 81.8 76.3 56.3 52.8 58.5 70.5 76.5 98.2 92.3 105.4 114.9 99.9 93.5
-9999.0 -9999.0 -9999.0 -9999.0 -9999.0 -9999.0 -9999.0 -9999.0 -9999.0 -9999.0 -9999.0 -9999.0 -9999.0 -9999.0 -9999.0 -9999.0 -9999.0 -9999.0 -9999.0 -9999.0 -9999.0 -9999.0 -9999.0 -9999.0 -9999.0 -9999.0 -9999.0 -9999.0 -9999.0 -9999.0 -9999.0 -9999.0 -9999.0 -9999.0 -9999.0 -9999.0 -9999.0 -9999.0 -9999.0 -9999.0 -9999.0 -9999.0 -9999.0 -9999.0 -9999.0 -9999.0 -9999.0 -9999.0 -9999.0 -9999.0 -9999.0 -9999.0 129.9 72.5 39.5 39.8 34.0 39.8 54.1 79.9 101.1 96.7 55.4 55.9 54.0 75.8 76.5 58.0 45.0 46.0 59.2 78.9 103.3 109.0 114.2 107.2 121.4 106.0 92.5
-9999.0 -9999.0 -9999.0 -9999.0 -9999.0 -9999.0 -9999.0 -9999.0 -9999.0 -9999.0 -9999.0 -9999.0 -9999.0 -9999.0 -9999.0 -9999.0 -9999.0 -9999.0 -9999.0 -9999.0 -9999.0 -9999.0 -9999.0 -9999.0 -9999.0 -9999.0 -9999.0 -9999.0 -9999.0 -9999.0 -9999.0 -9999.0 -9999.0 -9999.0 -9999.0 -9999.0 -9999.0 -9999.0 -9999.0 -9999.0 -9999.0 -9999.0 -9999.0 -9999.0 -9999.0 -9999.0 -9999.0 -9999.0 -9999.0 -9999.0 -9999.0 124.9 88.3 77.0 55.4 45.4 43.3 53.3 66.4 67.3 105.9 100.3 90.4 72.0 70.6 77.0 69.3 61.4 43.1 46.1 58.3 74.0 78.5 81.8 91.7 89.0 100.5 83.5 86.1
-9999.0 -9999.0 -9999.0 -9999.0 -9999.0 -9999.0 -9999.0 -9999.0 -9999.0 -9999.0 -9999.0 -9999.0 -9999.0 -9999.0 -9999.0 -9999.0 -9999.0 -9999.0 -9999.0 -9999.0 -9999.0 -9999.0 -9999.0 -9999.0 -9999.0 -9999.0 -9999.0 -9999.0 -9999.0 -9999.0 -9999.0 -9999.0 -9999.0 -9999.0 -9999.0 -9999.0 -9999.0 -9999.0 -9999.0 -9999.0 -9999.0 -9999.0 -9999.0 -9999.0 -9999.0 -9999.0 -9999.0 -9999.0 -9999.0 -9999.0 147.2 117.1 102.9 92.7 73.1 65.0 55.3 54.4 76.5 106.9 126.2 105.9 103.4 87.4 93.5 90.3 65.5 63.4 49.7 51.8 59.6 59.4 65.0 74.5 75.6 73.8 56.1 62.2 49.2
-9999.0 -9999.0 -9999.0 -9999.0 -9999.0 -9999.0 -9999.0 -9999.0 -9999.0 -9999.0 -9999.0 -9999.0 -9999.0 -9999.0 -9999.0 -9999.0 -9999.0 -9999.0 -9999.0 -9999.0 -9999.0 -9999.0 -9999.0 -9999.0 -9999.0 -9999.0 -9999.0 -9999.0 -9999.0 -9999.0 -9999.0 -9999.0 -9999.0 -9999.0 -9999.0 -9999.0 -9999.0 -9999.0 -9999.0 -9999.0 -9999.0 -9999.0 -9999.0 -9999.0 -9999.0 -9999.0 -9999.0 -9999.0 -9999.0 -9999.0 146.6 153.3 129.2 120.7 109.6 92.7 96.2 89.5 102.3 109.8 111.5 109.1 98.2 97.0 99.8 94.2 73.2 64.6 55.6 54.5 66.9 75.0 71.1 58.3 49.5 43.3 37.3 26.0 21.5
-9999.0 -9999.0 -9999.0 -9999.0 -9999.0 -9999.0 -9999.0 -9999.0 -9999.0 -9999.0 -9999.0 -9999.0 -9999.0 -9999.0 -9999.0 -9999.0 -9999.0 -9999.0 -9999.0 -9999.0 -9999.0 -9999.0 -9999.0 -9999.0 -9999.0 -9999.0 -9999.0 -9999.0 -9999.0 -9999.0 -9999.0 -9999.0 -9999.0 -9999.0 -9999.0 -9999.0 -9999.0 -9999.0 -9999.0 -9999.0 -9999.0 -9999.0 -9999.0 -9999.0 -9999.0 -9999.0 -9999.0 -9999.0 -9999.0 -9999.0 153.5 172.7 171.1 188.3 156.3 134.6 133.8 119.7 130.9 111.0 107.0 92.3 74.7 72.7 78.2 69.5 56.0 43.8 37.3 54.0 75.1 87.3 78.5 57.7 37.4 28.6 21.3 12.9 11.1
-9999.0 -9999.0 -9999.0 -9999.0 -9999.0 -9999.0 -9999.0 -9999.0 -9999.0 -9999.0 -9999.0 -9999.0 -9999.0 -9999.0 -9999.0 -9999.0 -9999.0 -9999.0 -9999.0 -9999.0 -9999.0 -9999.0 -9999.0 -9999.0 -9999.0 -9999.0 -9999.0 -9999.0 -9999.0 -9999.0 -9999.0 -9999.0 -9999.0 -9999.0 -9999.0 -9999.0 -9999.0 -9999.0 -9999.0 -9999.0 -9999.0 -9999.0 -9999.0 -9999.0 -9999.0 -9999.0 -9999.0 -9999.0 -9999.0 -9999.0 214.0 250.6 237.0 240.8 216.8 196.5 148.4 154.0 161.6 134.5 119.8 75.1 36.2 44.0 50.4 44.5 35.7 29.6 31.6 24.1 59.4 80.3 75.0 48.9 26.0 17.4 12.4 8.9 10.7
-9999.0 -9999.0 -9999.0 -9999.0 -9999.0 -9999.0 -9999.0 -9999.0 -9999.0 -9999.0 -9999.0 -9999.0 -9999.0 -9999.0 -9999.0 -9999.0 -9999.0 -9999.0 -9999.0 -9999.0 -9999.0 -9999.0 -9999.0 -9999.0 -9999.0 -9999.0 -9999.0 -9999.0 -9999.0 -9999.0 -9999.0 -9999.0 -9999.0 -9999.0 -9999.0 -9999.0 -9999.0 -9999.0 -9999.0 -9999.0 -9999.0 -9999.0 -9999.0 -9999.0 -9999.0 -9999.0 -9999.0 -9999.0 -9999.0 -9999.0 -9999.0 -9999.0 -9999.0 262.4 238.0 203.4 181.3 186.0 159.5 164.4 198.2 67.1 63.9 38.5 35.6 30.8 28.2 19.0 21.3 25.5 36.4 50.4 49.3 32.6 18.2 11.8 9.4 8.7 11.9
-9999.0 -9999.0 -9999.0 -9999.0 -9999.0 -9999.0 -9999.0 -9999.0 -9999.0 -9999.0 -9999.0 -9999.0 -9999.0 -9999.0 -9999.0 -9999.0 -9999.0 -9999.0 -9999.0 -9999.0 -9999.0 -9999.0 -9999.0 -9999.0 -9999.0 -9999.0 -9999.0 -9999.0 -9999.0 -9999.0 -9999.0 -9999.0 -9999.0 -9999.0 -9999.0 -9999.0 -9999.0 -9999.0 -9999.0 -9999.0 -9999.0 -9999.0 -9999.0 -9999.0 -9999.0 -9999.0 -9999.0 -9999.0 -9999.0 -9999.0 -9999.0 -9999.0 -9999.0 265.5 216.5 303.1 181.1 154.4 188.7 266.8 179.0 90.8 101.3 47.8 37.0 28.8 17.7 24.1 16.4 19.0 23.2 33.2 37.6 29.5 17.8 12.9 9.8 9.6 12.9
-9999.0 -9999.0 -9999.0 -9999.0 -9999.0 -9999.0 -9999.0 -9999.0 -9999.0 -9999.0 -9999.0 -9999.0 -9999.0 -9999.0 -9999.0 -9999.0 -9999.0 -9999.0 -9999.0 -9999.0 -9999.0 -9999.0 -9999.0 -9999.0 -9999.0 -9999.0 -9999.0 -9999.0 -9999.0 -9999.0 -9999.0 -9999.0 -9999.0 -9999.0 -9999.0 -9999.0 -9999.0 -9999.0 -9999.0 -9999.0 -9999.0 -9999.0 -9999.0 -9999.0 -9999.0 -9999.0 -9999.0 -9999.0 -9999.0 -9999.0 -9999.0 -9999.0 -9999.0 252.8 152.3 228.8 191.4 158.9 182.4 186.7 216.2 151.7 143.3 97.9 35.4 -9999.0 -9999.0 -9999.0 26.5 23.4 26.2 35.1 45.7 44.3 28.0 18.1 11.2 7.9 19.4
-9999.0 -9999.0 -9999.0 -9999.0 -9999.0 -9999.0 -9999.0 -9999.0 -9999.0 -9999.0 -9999.0 -9999.0 -9999.0 -9999.0 -9999.0 -9999.0 -9999.0 -9999.0 -9999.0 -9999.0 -9999.0 -9999.0 -9999.0 -9999.0 -9999.0 -9999.0 -9999.0 -9999.0 -9999.0 -9999.0 -9999.0 -9999.0 -9999.0 -9999.0 -9999.0 -9999.0 -9999.0 -9999.0 -9999.0 -9999.0 -9999.0 -9999.0 -9999.0 -9999.0 -9999.0 -9999.0 -9999.0 -9999.0 -9999.0 -9999.0 -9999.0 -9999.0 -9999.0 -9999.0 206.0 185.3 120.6 102.6 163.5 214.9 94.2 -9999.0 -9999.0 -9999.0 -9999.0 -9999.0 -9999.0 -9999.0 28.0 32.8 38.1 35.6 46.5 49.5 31.2 17.5 10.0 4.2 5.0
-9999.0 -9999.0 -9999.0 -9999.0 -9999.0 -9999.0 -9999.0 -9999.0 -9999.0 -9999.0 -9999.0 -9999.0 -9999.0 -9999.0 -9999.0 -9999.0 -9999.0 -9999.0 -9999.0 -9999.0 -9999.0 -9999.0 -9999.0 -9999.0 -9999.0 -9999.0 -9999.0 -9999.0 -9999.0 -9999.0 -9999.0 -9999.0 -9999.0 -9999.0 -9999.0 -9999.0 -9999.0 -9999.0 -9999.0 -9999.0 -9999.0 -9999.0 -9999.0 -9999.0 -9999.0 -9999.0 -9999.0 -9999.0 -9999.0 -9999.0 -9999.0 -9999.0 -9999.0 -9999.0 -9999.0 133.9 215.5 114.1 79.3 109.8 85.7 -9999.0 -9999.0 -9999.0 -9999.0 -9999.0 -9999.0 -9999.0 -9999.0 -9999.0 33.4 -9999.0 -9999.0 -9999.0 -9999.0 -9999.0 8.1 -9999.0 -9999.0
-9999.0 -9999.0 -9999.0 -9999.0 -9999.0 -9999.0 -9999.0 -9999.0 -9999.0 -9999.0 -9999.0 -9999.0 -9999.0 -9999.0 -9999.0 -9999.0 -9999.0 -9999.0 -9999.0 -9999.0 -9999.0 -9999.0 -9999.0 -9999.0 -9999.0 -9999.0 -9999.0 -9999.0 -9999.0 -9999.0 -9999.0 -9999.0 -9999.0 -9999.0 -9999.0 -9999.0 -9999.0 -9999.0 -9999.0 -9999.0 -9999.0 -9999.0 -9999.0 -9999.0 -9999.0 -9999.0 -9999.0 -9999.0 -9999.0 -9999.0 -9999.0 -9999.0 -9999.0 -9999.0 -9999.0 -9999.0 -9999.0 -9999.0 75.9 44.1 -9999.0 -9999.0 -9999.0 -9999.0 -9999.0 -9999.0 -9999.0 -9999.0 -9999.0 -9999.0 -9999.0 -9999.0 -9999.0 -9999.0 -9999.0 20.6 18.9 -9999.0 -9999.0
-9999.0 -9999.0 -9999.0 -9999.0 -9999.0 -9999.0 -9999.0 -9999.0 -9999.0 -9999.0 -9999.0 -9999.0 -9999.0 -9999.0 -9999.0 -9999.0 -9999.0 -9999.0 -9999.0 -9999.0 -9999.0 -9999.0 -9999.0 -9999.0 -9999.0 -9999.0 -9999.0 -9999.0 -9999.0 -9999.0 -9999.0 -9999.0 -9999.0 -9999.0 -9999.0 -9999.0 -9999.0 -9999.0 -9999.0 -9999.0 -9999.0 -9999.0 -9999.0 -9999.0 -9999.0 -9999.0 -9999.0 -9999.0 -9999.0 -9999.0 -9999.0 -9999.0 -9999.0 -9999.0 -9999.0 -9999.0 -9999.0 -9999.0 -9999.0 -9999.0 -9999.0 -9999.0 -9999.0 -9999.0 -9999.0 -9999.0 -9999.0 -9999.0 -9999.0 -9999.0 -9999.0 -9999.0 -9999.0 -9999.0 -9999.0 -9999.0 -9999.0 -9999.0 -9999.0
-9999.0 -9999.0 -9999.0 -9999.0 -9999.0 -9999.0 -9999.0 -9999.0 -9999.0 -9999.0 -9999.0 -9999.0 -9999.0 -9999.0 -9999.0 -9999.0 -9999.0 -9999.0 -9999.0 -9999.0 -9999.0 -9999.0 -9999.0 -9999.0 -9999.0 -9999.0 -9999.0 -9999.0 -9999.0 -9999.0 -9999.0 -9999.0 -9999.0 -9999.0 -9999.0 -9999.0 -9999.0 -9999.0 -9999.0 -9999.0 -9999.0 -9999.0 -9999.0 -9999.0 -9999.0 -9999.0 -9999.0 -9999.0 -9999.0 -9999.0 -9999.0 -9999.0 -9999.0 -9999.0 -9999.0 -9999.0 -9999.0 -9999.0 -9999.0 -9999.0 -9999.0 -9999.0 -9999.0 -9999.0 -9999.0 -9999.0 -9999.0 -9999.0 -9999.0 -9999.0 -9999.0 -9999.0 -9999.0 -9999.0 -9999.0 129.9 159.5 186.0 -9999.0
-9999.0 -9999.0 -9999.0 -9999.0 -9999.0 -9999.0 -9999.0 -9999.0 -9999.0 -9999.0 -9999.0 -9999.0 -9999.0 -9999.0 -9999.0 -9999.0 -9999.0 -9999.0 -9999.0 -9999.0 -9999.0 -9999.0 -9999.0 -9999.0 -9999.0 -9999.0 -9999.0 -9999.0 -9999.0 -9999.0 -9999.0 -9999.0 -9999.0 -9999.0 -9999.0 -9999.0 -9999.0 -9999.0 -9999.0 -9999.0 -9999.0 -9999.0 -9999.0 -9999.0 -9999.0 -9999.0 -9999.0 -9999.0 -9999.0 -9999.0 -9999.0 -9999.0 -9999.0 -9999.0 -9999.0 -9999.0 -9999.0 -9999.0 -9999.0 -9999.0 -9999.0 -9999.0 -9999.0 -9999.0 -9999.0 -9999.0 -9999.0 -9999.0 -9999.0 -9999.0 -9999.0 -9999.0 -9999.0 85.1 148.1 192.4 265.2 -9999.0 -9999.0
