program/excelProcessViaJava/data/SURF_CLI_CHN_PRE_MON_GRID_0.5-201509.txt
NCOLS      128
NROWS       72
XLLCORNER    72.000000000000    
YLLCORNER    18.000000000000    
CELLSIZE    0.50000000000000    
NODATA_VALUE   -9999.000    
[rows 34 to 67 of 72, columns 0 to 76 of 128]
-9999.0 -9999.0 -9999.0 -9999.0 5.8 8.7 8.3 12.3 9.6 11.8 13.3 15.4 17.0 17.7 10.8 13.3 16.5 16.2 15.5 16.6 21.5 24.4 23.9 16.1 4.8 1.5 4.6 4.6 6.1 7.5 9.8 10.7 15.7 19.2 22.3 26.0 28.8 32.4 30.6 22.5 29.6 10.8 8.5 5.6 6.7 8.4 9.8 10.6 11.0 13.6 15.9 21.4 46.8 37.0 33.4 42.1 49.9 63.9 76.4 53.5 78.8 64.0 56.6 50.1 41.8 41.7 54.6 56.5 65.0 82.7 75.5 75.8 72.2 71.3 74.7 79.6 77.5
-9999.0 -9999.0 -9999.0 -9999.0 -9999.0 5.6 3.5 9.7 9.3 11.2 7.7 8.3 12.3 11.7 11.7 10.9 14.8 15.2 16.1 17.1 11.4 5.4 3.8 3.9 4.0 4.0 3.2 3.3 3.9 4.0 5.9 8.3 11.5 14.0 16.6 21.4 24.2 28.0 32.6 36.8 26.5 45.1 44.5 33.6 21.7 12.3 19.8 17.5 22.7 15.3 15.2 21.2 33.3 65.6 62.6 35.2 31.7 32.8 65.1 50.1 69.3 60.6 54.4 47.4 46.4 41.7 52.9 68.6 73.5 84.1 77.8 73.3 75.0 72.9 71.0 73.6 65.2
-9999.0 -9999.0 -9999.0 -9999.0 -9999.0 -9999.0 -9999.0 3.4 8.4 6.8 6.0 7.8 6.8 4.3 6.6 2.3 6.4 6.5 2.6 5.7 5.4 2.6 3.2 2.8 3.0 2.8 3.1 2.0 3.9 5.2 4.7 6.3 8.6 9.5 14.0 17.0 20.8 24.3 28.6 31.9 35.5 37.8 42.1 56.6 40.3 28.4 36.7 39.2 55.1 45.0 62.2 55.1 40.1 49.1 68.3 46.8 45.2 52.8 63.6 67.0 61.9 65.2 63.0 55.2 44.5 42.1 50.2 64.3 92.2 81.5 81.8 80.0 82.4 78.9 67.5 73.2 68.7
-9999.0 -9999.0 -9999.0 -9999.0 -9999.0 -9999.0 -9999.0 5.3 5.5 4.9 5.2 5.6 3.4 3.5 4.3 4.8 3.0 0.6 1.8 0.6 1.3 2.4 2.4 2.3 2.3 2.6 2.1 2.3 3.6 2.4 5.8 6.0 7.3 8.1 12.0 14.4 17.5 20.9 25.3 30.3 33.7 38.5 40.2 41.2 50.4 54.4 58.3 58.5 58.7 55.4 57.0 50.0 47.6 51.4 71.7 63.8 59.2 64.3 74.5 71.1 70.9 73.3 71.5 58.1 48.7 43.7 48.9 64.1 98.7 93.8 94.5 84.2 89.7 89.7 84.9 73.4 68.7
-9999.0 -9999.0 -9999.0 -9999.0 -9999.0 -9999.0 -9999.0 -9999.0 -9999.0 -9999.0 3.7 1.9 4.3 1.5 2.2 1.5 1.6 1.8 1.7 1.1 0.6 1.1 0.9 1.4 0.6 1.0 0.9 1.1 1.7 2.8 3.6 2.9 5.7 6.8 9.2 9.0 13.8 17.5 21.3 28.2 35.0 38.9 40.8 43.6 59.0 57.6 74.5 70.1 71.6 64.5 52.9 51.2 54.0 66.3 84.8 91.4 92.1 97.5 92.4 88.6 90.0 83.3 75.5 65.4 63.2 46.9 53.7 73.3 100.1 115.6 110.5 105.9 101.7 96.6 84.4 85.6 80.9
-9999.0 -9999.0 -9999.0 -9999.0 -9999.0 -9999.0 -9999.0 -9999.0 -9999.0 -9999.0 -9999.0 2.5 2.6 2.4 0.9 1.3 0.3 0.7 0.6 0.2 1.0 0.7 0.7 1.0 0.1 0.8 1.5 0.8 1.2 0.7 2.2 3.2 4.1 3.8 5.0 7.5 8.0 13.5 19.0 25.3 31.7 37.2 41.9 49.9 56.7 66.7 77.8 74.9 75.3 70.6 72.6 68.7 67.6 76.9 96.1 114.4 125.9 133.1 115.5 121.6 112.0 109.3 101.3 85.4 68.1 82.9 75.3 97.0 120.7 137.9 122.3 106.2 98.7 94.9 97.7 126.9 100.4
-9999.0 -9999.0 -9999.0 -9999.0 -9999.0 -9999.0 -9999.0 -9999.0 -9999.0 -9999.0 -9999.0 -9999.0 0.5 1.8 2.1 0.7 1.4 0.8 0.3 0.3 0.4 0.2 0.3 0.7 1.3 0.9 0.9 2.0 1.4 2.5 1.7 1.2 2.5 3.5 3.8 5.8 6.0 9.1 14.4 21.1 28.5 35.1 43.7 48.3 60.1 73.4 78.0 82.1 75.5 78.7 74.4 78.3 81.8 100.0 116.7 138.1 148.4 154.4 144.0 136.0 126.6 118.7 115.3 112.0 79.3 86.9 89.2 116.5 136.1 149.8 167.2 187.6 187.3 147.2 132.4 111.4 94.2
-9999.0 -9999.0 -9999.0 -9999.0 -9999.0 -9999.0 -9999.0 -9999.0 -9999.0 -9999.0 -9999.0 -9999.0 0.9 0.7 0.3 1.2 0.5 0.7 0.7 0.6 0.4 0.6 0.2 0.8 0.7 0.2 0.3 0.2 0.5 0.8 2.0 2.8 1.5 1.9 4.4 4.9 5.9 7.4 9.1 16.2 24.2 32.7 41.3 52.5 60.8 70.3 84.1 95.0 98.8 95.3 92.2 90.8 102.1 129.7 146.1 162.0 169.3 171.6 171.5 155.3 140.4 124.9 120.6 93.2 73.9 85.1 107.4 146.5 169.5 174.6 157.5 156.9 169.1 160.1 155.8 121.7 98.6
-9999.0 -9999.0 -9999.0 -9999.0 -9999.0 -9999.0 -9999.0 -9999.0 -9999.0 -9999.0 -9999.0 0.6 0.5 0.2 0.2 0.5 0.1 0.2 0.2 0.6 0.6 0.6 0.4 0.6 0.8 0.2 0.4 0.7 0.9 0.9 1.5 3.5 1.2 2.9 2.9 4.6 3.9 7.5 10.5 15.0 21.3 31.3 43.1 50.8 63.3 76.5 88.7 99.5 107.3 108.6 113.3 121.9 128.2 149.2 168.8 181.4 185.1 164.0 165.0 144.3 135.6 133.4 119.5 120.9 93.4 89.9 177.8 200.2 192.2 193.4 202.8 200.4 180.9 145.0 124.0 103.3 78.2
-9999.0 -9999.0 -9999.0 -9999.0 -9999.0 -9999.0 -9999.0 -9999.0 -9999.0 -9999.0 -9999.0 0.3 0.2 0.7 0.5 0.0 0.0 0.4 0.4 0.1 0.5 0.2 0.2 0.3 0.7 1.0 1.0 1.2 1.4 2.7 3.6 3.5 1.7 5.5 5.9 5.4 7.8 8.3 11.3 17.9 24.1 33.6 43.4 53.9 65.8 79.3 93.7 106.0 115.4 119.5 122.1 133.2 147.6 170.4 189.2 195.7 189.4 179.7 158.7 159.6 154.9 152.4 112.9 88.9 81.1 141.9 142.4 246.8 244.4 218.8 210.8 211.0 201.2 194.9 179.4 134.5 92.9
-9999.0 -9999.0 -9999.0 -9999.0 -9999.0 -9999.0 -9999.0 -9999.0 -9999.0 -9999.0 -9999.0 -9999.0 0.8 0.2 0.6 0.3 0.3 0.0 0.1 0.1 0.0 0.0 0.1 0.1 0.2 0.1 0.3 0.1 1.5 2.3 3.7 1.4 5.9 9.0 9.1 8.2 9.8 11.9 17.0 20.0 30.1 44.6 50.5 63.9 70.2 79.6 88.9 97.8 108.0 114.4 121.2 132.5 154.1 172.1 189.6 196.7 189.0 178.6 170.4 150.3 145.6 140.2 162.3 91.5 89.3 257.2 276.9 247.3 211.4 203.7 203.0 210.7 214.6 210.0 217.3 175.0 176.1
-9999.0 -9999.0 -9999.0 -9999.0 -9999.0 -9999.0 -9999.0 -9999.0 -9999.0 -9999.0 -9999.0 -9999.0 0.3 0.0 0.0 0.2 0.1 0.2 0.0 0.0 0.0 0.0 0.0 0.0 0.2 0.2 0.4 0.8 0.6 3.8 1.4 3.4 3.9 8.9 8.6 5.1 8.3 17.6 22.4 31.9 42.3 46.8 57.9 68.9 75.6 74.8 75.4 73.9 81.3 87.8 94.1 118.5 138.3 159.3 179.0 186.5 168.1 160.5 167.2 183.3 173.8 202.8 161.3 82.1 214.8 248.9 243.6 201.3 179.9 165.8 182.7 199.6 208.4 188.4 188.4 165.9 157.2
-9999.0 -9999.0 -9999.0 -9999.0 -9999.0 -9999.0 -9999.0 -9999.0 -9999.0 -9999.0 -9999.0 -9999.0 -9999.0 0.9 0.0 0.2 0.0 0.2 0.1 0.0 0.0 0.0 0.0 0.0 0.3 0.2 0.2 0.9 1.0 0.1 0.5 1.3 5.7 7.0 5.2 7.2 15.2 22.3 25.9 26.8 48.3 60.9 71.9 75.7 70.2 65.8 57.9 44.4 45.0 49.9 69.1 72.3 111.0 141.1 161.4 165.4 149.1 151.5 170.3 158.5 187.9 147.9 107.6 197.8 220.4 216.8 188.0 167.8 157.5 168.1 182.0 194.5 199.8 195.2 186.7 184.4 186.6
-9999.0 -9999.0 -9999.0 -9999.0 -9999.0 -9999.0 -9999.0 -9999.0 -9999.0 -9999.0 -9999.0 -9999.0 -9999.0 -9999.0 5.5 0.2 0.2 0.1 0.1 0.2 0.0 0.0 0.1 0.0 0.0 0.1 0.0 0.1 0.0 0.8 0.7 2.4 1.0 2.8 7.2 5.2 7.9 28.3 32.1 39.7 45.1 56.8 69.4 75.2 79.0 69.9 43.0 29.0 25.8 16.8 30.4 71.9 77.6 105.4 97.2 133.0 139.0 119.2 172.8 192.6 177.0 124.1 174.4 205.2 224.7 221.7 205.4 199.8 194.7 186.6 196.0 197.0 185.2 186.0 175.4 185.3 181.8
-9999.0 -9999.0 -9999.0 -9999.0 -9999.0 -9999.0 -9999.0 -9999.0 -9999.0 -9999.0 -9999.0 -9999.0 -9999.0 -9999.0 -9999.0 -9999.0 -9999.0 12.8 4.0 4.5 1.7 0.0 0.4 0.4 0.0 0.1 0.0 0.1 0.6 0.2 1.1 6.4 0.8 11.6 19.1 12.0 9.1 28.1 27.9 35.3 44.3 52.3 63.6 69.9 132.9 76.7 174.2 29.5 13.2 14.1 12.2 24.4 35.3 79.8 103.5 119.1 112.5 150.1 165.9 189.2 146.7 131.8 172.6 211.6 217.8 218.9 232.3 235.6 238.2 224.2 227.8 170.1 168.4 165.5 165.6 173.4 161.4
-9999.0 -9999.0 -9999.0 -9999.0 -9999.0 -9999.0 -9999.0 -9999.0 -9999.0 -9999.0 -9999.0 -9999.0 -9999.0 -9999.0 -9999.0 -9999.0 -9999.0 -9999.0 -9999.0 -9999.0 18.3 0.8 0.2 0.0 0.1 1.9 1.4 1.2 0.8 3.8 3.3 19.0 16.4 14.1 18.3 12.3 15.3 18.1 20.7 26.3 35.1 46.0 53.6 58.5 133.7 54.0 226.4 33.1 23.0 71.2 11.1 44.2 56.4 41.4 72.2 107.1 124.5 128.3 172.4 177.5 150.1 151.0 151.8 173.9 194.5 207.3 235.5 247.3 259.4 233.5 196.2 151.8 144.2 140.8 139.3 135.5 125.1
-9999.0 -9999.0 -9999.0 -9999.0 -9999.0 -9999.0 -9999.0 -9999.0 -9999.0 -9999.0 -9999.0 -9999.0 -9999.0 -9999.0 -9999.0 -9999.0 -9999.0 -9999.0 -9999.0 -9999.0 -9999.0 -9999.0 0.1 22.9 2.3 3.5 3.6 2.1 0.4 3.2 3.2 4.6 2.0 8.3 8.4 11.4 13.1 15.3 19.4 25.4 31.1 40.9 46.4 63.3 130.0 256.7 115.9 61.3 57.5 42.9 10.3 26.3 18.6 36.8 45.9 50.4 103.3 134.6 137.2 160.8 198.4 199.1 182.2 145.3 142.8 157.5 184.6 198.5 167.4 182.9 142.4 124.3 116.5 133.5 136.5 125.1 128.5
-9999.0 -9999.0 -9999.0 -9999.0 -9999.0 -9999.0 -9999.0 -9999.0 -9999.0 -9999.0 -9999.0 -9999.0 -9999.0 -9999.0 -9999.0 -9999.0 -9999.0 -9999.0 -9999.0 -9999.0 -9999.0 -9999.0 -9999.0 -9999.0 90.0 76.7 25.4 0.1 0.3 0.1 1.8 13.3 19.8 15.8 21.3 15.6 16.3 18.2 23.0 22.9 33.7 34.7 96.3 108.1 214.4 250.7 199.4 236.2 27.0 36.8 23.6 20.0 36.4 44.2 36.9 54.9 90.2 105.0 131.4 141.0 162.9 182.8 165.1 131.9 121.8 109.5 99.9 88.3 100.9 116.8 120.1 105.7 105.4 137.4 162.8 136.6 116.3
-9999.0 -9999.0 -9999.0 -9999.0 -9999.0 -9999.0 -9999.0 -9999.0 -9999.0 -9999.0 -9999.0 -9999.0 -9999.0 -9999.0 -9999.0 -9999.0 -9999.0 -9999.0 -9999.0 -9999.0 -9999.0 -9999.0 -9999.0 -9999.0 -9999.0 114.6 102.8 117.8 118.8 44.0 40.6 43.8 12.1 53.3 30.4 63.7 27.8 24.9 28.5 25.9 33.7 42.2 114.7 195.3 221.3 240.2 243.3 233.0 213.4 96.9 127.3 102.8 30.8 36.5 46.4 69.2 96.4 124.6 118.2 133.5 212.0 146.9 158.8 130.8 93.5 79.0 67.2 61.2 78.3 98.7 104.3 108.7 115.6 138.1 146.9 129.1 163.9
-9999.0 -9999.0 -9999.0 -9999.0 -9999.0 -9999.0 -9999.0 -9999.0 -9999.0 -9999.0 -9999.0 -9999.0 -9999.0 -9999.0 -9999.0 -9999.0 -9999.0 -9999.0 -9999.0 -9999.0 -9999.0 -9999.0 -9999.0 -9999.0 -9999.0 -9999.0 -9999.0 145.8 148.9 126.2 146.1 134.3 126.6 97.4 54.6 50.3 -9999.0 58.8 67.5 41.3 65.5 103.7 108.8 197.8 220.3 228.8 229.1 -9999.0 -9999.0 164.0 159.4 136.0 63.1 54.8 67.7 99.8 126.9 173.9 145.1 170.8 155.0 120.4 126.4 103.1 85.0 71.5 66.0 68.8 74.2 83.1 96.1 109.7 119.0 124.3 139.5 122.0 168.3
-9999.0 -9999.0 -9999.0 -9999.0 -9999.0 -9999.0 -9999.0 -9999.0 -9999.0 -9999.0 -9999.0 -9999.0 -9999.0 -9999.0 -9999.0 -9999.0 -9999.0 -9999.0 -9999.0 -9999.0 -9999.0 -9999.0 -9999.0 -9999.0 -9999.0 -9999.0 -9999.0 -9999.0 -9999.0 -9999.0 -9999.0 -9999.0 -9999.0 141.9 134.1 -9999.0 -9999.0 -9999.0 -9999.0 136.3 146.1 161.1 177.8 193.5 206.4 -9999.0 -9999.0 -9999.0 -9999.0 -9999.0 -9999.0 -9999.0 85.0 80.7 85.6 118.5 159.6 176.7 183.1 176.6 151.3 107.4 87.0 81.1 72.5 80.1 93.1 88.6 75.5 84.8 101.4 114.4 119.8 129.7 126.8 125.2 133.6
-9999.0 -9999.0 -9999.0 -9999.0 -9999.0 -9999.0 -9999.0 -9999.0 -9999.0 -9999.0 -9999.0 -9999.0 -9999.0 -9999.0 -9999.0 -9999.0 -9999.0 -9999.0 -9999.0 -9999.0 -9999.0 -9999.0 -9999.0 -9999.0 -9999.0 -9999.0 -9999.0 -9999.0 -9999.0 -9999.0 -9999.0 -9999.0 -9999.0 -9999.0 -9999.0 -9999.0 -9999.0 -9999.0 -9999.0 137.8 146.3 156.6 168.7 183.2 -9999.0 -9999.0 -9999.0 -9999.0 -9999.0 -9999.0 -9999.0 -9999.0 121.2 114.9 113.1 128.1 136.5 131.6 128.8 123.7 119.4 97.0 106.2 76.5 89.7 129.7 152.6 120.7 90.6 91.9 113.3 129.9 143.9 147.4 146.8 120.1 108.0
-9999.0 -9999.0 -9999.0 -9999.0 -9999.0 -9999.0 -9999.0 -9999.0 -9999.0 -9999.0 -9999.0 -9999.0 -9999.0 -9999.0 -9999.0 -9999.0 -9999.0 -9999.0 -9999.0 -9999.0 -9999.0 -9999.0 -9999.0 -9999.0 -9999.0 -9999.0 -9999.0 -9999.0 -9999.0 -9999.0 -9999.0 -9999.0 -9999.0 -9999.0 -9999.0 -9999.0 -9999.0 -9999.0 -9999.0 -9999.0 -9999.0 -9999.0 -9999.0 -9999.0 -9999.0 -9999.0 -9999.0 -9999.0 -9999.0 -9999.0 -9999.0 172.4 173.7 155.1 121.4 129.1 116.2 112.2 91.6 97.1 104.8 101.7 88.0 96.6 125.9 186.9 188.1 105.4 112.0 114.9 141.3 153.2 157.4 162.9 149.0 118.3 99.9
-9999.0 -9999.0 -9999.0 -9999.0 -9999.0 -9999.0 -9999.0 -9999.0 -9999.0 -9999.0 -9999.0 -9999.0 -9999.0 -9999.0 -9999.0 -9999.0 -9999.0 -9999.0 -9999.0 -9999.0 -9999.0 -9999.0 -9999.0 -9999.0 -9999.0 -9999.0 -9999.0 -9999.0 -9999.0 -9999.0 -9999.0 -9999.0 -9999.0 -9999.0 -9999.0 -9999.0 -9999.0 -9999.0 -9999.0 -9999.0 -9999.0 -9999.0 -9999.0 -9999.0 -9999.0 -9999.0 -9999.0 -9999.0 -9999.0 -9999.0 146.8 231.2 223.2 195.4 153.8 143.8 110.8 89.2 86.8 104.7 96.2 121.7 104.2 120.2 145.4 182.0 205.7 145.3 151.6 158.1 177.5 176.3 175.1 171.8 151.8 126.5 100.5
-9999.0 -9999.0 -9999.0 -9999.0 -9999.0 -9999.0 -9999.0 -9999.0 -9999.0 -9999.0 -9999.0 -9999.0 -9999.0 -9999.0 -9999.0 -9999.0 -9999.0 -9999.0 -9999.0 -9999.0 -9999.0 -9999.0 -9999.0 -9999.0 -9999.0 -9999.0 -9999.0 -9999.0 -9999.0 -9999.0 -9999.0 -9999.0 -9999.0 -9999.0 -9999.0 -9999.0 -9999.0 -9999.0 -9999.0 -9999.0 -9999.0 -9999.0 -9999.0 -9999.0 -9999.0 -9999.0 -9999.0 -9999.0 -9999.0 -9999.0 138.1 261.5 187.9 205.3 180.7 151.1 111.6 143.6 134.4 105.5 79.7 91.6 79.5 105.3 126.6 116.7 145.4 146.8 175.0 203.9 222.3 220.4 212.3 196.6 162.6 130.6 125.3
-9999.0 -9999.0 -9999.0 -9999.0 -9999.0 -9999.0 -9999.0 -9999.0 -9999.0 -9999.0 -9999.0 -9999.0 -9999.0 -9999.0 -9999.0 -9999.0 -9999.0 -9999.0 -9999.0 -9999.0 -9999.0 -9999.0 -9999.0 -9999.0 -9999.0 -9999.0 -9999.0 -9999.0 -9999.0 -9999.0 -9999.0 -9999.0 -9999.0 -9999.0 -9999.0 -9999.0 -9999.0 -9999.0 -9999.0 -9999.0 -9999.0 -9999.0 -9999.0 -9999.0 -9999.0 -9999.0 -9999.0 -9999.0 -9999.0 -9999.0 111.6 163.1 133.5 217.7 133.5 138.9 201.0 176.0 176.7 81.6 88.8 96.9 88.4 76.7 104.1 109.9 126.1 159.2 196.6 228.1 251.0 253.8 261.8 242.2 206.0 168.7 157.9
-9999.0 -9999.0 -9999.0 -9999.0 -9999.0 -9999.0 -9999.0 -9999.0 -9999.0 -9999.0 -9999.0 -9999.0 -9999.0 -9999.0 -9999.0 -9999.0 -9999.0 -9999.0 -9999.0 -9999.0 -9999.0 -9999.0 -9999.0 -9999.0 -9999.0 -9999.0 -9999.0 -9999.0 -9999.0 -9999.0 -9999.0 -9999.0 -9999.0 -9999.0 -9999.0 -9999.0 -9999.0 -9999.0 -9999.0 -9999.0 -9999.0 -9999.0 -9999.0 -9999.0 -9999.0 -9999.0 -9999.0 -9999.0 -9999.0 -9999.0 161.6 204.7 165.0 163.3 148.0 190.3 137.7 199.8 183.4 87.3 103.6 83.6 46.0 85.1 116.9 131.0 153.8 177.9 208.3 215.6 235.6 255.0 279.7 279.5 260.6 225.1 195.1
-9999.0 -9999.0 -9999.0 -9999.0 -9999.0 -9999.0 -9999.0 -9999.0 -9999.0 -9999.0 -9999.0 -9999.0 -9999.0 -9999.0 -9999.0 -9999.0 -9999.0 -9999.0 -9999.0 -9999.0 -9999.0 -9999.0 -9999.0 -9999.0 -9999.0 -9999.0 -9999.0 -9999.0 -9999.0 -9999.0 -9999.0 -9999.0 -9999.0 -9999.0 -9999.0 -9999.0 -9999.0 -9999.0 -9999.0 -9999.0 -9999.0 -9999.0 -9999.0 -9999.0 -9999.0 -9999.0 -9999.0 -9999.0 -9999.0 -9999.0 215.9 111.0 173.3 138.4 129.2 136.0 176.4 222.8 145.3 127.1 245.6 68.4 160.3 132.4 160.5 179.3 200.8 200.1 207.9 199.4 187.2 197.5 235.9 271.3 283.7 261.3 220.1
-9999.0 -9999.0 -9999.0 -9999.0 -9999.0 -9999.0 -9999.0 -9999.0 -9999.0 -9999.0 -9999.0 -9999.0 -9999.0 -9999.0 -9999.0 -9999.0 -9999.0 -9999.0 -9999.0 -9999.0 -9999.0 -9999.0 -9999.0 -9999.0 -9999.0 -9999.0 -9999.0 -9999.0 -9999.0 -9999.0 -9999.0 -9999.0 -9999.0 -9999.0 -9999.0 -9999.0 -9999.0 -9999.0 -9999.0 -9999.0 -9999.0 -9999.0 -9999.0 -9999.0 -9999.0 -9999.0 -9999.0 -9999.0 -9999.0 -9999.0 -9999.0 -9999.0 -9999.0 145.3 130.5 208.0 166.7 180.1 230.5 305.6 203.3 143.3 237.7 205.3 238.9 251.6 226.0 237.5 186.8 159.8 140.0 156.0 203.7 257.5 285.3 269.0 216.4
-9999.0 -9999.0 -9999.0 -9999.0 -9999.0 -9999.0 -9999.0 -9999.0 -9999.0 -9999.0 -9999.0 -9999.0 -9999.0 -9999.0 -9999.0 -9999.0 -9999.0 -9999.0 -9999.0 -9999.0 -9999.0 -9999.0 -9999.0 -9999.0 -9999.0 -9999.0 -9999.0 -9999.0 -9999.0 -9999.0 -9999.0 -9999.0 -9999.0 -9999.0 -9999.0 -9999.0 -9999.0 -9999.0 -9999.0 -9999.0 -9999.0 -9999.0 -9999.0 -9999.0 -9999.0 -9999.0 -9999.0 -9999.0 -9999.0 -9999.0 -9999.0 -9999.0 -9999.0 148.5 115.3 163.7 170.4 192.6 256.7 284.1 330.3 299.4 356.4 365.8 303.0 297.2 -9999.0 242.9 200.7 147.0 137.3 168.5 225.9 277.6 288.1 261.2 203.9
-9999.0 -9999.0 -9999.0 -9999.0 -9999.0 -9999.0 -9999.0 -9999.0 -9999.0 -9999.0 -9999.0 -9999.0 -9999.0 -9999.0 -9999.0 -9999.0 -9999.0 -9999.0 -9999.0 -9999.0 -9999.0 -9999.0 -9999.0 -9999.0 -9999.0 -9999.0 -9999.0 -9999.0 -9999.0 -9999.0 -9999.0 -9999.0 -9999.0 -9999.0 -9999.0 -9999.0 -9999.0 -9999.0 -9999.0 -9999.0 -9999.0 -9999.0 -9999.0 -9999.0 -9999.0 -9999.0 -9999.0 -9999.0 -9999.0 -9999.0 -9999.0 -9999.0 -9999.0 158.6 143.6 145.5 134.9 163.6 262.3 360.6 285.5 374.2 383.9 -9999.0 -9999.0 -9999.0 -9999.0 -9999.0 197.2 176.0 189.8 202.4 254.1 290.4 275.1 233.2 199.4
-9999.0 -9999.0 -9999.0 -9999.0 -9999.0 -9999.0 -9999.0 -9999.0 -9999.0 -9999.0 -9999.0 -9999.0 -9999.0 -9999.0 -9999.0 -9999.0 -9999.0 -9999.0 -9999.0 -9999.0 -9999.0 -9999.0 -9999.0 -9999.0 -9999.0 -9999.0 -9999.0 -9999.0 -9999.0 -9999.0 -9999.0 -9999.0 -9999.0 -9999.0 -9999.0 -9999.0 -9999.0 -9999.0 -9999.0 -9999.0 -9999.0 -9999.0 -9999.0 -9999.0 -9999.0 -9999.0 -9999.0 -9999.0 -9999.0 -9999.0 -9999.0 -9999.0 -9999.0 -9999.0 -9999.0 129.6 192.3 183.2 217.4 306.4 337.8 -9999.0 -9999.0 -9999.0 -9999.0 -9999.0 -9999.0 -9999.0 -9999.0 197.4 203.4 219.2 255.2 268.8 254.2 231.7 224.3
-9999.0 -9999.0 -9999.0 -9999.0 -9999.0 -9999.0 -9999.0 -9999.0 -9999.0 -9999.0 -9999.0 -9999.0 -9999.0 -9999.0 -9999.0 -9999.0 -9999.0 -9999.0 -9999.0 -9999.0 -9999.0 -9999.0 -9999.0 -9999.0 -9999.0 -9999.0 -9999.0 -9999.0 -9999.0 -9999.0 -9999.0 -9999.0 -9999.0 -9999.0 -9999.0 -9999.0 -9999.0 -9999.0 -9999.0 -9999.0 -9999.0 -9999.0 -9999.0 -9999.0 -9999.0 -9999.0 -9999.0 -9999.0 -9999.0 -9999.0 -9999.0 -9999.0 -9999.0 -9999.0 -9999.0 -9999.0 93.1 165.2 234.3 264.1 338.8 -9999.0 -9999.0 -9999.0 -9999.0 -9999.0 -9999.0 -9999.0 -9999.0 -9999.0 -9999.0 -9999.0 240.9 246.0 242.3 243.1 256.5
-9999.0 -9999.0 -9999.0 -9999.0 -9999.0 -9999.0 -9999.0 -9999.0 -9999.0 -9999.0 -9999.0 -9999.0 -9999.0 -9999.0 -9999.0 -9999.0 -9999.0 -9999.0 -9999.0 -9999.0 -9999.0 -9999.0 -9999.0 -9999.0 -9999.0 -9999.0 -9999.0 -9999.0 -9999.0 -9999.0 -9999.0 -9999.0 -9999.0 -9999.0 -9999.0 -9999.0 -9999.0 -9999.0 -9999.0 -9999.0 -9999.0 -9999.0 -9999.0 -9999.0 -9999.0 -9999.0 -9999.0 -9999.0 -9999.0 -9999.0 -9999.0 -9999.0 -9999.0 -9999.0 -9999.0 -9999.0 -9999.0 -9999.0 -9999.0 -9999.0 -9999.0 -9999.0 -9999.0 -9999.0 -9999.0 -9999.0 -9999.0 -9999.0 -9999.0 -9999.0 -9999.0 -9999.0 -9999.0 228.6 236.6 249.0 264.7
