program/excelProcessViaJava/data/SURF_CLI_CHN_PRE_MON_GRID_0.5-200602.txt
NCOLS      128
NROWS       72
XLLCORNER    72.000000000000    
YLLCORNER    18.000000000000    
CELLSIZE    0.50000000000000    
NODATA_VALUE   -9999.000    
[rows 35 to 69 of 72, columns 0 to 78 of 128]
-9999.0 -9999.0 -9999.0 -9999.0 -9999.0 -9999.0 -9999.0 0.2 0.0 0.7 0.0 0.0 2.1 1.5 2.0 12.3 7.8 10.0 9.5 7.2 2.8 0.6 0.3 0.3 0.3 0.3 0.2 0.2 0.2 0.1 0.2 0.4 0.6 0.5 0.3 0.6 0.2 0.3 0.1 0.1 0.4 0.1 0.3 1.3 2.2 1.8 2.0 1.3 1.6 1.3 2.6 6.0 7.3 1.5 1.2 0.6 0.7 1.5 4.2 4.9 8.6 9.3 11.8 13.5 13.2 6.7 7.7 8.9 9.2 11.3 10.6 11.4 14.5 15.2 13.2 13.3 10.9 11.3 11.7
-9999.0 -9999.0 -9999.0 -9999.0 -9999.0 -9999.0 -9999.0 0.0 0.9 0.0 0.0 0.3 0.2 0.0 0.6 0.0 1.1 1.4 0.1 1.2 1.1 0.2 0.4 0.3 0.3 0.3 0.3 0.1 0.4 0.6 0.3 0.4 0.6 0.3 0.6 0.5 0.5 0.3 0.2 0.2 0.2 0.3 0.4 0.5 2.0 2.7 3.0 3.1 3.5 4.2 3.2 3.7 6.2 3.1 1.2 0.3 0.2 0.9 2.5 4.0 5.5 8.6 12.1 16.5 14.4 12.3 11.2 10.8 14.7 12.0 13.0 15.2 19.1 20.1 14.1 18.7 16.5 11.9 10.6
-9999.0 -9999.0 -9999.0 -9999.0 -9999.0 -9999.0 -9999.0 -9999.0 -9999.0 0.0 0.1 0.5 0.0 0.1 0.5 1.1 0.3 0.0 0.1 0.0 0.1 0.4 0.5 0.4 0.4 0.5 0.3 0.3 0.7 0.3 1.1 0.9 0.9 0.7 1.1 1.0 0.8 0.5 0.5 0.4 0.4 0.5 0.8 1.5 2.2 3.1 3.8 4.2 4.4 4.6 4.4 4.7 4.6 3.4 1.9 0.7 0.3 0.9 2.5 3.2 3.8 5.1 7.4 11.6 14.2 14.9 13.8 12.7 18.0 14.6 16.2 16.3 19.9 22.2 23.3 14.0 13.8 11.7 10.3
-9999.0 -9999.0 -9999.0 -9999.0 -9999.0 -9999.0 -9999.0 -9999.0 -9999.0 -9999.0 -9999.0 0.0 1.5 0.0 0.1 0.1 0.2 0.3 0.4 0.2 0.1 0.2 0.2 0.4 0.1 0.2 0.1 0.2 0.3 0.6 0.8 0.4 1.0 1.0 1.2 0.6 1.0 0.8 0.3 0.7 0.6 0.9 1.5 2.3 2.7 4.1 4.3 5.1 5.1 5.2 5.7 5.8 5.4 4.5 3.8 3.1 2.2 3.0 3.5 3.7 4.1 3.9 4.7 6.8 10.6 13.3 11.1 14.7 17.9 19.7 19.1 20.1 20.0 19.8 19.7 19.4 17.7 14.8 12.9
-9999.0 -9999.0 -9999.0 -9999.0 -9999.0 -9999.0 -9999.0 -9999.0 -9999.0 -9999.0 -9999.0 -9999.0 0.6 0.8 0.0 0.2 0.0 0.1 0.1 0.0 0.4 0.2 0.2 0.4 0.0 0.3 0.5 0.2 0.3 0.1 0.6 0.8 1.0 0.7 0.8 1.1 0.5 1.0 1.2 1.3 1.5 1.9 2.4 3.0 4.1 4.9 5.4 6.0 5.9 5.9 6.3 7.1 7.9 7.8 7.2 6.7 6.3 6.5 4.9 6.2 5.1 5.8 6.5 7.0 8.9 17.0 16.5 21.4 24.2 26.4 19.3 20.8 22.7 24.0 22.2 50.2 29.9 25.5 20.7
-9999.0 -9999.0 -9999.0 -9999.0 -9999.0 -9999.0 -9999.0 -9999.0 -9999.0 -9999.0 -9999.0 -9999.0 0.0 1.1 1.9 0.1 1.1 0.4 0.0 0.1 0.1 0.1 0.1 0.4 0.9 0.5 0.4 0.9 0.5 0.9 0.6 0.4 0.8 1.1 1.1 1.4 0.9 1.0 1.2 1.6 2.1 2.7 3.0 4.3 4.8 5.3 5.9 5.9 5.4 6.2 7.7 10.0 11.6 12.1 10.9 10.4 9.1 9.0 7.6 6.7 6.0 6.5 8.6 11.5 8.9 16.9 8.1 13.6 18.2 23.8 31.7 43.7 47.0 26.9 29.5 28.2 28.2 41.6 34.5
-9999.0 -9999.0 -9999.0 -9999.0 -9999.0 -9999.0 -9999.0 -9999.0 -9999.0 -9999.0 -9999.0 -9999.0 -9999.0 0.1 0.0 1.2 0.1 0.5 0.7 0.6 0.3 0.7 0.1 0.8 0.6 0.1 0.1 0.1 0.2 0.3 0.7 0.9 0.6 0.8 1.6 1.6 1.6 1.4 0.8 1.5 2.1 2.7 3.7 4.3 5.3 5.6 5.3 5.1 5.4 6.4 9.0 12.3 14.8 15.6 14.8 12.7 10.4 9.8 10.0 9.2 8.5 8.5 11.3 10.2 3.5 11.0 20.9 21.1 25.5 23.4 21.2 18.7 20.5 25.3 36.6 32.4 34.0 33.8 30.7
-9999.0 -9999.0 -9999.0 -9999.0 -9999.0 -9999.0 -9999.0 -9999.0 -9999.0 -9999.0 -9999.0 -9999.0 0.0 0.0 0.0 0.2 0.0 0.1 0.1 1.0 1.0 0.9 0.6 0.8 0.9 0.1 0.2 0.4 0.4 0.3 0.5 0.9 0.5 1.1 1.3 1.7 1.4 1.7 1.6 1.8 1.8 2.3 3.1 5.0 5.1 4.8 4.2 3.4 4.0 5.9 10.2 14.6 17.1 18.1 15.9 12.9 11.0 7.4 8.7 7.6 8.6 11.6 14.4 19.5 18.9 17.0 6.2 13.9 30.6 39.8 34.1 23.2 22.0 29.2 32.3 33.5 37.4 39.9 35.2
-9999.0 -9999.0 -9999.0 -9999.0 -9999.0 -9999.0 -9999.0 -9999.0 -9999.0 -9999.0 -9999.0 -9999.0 0.0 0.6 0.2 0.0 0.0 0.4 0.5 0.1 1.1 0.4 0.5 0.6 1.1 1.2 0.8 0.7 0.5 0.6 0.7 0.6 0.5 1.3 1.6 1.7 1.8 1.5 1.4 1.6 2.1 3.2 4.3 5.0 4.8 4.1 3.9 3.7 4.4 5.0 8.7 14.6 15.7 15.4 15.3 12.7 10.7 9.7 8.5 10.7 13.0 16.7 18.5 19.6 19.1 12.5 21.6 19.3 23.7 26.9 27.1 26.3 29.7 36.5 41.0 35.5 39.2 39.9 38.3
-9999.0 -9999.0 -9999.0 -9999.0 -9999.0 -9999.0 -9999.0 -9999.0 -9999.0 -9999.0 -9999.0 -9999.0 1.0 0.0 0.7 0.2 0.3 0.0 0.1 0.2 0.0 0.0 0.5 0.2 0.5 0.1 0.2 0.1 0.4 0.4 0.4 0.2 0.6 1.1 1.4 1.5 1.5 1.2 1.1 1.2 1.8 2.9 3.9 5.2 4.6 4.2 4.2 3.8 4.3 7.0 10.3 11.3 18.6 19.8 18.4 15.2 14.2 12.9 13.0 12.5 15.6 20.7 27.7 26.7 15.4 19.7 26.7 34.6 39.1 39.3 38.4 38.2 40.5 47.1 78.2 47.9 63.6 40.2 41.4
-9999.0 -9999.0 -9999.0 -9999.0 -9999.0 -9999.0 -9999.0 -9999.0 -9999.0 -9999.0 -9999.0 -9999.0 -9999.0 0.0 0.0 0.2 0.1 0.3 0.1 0.0 0.0 0.2 0.1 0.1 0.7 0.4 0.4 0.5 0.1 0.4 0.1 0.2 0.2 0.6 0.8 0.8 1.0 0.8 0.8 0.9 1.5 2.9 4.0 4.7 4.8 4.4 4.8 5.1 7.7 10.1 10.6 14.9 15.3 12.6 19.5 19.5 17.8 16.7 17.9 21.1 24.9 29.7 35.4 29.0 21.5 24.8 35.8 46.7 51.3 52.9 51.5 47.5 47.8 41.6 47.7 41.4 43.3 46.2 49.0
-9999.0 -9999.0 -9999.0 -9999.0 -9999.0 -9999.0 -9999.0 -9999.0 -9999.0 -9999.0 -9999.0 -9999.0 -9999.0 1.8 0.0 0.2 0.0 0.4 0.4 0.2 0.0 0.0 0.0 0.1 1.4 0.6 0.4 0.6 0.2 0.0 0.0 0.0 0.1 0.2 0.3 0.5 0.6 0.5 0.7 1.6 1.7 2.9 4.2 5.2 6.5 6.2 7.1 9.4 10.8 11.9 13.3 8.7 14.6 19.1 21.2 20.4 19.1 20.2 23.2 26.3 33.5 40.7 40.1 31.9 22.8 26.9 39.1 47.7 51.8 58.0 59.2 52.6 48.9 53.3 62.2 69.7 71.2 58.4 66.7
-9999.0 -9999.0 -9999.0 -9999.0 -9999.0 -9999.0 -9999.0 -9999.0 -9999.0 -9999.0 -9999.0 -9999.0 -9999.0 -9999.0 -9999.0 0.1 0.4 0.1 0.5 1.2 0.1 0.6 1.0 0.7 0.4 0.5 0.0 0.1 0.0 0.1 0.0 0.0 0.0 0.1 0.2 0.3 0.5 0.3 0.6 1.3 2.8 4.3 5.3 6.0 6.8 11.1 10.9 19.0 14.3 13.9 11.7 18.6 13.5 16.2 7.6 18.1 18.7 12.3 24.9 30.3 40.5 33.7 45.1 33.9 24.4 29.6 39.5 44.0 47.7 57.3 60.1 53.7 57.1 66.0 77.0 93.1 86.3 85.4 74.5
-9999.0 -9999.0 -9999.0 -9999.0 -9999.0 -9999.0 -9999.0 -9999.0 -9999.0 -9999.0 -9999.0 -9999.0 -9999.0 -9999.0 -9999.0 -9999.0 -9999.0 12.7 7.1 -9999.0 5.7 0.9 3.3 3.2 0.8 0.9 0.0 0.1 0.2 0.0 0.0 0.0 0.0 0.1 0.2 0.2 0.5 0.2 0.8 1.8 3.4 5.9 6.6 7.1 11.0 15.6 64.9 17.8 22.4 18.1 15.2 12.6 9.0 19.5 20.6 18.9 12.4 18.9 22.5 30.1 20.6 35.5 47.2 39.0 31.1 33.8 39.9 44.7 51.4 60.1 64.8 60.5 67.6 68.7 91.3 108.7 100.1 87.2 89.3
-9999.0 -9999.0 -9999.0 -9999.0 -9999.0 -9999.0 -9999.0 -9999.0 -9999.0 -9999.0 -9999.0 -9999.0 -9999.0 -9999.0 -9999.0 -9999.0 -9999.0 -9999.0 -9999.0 -9999.0 -9999.0 4.8 2.8 0.4 1.8 4.8 3.0 1.4 0.3 0.2 0.0 0.1 0.1 0.1 0.1 0.2 0.3 0.4 0.4 0.4 1.1 7.8 9.9 10.6 12.3 16.8 98.0 37.4 27.5 35.1 25.2 33.6 33.8 20.1 21.8 21.6 17.3 11.9 22.3 25.8 20.3 30.6 42.9 42.2 39.4 40.0 43.5 46.6 52.4 58.8 59.4 61.5 66.4 72.9 93.3 108.8 105.1 99.3 114.9
-9999.0 -9999.0 -9999.0 -9999.0 -9999.0 -9999.0 -9999.0 -9999.0 -9999.0 -9999.0 -9999.0 -9999.0 -9999.0 -9999.0 -9999.0 -9999.0 -9999.0 -9999.0 -9999.0 -9999.0 -9999.0 -9999.0 -9999.0 17.0 6.8 6.7 5.0 2.3 0.2 0.2 0.0 0.0 0.0 0.0 0.1 0.2 0.7 0.7 2.5 4.9 7.2 11.2 10.8 9.7 17.1 91.2 58.9 62.8 87.1 93.2 50.7 47.0 44.6 42.8 27.4 6.4 14.3 16.4 7.5 20.6 24.0 30.7 28.1 24.7 30.7 44.1 50.0 46.4 46.1 48.2 56.6 60.1 68.0 89.8 104.3 118.4 126.3 129.5 153.0
-9999.0 -9999.0 -9999.0 -9999.0 -9999.0 -9999.0 -9999.0 -9999.0 -9999.0 -9999.0 -9999.0 -9999.0 -9999.0 -9999.0 -9999.0 -9999.0 -9999.0 -9999.0 -9999.0 -9999.0 -9999.0 -9999.0 -9999.0 -9999.0 -9999.0 20.3 12.5 0.2 0.2 0.0 0.0 0.1 0.1 0.1 0.1 0.4 1.4 1.3 4.1 5.1 11.0 11.9 7.2 13.3 52.5 100.9 115.1 189.4 64.2 106.5 65.5 74.7 71.5 66.3 34.6 17.1 15.2 7.6 13.6 16.6 26.0 33.0 37.4 16.0 23.7 43.0 52.2 46.8 48.3 54.6 51.0 55.9 64.5 102.2 129.7 133.7 130.6 146.3 177.9
-9999.0 -9999.0 -9999.0 -9999.0 -9999.0 -9999.0 -9999.0 -9999.0 -9999.0 -9999.0 -9999.0 -9999.0 -9999.0 -9999.0 -9999.0 -9999.0 -9999.0 -9999.0 -9999.0 -9999.0 -9999.0 -9999.0 -9999.0 -9999.0 -9999.0 -9999.0 -9999.0 12.3 8.9 3.6 1.3 0.4 0.1 0.1 0.1 0.1 0.4 0.9 0.6 4.5 11.0 8.8 12.0 34.7 62.5 101.6 143.7 188.5 233.7 201.1 281.4 275.1 109.3 88.8 52.4 31.7 8.6 4.2 10.0 11.9 19.0 32.2 20.8 15.3 15.3 24.9 44.0 37.6 37.2 44.2 47.5 66.0 66.5 103.9 122.0 133.8 162.0 162.3 155.9
-9999.0 -9999.0 -9999.0 -9999.0 -9999.0 -9999.0 -9999.0 -9999.0 -9999.0 -9999.0 -9999.0 -9999.0 -9999.0 -9999.0 -9999.0 -9999.0 -9999.0 -9999.0 -9999.0 -9999.0 -9999.0 -9999.0 -9999.0 -9999.0 -9999.0 -9999.0 -9999.0 -9999.0 -9999.0 -9999.0 -9999.0 -9999.0 -9999.0 0.1 0.2 -9999.0 -9999.0 -9999.0 0.2 2.9 3.5 7.1 14.6 34.6 58.6 91.1 -9999.0 -9999.0 -9999.0 -9999.0 -9999.0 -9999.0 167.2 86.3 53.7 18.6 6.1 3.2 4.3 8.7 18.1 26.1 21.6 14.7 12.4 17.0 27.3 35.8 38.9 38.3 40.6 63.3 81.7 88.1 129.8 135.9 170.8 152.5 142.6
-9999.0 -9999.0 -9999.0 -9999.0 -9999.0 -9999.0 -9999.0 -9999.0 -9999.0 -9999.0 -9999.0 -9999.0 -9999.0 -9999.0 -9999.0 -9999.0 -9999.0 -9999.0 -9999.0 -9999.0 -9999.0 -9999.0 -9999.0 -9999.0 -9999.0 -9999.0 -9999.0 -9999.0 -9999.0 -9999.0 -9999.0 -9999.0 -9999.0 -9999.0 -9999.0 -9999.0 -9999.0 -9999.0 -9999.0 0.1 1.3 5.0 12.7 26.2 -9999.0 -9999.0 -9999.0 -9999.0 -9999.0 -9999.0 -9999.0 -9999.0 140.1 78.3 41.2 14.5 5.1 3.4 3.6 6.3 12.9 18.4 18.0 13.6 13.7 17.4 25.5 31.8 32.1 40.3 49.5 57.0 61.5 92.9 107.2 135.3 151.1 144.3 143.1
-9999.0 -9999.0 -9999.0 -9999.0 -9999.0 -9999.0 -9999.0 -9999.0 -9999.0 -9999.0 -9999.0 -9999.0 -9999.0 -9999.0 -9999.0 -9999.0 -9999.0 -9999.0 -9999.0 -9999.0 -9999.0 -9999.0 -9999.0 -9999.0 -9999.0 -9999.0 -9999.0 -9999.0 -9999.0 -9999.0 -9999.0 -9999.0 -9999.0 -9999.0 -9999.0 -9999.0 -9999.0 -9999.0 -9999.0 -9999.0 -9999.0 -9999.0 -9999.0 -9999.0 -9999.0 -9999.0 -9999.0 -9999.0 -9999.0 -9999.0 -9999.0 -9999.0 109.1 68.5 34.0 17.4 7.8 5.7 4.4 5.4 8.6 12.9 15.7 14.1 16.8 25.5 34.1 31.7 29.8 33.2 40.2 51.8 86.1 94.2 116.7 125.7 136.9 131.8 127.8
-9999.0 -9999.0 -9999.0 -9999.0 -9999.0 -9999.0 -9999.0 -9999.0 -9999.0 -9999.0 -9999.0 -9999.0 -9999.0 -9999.0 -9999.0 -9999.0 -9999.0 -9999.0 -9999.0 -9999.0 -9999.0 -9999.0 -9999.0 -9999.0 -9999.0 -9999.0 -9999.0 -9999.0 -9999.0 -9999.0 -9999.0 -9999.0 -9999.0 -9999.0 -9999.0 -9999.0 -9999.0 -9999.0 -9999.0 -9999.0 -9999.0 -9999.0 -9999.0 -9999.0 -9999.0 -9999.0 -9999.0 -9999.0 -9999.0 -9999.0 -9999.0 101.9 84.4 59.3 31.6 21.1 14.9 8.3 5.8 2.2 6.3 8.8 12.9 17.5 24.3 36.1 39.3 26.6 31.2 31.5 38.2 54.1 74.6 98.0 116.0 123.8 127.0 129.0 124.6
-9999.0 -9999.0 -9999.0 -9999.0 -9999.0 -9999.0 -9999.0 -9999.0 -9999.0 -9999.0 -9999.0 -9999.0 -9999.0 -9999.0 -9999.0 -9999.0 -9999.0 -9999.0 -9999.0 -9999.0 -9999.0 -9999.0 -9999.0 -9999.0 -9999.0 -9999.0 -9999.0 -9999.0 -9999.0 -9999.0 -9999.0 -9999.0 -9999.0 -9999.0 -9999.0 -9999.0 -9999.0 -9999.0 -9999.0 -9999.0 -9999.0 -9999.0 -9999.0 -9999.0 -9999.0 -9999.0 -9999.0 -9999.0 -9999.0 -9999.0 44.8 81.0 68.9 53.6 36.7 27.7 19.3 9.8 5.2 3.6 4.0 5.8 9.9 17.2 28.4 37.5 38.9 31.6 36.6 37.1 48.9 65.3 91.5 114.0 119.9 116.3 127.8 112.0 121.8
-9999.0 -9999.0 -9999.0 -9999.0 -9999.0 -9999.0 -9999.0 -9999.0 -9999.0 -9999.0 -9999.0 -9999.0 -9999.0 -9999.0 -9999.0 -9999.0 -9999.0 -9999.0 -9999.0 -9999.0 -9999.0 -9999.0 -9999.0 -9999.0 -9999.0 -9999.0 -9999.0 -9999.0 -9999.0 -9999.0 -9999.0 -9999.0 -9999.0 -9999.0 -9999.0 -9999.0 -9999.0 -9999.0 -9999.0 -9999.0 -9999.0 -9999.0 -9999.0 -9999.0 -9999.0 -9999.0 -9999.0 -9999.0 -9999.0 -9999.0 15.6 58.8 30.4 40.8 35.6 25.5 4.2 8.6 4.3 2.6 2.9 4.0 5.6 12.5 22.6 26.7 29.4 25.5 33.4 39.9 55.9 76.0 97.9 111.7 110.0 107.0 100.3 113.6 115.1
-9999.0 -9999.0 -9999.0 -9999.0 -9999.0 -9999.0 -9999.0 -9999.0 -9999.0 -9999.0 -9999.0 -9999.0 -9999.0 -9999.0 -9999.0 -9999.0 -9999.0 -9999.0 -9999.0 -9999.0 -9999.0 -9999.0 -9999.0 -9999.0 -9999.0 -9999.0 -9999.0 -9999.0 -9999.0 -9999.0 -9999.0 -9999.0 -9999.0 -9999.0 -9999.0 -9999.0 -9999.0 -9999.0 -9999.0 -9999.0 -9999.0 -9999.0 -9999.0 -9999.0 -9999.0 -9999.0 -9999.0 -9999.0 -9999.0 -9999.0 0.3 7.5 3.9 32.2 11.8 7.8 12.6 5.1 4.7 3.8 4.2 4.4 4.2 6.7 14.5 19.3 19.1 18.7 23.7 41.6 49.5 71.3 76.6 85.0 82.0 86.2 80.3 103.3 108.1
-9999.0 -9999.0 -9999.0 -9999.0 -9999.0 -9999.0 -9999.0 -9999.0 -9999.0 -9999.0 -9999.0 -9999.0 -9999.0 -9999.0 -9999.0 -9999.0 -9999.0 -9999.0 -9999.0 -9999.0 -9999.0 -9999.0 -9999.0 -9999.0 -9999.0 -9999.0 -9999.0 -9999.0 -9999.0 -9999.0 -9999.0 -9999.0 -9999.0 -9999.0 -9999.0 -9999.0 -9999.0 -9999.0 -9999.0 -9999.0 -9999.0 -9999.0 -9999.0 -9999.0 -9999.0 -9999.0 -9999.0 -9999.0 -9999.0 -9999.0 0.2 6.2 3.1 8.1 7.5 10.2 1.3 4.9 7.2 7.9 7.5 4.6 1.9 4.5 9.7 13.6 17.5 18.3 28.4 21.2 37.3 47.4 57.7 65.2 69.6 85.0 91.3 112.2 107.7
-9999.0 -9999.0 -9999.0 -9999.0 -9999.0 -9999.0 -9999.0 -9999.0 -9999.0 -9999.0 -9999.0 -9999.0 -9999.0 -9999.0 -9999.0 -9999.0 -9999.0 -9999.0 -9999.0 -9999.0 -9999.0 -9999.0 -9999.0 -9999.0 -9999.0 -9999.0 -9999.0 -9999.0 -9999.0 -9999.0 -9999.0 -9999.0 -9999.0 -9999.0 -9999.0 -9999.0 -9999.0 -9999.0 -9999.0 -9999.0 -9999.0 -9999.0 -9999.0 -9999.0 -9999.0 -9999.0 -9999.0 -9999.0 -9999.0 -9999.0 -9999.0 -9999.0 -9999.0 0.5 1.6 2.8 4.8 8.9 11.5 16.8 18.3 9.8 9.4 8.5 9.7 11.6 17.8 16.1 26.6 31.0 32.1 39.6 53.7 70.5 89.2 112.5 124.8 126.7 118.0
-9999.0 -9999.0 -9999.0 -9999.0 -9999.0 -9999.0 -9999.0 -9999.0 -9999.0 -9999.0 -9999.0 -9999.0 -9999.0 -9999.0 -9999.0 -9999.0 -9999.0 -9999.0 -9999.0 -9999.0 -9999.0 -9999.0 -9999.0 -9999.0 -9999.0 -9999.0 -9999.0 -9999.0 -9999.0 -9999.0 -9999.0 -9999.0 -9999.0 -9999.0 -9999.0 -9999.0 -9999.0 -9999.0 -9999.0 -9999.0 -9999.0 -9999.0 -9999.0 -9999.0 -9999.0 -9999.0 -9999.0 -9999.0 -9999.0 -9999.0 -9999.0 -9999.0 -9999.0 0.3 1.1 13.3 8.0 10.5 22.5 37.7 37.2 28.4 31.2 22.6 19.2 18.0 17.0 29.9 30.0 34.3 35.3 46.7 67.4 92.1 114.8 121.7 121.2 103.6 92.9
-9999.0 -9999.0 -9999.0 -9999.0 -9999.0 -9999.0 -9999.0 -9999.0 -9999.0 -9999.0 -9999.0 -9999.0 -9999.0 -9999.0 -9999.0 -9999.0 -9999.0 -9999.0 -9999.0 -9999.0 -9999.0 -9999.0 -9999.0 -9999.0 -9999.0 -9999.0 -9999.0 -9999.0 -9999.0 -9999.0 -9999.0 -9999.0 -9999.0 -9999.0 -9999.0 -9999.0 -9999.0 -9999.0 -9999.0 -9999.0 -9999.0 -9999.0 -9999.0 -9999.0 -9999.0 -9999.0 -9999.0 -9999.0 -9999.0 -9999.0 -9999.0 -9999.0 -9999.0 0.6 0.3 11.5 15.2 18.1 32.8 48.1 65.5 63.7 64.1 53.5 32.2 -9999.0 -9999.0 -9999.0 50.8 50.8 54.7 66.0 82.7 100.3 110.2 101.9 79.2 58.0 68.2
-9999.0 -9999.0 -9999.0 -9999.0 -9999.0 -9999.0 -9999.0 -9999.0 -9999.0 -9999.0 -9999.0 -9999.0 -9999.0 -9999.0 -9999.0 -9999.0 -9999.0 -9999.0 -9999.0 -9999.0 -9999.0 -9999.0 -9999.0 -9999.0 -9999.0 -9999.0 -9999.0 -9999.0 -9999.0 -9999.0 -9999.0 -9999.0 -9999.0 -9999.0 -9999.0 -9999.0 -9999.0 -9999.0 -9999.0 -9999.0 -9999.0 -9999.0 -9999.0 -9999.0 -9999.0 -9999.0 -9999.0 -9999.0 -9999.0 -9999.0 -9999.0 -9999.0 -9999.0 -9999.0 5.1 11.8 11.1 15.4 42.3 69.9 55.0 -9999.0 -9999.0 -9999.0 -9999.0 -9999.0 -9999.0 -9999.0 61.7 71.2 78.3 76.8 81.3 85.2 82.6 70.0 45.6 24.0 25.9
-9999.0 -9999.0 -9999.0 -9999.0 -9999.0 -9999.0 -9999.0 -9999.0 -9999.0 -9999.0 -9999.0 -9999.0 -9999.0 -9999.0 -9999.0 -9999.0 -9999.0 -9999.0 -9999.0 -9999.0 -9999.0 -9999.0 -9999.0 -9999.0 -9999.0 -9999.0 -9999.0 -9999.0 -9999.0 -9999.0 -9999.0 -9999.0 -9999.0 -9999.0 -9999.0 -9999.0 -9999.0 -9999.0 -9999.0 -9999.0 -9999.0 -9999.0 -9999.0 -9999.0 -9999.0 -9999.0 -9999.0 -9999.0 -9999.0 -9999.0 -9999.0 -9999.0 -9999.0 -9999.0 -9999.0 9.3 33.4 28.0 33.0 59.9 67.7 -9999.0 -9999.0 -9999.0 -9999.0 -9999.0 -9999.0 -9999.0 -9999.0 -9999.0 73.0 -9999.0 -9999.0 -9999.0 -9999.0 -9999.0 37.6 -9999.0 -9999.0
-9999.0 -9999.0 -9999.0 -9999.0 -9999.0 -9999.0 -9999.0 -9999.0 -9999.0 -9999.0 -9999.0 -9999.0 -9999.0 -9999.0 -9999.0 -9999.0 -9999.0 -9999.0 -9999.0 -9999.0 -9999.0 -9999.0 -9999.0 -9999.0 -9999.0 -9999.0 -9999.0 -9999.0 -9999.0 -9999.0 -9999.0 -9999.0 -9999.0 -9999.0 -9999.0 -9999.0 -9999.0 -9999.0 -9999.0 -9999.0 -9999.0 -9999.0 -9999.0 -9999.0 -9999.0 -9999.0 -9999.0 -9999.0 -9999.0 -9999.0 -9999.0 -9999.0 -9999.0 -9999.0 -9999.0 -9999.0 -9999.0 -9999.0 41.6 44.7 -9999.0 -9999.0 -9999.0 -9999.0 -9999.0 -9999.0 -9999.0 -9999.0 -9999.0 -9999.0 -9999.0 -9999.0 -9999.0 -9999.0 -9999.0 44.8 41.6 -9999.0 -9999.0
-9999.0 -9999.0 -9999.0 -9999.0 -9999.0 -9999.0 -9999.0 -9999.0 -9999.0 -9999.0 -9999.0 -9999.0 -9999.0 -9999.0 -9999.0 -9999.0 -9999.0 -9999.0 -9999.0 -9999.0 -9999.0 -9999.0 -9999.0 -9999.0 -9999.0 -9999.0 -9999.0 -9999.0 -9999.0 -9999.0 -9999.0 -9999.0 -9999.0 -9999.0 -9999.0 -9999.0 -9999.0 -9999.0 -9999.0 -9999.0 -9999.0 -9999.0 -9999.0 -9999.0 -9999.0 -9999.0 -9999.0 -9999.0 -9999.0 -9999.0 -9999.0 -9999.0 -9999.0 -9999.0 -9999.0 -9999.0 -9999.0 -9999.0 -9999.0 -9999.0 -9999.0 -9999.0 -9999.0 -9999.0 -9999.0 -9999.0 -9999.0 -9999.0 -9999.0 -9999.0 -9999.0 -9999.0 -9999.0 -9999.0 -9999.0 -9999.0 -9999.0 -9999.0 -9999.0
-9999.0 -9999.0 -9999.0 -9999.0 -9999.0 -9999.0 -9999.0 -9999.0 -9999.0 -9999.0 -9999.0 -9999.0 -9999.0 -9999.0 -9999.0 -9999.0 -9999.0 -9999.0 -9999.0 -9999.0 -9999.0 -9999.0 -9999.0 -9999.0 -9999.0 -9999.0 -9999.0 -9999.0 -9999.0 -9999.0 -9999.0 -9999.0 -9999.0 -9999.0 -9999.0 -9999.0 -9999.0 -9999.0 -9999.0 -9999.0 -9999.0 -9999.0 -9999.0 -9999.0 -9999.0 -9999.0 -9999.0 -9999.0 -9999.0 -9999.0 -9999.0 -9999.0 -9999.0 -9999.0 -9999.0 -9999.0 -9999.0 -9999.0 -9999.0 -9999.0 -9999.0 -9999.0 -9999.0 -9999.0 -9999.0 -9999.0 -9999.0 -9999.0 -9999.0 -9999.0 -9999.0 -9999.0 -9999.0 -9999.0 -9999.0 43.1 55.1 62.0 -9999.0
-9999.0 -9999.0 -9999.0 -9999.0 -9999.0 -9999.0 -9999.0 -9999.0 -9999.0 -9999.0 -9999.0 -9999.0 -9999.0 -9999.0 -9999.0 -9999.0 -9999.0 -9999.0 -9999.0 -9999.0 -9999.0 -9999.0 -9999.0 -9999.0 -9999.0 -9999.0 -9999.0 -9999.0 -9999.0 -9999.0 -9999.0 -9999.0 -9999.0 -9999.0 -9999.0 -9999.0 -9999.0 -9999.0 -9999.0 -9999.0 -9999.0 -9999.0 -9999.0 -9999.0 -9999.0 -9999.0 -9999.0 -9999.0 -9999.0 -9999.0 -9999.0 -9999.0 -9999.0 -9999.0 -9999.0 -9999.0 -9999.0 -9999.0 -9999.0 -9999.0 -9999.0 -9999.0 -9999.0 -9999.0 -9999.0 -9999.0 -9999.0 -9999.0 -9999.0 -9999.0 -9999.0 -9999.0 -9999.0 9.6 28.4 46.1 73.0 -9999.0 -9999.0
