program/excelProcessViaJava/data/SURF_CLI_CHN_PRE_MON_GRID_0.5-201007.txt
NCOLS      128
NROWS       72
XLLCORNER    72.000000000000    
YLLCORNER    18.000000000000    
CELLSIZE    0.50000000000000    
NODATA_VALUE   -9999.000    
[rows 33 to 65 of 72, columns 0 to 73 of 128]
-9999.0 -9999.0 -9999.0 -9999.0 4.9 9.9 15.1 25.2 32.8 15.9 29.9 29.5 26.9 16.6 12.7 12.0 11.9 12.1 11.4 11.9 13.0 14.9 16.9 22.4 27.9 37.5 46.1 109.6 86.6 95.4 103.5 101.3 101.7 112.2 95.5 94.1 85.1 112.4 95.0 60.7 28.6 16.1 13.1 10.7 10.7 11.8 15.4 25.1 36.6 33.6 41.5 75.2 97.7 119.1 70.2 74.6 80.5 115.9 115.3 128.7 101.3 57.2 30.7 8.7 4.6 10.3 17.2 16.0 22.8 18.0 14.8 18.0 27.8 41.3
-9999.0 -9999.0 -9999.0 -9999.0 3.1 7.1 12.2 18.5 25.6 35.3 33.3 54.1 57.6 63.8 31.4 31.8 33.3 19.8 12.9 12.2 20.6 27.5 36.7 66.7 97.9 106.8 99.1 101.5 101.3 103.6 105.6 114.8 110.7 112.2 115.8 107.3 115.2 118.2 90.1 59.8 71.3 28.4 21.6 14.3 13.7 14.1 14.8 16.1 18.7 25.2 30.7 40.4 85.7 65.5 54.7 63.0 73.6 95.6 111.8 66.2 82.1 33.4 17.4 14.5 11.9 11.7 29.8 30.4 37.3 44.3 35.6 36.8 45.7 62.2
-9999.0 -9999.0 -9999.0 -9999.0 -9999.0 -9999.0 -9999.0 14.6 22.2 28.6 36.6 45.4 52.1 60.8 66.8 29.8 56.1 36.9 32.6 50.4 79.1 93.7 97.6 98.4 98.9 99.7 103.6 106.1 108.5 114.2 116.5 118.9 120.2 124.4 129.4 121.3 128.7 118.2 123.9 118.9 72.9 110.7 96.6 66.9 42.0 24.8 33.3 29.7 37.7 27.8 26.8 34.2 53.1 125.5 113.9 57.1 57.1 65.2 118.9 75.8 94.9 36.6 22.9 21.9 29.7 27.4 47.0 70.7 78.5 89.4 87.9 80.0 88.3 113.1
-9999.0 -9999.0 -9999.0 -9999.0 -9999.0 -9999.0 -9999.0 9.8 14.5 24.0 31.3 38.8 47.0 53.9 61.1 66.6 71.8 75.3 84.0 82.7 85.7 93.9 95.2 98.2 99.6 101.9 103.3 108.8 107.7 109.3 117.1 120.7 123.4 131.0 127.0 127.8 122.5 125.8 119.9 110.2 106.6 100.7 100.5 120.1 79.3 54.4 63.1 64.4 88.0 73.4 107.6 99.1 65.8 86.9 132.1 76.1 75.6 96.5 130.3 134.4 87.1 57.8 37.9 39.3 39.4 42.3 55.8 80.2 123.4 156.6 166.5 145.6 143.3 178.7
-9999.0 -9999.0 -9999.0 -9999.0 -9999.0 -9999.0 -9999.0 -9999.0 -9999.0 18.7 25.2 31.4 40.3 47.7 53.9 58.9 67.2 72.1 78.6 83.8 88.0 89.6 93.0 96.6 99.2 100.8 104.2 106.4 106.6 113.7 111.0 117.0 120.9 127.1 123.0 123.2 120.6 122.0 114.1 113.6 104.2 106.2 100.1 93.0 101.9 100.1 99.3 94.9 93.3 88.8 94.8 86.2 83.2 89.0 135.8 106.4 91.7 108.7 157.0 145.6 122.3 113.0 95.5 48.8 53.8 48.7 49.0 71.2 134.8 203.4 219.1 189.7 173.8 211.7
-9999.0 -9999.0 -9999.0 -9999.0 -9999.0 -9999.0 -9999.0 -9999.0 -9999.0 -9999.0 -9999.0 27.0 29.7 41.1 47.9 55.1 61.2 66.6 71.9 78.4 84.5 88.2 92.9 95.5 100.4 102.0 104.5 106.2 107.7 109.0 111.8 118.6 118.9 122.7 122.7 132.4 123.0 120.6 134.0 113.7 116.9 106.6 99.8 97.3 119.5 105.3 125.2 110.1 109.0 97.6 80.8 80.5 87.6 111.4 147.1 153.9 145.8 165.4 164.6 160.1 161.9 129.0 101.7 81.0 85.3 41.4 35.0 68.2 132.8 193.0 216.9 188.4 160.2 156.3
-9999.0 -9999.0 -9999.0 -9999.0 -9999.0 -9999.0 -9999.0 -9999.0 -9999.0 -9999.0 -9999.0 -9999.0 25.5 31.9 42.2 47.9 55.3 62.0 68.2 74.1 78.3 84.8 90.0 93.5 95.7 99.7 100.5 102.8 103.9 106.9 108.6 111.6 115.6 122.5 126.2 125.5 133.8 121.6 111.9 103.4 99.5 99.1 100.3 110.2 112.3 118.8 125.9 110.3 106.2 97.3 100.6 95.8 93.6 104.6 133.8 160.0 172.1 184.8 146.1 180.7 172.3 175.0 159.7 125.4 78.2 108.2 62.7 94.7 143.3 181.0 187.1 121.2 88.4 92.2
-9999.0 -9999.0 -9999.0 -9999.0 -9999.0 -9999.0 -9999.0 -9999.0 -9999.0 -9999.0 -9999.0 -9999.0 23.1 25.0 29.4 42.7 45.2 54.4 63.1 69.4 75.6 81.6 86.9 91.1 93.7 96.5 97.5 97.4 98.3 98.9 102.0 106.7 110.6 115.0 120.4 120.6 126.7 124.3 115.1 106.4 97.1 96.3 111.3 104.0 117.6 128.2 117.7 111.6 95.1 97.7 88.9 90.5 88.6 108.0 118.6 143.1 141.8 146.6 135.0 149.1 160.9 162.3 168.7 170.1 80.7 99.4 78.4 136.1 196.0 217.1 217.6 250.1 272.1 224.3
-9999.0 -9999.0 -9999.0 -9999.0 -9999.0 -9999.0 -9999.0 -9999.0 -9999.0 -9999.0 -9999.0 -9999.0 -9999.0 23.3 30.8 32.0 43.2 48.1 54.7 62.3 70.4 76.1 83.0 87.6 91.4 91.3 91.4 89.6 91.0 91.8 93.7 96.7 102.7 109.0 111.1 114.5 115.2 115.0 124.8 109.8 103.0 106.5 107.9 121.0 116.6 113.3 120.7 123.8 119.2 108.1 98.0 86.1 86.3 115.1 117.4 119.9 114.0 119.4 140.5 142.4 157.7 160.1 166.7 118.3 62.0 94.6 139.9 229.1 309.1 322.9 226.7 241.9 302.8 307.7
-9999.0 -9999.0 -9999.0 -9999.0 -9999.0 -9999.0 -9999.0 -9999.0 -9999.0 -9999.0 -9999.0 -9999.0 13.7 19.9 25.7 29.9 38.3 44.7 51.5 55.8 63.9 71.8 79.0 84.4 88.1 86.3 86.5 85.9 84.2 83.1 84.5 87.7 92.5 98.7 105.6 108.0 112.9 103.0 97.1 94.4 106.4 116.3 125.9 112.0 121.0 123.9 119.1 113.2 117.0 113.6 113.4 112.0 94.2 99.9 94.7 93.0 99.9 93.2 110.4 128.8 145.6 163.3 163.1 179.7 139.1 136.2 298.3 417.8 459.3 448.4 470.6 474.2 430.0 341.4
-9999.0 -9999.0 -9999.0 -9999.0 -9999.0 -9999.0 -9999.0 -9999.0 -9999.0 -9999.0 -9999.0 -9999.0 11.1 12.1 19.0 26.1 32.7 37.5 44.4 53.0 59.3 67.6 74.4 79.9 84.2 85.5 83.5 80.6 77.5 76.7 76.8 78.3 81.9 88.9 95.2 100.4 97.5 94.7 87.7 78.2 81.9 87.6 99.2 112.1 120.8 127.3 138.1 136.2 134.2 119.3 116.3 117.4 101.2 91.1 83.1 75.0 78.2 89.1 105.2 127.6 152.4 179.1 158.0 130.0 128.3 200.0 308.2 513.9 525.3 542.2 545.7 530.7 504.3 518.5
-9999.0 -9999.0 -9999.0 -9999.0 -9999.0 -9999.0 -9999.0 -9999.0 -9999.0 -9999.0 -9999.0 -9999.0 4.7 12.0 13.5 20.2 26.0 33.8 40.4 47.6 53.0 58.9 69.0 71.9 76.9 72.5 73.2 66.0 70.5 68.6 68.6 66.8 74.3 80.9 87.1 92.1 90.7 85.1 75.9 76.8 76.2 81.6 108.7 102.5 121.5 138.2 145.5 138.4 130.4 135.6 136.4 125.0 137.8 128.4 97.4 73.7 73.8 85.6 104.3 124.5 147.9 170.3 224.5 144.4 101.3 279.2 430.7 468.9 466.2 417.3 403.9 512.6 487.6 468.4
-9999.0 -9999.0 -9999.0 -9999.0 -9999.0 -9999.0 -9999.0 -9999.0 -9999.0 -9999.0 -9999.0 -9999.0 -9999.0 9.3 13.6 16.9 22.9 28.4 35.7 42.0 44.0 56.2 59.6 61.9 71.3 69.7 68.6 67.1 60.6 64.5 57.9 61.6 64.9 73.6 79.8 85.6 86.9 77.5 73.4 70.4 76.5 101.3 118.5 125.8 119.9 125.2 139.4 119.8 149.3 151.9 143.5 154.6 139.5 114.0 112.0 96.9 76.3 83.3 103.5 145.0 166.1 247.9 228.9 108.0 152.3 248.5 333.4 355.5 328.5 339.7 303.4 267.7 339.4 196.9
-9999.0 -9999.0 -9999.0 -9999.0 -9999.0 -9999.0 -9999.0 -9999.0 -9999.0 -9999.0 -9999.0 -9999.0 -9999.0 3.6 11.0 14.3 20.0 25.0 31.9 38.9 40.8 46.8 50.9 57.4 69.2 65.4 61.9 63.3 58.4 45.5 48.9 53.4 62.7 68.0 72.3 77.8 77.4 74.4 77.1 90.1 89.1 103.5 118.0 127.9 144.5 133.2 134.6 117.6 134.0 144.9 163.6 144.7 158.8 155.0 144.0 113.5 87.2 89.8 114.9 114.6 180.1 166.5 126.8 148.0 179.5 229.8 274.8 284.1 267.4 227.4 203.0 188.4 171.4 200.7
-9999.0 -9999.0 -9999.0 -9999.0 -9999.0 -9999.0 -9999.0 -9999.0 -9999.0 -9999.0 -9999.0 -9999.0 -9999.0 -9999.0 -9999.0 12.6 17.0 23.2 29.6 37.3 40.7 50.1 56.6 58.9 58.4 59.0 46.6 50.7 41.9 50.4 48.0 54.2 53.6 62.0 70.7 73.2 78.4 73.6 81.0 90.0 101.9 113.6 123.7 129.0 118.1 105.9 124.9 96.7 131.6 104.7 146.1 189.6 171.8 168.3 127.4 129.8 116.6 97.5 145.5 183.7 141.9 186.7 221.7 222.1 237.4 264.2 296.9 272.4 221.7 207.5 182.3 160.1 238.2 252.1
-9999.0 -9999.0 -9999.0 -9999.0 -9999.0 -9999.0 -9999.0 -9999.0 -9999.0 -9999.0 -9999.0 -9999.0 -9999.0 -9999.0 -9999.0 -9999.0 -9999.0 7.7 26.0 -9999.0 47.5 48.5 61.2 65.9 57.9 59.2 45.1 48.3 52.8 43.7 50.1 64.2 52.8 79.9 85.1 74.1 77.9 78.9 91.2 100.8 108.4 115.9 123.2 125.3 104.4 103.1 81.1 139.1 102.0 133.2 98.5 149.6 125.0 191.3 186.9 174.3 140.7 171.7 178.1 209.2 204.9 256.4 290.8 302.5 285.5 285.0 298.1 264.4 209.1 186.5 157.1 257.2 281.4 289.3
-9999.0 -9999.0 -9999.0 -9999.0 -9999.0 -9999.0 -9999.0 -9999.0 -9999.0 -9999.0 -9999.0 -9999.0 -9999.0 -9999.0 -9999.0 -9999.0 -9999.0 -9999.0 -9999.0 -9999.0 -9999.0 57.1 58.8 50.6 61.8 77.3 72.7 66.3 57.8 63.2 59.6 87.8 92.4 91.0 91.1 77.3 80.2 88.9 104.0 118.4 119.9 113.3 119.0 121.5 107.1 112.5 87.6 91.9 151.2 238.3 137.6 210.6 219.5 168.4 197.3 220.0 219.9 196.9 269.9 231.4 249.0 240.8 277.0 275.2 274.2 260.1 249.5 216.9 176.3 168.5 195.8 267.3 287.4 312.0
-9999.0 -9999.0 -9999.0 -9999.0 -9999.0 -9999.0 -9999.0 -9999.0 -9999.0 -9999.0 -9999.0 -9999.0 -9999.0 -9999.0 -9999.0 -9999.0 -9999.0 -9999.0 -9999.0 -9999.0 -9999.0 -9999.0 -9999.0 96.9 81.5 86.0 84.4 75.2 57.0 68.2 65.2 69.0 61.7 79.3 77.5 81.3 84.7 94.1 97.4 99.9 103.3 106.0 109.1 110.1 107.3 98.0 93.1 89.3 85.1 88.5 106.8 187.8 140.7 182.4 186.4 176.6 246.8 280.3 200.7 269.8 224.2 204.9 174.8 163.5 175.9 201.6 187.9 160.3 175.7 174.2 249.3 258.6 252.8 265.1
-9999.0 -9999.0 -9999.0 -9999.0 -9999.0 -9999.0 -9999.0 -9999.0 -9999.0 -9999.0 -9999.0 -9999.0 -9999.0 -9999.0 -9999.0 -9999.0 -9999.0 -9999.0 -9999.0 -9999.0 -9999.0 -9999.0 -9999.0 -9999.0 -9999.0 137.3 123.3 55.4 59.1 50.2 66.2 92.0 103.3 93.6 99.4 86.8 84.0 93.9 92.0 94.9 93.5 95.9 109.3 108.6 107.6 105.9 104.2 112.6 114.7 100.7 173.3 160.1 208.6 216.2 173.5 201.7 264.4 255.4 306.2 288.6 255.0 215.9 321.8 146.6 153.5 167.3 148.9 170.3 195.7 214.0 213.7 195.4 144.7 168.8
-9999.0 -9999.0 -9999.0 -9999.0 -9999.0 -9999.0 -9999.0 -9999.0 -9999.0 -9999.0 -9999.0 -9999.0 -9999.0 -9999.0 -9999.0 -9999.0 -9999.0 -9999.0 -9999.0 -9999.0 -9999.0 -9999.0 -9999.0 -9999.0 -9999.0 -9999.0 -9999.0 166.3 174.3 142.6 136.2 138.2 87.8 145.0 108.8 139.6 102.7 99.8 108.0 92.4 86.1 96.6 111.8 112.7 113.4 114.3 117.2 124.3 133.3 122.1 142.8 150.1 162.3 167.6 194.5 249.5 235.5 241.7 300.6 250.6 223.2 229.2 162.8 154.3 178.8 183.2 170.5 146.0 159.1 164.7 147.2 130.1 75.2 83.7
-9999.0 -9999.0 -9999.0 -9999.0 -9999.0 -9999.0 -9999.0 -9999.0 -9999.0 -9999.0 -9999.0 -9999.0 -9999.0 -9999.0 -9999.0 -9999.0 -9999.0 -9999.0 -9999.0 -9999.0 -9999.0 -9999.0 -9999.0 -9999.0 -9999.0 -9999.0 -9999.0 -9999.0 -9999.0 -9999.0 -9999.0 -9999.0 -9999.0 175.1 136.3 -9999.0 -9999.0 -9999.0 123.5 103.0 111.2 115.9 114.0 117.2 116.0 121.1 -9999.0 -9999.0 -9999.0 -9999.0 -9999.0 -9999.0 164.5 219.4 188.1 211.5 242.0 239.3 242.9 230.6 220.1 218.0 178.9 177.8 196.0 217.4 222.8 209.0 173.0 137.9 111.4 92.0 70.9 40.7
-9999.0 -9999.0 -9999.0 -9999.0 -9999.0 -9999.0 -9999.0 -9999.0 -9999.0 -9999.0 -9999.0 -9999.0 -9999.0 -9999.0 -9999.0 -9999.0 -9999.0 -9999.0 -9999.0 -9999.0 -9999.0 -9999.0 -9999.0 -9999.0 -9999.0 -9999.0 -9999.0 -9999.0 -9999.0 -9999.0 -9999.0 -9999.0 -9999.0 -9999.0 -9999.0 -9999.0 -9999.0 -9999.0 -9999.0 115.2 115.0 114.6 115.7 119.0 -9999.0 -9999.0 -9999.0 -9999.0 -9999.0 -9999.0 -9999.0 -9999.0 191.0 251.6 227.2 215.7 228.6 230.5 226.1 218.8 205.5 189.6 176.3 172.6 189.1 224.0 248.2 243.9 193.3 156.9 142.9 120.9 73.7 53.1
-9999.0 -9999.0 -9999.0 -9999.0 -9999.0 -9999.0 -9999.0 -9999.0 -9999.0 -9999.0 -9999.0 -9999.0 -9999.0 -9999.0 -9999.0 -9999.0 -9999.0 -9999.0 -9999.0 -9999.0 -9999.0 -9999.0 -9999.0 -9999.0 -9999.0 -9999.0 -9999.0 -9999.0 -9999.0 -9999.0 -9999.0 -9999.0 -9999.0 -9999.0 -9999.0 -9999.0 -9999.0 -9999.0 -9999.0 -9999.0 -9999.0 -9999.0 -9999.0 -9999.0 -9999.0 -9999.0 -9999.0 -9999.0 -9999.0 -9999.0 -9999.0 -9999.0 224.4 279.2 244.1 269.6 228.3 216.3 203.3 191.7 176.8 162.5 244.5 148.2 174.2 238.4 289.5 282.3 250.3 229.6 232.6 209.6 162.1 91.0
-9999.0 -9999.0 -9999.0 -9999.0 -9999.0 -9999.0 -9999.0 -9999.0 -9999.0 -9999.0 -9999.0 -9999.0 -9999.0 -9999.0 -9999.0 -9999.0 -9999.0 -9999.0 -9999.0 -9999.0 -9999.0 -9999.0 -9999.0 -9999.0 -9999.0 -9999.0 -9999.0 -9999.0 -9999.0 -9999.0 -9999.0 -9999.0 -9999.0 -9999.0 -9999.0 -9999.0 -9999.0 -9999.0 -9999.0 -9999.0 -9999.0 -9999.0 -9999.0 -9999.0 -9999.0 -9999.0 -9999.0 -9999.0 -9999.0 -9999.0 -9999.0 255.6 271.2 293.5 229.0 239.2 222.9 215.3 180.6 158.3 175.2 162.6 140.1 141.9 178.3 247.6 289.9 272.4 306.1 317.9 337.4 300.6 200.4 128.3
-9999.0 -9999.0 -9999.0 -9999.0 -9999.0 -9999.0 -9999.0 -9999.0 -9999.0 -9999.0 -9999.0 -9999.0 -9999.0 -9999.0 -9999.0 -9999.0 -9999.0 -9999.0 -9999.0 -9999.0 -9999.0 -9999.0 -9999.0 -9999.0 -9999.0 -9999.0 -9999.0 -9999.0 -9999.0 -9999.0 -9999.0 -9999.0 -9999.0 -9999.0 -9999.0 -9999.0 -9999.0 -9999.0 -9999.0 -9999.0 -9999.0 -9999.0 -9999.0 -9999.0 -9999.0 -9999.0 -9999.0 -9999.0 -9999.0 -9999.0 230.3 318.3 330.9 321.1 274.4 258.5 218.9 189.1 156.0 152.0 135.4 175.8 156.2 169.7 218.3 261.4 255.7 278.4 318.6 327.2 351.5 267.4 207.6 195.8
-9999.0 -9999.0 -9999.0 -9999.0 -9999.0 -9999.0 -9999.0 -9999.0 -9999.0 -9999.0 -9999.0 -9999.0 -9999.0 -9999.0 -9999.0 -9999.0 -9999.0 -9999.0 -9999.0 -9999.0 -9999.0 -9999.0 -9999.0 -9999.0 -9999.0 -9999.0 -9999.0 -9999.0 -9999.0 -9999.0 -9999.0 -9999.0 -9999.0 -9999.0 -9999.0 -9999.0 -9999.0 -9999.0 -9999.0 -9999.0 -9999.0 -9999.0 -9999.0 -9999.0 -9999.0 -9999.0 -9999.0 -9999.0 -9999.0 -9999.0 247.1 376.9 332.9 347.5 315.8 264.1 202.3 198.4 160.1 121.6 113.3 143.5 162.9 199.3 235.8 211.5 220.0 238.5 288.3 280.7 287.2 245.4 201.2 177.7
-9999.0 -9999.0 -9999.0 -9999.0 -9999.0 -9999.0 -9999.0 -9999.0 -9999.0 -9999.0 -9999.0 -9999.0 -9999.0 -9999.0 -9999.0 -9999.0 -9999.0 -9999.0 -9999.0 -9999.0 -9999.0 -9999.0 -9999.0 -9999.0 -9999.0 -9999.0 -9999.0 -9999.0 -9999.0 -9999.0 -9999.0 -9999.0 -9999.0 -9999.0 -9999.0 -9999.0 -9999.0 -9999.0 -9999.0 -9999.0 -9999.0 -9999.0 -9999.0 -9999.0 -9999.0 -9999.0 -9999.0 -9999.0 -9999.0 -9999.0 248.6 330.9 320.3 390.9 295.9 252.3 272.0 205.8 182.1 123.7 124.0 149.7 161.8 167.3 200.4 196.2 193.1 219.0 237.6 303.1 236.0 291.1 154.8 179.5
-9999.0 -9999.0 -9999.0 -9999.0 -9999.0 -9999.0 -9999.0 -9999.0 -9999.0 -9999.0 -9999.0 -9999.0 -9999.0 -9999.0 -9999.0 -9999.0 -9999.0 -9999.0 -9999.0 -9999.0 -9999.0 -9999.0 -9999.0 -9999.0 -9999.0 -9999.0 -9999.0 -9999.0 -9999.0 -9999.0 -9999.0 -9999.0 -9999.0 -9999.0 -9999.0 -9999.0 -9999.0 -9999.0 -9999.0 -9999.0 -9999.0 -9999.0 -9999.0 -9999.0 -9999.0 -9999.0 -9999.0 -9999.0 -9999.0 -9999.0 344.1 411.7 387.1 379.8 335.8 322.9 235.1 240.7 217.8 162.2 171.6 156.7 111.3 154.7 187.4 199.2 235.9 263.9 311.5 154.0 203.9 179.5 170.9 173.3
-9999.0 -9999.0 -9999.0 -9999.0 -9999.0 -9999.0 -9999.0 -9999.0 -9999.0 -9999.0 -9999.0 -9999.0 -9999.0 -9999.0 -9999.0 -9999.0 -9999.0 -9999.0 -9999.0 -9999.0 -9999.0 -9999.0 -9999.0 -9999.0 -9999.0 -9999.0 -9999.0 -9999.0 -9999.0 -9999.0 -9999.0 -9999.0 -9999.0 -9999.0 -9999.0 -9999.0 -9999.0 -9999.0 -9999.0 -9999.0 -9999.0 -9999.0 -9999.0 -9999.0 -9999.0 -9999.0 -9999.0 -9999.0 -9999.0 -9999.0 -9999.0 -9999.0 -9999.0 373.8 342.1 309.4 294.0 298.7 242.3 241.5 396.0 182.5 289.5 209.4 201.7 204.8 267.7 237.3 282.0 245.3 190.6 173.0 180.0 180.0
-9999.0 -9999.0 -9999.0 -9999.0 -9999.0 -9999.0 -9999.0 -9999.0 -9999.0 -9999.0 -9999.0 -9999.0 -9999.0 -9999.0 -9999.0 -9999.0 -9999.0 -9999.0 -9999.0 -9999.0 -9999.0 -9999.0 -9999.0 -9999.0 -9999.0 -9999.0 -9999.0 -9999.0 -9999.0 -9999.0 -9999.0 -9999.0 -9999.0 -9999.0 -9999.0 -9999.0 -9999.0 -9999.0 -9999.0 -9999.0 -9999.0 -9999.0 -9999.0 -9999.0 -9999.0 -9999.0 -9999.0 -9999.0 -9999.0 -9999.0 -9999.0 -9999.0 -9999.0 381.6 338.9 408.7 310.6 288.7 345.9 501.6 412.7 297.0 480.4 245.6 222.9 211.4 140.2 287.8 182.1 174.8 159.2 189.9 239.2 243.4
-9999.0 -9999.0 -9999.0 -9999.0 -9999.0 -9999.0 -9999.0 -9999.0 -9999.0 -9999.0 -9999.0 -9999.0 -9999.0 -9999.0 -9999.0 -9999.0 -9999.0 -9999.0 -9999.0 -9999.0 -9999.0 -9999.0 -9999.0 -9999.0 -9999.0 -9999.0 -9999.0 -9999.0 -9999.0 -9999.0 -9999.0 -9999.0 -9999.0 -9999.0 -9999.0 -9999.0 -9999.0 -9999.0 -9999.0 -9999.0 -9999.0 -9999.0 -9999.0 -9999.0 -9999.0 -9999.0 -9999.0 -9999.0 -9999.0 -9999.0 -9999.0 -9999.0 -9999.0 381.4 295.5 366.0 343.8 333.7 415.6 481.4 632.9 586.3 690.9 592.8 196.6 -9999.0 -9999.0 -9999.0 206.1 147.7 182.1 253.4 295.6 281.5
-9999.0 -9999.0 -9999.0 -9999.0 -9999.0 -9999.0 -9999.0 -9999.0 -9999.0 -9999.0 -9999.0 -9999.0 -9999.0 -9999.0 -9999.0 -9999.0 -9999.0 -9999.0 -9999.0 -9999.0 -9999.0 -9999.0 -9999.0 -9999.0 -9999.0 -9999.0 -9999.0 -9999.0 -9999.0 -9999.0 -9999.0 -9999.0 -9999.0 -9999.0 -9999.0 -9999.0 -9999.0 -9999.0 -9999.0 -9999.0 -9999.0 -9999.0 -9999.0 -9999.0 -9999.0 -9999.0 -9999.0 -9999.0 -9999.0 -9999.0 -9999.0 -9999.0 -9999.0 -9999.0 362.6 352.1 294.7 306.1 483.3 680.7 476.8 -9999.0 -9999.0 -9999.0 -9999.0 -9999.0 -9999.0 -9999.0 151.4 191.8 282.5 280.1 291.3 278.8
-9999.0 -9999.0 -9999.0 -9999.0 -9999.0 -9999.0 -9999.0 -9999.0 -9999.0 -9999.0 -9999.0 -9999.0 -9999.0 -9999.0 -9999.0 -9999.0 -9999.0 -9999.0 -9999.0 -9999.0 -9999.0 -9999.0 -9999.0 -9999.0 -9999.0 -9999.0 -9999.0 -9999.0 -9999.0 -9999.0 -9999.0 -9999.0 -9999.0 -9999.0 -9999.0 -9999.0 -9999.0 -9999.0 -9999.0 -9999.0 -9999.0 -9999.0 -9999.0 -9999.0 -9999.0 -9999.0 -9999.0 -9999.0 -9999.0 -9999.0 -9999.0 -9999.0 -9999.0 -9999.0 -9999.0 337.4 483.0 406.2 424.2 592.0 595.1 -9999.0 -9999.0 -9999.0 -9999.0 -9999.0 -9999.0 -9999.0 -9999.0 -9999.0 239.4 -9999.0 -9999.0 -9999.0
