program/excelProcessViaJava/data/SURF_CLI_CHN_PRE_MON_GRID_0.5-200102.txt
NCOLS      128
NROWS       72
XLLCORNER    72.000000000000    
YLLCORNER    18.000000000000    
CELLSIZE    0.50000000000000    
NODATA_VALUE   -9999.000    
[rows 35 to 69 of 72, columns 0 to 78 of 128]
-9999.0 -9999.0 -9999.0 -9999.0 -9999.0 -9999.0 -9999.0 7.0 7.0 3.4 5.6 3.7 0.8 0.6 0.4 0.1 0.1 0.1 0.1 0.1 0.4 1.3 2.1 2.6 3.1 3.7 4.5 4.9 5.0 5.2 4.8 4.3 3.8 3.4 3.3 2.6 2.9 2.4 3.2 3.5 1.5 4.6 4.2 2.3 0.8 0.2 0.4 0.3 0.7 0.5 0.8 1.6 2.7 5.7 4.4 1.6 1.0 1.0 3.4 3.4 7.5 2.4 1.6 2.6 4.8 3.0 4.2 5.1 5.0 7.0 8.9 10.1 10.8 11.3 11.5 12.8 10.7 10.9 11.1
-9999.0 -9999.0 -9999.0 -9999.0 -9999.0 -9999.0 -9999.0 15.3 4.7 5.6 4.7 2.0 1.6 2.0 0.6 1.6 0.3 0.3 1.0 0.6 1.0 2.0 2.6 3.5 4.3 5.1 5.6 6.2 5.9 5.5 5.4 4.8 4.2 3.8 3.0 2.6 2.2 2.4 2.3 2.3 2.8 3.2 3.9 6.2 2.8 1.2 1.7 1.9 3.9 3.2 6.2 5.9 4.5 5.4 6.6 4.3 3.0 2.6 3.8 5.6 6.4 7.0 4.7 6.4 6.4 6.2 6.1 6.2 8.5 8.8 11.8 13.8 15.0 15.8 13.8 15.5 13.6 9.7 9.6
-9999.0 -9999.0 -9999.0 -9999.0 -9999.0 -9999.0 -9999.0 -9999.0 -9999.0 5.8 3.6 1.9 2.2 1.3 0.6 0.3 0.5 1.6 0.9 1.9 1.8 2.3 3.2 4.3 5.4 6.2 6.9 7.1 6.9 6.6 5.8 5.1 4.3 3.6 2.8 2.3 1.9 1.9 1.7 2.1 2.2 3.1 3.4 3.3 4.1 4.0 4.0 3.8 4.1 4.3 5.5 5.7 6.1 6.4 7.4 5.4 3.6 2.8 4.0 4.8 6.0 8.2 10.6 7.4 9.7 9.1 8.2 8.0 9.8 9.4 12.2 14.7 16.3 17.2 17.2 9.9 8.4 8.9 11.2
-9999.0 -9999.0 -9999.0 -9999.0 -9999.0 -9999.0 -9999.0 -9999.0 -9999.0 -9999.0 -9999.0 3.8 1.0 1.7 0.7 0.7 0.5 0.5 0.7 1.2 2.1 2.8 4.0 5.2 6.5 7.4 7.9 8.0 7.7 7.1 6.3 5.3 4.4 3.5 2.7 2.4 1.8 1.7 2.5 1.9 2.6 2.8 3.1 3.3 5.2 4.0 5.8 4.6 4.9 4.6 4.4 5.4 6.5 7.5 8.2 5.9 3.5 3.4 3.5 4.3 5.9 6.7 8.3 9.3 11.5 8.6 8.2 9.1 8.9 9.2 10.6 13.4 14.7 14.2 9.1 6.4 6.0 9.2 12.1
-9999.0 -9999.0 -9999.0 -9999.0 -9999.0 -9999.0 -9999.0 -9999.0 -9999.0 -9999.0 -9999.0 -9999.0 1.5 0.8 1.0 0.5 1.0 0.7 0.9 1.7 1.9 3.0 4.3 5.8 6.5 8.0 8.7 8.2 7.9 6.8 6.3 5.3 4.3 3.3 2.6 2.1 2.1 1.7 1.6 1.7 2.0 2.6 3.3 4.2 4.4 4.7 5.3 4.1 4.1 4.1 5.4 6.4 6.9 7.0 7.1 6.4 5.1 5.3 2.9 5.1 5.5 7.3 8.6 9.1 7.7 12.0 8.7 9.7 9.2 9.0 7.8 9.1 9.7 9.3 9.6 17.5 13.1 11.3 11.8
-9999.0 -9999.0 -9999.0 -9999.0 -9999.0 -9999.0 -9999.0 -9999.0 -9999.0 -9999.0 -9999.0 -9999.0 3.5 1.1 0.7 0.7 0.4 0.6 1.0 1.3 2.0 3.0 4.2 5.8 7.5 8.2 8.5 8.8 7.8 7.3 5.9 4.6 3.9 3.1 2.4 2.0 1.8 2.0 2.1 2.4 2.8 3.4 4.9 4.4 5.1 5.5 4.1 3.6 2.8 3.7 4.3 6.0 6.6 7.8 6.1 6.6 4.7 4.9 3.5 4.2 5.0 5.9 8.0 10.5 5.4 8.3 5.3 6.4 6.2 6.9 9.8 15.0 17.5 14.3 15.4 14.6 12.9 14.8 12.7
-9999.0 -9999.0 -9999.0 -9999.0 -9999.0 -9999.0 -9999.0 -9999.0 -9999.0 -9999.0 -9999.0 -9999.0 -9999.0 1.9 1.7 0.8 0.7 0.7 0.9 1.3 1.8 2.9 3.7 5.6 6.8 6.3 6.4 5.6 5.9 5.5 5.3 4.6 3.2 2.5 2.3 1.9 1.8 2.1 3.3 3.8 4.8 6.0 6.5 7.3 5.9 4.3 4.1 4.2 4.1 4.2 4.9 5.6 6.4 10.6 9.2 7.6 5.8 6.6 9.4 7.4 7.6 7.1 8.7 6.1 3.2 5.6 8.5 8.5 8.2 6.9 5.2 7.0 11.7 14.9 20.0 18.6 17.9 16.1 16.7
-9999.0 -9999.0 -9999.0 -9999.0 -9999.0 -9999.0 -9999.0 -9999.0 -9999.0 -9999.0 -9999.0 -9999.0 4.6 3.6 2.2 1.3 1.2 0.9 1.0 1.4 1.8 2.4 3.1 4.4 5.7 4.7 5.1 5.3 4.9 4.1 3.9 4.1 2.4 2.4 1.9 1.8 1.7 2.5 3.5 5.1 7.3 9.4 10.9 8.6 7.8 6.2 4.2 2.9 3.3 4.0 6.0 8.4 7.0 8.6 6.9 6.6 9.0 4.9 8.9 8.5 10.4 12.7 11.6 13.7 9.4 8.3 8.6 8.4 11.0 14.1 14.7 13.9 13.1 11.8 13.8 17.9 21.7 26.6 29.3
-9999.0 -9999.0 -9999.0 -9999.0 -9999.0 -9999.0 -9999.0 -9999.0 -9999.0 -9999.0 -9999.0 -9999.0 7.2 5.1 3.3 2.6 1.7 1.5 1.4 1.0 1.5 1.3 1.7 2.4 3.5 4.2 4.0 3.7 3.3 3.4 3.3 2.9 1.9 2.5 2.1 1.7 2.1 2.8 4.5 6.9 9.1 10.7 11.3 10.9 9.5 7.8 7.4 5.7 4.9 3.0 3.8 6.7 5.1 4.1 4.2 3.4 6.9 10.3 11.0 16.4 19.7 22.2 14.9 11.0 10.2 12.2 12.1 9.3 8.9 12.4 15.3 17.4 20.0 27.1 33.8 32.5 33.4 38.3 43.5
-9999.0 -9999.0 -9999.0 -9999.0 -9999.0 -9999.0 -9999.0 -9999.0 -9999.0 -9999.0 -9999.0 -9999.0 11.9 7.3 6.4 4.3 3.2 1.6 1.4 0.9 0.5 0.3 0.6 0.5 0.9 0.6 0.9 0.5 1.4 1.5 1.7 1.0 2.1 2.5 2.1 1.6 2.0 3.2 5.5 8.1 10.9 12.2 13.8 11.4 10.9 10.8 9.7 6.5 3.7 3.5 4.1 3.0 11.0 12.4 7.8 1.8 6.2 11.3 16.2 17.3 21.9 24.4 31.1 15.8 10.1 14.0 11.4 8.6 9.0 11.4 15.4 22.0 28.0 35.4 37.5 41.8 37.3 45.2 45.1
-9999.0 -9999.0 -9999.0 -9999.0 -9999.0 -9999.0 -9999.0 -9999.0 -9999.0 -9999.0 -9999.0 -9999.0 -9999.0 10.9 7.8 7.1 4.8 3.6 1.5 0.6 0.2 0.1 0.1 0.0 0.1 0.1 0.1 0.2 0.1 0.6 0.2 0.5 0.7 1.6 1.3 0.8 1.4 3.2 5.4 8.3 10.7 13.3 14.9 14.1 11.2 9.7 9.7 4.9 6.9 5.3 2.4 6.4 4.9 1.9 8.0 9.2 3.4 7.2 15.9 27.7 29.8 42.9 33.2 13.7 7.3 8.1 7.5 7.2 8.0 11.1 14.9 21.3 28.2 38.7 41.2 43.0 42.7 41.7 38.7
-9999.0 -9999.0 -9999.0 -9999.0 -9999.0 -9999.0 -9999.0 -9999.0 -9999.0 -9999.0 -9999.0 -9999.0 -9999.0 23.8 11.6 10.9 5.6 5.7 2.9 0.8 0.1 0.0 0.0 0.0 0.0 0.0 0.0 0.0 0.0 0.0 0.0 0.0 0.2 0.5 0.4 0.7 1.6 2.8 4.5 7.5 9.1 11.1 12.4 12.9 15.8 11.3 9.8 5.6 5.0 3.9 5.3 1.1 4.4 7.8 10.6 8.5 4.6 7.5 17.1 11.9 30.9 21.3 14.2 7.0 4.2 4.1 5.2 6.8 8.4 10.3 13.6 17.5 24.5 30.4 34.3 34.3 32.8 34.3 31.5
-9999.0 -9999.0 -9999.0 -9999.0 -9999.0 -9999.0 -9999.0 -9999.0 -9999.0 -9999.0 -9999.0 -9999.0 -9999.0 -9999.0 -9999.0 15.5 12.5 6.5 4.1 1.8 0.1 0.0 0.0 0.0 0.0 0.0 0.0 0.0 0.0 0.0 0.0 0.0 0.0 0.0 0.2 0.3 0.9 2.2 3.2 4.8 8.0 10.3 11.0 10.9 8.9 8.0 9.1 4.5 5.6 0.8 2.3 8.5 3.1 3.9 0.5 5.1 6.7 0.5 18.1 27.2 11.5 11.2 17.0 9.3 4.4 3.5 5.2 7.9 8.6 9.5 10.3 10.8 13.2 18.7 25.9 26.5 27.1 28.6 26.9
-9999.0 -9999.0 -9999.0 -9999.0 -9999.0 -9999.0 -9999.0 -9999.0 -9999.0 -9999.0 -9999.0 -9999.0 -9999.0 -9999.0 -9999.0 -9999.0 -9999.0 55.6 18.3 -9999.0 2.0 0.0 0.0 0.0 0.0 0.0 0.0 0.0 0.0 0.0 0.0 0.0 0.0 0.1 0.5 0.3 0.7 1.2 1.9 3.1 5.1 8.9 8.6 8.3 7.8 7.6 11.3 10.9 3.6 4.4 0.5 1.8 0.5 3.9 5.2 6.0 2.5 11.4 14.4 22.0 2.4 11.4 17.2 12.2 6.9 5.1 6.5 9.1 9.2 8.8 8.2 9.4 11.5 14.4 20.2 23.3 24.5 25.6 27.6
-9999.0 -9999.0 -9999.0 -9999.0 -9999.0 -9999.0 -9999.0 -9999.0 -9999.0 -9999.0 -9999.0 -9999.0 -9999.0 -9999.0 -9999.0 -9999.0 -9999.0 -9999.0 -9999.0 -9999.0 -9999.0 0.4 0.0 0.0 0.0 0.3 0.6 0.4 0.0 0.1 0.0 0.1 0.0 0.0 0.2 0.2 0.5 0.7 0.5 0.3 0.6 7.3 9.0 8.4 7.4 8.4 19.3 6.7 12.7 34.9 4.5 12.7 10.2 1.7 2.8 6.5 7.4 4.2 21.7 14.7 2.0 5.8 13.8 13.4 10.2 7.9 8.8 11.5 11.1 10.0 8.5 9.9 11.0 16.8 23.5 26.0 27.7 30.6 34.2
-9999.0 -9999.0 -9999.0 -9999.0 -9999.0 -9999.0 -9999.0 -9999.0 -9999.0 -9999.0 -9999.0 -9999.0 -9999.0 -9999.0 -9999.0 -9999.0 -9999.0 -9999.0 -9999.0 -9999.0 -9999.0 -9999.0 -9999.0 14.0 2.1 4.7 6.8 4.5 0.2 0.6 0.0 0.0 0.0 0.0 0.1 0.3 1.1 1.0 2.8 4.7 4.9 8.4 5.0 4.4 7.9 26.7 12.3 10.6 11.4 11.3 6.4 11.7 5.2 5.0 2.2 0.1 3.6 10.2 0.4 12.6 2.7 6.0 7.8 10.0 11.9 11.9 11.9 14.3 16.9 13.2 15.0 12.8 14.9 20.9 28.8 32.3 33.8 37.7 44.4
-9999.0 -9999.0 -9999.0 -9999.0 -9999.0 -9999.0 -9999.0 -9999.0 -9999.0 -9999.0 -9999.0 -9999.0 -9999.0 -9999.0 -9999.0 -9999.0 -9999.0 -9999.0 -9999.0 -9999.0 -9999.0 -9999.0 -9999.0 -9999.0 -9999.0 106.1 51.3 2.3 2.1 0.4 0.4 1.3 1.2 0.6 1.2 1.7 4.6 3.2 6.6 4.9 10.0 5.2 4.7 6.2 20.1 32.1 26.4 44.8 15.2 18.1 18.7 15.3 16.0 12.2 4.2 1.4 3.1 1.7 9.7 11.0 12.0 12.6 28.3 11.8 14.9 17.2 17.7 25.3 27.8 26.4 18.0 15.7 18.4 26.4 33.8 39.3 42.1 45.4 51.0
-9999.0 -9999.0 -9999.0 -9999.0 -9999.0 -9999.0 -9999.0 -9999.0 -9999.0 -9999.0 -9999.0 -9999.0 -9999.0 -9999.0 -9999.0 -9999.0 -9999.0 -9999.0 -9999.0 -9999.0 -9999.0 -9999.0 -9999.0 -9999.0 -9999.0 -9999.0 -9999.0 188.9 174.3 67.8 40.4 26.3 3.7 17.7 6.3 23.2 6.8 6.5 4.9 6.3 9.8 3.9 9.0 21.4 27.2 35.9 44.7 51.3 57.9 43.7 64.3 65.0 25.1 20.7 11.2 6.5 1.6 0.8 7.3 5.9 4.9 17.8 10.8 13.3 15.2 20.9 24.8 22.1 24.3 24.6 19.7 21.8 19.6 30.3 39.7 47.9 52.9 53.7 55.3
-9999.0 -9999.0 -9999.0 -9999.0 -9999.0 -9999.0 -9999.0 -9999.0 -9999.0 -9999.0 -9999.0 -9999.0 -9999.0 -9999.0 -9999.0 -9999.0 -9999.0 -9999.0 -9999.0 -9999.0 -9999.0 -9999.0 -9999.0 -9999.0 -9999.0 -9999.0 -9999.0 -9999.0 -9999.0 -9999.0 -9999.0 -9999.0 -9999.0 70.3 23.5 -9999.0 -9999.0 -9999.0 17.4 10.0 9.7 12.6 11.9 27.5 34.8 38.9 -9999.0 -9999.0 -9999.0 -9999.0 -9999.0 -9999.0 56.4 26.8 23.6 9.4 3.0 0.9 1.9 3.1 8.3 16.5 13.3 13.7 14.6 18.9 25.7 30.1 26.4 20.7 18.1 24.6 31.1 32.5 48.6 57.1 63.2 59.7 56.5
-9999.0 -9999.0 -9999.0 -9999.0 -9999.0 -9999.0 -9999.0 -9999.0 -9999.0 -9999.0 -9999.0 -9999.0 -9999.0 -9999.0 -9999.0 -9999.0 -9999.0 -9999.0 -9999.0 -9999.0 -9999.0 -9999.0 -9999.0 -9999.0 -9999.0 -9999.0 -9999.0 -9999.0 -9999.0 -9999.0 -9999.0 -9999.0 -9999.0 -9999.0 -9999.0 -9999.0 -9999.0 -9999.0 -9999.0 44.4 37.1 33.8 32.6 32.7 -9999.0 -9999.0 -9999.0 -9999.0 -9999.0 -9999.0 -9999.0 -9999.0 63.8 33.8 22.7 11.4 3.6 1.1 0.9 2.2 5.6 11.3 12.7 12.2 11.8 15.2 21.4 22.4 18.0 19.2 23.3 30.4 31.7 45.8 47.5 61.7 64.9 60.0 57.8
-9999.0 -9999.0 -9999.0 -9999.0 -9999.0 -9999.0 -9999.0 -9999.0 -9999.0 -9999.0 -9999.0 -9999.0 -9999.0 -9999.0 -9999.0 -9999.0 -9999.0 -9999.0 -9999.0 -9999.0 -9999.0 -9999.0 -9999.0 -9999.0 -9999.0 -9999.0 -9999.0 -9999.0 -9999.0 -9999.0 -9999.0 -9999.0 -9999.0 -9999.0 -9999.0 -9999.0 -9999.0 -9999.0 -9999.0 -9999.0 -9999.0 -9999.0 -9999.0 -9999.0 -9999.0 -9999.0 -9999.0 -9999.0 -9999.0 -9999.0 -9999.0 -9999.0 59.2 39.5 25.5 15.2 5.2 2.0 1.6 3.8 5.9 9.5 24.1 13.9 16.1 18.6 18.4 15.7 13.4 15.5 24.3 37.0 57.0 52.8 57.7 54.3 60.7 55.5 57.8
-9999.0 -9999.0 -9999.0 -9999.0 -9999.0 -9999.0 -9999.0 -9999.0 -9999.0 -9999.0 -9999.0 -9999.0 -9999.0 -9999.0 -9999.0 -9999.0 -9999.0 -9999.0 -9999.0 -9999.0 -9999.0 -9999.0 -9999.0 -9999.0 -9999.0 -9999.0 -9999.0 -9999.0 -9999.0 -9999.0 -9999.0 -9999.0 -9999.0 -9999.0 -9999.0 -9999.0 -9999.0 -9999.0 -9999.0 -9999.0 -9999.0 -9999.0 -9999.0 -9999.0 -9999.0 -9999.0 -9999.0 -9999.0 -9999.0 -9999.0 -9999.0 48.7 61.0 44.2 29.8 16.7 8.9 7.2 5.3 2.4 14.7 15.3 14.1 19.7 24.6 25.6 20.1 15.7 14.2 18.4 29.5 40.4 40.2 39.7 50.2 51.5 62.9 55.7 58.6
-9999.0 -9999.0 -9999.0 -9999.0 -9999.0 -9999.0 -9999.0 -9999.0 -9999.0 -9999.0 -9999.0 -9999.0 -9999.0 -9999.0 -9999.0 -9999.0 -9999.0 -9999.0 -9999.0 -9999.0 -9999.0 -9999.0 -9999.0 -9999.0 -9999.0 -9999.0 -9999.0 -9999.0 -9999.0 -9999.0 -9999.0 -9999.0 -9999.0 -9999.0 -9999.0 -9999.0 -9999.0 -9999.0 -9999.0 -9999.0 -9999.0 -9999.0 -9999.0 -9999.0 -9999.0 -9999.0 -9999.0 -9999.0 -9999.0 -9999.0 20.6 50.3 55.1 46.2 32.1 23.1 15.9 11.7 12.5 18.2 16.7 21.1 18.3 27.4 35.1 34.7 29.2 21.5 21.2 26.9 35.8 39.3 45.5 61.0 68.9 73.0 59.4 70.4 64.8
-9999.0 -9999.0 -9999.0 -9999.0 -9999.0 -9999.0 -9999.0 -9999.0 -9999.0 -9999.0 -9999.0 -9999.0 -9999.0 -9999.0 -9999.0 -9999.0 -9999.0 -9999.0 -9999.0 -9999.0 -9999.0 -9999.0 -9999.0 -9999.0 -9999.0 -9999.0 -9999.0 -9999.0 -9999.0 -9999.0 -9999.0 -9999.0 -9999.0 -9999.0 -9999.0 -9999.0 -9999.0 -9999.0 -9999.0 -9999.0 -9999.0 -9999.0 -9999.0 -9999.0 -9999.0 -9999.0 -9999.0 -9999.0 -9999.0 -9999.0 11.9 47.8 27.4 41.3 34.9 28.2 25.8 24.6 25.8 23.8 18.7 18.4 19.2 32.4 43.6 40.6 36.9 33.4 32.8 38.9 44.6 52.1 61.3 67.8 64.4 61.1 75.9 73.1 73.3
-9999.0 -9999.0 -9999.0 -9999.0 -9999.0 -9999.0 -9999.0 -9999.0 -9999.0 -9999.0 -9999.0 -9999.0 -9999.0 -9999.0 -9999.0 -9999.0 -9999.0 -9999.0 -9999.0 -9999.0 -9999.0 -9999.0 -9999.0 -9999.0 -9999.0 -9999.0 -9999.0 -9999.0 -9999.0 -9999.0 -9999.0 -9999.0 -9999.0 -9999.0 -9999.0 -9999.0 -9999.0 -9999.0 -9999.0 -9999.0 -9999.0 -9999.0 -9999.0 -9999.0 -9999.0 -9999.0 -9999.0 -9999.0 -9999.0 -9999.0 5.2 13.1 11.2 37.5 25.2 24.7 26.7 25.6 28.0 19.6 23.4 25.3 28.3 36.1 49.4 51.2 47.6 47.0 49.2 47.6 53.5 63.5 65.8 76.2 63.2 67.6 89.1 79.7 76.2
-9999.0 -9999.0 -9999.0 -9999.0 -9999.0 -9999.0 -9999.0 -9999.0 -9999.0 -9999.0 -9999.0 -9999.0 -9999.0 -9999.0 -9999.0 -9999.0 -9999.0 -9999.0 -9999.0 -9999.0 -9999.0 -9999.0 -9999.0 -9999.0 -9999.0 -9999.0 -9999.0 -9999.0 -9999.0 -9999.0 -9999.0 -9999.0 -9999.0 -9999.0 -9999.0 -9999.0 -9999.0 -9999.0 -9999.0 -9999.0 -9999.0 -9999.0 -9999.0 -9999.0 -9999.0 -9999.0 -9999.0 -9999.0 -9999.0 -9999.0 8.1 17.6 13.9 19.4 18.6 19.8 12.0 15.4 16.1 12.5 22.7 28.5 31.6 46.7 56.3 57.9 55.0 53.4 51.6 62.8 57.0 61.2 68.2 73.1 64.5 76.6 89.9 79.8 75.0
-9999.0 -9999.0 -9999.0 -9999.0 -9999.0 -9999.0 -9999.0 -9999.0 -9999.0 -9999.0 -9999.0 -9999.0 -9999.0 -9999.0 -9999.0 -9999.0 -9999.0 -9999.0 -9999.0 -9999.0 -9999.0 -9999.0 -9999.0 -9999.0 -9999.0 -9999.0 -9999.0 -9999.0 -9999.0 -9999.0 -9999.0 -9999.0 -9999.0 -9999.0 -9999.0 -9999.0 -9999.0 -9999.0 -9999.0 -9999.0 -9999.0 -9999.0 -9999.0 -9999.0 -9999.0 -9999.0 -9999.0 -9999.0 -9999.0 -9999.0 -9999.0 -9999.0 -9999.0 7.1 7.7 7.6 7.6 8.9 7.3 11.2 31.4 29.7 52.0 60.3 64.9 65.7 60.7 65.9 58.9 55.7 53.6 57.1 63.7 67.9 71.8 79.1 89.0 83.3 75.5
-9999.0 -9999.0 -9999.0 -9999.0 -9999.0 -9999.0 -9999.0 -9999.0 -9999.0 -9999.0 -9999.0 -9999.0 -9999.0 -9999.0 -9999.0 -9999.0 -9999.0 -9999.0 -9999.0 -9999.0 -9999.0 -9999.0 -9999.0 -9999.0 -9999.0 -9999.0 -9999.0 -9999.0 -9999.0 -9999.0 -9999.0 -9999.0 -9999.0 -9999.0 -9999.0 -9999.0 -9999.0 -9999.0 -9999.0 -9999.0 -9999.0 -9999.0 -9999.0 -9999.0 -9999.0 -9999.0 -9999.0 -9999.0 -9999.0 -9999.0 -9999.0 -9999.0 -9999.0 3.7 3.9 8.1 5.8 7.2 10.9 19.2 27.9 40.7 60.9 83.8 90.1 86.9 96.9 66.3 66.9 55.3 48.9 51.7 60.4 68.9 76.9 92.3 95.6 95.7 88.7
-9999.0 -9999.0 -9999.0 -9999.0 -9999.0 -9999.0 -9999.0 -9999.0 -9999.0 -9999.0 -9999.0 -9999.0 -9999.0 -9999.0 -9999.0 -9999.0 -9999.0 -9999.0 -9999.0 -9999.0 -9999.0 -9999.0 -9999.0 -9999.0 -9999.0 -9999.0 -9999.0 -9999.0 -9999.0 -9999.0 -9999.0 -9999.0 -9999.0 -9999.0 -9999.0 -9999.0 -9999.0 -9999.0 -9999.0 -9999.0 -9999.0 -9999.0 -9999.0 -9999.0 -9999.0 -9999.0 -9999.0 -9999.0 -9999.0 -9999.0 -9999.0 -9999.0 -9999.0 1.8 1.8 4.2 6.0 9.4 13.8 20.9 32.3 48.0 63.7 73.9 117.2 -9999.0 -9999.0 -9999.0 64.9 56.1 47.8 48.3 55.7 66.2 80.2 96.2 96.7 93.4 84.0
-9999.0 -9999.0 -9999.0 -9999.0 -9999.0 -9999.0 -9999.0 -9999.0 -9999.0 -9999.0 -9999.0 -9999.0 -9999.0 -9999.0 -9999.0 -9999.0 -9999.0 -9999.0 -9999.0 -9999.0 -9999.0 -9999.0 -9999.0 -9999.0 -9999.0 -9999.0 -9999.0 -9999.0 -9999.0 -9999.0 -9999.0 -9999.0 -9999.0 -9999.0 -9999.0 -9999.0 -9999.0 -9999.0 -9999.0 -9999.0 -9999.0 -9999.0 -9999.0 -9999.0 -9999.0 -9999.0 -9999.0 -9999.0 -9999.0 -9999.0 -9999.0 -9999.0 -9999.0 -9999.0 1.1 2.2 4.5 7.7 10.1 15.8 24.2 -9999.0 -9999.0 -9999.0 -9999.0 -9999.0 -9999.0 -9999.0 65.1 52.6 46.5 46.3 53.1 66.5 80.0 85.6 83.1 72.6 63.1
-9999.0 -9999.0 -9999.0 -9999.0 -9999.0 -9999.0 -9999.0 -9999.0 -9999.0 -9999.0 -9999.0 -9999.0 -9999.0 -9999.0 -9999.0 -9999.0 -9999.0 -9999.0 -9999.0 -9999.0 -9999.0 -9999.0 -9999.0 -9999.0 -9999.0 -9999.0 -9999.0 -9999.0 -9999.0 -9999.0 -9999.0 -9999.0 -9999.0 -9999.0 -9999.0 -9999.0 -9999.0 -9999.0 -9999.0 -9999.0 -9999.0 -9999.0 -9999.0 -9999.0 -9999.0 -9999.0 -9999.0 -9999.0 -9999.0 -9999.0 -9999.0 -9999.0 -9999.0 -9999.0 -9999.0 0.4 1.2 2.2 3.4 6.3 13.1 -9999.0 -9999.0 -9999.0 -9999.0 -9999.0 -9999.0 -9999.0 -9999.0 -9999.0 42.2 -9999.0 -9999.0 -9999.0 -9999.0 -9999.0 63.7 -9999.0 -9999.0
-9999.0 -9999.0 -9999.0 -9999.0 -9999.0 -9999.0 -9999.0 -9999.0 -9999.0 -9999.0 -9999.0 -9999.0 -9999.0 -9999.0 -9999.0 -9999.0 -9999.0 -9999.0 -9999.0 -9999.0 -9999.0 -9999.0 -9999.0 -9999.0 -9999.0 -9999.0 -9999.0 -9999.0 -9999.0 -9999.0 -9999.0 -9999.0 -9999.0 -9999.0 -9999.0 -9999.0 -9999.0 -9999.0 -9999.0 -9999.0 -9999.0 -9999.0 -9999.0 -9999.0 -9999.0 -9999.0 -9999.0 -9999.0 -9999.0 -9999.0 -9999.0 -9999.0 -9999.0 -9999.0 -9999.0 -9999.0 -9999.0 -9999.0 0.2 0.8 -9999.0 -9999.0 -9999.0 -9999.0 -9999.0 -9999.0 -9999.0 -9999.0 -9999.0 -9999.0 -9999.0 -9999.0 -9999.0 -9999.0 -9999.0 66.7 55.9 -9999.0 -9999.0
-9999.0 -9999.0 -9999.0 -9999.0 -9999.0 -9999.0 -9999.0 -9999.0 -9999.0 -9999.0 -9999.0 -9999.0 -9999.0 -9999.0 -9999.0 -9999.0 -9999.0 -9999.0 -9999.0 -9999.0 -9999.0 -9999.0 -9999.0 -9999.0 -9999.0 -9999.0 -9999.0 -9999.0 -9999.0 -9999.0 -9999.0 -9999.0 -9999.0 -9999.0 -9999.0 -9999.0 -9999.0 -9999.0 -9999.0 -9999.0 -9999.0 -9999.0 -9999.0 -9999.0 -9999.0 -9999.0 -9999.0 -9999.0 -9999.0 -9999.0 -9999.0 -9999.0 -9999.0 -9999.0 -9999.0 -9999.0 -9999.0 -9999.0 -9999.0 -9999.0 -9999.0 -9999.0 -9999.0 -9999.0 -9999.0 -9999.0 -9999.0 -9999.0 -9999.0 -9999.0 -9999.0 -9999.0 -9999.0 -9999.0 -9999.0 -9999.0 -9999.0 -9999.0 -9999.0
-9999.0 -9999.0 -9999.0 -9999.0 -9999.0 -9999.0 -9999.0 -9999.0 -9999.0 -9999.0 -9999.0 -9999.0 -9999.0 -9999.0 -9999.0 -9999.0 -9999.0 -9999.0 -9999.0 -9999.0 -9999.0 -9999.0 -9999.0 -9999.0 -9999.0 -9999.0 -9999.0 -9999.0 -9999.0 -9999.0 -9999.0 -9999.0 -9999.0 -9999.0 -9999.0 -9999.0 -9999.0 -9999.0 -9999.0 -9999.0 -9999.0 -9999.0 -9999.0 -9999.0 -9999.0 -9999.0 -9999.0 -9999.0 -9999.0 -9999.0 -9999.0 -9999.0 -9999.0 -9999.0 -9999.0 -9999.0 -9999.0 -9999.0 -9999.0 -9999.0 -9999.0 -9999.0 -9999.0 -9999.0 -9999.0 -9999.0 -9999.0 -9999.0 -9999.0 -9999.0 -9999.0 -9999.0 -9999.0 -9999.0 -9999.0 61.2 70.3 67.4 -9999.0
-9999.0 -9999.0 -9999.0 -9999.0 -9999.0 -9999.0 -9999.0 -9999.0 -9999.0 -9999.0 -9999.0 -9999.0 -9999.0 -9999.0 -9999.0 -9999.0 -9999.0 -9999.0 -9999.0 -9999.0 -9999.0 -9999.0 -9999.0 -9999.0 -9999.0 -9999.0 -9999.0 -9999.0 -9999.0 -9999.0 -9999.0 -9999.0 -9999.0 -9999.0 -9999.0 -9999.0 -9999.0 -9999.0 -9999.0 -9999.0 -9999.0 -9999.0 -9999.0 -9999.0 -9999.0 -9999.0 -9999.0 -9999.0 -9999.0 -9999.0 -9999.0 -9999.0 -9999.0 -9999.0 -9999.0 -9999.0 -9999.0 -9999.0 -9999.0 -9999.0 -9999.0 -9999.0 -9999.0 -9999.0 -9999.0 -9999.0 -9999.0 -9999.0 -9999.0 -9999.0 -9999.0 -9999.0 -9999.0 9.4 23.5 44.4 65.7 -9999.0 -9999.0
