program/excelProcessViaJava/data/SURF_CLI_CHN_PRE_MON_GRID_0.5-198010.txt
NCOLS      128
NROWS       72
XLLCORNER    72.000000000000    
YLLCORNER    18.000000000000    
CELLSIZE    0.50000000000000    
NODATA_VALUE   -9999.000    
[rows 34 to 67 of 72, columns 0 to 76 of 128]
-9999.0 -9999.0 -9999.0 -9999.0 0.8 0.4 1.8 0.4 2.9 2.3 0.4 1.2 0.5 0.4 0.3 0.3 0.2 0.3 0.3 0.4 0.3 0.3 0.3 0.1 0.0 0.0 0.1 0.1 0.1 0.1 0.2 0.2 0.3 0.4 0.5 0.7 0.8 1.0 0.8 0.6 0.7 0.4 0.4 0.3 0.3 0.3 0.3 0.3 0.3 0.4 0.6 0.8 5.1 3.0 2.4 3.6 4.7 6.6 9.2 5.4 10.9 5.4 5.9 7.6 8.7 11.5 23.5 20.3 20.8 27.7 19.2 17.9 18.5 24.3 31.7 40.3 42.3
-9999.0 -9999.0 -9999.0 -9999.0 -9999.0 -9999.0 -9999.0 0.4 0.9 0.5 1.9 1.6 0.5 0.5 0.4 0.3 0.2 0.2 0.2 0.2 0.1 0.1 0.1 0.1 0.1 0.1 0.1 0.2 0.2 0.2 0.3 0.4 0.5 0.6 0.8 1.1 1.4 1.5 2.0 2.3 1.2 2.7 2.1 1.1 0.6 0.5 0.6 0.6 1.1 1.1 1.6 2.3 3.4 16.1 12.0 2.6 3.0 4.4 9.2 5.7 12.7 3.5 3.9 6.8 15.2 22.4 33.4 38.3 32.5 31.4 24.3 21.9 29.8 40.0 47.9 56.9 51.6
-9999.0 -9999.0 -9999.0 -9999.0 -9999.0 -9999.0 -9999.0 1.8 0.3 0.7 1.0 0.6 0.7 1.0 0.4 0.7 0.3 0.2 0.2 0.2 0.2 0.1 0.1 0.2 0.2 0.2 0.3 0.3 0.4 0.5 0.5 0.7 0.9 1.0 1.5 1.8 2.2 2.7 3.1 3.2 3.3 3.1 3.2 5.6 2.5 1.6 2.4 3.2 7.7 7.3 16.0 14.9 7.7 9.8 17.8 4.0 3.1 4.9 11.2 17.2 12.8 9.7 6.5 11.4 20.5 32.7 41.7 43.3 46.2 37.2 36.2 39.9 51.8 62.5 59.2 75.1 69.7
-9999.0 -9999.0 -9999.0 -9999.0 -9999.0 -9999.0 -9999.0 -9999.0 -9999.0 0.5 0.4 0.4 0.7 0.6 0.4 0.3 0.3 0.4 0.3 0.3 0.2 0.2 0.3 0.3 0.3 0.4 0.5 0.6 0.9 0.7 1.5 1.5 1.8 1.9 2.7 3.1 3.7 4.3 5.0 5.7 5.7 5.8 5.3 4.8 5.9 6.4 7.5 8.7 11.1 13.2 17.1 15.8 13.8 12.4 21.0 9.1 5.1 6.6 18.2 22.2 25.3 32.4 35.4 21.5 35.2 44.3 47.1 46.9 51.3 47.3 50.9 54.4 65.7 75.9 82.5 62.0 63.7
-9999.0 -9999.0 -9999.0 -9999.0 -9999.0 -9999.0 -9999.0 -9999.0 -9999.0 -9999.0 -9999.0 0.6 0.3 0.6 0.4 0.4 0.4 0.3 0.3 0.3 0.3 0.3 0.4 0.5 0.4 0.6 0.7 0.9 1.2 1.7 2.1 1.9 2.9 3.2 4.0 4.1 5.4 6.5 8.3 9.2 10.5 10.2 9.2 8.7 11.7 10.0 15.4 14.6 18.2 19.4 17.7 18.1 18.1 21.3 28.5 24.4 18.3 22.2 23.4 27.8 38.2 40.3 43.5 47.1 59.7 49.6 42.0 46.8 49.4 52.1 57.2 66.7 68.9 65.8 51.2 58.1 66.9
-9999.0 -9999.0 -9999.0 -9999.0 -9999.0 -9999.0 -9999.0 -9999.0 -9999.0 -9999.0 -9999.0 -9999.0 0.3 0.3 0.5 0.4 0.5 0.4 0.4 0.4 0.5 0.5 0.6 0.9 0.4 1.2 1.8 1.5 2.0 1.7 2.8 3.5 4.0 4.0 4.7 6.0 6.8 9.0 11.3 13.4 15.1 15.5 15.0 15.6 15.7 17.2 20.4 18.9 21.9 23.9 28.5 27.3 23.8 22.8 27.5 33.2 36.0 42.0 23.4 39.6 41.3 56.3 65.3 68.4 69.0 79.1 46.1 47.6 50.7 56.7 57.3 57.5 59.3 60.9 71.4 97.6 93.8
-9999.0 -9999.0 -9999.0 -9999.0 -9999.0 -9999.0 -9999.0 -9999.0 -9999.0 -9999.0 -9999.0 -9999.0 0.5 0.3 0.4 0.5 0.5 0.5 0.5 0.5 0.6 0.6 0.8 1.3 2.3 2.2 2.6 3.9 3.5 4.7 4.1 3.7 5.0 5.9 6.5 8.1 8.9 11.3 14.4 17.8 20.5 21.7 23.5 21.5 23.6 26.7 24.8 25.2 23.8 28.5 28.2 29.3 26.1 29.7 29.0 36.5 36.0 39.3 29.5 31.2 37.8 49.0 68.4 85.3 70.9 74.0 33.5 36.4 44.6 59.8 86.4 116.6 128.3 115.2 110.6 104.8 105.5
-9999.0 -9999.0 -9999.0 -9999.0 -9999.0 -9999.0 -9999.0 -9999.0 -9999.0 -9999.0 -9999.0 -9999.0 -9999.0 0.3 0.5 0.5 0.5 0.6 0.8 0.9 0.9 1.4 1.2 2.5 2.8 1.8 2.2 2.0 3.2 4.2 6.1 7.0 5.8 6.6 9.5 10.4 11.9 14.1 18.7 22.4 26.4 29.8 30.7 33.5 31.3 30.5 33.5 36.2 37.1 35.8 34.3 30.0 29.5 42.2 40.4 40.6 39.2 43.3 56.4 47.8 51.3 52.6 69.3 63.0 54.9 56.8 55.6 47.4 62.2 74.4 70.3 103.5 139.3 139.5 131.3 115.8 108.1
-9999.0 -9999.0 -9999.0 -9999.0 -9999.0 -9999.0 -9999.0 -9999.0 -9999.0 -9999.0 -9999.0 -9999.0 0.2 0.4 0.4 0.4 0.5 0.6 0.7 1.3 1.6 2.0 2.1 2.9 4.0 2.4 3.4 4.8 5.4 5.5 6.8 9.6 6.9 9.7 10.4 12.9 13.6 17.7 21.7 27.0 34.5 41.7 46.8 39.2 41.1 41.8 40.5 38.7 40.0 39.7 42.1 44.2 36.9 41.4 40.8 42.1 47.8 40.8 49.2 45.8 54.5 71.9 71.0 91.8 73.5 64.8 40.7 49.5 82.5 119.1 146.6 168.6 162.6 134.4 124.6 105.5 91.5
-9999.0 -9999.0 -9999.0 -9999.0 -9999.0 -9999.0 -9999.0 -9999.0 -9999.0 -9999.0 -9999.0 -9999.0 0.3 0.2 0.3 0.5 0.5 0.7 1.0 0.9 1.8 1.6 2.2 2.9 4.5 5.9 6.2 6.8 7.3 9.3 10.6 10.7 8.8 13.8 15.1 15.7 19.1 21.6 26.6 33.4 39.5 43.6 45.7 47.6 48.9 50.8 55.4 52.9 50.3 42.3 41.0 44.7 41.3 43.8 46.7 48.8 49.3 55.9 57.9 73.6 88.0 105.6 66.2 59.6 64.2 59.6 61.8 55.0 62.6 88.1 129.5 165.7 169.7 162.8 136.8 96.2 70.9
-9999.0 -9999.0 -9999.0 -9999.0 -9999.0 -9999.0 -9999.0 -9999.0 -9999.0 -9999.0 -9999.0 -9999.0 0.1 0.2 0.3 0.4 0.5 0.5 0.7 0.9 0.7 0.8 1.9 1.8 3.1 2.3 3.7 2.7 7.6 9.1 11.0 8.1 14.0 17.4 18.3 18.9 21.9 26.1 33.0 40.6 48.1 51.1 60.4 50.0 56.5 64.8 66.6 58.5 51.2 49.0 47.1 44.3 57.3 59.9 54.0 60.7 59.3 67.3 79.1 78.5 85.1 92.8 147.4 68.7 55.5 70.7 62.6 60.1 66.5 74.1 96.8 157.4 161.3 155.8 183.7 115.7 130.5
-9999.0 -9999.0 -9999.0 -9999.0 -9999.0 -9999.0 -9999.0 -9999.0 -9999.0 -9999.0 -9999.0 -9999.0 -9999.0 0.3 0.3 0.3 0.4 0.5 0.5 0.5 0.4 1.0 0.9 1.0 2.7 2.8 3.8 5.6 5.0 10.5 7.4 10.4 11.4 16.4 16.9 16.8 21.7 29.2 37.5 47.1 55.5 68.9 76.7 72.7 61.3 63.1 69.2 57.2 62.2 55.4 46.7 51.1 48.0 51.4 56.6 61.8 65.9 73.8 90.8 123.2 129.8 196.8 149.9 60.9 56.5 58.1 60.9 65.3 70.0 85.1 99.5 111.7 137.0 101.9 114.1 94.7 83.4
-9999.0 -9999.0 -9999.0 -9999.0 -9999.0 -9999.0 -9999.0 -9999.0 -9999.0 -9999.0 -9999.0 -9999.0 -9999.0 0.1 0.2 0.2 0.3 0.4 0.5 0.6 0.4 0.5 0.5 0.8 2.8 2.3 2.5 4.9 5.3 2.1 4.3 6.9 12.0 13.3 13.3 16.5 21.8 28.8 39.5 57.3 61.6 70.3 75.3 76.6 94.0 74.1 72.3 60.6 58.2 51.6 51.4 38.7 44.6 53.2 61.4 60.3 62.2 76.4 103.1 102.1 152.6 114.3 80.1 76.7 60.3 59.7 70.3 80.3 86.1 96.3 109.1 116.9 113.9 116.4 121.4 131.7 145.0
-9999.0 -9999.0 -9999.0 -9999.0 -9999.0 -9999.0 -9999.0 -9999.0 -9999.0 -9999.0 -9999.0 -9999.0 -9999.0 -9999.0 -9999.0 0.2 0.3 0.3 0.4 0.7 0.4 0.7 1.0 0.9 0.9 1.1 0.5 1.3 0.9 3.8 4.0 6.9 6.3 8.9 11.9 15.4 22.6 23.3 34.8 48.3 67.5 78.6 79.5 75.0 58.6 57.2 70.6 57.6 60.4 41.2 40.7 60.2 38.5 41.4 33.8 49.5 59.6 57.8 111.2 148.9 118.8 104.9 127.3 107.2 89.0 87.8 97.0 104.7 106.7 117.6 132.5 136.3 148.8 145.9 142.5 172.0 167.4
-9999.0 -9999.0 -9999.0 -9999.0 -9999.0 -9999.0 -9999.0 -9999.0 -9999.0 -9999.0 -9999.0 -9999.0 -9999.0 -9999.0 -9999.0 -9999.0 -9999.0 3.0 1.5 -9999.0 1.8 0.5 1.4 1.6 0.7 0.9 0.4 0.6 1.9 1.3 3.3 8.1 5.1 11.0 12.0 10.2 21.4 11.8 26.7 39.9 54.9 77.2 70.7 62.6 40.3 50.6 75.5 83.7 53.5 55.1 40.2 36.6 37.0 44.3 49.3 52.8 43.3 81.8 106.5 146.5 103.4 121.2 136.4 127.5 112.1 109.8 116.7 118.4 123.1 132.6 155.9 170.2 181.9 170.6 180.7 198.4 190.1
-9999.0 -9999.0 -9999.0 -9999.0 -9999.0 -9999.0 -9999.0 -9999.0 -9999.0 -9999.0 -9999.0 -9999.0 -9999.0 -9999.0 -9999.0 -9999.0 -9999.0 -9999.0 -9999.0 -9999.0 -9999.0 1.2 0.8 0.4 0.7 2.2 1.9 1.6 1.3 3.1 3.3 11.6 10.8 8.8 7.2 6.3 6.7 8.3 8.5 6.3 10.5 66.3 73.4 63.5 31.7 56.8 102.0 61.5 98.2 198.4 61.8 98.3 87.4 44.1 49.5 64.2 67.4 61.9 130.5 134.8 118.0 129.4 123.5 113.8 108.9 108.8 118.1 121.2 131.9 138.4 159.9 188.8 203.6 200.2 196.1 196.4 189.5
-9999.0 -9999.0 -9999.0 -9999.0 -9999.0 -9999.0 -9999.0 -9999.0 -9999.0 -9999.0 -9999.0 -9999.0 -9999.0 -9999.0 -9999.0 -9999.0 -9999.0 -9999.0 -9999.0 -9999.0 -9999.0 -9999.0 -9999.0 7.6 1.7 2.0 2.0 1.3 0.5 1.6 1.9 3.1 4.6 5.8 7.9 8.2 14.9 8.2 26.2 41.7 43.6 66.8 38.7 25.3 27.5 100.9 64.2 74.9 96.8 113.9 89.3 115.6 85.3 88.3 60.1 28.9 61.6 92.9 83.6 128.9 143.2 144.4 124.8 87.2 75.6 87.1 106.0 116.8 119.4 140.0 171.7 201.5 218.8 225.7 205.9 185.3 182.0
-9999.0 -9999.0 -9999.0 -9999.0 -9999.0 -9999.0 -9999.0 -9999.0 -9999.0 -9999.0 -9999.0 -9999.0 -9999.0 -9999.0 -9999.0 -9999.0 -9999.0 -9999.0 -9999.0 -9999.0 -9999.0 -9999.0 -9999.0 -9999.0 -9999.0 21.3 6.3 0.5 0.6 1.2 1.5 4.0 5.8 6.5 5.4 13.3 36.4 13.6 39.0 26.6 62.9 30.8 7.4 14.5 55.2 109.4 107.6 197.2 114.1 140.0 161.2 156.0 169.2 152.9 73.9 55.9 73.3 70.9 107.6 123.3 137.5 134.0 171.3 70.8 61.3 70.5 87.1 103.8 128.0 153.6 173.7 194.6 199.4 219.7 214.6 168.4 138.0
-9999.0 -9999.0 -9999.0 -9999.0 -9999.0 -9999.0 -9999.0 -9999.0 -9999.0 -9999.0 -9999.0 -9999.0 -9999.0 -9999.0 -9999.0 -9999.0 -9999.0 -9999.0 -9999.0 -9999.0 -9999.0 -9999.0 -9999.0 -9999.0 -9999.0 -9999.0 -9999.0 28.1 27.9 7.8 7.1 7.9 8.2 7.8 9.7 3.9 6.9 7.5 1.2 13.3 37.1 6.4 10.2 40.6 69.1 113.6 164.9 210.4 254.4 227.2 302.8 307.0 206.3 166.6 123.6 110.0 75.6 82.5 108.9 121.1 163.1 130.4 109.8 78.3 79.4 70.6 84.4 103.6 125.8 148.6 162.2 177.9 167.5 187.2 167.3 134.1 150.9
-9999.0 -9999.0 -9999.0 -9999.0 -9999.0 -9999.0 -9999.0 -9999.0 -9999.0 -9999.0 -9999.0 -9999.0 -9999.0 -9999.0 -9999.0 -9999.0 -9999.0 -9999.0 -9999.0 -9999.0 -9999.0 -9999.0 -9999.0 -9999.0 -9999.0 -9999.0 -9999.0 -9999.0 -9999.0 -9999.0 -9999.0 -9999.0 -9999.0 10.5 10.1 -9999.0 -9999.0 -9999.0 1.8 5.2 3.2 7.2 12.5 48.6 84.5 118.3 -9999.0 -9999.0 -9999.0 -9999.0 -9999.0 -9999.0 281.1 232.4 158.4 112.5 98.0 96.0 115.4 150.5 172.1 144.8 130.9 96.7 81.4 82.7 98.0 117.6 131.2 142.6 145.9 155.3 161.5 150.2 155.6 120.9 150.2
-9999.0 -9999.0 -9999.0 -9999.0 -9999.0 -9999.0 -9999.0 -9999.0 -9999.0 -9999.0 -9999.0 -9999.0 -9999.0 -9999.0 -9999.0 -9999.0 -9999.0 -9999.0 -9999.0 -9999.0 -9999.0 -9999.0 -9999.0 -9999.0 -9999.0 -9999.0 -9999.0 -9999.0 -9999.0 -9999.0 -9999.0 -9999.0 -9999.0 -9999.0 -9999.0 -9999.0 -9999.0 -9999.0 -9999.0 12.7 16.4 24.4 37.1 55.2 -9999.0 -9999.0 -9999.0 -9999.0 -9999.0 -9999.0 -9999.0 -9999.0 323.9 274.9 202.9 143.1 115.8 109.9 125.6 172.3 216.8 182.8 141.9 116.9 106.4 111.0 120.9 117.6 122.9 141.2 152.8 150.0 140.3 146.3 124.4 124.6 130.0
-9999.0 -9999.0 -9999.0 -9999.0 -9999.0 -9999.0 -9999.0 -9999.0 -9999.0 -9999.0 -9999.0 -9999.0 -9999.0 -9999.0 -9999.0 -9999.0 -9999.0 -9999.0 -9999.0 -9999.0 -9999.0 -9999.0 -9999.0 -9999.0 -9999.0 -9999.0 -9999.0 -9999.0 -9999.0 -9999.0 -9999.0 -9999.0 -9999.0 -9999.0 -9999.0 -9999.0 -9999.0 -9999.0 -9999.0 -9999.0 -9999.0 -9999.0 -9999.0 -9999.0 -9999.0 -9999.0 -9999.0 -9999.0 -9999.0 -9999.0 -9999.0 -9999.0 329.1 306.9 239.4 194.7 145.7 129.8 137.6 175.7 206.4 192.2 126.2 115.4 109.8 117.6 113.6 108.6 109.2 124.4 144.7 150.3 152.5 138.3 128.4 115.7 129.5
-9999.0 -9999.0 -9999.0 -9999.0 -9999.0 -9999.0 -9999.0 -9999.0 -9999.0 -9999.0 -9999.0 -9999.0 -9999.0 -9999.0 -9999.0 -9999.0 -9999.0 -9999.0 -9999.0 -9999.0 -9999.0 -9999.0 -9999.0 -9999.0 -9999.0 -9999.0 -9999.0 -9999.0 -9999.0 -9999.0 -9999.0 -9999.0 -9999.0 -9999.0 -9999.0 -9999.0 -9999.0 -9999.0 -9999.0 -9999.0 -9999.0 -9999.0 -9999.0 -9999.0 -9999.0 -9999.0 -9999.0 -9999.0 -9999.0 -9999.0 -9999.0 306.5 355.1 325.4 268.2 212.5 169.5 151.4 139.0 116.6 153.9 136.7 112.8 93.0 100.7 117.5 109.9 87.5 92.6 100.2 123.9 136.8 131.9 118.7 112.1 110.6 125.6
-9999.0 -9999.0 -9999.0 -9999.0 -9999.0 -9999.0 -9999.0 -9999.0 -9999.0 -9999.0 -9999.0 -9999.0 -9999.0 -9999.0 -9999.0 -9999.0 -9999.0 -9999.0 -9999.0 -9999.0 -9999.0 -9999.0 -9999.0 -9999.0 -9999.0 -9999.0 -9999.0 -9999.0 -9999.0 -9999.0 -9999.0 -9999.0 -9999.0 -9999.0 -9999.0 -9999.0 -9999.0 -9999.0 -9999.0 -9999.0 -9999.0 -9999.0 -9999.0 -9999.0 -9999.0 -9999.0 -9999.0 -9999.0 -9999.0 -9999.0 201.5 302.1 333.8 322.8 267.5 227.3 176.9 134.7 117.2 113.2 100.3 94.3 75.0 70.7 90.3 107.4 111.6 87.8 79.5 70.3 85.8 92.9 97.6 106.0 108.1 110.5 111.7
-9999.0 -9999.0 -9999.0 -9999.0 -9999.0 -9999.0 -9999.0 -9999.0 -9999.0 -9999.0 -9999.0 -9999.0 -9999.0 -9999.0 -9999.0 -9999.0 -9999.0 -9999.0 -9999.0 -9999.0 -9999.0 -9999.0 -9999.0 -9999.0 -9999.0 -9999.0 -9999.0 -9999.0 -9999.0 -9999.0 -9999.0 -9999.0 -9999.0 -9999.0 -9999.0 -9999.0 -9999.0 -9999.0 -9999.0 -9999.0 -9999.0 -9999.0 -9999.0 -9999.0 -9999.0 -9999.0 -9999.0 -9999.0 -9999.0 -9999.0 166.4 290.6 223.7 278.9 263.1 219.7 159.1 146.4 108.6 72.1 53.0 55.0 57.9 65.0 82.2 78.0 82.3 69.9 62.4 53.6 60.0 67.4 73.2 81.7 91.9 100.6 92.7
-9999.0 -9999.0 -9999.0 -9999.0 -9999.0 -9999.0 -9999.0 -9999.0 -9999.0 -9999.0 -9999.0 -9999.0 -9999.0 -9999.0 -9999.0 -9999.0 -9999.0 -9999.0 -9999.0 -9999.0 -9999.0 -9999.0 -9999.0 -9999.0 -9999.0 -9999.0 -9999.0 -9999.0 -9999.0 -9999.0 -9999.0 -9999.0 -9999.0 -9999.0 -9999.0 -9999.0 -9999.0 -9999.0 -9999.0 -9999.0 -9999.0 -9999.0 -9999.0 -9999.0 -9999.0 -9999.0 -9999.0 -9999.0 -9999.0 -9999.0 134.9 173.3 167.9 274.1 209.4 193.5 186.3 143.5 104.5 70.1 48.4 45.2 49.1 64.7 72.6 71.8 63.3 65.0 64.6 72.5 68.2 85.3 68.8 75.8 74.5 84.4 75.4
-9999.0 -9999.0 -9999.0 -9999.0 -9999.0 -9999.0 -9999.0 -9999.0 -9999.0 -9999.0 -9999.0 -9999.0 -9999.0 -9999.0 -9999.0 -9999.0 -9999.0 -9999.0 -9999.0 -9999.0 -9999.0 -9999.0 -9999.0 -9999.0 -9999.0 -9999.0 -9999.0 -9999.0 -9999.0 -9999.0 -9999.0 -9999.0 -9999.0 -9999.0 -9999.0 -9999.0 -9999.0 -9999.0 -9999.0 -9999.0 -9999.0 -9999.0 -9999.0 -9999.0 -9999.0 -9999.0 -9999.0 -9999.0 -9999.0 -9999.0 154.0 201.3 187.7 209.7 202.3 199.1 142.6 134.6 107.8 82.5 63.1 54.2 67.1 59.8 55.7 56.4 67.3 83.4 104.6 81.4 99.8 95.3 88.4 78.8 66.8 74.1 70.3
-9999.0 -9999.0 -9999.0 -9999.0 -9999.0 -9999.0 -9999.0 -9999.0 -9999.0 -9999.0 -9999.0 -9999.0 -9999.0 -9999.0 -9999.0 -9999.0 -9999.0 -9999.0 -9999.0 -9999.0 -9999.0 -9999.0 -9999.0 -9999.0 -9999.0 -9999.0 -9999.0 -9999.0 -9999.0 -9999.0 -9999.0 -9999.0 -9999.0 -9999.0 -9999.0 -9999.0 -9999.0 -9999.0 -9999.0 -9999.0 -9999.0 -9999.0 -9999.0 -9999.0 -9999.0 -9999.0 -9999.0 -9999.0 -9999.0 -9999.0 -9999.0 -9999.0 -9999.0 170.6 159.3 143.1 130.4 115.0 84.3 81.5 74.1 81.3 59.3 61.1 42.3 40.8 59.8 84.7 123.3 134.1 123.5 108.6 94.0 86.2 86.2 81.3 69.2
-9999.0 -9999.0 -9999.0 -9999.0 -9999.0 -9999.0 -9999.0 -9999.0 -9999.0 -9999.0 -9999.0 -9999.0 -9999.0 -9999.0 -9999.0 -9999.0 -9999.0 -9999.0 -9999.0 -9999.0 -9999.0 -9999.0 -9999.0 -9999.0 -9999.0 -9999.0 -9999.0 -9999.0 -9999.0 -9999.0 -9999.0 -9999.0 -9999.0 -9999.0 -9999.0 -9999.0 -9999.0 -9999.0 -9999.0 -9999.0 -9999.0 -9999.0 -9999.0 -9999.0 -9999.0 -9999.0 -9999.0 -9999.0 -9999.0 -9999.0 -9999.0 -9999.0 -9999.0 159.0 139.7 158.5 105.5 81.6 77.4 90.8 94.3 95.1 90.1 81.8 54.7 44.7 48.8 90.1 90.0 107.2 111.8 114.0 107.7 103.9 105.8 93.5 62.0
-9999.0 -9999.0 -9999.0 -9999.0 -9999.0 -9999.0 -9999.0 -9999.0 -9999.0 -9999.0 -9999.0 -9999.0 -9999.0 -9999.0 -9999.0 -9999.0 -9999.0 -9999.0 -9999.0 -9999.0 -9999.0 -9999.0 -9999.0 -9999.0 -9999.0 -9999.0 -9999.0 -9999.0 -9999.0 -9999.0 -9999.0 -9999.0 -9999.0 -9999.0 -9999.0 -9999.0 -9999.0 -9999.0 -9999.0 -9999.0 -9999.0 -9999.0 -9999.0 -9999.0 -9999.0 -9999.0 -9999.0 -9999.0 -9999.0 -9999.0 -9999.0 -9999.0 -9999.0 147.5 114.7 122.4 96.1 73.3 70.7 77.2 100.8 113.2 106.3 80.1 65.7 -9999.0 -9999.0 -9999.0 92.4 88.0 124.6 157.3 146.3 116.3 98.0 86.5 59.6
-9999.0 -9999.0 -9999.0 -9999.0 -9999.0 -9999.0 -9999.0 -9999.0 -9999.0 -9999.0 -9999.0 -9999.0 -9999.0 -9999.0 -9999.0 -9999.0 -9999.0 -9999.0 -9999.0 -9999.0 -9999.0 -9999.0 -9999.0 -9999.0 -9999.0 -9999.0 -9999.0 -9999.0 -9999.0 -9999.0 -9999.0 -9999.0 -9999.0 -9999.0 -9999.0 -9999.0 -9999.0 -9999.0 -9999.0 -9999.0 -9999.0 -9999.0 -9999.0 -9999.0 -9999.0 -9999.0 -9999.0 -9999.0 -9999.0 -9999.0 -9999.0 -9999.0 -9999.0 -9999.0 120.8 103.1 72.4 57.4 67.0 82.2 74.5 -9999.0 -9999.0 -9999.0 -9999.0 -9999.0 -9999.0 -9999.0 77.2 123.5 200.4 211.6 182.9 123.6 75.7 58.8 68.7
-9999.0 -9999.0 -9999.0 -9999.0 -9999.0 -9999.0 -9999.0 -9999.0 -9999.0 -9999.0 -9999.0 -9999.0 -9999.0 -9999.0 -9999.0 -9999.0 -9999.0 -9999.0 -9999.0 -9999.0 -9999.0 -9999.0 -9999.0 -9999.0 -9999.0 -9999.0 -9999.0 -9999.0 -9999.0 -9999.0 -9999.0 -9999.0 -9999.0 -9999.0 -9999.0 -9999.0 -9999.0 -9999.0 -9999.0 -9999.0 -9999.0 -9999.0 -9999.0 -9999.0 -9999.0 -9999.0 -9999.0 -9999.0 -9999.0 -9999.0 -9999.0 -9999.0 -9999.0 -9999.0 -9999.0 83.6 90.9 60.1 50.9 64.0 70.4 -9999.0 -9999.0 -9999.0 -9999.0 -9999.0 -9999.0 -9999.0 -9999.0 -9999.0 212.3 -9999.0 -9999.0 -9999.0 -9999.0 -9999.0 67.8
-9999.0 -9999.0 -9999.0 -9999.0 -9999.0 -9999.0 -9999.0 -9999.0 -9999.0 -9999.0 -9999.0 -9999.0 -9999.0 -9999.0 -9999.0 -9999.0 -9999.0 -9999.0 -9999.0 -9999.0 -9999.0 -9999.0 -9999.0 -9999.0 -9999.0 -9999.0 -9999.0 -9999.0 -9999.0 -9999.0 -9999.0 -9999.0 -9999.0 -9999.0 -9999.0 -9999.0 -9999.0 -9999.0 -9999.0 -9999.0 -9999.0 -9999.0 -9999.0 -9999.0 -9999.0 -9999.0 -9999.0 -9999.0 -9999.0 -9999.0 -9999.0 -9999.0 -9999.0 -9999.0 -9999.0 -9999.0 -9999.0 -9999.0 51.6 47.1 -9999.0 -9999.0 -9999.0 -9999.0 -9999.0 -9999.0 -9999.0 -9999.0 -9999.0 -9999.0 -9999.0 -9999.0 -9999.0 -9999.0 -9999.0 50.8 71.4
-9999.0 -9999.0 -9999.0 -9999.0 -9999.0 -9999.0 -9999.0 -9999.0 -9999.0 -9999.0 -9999.0 -9999.0 -9999.0 -9999.0 -9999.0 -9999.0 -9999.0 -9999.0 -9999.0 -9999.0 -9999.0 -9999.0 -9999.0 -9999.0 -9999.0 -9999.0 -9999.0 -9999.0 -9999.0 -9999.0 -9999.0 -9999.0 -9999.0 -9999.0 -9999.0 -9999.0 -9999.0 -9999.0 -9999.0 -9999.0 -9999.0 -9999.0 -9999.0 -9999.0 -9999.0 -9999.0 -9999.0 -9999.0 -9999.0 -9999.0 -9999.0 -9999.0 -9999.0 -9999.0 -9999.0 -9999.0 -9999.0 -9999.0 -9999.0 -9999.0 -9999.0 -9999.0 -9999.0 -9999.0 -9999.0 -9999.0 -9999.0 -9999.0 -9999.0 -9999.0 -9999.0 -9999.0 -9999.0 -9999.0 -9999.0 -9999.0 -9999.0
