program/excelProcessViaJava/data/SURF_CLI_CHN_PRE_MON_GRID_0.5-199605.txt
NCOLS      128
NROWS       72
XLLCORNER    72.000000000000    
YLLCORNER    18.000000000000    
CELLSIZE    0.50000000000000    
NODATA_VALUE   -9999.000    
[rows 34 to 67 of 72, columns 0 to 76 of 128]
-9999.0 -9999.0 -9999.0 -9999.0 0.3 1.4 0.8 7.8 1.6 3.9 30.8 11.0 21.3 18.6 22.0 12.6 7.5 3.3 2.3 2.9 4.7 6.1 6.7 4.2 0.8 0.4 1.4 2.0 3.3 4.9 7.3 9.4 13.3 16.4 19.0 20.7 22.1 22.9 19.2 12.9 14.6 5.2 3.7 2.2 1.9 1.7 1.4 1.1 1.0 2.0 4.1 10.8 44.5 41.6 39.7 47.3 52.0 62.4 69.3 36.2 50.7 20.9 15.3 13.8 9.7 7.2 8.7 9.1 12.2 17.2 21.7 23.0 21.5 20.0 19.0 19.2 17.4
-9999.0 -9999.0 -9999.0 -9999.0 -9999.0 -9999.0 -9999.0 3.5 2.8 9.0 1.5 2.2 12.0 7.9 6.5 12.1 7.7 5.4 4.2 4.1 1.9 0.6 0.5 0.6 0.8 1.1 1.2 1.8 2.9 4.0 6.6 9.9 13.8 17.3 20.4 23.7 25.7 26.5 27.5 27.0 17.6 25.2 22.0 14.7 8.0 3.2 4.6 3.1 5.2 2.5 3.2 8.8 26.6 68.4 69.5 43.2 39.8 40.4 69.5 42.7 52.5 20.1 15.4 16.7 17.2 12.2 12.6 14.6 18.3 24.9 30.0 29.3 27.3 25.1 23.2 24.0 20.6
-9999.0 -9999.0 -9999.0 -9999.0 -9999.0 -9999.0 -9999.0 0.1 5.6 2.0 1.4 5.1 3.1 0.7 2.6 0.2 1.6 1.3 0.2 0.7 0.7 0.3 0.5 0.5 0.7 0.9 1.4 1.5 3.4 5.6 7.1 10.4 14.5 17.7 22.8 26.3 29.0 30.9 31.5 30.2 28.9 26.4 25.3 30.2 18.4 10.3 12.7 13.7 27.0 24.0 47.7 49.6 35.6 51.8 71.3 50.9 50.0 58.6 69.2 66.6 48.7 37.0 25.7 27.7 24.3 20.8 19.7 22.3 28.8 36.1 40.4 39.8 37.2 34.5 29.6 31.7 29.1
-9999.0 -9999.0 -9999.0 -9999.0 -9999.0 -9999.0 -9999.0 -9999.0 -9999.0 1.2 2.3 4.2 0.8 1.0 1.8 2.0 0.6 0.0 0.2 0.0 0.2 0.4 0.5 0.5 0.6 1.0 1.2 1.9 3.7 4.3 8.8 11.7 15.7 19.5 25.0 28.9 32.0 34.4 35.2 35.6 33.1 31.8 28.3 24.8 26.7 25.9 26.3 26.6 30.4 34.6 45.0 45.5 46.2 48.9 67.5 56.6 51.2 58.2 72.9 67.4 60.0 55.5 49.0 37.6 38.5 33.8 31.1 33.8 41.5 47.6 50.6 48.0 46.5 44.9 42.1 32.1 28.7
-9999.0 -9999.0 -9999.0 -9999.0 -9999.0 -9999.0 -9999.0 -9999.0 -9999.0 -9999.0 -9999.0 0.4 4.7 0.3 0.7 0.4 0.4 0.4 0.4 0.2 0.1 0.2 0.2 0.4 0.2 0.6 0.7 1.3 2.7 5.1 7.9 10.1 15.9 20.6 25.9 29.3 34.2 37.1 39.4 39.7 40.1 36.4 32.0 29.1 35.5 30.0 39.6 35.6 41.4 43.2 40.3 44.7 48.9 57.1 67.5 66.6 64.3 72.4 72.5 70.6 70.5 62.9 56.1 54.4 53.7 45.1 39.3 44.0 50.0 53.6 55.1 55.2 52.2 48.0 33.4 32.2 30.5
-9999.0 -9999.0 -9999.0 -9999.0 -9999.0 -9999.0 -9999.0 -9999.0 -9999.0 -9999.0 -9999.0 -9999.0 2.1 2.0 0.3 0.5 0.0 0.2 0.1 0.0 0.3 0.2 0.2 0.4 0.0 0.5 1.1 1.1 2.3 2.9 6.8 10.7 15.2 19.1 24.5 30.2 33.1 38.1 40.0 40.3 39.6 37.8 35.5 36.8 36.9 39.8 44.5 39.9 44.2 47.9 57.6 58.0 54.6 54.1 61.3 68.9 74.0 81.2 69.1 81.5 78.3 79.5 75.3 69.6 64.2 62.7 53.1 53.8 54.6 56.0 55.2 45.9 39.6 39.6 47.9 45.7 49.7
-9999.0 -9999.0 -9999.0 -9999.0 -9999.0 -9999.0 -9999.0 -9999.0 -9999.0 -9999.0 -9999.0 -9999.0 0.1 1.8 2.2 0.3 0.7 0.4 0.1 0.1 0.1 0.1 0.1 0.3 0.6 0.5 0.8 1.8 2.3 4.5 6.0 8.1 13.4 18.7 23.6 29.4 32.6 36.4 39.2 40.0 38.9 37.5 39.9 37.3 42.8 49.1 48.3 48.4 43.9 53.2 54.7 59.5 57.2 63.5 62.8 72.0 73.2 79.8 76.4 81.3 86.4 90.8 91.1 84.9 68.2 68.3 49.2 50.0 52.9 59.9 67.4 69.5 69.8 78.4 73.3 66.8 60.9
-9999.0 -9999.0 -9999.0 -9999.0 -9999.0 -9999.0 -9999.0 -9999.0 -9999.0 -9999.0 -9999.0 -9999.0 -9999.0 0.4 0.1 0.9 0.2 0.4 0.3 0.2 0.1 0.3 0.1 0.4 0.4 0.2 0.3 0.4 1.1 2.5 5.3 8.7 10.9 15.6 22.7 27.4 31.3 34.0 34.7 37.0 37.1 37.8 38.3 43.0 45.4 49.8 57.3 61.9 63.4 62.5 62.6 60.8 64.2 76.9 78.6 80.6 80.4 86.7 97.6 99.9 105.1 106.1 104.5 87.3 56.4 62.1 63.8 60.4 67.1 77.1 84.6 90.2 97.5 95.8 86.5 82.5 77.3
-9999.0 -9999.0 -9999.0 -9999.0 -9999.0 -9999.0 -9999.0 -9999.0 -9999.0 -9999.0 -9999.0 -9999.0 0.2 0.0 0.1 0.4 0.0 0.1 0.1 0.3 0.3 0.3 0.2 0.3 0.5 0.2 0.4 0.7 1.2 1.9 3.8 7.3 8.6 14.4 18.9 24.3 27.0 30.7 31.8 32.1 34.2 37.3 41.2 40.2 47.6 55.5 61.4 62.8 64.3 64.5 68.8 73.2 74.5 81.5 86.2 89.0 93.9 86.2 101.5 106.8 116.3 120.4 113.5 104.9 84.9 68.2 44.4 58.8 80.2 91.4 103.8 115.3 109.8 96.7 102.2 108.8 115.3
-9999.0 -9999.0 -9999.0 -9999.0 -9999.0 -9999.0 -9999.0 -9999.0 -9999.0 -9999.0 -9999.0 -9999.0 0.0 0.6 0.4 0.0 0.0 0.3 0.3 0.1 0.3 0.2 0.2 0.3 0.5 0.6 0.6 0.8 1.1 2.0 3.4 5.2 6.8 12.5 17.0 20.9 24.9 26.9 27.9 28.4 29.6 31.9 35.4 40.9 48.4 57.0 64.4 67.6 67.8 63.0 65.0 71.9 79.9 90.7 96.2 97.9 101.4 107.4 112.2 123.4 129.4 129.5 115.8 94.1 79.5 50.1 60.0 60.2 81.7 109.9 125.5 127.9 128.0 134.9 127.8 129.4 141.1
-9999.0 -9999.0 -9999.0 -9999.0 -9999.0 -9999.0 -9999.0 -9999.0 -9999.0 -9999.0 -9999.0 -9999.0 0.6 0.1 0.5 0.3 0.3 0.0 0.1 0.1 0.0 0.0 0.2 0.1 0.3 0.2 0.3 0.2 0.8 1.2 2.1 2.4 5.9 9.7 13.7 17.5 21.2 23.7 25.8 26.9 30.2 36.3 41.0 46.1 52.3 59.3 63.7 65.4 64.0 62.0 62.6 68.0 74.4 82.1 94.1 103.4 109.0 116.7 125.2 131.3 136.9 135.9 129.6 98.8 63.7 44.9 47.6 60.8 85.1 108.2 126.4 141.6 147.0 146.6 118.5 132.0 112.8
-9999.0 -9999.0 -9999.0 -9999.0 -9999.0 -9999.0 -9999.0 -9999.0 -9999.0 -9999.0 -9999.0 -9999.0 -9999.0 0.0 0.0 0.3 0.2 0.2 0.1 0.1 0.0 0.1 0.1 0.1 0.4 0.3 0.4 0.5 0.4 0.9 0.7 1.6 3.0 6.2 9.4 11.9 16.2 21.5 25.0 30.2 36.5 40.7 47.5 54.6 61.7 63.8 63.1 65.1 59.7 56.4 53.4 58.3 65.6 81.0 87.6 99.4 108.7 119.0 131.0 138.2 144.5 134.5 134.8 90.2 51.5 44.1 46.0 62.9 88.3 119.7 139.0 148.4 154.7 154.8 155.3 154.4 152.7
-9999.0 -9999.0 -9999.0 -9999.0 -9999.0 -9999.0 -9999.0 -9999.0 -9999.0 -9999.0 -9999.0 -9999.0 -9999.0 0.7 0.0 0.3 0.0 0.3 0.3 0.2 0.0 0.0 0.0 0.1 0.7 0.5 0.4 0.6 0.5 0.1 0.3 0.6 1.6 3.2 5.4 9.0 14.4 19.9 24.8 28.4 41.7 50.7 59.0 63.8 59.9 65.9 63.7 63.9 54.9 48.0 45.3 43.2 52.0 64.1 77.3 91.3 103.7 117.7 131.7 139.9 148.1 143.2 110.3 67.7 53.6 48.4 55.1 77.4 109.5 140.2 161.7 166.0 164.1 163.1 164.1 165.9 168.7
-9999.0 -9999.0 -9999.0 -9999.0 -9999.0 -9999.0 -9999.0 -9999.0 -9999.0 -9999.0 -9999.0 -9999.0 -9999.0 -9999.0 -9999.0 0.3 0.5 0.3 0.5 0.7 0.2 0.5 0.7 0.6 0.5 0.5 0.1 0.3 0.1 0.3 0.2 0.4 0.5 1.3 3.6 6.2 10.3 20.5 27.4 35.9 40.4 48.7 59.1 67.7 83.9 92.1 66.6 75.3 51.2 48.3 35.6 41.7 39.4 49.6 52.1 78.2 94.6 96.2 125.4 136.4 149.0 131.3 89.9 71.9 58.1 57.8 72.8 103.2 136.1 160.7 177.8 177.6 169.6 175.0 183.5 192.7 195.0
-9999.0 -9999.0 -9999.0 -9999.0 -9999.0 -9999.0 -9999.0 -9999.0 -9999.0 -9999.0 -9999.0 -9999.0 -9999.0 -9999.0 -9999.0 -9999.0 -9999.0 5.3 5.4 -9999.0 5.4 1.0 3.6 3.7 1.1 1.2 0.2 0.3 0.5 0.1 0.2 0.3 0.3 1.1 3.4 6.1 9.6 21.9 26.8 35.1 41.5 45.7 55.8 66.6 133.0 105.3 195.7 56.3 61.2 42.5 48.9 31.0 38.9 42.9 55.5 69.1 75.4 99.1 113.6 128.1 126.6 120.4 93.0 71.7 66.0 71.0 88.6 118.0 145.9 161.3 175.4 173.9 186.4 199.5 213.4 220.9 212.0
-9999.0 -9999.0 -9999.0 -9999.0 -9999.0 -9999.0 -9999.0 -9999.0 -9999.0 -9999.0 -9999.0 -9999.0 -9999.0 -9999.0 -9999.0 -9999.0 -9999.0 -9999.0 -9999.0 -9999.0 -9999.0 7.6 4.9 1.3 3.6 8.6 5.7 3.0 0.9 0.7 0.3 0.7 0.6 1.1 3.3 6.1 11.2 17.7 26.4 37.4 43.5 40.6 46.7 55.4 134.1 80.3 251.6 97.9 52.3 54.0 42.2 43.0 44.0 39.6 48.0 62.9 73.6 78.6 103.7 114.7 112.0 126.3 103.9 86.6 76.1 81.5 96.2 118.1 138.8 149.3 160.6 183.5 203.5 210.7 212.0 208.7 191.3
-9999.0 -9999.0 -9999.0 -9999.0 -9999.0 -9999.0 -9999.0 -9999.0 -9999.0 -9999.0 -9999.0 -9999.0 -9999.0 -9999.0 -9999.0 -9999.0 -9999.0 -9999.0 -9999.0 -9999.0 -9999.0 -9999.0 -9999.0 34.5 16.3 16.2 12.8 6.8 1.4 1.4 0.6 0.5 0.6 1.5 3.6 7.2 11.9 17.3 23.1 27.8 30.3 35.5 38.9 58.3 130.9 265.1 171.0 140.7 159.1 150.3 76.9 50.9 57.0 52.2 44.6 28.5 58.1 77.1 66.1 101.4 113.0 134.1 134.4 112.5 102.9 98.7 105.6 118.0 125.1 140.4 166.4 190.2 208.4 222.3 184.5 167.4 181.4
-9999.0 -9999.0 -9999.0 -9999.0 -9999.0 -9999.0 -9999.0 -9999.0 -9999.0 -9999.0 -9999.0 -9999.0 -9999.0 -9999.0 -9999.0 -9999.0 -9999.0 -9999.0 -9999.0 -9999.0 -9999.0 -9999.0 -9999.0 -9999.0 -9999.0 56.0 38.3 3.2 2.8 1.0 1.3 2.1 2.8 3.8 7.1 10.7 16.1 20.3 26.3 26.4 31.8 27.5 84.0 98.1 213.4 271.1 259.7 319.9 99.7 149.3 69.5 73.8 65.8 62.7 41.3 31.8 47.5 50.7 77.8 91.4 109.4 122.5 120.6 119.9 118.4 121.3 120.5 121.4 134.3 151.5 166.0 184.4 179.6 212.8 206.7 156.7 149.0
-9999.0 -9999.0 -9999.0 -9999.0 -9999.0 -9999.0 -9999.0 -9999.0 -9999.0 -9999.0 -9999.0 -9999.0 -9999.0 -9999.0 -9999.0 -9999.0 -9999.0 -9999.0 -9999.0 -9999.0 -9999.0 -9999.0 -9999.0 -9999.0 -9999.0 -9999.0 -9999.0 57.1 50.5 26.0 16.3 12.3 5.9 13.5 12.9 23.7 21.1 24.0 25.9 26.6 30.2 31.6 98.8 180.8 224.6 268.5 300.1 323.4 337.0 241.0 285.1 240.3 92.1 73.0 48.8 42.8 35.4 44.1 69.7 80.2 73.2 107.2 92.6 94.5 88.2 115.1 142.2 143.1 141.3 146.3 149.2 165.2 149.6 183.4 174.4 167.9 200.9
-9999.0 -9999.0 -9999.0 -9999.0 -9999.0 -9999.0 -9999.0 -9999.0 -9999.0 -9999.0 -9999.0 -9999.0 -9999.0 -9999.0 -9999.0 -9999.0 -9999.0 -9999.0 -9999.0 -9999.0 -9999.0 -9999.0 -9999.0 -9999.0 -9999.0 -9999.0 -9999.0 -9999.0 -9999.0 -9999.0 -9999.0 -9999.0 -9999.0 30.9 23.8 -9999.0 -9999.0 -9999.0 43.6 34.0 50.7 83.1 92.2 183.0 222.2 258.1 -9999.0 -9999.0 -9999.0 -9999.0 -9999.0 -9999.0 142.2 78.4 65.7 50.2 44.9 51.4 61.2 66.2 77.1 89.7 75.5 74.4 91.3 128.1 172.0 195.4 179.3 148.3 131.0 134.7 148.6 145.9 180.8 182.5 204.9
-9999.0 -9999.0 -9999.0 -9999.0 -9999.0 -9999.0 -9999.0 -9999.0 -9999.0 -9999.0 -9999.0 -9999.0 -9999.0 -9999.0 -9999.0 -9999.0 -9999.0 -9999.0 -9999.0 -9999.0 -9999.0 -9999.0 -9999.0 -9999.0 -9999.0 -9999.0 -9999.0 -9999.0 -9999.0 -9999.0 -9999.0 -9999.0 -9999.0 -9999.0 -9999.0 -9999.0 -9999.0 -9999.0 -9999.0 75.1 93.4 116.3 143.8 175.4 -9999.0 -9999.0 -9999.0 -9999.0 -9999.0 -9999.0 -9999.0 -9999.0 147.0 91.4 69.6 65.0 61.6 58.8 58.1 60.8 66.6 73.7 68.6 66.4 74.5 116.4 175.2 231.0 208.8 175.6 148.7 140.5 139.5 154.8 159.3 181.2 193.1
-9999.0 -9999.0 -9999.0 -9999.0 -9999.0 -9999.0 -9999.0 -9999.0 -9999.0 -9999.0 -9999.0 -9999.0 -9999.0 -9999.0 -9999.0 -9999.0 -9999.0 -9999.0 -9999.0 -9999.0 -9999.0 -9999.0 -9999.0 -9999.0 -9999.0 -9999.0 -9999.0 -9999.0 -9999.0 -9999.0 -9999.0 -9999.0 -9999.0 -9999.0 -9999.0 -9999.0 -9999.0 -9999.0 -9999.0 -9999.0 -9999.0 -9999.0 -9999.0 -9999.0 -9999.0 -9999.0 -9999.0 -9999.0 -9999.0 -9999.0 -9999.0 -9999.0 219.4 110.0 84.9 73.8 68.4 63.8 61.6 65.1 67.1 69.7 83.6 58.8 68.5 118.6 205.2 242.2 219.0 182.3 165.0 172.3 175.3 181.5 181.6 210.2 218.5
-9999.0 -9999.0 -9999.0 -9999.0 -9999.0 -9999.0 -9999.0 -9999.0 -9999.0 -9999.0 -9999.0 -9999.0 -9999.0 -9999.0 -9999.0 -9999.0 -9999.0 -9999.0 -9999.0 -9999.0 -9999.0 -9999.0 -9999.0 -9999.0 -9999.0 -9999.0 -9999.0 -9999.0 -9999.0 -9999.0 -9999.0 -9999.0 -9999.0 -9999.0 -9999.0 -9999.0 -9999.0 -9999.0 -9999.0 -9999.0 -9999.0 -9999.0 -9999.0 -9999.0 -9999.0 -9999.0 -9999.0 -9999.0 -9999.0 -9999.0 -9999.0 242.4 184.8 132.2 103.6 85.5 77.4 75.2 70.3 67.6 81.7 77.2 66.3 57.0 63.5 99.0 187.1 235.6 202.4 177.9 176.9 201.8 240.7 261.2 246.6 261.6 248.2
-9999.0 -9999.0 -9999.0 -9999.0 -9999.0 -9999.0 -9999.0 -9999.0 -9999.0 -9999.0 -9999.0 -9999.0 -9999.0 -9999.0 -9999.0 -9999.0 -9999.0 -9999.0 -9999.0 -9999.0 -9999.0 -9999.0 -9999.0 -9999.0 -9999.0 -9999.0 -9999.0 -9999.0 -9999.0 -9999.0 -9999.0 -9999.0 -9999.0 -9999.0 -9999.0 -9999.0 -9999.0 -9999.0 -9999.0 -9999.0 -9999.0 -9999.0 -9999.0 -9999.0 -9999.0 -9999.0 -9999.0 -9999.0 -9999.0 -9999.0 232.7 248.8 204.6 160.5 121.1 103.4 92.5 90.4 86.4 92.0 88.3 90.8 74.8 66.8 72.8 104.7 137.2 189.9 165.1 165.3 173.7 220.2 252.7 252.2 240.3 235.4 319.1
-9999.0 -9999.0 -9999.0 -9999.0 -9999.0 -9999.0 -9999.0 -9999.0 -9999.0 -9999.0 -9999.0 -9999.0 -9999.0 -9999.0 -9999.0 -9999.0 -9999.0 -9999.0 -9999.0 -9999.0 -9999.0 -9999.0 -9999.0 -9999.0 -9999.0 -9999.0 -9999.0 -9999.0 -9999.0 -9999.0 -9999.0 -9999.0 -9999.0 -9999.0 -9999.0 -9999.0 -9999.0 -9999.0 -9999.0 -9999.0 -9999.0 -9999.0 -9999.0 -9999.0 -9999.0 -9999.0 -9999.0 -9999.0 -9999.0 -9999.0 215.1 276.2 233.6 198.0 156.6 125.1 120.5 114.6 116.4 112.9 104.1 98.1 86.5 87.5 96.6 124.0 136.5 161.3 148.4 153.5 168.6 195.1 213.7 223.9 228.3 247.2 250.8
-9999.0 -9999.0 -9999.0 -9999.0 -9999.0 -9999.0 -9999.0 -9999.0 -9999.0 -9999.0 -9999.0 -9999.0 -9999.0 -9999.0 -9999.0 -9999.0 -9999.0 -9999.0 -9999.0 -9999.0 -9999.0 -9999.0 -9999.0 -9999.0 -9999.0 -9999.0 -9999.0 -9999.0 -9999.0 -9999.0 -9999.0 -9999.0 -9999.0 -9999.0 -9999.0 -9999.0 -9999.0 -9999.0 -9999.0 -9999.0 -9999.0 -9999.0 -9999.0 -9999.0 -9999.0 -9999.0 -9999.0 -9999.0 -9999.0 -9999.0 182.2 238.6 216.3 239.9 175.9 138.7 148.7 135.9 149.5 136.6 133.5 123.2 109.8 109.4 122.4 129.0 131.3 136.0 139.0 139.9 175.7 177.5 201.0 186.6 190.9 205.7 203.8
-9999.0 -9999.0 -9999.0 -9999.0 -9999.0 -9999.0 -9999.0 -9999.0 -9999.0 -9999.0 -9999.0 -9999.0 -9999.0 -9999.0 -9999.0 -9999.0 -9999.0 -9999.0 -9999.0 -9999.0 -9999.0 -9999.0 -9999.0 -9999.0 -9999.0 -9999.0 -9999.0 -9999.0 -9999.0 -9999.0 -9999.0 -9999.0 -9999.0 -9999.0 -9999.0 -9999.0 -9999.0 -9999.0 -9999.0 -9999.0 -9999.0 -9999.0 -9999.0 -9999.0 -9999.0 -9999.0 -9999.0 -9999.0 -9999.0 -9999.0 234.2 281.9 243.8 231.0 187.0 174.7 119.1 147.2 167.4 154.3 169.4 147.2 116.4 135.9 145.9 141.9 135.1 128.0 128.7 151.9 178.5 199.8 198.7 178.6 178.4 197.2 209.0
-9999.0 -9999.0 -9999.0 -9999.0 -9999.0 -9999.0 -9999.0 -9999.0 -9999.0 -9999.0 -9999.0 -9999.0 -9999.0 -9999.0 -9999.0 -9999.0 -9999.0 -9999.0 -9999.0 -9999.0 -9999.0 -9999.0 -9999.0 -9999.0 -9999.0 -9999.0 -9999.0 -9999.0 -9999.0 -9999.0 -9999.0 -9999.0 -9999.0 -9999.0 -9999.0 -9999.0 -9999.0 -9999.0 -9999.0 -9999.0 -9999.0 -9999.0 -9999.0 -9999.0 -9999.0 -9999.0 -9999.0 -9999.0 -9999.0 -9999.0 -9999.0 -9999.0 -9999.0 180.4 146.7 130.5 133.4 157.5 144.6 175.6 275.1 169.0 217.5 185.0 170.5 153.6 146.0 129.1 132.4 144.2 165.5 182.9 184.5 179.0 188.5 219.7 235.6
-9999.0 -9999.0 -9999.0 -9999.0 -9999.0 -9999.0 -9999.0 -9999.0 -9999.0 -9999.0 -9999.0 -9999.0 -9999.0 -9999.0 -9999.0 -9999.0 -9999.0 -9999.0 -9999.0 -9999.0 -9999.0 -9999.0 -9999.0 -9999.0 -9999.0 -9999.0 -9999.0 -9999.0 -9999.0 -9999.0 -9999.0 -9999.0 -9999.0 -9999.0 -9999.0 -9999.0 -9999.0 -9999.0 -9999.0 -9999.0 -9999.0 -9999.0 -9999.0 -9999.0 -9999.0 -9999.0 -9999.0 -9999.0 -9999.0 -9999.0 -9999.0 -9999.0 -9999.0 170.0 132.7 216.3 129.0 123.6 174.8 287.8 262.7 235.0 318.2 239.5 209.9 175.2 137.1 141.2 120.9 128.0 141.0 155.0 165.1 177.3 199.8 222.6 231.7
-9999.0 -9999.0 -9999.0 -9999.0 -9999.0 -9999.0 -9999.0 -9999.0 -9999.0 -9999.0 -9999.0 -9999.0 -9999.0 -9999.0 -9999.0 -9999.0 -9999.0 -9999.0 -9999.0 -9999.0 -9999.0 -9999.0 -9999.0 -9999.0 -9999.0 -9999.0 -9999.0 -9999.0 -9999.0 -9999.0 -9999.0 -9999.0 -9999.0 -9999.0 -9999.0 -9999.0 -9999.0 -9999.0 -9999.0 -9999.0 -9999.0 -9999.0 -9999.0 -9999.0 -9999.0 -9999.0 -9999.0 -9999.0 -9999.0 -9999.0 -9999.0 -9999.0 -9999.0 176.4 111.5 170.2 149.8 139.3 190.4 244.6 344.5 355.2 410.5 365.2 221.5 -9999.0 -9999.0 -9999.0 120.8 107.8 121.9 144.0 162.3 180.1 201.6 218.8 210.2
-9999.0 -9999.0 -9999.0 -9999.0 -9999.0 -9999.0 -9999.0 -9999.0 -9999.0 -9999.0 -9999.0 -9999.0 -9999.0 -9999.0 -9999.0 -9999.0 -9999.0 -9999.0 -9999.0 -9999.0 -9999.0 -9999.0 -9999.0 -9999.0 -9999.0 -9999.0 -9999.0 -9999.0 -9999.0 -9999.0 -9999.0 -9999.0 -9999.0 -9999.0 -9999.0 -9999.0 -9999.0 -9999.0 -9999.0 -9999.0 -9999.0 -9999.0 -9999.0 -9999.0 -9999.0 -9999.0 -9999.0 -9999.0 -9999.0 -9999.0 -9999.0 -9999.0 -9999.0 -9999.0 172.2 162.1 116.3 117.7 210.7 319.9 252.8 -9999.0 -9999.0 -9999.0 -9999.0 -9999.0 -9999.0 -9999.0 102.3 108.6 136.2 139.0 158.6 181.7 190.6 185.3 173.9
-9999.0 -9999.0 -9999.0 -9999.0 -9999.0 -9999.0 -9999.0 -9999.0 -9999.0 -9999.0 -9999.0 -9999.0 -9999.0 -9999.0 -9999.0 -9999.0 -9999.0 -9999.0 -9999.0 -9999.0 -9999.0 -9999.0 -9999.0 -9999.0 -9999.0 -9999.0 -9999.0 -9999.0 -9999.0 -9999.0 -9999.0 -9999.0 -9999.0 -9999.0 -9999.0 -9999.0 -9999.0 -9999.0 -9999.0 -9999.0 -9999.0 -9999.0 -9999.0 -9999.0 -9999.0 -9999.0 -9999.0 -9999.0 -9999.0 -9999.0 -9999.0 -9999.0 -9999.0 -9999.0 -9999.0 148.1 235.1 164.8 167.2 255.6 279.0 -9999.0 -9999.0 -9999.0 -9999.0 -9999.0 -9999.0 -9999.0 -9999.0 -9999.0 118.9 -9999.0 -9999.0 -9999.0 -9999.0 -9999.0 137.4
-9999.0 -9999.0 -9999.0 -9999.0 -9999.0 -9999.0 -9999.0 -9999.0 -9999.0 -9999.0 -9999.0 -9999.0 -9999.0 -9999.0 -9999.0 -9999.0 -9999.0 -9999.0 -9999.0 -9999.0 -9999.0 -9999.0 -9999.0 -9999.0 -9999.0 -9999.0 -9999.0 -9999.0 -9999.0 -9999.0 -9999.0 -9999.0 -9999.0 -9999.0 -9999.0 -9999.0 -9999.0 -9999.0 -9999.0 -9999.0 -9999.0 -9999.0 -9999.0 -9999.0 -9999.0 -9999.0 -9999.0 -9999.0 -9999.0 -9999.0 -9999.0 -9999.0 -9999.0 -9999.0 -9999.0 -9999.0 -9999.0 -9999.0 202.6 198.1 -9999.0 -9999.0 -9999.0 -9999.0 -9999.0 -9999.0 -9999.0 -9999.0 -9999.0 -9999.0 -9999.0 -9999.0 -9999.0 -9999.0 -9999.0 144.5 118.9
-9999.0 -9999.0 -9999.0 -9999.0 -9999.0 -9999.0 -9999.0 -9999.0 -9999.0 -9999.0 -9999.0 -9999.0 -9999.0 -9999.0 -9999.0 -9999.0 -9999.0 -9999.0 -9999.0 -9999.0 -9999.0 -9999.0 -9999.0 -9999.0 -9999.0 -9999.0 -9999.0 -9999.0 -9999.0 -9999.0 -9999.0 -9999.0 -9999.0 -9999.0 -9999.0 -9999.0 -9999.0 -9999.0 -9999.0 -9999.0 -9999.0 -9999.0 -9999.0 -9999.0 -9999.0 -9999.0 -9999.0 -9999.0 -9999.0 -9999.0 -9999.0 -9999.0 -9999.0 -9999.0 -9999.0 -9999.0 -9999.0 -9999.0 -9999.0 -9999.0 -9999.0 -9999.0 -9999.0 -9999.0 -9999.0 -9999.0 -9999.0 -9999.0 -9999.0 -9999.0 -9999.0 -9999.0 -9999.0 -9999.0 -9999.0 -9999.0 -9999.0
