program/excelProcessViaJava/data/SURF_CLI_CHN_PRE_MON_GRID_0.5-200103.txt
NCOLS      128
NROWS       72
XLLCORNER    72.000000000000    
YLLCORNER    18.000000000000    
CELLSIZE    0.50000000000000    
NODATA_VALUE   -9999.000    
[rows 35 to 69 of 72, columns 0 to 78 of 128]
-9999.0 -9999.0 -9999.0 -9999.0 -9999.0 -9999.0 -9999.0 0.8 0.3 0.1 0.0 0.0 0.0 0.0 0.0 0.0 0.0 0.0 0.0 0.0 0.0 0.0 0.0 0.1 0.2 0.3 0.6 1.0 1.3 1.6 1.7 1.8 1.7 1.7 1.7 1.3 1.5 1.2 1.4 1.4 0.4 1.2 0.8 0.3 0.1 0.1 0.1 0.1 0.2 0.3 0.6 0.9 1.1 3.7 2.2 0.2 0.2 0.2 1.8 0.5 1.6 0.2 0.2 0.2 0.3 0.2 0.4 0.4 0.5 1.5 4.2 8.4 10.6 10.8 9.5 6.2 3.4 3.8 4.7
-9999.0 -9999.0 -9999.0 -9999.0 -9999.0 -9999.0 -9999.0 2.5 0.3 0.1 0.0 0.0 0.0 0.0 0.0 0.0 0.0 0.0 0.0 0.0 0.0 0.0 0.1 0.2 0.5 1.0 1.5 2.0 2.4 2.5 2.8 2.7 2.6 2.6 2.1 1.9 1.5 1.6 1.5 1.2 1.1 1.0 0.9 1.7 0.4 0.2 0.2 0.3 1.1 1.2 4.2 4.2 2.4 2.9 4.8 0.9 0.7 1.2 2.3 3.0 1.9 1.1 0.3 0.3 0.2 0.4 0.7 0.7 1.2 1.5 3.0 5.3 6.0 4.9 3.5 2.3 1.8 1.4 1.3
-9999.0 -9999.0 -9999.0 -9999.0 -9999.0 -9999.0 -9999.0 -9999.0 -9999.0 0.2 0.0 0.0 0.0 0.0 0.0 0.0 0.0 0.0 0.0 0.0 0.0 0.1 0.2 0.6 1.3 2.1 2.8 3.4 3.7 4.0 3.8 3.6 3.3 3.1 2.4 2.1 1.8 1.7 1.5 1.6 1.3 1.4 1.1 0.9 1.1 0.9 0.9 1.0 1.7 2.6 4.7 5.0 4.9 4.5 7.0 2.6 1.5 1.9 3.6 4.0 4.2 4.1 3.1 0.5 0.8 0.8 0.9 1.3 2.5 2.3 2.9 3.5 2.9 1.6 0.9 0.4 0.4 0.7 1.3
-9999.0 -9999.0 -9999.0 -9999.0 -9999.0 -9999.0 -9999.0 -9999.0 -9999.0 -9999.0 -9999.0 0.0 0.0 0.0 0.0 0.0 0.0 0.0 0.0 0.0 0.0 0.1 0.5 1.3 2.2 3.3 4.2 4.8 5.2 5.2 5.0 4.8 4.2 3.7 3.0 3.1 2.2 2.0 3.0 1.9 2.3 1.9 1.6 1.5 2.6 1.7 3.2 2.4 3.6 4.6 4.8 6.1 7.2 9.1 11.4 7.7 4.2 4.7 4.9 5.5 6.3 5.3 3.6 2.7 3.5 0.8 0.5 2.0 3.6 3.6 3.0 2.4 1.3 0.5 0.2 0.1 0.3 1.3 2.8
-9999.0 -9999.0 -9999.0 -9999.0 -9999.0 -9999.0 -9999.0 -9999.0 -9999.0 -9999.0 -9999.0 -9999.0 0.0 0.0 0.0 0.0 0.0 0.0 0.0 0.0 0.1 0.3 1.1 2.3 2.9 4.7 5.8 6.0 6.3 6.2 5.9 5.5 4.9 4.5 3.9 3.2 3.6 2.4 2.1 1.9 2.0 2.2 2.3 3.0 3.4 4.0 4.9 3.6 4.6 6.0 9.6 10.5 10.1 10.5 12.8 13.4 11.4 11.5 6.2 8.9 8.1 8.3 7.7 7.0 6.6 8.8 2.8 4.1 4.9 4.6 1.9 0.7 0.4 0.2 0.2 3.2 2.4 4.1 5.9
-9999.0 -9999.0 -9999.0 -9999.0 -9999.0 -9999.0 -9999.0 -9999.0 -9999.0 -9999.0 -9999.0 -9999.0 0.1 0.0 0.0 0.0 0.0 0.0 0.0 0.1 0.2 0.7 1.7 3.3 5.1 6.0 6.7 7.2 6.9 6.7 6.3 6.0 5.4 4.8 4.3 3.4 3.6 3.3 2.8 2.7 2.5 2.7 4.1 4.0 5.9 8.1 7.3 6.7 5.3 7.7 8.4 10.7 10.7 15.1 15.0 18.6 14.5 13.9 10.1 10.7 11.0 11.2 12.3 13.8 13.9 14.4 2.3 1.8 2.1 3.1 4.7 7.0 7.0 3.1 3.3 3.3 4.3 11.0 13.4
-9999.0 -9999.0 -9999.0 -9999.0 -9999.0 -9999.0 -9999.0 -9999.0 -9999.0 -9999.0 -9999.0 -9999.0 -9999.0 0.2 0.1 0.0 0.0 0.1 0.1 0.3 0.6 1.6 2.4 4.3 5.5 5.5 6.0 5.9 6.2 6.1 5.9 5.7 5.5 5.2 4.3 3.7 3.3 3.4 6.1 4.3 4.2 4.9 5.2 7.5 8.1 9.8 12.2 12.9 12.3 11.2 10.9 9.6 11.4 23.7 25.0 25.3 21.3 21.3 24.3 19.6 18.7 19.0 20.9 26.3 17.4 18.4 14.2 4.4 3.1 2.2 0.7 2.0 6.6 8.7 12.1 11.0 12.6 13.9 14.4
-9999.0 -9999.0 -9999.0 -9999.0 -9999.0 -9999.0 -9999.0 -9999.0 -9999.0 -9999.0 -9999.0 -9999.0 3.1 1.9 0.8 0.4 0.3 0.3 0.5 1.1 1.7 2.4 3.1 4.3 5.4 4.9 5.2 5.3 5.0 4.8 4.9 4.9 5.2 4.9 4.8 4.2 4.6 3.5 3.7 4.6 7.8 10.5 12.4 7.5 10.3 13.1 14.6 13.6 13.0 12.4 14.9 18.3 15.0 22.2 24.8 28.3 33.0 21.9 27.7 25.3 26.7 29.2 33.6 35.3 42.2 35.0 6.7 5.2 7.8 15.2 17.2 16.8 14.5 10.5 13.3 16.6 17.7 18.3 18.3
-9999.0 -9999.0 -9999.0 -9999.0 -9999.0 -9999.0 -9999.0 -9999.0 -9999.0 -9999.0 -9999.0 -9999.0 10.0 7.1 4.3 3.4 2.3 2.4 2.5 2.1 2.9 2.5 2.8 3.2 3.9 4.1 3.8 3.4 3.2 3.2 3.4 3.7 4.2 4.3 4.4 4.6 4.3 4.7 5.3 5.8 7.1 7.3 7.6 8.9 11.0 14.1 18.3 18.3 17.5 12.7 12.7 17.1 15.6 18.4 23.9 26.3 34.0 36.9 33.6 36.0 36.9 38.9 51.3 60.8 57.7 23.2 25.2 10.5 10.2 17.4 25.8 29.4 29.2 37.6 40.3 34.3 27.2 30.7 24.5
-9999.0 -9999.0 -9999.0 -9999.0 -9999.0 -9999.0 -9999.0 -9999.0 -9999.0 -9999.0 -9999.0 -9999.0 24.9 16.4 14.6 10.7 9.1 6.2 5.8 4.5 2.9 2.2 2.0 1.6 1.6 1.2 1.2 1.0 1.3 1.4 1.7 2.2 2.9 3.5 4.1 4.8 5.4 6.4 7.6 10.5 11.3 10.3 14.8 8.9 12.1 17.8 20.6 17.9 16.0 16.3 15.8 13.4 27.6 32.7 29.7 23.2 32.9 37.7 38.7 33.6 38.2 46.5 49.1 68.9 40.3 12.7 12.9 11.5 13.7 18.1 28.1 49.3 50.1 55.5 60.3 51.3 53.8 31.2 29.5
-9999.0 -9999.0 -9999.0 -9999.0 -9999.0 -9999.0 -9999.0 -9999.0 -9999.0 -9999.0 -9999.0 -9999.0 -9999.0 34.3 27.0 24.6 19.9 17.2 11.1 7.3 4.4 2.4 1.1 0.6 0.3 0.2 0.2 0.2 0.2 0.3 0.5 0.9 1.7 2.5 3.7 6.4 8.0 8.3 11.4 14.0 16.7 24.2 26.3 21.0 14.4 15.1 19.0 15.4 20.0 18.6 13.5 18.1 16.0 13.9 27.5 32.9 23.2 25.7 33.1 42.5 41.9 50.5 55.3 52.8 5.7 7.1 7.4 8.0 8.8 21.8 34.7 41.2 57.7 29.3 49.0 37.5 32.3 31.4 34.9
-9999.0 -9999.0 -9999.0 -9999.0 -9999.0 -9999.0 -9999.0 -9999.0 -9999.0 -9999.0 -9999.0 -9999.0 -9999.0 68.2 48.5 45.0 32.7 31.5 22.1 12.7 6.5 2.9 1.1 0.2 0.1 0.0 0.0 0.0 0.0 0.1 0.1 0.2 0.6 1.5 3.6 6.0 7.0 9.8 15.9 28.4 25.2 28.5 28.5 26.1 33.5 20.9 19.9 16.7 16.2 14.0 14.7 6.4 12.2 20.1 27.9 27.2 21.3 22.7 30.8 22.7 39.6 45.6 30.9 4.4 3.4 4.6 5.8 6.1 10.3 20.3 39.0 51.3 47.6 49.4 50.9 55.3 60.9 36.6 29.6
-9999.0 -9999.0 -9999.0 -9999.0 -9999.0 -9999.0 -9999.0 -9999.0 -9999.0 -9999.0 -9999.0 -9999.0 -9999.0 -9999.0 -9999.0 70.5 61.4 44.8 33.6 21.1 9.2 3.0 0.5 0.1 0.0 0.0 0.0 0.0 0.0 0.0 0.0 0.1 0.5 1.3 2.3 7.9 13.9 7.6 15.1 23.5 35.6 39.8 36.5 30.1 21.8 23.0 20.6 20.7 15.3 6.9 6.7 18.0 7.6 10.2 7.0 17.7 21.1 10.8 28.7 33.9 35.1 33.4 14.9 9.5 5.8 5.4 5.7 6.0 12.0 31.6 50.6 58.1 71.0 67.8 60.3 75.7 73.0 75.2 59.7
-9999.0 -9999.0 -9999.0 -9999.0 -9999.0 -9999.0 -9999.0 -9999.0 -9999.0 -9999.0 -9999.0 -9999.0 -9999.0 -9999.0 -9999.0 -9999.0 -9999.0 96.0 61.1 -9999.0 16.1 4.9 0.6 0.1 0.0 0.0 0.0 0.0 0.0 0.0 0.0 0.0 0.4 0.2 0.3 3.0 15.2 2.6 13.9 23.3 33.1 44.6 37.0 28.7 31.4 26.2 98.7 24.8 14.4 11.3 7.6 5.7 8.8 10.0 14.0 16.8 10.7 21.0 21.1 26.1 26.6 27.0 18.3 13.7 12.9 12.6 11.8 14.9 21.8 36.4 43.9 66.7 71.7 67.0 79.1 90.0 91.5 91.6 90.9
-9999.0 -9999.0 -9999.0 -9999.0 -9999.0 -9999.0 -9999.0 -9999.0 -9999.0 -9999.0 -9999.0 -9999.0 -9999.0 -9999.0 -9999.0 -9999.0 -9999.0 -9999.0 -9999.0 -9999.0 -9999.0 8.1 2.7 2.3 0.2 0.1 0.1 0.1 0.0 0.0 0.0 0.1 0.1 0.1 0.2 2.3 3.4 4.1 4.0 5.3 12.1 42.8 42.2 31.7 26.7 22.9 135.7 29.9 28.8 81.3 13.9 28.4 24.3 10.4 11.6 17.0 15.9 8.6 25.0 17.6 19.2 26.6 21.0 21.5 19.4 19.4 20.6 28.1 32.5 39.1 46.3 57.9 62.1 62.3 76.1 91.7 98.9 100.8 105.5
-9999.0 -9999.0 -9999.0 -9999.0 -9999.0 -9999.0 -9999.0 -9999.0 -9999.0 -9999.0 -9999.0 -9999.0 -9999.0 -9999.0 -9999.0 -9999.0 -9999.0 -9999.0 -9999.0 -9999.0 -9999.0 -9999.0 -9999.0 9.7 2.6 3.0 3.5 2.5 0.8 0.4 0.1 0.2 2.7 2.1 6.4 8.0 15.8 7.3 23.2 34.8 34.8 46.8 25.8 15.8 24.1 119.8 56.5 50.7 73.4 80.2 34.8 32.8 30.6 25.9 14.6 1.9 8.7 14.0 3.1 13.2 19.2 36.0 49.2 37.0 36.0 27.4 28.8 39.4 43.8 43.7 46.9 49.7 53.3 60.4 62.7 73.0 93.1 102.2 102.4
-9999.0 -9999.0 -9999.0 -9999.0 -9999.0 -9999.0 -9999.0 -9999.0 -9999.0 -9999.0 -9999.0 -9999.0 -9999.0 -9999.0 -9999.0 -9999.0 -9999.0 -9999.0 -9999.0 -9999.0 -9999.0 -9999.0 -9999.0 -9999.0 -9999.0 53.2 28.6 12.2 8.6 10.6 4.2 3.3 3.8 6.9 6.1 19.9 47.0 17.0 39.9 26.6 52.1 26.1 12.0 15.0 60.2 106.6 102.0 168.6 42.0 76.2 48.2 50.6 49.9 43.4 18.0 6.5 7.0 2.7 8.8 10.4 20.8 40.5 41.4 34.6 39.5 34.8 38.0 43.0 42.1 43.8 44.9 44.1 43.8 51.8 57.1 59.1 75.4 94.4 105.1
-9999.0 -9999.0 -9999.0 -9999.0 -9999.0 -9999.0 -9999.0 -9999.0 -9999.0 -9999.0 -9999.0 -9999.0 -9999.0 -9999.0 -9999.0 -9999.0 -9999.0 -9999.0 -9999.0 -9999.0 -9999.0 -9999.0 -9999.0 -9999.0 -9999.0 -9999.0 -9999.0 90.6 80.3 43.0 28.5 20.9 25.0 13.3 21.9 5.4 14.8 13.7 3.8 18.1 35.9 9.4 13.0 37.2 57.3 85.8 114.4 139.2 162.0 125.6 173.2 162.6 68.6 52.4 28.4 15.5 3.4 1.5 5.6 6.6 12.1 34.3 42.0 45.8 44.2 46.9 40.6 40.3 41.7 44.6 45.7 46.5 39.9 44.9 46.2 55.4 81.0 93.5 89.0
-9999.0 -9999.0 -9999.0 -9999.0 -9999.0 -9999.0 -9999.0 -9999.0 -9999.0 -9999.0 -9999.0 -9999.0 -9999.0 -9999.0 -9999.0 -9999.0 -9999.0 -9999.0 -9999.0 -9999.0 -9999.0 -9999.0 -9999.0 -9999.0 -9999.0 -9999.0 -9999.0 -9999.0 -9999.0 -9999.0 -9999.0 -9999.0 -9999.0 29.9 33.7 -9999.0 -9999.0 -9999.0 5.5 11.4 6.8 9.0 11.5 31.4 47.8 63.5 -9999.0 -9999.0 -9999.0 -9999.0 -9999.0 -9999.0 86.2 50.5 29.9 11.4 3.6 1.5 1.4 2.3 8.3 20.5 24.2 26.3 31.8 36.9 33.9 29.5 31.9 40.2 44.5 48.5 47.7 43.7 52.6 60.8 80.6 89.0 86.3
-9999.0 -9999.0 -9999.0 -9999.0 -9999.0 -9999.0 -9999.0 -9999.0 -9999.0 -9999.0 -9999.0 -9999.0 -9999.0 -9999.0 -9999.0 -9999.0 -9999.0 -9999.0 -9999.0 -9999.0 -9999.0 -9999.0 -9999.0 -9999.0 -9999.0 -9999.0 -9999.0 -9999.0 -9999.0 -9999.0 -9999.0 -9999.0 -9999.0 -9999.0 -9999.0 -9999.0 -9999.0 -9999.0 -9999.0 11.1 11.5 13.6 17.4 22.9 -9999.0 -9999.0 -9999.0 -9999.0 -9999.0 -9999.0 -9999.0 -9999.0 60.2 43.0 18.5 6.4 2.1 0.6 0.3 0.5 2.1 7.6 11.1 13.7 15.7 20.2 21.6 21.5 24.5 29.3 39.1 47.9 49.5 54.2 58.5 68.6 80.1 86.4 86.9
-9999.0 -9999.0 -9999.0 -9999.0 -9999.0 -9999.0 -9999.0 -9999.0 -9999.0 -9999.0 -9999.0 -9999.0 -9999.0 -9999.0 -9999.0 -9999.0 -9999.0 -9999.0 -9999.0 -9999.0 -9999.0 -9999.0 -9999.0 -9999.0 -9999.0 -9999.0 -9999.0 -9999.0 -9999.0 -9999.0 -9999.0 -9999.0 -9999.0 -9999.0 -9999.0 -9999.0 -9999.0 -9999.0 -9999.0 -9999.0 -9999.0 -9999.0 -9999.0 -9999.0 -9999.0 -9999.0 -9999.0 -9999.0 -9999.0 -9999.0 -9999.0 -9999.0 38.5 32.8 9.6 5.3 0.6 0.2 0.2 0.5 1.6 4.0 13.1 8.9 11.7 16.6 18.1 18.5 22.4 27.0 35.1 46.1 54.5 64.1 71.5 76.3 83.4 88.9 90.2
-9999.0 -9999.0 -9999.0 -9999.0 -9999.0 -9999.0 -9999.0 -9999.0 -9999.0 -9999.0 -9999.0 -9999.0 -9999.0 -9999.0 -9999.0 -9999.0 -9999.0 -9999.0 -9999.0 -9999.0 -9999.0 -9999.0 -9999.0 -9999.0 -9999.0 -9999.0 -9999.0 -9999.0 -9999.0 -9999.0 -9999.0 -9999.0 -9999.0 -9999.0 -9999.0 -9999.0 -9999.0 -9999.0 -9999.0 -9999.0 -9999.0 -9999.0 -9999.0 -9999.0 -9999.0 -9999.0 -9999.0 -9999.0 -9999.0 -9999.0 -9999.0 17.2 17.2 19.3 3.4 1.2 0.3 0.4 0.6 2.8 4.4 6.7 7.5 8.5 11.1 15.6 20.5 30.4 29.1 34.8 40.4 48.1 60.1 74.2 82.2 88.9 94.8 105.7 107.7
-9999.0 -9999.0 -9999.0 -9999.0 -9999.0 -9999.0 -9999.0 -9999.0 -9999.0 -9999.0 -9999.0 -9999.0 -9999.0 -9999.0 -9999.0 -9999.0 -9999.0 -9999.0 -9999.0 -9999.0 -9999.0 -9999.0 -9999.0 -9999.0 -9999.0 -9999.0 -9999.0 -9999.0 -9999.0 -9999.0 -9999.0 -9999.0 -9999.0 -9999.0 -9999.0 -9999.0 -9999.0 -9999.0 -9999.0 -9999.0 -9999.0 -9999.0 -9999.0 -9999.0 -9999.0 -9999.0 -9999.0 -9999.0 -9999.0 -9999.0 2.2 12.9 15.7 13.9 4.8 2.5 0.9 1.3 2.4 4.5 7.5 10.1 8.5 8.2 10.6 17.8 24.6 37.2 38.6 44.1 49.0 55.4 67.4 80.5 92.5 102.5 120.6 117.8 132.3
-9999.0 -9999.0 -9999.0 -9999.0 -9999.0 -9999.0 -9999.0 -9999.0 -9999.0 -9999.0 -9999.0 -9999.0 -9999.0 -9999.0 -9999.0 -9999.0 -9999.0 -9999.0 -9999.0 -9999.0 -9999.0 -9999.0 -9999.0 -9999.0 -9999.0 -9999.0 -9999.0 -9999.0 -9999.0 -9999.0 -9999.0 -9999.0 -9999.0 -9999.0 -9999.0 -9999.0 -9999.0 -9999.0 -9999.0 -9999.0 -9999.0 -9999.0 -9999.0 -9999.0 -9999.0 -9999.0 -9999.0 -9999.0 -9999.0 -9999.0 0.1 18.4 4.6 14.7 12.0 6.3 3.8 5.1 6.9 10.4 11.5 9.4 6.2 6.6 9.7 20.5 29.9 39.1 42.5 45.2 58.1 71.3 82.6 92.3 108.7 128.3 130.8 138.9 141.7
-9999.0 -9999.0 -9999.0 -9999.0 -9999.0 -9999.0 -9999.0 -9999.0 -9999.0 -9999.0 -9999.0 -9999.0 -9999.0 -9999.0 -9999.0 -9999.0 -9999.0 -9999.0 -9999.0 -9999.0 -9999.0 -9999.0 -9999.0 -9999.0 -9999.0 -9999.0 -9999.0 -9999.0 -9999.0 -9999.0 -9999.0 -9999.0 -9999.0 -9999.0 -9999.0 -9999.0 -9999.0 -9999.0 -9999.0 -9999.0 -9999.0 -9999.0 -9999.0 -9999.0 -9999.0 -9999.0 -9999.0 -9999.0 -9999.0 -9999.0 0.0 1.7 1.9 29.1 15.3 13.4 16.0 15.5 17.4 22.2 18.3 13.0 8.5 7.3 10.8 17.3 27.3 31.2 30.9 48.7 64.0 88.6 96.7 102.2 109.0 125.2 125.9 131.6 135.0
-9999.0 -9999.0 -9999.0 -9999.0 -9999.0 -9999.0 -9999.0 -9999.0 -9999.0 -9999.0 -9999.0 -9999.0 -9999.0 -9999.0 -9999.0 -9999.0 -9999.0 -9999.0 -9999.0 -9999.0 -9999.0 -9999.0 -9999.0 -9999.0 -9999.0 -9999.0 -9999.0 -9999.0 -9999.0 -9999.0 -9999.0 -9999.0 -9999.0 -9999.0 -9999.0 -9999.0 -9999.0 -9999.0 -9999.0 -9999.0 -9999.0 -9999.0 -9999.0 -9999.0 -9999.0 -9999.0 -9999.0 -9999.0 -9999.0 -9999.0 2.0 15.7 15.0 29.0 31.7 33.3 29.5 30.9 32.5 29.8 28.3 20.0 12.9 15.6 20.9 26.2 33.1 37.0 45.2 30.6 68.5 94.8 106.1 104.2 95.2 107.0 115.7 115.0 121.2
-9999.0 -9999.0 -9999.0 -9999.0 -9999.0 -9999.0 -9999.0 -9999.0 -9999.0 -9999.0 -9999.0 -9999.0 -9999.0 -9999.0 -9999.0 -9999.0 -9999.0 -9999.0 -9999.0 -9999.0 -9999.0 -9999.0 -9999.0 -9999.0 -9999.0 -9999.0 -9999.0 -9999.0 -9999.0 -9999.0 -9999.0 -9999.0 -9999.0 -9999.0 -9999.0 -9999.0 -9999.0 -9999.0 -9999.0 -9999.0 -9999.0 -9999.0 -9999.0 -9999.0 -9999.0 -9999.0 -9999.0 -9999.0 -9999.0 -9999.0 -9999.0 -9999.0 -9999.0 27.0 35.5 40.2 41.8 42.7 43.9 43.6 59.7 35.0 45.7 43.1 49.1 52.6 58.2 46.5 53.9 62.8 80.8 96.6 99.5 91.9 85.7 86.6 95.7 93.7 90.0
-9999.0 -9999.0 -9999.0 -9999.0 -9999.0 -9999.0 -9999.0 -9999.0 -9999.0 -9999.0 -9999.0 -9999.0 -9999.0 -9999.0 -9999.0 -9999.0 -9999.0 -9999.0 -9999.0 -9999.0 -9999.0 -9999.0 -9999.0 -9999.0 -9999.0 -9999.0 -9999.0 -9999.0 -9999.0 -9999.0 -9999.0 -9999.0 -9999.0 -9999.0 -9999.0 -9999.0 -9999.0 -9999.0 -9999.0 -9999.0 -9999.0 -9999.0 -9999.0 -9999.0 -9999.0 -9999.0 -9999.0 -9999.0 -9999.0 -9999.0 -9999.0 -9999.0 -9999.0 32.3 35.2 58.5 42.9 43.4 58.2 85.7 88.4 78.4 100.8 90.9 94.9 91.1 64.2 87.3 64.6 76.8 88.9 95.2 95.3 85.9 78.0 87.6 79.8 83.3 68.7
-9999.0 -9999.0 -9999.0 -9999.0 -9999.0 -9999.0 -9999.0 -9999.0 -9999.0 -9999.0 -9999.0 -9999.0 -9999.0 -9999.0 -9999.0 -9999.0 -9999.0 -9999.0 -9999.0 -9999.0 -9999.0 -9999.0 -9999.0 -9999.0 -9999.0 -9999.0 -9999.0 -9999.0 -9999.0 -9999.0 -9999.0 -9999.0 -9999.0 -9999.0 -9999.0 -9999.0 -9999.0 -9999.0 -9999.0 -9999.0 -9999.0 -9999.0 -9999.0 -9999.0 -9999.0 -9999.0 -9999.0 -9999.0 -9999.0 -9999.0 -9999.0 -9999.0 -9999.0 35.5 25.1 47.7 45.0 48.6 77.6 115.0 153.6 159.8 179.8 180.9 125.0 -9999.0 -9999.0 -9999.0 103.1 90.4 99.9 106.6 96.2 80.6 78.4 89.7 69.6 62.8 97.7
-9999.0 -9999.0 -9999.0 -9999.0 -9999.0 -9999.0 -9999.0 -9999.0 -9999.0 -9999.0 -9999.0 -9999.0 -9999.0 -9999.0 -9999.0 -9999.0 -9999.0 -9999.0 -9999.0 -9999.0 -9999.0 -9999.0 -9999.0 -9999.0 -9999.0 -9999.0 -9999.0 -9999.0 -9999.0 -9999.0 -9999.0 -9999.0 -9999.0 -9999.0 -9999.0 -9999.0 -9999.0 -9999.0 -9999.0 -9999.0 -9999.0 -9999.0 -9999.0 -9999.0 -9999.0 -9999.0 -9999.0 -9999.0 -9999.0 -9999.0 -9999.0 -9999.0 -9999.0 -9999.0 41.7 44.1 37.2 49.8 102.8 165.8 165.2 -9999.0 -9999.0 -9999.0 -9999.0 -9999.0 -9999.0 -9999.0 102.1 113.5 136.0 106.5 90.2 84.0 78.6 69.1 56.9 41.2 30.9
-9999.0 -9999.0 -9999.0 -9999.0 -9999.0 -9999.0 -9999.0 -9999.0 -9999.0 -9999.0 -9999.0 -9999.0 -9999.0 -9999.0 -9999.0 -9999.0 -9999.0 -9999.0 -9999.0 -9999.0 -9999.0 -9999.0 -9999.0 -9999.0 -9999.0 -9999.0 -9999.0 -9999.0 -9999.0 -9999.0 -9999.0 -9999.0 -9999.0 -9999.0 -9999.0 -9999.0 -9999.0 -9999.0 -9999.0 -9999.0 -9999.0 -9999.0 -9999.0 -9999.0 -9999.0 -9999.0 -9999.0 -9999.0 -9999.0 -9999.0 -9999.0 -9999.0 -9999.0 -9999.0 -9999.0 44.1 82.7 79.0 110.0 178.2 212.7 -9999.0 -9999.0 -9999.0 -9999.0 -9999.0 -9999.0 -9999.0 -9999.0 -9999.0 106.3 -9999.0 -9999.0 -9999.0 -9999.0 -9999.0 47.9 -9999.0 -9999.0
-9999.0 -9999.0 -9999.0 -9999.0 -9999.0 -9999.0 -9999.0 -9999.0 -9999.0 -9999.0 -9999.0 -9999.0 -9999.0 -9999.0 -9999.0 -9999.0 -9999.0 -9999.0 -9999.0 -9999.0 -9999.0 -9999.0 -9999.0 -9999.0 -9999.0 -9999.0 -9999.0 -9999.0 -9999.0 -9999.0 -9999.0 -9999.0 -9999.0 -9999.0 -9999.0 -9999.0 -9999.0 -9999.0 -9999.0 -9999.0 -9999.0 -9999.0 -9999.0 -9999.0 -9999.0 -9999.0 -9999.0 -9999.0 -9999.0 -9999.0 -9999.0 -9999.0 -9999.0 -9999.0 -9999.0 -9999.0 -9999.0 -9999.0 143.3 174.3 -9999.0 -9999.0 -9999.0 -9999.0 -9999.0 -9999.0 -9999.0 -9999.0 -9999.0 -9999.0 -9999.0 -9999.0 -9999.0 -9999.0 -9999.0 61.6 46.3 -9999.0 -9999.0
-9999.0 -9999.0 -9999.0 -9999.0 -9999.0 -9999.0 -9999.0 -9999.0 -9999.0 -9999.0 -9999.0 -9999.0 -9999.0 -9999.0 -9999.0 -9999.0 -9999.0 -9999.0 -9999.0 -9999.0 -9999.0 -9999.0 -9999.0 -9999.0 -9999.0 -9999.0 -9999.0 -9999.0 -9999.0 -9999.0 -9999.0 -9999.0 -9999.0 -9999.0 -9999.0 -9999.0 -9999.0 -9999.0 -9999.0 -9999.0 -9999.0 -9999.0 -9999.0 -9999.0 -9999.0 -9999.0 -9999.0 -9999.0 -9999.0 -9999.0 -9999.0 -9999.0 -9999.0 -9999.0 -9999.0 -9999.0 -9999.0 -9999.0 -9999.0 -9999.0 -9999.0 -9999.0 -9999.0 -9999.0 -9999.0 -9999.0 -9999.0 -9999.0 -9999.0 -9999.0 -9999.0 -9999.0 -9999.0 -9999.0 -9999.0 -9999.0 -9999.0 -9999.0 -9999.0
-9999.0 -9999.0 -9999.0 -9999.0 -9999.0 -9999.0 -9999.0 -9999.0 -9999.0 -9999.0 -9999.0 -9999.0 -9999.0 -9999.0 -9999.0 -9999.0 -9999.0 -9999.0 -9999.0 -9999.0 -9999.0 -9999.0 -9999.0 -9999.0 -9999.0 -9999.0 -9999.0 -9999.0 -9999.0 -9999.0 -9999.0 -9999.0 -9999.0 -9999.0 -9999.0 -9999.0 -9999.0 -9999.0 -9999.0 -9999.0 -9999.0 -9999.0 -9999.0 -9999.0 -9999.0 -9999.0 -9999.0 -9999.0 -9999.0 -9999.0 -9999.0 -9999.0 -9999.0 -9999.0 -9999.0 -9999.0 -9999.0 -9999.0 -9999.0 -9999.0 -9999.0 -9999.0 -9999.0 -9999.0 -9999.0 -9999.0 -9999.0 -9999.0 -9999.0 -9999.0 -9999.0 -9999.0 -9999.0 -9999.0 -9999.0 74.1 72.6 71.2 -9999.0
-9999.0 -9999.0 -9999.0 -9999.0 -9999.0 -9999.0 -9999.0 -9999.0 -9999.0 -9999.0 -9999.0 -9999.0 -9999.0 -9999.0 -9999.0 -9999.0 -9999.0 -9999.0 -9999.0 -9999.0 -9999.0 -9999.0 -9999.0 -9999.0 -9999.0 -9999.0 -9999.0 -9999.0 -9999.0 -9999.0 -9999.0 -9999.0 -9999.0 -9999.0 -9999.0 -9999.0 -9999.0 -9999.0 -9999.0 -9999.0 -9999.0 -9999.0 -9999.0 -9999.0 -9999.0 -9999.0 -9999.0 -9999.0 -9999.0 -9999.0 -9999.0 -9999.0 -9999.0 -9999.0 -9999.0 -9999.0 -9999.0 -9999.0 -9999.0 -9999.0 -9999.0 -9999.0 -9999.0 -9999.0 -9999.0 -9999.0 -9999.0 -9999.0 -9999.0 -9999.0 -9999.0 -9999.0 -9999.0 25.2 87.6 100.9 134.2 -9999.0 -9999.0
