program/excelProcessViaJava/data/SURF_CLI_CHN_PRE_MON_GRID_0.5-200108.txt
NCOLS      128
NROWS       72
XLLCORNER    72.000000000000    
YLLCORNER    18.000000000000    
CELLSIZE    0.50000000000000    
NODATA_VALUE   -9999.000    
[rows 33 to 65 of 72, columns 0 to 74 of 128]
-9999.0 -9999.0 -9999.0 -9999.0 0.6 1.3 2.8 5.4 10.2 15.3 22.3 25.2 23.0 13.7 9.0 6.5 4.4 3.5 3.6 4.6 5.2 5.3 5.2 6.1 7.1 9.8 12.5 84.8 38.3 46.4 54.3 46.5 43.4 55.4 34.1 34.9 31.1 80.6 68.2 37.0 14.2 8.8 9.3 9.0 10.5 12.7 17.3 28.0 38.0 31.6 37.1 64.0 80.0 96.6 62.6 72.7 81.5 111.5 112.5 129.2 120.7 100.4 87.3 58.0 45.2 64.0 78.6 69.3 103.5 111.9 123.5 139.0 147.8 153.5 158.5
-9999.0 -9999.0 -9999.0 -9999.0 0.1 0.4 1.0 2.1 5.1 9.4 15.2 21.2 26.2 30.3 18.5 16.0 14.4 7.0 4.7 5.3 8.7 10.3 12.3 23.8 49.9 70.5 49.9 52.3 49.4 49.9 49.0 60.3 49.6 50.2 56.6 48.8 70.0 90.2 60.4 35.5 65.5 18.8 16.0 10.6 11.4 12.6 13.4 14.3 15.9 21.3 26.1 34.4 74.2 58.5 54.6 67.6 79.7 96.6 107.6 62.9 102.1 67.8 65.7 70.5 61.5 56.0 85.9 89.6 105.7 133.3 132.9 136.8 133.4 129.2 123.1
-9999.0 -9999.0 -9999.0 -9999.0 -9999.0 -9999.0 -9999.0 0.9 2.1 4.7 8.8 13.9 18.3 23.4 27.4 14.0 22.9 14.3 12.5 19.4 32.5 44.1 47.9 46.6 45.5 45.2 50.7 53.4 55.0 63.9 63.0 62.4 60.7 67.3 79.3 69.2 94.9 89.7 120.0 129.7 66.3 146.4 129.4 82.1 43.9 21.1 30.6 25.1 32.3 21.7 21.3 28.9 47.6 106.6 98.2 63.9 65.3 68.1 105.9 74.8 102.7 70.9 66.6 70.2 77.7 66.4 81.9 99.1 109.4 124.9 121.6 112.3 108.1 100.2 89.7
-9999.0 -9999.0 -9999.0 -9999.0 -9999.0 -9999.0 -9999.0 0.4 1.0 2.1 4.6 8.1 12.4 18.2 21.1 30.1 27.6 29.5 39.3 33.3 34.3 42.5 40.6 42.5 42.0 43.9 44.5 55.2 48.4 48.0 60.9 63.7 65.3 81.5 73.0 81.6 82.7 105.3 112.3 112.6 123.0 125.0 131.6 166.1 92.8 52.8 60.8 59.0 83.1 65.6 99.1 89.8 59.8 76.8 104.6 73.7 75.4 86.2 99.0 100.3 86.8 88.4 82.5 83.6 72.8 68.6 72.7 82.8 104.4 99.9 99.7 89.2 81.7 75.4 59.9
-9999.0 -9999.0 -9999.0 -9999.0 -9999.0 -9999.0 -9999.0 -9999.0 -9999.0 1.1 2.2 4.5 8.0 11.8 15.0 17.8 23.2 34.5 31.5 41.0 37.3 34.4 35.4 37.3 38.4 38.6 43.8 46.8 44.4 59.8 47.0 56.1 61.1 73.7 66.5 74.1 81.2 100.1 103.3 120.6 118.4 133.0 126.2 111.8 120.2 108.7 99.2 87.6 82.4 77.0 83.3 76.4 73.1 73.8 98.9 80.8 74.0 80.0 95.3 89.4 85.4 90.4 95.0 79.6 77.4 66.7 63.4 69.7 91.6 85.3 83.8 67.7 63.2 62.5 60.7
-9999.0 -9999.0 -9999.0 -9999.0 -9999.0 -9999.0 -9999.0 -9999.0 -9999.0 -9999.0 -9999.0 2.5 4.3 8.2 11.0 15.3 18.4 21.1 23.7 28.2 34.7 33.0 36.2 34.9 46.3 42.9 49.0 51.8 52.5 51.6 54.7 70.3 62.4 69.0 70.0 100.5 90.1 102.1 152.0 125.1 145.4 133.1 122.1 113.8 141.3 108.8 126.2 98.8 93.5 80.9 67.0 68.3 72.5 83.1 98.0 93.8 87.3 93.2 88.6 84.2 86.2 81.6 83.7 83.9 83.0 59.0 55.4 68.3 82.5 87.2 77.5 69.6 60.3 53.5 34.3
-9999.0 -9999.0 -9999.0 -9999.0 -9999.0 -9999.0 -9999.0 -9999.0 -9999.0 -9999.0 -9999.0 -9999.0 2.5 4.4 8.3 10.6 17.9 18.8 22.4 31.9 25.4 30.0 33.0 32.8 57.3 40.9 39.9 52.7 53.7 70.1 61.7 62.9 67.1 83.0 90.1 91.3 127.2 112.4 111.7 112.4 117.1 121.4 122.2 132.6 125.8 124.2 122.8 96.4 88.0 78.2 80.8 77.2 73.4 74.1 84.4 94.3 99.0 105.9 81.6 93.3 85.1 87.8 86.5 83.2 73.9 86.4 72.9 87.5 99.1 103.7 79.5 54.9 47.8 44.7 53.4
-9999.0 -9999.0 -9999.0 -9999.0 -9999.0 -9999.0 -9999.0 -9999.0 -9999.0 -9999.0 -9999.0 -9999.0 1.8 2.7 4.3 8.6 9.6 13.8 21.5 24.1 27.1 32.9 34.5 32.9 31.0 38.1 42.4 41.1 51.7 51.3 65.0 80.6 76.4 78.6 89.6 90.6 120.5 132.3 131.7 131.1 122.6 122.7 145.2 122.4 133.4 137.2 114.5 101.1 82.5 80.9 73.3 74.7 71.6 79.9 79.1 93.4 95.0 101.8 89.6 87.9 85.4 82.9 89.6 97.8 73.0 87.6 90.2 110.6 120.4 124.4 131.9 143.4 142.1 120.6 111.1
-9999.0 -9999.0 -9999.0 -9999.0 -9999.0 -9999.0 -9999.0 -9999.0 -9999.0 -9999.0 -9999.0 -9999.0 -9999.0 2.0 4.8 5.1 9.7 11.7 14.9 18.9 24.6 25.2 34.4 30.2 34.8 50.5 55.9 69.5 66.3 68.9 65.5 68.0 88.1 92.9 79.2 89.2 103.3 125.5 178.2 158.1 151.5 155.0 145.2 153.8 133.4 120.9 122.4 118.1 107.7 95.0 86.2 78.7 78.0 99.1 99.1 102.4 103.9 113.7 129.3 116.8 111.6 98.1 102.7 82.3 70.8 95.1 125.1 157.7 167.3 154.1 111.7 113.6 139.9 141.1 143.1
-9999.0 -9999.0 -9999.0 -9999.0 -9999.0 -9999.0 -9999.0 -9999.0 -9999.0 -9999.0 -9999.0 -9999.0 0.8 1.8 3.5 4.9 10.8 13.1 17.4 17.5 21.8 26.2 32.2 34.0 35.9 52.9 55.1 56.5 63.2 73.4 75.9 70.8 96.9 85.5 92.1 89.7 118.9 115.4 132.3 148.6 180.0 190.7 189.8 141.3 141.3 135.9 125.1 115.3 112.6 106.1 103.6 103.8 94.4 102.7 103.8 110.8 127.6 112.9 134.6 129.3 132.8 140.2 126.4 141.0 115.9 121.8 176.8 198.0 204.6 202.4 188.8 155.1 116.5 79.5 83.1
-9999.0 -9999.0 -9999.0 -9999.0 -9999.0 -9999.0 -9999.0 -9999.0 -9999.0 -9999.0 -9999.0 -9999.0 0.6 1.0 2.1 7.3 10.9 10.9 15.3 23.9 24.2 33.8 38.2 41.7 41.7 44.0 50.8 57.2 65.5 68.2 73.2 82.2 101.2 81.2 80.6 89.4 93.1 118.2 137.7 140.8 152.8 148.3 145.2 144.5 142.4 141.7 145.1 136.1 128.2 115.6 111.4 113.4 108.4 109.5 115.8 118.6 136.7 153.6 154.3 179.1 191.8 203.3 144.2 122.8 129.1 171.9 197.4 227.0 195.8 165.0 142.7 119.2 106.6 143.7 160.0
-9999.0 -9999.0 -9999.0 -9999.0 -9999.0 -9999.0 -9999.0 -9999.0 -9999.0 -9999.0 -9999.0 -9999.0 0.3 1.1 1.6 3.8 7.0 16.6 19.4 26.7 41.1 50.1 47.6 58.0 57.6 72.7 72.0 90.9 73.8 79.9 85.2 111.7 93.5 84.8 83.4 89.0 98.4 120.8 137.9 164.0 162.2 147.3 172.1 132.8 146.8 156.6 153.9 140.3 129.6 126.6 124.3 120.3 140.2 150.4 148.2 134.6 157.9 180.4 199.9 189.6 199.8 208.5 271.6 161.2 146.4 252.3 261.7 239.9 197.1 141.4 108.9 131.3 127.0 161.0 229.1
-9999.0 -9999.0 -9999.0 -9999.0 -9999.0 -9999.0 -9999.0 -9999.0 -9999.0 -9999.0 -9999.0 -9999.0 -9999.0 1.4 2.9 3.9 8.4 13.0 24.3 35.4 54.8 54.1 67.7 78.5 70.9 78.3 79.8 79.5 94.2 82.8 112.2 113.4 122.3 106.3 106.0 127.5 130.1 130.8 155.5 165.4 171.5 195.2 194.2 176.0 152.2 149.6 151.7 134.4 139.6 133.7 126.1 136.4 139.2 140.7 169.9 187.1 170.2 188.0 226.3 281.4 279.8 363.1 301.6 165.7 248.5 285.9 281.0 240.7 181.8 141.7 104.5 83.4 116.9 61.8 119.2
-9999.0 -9999.0 -9999.0 -9999.0 -9999.0 -9999.0 -9999.0 -9999.0 -9999.0 -9999.0 -9999.0 -9999.0 -9999.0 0.4 2.7 4.2 12.6 14.7 24.3 38.2 61.2 73.9 87.1 92.5 82.2 92.0 96.9 87.9 95.1 142.9 138.9 141.8 131.1 135.1 147.2 145.0 134.3 148.9 176.1 207.1 192.1 193.9 189.6 181.2 183.7 160.2 150.8 134.6 130.8 126.3 130.8 123.0 143.3 166.8 192.8 207.5 204.8 224.0 270.3 219.4 323.7 240.1 205.7 273.0 296.2 301.3 279.3 235.0 180.8 127.5 94.9 81.9 74.2 87.4 100.8
-9999.0 -9999.0 -9999.0 -9999.0 -9999.0 -9999.0 -9999.0 -9999.0 -9999.0 -9999.0 -9999.0 -9999.0 -9999.0 -9999.0 -9999.0 4.9 9.4 19.6 28.6 39.6 65.5 75.8 88.2 101.0 111.1 112.6 137.6 121.5 147.2 116.0 137.0 140.3 176.4 175.1 159.7 184.9 191.9 149.6 175.0 188.6 201.9 201.2 193.4 182.7 167.3 152.9 145.5 125.0 124.2 103.7 112.9 138.9 136.0 158.1 160.4 211.9 241.4 204.7 315.1 358.2 238.9 249.9 343.3 339.6 329.8 299.7 260.7 217.0 168.4 133.8 101.4 79.7 124.1 121.3 92.2
-9999.0 -9999.0 -9999.0 -9999.0 -9999.0 -9999.0 -9999.0 -9999.0 -9999.0 -9999.0 -9999.0 -9999.0 -9999.0 -9999.0 -9999.0 -9999.0 -9999.0 2.6 18.1 -9999.0 52.0 87.7 93.9 105.0 123.6 123.1 148.0 133.2 112.0 140.7 130.3 120.3 189.7 142.6 126.0 162.2 200.2 123.5 167.3 177.1 184.3 189.2 182.6 175.7 168.3 153.0 134.4 132.4 106.2 105.8 89.5 102.9 108.9 149.9 183.7 220.4 234.9 300.4 329.1 368.5 242.3 318.5 384.9 380.6 329.9 270.4 223.1 186.7 151.3 123.2 86.7 141.1 153.3 111.1 123.6
-9999.0 -9999.0 -9999.0 -9999.0 -9999.0 -9999.0 -9999.0 -9999.0 -9999.0 -9999.0 -9999.0 -9999.0 -9999.0 -9999.0 -9999.0 -9999.0 -9999.0 -9999.0 -9999.0 -9999.0 -9999.0 84.9 108.5 132.6 129.6 109.0 106.5 104.1 108.7 91.9 109.0 85.1 112.1 137.0 127.3 160.3 147.3 135.2 124.8 124.2 144.7 165.4 164.4 160.5 165.5 144.3 131.5 112.2 117.2 164.4 91.0 124.8 132.8 117.3 157.4 214.6 257.5 274.3 364.8 347.2 265.1 291.9 357.2 350.7 303.8 233.5 182.0 149.9 121.6 103.3 96.7 132.6 133.6 103.2 99.5
-9999.0 -9999.0 -9999.0 -9999.0 -9999.0 -9999.0 -9999.0 -9999.0 -9999.0 -9999.0 -9999.0 -9999.0 -9999.0 -9999.0 -9999.0 -9999.0 -9999.0 -9999.0 -9999.0 -9999.0 -9999.0 -9999.0 -9999.0 73.7 116.0 109.0 102.4 102.9 126.3 95.4 110.0 130.0 186.2 168.4 185.8 174.0 171.9 127.8 137.7 135.9 131.4 138.7 138.2 147.0 154.1 129.0 128.4 109.2 97.6 89.5 78.0 100.9 85.6 107.4 124.8 141.7 224.8 289.5 232.5 326.7 249.0 261.3 263.8 258.3 240.1 200.3 154.1 123.5 112.9 91.1 118.0 122.3 126.1 141.1 115.5
-9999.0 -9999.0 -9999.0 -9999.0 -9999.0 -9999.0 -9999.0 -9999.0 -9999.0 -9999.0 -9999.0 -9999.0 -9999.0 -9999.0 -9999.0 -9999.0 -9999.0 -9999.0 -9999.0 -9999.0 -9999.0 -9999.0 -9999.0 -9999.0 -9999.0 30.7 70.1 155.8 143.5 174.3 134.8 104.1 112.9 148.7 134.1 166.2 178.3 114.1 119.5 94.5 108.9 103.7 126.1 136.3 129.4 121.3 127.1 118.6 93.0 86.4 94.5 84.8 104.1 112.6 107.9 136.2 196.5 219.4 286.0 289.3 266.2 243.8 347.1 211.5 201.1 182.2 148.2 137.9 124.6 115.7 97.1 109.3 106.6 154.5 164.8
-9999.0 -9999.0 -9999.0 -9999.0 -9999.0 -9999.0 -9999.0 -9999.0 -9999.0 -9999.0 -9999.0 -9999.0 -9999.0 -9999.0 -9999.0 -9999.0 -9999.0 -9999.0 -9999.0 -9999.0 -9999.0 -9999.0 -9999.0 -9999.0 -9999.0 -9999.0 -9999.0 12.4 12.2 48.5 56.1 63.1 154.4 65.9 126.9 33.1 87.8 73.8 55.8 65.3 73.8 84.7 105.2 106.1 112.9 113.6 112.8 114.9 115.7 99.9 103.0 97.0 87.0 94.8 113.0 148.8 173.7 201.7 246.8 225.2 209.2 218.5 163.7 162.8 186.0 177.9 153.6 117.3 89.9 76.4 78.3 111.1 105.0 150.5 146.3
-9999.0 -9999.0 -9999.0 -9999.0 -9999.0 -9999.0 -9999.0 -9999.0 -9999.0 -9999.0 -9999.0 -9999.0 -9999.0 -9999.0 -9999.0 -9999.0 -9999.0 -9999.0 -9999.0 -9999.0 -9999.0 -9999.0 -9999.0 -9999.0 -9999.0 -9999.0 -9999.0 -9999.0 -9999.0 -9999.0 -9999.0 -9999.0 -9999.0 22.3 78.9 -9999.0 -9999.0 -9999.0 38.7 50.7 60.9 74.3 89.2 89.6 93.2 102.5 -9999.0 -9999.0 -9999.0 -9999.0 -9999.0 -9999.0 97.6 116.1 126.3 156.9 188.7 216.0 217.0 212.7 195.4 190.6 149.4 146.6 160.1 176.6 169.9 140.5 96.2 64.8 64.3 94.7 127.2 130.6 164.4
-9999.0 -9999.0 -9999.0 -9999.0 -9999.0 -9999.0 -9999.0 -9999.0 -9999.0 -9999.0 -9999.0 -9999.0 -9999.0 -9999.0 -9999.0 -9999.0 -9999.0 -9999.0 -9999.0 -9999.0 -9999.0 -9999.0 -9999.0 -9999.0 -9999.0 -9999.0 -9999.0 -9999.0 -9999.0 -9999.0 -9999.0 -9999.0 -9999.0 -9999.0 -9999.0 -9999.0 -9999.0 -9999.0 -9999.0 26.3 37.0 48.2 60.1 72.8 -9999.0 -9999.0 -9999.0 -9999.0 -9999.0 -9999.0 -9999.0 -9999.0 115.4 140.4 148.5 166.1 194.6 216.6 226.0 214.9 186.9 168.6 156.1 138.8 156.8 180.5 188.0 149.6 98.7 77.0 73.3 85.7 98.6 135.9 125.5
-9999.0 -9999.0 -9999.0 -9999.0 -9999.0 -9999.0 -9999.0 -9999.0 -9999.0 -9999.0 -9999.0 -9999.0 -9999.0 -9999.0 -9999.0 -9999.0 -9999.0 -9999.0 -9999.0 -9999.0 -9999.0 -9999.0 -9999.0 -9999.0 -9999.0 -9999.0 -9999.0 -9999.0 -9999.0 -9999.0 -9999.0 -9999.0 -9999.0 -9999.0 -9999.0 -9999.0 -9999.0 -9999.0 -9999.0 -9999.0 -9999.0 -9999.0 -9999.0 -9999.0 -9999.0 -9999.0 -9999.0 -9999.0 -9999.0 -9999.0 -9999.0 -9999.0 125.3 169.1 170.0 197.4 191.8 206.5 218.1 211.5 179.4 155.4 200.4 141.0 158.8 192.7 202.7 166.5 116.0 84.1 75.8 85.5 128.5 124.3 134.8
-9999.0 -9999.0 -9999.0 -9999.0 -9999.0 -9999.0 -9999.0 -9999.0 -9999.0 -9999.0 -9999.0 -9999.0 -9999.0 -9999.0 -9999.0 -9999.0 -9999.0 -9999.0 -9999.0 -9999.0 -9999.0 -9999.0 -9999.0 -9999.0 -9999.0 -9999.0 -9999.0 -9999.0 -9999.0 -9999.0 -9999.0 -9999.0 -9999.0 -9999.0 -9999.0 -9999.0 -9999.0 -9999.0 -9999.0 -9999.0 -9999.0 -9999.0 -9999.0 -9999.0 -9999.0 -9999.0 -9999.0 -9999.0 -9999.0 -9999.0 -9999.0 160.7 170.7 197.2 156.4 183.7 186.2 216.8 213.2 169.5 188.2 161.4 133.7 140.8 165.1 207.5 222.2 168.5 139.7 103.0 91.7 96.3 99.3 102.5 116.5
-9999.0 -9999.0 -9999.0 -9999.0 -9999.0 -9999.0 -9999.0 -9999.0 -9999.0 -9999.0 -9999.0 -9999.0 -9999.0 -9999.0 -9999.0 -9999.0 -9999.0 -9999.0 -9999.0 -9999.0 -9999.0 -9999.0 -9999.0 -9999.0 -9999.0 -9999.0 -9999.0 -9999.0 -9999.0 -9999.0 -9999.0 -9999.0 -9999.0 -9999.0 -9999.0 -9999.0 -9999.0 -9999.0 -9999.0 -9999.0 -9999.0 -9999.0 -9999.0 -9999.0 -9999.0 -9999.0 -9999.0 -9999.0 -9999.0 -9999.0 139.4 210.9 222.6 228.9 198.7 203.9 171.0 160.4 194.3 199.2 155.1 148.6 123.6 134.7 169.1 220.5 236.7 205.9 174.6 137.7 124.7 115.1 115.4 129.8 140.3
-9999.0 -9999.0 -9999.0 -9999.0 -9999.0 -9999.0 -9999.0 -9999.0 -9999.0 -9999.0 -9999.0 -9999.0 -9999.0 -9999.0 -9999.0 -9999.0 -9999.0 -9999.0 -9999.0 -9999.0 -9999.0 -9999.0 -9999.0 -9999.0 -9999.0 -9999.0 -9999.0 -9999.0 -9999.0 -9999.0 -9999.0 -9999.0 -9999.0 -9999.0 -9999.0 -9999.0 -9999.0 -9999.0 -9999.0 -9999.0 -9999.0 -9999.0 -9999.0 -9999.0 -9999.0 -9999.0 -9999.0 -9999.0 -9999.0 -9999.0 141.8 253.7 219.8 254.7 245.5 204.3 113.3 210.6 208.9 164.2 117.6 105.3 98.6 123.0 165.8 221.9 246.1 231.0 209.8 185.3 168.7 157.5 151.0 143.2 129.2
-9999.0 -9999.0 -9999.0 -9999.0 -9999.0 -9999.0 -9999.0 -9999.0 -9999.0 -9999.0 -9999.0 -9999.0 -9999.0 -9999.0 -9999.0 -9999.0 -9999.0 -9999.0 -9999.0 -9999.0 -9999.0 -9999.0 -9999.0 -9999.0 -9999.0 -9999.0 -9999.0 -9999.0 -9999.0 -9999.0 -9999.0 -9999.0 -9999.0 -9999.0 -9999.0 -9999.0 -9999.0 -9999.0 -9999.0 -9999.0 -9999.0 -9999.0 -9999.0 -9999.0 -9999.0 -9999.0 -9999.0 -9999.0 -9999.0 -9999.0 123.4 196.6 186.4 297.2 214.0 179.7 248.6 198.1 208.0 117.3 109.4 99.8 96.7 115.3 157.9 209.7 254.5 266.8 256.8 239.7 218.6 216.6 183.0 181.2 140.7
-9999.0 -9999.0 -9999.0 -9999.0 -9999.0 -9999.0 -9999.0 -9999.0 -9999.0 -9999.0 -9999.0 -9999.0 -9999.0 -9999.0 -9999.0 -9999.0 -9999.0 -9999.0 -9999.0 -9999.0 -9999.0 -9999.0 -9999.0 -9999.0 -9999.0 -9999.0 -9999.0 -9999.0 -9999.0 -9999.0 -9999.0 -9999.0 -9999.0 -9999.0 -9999.0 -9999.0 -9999.0 -9999.0 -9999.0 -9999.0 -9999.0 -9999.0 -9999.0 -9999.0 -9999.0 -9999.0 -9999.0 -9999.0 -9999.0 -9999.0 176.1 247.6 238.9 267.3 250.2 261.6 155.9 206.5 191.9 113.1 114.0 93.5 75.4 116.1 155.3 198.1 241.4 282.1 287.5 272.4 258.9 238.2 220.5 206.7 168.9
-9999.0 -9999.0 -9999.0 -9999.0 -9999.0 -9999.0 -9999.0 -9999.0 -9999.0 -9999.0 -9999.0 -9999.0 -9999.0 -9999.0 -9999.0 -9999.0 -9999.0 -9999.0 -9999.0 -9999.0 -9999.0 -9999.0 -9999.0 -9999.0 -9999.0 -9999.0 -9999.0 -9999.0 -9999.0 -9999.0 -9999.0 -9999.0 -9999.0 -9999.0 -9999.0 -9999.0 -9999.0 -9999.0 -9999.0 -9999.0 -9999.0 -9999.0 -9999.0 -9999.0 -9999.0 -9999.0 -9999.0 -9999.0 -9999.0 -9999.0 -9999.0 -9999.0 -9999.0 224.0 218.7 213.8 222.5 237.5 152.2 131.7 193.2 84.2 142.4 140.1 168.2 206.7 246.1 296.5 306.1 300.8 279.8 248.8 220.5 210.6 214.7
-9999.0 -9999.0 -9999.0 -9999.0 -9999.0 -9999.0 -9999.0 -9999.0 -9999.0 -9999.0 -9999.0 -9999.0 -9999.0 -9999.0 -9999.0 -9999.0 -9999.0 -9999.0 -9999.0 -9999.0 -9999.0 -9999.0 -9999.0 -9999.0 -9999.0 -9999.0 -9999.0 -9999.0 -9999.0 -9999.0 -9999.0 -9999.0 -9999.0 -9999.0 -9999.0 -9999.0 -9999.0 -9999.0 -9999.0 -9999.0 -9999.0 -9999.0 -9999.0 -9999.0 -9999.0 -9999.0 -9999.0 -9999.0 -9999.0 -9999.0 -9999.0 -9999.0 -9999.0 221.7 209.2 298.6 231.5 209.8 218.1 244.3 163.3 130.1 199.1 185.1 214.5 244.5 282.7 300.0 304.9 299.8 283.7 258.7 238.6 242.5 258.4
-9999.0 -9999.0 -9999.0 -9999.0 -9999.0 -9999.0 -9999.0 -9999.0 -9999.0 -9999.0 -9999.0 -9999.0 -9999.0 -9999.0 -9999.0 -9999.0 -9999.0 -9999.0 -9999.0 -9999.0 -9999.0 -9999.0 -9999.0 -9999.0 -9999.0 -9999.0 -9999.0 -9999.0 -9999.0 -9999.0 -9999.0 -9999.0 -9999.0 -9999.0 -9999.0 -9999.0 -9999.0 -9999.0 -9999.0 -9999.0 -9999.0 -9999.0 -9999.0 -9999.0 -9999.0 -9999.0 -9999.0 -9999.0 -9999.0 -9999.0 -9999.0 -9999.0 -9999.0 221.2 183.6 255.9 252.4 240.1 251.2 232.6 250.3 238.6 279.4 282.5 272.3 -9999.0 -9999.0 -9999.0 320.7 307.0 309.7 310.9 300.8 293.5 293.8
-9999.0 -9999.0 -9999.0 -9999.0 -9999.0 -9999.0 -9999.0 -9999.0 -9999.0 -9999.0 -9999.0 -9999.0 -9999.0 -9999.0 -9999.0 -9999.0 -9999.0 -9999.0 -9999.0 -9999.0 -9999.0 -9999.0 -9999.0 -9999.0 -9999.0 -9999.0 -9999.0 -9999.0 -9999.0 -9999.0 -9999.0 -9999.0 -9999.0 -9999.0 -9999.0 -9999.0 -9999.0 -9999.0 -9999.0 -9999.0 -9999.0 -9999.0 -9999.0 -9999.0 -9999.0 -9999.0 -9999.0 -9999.0 -9999.0 -9999.0 -9999.0 -9999.0 -9999.0 -9999.0 233.0 244.7 223.6 231.9 293.4 330.5 263.7 -9999.0 -9999.0 -9999.0 -9999.0 -9999.0 -9999.0 -9999.0 349.0 359.0 389.1 381.7 368.3 346.0 310.1
-9999.0 -9999.0 -9999.0 -9999.0 -9999.0 -9999.0 -9999.0 -9999.0 -9999.0 -9999.0 -9999.0 -9999.0 -9999.0 -9999.0 -9999.0 -9999.0 -9999.0 -9999.0 -9999.0 -9999.0 -9999.0 -9999.0 -9999.0 -9999.0 -9999.0 -9999.0 -9999.0 -9999.0 -9999.0 -9999.0 -9999.0 -9999.0 -9999.0 -9999.0 -9999.0 -9999.0 -9999.0 -9999.0 -9999.0 -9999.0 -9999.0 -9999.0 -9999.0 -9999.0 -9999.0 -9999.0 -9999.0 -9999.0 -9999.0 -9999.0 -9999.0 -9999.0 -9999.0 -9999.0 -9999.0 238.6 313.8 289.1 299.7 349.6 353.6 -9999.0 -9999.0 -9999.0 -9999.0 -9999.0 -9999.0 -9999.0 -9999.0 -9999.0 454.0 -9999.0 -9999.0 -9999.0 -9999.0
