program/excelProcessViaJava/data/SURF_CLI_CHN_PRE_MON_GRID_0.5-200803.txt
NCOLS      128
NROWS       72
XLLCORNER    72.000000000000    
YLLCORNER    18.000000000000    
CELLSIZE    0.50000000000000    
NODATA_VALUE   -9999.000    
[rows 35 to 69 of 72, columns 0 to 78 of 128]
-9999.0 -9999.0 -9999.0 -9999.0 -9999.0 -9999.0 -9999.0 13.4 22.3 12.6 34.6 30.7 11.3 13.3 11.5 1.5 2.3 0.6 0.3 0.4 1.7 4.1 4.3 3.2 2.5 2.1 2.4 2.3 2.0 2.4 1.9 1.6 1.3 1.4 1.8 1.3 2.3 2.0 3.3 3.6 1.0 3.9 2.5 0.7 0.2 0.2 0.1 0.1 0.1 0.2 0.5 0.8 0.7 1.5 1.1 1.2 1.9 2.4 3.2 6.2 11.0 16.2 10.7 6.8 5.1 4.4 5.9 9.0 8.7 10.2 10.7 16.4 22.8 24.5 22.7 20.5 17.3 18.0 18.2
-9999.0 -9999.0 -9999.0 -9999.0 -9999.0 -9999.0 -9999.0 44.1 8.6 21.5 26.1 15.5 18.5 26.8 14.2 27.6 9.4 7.0 12.4 4.7 3.7 5.7 4.0 3.8 3.1 3.0 2.7 3.5 2.3 1.9 2.4 2.1 1.7 2.2 1.4 1.5 1.3 2.1 2.3 2.2 2.5 2.3 2.4 4.5 0.8 0.2 0.2 0.2 0.7 0.3 2.0 1.4 0.7 1.0 2.1 1.1 1.5 1.7 2.5 5.1 9.9 19.0 18.6 12.0 5.9 5.1 7.2 10.6 14.9 10.7 12.8 19.2 24.1 23.4 18.1 17.0 14.9 12.8 14.3
-9999.0 -9999.0 -9999.0 -9999.0 -9999.0 -9999.0 -9999.0 -9999.0 -9999.0 18.5 15.6 11.8 21.4 17.8 11.9 8.4 11.0 22.6 9.9 14.4 7.5 4.4 3.9 3.8 3.6 3.2 3.6 3.5 2.7 3.6 2.0 2.0 1.7 1.8 1.1 1.0 0.9 1.3 1.4 2.1 2.1 2.6 2.2 1.6 2.0 1.7 1.4 1.2 1.3 1.4 2.3 1.8 1.7 1.9 3.6 1.8 1.9 2.0 2.9 4.9 9.2 14.6 18.7 14.7 9.8 7.2 8.8 11.7 17.0 14.6 15.5 18.1 21.2 20.4 18.1 11.2 10.7 12.8 14.5
-9999.0 -9999.0 -9999.0 -9999.0 -9999.0 -9999.0 -9999.0 -9999.0 -9999.0 -9999.0 -9999.0 22.3 6.7 19.7 12.2 12.8 9.8 7.4 6.1 6.6 8.2 5.3 5.4 4.3 6.5 4.9 5.3 5.0 4.3 3.5 3.1 3.4 2.0 1.6 1.0 1.5 0.8 0.9 2.6 1.7 2.8 2.5 2.2 2.0 4.1 2.3 4.7 2.8 3.6 3.3 2.4 2.8 3.5 5.2 7.5 5.6 3.3 3.3 3.8 5.8 9.4 12.6 15.9 15.4 13.1 11.1 9.9 13.8 17.8 18.3 16.0 17.1 18.9 19.0 14.8 11.9 12.5 15.7 16.0
-9999.0 -9999.0 -9999.0 -9999.0 -9999.0 -9999.0 -9999.0 -9999.0 -9999.0 -9999.0 -9999.0 -9999.0 7.1 6.2 13.3 7.8 16.2 8.2 7.2 11.8 4.2 4.9 5.0 4.4 10.5 5.2 4.5 5.7 5.0 6.0 4.1 3.2 2.5 2.2 1.5 0.9 1.4 0.6 0.6 0.8 1.4 1.9 2.2 3.3 3.8 4.8 6.0 3.6 4.0 4.5 6.8 6.6 6.3 8.0 10.7 11.1 8.7 8.2 4.5 7.9 9.0 10.5 11.3 12.4 16.2 17.3 16.6 20.5 23.1 22.6 15.1 15.2 19.6 21.3 21.8 31.3 26.4 22.6 19.1
-9999.0 -9999.0 -9999.0 -9999.0 -9999.0 -9999.0 -9999.0 -9999.0 -9999.0 -9999.0 -9999.0 -9999.0 19.2 4.1 2.9 7.9 3.2 4.2 7.8 6.0 5.3 6.3 5.7 4.6 4.1 5.0 5.1 4.6 5.1 4.4 4.7 4.8 3.2 2.1 1.5 0.7 0.8 0.6 0.5 0.6 0.9 1.4 3.1 3.0 5.6 8.6 7.0 5.7 3.4 5.1 5.2 6.7 7.6 12.2 15.1 15.9 10.7 8.2 5.3 6.1 6.9 7.4 9.6 13.3 21.7 24.3 16.6 21.6 25.1 27.2 30.4 36.8 39.5 37.3 35.9 33.5 31.7 29.3 22.8
-9999.0 -9999.0 -9999.0 -9999.0 -9999.0 -9999.0 -9999.0 -9999.0 -9999.0 -9999.0 -9999.0 -9999.0 -9999.0 6.5 11.6 2.4 4.9 2.9 2.6 2.8 3.7 3.1 5.1 3.8 4.5 6.5 6.6 7.5 6.2 5.7 4.8 4.1 4.1 3.0 1.3 0.6 0.3 0.3 1.9 0.8 1.1 2.1 2.8 5.9 6.6 8.3 11.1 11.5 9.7 7.3 6.4 5.8 8.6 17.6 19.7 19.0 12.8 9.7 11.7 8.0 8.0 8.6 11.7 17.7 25.1 29.3 35.3 36.7 38.8 37.8 36.9 44.6 48.3 45.2 42.9 38.8 37.6 36.6 36.1
-9999.0 -9999.0 -9999.0 -9999.0 -9999.0 -9999.0 -9999.0 -9999.0 -9999.0 -9999.0 -9999.0 -9999.0 7.0 12.9 8.7 3.2 8.0 4.2 3.7 1.8 2.2 2.7 3.6 3.9 4.2 5.8 5.4 5.1 5.1 5.4 5.1 4.4 4.8 3.0 2.0 0.9 0.7 0.2 0.2 0.5 2.6 5.9 9.3 4.7 8.5 12.4 13.7 11.1 9.3 7.6 9.6 12.5 11.5 17.7 21.1 20.2 17.8 8.6 9.6 8.2 11.3 15.9 19.6 25.3 30.5 37.4 34.9 41.8 52.0 57.1 57.6 56.4 50.9 43.5 41.2 43.2 51.2 53.8 44.6
-9999.0 -9999.0 -9999.0 -9999.0 -9999.0 -9999.0 -9999.0 -9999.0 -9999.0 -9999.0 -9999.0 -9999.0 11.1 2.2 2.9 12.8 8.1 1.9 1.8 3.1 1.9 3.1 3.5 3.8 3.9 4.0 4.1 4.0 4.1 4.2 4.3 4.6 5.0 3.4 2.4 1.5 0.9 0.6 0.7 0.9 1.6 2.2 3.3 5.7 9.5 14.6 20.0 18.7 15.2 8.4 8.9 12.9 15.4 22.0 25.1 24.1 19.3 17.2 15.2 19.1 24.0 30.5 35.5 38.2 39.1 43.5 49.3 51.1 54.5 60.8 63.3 59.9 54.9 52.3 48.2 43.3 54.9 45.0 38.7
-9999.0 -9999.0 -9999.0 -9999.0 -9999.0 -9999.0 -9999.0 -9999.0 -9999.0 -9999.0 -9999.0 -9999.0 1.8 6.6 1.7 2.1 1.7 5.8 2.5 2.7 5.2 5.4 3.5 4.3 3.8 4.4 3.6 4.1 3.0 3.1 3.5 4.7 4.3 3.8 3.1 2.6 2.3 2.6 3.0 4.0 4.6 4.8 9.8 6.3 11.5 19.5 23.1 19.9 16.0 14.5 14.2 16.0 23.5 27.4 26.6 28.2 23.2 22.6 24.6 27.7 36.3 45.6 54.8 50.1 36.6 41.3 47.2 52.0 56.0 58.7 63.3 68.9 65.5 62.2 69.9 50.2 50.9 46.0 37.8
-9999.0 -9999.0 -9999.0 -9999.0 -9999.0 -9999.0 -9999.0 -9999.0 -9999.0 -9999.0 -9999.0 -9999.0 -9999.0 16.6 10.1 2.3 2.6 1.8 3.6 4.4 9.2 4.0 5.0 5.2 3.4 3.2 2.5 2.0 1.9 1.7 2.4 3.0 3.9 3.8 3.7 4.8 5.3 6.6 8.6 9.6 10.5 17.2 21.3 18.4 14.6 17.1 20.8 19.0 19.6 18.1 17.8 18.6 20.6 26.8 27.8 28.2 21.7 21.9 29.4 43.5 51.0 72.3 70.7 46.2 32.7 33.6 38.4 40.5 42.9 52.5 61.5 68.8 74.1 64.0 61.9 58.1 60.2 55.1 47.9
-9999.0 -9999.0 -9999.0 -9999.0 -9999.0 -9999.0 -9999.0 -9999.0 -9999.0 -9999.0 -9999.0 -9999.0 -9999.0 1.8 9.6 3.0 7.8 2.1 2.5 3.7 8.9 7.8 7.4 5.4 3.3 2.7 1.9 1.2 0.8 1.8 1.4 1.8 2.1 2.8 4.1 5.1 6.4 10.4 14.9 22.7 18.9 21.7 23.4 22.8 30.3 19.7 18.8 16.8 16.5 16.3 15.9 17.4 19.4 25.8 30.8 28.0 20.2 22.5 35.7 35.3 63.2 61.7 52.3 42.6 28.5 25.5 27.4 27.9 32.0 41.1 55.3 68.9 74.4 73.6 72.1 72.9 70.1 67.9 66.5
-9999.0 -9999.0 -9999.0 -9999.0 -9999.0 -9999.0 -9999.0 -9999.0 -9999.0 -9999.0 -9999.0 -9999.0 -9999.0 -9999.0 -9999.0 4.7 3.4 4.8 3.8 3.6 7.8 5.8 5.5 5.4 4.7 3.1 3.5 1.0 1.3 0.2 0.3 0.4 2.1 2.6 2.4 7.4 12.3 9.3 15.7 20.0 27.8 30.3 27.6 23.3 20.0 23.7 16.4 22.7 14.2 24.2 12.3 19.0 17.4 23.3 17.9 24.8 24.5 12.7 44.8 62.7 44.8 47.5 66.1 46.8 30.4 24.3 23.4 24.7 29.0 41.6 54.3 64.8 77.3 75.1 70.2 81.5 79.9 81.4 71.3
-9999.0 -9999.0 -9999.0 -9999.0 -9999.0 -9999.0 -9999.0 -9999.0 -9999.0 -9999.0 -9999.0 -9999.0 -9999.0 -9999.0 -9999.0 -9999.0 -9999.0 14.2 5.6 -9999.0 6.5 9.2 7.6 7.1 6.5 4.2 4.5 1.2 0.2 0.2 0.1 0.1 2.0 0.2 0.3 2.0 13.8 3.9 13.2 19.0 23.6 31.9 23.2 17.6 52.3 29.1 175.5 16.6 20.9 13.1 34.3 12.8 26.8 27.0 30.9 30.8 21.0 39.7 50.1 69.1 29.1 56.3 70.4 54.3 39.2 33.6 33.1 36.2 42.3 51.2 56.4 78.0 80.0 60.8 68.1 84.1 85.2 84.4 84.5
-9999.0 -9999.0 -9999.0 -9999.0 -9999.0 -9999.0 -9999.0 -9999.0 -9999.0 -9999.0 -9999.0 -9999.0 -9999.0 -9999.0 -9999.0 -9999.0 -9999.0 -9999.0 -9999.0 -9999.0 -9999.0 12.6 13.3 15.8 10.4 7.8 4.3 1.6 0.3 0.1 0.0 0.1 0.1 0.3 0.4 1.9 2.4 4.5 7.7 10.8 11.1 27.8 24.2 15.2 50.0 15.7 283.8 38.9 18.8 62.2 18.0 27.5 32.5 30.1 33.1 37.2 37.7 34.2 66.0 70.7 32.9 48.9 69.1 59.9 50.8 48.7 50.6 53.7 59.8 67.0 72.2 81.6 74.8 58.2 65.0 80.5 91.4 97.0 106.0
-9999.0 -9999.0 -9999.0 -9999.0 -9999.0 -9999.0 -9999.0 -9999.0 -9999.0 -9999.0 -9999.0 -9999.0 -9999.0 -9999.0 -9999.0 -9999.0 -9999.0 -9999.0 -9999.0 -9999.0 -9999.0 -9999.0 -9999.0 31.1 18.5 15.1 10.2 4.8 2.0 0.3 0.2 0.6 7.0 5.1 11.3 11.8 20.4 12.5 31.5 40.1 29.8 33.0 9.0 6.5 48.3 324.4 99.0 78.3 125.5 135.5 52.7 35.2 49.1 48.8 31.7 5.4 30.3 45.5 26.9 68.5 39.2 53.4 58.3 53.2 53.2 58.1 59.5 59.3 64.9 73.6 86.4 90.3 85.1 84.0 87.5 102.5 119.4 133.9 145.1
-9999.0 -9999.0 -9999.0 -9999.0 -9999.0 -9999.0 -9999.0 -9999.0 -9999.0 -9999.0 -9999.0 -9999.0 -9999.0 -9999.0 -9999.0 -9999.0 -9999.0 -9999.0 -9999.0 -9999.0 -9999.0 -9999.0 -9999.0 -9999.0 -9999.0 70.5 32.0 21.0 12.2 18.7 5.9 4.8 8.4 16.6 18.5 38.1 75.9 39.9 68.9 47.7 60.4 15.9 38.7 33.8 198.8 332.8 239.1 428.8 44.8 114.9 43.3 59.4 59.3 59.4 22.7 9.4 20.7 19.6 44.3 56.5 63.9 63.7 96.9 45.6 46.2 53.9 53.6 52.9 58.3 70.1 83.9 95.6 96.3 105.8 116.1 129.7 144.2 164.3 186.5
-9999.0 -9999.0 -9999.0 -9999.0 -9999.0 -9999.0 -9999.0 -9999.0 -9999.0 -9999.0 -9999.0 -9999.0 -9999.0 -9999.0 -9999.0 -9999.0 -9999.0 -9999.0 -9999.0 -9999.0 -9999.0 -9999.0 -9999.0 -9999.0 -9999.0 -9999.0 -9999.0 107.9 97.5 32.2 25.8 26.8 43.9 38.6 56.0 55.0 59.6 62.6 43.7 55.1 57.4 13.2 63.6 186.2 237.8 318.2 391.1 420.9 430.0 224.9 331.1 287.7 89.3 67.6 30.4 16.6 5.6 8.5 28.0 32.4 32.6 63.3 46.0 39.6 41.7 39.3 42.1 36.9 40.5 54.4 75.3 95.5 99.8 112.8 123.3 137.8 156.0 170.6 176.6
-9999.0 -9999.0 -9999.0 -9999.0 -9999.0 -9999.0 -9999.0 -9999.0 -9999.0 -9999.0 -9999.0 -9999.0 -9999.0 -9999.0 -9999.0 -9999.0 -9999.0 -9999.0 -9999.0 -9999.0 -9999.0 -9999.0 -9999.0 -9999.0 -9999.0 -9999.0 -9999.0 -9999.0 -9999.0 -9999.0 -9999.0 -9999.0 -9999.0 93.6 95.9 -9999.0 -9999.0 -9999.0 83.5 63.0 55.1 75.4 57.8 207.5 278.0 306.1 -9999.0 -9999.0 -9999.0 -9999.0 -9999.0 -9999.0 147.1 58.4 43.9 14.4 5.2 7.1 12.0 19.4 37.3 55.6 50.5 40.3 33.5 32.3 30.7 29.5 35.4 51.2 72.1 91.2 101.0 104.2 121.8 131.4 148.3 154.4 160.6
-9999.0 -9999.0 -9999.0 -9999.0 -9999.0 -9999.0 -9999.0 -9999.0 -9999.0 -9999.0 -9999.0 -9999.0 -9999.0 -9999.0 -9999.0 -9999.0 -9999.0 -9999.0 -9999.0 -9999.0 -9999.0 -9999.0 -9999.0 -9999.0 -9999.0 -9999.0 -9999.0 -9999.0 -9999.0 -9999.0 -9999.0 -9999.0 -9999.0 -9999.0 -9999.0 -9999.0 -9999.0 -9999.0 -9999.0 189.4 186.8 195.0 208.0 221.8 -9999.0 -9999.0 -9999.0 -9999.0 -9999.0 -9999.0 -9999.0 -9999.0 120.3 51.5 30.2 15.2 6.1 4.7 6.0 14.9 34.9 50.7 52.3 42.1 40.6 41.6 39.5 31.2 39.5 59.6 81.3 90.8 93.1 105.5 114.7 125.1 134.1 144.5 150.6
-9999.0 -9999.0 -9999.0 -9999.0 -9999.0 -9999.0 -9999.0 -9999.0 -9999.0 -9999.0 -9999.0 -9999.0 -9999.0 -9999.0 -9999.0 -9999.0 -9999.0 -9999.0 -9999.0 -9999.0 -9999.0 -9999.0 -9999.0 -9999.0 -9999.0 -9999.0 -9999.0 -9999.0 -9999.0 -9999.0 -9999.0 -9999.0 -9999.0 -9999.0 -9999.0 -9999.0 -9999.0 -9999.0 -9999.0 -9999.0 -9999.0 -9999.0 -9999.0 -9999.0 -9999.0 -9999.0 -9999.0 -9999.0 -9999.0 -9999.0 -9999.0 -9999.0 112.6 45.4 26.7 12.6 7.7 5.9 7.2 16.5 32.0 47.0 42.4 42.7 46.0 54.6 50.2 43.9 52.3 72.1 88.9 97.1 111.1 115.5 123.7 131.0 133.3 144.9 160.3
-9999.0 -9999.0 -9999.0 -9999.0 -9999.0 -9999.0 -9999.0 -9999.0 -9999.0 -9999.0 -9999.0 -9999.0 -9999.0 -9999.0 -9999.0 -9999.0 -9999.0 -9999.0 -9999.0 -9999.0 -9999.0 -9999.0 -9999.0 -9999.0 -9999.0 -9999.0 -9999.0 -9999.0 -9999.0 -9999.0 -9999.0 -9999.0 -9999.0 -9999.0 -9999.0 -9999.0 -9999.0 -9999.0 -9999.0 -9999.0 -9999.0 -9999.0 -9999.0 -9999.0 -9999.0 -9999.0 -9999.0 -9999.0 -9999.0 -9999.0 -9999.0 85.1 59.4 39.8 15.9 13.6 11.0 9.7 11.3 9.2 23.8 31.6 36.1 38.3 50.4 67.3 64.0 55.9 66.1 79.5 94.3 108.4 121.4 133.1 136.8 143.4 136.2 156.7 133.9
-9999.0 -9999.0 -9999.0 -9999.0 -9999.0 -9999.0 -9999.0 -9999.0 -9999.0 -9999.0 -9999.0 -9999.0 -9999.0 -9999.0 -9999.0 -9999.0 -9999.0 -9999.0 -9999.0 -9999.0 -9999.0 -9999.0 -9999.0 -9999.0 -9999.0 -9999.0 -9999.0 -9999.0 -9999.0 -9999.0 -9999.0 -9999.0 -9999.0 -9999.0 -9999.0 -9999.0 -9999.0 -9999.0 -9999.0 -9999.0 -9999.0 -9999.0 -9999.0 -9999.0 -9999.0 -9999.0 -9999.0 -9999.0 -9999.0 -9999.0 64.0 55.2 45.0 33.4 18.3 15.6 15.1 16.3 13.7 12.0 18.5 17.7 22.0 28.9 42.4 55.5 69.7 58.4 61.9 73.2 93.0 109.6 123.3 139.6 140.8 134.0 155.4 114.5 135.9
-9999.0 -9999.0 -9999.0 -9999.0 -9999.0 -9999.0 -9999.0 -9999.0 -9999.0 -9999.0 -9999.0 -9999.0 -9999.0 -9999.0 -9999.0 -9999.0 -9999.0 -9999.0 -9999.0 -9999.0 -9999.0 -9999.0 -9999.0 -9999.0 -9999.0 -9999.0 -9999.0 -9999.0 -9999.0 -9999.0 -9999.0 -9999.0 -9999.0 -9999.0 -9999.0 -9999.0 -9999.0 -9999.0 -9999.0 -9999.0 -9999.0 -9999.0 -9999.0 -9999.0 -9999.0 -9999.0 -9999.0 -9999.0 -9999.0 -9999.0 32.8 42.6 28.6 30.4 24.3 18.8 17.3 14.8 10.5 11.2 14.3 13.8 13.0 19.4 30.1 27.3 38.5 41.3 45.3 58.8 74.9 90.2 103.7 122.2 125.1 121.0 112.5 124.7 129.5
-9999.0 -9999.0 -9999.0 -9999.0 -9999.0 -9999.0 -9999.0 -9999.0 -9999.0 -9999.0 -9999.0 -9999.0 -9999.0 -9999.0 -9999.0 -9999.0 -9999.0 -9999.0 -9999.0 -9999.0 -9999.0 -9999.0 -9999.0 -9999.0 -9999.0 -9999.0 -9999.0 -9999.0 -9999.0 -9999.0 -9999.0 -9999.0 -9999.0 -9999.0 -9999.0 -9999.0 -9999.0 -9999.0 -9999.0 -9999.0 -9999.0 -9999.0 -9999.0 -9999.0 -9999.0 -9999.0 -9999.0 -9999.0 -9999.0 -9999.0 15.1 15.0 13.7 30.7 23.6 19.8 15.8 17.7 12.3 21.0 16.4 15.4 15.5 18.5 26.6 24.0 21.5 29.1 39.3 39.4 52.3 64.1 72.4 88.5 93.1 99.2 97.2 121.9 121.8
-9999.0 -9999.0 -9999.0 -9999.0 -9999.0 -9999.0 -9999.0 -9999.0 -9999.0 -9999.0 -9999.0 -9999.0 -9999.0 -9999.0 -9999.0 -9999.0 -9999.0 -9999.0 -9999.0 -9999.0 -9999.0 -9999.0 -9999.0 -9999.0 -9999.0 -9999.0 -9999.0 -9999.0 -9999.0 -9999.0 -9999.0 -9999.0 -9999.0 -9999.0 -9999.0 -9999.0 -9999.0 -9999.0 -9999.0 -9999.0 -9999.0 -9999.0 -9999.0 -9999.0 -9999.0 -9999.0 -9999.0 -9999.0 -9999.0 -9999.0 7.7 12.3 9.2 17.1 21.5 21.1 19.7 21.0 24.6 32.7 25.0 22.6 17.8 24.2 29.3 25.7 21.8 20.5 23.6 45.1 37.4 40.6 47.6 57.1 70.7 92.3 102.2 123.4 108.1
-9999.0 -9999.0 -9999.0 -9999.0 -9999.0 -9999.0 -9999.0 -9999.0 -9999.0 -9999.0 -9999.0 -9999.0 -9999.0 -9999.0 -9999.0 -9999.0 -9999.0 -9999.0 -9999.0 -9999.0 -9999.0 -9999.0 -9999.0 -9999.0 -9999.0 -9999.0 -9999.0 -9999.0 -9999.0 -9999.0 -9999.0 -9999.0 -9999.0 -9999.0 -9999.0 -9999.0 -9999.0 -9999.0 -9999.0 -9999.0 -9999.0 -9999.0 -9999.0 -9999.0 -9999.0 -9999.0 -9999.0 -9999.0 -9999.0 -9999.0 -9999.0 -9999.0 -9999.0 5.8 13.0 22.8 26.5 30.0 43.2 47.5 24.9 29.3 29.7 34.5 35.1 29.1 23.8 21.5 21.3 24.1 25.2 24.6 26.2 35.9 59.9 95.7 115.8 120.3 114.5
-9999.0 -9999.0 -9999.0 -9999.0 -9999.0 -9999.0 -9999.0 -9999.0 -9999.0 -9999.0 -9999.0 -9999.0 -9999.0 -9999.0 -9999.0 -9999.0 -9999.0 -9999.0 -9999.0 -9999.0 -9999.0 -9999.0 -9999.0 -9999.0 -9999.0 -9999.0 -9999.0 -9999.0 -9999.0 -9999.0 -9999.0 -9999.0 -9999.0 -9999.0 -9999.0 -9999.0 -9999.0 -9999.0 -9999.0 -9999.0 -9999.0 -9999.0 -9999.0 -9999.0 -9999.0 -9999.0 -9999.0 -9999.0 -9999.0 -9999.0 -9999.0 -9999.0 -9999.0 8.5 18.5 28.0 41.8 52.7 60.1 51.4 55.9 40.9 48.4 46.1 46.3 38.4 32.0 21.3 21.4 18.8 17.4 15.3 15.2 25.4 53.5 86.9 111.4 101.8 96.4
-9999.0 -9999.0 -9999.0 -9999.0 -9999.0 -9999.0 -9999.0 -9999.0 -9999.0 -9999.0 -9999.0 -9999.0 -9999.0 -9999.0 -9999.0 -9999.0 -9999.0 -9999.0 -9999.0 -9999.0 -9999.0 -9999.0 -9999.0 -9999.0 -9999.0 -9999.0 -9999.0 -9999.0 -9999.0 -9999.0 -9999.0 -9999.0 -9999.0 -9999.0 -9999.0 -9999.0 -9999.0 -9999.0 -9999.0 -9999.0 -9999.0 -9999.0 -9999.0 -9999.0 -9999.0 -9999.0 -9999.0 -9999.0 -9999.0 -9999.0 -9999.0 -9999.0 -9999.0 15.7 30.2 42.1 54.3 67.1 71.7 72.0 67.0 64.0 64.5 63.7 55.5 -9999.0 -9999.0 -9999.0 17.7 15.0 13.6 13.0 14.1 22.9 46.5 78.0 105.0 99.4 79.0
-9999.0 -9999.0 -9999.0 -9999.0 -9999.0 -9999.0 -9999.0 -9999.0 -9999.0 -9999.0 -9999.0 -9999.0 -9999.0 -9999.0 -9999.0 -9999.0 -9999.0 -9999.0 -9999.0 -9999.0 -9999.0 -9999.0 -9999.0 -9999.0 -9999.0 -9999.0 -9999.0 -9999.0 -9999.0 -9999.0 -9999.0 -9999.0 -9999.0 -9999.0 -9999.0 -9999.0 -9999.0 -9999.0 -9999.0 -9999.0 -9999.0 -9999.0 -9999.0 -9999.0 -9999.0 -9999.0 -9999.0 -9999.0 -9999.0 -9999.0 -9999.0 -9999.0 -9999.0 -9999.0 38.1 52.0 67.2 74.6 70.9 68.4 62.8 -9999.0 -9999.0 -9999.0 -9999.0 -9999.0 -9999.0 -9999.0 19.2 14.5 13.8 16.0 17.2 21.5 35.9 62.7 92.2 97.5 92.8
-9999.0 -9999.0 -9999.0 -9999.0 -9999.0 -9999.0 -9999.0 -9999.0 -9999.0 -9999.0 -9999.0 -9999.0 -9999.0 -9999.0 -9999.0 -9999.0 -9999.0 -9999.0 -9999.0 -9999.0 -9999.0 -9999.0 -9999.0 -9999.0 -9999.0 -9999.0 -9999.0 -9999.0 -9999.0 -9999.0 -9999.0 -9999.0 -9999.0 -9999.0 -9999.0 -9999.0 -9999.0 -9999.0 -9999.0 -9999.0 -9999.0 -9999.0 -9999.0 -9999.0 -9999.0 -9999.0 -9999.0 -9999.0 -9999.0 -9999.0 -9999.0 -9999.0 -9999.0 -9999.0 -9999.0 56.0 57.1 66.7 65.4 63.4 62.7 -9999.0 -9999.0 -9999.0 -9999.0 -9999.0 -9999.0 -9999.0 -9999.0 -9999.0 17.1 -9999.0 -9999.0 -9999.0 -9999.0 -9999.0 51.6 -9999.0 -9999.0
-9999.0 -9999.0 -9999.0 -9999.0 -9999.0 -9999.0 -9999.0 -9999.0 -9999.0 -9999.0 -9999.0 -9999.0 -9999.0 -9999.0 -9999.0 -9999.0 -9999.0 -9999.0 -9999.0 -9999.0 -9999.0 -9999.0 -9999.0 -9999.0 -9999.0 -9999.0 -9999.0 -9999.0 -9999.0 -9999.0 -9999.0 -9999.0 -9999.0 -9999.0 -9999.0 -9999.0 -9999.0 -9999.0 -9999.0 -9999.0 -9999.0 -9999.0 -9999.0 -9999.0 -9999.0 -9999.0 -9999.0 -9999.0 -9999.0 -9999.0 -9999.0 -9999.0 -9999.0 -9999.0 -9999.0 -9999.0 -9999.0 -9999.0 59.4 56.5 -9999.0 -9999.0 -9999.0 -9999.0 -9999.0 -9999.0 -9999.0 -9999.0 -9999.0 -9999.0 -9999.0 -9999.0 -9999.0 -9999.0 -9999.0 16.0 24.4 -9999.0 -9999.0
-9999.0 -9999.0 -9999.0 -9999.0 -9999.0 -9999.0 -9999.0 -9999.0 -9999.0 -9999.0 -9999.0 -9999.0 -9999.0 -9999.0 -9999.0 -9999.0 -9999.0 -9999.0 -9999.0 -9999.0 -9999.0 -9999.0 -9999.0 -9999.0 -9999.0 -9999.0 -9999.0 -9999.0 -9999.0 -9999.0 -9999.0 -9999.0 -9999.0 -9999.0 -9999.0 -9999.0 -9999.0 -9999.0 -9999.0 -9999.0 -9999.0 -9999.0 -9999.0 -9999.0 -9999.0 -9999.0 -9999.0 -9999.0 -9999.0 -9999.0 -9999.0 -9999.0 -9999.0 -9999.0 -9999.0 -9999.0 -9999.0 -9999.0 -9999.0 -9999.0 -9999.0 -9999.0 -9999.0 -9999.0 -9999.0 -9999.0 -9999.0 -9999.0 -9999.0 -9999.0 -9999.0 -9999.0 -9999.0 -9999.0 -9999.0 -9999.0 -9999.0 -9999.0 -9999.0
-9999.0 -9999.0 -9999.0 -9999.0 -9999.0 -9999.0 -9999.0 -9999.0 -9999.0 -9999.0 -9999.0 -9999.0 -9999.0 -9999.0 -9999.0 -9999.0 -9999.0 -9999.0 -9999.0 -9999.0 -9999.0 -9999.0 -9999.0 -9999.0 -9999.0 -9999.0 -9999.0 -9999.0 -9999.0 -9999.0 -9999.0 -9999.0 -9999.0 -9999.0 -9999.0 -9999.0 -9999.0 -9999.0 -9999.0 -9999.0 -9999.0 -9999.0 -9999.0 -9999.0 -9999.0 -9999.0 -9999.0 -9999.0 -9999.0 -9999.0 -9999.0 -9999.0 -9999.0 -9999.0 -9999.0 -9999.0 -9999.0 -9999.0 -9999.0 -9999.0 -9999.0 -9999.0 -9999.0 -9999.0 -9999.0 -9999.0 -9999.0 -9999.0 -9999.0 -9999.0 -9999.0 -9999.0 -9999.0 -9999.0 -9999.0 25.8 26.8 30.4 -9999.0
-9999.0 -9999.0 -9999.0 -9999.0 -9999.0 -9999.0 -9999.0 -9999.0 -9999.0 -9999.0 -9999.0 -9999.0 -9999.0 -9999.0 -9999.0 -9999.0 -9999.0 -9999.0 -9999.0 -9999.0 -9999.0 -9999.0 -9999.0 -9999.0 -9999.0 -9999.0 -9999.0 -9999.0 -9999.0 -9999.0 -9999.0 -9999.0 -9999.0 -9999.0 -9999.0 -9999.0 -9999.0 -9999.0 -9999.0 -9999.0 -9999.0 -9999.0 -9999.0 -9999.0 -9999.0 -9999.0 -9999.0 -9999.0 -9999.0 -9999.0 -9999.0 -9999.0 -9999.0 -9999.0 -9999.0 -9999.0 -9999.0 -9999.0 -9999.0 -9999.0 -9999.0 -9999.0 -9999.0 -9999.0 -9999.0 -9999.0 -9999.0 -9999.0 -9999.0 -9999.0 -9999.0 -9999.0 -9999.0 17.8 32.8 33.6 34.7 -9999.0 -9999.0
