program/excelProcessViaJava/data/SURF_CLI_CHN_PRE_MON_GRID_0.5-200910.txt
NCOLS      128
NROWS       72
XLLCORNER    72.000000000000    
YLLCORNER    18.000000000000    
CELLSIZE    0.50000000000000    
NODATA_VALUE   -9999.000    
[rows 34 to 67 of 72, columns 0 to 77 of 128]
-9999.0 -9999.0 -9999.0 -9999.0 27.5 17.6 14.7 6.4 6.3 2.9 0.3 0.3 0.1 0.0 0.1 0.1 0.1 0.1 0.2 0.3 0.2 0.1 0.1 0.0 0.0 0.0 0.0 0.1 0.1 0.2 0.3 0.6 0.9 1.3 1.9 2.1 3.2 4.5 3.0 1.7 2.9 0.7 0.5 0.4 0.5 0.9 1.2 1.7 2.7 5.2 7.6 9.6 17.4 13.7 12.2 14.1 14.2 15.7 20.0 16.9 27.0 20.6 19.2 20.6 17.2 13.9 19.9 17.0 16.1 17.4 10.7 10.8 11.6 12.7 12.9 14.8 17.3 21.4
-9999.0 -9999.0 -9999.0 -9999.0 -9999.0 -9999.0 -9999.0 5.1 2.9 0.7 0.5 0.2 0.0 0.0 0.0 0.0 0.0 0.0 0.0 0.0 0.0 0.0 0.0 0.0 0.0 0.0 0.1 0.2 0.3 0.5 0.9 1.4 2.1 2.9 4.0 4.3 6.0 6.2 8.5 9.5 4.6 11.8 10.9 7.3 4.9 3.6 5.8 5.6 8.1 6.1 6.3 8.1 12.4 23.7 23.0 15.4 12.6 11.5 23.2 18.1 26.5 17.5 14.3 14.9 20.0 15.9 21.4 24.0 20.3 19.2 12.6 11.2 13.4 14.5 14.2 16.0 17.6 21.3
-9999.0 -9999.0 -9999.0 -9999.0 -9999.0 -9999.0 -9999.0 6.5 1.3 0.5 0.2 0.0 0.0 0.0 0.0 0.0 0.0 0.0 0.0 0.0 0.0 0.0 0.0 0.0 0.0 0.1 0.2 0.3 0.7 1.2 1.9 2.8 3.7 5.0 5.8 7.0 7.8 9.8 10.9 11.3 12.6 13.3 15.5 23.8 16.5 13.2 17.4 19.2 27.1 22.2 29.9 25.4 16.9 21.0 27.3 23.1 22.1 23.4 26.7 27.6 23.2 22.4 17.2 18.7 19.4 24.5 27.7 26.8 37.0 20.8 17.7 17.3 18.6 19.2 16.2 20.0 21.3 24.5
-9999.0 -9999.0 -9999.0 -9999.0 -9999.0 -9999.0 -9999.0 -9999.0 -9999.0 0.3 0.1 0.0 0.0 0.0 0.0 0.0 0.0 0.0 0.0 0.0 0.0 0.0 0.0 0.0 0.1 0.3 0.5 0.9 1.8 2.4 3.8 4.8 5.9 7.2 8.3 9.5 10.8 12.9 14.2 16.6 17.3 20.0 21.2 22.8 29.3 33.1 36.4 37.0 36.8 34.0 33.3 27.5 24.0 24.1 30.9 29.1 27.9 28.3 31.9 29.9 29.0 31.3 33.0 24.3 33.9 37.6 33.1 30.1 48.3 31.3 27.3 21.8 22.1 23.8 25.2 21.7 26.3 31.3
-9999.0 -9999.0 -9999.0 -9999.0 -9999.0 -9999.0 -9999.0 -9999.0 -9999.0 -9999.0 -9999.0 0.0 0.0 0.0 0.0 0.0 0.0 0.0 0.0 0.0 0.0 0.0 0.0 0.1 0.2 0.5 1.0 1.8 3.0 4.4 5.8 6.9 8.7 10.0 11.4 13.5 14.7 16.9 22.8 22.5 26.8 27.5 28.7 31.6 43.4 43.6 55.4 52.8 52.7 46.7 37.2 33.5 31.6 33.9 37.8 35.8 34.3 36.5 36.0 34.7 35.4 32.6 32.6 39.4 53.1 41.8 26.3 35.5 47.6 46.2 34.9 28.2 24.2 23.9 22.7 27.6 32.7 36.2
-9999.0 -9999.0 -9999.0 -9999.0 -9999.0 -9999.0 -9999.0 -9999.0 -9999.0 -9999.0 -9999.0 -9999.0 0.0 0.0 0.0 0.0 0.0 0.0 0.0 0.0 0.0 0.0 0.1 0.3 0.3 1.4 2.8 3.2 4.8 5.5 8.0 9.9 11.4 12.6 14.3 16.0 19.4 20.9 23.6 26.5 30.0 33.2 36.5 43.3 48.9 57.0 65.2 62.6 61.8 56.9 56.3 50.9 44.6 41.1 42.2 42.6 42.0 44.5 39.6 44.6 41.2 40.7 41.3 48.6 69.9 80.9 55.9 60.6 64.9 61.2 42.8 28.8 25.8 28.5 33.6 44.1 36.0 38.4
-9999.0 -9999.0 -9999.0 -9999.0 -9999.0 -9999.0 -9999.0 -9999.0 -9999.0 -9999.0 -9999.0 -9999.0 0.0 0.0 0.0 0.0 0.0 0.0 0.0 0.0 0.0 0.1 0.3 1.1 2.8 3.3 4.5 6.9 7.3 9.8 10.2 11.1 13.5 15.2 16.5 18.2 21.0 24.4 27.8 31.6 34.6 38.0 45.7 46.6 56.3 66.3 67.7 69.1 62.7 65.2 61.3 61.8 55.8 55.8 48.2 49.4 45.6 47.9 48.0 50.3 49.4 47.4 49.7 57.9 93.4 98.9 59.0 62.0 72.3 76.0 70.2 68.9 65.2 57.8 52.8 44.9 40.4 42.2
-9999.0 -9999.0 -9999.0 -9999.0 -9999.0 -9999.0 -9999.0 -9999.0 -9999.0 -9999.0 -9999.0 -9999.0 -9999.0 0.0 0.0 0.0 0.0 0.0 0.0 0.1 0.2 0.9 1.0 3.7 4.7 3.5 4.5 4.7 7.3 9.4 12.6 14.8 14.7 16.2 18.4 19.5 21.4 24.9 33.3 35.4 39.2 44.3 47.2 55.3 57.3 61.3 69.8 75.3 75.9 72.7 71.0 67.0 65.1 73.2 65.1 58.1 52.0 53.4 58.5 61.0 63.1 63.2 64.0 83.2 101.0 106.8 104.1 86.6 93.0 92.2 84.3 88.5 82.1 72.2 62.7 52.5 44.6 41.1
-9999.0 -9999.0 -9999.0 -9999.0 -9999.0 -9999.0 -9999.0 -9999.0 -9999.0 -9999.0 -9999.0 -9999.0 0.2 0.1 0.0 0.0 0.0 0.1 0.1 1.1 2.3 3.7 4.4 6.7 8.9 5.5 7.0 8.8 9.7 10.3 12.8 16.5 15.1 17.7 18.2 19.4 21.3 24.2 28.4 33.7 42.5 50.0 56.1 49.2 56.4 62.6 65.1 64.1 66.4 66.7 73.0 78.5 71.2 73.0 65.7 61.3 60.3 51.9 59.0 65.5 73.5 76.6 80.3 83.5 99.3 109.8 51.3 64.0 94.2 103.7 98.8 94.8 84.9 69.4 62.3 50.8 38.3 32.7
-9999.0 -9999.0 -9999.0 -9999.0 -9999.0 -9999.0 -9999.0 -9999.0 -9999.0 -9999.0 -9999.0 -9999.0 1.0 1.3 0.5 0.2 0.2 1.2 2.4 2.2 7.1 6.1 8.2 9.9 13.1 13.9 12.1 11.2 10.6 12.5 14.4 15.6 15.0 18.8 18.7 18.3 20.2 23.0 27.4 31.2 34.9 36.6 38.8 43.5 49.5 56.8 65.0 64.4 61.1 47.2 49.7 63.9 58.6 57.4 60.0 58.4 59.1 58.1 59.0 66.2 74.1 80.9 93.1 96.7 99.5 66.4 81.8 45.9 45.5 57.5 72.0 76.2 70.2 65.1 61.0 52.0 36.7 34.9
-9999.0 -9999.0 -9999.0 -9999.0 -9999.0 -9999.0 -9999.0 -9999.0 -9999.0 -9999.0 -9999.0 -9999.0 10.4 3.9 6.4 4.7 5.5 2.9 6.3 8.1 5.9 6.8 13.1 10.6 12.8 7.6 8.2 4.8 9.1 9.5 11.4 10.4 16.1 18.4 17.4 16.2 17.8 21.4 25.5 29.5 30.6 29.3 37.3 31.7 40.3 50.9 55.6 49.8 36.8 33.4 37.1 34.7 65.3 67.2 59.3 53.8 55.9 54.8 56.6 62.8 74.0 84.9 90.8 92.7 69.8 49.5 46.1 44.4 47.2 48.3 56.2 71.9 64.0 62.0 74.2 56.3 58.9 37.7
-9999.0 -9999.0 -9999.0 -9999.0 -9999.0 -9999.0 -9999.0 -9999.0 -9999.0 -9999.0 -9999.0 -9999.0 -9999.0 11.8 10.5 15.7 14.9 18.8 14.6 14.5 9.9 17.6 13.8 11.2 16.2 11.2 9.0 7.7 4.4 7.3 5.1 8.1 10.4 13.9 13.1 13.0 15.3 19.1 22.5 23.3 23.1 30.5 34.4 32.2 29.3 33.1 38.3 26.4 32.8 27.8 18.2 39.4 38.7 32.1 49.3 49.2 47.4 46.2 48.7 58.1 66.6 80.9 90.5 69.4 55.0 59.9 61.0 66.3 65.7 69.9 69.3 67.6 69.3 52.7 54.9 53.1 50.7 44.9
-9999.0 -9999.0 -9999.0 -9999.0 -9999.0 -9999.0 -9999.0 -9999.0 -9999.0 -9999.0 -9999.0 -9999.0 -9999.0 54.7 27.2 35.9 25.7 40.9 40.0 34.7 21.7 20.8 17.7 17.0 23.9 13.0 7.2 6.2 3.0 0.7 1.2 2.7 6.1 7.8 8.4 9.9 11.9 15.7 18.6 25.2 16.7 17.9 19.7 21.6 32.6 24.2 24.0 14.7 14.4 14.1 23.7 12.8 30.1 40.3 43.9 38.6 35.1 35.8 41.1 41.2 59.3 63.8 64.5 52.1 57.1 66.3 74.9 87.4 93.1 88.7 90.2 90.2 77.1 64.7 57.8 59.0 61.9 49.7
-9999.0 -9999.0 -9999.0 -9999.0 -9999.0 -9999.0 -9999.0 -9999.0 -9999.0 -9999.0 -9999.0 -9999.0 -9999.0 -9999.0 -9999.0 65.2 71.5 61.9 68.8 73.8 45.2 49.3 43.8 31.6 20.0 12.9 3.4 1.8 0.3 0.3 0.2 0.6 1.6 3.3 4.6 9.1 14.2 10.6 11.9 10.8 14.8 15.4 13.8 13.0 12.1 13.8 13.6 8.5 11.3 4.9 12.3 33.0 23.2 26.8 15.7 28.5 28.6 23.1 37.2 46.0 34.3 51.3 73.1 55.5 50.0 58.6 69.5 81.1 89.9 105.6 113.5 110.6 100.5 77.0 60.2 66.6 66.6 65.7
-9999.0 -9999.0 -9999.0 -9999.0 -9999.0 -9999.0 -9999.0 -9999.0 -9999.0 -9999.0 -9999.0 -9999.0 -9999.0 -9999.0 -9999.0 -9999.0 -9999.0 277.8 185.3 -9999.0 140.0 71.7 80.5 62.1 29.4 18.6 4.9 1.6 0.5 0.1 0.0 0.2 0.6 1.4 2.0 3.3 13.8 6.8 8.0 6.4 6.5 11.2 7.3 6.3 23.3 12.0 58.0 14.3 7.5 11.6 5.5 15.3 5.0 25.7 28.8 29.5 25.7 32.1 34.4 41.0 15.9 48.3 74.1 59.4 48.9 55.7 67.2 73.6 75.6 90.2 95.7 114.0 99.8 72.0 64.0 70.2 71.5 64.3
-9999.0 -9999.0 -9999.0 -9999.0 -9999.0 -9999.0 -9999.0 -9999.0 -9999.0 -9999.0 -9999.0 -9999.0 -9999.0 -9999.0 -9999.0 -9999.0 -9999.0 -9999.0 -9999.0 -9999.0 -9999.0 141.1 96.9 53.6 47.6 48.5 23.9 7.9 0.8 0.2 0.0 0.8 0.8 1.1 1.2 2.5 4.8 7.4 5.9 4.5 2.6 7.4 7.1 5.0 22.1 6.7 91.4 12.0 17.6 58.3 15.8 33.5 33.6 17.7 26.5 32.2 32.6 30.5 38.4 35.3 14.3 31.7 66.3 59.7 57.3 65.2 76.3 72.1 61.2 63.8 80.1 95.8 87.3 68.1 62.7 68.4 72.0 59.8
-9999.0 -9999.0 -9999.0 -9999.0 -9999.0 -9999.0 -9999.0 -9999.0 -9999.0 -9999.0 -9999.0 -9999.0 -9999.0 -9999.0 -9999.0 -9999.0 -9999.0 -9999.0 -9999.0 -9999.0 -9999.0 -9999.0 -9999.0 238.4 101.7 75.0 44.8 17.1 2.3 0.6 0.1 0.2 1.9 2.8 7.4 10.0 18.9 14.1 18.1 15.3 8.1 9.8 2.7 3.4 24.4 132.7 32.9 21.9 25.6 20.0 11.9 27.7 15.3 23.6 22.3 15.4 29.7 31.3 14.3 30.9 19.8 32.6 42.8 40.6 45.6 71.1 86.9 75.8 65.5 55.6 73.7 78.1 80.8 76.3 72.4 73.0 78.4 72.6
-9999.0 -9999.0 -9999.0 -9999.0 -9999.0 -9999.0 -9999.0 -9999.0 -9999.0 -9999.0 -9999.0 -9999.0 -9999.0 -9999.0 -9999.0 -9999.0 -9999.0 -9999.0 -9999.0 -9999.0 -9999.0 -9999.0 -9999.0 -9999.0 -9999.0 342.1 131.1 23.7 11.4 8.6 2.6 4.5 8.6 12.1 15.1 28.7 51.5 30.8 37.4 19.5 22.3 6.5 39.0 27.8 108.9 147.2 87.2 136.0 17.0 21.5 25.8 22.9 28.9 26.7 14.4 13.7 20.7 17.9 22.9 23.3 28.1 40.8 56.9 36.2 41.7 62.1 71.3 67.4 76.2 73.4 60.4 69.5 83.3 77.5 75.4 75.3 76.6 78.2
-9999.0 -9999.0 -9999.0 -9999.0 -9999.0 -9999.0 -9999.0 -9999.0 -9999.0 -9999.0 -9999.0 -9999.0 -9999.0 -9999.0 -9999.0 -9999.0 -9999.0 -9999.0 -9999.0 -9999.0 -9999.0 -9999.0 -9999.0 -9999.0 -9999.0 -9999.0 -9999.0 388.1 328.2 81.7 54.2 48.2 30.8 61.3 48.6 114.5 52.8 52.1 55.0 34.4 27.6 18.4 68.9 136.8 142.3 156.0 161.7 150.9 135.1 53.1 78.7 66.2 22.2 18.7 13.5 12.8 10.2 10.2 13.6 15.4 39.0 40.5 52.7 52.7 61.1 44.8 50.6 62.0 61.5 57.8 56.8 64.5 75.1 67.9 67.3 67.5 79.0 80.8
-9999.0 -9999.0 -9999.0 -9999.0 -9999.0 -9999.0 -9999.0 -9999.0 -9999.0 -9999.0 -9999.0 -9999.0 -9999.0 -9999.0 -9999.0 -9999.0 -9999.0 -9999.0 -9999.0 -9999.0 -9999.0 -9999.0 -9999.0 -9999.0 -9999.0 -9999.0 -9999.0 -9999.0 -9999.0 -9999.0 -9999.0 -9999.0 -9999.0 195.8 106.1 -9999.0 -9999.0 -9999.0 138.0 70.5 82.0 101.5 73.0 163.9 176.7 167.2 -9999.0 -9999.0 -9999.0 -9999.0 -9999.0 -9999.0 37.0 19.9 17.5 14.8 12.1 13.2 11.2 22.7 35.4 35.3 59.7 59.9 50.8 48.8 59.1 73.2 68.9 56.1 53.4 55.9 53.1 50.0 53.3 55.3 69.6 62.6
-9999.0 -9999.0 -9999.0 -9999.0 -9999.0 -9999.0 -9999.0 -9999.0 -9999.0 -9999.0 -9999.0 -9999.0 -9999.0 -9999.0 -9999.0 -9999.0 -9999.0 -9999.0 -9999.0 -9999.0 -9999.0 -9999.0 -9999.0 -9999.0 -9999.0 -9999.0 -9999.0 -9999.0 -9999.0 -9999.0 -9999.0 -9999.0 -9999.0 -9999.0 -9999.0 -9999.0 -9999.0 -9999.0 -9999.0 256.9 231.2 213.6 198.8 184.7 -9999.0 -9999.0 -9999.0 -9999.0 -9999.0 -9999.0 -9999.0 -9999.0 39.9 22.9 17.1 19.1 19.9 17.0 18.1 29.2 42.9 32.2 30.2 38.5 38.1 47.3 62.4 68.7 64.3 62.9 55.2 47.5 41.5 42.7 43.6 45.9 49.5 43.0
-9999.0 -9999.0 -9999.0 -9999.0 -9999.0 -9999.0 -9999.0 -9999.0 -9999.0 -9999.0 -9999.0 -9999.0 -9999.0 -9999.0 -9999.0 -9999.0 -9999.0 -9999.0 -9999.0 -9999.0 -9999.0 -9999.0 -9999.0 -9999.0 -9999.0 -9999.0 -9999.0 -9999.0 -9999.0 -9999.0 -9999.0 -9999.0 -9999.0 -9999.0 -9999.0 -9999.0 -9999.0 -9999.0 -9999.0 -9999.0 -9999.0 -9999.0 -9999.0 -9999.0 -9999.0 -9999.0 -9999.0 -9999.0 -9999.0 -9999.0 -9999.0 -9999.0 57.8 29.0 22.7 17.8 20.6 16.4 14.8 18.7 29.0 24.9 8.2 24.7 30.0 42.3 51.3 56.2 56.5 54.3 48.9 43.7 48.1 46.1 47.9 34.3 35.8 27.5
-9999.0 -9999.0 -9999.0 -9999.0 -9999.0 -9999.0 -9999.0 -9999.0 -9999.0 -9999.0 -9999.0 -9999.0 -9999.0 -9999.0 -9999.0 -9999.0 -9999.0 -9999.0 -9999.0 -9999.0 -9999.0 -9999.0 -9999.0 -9999.0 -9999.0 -9999.0 -9999.0 -9999.0 -9999.0 -9999.0 -9999.0 -9999.0 -9999.0 -9999.0 -9999.0 -9999.0 -9999.0 -9999.0 -9999.0 -9999.0 -9999.0 -9999.0 -9999.0 -9999.0 -9999.0 -9999.0 -9999.0 -9999.0 -9999.0 -9999.0 -9999.0 82.6 62.5 39.9 24.7 24.8 20.8 14.1 10.3 14.8 6.5 8.7 22.3 30.2 38.9 45.9 47.6 40.4 44.6 40.9 39.7 39.6 40.1 41.2 38.0 26.0 28.4 18.8
-9999.0 -9999.0 -9999.0 -9999.0 -9999.0 -9999.0 -9999.0 -9999.0 -9999.0 -9999.0 -9999.0 -9999.0 -9999.0 -9999.0 -9999.0 -9999.0 -9999.0 -9999.0 -9999.0 -9999.0 -9999.0 -9999.0 -9999.0 -9999.0 -9999.0 -9999.0 -9999.0 -9999.0 -9999.0 -9999.0 -9999.0 -9999.0 -9999.0 -9999.0 -9999.0 -9999.0 -9999.0 -9999.0 -9999.0 -9999.0 -9999.0 -9999.0 -9999.0 -9999.0 -9999.0 -9999.0 -9999.0 -9999.0 -9999.0 -9999.0 75.5 93.4 75.0 54.1 37.4 30.7 22.0 15.8 10.9 6.1 8.4 5.4 23.1 35.0 51.9 53.5 44.2 39.2 39.9 31.7 33.0 30.1 34.9 40.4 36.3 28.6 18.3 23.3
-9999.0 -9999.0 -9999.0 -9999.0 -9999.0 -9999.0 -9999.0 -9999.0 -9999.0 -9999.0 -9999.0 -9999.0 -9999.0 -9999.0 -9999.0 -9999.0 -9999.0 -9999.0 -9999.0 -9999.0 -9999.0 -9999.0 -9999.0 -9999.0 -9999.0 -9999.0 -9999.0 -9999.0 -9999.0 -9999.0 -9999.0 -9999.0 -9999.0 -9999.0 -9999.0 -9999.0 -9999.0 -9999.0 -9999.0 -9999.0 -9999.0 -9999.0 -9999.0 -9999.0 -9999.0 -9999.0 -9999.0 -9999.0 -9999.0 -9999.0 62.1 96.6 72.1 62.9 48.0 36.2 18.9 22.5 14.7 11.3 10.7 13.2 23.9 37.5 48.2 51.0 42.4 34.3 34.2 30.9 30.9 29.6 32.0 34.5 29.8 22.0 18.6 15.6
-9999.0 -9999.0 -9999.0 -9999.0 -9999.0 -9999.0 -9999.0 -9999.0 -9999.0 -9999.0 -9999.0 -9999.0 -9999.0 -9999.0 -9999.0 -9999.0 -9999.0 -9999.0 -9999.0 -9999.0 -9999.0 -9999.0 -9999.0 -9999.0 -9999.0 -9999.0 -9999.0 -9999.0 -9999.0 -9999.0 -9999.0 -9999.0 -9999.0 -9999.0 -9999.0 -9999.0 -9999.0 -9999.0 -9999.0 -9999.0 -9999.0 -9999.0 -9999.0 -9999.0 -9999.0 -9999.0 -9999.0 -9999.0 -9999.0 -9999.0 42.7 61.0 52.7 67.4 40.9 36.9 40.6 36.3 26.4 18.4 13.7 13.9 14.3 20.4 29.7 27.4 26.2 25.1 28.2 40.6 34.9 39.4 27.5 31.6 26.4 18.6 12.8 12.1
-9999.0 -9999.0 -9999.0 -9999.0 -9999.0 -9999.0 -9999.0 -9999.0 -9999.0 -9999.0 -9999.0 -9999.0 -9999.0 -9999.0 -9999.0 -9999.0 -9999.0 -9999.0 -9999.0 -9999.0 -9999.0 -9999.0 -9999.0 -9999.0 -9999.0 -9999.0 -9999.0 -9999.0 -9999.0 -9999.0 -9999.0 -9999.0 -9999.0 -9999.0 -9999.0 -9999.0 -9999.0 -9999.0 -9999.0 -9999.0 -9999.0 -9999.0 -9999.0 -9999.0 -9999.0 -9999.0 -9999.0 -9999.0 -9999.0 -9999.0 55.6 73.9 61.7 59.2 50.6 54.6 53.4 53.3 46.8 31.3 22.0 10.0 1.3 6.8 12.5 11.2 10.8 16.3 31.9 27.4 39.5 34.0 31.0 32.2 25.9 15.6 10.2 10.9
-9999.0 -9999.0 -9999.0 -9999.0 -9999.0 -9999.0 -9999.0 -9999.0 -9999.0 -9999.0 -9999.0 -9999.0 -9999.0 -9999.0 -9999.0 -9999.0 -9999.0 -9999.0 -9999.0 -9999.0 -9999.0 -9999.0 -9999.0 -9999.0 -9999.0 -9999.0 -9999.0 -9999.0 -9999.0 -9999.0 -9999.0 -9999.0 -9999.0 -9999.0 -9999.0 -9999.0 -9999.0 -9999.0 -9999.0 -9999.0 -9999.0 -9999.0 -9999.0 -9999.0 -9999.0 -9999.0 -9999.0 -9999.0 -9999.0 -9999.0 -9999.0 -9999.0 -9999.0 60.7 59.1 59.7 61.9 62.1 66.5 63.3 67.2 13.0 14.5 8.7 7.8 6.2 8.5 12.4 31.1 45.4 46.8 44.8 43.8 41.0 30.1 16.1 9.9 11.1
-9999.0 -9999.0 -9999.0 -9999.0 -9999.0 -9999.0 -9999.0 -9999.0 -9999.0 -9999.0 -9999.0 -9999.0 -9999.0 -9999.0 -9999.0 -9999.0 -9999.0 -9999.0 -9999.0 -9999.0 -9999.0 -9999.0 -9999.0 -9999.0 -9999.0 -9999.0 -9999.0 -9999.0 -9999.0 -9999.0 -9999.0 -9999.0 -9999.0 -9999.0 -9999.0 -9999.0 -9999.0 -9999.0 -9999.0 -9999.0 -9999.0 -9999.0 -9999.0 -9999.0 -9999.0 -9999.0 -9999.0 -9999.0 -9999.0 -9999.0 -9999.0 -9999.0 -9999.0 70.5 68.8 80.4 60.7 54.8 83.0 142.7 121.9 51.3 67.0 26.6 16.5 9.4 5.2 16.5 19.9 35.7 50.8 68.1 77.1 66.9 45.5 28.3 14.7 13.6
-9999.0 -9999.0 -9999.0 -9999.0 -9999.0 -9999.0 -9999.0 -9999.0 -9999.0 -9999.0 -9999.0 -9999.0 -9999.0 -9999.0 -9999.0 -9999.0 -9999.0 -9999.0 -9999.0 -9999.0 -9999.0 -9999.0 -9999.0 -9999.0 -9999.0 -9999.0 -9999.0 -9999.0 -9999.0 -9999.0 -9999.0 -9999.0 -9999.0 -9999.0 -9999.0 -9999.0 -9999.0 -9999.0 -9999.0 -9999.0 -9999.0 -9999.0 -9999.0 -9999.0 -9999.0 -9999.0 -9999.0 -9999.0 -9999.0 -9999.0 -9999.0 -9999.0 -9999.0 77.3 59.4 79.1 64.2 54.5 90.2 141.2 198.7 152.1 141.1 87.4 19.4 -9999.0 -9999.0 -9999.0 20.9 30.0 67.3 113.9 129.1 107.9 80.9 59.3 30.5 16.5
-9999.0 -9999.0 -9999.0 -9999.0 -9999.0 -9999.0 -9999.0 -9999.0 -9999.0 -9999.0 -9999.0 -9999.0 -9999.0 -9999.0 -9999.0 -9999.0 -9999.0 -9999.0 -9999.0 -9999.0 -9999.0 -9999.0 -9999.0 -9999.0 -9999.0 -9999.0 -9999.0 -9999.0 -9999.0 -9999.0 -9999.0 -9999.0 -9999.0 -9999.0 -9999.0 -9999.0 -9999.0 -9999.0 -9999.0 -9999.0 -9999.0 -9999.0 -9999.0 -9999.0 -9999.0 -9999.0 -9999.0 -9999.0 -9999.0 -9999.0 -9999.0 -9999.0 -9999.0 -9999.0 74.3 67.4 38.6 29.4 80.6 158.6 81.0 -9999.0 -9999.0 -9999.0 -9999.0 -9999.0 -9999.0 -9999.0 14.5 42.4 106.6 165.2 185.8 162.5 133.6 106.4 68.6 26.6
-9999.0 -9999.0 -9999.0 -9999.0 -9999.0 -9999.0 -9999.0 -9999.0 -9999.0 -9999.0 -9999.0 -9999.0 -9999.0 -9999.0 -9999.0 -9999.0 -9999.0 -9999.0 -9999.0 -9999.0 -9999.0 -9999.0 -9999.0 -9999.0 -9999.0 -9999.0 -9999.0 -9999.0 -9999.0 -9999.0 -9999.0 -9999.0 -9999.0 -9999.0 -9999.0 -9999.0 -9999.0 -9999.0 -9999.0 -9999.0 -9999.0 -9999.0 -9999.0 -9999.0 -9999.0 -9999.0 -9999.0 -9999.0 -9999.0 -9999.0 -9999.0 -9999.0 -9999.0 -9999.0 -9999.0 42.9 72.2 35.1 27.5 69.6 70.7 -9999.0 -9999.0 -9999.0 -9999.0 -9999.0 -9999.0 -9999.0 -9999.0 -9999.0 112.3 -9999.0 -9999.0 -9999.0 -9999.0 -9999.0 136.3 -9999.0
-9999.0 -9999.0 -9999.0 -9999.0 -9999.0 -9999.0 -9999.0 -9999.0 -9999.0 -9999.0 -9999.0 -9999.0 -9999.0 -9999.0 -9999.0 -9999.0 -9999.0 -9999.0 -9999.0 -9999.0 -9999.0 -9999.0 -9999.0 -9999.0 -9999.0 -9999.0 -9999.0 -9999.0 -9999.0 -9999.0 -9999.0 -9999.0 -9999.0 -9999.0 -9999.0 -9999.0 -9999.0 -9999.0 -9999.0 -9999.0 -9999.0 -9999.0 -9999.0 -9999.0 -9999.0 -9999.0 -9999.0 -9999.0 -9999.0 -9999.0 -9999.0 -9999.0 -9999.0 -9999.0 -9999.0 -9999.0 -9999.0 -9999.0 24.6 15.9 -9999.0 -9999.0 -9999.0 -9999.0 -9999.0 -9999.0 -9999.0 -9999.0 -9999.0 -9999.0 -9999.0 -9999.0 -9999.0 -9999.0 -9999.0 272.1 239.1 -9999.0
-9999.0 -9999.0 -9999.0 -9999.0 -9999.0 -9999.0 -9999.0 -9999.0 -9999.0 -9999.0 -9999.0 -9999.0 -9999.0 -9999.0 -9999.0 -9999.0 -9999.0 -9999.0 -9999.0 -9999.0 -9999.0 -9999.0 -9999.0 -9999.0 -9999.0 -9999.0 -9999.0 -9999.0 -9999.0 -9999.0 -9999.0 -9999.0 -9999.0 -9999.0 -9999.0 -9999.0 -9999.0 -9999.0 -9999.0 -9999.0 -9999.0 -9999.0 -9999.0 -9999.0 -9999.0 -9999.0 -9999.0 -9999.0 -9999.0 -9999.0 -9999.0 -9999.0 -9999.0 -9999.0 -9999.0 -9999.0 -9999.0 -9999.0 -9999.0 -9999.0 -9999.0 -9999.0 -9999.0 -9999.0 -9999.0 -9999.0 -9999.0 -9999.0 -9999.0 -9999.0 -9999.0 -9999.0 -9999.0 -9999.0 -9999.0 -9999.0 -9999.0 -9999.0
