program/excelProcessViaJava/data/SURF_CLI_CHN_PRE_MON_GRID_0.5-200109.txt
NCOLS      128
NROWS       72
XLLCORNER    72.000000000000    
YLLCORNER    18.000000000000    
CELLSIZE    0.50000000000000    
NODATA_VALUE   -9999.000    
[rows 34 to 67 of 72, columns 0 to 77 of 128]
-9999.0 -9999.0 -9999.0 -9999.0 0.0 0.0 0.0 0.2 0.0 0.2 4.0 3.1 7.7 10.1 4.9 6.2 8.3 5.6 4.4 4.1 4.5 3.8 4.2 7.1 5.6 3.7 5.7 5.9 6.8 7.5 8.2 8.8 9.4 9.7 10.2 9.3 11.4 13.7 9.1 4.8 8.9 2.2 1.9 1.4 1.7 2.5 3.9 6.7 11.2 18.5 25.2 31.5 51.7 47.4 47.2 55.0 66.5 89.3 112.8 102.3 100.0 73.4 64.7 60.3 52.6 49.6 73.8 85.9 104.7 134.9 148.3 167.1 177.0 178.0 161.3 144.6 125.0 134.5
-9999.0 -9999.0 -9999.0 -9999.0 -9999.0 -9999.0 -9999.0 0.0 0.0 0.3 0.1 0.3 3.2 4.2 6.0 6.7 11.9 11.4 11.2 11.5 8.4 4.7 3.5 3.3 3.2 3.3 3.1 3.4 4.1 4.6 5.9 7.3 8.7 10.2 12.2 12.6 16.0 16.0 20.6 22.4 11.4 26.6 24.6 16.1 9.1 4.8 9.3 10.4 17.1 15.3 17.2 21.9 33.3 72.5 74.2 59.5 65.7 79.5 109.2 97.3 89.1 59.7 58.8 58.8 60.6 57.4 77.6 105.7 127.6 155.3 171.2 183.7 199.2 202.2 180.7 160.2 125.1 128.9
-9999.0 -9999.0 -9999.0 -9999.0 -9999.0 -9999.0 -9999.0 0.0 0.0 0.0 0.0 0.4 0.5 0.4 2.1 0.5 4.3 5.2 2.0 4.6 4.0 1.9 2.0 1.6 1.6 1.6 1.8 1.6 2.8 3.9 4.5 6.0 8.0 10.3 12.6 15.3 17.3 21.5 23.5 24.0 26.0 27.0 29.9 42.4 26.3 17.2 24.4 28.8 46.5 40.7 62.7 59.3 42.6 60.7 85.0 80.3 88.2 101.6 110.2 104.4 82.9 69.2 66.8 69.8 67.0 70.1 87.1 117.2 158.6 174.6 188.2 195.3 204.1 209.7 175.8 169.4 140.9 121.0
-9999.0 -9999.0 -9999.0 -9999.0 -9999.0 -9999.0 -9999.0 -9999.0 -9999.0 0.0 0.0 0.2 0.1 0.3 1.0 2.2 1.4 0.2 1.1 0.3 0.8 1.2 1.0 0.8 0.8 0.9 0.8 1.1 2.0 2.0 4.2 5.4 7.5 10.2 13.4 16.9 20.4 25.1 27.2 31.1 31.1 35.0 35.2 34.7 42.3 45.2 49.4 51.9 55.6 56.3 62.2 58.2 58.6 66.8 90.6 96.8 100.5 108.0 114.8 109.4 102.1 99.8 98.2 82.1 86.1 87.0 101.9 136.3 183.2 201.7 206.7 192.1 182.5 183.6 176.5 127.9 112.5 104.5
-9999.0 -9999.0 -9999.0 -9999.0 -9999.0 -9999.0 -9999.0 -9999.0 -9999.0 -9999.0 -9999.0 0.0 0.4 0.0 0.3 0.4 0.6 0.9 1.0 0.6 0.3 0.5 0.3 0.4 0.2 0.3 0.3 0.5 0.8 1.7 2.9 4.0 7.1 10.3 14.5 20.3 25.0 30.5 40.4 38.7 44.1 42.9 42.5 43.9 59.1 55.1 72.3 69.0 73.6 70.0 60.6 61.1 66.0 79.4 94.9 104.7 111.6 114.9 115.9 118.9 122.6 123.5 121.0 114.5 117.1 94.7 108.1 151.4 194.2 213.7 206.5 182.1 147.3 123.4 101.1 94.6 85.4 83.2
-9999.0 -9999.0 -9999.0 -9999.0 -9999.0 -9999.0 -9999.0 -9999.0 -9999.0 -9999.0 -9999.0 -9999.0 0.1 0.3 0.1 0.4 0.0 0.3 0.3 0.0 0.5 0.3 0.2 0.3 0.0 0.2 0.4 0.3 0.5 0.6 2.0 3.9 6.5 9.7 15.1 21.9 30.6 37.0 41.2 43.3 45.5 48.4 51.8 59.6 63.8 71.3 80.6 77.3 80.0 77.6 79.8 74.9 71.7 77.6 91.6 101.8 105.7 105.7 113.7 120.9 139.1 143.3 146.1 143.8 119.8 143.8 129.4 170.4 201.7 211.4 178.4 136.3 101.8 80.5 74.6 77.6 67.2 57.6
-9999.0 -9999.0 -9999.0 -9999.0 -9999.0 -9999.0 -9999.0 -9999.0 -9999.0 -9999.0 -9999.0 -9999.0 0.0 0.3 0.7 0.1 0.9 0.5 0.1 0.1 0.1 0.1 0.1 0.1 0.3 0.2 0.2 0.5 0.5 1.4 1.7 2.6 5.7 9.7 15.2 23.2 33.1 43.4 50.4 53.5 53.5 56.4 67.0 66.5 76.2 84.8 82.9 84.7 79.7 83.4 76.7 73.8 69.4 77.9 85.9 94.8 96.6 96.1 106.7 129.5 154.5 164.0 160.2 158.3 116.6 138.9 136.3 179.8 198.0 199.8 191.8 171.4 136.1 82.3 63.5 50.6 41.2 37.0
-9999.0 -9999.0 -9999.0 -9999.0 -9999.0 -9999.0 -9999.0 -9999.0 -9999.0 -9999.0 -9999.0 -9999.0 -9999.0 0.0 0.0 0.6 0.2 0.5 0.5 0.4 0.2 0.3 0.0 0.2 0.2 0.0 0.1 0.1 0.3 0.6 2.0 3.8 4.8 8.5 15.3 23.4 34.3 46.6 58.0 62.4 64.0 69.5 74.8 85.0 85.5 84.6 89.9 94.9 95.8 90.8 82.5 71.1 67.8 81.4 83.2 87.0 88.7 90.3 97.6 117.2 145.7 168.3 165.4 143.8 99.8 128.4 176.2 239.1 257.5 219.7 135.5 106.6 93.3 70.1 56.3 39.4 29.3 20.3
-9999.0 -9999.0 -9999.0 -9999.0 -9999.0 -9999.0 -9999.0 -9999.0 -9999.0 -9999.0 -9999.0 -9999.0 0.0 0.0 0.0 0.2 0.0 0.1 0.1 0.5 0.4 0.3 0.1 0.2 0.3 0.0 0.1 0.3 0.5 0.7 1.9 4.7 4.5 9.0 13.8 22.2 34.0 47.6 57.2 61.4 70.4 80.2 90.7 91.2 97.5 98.0 94.1 92.3 95.3 92.7 88.6 84.4 72.4 76.7 78.2 82.3 87.2 98.9 104.9 135.3 154.6 161.0 164.1 160.7 141.4 149.5 278.5 299.6 302.9 258.8 206.7 136.3 80.6 48.6 39.2 29.6 20.1 14.8
-9999.0 -9999.0 -9999.0 -9999.0 -9999.0 -9999.0 -9999.0 -9999.0 -9999.0 -9999.0 -9999.0 -9999.0 0.0 0.1 0.1 0.0 0.0 0.3 0.3 0.1 0.5 0.1 0.1 0.1 0.3 0.5 0.5 0.7 1.0 2.6 4.3 5.5 5.5 10.8 14.4 20.4 31.7 46.2 56.1 55.7 60.4 70.8 87.4 101.7 107.8 107.0 106.8 102.2 99.2 92.8 87.6 85.9 78.3 77.4 79.8 83.6 89.6 98.8 117.1 130.7 146.8 157.6 154.1 127.8 126.4 283.7 262.0 325.2 267.7 217.5 161.6 106.5 68.6 57.7 44.0 26.4 14.5 13.4
-9999.0 -9999.0 -9999.0 -9999.0 -9999.0 -9999.0 -9999.0 -9999.0 -9999.0 -9999.0 -9999.0 -9999.0 0.0 0.0 0.1 0.1 0.2 0.0 0.1 0.1 0.0 0.0 0.1 0.0 0.2 0.0 0.2 0.1 1.8 3.3 5.6 4.3 10.7 14.3 16.1 19.9 30.1 44.7 53.5 56.8 58.9 73.5 97.3 112.6 117.1 115.5 110.6 99.2 90.7 89.7 89.6 86.9 101.7 103.5 94.5 92.3 98.3 109.4 123.7 144.7 156.4 158.1 165.5 115.3 175.2 463.9 391.7 297.9 220.8 142.7 96.2 92.7 61.1 49.7 51.8 23.7 22.3 9.5
-9999.0 -9999.0 -9999.0 -9999.0 -9999.0 -9999.0 -9999.0 -9999.0 -9999.0 -9999.0 -9999.0 -9999.0 -9999.0 0.0 0.0 0.0 0.0 0.1 0.0 0.0 0.0 0.0 0.0 0.0 0.3 0.3 0.5 1.5 1.1 6.6 4.1 8.8 11.4 17.7 18.8 22.4 33.9 50.8 61.6 62.0 66.2 89.8 108.5 120.7 121.8 112.3 104.1 82.7 87.8 84.6 80.8 98.5 100.7 98.5 109.7 110.8 112.8 123.6 135.9 151.8 159.9 179.8 156.7 97.6 370.2 399.7 320.8 223.9 146.2 109.1 70.7 45.1 44.5 14.0 16.2 6.9 4.5 6.2
-9999.0 -9999.0 -9999.0 -9999.0 -9999.0 -9999.0 -9999.0 -9999.0 -9999.0 -9999.0 -9999.0 -9999.0 -9999.0 0.2 0.0 0.0 0.0 0.1 0.1 0.0 0.0 0.0 0.0 0.0 1.1 0.5 0.5 2.8 3.1 0.4 2.5 7.3 17.5 21.5 23.1 30.8 44.6 63.9 76.7 83.8 85.3 99.5 116.3 125.1 124.9 109.9 94.8 70.0 66.0 66.1 83.6 77.9 107.1 122.0 128.8 124.6 124.6 135.2 149.1 144.6 167.7 121.4 118.6 256.2 301.7 291.7 225.5 159.2 110.5 75.1 57.7 42.4 25.0 16.0 9.3 7.3 9.5 4.2
-9999.0 -9999.0 -9999.0 -9999.0 -9999.0 -9999.0 -9999.0 -9999.0 -9999.0 -9999.0 -9999.0 -9999.0 -9999.0 -9999.0 -9999.0 0.0 0.1 0.0 0.1 0.5 0.0 0.2 0.3 0.3 0.2 0.4 0.0 0.3 0.1 3.6 4.3 11.4 11.3 20.9 32.2 39.1 53.8 70.8 87.7 92.8 100.7 110.0 118.7 121.4 110.1 93.5 81.4 54.0 56.6 33.4 58.1 103.9 102.9 119.0 102.8 128.1 134.9 140.2 165.9 181.8 123.3 114.2 191.0 210.1 235.1 217.7 170.6 123.0 81.8 71.4 60.7 41.4 37.9 22.4 8.5 11.5 8.1 12.5
-9999.0 -9999.0 -9999.0 -9999.0 -9999.0 -9999.0 -9999.0 -9999.0 -9999.0 -9999.0 -9999.0 -9999.0 -9999.0 -9999.0 -9999.0 -9999.0 -9999.0 43.2 16.3 -9999.0 11.7 0.2 4.5 4.9 0.4 0.7 0.0 0.3 2.6 0.8 5.7 19.3 11.3 36.7 41.0 47.2 61.8 49.8 83.9 91.7 98.8 108.3 110.9 108.3 92.6 81.5 86.3 68.6 35.1 44.2 24.0 57.2 43.8 110.9 124.7 133.7 131.3 163.3 178.7 195.2 107.7 121.1 153.1 182.5 183.3 160.6 131.0 96.6 65.8 57.0 40.9 53.2 41.7 22.5 15.7 14.4 7.7 6.3
-9999.0 -9999.0 -9999.0 -9999.0 -9999.0 -9999.0 -9999.0 -9999.0 -9999.0 -9999.0 -9999.0 -9999.0 -9999.0 -9999.0 -9999.0 -9999.0 -9999.0 -9999.0 -9999.0 -9999.0 -9999.0 8.5 2.5 0.1 1.4 15.0 10.6 7.1 3.7 9.9 9.3 33.2 35.1 38.6 39.5 47.4 51.1 55.0 54.0 50.0 61.7 95.8 98.4 93.6 74.4 69.7 69.0 40.6 59.9 125.4 38.3 91.1 100.5 56.4 93.6 133.2 151.5 159.3 205.0 203.2 134.2 127.8 125.8 146.7 157.4 132.0 105.1 76.8 52.9 44.2 41.1 42.6 32.3 18.0 10.8 7.2 3.4 1.8
-9999.0 -9999.0 -9999.0 -9999.0 -9999.0 -9999.0 -9999.0 -9999.0 -9999.0 -9999.0 -9999.0 -9999.0 -9999.0 -9999.0 -9999.0 -9999.0 -9999.0 -9999.0 -9999.0 -9999.0 -9999.0 -9999.0 -9999.0 87.2 19.0 22.2 18.9 9.9 1.1 7.1 6.8 11.4 12.1 30.5 40.0 50.8 61.4 52.8 67.3 71.8 71.5 79.6 72.5 64.8 56.7 47.8 49.0 36.7 30.2 25.3 19.3 59.6 26.9 49.2 57.1 68.5 138.6 178.8 169.7 207.9 200.5 184.0 141.5 114.1 105.1 106.0 88.1 65.3 57.5 43.4 43.9 29.2 19.7 19.7 10.4 7.5 8.2 5.6
-9999.0 -9999.0 -9999.0 -9999.0 -9999.0 -9999.0 -9999.0 -9999.0 -9999.0 -9999.0 -9999.0 -9999.0 -9999.0 -9999.0 -9999.0 -9999.0 -9999.0 -9999.0 -9999.0 -9999.0 -9999.0 -9999.0 -9999.0 -9999.0 -9999.0 176.3 72.4 0.2 0.5 0.2 3.1 17.7 28.1 32.1 40.1 48.6 56.7 47.4 57.2 45.2 58.9 50.6 35.1 40.0 35.2 31.7 38.4 32.5 28.5 23.0 46.8 36.2 61.0 65.8 56.4 87.9 133.4 148.6 188.4 197.9 211.8 211.4 203.5 116.3 90.6 86.5 72.1 52.7 53.9 53.2 37.0 16.5 6.3 16.5 21.3 13.6 8.4 11.1
-9999.0 -9999.0 -9999.0 -9999.0 -9999.0 -9999.0 -9999.0 -9999.0 -9999.0 -9999.0 -9999.0 -9999.0 -9999.0 -9999.0 -9999.0 -9999.0 -9999.0 -9999.0 -9999.0 -9999.0 -9999.0 -9999.0 -9999.0 -9999.0 -9999.0 -9999.0 -9999.0 187.3 164.4 57.8 43.2 40.9 16.2 41.6 40.0 24.6 32.6 27.5 16.6 24.7 33.1 26.1 22.2 19.6 20.7 19.9 19.0 20.7 24.1 31.5 41.8 57.0 45.7 64.5 88.2 117.3 140.0 147.7 168.2 167.7 253.8 207.8 124.7 75.8 53.6 48.2 63.4 67.8 69.3 64.8 34.3 15.8 4.2 13.3 14.6 13.4 29.9 25.3
-9999.0 -9999.0 -9999.0 -9999.0 -9999.0 -9999.0 -9999.0 -9999.0 -9999.0 -9999.0 -9999.0 -9999.0 -9999.0 -9999.0 -9999.0 -9999.0 -9999.0 -9999.0 -9999.0 -9999.0 -9999.0 -9999.0 -9999.0 -9999.0 -9999.0 -9999.0 -9999.0 -9999.0 -9999.0 -9999.0 -9999.0 -9999.0 -9999.0 50.4 38.0 -9999.0 -9999.0 -9999.0 11.4 14.0 12.4 12.5 15.5 10.8 9.8 10.9 -9999.0 -9999.0 -9999.0 -9999.0 -9999.0 -9999.0 78.9 86.1 134.1 161.1 163.9 182.9 151.8 198.6 212.4 190.4 112.9 70.3 60.8 61.4 59.6 53.2 59.5 57.7 26.6 11.1 9.3 11.0 22.5 14.3 36.5 17.9
-9999.0 -9999.0 -9999.0 -9999.0 -9999.0 -9999.0 -9999.0 -9999.0 -9999.0 -9999.0 -9999.0 -9999.0 -9999.0 -9999.0 -9999.0 -9999.0 -9999.0 -9999.0 -9999.0 -9999.0 -9999.0 -9999.0 -9999.0 -9999.0 -9999.0 -9999.0 -9999.0 -9999.0 -9999.0 -9999.0 -9999.0 -9999.0 -9999.0 -9999.0 -9999.0 -9999.0 -9999.0 -9999.0 -9999.0 6.4 5.5 5.0 4.9 5.1 -9999.0 -9999.0 -9999.0 -9999.0 -9999.0 -9999.0 -9999.0 -9999.0 91.7 105.3 130.4 164.5 190.7 203.1 217.2 229.2 215.3 168.9 130.9 84.5 99.7 95.8 79.7 82.1 58.3 25.9 13.3 7.3 6.8 13.1 10.3 13.9 20.7 14.9
-9999.0 -9999.0 -9999.0 -9999.0 -9999.0 -9999.0 -9999.0 -9999.0 -9999.0 -9999.0 -9999.0 -9999.0 -9999.0 -9999.0 -9999.0 -9999.0 -9999.0 -9999.0 -9999.0 -9999.0 -9999.0 -9999.0 -9999.0 -9999.0 -9999.0 -9999.0 -9999.0 -9999.0 -9999.0 -9999.0 -9999.0 -9999.0 -9999.0 -9999.0 -9999.0 -9999.0 -9999.0 -9999.0 -9999.0 -9999.0 -9999.0 -9999.0 -9999.0 -9999.0 -9999.0 -9999.0 -9999.0 -9999.0 -9999.0 -9999.0 -9999.0 -9999.0 65.0 121.4 136.2 147.0 169.1 181.5 189.1 194.3 181.5 142.1 217.7 108.2 126.8 137.7 165.0 126.9 53.4 17.2 9.5 7.1 7.3 10.8 12.5 6.7 14.6 11.1
-9999.0 -9999.0 -9999.0 -9999.0 -9999.0 -9999.0 -9999.0 -9999.0 -9999.0 -9999.0 -9999.0 -9999.0 -9999.0 -9999.0 -9999.0 -9999.0 -9999.0 -9999.0 -9999.0 -9999.0 -9999.0 -9999.0 -9999.0 -9999.0 -9999.0 -9999.0 -9999.0 -9999.0 -9999.0 -9999.0 -9999.0 -9999.0 -9999.0 -9999.0 -9999.0 -9999.0 -9999.0 -9999.0 -9999.0 -9999.0 -9999.0 -9999.0 -9999.0 -9999.0 -9999.0 -9999.0 -9999.0 -9999.0 -9999.0 -9999.0 -9999.0 64.6 126.0 140.7 171.8 160.1 163.9 154.1 153.7 141.3 198.8 181.5 100.7 111.2 125.6 141.6 176.3 121.9 54.0 23.7 17.1 13.2 11.9 9.1 7.0 4.0 12.4 5.7
-9999.0 -9999.0 -9999.0 -9999.0 -9999.0 -9999.0 -9999.0 -9999.0 -9999.0 -9999.0 -9999.0 -9999.0 -9999.0 -9999.0 -9999.0 -9999.0 -9999.0 -9999.0 -9999.0 -9999.0 -9999.0 -9999.0 -9999.0 -9999.0 -9999.0 -9999.0 -9999.0 -9999.0 -9999.0 -9999.0 -9999.0 -9999.0 -9999.0 -9999.0 -9999.0 -9999.0 -9999.0 -9999.0 -9999.0 -9999.0 -9999.0 -9999.0 -9999.0 -9999.0 -9999.0 -9999.0 -9999.0 -9999.0 -9999.0 -9999.0 34.5 112.0 160.0 174.0 195.4 173.8 175.9 166.4 132.0 160.1 155.5 205.4 111.3 107.8 112.6 129.0 108.0 82.4 46.1 29.7 22.2 16.7 14.4 14.4 12.7 12.9 3.0 21.7
-9999.0 -9999.0 -9999.0 -9999.0 -9999.0 -9999.0 -9999.0 -9999.0 -9999.0 -9999.0 -9999.0 -9999.0 -9999.0 -9999.0 -9999.0 -9999.0 -9999.0 -9999.0 -9999.0 -9999.0 -9999.0 -9999.0 -9999.0 -9999.0 -9999.0 -9999.0 -9999.0 -9999.0 -9999.0 -9999.0 -9999.0 -9999.0 -9999.0 -9999.0 -9999.0 -9999.0 -9999.0 -9999.0 -9999.0 -9999.0 -9999.0 -9999.0 -9999.0 -9999.0 -9999.0 -9999.0 -9999.0 -9999.0 -9999.0 -9999.0 48.2 148.9 166.8 211.3 199.4 181.8 175.7 138.4 130.3 115.4 102.3 123.6 76.4 79.1 93.9 93.8 72.8 52.2 44.0 37.3 30.2 23.9 20.2 18.2 14.0 9.3 15.2 10.0
-9999.0 -9999.0 -9999.0 -9999.0 -9999.0 -9999.0 -9999.0 -9999.0 -9999.0 -9999.0 -9999.0 -9999.0 -9999.0 -9999.0 -9999.0 -9999.0 -9999.0 -9999.0 -9999.0 -9999.0 -9999.0 -9999.0 -9999.0 -9999.0 -9999.0 -9999.0 -9999.0 -9999.0 -9999.0 -9999.0 -9999.0 -9999.0 -9999.0 -9999.0 -9999.0 -9999.0 -9999.0 -9999.0 -9999.0 -9999.0 -9999.0 -9999.0 -9999.0 -9999.0 -9999.0 -9999.0 -9999.0 -9999.0 -9999.0 -9999.0 58.9 133.5 176.3 217.0 218.0 172.6 151.6 129.8 126.2 74.0 83.5 99.9 73.5 52.2 67.0 61.1 49.5 44.6 50.6 55.4 52.6 43.5 27.7 33.1 29.6 29.6 42.1 30.3
-9999.0 -9999.0 -9999.0 -9999.0 -9999.0 -9999.0 -9999.0 -9999.0 -9999.0 -9999.0 -9999.0 -9999.0 -9999.0 -9999.0 -9999.0 -9999.0 -9999.0 -9999.0 -9999.0 -9999.0 -9999.0 -9999.0 -9999.0 -9999.0 -9999.0 -9999.0 -9999.0 -9999.0 -9999.0 -9999.0 -9999.0 -9999.0 -9999.0 -9999.0 -9999.0 -9999.0 -9999.0 -9999.0 -9999.0 -9999.0 -9999.0 -9999.0 -9999.0 -9999.0 -9999.0 -9999.0 -9999.0 -9999.0 -9999.0 -9999.0 110.7 181.8 223.2 245.2 222.1 180.2 171.3 150.0 132.3 82.5 72.6 52.8 20.9 38.6 53.5 48.9 40.3 38.7 49.2 77.0 74.5 57.0 46.0 53.2 60.2 66.6 72.0 69.1
-9999.0 -9999.0 -9999.0 -9999.0 -9999.0 -9999.0 -9999.0 -9999.0 -9999.0 -9999.0 -9999.0 -9999.0 -9999.0 -9999.0 -9999.0 -9999.0 -9999.0 -9999.0 -9999.0 -9999.0 -9999.0 -9999.0 -9999.0 -9999.0 -9999.0 -9999.0 -9999.0 -9999.0 -9999.0 -9999.0 -9999.0 -9999.0 -9999.0 -9999.0 -9999.0 -9999.0 -9999.0 -9999.0 -9999.0 -9999.0 -9999.0 -9999.0 -9999.0 -9999.0 -9999.0 -9999.0 -9999.0 -9999.0 -9999.0 -9999.0 -9999.0 -9999.0 -9999.0 250.1 247.1 220.4 206.3 206.9 189.5 134.1 157.2 48.0 68.3 46.3 55.0 52.4 47.2 46.5 57.5 77.4 89.0 83.4 77.5 82.0 89.8 95.9 99.4 101.9
-9999.0 -9999.0 -9999.0 -9999.0 -9999.0 -9999.0 -9999.0 -9999.0 -9999.0 -9999.0 -9999.0 -9999.0 -9999.0 -9999.0 -9999.0 -9999.0 -9999.0 -9999.0 -9999.0 -9999.0 -9999.0 -9999.0 -9999.0 -9999.0 -9999.0 -9999.0 -9999.0 -9999.0 -9999.0 -9999.0 -9999.0 -9999.0 -9999.0 -9999.0 -9999.0 -9999.0 -9999.0 -9999.0 -9999.0 -9999.0 -9999.0 -9999.0 -9999.0 -9999.0 -9999.0 -9999.0 -9999.0 -9999.0 -9999.0 -9999.0 -9999.0 -9999.0 -9999.0 226.2 228.9 231.1 237.0 250.1 255.1 238.8 162.8 106.0 101.4 88.6 85.4 75.7 72.2 57.2 67.0 82.4 104.7 119.1 123.2 119.1 114.4 119.5 125.9 130.5
-9999.0 -9999.0 -9999.0 -9999.0 -9999.0 -9999.0 -9999.0 -9999.0 -9999.0 -9999.0 -9999.0 -9999.0 -9999.0 -9999.0 -9999.0 -9999.0 -9999.0 -9999.0 -9999.0 -9999.0 -9999.0 -9999.0 -9999.0 -9999.0 -9999.0 -9999.0 -9999.0 -9999.0 -9999.0 -9999.0 -9999.0 -9999.0 -9999.0 -9999.0 -9999.0 -9999.0 -9999.0 -9999.0 -9999.0 -9999.0 -9999.0 -9999.0 -9999.0 -9999.0 -9999.0 -9999.0 -9999.0 -9999.0 -9999.0 -9999.0 -9999.0 -9999.0 -9999.0 185.4 171.6 206.4 217.0 231.5 261.5 254.5 239.5 185.7 168.2 147.6 144.4 -9999.0 -9999.0 -9999.0 76.0 92.2 125.1 156.2 167.7 156.4 142.9 146.5 173.8 202.3
-9999.0 -9999.0 -9999.0 -9999.0 -9999.0 -9999.0 -9999.0 -9999.0 -9999.0 -9999.0 -9999.0 -9999.0 -9999.0 -9999.0 -9999.0 -9999.0 -9999.0 -9999.0 -9999.0 -9999.0 -9999.0 -9999.0 -9999.0 -9999.0 -9999.0 -9999.0 -9999.0 -9999.0 -9999.0 -9999.0 -9999.0 -9999.0 -9999.0 -9999.0 -9999.0 -9999.0 -9999.0 -9999.0 -9999.0 -9999.0 -9999.0 -9999.0 -9999.0 -9999.0 -9999.0 -9999.0 -9999.0 -9999.0 -9999.0 -9999.0 -9999.0 -9999.0 -9999.0 -9999.0 148.0 155.5 146.1 159.1 228.4 273.6 209.6 -9999.0 -9999.0 -9999.0 -9999.0 -9999.0 -9999.0 -9999.0 113.3 123.8 154.8 209.5 221.3 194.3 172.0 181.6 243.9 371.2
-9999.0 -9999.0 -9999.0 -9999.0 -9999.0 -9999.0 -9999.0 -9999.0 -9999.0 -9999.0 -9999.0 -9999.0 -9999.0 -9999.0 -9999.0 -9999.0 -9999.0 -9999.0 -9999.0 -9999.0 -9999.0 -9999.0 -9999.0 -9999.0 -9999.0 -9999.0 -9999.0 -9999.0 -9999.0 -9999.0 -9999.0 -9999.0 -9999.0 -9999.0 -9999.0 -9999.0 -9999.0 -9999.0 -9999.0 -9999.0 -9999.0 -9999.0 -9999.0 -9999.0 -9999.0 -9999.0 -9999.0 -9999.0 -9999.0 -9999.0 -9999.0 -9999.0 -9999.0 -9999.0 -9999.0 106.5 158.3 143.5 156.2 208.8 218.4 -9999.0 -9999.0 -9999.0 -9999.0 -9999.0 -9999.0 -9999.0 -9999.0 -9999.0 232.2 -9999.0 -9999.0 -9999.0 -9999.0 -9999.0 287.2 -9999.0
-9999.0 -9999.0 -9999.0 -9999.0 -9999.0 -9999.0 -9999.0 -9999.0 -9999.0 -9999.0 -9999.0 -9999.0 -9999.0 -9999.0 -9999.0 -9999.0 -9999.0 -9999.0 -9999.0 -9999.0 -9999.0 -9999.0 -9999.0 -9999.0 -9999.0 -9999.0 -9999.0 -9999.0 -9999.0 -9999.0 -9999.0 -9999.0 -9999.0 -9999.0 -9999.0 -9999.0 -9999.0 -9999.0 -9999.0 -9999.0 -9999.0 -9999.0 -9999.0 -9999.0 -9999.0 -9999.0 -9999.0 -9999.0 -9999.0 -9999.0 -9999.0 -9999.0 -9999.0 -9999.0 -9999.0 -9999.0 -9999.0 -9999.0 144.2 159.9 -9999.0 -9999.0 -9999.0 -9999.0 -9999.0 -9999.0 -9999.0 -9999.0 -9999.0 -9999.0 -9999.0 -9999.0 -9999.0 -9999.0 -9999.0 211.2 284.3 -9999.0
-9999.0 -9999.0 -9999.0 -9999.0 -9999.0 -9999.0 -9999.0 -9999.0 -9999.0 -9999.0 -9999.0 -9999.0 -9999.0 -9999.0 -9999.0 -9999.0 -9999.0 -9999.0 -9999.0 -9999.0 -9999.0 -9999.0 -9999.0 -9999.0 -9999.0 -9999.0 -9999.0 -9999.0 -9999.0 -9999.0 -9999.0 -9999.0 -9999.0 -9999.0 -9999.0 -9999.0 -9999.0 -9999.0 -9999.0 -9999.0 -9999.0 -9999.0 -9999.0 -9999.0 -9999.0 -9999.0 -9999.0 -9999.0 -9999.0 -9999.0 -9999.0 -9999.0 -9999.0 -9999.0 -9999.0 -9999.0 -9999.0 -9999.0 -9999.0 -9999.0 -9999.0 -9999.0 -9999.0 -9999.0 -9999.0 -9999.0 -9999.0 -9999.0 -9999.0 -9999.0 -9999.0 -9999.0 -9999.0 -9999.0 -9999.0 -9999.0 -9999.0 -9999.0
