program/excelProcessViaJava/data/SURF_CLI_CHN_PRE_MON_GRID_0.5-198305.txt
NCOLS      128
NROWS       72
XLLCORNER    72.000000000000    
YLLCORNER    18.000000000000    
CELLSIZE    0.50000000000000    
NODATA_VALUE   -9999.000    
[rows 34 to 67 of 72, columns 0 to 75 of 128]
-9999.0 -9999.0 -9999.0 -9999.0 25.0 15.2 27.3 9.5 27.8 20.4 3.1 9.2 3.5 2.5 0.7 0.7 0.6 0.6 0.7 0.6 0.5 0.5 0.4 0.2 0.6 2.4 1.0 1.7 2.3 3.4 4.6 8.1 7.7 9.5 12.5 11.9 19.3 27.7 19.3 13.1 24.8 9.9 9.0 6.1 4.9 4.1 4.2 5.7 9.9 19.7 32.4 39.5 33.5 28.3 29.4 34.7 44.4 54.0 62.3 67.0 61.8 45.8 35.0 31.7 30.7 35.4 47.8 64.0 82.7 95.2 102.4 105.7 113.8 128.7 143.4 141.5
-9999.0 -9999.0 -9999.0 -9999.0 -9999.0 -9999.0 -9999.0 11.1 15.1 7.7 18.3 14.0 3.6 3.5 2.4 0.5 0.5 0.4 0.4 0.3 0.3 0.6 0.7 0.7 0.7 0.9 1.7 2.6 3.8 6.6 8.0 9.5 10.8 14.1 18.9 17.2 26.1 25.5 37.6 43.5 24.6 56.7 52.3 33.4 16.7 7.0 9.3 9.0 15.8 20.9 34.5 45.4 41.1 36.7 34.6 42.6 52.3 61.4 64.8 69.5 62.3 39.5 26.5 25.6 31.9 34.9 47.6 63.5 84.8 106.3 120.4 127.0 135.9 151.4 169.7 166.0
-9999.0 -9999.0 -9999.0 -9999.0 -9999.0 -9999.0 -9999.0 32.5 6.1 12.0 12.8 5.8 5.9 8.6 2.8 7.7 1.2 0.8 1.8 0.6 0.5 0.8 0.7 0.8 0.9 1.3 1.8 3.9 3.8 4.9 8.7 10.9 12.9 18.7 17.3 20.3 21.1 28.2 31.2 33.2 39.8 44.6 50.4 66.2 35.8 19.0 22.2 23.9 38.0 36.2 47.0 43.1 43.1 39.5 40.3 48.6 57.0 64.2 69.5 70.0 62.7 48.2 30.8 31.3 34.5 41.4 51.6 67.9 93.3 118.0 133.5 140.2 143.7 151.5 163.0 155.6
-9999.0 -9999.0 -9999.0 -9999.0 -9999.0 -9999.0 -9999.0 -9999.0 -9999.0 10.2 7.0 4.0 7.2 4.7 2.1 1.0 1.5 5.9 1.4 3.1 1.1 0.7 0.8 0.9 1.2 1.5 2.5 3.6 4.2 8.1 7.0 10.3 12.9 17.3 16.1 18.2 19.8 24.3 25.0 30.6 32.7 41.6 44.1 41.5 45.5 41.9 39.9 38.4 40.7 42.7 45.6 43.5 42.5 43.3 43.7 53.0 63.2 70.1 74.6 74.5 66.6 59.8 57.0 44.7 53.6 55.4 57.9 73.8 107.2 122.4 135.6 135.9 136.4 137.5 136.0 123.3
-9999.0 -9999.0 -9999.0 -9999.0 -9999.0 -9999.0 -9999.0 -9999.0 -9999.0 -9999.0 -9999.0 9.7 1.5 6.1 2.4 2.4 1.4 1.0 0.8 1.0 1.7 1.0 1.3 1.3 3.0 2.7 4.2 5.4 6.4 7.4 9.4 14.7 14.2 17.0 17.8 25.9 21.6 23.1 36.2 26.8 33.7 34.5 37.1 38.8 51.3 41.8 52.4 45.0 47.8 46.9 45.1 44.5 43.1 42.5 45.1 52.0 63.8 71.5 78.2 78.5 73.6 68.3 70.8 78.2 85.6 61.6 55.6 78.3 107.8 125.3 129.5 130.6 124.6 118.5 105.3 88.2
-9999.0 -9999.0 -9999.0 -9999.0 -9999.0 -9999.0 -9999.0 -9999.0 -9999.0 -9999.0 -9999.0 -9999.0 1.9 1.3 3.6 1.3 4.9 1.5 1.4 3.8 0.9 1.3 1.7 1.7 7.4 3.2 3.5 6.4 7.4 12.5 11.7 13.6 16.3 21.9 24.4 23.9 32.6 24.8 21.9 20.4 21.8 26.3 32.3 40.8 43.6 47.0 50.5 44.6 46.8 47.8 48.8 45.3 42.3 42.4 44.4 50.1 58.7 66.8 77.1 78.0 77.2 76.2 80.1 93.9 101.6 112.5 78.9 97.8 118.4 133.8 124.7 119.3 112.0 100.9 87.5 106.6
-9999.0 -9999.0 -9999.0 -9999.0 -9999.0 -9999.0 -9999.0 -9999.0 -9999.0 -9999.0 -9999.0 -9999.0 10.2 1.1 0.7 2.1 0.7 0.9 2.6 2.1 2.0 3.0 2.9 2.4 2.3 3.5 4.5 4.8 7.3 8.3 12.7 18.8 19.4 21.6 25.5 25.0 31.1 30.5 26.0 23.1 21.4 24.6 34.9 36.4 44.4 50.2 46.1 45.1 43.2 46.8 45.7 43.1 39.8 38.3 41.2 44.7 52.7 60.5 68.6 72.7 75.4 78.2 83.3 94.8 103.9 114.8 86.4 108.6 126.9 144.6 162.0 172.4 163.3 120.2 96.9 71.8
-9999.0 -9999.0 -9999.0 -9999.0 -9999.0 -9999.0 -9999.0 -9999.0 -9999.0 -9999.0 -9999.0 -9999.0 -9999.0 3.1 6.3 0.8 2.0 1.1 1.2 1.5 2.4 2.1 3.9 2.8 3.6 7.0 8.0 11.6 10.6 11.9 12.4 14.9 22.7 26.3 23.8 26.3 27.8 29.5 40.6 29.6 27.2 30.7 34.2 42.6 43.3 43.6 46.0 47.0 46.3 44.6 42.4 38.2 34.7 36.0 34.1 36.1 41.4 49.4 59.4 63.6 68.5 72.9 81.0 92.0 77.9 99.6 124.6 154.4 176.5 192.7 198.2 165.7 142.2 117.0 106.0 74.7
-9999.0 -9999.0 -9999.0 -9999.0 -9999.0 -9999.0 -9999.0 -9999.0 -9999.0 -9999.0 -9999.0 -9999.0 6.1 11.3 7.1 2.3 7.0 3.7 3.8 2.2 2.7 3.3 4.4 4.5 4.7 8.2 8.0 7.9 9.2 11.9 13.6 14.4 24.1 23.8 27.9 27.8 33.5 28.5 27.6 27.4 34.0 39.8 45.1 39.9 44.0 45.0 42.2 38.5 38.6 38.2 38.7 37.5 29.9 28.9 26.2 26.9 33.0 37.1 46.8 52.5 61.6 72.1 76.1 90.2 90.9 102.2 185.0 219.1 226.5 224.5 219.2 186.0 131.0 92.2 70.7 57.8
-9999.0 -9999.0 -9999.0 -9999.0 -9999.0 -9999.0 -9999.0 -9999.0 -9999.0 -9999.0 -9999.0 -9999.0 14.7 3.5 4.3 17.9 12.4 4.0 4.3 7.1 5.0 7.4 7.6 7.7 6.9 6.7 7.2 7.7 8.7 9.3 11.0 14.7 22.6 21.1 24.3 28.1 27.8 29.4 28.6 26.4 27.9 31.1 36.2 40.9 43.3 43.4 44.4 40.4 37.1 30.3 29.6 31.1 25.0 22.1 20.8 20.4 23.9 32.6 39.6 55.5 68.6 81.3 65.2 61.7 70.6 138.0 161.4 275.9 313.5 306.3 251.1 181.7 129.4 111.7 104.6 73.3
-9999.0 -9999.0 -9999.0 -9999.0 -9999.0 -9999.0 -9999.0 -9999.0 -9999.0 -9999.0 -9999.0 -9999.0 5.5 14.2 5.7 7.2 7.1 17.2 11.0 11.9 19.0 19.7 13.0 15.1 12.4 15.3 12.3 15.8 9.3 9.7 10.9 18.4 16.9 19.0 22.7 26.5 27.7 28.2 27.1 27.9 28.6 34.5 38.3 45.5 43.4 45.1 44.8 37.1 29.8 28.3 27.6 23.6 36.0 35.9 25.3 19.9 23.4 33.1 45.7 49.9 60.1 67.9 99.6 55.6 71.2 226.8 251.5 279.1 302.4 286.1 226.3 171.0 131.3 122.7 179.2 106.5
-9999.0 -9999.0 -9999.0 -9999.0 -9999.0 -9999.0 -9999.0 -9999.0 -9999.0 -9999.0 -9999.0 -9999.0 -9999.0 40.9 30.2 13.6 16.0 14.9 22.4 25.7 40.4 24.2 27.6 28.3 18.4 17.6 14.7 11.7 12.6 8.7 13.7 14.4 18.8 19.2 23.5 31.1 30.2 26.3 26.5 27.0 30.0 34.9 40.4 42.8 45.0 42.4 42.1 33.5 36.5 31.9 23.7 31.0 26.4 21.0 29.8 31.8 25.4 33.0 50.7 79.2 81.9 130.5 90.4 47.5 163.3 205.0 214.1 220.8 238.0 224.0 182.4 142.5 123.1 110.2 104.4 96.2
-9999.0 -9999.0 -9999.0 -9999.0 -9999.0 -9999.0 -9999.0 -9999.0 -9999.0 -9999.0 -9999.0 -9999.0 -9999.0 13.3 39.8 23.3 41.3 24.6 27.9 33.7 52.7 49.6 48.5 39.7 25.1 24.6 21.5 14.3 12.4 23.7 18.1 17.5 16.0 20.2 27.2 28.6 25.0 24.6 26.0 32.3 30.0 34.3 38.9 42.6 48.7 44.3 42.8 37.2 33.5 28.9 31.4 20.1 28.3 35.2 41.2 37.8 33.8 43.7 66.8 58.7 96.1 66.4 63.1 115.7 137.9 151.5 146.2 150.9 160.3 162.4 148.1 127.8 116.9 113.1 116.3 123.8
-9999.0 -9999.0 -9999.0 -9999.0 -9999.0 -9999.0 -9999.0 -9999.0 -9999.0 -9999.0 -9999.0 -9999.0 -9999.0 -9999.0 -9999.0 38.2 36.4 46.0 43.3 42.0 61.8 51.9 48.9 48.4 46.5 38.8 47.3 28.3 32.9 14.1 15.8 14.3 25.1 26.1 24.6 33.2 34.2 21.9 23.9 26.4 30.6 34.3 37.7 41.4 48.0 48.7 42.5 37.1 34.4 18.1 23.7 41.1 28.0 30.6 25.7 37.7 46.5 37.4 86.8 111.5 79.3 80.8 101.0 97.6 107.3 118.3 120.4 124.0 119.9 111.9 116.0 115.3 120.1 127.1 142.2 158.2
-9999.0 -9999.0 -9999.0 -9999.0 -9999.0 -9999.0 -9999.0 -9999.0 -9999.0 -9999.0 -9999.0 -9999.0 -9999.0 -9999.0 -9999.0 -9999.0 -9999.0 33.8 41.7 -9999.0 52.0 75.0 60.4 57.6 64.1 53.3 62.7 40.3 22.3 24.7 14.8 9.9 28.5 16.5 18.3 24.1 33.7 21.1 22.7 25.3 28.4 33.4 35.4 39.3 66.7 47.7 68.2 43.6 26.8 28.4 15.8 22.9 23.2 31.7 37.0 43.6 41.0 74.8 94.9 121.6 102.5 104.5 85.6 79.8 85.7 100.6 119.7 116.6 104.7 87.2 103.1 115.7 138.8 154.6 170.0 183.0
-9999.0 -9999.0 -9999.0 -9999.0 -9999.0 -9999.0 -9999.0 -9999.0 -9999.0 -9999.0 -9999.0 -9999.0 -9999.0 -9999.0 -9999.0 -9999.0 -9999.0 -9999.0 -9999.0 -9999.0 -9999.0 82.4 91.3 109.8 84.0 59.4 49.8 38.9 29.8 16.2 13.4 7.4 11.0 17.3 21.2 25.6 22.8 20.9 23.2 35.8 42.2 30.9 33.9 35.5 62.4 38.9 100.3 32.3 45.3 111.8 26.3 50.0 44.8 20.8 27.0 44.4 56.0 58.7 119.9 120.9 133.2 127.5 74.9 65.4 86.2 118.1 154.1 147.7 139.3 97.4 88.5 117.2 147.6 180.4 187.7 185.9
-9999.0 -9999.0 -9999.0 -9999.0 -9999.0 -9999.0 -9999.0 -9999.0 -9999.0 -9999.0 -9999.0 -9999.0 -9999.0 -9999.0 -9999.0 -9999.0 -9999.0 -9999.0 -9999.0 -9999.0 -9999.0 -9999.0 -9999.0 80.9 94.5 81.4 68.1 55.7 51.8 26.6 20.9 20.0 36.6 27.5 34.1 32.2 32.4 23.8 26.2 27.4 26.5 30.7 28.8 35.7 58.3 136.5 49.6 37.1 39.9 41.9 25.2 39.2 21.5 21.5 15.6 10.3 37.2 73.4 56.6 115.0 141.1 152.8 131.6 80.3 91.7 139.1 200.7 201.3 103.3 112.4 97.5 129.3 164.0 182.2 181.4 176.0
-9999.0 -9999.0 -9999.0 -9999.0 -9999.0 -9999.0 -9999.0 -9999.0 -9999.0 -9999.0 -9999.0 -9999.0 -9999.0 -9999.0 -9999.0 -9999.0 -9999.0 -9999.0 -9999.0 -9999.0 -9999.0 -9999.0 -9999.0 -9999.0 -9999.0 77.5 80.1 117.1 84.9 90.6 44.0 23.1 22.0 30.0 29.7 38.9 50.6 29.3 33.0 27.0 31.8 25.2 67.0 57.0 109.1 139.6 91.6 148.3 35.0 41.0 44.5 33.0 38.0 29.0 9.8 7.4 23.6 27.9 76.0 97.3 123.3 140.7 167.8 75.0 97.4 144.8 176.0 94.0 73.9 79.3 108.8 143.7 188.4 176.0 167.6 166.9
-9999.0 -9999.0 -9999.0 -9999.0 -9999.0 -9999.0 -9999.0 -9999.0 -9999.0 -9999.0 -9999.0 -9999.0 -9999.0 -9999.0 -9999.0 -9999.0 -9999.0 -9999.0 -9999.0 -9999.0 -9999.0 -9999.0 -9999.0 -9999.0 -9999.0 -9999.0 -9999.0 71.6 60.9 47.0 35.3 28.4 50.5 27.0 35.5 39.2 32.9 31.6 36.2 29.6 29.4 31.6 70.1 110.6 118.0 133.7 149.0 150.3 146.2 72.5 103.6 89.8 29.7 20.7 11.9 13.4 6.2 9.8 50.6 58.7 65.6 118.7 80.9 87.5 110.5 117.3 148.6 163.5 121.5 103.0 119.5 128.7 180.1 161.3 161.3 165.9
-9999.0 -9999.0 -9999.0 -9999.0 -9999.0 -9999.0 -9999.0 -9999.0 -9999.0 -9999.0 -9999.0 -9999.0 -9999.0 -9999.0 -9999.0 -9999.0 -9999.0 -9999.0 -9999.0 -9999.0 -9999.0 -9999.0 -9999.0 -9999.0 -9999.0 -9999.0 -9999.0 -9999.0 -9999.0 -9999.0 -9999.0 -9999.0 -9999.0 40.0 36.1 -9999.0 -9999.0 -9999.0 54.5 36.6 49.3 65.2 57.0 109.3 126.2 128.0 -9999.0 -9999.0 -9999.0 -9999.0 -9999.0 -9999.0 46.1 29.6 17.3 8.7 5.9 5.2 15.1 26.0 49.9 87.7 79.0 95.6 120.5 153.9 170.7 159.1 139.6 129.5 138.1 124.0 136.0 148.3 139.7 155.4
-9999.0 -9999.0 -9999.0 -9999.0 -9999.0 -9999.0 -9999.0 -9999.0 -9999.0 -9999.0 -9999.0 -9999.0 -9999.0 -9999.0 -9999.0 -9999.0 -9999.0 -9999.0 -9999.0 -9999.0 -9999.0 -9999.0 -9999.0 -9999.0 -9999.0 -9999.0 -9999.0 -9999.0 -9999.0 -9999.0 -9999.0 -9999.0 -9999.0 -9999.0 -9999.0 -9999.0 -9999.0 -9999.0 -9999.0 91.2 93.7 98.2 102.3 105.0 -9999.0 -9999.0 -9999.0 -9999.0 -9999.0 -9999.0 -9999.0 -9999.0 46.2 39.9 21.4 10.6 5.1 3.4 4.9 11.2 24.6 52.5 80.0 100.1 152.3 199.6 234.8 261.7 209.2 143.5 121.1 131.9 147.9 139.6 149.5 149.6
-9999.0 -9999.0 -9999.0 -9999.0 -9999.0 -9999.0 -9999.0 -9999.0 -9999.0 -9999.0 -9999.0 -9999.0 -9999.0 -9999.0 -9999.0 -9999.0 -9999.0 -9999.0 -9999.0 -9999.0 -9999.0 -9999.0 -9999.0 -9999.0 -9999.0 -9999.0 -9999.0 -9999.0 -9999.0 -9999.0 -9999.0 -9999.0 -9999.0 -9999.0 -9999.0 -9999.0 -9999.0 -9999.0 -9999.0 -9999.0 -9999.0 -9999.0 -9999.0 -9999.0 -9999.0 -9999.0 -9999.0 -9999.0 -9999.0 -9999.0 -9999.0 -9999.0 42.8 49.4 25.7 21.3 5.9 3.2 3.5 8.2 15.3 31.8 114.2 100.0 164.6 251.9 351.1 370.0 277.6 179.1 147.7 157.3 169.9 166.9 170.3 195.2
-9999.0 -9999.0 -9999.0 -9999.0 -9999.0 -9999.0 -9999.0 -9999.0 -9999.0 -9999.0 -9999.0 -9999.0 -9999.0 -9999.0 -9999.0 -9999.0 -9999.0 -9999.0 -9999.0 -9999.0 -9999.0 -9999.0 -9999.0 -9999.0 -9999.0 -9999.0 -9999.0 -9999.0 -9999.0 -9999.0 -9999.0 -9999.0 -9999.0 -9999.0 -9999.0 -9999.0 -9999.0 -9999.0 -9999.0 -9999.0 -9999.0 -9999.0 -9999.0 -9999.0 -9999.0 -9999.0 -9999.0 -9999.0 -9999.0 -9999.0 -9999.0 42.6 38.3 50.0 15.9 14.2 7.5 7.4 4.9 3.8 23.1 34.6 43.6 82.7 148.3 250.1 363.5 355.9 292.7 206.2 183.7 194.8 221.8 242.8 253.5 278.4
-9999.0 -9999.0 -9999.0 -9999.0 -9999.0 -9999.0 -9999.0 -9999.0 -9999.0 -9999.0 -9999.0 -9999.0 -9999.0 -9999.0 -9999.0 -9999.0 -9999.0 -9999.0 -9999.0 -9999.0 -9999.0 -9999.0 -9999.0 -9999.0 -9999.0 -9999.0 -9999.0 -9999.0 -9999.0 -9999.0 -9999.0 -9999.0 -9999.0 -9999.0 -9999.0 -9999.0 -9999.0 -9999.0 -9999.0 -9999.0 -9999.0 -9999.0 -9999.0 -9999.0 -9999.0 -9999.0 -9999.0 -9999.0 -9999.0 -9999.0 39.9 45.6 47.5 49.1 25.0 22.7 11.6 7.2 7.9 15.5 20.0 35.7 39.2 65.4 109.2 197.5 284.9 311.4 256.4 219.0 207.9 248.7 278.3 300.4 324.4 341.1
-9999.0 -9999.0 -9999.0 -9999.0 -9999.0 -9999.0 -9999.0 -9999.0 -9999.0 -9999.0 -9999.0 -9999.0 -9999.0 -9999.0 -9999.0 -9999.0 -9999.0 -9999.0 -9999.0 -9999.0 -9999.0 -9999.0 -9999.0 -9999.0 -9999.0 -9999.0 -9999.0 -9999.0 -9999.0 -9999.0 -9999.0 -9999.0 -9999.0 -9999.0 -9999.0 -9999.0 -9999.0 -9999.0 -9999.0 -9999.0 -9999.0 -9999.0 -9999.0 -9999.0 -9999.0 -9999.0 -9999.0 -9999.0 -9999.0 -9999.0 32.2 63.4 35.7 50.8 50.0 35.3 18.3 24.9 22.5 21.6 27.4 34.3 37.3 51.9 80.6 152.1 208.2 231.8 203.3 202.4 211.5 244.7 289.1 332.8 347.1 333.5
-9999.0 -9999.0 -9999.0 -9999.0 -9999.0 -9999.0 -9999.0 -9999.0 -9999.0 -9999.0 -9999.0 -9999.0 -9999.0 -9999.0 -9999.0 -9999.0 -9999.0 -9999.0 -9999.0 -9999.0 -9999.0 -9999.0 -9999.0 -9999.0 -9999.0 -9999.0 -9999.0 -9999.0 -9999.0 -9999.0 -9999.0 -9999.0 -9999.0 -9999.0 -9999.0 -9999.0 -9999.0 -9999.0 -9999.0 -9999.0 -9999.0 -9999.0 -9999.0 -9999.0 -9999.0 -9999.0 -9999.0 -9999.0 -9999.0 -9999.0 26.2 38.7 36.0 92.7 55.6 50.7 66.6 40.4 42.5 30.4 43.3 48.1 47.3 50.1 73.2 107.3 146.7 164.2 165.7 153.8 181.6 206.9 255.8 296.4 292.0 287.9
-9999.0 -9999.0 -9999.0 -9999.0 -9999.0 -9999.0 -9999.0 -9999.0 -9999.0 -9999.0 -9999.0 -9999.0 -9999.0 -9999.0 -9999.0 -9999.0 -9999.0 -9999.0 -9999.0 -9999.0 -9999.0 -9999.0 -9999.0 -9999.0 -9999.0 -9999.0 -9999.0 -9999.0 -9999.0 -9999.0 -9999.0 -9999.0 -9999.0 -9999.0 -9999.0 -9999.0 -9999.0 -9999.0 -9999.0 -9999.0 -9999.0 -9999.0 -9999.0 -9999.0 -9999.0 -9999.0 -9999.0 -9999.0 -9999.0 -9999.0 43.1 74.0 67.7 90.8 93.3 104.8 46.9 59.0 56.7 46.0 65.1 60.9 43.0 55.8 75.3 94.4 115.1 124.3 132.8 143.8 141.2 159.0 189.0 223.5 222.9 246.0
-9999.0 -9999.0 -9999.0 -9999.0 -9999.0 -9999.0 -9999.0 -9999.0 -9999.0 -9999.0 -9999.0 -9999.0 -9999.0 -9999.0 -9999.0 -9999.0 -9999.0 -9999.0 -9999.0 -9999.0 -9999.0 -9999.0 -9999.0 -9999.0 -9999.0 -9999.0 -9999.0 -9999.0 -9999.0 -9999.0 -9999.0 -9999.0 -9999.0 -9999.0 -9999.0 -9999.0 -9999.0 -9999.0 -9999.0 -9999.0 -9999.0 -9999.0 -9999.0 -9999.0 -9999.0 -9999.0 -9999.0 -9999.0 -9999.0 -9999.0 -9999.0 -9999.0 -9999.0 82.5 85.0 83.1 79.9 81.6 50.1 68.5 124.5 67.8 89.5 68.4 80.0 94.7 117.3 123.8 135.4 131.2 113.6 105.2 117.8 144.4 176.5 190.6
-9999.0 -9999.0 -9999.0 -9999.0 -9999.0 -9999.0 -9999.0 -9999.0 -9999.0 -9999.0 -9999.0 -9999.0 -9999.0 -9999.0 -9999.0 -9999.0 -9999.0 -9999.0 -9999.0 -9999.0 -9999.0 -9999.0 -9999.0 -9999.0 -9999.0 -9999.0 -9999.0 -9999.0 -9999.0 -9999.0 -9999.0 -9999.0 -9999.0 -9999.0 -9999.0 -9999.0 -9999.0 -9999.0 -9999.0 -9999.0 -9999.0 -9999.0 -9999.0 -9999.0 -9999.0 -9999.0 -9999.0 -9999.0 -9999.0 -9999.0 -9999.0 -9999.0 -9999.0 90.3 79.2 161.6 82.6 65.8 87.8 145.1 126.4 97.9 120.5 89.7 97.4 111.7 132.3 149.4 154.2 139.0 103.0 78.7 90.3 122.7 154.9 205.7
-9999.0 -9999.0 -9999.0 -9999.0 -9999.0 -9999.0 -9999.0 -9999.0 -9999.0 -9999.0 -9999.0 -9999.0 -9999.0 -9999.0 -9999.0 -9999.0 -9999.0 -9999.0 -9999.0 -9999.0 -9999.0 -9999.0 -9999.0 -9999.0 -9999.0 -9999.0 -9999.0 -9999.0 -9999.0 -9999.0 -9999.0 -9999.0 -9999.0 -9999.0 -9999.0 -9999.0 -9999.0 -9999.0 -9999.0 -9999.0 -9999.0 -9999.0 -9999.0 -9999.0 -9999.0 -9999.0 -9999.0 -9999.0 -9999.0 -9999.0 -9999.0 -9999.0 -9999.0 98.0 60.2 117.8 104.4 91.6 116.6 140.3 181.8 163.2 171.4 159.6 126.2 -9999.0 -9999.0 -9999.0 184.3 158.2 119.3 95.5 101.6 120.0 136.0 189.7
-9999.0 -9999.0 -9999.0 -9999.0 -9999.0 -9999.0 -9999.0 -9999.0 -9999.0 -9999.0 -9999.0 -9999.0 -9999.0 -9999.0 -9999.0 -9999.0 -9999.0 -9999.0 -9999.0 -9999.0 -9999.0 -9999.0 -9999.0 -9999.0 -9999.0 -9999.0 -9999.0 -9999.0 -9999.0 -9999.0 -9999.0 -9999.0 -9999.0 -9999.0 -9999.0 -9999.0 -9999.0 -9999.0 -9999.0 -9999.0 -9999.0 -9999.0 -9999.0 -9999.0 -9999.0 -9999.0 -9999.0 -9999.0 -9999.0 -9999.0 -9999.0 -9999.0 -9999.0 -9999.0 108.9 111.6 83.9 88.9 149.8 206.1 154.6 -9999.0 -9999.0 -9999.0 -9999.0 -9999.0 -9999.0 -9999.0 195.0 181.9 163.0 117.4 102.4 94.8 86.1 107.8
-9999.0 -9999.0 -9999.0 -9999.0 -9999.0 -9999.0 -9999.0 -9999.0 -9999.0 -9999.0 -9999.0 -9999.0 -9999.0 -9999.0 -9999.0 -9999.0 -9999.0 -9999.0 -9999.0 -9999.0 -9999.0 -9999.0 -9999.0 -9999.0 -9999.0 -9999.0 -9999.0 -9999.0 -9999.0 -9999.0 -9999.0 -9999.0 -9999.0 -9999.0 -9999.0 -9999.0 -9999.0 -9999.0 -9999.0 -9999.0 -9999.0 -9999.0 -9999.0 -9999.0 -9999.0 -9999.0 -9999.0 -9999.0 -9999.0 -9999.0 -9999.0 -9999.0 -9999.0 -9999.0 -9999.0 107.0 184.1 135.4 138.4 190.3 192.1 -9999.0 -9999.0 -9999.0 -9999.0 -9999.0 -9999.0 -9999.0 -9999.0 -9999.0 151.2 -9999.0 -9999.0 -9999.0 -9999.0 -9999.0
-9999.0 -9999.0 -9999.0 -9999.0 -9999.0 -9999.0 -9999.0 -9999.0 -9999.0 -9999.0 -9999.0 -9999.0 -9999.0 -9999.0 -9999.0 -9999.0 -9999.0 -9999.0 -9999.0 -9999.0 -9999.0 -9999.0 -9999.0 -9999.0 -9999.0 -9999.0 -9999.0 -9999.0 -9999.0 -9999.0 -9999.0 -9999.0 -9999.0 -9999.0 -9999.0 -9999.0 -9999.0 -9999.0 -9999.0 -9999.0 -9999.0 -9999.0 -9999.0 -9999.0 -9999.0 -9999.0 -9999.0 -9999.0 -9999.0 -9999.0 -9999.0 -9999.0 -9999.0 -9999.0 -9999.0 -9999.0 -9999.0 -9999.0 176.2 170.7 -9999.0 -9999.0 -9999.0 -9999.0 -9999.0 -9999.0 -9999.0 -9999.0 -9999.0 -9999.0 -9999.0 -9999.0 -9999.0 -9999.0 -9999.0 48.3
-9999.0 -9999.0 -9999.0 -9999.0 -9999.0 -9999.0 -9999.0 -9999.0 -9999.0 -9999.0 -9999.0 -9999.0 -9999.0 -9999.0 -9999.0 -9999.0 -9999.0 -9999.0 -9999.0 -9999.0 -9999.0 -9999.0 -9999.0 -9999.0 -9999.0 -9999.0 -9999.0 -9999.0 -9999.0 -9999.0 -9999.0 -9999.0 -9999.0 -9999.0 -9999.0 -9999.0 -9999.0 -9999.0 -9999.0 -9999.0 -9999.0 -9999.0 -9999.0 -9999.0 -9999.0 -9999.0 -9999.0 -9999.0 -9999.0 -9999.0 -9999.0 -9999.0 -9999.0 -9999.0 -9999.0 -9999.0 -9999.0 -9999.0 -9999.0 -9999.0 -9999.0 -9999.0 -9999.0 -9999.0 -9999.0 -9999.0 -9999.0 -9999.0 -9999.0 -9999.0 -9999.0 -9999.0 -9999.0 -9999.0 -9999.0 -9999.0
