program/excelProcessViaJava/data/SURF_CLI_CHN_PRE_MON_GRID_0.5-198009.txt
NCOLS      128
NROWS       72
XLLCORNER    72.000000000000    
YLLCORNER    18.000000000000    
CELLSIZE    0.50000000000000    
NODATA_VALUE   -9999.000    
[rows 34 to 67 of 72, columns 0 to 75 of 128]
-9999.0 -9999.0 -9999.0 -9999.0 4.9 8.3 0.2 4.1 0.0 0.0 3.5 0.1 0.7 1.0 3.6 4.4 6.8 9.1 12.5 15.2 15.3 12.7 11.2 12.7 9.2 6.0 7.8 7.1 6.8 6.5 6.4 6.6 6.5 6.8 7.7 7.6 10.7 14.5 12.1 8.9 17.1 6.5 5.7 2.9 2.0 1.7 2.0 3.2 5.2 9.1 11.7 15.3 31.1 24.4 25.5 35.3 45.8 57.8 68.1 56.9 67.6 43.7 32.8 27.1 21.3 19.9 30.4 29.4 33.2 50.8 44.4 46.2 43.4 43.7 45.8 52.8
-9999.0 -9999.0 -9999.0 -9999.0 -9999.0 -9999.0 -9999.0 1.2 0.1 0.4 0.0 0.0 0.3 0.2 0.4 5.1 6.2 12.1 17.2 18.5 13.9 9.9 9.6 10.6 10.8 10.3 9.1 8.5 8.1 7.8 8.0 8.3 8.8 9.8 11.6 12.1 16.2 17.7 24.2 29.3 21.1 42.6 45.1 35.3 19.6 6.2 12.8 11.3 18.2 11.1 10.0 12.9 20.9 49.7 44.8 29.8 33.2 38.4 60.1 54.1 65.3 40.9 33.6 30.5 32.1 27.4 36.3 45.6 44.6 51.8 46.8 46.3 54.2 58.3 56.2 57.5
-9999.0 -9999.0 -9999.0 -9999.0 -9999.0 -9999.0 -9999.0 0.0 1.3 0.0 0.0 0.1 0.0 0.0 0.1 0.0 1.0 2.8 1.6 7.7 10.6 8.8 11.8 12.2 12.8 12.3 11.8 10.1 10.5 10.2 10.0 10.5 11.3 13.2 14.4 16.9 19.1 24.1 27.9 31.5 37.8 43.8 52.1 69.9 51.5 32.0 41.7 44.0 62.8 48.6 65.6 55.0 31.9 39.6 55.0 33.6 33.3 40.6 55.7 64.3 60.0 54.2 46.2 45.3 39.1 37.7 42.0 46.7 63.8 47.9 51.4 57.0 68.6 78.0 66.2 70.5
-9999.0 -9999.0 -9999.0 -9999.0 -9999.0 -9999.0 -9999.0 -9999.0 -9999.0 0.0 0.0 0.1 0.0 0.0 0.1 0.5 0.5 0.1 2.0 1.5 6.3 11.9 14.2 15.2 15.7 15.8 14.3 13.5 13.3 12.0 12.6 13.0 14.1 16.2 17.9 20.9 24.2 29.1 32.5 38.6 42.9 52.2 58.3 61.9 73.8 77.5 79.7 76.5 73.5 67.4 67.3 57.3 50.1 47.5 63.0 45.6 37.0 42.3 63.2 67.4 66.5 64.8 61.2 53.2 50.4 45.8 46.9 53.3 74.8 65.6 72.1 71.2 81.1 94.1 97.3 73.7
-9999.0 -9999.0 -9999.0 -9999.0 -9999.0 -9999.0 -9999.0 -9999.0 -9999.0 -9999.0 -9999.0 0.0 0.3 0.0 0.1 0.1 0.5 1.6 3.9 5.5 6.1 12.1 14.1 18.0 14.5 17.2 15.9 15.4 15.2 15.2 15.2 15.5 17.3 19.8 22.8 28.3 31.6 36.5 45.3 46.3 54.4 59.6 66.3 73.1 91.7 88.3 102.3 92.9 90.0 81.0 68.2 64.6 63.4 68.8 77.6 73.4 65.6 73.0 77.3 80.9 80.6 71.2 64.5 61.4 64.2 47.3 54.2 71.0 88.7 102.2 101.2 99.4 93.1 90.4 81.1 81.5
-9999.0 -9999.0 -9999.0 -9999.0 -9999.0 -9999.0 -9999.0 -9999.0 -9999.0 -9999.0 -9999.0 -9999.0 0.2 0.3 0.0 0.4 0.1 1.1 2.9 2.1 12.6 14.5 17.4 21.7 11.8 21.3 22.0 18.3 18.0 15.8 17.3 18.4 20.3 23.6 28.3 33.8 40.9 45.8 49.8 53.2 58.3 66.5 76.7 89.2 96.4 102.1 105.1 94.6 91.9 87.9 88.2 83.4 78.5 78.1 84.9 90.6 93.5 98.7 94.9 102.2 95.9 89.5 83.3 76.8 64.6 84.9 76.1 97.9 119.3 138.5 117.7 99.3 93.0 88.9 87.0 118.0
-9999.0 -9999.0 -9999.0 -9999.0 -9999.0 -9999.0 -9999.0 -9999.0 -9999.0 -9999.0 -9999.0 -9999.0 0.0 0.5 1.3 0.3 2.7 3.3 2.4 6.3 11.0 13.1 18.5 25.3 30.0 27.0 25.4 25.1 21.5 20.9 19.4 19.5 22.5 26.7 32.5 39.8 47.9 55.5 61.2 65.2 69.4 77.5 89.6 98.3 106.5 109.8 103.2 96.9 91.4 94.7 92.3 90.8 88.2 92.6 94.5 101.5 103.5 108.5 114.5 118.8 114.4 105.2 100.0 102.2 72.2 85.3 76.6 98.5 119.3 142.6 167.7 189.9 186.7 132.7 112.4 82.3
-9999.0 -9999.0 -9999.0 -9999.0 -9999.0 -9999.0 -9999.0 -9999.0 -9999.0 -9999.0 -9999.0 -9999.0 -9999.0 0.2 0.0 2.4 1.2 5.0 9.2 13.3 15.7 24.7 22.5 33.4 33.1 25.2 24.2 20.3 21.4 20.7 21.3 22.1 23.5 28.3 35.8 44.7 54.8 64.0 67.9 74.5 79.2 86.5 97.3 105.8 113.6 113.2 108.4 103.9 101.3 100.1 98.8 96.6 96.3 101.4 105.4 109.3 112.4 117.0 123.1 130.1 131.9 129.3 122.5 108.4 68.9 78.9 98.9 114.4 138.8 151.4 153.2 148.6 147.8 134.9 128.6 90.9
-9999.0 -9999.0 -9999.0 -9999.0 -9999.0 -9999.0 -9999.0 -9999.0 -9999.0 -9999.0 -9999.0 -9999.0 0.2 0.0 0.1 1.5 0.5 3.2 6.6 18.9 24.6 29.8 31.7 37.1 39.8 29.7 29.8 28.7 25.4 22.2 21.7 23.1 23.7 29.4 36.9 47.5 58.5 70.9 78.0 80.2 80.1 84.0 91.0 112.1 115.9 115.4 111.0 104.2 99.5 98.1 97.0 97.0 99.6 104.1 111.0 116.1 119.5 133.5 136.4 150.6 153.8 149.7 145.6 140.6 118.5 96.8 97.3 119.8 156.2 185.6 193.7 181.1 154.2 120.3 98.8 87.0
-9999.0 -9999.0 -9999.0 -9999.0 -9999.0 -9999.0 -9999.0 -9999.0 -9999.0 -9999.0 -9999.0 -9999.0 0.1 2.6 1.6 0.1 0.5 8.3 13.5 13.4 28.5 27.8 34.0 38.8 44.1 43.7 38.3 33.2 28.1 25.6 23.7 22.8 23.5 29.6 37.2 47.7 61.0 72.8 79.4 81.3 82.3 91.0 102.8 111.3 115.0 111.4 102.2 97.0 91.9 90.0 91.1 93.3 100.5 110.8 119.5 130.8 131.6 138.9 155.2 159.9 164.8 165.3 158.6 129.8 107.5 99.8 107.4 137.6 172.0 198.4 205.7 197.0 177.6 157.8 139.2 108.5
-9999.0 -9999.0 -9999.0 -9999.0 -9999.0 -9999.0 -9999.0 -9999.0 -9999.0 -9999.0 -9999.0 -9999.0 6.9 0.5 5.8 4.8 7.5 2.6 11.4 16.5 13.5 18.2 35.1 33.8 40.6 32.3 33.6 25.1 29.1 25.5 23.5 20.6 24.5 29.4 36.4 46.3 59.0 70.3 76.3 73.6 75.5 91.1 84.2 123.9 108.1 94.8 89.3 86.5 80.6 77.1 79.7 87.1 95.7 104.5 116.0 143.5 144.3 152.5 164.3 183.0 184.7 176.8 173.3 119.5 86.6 126.2 127.2 149.5 186.1 213.3 217.6 200.6 184.8 162.3 183.1 132.1
-9999.0 -9999.0 -9999.0 -9999.0 -9999.0 -9999.0 -9999.0 -9999.0 -9999.0 -9999.0 -9999.0 -9999.0 -9999.0 0.1 0.4 6.6 7.2 13.3 10.4 12.9 8.3 26.5 26.2 27.3 41.6 38.0 36.4 33.8 26.4 27.3 21.1 21.8 23.1 28.5 35.0 43.7 55.2 67.5 71.7 71.4 70.9 63.6 66.0 77.6 99.7 91.7 78.2 76.3 67.5 65.6 66.6 79.6 90.2 107.3 114.2 126.9 152.2 166.4 175.0 179.1 185.4 188.2 166.1 82.6 122.9 111.8 115.9 137.4 174.1 197.7 199.7 186.8 158.4 154.4 126.7 111.7
-9999.0 -9999.0 -9999.0 -9999.0 -9999.0 -9999.0 -9999.0 -9999.0 -9999.0 -9999.0 -9999.0 -9999.0 -9999.0 21.5 1.0 9.3 2.9 17.6 20.3 20.3 11.5 17.0 20.4 28.7 46.1 38.8 34.3 34.9 28.9 17.8 19.2 20.7 24.8 28.8 34.9 44.0 55.2 65.2 67.4 59.5 62.2 60.2 62.2 66.6 60.2 70.2 65.7 61.5 54.0 52.9 61.9 66.6 83.5 96.8 109.1 121.3 138.1 156.4 171.5 175.6 184.1 137.9 104.7 139.3 106.8 88.8 89.3 107.5 135.8 155.8 151.6 134.0 124.0 113.4 107.8 108.9
-9999.0 -9999.0 -9999.0 -9999.0 -9999.0 -9999.0 -9999.0 -9999.0 -9999.0 -9999.0 -9999.0 -9999.0 -9999.0 -9999.0 -9999.0 11.6 18.2 15.0 24.1 33.6 19.7 32.4 37.9 36.9 34.3 34.8 21.7 26.3 18.6 23.9 21.1 23.3 24.0 29.8 37.6 44.6 52.3 61.3 65.4 62.4 54.0 50.5 51.9 58.1 80.9 86.3 57.8 57.3 46.9 40.4 50.4 70.8 74.9 85.2 90.0 106.7 122.8 122.6 163.8 178.7 130.2 101.7 134.7 115.3 92.1 77.2 74.6 85.2 100.8 103.9 95.1 83.4 79.9 83.4 94.9 107.7
-9999.0 -9999.0 -9999.0 -9999.0 -9999.0 -9999.0 -9999.0 -9999.0 -9999.0 -9999.0 -9999.0 -9999.0 -9999.0 -9999.0 -9999.0 -9999.0 -9999.0 106.4 68.9 -9999.0 62.3 33.3 51.3 51.1 35.8 36.5 22.1 25.6 28.3 21.1 23.6 28.5 26.1 37.1 41.0 46.6 53.1 47.2 58.5 56.9 52.3 46.8 48.6 56.1 127.8 87.8 141.9 47.6 43.1 43.5 41.1 54.2 55.2 73.3 83.6 95.6 99.3 134.9 155.1 172.6 85.7 89.4 102.2 96.1 82.1 73.1 72.4 75.3 79.8 77.8 70.2 72.2 73.7 74.4 86.0 97.4
-9999.0 -9999.0 -9999.0 -9999.0 -9999.0 -9999.0 -9999.0 -9999.0 -9999.0 -9999.0 -9999.0 -9999.0 -9999.0 -9999.0 -9999.0 -9999.0 -9999.0 -9999.0 -9999.0 -9999.0 -9999.0 56.7 45.4 28.1 40.1 54.5 46.7 39.1 31.2 32.0 28.4 37.1 38.7 41.4 42.7 46.8 47.8 46.7 44.0 46.6 54.3 44.8 44.3 49.1 122.7 63.0 164.1 59.3 48.1 71.4 45.7 67.6 71.8 46.4 63.7 91.3 108.8 119.5 160.1 167.7 91.4 92.3 83.7 81.0 80.9 80.6 81.3 78.0 76.4 73.6 67.8 69.5 66.8 67.3 67.2 67.8
-9999.0 -9999.0 -9999.0 -9999.0 -9999.0 -9999.0 -9999.0 -9999.0 -9999.0 -9999.0 -9999.0 -9999.0 -9999.0 -9999.0 -9999.0 -9999.0 -9999.0 -9999.0 -9999.0 -9999.0 -9999.0 -9999.0 -9999.0 101.9 60.4 59.3 53.3 43.0 29.4 33.5 30.4 31.9 32.4 41.1 45.6 49.7 53.1 45.8 49.4 47.2 44.1 43.0 47.1 65.2 114.5 174.7 103.7 74.3 71.8 64.3 40.9 59.3 38.5 48.5 50.0 50.8 103.8 136.9 139.5 170.1 147.4 131.9 99.2 74.8 73.0 85.9 91.1 84.0 80.5 78.4 81.1 74.2 67.3 61.2 42.4 36.8
-9999.0 -9999.0 -9999.0 -9999.0 -9999.0 -9999.0 -9999.0 -9999.0 -9999.0 -9999.0 -9999.0 -9999.0 -9999.0 -9999.0 -9999.0 -9999.0 -9999.0 -9999.0 -9999.0 -9999.0 -9999.0 -9999.0 -9999.0 -9999.0 -9999.0 125.0 80.1 26.7 28.7 23.3 30.8 39.0 42.9 44.4 46.3 50.8 53.6 45.6 48.3 41.2 43.3 42.1 89.3 96.1 146.8 165.0 137.4 162.2 53.6 58.1 59.3 53.5 68.7 71.9 57.6 81.3 120.3 138.9 161.3 171.6 170.9 148.1 133.0 77.8 71.5 79.6 82.0 74.8 80.4 86.5 84.9 80.0 62.5 53.6 34.7 20.1
-9999.0 -9999.0 -9999.0 -9999.0 -9999.0 -9999.0 -9999.0 -9999.0 -9999.0 -9999.0 -9999.0 -9999.0 -9999.0 -9999.0 -9999.0 -9999.0 -9999.0 -9999.0 -9999.0 -9999.0 -9999.0 -9999.0 -9999.0 -9999.0 -9999.0 -9999.0 -9999.0 120.7 107.3 64.7 55.9 52.5 41.2 48.8 48.7 40.6 41.2 37.6 33.5 36.8 40.4 48.1 89.7 129.1 142.3 153.6 159.3 155.6 146.4 84.8 106.3 101.5 66.2 76.3 97.1 130.0 140.9 155.3 167.0 171.7 186.4 150.1 113.3 81.3 66.9 66.3 67.8 66.6 69.1 79.4 86.5 86.1 57.9 42.9 17.6 11.3
-9999.0 -9999.0 -9999.0 -9999.0 -9999.0 -9999.0 -9999.0 -9999.0 -9999.0 -9999.0 -9999.0 -9999.0 -9999.0 -9999.0 -9999.0 -9999.0 -9999.0 -9999.0 -9999.0 -9999.0 -9999.0 -9999.0 -9999.0 -9999.0 -9999.0 -9999.0 -9999.0 -9999.0 -9999.0 -9999.0 -9999.0 -9999.0 -9999.0 57.6 49.0 -9999.0 -9999.0 -9999.0 46.3 39.0 52.8 74.0 78.6 125.1 140.9 145.7 -9999.0 -9999.0 -9999.0 -9999.0 -9999.0 -9999.0 86.0 111.2 120.4 141.9 161.5 167.3 168.5 189.3 185.7 142.6 119.0 87.2 76.6 76.0 74.4 66.9 59.1 72.0 82.0 81.9 66.2 29.1 22.7 10.7
-9999.0 -9999.0 -9999.0 -9999.0 -9999.0 -9999.0 -9999.0 -9999.0 -9999.0 -9999.0 -9999.0 -9999.0 -9999.0 -9999.0 -9999.0 -9999.0 -9999.0 -9999.0 -9999.0 -9999.0 -9999.0 -9999.0 -9999.0 -9999.0 -9999.0 -9999.0 -9999.0 -9999.0 -9999.0 -9999.0 -9999.0 -9999.0 -9999.0 -9999.0 -9999.0 -9999.0 -9999.0 -9999.0 -9999.0 84.3 91.7 102.4 113.5 123.2 -9999.0 -9999.0 -9999.0 -9999.0 -9999.0 -9999.0 -9999.0 -9999.0 91.3 134.2 143.3 148.3 157.9 163.0 175.1 197.8 200.6 140.2 98.3 90.3 82.0 94.2 98.1 68.3 56.7 71.5 83.9 78.4 51.1 43.4 16.0 20.3
-9999.0 -9999.0 -9999.0 -9999.0 -9999.0 -9999.0 -9999.0 -9999.0 -9999.0 -9999.0 -9999.0 -9999.0 -9999.0 -9999.0 -9999.0 -9999.0 -9999.0 -9999.0 -9999.0 -9999.0 -9999.0 -9999.0 -9999.0 -9999.0 -9999.0 -9999.0 -9999.0 -9999.0 -9999.0 -9999.0 -9999.0 -9999.0 -9999.0 -9999.0 -9999.0 -9999.0 -9999.0 -9999.0 -9999.0 -9999.0 -9999.0 -9999.0 -9999.0 -9999.0 -9999.0 -9999.0 -9999.0 -9999.0 -9999.0 -9999.0 -9999.0 -9999.0 63.1 147.7 145.1 165.6 147.0 136.3 134.9 148.8 166.3 132.9 86.9 85.5 96.0 120.6 96.0 70.5 65.7 78.7 92.4 87.1 89.7 56.5 48.3 32.9
-9999.0 -9999.0 -9999.0 -9999.0 -9999.0 -9999.0 -9999.0 -9999.0 -9999.0 -9999.0 -9999.0 -9999.0 -9999.0 -9999.0 -9999.0 -9999.0 -9999.0 -9999.0 -9999.0 -9999.0 -9999.0 -9999.0 -9999.0 -9999.0 -9999.0 -9999.0 -9999.0 -9999.0 -9999.0 -9999.0 -9999.0 -9999.0 -9999.0 -9999.0 -9999.0 -9999.0 -9999.0 -9999.0 -9999.0 -9999.0 -9999.0 -9999.0 -9999.0 -9999.0 -9999.0 -9999.0 -9999.0 -9999.0 -9999.0 -9999.0 -9999.0 89.5 88.7 144.7 110.7 140.9 130.5 116.0 96.7 107.4 106.9 95.0 87.0 83.9 111.6 133.7 89.9 54.3 70.5 85.5 106.4 106.2 73.8 44.6 49.4 49.7
-9999.0 -9999.0 -9999.0 -9999.0 -9999.0 -9999.0 -9999.0 -9999.0 -9999.0 -9999.0 -9999.0 -9999.0 -9999.0 -9999.0 -9999.0 -9999.0 -9999.0 -9999.0 -9999.0 -9999.0 -9999.0 -9999.0 -9999.0 -9999.0 -9999.0 -9999.0 -9999.0 -9999.0 -9999.0 -9999.0 -9999.0 -9999.0 -9999.0 -9999.0 -9999.0 -9999.0 -9999.0 -9999.0 -9999.0 -9999.0 -9999.0 -9999.0 -9999.0 -9999.0 -9999.0 -9999.0 -9999.0 -9999.0 -9999.0 -9999.0 127.5 116.3 121.9 142.2 131.7 142.3 119.1 96.0 83.7 86.5 92.9 86.3 78.4 82.3 116.3 115.6 95.5 61.6 73.8 85.4 116.1 112.7 83.0 73.3 79.3 101.0
-9999.0 -9999.0 -9999.0 -9999.0 -9999.0 -9999.0 -9999.0 -9999.0 -9999.0 -9999.0 -9999.0 -9999.0 -9999.0 -9999.0 -9999.0 -9999.0 -9999.0 -9999.0 -9999.0 -9999.0 -9999.0 -9999.0 -9999.0 -9999.0 -9999.0 -9999.0 -9999.0 -9999.0 -9999.0 -9999.0 -9999.0 -9999.0 -9999.0 -9999.0 -9999.0 -9999.0 -9999.0 -9999.0 -9999.0 -9999.0 -9999.0 -9999.0 -9999.0 -9999.0 -9999.0 -9999.0 -9999.0 -9999.0 -9999.0 -9999.0 143.4 147.0 150.7 150.4 157.9 147.8 130.8 119.8 99.3 85.8 79.5 81.8 77.4 85.9 102.1 59.7 61.2 51.8 68.7 88.5 127.3 134.8 105.6 72.6 65.0 76.1
-9999.0 -9999.0 -9999.0 -9999.0 -9999.0 -9999.0 -9999.0 -9999.0 -9999.0 -9999.0 -9999.0 -9999.0 -9999.0 -9999.0 -9999.0 -9999.0 -9999.0 -9999.0 -9999.0 -9999.0 -9999.0 -9999.0 -9999.0 -9999.0 -9999.0 -9999.0 -9999.0 -9999.0 -9999.0 -9999.0 -9999.0 -9999.0 -9999.0 -9999.0 -9999.0 -9999.0 -9999.0 -9999.0 -9999.0 -9999.0 -9999.0 -9999.0 -9999.0 -9999.0 -9999.0 -9999.0 -9999.0 -9999.0 -9999.0 -9999.0 151.3 164.0 177.9 189.1 160.1 161.7 174.5 160.6 130.7 105.3 83.3 79.8 75.0 70.1 80.9 72.9 61.2 68.2 79.8 131.8 150.8 186.2 118.7 107.1 69.0 79.8
-9999.0 -9999.0 -9999.0 -9999.0 -9999.0 -9999.0 -9999.0 -9999.0 -9999.0 -9999.0 -9999.0 -9999.0 -9999.0 -9999.0 -9999.0 -9999.0 -9999.0 -9999.0 -9999.0 -9999.0 -9999.0 -9999.0 -9999.0 -9999.0 -9999.0 -9999.0 -9999.0 -9999.0 -9999.0 -9999.0 -9999.0 -9999.0 -9999.0 -9999.0 -9999.0 -9999.0 -9999.0 -9999.0 -9999.0 -9999.0 -9999.0 -9999.0 -9999.0 -9999.0 -9999.0 -9999.0 -9999.0 -9999.0 -9999.0 -9999.0 159.6 186.7 192.6 198.6 192.4 208.9 183.7 192.5 164.7 110.6 85.3 68.0 48.6 61.8 75.1 90.8 123.1 149.0 182.3 108.3 165.7 162.1 141.9 114.6 65.6 70.2
-9999.0 -9999.0 -9999.0 -9999.0 -9999.0 -9999.0 -9999.0 -9999.0 -9999.0 -9999.0 -9999.0 -9999.0 -9999.0 -9999.0 -9999.0 -9999.0 -9999.0 -9999.0 -9999.0 -9999.0 -9999.0 -9999.0 -9999.0 -9999.0 -9999.0 -9999.0 -9999.0 -9999.0 -9999.0 -9999.0 -9999.0 -9999.0 -9999.0 -9999.0 -9999.0 -9999.0 -9999.0 -9999.0 -9999.0 -9999.0 -9999.0 -9999.0 -9999.0 -9999.0 -9999.0 -9999.0 -9999.0 -9999.0 -9999.0 -9999.0 -9999.0 -9999.0 -9999.0 217.6 203.5 191.5 197.5 191.1 137.0 101.0 100.8 54.6 73.4 73.1 84.3 112.0 164.8 186.6 222.1 202.1 166.1 141.0 118.7 86.2 57.9 42.2
-9999.0 -9999.0 -9999.0 -9999.0 -9999.0 -9999.0 -9999.0 -9999.0 -9999.0 -9999.0 -9999.0 -9999.0 -9999.0 -9999.0 -9999.0 -9999.0 -9999.0 -9999.0 -9999.0 -9999.0 -9999.0 -9999.0 -9999.0 -9999.0 -9999.0 -9999.0 -9999.0 -9999.0 -9999.0 -9999.0 -9999.0 -9999.0 -9999.0 -9999.0 -9999.0 -9999.0 -9999.0 -9999.0 -9999.0 -9999.0 -9999.0 -9999.0 -9999.0 -9999.0 -9999.0 -9999.0 -9999.0 -9999.0 -9999.0 -9999.0 -9999.0 -9999.0 -9999.0 240.5 218.2 260.9 180.6 147.3 129.9 122.6 90.7 88.4 97.7 135.4 145.9 164.7 161.3 242.6 168.0 154.7 136.6 136.3 129.5 92.9 59.3 66.4
-9999.0 -9999.0 -9999.0 -9999.0 -9999.0 -9999.0 -9999.0 -9999.0 -9999.0 -9999.0 -9999.0 -9999.0 -9999.0 -9999.0 -9999.0 -9999.0 -9999.0 -9999.0 -9999.0 -9999.0 -9999.0 -9999.0 -9999.0 -9999.0 -9999.0 -9999.0 -9999.0 -9999.0 -9999.0 -9999.0 -9999.0 -9999.0 -9999.0 -9999.0 -9999.0 -9999.0 -9999.0 -9999.0 -9999.0 -9999.0 -9999.0 -9999.0 -9999.0 -9999.0 -9999.0 -9999.0 -9999.0 -9999.0 -9999.0 -9999.0 -9999.0 -9999.0 -9999.0 252.1 205.1 217.8 170.1 129.9 117.2 109.6 117.7 130.5 140.7 155.9 230.9 -9999.0 -9999.0 -9999.0 203.1 141.6 166.7 202.8 184.8 127.6 97.4 121.1
-9999.0 -9999.0 -9999.0 -9999.0 -9999.0 -9999.0 -9999.0 -9999.0 -9999.0 -9999.0 -9999.0 -9999.0 -9999.0 -9999.0 -9999.0 -9999.0 -9999.0 -9999.0 -9999.0 -9999.0 -9999.0 -9999.0 -9999.0 -9999.0 -9999.0 -9999.0 -9999.0 -9999.0 -9999.0 -9999.0 -9999.0 -9999.0 -9999.0 -9999.0 -9999.0 -9999.0 -9999.0 -9999.0 -9999.0 -9999.0 -9999.0 -9999.0 -9999.0 -9999.0 -9999.0 -9999.0 -9999.0 -9999.0 -9999.0 -9999.0 -9999.0 -9999.0 -9999.0 -9999.0 224.9 188.9 131.5 105.6 111.7 122.2 129.6 -9999.0 -9999.0 -9999.0 -9999.0 -9999.0 -9999.0 -9999.0 195.3 224.1 302.0 294.8 261.1 196.1 159.3 186.0
-9999.0 -9999.0 -9999.0 -9999.0 -9999.0 -9999.0 -9999.0 -9999.0 -9999.0 -9999.0 -9999.0 -9999.0 -9999.0 -9999.0 -9999.0 -9999.0 -9999.0 -9999.0 -9999.0 -9999.0 -9999.0 -9999.0 -9999.0 -9999.0 -9999.0 -9999.0 -9999.0 -9999.0 -9999.0 -9999.0 -9999.0 -9999.0 -9999.0 -9999.0 -9999.0 -9999.0 -9999.0 -9999.0 -9999.0 -9999.0 -9999.0 -9999.0 -9999.0 -9999.0 -9999.0 -9999.0 -9999.0 -9999.0 -9999.0 -9999.0 -9999.0 -9999.0 -9999.0 -9999.0 -9999.0 159.8 159.5 109.3 99.2 116.0 141.0 -9999.0 -9999.0 -9999.0 -9999.0 -9999.0 -9999.0 -9999.0 -9999.0 -9999.0 353.0 -9999.0 -9999.0 -9999.0 -9999.0 -9999.0
-9999.0 -9999.0 -9999.0 -9999.0 -9999.0 -9999.0 -9999.0 -9999.0 -9999.0 -9999.0 -9999.0 -9999.0 -9999.0 -9999.0 -9999.0 -9999.0 -9999.0 -9999.0 -9999.0 -9999.0 -9999.0 -9999.0 -9999.0 -9999.0 -9999.0 -9999.0 -9999.0 -9999.0 -9999.0 -9999.0 -9999.0 -9999.0 -9999.0 -9999.0 -9999.0 -9999.0 -9999.0 -9999.0 -9999.0 -9999.0 -9999.0 -9999.0 -9999.0 -9999.0 -9999.0 -9999.0 -9999.0 -9999.0 -9999.0 -9999.0 -9999.0 -9999.0 -9999.0 -9999.0 -9999.0 -9999.0 -9999.0 -9999.0 103.6 112.7 -9999.0 -9999.0 -9999.0 -9999.0 -9999.0 -9999.0 -9999.0 -9999.0 -9999.0 -9999.0 -9999.0 -9999.0 -9999.0 -9999.0 -9999.0 337.8
-9999.0 -9999.0 -9999.0 -9999.0 -9999.0 -9999.0 -9999.0 -9999.0 -9999.0 -9999.0 -9999.0 -9999.0 -9999.0 -9999.0 -9999.0 -9999.0 -9999.0 -9999.0 -9999.0 -9999.0 -9999.0 -9999.0 -9999.0 -9999.0 -9999.0 -9999.0 -9999.0 -9999.0 -9999.0 -9999.0 -9999.0 -9999.0 -9999.0 -9999.0 -9999.0 -9999.0 -9999.0 -9999.0 -9999.0 -9999.0 -9999.0 -9999.0 -9999.0 -9999.0 -9999.0 -9999.0 -9999.0 -9999.0 -9999.0 -9999.0 -9999.0 -9999.0 -9999.0 -9999.0 -9999.0 -9999.0 -9999.0 -9999.0 -9999.0 -9999.0 -9999.0 -9999.0 -9999.0 -9999.0 -9999.0 -9999.0 -9999.0 -9999.0 -9999.0 -9999.0 -9999.0 -9999.0 -9999.0 -9999.0 -9999.0 -9999.0
