program/excelProcessViaJava/data/SURF_CLI_CHN_PRE_MON_GRID_0.5-201510.txt
NCOLS      128
NROWS       72
XLLCORNER    72.000000000000    
YLLCORNER    18.000000000000    
CELLSIZE    0.50000000000000    
NODATA_VALUE   -9999.000    
[rows 35 to 69 of 72, columns 0 to 78 of 128]
-9999.0 -9999.0 -9999.0 -9999.0 -9999.0 0.3 0.1 0.1 0.1 0.1 0.1 0.1 0.1 0.1 0.1 0.3 0.2 0.3 0.3 0.2 0.1 0.1 0.1 0.1 0.1 0.1 0.2 0.3 0.4 0.7 1.0 1.5 1.9 2.4 3.0 2.9 3.6 3.3 3.9 3.9 1.7 3.7 3.0 1.7 0.8 0.4 0.5 0.5 0.6 0.4 0.6 1.1 2.3 4.6 4.6 3.5 5.0 9.2 20.3 26.0 29.8 22.1 18.9 17.9 15.3 13.6 15.1 20.3 21.8 28.2 33.3 42.3 50.5 55.2 59.4 60.8 57.0 56.5 52.7
-9999.0 -9999.0 -9999.0 -9999.0 -9999.0 -9999.0 -9999.0 0.1 0.1 0.1 0.1 0.1 0.1 0.1 0.1 0.1 0.1 0.1 0.1 0.1 0.1 0.1 0.1 0.1 0.1 0.2 0.3 0.4 0.5 0.8 1.4 1.9 2.3 3.0 3.1 3.4 3.4 3.9 3.8 3.5 3.4 3.0 2.8 3.6 1.5 0.7 0.9 1.2 2.5 2.5 5.1 5.6 4.7 6.0 7.9 6.2 7.6 13.3 25.0 33.1 34.5 30.0 23.6 21.5 18.2 16.1 17.8 22.3 33.4 28.3 36.7 46.5 54.8 58.8 60.1 61.7 62.6 63.0 60.8
-9999.0 -9999.0 -9999.0 -9999.0 -9999.0 -9999.0 -9999.0 0.1 0.1 0.1 0.1 0.1 0.1 0.1 0.1 0.2 0.1 0.1 0.1 0.1 0.1 0.1 0.1 0.1 0.2 0.3 0.3 0.5 0.8 1.3 1.6 2.2 2.6 3.2 3.2 3.4 3.5 3.9 3.7 3.9 3.3 3.3 2.6 1.9 2.1 1.9 2.0 2.4 3.5 4.9 7.1 8.2 8.7 8.9 10.9 9.9 10.5 16.8 30.4 36.8 37.0 34.0 30.7 24.9 22.0 19.2 18.6 21.0 35.9 31.6 41.1 49.2 58.4 62.2 62.8 62.5 65.5 68.7 69.7
-9999.0 -9999.0 -9999.0 -9999.0 -9999.0 -9999.0 -9999.0 -9999.0 -9999.0 -9999.0 0.1 0.1 0.2 0.1 0.2 0.2 0.2 0.2 0.2 0.2 0.1 0.2 0.2 0.2 0.3 0.3 0.5 0.8 1.2 1.7 2.2 3.0 3.1 3.4 3.5 4.4 3.9 4.1 5.5 4.2 4.5 3.5 2.6 2.0 2.9 2.0 3.5 3.6 5.6 7.6 9.1 10.9 12.0 12.7 13.6 14.1 15.7 22.7 30.6 34.8 34.2 33.6 34.2 32.1 29.9 21.2 15.6 21.8 32.7 41.4 49.4 61.0 66.6 66.2 59.6 60.5 64.9 74.1 71.4
-9999.0 -9999.0 -9999.0 -9999.0 -9999.0 -9999.0 -9999.0 -9999.0 -9999.0 -9999.0 -9999.0 0.2 0.2 0.2 0.2 0.2 0.2 0.2 0.2 0.2 0.2 0.2 0.2 0.2 0.4 0.4 0.6 1.2 1.7 2.6 3.0 3.4 3.7 4.3 4.4 4.2 5.3 4.6 4.3 3.9 3.7 3.4 3.0 3.1 2.8 3.2 4.3 4.4 6.9 9.9 13.3 14.5 14.3 13.7 14.1 15.1 17.5 21.8 26.7 29.8 29.7 30.7 33.3 37.3 36.1 38.9 26.1 32.5 42.9 54.4 61.9 65.2 59.7 57.0 62.3 77.7 77.1 76.2 65.4
-9999.0 -9999.0 -9999.0 -9999.0 -9999.0 -9999.0 -9999.0 -9999.0 -9999.0 -9999.0 -9999.0 -9999.0 0.2 0.3 0.3 0.3 0.3 0.3 0.2 0.2 0.2 0.2 0.3 0.3 0.4 0.6 0.9 1.4 2.2 2.8 3.8 4.7 4.6 4.5 4.6 4.2 5.1 5.4 5.2 5.0 4.3 3.9 4.8 3.5 4.3 5.4 5.0 6.2 7.8 12.2 14.4 15.4 14.5 14.4 13.8 14.7 16.4 20.1 25.5 27.8 29.3 33.3 36.3 40.1 44.3 46.2 25.1 30.6 45.0 64.7 83.4 97.4 102.9 95.4 86.6 76.7 71.6 78.5 67.8
-9999.0 -9999.0 -9999.0 -9999.0 -9999.0 -9999.0 -9999.0 -9999.0 -9999.0 -9999.0 -9999.0 -9999.0 0.2 0.3 0.2 0.3 0.3 0.3 0.3 0.3 0.3 0.3 0.3 0.4 0.5 0.9 1.5 2.6 3.3 4.2 4.6 4.9 5.7 5.4 4.1 4.0 4.3 5.1 7.3 6.6 6.2 6.5 6.1 7.2 6.3 6.3 8.1 10.4 12.7 14.7 15.8 14.9 14.1 14.5 13.7 13.7 15.1 17.9 20.6 26.5 30.1 37.3 42.0 54.4 39.6 46.7 50.1 45.3 60.7 72.8 66.4 91.7 115.2 108.7 107.1 87.2 76.2 61.3 44.3
-9999.0 -9999.0 -9999.0 -9999.0 -9999.0 -9999.0 -9999.0 -9999.0 -9999.0 -9999.0 -9999.0 0.2 0.2 0.2 0.3 0.3 0.3 0.3 0.3 0.3 0.3 0.3 0.4 0.4 0.6 1.3 2.0 2.8 4.0 5.3 5.9 5.6 6.7 5.2 4.6 3.7 4.7 4.6 5.5 6.5 8.7 10.3 11.5 8.7 10.3 11.5 12.1 12.6 14.5 15.6 16.5 16.2 14.2 14.0 13.7 13.6 13.8 20.8 22.7 30.9 35.7 39.9 51.2 56.0 67.2 61.7 24.7 42.1 76.8 105.1 121.0 127.3 111.7 77.0 67.7 62.4 50.4 42.7 38.3
-9999.0 -9999.0 -9999.0 -9999.0 -9999.0 -9999.0 -9999.0 -9999.0 -9999.0 -9999.0 -9999.0 0.2 0.2 0.3 0.3 0.3 0.3 0.3 0.3 0.3 0.3 0.4 0.5 0.7 1.0 1.5 2.3 3.5 4.8 5.6 6.3 6.8 7.3 4.8 3.6 3.2 3.1 4.5 5.9 6.4 7.7 8.5 9.9 12.2 14.6 17.2 19.7 19.7 18.6 14.8 14.4 15.4 14.1 14.6 15.7 17.5 16.2 18.3 26.1 29.5 35.7 42.5 67.0 75.9 74.4 32.0 55.1 46.9 66.1 92.9 115.3 125.0 119.0 123.5 124.3 89.8 55.0 59.3 48.3
-9999.0 -9999.0 -9999.0 -9999.0 -9999.0 -9999.0 -9999.0 -9999.0 -9999.0 -9999.0 -9999.0 -9999.0 0.2 0.2 0.3 0.3 0.3 0.3 0.3 0.4 0.5 0.6 0.8 1.2 1.7 2.9 3.9 5.8 5.9 6.9 7.4 9.1 6.6 4.4 3.1 2.6 2.9 4.5 6.2 8.3 9.1 9.3 15.5 13.1 19.5 24.0 25.3 23.6 18.6 15.7 14.9 13.4 17.5 17.3 17.1 23.2 21.3 22.4 26.9 39.1 49.4 59.9 57.9 83.8 51.6 23.4 36.0 60.6 88.8 106.6 121.3 134.0 125.8 121.4 142.4 115.7 127.6 64.7 63.6
-9999.0 -9999.0 -9999.0 -9999.0 -9999.0 -9999.0 -9999.0 -9999.0 -9999.0 -9999.0 -9999.0 -9999.0 0.2 0.2 0.2 0.3 0.3 0.3 0.4 0.4 0.7 0.9 1.4 2.2 2.8 4.0 5.2 6.2 7.8 7.2 9.4 8.7 8.1 5.0 3.5 3.5 3.6 5.0 7.4 8.7 10.1 16.0 20.4 22.9 23.0 26.4 28.0 23.1 22.4 18.4 13.6 17.7 17.4 17.6 20.5 21.6 27.2 29.3 32.2 35.9 47.4 49.9 69.4 75.7 26.7 34.5 54.9 80.9 101.6 123.3 130.3 124.8 104.4 90.8 80.8 71.8 72.1 71.5 76.1
-9999.0 -9999.0 -9999.0 -9999.0 -9999.0 -9999.0 -9999.0 -9999.0 -9999.0 -9999.0 -9999.0 -9999.0 -9999.0 0.2 0.2 0.2 0.3 0.3 0.4 0.5 1.1 1.6 2.4 3.4 4.2 5.8 7.2 7.8 8.6 11.1 10.6 9.6 6.9 5.3 4.4 3.3 3.1 5.2 7.6 10.2 11.7 15.9 20.9 25.1 29.9 29.1 28.5 22.3 20.0 17.4 18.8 14.0 20.2 23.8 25.4 26.0 27.7 30.9 35.5 43.1 51.6 64.2 61.3 31.9 29.8 42.6 69.0 87.5 98.1 110.6 113.9 99.5 83.3 64.6 57.5 66.5 93.0 71.0 57.9
-9999.0 -9999.0 -9999.0 -9999.0 -9999.0 -9999.0 -9999.0 -9999.0 -9999.0 -9999.0 -9999.0 -9999.0 -9999.0 -9999.0 0.1 0.2 0.3 0.4 0.5 0.7 1.5 2.3 3.4 5.0 6.7 8.3 9.9 10.6 11.6 9.7 9.6 7.8 8.1 5.9 3.5 3.7 3.7 3.6 5.6 7.3 11.4 16.2 21.1 24.8 23.7 24.0 27.2 21.2 21.9 15.9 17.8 25.8 23.2 27.1 19.1 30.2 31.5 26.9 40.7 47.7 43.2 47.2 46.9 33.2 27.3 38.2 60.1 73.8 79.2 88.9 84.9 70.2 49.9 44.6 52.6 68.4 82.0 100.8 72.6
-9999.0 -9999.0 -9999.0 -9999.0 -9999.0 -9999.0 -9999.0 -9999.0 -9999.0 -9999.0 -9999.0 -9999.0 -9999.0 -9999.0 -9999.0 -9999.0 -9999.0 0.4 0.6 1.0 1.9 3.6 5.2 7.3 9.4 11.2 12.2 12.7 11.5 11.1 8.5 5.1 7.4 2.4 1.2 2.0 2.8 1.4 2.7 4.4 7.9 14.1 18.6 22.1 17.6 23.3 29.0 29.1 22.5 23.0 15.5 21.2 12.0 34.0 37.1 38.1 35.3 43.1 47.8 54.4 30.3 45.7 46.0 31.9 24.4 36.0 59.1 71.0 76.5 81.8 74.3 58.6 48.1 46.1 55.6 69.4 76.9 77.6 73.7
-9999.0 -9999.0 -9999.0 -9999.0 -9999.0 -9999.0 -9999.0 -9999.0 -9999.0 -9999.0 -9999.0 -9999.0 -9999.0 -9999.0 -9999.0 -9999.0 -9999.0 -9999.0 -9999.0 -9999.0 2.8 5.3 7.7 9.9 12.6 15.0 15.7 14.9 12.9 9.5 7.3 3.2 2.3 2.4 2.0 2.2 1.1 0.8 1.1 2.0 4.0 11.7 17.5 21.5 16.9 25.3 26.2 27.9 32.7 46.2 27.1 39.4 42.0 32.5 41.9 47.1 48.8 48.6 61.4 60.7 37.5 41.5 43.8 34.2 35.3 56.8 85.4 87.6 84.6 83.7 74.8 56.5 45.1 50.4 57.4 58.5 57.8 55.5 61.1
-9999.0 -9999.0 -9999.0 -9999.0 -9999.0 -9999.0 -9999.0 -9999.0 -9999.0 -9999.0 -9999.0 -9999.0 -9999.0 -9999.0 -9999.0 -9999.0 -9999.0 -9999.0 -9999.0 -9999.0 -9999.0 -9999.0 10.4 13.3 17.1 19.3 19.8 18.2 15.1 11.1 8.2 6.4 6.8 4.9 4.4 3.1 1.8 1.0 1.4 2.9 5.7 11.1 14.9 17.2 17.8 21.7 28.4 30.6 28.5 22.9 25.5 42.9 30.7 43.7 41.3 30.7 53.0 62.9 47.1 69.8 46.5 50.0 49.3 40.9 51.7 93.1 123.1 106.9 94.1 80.8 74.1 51.7 42.3 47.8 44.9 38.5 45.6 52.0 60.4
-9999.0 -9999.0 -9999.0 -9999.0 -9999.0 -9999.0 -9999.0 -9999.0 -9999.0 -9999.0 -9999.0 -9999.0 -9999.0 -9999.0 -9999.0 -9999.0 -9999.0 -9999.0 -9999.0 -9999.0 -9999.0 -9999.0 -9999.0 -9999.0 10.8 16.9 24.7 18.8 17.1 14.3 10.7 7.1 5.7 5.9 5.9 3.9 3.0 1.9 2.2 3.3 6.9 10.7 12.9 16.1 19.7 22.5 28.5 28.6 36.5 29.6 47.3 44.6 54.8 55.2 34.8 36.7 54.3 56.5 75.8 78.7 74.8 71.1 97.3 59.3 72.5 109.7 123.7 111.9 109.4 99.9 66.8 49.2 42.2 54.4 53.9 39.9 40.1 58.0 94.5
-9999.0 -9999.0 -9999.0 -9999.0 -9999.0 -9999.0 -9999.0 -9999.0 -9999.0 -9999.0 -9999.0 -9999.0 -9999.0 -9999.0 -9999.0 -9999.0 -9999.0 -9999.0 -9999.0 -9999.0 -9999.0 -9999.0 -9999.0 -9999.0 -9999.0 12.1 18.2 14.6 13.0 16.5 11.9 8.8 8.5 6.5 6.8 4.9 5.3 4.4 6.1 5.9 8.4 12.8 14.6 16.4 20.1 23.5 26.9 31.5 36.0 36.5 38.7 38.4 47.9 43.2 43.1 51.4 49.1 58.6 82.4 80.0 84.3 92.4 80.4 76.7 95.3 110.5 124.7 109.4 94.8 85.5 69.5 75.2 56.5 71.8 62.8 57.6 82.7 93.7 93.0
-9999.0 -9999.0 -9999.0 -9999.0 -9999.0 -9999.0 -9999.0 -9999.0 -9999.0 -9999.0 -9999.0 -9999.0 -9999.0 -9999.0 -9999.0 -9999.0 -9999.0 -9999.0 -9999.0 -9999.0 -9999.0 -9999.0 -9999.0 -9999.0 -9999.0 -9999.0 -9999.0 8.2 8.5 13.4 6.8 6.9 5.8 6.9 8.6 8.2 -9999.0 7.5 7.9 9.5 11.6 13.2 16.9 16.1 18.5 23.3 28.8 -9999.0 -9999.0 49.6 55.3 60.2 54.7 64.9 54.8 59.9 68.4 80.0 88.4 96.8 104.1 110.8 99.1 98.6 111.0 131.5 148.3 152.3 129.3 93.9 76.4 96.8 109.8 91.7 105.3 87.6 125.4 110.4 118.6
-9999.0 -9999.0 -9999.0 -9999.0 -9999.0 -9999.0 -9999.0 -9999.0 -9999.0 -9999.0 -9999.0 -9999.0 -9999.0 -9999.0 -9999.0 -9999.0 -9999.0 -9999.0 -9999.0 -9999.0 -9999.0 -9999.0 -9999.0 -9999.0 -9999.0 -9999.0 -9999.0 -9999.0 -9999.0 -9999.0 -9999.0 -9999.0 -9999.0 3.4 3.6 -9999.0 -9999.0 -9999.0 -9999.0 5.5 7.1 8.8 11.0 14.2 18.5 -9999.0 -9999.0 -9999.0 -9999.0 -9999.0 -9999.0 -9999.0 77.4 85.1 80.4 89.0 100.8 107.1 111.7 116.9 119.3 120.9 122.0 115.8 140.9 161.5 175.9 166.1 148.1 142.1 125.1 119.3 112.6 137.4 100.4 112.5 129.7 125.4 153.1
-9999.0 -9999.0 -9999.0 -9999.0 -9999.0 -9999.0 -9999.0 -9999.0 -9999.0 -9999.0 -9999.0 -9999.0 -9999.0 -9999.0 -9999.0 -9999.0 -9999.0 -9999.0 -9999.0 -9999.0 -9999.0 -9999.0 -9999.0 -9999.0 -9999.0 -9999.0 -9999.0 -9999.0 -9999.0 -9999.0 -9999.0 -9999.0 -9999.0 -9999.0 -9999.0 -9999.0 -9999.0 -9999.0 -9999.0 5.2 6.4 8.6 11.8 13.6 -9999.0 -9999.0 -9999.0 -9999.0 -9999.0 -9999.0 -9999.0 -9999.0 101.2 110.0 112.4 124.4 134.8 131.4 128.3 130.5 118.1 112.5 175.5 122.1 147.2 147.9 138.1 149.9 153.5 141.0 119.4 120.3 183.8 146.0 138.0 111.7 150.3 136.2 132.8
-9999.0 -9999.0 -9999.0 -9999.0 -9999.0 -9999.0 -9999.0 -9999.0 -9999.0 -9999.0 -9999.0 -9999.0 -9999.0 -9999.0 -9999.0 -9999.0 -9999.0 -9999.0 -9999.0 -9999.0 -9999.0 -9999.0 -9999.0 -9999.0 -9999.0 -9999.0 -9999.0 -9999.0 -9999.0 -9999.0 -9999.0 -9999.0 -9999.0 -9999.0 -9999.0 -9999.0 -9999.0 -9999.0 -9999.0 -9999.0 -9999.0 -9999.0 -9999.0 -9999.0 -9999.0 -9999.0 -9999.0 -9999.0 -9999.0 -9999.0 -9999.0 108.8 133.8 137.6 133.9 153.9 156.0 164.4 146.8 102.2 150.5 130.7 90.8 105.4 127.0 128.4 115.6 107.0 128.7 104.2 87.6 100.5 103.9 97.5 115.9 124.3 201.3 148.4 202.6
-9999.0 -9999.0 -9999.0 -9999.0 -9999.0 -9999.0 -9999.0 -9999.0 -9999.0 -9999.0 -9999.0 -9999.0 -9999.0 -9999.0 -9999.0 -9999.0 -9999.0 -9999.0 -9999.0 -9999.0 -9999.0 -9999.0 -9999.0 -9999.0 -9999.0 -9999.0 -9999.0 -9999.0 -9999.0 -9999.0 -9999.0 -9999.0 -9999.0 -9999.0 -9999.0 -9999.0 -9999.0 -9999.0 -9999.0 -9999.0 -9999.0 -9999.0 -9999.0 -9999.0 -9999.0 -9999.0 -9999.0 -9999.0 -9999.0 -9999.0 67.9 129.9 151.7 158.8 156.4 167.7 149.9 132.9 150.1 164.8 130.2 140.4 96.3 110.0 128.0 131.9 121.9 105.5 110.3 78.4 82.0 87.7 104.2 129.4 166.0 232.2 167.3 316.1 208.5
-9999.0 -9999.0 -9999.0 -9999.0 -9999.0 -9999.0 -9999.0 -9999.0 -9999.0 -9999.0 -9999.0 -9999.0 -9999.0 -9999.0 -9999.0 -9999.0 -9999.0 -9999.0 -9999.0 -9999.0 -9999.0 -9999.0 -9999.0 -9999.0 -9999.0 -9999.0 -9999.0 -9999.0 -9999.0 -9999.0 -9999.0 -9999.0 -9999.0 -9999.0 -9999.0 -9999.0 -9999.0 -9999.0 -9999.0 -9999.0 -9999.0 -9999.0 -9999.0 -9999.0 -9999.0 -9999.0 -9999.0 -9999.0 -9999.0 -9999.0 57.7 128.6 122.5 150.1 156.6 153.1 126.7 176.1 179.8 153.2 122.4 114.7 99.5 119.7 146.3 127.0 115.7 94.9 91.0 83.4 96.2 126.1 141.4 125.7 134.1 171.6 294.1 222.9 233.4
-9999.0 -9999.0 -9999.0 -9999.0 -9999.0 -9999.0 -9999.0 -9999.0 -9999.0 -9999.0 -9999.0 -9999.0 -9999.0 -9999.0 -9999.0 -9999.0 -9999.0 -9999.0 -9999.0 -9999.0 -9999.0 -9999.0 -9999.0 -9999.0 -9999.0 -9999.0 -9999.0 -9999.0 -9999.0 -9999.0 -9999.0 -9999.0 -9999.0 -9999.0 -9999.0 -9999.0 -9999.0 -9999.0 -9999.0 -9999.0 -9999.0 -9999.0 -9999.0 -9999.0 -9999.0 -9999.0 -9999.0 -9999.0 -9999.0 -9999.0 42.1 73.0 85.0 133.1 107.2 117.9 168.2 167.7 180.7 141.7 138.5 133.6 121.3 123.0 145.3 134.1 102.2 88.9 92.5 107.5 120.7 172.6 148.4 171.4 139.2 207.5 400.5 220.9 245.8
-9999.0 -9999.0 -9999.0 -9999.0 -9999.0 -9999.0 -9999.0 -9999.0 -9999.0 -9999.0 -9999.0 -9999.0 -9999.0 -9999.0 -9999.0 -9999.0 -9999.0 -9999.0 -9999.0 -9999.0 -9999.0 -9999.0 -9999.0 -9999.0 -9999.0 -9999.0 -9999.0 -9999.0 -9999.0 -9999.0 -9999.0 -9999.0 -9999.0 -9999.0 -9999.0 -9999.0 -9999.0 -9999.0 -9999.0 -9999.0 -9999.0 -9999.0 -9999.0 -9999.0 -9999.0 -9999.0 -9999.0 -9999.0 -9999.0 -9999.0 46.2 74.9 78.6 90.3 94.7 123.3 131.4 157.2 163.2 148.4 159.8 147.2 121.1 127.8 137.8 125.0 110.1 86.5 96.6 100.3 119.4 133.2 145.8 167.0 141.8 245.5 370.8 218.4 277.6
-9999.0 -9999.0 -9999.0 -9999.0 -9999.0 -9999.0 -9999.0 -9999.0 -9999.0 -9999.0 -9999.0 -9999.0 -9999.0 -9999.0 -9999.0 -9999.0 -9999.0 -9999.0 -9999.0 -9999.0 -9999.0 -9999.0 -9999.0 -9999.0 -9999.0 -9999.0 -9999.0 -9999.0 -9999.0 -9999.0 -9999.0 -9999.0 -9999.0 -9999.0 -9999.0 -9999.0 -9999.0 -9999.0 -9999.0 -9999.0 -9999.0 -9999.0 -9999.0 -9999.0 -9999.0 -9999.0 -9999.0 -9999.0 -9999.0 -9999.0 58.7 45.6 75.0 81.9 92.8 108.7 130.9 148.9 152.1 162.4 224.6 181.7 183.4 152.0 129.8 102.3 98.8 68.2 79.2 89.6 91.8 87.0 88.4 105.6 151.1 206.2 291.7 222.3 161.7
-9999.0 -9999.0 -9999.0 -9999.0 -9999.0 -9999.0 -9999.0 -9999.0 -9999.0 -9999.0 -9999.0 -9999.0 -9999.0 -9999.0 -9999.0 -9999.0 -9999.0 -9999.0 -9999.0 -9999.0 -9999.0 -9999.0 -9999.0 -9999.0 -9999.0 -9999.0 -9999.0 -9999.0 -9999.0 -9999.0 -9999.0 -9999.0 -9999.0 -9999.0 -9999.0 -9999.0 -9999.0 -9999.0 -9999.0 -9999.0 -9999.0 -9999.0 -9999.0 -9999.0 -9999.0 -9999.0 -9999.0 -9999.0 -9999.0 -9999.0 -9999.0 -9999.0 -9999.0 93.6 112.9 133.0 138.2 139.0 148.5 203.2 215.6 203.0 240.4 176.5 135.0 95.7 69.0 72.1 58.0 59.2 52.3 46.7 55.6 82.3 139.9 295.6 314.5 362.8 244.8
-9999.0 -9999.0 -9999.0 -9999.0 -9999.0 -9999.0 -9999.0 -9999.0 -9999.0 -9999.0 -9999.0 -9999.0 -9999.0 -9999.0 -9999.0 -9999.0 -9999.0 -9999.0 -9999.0 -9999.0 -9999.0 -9999.0 -9999.0 -9999.0 -9999.0 -9999.0 -9999.0 -9999.0 -9999.0 -9999.0 -9999.0 -9999.0 -9999.0 -9999.0 -9999.0 -9999.0 -9999.0 -9999.0 -9999.0 -9999.0 -9999.0 -9999.0 -9999.0 -9999.0 -9999.0 -9999.0 -9999.0 -9999.0 -9999.0 -9999.0 -9999.0 -9999.0 -9999.0 106.7 124.3 145.1 144.8 131.3 133.9 151.1 211.0 227.7 257.9 222.8 131.1 95.6 -9999.0 58.6 53.6 39.2 34.8 38.0 44.8 65.3 134.5 313.0 342.0 378.3 678.5
-9999.0 -9999.0 -9999.0 -9999.0 -9999.0 -9999.0 -9999.0 -9999.0 -9999.0 -9999.0 -9999.0 -9999.0 -9999.0 -9999.0 -9999.0 -9999.0 -9999.0 -9999.0 -9999.0 -9999.0 -9999.0 -9999.0 -9999.0 -9999.0 -9999.0 -9999.0 -9999.0 -9999.0 -9999.0 -9999.0 -9999.0 -9999.0 -9999.0 -9999.0 -9999.0 -9999.0 -9999.0 -9999.0 -9999.0 -9999.0 -9999.0 -9999.0 -9999.0 -9999.0 -9999.0 -9999.0 -9999.0 -9999.0 -9999.0 -9999.0 -9999.0 -9999.0 -9999.0 111.4 128.6 137.3 118.3 94.2 106.2 139.3 104.9 169.7 175.2 -9999.0 -9999.0 -9999.0 -9999.0 -9999.0 37.7 37.7 50.6 32.3 35.2 62.6 118.0 209.2 310.8 317.0 323.7
-9999.0 -9999.0 -9999.0 -9999.0 -9999.0 -9999.0 -9999.0 -9999.0 -9999.0 -9999.0 -9999.0 -9999.0 -9999.0 -9999.0 -9999.0 -9999.0 -9999.0 -9999.0 -9999.0 -9999.0 -9999.0 -9999.0 -9999.0 -9999.0 -9999.0 -9999.0 -9999.0 -9999.0 -9999.0 -9999.0 -9999.0 -9999.0 -9999.0 -9999.0 -9999.0 -9999.0 -9999.0 -9999.0 -9999.0 -9999.0 -9999.0 -9999.0 -9999.0 -9999.0 -9999.0 -9999.0 -9999.0 -9999.0 -9999.0 -9999.0 -9999.0 -9999.0 -9999.0 -9999.0 -9999.0 104.3 116.5 76.2 51.1 66.2 71.3 -9999.0 -9999.0 -9999.0 -9999.0 -9999.0 -9999.0 -9999.0 -9999.0 29.8 33.1 27.9 41.7 70.0 113.7 167.0 236.4 267.4 296.1
-9999.0 -9999.0 -9999.0 -9999.0 -9999.0 -9999.0 -9999.0 -9999.0 -9999.0 -9999.0 -9999.0 -9999.0 -9999.0 -9999.0 -9999.0 -9999.0 -9999.0 -9999.0 -9999.0 -9999.0 -9999.0 -9999.0 -9999.0 -9999.0 -9999.0 -9999.0 -9999.0 -9999.0 -9999.0 -9999.0 -9999.0 -9999.0 -9999.0 -9999.0 -9999.0 -9999.0 -9999.0 -9999.0 -9999.0 -9999.0 -9999.0 -9999.0 -9999.0 -9999.0 -9999.0 -9999.0 -9999.0 -9999.0 -9999.0 -9999.0 -9999.0 -9999.0 -9999.0 -9999.0 -9999.0 -9999.0 26.8 37.3 36.8 24.3 37.5 -9999.0 -9999.0 -9999.0 -9999.0 -9999.0 -9999.0 -9999.0 -9999.0 -9999.0 -9999.0 -9999.0 55.0 84.1 117.4 148.7 196.1 234.8 281.4
-9999.0 -9999.0 -9999.0 -9999.0 -9999.0 -9999.0 -9999.0 -9999.0 -9999.0 -9999.0 -9999.0 -9999.0 -9999.0 -9999.0 -9999.0 -9999.0 -9999.0 -9999.0 -9999.0 -9999.0 -9999.0 -9999.0 -9999.0 -9999.0 -9999.0 -9999.0 -9999.0 -9999.0 -9999.0 -9999.0 -9999.0 -9999.0 -9999.0 -9999.0 -9999.0 -9999.0 -9999.0 -9999.0 -9999.0 -9999.0 -9999.0 -9999.0 -9999.0 -9999.0 -9999.0 -9999.0 -9999.0 -9999.0 -9999.0 -9999.0 -9999.0 -9999.0 -9999.0 -9999.0 -9999.0 -9999.0 -9999.0 -9999.0 -9999.0 -9999.0 -9999.0 -9999.0 -9999.0 -9999.0 -9999.0 -9999.0 -9999.0 -9999.0 -9999.0 -9999.0 -9999.0 -9999.0 -9999.0 98.6 132.8 164.2 198.5 242.2 287.9
-9999.0 -9999.0 -9999.0 -9999.0 -9999.0 -9999.0 -9999.0 -9999.0 -9999.0 -9999.0 -9999.0 -9999.0 -9999.0 -9999.0 -9999.0 -9999.0 -9999.0 -9999.0 -9999.0 -9999.0 -9999.0 -9999.0 -9999.0 -9999.0 -9999.0 -9999.0 -9999.0 -9999.0 -9999.0 -9999.0 -9999.0 -9999.0 -9999.0 -9999.0 -9999.0 -9999.0 -9999.0 -9999.0 -9999.0 -9999.0 -9999.0 -9999.0 -9999.0 -9999.0 -9999.0 -9999.0 -9999.0 -9999.0 -9999.0 -9999.0 -9999.0 -9999.0 -9999.0 -9999.0 -9999.0 -9999.0 -9999.0 -9999.0 -9999.0 -9999.0 -9999.0 -9999.0 -9999.0 -9999.0 -9999.0 -9999.0 -9999.0 -9999.0 -9999.0 -9999.0 -9999.0 -9999.0 71.5 106.0 148.4 210.2 243.7 280.4 317.3
-9999.0 -9999.0 -9999.0 -9999.0 -9999.0 -9999.0 -9999.0 -9999.0 -9999.0 -9999.0 -9999.0 -9999.0 -9999.0 -9999.0 -9999.0 -9999.0 -9999.0 -9999.0 -9999.0 -9999.0 -9999.0 -9999.0 -9999.0 -9999.0 -9999.0 -9999.0 -9999.0 -9999.0 -9999.0 -9999.0 -9999.0 -9999.0 -9999.0 -9999.0 -9999.0 -9999.0 -9999.0 -9999.0 -9999.0 -9999.0 -9999.0 -9999.0 -9999.0 -9999.0 -9999.0 -9999.0 -9999.0 -9999.0 -9999.0 -9999.0 -9999.0 -9999.0 -9999.0 -9999.0 -9999.0 -9999.0 -9999.0 -9999.0 -9999.0 -9999.0 -9999.0 -9999.0 -9999.0 -9999.0 -9999.0 -9999.0 -9999.0 -9999.0 -9999.0 -9999.0 -9999.0 -9999.0 62.6 96.2 195.6 237.3 317.4 315.9 355.1
