program/excelProcessViaJava/data/SURF_CLI_CHN_PRE_MON_GRID_0.5-199406.txt
NCOLS      128
NROWS       72
XLLCORNER    72.000000000000    
YLLCORNER    18.000000000000    
CELLSIZE    0.50000000000000    
NODATA_VALUE   -9999.000    
[rows 33 to 65 of 72, columns 0 to 74 of 128]
-9999.0 -9999.0 -9999.0 -9999.0 11.9 18.8 25.0 17.8 17.9 7.1 11.7 11.6 11.6 9.0 8.5 10.0 13.1 15.3 13.1 9.0 5.5 3.8 3.7 5.2 7.2 10.6 13.7 45.1 28.2 30.7 32.4 28.5 26.1 28.6 20.2 19.1 16.2 28.9 23.5 12.8 5.2 3.7 4.4 5.4 7.0 9.1 12.6 21.7 37.5 45.8 62.4 105.7 137.2 159.9 122.3 113.8 97.8 104.8 98.5 97.0 94.0 96.0 96.4 77.9 50.9 49.5 48.4 49.0 55.2 56.1 56.6 56.3 54.4 52.7 54.0
-9999.0 -9999.0 -9999.0 -9999.0 13.4 11.7 19.1 12.8 24.9 24.9 13.7 25.1 22.3 24.2 15.5 17.6 20.0 18.6 14.3 9.4 7.3 6.1 7.1 15.1 28.9 36.4 29.3 30.0 28.7 28.1 27.0 29.2 25.1 24.1 24.8 21.4 25.9 30.4 21.4 14.0 23.0 9.4 9.3 8.2 8.6 9.1 10.5 13.8 20.5 33.7 48.1 66.9 129.6 121.7 110.1 110.1 97.8 97.7 104.0 103.8 110.8 111.3 102.9 98.6 74.9 55.0 72.3 75.4 88.0 94.4 86.8 80.7 75.8 74.7 78.5
-9999.0 -9999.0 -9999.0 -9999.0 -9999.0 -9999.0 -9999.0 11.3 15.3 13.7 21.1 21.8 18.1 20.5 21.5 15.5 19.7 18.0 15.9 15.4 19.3 23.6 24.9 24.5 24.3 24.5 26.4 27.0 27.0 28.7 27.6 26.6 25.2 25.9 28.0 24.7 30.4 28.7 37.4 42.0 25.7 55.4 53.6 37.6 22.7 13.6 18.1 19.2 30.7 32.8 41.6 59.5 94.6 150.9 155.8 110.2 84.7 77.1 105.1 108.6 106.1 110.6 98.1 103.9 110.5 85.3 98.6 116.9 129.6 134.2 117.6 103.6 100.1 101.7 106.2
-9999.0 -9999.0 -9999.0 -9999.0 -9999.0 -9999.0 -9999.0 14.1 7.7 11.9 13.9 12.7 14.6 17.4 16.1 20.1 17.2 17.5 20.4 17.9 17.9 20.6 20.0 20.9 21.1 21.9 22.2 24.8 22.8 22.2 24.3 24.2 23.8 26.6 24.2 25.6 25.5 31.0 33.7 36.1 43.7 50.9 59.6 78.3 48.3 30.3 35.7 39.7 64.1 65.2 100.3 107.4 102.3 127.5 147.0 132.8 112.4 103.8 102.8 97.1 97.4 110.2 112.9 127.9 121.8 114.6 118.9 132.5 161.9 148.4 130.8 115.8 115.4 117.4 112.7
-9999.0 -9999.0 -9999.0 -9999.0 -9999.0 -9999.0 -9999.0 -9999.0 -9999.0 7.7 7.8 7.8 10.2 10.5 10.4 10.8 12.4 16.0 14.5 17.2 16.3 15.9 16.6 17.7 18.5 19.0 20.4 21.0 20.2 22.6 19.7 20.7 21.1 23.0 21.4 22.7 24.1 28.4 29.7 36.5 40.7 53.9 60.5 60.3 67.8 64.7 62.9 62.0 68.3 76.0 91.1 95.4 102.9 115.7 134.0 138.6 120.7 108.9 104.4 91.9 88.6 96.1 112.1 126.5 132.7 123.8 118.3 123.9 153.9 140.0 131.4 117.2 114.8 115.9 117.1
-9999.0 -9999.0 -9999.0 -9999.0 -9999.0 -9999.0 -9999.0 -9999.0 -9999.0 -9999.0 -9999.0 6.1 4.6 6.9 6.6 7.5 8.1 8.8 9.7 11.2 13.2 13.7 15.2 15.9 18.8 18.8 20.1 20.5 20.3 19.8 19.6 21.4 20.0 20.9 21.4 27.6 26.0 28.9 43.4 36.4 47.3 51.9 59.5 65.6 87.1 74.0 91.0 78.4 85.2 86.8 85.3 92.0 99.2 110.7 123.3 133.8 136.4 127.1 109.6 96.8 95.1 95.2 105.9 117.8 129.7 105.9 96.6 109.8 123.7 129.9 123.2 119.0 109.6 101.5 88.7
-9999.0 -9999.0 -9999.0 -9999.0 -9999.0 -9999.0 -9999.0 -9999.0 -9999.0 -9999.0 -9999.0 -9999.0 2.6 2.9 4.0 4.1 6.0 6.0 7.2 9.6 9.6 11.5 13.4 14.7 18.7 17.8 18.2 19.7 19.6 20.8 19.6 19.3 19.7 22.2 24.4 26.2 35.7 33.6 33.8 34.3 38.4 48.4 62.3 81.4 90.1 97.6 103.4 88.1 92.3 96.4 106.6 105.2 102.6 106.5 116.1 127.6 135.1 134.5 119.5 118.9 110.6 114.8 120.5 123.1 113.9 140.1 105.0 116.0 125.5 131.7 115.0 109.4 107.6 102.9 109.8
-9999.0 -9999.0 -9999.0 -9999.0 -9999.0 -9999.0 -9999.0 -9999.0 -9999.0 -9999.0 -9999.0 -9999.0 2.0 1.4 1.6 2.4 2.7 3.6 5.3 6.6 8.3 10.5 12.5 14.2 15.8 17.4 18.5 18.8 19.2 19.0 19.4 20.3 20.1 21.1 24.2 27.4 36.9 43.8 46.1 47.2 47.5 56.4 81.3 88.1 110.3 125.6 115.4 107.8 97.0 109.7 110.9 112.5 108.9 111.6 117.9 126.0 134.4 139.4 139.2 137.9 134.2 132.6 141.7 153.2 121.0 132.5 107.8 117.2 124.1 132.3 149.0 175.6 183.0 163.6 169.3
-9999.0 -9999.0 -9999.0 -9999.0 -9999.0 -9999.0 -9999.0 -9999.0 -9999.0 -9999.0 -9999.0 -9999.0 -9999.0 0.8 1.2 1.1 1.7 2.4 3.5 5.1 7.1 9.3 11.8 14.2 16.3 17.8 18.9 19.6 19.8 19.9 19.7 19.6 20.6 22.1 23.3 28.8 37.6 49.6 70.9 69.3 71.8 84.0 95.9 121.0 128.0 132.7 140.9 140.1 134.2 128.2 126.1 120.7 119.0 123.4 122.0 126.1 132.8 143.0 155.2 167.2 172.3 170.4 174.1 154.3 122.8 131.4 141.9 147.5 155.8 155.9 141.5 155.3 187.7 206.4 223.7
-9999.0 -9999.0 -9999.0 -9999.0 -9999.0 -9999.0 -9999.0 -9999.0 -9999.0 -9999.0 -9999.0 -9999.0 0.5 0.7 0.8 0.8 1.3 1.8 2.8 4.5 6.6 9.1 11.8 14.7 17.2 18.1 19.4 20.4 20.7 20.7 20.9 21.1 21.3 21.6 24.4 29.8 43.5 56.0 70.1 80.3 100.1 119.2 137.9 129.9 148.0 156.8 151.1 134.5 132.0 131.5 139.2 140.1 130.1 128.5 125.5 125.9 133.8 142.7 165.5 188.1 201.6 207.8 207.7 206.5 174.9 145.1 136.7 169.6 195.9 217.2 234.5 243.7 229.2 178.6 171.8
-9999.0 -9999.0 -9999.0 -9999.0 -9999.0 -9999.0 -9999.0 -9999.0 -9999.0 -9999.0 -9999.0 -9999.0 0.4 0.4 0.5 0.9 1.1 1.4 2.5 4.1 6.6 9.0 12.0 15.1 18.2 20.4 21.3 21.9 22.3 23.2 23.8 23.6 22.8 23.3 24.4 29.6 41.8 62.3 81.7 90.3 101.5 112.3 127.6 144.3 156.4 163.2 169.5 156.7 144.4 119.2 128.7 141.3 136.3 133.8 127.2 122.2 129.7 147.4 171.8 198.1 218.2 229.7 223.6 184.7 153.9 116.3 149.9 207.5 240.0 258.4 277.5 287.9 278.8 303.9 302.1
-9999.0 -9999.0 -9999.0 -9999.0 -9999.0 -9999.0 -9999.0 -9999.0 -9999.0 -9999.0 -9999.0 -9999.0 0.2 0.4 0.4 0.6 0.8 1.5 2.4 4.1 6.2 8.7 12.3 14.7 17.9 18.4 20.3 19.9 23.4 24.7 26.4 25.4 28.0 28.3 27.4 30.1 42.6 65.3 88.0 105.5 115.7 126.5 153.9 143.9 158.8 171.5 169.6 144.9 117.8 121.2 130.0 128.9 147.9 143.9 129.4 116.1 126.4 148.5 176.8 206.9 230.7 240.8 244.6 175.3 102.6 140.9 172.9 222.5 247.9 245.3 260.5 318.4 324.8 332.0 302.4
-9999.0 -9999.0 -9999.0 -9999.0 -9999.0 -9999.0 -9999.0 -9999.0 -9999.0 -9999.0 -9999.0 -9999.0 -9999.0 0.5 0.5 0.6 0.9 1.5 2.7 4.4 6.6 9.5 11.9 14.2 18.3 19.5 21.0 22.6 22.5 27.2 26.7 30.6 32.1 34.4 32.2 35.7 48.1 72.1 98.2 116.3 130.5 156.4 173.6 173.8 154.2 145.2 147.6 104.8 130.4 124.1 108.4 132.0 126.5 116.8 126.2 125.9 121.2 146.1 179.8 212.4 236.0 248.1 239.7 122.6 161.8 160.1 167.5 183.8 186.1 207.9 231.4 245.3 285.7 204.3 248.0
-9999.0 -9999.0 -9999.0 -9999.0 -9999.0 -9999.0 -9999.0 -9999.0 -9999.0 -9999.0 -9999.0 -9999.0 -9999.0 0.3 0.6 0.7 1.2 1.9 3.4 5.3 7.3 9.7 12.2 14.9 19.7 19.9 20.4 22.8 23.4 22.0 26.2 31.6 39.5 41.2 40.1 44.6 57.1 81.9 107.7 131.9 143.6 159.3 170.3 170.5 179.0 144.3 128.2 92.4 94.6 93.1 107.2 81.4 108.6 121.3 127.6 120.4 119.8 146.9 183.4 206.0 238.2 204.1 147.9 197.9 182.3 162.6 147.4 145.0 147.1 158.1 185.2 204.9 202.6 205.9 199.3
-9999.0 -9999.0 -9999.0 -9999.0 -9999.0 -9999.0 -9999.0 -9999.0 -9999.0 -9999.0 -9999.0 -9999.0 -9999.0 -9999.0 -9999.0 0.9 1.5 2.6 4.4 7.0 8.7 12.1 15.2 17.2 18.4 19.6 18.3 19.6 19.7 23.8 27.3 35.1 38.9 45.3 50.2 57.4 71.9 85.1 108.7 126.2 143.9 156.6 160.8 155.7 135.3 114.6 106.0 71.1 79.1 45.6 63.8 106.5 83.1 92.9 68.8 105.3 121.5 136.3 187.8 220.5 195.0 144.7 188.7 190.1 176.5 152.2 134.8 132.1 134.4 148.1 161.7 165.4 189.5 192.7 187.4
-9999.0 -9999.0 -9999.0 -9999.0 -9999.0 -9999.0 -9999.0 -9999.0 -9999.0 -9999.0 -9999.0 -9999.0 -9999.0 -9999.0 -9999.0 -9999.0 -9999.0 6.1 7.9 -9999.0 14.3 14.2 19.3 21.8 20.4 21.4 19.5 19.9 21.5 22.0 27.3 39.1 42.2 60.4 64.6 60.8 78.7 66.5 94.5 108.8 121.3 138.3 134.5 128.0 145.2 108.6 157.8 93.7 51.5 55.6 33.5 45.8 38.3 79.9 94.2 107.2 108.8 157.3 188.7 221.3 127.2 123.8 152.4 168.6 152.1 126.6 117.2 121.9 131.4 137.8 133.1 153.0 167.6 180.4 201.1
-9999.0 -9999.0 -9999.0 -9999.0 -9999.0 -9999.0 -9999.0 -9999.0 -9999.0 -9999.0 -9999.0 -9999.0 -9999.0 -9999.0 -9999.0 -9999.0 -9999.0 -9999.0 -9999.0 -9999.0 -9999.0 19.8 21.2 21.0 24.0 29.0 27.3 25.0 22.7 25.1 27.9 45.2 58.0 65.7 66.4 61.5 59.6 60.4 60.2 62.7 72.1 108.9 112.4 104.4 131.9 89.9 201.3 67.7 81.4 176.6 43.0 87.7 85.4 45.7 71.1 107.4 130.0 145.6 203.7 218.2 114.3 113.1 118.7 134.1 128.0 103.7 99.0 111.3 124.4 131.6 133.5 142.0 159.8 177.2 192.6
-9999.0 -9999.0 -9999.0 -9999.0 -9999.0 -9999.0 -9999.0 -9999.0 -9999.0 -9999.0 -9999.0 -9999.0 -9999.0 -9999.0 -9999.0 -9999.0 -9999.0 -9999.0 -9999.0 -9999.0 -9999.0 -9999.0 -9999.0 41.0 32.9 34.3 33.1 29.2 24.9 26.2 28.7 37.3 49.2 59.5 66.5 67.9 75.2 57.1 74.8 81.4 75.0 89.5 68.5 71.2 116.2 217.8 118.4 86.6 92.1 87.8 42.7 62.8 38.5 49.6 48.0 44.1 113.4 163.3 155.8 217.8 172.0 171.0 146.6 112.7 99.8 88.5 89.0 106.6 124.3 133.7 132.6 144.1 160.9 171.0 144.5
-9999.0 -9999.0 -9999.0 -9999.0 -9999.0 -9999.0 -9999.0 -9999.0 -9999.0 -9999.0 -9999.0 -9999.0 -9999.0 -9999.0 -9999.0 -9999.0 -9999.0 -9999.0 -9999.0 -9999.0 -9999.0 -9999.0 -9999.0 -9999.0 -9999.0 62.3 49.8 33.0 31.8 36.5 34.5 42.4 53.6 61.2 62.1 74.0 97.1 59.8 78.5 54.4 77.3 47.5 81.3 87.8 171.9 208.2 182.1 228.8 64.6 81.6 67.4 52.8 66.6 63.0 38.3 49.8 101.0 130.3 189.8 217.8 232.7 216.9 202.3 123.5 103.0 93.7 98.8 112.3 126.0 132.6 140.9 141.4 141.4 149.0 129.9
-9999.0 -9999.0 -9999.0 -9999.0 -9999.0 -9999.0 -9999.0 -9999.0 -9999.0 -9999.0 -9999.0 -9999.0 -9999.0 -9999.0 -9999.0 -9999.0 -9999.0 -9999.0 -9999.0 -9999.0 -9999.0 -9999.0 -9999.0 -9999.0 -9999.0 -9999.0 -9999.0 73.3 74.3 53.3 51.4 54.9 61.0 62.1 66.5 51.8 51.3 44.6 31.6 37.4 49.0 32.7 85.0 145.4 169.8 192.5 206.0 214.4 219.0 144.1 187.6 168.5 55.2 50.6 48.8 70.4 94.6 138.6 188.0 221.5 252.5 232.4 173.2 126.5 86.7 95.8 127.6 156.1 175.0 164.0 135.9 125.7 108.2 121.8 100.0
-9999.0 -9999.0 -9999.0 -9999.0 -9999.0 -9999.0 -9999.0 -9999.0 -9999.0 -9999.0 -9999.0 -9999.0 -9999.0 -9999.0 -9999.0 -9999.0 -9999.0 -9999.0 -9999.0 -9999.0 -9999.0 -9999.0 -9999.0 -9999.0 -9999.0 -9999.0 -9999.0 -9999.0 -9999.0 -9999.0 -9999.0 -9999.0 -9999.0 65.6 64.3 -9999.0 -9999.0 -9999.0 46.9 35.5 46.1 71.0 75.2 139.1 158.6 173.8 -9999.0 -9999.0 -9999.0 -9999.0 -9999.0 -9999.0 89.1 68.2 75.9 101.7 130.4 178.9 201.9 244.8 260.0 236.9 177.9 129.6 116.9 128.4 158.2 192.9 217.9 173.6 112.4 102.7 104.3 101.4 127.3
-9999.0 -9999.0 -9999.0 -9999.0 -9999.0 -9999.0 -9999.0 -9999.0 -9999.0 -9999.0 -9999.0 -9999.0 -9999.0 -9999.0 -9999.0 -9999.0 -9999.0 -9999.0 -9999.0 -9999.0 -9999.0 -9999.0 -9999.0 -9999.0 -9999.0 -9999.0 -9999.0 -9999.0 -9999.0 -9999.0 -9999.0 -9999.0 -9999.0 -9999.0 -9999.0 -9999.0 -9999.0 -9999.0 -9999.0 75.7 85.4 98.0 112.5 128.0 -9999.0 -9999.0 -9999.0 -9999.0 -9999.0 -9999.0 -9999.0 -9999.0 92.6 95.2 87.6 127.4 175.1 197.0 216.1 240.2 254.5 242.9 203.5 169.4 153.8 162.6 192.9 271.2 262.9 207.9 140.4 98.8 85.8 119.2 157.0
-9999.0 -9999.0 -9999.0 -9999.0 -9999.0 -9999.0 -9999.0 -9999.0 -9999.0 -9999.0 -9999.0 -9999.0 -9999.0 -9999.0 -9999.0 -9999.0 -9999.0 -9999.0 -9999.0 -9999.0 -9999.0 -9999.0 -9999.0 -9999.0 -9999.0 -9999.0 -9999.0 -9999.0 -9999.0 -9999.0 -9999.0 -9999.0 -9999.0 -9999.0 -9999.0 -9999.0 -9999.0 -9999.0 -9999.0 -9999.0 -9999.0 -9999.0 -9999.0 -9999.0 -9999.0 -9999.0 -9999.0 -9999.0 -9999.0 -9999.0 -9999.0 -9999.0 118.0 131.5 113.0 144.6 171.0 181.9 188.5 218.1 239.3 253.4 271.4 233.9 236.3 280.8 349.4 353.4 297.5 222.5 153.4 120.3 163.7 162.0 225.7
-9999.0 -9999.0 -9999.0 -9999.0 -9999.0 -9999.0 -9999.0 -9999.0 -9999.0 -9999.0 -9999.0 -9999.0 -9999.0 -9999.0 -9999.0 -9999.0 -9999.0 -9999.0 -9999.0 -9999.0 -9999.0 -9999.0 -9999.0 -9999.0 -9999.0 -9999.0 -9999.0 -9999.0 -9999.0 -9999.0 -9999.0 -9999.0 -9999.0 -9999.0 -9999.0 -9999.0 -9999.0 -9999.0 -9999.0 -9999.0 -9999.0 -9999.0 -9999.0 -9999.0 -9999.0 -9999.0 -9999.0 -9999.0 -9999.0 -9999.0 -9999.0 140.4 138.4 165.7 121.2 157.2 179.6 189.9 177.3 164.1 294.5 315.1 285.8 304.2 335.4 384.7 405.1 259.7 304.3 222.7 173.0 166.6 189.8 278.1 394.2
-9999.0 -9999.0 -9999.0 -9999.0 -9999.0 -9999.0 -9999.0 -9999.0 -9999.0 -9999.0 -9999.0 -9999.0 -9999.0 -9999.0 -9999.0 -9999.0 -9999.0 -9999.0 -9999.0 -9999.0 -9999.0 -9999.0 -9999.0 -9999.0 -9999.0 -9999.0 -9999.0 -9999.0 -9999.0 -9999.0 -9999.0 -9999.0 -9999.0 -9999.0 -9999.0 -9999.0 -9999.0 -9999.0 -9999.0 -9999.0 -9999.0 -9999.0 -9999.0 -9999.0 -9999.0 -9999.0 -9999.0 -9999.0 -9999.0 -9999.0 121.7 222.0 225.0 219.9 177.6 204.3 230.3 245.1 204.1 251.2 281.8 360.3 325.2 343.5 393.5 417.1 377.9 287.3 312.9 235.5 246.1 253.1 351.7 465.2 549.0
-9999.0 -9999.0 -9999.0 -9999.0 -9999.0 -9999.0 -9999.0 -9999.0 -9999.0 -9999.0 -9999.0 -9999.0 -9999.0 -9999.0 -9999.0 -9999.0 -9999.0 -9999.0 -9999.0 -9999.0 -9999.0 -9999.0 -9999.0 -9999.0 -9999.0 -9999.0 -9999.0 -9999.0 -9999.0 -9999.0 -9999.0 -9999.0 -9999.0 -9999.0 -9999.0 -9999.0 -9999.0 -9999.0 -9999.0 -9999.0 -9999.0 -9999.0 -9999.0 -9999.0 -9999.0 -9999.0 -9999.0 -9999.0 -9999.0 -9999.0 137.1 359.1 235.3 297.5 280.0 260.0 280.1 290.5 275.0 250.9 243.1 295.0 275.1 312.6 344.3 313.1 293.4 219.6 263.8 268.7 332.8 422.8 542.5 631.0 638.3
-9999.0 -9999.0 -9999.0 -9999.0 -9999.0 -9999.0 -9999.0 -9999.0 -9999.0 -9999.0 -9999.0 -9999.0 -9999.0 -9999.0 -9999.0 -9999.0 -9999.0 -9999.0 -9999.0 -9999.0 -9999.0 -9999.0 -9999.0 -9999.0 -9999.0 -9999.0 -9999.0 -9999.0 -9999.0 -9999.0 -9999.0 -9999.0 -9999.0 -9999.0 -9999.0 -9999.0 -9999.0 -9999.0 -9999.0 -9999.0 -9999.0 -9999.0 -9999.0 -9999.0 -9999.0 -9999.0 -9999.0 -9999.0 -9999.0 -9999.0 137.9 258.4 211.7 452.4 284.1 271.3 362.0 338.7 330.6 231.7 239.2 262.9 235.4 202.3 229.9 227.4 217.5 202.4 220.3 321.1 363.9 477.4 557.0 609.3 560.2
-9999.0 -9999.0 -9999.0 -9999.0 -9999.0 -9999.0 -9999.0 -9999.0 -9999.0 -9999.0 -9999.0 -9999.0 -9999.0 -9999.0 -9999.0 -9999.0 -9999.0 -9999.0 -9999.0 -9999.0 -9999.0 -9999.0 -9999.0 -9999.0 -9999.0 -9999.0 -9999.0 -9999.0 -9999.0 -9999.0 -9999.0 -9999.0 -9999.0 -9999.0 -9999.0 -9999.0 -9999.0 -9999.0 -9999.0 -9999.0 -9999.0 -9999.0 -9999.0 -9999.0 -9999.0 -9999.0 -9999.0 -9999.0 -9999.0 -9999.0 335.7 486.8 392.3 429.2 379.9 418.0 282.4 372.3 365.2 266.5 253.3 202.5 116.9 146.2 169.2 171.8 183.2 192.4 227.4 190.1 282.1 352.3 417.7 455.3 443.6
-9999.0 -9999.0 -9999.0 -9999.0 -9999.0 -9999.0 -9999.0 -9999.0 -9999.0 -9999.0 -9999.0 -9999.0 -9999.0 -9999.0 -9999.0 -9999.0 -9999.0 -9999.0 -9999.0 -9999.0 -9999.0 -9999.0 -9999.0 -9999.0 -9999.0 -9999.0 -9999.0 -9999.0 -9999.0 -9999.0 -9999.0 -9999.0 -9999.0 -9999.0 -9999.0 -9999.0 -9999.0 -9999.0 -9999.0 -9999.0 -9999.0 -9999.0 -9999.0 -9999.0 -9999.0 -9999.0 -9999.0 -9999.0 -9999.0 -9999.0 -9999.0 -9999.0 -9999.0 376.0 342.7 349.4 390.1 450.6 374.8 376.1 446.9 218.5 248.7 181.6 172.6 164.2 177.5 153.8 167.8 169.8 178.6 211.0 250.7 290.6 344.4
-9999.0 -9999.0 -9999.0 -9999.0 -9999.0 -9999.0 -9999.0 -9999.0 -9999.0 -9999.0 -9999.0 -9999.0 -9999.0 -9999.0 -9999.0 -9999.0 -9999.0 -9999.0 -9999.0 -9999.0 -9999.0 -9999.0 -9999.0 -9999.0 -9999.0 -9999.0 -9999.0 -9999.0 -9999.0 -9999.0 -9999.0 -9999.0 -9999.0 -9999.0 -9999.0 -9999.0 -9999.0 -9999.0 -9999.0 -9999.0 -9999.0 -9999.0 -9999.0 -9999.0 -9999.0 -9999.0 -9999.0 -9999.0 -9999.0 -9999.0 -9999.0 -9999.0 -9999.0 463.7 395.4 650.1 433.1 414.3 529.0 659.3 529.9 345.0 419.4 240.5 212.0 187.0 137.1 176.7 135.4 129.3 128.0 157.4 197.2 245.7 321.2
-9999.0 -9999.0 -9999.0 -9999.0 -9999.0 -9999.0 -9999.0 -9999.0 -9999.0 -9999.0 -9999.0 -9999.0 -9999.0 -9999.0 -9999.0 -9999.0 -9999.0 -9999.0 -9999.0 -9999.0 -9999.0 -9999.0 -9999.0 -9999.0 -9999.0 -9999.0 -9999.0 -9999.0 -9999.0 -9999.0 -9999.0 -9999.0 -9999.0 -9999.0 -9999.0 -9999.0 -9999.0 -9999.0 -9999.0 -9999.0 -9999.0 -9999.0 -9999.0 -9999.0 -9999.0 -9999.0 -9999.0 -9999.0 -9999.0 -9999.0 -9999.0 -9999.0 -9999.0 559.4 375.1 563.0 488.2 442.6 554.9 619.0 717.6 603.9 612.4 500.3 206.3 -9999.0 -9999.0 -9999.0 177.0 157.3 162.7 195.2 250.1 319.1 404.6
-9999.0 -9999.0 -9999.0 -9999.0 -9999.0 -9999.0 -9999.0 -9999.0 -9999.0 -9999.0 -9999.0 -9999.0 -9999.0 -9999.0 -9999.0 -9999.0 -9999.0 -9999.0 -9999.0 -9999.0 -9999.0 -9999.0 -9999.0 -9999.0 -9999.0 -9999.0 -9999.0 -9999.0 -9999.0 -9999.0 -9999.0 -9999.0 -9999.0 -9999.0 -9999.0 -9999.0 -9999.0 -9999.0 -9999.0 -9999.0 -9999.0 -9999.0 -9999.0 -9999.0 -9999.0 -9999.0 -9999.0 -9999.0 -9999.0 -9999.0 -9999.0 -9999.0 -9999.0 -9999.0 567.4 509.1 339.0 308.0 516.6 707.1 443.0 -9999.0 -9999.0 -9999.0 -9999.0 -9999.0 -9999.0 -9999.0 210.6 221.6 237.4 263.8 325.7 393.2 474.4
-9999.0 -9999.0 -9999.0 -9999.0 -9999.0 -9999.0 -9999.0 -9999.0 -9999.0 -9999.0 -9999.0 -9999.0 -9999.0 -9999.0 -9999.0 -9999.0 -9999.0 -9999.0 -9999.0 -9999.0 -9999.0 -9999.0 -9999.0 -9999.0 -9999.0 -9999.0 -9999.0 -9999.0 -9999.0 -9999.0 -9999.0 -9999.0 -9999.0 -9999.0 -9999.0 -9999.0 -9999.0 -9999.0 -9999.0 -9999.0 -9999.0 -9999.0 -9999.0 -9999.0 -9999.0 -9999.0 -9999.0 -9999.0 -9999.0 -9999.0 -9999.0 -9999.0 -9999.0 -9999.0 -9999.0 418.8 579.5 361.0 319.4 466.8 453.4 -9999.0 -9999.0 -9999.0 -9999.0 -9999.0 -9999.0 -9999.0 -9999.0 -9999.0 280.3 -9999.0 -9999.0 -9999.0 -9999.0
