program/excelProcessViaJava/data/SURF_CLI_CHN_PRE_MON_GRID_0.5-199010.txt
NCOLS      128
NROWS       72
XLLCORNER    72.000000000000    
YLLCORNER    18.000000000000    
CELLSIZE    0.50000000000000    
NODATA_VALUE   -9999.000    
[rows 35 to 69 of 72, columns 0 to 77 of 128]
-9999.0 -9999.0 -9999.0 -9999.0 -9999.0 -9999.0 -9999.0 12.8 14.3 7.6 12.1 8.3 2.4 1.8 1.0 0.2 0.2 0.1 0.1 0.1 0.1 0.1 0.1 0.0 0.0 0.0 0.1 0.1 0.1 0.1 0.2 0.3 0.3 0.4 0.6 0.7 1.1 1.4 2.2 3.0 2.2 5.0 5.1 3.4 1.6 0.6 0.8 0.6 1.0 0.7 0.9 1.8 5.3 11.3 15.2 24.2 28.4 28.2 25.1 28.9 31.1 30.7 27.5 29.9 37.1 35.6 41.9 47.0 52.1 60.1 60.4 56.3 51.7 42.7 33.2 29.4 21.8 22.2
-9999.0 -9999.0 -9999.0 -9999.0 -9999.0 -9999.0 -9999.0 28.5 8.4 12.0 10.7 5.3 4.4 4.5 1.5 2.3 0.4 0.3 0.3 0.1 0.1 0.1 0.1 0.1 0.1 0.1 0.1 0.1 0.1 0.2 0.2 0.3 0.4 0.5 0.7 0.9 1.2 1.8 2.5 3.3 4.5 5.7 6.8 9.0 5.5 2.9 3.3 3.1 5.0 3.8 6.8 6.9 6.4 10.7 13.8 22.2 26.2 24.9 21.7 23.1 32.2 37.3 32.8 37.2 42.6 49.1 52.9 54.7 62.5 65.3 62.4 57.1 54.3 46.4 30.9 30.9 24.0 14.8
-9999.0 -9999.0 -9999.0 -9999.0 -9999.0 -9999.0 -9999.0 -9999.0 -9999.0 11.8 8.0 4.7 5.8 3.5 1.5 0.7 0.6 1.1 0.3 0.3 0.2 0.1 0.1 0.1 0.1 0.1 0.1 0.2 0.2 0.3 0.3 0.4 0.5 0.7 0.9 1.2 1.6 2.3 3.1 4.4 5.7 7.7 8.9 9.0 9.9 9.3 8.7 7.9 7.6 7.4 8.3 8.4 9.6 12.5 14.9 20.1 23.6 22.2 18.5 21.5 27.7 34.3 41.5 39.2 49.4 56.3 58.0 55.9 63.5 64.9 62.6 54.8 51.3 46.1 39.0 20.4 15.2 10.9
-9999.0 -9999.0 -9999.0 -9999.0 -9999.0 -9999.0 -9999.0 -9999.0 -9999.0 -9999.0 -9999.0 9.1 2.2 4.6 1.9 1.4 0.7 0.4 0.2 0.2 0.2 0.1 0.1 0.1 0.2 0.1 0.2 0.2 0.3 0.3 0.4 0.5 0.7 0.9 1.2 1.8 2.3 3.1 4.9 5.8 8.1 10.1 11.8 12.8 15.2 13.7 15.2 13.6 13.5 12.9 12.3 13.3 15.0 17.0 18.4 20.4 22.3 21.2 21.7 24.7 30.6 37.4 42.6 44.8 54.2 52.0 49.6 55.0 59.8 62.9 61.1 56.0 47.4 38.4 23.0 18.9 15.4 14.9
-9999.0 -9999.0 -9999.0 -9999.0 -9999.0 -9999.0 -9999.0 -9999.0 -9999.0 -9999.0 -9999.0 -9999.0 2.8 1.7 2.7 1.0 1.8 0.5 0.3 0.5 0.2 0.2 0.2 0.1 0.3 0.2 0.2 0.3 0.3 0.5 0.5 0.7 1.0 1.4 1.9 2.5 3.6 4.4 5.8 7.7 10.1 13.1 16.0 18.6 19.7 20.4 20.9 20.1 20.3 20.7 21.4 22.5 24.3 26.2 26.7 26.9 27.5 28.7 32.5 36.5 41.6 50.7 57.3 56.1 48.8 65.2 57.6 63.4 66.2 67.1 62.2 48.4 39.0 33.6 34.8 48.9 34.3 27.7
-9999.0 -9999.0 -9999.0 -9999.0 -9999.0 -9999.0 -9999.0 -9999.0 -9999.0 -9999.0 -9999.0 -9999.0 8.4 1.3 0.6 1.3 0.3 0.3 0.5 0.3 0.2 0.3 0.2 0.2 0.2 0.2 0.3 0.3 0.4 0.5 0.7 1.2 1.5 2.0 2.8 3.6 5.0 6.6 8.6 11.3 14.6 18.3 22.1 24.5 26.2 27.0 27.1 27.9 29.8 31.3 34.0 35.4 38.5 37.7 40.0 37.2 38.6 41.2 48.3 52.9 56.7 61.8 71.1 77.1 47.5 59.7 52.4 63.6 71.8 74.6 74.8 78.8 78.2 66.0 62.3 53.7 44.8 46.4
-9999.0 -9999.0 -9999.0 -9999.0 -9999.0 -9999.0 -9999.0 -9999.0 -9999.0 -9999.0 -9999.0 -9999.0 -9999.0 2.7 3.7 0.4 0.7 0.3 0.2 0.2 0.2 0.2 0.3 0.2 0.2 0.4 0.4 0.6 0.6 0.7 0.9 1.4 2.2 3.0 3.8 5.1 6.8 9.2 13.1 16.4 20.8 25.2 28.9 31.2 32.6 33.1 33.2 34.0 36.1 40.4 45.3 51.8 54.3 45.3 46.7 46.8 48.1 51.9 60.3 72.9 80.4 79.7 84.8 59.2 40.1 50.7 62.5 69.8 78.3 78.5 69.9 68.2 71.2 71.5 75.1 67.4 61.9 53.6
-9999.0 -9999.0 -9999.0 -9999.0 -9999.0 -9999.0 -9999.0 -9999.0 -9999.0 -9999.0 -9999.0 -9999.0 4.9 6.8 3.6 0.8 2.0 0.6 0.4 0.2 0.2 0.2 0.3 0.3 0.3 0.4 0.4 0.4 0.6 0.8 1.2 1.6 2.9 3.8 5.3 7.1 9.7 12.9 17.4 22.8 27.8 32.0 34.9 38.1 38.2 37.8 38.0 39.6 42.1 47.4 50.6 52.4 61.9 58.2 59.6 56.5 54.0 59.2 69.2 79.1 89.4 99.1 93.3 97.2 69.1 55.7 49.7 59.2 76.4 85.5 84.5 76.6 65.3 50.6 51.0 55.3 54.4 56.4
-9999.0 -9999.0 -9999.0 -9999.0 -9999.0 -9999.0 -9999.0 -9999.0 -9999.0 -9999.0 -9999.0 -9999.0 9.1 1.5 1.5 5.9 2.9 0.4 0.3 0.4 0.2 0.3 0.3 0.4 0.3 0.3 0.4 0.4 0.6 0.7 1.1 1.9 3.4 4.5 6.6 9.3 12.9 17.5 23.6 31.2 37.1 41.3 43.2 43.2 42.3 40.8 39.1 39.9 42.6 52.2 59.5 58.7 68.3 72.1 69.7 68.2 60.6 63.4 70.5 86.2 100.3 111.7 87.4 68.0 58.8 50.7 55.9 58.0 61.5 66.4 72.7 72.5 65.8 71.1 81.0 69.2 57.7 72.7
-9999.0 -9999.0 -9999.0 -9999.0 -9999.0 -9999.0 -9999.0 -9999.0 -9999.0 -9999.0 -9999.0 -9999.0 2.0 5.9 1.0 1.1 0.6 2.5 0.7 0.6 1.5 1.5 0.6 0.9 0.7 1.0 0.7 1.1 0.6 0.7 1.1 2.4 3.1 4.8 7.4 10.9 15.7 22.1 30.0 37.4 43.5 46.4 44.7 48.3 43.6 40.1 38.7 40.1 45.9 50.5 54.7 63.7 52.7 54.7 61.8 73.5 65.5 67.0 75.6 79.3 89.7 97.9 122.7 69.4 42.5 65.0 64.7 66.3 71.8 78.5 83.5 87.2 81.4 88.1 133.3 97.1 121.2 75.0
-9999.0 -9999.0 -9999.0 -9999.0 -9999.0 -9999.0 -9999.0 -9999.0 -9999.0 -9999.0 -9999.0 -9999.0 -9999.0 16.6 9.5 1.8 1.7 0.9 1.9 2.2 5.2 1.7 2.3 2.6 1.2 1.2 1.0 0.7 0.9 0.6 1.3 1.9 3.4 4.8 7.6 12.3 17.4 24.3 32.9 40.3 44.4 44.8 43.8 41.7 42.3 40.2 37.0 43.0 37.8 41.1 50.4 45.5 50.3 58.9 55.2 59.0 63.4 64.3 75.5 95.3 103.5 130.8 112.5 50.8 49.5 55.6 68.5 79.3 91.0 98.0 103.3 100.2 98.8 72.7 87.2 73.6 71.8 80.5
-9999.0 -9999.0 -9999.0 -9999.0 -9999.0 -9999.0 -9999.0 -9999.0 -9999.0 -9999.0 -9999.0 -9999.0 -9999.0 1.8 11.5 3.2 7.9 1.6 1.8 2.7 7.4 6.5 6.3 4.6 2.0 2.2 1.9 1.0 0.8 2.5 1.9 2.2 2.6 4.5 7.8 11.4 15.4 22.6 31.2 39.3 40.5 40.7 39.2 37.6 38.2 34.9 33.5 36.7 34.0 34.2 33.4 39.7 37.6 40.7 45.4 50.4 54.5 62.1 77.9 80.2 106.8 87.8 60.5 52.6 48.5 55.3 74.1 92.6 103.6 110.0 112.6 112.8 105.4 101.1 98.1 105.8 125.6 83.0
-9999.0 -9999.0 -9999.0 -9999.0 -9999.0 -9999.0 -9999.0 -9999.0 -9999.0 -9999.0 -9999.0 -9999.0 -9999.0 -9999.0 -9999.0 6.3 3.9 5.7 3.9 3.1 8.9 6.2 5.9 6.5 6.6 5.3 7.5 3.4 4.5 1.2 1.6 1.6 4.2 5.3 6.1 11.8 17.3 15.7 24.2 31.1 38.6 39.8 36.6 33.4 33.6 39.5 30.5 39.6 27.0 34.5 24.9 26.8 25.7 27.9 28.2 37.2 46.3 52.4 78.0 97.5 97.9 72.9 65.6 56.5 59.6 74.1 93.8 109.1 112.1 113.4 116.7 118.0 132.2 127.1 104.7 134.2 126.5 138.5
-9999.0 -9999.0 -9999.0 -9999.0 -9999.0 -9999.0 -9999.0 -9999.0 -9999.0 -9999.0 -9999.0 -9999.0 -9999.0 -9999.0 -9999.0 -9999.0 -9999.0 0.6 1.8 -9999.0 4.2 12.5 8.6 9.0 12.3 9.8 13.1 7.1 2.9 3.6 1.6 0.9 5.5 2.2 2.5 5.7 16.1 6.6 17.4 25.3 32.3 39.8 34.2 29.9 45.7 39.3 120.6 26.2 29.3 21.0 36.9 18.8 31.9 19.2 23.0 28.8 33.1 54.0 73.1 95.1 76.5 66.9 62.4 64.6 74.9 94.9 117.3 124.1 120.4 118.0 115.1 137.2 142.3 117.1 119.1 135.1 116.5 101.6
-9999.0 -9999.0 -9999.0 -9999.0 -9999.0 -9999.0 -9999.0 -9999.0 -9999.0 -9999.0 -9999.0 -9999.0 -9999.0 -9999.0 -9999.0 -9999.0 -9999.0 -9999.0 -9999.0 -9999.0 -9999.0 14.5 19.8 29.0 20.8 13.3 11.2 8.3 5.9 2.3 1.8 0.6 1.2 2.3 2.3 4.6 4.7 6.2 8.2 9.1 13.7 40.6 39.9 33.1 42.1 30.6 162.1 42.3 24.5 43.8 19.0 20.7 19.3 13.4 15.0 24.2 33.0 43.2 71.8 91.2 72.8 62.4 57.9 65.1 88.7 114.4 139.1 141.6 133.8 122.9 119.5 128.5 121.3 92.1 83.8 87.2 81.3 63.5
-9999.0 -9999.0 -9999.0 -9999.0 -9999.0 -9999.0 -9999.0 -9999.0 -9999.0 -9999.0 -9999.0 -9999.0 -9999.0 -9999.0 -9999.0 -9999.0 -9999.0 -9999.0 -9999.0 -9999.0 -9999.0 -9999.0 -9999.0 17.8 27.9 24.8 21.3 17.5 17.0 7.2 5.6 5.6 13.5 8.2 11.8 10.7 15.6 9.9 25.2 38.0 41.4 50.7 35.5 27.9 42.9 149.3 75.5 64.9 93.7 106.5 39.3 19.5 22.9 15.5 13.4 16.1 26.7 45.5 72.1 84.7 88.3 79.1 65.9 57.1 72.2 113.2 146.5 149.7 133.5 122.4 122.4 111.8 99.0 98.0 72.7 69.9 84.5 76.0
-9999.0 -9999.0 -9999.0 -9999.0 -9999.0 -9999.0 -9999.0 -9999.0 -9999.0 -9999.0 -9999.0 -9999.0 -9999.0 -9999.0 -9999.0 -9999.0 -9999.0 -9999.0 -9999.0 -9999.0 -9999.0 -9999.0 -9999.0 -9999.0 -9999.0 22.3 31.4 54.0 40.0 45.4 21.8 10.8 10.1 14.9 12.1 23.7 45.4 23.0 45.5 42.8 65.8 48.1 29.7 35.9 89.7 145.2 132.4 220.5 39.7 81.0 26.6 26.3 22.8 21.3 20.4 21.6 29.1 42.5 60.4 79.4 96.1 95.4 108.1 64.3 69.5 97.3 123.4 120.9 128.8 131.5 110.8 96.0 80.5 102.2 104.4 86.1 84.9 101.8
-9999.0 -9999.0 -9999.0 -9999.0 -9999.0 -9999.0 -9999.0 -9999.0 -9999.0 -9999.0 -9999.0 -9999.0 -9999.0 -9999.0 -9999.0 -9999.0 -9999.0 -9999.0 -9999.0 -9999.0 -9999.0 -9999.0 -9999.0 -9999.0 -9999.0 -9999.0 -9999.0 27.2 24.2 28.2 22.9 19.5 42.2 16.3 29.6 11.9 26.5 30.3 21.8 47.9 70.7 39.3 39.5 72.5 97.8 134.2 172.9 202.6 226.6 137.5 206.7 186.9 36.4 34.9 28.9 30.7 44.1 59.4 61.8 80.9 120.5 100.9 88.3 75.0 83.3 82.0 98.9 112.8 118.8 118.7 105.1 108.0 92.2 113.8 116.2 118.6 152.5 164.3
-9999.0 -9999.0 -9999.0 -9999.0 -9999.0 -9999.0 -9999.0 -9999.0 -9999.0 -9999.0 -9999.0 -9999.0 -9999.0 -9999.0 -9999.0 -9999.0 -9999.0 -9999.0 -9999.0 -9999.0 -9999.0 -9999.0 -9999.0 -9999.0 -9999.0 -9999.0 -9999.0 -9999.0 -9999.0 -9999.0 -9999.0 -9999.0 -9999.0 25.1 42.5 -9999.0 -9999.0 -9999.0 28.1 47.7 38.6 41.7 47.3 77.8 104.2 124.3 -9999.0 -9999.0 -9999.0 -9999.0 -9999.0 -9999.0 73.6 35.8 48.0 54.6 61.7 82.7 79.1 100.2 107.8 98.6 99.1 89.5 85.6 86.9 94.1 105.0 112.9 107.6 98.1 108.0 115.9 122.7 143.5 149.1 173.1 181.1
-9999.0 -9999.0 -9999.0 -9999.0 -9999.0 -9999.0 -9999.0 -9999.0 -9999.0 -9999.0 -9999.0 -9999.0 -9999.0 -9999.0 -9999.0 -9999.0 -9999.0 -9999.0 -9999.0 -9999.0 -9999.0 -9999.0 -9999.0 -9999.0 -9999.0 -9999.0 -9999.0 -9999.0 -9999.0 -9999.0 -9999.0 -9999.0 -9999.0 -9999.0 -9999.0 -9999.0 -9999.0 -9999.0 -9999.0 47.2 52.9 60.9 70.7 81.8 -9999.0 -9999.0 -9999.0 -9999.0 -9999.0 -9999.0 -9999.0 -9999.0 62.9 44.4 48.5 65.8 78.7 84.5 92.6 108.4 119.1 98.9 88.4 90.5 99.5 108.2 110.1 94.3 93.2 101.7 99.3 95.7 100.0 115.1 129.4 138.0 147.1 162.5
-9999.0 -9999.0 -9999.0 -9999.0 -9999.0 -9999.0 -9999.0 -9999.0 -9999.0 -9999.0 -9999.0 -9999.0 -9999.0 -9999.0 -9999.0 -9999.0 -9999.0 -9999.0 -9999.0 -9999.0 -9999.0 -9999.0 -9999.0 -9999.0 -9999.0 -9999.0 -9999.0 -9999.0 -9999.0 -9999.0 -9999.0 -9999.0 -9999.0 -9999.0 -9999.0 -9999.0 -9999.0 -9999.0 -9999.0 -9999.0 -9999.0 -9999.0 -9999.0 -9999.0 -9999.0 -9999.0 -9999.0 -9999.0 -9999.0 -9999.0 -9999.0 -9999.0 112.5 54.1 58.2 66.7 74.8 74.9 82.4 100.5 117.8 108.3 91.6 90.1 102.3 105.9 87.8 77.4 73.2 74.6 74.6 76.8 99.4 96.8 106.8 116.2 119.2 124.8
-9999.0 -9999.0 -9999.0 -9999.0 -9999.0 -9999.0 -9999.0 -9999.0 -9999.0 -9999.0 -9999.0 -9999.0 -9999.0 -9999.0 -9999.0 -9999.0 -9999.0 -9999.0 -9999.0 -9999.0 -9999.0 -9999.0 -9999.0 -9999.0 -9999.0 -9999.0 -9999.0 -9999.0 -9999.0 -9999.0 -9999.0 -9999.0 -9999.0 -9999.0 -9999.0 -9999.0 -9999.0 -9999.0 -9999.0 -9999.0 -9999.0 -9999.0 -9999.0 -9999.0 -9999.0 -9999.0 -9999.0 -9999.0 -9999.0 -9999.0 -9999.0 74.0 63.7 63.0 68.0 72.5 73.0 81.5 83.7 80.7 106.9 101.9 101.9 97.4 105.7 104.7 79.3 55.5 60.6 57.5 61.1 70.3 81.4 94.3 105.0 115.6 118.8 109.0
-9999.0 -9999.0 -9999.0 -9999.0 -9999.0 -9999.0 -9999.0 -9999.0 -9999.0 -9999.0 -9999.0 -9999.0 -9999.0 -9999.0 -9999.0 -9999.0 -9999.0 -9999.0 -9999.0 -9999.0 -9999.0 -9999.0 -9999.0 -9999.0 -9999.0 -9999.0 -9999.0 -9999.0 -9999.0 -9999.0 -9999.0 -9999.0 -9999.0 -9999.0 -9999.0 -9999.0 -9999.0 -9999.0 -9999.0 -9999.0 -9999.0 -9999.0 -9999.0 -9999.0 -9999.0 -9999.0 -9999.0 -9999.0 -9999.0 -9999.0 69.6 61.0 67.8 74.5 79.0 83.5 78.8 73.2 90.3 110.5 118.8 100.9 101.6 100.1 109.0 101.1 88.6 61.7 64.4 60.0 68.3 78.6 88.8 102.1 117.4 130.9 123.8 120.6
-9999.0 -9999.0 -9999.0 -9999.0 -9999.0 -9999.0 -9999.0 -9999.0 -9999.0 -9999.0 -9999.0 -9999.0 -9999.0 -9999.0 -9999.0 -9999.0 -9999.0 -9999.0 -9999.0 -9999.0 -9999.0 -9999.0 -9999.0 -9999.0 -9999.0 -9999.0 -9999.0 -9999.0 -9999.0 -9999.0 -9999.0 -9999.0 -9999.0 -9999.0 -9999.0 -9999.0 -9999.0 -9999.0 -9999.0 -9999.0 -9999.0 -9999.0 -9999.0 -9999.0 -9999.0 -9999.0 -9999.0 -9999.0 -9999.0 -9999.0 67.8 79.0 82.0 94.4 99.1 100.3 95.3 106.2 113.0 114.7 107.1 96.1 88.1 93.0 100.4 82.0 72.4 56.7 60.1 65.7 79.0 89.1 95.3 100.3 106.7 113.3 126.7 97.0
-9999.0 -9999.0 -9999.0 -9999.0 -9999.0 -9999.0 -9999.0 -9999.0 -9999.0 -9999.0 -9999.0 -9999.0 -9999.0 -9999.0 -9999.0 -9999.0 -9999.0 -9999.0 -9999.0 -9999.0 -9999.0 -9999.0 -9999.0 -9999.0 -9999.0 -9999.0 -9999.0 -9999.0 -9999.0 -9999.0 -9999.0 -9999.0 -9999.0 -9999.0 -9999.0 -9999.0 -9999.0 -9999.0 -9999.0 -9999.0 -9999.0 -9999.0 -9999.0 -9999.0 -9999.0 -9999.0 -9999.0 -9999.0 -9999.0 -9999.0 85.7 92.9 106.3 122.2 121.5 115.0 117.7 118.0 122.3 103.8 99.5 80.0 70.1 74.2 79.4 71.6 58.6 52.5 54.5 72.1 86.0 106.9 92.2 93.5 69.8 76.7 111.6 66.8
-9999.0 -9999.0 -9999.0 -9999.0 -9999.0 -9999.0 -9999.0 -9999.0 -9999.0 -9999.0 -9999.0 -9999.0 -9999.0 -9999.0 -9999.0 -9999.0 -9999.0 -9999.0 -9999.0 -9999.0 -9999.0 -9999.0 -9999.0 -9999.0 -9999.0 -9999.0 -9999.0 -9999.0 -9999.0 -9999.0 -9999.0 -9999.0 -9999.0 -9999.0 -9999.0 -9999.0 -9999.0 -9999.0 -9999.0 -9999.0 -9999.0 -9999.0 -9999.0 -9999.0 -9999.0 -9999.0 -9999.0 -9999.0 -9999.0 -9999.0 126.0 143.2 147.7 149.9 138.9 129.2 112.4 119.0 117.4 92.1 92.1 71.9 63.1 62.0 60.4 55.2 51.6 50.8 59.6 69.8 95.4 105.3 93.9 73.1 35.9 41.3 60.8 34.0
-9999.0 -9999.0 -9999.0 -9999.0 -9999.0 -9999.0 -9999.0 -9999.0 -9999.0 -9999.0 -9999.0 -9999.0 -9999.0 -9999.0 -9999.0 -9999.0 -9999.0 -9999.0 -9999.0 -9999.0 -9999.0 -9999.0 -9999.0 -9999.0 -9999.0 -9999.0 -9999.0 -9999.0 -9999.0 -9999.0 -9999.0 -9999.0 -9999.0 -9999.0 -9999.0 -9999.0 -9999.0 -9999.0 -9999.0 -9999.0 -9999.0 -9999.0 -9999.0 -9999.0 -9999.0 -9999.0 -9999.0 -9999.0 -9999.0 -9999.0 -9999.0 -9999.0 -9999.0 173.6 151.2 128.6 118.1 114.6 94.9 86.5 97.0 81.3 70.4 68.9 56.1 49.2 48.1 54.8 64.3 88.1 113.9 110.7 80.4 47.0 25.6 14.1 18.2 14.0
-9999.0 -9999.0 -9999.0 -9999.0 -9999.0 -9999.0 -9999.0 -9999.0 -9999.0 -9999.0 -9999.0 -9999.0 -9999.0 -9999.0 -9999.0 -9999.0 -9999.0 -9999.0 -9999.0 -9999.0 -9999.0 -9999.0 -9999.0 -9999.0 -9999.0 -9999.0 -9999.0 -9999.0 -9999.0 -9999.0 -9999.0 -9999.0 -9999.0 -9999.0 -9999.0 -9999.0 -9999.0 -9999.0 -9999.0 -9999.0 -9999.0 -9999.0 -9999.0 -9999.0 -9999.0 -9999.0 -9999.0 -9999.0 -9999.0 -9999.0 -9999.0 -9999.0 -9999.0 209.6 180.9 155.1 122.8 105.2 97.5 103.8 101.3 108.0 102.2 112.1 89.5 72.7 84.0 68.0 91.6 116.4 133.2 115.0 81.7 49.1 28.1 30.7 15.6 26.0
-9999.0 -9999.0 -9999.0 -9999.0 -9999.0 -9999.0 -9999.0 -9999.0 -9999.0 -9999.0 -9999.0 -9999.0 -9999.0 -9999.0 -9999.0 -9999.0 -9999.0 -9999.0 -9999.0 -9999.0 -9999.0 -9999.0 -9999.0 -9999.0 -9999.0 -9999.0 -9999.0 -9999.0 -9999.0 -9999.0 -9999.0 -9999.0 -9999.0 -9999.0 -9999.0 -9999.0 -9999.0 -9999.0 -9999.0 -9999.0 -9999.0 -9999.0 -9999.0 -9999.0 -9999.0 -9999.0 -9999.0 -9999.0 -9999.0 -9999.0 -9999.0 -9999.0 -9999.0 245.1 207.7 168.4 127.7 103.7 97.8 102.4 118.4 135.7 130.9 113.5 139.5 -9999.0 -9999.0 -9999.0 118.6 139.3 144.5 129.4 94.7 60.2 46.3 59.5 31.1 30.9
-9999.0 -9999.0 -9999.0 -9999.0 -9999.0 -9999.0 -9999.0 -9999.0 -9999.0 -9999.0 -9999.0 -9999.0 -9999.0 -9999.0 -9999.0 -9999.0 -9999.0 -9999.0 -9999.0 -9999.0 -9999.0 -9999.0 -9999.0 -9999.0 -9999.0 -9999.0 -9999.0 -9999.0 -9999.0 -9999.0 -9999.0 -9999.0 -9999.0 -9999.0 -9999.0 -9999.0 -9999.0 -9999.0 -9999.0 -9999.0 -9999.0 -9999.0 -9999.0 -9999.0 -9999.0 -9999.0 -9999.0 -9999.0 -9999.0 -9999.0 -9999.0 -9999.0 -9999.0 -9999.0 228.1 177.8 131.9 107.7 102.9 112.7 128.0 -9999.0 -9999.0 -9999.0 -9999.0 -9999.0 -9999.0 -9999.0 137.7 150.5 162.9 127.0 92.3 73.2 64.9 64.6 58.9 43.8
-9999.0 -9999.0 -9999.0 -9999.0 -9999.0 -9999.0 -9999.0 -9999.0 -9999.0 -9999.0 -9999.0 -9999.0 -9999.0 -9999.0 -9999.0 -9999.0 -9999.0 -9999.0 -9999.0 -9999.0 -9999.0 -9999.0 -9999.0 -9999.0 -9999.0 -9999.0 -9999.0 -9999.0 -9999.0 -9999.0 -9999.0 -9999.0 -9999.0 -9999.0 -9999.0 -9999.0 -9999.0 -9999.0 -9999.0 -9999.0 -9999.0 -9999.0 -9999.0 -9999.0 -9999.0 -9999.0 -9999.0 -9999.0 -9999.0 -9999.0 -9999.0 -9999.0 -9999.0 -9999.0 -9999.0 184.6 148.2 117.3 111.2 119.5 135.6 -9999.0 -9999.0 -9999.0 -9999.0 -9999.0 -9999.0 -9999.0 -9999.0 -9999.0 136.3 -9999.0 -9999.0 -9999.0 -9999.0 -9999.0 127.0 -9999.0
-9999.0 -9999.0 -9999.0 -9999.0 -9999.0 -9999.0 -9999.0 -9999.0 -9999.0 -9999.0 -9999.0 -9999.0 -9999.0 -9999.0 -9999.0 -9999.0 -9999.0 -9999.0 -9999.0 -9999.0 -9999.0 -9999.0 -9999.0 -9999.0 -9999.0 -9999.0 -9999.0 -9999.0 -9999.0 -9999.0 -9999.0 -9999.0 -9999.0 -9999.0 -9999.0 -9999.0 -9999.0 -9999.0 -9999.0 -9999.0 -9999.0 -9999.0 -9999.0 -9999.0 -9999.0 -9999.0 -9999.0 -9999.0 -9999.0 -9999.0 -9999.0 -9999.0 -9999.0 -9999.0 -9999.0 -9999.0 -9999.0 -9999.0 122.3 124.9 -9999.0 -9999.0 -9999.0 -9999.0 -9999.0 -9999.0 -9999.0 -9999.0 -9999.0 -9999.0 -9999.0 -9999.0 -9999.0 -9999.0 -9999.0 186.9 215.5 -9999.0
-9999.0 -9999.0 -9999.0 -9999.0 -9999.0 -9999.0 -9999.0 -9999.0 -9999.0 -9999.0 -9999.0 -9999.0 -9999.0 -9999.0 -9999.0 -9999.0 -9999.0 -9999.0 -9999.0 -9999.0 -9999.0 -9999.0 -9999.0 -9999.0 -9999.0 -9999.0 -9999.0 -9999.0 -9999.0 -9999.0 -9999.0 -9999.0 -9999.0 -9999.0 -9999.0 -9999.0 -9999.0 -9999.0 -9999.0 -9999.0 -9999.0 -9999.0 -9999.0 -9999.0 -9999.0 -9999.0 -9999.0 -9999.0 -9999.0 -9999.0 -9999.0 -9999.0 -9999.0 -9999.0 -9999.0 -9999.0 -9999.0 -9999.0 -9999.0 -9999.0 -9999.0 -9999.0 -9999.0 -9999.0 -9999.0 -9999.0 -9999.0 -9999.0 -9999.0 -9999.0 -9999.0 -9999.0 -9999.0 -9999.0 -9999.0 -9999.0 -9999.0 -9999.0
-9999.0 -9999.0 -9999.0 -9999.0 -9999.0 -9999.0 -9999.0 -9999.0 -9999.0 -9999.0 -9999.0 -9999.0 -9999.0 -9999.0 -9999.0 -9999.0 -9999.0 -9999.0 -9999.0 -9999.0 -9999.0 -9999.0 -9999.0 -9999.0 -9999.0 -9999.0 -9999.0 -9999.0 -9999.0 -9999.0 -9999.0 -9999.0 -9999.0 -9999.0 -9999.0 -9999.0 -9999.0 -9999.0 -9999.0 -9999.0 -9999.0 -9999.0 -9999.0 -9999.0 -9999.0 -9999.0 -9999.0 -9999.0 -9999.0 -9999.0 -9999.0 -9999.0 -9999.0 -9999.0 -9999.0 -9999.0 -9999.0 -9999.0 -9999.0 -9999.0 -9999.0 -9999.0 -9999.0 -9999.0 -9999.0 -9999.0 -9999.0 -9999.0 -9999.0 -9999.0 -9999.0 -9999.0 -9999.0 -9999.0 -9999.0 322.0 336.0 351.5
-9999.0 -9999.0 -9999.0 -9999.0 -9999.0 -9999.0 -9999.0 -9999.0 -9999.0 -9999.0 -9999.0 -9999.0 -9999.0 -9999.0 -9999.0 -9999.0 -9999.0 -9999.0 -9999.0 -9999.0 -9999.0 -9999.0 -9999.0 -9999.0 -9999.0 -9999.0 -9999.0 -9999.0 -9999.0 -9999.0 -9999.0 -9999.0 -9999.0 -9999.0 -9999.0 -9999.0 -9999.0 -9999.0 -9999.0 -9999.0 -9999.0 -9999.0 -9999.0 -9999.0 -9999.0 -9999.0 -9999.0 -9999.0 -9999.0 -9999.0 -9999.0 -9999.0 -9999.0 -9999.0 -9999.0 -9999.0 -9999.0 -9999.0 -9999.0 -9999.0 -9999.0 -9999.0 -9999.0 -9999.0 -9999.0 -9999.0 -9999.0 -9999.0 -9999.0 -9999.0 -9999.0 -9999.0 -9999.0 165.6 363.5 415.2 506.9 -9999.0
