program/excelProcessViaJava/data/SURF_CLI_CHN_PRE_MON_GRID_0.5-198008.txt
NCOLS      128
NROWS       72
XLLCORNER    72.000000000000    
YLLCORNER    18.000000000000    
CELLSIZE    0.50000000000000    
NODATA_VALUE   -9999.000    
[rows 33 to 65 of 72, columns 0 to 73 of 128]
-9999.0 -9999.0 -9999.0 -9999.0 13.4 17.1 21.0 14.5 14.5 8.2 10.9 9.7 7.4 3.8 2.7 2.4 2.3 2.3 2.3 2.3 2.1 1.9 1.9 2.5 3.3 5.0 7.4 46.5 24.8 31.1 36.8 34.4 33.7 38.9 29.2 28.5 25.3 36.9 29.8 19.9 13.2 11.0 10.4 9.5 8.7 7.9 7.6 9.4 14.3 19.9 30.2 44.7 56.1 70.7 65.1 77.3 89.3 121.2 131.1 150.2 147.9 128.5 102.1 59.3 34.7 36.5 34.8 19.6 35.6 38.7 46.9 65.6 83.5 97.6
-9999.0 -9999.0 -9999.0 -9999.0 12.4 10.1 15.6 10.4 21.3 21.7 12.4 22.3 18.6 19.3 8.0 7.3 7.1 4.2 3.1 2.9 3.4 3.6 4.4 9.8 24.9 37.8 28.3 31.7 32.5 34.9 36.4 42.9 38.6 38.6 39.9 34.9 38.5 39.6 28.4 20.7 22.8 14.9 13.5 11.7 10.2 8.6 7.3 6.9 8.4 13.9 22.6 31.3 44.3 48.2 53.2 65.9 78.8 96.6 110.9 81.1 117.6 84.0 69.8 59.0 39.5 26.2 36.4 30.2 34.9 54.9 56.1 71.2 81.7 89.1
-9999.0 -9999.0 -9999.0 -9999.0 -9999.0 -9999.0 -9999.0 9.9 14.1 13.4 22.7 24.4 19.1 22.1 22.7 8.4 14.0 8.6 7.2 9.7 16.3 23.1 25.2 24.7 25.1 26.5 31.6 35.3 38.6 45.4 46.9 47.9 47.5 49.5 51.8 45.1 48.4 41.8 43.2 39.5 25.0 33.4 28.0 20.7 15.7 11.9 10.7 9.0 10.9 13.0 20.1 28.0 34.2 48.3 57.5 57.4 61.0 64.4 91.7 78.5 103.0 76.6 60.2 52.8 51.0 36.3 40.1 45.5 49.1 62.2 68.5 76.4 91.5 94.7
-9999.0 -9999.0 -9999.0 -9999.0 -9999.0 -9999.0 -9999.0 14.9 9.0 14.7 18.6 17.9 21.6 27.3 23.9 32.8 23.9 22.8 29.1 21.8 21.0 25.7 24.0 25.5 26.3 29.1 31.8 40.3 39.7 42.5 51.4 54.5 55.8 61.4 55.8 55.0 50.4 50.5 45.8 39.9 36.7 33.2 31.9 36.8 25.9 20.3 20.1 19.1 23.9 21.3 28.3 27.9 30.7 38.2 51.8 56.9 60.3 65.4 75.7 84.7 85.7 89.2 75.1 70.6 58.7 50.2 49.4 55.9 69.9 84.2 91.7 96.2 103.0 99.5
-9999.0 -9999.0 -9999.0 -9999.0 -9999.0 -9999.0 -9999.0 -9999.0 -9999.0 13.0 14.8 16.1 22.0 23.3 22.7 22.2 25.5 34.3 27.3 32.4 27.2 23.9 24.3 25.9 27.9 30.2 35.9 40.9 43.5 55.0 52.3 59.3 62.8 67.4 62.6 61.4 58.4 57.0 51.0 48.0 42.2 40.5 37.8 36.2 38.4 38.1 37.3 35.0 32.9 30.3 29.9 28.0 30.4 38.5 50.9 60.0 60.9 61.7 71.6 76.5 86.6 99.8 106.1 87.2 80.3 65.9 64.3 76.5 90.9 114.6 118.0 106.9 98.3 91.1
-9999.0 -9999.0 -9999.0 -9999.0 -9999.0 -9999.0 -9999.0 -9999.0 -9999.0 -9999.0 -9999.0 19.0 16.2 24.0 23.4 25.8 25.6 25.1 24.8 26.1 28.9 26.5 28.2 28.1 36.1 36.8 43.5 49.3 54.5 59.2 65.4 75.6 74.6 77.4 75.9 81.4 72.2 68.2 72.6 58.5 56.3 50.1 47.3 47.5 54.8 53.0 59.6 54.7 51.8 45.4 39.0 36.9 38.8 46.7 59.7 71.0 75.9 77.0 75.3 80.1 93.5 103.7 111.7 109.2 101.3 77.8 82.5 95.6 110.8 126.0 130.9 112.5 86.2 69.9
-9999.0 -9999.0 -9999.0 -9999.0 -9999.0 -9999.0 -9999.0 -9999.0 -9999.0 -9999.0 -9999.0 -9999.0 17.0 19.0 24.7 24.1 30.2 27.2 27.5 32.4 25.7 27.8 29.6 30.5 45.4 40.4 44.6 56.1 63.0 76.4 79.4 85.2 90.2 96.6 97.2 93.2 96.8 84.4 75.8 68.4 63.4 60.6 60.1 64.4 68.6 75.1 80.9 78.0 74.3 67.5 63.1 58.4 58.8 67.0 77.9 88.8 94.4 96.7 85.4 96.4 101.9 113.7 118.6 114.3 98.6 99.1 94.3 102.5 113.5 124.9 140.1 113.9 87.0 77.7
-9999.0 -9999.0 -9999.0 -9999.0 -9999.0 -9999.0 -9999.0 -9999.0 -9999.0 -9999.0 -9999.0 -9999.0 21.2 18.8 20.1 25.6 23.9 26.0 30.0 29.5 29.8 32.3 33.3 34.0 36.3 44.0 51.8 58.8 71.3 80.1 93.2 105.1 108.8 111.6 113.8 110.0 111.3 105.6 95.8 86.8 78.4 74.9 79.3 78.9 88.7 99.5 104.1 106.8 102.1 98.1 91.7 88.4 90.6 96.4 108.9 112.9 112.4 109.0 102.9 105.1 109.5 113.7 119.8 121.1 86.7 91.4 93.6 111.1 125.9 136.5 137.3 133.3 126.2 111.0
-9999.0 -9999.0 -9999.0 -9999.0 -9999.0 -9999.0 -9999.0 -9999.0 -9999.0 -9999.0 -9999.0 -9999.0 -9999.0 21.0 25.6 23.5 27.4 27.1 27.7 28.7 30.8 30.9 35.9 36.5 42.2 53.6 62.8 76.2 85.7 97.5 107.5 117.3 128.4 132.8 129.4 128.1 124.8 121.2 125.0 109.4 100.3 97.5 95.8 104.0 108.5 118.0 130.9 139.0 139.7 134.8 129.3 127.1 129.9 131.2 136.0 137.7 131.3 125.8 132.2 127.4 128.5 120.4 119.9 87.0 67.5 77.4 91.6 118.3 143.5 172.2 202.0 194.6 169.4 153.7
-9999.0 -9999.0 -9999.0 -9999.0 -9999.0 -9999.0 -9999.0 -9999.0 -9999.0 -9999.0 -9999.0 -9999.0 18.4 23.2 25.4 26.0 30.4 30.4 31.5 30.6 32.0 34.2 37.8 41.6 47.3 58.9 68.8 80.8 95.3 110.9 124.5 135.1 146.6 149.1 150.2 146.4 145.9 136.7 130.1 123.6 125.1 126.4 128.9 119.0 131.2 144.9 157.0 165.9 170.6 169.1 166.9 165.5 167.5 168.5 170.1 164.0 156.7 139.8 141.7 139.0 140.6 142.5 121.8 124.3 86.5 79.6 126.3 160.4 175.4 190.8 219.2 251.7 248.6 222.5
-9999.0 -9999.0 -9999.0 -9999.0 -9999.0 -9999.0 -9999.0 -9999.0 -9999.0 -9999.0 -9999.0 -9999.0 19.2 20.2 24.0 29.7 31.3 30.9 32.4 35.0 35.6 39.1 42.6 47.4 53.9 63.3 75.8 90.6 107.1 124.0 140.0 153.5 163.0 166.1 165.1 162.1 156.8 153.4 147.7 139.2 134.4 130.7 131.6 138.9 151.4 167.9 184.1 193.2 196.3 192.4 193.3 196.1 202.5 208.0 203.2 192.0 178.1 170.9 162.1 170.8 175.5 178.5 115.2 82.5 77.6 91.8 114.9 193.5 249.9 283.8 309.0 317.9 284.5 238.2
-9999.0 -9999.0 -9999.0 -9999.0 -9999.0 -9999.0 -9999.0 -9999.0 -9999.0 -9999.0 -9999.0 -9999.0 16.4 21.6 23.7 27.2 30.0 33.8 35.0 37.3 41.3 44.7 47.5 53.8 61.2 72.2 84.9 100.4 118.6 137.1 154.8 167.4 178.8 181.8 178.9 173.8 169.2 166.5 163.0 159.8 155.5 153.6 159.5 156.8 169.5 185.7 196.4 200.9 197.4 195.9 200.4 208.9 221.9 228.3 226.2 218.4 202.5 196.4 194.7 179.8 175.7 166.9 206.8 94.6 70.1 111.7 146.4 205.3 269.0 308.3 317.6 317.8 283.1 256.8
-9999.0 -9999.0 -9999.0 -9999.0 -9999.0 -9999.0 -9999.0 -9999.0 -9999.0 -9999.0 -9999.0 -9999.0 -9999.0 22.2 25.1 27.5 30.8 33.6 36.7 39.9 44.8 47.1 52.5 59.1 67.6 78.4 92.3 109.1 125.6 147.8 161.8 178.4 187.5 192.0 187.0 181.5 177.9 176.4 177.8 179.2 179.7 181.4 184.2 183.0 181.5 184.7 188.8 175.2 182.7 179.3 175.3 206.2 221.5 241.2 244.6 242.8 222.9 210.4 214.6 241.8 224.5 291.2 207.4 80.8 88.9 107.9 145.4 214.4 283.5 322.4 319.5 289.4 279.8 227.8
-9999.0 -9999.0 -9999.0 -9999.0 -9999.0 -9999.0 -9999.0 -9999.0 -9999.0 -9999.0 -9999.0 -9999.0 -9999.0 19.3 24.0 27.2 31.0 34.3 37.8 41.3 45.7 50.2 55.8 62.6 73.8 83.7 96.6 114.7 131.1 139.6 159.2 175.6 190.1 191.3 184.9 180.3 177.4 180.8 186.9 191.0 197.9 198.6 197.2 192.9 192.5 177.1 165.9 135.2 132.0 132.2 159.0 158.4 206.3 237.9 257.5 256.8 243.0 235.2 247.0 195.3 251.4 159.9 93.7 113.5 122.9 141.7 182.2 246.7 299.9 319.7 310.9 287.4 260.6 270.1
-9999.0 -9999.0 -9999.0 -9999.0 -9999.0 -9999.0 -9999.0 -9999.0 -9999.0 -9999.0 -9999.0 -9999.0 -9999.0 -9999.0 -9999.0 26.5 30.6 34.2 38.5 43.3 46.5 52.5 59.1 66.1 74.2 85.0 92.7 108.8 118.8 142.7 154.7 170.5 171.4 176.1 175.3 171.8 173.1 176.9 188.4 197.7 197.5 198.7 197.6 191.0 180.4 158.0 136.0 93.6 101.0 68.5 102.5 171.4 175.7 213.2 225.4 253.5 262.1 240.0 287.9 306.1 176.2 123.7 158.7 169.0 190.6 222.1 257.0 286.6 297.7 307.1 303.4 289.1 318.6 329.9
-9999.0 -9999.0 -9999.0 -9999.0 -9999.0 -9999.0 -9999.0 -9999.0 -9999.0 -9999.0 -9999.0 -9999.0 -9999.0 -9999.0 -9999.0 -9999.0 -9999.0 41.7 43.8 -9999.0 53.5 53.3 63.4 71.2 75.0 85.2 89.5 103.3 120.9 126.3 143.6 162.2 152.8 167.6 161.2 151.7 157.2 160.8 173.4 183.2 186.3 184.8 183.8 177.7 212.6 151.6 201.6 110.3 61.8 72.6 64.9 95.9 126.1 187.4 226.1 255.3 255.8 304.0 312.5 327.3 147.7 144.9 182.4 215.4 242.3 281.1 306.4 297.3 270.2 265.9 258.5 319.8 339.7 347.3
-9999.0 -9999.0 -9999.0 -9999.0 -9999.0 -9999.0 -9999.0 -9999.0 -9999.0 -9999.0 -9999.0 -9999.0 -9999.0 -9999.0 -9999.0 -9999.0 -9999.0 -9999.0 -9999.0 -9999.0 -9999.0 57.7 61.3 63.3 74.5 91.9 99.3 106.4 111.4 126.0 130.7 153.5 152.6 145.3 136.5 126.7 125.7 132.7 144.2 151.9 156.3 158.6 158.3 153.6 206.0 126.1 266.0 78.3 92.1 202.1 64.0 135.5 155.0 128.0 184.1 251.8 288.9 292.7 378.0 329.0 151.5 145.1 172.3 204.3 249.7 286.1 306.8 285.1 237.2 220.5 247.2 296.5 321.6 336.8
-9999.0 -9999.0 -9999.0 -9999.0 -9999.0 -9999.0 -9999.0 -9999.0 -9999.0 -9999.0 -9999.0 -9999.0 -9999.0 -9999.0 -9999.0 -9999.0 -9999.0 -9999.0 -9999.0 -9999.0 -9999.0 -9999.0 -9999.0 88.5 79.0 88.2 95.0 97.3 93.1 106.3 108.0 111.2 107.3 110.6 106.7 103.1 104.8 102.4 110.4 116.3 120.0 126.8 127.7 139.2 189.5 329.5 149.4 97.8 100.6 100.5 57.3 95.1 79.6 113.5 135.3 147.5 263.1 332.3 242.3 332.4 179.1 170.0 160.5 165.0 198.9 253.2 279.3 264.1 224.3 204.4 232.6 258.7 286.4 318.8
-9999.0 -9999.0 -9999.0 -9999.0 -9999.0 -9999.0 -9999.0 -9999.0 -9999.0 -9999.0 -9999.0 -9999.0 -9999.0 -9999.0 -9999.0 -9999.0 -9999.0 -9999.0 -9999.0 -9999.0 -9999.0 -9999.0 -9999.0 -9999.0 -9999.0 120.5 102.5 71.6 76.2 76.5 82.8 93.6 94.4 86.2 81.6 79.2 85.7 74.2 81.0 78.6 90.0 90.8 158.9 161.7 271.9 337.2 237.8 340.4 63.9 83.8 78.1 72.7 109.4 126.7 110.7 150.4 239.3 255.4 329.4 308.1 247.5 196.5 311.3 168.3 192.4 231.2 242.3 202.9 180.2 177.1 189.1 211.6 231.6 264.9
-9999.0 -9999.0 -9999.0 -9999.0 -9999.0 -9999.0 -9999.0 -9999.0 -9999.0 -9999.0 -9999.0 -9999.0 -9999.0 -9999.0 -9999.0 -9999.0 -9999.0 -9999.0 -9999.0 -9999.0 -9999.0 -9999.0 -9999.0 -9999.0 -9999.0 -9999.0 -9999.0 132.4 135.1 95.9 89.9 86.2 64.8 78.4 59.7 89.5 51.2 49.8 60.8 52.6 58.3 75.5 155.5 260.1 291.4 335.4 372.0 366.5 338.2 141.2 188.4 155.2 84.2 98.2 124.4 182.3 192.6 211.1 283.9 219.5 182.0 210.1 151.6 161.7 190.3 204.0 211.1 190.3 156.0 144.9 154.7 170.2 185.8 205.1
-9999.0 -9999.0 -9999.0 -9999.0 -9999.0 -9999.0 -9999.0 -9999.0 -9999.0 -9999.0 -9999.0 -9999.0 -9999.0 -9999.0 -9999.0 -9999.0 -9999.0 -9999.0 -9999.0 -9999.0 -9999.0 -9999.0 -9999.0 -9999.0 -9999.0 -9999.0 -9999.0 -9999.0 -9999.0 -9999.0 -9999.0 -9999.0 -9999.0 85.2 45.5 -9999.0 -9999.0 -9999.0 81.3 46.3 78.3 123.7 120.4 268.6 331.9 347.3 -9999.0 -9999.0 -9999.0 -9999.0 -9999.0 -9999.0 105.4 124.9 134.9 166.1 198.2 213.5 206.6 203.1 199.0 205.5 168.5 172.6 190.3 204.2 188.6 153.7 134.3 138.7 145.9 149.1 161.0 164.6
-9999.0 -9999.0 -9999.0 -9999.0 -9999.0 -9999.0 -9999.0 -9999.0 -9999.0 -9999.0 -9999.0 -9999.0 -9999.0 -9999.0 -9999.0 -9999.0 -9999.0 -9999.0 -9999.0 -9999.0 -9999.0 -9999.0 -9999.0 -9999.0 -9999.0 -9999.0 -9999.0 -9999.0 -9999.0 -9999.0 -9999.0 -9999.0 -9999.0 -9999.0 -9999.0 -9999.0 -9999.0 -9999.0 -9999.0 183.3 199.1 226.4 256.7 283.8 -9999.0 -9999.0 -9999.0 -9999.0 -9999.0 -9999.0 -9999.0 -9999.0 115.1 147.0 153.8 176.8 207.2 225.8 229.9 234.2 225.1 198.9 189.7 177.7 203.6 214.8 203.5 184.4 162.7 148.2 149.6 156.0 159.3 163.0
-9999.0 -9999.0 -9999.0 -9999.0 -9999.0 -9999.0 -9999.0 -9999.0 -9999.0 -9999.0 -9999.0 -9999.0 -9999.0 -9999.0 -9999.0 -9999.0 -9999.0 -9999.0 -9999.0 -9999.0 -9999.0 -9999.0 -9999.0 -9999.0 -9999.0 -9999.0 -9999.0 -9999.0 -9999.0 -9999.0 -9999.0 -9999.0 -9999.0 -9999.0 -9999.0 -9999.0 -9999.0 -9999.0 -9999.0 -9999.0 -9999.0 -9999.0 -9999.0 -9999.0 -9999.0 -9999.0 -9999.0 -9999.0 -9999.0 -9999.0 -9999.0 -9999.0 202.8 165.8 165.4 200.6 196.8 201.8 207.0 221.4 229.2 204.7 298.0 200.1 230.5 261.2 274.8 247.2 211.0 188.1 182.1 185.2 193.9 190.2
-9999.0 -9999.0 -9999.0 -9999.0 -9999.0 -9999.0 -9999.0 -9999.0 -9999.0 -9999.0 -9999.0 -9999.0 -9999.0 -9999.0 -9999.0 -9999.0 -9999.0 -9999.0 -9999.0 -9999.0 -9999.0 -9999.0 -9999.0 -9999.0 -9999.0 -9999.0 -9999.0 -9999.0 -9999.0 -9999.0 -9999.0 -9999.0 -9999.0 -9999.0 -9999.0 -9999.0 -9999.0 -9999.0 -9999.0 -9999.0 -9999.0 -9999.0 -9999.0 -9999.0 -9999.0 -9999.0 -9999.0 -9999.0 -9999.0 -9999.0 -9999.0 233.4 161.2 171.5 155.7 173.1 170.1 183.1 173.7 202.7 241.1 241.7 221.9 252.1 294.4 322.0 299.1 237.5 228.4 216.6 218.6 226.6 236.8 239.4
-9999.0 -9999.0 -9999.0 -9999.0 -9999.0 -9999.0 -9999.0 -9999.0 -9999.0 -9999.0 -9999.0 -9999.0 -9999.0 -9999.0 -9999.0 -9999.0 -9999.0 -9999.0 -9999.0 -9999.0 -9999.0 -9999.0 -9999.0 -9999.0 -9999.0 -9999.0 -9999.0 -9999.0 -9999.0 -9999.0 -9999.0 -9999.0 -9999.0 -9999.0 -9999.0 -9999.0 -9999.0 -9999.0 -9999.0 -9999.0 -9999.0 -9999.0 -9999.0 -9999.0 -9999.0 -9999.0 -9999.0 -9999.0 -9999.0 -9999.0 342.7 202.6 175.2 179.2 161.0 169.3 130.6 107.8 145.8 213.5 230.3 285.2 276.8 320.9 377.2 351.6 273.7 201.8 202.2 223.6 248.4 276.6 297.5 311.2
-9999.0 -9999.0 -9999.0 -9999.0 -9999.0 -9999.0 -9999.0 -9999.0 -9999.0 -9999.0 -9999.0 -9999.0 -9999.0 -9999.0 -9999.0 -9999.0 -9999.0 -9999.0 -9999.0 -9999.0 -9999.0 -9999.0 -9999.0 -9999.0 -9999.0 -9999.0 -9999.0 -9999.0 -9999.0 -9999.0 -9999.0 -9999.0 -9999.0 -9999.0 -9999.0 -9999.0 -9999.0 -9999.0 -9999.0 -9999.0 -9999.0 -9999.0 -9999.0 -9999.0 -9999.0 -9999.0 -9999.0 -9999.0 -9999.0 -9999.0 333.5 206.7 246.3 197.6 197.5 171.2 124.9 166.0 188.8 193.0 207.9 263.7 284.3 348.6 384.9 257.9 208.1 171.9 192.6 240.8 279.9 315.6 338.6 336.9
-9999.0 -9999.0 -9999.0 -9999.0 -9999.0 -9999.0 -9999.0 -9999.0 -9999.0 -9999.0 -9999.0 -9999.0 -9999.0 -9999.0 -9999.0 -9999.0 -9999.0 -9999.0 -9999.0 -9999.0 -9999.0 -9999.0 -9999.0 -9999.0 -9999.0 -9999.0 -9999.0 -9999.0 -9999.0 -9999.0 -9999.0 -9999.0 -9999.0 -9999.0 -9999.0 -9999.0 -9999.0 -9999.0 -9999.0 -9999.0 -9999.0 -9999.0 -9999.0 -9999.0 -9999.0 -9999.0 -9999.0 -9999.0 -9999.0 -9999.0 330.0 279.0 302.4 258.9 228.9 209.4 255.4 198.9 228.4 162.7 211.5 262.8 277.7 275.4 309.1 253.3 187.0 187.5 220.9 239.5 277.0 307.8 308.4 308.0
-9999.0 -9999.0 -9999.0 -9999.0 -9999.0 -9999.0 -9999.0 -9999.0 -9999.0 -9999.0 -9999.0 -9999.0 -9999.0 -9999.0 -9999.0 -9999.0 -9999.0 -9999.0 -9999.0 -9999.0 -9999.0 -9999.0 -9999.0 -9999.0 -9999.0 -9999.0 -9999.0 -9999.0 -9999.0 -9999.0 -9999.0 -9999.0 -9999.0 -9999.0 -9999.0 -9999.0 -9999.0 -9999.0 -9999.0 -9999.0 -9999.0 -9999.0 -9999.0 -9999.0 -9999.0 -9999.0 -9999.0 -9999.0 -9999.0 -9999.0 254.6 266.9 295.1 304.8 304.0 321.6 248.9 259.5 240.4 172.9 210.3 204.7 151.7 216.2 258.9 249.1 238.4 219.8 231.8 206.4 220.0 230.4 250.7 246.3
-9999.0 -9999.0 -9999.0 -9999.0 -9999.0 -9999.0 -9999.0 -9999.0 -9999.0 -9999.0 -9999.0 -9999.0 -9999.0 -9999.0 -9999.0 -9999.0 -9999.0 -9999.0 -9999.0 -9999.0 -9999.0 -9999.0 -9999.0 -9999.0 -9999.0 -9999.0 -9999.0 -9999.0 -9999.0 -9999.0 -9999.0 -9999.0 -9999.0 -9999.0 -9999.0 -9999.0 -9999.0 -9999.0 -9999.0 -9999.0 -9999.0 -9999.0 -9999.0 -9999.0 -9999.0 -9999.0 -9999.0 -9999.0 -9999.0 -9999.0 -9999.0 -9999.0 -9999.0 354.9 348.6 327.4 319.5 314.3 233.5 220.5 361.4 165.0 263.1 218.3 240.5 245.0 271.0 232.7 238.1 210.6 171.0 158.8 187.7 201.0
-9999.0 -9999.0 -9999.0 -9999.0 -9999.0 -9999.0 -9999.0 -9999.0 -9999.0 -9999.0 -9999.0 -9999.0 -9999.0 -9999.0 -9999.0 -9999.0 -9999.0 -9999.0 -9999.0 -9999.0 -9999.0 -9999.0 -9999.0 -9999.0 -9999.0 -9999.0 -9999.0 -9999.0 -9999.0 -9999.0 -9999.0 -9999.0 -9999.0 -9999.0 -9999.0 -9999.0 -9999.0 -9999.0 -9999.0 -9999.0 -9999.0 -9999.0 -9999.0 -9999.0 -9999.0 -9999.0 -9999.0 -9999.0 -9999.0 -9999.0 -9999.0 -9999.0 -9999.0 370.8 360.0 439.5 326.1 290.6 314.3 412.8 344.1 259.2 346.3 247.9 256.3 261.6 221.7 285.9 216.9 190.6 159.1 163.7 206.7 227.1
-9999.0 -9999.0 -9999.0 -9999.0 -9999.0 -9999.0 -9999.0 -9999.0 -9999.0 -9999.0 -9999.0 -9999.0 -9999.0 -9999.0 -9999.0 -9999.0 -9999.0 -9999.0 -9999.0 -9999.0 -9999.0 -9999.0 -9999.0 -9999.0 -9999.0 -9999.0 -9999.0 -9999.0 -9999.0 -9999.0 -9999.0 -9999.0 -9999.0 -9999.0 -9999.0 -9999.0 -9999.0 -9999.0 -9999.0 -9999.0 -9999.0 -9999.0 -9999.0 -9999.0 -9999.0 -9999.0 -9999.0 -9999.0 -9999.0 -9999.0 -9999.0 -9999.0 -9999.0 358.2 318.7 366.6 333.7 310.2 361.4 413.9 505.2 454.6 486.8 454.6 275.5 -9999.0 -9999.0 -9999.0 271.3 219.4 220.9 250.7 275.7 269.0
-9999.0 -9999.0 -9999.0 -9999.0 -9999.0 -9999.0 -9999.0 -9999.0 -9999.0 -9999.0 -9999.0 -9999.0 -9999.0 -9999.0 -9999.0 -9999.0 -9999.0 -9999.0 -9999.0 -9999.0 -9999.0 -9999.0 -9999.0 -9999.0 -9999.0 -9999.0 -9999.0 -9999.0 -9999.0 -9999.0 -9999.0 -9999.0 -9999.0 -9999.0 -9999.0 -9999.0 -9999.0 -9999.0 -9999.0 -9999.0 -9999.0 -9999.0 -9999.0 -9999.0 -9999.0 -9999.0 -9999.0 -9999.0 -9999.0 -9999.0 -9999.0 -9999.0 -9999.0 -9999.0 328.0 317.5 263.6 265.6 381.3 514.2 404.9 -9999.0 -9999.0 -9999.0 -9999.0 -9999.0 -9999.0 -9999.0 290.0 310.8 360.2 347.5 342.7 316.6
-9999.0 -9999.0 -9999.0 -9999.0 -9999.0 -9999.0 -9999.0 -9999.0 -9999.0 -9999.0 -9999.0 -9999.0 -9999.0 -9999.0 -9999.0 -9999.0 -9999.0 -9999.0 -9999.0 -9999.0 -9999.0 -9999.0 -9999.0 -9999.0 -9999.0 -9999.0 -9999.0 -9999.0 -9999.0 -9999.0 -9999.0 -9999.0 -9999.0 -9999.0 -9999.0 -9999.0 -9999.0 -9999.0 -9999.0 -9999.0 -9999.0 -9999.0 -9999.0 -9999.0 -9999.0 -9999.0 -9999.0 -9999.0 -9999.0 -9999.0 -9999.0 -9999.0 -9999.0 -9999.0 -9999.0 265.6 361.2 294.5 307.6 421.1 445.9 -9999.0 -9999.0 -9999.0 -9999.0 -9999.0 -9999.0 -9999.0 -9999.0 -9999.0 401.8 -9999.0 -9999.0 -9999.0
