program/excelProcessViaJava/data/SURF_CLI_CHN_PRE_MON_GRID_0.5-200009.txt
NCOLS      128
NROWS       72
XLLCORNER    72.000000000000    
YLLCORNER    18.000000000000    
CELLSIZE    0.50000000000000    
NODATA_VALUE   -9999.000    
[rows 34 to 67 of 72, columns 0 to 75 of 128]
-9999.0 -9999.0 -9999.0 -9999.0 0.0 0.0 0.0 0.3 0.1 0.5 6.6 4.1 9.5 11.8 8.7 8.0 7.6 3.6 2.5 3.1 5.2 6.3 8.4 16.4 24.1 27.8 28.5 31.4 33.3 35.6 37.2 41.8 38.7 38.2 39.1 33.2 38.9 43.4 27.6 13.6 23.4 3.8 2.4 1.0 1.1 1.3 1.6 2.1 3.5 7.5 11.9 18.0 46.9 41.0 42.0 53.4 61.1 72.8 89.2 72.3 106.4 81.3 74.8 67.8 47.8 34.8 37.7 34.9 36.6 41.0 45.8 51.2 53.6 53.0 50.6 52.3
-9999.0 -9999.0 -9999.0 -9999.0 -9999.0 -9999.0 -9999.0 0.1 0.1 0.8 0.5 1.1 5.9 7.1 9.3 8.6 12.7 9.5 8.7 12.3 15.9 17.2 18.4 19.8 21.4 23.4 26.4 29.4 32.4 36.7 39.0 40.7 41.1 43.2 46.2 40.7 47.4 42.3 50.9 52.3 24.3 57.2 50.4 29.8 13.4 4.5 8.5 6.6 11.0 6.4 6.6 10.7 23.6 68.0 66.0 44.5 46.6 52.2 83.9 77.1 101.5 80.3 76.8 73.2 65.7 46.3 44.2 44.6 44.8 48.1 51.5 56.5 63.2 66.2 60.8 61.6
-9999.0 -9999.0 -9999.0 -9999.0 -9999.0 -9999.0 -9999.0 0.0 0.3 0.2 0.4 1.6 2.3 2.3 5.9 4.2 9.5 11.1 10.3 13.0 13.9 14.4 15.8 17.2 18.8 21.0 23.3 27.3 29.2 31.6 36.9 39.7 41.5 46.7 43.6 44.8 42.5 48.0 47.8 45.7 49.1 50.6 55.5 75.6 41.6 22.0 28.2 29.0 48.1 36.8 63.2 55.9 31.9 46.8 69.5 48.9 51.3 62.0 80.9 95.0 95.6 98.0 92.1 88.4 72.3 59.4 53.3 52.0 56.4 51.9 53.9 61.0 72.7 83.6 73.1 80.8
-9999.0 -9999.0 -9999.0 -9999.0 -9999.0 -9999.0 -9999.0 -9999.0 -9999.0 0.1 0.5 1.2 1.0 2.2 4.5 6.6 6.7 5.0 8.5 8.3 10.7 12.2 13.3 14.7 16.3 18.3 21.1 24.2 26.6 32.2 32.4 36.9 39.8 44.2 41.6 42.6 42.6 46.6 44.7 49.5 48.2 56.6 57.1 54.1 63.9 62.6 61.7 58.0 57.7 55.1 60.8 52.5 47.2 47.5 69.2 55.0 51.6 61.0 84.3 96.2 106.4 113.8 111.6 89.8 81.5 69.6 63.0 62.2 64.2 60.5 62.0 68.2 80.3 95.4 101.3 70.8
-9999.0 -9999.0 -9999.0 -9999.0 -9999.0 -9999.0 -9999.0 -9999.0 -9999.0 -9999.0 -9999.0 0.3 2.1 1.1 2.8 3.6 5.1 6.5 7.6 8.1 8.4 9.9 11.0 12.4 14.3 16.5 19.4 22.8 26.2 29.5 33.3 39.5 40.2 43.5 44.0 53.1 47.7 49.2 66.0 52.9 61.8 59.2 59.2 61.1 85.5 72.5 93.6 79.4 81.0 72.4 57.5 56.0 56.7 65.1 77.1 71.3 65.9 75.9 85.6 100.7 116.9 119.9 111.1 97.0 91.9 75.1 72.6 76.0 73.9 71.4 72.1 77.1 84.4 88.8 73.1 68.8
-9999.0 -9999.0 -9999.0 -9999.0 -9999.0 -9999.0 -9999.0 -9999.0 -9999.0 -9999.0 -9999.0 -9999.0 1.2 2.1 1.6 3.3 2.4 4.6 5.4 5.1 7.6 8.2 9.2 10.5 12.2 14.5 17.1 21.2 25.0 30.8 34.0 37.9 42.1 48.5 52.2 53.0 64.0 56.7 53.3 50.9 52.4 57.6 64.6 79.4 85.2 94.6 104.3 89.9 89.6 84.4 89.5 82.1 72.1 68.4 75.7 81.2 82.5 89.3 83.9 105.9 121.8 131.4 129.5 113.1 91.8 98.8 88.9 93.1 90.2 83.9 81.2 79.7 73.9 71.4 78.2 89.3
-9999.0 -9999.0 -9999.0 -9999.0 -9999.0 -9999.0 -9999.0 -9999.0 -9999.0 -9999.0 -9999.0 -9999.0 0.3 1.8 3.0 2.2 4.2 4.4 3.9 4.9 5.7 6.4 7.6 9.0 10.7 13.0 15.9 19.2 23.9 28.0 34.3 41.3 45.2 49.4 55.1 56.9 66.6 69.9 67.6 65.4 61.4 65.2 85.3 81.8 100.5 115.9 108.5 105.6 91.7 98.9 91.9 92.5 83.2 88.8 82.3 90.5 86.0 88.2 85.8 100.9 120.0 130.6 133.5 130.0 94.0 101.7 92.1 104.6 105.9 99.3 92.2 92.6 91.3 85.9 86.2 85.0
-9999.0 -9999.0 -9999.0 -9999.0 -9999.0 -9999.0 -9999.0 -9999.0 -9999.0 -9999.0 -9999.0 -9999.0 -9999.0 0.8 0.8 2.9 2.5 3.7 4.3 4.7 5.0 6.0 6.6 8.1 9.8 12.3 15.6 20.1 24.6 29.8 34.8 40.3 48.6 54.8 56.2 61.7 67.3 74.7 94.1 86.4 84.9 91.9 95.0 111.8 110.1 111.6 124.6 131.8 130.7 122.6 114.8 103.4 100.4 119.7 112.3 106.4 98.5 97.5 104.1 102.3 115.5 125.5 129.8 106.2 74.0 93.7 114.1 128.5 131.7 122.2 103.5 94.5 93.0 89.5 87.7 85.3
-9999.0 -9999.0 -9999.0 -9999.0 -9999.0 -9999.0 -9999.0 -9999.0 -9999.0 -9999.0 -9999.0 -9999.0 0.4 0.3 0.7 1.7 1.3 2.3 2.9 4.2 4.7 5.4 6.2 7.6 9.5 12.0 15.4 19.6 24.7 30.7 36.8 42.4 51.5 56.1 63.0 67.2 78.6 79.2 85.0 91.6 109.0 121.3 130.9 112.2 123.5 130.4 130.9 129.4 134.8 133.3 136.0 137.8 124.9 129.1 121.9 117.0 117.2 98.0 102.2 102.8 111.8 121.5 121.0 124.6 102.8 96.9 108.8 138.8 163.1 163.2 156.2 142.8 119.1 94.5 86.3 87.8
-9999.0 -9999.0 -9999.0 -9999.0 -9999.0 -9999.0 -9999.0 -9999.0 -9999.0 -9999.0 -9999.0 -9999.0 0.2 0.8 1.0 0.6 1.0 2.4 3.0 3.1 4.4 4.9 6.1 7.7 9.9 12.6 16.2 20.7 26.0 32.0 38.5 45.7 54.0 58.4 64.3 71.7 77.0 87.3 94.9 96.1 103.8 106.0 111.3 119.8 127.5 135.9 147.6 146.6 144.4 131.6 132.4 142.1 136.9 134.2 129.7 117.7 118.9 116.3 107.8 114.8 120.3 126.8 106.1 86.5 81.7 84.4 119.9 163.1 195.3 214.5 211.5 192.7 165.1 138.9 108.8 97.8
-9999.0 -9999.0 -9999.0 -9999.0 -9999.0 -9999.0 -9999.0 -9999.0 -9999.0 -9999.0 -9999.0 -9999.0 0.6 0.4 1.0 1.2 1.6 1.3 2.3 3.0 3.4 4.6 6.6 8.3 11.0 13.9 18.0 22.8 28.5 34.7 41.6 49.6 56.0 61.9 67.8 74.6 82.2 92.0 99.2 110.9 112.9 108.2 131.2 108.9 128.0 143.2 147.1 137.0 124.2 124.9 130.8 132.1 159.6 162.8 148.6 115.3 121.1 122.4 121.9 115.4 116.4 115.1 133.5 77.6 58.9 90.3 123.6 179.6 231.8 247.9 240.3 232.2 202.8 160.6 129.5 111.2
-9999.0 -9999.0 -9999.0 -9999.0 -9999.0 -9999.0 -9999.0 -9999.0 -9999.0 -9999.0 -9999.0 -9999.0 -9999.0 0.1 0.4 1.0 1.3 2.0 2.1 2.9 3.4 5.7 7.4 9.7 13.3 16.8 21.2 26.3 31.6 38.0 44.8 52.2 59.7 66.1 72.0 80.5 88.4 94.6 104.8 110.6 116.3 135.2 142.4 137.7 122.1 123.7 130.8 106.2 121.8 117.1 108.5 138.2 142.3 133.8 153.0 147.2 113.8 117.4 126.2 138.2 131.2 155.4 124.0 56.4 72.3 72.7 98.9 159.3 224.1 256.2 245.9 220.1 206.0 157.1 138.5 128.5
-9999.0 -9999.0 -9999.0 -9999.0 -9999.0 -9999.0 -9999.0 -9999.0 -9999.0 -9999.0 -9999.0 -9999.0 -9999.0 0.8 0.4 1.0 0.9 2.2 2.9 3.8 4.5 6.5 9.0 12.5 17.4 21.1 25.6 31.0 35.9 40.9 47.3 54.3 61.5 67.9 73.9 80.4 86.5 94.8 105.8 121.0 120.6 127.7 131.9 131.9 142.2 122.1 115.3 91.2 91.4 90.8 110.3 97.9 132.7 152.5 160.3 146.2 120.5 123.2 134.0 125.5 136.9 108.9 92.9 98.2 67.3 56.3 75.0 131.0 197.1 224.4 215.9 201.0 183.7 171.3 155.6 150.4
-9999.0 -9999.0 -9999.0 -9999.0 -9999.0 -9999.0 -9999.0 -9999.0 -9999.0 -9999.0 -9999.0 -9999.0 -9999.0 -9999.0 -9999.0 1.1 1.9 2.3 3.8 5.7 6.7 10.0 13.6 17.4 21.5 26.5 29.8 35.7 39.7 45.3 50.0 55.7 61.5 67.1 71.9 79.2 87.2 88.3 97.1 105.2 116.9 123.7 125.1 121.7 105.4 92.9 98.7 70.6 82.3 56.6 80.1 127.1 116.5 130.6 90.5 130.9 129.4 110.9 139.4 145.6 128.5 128.6 132.9 97.9 65.8 53.0 71.7 124.3 174.7 193.1 185.1 173.3 189.8 183.9 179.3 175.0
-9999.0 -9999.0 -9999.0 -9999.0 -9999.0 -9999.0 -9999.0 -9999.0 -9999.0 -9999.0 -9999.0 -9999.0 -9999.0 -9999.0 -9999.0 -9999.0 -9999.0 6.5 7.7 -9999.0 12.7 13.9 20.1 25.3 28.6 34.4 36.9 42.9 47.7 49.9 53.2 57.0 61.6 64.8 67.0 70.5 80.4 75.0 85.0 91.1 98.5 109.1 108.8 105.8 90.5 86.9 81.9 96.1 63.6 74.6 60.3 80.9 68.9 121.5 130.3 131.2 108.1 134.3 132.9 139.9 134.3 123.5 107.7 93.1 71.4 60.9 83.2 128.8 165.6 169.8 151.2 179.8 180.7 178.3 185.3 182.3
-9999.0 -9999.0 -9999.0 -9999.0 -9999.0 -9999.0 -9999.0 -9999.0 -9999.0 -9999.0 -9999.0 -9999.0 -9999.0 -9999.0 -9999.0 -9999.0 -9999.0 -9999.0 -9999.0 -9999.0 -9999.0 22.0 26.4 29.4 38.3 48.4 53.0 56.0 56.9 58.2 57.7 59.6 61.3 61.5 59.5 61.3 63.3 65.1 64.1 62.7 67.0 89.9 95.2 94.6 88.8 88.3 92.0 74.6 98.4 163.3 81.2 125.3 129.0 82.7 102.4 126.6 126.8 109.2 147.4 127.9 136.3 121.9 85.6 86.7 87.9 86.6 110.7 144.4 165.7 156.8 143.1 159.1 148.8 135.7 140.8 147.3
-9999.0 -9999.0 -9999.0 -9999.0 -9999.0 -9999.0 -9999.0 -9999.0 -9999.0 -9999.0 -9999.0 -9999.0 -9999.0 -9999.0 -9999.0 -9999.0 -9999.0 -9999.0 -9999.0 -9999.0 -9999.0 -9999.0 -9999.0 50.7 54.0 61.9 67.3 69.1 66.5 67.6 64.8 63.5 64.8 61.2 60.9 58.2 60.8 54.4 60.2 63.9 64.9 75.1 72.4 76.2 87.2 86.3 96.0 92.9 102.7 110.9 95.7 115.1 87.0 91.7 77.2 59.2 105.4 126.1 102.7 122.4 160.2 155.9 131.5 86.3 87.1 102.2 127.8 150.6 155.0 154.8 165.6 140.9 109.4 95.2 75.6 74.4
-9999.0 -9999.0 -9999.0 -9999.0 -9999.0 -9999.0 -9999.0 -9999.0 -9999.0 -9999.0 -9999.0 -9999.0 -9999.0 -9999.0 -9999.0 -9999.0 -9999.0 -9999.0 -9999.0 -9999.0 -9999.0 -9999.0 -9999.0 -9999.0 -9999.0 75.8 87.6 73.8 77.2 75.2 74.7 71.0 66.7 62.8 55.0 57.5 63.9 47.6 53.3 46.2 57.8 53.3 63.5 74.3 84.7 85.1 109.8 97.9 110.2 131.5 127.3 122.1 130.5 119.5 77.7 77.6 100.2 95.0 117.0 119.3 141.7 160.8 156.5 85.7 87.1 96.7 108.4 127.9 156.9 177.3 162.0 126.5 70.8 63.5 50.1 41.1
-9999.0 -9999.0 -9999.0 -9999.0 -9999.0 -9999.0 -9999.0 -9999.0 -9999.0 -9999.0 -9999.0 -9999.0 -9999.0 -9999.0 -9999.0 -9999.0 -9999.0 -9999.0 -9999.0 -9999.0 -9999.0 -9999.0 -9999.0 -9999.0 -9999.0 -9999.0 -9999.0 87.3 87.8 97.2 89.4 81.4 76.8 64.3 60.0 47.8 43.3 38.7 35.1 35.8 42.3 43.8 61.4 69.5 78.7 82.9 84.0 91.8 102.2 159.3 142.8 142.8 140.4 122.9 113.0 116.2 109.7 114.1 115.4 126.7 175.8 151.4 109.0 91.2 103.1 98.7 99.8 104.2 126.9 151.2 144.8 129.1 69.9 57.4 45.9 44.3
-9999.0 -9999.0 -9999.0 -9999.0 -9999.0 -9999.0 -9999.0 -9999.0 -9999.0 -9999.0 -9999.0 -9999.0 -9999.0 -9999.0 -9999.0 -9999.0 -9999.0 -9999.0 -9999.0 -9999.0 -9999.0 -9999.0 -9999.0 -9999.0 -9999.0 -9999.0 -9999.0 -9999.0 -9999.0 -9999.0 -9999.0 -9999.0 -9999.0 65.8 61.8 -9999.0 -9999.0 -9999.0 38.4 34.8 41.1 50.5 59.7 64.1 66.3 75.5 -9999.0 -9999.0 -9999.0 -9999.0 -9999.0 -9999.0 173.4 171.8 151.3 151.5 149.2 157.1 139.6 162.5 155.7 131.6 101.4 80.7 81.4 99.5 122.5 140.1 133.5 126.3 120.5 121.2 102.8 85.1 82.6 82.0
-9999.0 -9999.0 -9999.0 -9999.0 -9999.0 -9999.0 -9999.0 -9999.0 -9999.0 -9999.0 -9999.0 -9999.0 -9999.0 -9999.0 -9999.0 -9999.0 -9999.0 -9999.0 -9999.0 -9999.0 -9999.0 -9999.0 -9999.0 -9999.0 -9999.0 -9999.0 -9999.0 -9999.0 -9999.0 -9999.0 -9999.0 -9999.0 -9999.0 -9999.0 -9999.0 -9999.0 -9999.0 -9999.0 -9999.0 37.8 40.8 44.7 50.0 57.1 -9999.0 -9999.0 -9999.0 -9999.0 -9999.0 -9999.0 -9999.0 -9999.0 213.8 217.5 198.6 179.8 175.8 171.9 175.3 169.3 142.5 103.5 78.4 57.8 69.8 102.1 137.0 125.3 117.2 135.5 138.7 128.9 113.4 117.2 130.3 126.1
-9999.0 -9999.0 -9999.0 -9999.0 -9999.0 -9999.0 -9999.0 -9999.0 -9999.0 -9999.0 -9999.0 -9999.0 -9999.0 -9999.0 -9999.0 -9999.0 -9999.0 -9999.0 -9999.0 -9999.0 -9999.0 -9999.0 -9999.0 -9999.0 -9999.0 -9999.0 -9999.0 -9999.0 -9999.0 -9999.0 -9999.0 -9999.0 -9999.0 -9999.0 -9999.0 -9999.0 -9999.0 -9999.0 -9999.0 -9999.0 -9999.0 -9999.0 -9999.0 -9999.0 -9999.0 -9999.0 -9999.0 -9999.0 -9999.0 -9999.0 -9999.0 -9999.0 149.8 262.3 234.4 219.3 170.1 147.7 140.0 125.6 97.0 66.2 78.7 38.6 49.5 74.0 87.0 94.1 102.4 120.7 136.0 134.2 139.2 123.0 127.0 133.7
-9999.0 -9999.0 -9999.0 -9999.0 -9999.0 -9999.0 -9999.0 -9999.0 -9999.0 -9999.0 -9999.0 -9999.0 -9999.0 -9999.0 -9999.0 -9999.0 -9999.0 -9999.0 -9999.0 -9999.0 -9999.0 -9999.0 -9999.0 -9999.0 -9999.0 -9999.0 -9999.0 -9999.0 -9999.0 -9999.0 -9999.0 -9999.0 -9999.0 -9999.0 -9999.0 -9999.0 -9999.0 -9999.0 -9999.0 -9999.0 -9999.0 -9999.0 -9999.0 -9999.0 -9999.0 -9999.0 -9999.0 -9999.0 -9999.0 -9999.0 -9999.0 184.7 266.8 300.3 218.4 202.2 151.0 142.5 111.0 78.4 75.9 49.4 28.8 26.7 34.7 53.0 66.2 64.6 84.0 98.2 115.4 113.6 93.6 92.7 108.5 122.8
-9999.0 -9999.0 -9999.0 -9999.0 -9999.0 -9999.0 -9999.0 -9999.0 -9999.0 -9999.0 -9999.0 -9999.0 -9999.0 -9999.0 -9999.0 -9999.0 -9999.0 -9999.0 -9999.0 -9999.0 -9999.0 -9999.0 -9999.0 -9999.0 -9999.0 -9999.0 -9999.0 -9999.0 -9999.0 -9999.0 -9999.0 -9999.0 -9999.0 -9999.0 -9999.0 -9999.0 -9999.0 -9999.0 -9999.0 -9999.0 -9999.0 -9999.0 -9999.0 -9999.0 -9999.0 -9999.0 -9999.0 -9999.0 -9999.0 -9999.0 120.8 263.7 318.5 322.8 258.1 210.9 120.3 79.0 97.5 100.2 56.6 45.6 26.0 24.3 33.8 53.4 65.7 69.6 77.6 73.3 82.4 64.9 66.6 85.3 99.3 112.5
-9999.0 -9999.0 -9999.0 -9999.0 -9999.0 -9999.0 -9999.0 -9999.0 -9999.0 -9999.0 -9999.0 -9999.0 -9999.0 -9999.0 -9999.0 -9999.0 -9999.0 -9999.0 -9999.0 -9999.0 -9999.0 -9999.0 -9999.0 -9999.0 -9999.0 -9999.0 -9999.0 -9999.0 -9999.0 -9999.0 -9999.0 -9999.0 -9999.0 -9999.0 -9999.0 -9999.0 -9999.0 -9999.0 -9999.0 -9999.0 -9999.0 -9999.0 -9999.0 -9999.0 -9999.0 -9999.0 -9999.0 -9999.0 -9999.0 -9999.0 128.4 303.1 238.4 310.2 276.2 193.7 87.4 140.1 139.8 102.9 57.8 40.9 31.0 30.4 40.0 68.4 74.3 76.4 71.5 62.2 61.0 61.7 65.7 67.8 66.9 66.9
-9999.0 -9999.0 -9999.0 -9999.0 -9999.0 -9999.0 -9999.0 -9999.0 -9999.0 -9999.0 -9999.0 -9999.0 -9999.0 -9999.0 -9999.0 -9999.0 -9999.0 -9999.0 -9999.0 -9999.0 -9999.0 -9999.0 -9999.0 -9999.0 -9999.0 -9999.0 -9999.0 -9999.0 -9999.0 -9999.0 -9999.0 -9999.0 -9999.0 -9999.0 -9999.0 -9999.0 -9999.0 -9999.0 -9999.0 -9999.0 -9999.0 -9999.0 -9999.0 -9999.0 -9999.0 -9999.0 -9999.0 -9999.0 -9999.0 -9999.0 126.7 193.3 190.7 305.9 211.8 159.8 188.7 141.0 155.0 80.5 72.0 55.6 42.3 39.5 42.1 57.9 79.3 83.6 77.8 76.8 61.7 84.9 67.6 73.7 51.2 53.5
-9999.0 -9999.0 -9999.0 -9999.0 -9999.0 -9999.0 -9999.0 -9999.0 -9999.0 -9999.0 -9999.0 -9999.0 -9999.0 -9999.0 -9999.0 -9999.0 -9999.0 -9999.0 -9999.0 -9999.0 -9999.0 -9999.0 -9999.0 -9999.0 -9999.0 -9999.0 -9999.0 -9999.0 -9999.0 -9999.0 -9999.0 -9999.0 -9999.0 -9999.0 -9999.0 -9999.0 -9999.0 -9999.0 -9999.0 -9999.0 -9999.0 -9999.0 -9999.0 -9999.0 -9999.0 -9999.0 -9999.0 -9999.0 -9999.0 -9999.0 187.0 244.8 230.2 237.6 205.5 192.5 126.5 141.5 133.5 76.5 79.2 59.3 35.3 47.0 48.3 55.9 68.5 86.0 93.7 66.2 64.8 69.3 78.4 73.4 49.8 61.4
-9999.0 -9999.0 -9999.0 -9999.0 -9999.0 -9999.0 -9999.0 -9999.0 -9999.0 -9999.0 -9999.0 -9999.0 -9999.0 -9999.0 -9999.0 -9999.0 -9999.0 -9999.0 -9999.0 -9999.0 -9999.0 -9999.0 -9999.0 -9999.0 -9999.0 -9999.0 -9999.0 -9999.0 -9999.0 -9999.0 -9999.0 -9999.0 -9999.0 -9999.0 -9999.0 -9999.0 -9999.0 -9999.0 -9999.0 -9999.0 -9999.0 -9999.0 -9999.0 -9999.0 -9999.0 -9999.0 -9999.0 -9999.0 -9999.0 -9999.0 -9999.0 -9999.0 -9999.0 205.6 181.3 159.1 145.5 142.6 105.0 88.2 140.2 55.8 92.9 78.0 75.7 80.8 86.3 106.5 107.0 85.8 60.0 58.6 63.7 61.9 63.1 66.6
-9999.0 -9999.0 -9999.0 -9999.0 -9999.0 -9999.0 -9999.0 -9999.0 -9999.0 -9999.0 -9999.0 -9999.0 -9999.0 -9999.0 -9999.0 -9999.0 -9999.0 -9999.0 -9999.0 -9999.0 -9999.0 -9999.0 -9999.0 -9999.0 -9999.0 -9999.0 -9999.0 -9999.0 -9999.0 -9999.0 -9999.0 -9999.0 -9999.0 -9999.0 -9999.0 -9999.0 -9999.0 -9999.0 -9999.0 -9999.0 -9999.0 -9999.0 -9999.0 -9999.0 -9999.0 -9999.0 -9999.0 -9999.0 -9999.0 -9999.0 -9999.0 -9999.0 -9999.0 222.5 205.2 191.8 155.6 135.2 132.8 159.1 127.6 118.0 154.5 174.3 169.8 155.3 163.9 131.4 104.6 74.9 54.8 61.4 70.9 75.6 81.6 102.2
-9999.0 -9999.0 -9999.0 -9999.0 -9999.0 -9999.0 -9999.0 -9999.0 -9999.0 -9999.0 -9999.0 -9999.0 -9999.0 -9999.0 -9999.0 -9999.0 -9999.0 -9999.0 -9999.0 -9999.0 -9999.0 -9999.0 -9999.0 -9999.0 -9999.0 -9999.0 -9999.0 -9999.0 -9999.0 -9999.0 -9999.0 -9999.0 -9999.0 -9999.0 -9999.0 -9999.0 -9999.0 -9999.0 -9999.0 -9999.0 -9999.0 -9999.0 -9999.0 -9999.0 -9999.0 -9999.0 -9999.0 -9999.0 -9999.0 -9999.0 -9999.0 -9999.0 -9999.0 250.3 239.2 206.6 174.6 155.0 161.3 176.6 206.0 223.6 245.2 236.6 308.2 -9999.0 -9999.0 -9999.0 130.6 91.9 91.7 113.6 124.0 114.0 108.8 128.4
-9999.0 -9999.0 -9999.0 -9999.0 -9999.0 -9999.0 -9999.0 -9999.0 -9999.0 -9999.0 -9999.0 -9999.0 -9999.0 -9999.0 -9999.0 -9999.0 -9999.0 -9999.0 -9999.0 -9999.0 -9999.0 -9999.0 -9999.0 -9999.0 -9999.0 -9999.0 -9999.0 -9999.0 -9999.0 -9999.0 -9999.0 -9999.0 -9999.0 -9999.0 -9999.0 -9999.0 -9999.0 -9999.0 -9999.0 -9999.0 -9999.0 -9999.0 -9999.0 -9999.0 -9999.0 -9999.0 -9999.0 -9999.0 -9999.0 -9999.0 -9999.0 -9999.0 -9999.0 -9999.0 258.2 229.0 196.8 181.9 199.0 237.4 257.4 -9999.0 -9999.0 -9999.0 -9999.0 -9999.0 -9999.0 -9999.0 158.6 148.2 176.6 194.5 189.0 153.4 120.0 108.9
-9999.0 -9999.0 -9999.0 -9999.0 -9999.0 -9999.0 -9999.0 -9999.0 -9999.0 -9999.0 -9999.0 -9999.0 -9999.0 -9999.0 -9999.0 -9999.0 -9999.0 -9999.0 -9999.0 -9999.0 -9999.0 -9999.0 -9999.0 -9999.0 -9999.0 -9999.0 -9999.0 -9999.0 -9999.0 -9999.0 -9999.0 -9999.0 -9999.0 -9999.0 -9999.0 -9999.0 -9999.0 -9999.0 -9999.0 -9999.0 -9999.0 -9999.0 -9999.0 -9999.0 -9999.0 -9999.0 -9999.0 -9999.0 -9999.0 -9999.0 -9999.0 -9999.0 -9999.0 -9999.0 -9999.0 249.7 233.9 220.7 236.2 276.7 321.7 -9999.0 -9999.0 -9999.0 -9999.0 -9999.0 -9999.0 -9999.0 -9999.0 -9999.0 220.6 -9999.0 -9999.0 -9999.0 -9999.0 -9999.0
-9999.0 -9999.0 -9999.0 -9999.0 -9999.0 -9999.0 -9999.0 -9999.0 -9999.0 -9999.0 -9999.0 -9999.0 -9999.0 -9999.0 -9999.0 -9999.0 -9999.0 -9999.0 -9999.0 -9999.0 -9999.0 -9999.0 -9999.0 -9999.0 -9999.0 -9999.0 -9999.0 -9999.0 -9999.0 -9999.0 -9999.0 -9999.0 -9999.0 -9999.0 -9999.0 -9999.0 -9999.0 -9999.0 -9999.0 -9999.0 -9999.0 -9999.0 -9999.0 -9999.0 -9999.0 -9999.0 -9999.0 -9999.0 -9999.0 -9999.0 -9999.0 -9999.0 -9999.0 -9999.0 -9999.0 -9999.0 -9999.0 -9999.0 280.5 313.9 -9999.0 -9999.0 -9999.0 -9999.0 -9999.0 -9999.0 -9999.0 -9999.0 -9999.0 -9999.0 -9999.0 -9999.0 -9999.0 -9999.0 -9999.0 147.9
-9999.0 -9999.0 -9999.0 -9999.0 -9999.0 -9999.0 -9999.0 -9999.0 -9999.0 -9999.0 -9999.0 -9999.0 -9999.0 -9999.0 -9999.0 -9999.0 -9999.0 -9999.0 -9999.0 -9999.0 -9999.0 -9999.0 -9999.0 -9999.0 -9999.0 -9999.0 -9999.0 -9999.0 -9999.0 -9999.0 -9999.0 -9999.0 -9999.0 -9999.0 -9999.0 -9999.0 -9999.0 -9999.0 -9999.0 -9999.0 -9999.0 -9999.0 -9999.0 -9999.0 -9999.0 -9999.0 -9999.0 -9999.0 -9999.0 -9999.0 -9999.0 -9999.0 -9999.0 -9999.0 -9999.0 -9999.0 -9999.0 -9999.0 -9999.0 -9999.0 -9999.0 -9999.0 -9999.0 -9999.0 -9999.0 -9999.0 -9999.0 -9999.0 -9999.0 -9999.0 -9999.0 -9999.0 -9999.0 -9999.0 -9999.0 -9999.0
