program/excelProcessViaJava/data/SURF_CLI_CHN_PRE_MON_GRID_0.5-198606.txt
NCOLS      128
NROWS       72
XLLCORNER    72.000000000000    
YLLCORNER    18.000000000000    
CELLSIZE    0.50000000000000    
NODATA_VALUE   -9999.000    
[rows 33 to 65 of 72, columns 0 to 75 of 128]
-9999.0 -9999.0 -9999.0 -9999.0 3.3 7.3 11.9 5.9 6.1 2.5 5.1 6.3 7.2 6.3 4.8 3.9 4.0 4.6 5.1 5.7 6.5 7.4 8.0 8.6 9.6 12.0 16.0 65.0 43.1 57.3 72.6 75.5 80.4 96.7 78.7 77.7 67.7 103.3 80.0 42.0 15.9 8.2 6.5 5.5 5.6 6.3 7.9 12.8 19.9 19.1 27.7 70.8 115.7 152.2 110.7 109.6 109.0 140.8 142.2 153.8 139.7 111.9 89.2 70.1 62.0 68.1 74.7 60.1 90.1 96.4 110.6 134.6 154.7 167.6 163.8 143.8
-9999.0 -9999.0 -9999.0 -9999.0 3.3 2.1 7.0 2.6 12.3 12.0 4.5 11.5 8.9 9.5 5.2 4.7 4.7 4.4 4.8 5.6 6.8 8.2 9.6 13.4 26.5 42.5 37.2 45.5 51.6 60.2 68.0 84.2 82.3 86.6 92.3 82.5 92.7 98.4 63.7 35.9 46.8 14.5 10.9 7.7 7.7 8.4 9.8 12.3 16.4 24.4 35.5 56.0 117.6 110.7 100.4 102.8 106.2 122.5 134.0 99.5 128.5 105.5 100.2 99.1 93.9 84.2 102.7 98.3 107.2 139.3 134.0 143.7 148.4 151.1 137.7 119.3
-9999.0 -9999.0 -9999.0 -9999.0 -9999.0 -9999.0 -9999.0 2.1 5.1 4.1 11.8 12.6 7.8 9.8 10.1 4.2 6.3 4.9 5.2 7.0 11.1 16.7 20.2 22.5 25.7 30.2 38.4 46.5 54.8 68.2 75.6 82.3 86.3 93.7 101.8 89.9 101.0 86.5 96.8 91.9 42.5 87.0 71.9 43.3 25.3 16.6 24.8 27.1 39.6 40.7 50.6 70.8 98.9 152.4 141.8 96.5 89.0 88.9 122.7 101.0 128.2 115.8 115.6 117.8 115.8 104.4 112.5 127.6 128.7 139.3 130.1 123.7 125.9 117.9 101.3 87.6
-9999.0 -9999.0 -9999.0 -9999.0 -9999.0 -9999.0 -9999.0 6.4 1.2 4.6 7.2 5.9 8.3 12.7 9.6 16.6 10.0 9.9 14.7 11.3 12.4 16.7 17.8 21.2 24.5 29.7 35.2 46.3 50.0 56.9 71.1 79.0 84.4 97.0 89.6 90.3 82.7 87.5 80.7 70.6 69.1 66.0 69.7 99.4 56.7 40.5 53.7 63.0 95.0 91.2 130.8 127.5 109.8 120.4 137.9 105.3 98.8 103.0 111.7 116.8 117.2 125.4 125.8 128.5 115.2 102.6 102.9 112.3 136.0 115.5 113.4 107.5 100.2 83.0 59.5 56.3
-9999.0 -9999.0 -9999.0 -9999.0 -9999.0 -9999.0 -9999.0 -9999.0 -9999.0 2.7 3.3 3.6 7.4 7.9 7.2 7.1 9.3 16.1 11.5 15.9 13.7 13.6 15.8 18.9 22.6 26.9 33.6 40.6 46.1 59.6 60.2 70.2 76.8 85.5 79.0 78.2 74.3 75.7 67.2 68.1 60.7 66.5 65.2 63.8 79.1 84.6 92.4 97.6 105.8 110.2 120.7 115.0 111.1 109.9 124.5 113.1 106.3 106.3 112.2 110.5 118.2 125.0 122.5 115.3 103.8 88.0 84.4 95.6 118.3 109.7 108.6 92.5 79.9 62.0 46.5 30.0
-9999.0 -9999.0 -9999.0 -9999.0 -9999.0 -9999.0 -9999.0 -9999.0 -9999.0 -9999.0 -9999.0 4.8 2.4 6.9 6.0 7.4 7.5 7.6 8.1 9.6 12.0 12.3 14.8 16.9 22.9 26.0 32.4 38.9 45.4 51.8 59.3 71.8 72.2 77.1 75.8 88.4 73.7 70.6 91.9 65.1 71.7 64.2 63.2 67.6 98.9 91.7 123.9 116.0 123.6 118.3 106.2 104.2 102.5 106.1 116.3 118.6 125.8 129.3 122.5 119.1 122.6 116.0 103.0 95.1 91.2 67.5 73.7 87.6 102.7 113.9 109.4 95.5 73.3 52.9 32.3 27.1
-9999.0 -9999.0 -9999.0 -9999.0 -9999.0 -9999.0 -9999.0 -9999.0 -9999.0 -9999.0 -9999.0 -9999.0 1.8 2.4 5.1 4.6 8.1 6.5 7.1 10.0 8.2 10.1 12.2 14.6 22.4 22.6 27.1 34.5 40.8 51.7 56.0 62.5 68.7 78.4 81.4 77.6 91.2 71.6 61.3 54.5 53.5 57.2 64.3 81.4 92.1 108.5 126.0 116.7 119.0 114.1 117.7 107.9 96.5 93.1 100.7 115.1 131.9 145.5 143.8 146.7 134.4 124.7 109.4 90.3 70.9 84.1 68.5 86.4 104.7 120.6 109.7 80.4 66.3 58.1 51.2 51.4
-9999.0 -9999.0 -9999.0 -9999.0 -9999.0 -9999.0 -9999.0 -9999.0 -9999.0 -9999.0 -9999.0 -9999.0 3.2 1.4 1.8 3.6 3.2 4.1 5.7 6.1 6.9 8.5 10.1 12.3 15.5 19.2 23.6 28.8 35.0 41.3 50.0 60.8 65.5 70.1 75.8 73.0 82.3 79.5 68.9 61.5 54.9 58.1 79.3 78.0 101.1 122.9 118.4 117.6 103.7 107.9 99.2 97.9 88.7 91.8 95.0 111.6 134.6 157.1 174.6 171.8 153.8 129.9 118.0 113.3 71.1 75.8 67.7 87.9 106.3 124.8 140.3 145.9 132.2 103.0 84.7 67.2
-9999.0 -9999.0 -9999.0 -9999.0 -9999.0 -9999.0 -9999.0 -9999.0 -9999.0 -9999.0 -9999.0 -9999.0 -9999.0 1.3 2.6 1.7 2.7 2.8 3.3 4.0 4.9 6.3 7.8 10.4 13.0 15.7 19.6 24.8 29.9 36.3 42.7 49.7 60.9 68.4 66.1 68.6 69.3 71.8 98.2 75.3 69.7 77.1 81.1 102.9 103.5 108.5 123.8 131.0 126.1 112.5 101.7 89.1 86.4 104.7 101.4 111.5 134.6 161.3 179.6 198.1 189.5 162.9 142.9 111.3 93.2 87.7 97.0 113.5 138.9 152.3 139.3 133.8 134.2 120.9 104.5 89.3
-9999.0 -9999.0 -9999.0 -9999.0 -9999.0 -9999.0 -9999.0 -9999.0 -9999.0 -9999.0 -9999.0 -9999.0 0.7 1.5 1.5 1.3 2.2 2.0 2.4 3.0 3.8 5.0 6.3 8.5 11.2 12.1 15.4 19.6 23.9 29.2 35.8 42.4 53.3 57.8 64.7 64.7 73.9 62.8 61.9 65.3 88.5 106.4 120.9 94.2 111.3 122.1 122.1 115.4 115.1 107.9 110.3 111.6 92.1 97.3 97.6 109.5 128.9 166.8 187.3 211.1 212.5 199.7 177.1 163.9 135.6 122.8 102.2 133.0 172.3 184.7 187.0 171.5 143.6 125.1 118.7 114.5
-9999.0 -9999.0 -9999.0 -9999.0 -9999.0 -9999.0 -9999.0 -9999.0 -9999.0 -9999.0 -9999.0 -9999.0 0.7 0.5 0.7 1.7 1.4 1.2 1.5 1.8 2.9 3.4 4.8 6.6 9.5 12.3 14.0 16.4 19.2 23.9 28.9 34.7 43.3 47.9 53.3 58.9 57.2 59.8 59.6 56.0 63.8 69.0 79.8 95.0 109.6 123.7 140.4 134.9 124.6 95.4 91.0 101.5 88.0 87.4 94.2 106.7 120.3 142.7 174.9 195.7 211.9 217.4 204.7 176.1 156.3 119.8 134.9 138.6 173.8 213.3 212.2 186.1 157.2 133.9 125.4 125.1
-9999.0 -9999.0 -9999.0 -9999.0 -9999.0 -9999.0 -9999.0 -9999.0 -9999.0 -9999.0 -9999.0 -9999.0 0.2 0.5 0.4 0.6 0.7 0.9 0.9 1.2 1.6 2.2 3.6 4.3 6.5 6.4 8.6 9.1 14.4 17.4 21.6 26.0 32.7 38.6 44.1 50.0 52.2 53.8 52.1 61.2 61.9 63.1 95.0 81.8 104.8 129.9 138.4 121.3 98.0 91.1 89.8 79.3 115.3 113.5 94.7 96.5 105.2 122.8 148.3 179.2 206.0 221.1 231.0 188.8 121.9 95.3 107.2 121.2 144.9 171.3 191.1 180.4 160.8 144.2 161.5 137.9
-9999.0 -9999.0 -9999.0 -9999.0 -9999.0 -9999.0 -9999.0 -9999.0 -9999.0 -9999.0 -9999.0 -9999.0 -9999.0 0.8 0.6 0.4 0.5 0.6 0.8 0.9 1.5 1.8 2.3 2.9 5.4 5.8 7.0 8.8 8.3 13.3 13.0 17.9 23.6 29.4 35.7 48.5 52.3 45.9 49.2 49.6 56.2 90.0 108.8 105.4 93.6 99.2 111.0 79.8 97.7 87.0 67.1 93.4 84.5 71.2 88.1 87.1 83.0 96.1 122.3 161.9 188.4 237.8 229.0 140.3 61.8 74.7 89.8 100.0 109.6 135.5 165.7 183.6 166.4 201.5 169.9 177.4
-9999.0 -9999.0 -9999.0 -9999.0 -9999.0 -9999.0 -9999.0 -9999.0 -9999.0 -9999.0 -9999.0 -9999.0 -9999.0 0.2 0.5 0.3 0.6 0.5 0.7 0.9 1.3 1.6 2.0 2.6 6.1 5.1 4.8 7.0 6.3 4.7 6.8 10.4 15.3 20.5 29.4 36.8 36.0 38.2 47.2 77.5 58.0 72.2 85.5 93.8 125.3 92.1 85.5 55.1 56.3 55.4 73.1 50.2 76.0 87.8 90.5 74.3 63.0 75.2 105.6 119.8 174.4 174.4 114.4 64.4 64.3 75.3 91.6 102.4 110.5 133.8 159.5 172.3 186.5 191.4 199.6 196.0
-9999.0 -9999.0 -9999.0 -9999.0 -9999.0 -9999.0 -9999.0 -9999.0 -9999.0 -9999.0 -9999.0 -9999.0 -9999.0 -9999.0 -9999.0 0.4 0.5 0.6 0.8 1.3 1.4 2.4 3.5 3.9 3.8 4.0 2.3 2.5 1.9 3.2 3.5 5.9 10.5 16.0 19.7 36.3 49.2 26.2 34.6 42.9 67.5 80.2 82.2 80.7 70.1 64.5 61.5 34.9 43.9 21.7 40.4 86.5 63.2 66.8 44.5 58.2 60.1 64.3 106.6 145.3 136.5 133.9 116.0 100.7 95.4 104.3 119.1 136.9 152.2 147.9 153.3 159.4 149.8 175.2 215.0 213.1
-9999.0 -9999.0 -9999.0 -9999.0 -9999.0 -9999.0 -9999.0 -9999.0 -9999.0 -9999.0 -9999.0 -9999.0 -9999.0 -9999.0 -9999.0 -9999.0 -9999.0 22.4 6.3 -9999.0 7.9 3.7 8.3 9.5 5.3 5.3 2.4 2.1 2.6 1.3 2.0 4.7 8.0 9.2 11.5 18.6 46.0 18.4 30.6 37.9 50.0 75.9 67.9 63.8 104.1 65.2 163.7 61.4 26.0 34.3 24.0 39.2 35.8 62.3 65.0 65.6 57.4 91.5 114.2 150.6 137.7 151.7 153.1 144.9 137.8 140.8 156.1 166.9 184.5 166.9 173.7 127.5 143.2 174.5 205.5 225.4
-9999.0 -9999.0 -9999.0 -9999.0 -9999.0 -9999.0 -9999.0 -9999.0 -9999.0 -9999.0 -9999.0 -9999.0 -9999.0 -9999.0 -9999.0 -9999.0 -9999.0 -9999.0 -9999.0 -9999.0 -9999.0 12.2 10.4 7.1 9.6 19.2 13.6 8.0 3.3 4.1 2.4 10.7 8.6 9.5 12.2 18.5 21.8 24.0 23.4 25.2 28.0 66.0 71.1 61.9 108.5 54.7 253.2 45.4 63.0 213.2 35.1 82.5 77.8 39.3 52.3 75.3 88.2 97.5 156.2 165.6 168.7 184.1 169.7 163.0 170.8 175.8 190.4 185.3 202.7 178.6 147.1 130.4 144.6 184.5 224.6 248.4
-9999.0 -9999.0 -9999.0 -9999.0 -9999.0 -9999.0 -9999.0 -9999.0 -9999.0 -9999.0 -9999.0 -9999.0 -9999.0 -9999.0 -9999.0 -9999.0 -9999.0 -9999.0 -9999.0 -9999.0 -9999.0 -9999.0 -9999.0 80.4 30.3 31.6 26.1 14.3 3.8 4.7 3.0 4.4 11.1 15.2 27.3 34.7 50.6 39.1 57.7 66.0 58.0 75.1 47.4 49.7 115.8 336.3 122.0 79.7 90.4 83.6 37.1 58.7 34.8 40.4 39.2 45.4 87.3 127.2 149.4 180.5 213.6 218.9 191.1 128.8 127.6 174.2 207.1 193.7 154.4 166.8 143.1 148.4 163.8 187.9 234.4 256.9
-9999.0 -9999.0 -9999.0 -9999.0 -9999.0 -9999.0 -9999.0 -9999.0 -9999.0 -9999.0 -9999.0 -9999.0 -9999.0 -9999.0 -9999.0 -9999.0 -9999.0 -9999.0 -9999.0 -9999.0 -9999.0 -9999.0 -9999.0 -9999.0 -9999.0 215.4 90.4 13.2 9.5 10.7 7.1 14.6 22.2 28.9 38.8 62.0 106.5 69.9 96.8 71.0 97.3 55.3 118.7 113.0 284.2 366.1 252.3 347.0 58.3 77.3 64.5 47.3 59.7 52.3 38.3 48.1 83.3 108.8 153.9 177.8 194.7 193.0 231.5 104.0 106.0 145.9 163.5 135.8 149.1 160.0 163.4 173.1 196.9 204.7 226.8 258.3
-9999.0 -9999.0 -9999.0 -9999.0 -9999.0 -9999.0 -9999.0 -9999.0 -9999.0 -9999.0 -9999.0 -9999.0 -9999.0 -9999.0 -9999.0 -9999.0 -9999.0 -9999.0 -9999.0 -9999.0 -9999.0 -9999.0 -9999.0 -9999.0 -9999.0 -9999.0 -9999.0 313.7 294.2 91.1 68.8 65.2 43.3 83.9 74.6 141.7 92.5 95.9 93.6 89.3 98.5 70.0 173.6 317.2 347.4 385.9 402.6 375.9 329.5 148.3 175.9 136.2 48.6 46.3 45.0 59.2 78.8 111.0 141.3 157.8 176.6 162.1 108.3 90.0 119.2 104.6 134.5 159.0 163.0 170.0 176.9 195.3 203.4 215.2 252.5 279.5
-9999.0 -9999.0 -9999.0 -9999.0 -9999.0 -9999.0 -9999.0 -9999.0 -9999.0 -9999.0 -9999.0 -9999.0 -9999.0 -9999.0 -9999.0 -9999.0 -9999.0 -9999.0 -9999.0 -9999.0 -9999.0 -9999.0 -9999.0 -9999.0 -9999.0 -9999.0 -9999.0 -9999.0 -9999.0 -9999.0 -9999.0 -9999.0 -9999.0 214.7 129.7 -9999.0 -9999.0 -9999.0 195.1 131.7 156.7 208.0 183.3 371.8 420.9 416.4 -9999.0 -9999.0 -9999.0 -9999.0 -9999.0 -9999.0 79.3 63.3 71.2 85.0 96.1 136.5 139.9 172.2 164.8 143.8 110.7 103.2 118.9 145.3 177.3 201.0 196.3 179.8 177.1 203.0 209.0 211.3 229.8 282.7
-9999.0 -9999.0 -9999.0 -9999.0 -9999.0 -9999.0 -9999.0 -9999.0 -9999.0 -9999.0 -9999.0 -9999.0 -9999.0 -9999.0 -9999.0 -9999.0 -9999.0 -9999.0 -9999.0 -9999.0 -9999.0 -9999.0 -9999.0 -9999.0 -9999.0 -9999.0 -9999.0 -9999.0 -9999.0 -9999.0 -9999.0 -9999.0 -9999.0 -9999.0 -9999.0 -9999.0 -9999.0 -9999.0 -9999.0 402.8 398.6 407.1 417.1 422.5 -9999.0 -9999.0 -9999.0 -9999.0 -9999.0 -9999.0 -9999.0 -9999.0 90.8 92.7 84.4 109.3 132.7 149.6 168.9 189.4 191.2 145.1 124.2 116.9 181.9 249.0 288.6 250.6 217.6 216.7 212.6 207.1 190.3 194.8 225.3 255.5
-9999.0 -9999.0 -9999.0 -9999.0 -9999.0 -9999.0 -9999.0 -9999.0 -9999.0 -9999.0 -9999.0 -9999.0 -9999.0 -9999.0 -9999.0 -9999.0 -9999.0 -9999.0 -9999.0 -9999.0 -9999.0 -9999.0 -9999.0 -9999.0 -9999.0 -9999.0 -9999.0 -9999.0 -9999.0 -9999.0 -9999.0 -9999.0 -9999.0 -9999.0 -9999.0 -9999.0 -9999.0 -9999.0 -9999.0 -9999.0 -9999.0 -9999.0 -9999.0 -9999.0 -9999.0 -9999.0 -9999.0 -9999.0 -9999.0 -9999.0 -9999.0 -9999.0 119.8 129.4 112.3 120.4 130.4 124.6 127.3 152.7 184.4 166.7 212.5 130.7 188.9 252.3 263.7 252.6 222.3 203.3 194.0 195.1 218.0 173.8 185.0 244.0
-9999.0 -9999.0 -9999.0 -9999.0 -9999.0 -9999.0 -9999.0 -9999.0 -9999.0 -9999.0 -9999.0 -9999.0 -9999.0 -9999.0 -9999.0 -9999.0 -9999.0 -9999.0 -9999.0 -9999.0 -9999.0 -9999.0 -9999.0 -9999.0 -9999.0 -9999.0 -9999.0 -9999.0 -9999.0 -9999.0 -9999.0 -9999.0 -9999.0 -9999.0 -9999.0 -9999.0 -9999.0 -9999.0 -9999.0 -9999.0 -9999.0 -9999.0 -9999.0 -9999.0 -9999.0 -9999.0 -9999.0 -9999.0 -9999.0 -9999.0 -9999.0 220.4 148.8 159.9 106.7 127.2 113.0 97.4 81.1 88.6 162.9 176.0 154.1 148.8 184.6 225.4 206.8 138.5 183.1 166.1 167.1 173.3 158.2 158.5 187.3 236.1
-9999.0 -9999.0 -9999.0 -9999.0 -9999.0 -9999.0 -9999.0 -9999.0 -9999.0 -9999.0 -9999.0 -9999.0 -9999.0 -9999.0 -9999.0 -9999.0 -9999.0 -9999.0 -9999.0 -9999.0 -9999.0 -9999.0 -9999.0 -9999.0 -9999.0 -9999.0 -9999.0 -9999.0 -9999.0 -9999.0 -9999.0 -9999.0 -9999.0 -9999.0 -9999.0 -9999.0 -9999.0 -9999.0 -9999.0 -9999.0 -9999.0 -9999.0 -9999.0 -9999.0 -9999.0 -9999.0 -9999.0 -9999.0 -9999.0 -9999.0 332.0 276.8 218.1 193.4 139.1 132.6 89.3 63.4 56.6 98.5 144.9 194.3 173.8 174.4 187.3 184.4 177.4 122.4 158.8 152.5 172.3 168.7 154.0 149.2 173.9 203.5
-9999.0 -9999.0 -9999.0 -9999.0 -9999.0 -9999.0 -9999.0 -9999.0 -9999.0 -9999.0 -9999.0 -9999.0 -9999.0 -9999.0 -9999.0 -9999.0 -9999.0 -9999.0 -9999.0 -9999.0 -9999.0 -9999.0 -9999.0 -9999.0 -9999.0 -9999.0 -9999.0 -9999.0 -9999.0 -9999.0 -9999.0 -9999.0 -9999.0 -9999.0 -9999.0 -9999.0 -9999.0 -9999.0 -9999.0 -9999.0 -9999.0 -9999.0 -9999.0 -9999.0 -9999.0 -9999.0 -9999.0 -9999.0 -9999.0 -9999.0 350.1 348.3 326.9 240.2 201.0 144.3 86.6 95.9 81.8 81.1 110.3 163.2 159.8 174.7 184.1 139.5 133.0 106.3 140.1 171.2 196.3 192.7 180.0 184.4 220.6 251.6
-9999.0 -9999.0 -9999.0 -9999.0 -9999.0 -9999.0 -9999.0 -9999.0 -9999.0 -9999.0 -9999.0 -9999.0 -9999.0 -9999.0 -9999.0 -9999.0 -9999.0 -9999.0 -9999.0 -9999.0 -9999.0 -9999.0 -9999.0 -9999.0 -9999.0 -9999.0 -9999.0 -9999.0 -9999.0 -9999.0 -9999.0 -9999.0 -9999.0 -9999.0 -9999.0 -9999.0 -9999.0 -9999.0 -9999.0 -9999.0 -9999.0 -9999.0 -9999.0 -9999.0 -9999.0 -9999.0 -9999.0 -9999.0 -9999.0 -9999.0 316.7 373.6 351.9 341.1 215.6 168.3 206.5 143.1 128.2 87.0 114.3 157.7 160.3 146.9 171.0 164.1 147.9 149.3 177.0 228.7 237.5 259.7 264.3 273.0 313.7 292.1
-9999.0 -9999.0 -9999.0 -9999.0 -9999.0 -9999.0 -9999.0 -9999.0 -9999.0 -9999.0 -9999.0 -9999.0 -9999.0 -9999.0 -9999.0 -9999.0 -9999.0 -9999.0 -9999.0 -9999.0 -9999.0 -9999.0 -9999.0 -9999.0 -9999.0 -9999.0 -9999.0 -9999.0 -9999.0 -9999.0 -9999.0 -9999.0 -9999.0 -9999.0 -9999.0 -9999.0 -9999.0 -9999.0 -9999.0 -9999.0 -9999.0 -9999.0 -9999.0 -9999.0 -9999.0 -9999.0 -9999.0 -9999.0 -9999.0 -9999.0 355.8 420.0 371.2 349.7 291.7 304.0 169.2 201.6 173.8 115.2 142.3 140.1 99.4 136.7 167.2 182.3 212.8 230.4 272.9 246.1 286.3 317.0 355.3 376.0 389.5 319.0
-9999.0 -9999.0 -9999.0 -9999.0 -9999.0 -9999.0 -9999.0 -9999.0 -9999.0 -9999.0 -9999.0 -9999.0 -9999.0 -9999.0 -9999.0 -9999.0 -9999.0 -9999.0 -9999.0 -9999.0 -9999.0 -9999.0 -9999.0 -9999.0 -9999.0 -9999.0 -9999.0 -9999.0 -9999.0 -9999.0 -9999.0 -9999.0 -9999.0 -9999.0 -9999.0 -9999.0 -9999.0 -9999.0 -9999.0 -9999.0 -9999.0 -9999.0 -9999.0 -9999.0 -9999.0 -9999.0 -9999.0 -9999.0 -9999.0 -9999.0 -9999.0 -9999.0 -9999.0 304.8 255.5 229.5 236.1 246.7 166.2 174.8 329.5 143.6 225.8 173.4 173.5 188.8 247.7 260.2 313.2 320.8 316.5 345.6 383.5 396.0 372.9 314.2
-9999.0 -9999.0 -9999.0 -9999.0 -9999.0 -9999.0 -9999.0 -9999.0 -9999.0 -9999.0 -9999.0 -9999.0 -9999.0 -9999.0 -9999.0 -9999.0 -9999.0 -9999.0 -9999.0 -9999.0 -9999.0 -9999.0 -9999.0 -9999.0 -9999.0 -9999.0 -9999.0 -9999.0 -9999.0 -9999.0 -9999.0 -9999.0 -9999.0 -9999.0 -9999.0 -9999.0 -9999.0 -9999.0 -9999.0 -9999.0 -9999.0 -9999.0 -9999.0 -9999.0 -9999.0 -9999.0 -9999.0 -9999.0 -9999.0 -9999.0 -9999.0 -9999.0 -9999.0 296.8 227.7 428.5 216.3 182.7 248.2 408.0 328.8 245.0 367.4 231.2 216.1 217.8 212.3 311.9 290.1 306.9 316.3 355.8 383.3 373.4 343.2 337.4
-9999.0 -9999.0 -9999.0 -9999.0 -9999.0 -9999.0 -9999.0 -9999.0 -9999.0 -9999.0 -9999.0 -9999.0 -9999.0 -9999.0 -9999.0 -9999.0 -9999.0 -9999.0 -9999.0 -9999.0 -9999.0 -9999.0 -9999.0 -9999.0 -9999.0 -9999.0 -9999.0 -9999.0 -9999.0 -9999.0 -9999.0 -9999.0 -9999.0 -9999.0 -9999.0 -9999.0 -9999.0 -9999.0 -9999.0 -9999.0 -9999.0 -9999.0 -9999.0 -9999.0 -9999.0 -9999.0 -9999.0 -9999.0 -9999.0 -9999.0 -9999.0 -9999.0 -9999.0 296.8 164.8 292.4 245.1 215.8 298.9 373.8 510.5 472.2 535.9 458.6 236.1 -9999.0 -9999.0 -9999.0 314.0 302.4 351.7 414.4 431.0 397.7 368.0 382.1
-9999.0 -9999.0 -9999.0 -9999.0 -9999.0 -9999.0 -9999.0 -9999.0 -9999.0 -9999.0 -9999.0 -9999.0 -9999.0 -9999.0 -9999.0 -9999.0 -9999.0 -9999.0 -9999.0 -9999.0 -9999.0 -9999.0 -9999.0 -9999.0 -9999.0 -9999.0 -9999.0 -9999.0 -9999.0 -9999.0 -9999.0 -9999.0 -9999.0 -9999.0 -9999.0 -9999.0 -9999.0 -9999.0 -9999.0 -9999.0 -9999.0 -9999.0 -9999.0 -9999.0 -9999.0 -9999.0 -9999.0 -9999.0 -9999.0 -9999.0 -9999.0 -9999.0 -9999.0 -9999.0 273.4 254.0 168.5 176.1 345.4 530.3 359.9 -9999.0 -9999.0 -9999.0 -9999.0 -9999.0 -9999.0 -9999.0 275.5 337.5 439.0 472.9 481.0 443.7 391.4 354.2
-9999.0 -9999.0 -9999.0 -9999.0 -9999.0 -9999.0 -9999.0 -9999.0 -9999.0 -9999.0 -9999.0 -9999.0 -9999.0 -9999.0 -9999.0 -9999.0 -9999.0 -9999.0 -9999.0 -9999.0 -9999.0 -9999.0 -9999.0 -9999.0 -9999.0 -9999.0 -9999.0 -9999.0 -9999.0 -9999.0 -9999.0 -9999.0 -9999.0 -9999.0 -9999.0 -9999.0 -9999.0 -9999.0 -9999.0 -9999.0 -9999.0 -9999.0 -9999.0 -9999.0 -9999.0 -9999.0 -9999.0 -9999.0 -9999.0 -9999.0 -9999.0 -9999.0 -9999.0 -9999.0 -9999.0 220.2 396.5 260.8 264.7 413.7 423.3 -9999.0 -9999.0 -9999.0 -9999.0 -9999.0 -9999.0 -9999.0 -9999.0 -9999.0 396.4 -9999.0 -9999.0 -9999.0 -9999.0 -9999.0
