program/excelProcessViaJava/data/SURF_CLI_CHN_PRE_MON_GRID_0.5-200704.txt
NCOLS      128
NROWS       72
XLLCORNER    72.000000000000    
YLLCORNER    18.000000000000    
CELLSIZE    0.50000000000000    
NODATA_VALUE   -9999.000    
[rows 35 to 69 of 72, columns 0 to 77 of 128]
-9999.0 -9999.0 -9999.0 -9999.0 -9999.0 -9999.0 -9999.0 32.5 38.9 25.9 39.0 31.9 15.2 14.0 10.4 1.0 2.0 0.6 0.4 0.4 0.6 0.6 0.4 0.3 0.3 0.3 0.3 0.4 0.5 0.7 0.9 1.2 1.6 1.7 1.6 1.8 1.2 1.0 0.5 0.3 0.5 0.2 0.2 0.3 1.1 3.2 2.4 3.3 2.8 5.1 7.0 6.9 4.2 0.8 1.4 1.8 1.5 2.9 11.4 15.3 19.4 25.2 30.6 25.9 15.4 7.5 5.2 5.4 4.6 4.3 2.2 2.7 5.5 7.2 7.3 9.3 8.4 12.0
-9999.0 -9999.0 -9999.0 -9999.0 -9999.0 -9999.0 -9999.0 59.1 24.9 35.5 34.7 23.3 21.9 22.3 13.1 15.0 6.5 4.2 4.2 1.8 1.1 1.0 0.6 0.5 0.5 0.5 0.6 0.7 1.0 1.4 1.5 1.9 2.2 2.2 2.5 2.3 2.1 1.5 1.1 0.8 0.5 0.4 0.3 0.3 0.7 1.9 1.8 2.1 1.4 1.7 0.8 0.8 2.3 1.5 1.3 1.6 1.3 2.9 9.5 15.3 16.5 23.9 39.1 38.4 24.8 14.9 10.7 9.3 11.7 3.3 2.7 4.7 8.2 10.5 7.2 10.0 9.2 8.0
-9999.0 -9999.0 -9999.0 -9999.0 -9999.0 -9999.0 -9999.0 -9999.0 -9999.0 33.6 27.8 21.3 24.4 19.0 12.9 8.8 7.9 8.2 4.1 3.4 1.8 1.1 0.9 0.8 0.8 0.9 1.0 1.3 1.8 1.8 2.9 3.1 3.4 3.3 3.9 3.6 3.3 2.5 2.2 1.5 1.3 0.9 0.8 1.0 1.1 1.6 2.2 2.7 2.8 2.5 1.8 1.6 1.6 1.8 1.7 1.8 1.3 2.7 10.8 15.5 17.4 19.3 22.8 42.7 35.2 26.4 20.4 15.6 20.4 7.8 6.9 6.2 8.5 10.4 10.3 3.9 3.3 3.1
-9999.0 -9999.0 -9999.0 -9999.0 -9999.0 -9999.0 -9999.0 -9999.0 -9999.0 -9999.0 -9999.0 28.9 14.5 20.2 13.7 11.3 7.9 5.4 3.7 2.7 2.1 1.4 1.2 1.1 1.0 1.2 1.4 1.7 2.3 3.1 3.7 3.6 4.7 4.8 5.1 3.9 4.3 3.8 2.4 2.7 2.0 1.9 1.8 2.0 1.8 2.9 3.1 4.3 4.4 4.2 3.9 3.1 2.6 2.4 2.7 3.2 3.2 6.5 11.4 16.0 18.7 19.4 24.2 36.7 37.2 37.9 26.6 25.6 25.5 20.5 12.7 10.2 6.9 4.8 2.6 2.1 1.6 1.6
-9999.0 -9999.0 -9999.0 -9999.0 -9999.0 -9999.0 -9999.0 -9999.0 -9999.0 -9999.0 -9999.0 -9999.0 15.3 12.6 14.3 9.5 9.4 5.7 4.0 3.2 1.9 1.6 1.3 1.4 1.0 1.7 2.2 2.3 3.0 3.0 4.5 5.4 5.8 5.3 5.3 5.5 4.2 4.9 4.9 4.7 4.2 3.6 3.1 2.8 3.2 3.9 4.8 6.4 6.7 6.5 5.5 4.8 4.8 5.1 5.2 5.8 7.1 10.5 11.9 18.4 19.9 22.0 24.0 31.2 47.6 46.5 50.2 47.5 41.8 35.5 15.0 6.1 4.1 2.9 2.3 4.3 1.5 1.5
-9999.0 -9999.0 -9999.0 -9999.0 -9999.0 -9999.0 -9999.0 -9999.0 -9999.0 -9999.0 -9999.0 -9999.0 21.9 10.6 7.8 9.4 5.6 4.6 3.8 2.6 1.9 1.5 1.4 1.6 2.1 2.2 2.7 3.9 4.1 5.6 5.5 5.2 6.4 6.8 6.4 6.6 5.4 5.3 5.7 5.9 5.9 5.3 4.3 4.3 4.3 4.9 6.1 7.4 8.2 8.3 8.4 8.0 8.7 8.7 10.4 10.4 11.8 14.7 17.7 20.7 23.5 26.8 30.3 33.9 50.0 58.6 39.2 36.5 35.0 37.1 38.6 33.2 22.3 8.1 3.8 2.2 2.3 3.2
-9999.0 -9999.0 -9999.0 -9999.0 -9999.0 -9999.0 -9999.0 -9999.0 -9999.0 -9999.0 -9999.0 -9999.0 -9999.0 11.9 11.8 6.0 5.8 3.8 2.8 2.1 1.7 1.6 1.4 2.0 2.2 1.8 2.2 2.2 3.6 4.8 6.8 7.9 6.5 6.6 8.1 7.5 7.0 6.6 5.3 6.7 7.1 6.6 6.2 5.7 5.7 6.2 7.0 8.1 9.0 9.7 10.4 11.7 13.3 11.3 13.1 15.1 18.4 21.6 25.0 30.1 33.2 35.7 38.9 46.6 47.9 59.1 65.6 51.1 49.2 38.9 23.8 23.4 18.4 9.8 6.2 4.6 6.2 9.7
-9999.0 -9999.0 -9999.0 -9999.0 -9999.0 -9999.0 -9999.0 -9999.0 -9999.0 -9999.0 -9999.0 -9999.0 12.4 12.8 9.3 5.7 5.2 3.3 2.3 1.7 1.5 1.5 1.5 1.9 2.6 1.9 2.7 3.9 4.8 5.3 6.7 9.1 6.6 8.2 7.4 7.6 6.2 7.6 8.3 8.8 8.3 8.3 8.3 8.1 8.0 8.4 9.1 10.0 10.8 11.8 12.9 13.7 16.6 16.5 19.1 20.7 22.1 38.2 37.6 43.0 44.6 46.3 47.8 50.6 59.9 69.9 37.2 41.6 56.8 59.3 47.9 34.3 24.2 18.9 14.6 16.4 25.2 32.1
-9999.0 -9999.0 -9999.0 -9999.0 -9999.0 -9999.0 -9999.0 -9999.0 -9999.0 -9999.0 -9999.0 -9999.0 12.1 5.6 5.2 6.0 3.8 2.0 1.4 1.1 1.2 1.0 1.3 1.7 2.7 3.7 4.1 4.8 5.4 7.1 8.4 8.7 7.0 9.7 8.8 7.3 7.5 7.3 8.6 11.1 12.1 12.7 12.1 11.5 11.6 12.4 13.4 14.4 15.0 15.6 17.2 17.7 21.6 25.3 25.7 29.5 30.0 37.0 50.9 51.2 53.7 54.9 53.6 55.8 65.7 65.9 69.4 43.0 38.5 42.8 47.5 47.9 44.0 30.1 23.4 32.1 54.7 55.9
-9999.0 -9999.0 -9999.0 -9999.0 -9999.0 -9999.0 -9999.0 -9999.0 -9999.0 -9999.0 -9999.0 -9999.0 4.2 6.2 2.9 2.4 1.7 1.4 0.8 0.7 0.5 0.5 1.0 1.0 1.8 1.3 2.2 1.6 4.8 5.9 7.3 5.4 9.3 10.3 8.9 6.8 6.2 6.5 8.8 11.0 14.8 17.6 16.0 17.9 17.0 17.5 18.4 20.1 21.7 21.3 21.0 23.5 19.6 20.4 24.3 36.1 36.5 44.1 53.0 64.0 64.7 63.4 63.8 57.5 66.7 60.3 58.1 48.9 50.8 64.2 80.7 75.3 71.0 52.5 36.0 51.1 49.5 91.1
-9999.0 -9999.0 -9999.0 -9999.0 -9999.0 -9999.0 -9999.0 -9999.0 -9999.0 -9999.0 -9999.0 -9999.0 -9999.0 6.4 3.7 1.4 1.0 0.6 0.5 0.4 0.3 0.5 0.4 0.5 1.7 1.7 2.3 3.2 2.5 5.5 3.5 5.4 5.8 8.1 6.5 3.7 3.7 5.5 7.5 12.3 17.2 17.5 19.1 21.2 24.2 24.9 24.2 29.1 24.5 24.0 24.5 21.8 23.2 29.3 27.1 31.6 45.0 53.6 60.1 63.1 70.9 66.1 71.1 49.0 46.9 57.2 57.9 57.6 72.2 100.2 126.1 137.9 108.8 146.3 107.3 129.3 135.1 124.5
-9999.0 -9999.0 -9999.0 -9999.0 -9999.0 -9999.0 -9999.0 -9999.0 -9999.0 -9999.0 -9999.0 -9999.0 -9999.0 1.2 2.3 0.8 0.8 0.3 0.3 0.3 0.2 0.3 0.3 0.4 2.2 1.6 1.5 2.8 2.3 0.3 0.9 1.9 4.4 4.7 3.2 2.9 3.8 4.6 6.4 9.0 16.5 20.9 24.1 25.9 24.4 28.2 28.7 31.8 28.6 26.2 23.3 23.3 23.0 25.4 29.1 35.8 46.8 55.7 63.3 71.4 77.8 67.8 38.7 35.2 43.7 52.6 58.3 68.6 95.9 135.3 159.0 161.2 165.5 157.1 156.3 149.9 136.4 146.9
-9999.0 -9999.0 -9999.0 -9999.0 -9999.0 -9999.0 -9999.0 -9999.0 -9999.0 -9999.0 -9999.0 -9999.0 -9999.0 -9999.0 -9999.0 0.6 0.3 0.3 0.3 0.3 0.3 0.5 0.8 0.9 0.8 1.0 0.2 0.4 0.1 0.7 0.4 1.0 0.6 1.3 2.6 1.7 2.1 6.4 7.7 11.6 14.8 19.2 23.9 27.9 36.4 44.2 33.2 42.0 30.2 32.9 24.1 24.6 23.3 26.3 27.7 37.8 46.3 49.8 63.7 72.5 75.1 50.4 50.4 45.8 46.3 49.8 57.6 77.0 109.2 133.6 149.7 157.6 131.8 145.1 178.5 157.8 164.7 157.3
-9999.0 -9999.0 -9999.0 -9999.0 -9999.0 -9999.0 -9999.0 -9999.0 -9999.0 -9999.0 -9999.0 -9999.0 -9999.0 -9999.0 -9999.0 -9999.0 -9999.0 3.5 1.2 -9999.0 2.0 0.7 2.5 3.2 1.1 1.3 0.2 0.3 0.6 0.1 0.3 1.0 0.2 3.0 7.2 3.9 2.5 14.7 10.2 13.2 16.2 18.8 23.2 28.2 68.4 54.2 139.3 33.6 41.8 32.1 42.0 27.1 31.3 30.0 33.4 37.2 39.0 50.2 60.7 73.0 53.7 61.7 68.4 61.1 53.8 51.4 58.0 80.0 108.7 132.4 147.3 126.7 126.3 157.0 165.7 164.5 163.4 151.2
-9999.0 -9999.0 -9999.0 -9999.0 -9999.0 -9999.0 -9999.0 -9999.0 -9999.0 -9999.0 -9999.0 -9999.0 -9999.0 -9999.0 -9999.0 -9999.0 -9999.0 -9999.0 -9999.0 -9999.0 -9999.0 3.3 2.5 0.7 2.3 7.7 5.4 2.8 0.7 1.1 0.3 3.5 2.9 3.5 8.7 6.1 9.6 14.0 20.5 26.8 23.6 18.7 21.7 25.9 73.1 42.9 206.9 67.1 38.1 34.1 41.6 38.1 39.2 37.2 36.3 37.3 38.5 40.1 55.4 70.1 50.9 58.9 78.3 73.0 66.3 62.7 70.0 95.5 121.0 142.2 153.8 131.7 131.4 139.9 142.1 140.5 128.8 110.4
-9999.0 -9999.0 -9999.0 -9999.0 -9999.0 -9999.0 -9999.0 -9999.0 -9999.0 -9999.0 -9999.0 -9999.0 -9999.0 -9999.0 -9999.0 -9999.0 -9999.0 -9999.0 -9999.0 -9999.0 -9999.0 -9999.0 -9999.0 30.0 10.5 11.9 9.9 4.6 0.3 0.9 0.3 0.3 0.2 1.4 2.5 5.9 7.8 17.4 16.1 17.4 18.5 19.5 20.8 29.9 77.1 229.9 120.0 105.9 136.0 141.7 81.0 55.3 66.5 58.4 42.3 19.6 32.3 41.3 43.1 66.6 54.0 63.1 67.8 71.3 74.6 80.4 91.9 115.4 120.2 146.5 136.9 129.2 119.2 121.8 112.4 119.5 143.3 147.7
-9999.0 -9999.0 -9999.0 -9999.0 -9999.0 -9999.0 -9999.0 -9999.0 -9999.0 -9999.0 -9999.0 -9999.0 -9999.0 -9999.0 -9999.0 -9999.0 -9999.0 -9999.0 -9999.0 -9999.0 -9999.0 -9999.0 -9999.0 -9999.0 -9999.0 79.2 36.4 0.3 0.3 0.0 0.2 1.9 4.2 3.9 11.4 8.3 8.1 22.0 20.4 24.9 21.9 20.2 56.9 60.7 164.2 237.8 207.5 310.0 83.3 141.6 70.0 86.1 74.5 70.8 43.3 28.3 31.5 33.6 49.0 65.8 80.1 77.9 95.2 69.1 76.8 88.4 91.9 93.8 106.4 125.5 141.2 129.1 107.1 118.0 122.7 125.1 153.5 185.1
-9999.0 -9999.0 -9999.0 -9999.0 -9999.0 -9999.0 -9999.0 -9999.0 -9999.0 -9999.0 -9999.0 -9999.0 -9999.0 -9999.0 -9999.0 -9999.0 -9999.0 -9999.0 -9999.0 -9999.0 -9999.0 -9999.0 -9999.0 -9999.0 -9999.0 -9999.0 -9999.0 108.3 103.6 30.3 20.3 18.4 1.7 31.1 14.8 67.8 32.6 36.7 45.3 33.0 27.5 27.8 72.3 144.0 179.5 228.8 275.7 308.0 331.8 224.5 295.6 262.1 107.9 86.1 54.9 39.2 29.5 36.3 49.9 68.5 55.7 83.7 55.1 58.2 68.8 78.6 91.3 91.1 114.9 145.3 150.6 139.7 121.7 123.7 113.8 126.5 173.9 196.4
-9999.0 -9999.0 -9999.0 -9999.0 -9999.0 -9999.0 -9999.0 -9999.0 -9999.0 -9999.0 -9999.0 -9999.0 -9999.0 -9999.0 -9999.0 -9999.0 -9999.0 -9999.0 -9999.0 -9999.0 -9999.0 -9999.0 -9999.0 -9999.0 -9999.0 -9999.0 -9999.0 -9999.0 -9999.0 -9999.0 -9999.0 -9999.0 -9999.0 75.2 33.2 -9999.0 -9999.0 -9999.0 67.3 42.5 50.4 67.8 63.3 144.3 184.1 212.1 -9999.0 -9999.0 -9999.0 -9999.0 -9999.0 -9999.0 146.2 77.6 63.8 41.8 33.9 39.5 52.7 60.1 68.3 77.2 56.3 55.1 59.3 67.3 80.2 95.2 115.9 139.7 141.6 137.9 134.8 122.8 124.0 122.4 154.2 168.6
-9999.0 -9999.0 -9999.0 -9999.0 -9999.0 -9999.0 -9999.0 -9999.0 -9999.0 -9999.0 -9999.0 -9999.0 -9999.0 -9999.0 -9999.0 -9999.0 -9999.0 -9999.0 -9999.0 -9999.0 -9999.0 -9999.0 -9999.0 -9999.0 -9999.0 -9999.0 -9999.0 -9999.0 -9999.0 -9999.0 -9999.0 -9999.0 -9999.0 -9999.0 -9999.0 -9999.0 -9999.0 -9999.0 -9999.0 99.5 100.9 108.0 119.4 134.3 -9999.0 -9999.0 -9999.0 -9999.0 -9999.0 -9999.0 -9999.0 -9999.0 122.7 68.4 50.2 41.3 37.4 37.2 39.9 47.6 56.6 63.7 63.5 57.2 69.4 70.5 75.9 91.7 106.6 112.7 116.0 122.1 122.9 119.3 105.8 110.2 122.5 132.5
-9999.0 -9999.0 -9999.0 -9999.0 -9999.0 -9999.0 -9999.0 -9999.0 -9999.0 -9999.0 -9999.0 -9999.0 -9999.0 -9999.0 -9999.0 -9999.0 -9999.0 -9999.0 -9999.0 -9999.0 -9999.0 -9999.0 -9999.0 -9999.0 -9999.0 -9999.0 -9999.0 -9999.0 -9999.0 -9999.0 -9999.0 -9999.0 -9999.0 -9999.0 -9999.0 -9999.0 -9999.0 -9999.0 -9999.0 -9999.0 -9999.0 -9999.0 -9999.0 -9999.0 -9999.0 -9999.0 -9999.0 -9999.0 -9999.0 -9999.0 -9999.0 -9999.0 172.4 60.5 44.3 36.3 36.6 34.7 35.5 45.2 53.1 58.4 65.8 67.0 75.5 72.4 77.9 90.1 96.0 95.2 97.1 104.4 106.5 107.1 104.7 107.2 106.3 113.9
-9999.0 -9999.0 -9999.0 -9999.0 -9999.0 -9999.0 -9999.0 -9999.0 -9999.0 -9999.0 -9999.0 -9999.0 -9999.0 -9999.0 -9999.0 -9999.0 -9999.0 -9999.0 -9999.0 -9999.0 -9999.0 -9999.0 -9999.0 -9999.0 -9999.0 -9999.0 -9999.0 -9999.0 -9999.0 -9999.0 -9999.0 -9999.0 -9999.0 -9999.0 -9999.0 -9999.0 -9999.0 -9999.0 -9999.0 -9999.0 -9999.0 -9999.0 -9999.0 -9999.0 -9999.0 -9999.0 -9999.0 -9999.0 -9999.0 -9999.0 -9999.0 144.9 99.9 57.3 45.6 39.5 39.0 36.1 35.5 39.1 50.4 55.9 65.8 76.8 85.3 84.1 84.2 85.2 88.6 86.2 87.6 92.5 97.0 106.1 118.1 128.3 118.2 137.1
-9999.0 -9999.0 -9999.0 -9999.0 -9999.0 -9999.0 -9999.0 -9999.0 -9999.0 -9999.0 -9999.0 -9999.0 -9999.0 -9999.0 -9999.0 -9999.0 -9999.0 -9999.0 -9999.0 -9999.0 -9999.0 -9999.0 -9999.0 -9999.0 -9999.0 -9999.0 -9999.0 -9999.0 -9999.0 -9999.0 -9999.0 -9999.0 -9999.0 -9999.0 -9999.0 -9999.0 -9999.0 -9999.0 -9999.0 -9999.0 -9999.0 -9999.0 -9999.0 -9999.0 -9999.0 -9999.0 -9999.0 -9999.0 -9999.0 -9999.0 113.2 109.6 90.0 65.2 60.6 49.9 51.6 50.5 45.3 46.4 56.2 49.5 65.4 80.6 96.0 94.9 92.0 85.9 82.5 79.9 84.7 91.0 103.6 122.7 138.5 142.4 166.2 142.0
-9999.0 -9999.0 -9999.0 -9999.0 -9999.0 -9999.0 -9999.0 -9999.0 -9999.0 -9999.0 -9999.0 -9999.0 -9999.0 -9999.0 -9999.0 -9999.0 -9999.0 -9999.0 -9999.0 -9999.0 -9999.0 -9999.0 -9999.0 -9999.0 -9999.0 -9999.0 -9999.0 -9999.0 -9999.0 -9999.0 -9999.0 -9999.0 -9999.0 -9999.0 -9999.0 -9999.0 -9999.0 -9999.0 -9999.0 -9999.0 -9999.0 -9999.0 -9999.0 -9999.0 -9999.0 -9999.0 -9999.0 -9999.0 -9999.0 -9999.0 77.3 89.9 115.2 88.1 70.7 69.9 87.8 56.6 57.6 66.3 68.9 62.1 68.4 86.6 106.2 91.6 87.8 73.3 72.1 74.8 91.4 109.5 129.6 152.8 172.6 182.2 164.1 161.2
-9999.0 -9999.0 -9999.0 -9999.0 -9999.0 -9999.0 -9999.0 -9999.0 -9999.0 -9999.0 -9999.0 -9999.0 -9999.0 -9999.0 -9999.0 -9999.0 -9999.0 -9999.0 -9999.0 -9999.0 -9999.0 -9999.0 -9999.0 -9999.0 -9999.0 -9999.0 -9999.0 -9999.0 -9999.0 -9999.0 -9999.0 -9999.0 -9999.0 -9999.0 -9999.0 -9999.0 -9999.0 -9999.0 -9999.0 -9999.0 -9999.0 -9999.0 -9999.0 -9999.0 -9999.0 -9999.0 -9999.0 -9999.0 -9999.0 -9999.0 49.6 73.9 100.7 76.7 94.8 80.4 56.5 70.8 73.7 96.4 86.2 75.5 77.1 96.7 114.8 103.4 76.3 61.3 58.7 78.6 105.0 136.9 169.1 173.4 166.1 163.6 148.4 138.6
-9999.0 -9999.0 -9999.0 -9999.0 -9999.0 -9999.0 -9999.0 -9999.0 -9999.0 -9999.0 -9999.0 -9999.0 -9999.0 -9999.0 -9999.0 -9999.0 -9999.0 -9999.0 -9999.0 -9999.0 -9999.0 -9999.0 -9999.0 -9999.0 -9999.0 -9999.0 -9999.0 -9999.0 -9999.0 -9999.0 -9999.0 -9999.0 -9999.0 -9999.0 -9999.0 -9999.0 -9999.0 -9999.0 -9999.0 -9999.0 -9999.0 -9999.0 -9999.0 -9999.0 -9999.0 -9999.0 -9999.0 -9999.0 -9999.0 -9999.0 35.4 57.3 74.9 80.3 73.2 58.0 66.1 71.8 95.7 120.3 113.3 99.0 87.6 95.3 105.3 97.8 86.1 69.0 74.0 64.8 110.7 152.5 173.4 157.5 128.7 130.5 133.6 129.1
-9999.0 -9999.0 -9999.0 -9999.0 -9999.0 -9999.0 -9999.0 -9999.0 -9999.0 -9999.0 -9999.0 -9999.0 -9999.0 -9999.0 -9999.0 -9999.0 -9999.0 -9999.0 -9999.0 -9999.0 -9999.0 -9999.0 -9999.0 -9999.0 -9999.0 -9999.0 -9999.0 -9999.0 -9999.0 -9999.0 -9999.0 -9999.0 -9999.0 -9999.0 -9999.0 -9999.0 -9999.0 -9999.0 -9999.0 -9999.0 -9999.0 -9999.0 -9999.0 -9999.0 -9999.0 -9999.0 -9999.0 -9999.0 -9999.0 -9999.0 -9999.0 -9999.0 -9999.0 63.3 65.7 58.2 57.0 72.9 106.4 133.5 122.0 112.5 96.0 89.4 84.3 78.1 81.7 65.7 77.9 89.4 101.6 104.4 93.2 87.2 98.0 104.9 120.5 132.3
-9999.0 -9999.0 -9999.0 -9999.0 -9999.0 -9999.0 -9999.0 -9999.0 -9999.0 -9999.0 -9999.0 -9999.0 -9999.0 -9999.0 -9999.0 -9999.0 -9999.0 -9999.0 -9999.0 -9999.0 -9999.0 -9999.0 -9999.0 -9999.0 -9999.0 -9999.0 -9999.0 -9999.0 -9999.0 -9999.0 -9999.0 -9999.0 -9999.0 -9999.0 -9999.0 -9999.0 -9999.0 -9999.0 -9999.0 -9999.0 -9999.0 -9999.0 -9999.0 -9999.0 -9999.0 -9999.0 -9999.0 -9999.0 -9999.0 -9999.0 -9999.0 -9999.0 -9999.0 46.4 52.6 56.4 66.3 89.1 117.0 144.8 150.5 123.4 118.3 90.9 78.9 72.8 64.2 88.1 84.8 93.2 81.6 57.8 40.3 48.3 83.7 124.1 127.8 155.8
-9999.0 -9999.0 -9999.0 -9999.0 -9999.0 -9999.0 -9999.0 -9999.0 -9999.0 -9999.0 -9999.0 -9999.0 -9999.0 -9999.0 -9999.0 -9999.0 -9999.0 -9999.0 -9999.0 -9999.0 -9999.0 -9999.0 -9999.0 -9999.0 -9999.0 -9999.0 -9999.0 -9999.0 -9999.0 -9999.0 -9999.0 -9999.0 -9999.0 -9999.0 -9999.0 -9999.0 -9999.0 -9999.0 -9999.0 -9999.0 -9999.0 -9999.0 -9999.0 -9999.0 -9999.0 -9999.0 -9999.0 -9999.0 -9999.0 -9999.0 -9999.0 -9999.0 -9999.0 38.2 47.4 64.0 86.5 118.0 143.1 159.8 168.7 155.5 139.6 115.9 85.9 -9999.0 -9999.0 -9999.0 112.0 100.7 82.5 59.8 42.1 49.7 90.3 140.6 133.9 149.1
-9999.0 -9999.0 -9999.0 -9999.0 -9999.0 -9999.0 -9999.0 -9999.0 -9999.0 -9999.0 -9999.0 -9999.0 -9999.0 -9999.0 -9999.0 -9999.0 -9999.0 -9999.0 -9999.0 -9999.0 -9999.0 -9999.0 -9999.0 -9999.0 -9999.0 -9999.0 -9999.0 -9999.0 -9999.0 -9999.0 -9999.0 -9999.0 -9999.0 -9999.0 -9999.0 -9999.0 -9999.0 -9999.0 -9999.0 -9999.0 -9999.0 -9999.0 -9999.0 -9999.0 -9999.0 -9999.0 -9999.0 -9999.0 -9999.0 -9999.0 -9999.0 -9999.0 -9999.0 -9999.0 55.5 80.3 118.3 157.1 175.8 187.1 176.1 -9999.0 -9999.0 -9999.0 -9999.0 -9999.0 -9999.0 -9999.0 106.0 114.8 116.7 73.1 60.1 78.4 107.5 120.6 119.0 115.4
-9999.0 -9999.0 -9999.0 -9999.0 -9999.0 -9999.0 -9999.0 -9999.0 -9999.0 -9999.0 -9999.0 -9999.0 -9999.0 -9999.0 -9999.0 -9999.0 -9999.0 -9999.0 -9999.0 -9999.0 -9999.0 -9999.0 -9999.0 -9999.0 -9999.0 -9999.0 -9999.0 -9999.0 -9999.0 -9999.0 -9999.0 -9999.0 -9999.0 -9999.0 -9999.0 -9999.0 -9999.0 -9999.0 -9999.0 -9999.0 -9999.0 -9999.0 -9999.0 -9999.0 -9999.0 -9999.0 -9999.0 -9999.0 -9999.0 -9999.0 -9999.0 -9999.0 -9999.0 -9999.0 -9999.0 99.5 135.0 178.5 203.2 210.8 200.6 -9999.0 -9999.0 -9999.0 -9999.0 -9999.0 -9999.0 -9999.0 -9999.0 -9999.0 92.1 -9999.0 -9999.0 -9999.0 -9999.0 -9999.0 104.3 -9999.0
-9999.0 -9999.0 -9999.0 -9999.0 -9999.0 -9999.0 -9999.0 -9999.0 -9999.0 -9999.0 -9999.0 -9999.0 -9999.0 -9999.0 -9999.0 -9999.0 -9999.0 -9999.0 -9999.0 -9999.0 -9999.0 -9999.0 -9999.0 -9999.0 -9999.0 -9999.0 -9999.0 -9999.0 -9999.0 -9999.0 -9999.0 -9999.0 -9999.0 -9999.0 -9999.0 -9999.0 -9999.0 -9999.0 -9999.0 -9999.0 -9999.0 -9999.0 -9999.0 -9999.0 -9999.0 -9999.0 -9999.0 -9999.0 -9999.0 -9999.0 -9999.0 -9999.0 -9999.0 -9999.0 -9999.0 -9999.0 -9999.0 -9999.0 216.7 218.3 -9999.0 -9999.0 -9999.0 -9999.0 -9999.0 -9999.0 -9999.0 -9999.0 -9999.0 -9999.0 -9999.0 -9999.0 -9999.0 -9999.0 -9999.0 113.5 94.2 -9999.0
-9999.0 -9999.0 -9999.0 -9999.0 -9999.0 -9999.0 -9999.0 -9999.0 -9999.0 -9999.0 -9999.0 -9999.0 -9999.0 -9999.0 -9999.0 -9999.0 -9999.0 -9999.0 -9999.0 -9999.0 -9999.0 -9999.0 -9999.0 -9999.0 -9999.0 -9999.0 -9999.0 -9999.0 -9999.0 -9999.0 -9999.0 -9999.0 -9999.0 -9999.0 -9999.0 -9999.0 -9999.0 -9999.0 -9999.0 -9999.0 -9999.0 -9999.0 -9999.0 -9999.0 -9999.0 -9999.0 -9999.0 -9999.0 -9999.0 -9999.0 -9999.0 -9999.0 -9999.0 -9999.0 -9999.0 -9999.0 -9999.0 -9999.0 -9999.0 -9999.0 -9999.0 -9999.0 -9999.0 -9999.0 -9999.0 -9999.0 -9999.0 -9999.0 -9999.0 -9999.0 -9999.0 -9999.0 -9999.0 -9999.0 -9999.0 -9999.0 -9999.0 -9999.0
-9999.0 -9999.0 -9999.0 -9999.0 -9999.0 -9999.0 -9999.0 -9999.0 -9999.0 -9999.0 -9999.0 -9999.0 -9999.0 -9999.0 -9999.0 -9999.0 -9999.0 -9999.0 -9999.0 -9999.0 -9999.0 -9999.0 -9999.0 -9999.0 -9999.0 -9999.0 -9999.0 -9999.0 -9999.0 -9999.0 -9999.0 -9999.0 -9999.0 -9999.0 -9999.0 -9999.0 -9999.0 -9999.0 -9999.0 -9999.0 -9999.0 -9999.0 -9999.0 -9999.0 -9999.0 -9999.0 -9999.0 -9999.0 -9999.0 -9999.0 -9999.0 -9999.0 -9999.0 -9999.0 -9999.0 -9999.0 -9999.0 -9999.0 -9999.0 -9999.0 -9999.0 -9999.0 -9999.0 -9999.0 -9999.0 -9999.0 -9999.0 -9999.0 -9999.0 -9999.0 -9999.0 -9999.0 -9999.0 -9999.0 -9999.0 78.1 73.5 64.9
-9999.0 -9999.0 -9999.0 -9999.0 -9999.0 -9999.0 -9999.0 -9999.0 -9999.0 -9999.0 -9999.0 -9999.0 -9999.0 -9999.0 -9999.0 -9999.0 -9999.0 -9999.0 -9999.0 -9999.0 -9999.0 -9999.0 -9999.0 -9999.0 -9999.0 -9999.0 -9999.0 -9999.0 -9999.0 -9999.0 -9999.0 -9999.0 -9999.0 -9999.0 -9999.0 -9999.0 -9999.0 -9999.0 -9999.0 -9999.0 -9999.0 -9999.0 -9999.0 -9999.0 -9999.0 -9999.0 -9999.0 -9999.0 -9999.0 -9999.0 -9999.0 -9999.0 -9999.0 -9999.0 -9999.0 -9999.0 -9999.0 -9999.0 -9999.0 -9999.0 -9999.0 -9999.0 -9999.0 -9999.0 -9999.0 -9999.0 -9999.0 -9999.0 -9999.0 -9999.0 -9999.0 -9999.0 -9999.0 11.3 63.1 75.3 92.8 -9999.0
