program/excelProcessViaJava/data/SURF_CLI_CHN_PRE_MON_GRID_0.5-199609.txt
NCOLS      128
NROWS       72
XLLCORNER    72.000000000000    
YLLCORNER    18.000000000000    
CELLSIZE    0.50000000000000    
NODATA_VALUE   -9999.000    
[rows 33 to 65 of 72, columns 0 to 75 of 128]
-9999.0 -9999.0 -9999.0 -9999.0 7.1 13.3 20.4 10.6 9.4 2.3 3.2 2.1 1.4 0.9 0.8 0.7 0.7 0.7 0.7 0.7 0.7 0.8 0.8 0.9 0.9 1.0 1.2 25.8 6.7 10.6 15.1 13.3 13.2 19.3 10.8 11.1 9.5 30.1 22.5 9.4 2.7 1.4 1.1 0.8 0.7 0.7 0.7 1.1 2.1 3.0 5.1 8.3 14.1 27.0 24.1 38.6 48.0 69.7 67.5 95.7 93.1 74.1 62.2 36.8 28.4 36.9 44.0 42.0 56.2 54.9 50.2 46.9 42.8 38.9 34.5 28.9
-9999.0 -9999.0 -9999.0 -9999.0 11.8 9.5 19.3 9.5 27.5 25.2 6.2 18.8 10.4 9.7 1.8 1.6 1.4 0.9 0.8 0.8 0.8 0.9 1.1 2.2 10.6 23.0 12.6 15.2 15.4 17.1 18.2 25.3 20.4 21.0 23.7 18.9 27.6 35.7 19.0 9.0 17.8 3.6 2.6 1.4 1.2 1.0 0.9 1.0 1.5 2.6 4.4 6.2 13.8 15.7 23.3 37.6 47.7 54.9 60.0 31.0 61.2 33.1 34.7 40.0 32.4 26.3 42.3 43.4 50.1 57.5 52.0 49.0 45.0 43.3 43.0 42.3
-9999.0 -9999.0 -9999.0 -9999.0 -9999.0 -9999.0 -9999.0 12.4 19.0 13.9 30.4 29.4 14.4 16.9 15.7 2.2 4.8 2.1 1.6 2.4 6.3 12.5 14.6 13.7 13.7 14.6 19.1 22.3 25.0 32.4 33.3 33.8 32.9 36.3 42.0 32.7 44.2 36.3 49.2 50.1 17.7 53.2 42.0 20.0 7.3 2.6 3.1 2.3 3.0 2.9 4.5 6.4 9.9 35.6 41.1 36.6 40.1 38.6 60.3 35.4 62.2 34.5 36.4 37.8 40.6 31.0 39.6 47.1 48.3 53.2 52.5 51.9 52.6 55.0 58.4 60.5
-9999.0 -9999.0 -9999.0 -9999.0 -9999.0 -9999.0 -9999.0 29.6 10.9 21.1 26.1 19.2 23.0 32.1 21.0 37.0 17.4 15.0 24.4 13.2 12.3 18.0 15.7 17.0 17.4 19.8 21.8 31.0 28.2 29.8 40.3 43.0 43.8 54.0 44.3 45.2 39.9 47.4 44.5 39.1 41.0 40.5 43.6 64.2 25.3 10.8 11.9 10.4 17.1 10.4 23.5 19.4 12.5 22.7 47.6 40.3 44.3 48.2 59.8 66.1 50.7 50.1 48.4 46.6 38.0 36.3 39.8 44.1 55.4 50.5 59.0 64.5 66.2 70.9 72.7 77.2
-9999.0 -9999.0 -9999.0 -9999.0 -9999.0 -9999.0 -9999.0 -9999.0 -9999.0 19.8 19.3 17.3 27.5 25.8 20.7 17.3 22.1 39.0 23.2 32.2 22.2 17.1 17.4 19.0 20.7 22.3 27.9 32.3 32.8 46.7 38.7 46.3 49.6 57.0 47.1 46.4 43.5 47.0 40.2 43.0 37.3 43.8 41.6 36.5 42.5 37.7 33.1 26.6 23.1 19.3 21.8 18.0 18.6 24.8 49.9 46.1 45.5 48.4 68.0 65.2 62.2 67.0 64.3 45.0 40.9 37.9 40.0 46.0 63.9 64.0 78.9 88.0 87.9 89.8 92.9 84.9
-9999.0 -9999.0 -9999.0 -9999.0 -9999.0 -9999.0 -9999.0 -9999.0 -9999.0 -9999.0 -9999.0 27.4 13.9 29.4 23.0 25.3 22.7 20.3 19.1 21.1 25.7 21.1 23.2 22.1 32.7 31.1 38.2 42.9 46.3 48.3 52.9 67.0 60.0 62.9 58.7 75.7 56.3 53.3 79.7 46.8 53.4 44.0 41.0 41.2 63.1 46.2 61.8 43.2 40.1 30.9 21.2 21.8 26.1 39.3 64.1 68.5 66.7 76.3 73.0 69.8 75.0 63.4 53.2 44.6 44.9 36.2 39.4 52.0 71.5 86.9 104.4 118.8 112.4 104.7 97.5 97.0
-9999.0 -9999.0 -9999.0 -9999.0 -9999.0 -9999.0 -9999.0 -9999.0 -9999.0 -9999.0 -9999.0 -9999.0 15.2 15.5 25.6 20.2 32.9 23.3 22.8 32.4 18.7 21.8 23.9 24.1 47.6 34.0 36.0 49.1 53.4 70.5 66.6 69.6 73.6 85.7 86.7 78.7 99.1 69.1 53.7 42.6 38.6 40.4 45.3 59.3 63.1 69.5 74.8 54.9 49.4 42.0 47.0 44.6 42.8 49.4 69.1 92.0 104.7 119.5 74.3 94.6 80.0 87.5 80.4 58.8 39.6 53.6 48.9 65.5 84.4 102.4 119.7 117.8 110.3 113.5 121.7 123.0
-9999.0 -9999.0 -9999.0 -9999.0 -9999.0 -9999.0 -9999.0 -9999.0 -9999.0 -9999.0 -9999.0 -9999.0 27.0 12.9 11.9 21.3 14.6 17.4 24.9 22.8 22.7 26.5 27.0 26.1 26.7 34.5 41.0 44.2 56.2 60.5 75.4 92.1 90.4 91.8 97.9 90.1 105.9 99.8 79.9 63.8 48.9 48.4 71.5 63.5 84.4 100.5 85.2 75.8 57.9 59.7 54.6 62.0 62.9 81.6 88.6 116.7 117.1 123.9 93.4 87.1 83.9 83.8 94.5 100.2 43.8 50.8 66.6 84.0 95.6 110.3 127.9 139.5 144.5 148.2 145.8 144.7
-9999.0 -9999.0 -9999.0 -9999.0 -9999.0 -9999.0 -9999.0 -9999.0 -9999.0 -9999.0 -9999.0 -9999.0 -9999.0 15.8 23.4 12.2 17.9 15.1 15.0 16.1 19.4 18.7 26.1 24.2 29.8 43.7 51.3 65.7 68.5 76.1 79.4 86.2 106.8 113.1 98.1 100.7 101.8 106.5 148.1 102.8 85.1 88.7 87.1 111.3 104.0 103.3 115.9 118.7 110.3 96.2 89.9 84.9 93.7 144.3 146.9 151.7 143.3 150.4 175.6 135.6 124.8 107.5 114.9 70.8 54.3 55.0 70.1 100.8 109.2 119.1 134.2 151.3 161.8 162.0 154.6 151.8
-9999.0 -9999.0 -9999.0 -9999.0 -9999.0 -9999.0 -9999.0 -9999.0 -9999.0 -9999.0 -9999.0 -9999.0 12.9 20.3 18.4 13.1 21.2 16.8 17.0 13.2 14.9 17.4 21.9 25.0 29.3 42.6 48.5 55.0 65.2 78.3 87.1 90.2 115.8 110.4 117.3 110.5 130.3 107.4 103.7 103.1 135.4 155.8 169.7 116.8 135.9 145.0 140.3 130.9 132.1 127.0 137.7 154.3 139.1 164.0 162.9 168.8 191.0 127.3 157.9 135.4 141.4 157.8 135.9 146.8 84.8 64.0 140.9 125.3 108.6 115.7 131.5 155.4 175.4 170.3 157.4 144.9
-9999.0 -9999.0 -9999.0 -9999.0 -9999.0 -9999.0 -9999.0 -9999.0 -9999.0 -9999.0 -9999.0 -9999.0 13.6 7.3 9.5 21.5 18.7 10.9 11.3 15.2 13.3 18.3 21.4 25.4 29.2 35.1 43.4 52.5 63.4 72.8 83.3 95.7 115.4 105.9 107.3 113.7 107.5 116.9 115.5 98.7 105.4 105.9 118.3 138.8 156.4 172.8 195.3 185.7 174.8 144.3 144.9 171.3 161.3 162.7 169.7 158.5 179.8 190.1 163.8 199.2 214.5 230.4 133.6 91.9 72.4 114.7 84.4 120.3 110.6 105.8 119.3 145.0 164.5 159.6 150.5 140.2
-9999.0 -9999.0 -9999.0 -9999.0 -9999.0 -9999.0 -9999.0 -9999.0 -9999.0 -9999.0 -9999.0 -9999.0 3.9 9.0 5.6 7.2 7.6 14.2 10.8 12.3 19.0 22.1 20.3 26.8 30.3 40.5 45.8 59.8 61.7 72.7 83.8 104.8 103.1 102.5 103.7 108.4 110.3 117.0 112.7 127.8 118.3 107.1 172.9 124.2 172.0 215.2 225.1 193.8 162.1 159.0 164.1 156.6 238.0 255.1 215.5 148.9 177.1 197.6 211.1 176.7 183.7 187.8 278.0 95.7 64.8 158.9 114.9 87.9 78.6 85.4 95.2 115.3 137.4 145.2 187.5 158.6
-9999.0 -9999.0 -9999.0 -9999.0 -9999.0 -9999.0 -9999.0 -9999.0 -9999.0 -9999.0 -9999.0 -9999.0 -9999.0 11.2 9.4 4.9 6.1 6.0 9.6 12.2 21.5 16.3 22.1 27.8 28.3 35.1 41.6 48.7 59.9 66.9 84.1 94.4 106.5 104.1 107.1 129.0 130.2 115.9 125.8 121.4 127.2 199.5 231.3 214.7 171.7 183.7 210.1 150.3 187.2 169.8 139.3 192.0 184.3 156.0 218.0 219.8 146.0 159.8 205.7 287.9 259.7 414.0 247.8 59.4 132.7 100.1 72.4 57.0 63.1 66.9 79.5 99.4 118.6 154.6 153.4 171.8
-9999.0 -9999.0 -9999.0 -9999.0 -9999.0 -9999.0 -9999.0 -9999.0 -9999.0 -9999.0 -9999.0 -9999.0 -9999.0 1.4 5.5 3.1 7.0 3.9 5.2 7.9 16.4 18.7 22.8 24.6 25.5 31.9 38.2 43.6 51.5 71.8 79.2 90.2 95.3 102.0 114.5 118.5 108.4 116.3 142.1 205.6 163.1 187.4 207.7 217.2 280.1 204.9 192.5 133.8 136.2 128.9 156.9 111.0 165.5 208.0 235.6 202.2 149.0 164.8 224.3 159.9 271.8 143.6 79.6 149.1 98.0 56.6 39.5 43.7 56.0 76.3 90.2 100.9 118.2 134.3 160.9 190.4
-9999.0 -9999.0 -9999.0 -9999.0 -9999.0 -9999.0 -9999.0 -9999.0 -9999.0 -9999.0 -9999.0 -9999.0 -9999.0 -9999.0 -9999.0 1.9 2.0 3.3 3.7 4.8 10.6 11.5 15.0 19.8 25.1 29.4 40.1 40.1 52.3 51.4 63.5 73.7 95.0 101.8 97.4 127.0 147.0 96.7 126.5 151.2 204.1 228.5 225.4 208.4 145.9 121.2 159.2 91.6 121.3 61.9 94.2 183.5 128.2 145.5 88.8 154.3 164.9 116.5 249.2 303.4 138.4 91.4 168.2 126.8 76.8 45.1 39.9 57.7 74.7 79.6 94.7 100.9 98.0 116.5 158.2 199.1
-9999.0 -9999.0 -9999.0 -9999.0 -9999.0 -9999.0 -9999.0 -9999.0 -9999.0 -9999.0 -9999.0 -9999.0 -9999.0 -9999.0 -9999.0 -9999.0 -9999.0 7.3 2.9 -9999.0 5.9 10.2 12.7 17.0 22.3 25.8 34.5 34.1 35.3 43.7 48.2 56.5 82.3 72.1 65.1 78.5 132.7 66.5 113.9 140.2 171.1 223.7 201.2 172.4 86.0 98.9 97.6 163.5 70.4 89.0 46.9 71.6 55.1 123.9 145.4 159.1 122.6 216.9 237.8 282.0 99.1 113.6 144.4 113.9 61.0 37.6 47.1 65.9 85.2 83.6 93.7 84.7 97.0 103.2 141.7 183.4
-9999.0 -9999.0 -9999.0 -9999.0 -9999.0 -9999.0 -9999.0 -9999.0 -9999.0 -9999.0 -9999.0 -9999.0 -9999.0 -9999.0 -9999.0 -9999.0 -9999.0 -9999.0 -9999.0 -9999.0 -9999.0 8.0 11.8 18.1 19.7 24.3 26.5 27.6 28.1 30.5 34.7 45.8 53.5 59.0 54.4 62.5 60.8 66.8 71.7 63.6 67.8 190.0 198.9 167.7 71.5 111.7 116.6 70.8 152.6 411.2 70.8 167.9 154.6 60.6 95.2 159.4 183.4 159.9 321.9 238.6 109.2 104.4 114.0 83.4 60.6 49.1 67.5 83.4 103.5 86.4 71.9 79.3 84.0 90.3 108.8 119.1
-9999.0 -9999.0 -9999.0 -9999.0 -9999.0 -9999.0 -9999.0 -9999.0 -9999.0 -9999.0 -9999.0 -9999.0 -9999.0 -9999.0 -9999.0 -9999.0 -9999.0 -9999.0 -9999.0 -9999.0 -9999.0 -9999.0 -9999.0 23.4 19.0 23.0 25.1 24.5 24.0 23.6 26.4 34.2 55.4 54.5 67.6 67.8 85.6 64.9 105.5 133.2 135.0 173.5 117.8 78.8 60.2 122.7 73.3 69.4 74.5 79.0 56.7 112.9 50.9 67.8 57.4 40.5 138.8 224.1 113.7 219.7 114.7 108.6 89.1 65.2 45.3 51.6 77.4 91.2 72.5 79.6 80.2 76.0 77.8 88.9 76.4 63.4
-9999.0 -9999.0 -9999.0 -9999.0 -9999.0 -9999.0 -9999.0 -9999.0 -9999.0 -9999.0 -9999.0 -9999.0 -9999.0 -9999.0 -9999.0 -9999.0 -9999.0 -9999.0 -9999.0 -9999.0 -9999.0 -9999.0 -9999.0 -9999.0 -9999.0 52.6 32.6 25.1 23.7 33.9 25.2 27.6 34.6 44.0 43.8 68.5 117.1 67.3 110.3 89.1 143.9 94.2 36.6 43.7 79.4 124.2 100.0 169.3 82.1 79.6 120.4 85.7 116.5 103.2 45.6 57.2 122.2 122.8 209.1 188.3 141.8 107.3 201.6 72.2 48.0 45.6 48.9 60.6 86.1 99.1 78.7 66.1 57.3 73.0 67.0 38.7
-9999.0 -9999.0 -9999.0 -9999.0 -9999.0 -9999.0 -9999.0 -9999.0 -9999.0 -9999.0 -9999.0 -9999.0 -9999.0 -9999.0 -9999.0 -9999.0 -9999.0 -9999.0 -9999.0 -9999.0 -9999.0 -9999.0 -9999.0 -9999.0 -9999.0 -9999.0 -9999.0 70.3 69.5 31.0 28.2 29.5 38.9 34.7 42.6 35.4 41.7 44.1 29.8 53.6 84.6 37.2 35.7 68.7 88.5 121.1 157.4 176.4 185.5 115.9 147.9 131.7 82.4 71.0 74.2 107.3 100.0 111.2 172.4 118.8 101.3 101.1 66.7 51.1 53.1 50.2 53.1 62.7 83.8 84.8 63.6 62.4 32.3 42.7 29.4 22.2
-9999.0 -9999.0 -9999.0 -9999.0 -9999.0 -9999.0 -9999.0 -9999.0 -9999.0 -9999.0 -9999.0 -9999.0 -9999.0 -9999.0 -9999.0 -9999.0 -9999.0 -9999.0 -9999.0 -9999.0 -9999.0 -9999.0 -9999.0 -9999.0 -9999.0 -9999.0 -9999.0 -9999.0 -9999.0 -9999.0 -9999.0 -9999.0 -9999.0 40.5 33.2 -9999.0 -9999.0 -9999.0 26.6 30.4 24.9 29.9 32.4 74.1 106.6 123.5 -9999.0 -9999.0 -9999.0 -9999.0 -9999.0 -9999.0 107.9 120.9 100.8 117.5 136.7 140.9 127.3 113.0 102.2 94.0 57.8 45.6 50.1 72.2 102.1 119.2 92.5 57.2 36.0 38.6 35.7 15.4 24.1 15.1
-9999.0 -9999.0 -9999.0 -9999.0 -9999.0 -9999.0 -9999.0 -9999.0 -9999.0 -9999.0 -9999.0 -9999.0 -9999.0 -9999.0 -9999.0 -9999.0 -9999.0 -9999.0 -9999.0 -9999.0 -9999.0 -9999.0 -9999.0 -9999.0 -9999.0 -9999.0 -9999.0 -9999.0 -9999.0 -9999.0 -9999.0 -9999.0 -9999.0 -9999.0 -9999.0 -9999.0 -9999.0 -9999.0 -9999.0 56.3 56.3 62.1 71.1 81.7 -9999.0 -9999.0 -9999.0 -9999.0 -9999.0 -9999.0 -9999.0 -9999.0 133.5 158.9 136.3 142.9 160.8 155.6 137.5 123.6 108.4 88.6 66.5 43.6 56.3 97.8 140.6 106.4 56.0 39.1 31.9 25.6 13.1 18.7 7.1 13.9
-9999.0 -9999.0 -9999.0 -9999.0 -9999.0 -9999.0 -9999.0 -9999.0 -9999.0 -9999.0 -9999.0 -9999.0 -9999.0 -9999.0 -9999.0 -9999.0 -9999.0 -9999.0 -9999.0 -9999.0 -9999.0 -9999.0 -9999.0 -9999.0 -9999.0 -9999.0 -9999.0 -9999.0 -9999.0 -9999.0 -9999.0 -9999.0 -9999.0 -9999.0 -9999.0 -9999.0 -9999.0 -9999.0 -9999.0 -9999.0 -9999.0 -9999.0 -9999.0 -9999.0 -9999.0 -9999.0 -9999.0 -9999.0 -9999.0 -9999.0 -9999.0 -9999.0 181.9 189.0 158.5 179.1 157.3 148.3 132.7 124.3 97.7 77.5 165.8 47.8 65.3 101.1 105.3 71.5 31.7 16.4 15.8 20.0 41.7 19.7 17.4 14.2
-9999.0 -9999.0 -9999.0 -9999.0 -9999.0 -9999.0 -9999.0 -9999.0 -9999.0 -9999.0 -9999.0 -9999.0 -9999.0 -9999.0 -9999.0 -9999.0 -9999.0 -9999.0 -9999.0 -9999.0 -9999.0 -9999.0 -9999.0 -9999.0 -9999.0 -9999.0 -9999.0 -9999.0 -9999.0 -9999.0 -9999.0 -9999.0 -9999.0 -9999.0 -9999.0 -9999.0 -9999.0 -9999.0 -9999.0 -9999.0 -9999.0 -9999.0 -9999.0 -9999.0 -9999.0 -9999.0 -9999.0 -9999.0 -9999.0 -9999.0 -9999.0 181.3 194.3 200.2 162.3 153.4 140.2 147.7 122.0 73.9 131.0 101.7 49.9 52.2 70.8 99.5 87.5 37.0 19.2 7.7 10.2 18.7 20.8 17.1 19.6 19.7
-9999.0 -9999.0 -9999.0 -9999.0 -9999.0 -9999.0 -9999.0 -9999.0 -9999.0 -9999.0 -9999.0 -9999.0 -9999.0 -9999.0 -9999.0 -9999.0 -9999.0 -9999.0 -9999.0 -9999.0 -9999.0 -9999.0 -9999.0 -9999.0 -9999.0 -9999.0 -9999.0 -9999.0 -9999.0 -9999.0 -9999.0 -9999.0 -9999.0 -9999.0 -9999.0 -9999.0 -9999.0 -9999.0 -9999.0 -9999.0 -9999.0 -9999.0 -9999.0 -9999.0 -9999.0 -9999.0 -9999.0 -9999.0 -9999.0 -9999.0 156.5 199.6 220.6 215.7 179.4 155.9 114.4 91.4 95.9 121.0 89.3 115.2 58.4 66.9 84.6 106.0 96.1 43.9 22.5 9.9 13.2 22.0 26.9 31.2 34.8 42.1
-9999.0 -9999.0 -9999.0 -9999.0 -9999.0 -9999.0 -9999.0 -9999.0 -9999.0 -9999.0 -9999.0 -9999.0 -9999.0 -9999.0 -9999.0 -9999.0 -9999.0 -9999.0 -9999.0 -9999.0 -9999.0 -9999.0 -9999.0 -9999.0 -9999.0 -9999.0 -9999.0 -9999.0 -9999.0 -9999.0 -9999.0 -9999.0 -9999.0 -9999.0 -9999.0 -9999.0 -9999.0 -9999.0 -9999.0 -9999.0 -9999.0 -9999.0 -9999.0 -9999.0 -9999.0 -9999.0 -9999.0 -9999.0 -9999.0 -9999.0 142.4 221.0 215.3 228.2 197.1 145.3 102.6 108.8 108.5 86.2 64.6 65.1 46.1 63.0 87.2 92.4 84.5 49.9 27.8 18.9 21.0 29.0 35.0 33.2 26.9 22.0
-9999.0 -9999.0 -9999.0 -9999.0 -9999.0 -9999.0 -9999.0 -9999.0 -9999.0 -9999.0 -9999.0 -9999.0 -9999.0 -9999.0 -9999.0 -9999.0 -9999.0 -9999.0 -9999.0 -9999.0 -9999.0 -9999.0 -9999.0 -9999.0 -9999.0 -9999.0 -9999.0 -9999.0 -9999.0 -9999.0 -9999.0 -9999.0 -9999.0 -9999.0 -9999.0 -9999.0 -9999.0 -9999.0 -9999.0 -9999.0 -9999.0 -9999.0 -9999.0 -9999.0 -9999.0 -9999.0 -9999.0 -9999.0 -9999.0 -9999.0 130.6 169.4 193.6 240.3 182.5 130.3 138.0 94.4 104.9 67.2 69.6 71.6 56.5 47.0 69.2 80.1 82.1 67.8 48.9 39.9 35.0 49.5 44.4 49.7 33.1 33.6
-9999.0 -9999.0 -9999.0 -9999.0 -9999.0 -9999.0 -9999.0 -9999.0 -9999.0 -9999.0 -9999.0 -9999.0 -9999.0 -9999.0 -9999.0 -9999.0 -9999.0 -9999.0 -9999.0 -9999.0 -9999.0 -9999.0 -9999.0 -9999.0 -9999.0 -9999.0 -9999.0 -9999.0 -9999.0 -9999.0 -9999.0 -9999.0 -9999.0 -9999.0 -9999.0 -9999.0 -9999.0 -9999.0 -9999.0 -9999.0 -9999.0 -9999.0 -9999.0 -9999.0 -9999.0 -9999.0 -9999.0 -9999.0 -9999.0 -9999.0 133.8 190.3 199.3 207.6 173.4 148.8 93.6 89.6 88.1 73.6 80.7 67.0 38.0 50.5 72.6 87.2 102.6 101.4 95.6 63.4 59.4 62.8 69.7 69.6 49.5 54.2
-9999.0 -9999.0 -9999.0 -9999.0 -9999.0 -9999.0 -9999.0 -9999.0 -9999.0 -9999.0 -9999.0 -9999.0 -9999.0 -9999.0 -9999.0 -9999.0 -9999.0 -9999.0 -9999.0 -9999.0 -9999.0 -9999.0 -9999.0 -9999.0 -9999.0 -9999.0 -9999.0 -9999.0 -9999.0 -9999.0 -9999.0 -9999.0 -9999.0 -9999.0 -9999.0 -9999.0 -9999.0 -9999.0 -9999.0 -9999.0 -9999.0 -9999.0 -9999.0 -9999.0 -9999.0 -9999.0 -9999.0 -9999.0 -9999.0 -9999.0 -9999.0 -9999.0 -9999.0 169.9 145.7 117.1 97.2 94.3 92.9 98.0 168.4 82.5 116.6 81.9 97.4 115.2 145.3 139.8 141.6 116.6 93.6 96.2 105.2 94.5 72.3 61.0
-9999.0 -9999.0 -9999.0 -9999.0 -9999.0 -9999.0 -9999.0 -9999.0 -9999.0 -9999.0 -9999.0 -9999.0 -9999.0 -9999.0 -9999.0 -9999.0 -9999.0 -9999.0 -9999.0 -9999.0 -9999.0 -9999.0 -9999.0 -9999.0 -9999.0 -9999.0 -9999.0 -9999.0 -9999.0 -9999.0 -9999.0 -9999.0 -9999.0 -9999.0 -9999.0 -9999.0 -9999.0 -9999.0 -9999.0 -9999.0 -9999.0 -9999.0 -9999.0 -9999.0 -9999.0 -9999.0 -9999.0 -9999.0 -9999.0 -9999.0 -9999.0 -9999.0 -9999.0 155.0 138.4 150.3 100.8 95.9 112.6 163.3 155.4 134.0 171.6 122.5 135.6 156.1 160.3 203.2 169.5 148.2 130.1 144.3 162.2 143.5 102.3 93.5
-9999.0 -9999.0 -9999.0 -9999.0 -9999.0 -9999.0 -9999.0 -9999.0 -9999.0 -9999.0 -9999.0 -9999.0 -9999.0 -9999.0 -9999.0 -9999.0 -9999.0 -9999.0 -9999.0 -9999.0 -9999.0 -9999.0 -9999.0 -9999.0 -9999.0 -9999.0 -9999.0 -9999.0 -9999.0 -9999.0 -9999.0 -9999.0 -9999.0 -9999.0 -9999.0 -9999.0 -9999.0 -9999.0 -9999.0 -9999.0 -9999.0 -9999.0 -9999.0 -9999.0 -9999.0 -9999.0 -9999.0 -9999.0 -9999.0 -9999.0 -9999.0 -9999.0 -9999.0 146.3 131.3 127.2 107.4 104.5 131.1 167.3 211.0 208.0 244.0 246.8 176.9 -9999.0 -9999.0 -9999.0 230.4 196.5 193.1 212.6 230.5 209.6 161.8 146.0
-9999.0 -9999.0 -9999.0 -9999.0 -9999.0 -9999.0 -9999.0 -9999.0 -9999.0 -9999.0 -9999.0 -9999.0 -9999.0 -9999.0 -9999.0 -9999.0 -9999.0 -9999.0 -9999.0 -9999.0 -9999.0 -9999.0 -9999.0 -9999.0 -9999.0 -9999.0 -9999.0 -9999.0 -9999.0 -9999.0 -9999.0 -9999.0 -9999.0 -9999.0 -9999.0 -9999.0 -9999.0 -9999.0 -9999.0 -9999.0 -9999.0 -9999.0 -9999.0 -9999.0 -9999.0 -9999.0 -9999.0 -9999.0 -9999.0 -9999.0 -9999.0 -9999.0 -9999.0 -9999.0 129.2 117.2 99.8 104.9 140.6 198.9 192.1 -9999.0 -9999.0 -9999.0 -9999.0 -9999.0 -9999.0 -9999.0 275.4 278.0 292.7 289.9 303.9 290.3 247.6 225.3
-9999.0 -9999.0 -9999.0 -9999.0 -9999.0 -9999.0 -9999.0 -9999.0 -9999.0 -9999.0 -9999.0 -9999.0 -9999.0 -9999.0 -9999.0 -9999.0 -9999.0 -9999.0 -9999.0 -9999.0 -9999.0 -9999.0 -9999.0 -9999.0 -9999.0 -9999.0 -9999.0 -9999.0 -9999.0 -9999.0 -9999.0 -9999.0 -9999.0 -9999.0 -9999.0 -9999.0 -9999.0 -9999.0 -9999.0 -9999.0 -9999.0 -9999.0 -9999.0 -9999.0 -9999.0 -9999.0 -9999.0 -9999.0 -9999.0 -9999.0 -9999.0 -9999.0 -9999.0 -9999.0 -9999.0 104.0 125.5 111.3 129.6 177.2 208.5 -9999.0 -9999.0 -9999.0 -9999.0 -9999.0 -9999.0 -9999.0 -9999.0 -9999.0 374.4 -9999.0 -9999.0 -9999.0 -9999.0 -9999.0
