program/excelProcessViaJava/data/SURF_CLI_CHN_PRE_MON_GRID_0.5-200607.txt
NCOLS      128
NROWS       72
XLLCORNER    72.000000000000    
YLLCORNER    18.000000000000    
CELLSIZE    0.50000000000000    
NODATA_VALUE   -9999.000    
[rows 33 to 65 of 72, columns 0 to 74 of 128]
-9999.0 -9999.0 -9999.0 -9999.0 0.1 0.1 0.1 1.9 6.8 19.4 29.4 37.3 39.2 29.7 24.3 20.9 16.5 14.1 14.6 16.0 14.0 10.7 8.2 8.1 8.0 10.2 12.7 60.1 35.2 40.6 45.9 42.9 42.6 49.9 38.6 38.3 34.1 57.3 48.5 29.3 14.0 10.1 11.8 13.4 16.6 20.0 25.0 34.3 42.5 38.8 46.0 73.2 91.8 110.5 89.0 99.2 103.9 130.6 131.0 153.1 149.4 131.3 112.8 63.3 38.5 48.8 53.7 51.3 62.6 68.7 76.0 82.0 86.1 95.4 117.2
-9999.0 -9999.0 -9999.0 -9999.0 0.0 0.1 0.1 1.4 0.8 3.2 22.6 20.9 38.8 48.7 44.2 42.8 41.6 25.6 19.1 18.9 22.3 20.4 19.7 32.4 50.0 55.6 43.7 43.4 41.2 41.7 42.3 49.7 45.7 47.2 51.0 46.4 55.6 63.2 46.2 30.7 46.1 20.1 19.4 16.1 16.8 17.4 18.1 19.6 23.0 32.1 43.1 59.9 100.9 93.2 88.0 96.7 99.8 108.5 117.5 67.9 117.6 69.7 66.1 66.8 47.4 38.3 56.0 51.3 55.3 71.5 85.1 104.4 120.9 141.2 164.0
-9999.0 -9999.0 -9999.0 -9999.0 -9999.0 -9999.0 -9999.0 0.7 1.2 5.7 4.3 10.3 29.1 35.8 44.8 41.7 55.9 43.9 39.1 47.2 55.6 56.5 53.8 49.4 45.0 41.7 42.5 42.7 43.2 48.2 49.1 50.5 51.5 56.2 62.6 57.5 68.6 64.3 76.4 79.5 48.7 88.0 82.4 61.2 40.0 22.8 30.9 28.5 39.2 36.1 44.6 65.6 94.9 123.1 128.6 100.8 88.5 80.1 119.2 76.7 117.8 53.5 39.4 44.9 61.6 45.3 54.1 55.3 55.6 73.2 101.1 129.8 153.7 170.4 181.1
-9999.0 -9999.0 -9999.0 -9999.0 -9999.0 -9999.0 -9999.0 0.0 1.9 2.0 4.1 13.0 18.0 19.8 34.8 30.7 48.5 52.7 50.6 54.1 52.2 50.9 47.3 44.5 41.0 39.3 37.8 42.4 38.9 39.5 47.7 51.0 53.9 63.4 60.4 64.5 63.9 72.8 73.8 72.2 76.7 79.0 84.5 103.3 69.0 45.4 53.0 55.3 75.2 71.6 92.4 96.4 100.3 112.7 126.1 117.9 108.3 108.6 120.7 124.0 102.5 90.4 53.0 61.5 60.6 61.0 57.8 54.7 61.6 81.5 117.5 148.3 158.9 164.1 155.8
-9999.0 -9999.0 -9999.0 -9999.0 -9999.0 -9999.0 -9999.0 -9999.0 -9999.0 1.6 5.0 11.6 12.2 19.9 30.3 38.5 40.1 35.1 45.3 43.7 46.5 44.8 42.1 39.7 37.3 35.1 36.3 37.2 36.1 44.9 40.1 47.1 51.9 60.2 57.7 61.6 63.8 70.8 69.2 74.9 72.7 80.9 80.3 75.8 83.4 80.2 78.0 74.3 74.5 74.9 81.4 84.2 91.2 100.7 114.8 116.0 106.4 106.5 125.4 120.9 117.8 127.8 138.0 82.9 103.3 87.9 70.5 67.2 73.7 97.1 124.5 130.9 130.2 131.1 134.6
-9999.0 -9999.0 -9999.0 -9999.0 -9999.0 -9999.0 -9999.0 -9999.0 -9999.0 -9999.0 -9999.0 4.9 18.2 14.6 24.7 28.9 35.2 39.7 42.0 42.1 41.3 40.6 39.2 36.4 38.3 35.6 37.2 38.3 39.2 40.1 43.5 53.5 52.3 58.0 59.9 75.6 69.0 72.0 92.6 75.1 82.6 76.9 74.4 73.7 93.1 79.1 93.2 80.5 79.1 73.3 68.6 73.0 80.0 90.9 105.0 109.9 109.6 120.2 121.2 118.8 122.3 124.5 141.2 152.5 157.6 93.8 74.8 82.1 90.4 109.5 129.0 127.4 105.5 89.4 76.0
-9999.0 -9999.0 -9999.0 -9999.0 -9999.0 -9999.0 -9999.0 -9999.0 -9999.0 -9999.0 -9999.0 -9999.0 14.7 20.8 19.6 28.6 25.4 34.2 36.5 34.8 37.9 36.9 35.6 33.5 38.3 33.2 31.9 37.2 38.5 47.0 45.9 49.1 54.0 64.6 70.2 71.5 88.3 77.5 71.7 66.4 64.9 66.9 70.2 80.4 81.8 85.9 89.7 76.3 72.9 68.1 71.4 72.6 75.3 81.1 92.3 105.6 117.1 132.4 111.8 124.6 113.1 117.5 129.1 156.0 152.9 147.8 86.0 88.2 98.0 115.5 131.6 108.4 81.4 69.2 84.8
-9999.0 -9999.0 -9999.0 -9999.0 -9999.0 -9999.0 -9999.0 -9999.0 -9999.0 -9999.0 -9999.0 -9999.0 6.0 20.3 26.7 24.6 33.1 33.9 32.2 34.3 34.7 34.2 33.6 31.7 29.2 30.6 31.6 30.9 36.1 37.4 45.7 55.5 57.1 61.2 69.2 70.8 85.5 88.2 81.9 74.6 65.3 64.6 79.4 71.7 83.5 91.2 80.1 73.7 62.4 65.9 65.0 71.4 74.4 85.2 87.8 107.4 115.9 131.0 117.3 107.7 99.1 102.4 115.9 132.5 128.3 125.2 73.1 91.2 107.4 122.2 134.2 127.1 118.4 112.8 112.9
-9999.0 -9999.0 -9999.0 -9999.0 -9999.0 -9999.0 -9999.0 -9999.0 -9999.0 -9999.0 -9999.0 -9999.0 -9999.0 15.3 15.1 28.6 27.9 32.4 33.7 33.6 32.9 31.9 31.8 29.3 29.2 33.0 34.6 39.5 39.9 42.8 43.9 47.7 60.0 65.8 61.6 68.3 75.3 84.0 105.5 87.7 78.5 79.7 77.8 88.6 81.7 76.7 81.2 81.6 77.7 73.1 73.7 74.9 80.7 107.1 113.3 123.2 130.5 143.4 150.8 121.4 101.2 95.7 110.8 130.9 78.6 83.7 86.1 108.1 127.9 138.4 115.1 111.7 120.9 113.9 112.5
-9999.0 -9999.0 -9999.0 -9999.0 -9999.0 -9999.0 -9999.0 -9999.0 -9999.0 -9999.0 -9999.0 -9999.0 9.8 9.4 15.6 25.2 22.4 28.6 30.5 32.8 32.1 31.2 30.5 29.4 28.5 32.3 32.9 33.8 37.0 42.3 45.7 46.2 60.7 58.8 64.8 65.0 80.6 75.1 77.6 78.3 91.8 99.0 103.9 81.3 87.3 87.4 79.7 70.5 74.2 77.6 89.2 100.6 96.8 112.5 117.9 132.9 156.3 124.5 139.1 109.2 102.0 109.4 119.4 135.7 123.2 91.6 187.1 190.3 154.1 142.5 146.7 136.1 107.5 81.2 86.9
-9999.0 -9999.0 -9999.0 -9999.0 -9999.0 -9999.0 -9999.0 -9999.0 -9999.0 -9999.0 -9999.0 -9999.0 6.9 18.9 21.2 14.8 20.9 30.7 32.0 31.2 32.3 31.7 31.2 30.7 29.6 29.3 30.7 32.8 36.1 38.5 42.3 48.1 58.7 52.4 53.7 59.2 59.6 69.9 73.3 66.4 69.8 70.8 76.7 84.8 90.0 94.0 102.3 96.3 92.4 77.3 87.5 107.4 102.8 103.6 114.7 119.1 149.7 158.2 135.6 141.4 140.0 147.4 134.8 118.2 98.2 136.9 123.0 212.8 200.2 183.0 161.2 135.3 112.0 105.4 98.2
-9999.0 -9999.0 -9999.0 -9999.0 -9999.0 -9999.0 -9999.0 -9999.0 -9999.0 -9999.0 -9999.0 -9999.0 16.8 13.3 24.1 25.9 29.1 25.2 31.0 32.1 31.0 32.1 33.2 33.5 33.1 35.3 35.5 40.4 37.5 40.8 44.6 56.2 52.1 49.9 50.0 52.6 55.1 61.9 63.5 71.8 69.8 69.9 94.5 78.5 96.1 113.1 118.1 104.5 87.5 93.5 104.0 99.6 141.2 149.1 136.3 99.3 134.0 149.3 152.2 130.2 138.8 154.4 198.3 120.4 77.4 197.4 186.0 152.0 138.7 140.6 139.9 141.9 124.5 104.3 75.6
-9999.0 -9999.0 -9999.0 -9999.0 -9999.0 -9999.0 -9999.0 -9999.0 -9999.0 -9999.0 -9999.0 -9999.0 -9999.0 8.2 14.5 26.7 28.5 32.3 31.1 32.2 30.6 35.5 36.0 36.9 36.7 37.4 37.7 38.1 42.2 41.1 51.5 54.9 60.8 56.3 56.7 68.0 66.9 59.9 67.1 69.3 76.0 101.9 115.6 114.8 101.8 106.6 121.2 92.5 122.2 119.6 102.9 131.1 121.3 94.0 133.0 137.2 100.8 112.6 139.7 183.0 183.4 251.1 223.3 84.7 170.4 153.3 123.3 89.8 84.8 107.0 123.1 127.8 124.7 112.4 101.4
-9999.0 -9999.0 -9999.0 -9999.0 -9999.0 -9999.0 -9999.0 -9999.0 -9999.0 -9999.0 -9999.0 -9999.0 -9999.0 27.4 17.3 28.7 24.7 35.4 36.8 37.1 34.6 37.5 39.4 41.6 42.0 42.3 42.8 41.5 43.3 56.1 58.4 63.3 63.5 67.3 74.7 74.5 65.3 68.0 81.2 107.2 97.3 109.3 119.3 125.6 146.9 127.3 127.2 103.0 113.3 114.9 131.0 93.0 119.6 132.1 139.6 122.8 97.6 107.2 142.5 114.4 202.2 160.7 135.4 194.7 144.7 102.8 73.2 58.2 64.3 81.4 105.7 127.5 127.5 112.8 102.1
-9999.0 -9999.0 -9999.0 -9999.0 -9999.0 -9999.0 -9999.0 -9999.0 -9999.0 -9999.0 -9999.0 -9999.0 -9999.0 -9999.0 -9999.0 31.5 37.0 36.9 41.7 45.2 42.1 46.5 48.3 48.9 49.4 49.6 52.0 50.3 56.0 50.7 58.5 63.7 80.9 85.8 82.4 100.3 107.7 74.7 90.7 103.9 122.3 132.3 136.5 136.0 115.8 98.4 124.9 84.2 118.9 69.1 106.8 148.7 109.1 106.0 66.6 100.1 104.6 85.9 153.5 197.4 135.5 170.0 241.6 183.0 121.8 80.1 58.8 53.7 59.3 79.6 99.5 122.2 113.3 92.0 97.7
-9999.0 -9999.0 -9999.0 -9999.0 -9999.0 -9999.0 -9999.0 -9999.0 -9999.0 -9999.0 -9999.0 -9999.0 -9999.0 -9999.0 -9999.0 -9999.0 -9999.0 55.8 58.4 -9999.0 59.9 54.8 59.8 60.3 58.6 58.7 59.4 57.7 53.5 59.6 59.1 60.8 89.5 78.0 72.3 93.2 125.2 74.2 104.3 115.7 127.9 143.5 142.7 138.2 89.0 94.8 47.9 143.7 86.7 113.1 57.3 97.4 63.8 106.9 109.3 110.7 91.7 134.8 150.8 193.3 143.5 211.9 244.4 192.2 126.6 88.3 72.3 70.2 70.3 80.4 73.6 112.3 98.4 95.4 85.9
-9999.0 -9999.0 -9999.0 -9999.0 -9999.0 -9999.0 -9999.0 -9999.0 -9999.0 -9999.0 -9999.0 -9999.0 -9999.0 -9999.0 -9999.0 -9999.0 -9999.0 -9999.0 -9999.0 -9999.0 -9999.0 71.8 70.4 66.8 71.1 72.6 68.9 64.5 60.8 55.2 58.2 56.9 69.8 82.9 80.0 103.2 102.3 97.4 88.4 89.3 108.7 143.4 148.7 143.1 89.3 117.1 48.3 80.3 152.2 231.2 110.4 162.0 148.3 93.8 103.3 124.5 130.5 116.0 199.3 176.3 155.1 189.3 244.3 212.8 159.8 122.1 105.9 102.1 88.4 87.2 92.1 100.7 97.0 100.9 105.9
-9999.0 -9999.0 -9999.0 -9999.0 -9999.0 -9999.0 -9999.0 -9999.0 -9999.0 -9999.0 -9999.0 -9999.0 -9999.0 -9999.0 -9999.0 -9999.0 -9999.0 -9999.0 -9999.0 -9999.0 -9999.0 -9999.0 -9999.0 98.1 91.0 89.6 85.3 78.7 75.0 65.6 66.7 75.4 103.8 103.9 123.4 128.1 141.7 110.8 127.6 130.9 127.2 143.1 129.6 118.2 88.6 58.7 69.1 72.1 63.0 66.3 92.1 148.2 111.2 120.2 112.7 106.1 126.4 159.9 95.6 177.4 148.3 187.4 211.4 219.1 198.3 164.3 141.2 129.6 115.8 95.7 91.4 86.3 95.2 110.1 119.3
-9999.0 -9999.0 -9999.0 -9999.0 -9999.0 -9999.0 -9999.0 -9999.0 -9999.0 -9999.0 -9999.0 -9999.0 -9999.0 -9999.0 -9999.0 -9999.0 -9999.0 -9999.0 -9999.0 -9999.0 -9999.0 -9999.0 -9999.0 -9999.0 -9999.0 111.0 109.4 96.8 93.4 99.6 87.8 79.5 85.7 105.7 103.0 140.1 169.5 119.5 138.3 108.2 136.2 115.3 94.3 94.9 74.0 66.7 67.1 66.2 112.4 89.1 159.0 143.1 161.7 154.3 141.1 131.6 135.5 123.1 169.3 174.6 186.9 208.9 325.0 237.6 219.5 192.8 157.1 126.4 103.9 86.8 71.0 73.0 98.8 123.0 138.1
-9999.0 -9999.0 -9999.0 -9999.0 -9999.0 -9999.0 -9999.0 -9999.0 -9999.0 -9999.0 -9999.0 -9999.0 -9999.0 -9999.0 -9999.0 -9999.0 -9999.0 -9999.0 -9999.0 -9999.0 -9999.0 -9999.0 -9999.0 -9999.0 -9999.0 -9999.0 -9999.0 112.6 103.8 98.8 90.1 86.4 120.0 82.3 115.3 63.8 100.0 92.6 70.3 89.2 110.0 92.8 90.1 82.3 79.7 77.0 76.7 78.8 83.0 95.9 103.3 122.0 161.1 168.2 170.5 163.9 153.6 138.4 164.1 148.8 166.5 216.7 177.2 183.6 175.0 168.2 146.1 116.5 88.0 69.6 63.5 75.5 102.8 128.4 131.0
-9999.0 -9999.0 -9999.0 -9999.0 -9999.0 -9999.0 -9999.0 -9999.0 -9999.0 -9999.0 -9999.0 -9999.0 -9999.0 -9999.0 -9999.0 -9999.0 -9999.0 -9999.0 -9999.0 -9999.0 -9999.0 -9999.0 -9999.0 -9999.0 -9999.0 -9999.0 -9999.0 -9999.0 -9999.0 -9999.0 -9999.0 -9999.0 -9999.0 83.0 104.1 -9999.0 -9999.0 -9999.0 75.8 83.4 85.9 91.1 96.1 90.7 89.2 89.7 -9999.0 -9999.0 -9999.0 -9999.0 -9999.0 -9999.0 168.3 198.4 205.8 214.7 197.0 184.3 157.0 162.2 173.1 203.0 168.6 155.8 144.4 136.2 117.5 98.2 85.9 77.1 77.7 90.7 110.3 116.3 146.4
-9999.0 -9999.0 -9999.0 -9999.0 -9999.0 -9999.0 -9999.0 -9999.0 -9999.0 -9999.0 -9999.0 -9999.0 -9999.0 -9999.0 -9999.0 -9999.0 -9999.0 -9999.0 -9999.0 -9999.0 -9999.0 -9999.0 -9999.0 -9999.0 -9999.0 -9999.0 -9999.0 -9999.0 -9999.0 -9999.0 -9999.0 -9999.0 -9999.0 -9999.0 -9999.0 -9999.0 -9999.0 -9999.0 -9999.0 91.5 95.2 98.5 101.2 103.5 -9999.0 -9999.0 -9999.0 -9999.0 -9999.0 -9999.0 -9999.0 -9999.0 182.4 224.4 224.1 235.4 236.3 218.8 204.7 187.2 171.5 180.5 172.0 133.9 110.2 97.4 94.1 101.5 103.8 106.9 114.2 119.0 113.1 134.6 129.6
-9999.0 -9999.0 -9999.0 -9999.0 -9999.0 -9999.0 -9999.0 -9999.0 -9999.0 -9999.0 -9999.0 -9999.0 -9999.0 -9999.0 -9999.0 -9999.0 -9999.0 -9999.0 -9999.0 -9999.0 -9999.0 -9999.0 -9999.0 -9999.0 -9999.0 -9999.0 -9999.0 -9999.0 -9999.0 -9999.0 -9999.0 -9999.0 -9999.0 -9999.0 -9999.0 -9999.0 -9999.0 -9999.0 -9999.0 -9999.0 -9999.0 -9999.0 -9999.0 -9999.0 -9999.0 -9999.0 -9999.0 -9999.0 -9999.0 -9999.0 -9999.0 -9999.0 152.4 243.8 232.6 240.7 220.3 207.9 201.1 192.6 179.6 167.1 208.0 124.4 110.7 110.5 121.7 128.3 139.3 152.9 162.5 161.1 191.1 164.4 188.3
-9999.0 -9999.0 -9999.0 -9999.0 -9999.0 -9999.0 -9999.0 -9999.0 -9999.0 -9999.0 -9999.0 -9999.0 -9999.0 -9999.0 -9999.0 -9999.0 -9999.0 -9999.0 -9999.0 -9999.0 -9999.0 -9999.0 -9999.0 -9999.0 -9999.0 -9999.0 -9999.0 -9999.0 -9999.0 -9999.0 -9999.0 -9999.0 -9999.0 -9999.0 -9999.0 -9999.0 -9999.0 -9999.0 -9999.0 -9999.0 -9999.0 -9999.0 -9999.0 -9999.0 -9999.0 -9999.0 -9999.0 -9999.0 -9999.0 -9999.0 -9999.0 163.9 182.5 244.4 198.4 212.0 194.0 194.7 185.9 187.8 206.2 186.7 136.4 118.7 127.0 149.4 163.7 172.8 189.6 209.2 216.4 208.6 178.3 168.4 214.8
-9999.0 -9999.0 -9999.0 -9999.0 -9999.0 -9999.0 -9999.0 -9999.0 -9999.0 -9999.0 -9999.0 -9999.0 -9999.0 -9999.0 -9999.0 -9999.0 -9999.0 -9999.0 -9999.0 -9999.0 -9999.0 -9999.0 -9999.0 -9999.0 -9999.0 -9999.0 -9999.0 -9999.0 -9999.0 -9999.0 -9999.0 -9999.0 -9999.0 -9999.0 -9999.0 -9999.0 -9999.0 -9999.0 -9999.0 -9999.0 -9999.0 -9999.0 -9999.0 -9999.0 -9999.0 -9999.0 -9999.0 -9999.0 -9999.0 -9999.0 195.5 206.0 219.4 241.6 212.2 211.9 170.1 156.1 178.6 210.8 205.1 198.1 148.1 135.0 160.0 195.8 200.7 208.9 241.9 260.1 276.6 239.2 221.8 252.7 300.9
-9999.0 -9999.0 -9999.0 -9999.0 -9999.0 -9999.0 -9999.0 -9999.0 -9999.0 -9999.0 -9999.0 -9999.0 -9999.0 -9999.0 -9999.0 -9999.0 -9999.0 -9999.0 -9999.0 -9999.0 -9999.0 -9999.0 -9999.0 -9999.0 -9999.0 -9999.0 -9999.0 -9999.0 -9999.0 -9999.0 -9999.0 -9999.0 -9999.0 -9999.0 -9999.0 -9999.0 -9999.0 -9999.0 -9999.0 -9999.0 -9999.0 -9999.0 -9999.0 -9999.0 -9999.0 -9999.0 -9999.0 -9999.0 -9999.0 -9999.0 242.0 271.5 237.9 253.2 253.6 220.7 171.7 206.6 219.5 214.6 194.7 183.7 151.9 154.6 178.7 193.4 212.4 220.7 267.9 292.7 319.4 312.3 291.0 267.1 262.7
-9999.0 -9999.0 -9999.0 -9999.0 -9999.0 -9999.0 -9999.0 -9999.0 -9999.0 -9999.0 -9999.0 -9999.0 -9999.0 -9999.0 -9999.0 -9999.0 -9999.0 -9999.0 -9999.0 -9999.0 -9999.0 -9999.0 -9999.0 -9999.0 -9999.0 -9999.0 -9999.0 -9999.0 -9999.0 -9999.0 -9999.0 -9999.0 -9999.0 -9999.0 -9999.0 -9999.0 -9999.0 -9999.0 -9999.0 -9999.0 -9999.0 -9999.0 -9999.0 -9999.0 -9999.0 -9999.0 -9999.0 -9999.0 -9999.0 -9999.0 288.3 314.4 290.6 327.8 264.9 240.6 277.7 252.2 269.2 217.7 215.6 201.5 168.3 146.4 164.0 176.5 199.1 230.6 268.1 344.0 333.3 397.7 294.3 322.6 259.8
-9999.0 -9999.0 -9999.0 -9999.0 -9999.0 -9999.0 -9999.0 -9999.0 -9999.0 -9999.0 -9999.0 -9999.0 -9999.0 -9999.0 -9999.0 -9999.0 -9999.0 -9999.0 -9999.0 -9999.0 -9999.0 -9999.0 -9999.0 -9999.0 -9999.0 -9999.0 -9999.0 -9999.0 -9999.0 -9999.0 -9999.0 -9999.0 -9999.0 -9999.0 -9999.0 -9999.0 -9999.0 -9999.0 -9999.0 -9999.0 -9999.0 -9999.0 -9999.0 -9999.0 -9999.0 -9999.0 -9999.0 -9999.0 -9999.0 -9999.0 393.5 409.3 381.0 367.4 335.2 331.7 275.2 314.5 317.1 256.0 262.0 218.3 139.3 154.4 167.8 178.8 214.1 260.5 328.0 258.6 323.9 321.3 323.6 345.7 305.8
-9999.0 -9999.0 -9999.0 -9999.0 -9999.0 -9999.0 -9999.0 -9999.0 -9999.0 -9999.0 -9999.0 -9999.0 -9999.0 -9999.0 -9999.0 -9999.0 -9999.0 -9999.0 -9999.0 -9999.0 -9999.0 -9999.0 -9999.0 -9999.0 -9999.0 -9999.0 -9999.0 -9999.0 -9999.0 -9999.0 -9999.0 -9999.0 -9999.0 -9999.0 -9999.0 -9999.0 -9999.0 -9999.0 -9999.0 -9999.0 -9999.0 -9999.0 -9999.0 -9999.0 -9999.0 -9999.0 -9999.0 -9999.0 -9999.0 -9999.0 -9999.0 -9999.0 -9999.0 394.7 352.3 318.9 329.3 361.5 324.8 320.1 421.4 233.5 286.8 210.8 202.0 206.8 251.8 265.5 327.5 338.5 317.2 307.4 321.2 361.3 421.9
-9999.0 -9999.0 -9999.0 -9999.0 -9999.0 -9999.0 -9999.0 -9999.0 -9999.0 -9999.0 -9999.0 -9999.0 -9999.0 -9999.0 -9999.0 -9999.0 -9999.0 -9999.0 -9999.0 -9999.0 -9999.0 -9999.0 -9999.0 -9999.0 -9999.0 -9999.0 -9999.0 -9999.0 -9999.0 -9999.0 -9999.0 -9999.0 -9999.0 -9999.0 -9999.0 -9999.0 -9999.0 -9999.0 -9999.0 -9999.0 -9999.0 -9999.0 -9999.0 -9999.0 -9999.0 -9999.0 -9999.0 -9999.0 -9999.0 -9999.0 -9999.0 -9999.0 -9999.0 416.7 350.3 404.9 319.5 322.6 387.5 502.7 438.1 330.5 418.8 277.6 262.2 255.7 225.5 321.2 281.9 296.9 296.6 327.1 387.8 466.2 555.2
-9999.0 -9999.0 -9999.0 -9999.0 -9999.0 -9999.0 -9999.0 -9999.0 -9999.0 -9999.0 -9999.0 -9999.0 -9999.0 -9999.0 -9999.0 -9999.0 -9999.0 -9999.0 -9999.0 -9999.0 -9999.0 -9999.0 -9999.0 -9999.0 -9999.0 -9999.0 -9999.0 -9999.0 -9999.0 -9999.0 -9999.0 -9999.0 -9999.0 -9999.0 -9999.0 -9999.0 -9999.0 -9999.0 -9999.0 -9999.0 -9999.0 -9999.0 -9999.0 -9999.0 -9999.0 -9999.0 -9999.0 -9999.0 -9999.0 -9999.0 -9999.0 -9999.0 -9999.0 416.7 307.3 344.3 318.0 324.8 415.7 491.6 593.0 552.4 578.8 509.2 306.4 -9999.0 -9999.0 -9999.0 320.3 291.4 336.4 415.3 486.0 553.9 649.7
-9999.0 -9999.0 -9999.0 -9999.0 -9999.0 -9999.0 -9999.0 -9999.0 -9999.0 -9999.0 -9999.0 -9999.0 -9999.0 -9999.0 -9999.0 -9999.0 -9999.0 -9999.0 -9999.0 -9999.0 -9999.0 -9999.0 -9999.0 -9999.0 -9999.0 -9999.0 -9999.0 -9999.0 -9999.0 -9999.0 -9999.0 -9999.0 -9999.0 -9999.0 -9999.0 -9999.0 -9999.0 -9999.0 -9999.0 -9999.0 -9999.0 -9999.0 -9999.0 -9999.0 -9999.0 -9999.0 -9999.0 -9999.0 -9999.0 -9999.0 -9999.0 -9999.0 -9999.0 -9999.0 359.0 321.8 271.1 300.7 460.8 623.2 540.5 -9999.0 -9999.0 -9999.0 -9999.0 -9999.0 -9999.0 -9999.0 304.4 348.2 440.4 469.2 512.0 550.3 576.0
-9999.0 -9999.0 -9999.0 -9999.0 -9999.0 -9999.0 -9999.0 -9999.0 -9999.0 -9999.0 -9999.0 -9999.0 -9999.0 -9999.0 -9999.0 -9999.0 -9999.0 -9999.0 -9999.0 -9999.0 -9999.0 -9999.0 -9999.0 -9999.0 -9999.0 -9999.0 -9999.0 -9999.0 -9999.0 -9999.0 -9999.0 -9999.0 -9999.0 -9999.0 -9999.0 -9999.0 -9999.0 -9999.0 -9999.0 -9999.0 -9999.0 -9999.0 -9999.0 -9999.0 -9999.0 -9999.0 -9999.0 -9999.0 -9999.0 -9999.0 -9999.0 -9999.0 -9999.0 -9999.0 -9999.0 319.9 411.9 384.4 454.2 611.2 656.4 -9999.0 -9999.0 -9999.0 -9999.0 -9999.0 -9999.0 -9999.0 -9999.0 -9999.0 416.9 -9999.0 -9999.0 -9999.0 -9999.0
