program/excelProcessViaJava/data/SURF_CLI_CHN_PRE_MON_GRID_0.5-198211.txt
NCOLS      128
NROWS       72
XLLCORNER    72.000000000000    
YLLCORNER    18.000000000000    
CELLSIZE    0.50000000000000    
NODATA_VALUE   -9999.000    
[rows 35 to 69 of 72, columns 0 to 77 of 128]
-9999.0 -9999.0 -9999.0 -9999.0 -9999.0 -9999.0 -9999.0 4.4 6.6 7.1 9.3 9.6 8.3 7.8 6.5 1.8 2.5 1.0 0.6 0.4 0.2 0.1 0.0 0.0 0.0 0.0 0.0 0.0 0.0 0.0 0.0 0.0 0.0 0.0 0.0 0.0 0.0 0.0 0.1 0.2 0.4 0.8 1.3 1.8 2.0 1.7 0.9 0.5 0.4 0.3 0.3 0.8 2.2 5.5 5.3 6.4 8.4 10.1 14.5 12.9 13.2 8.4 5.8 4.9 5.1 4.0 5.5 6.5 6.1 7.2 7.9 10.0 14.3 18.5 21.7 21.8 21.8 20.4
-9999.0 -9999.0 -9999.0 -9999.0 -9999.0 -9999.0 -9999.0 4.2 3.7 6.0 6.9 6.7 6.8 6.4 5.0 4.1 2.5 1.5 0.8 0.3 0.2 0.1 0.0 0.0 0.0 0.0 0.0 0.0 0.0 0.0 0.0 0.0 0.0 0.0 0.0 0.0 0.0 0.0 0.1 0.2 0.3 0.7 1.3 2.3 1.9 1.5 1.2 1.0 2.4 2.1 6.0 6.1 3.6 4.9 6.1 6.1 8.0 10.5 12.4 12.9 12.8 11.6 7.8 7.4 6.0 6.2 7.3 7.7 9.9 7.7 10.6 15.7 22.6 26.7 26.0 23.2 20.6 21.0
-9999.0 -9999.0 -9999.0 -9999.0 -9999.0 -9999.0 -9999.0 -9999.0 -9999.0 4.1 4.6 4.6 5.0 4.5 3.5 2.6 1.8 1.1 0.5 0.2 0.1 0.1 0.0 0.0 0.0 0.0 0.0 0.0 0.0 0.0 0.0 0.0 0.0 0.0 0.0 0.0 0.0 0.0 0.1 0.2 0.3 0.7 1.3 1.7 2.1 2.2 2.1 2.1 2.7 3.6 5.9 6.1 5.6 4.6 5.5 4.4 5.4 7.4 9.5 10.6 10.6 10.0 9.2 6.5 6.9 7.6 9.0 9.2 13.6 11.8 16.6 21.7 29.3 33.0 30.5 25.5 23.3 23.2
-9999.0 -9999.0 -9999.0 -9999.0 -9999.0 -9999.0 -9999.0 -9999.0 -9999.0 -9999.0 -9999.0 3.6 2.8 3.1 2.4 1.8 1.2 0.7 0.3 0.2 0.1 0.0 0.0 0.0 0.0 0.0 0.0 0.0 0.0 0.0 0.0 0.0 0.0 0.0 0.0 0.0 0.0 0.1 0.1 0.2 0.4 0.7 1.3 1.8 2.9 2.4 3.9 3.0 4.2 4.6 4.3 5.2 5.4 5.0 5.1 3.7 3.6 5.2 7.0 8.2 9.1 8.7 7.6 6.0 7.0 6.7 6.8 10.3 15.4 20.5 24.3 29.0 31.0 31.4 28.3 26.3 24.4 22.5
-9999.0 -9999.0 -9999.0 -9999.0 -9999.0 -9999.0 -9999.0 -9999.0 -9999.0 -9999.0 -9999.0 -9999.0 1.8 1.7 1.6 1.1 0.8 0.4 0.2 0.1 0.1 0.0 0.0 0.0 0.0 0.0 0.0 0.0 0.0 0.0 0.0 0.0 0.0 0.0 0.0 0.0 0.1 0.1 0.2 0.3 0.5 0.9 1.6 2.6 3.2 3.8 4.7 3.3 3.9 4.5 7.0 6.6 4.8 3.3 3.3 3.9 4.4 6.1 5.3 8.2 8.7 10.8 11.5 9.3 5.7 12.2 9.2 14.3 21.5 30.7 28.9 24.2 23.7 24.7 26.2 34.5 23.3 21.3
-9999.0 -9999.0 -9999.0 -9999.0 -9999.0 -9999.0 -9999.0 -9999.0 -9999.0 -9999.0 -9999.0 -9999.0 1.4 1.0 0.9 0.7 0.5 0.3 0.2 0.1 0.1 0.0 0.0 0.0 0.0 0.0 0.0 0.0 0.0 0.0 0.0 0.0 0.1 0.1 0.1 0.1 0.2 0.3 0.5 0.8 1.2 1.8 3.2 3.6 5.2 6.9 5.8 5.1 3.4 4.8 4.4 5.1 3.5 4.2 3.3 5.0 4.8 6.1 6.0 7.7 9.3 11.3 15.4 19.5 6.5 11.6 7.1 13.6 22.2 34.9 49.5 63.3 64.5 40.7 34.6 27.2 22.9 25.0
-9999.0 -9999.0 -9999.0 -9999.0 -9999.0 -9999.0 -9999.0 -9999.0 -9999.0 -9999.0 -9999.0 -9999.0 -9999.0 0.6 0.6 0.4 0.3 0.2 0.2 0.1 0.1 0.1 0.0 0.0 0.0 0.0 0.0 0.0 0.0 0.1 0.1 0.2 0.1 0.2 0.2 0.3 0.4 0.9 2.3 2.8 3.6 4.8 5.6 7.9 8.1 8.6 10.3 11.2 10.5 8.2 6.5 4.0 3.6 8.9 7.6 7.4 6.8 8.5 13.3 13.3 15.5 15.7 21.0 13.5 3.5 8.3 14.6 21.8 35.1 45.8 44.1 44.0 48.2 43.7 45.2 31.9 26.6 23.6
-9999.0 -9999.0 -9999.0 -9999.0 -9999.0 -9999.0 -9999.0 -9999.0 -9999.0 -9999.0 -9999.0 -9999.0 0.3 0.4 0.3 0.3 0.2 0.2 0.1 0.2 0.1 0.1 0.1 0.1 0.1 0.0 0.1 0.1 0.2 0.2 0.3 0.5 0.3 0.4 0.5 0.7 1.1 2.0 3.5 5.4 8.4 11.1 13.4 10.3 12.8 15.1 15.7 14.4 13.7 11.4 11.5 11.7 6.5 8.6 7.8 8.7 11.5 6.7 12.6 13.7 17.7 24.5 26.2 35.6 25.4 16.4 22.3 36.5 47.3 64.1 75.3 72.6 54.6 35.0 29.9 28.7 28.1 30.9
-9999.0 -9999.0 -9999.0 -9999.0 -9999.0 -9999.0 -9999.0 -9999.0 -9999.0 -9999.0 -9999.0 -9999.0 0.2 0.2 0.2 0.2 0.2 0.2 0.2 0.1 0.2 0.1 0.1 0.1 0.2 0.2 0.3 0.3 0.4 0.7 1.0 1.1 0.8 1.3 1.3 1.4 2.1 3.6 6.1 8.7 11.1 11.5 11.8 13.6 16.5 20.6 25.7 25.8 23.1 13.9 10.6 12.3 7.8 7.1 8.2 7.8 11.2 13.8 13.1 20.7 27.1 35.6 25.0 23.4 23.1 12.3 21.6 42.1 57.9 71.4 84.2 85.8 70.2 62.4 59.7 42.0 37.4 35.0
-9999.0 -9999.0 -9999.0 -9999.0 -9999.0 -9999.0 -9999.0 -9999.0 -9999.0 -9999.0 -9999.0 -9999.0 0.1 0.1 0.2 0.2 0.2 0.1 0.1 0.1 0.1 0.1 0.1 0.1 0.2 0.1 0.2 0.2 0.9 1.3 1.8 1.3 2.4 2.7 2.3 2.2 3.0 5.0 8.3 12.7 14.6 12.6 17.2 12.3 18.7 26.9 31.8 30.1 23.9 18.9 15.0 9.2 20.2 20.3 14.0 7.8 11.9 15.4 18.7 16.0 20.1 26.9 51.8 28.0 12.9 20.1 24.6 32.1 45.0 69.8 90.1 94.6 83.9 79.1 124.0 70.2 90.5 45.6
-9999.0 -9999.0 -9999.0 -9999.0 -9999.0 -9999.0 -9999.0 -9999.0 -9999.0 -9999.0 -9999.0 -9999.0 -9999.0 0.1 0.1 0.1 0.1 0.2 0.1 0.1 0.1 0.2 0.1 0.1 0.4 0.4 0.6 1.1 0.9 2.4 1.6 2.4 2.7 3.5 3.0 2.9 4.0 5.9 9.4 12.6 14.4 19.5 21.8 20.1 18.1 23.6 30.8 25.3 29.4 23.0 11.7 17.1 12.3 7.5 15.2 16.0 9.8 11.8 17.9 30.5 31.4 61.2 47.3 21.4 11.2 12.3 14.8 22.1 39.9 61.5 88.4 93.4 84.1 63.1 68.9 65.4 66.5 66.8
-9999.0 -9999.0 -9999.0 -9999.0 -9999.0 -9999.0 -9999.0 -9999.0 -9999.0 -9999.0 -9999.0 -9999.0 -9999.0 0.1 0.1 0.1 0.1 0.2 0.2 0.2 0.1 0.1 0.2 0.2 1.1 0.8 0.8 1.8 1.7 0.5 1.1 1.9 3.3 3.5 3.2 3.6 4.5 6.2 9.5 16.3 14.0 15.2 16.3 18.4 30.3 25.1 27.7 21.3 20.6 16.1 17.0 5.1 11.1 15.5 18.3 14.5 10.2 12.2 19.4 14.9 32.9 27.0 19.9 12.2 9.4 8.3 11.0 22.4 40.3 63.9 81.0 83.3 73.1 67.8 73.6 92.6 119.6 94.4
-9999.0 -9999.0 -9999.0 -9999.0 -9999.0 -9999.0 -9999.0 -9999.0 -9999.0 -9999.0 -9999.0 -9999.0 -9999.0 -9999.0 -9999.0 0.1 0.2 0.2 0.3 0.5 0.2 0.5 0.8 0.8 0.8 1.0 0.3 0.8 0.4 1.4 1.2 1.9 1.7 2.5 3.3 4.4 6.4 5.4 7.5 9.8 15.3 17.7 17.2 16.9 14.5 16.6 22.8 14.2 17.6 4.3 7.4 19.7 7.6 8.5 3.3 9.4 10.7 6.4 20.7 29.9 26.2 27.3 21.6 17.2 12.7 12.6 20.2 39.2 53.9 58.0 65.8 68.1 75.2 76.1 81.9 125.5 142.1 163.3
-9999.0 -9999.0 -9999.0 -9999.0 -9999.0 -9999.0 -9999.0 -9999.0 -9999.0 -9999.0 -9999.0 -9999.0 -9999.0 -9999.0 -9999.0 -9999.0 -9999.0 7.5 3.0 -9999.0 3.4 1.0 2.8 3.3 1.5 1.8 0.5 0.8 1.6 0.6 1.1 2.1 1.2 2.8 3.7 3.8 6.6 4.2 6.3 7.9 10.8 17.4 15.4 14.4 15.0 16.1 30.3 26.6 9.9 11.2 2.1 4.2 2.3 7.9 9.5 10.1 5.8 14.9 17.9 26.3 30.7 35.3 32.7 26.7 23.0 24.8 37.8 52.6 59.8 53.4 52.4 65.3 78.3 72.5 100.7 144.1 159.4 157.3
-9999.0 -9999.0 -9999.0 -9999.0 -9999.0 -9999.0 -9999.0 -9999.0 -9999.0 -9999.0 -9999.0 -9999.0 -9999.0 -9999.0 -9999.0 -9999.0 -9999.0 -9999.0 -9999.0 -9999.0 -9999.0 4.1 3.0 1.4 2.9 7.2 5.6 3.9 1.9 2.4 1.2 3.6 2.4 2.2 3.0 3.4 4.3 4.4 3.2 1.5 1.9 15.6 18.7 17.6 16.1 18.6 45.3 16.0 28.7 80.6 9.1 25.6 19.7 4.0 6.3 11.8 12.6 8.8 28.8 22.2 32.1 41.3 42.5 38.3 40.4 50.0 66.3 69.9 70.7 52.3 39.3 53.8 63.8 75.1 107.4 142.1 158.3 148.8
-9999.0 -9999.0 -9999.0 -9999.0 -9999.0 -9999.0 -9999.0 -9999.0 -9999.0 -9999.0 -9999.0 -9999.0 -9999.0 -9999.0 -9999.0 -9999.0 -9999.0 -9999.0 -9999.0 -9999.0 -9999.0 -9999.0 -9999.0 24.1 9.1 10.0 8.6 5.0 1.2 1.7 0.7 0.6 0.7 1.3 2.3 3.5 5.5 4.7 7.6 10.3 11.1 17.9 13.2 12.2 18.8 55.5 28.7 23.9 24.4 22.0 11.1 21.5 8.5 9.5 5.8 3.0 10.0 18.7 13.4 23.1 32.8 43.7 49.0 41.3 44.7 69.3 94.6 89.1 57.7 51.5 47.8 52.2 68.6 98.0 123.1 145.0 158.6 154.5
-9999.0 -9999.0 -9999.0 -9999.0 -9999.0 -9999.0 -9999.0 -9999.0 -9999.0 -9999.0 -9999.0 -9999.0 -9999.0 -9999.0 -9999.0 -9999.0 -9999.0 -9999.0 -9999.0 -9999.0 -9999.0 -9999.0 -9999.0 -9999.0 -9999.0 52.1 23.3 1.4 1.0 0.5 0.4 1.1 1.3 1.3 2.1 3.9 8.7 5.6 10.0 7.8 16.5 12.5 11.4 16.1 41.1 63.1 52.4 79.3 28.7 28.6 34.3 24.2 28.4 22.3 9.0 7.8 12.7 13.1 22.5 25.5 32.6 41.0 49.2 30.0 36.7 61.7 79.1 53.6 52.1 55.2 52.9 64.5 93.0 116.7 134.4 140.0 140.5 140.2
-9999.0 -9999.0 -9999.0 -9999.0 -9999.0 -9999.0 -9999.0 -9999.0 -9999.0 -9999.0 -9999.0 -9999.0 -9999.0 -9999.0 -9999.0 -9999.0 -9999.0 -9999.0 -9999.0 -9999.0 -9999.0 -9999.0 -9999.0 -9999.0 -9999.0 -9999.0 -9999.0 59.5 52.2 13.2 7.3 4.9 1.0 4.4 2.4 8.3 4.1 4.6 3.9 6.7 12.8 9.4 17.5 39.1 51.8 68.1 82.6 88.9 89.6 55.6 66.4 56.1 30.4 23.1 17.9 19.0 15.8 19.8 25.1 26.9 23.7 35.7 28.4 23.3 23.4 27.7 49.9 67.5 62.9 61.6 68.1 81.8 110.3 119.6 124.9 128.5 132.1 128.7
-9999.0 -9999.0 -9999.0 -9999.0 -9999.0 -9999.0 -9999.0 -9999.0 -9999.0 -9999.0 -9999.0 -9999.0 -9999.0 -9999.0 -9999.0 -9999.0 -9999.0 -9999.0 -9999.0 -9999.0 -9999.0 -9999.0 -9999.0 -9999.0 -9999.0 -9999.0 -9999.0 -9999.0 -9999.0 -9999.0 -9999.0 -9999.0 -9999.0 14.0 3.7 -9999.0 -9999.0 -9999.0 8.4 7.0 9.7 16.3 20.1 46.1 62.9 73.1 -9999.0 -9999.0 -9999.0 -9999.0 -9999.0 -9999.0 44.6 41.2 23.3 18.6 20.2 22.0 24.9 22.3 23.3 28.5 19.1 15.0 14.5 22.1 36.2 50.7 64.4 75.1 85.1 89.7 99.9 105.7 107.2 117.5 126.1 116.6
-9999.0 -9999.0 -9999.0 -9999.0 -9999.0 -9999.0 -9999.0 -9999.0 -9999.0 -9999.0 -9999.0 -9999.0 -9999.0 -9999.0 -9999.0 -9999.0 -9999.0 -9999.0 -9999.0 -9999.0 -9999.0 -9999.0 -9999.0 -9999.0 -9999.0 -9999.0 -9999.0 -9999.0 -9999.0 -9999.0 -9999.0 -9999.0 -9999.0 -9999.0 -9999.0 -9999.0 -9999.0 -9999.0 -9999.0 27.6 29.8 35.2 42.5 50.9 -9999.0 -9999.0 -9999.0 -9999.0 -9999.0 -9999.0 -9999.0 -9999.0 57.7 58.9 36.1 21.1 18.9 20.3 20.1 17.8 16.3 20.8 20.6 13.7 19.5 27.6 41.9 63.1 78.9 84.3 88.4 91.8 95.2 95.9 106.5 118.6 128.4 135.0
-9999.0 -9999.0 -9999.0 -9999.0 -9999.0 -9999.0 -9999.0 -9999.0 -9999.0 -9999.0 -9999.0 -9999.0 -9999.0 -9999.0 -9999.0 -9999.0 -9999.0 -9999.0 -9999.0 -9999.0 -9999.0 -9999.0 -9999.0 -9999.0 -9999.0 -9999.0 -9999.0 -9999.0 -9999.0 -9999.0 -9999.0 -9999.0 -9999.0 -9999.0 -9999.0 -9999.0 -9999.0 -9999.0 -9999.0 -9999.0 -9999.0 -9999.0 -9999.0 -9999.0 -9999.0 -9999.0 -9999.0 -9999.0 -9999.0 -9999.0 -9999.0 -9999.0 66.0 77.0 47.6 42.9 24.1 22.9 22.5 23.1 20.9 22.1 47.2 25.0 33.4 43.8 63.6 83.6 97.1 102.7 102.7 98.8 110.1 104.6 118.8 155.6 156.5 172.8
-9999.0 -9999.0 -9999.0 -9999.0 -9999.0 -9999.0 -9999.0 -9999.0 -9999.0 -9999.0 -9999.0 -9999.0 -9999.0 -9999.0 -9999.0 -9999.0 -9999.0 -9999.0 -9999.0 -9999.0 -9999.0 -9999.0 -9999.0 -9999.0 -9999.0 -9999.0 -9999.0 -9999.0 -9999.0 -9999.0 -9999.0 -9999.0 -9999.0 -9999.0 -9999.0 -9999.0 -9999.0 -9999.0 -9999.0 -9999.0 -9999.0 -9999.0 -9999.0 -9999.0 -9999.0 -9999.0 -9999.0 -9999.0 -9999.0 -9999.0 -9999.0 96.0 91.7 90.6 51.5 43.5 34.7 35.0 30.7 23.6 38.3 40.8 37.5 45.8 56.4 69.8 81.3 87.2 110.5 115.5 114.7 108.3 109.7 139.2 165.7 199.5 184.9 204.9
-9999.0 -9999.0 -9999.0 -9999.0 -9999.0 -9999.0 -9999.0 -9999.0 -9999.0 -9999.0 -9999.0 -9999.0 -9999.0 -9999.0 -9999.0 -9999.0 -9999.0 -9999.0 -9999.0 -9999.0 -9999.0 -9999.0 -9999.0 -9999.0 -9999.0 -9999.0 -9999.0 -9999.0 -9999.0 -9999.0 -9999.0 -9999.0 -9999.0 -9999.0 -9999.0 -9999.0 -9999.0 -9999.0 -9999.0 -9999.0 -9999.0 -9999.0 -9999.0 -9999.0 -9999.0 -9999.0 -9999.0 -9999.0 -9999.0 -9999.0 87.5 116.6 117.0 108.3 80.6 67.0 52.7 47.4 42.3 44.8 51.6 54.4 58.6 69.7 79.5 88.1 98.1 96.4 120.6 116.5 119.9 107.6 125.4 157.6 183.0 194.5 213.5 174.4
-9999.0 -9999.0 -9999.0 -9999.0 -9999.0 -9999.0 -9999.0 -9999.0 -9999.0 -9999.0 -9999.0 -9999.0 -9999.0 -9999.0 -9999.0 -9999.0 -9999.0 -9999.0 -9999.0 -9999.0 -9999.0 -9999.0 -9999.0 -9999.0 -9999.0 -9999.0 -9999.0 -9999.0 -9999.0 -9999.0 -9999.0 -9999.0 -9999.0 -9999.0 -9999.0 -9999.0 -9999.0 -9999.0 -9999.0 -9999.0 -9999.0 -9999.0 -9999.0 -9999.0 -9999.0 -9999.0 -9999.0 -9999.0 -9999.0 -9999.0 76.0 130.4 106.6 118.9 108.1 86.7 67.9 66.8 58.5 57.3 64.2 67.9 66.6 79.9 97.5 95.5 107.5 106.4 126.0 129.5 133.2 136.6 154.0 180.8 191.6 186.7 178.4 164.8
-9999.0 -9999.0 -9999.0 -9999.0 -9999.0 -9999.0 -9999.0 -9999.0 -9999.0 -9999.0 -9999.0 -9999.0 -9999.0 -9999.0 -9999.0 -9999.0 -9999.0 -9999.0 -9999.0 -9999.0 -9999.0 -9999.0 -9999.0 -9999.0 -9999.0 -9999.0 -9999.0 -9999.0 -9999.0 -9999.0 -9999.0 -9999.0 -9999.0 -9999.0 -9999.0 -9999.0 -9999.0 -9999.0 -9999.0 -9999.0 -9999.0 -9999.0 -9999.0 -9999.0 -9999.0 -9999.0 -9999.0 -9999.0 -9999.0 -9999.0 55.6 81.0 82.0 139.5 97.3 89.4 101.9 80.3 77.7 79.6 84.5 88.5 89.3 90.0 120.0 130.3 128.8 133.0 145.2 162.6 158.6 178.1 184.4 192.9 181.1 166.8 168.5 146.9
-9999.0 -9999.0 -9999.0 -9999.0 -9999.0 -9999.0 -9999.0 -9999.0 -9999.0 -9999.0 -9999.0 -9999.0 -9999.0 -9999.0 -9999.0 -9999.0 -9999.0 -9999.0 -9999.0 -9999.0 -9999.0 -9999.0 -9999.0 -9999.0 -9999.0 -9999.0 -9999.0 -9999.0 -9999.0 -9999.0 -9999.0 -9999.0 -9999.0 -9999.0 -9999.0 -9999.0 -9999.0 -9999.0 -9999.0 -9999.0 -9999.0 -9999.0 -9999.0 -9999.0 -9999.0 -9999.0 -9999.0 -9999.0 -9999.0 -9999.0 59.5 95.8 90.3 110.5 109.8 122.4 82.6 94.1 96.6 107.6 113.5 111.6 81.4 112.2 149.2 165.4 174.2 165.5 174.1 150.8 159.9 170.0 182.1 176.5 161.8 158.4 159.4 148.1
-9999.0 -9999.0 -9999.0 -9999.0 -9999.0 -9999.0 -9999.0 -9999.0 -9999.0 -9999.0 -9999.0 -9999.0 -9999.0 -9999.0 -9999.0 -9999.0 -9999.0 -9999.0 -9999.0 -9999.0 -9999.0 -9999.0 -9999.0 -9999.0 -9999.0 -9999.0 -9999.0 -9999.0 -9999.0 -9999.0 -9999.0 -9999.0 -9999.0 -9999.0 -9999.0 -9999.0 -9999.0 -9999.0 -9999.0 -9999.0 -9999.0 -9999.0 -9999.0 -9999.0 -9999.0 -9999.0 -9999.0 -9999.0 -9999.0 -9999.0 -9999.0 -9999.0 -9999.0 87.8 93.8 98.4 104.1 109.9 107.2 125.1 153.4 119.7 155.2 136.0 162.3 176.7 195.3 167.8 170.4 156.2 136.4 127.9 131.4 129.4 125.7 139.8 155.4 153.4
-9999.0 -9999.0 -9999.0 -9999.0 -9999.0 -9999.0 -9999.0 -9999.0 -9999.0 -9999.0 -9999.0 -9999.0 -9999.0 -9999.0 -9999.0 -9999.0 -9999.0 -9999.0 -9999.0 -9999.0 -9999.0 -9999.0 -9999.0 -9999.0 -9999.0 -9999.0 -9999.0 -9999.0 -9999.0 -9999.0 -9999.0 -9999.0 -9999.0 -9999.0 -9999.0 -9999.0 -9999.0 -9999.0 -9999.0 -9999.0 -9999.0 -9999.0 -9999.0 -9999.0 -9999.0 -9999.0 -9999.0 -9999.0 -9999.0 -9999.0 -9999.0 -9999.0 -9999.0 89.3 90.7 156.9 108.9 100.8 111.7 142.6 139.5 127.4 168.3 132.2 151.1 166.4 155.7 181.8 156.1 137.9 109.8 92.3 98.3 104.9 102.9 122.2 145.6 137.7
-9999.0 -9999.0 -9999.0 -9999.0 -9999.0 -9999.0 -9999.0 -9999.0 -9999.0 -9999.0 -9999.0 -9999.0 -9999.0 -9999.0 -9999.0 -9999.0 -9999.0 -9999.0 -9999.0 -9999.0 -9999.0 -9999.0 -9999.0 -9999.0 -9999.0 -9999.0 -9999.0 -9999.0 -9999.0 -9999.0 -9999.0 -9999.0 -9999.0 -9999.0 -9999.0 -9999.0 -9999.0 -9999.0 -9999.0 -9999.0 -9999.0 -9999.0 -9999.0 -9999.0 -9999.0 -9999.0 -9999.0 -9999.0 -9999.0 -9999.0 -9999.0 -9999.0 -9999.0 92.0 75.8 127.6 120.5 104.2 105.4 108.9 132.3 133.6 166.5 178.5 131.4 -9999.0 -9999.0 -9999.0 150.5 129.1 106.8 95.8 109.1 123.3 114.6 112.1 116.7 107.6
-9999.0 -9999.0 -9999.0 -9999.0 -9999.0 -9999.0 -9999.0 -9999.0 -9999.0 -9999.0 -9999.0 -9999.0 -9999.0 -9999.0 -9999.0 -9999.0 -9999.0 -9999.0 -9999.0 -9999.0 -9999.0 -9999.0 -9999.0 -9999.0 -9999.0 -9999.0 -9999.0 -9999.0 -9999.0 -9999.0 -9999.0 -9999.0 -9999.0 -9999.0 -9999.0 -9999.0 -9999.0 -9999.0 -9999.0 -9999.0 -9999.0 -9999.0 -9999.0 -9999.0 -9999.0 -9999.0 -9999.0 -9999.0 -9999.0 -9999.0 -9999.0 -9999.0 -9999.0 -9999.0 102.8 111.3 89.4 78.4 93.6 107.9 79.3 -9999.0 -9999.0 -9999.0 -9999.0 -9999.0 -9999.0 -9999.0 125.9 118.9 111.0 114.3 136.0 145.1 129.5 113.2 95.7 83.9
-9999.0 -9999.0 -9999.0 -9999.0 -9999.0 -9999.0 -9999.0 -9999.0 -9999.0 -9999.0 -9999.0 -9999.0 -9999.0 -9999.0 -9999.0 -9999.0 -9999.0 -9999.0 -9999.0 -9999.0 -9999.0 -9999.0 -9999.0 -9999.0 -9999.0 -9999.0 -9999.0 -9999.0 -9999.0 -9999.0 -9999.0 -9999.0 -9999.0 -9999.0 -9999.0 -9999.0 -9999.0 -9999.0 -9999.0 -9999.0 -9999.0 -9999.0 -9999.0 -9999.0 -9999.0 -9999.0 -9999.0 -9999.0 -9999.0 -9999.0 -9999.0 -9999.0 -9999.0 -9999.0 -9999.0 83.9 119.9 75.2 55.6 63.3 58.7 -9999.0 -9999.0 -9999.0 -9999.0 -9999.0 -9999.0 -9999.0 -9999.0 -9999.0 97.6 -9999.0 -9999.0 -9999.0 -9999.0 -9999.0 111.0 -9999.0
-9999.0 -9999.0 -9999.0 -9999.0 -9999.0 -9999.0 -9999.0 -9999.0 -9999.0 -9999.0 -9999.0 -9999.0 -9999.0 -9999.0 -9999.0 -9999.0 -9999.0 -9999.0 -9999.0 -9999.0 -9999.0 -9999.0 -9999.0 -9999.0 -9999.0 -9999.0 -9999.0 -9999.0 -9999.0 -9999.0 -9999.0 -9999.0 -9999.0 -9999.0 -9999.0 -9999.0 -9999.0 -9999.0 -9999.0 -9999.0 -9999.0 -9999.0 -9999.0 -9999.0 -9999.0 -9999.0 -9999.0 -9999.0 -9999.0 -9999.0 -9999.0 -9999.0 -9999.0 -9999.0 -9999.0 -9999.0 -9999.0 -9999.0 44.3 30.3 -9999.0 -9999.0 -9999.0 -9999.0 -9999.0 -9999.0 -9999.0 -9999.0 -9999.0 -9999.0 -9999.0 -9999.0 -9999.0 -9999.0 -9999.0 146.4 162.9 -9999.0
-9999.0 -9999.0 -9999.0 -9999.0 -9999.0 -9999.0 -9999.0 -9999.0 -9999.0 -9999.0 -9999.0 -9999.0 -9999.0 -9999.0 -9999.0 -9999.0 -9999.0 -9999.0 -9999.0 -9999.0 -9999.0 -9999.0 -9999.0 -9999.0 -9999.0 -9999.0 -9999.0 -9999.0 -9999.0 -9999.0 -9999.0 -9999.0 -9999.0 -9999.0 -9999.0 -9999.0 -9999.0 -9999.0 -9999.0 -9999.0 -9999.0 -9999.0 -9999.0 -9999.0 -9999.0 -9999.0 -9999.0 -9999.0 -9999.0 -9999.0 -9999.0 -9999.0 -9999.0 -9999.0 -9999.0 -9999.0 -9999.0 -9999.0 -9999.0 -9999.0 -9999.0 -9999.0 -9999.0 -9999.0 -9999.0 -9999.0 -9999.0 -9999.0 -9999.0 -9999.0 -9999.0 -9999.0 -9999.0 -9999.0 -9999.0 -9999.0 -9999.0 -9999.0
-9999.0 -9999.0 -9999.0 -9999.0 -9999.0 -9999.0 -9999.0 -9999.0 -9999.0 -9999.0 -9999.0 -9999.0 -9999.0 -9999.0 -9999.0 -9999.0 -9999.0 -9999.0 -9999.0 -9999.0 -9999.0 -9999.0 -9999.0 -9999.0 -9999.0 -9999.0 -9999.0 -9999.0 -9999.0 -9999.0 -9999.0 -9999.0 -9999.0 -9999.0 -9999.0 -9999.0 -9999.0 -9999.0 -9999.0 -9999.0 -9999.0 -9999.0 -9999.0 -9999.0 -9999.0 -9999.0 -9999.0 -9999.0 -9999.0 -9999.0 -9999.0 -9999.0 -9999.0 -9999.0 -9999.0 -9999.0 -9999.0 -9999.0 -9999.0 -9999.0 -9999.0 -9999.0 -9999.0 -9999.0 -9999.0 -9999.0 -9999.0 -9999.0 -9999.0 -9999.0 -9999.0 -9999.0 -9999.0 -9999.0 -9999.0 213.7 348.5 466.8
-9999.0 -9999.0 -9999.0 -9999.0 -9999.0 -9999.0 -9999.0 -9999.0 -9999.0 -9999.0 -9999.0 -9999.0 -9999.0 -9999.0 -9999.0 -9999.0 -9999.0 -9999.0 -9999.0 -9999.0 -9999.0 -9999.0 -9999.0 -9999.0 -9999.0 -9999.0 -9999.0 -9999.0 -9999.0 -9999.0 -9999.0 -9999.0 -9999.0 -9999.0 -9999.0 -9999.0 -9999.0 -9999.0 -9999.0 -9999.0 -9999.0 -9999.0 -9999.0 -9999.0 -9999.0 -9999.0 -9999.0 -9999.0 -9999.0 -9999.0 -9999.0 -9999.0 -9999.0 -9999.0 -9999.0 -9999.0 -9999.0 -9999.0 -9999.0 -9999.0 -9999.0 -9999.0 -9999.0 -9999.0 -9999.0 -9999.0 -9999.0 -9999.0 -9999.0 -9999.0 -9999.0 -9999.0 -9999.0 43.9 108.5 257.1 454.8 -9999.0
