program/excelProcessViaJava/data/SURF_CLI_CHN_PRE_MON_GRID_0.5-199305.txt
NCOLS      128
NROWS       72
XLLCORNER    72.000000000000    
YLLCORNER    18.000000000000    
CELLSIZE    0.50000000000000    
NODATA_VALUE   -9999.000    
[rows 34 to 67 of 72, columns 0 to 76 of 128]
-9999.0 -9999.0 -9999.0 -9999.0 0.0 0.2 0.1 2.0 0.4 1.2 15.2 6.7 15.0 15.9 19.4 16.6 15.9 13.6 13.3 11.8 8.2 4.3 2.3 1.6 0.6 0.3 0.5 0.6 0.8 1.2 1.6 2.3 2.9 3.6 4.7 4.9 7.8 11.4 9.8 7.0 15.6 5.7 5.9 4.2 4.2 4.6 5.8 8.5 13.5 23.3 33.9 45.9 65.7 62.0 60.8 66.9 75.3 88.0 98.7 99.0 90.0 70.0 52.6 46.3 37.5 30.6 41.6 35.5 32.2 29.8 27.1 29.4 33.5 37.1 37.8 39.9 39.2
-9999.0 -9999.0 -9999.0 -9999.0 -9999.0 -9999.0 -9999.0 0.3 0.3 1.8 0.3 0.6 6.2 5.4 6.1 14.1 12.8 14.2 13.9 10.1 4.0 1.1 0.6 0.5 0.5 0.4 0.4 0.4 0.6 0.7 1.1 1.6 2.3 3.1 4.4 5.0 7.9 9.4 14.8 19.8 13.9 33.3 36.1 28.0 16.4 7.2 13.3 14.0 23.9 23.7 30.7 43.4 57.4 66.8 68.1 67.5 71.1 80.0 88.8 95.3 84.3 67.7 55.0 56.4 64.8 55.0 56.0 48.6 38.9 33.7 31.0 33.4 38.9 40.7 38.1 39.7 39.5
-9999.0 -9999.0 -9999.0 -9999.0 -9999.0 -9999.0 -9999.0 0.0 0.4 0.1 0.2 0.9 0.8 0.3 1.8 0.2 2.6 2.9 0.6 2.0 1.6 0.5 0.5 0.4 0.4 0.3 0.4 0.3 0.5 0.6 0.8 1.2 1.8 2.6 3.4 4.6 5.7 8.7 11.6 14.9 20.8 26.9 34.2 47.3 32.3 19.7 26.9 31.4 49.1 47.7 62.3 61.8 57.8 62.1 63.6 64.9 65.1 69.2 76.2 78.8 79.7 77.4 72.2 83.2 86.8 83.5 70.8 53.8 45.3 33.6 34.8 39.6 45.0 44.8 36.6 42.2 45.6
-9999.0 -9999.0 -9999.0 -9999.0 -9999.0 -9999.0 -9999.0 -9999.0 -9999.0 0.0 0.1 0.5 0.1 0.3 0.8 1.7 0.7 0.1 0.5 0.1 0.4 0.6 0.5 0.4 0.4 0.4 0.3 0.4 0.5 0.5 0.8 1.1 1.5 2.2 2.7 3.5 4.6 6.7 8.5 12.7 16.3 24.2 29.3 31.3 38.9 40.6 42.9 44.6 48.9 52.0 57.2 55.9 55.2 55.8 58.3 58.9 56.1 58.3 68.3 72.7 75.1 76.5 82.2 100.0 109.2 100.4 76.1 54.6 51.5 41.7 45.1 47.0 49.6 49.1 47.6 39.7 45.7
-9999.0 -9999.0 -9999.0 -9999.0 -9999.0 -9999.0 -9999.0 -9999.0 -9999.0 -9999.0 -9999.0 0.0 0.6 0.0 0.3 0.2 0.4 0.6 0.6 0.4 0.2 0.4 0.3 0.4 0.1 0.2 0.2 0.3 0.4 0.5 0.7 0.9 1.4 2.0 2.5 3.9 4.4 5.7 10.5 10.3 16.0 19.6 24.1 28.5 42.8 39.3 52.8 49.4 53.9 53.7 50.6 51.4 51.3 52.2 53.7 55.4 57.8 61.5 65.4 69.9 72.4 79.6 92.4 108.5 108.9 91.3 60.3 58.0 58.8 60.3 62.2 61.6 55.3 50.0 43.2 45.8 51.1
-9999.0 -9999.0 -9999.0 -9999.0 -9999.0 -9999.0 -9999.0 -9999.0 -9999.0 -9999.0 -9999.0 -9999.0 0.2 0.4 0.1 0.3 0.0 0.2 0.3 0.0 0.5 0.4 0.3 0.4 0.0 0.3 0.4 0.3 0.4 0.4 0.7 1.0 1.4 2.0 2.8 3.6 5.4 5.8 6.4 7.4 9.9 14.6 21.0 30.7 36.8 43.9 51.2 47.7 51.1 52.4 56.3 54.2 50.5 48.6 49.8 53.1 58.0 62.1 65.8 69.2 73.8 74.7 80.7 98.5 113.0 102.2 78.4 74.7 76.8 82.3 79.5 62.9 55.8 55.9 61.7 88.2 79.7
-9999.0 -9999.0 -9999.0 -9999.0 -9999.0 -9999.0 -9999.0 -9999.0 -9999.0 -9999.0 -9999.0 -9999.0 0.0 0.3 0.6 0.1 0.7 0.5 0.1 0.2 0.2 0.1 0.2 0.4 0.5 0.4 0.4 0.5 0.5 0.7 0.7 0.9 1.5 2.2 2.9 3.8 5.3 6.8 7.7 8.8 10.0 14.0 24.1 27.7 38.6 47.9 47.5 48.5 45.1 51.6 51.8 53.6 50.9 51.4 50.4 54.7 60.8 66.5 71.5 75.7 81.7 88.2 86.3 85.6 115.6 108.2 71.9 68.4 79.9 97.0 106.1 106.6 107.5 100.3 102.2 98.1 96.8
-9999.0 -9999.0 -9999.0 -9999.0 -9999.0 -9999.0 -9999.0 -9999.0 -9999.0 -9999.0 -9999.0 -9999.0 -9999.0 0.0 0.0 0.5 0.2 0.5 0.6 0.6 0.4 0.6 0.2 0.6 0.5 0.2 0.2 0.2 0.4 0.5 1.0 1.4 1.5 2.3 3.4 4.3 5.6 7.2 10.9 11.8 14.0 19.4 25.1 35.3 39.6 43.4 50.1 54.3 55.4 54.5 54.7 53.6 54.7 59.6 59.5 62.6 69.1 74.6 75.2 80.0 83.7 95.7 95.8 122.8 116.0 110.4 101.5 82.1 91.3 99.8 89.2 101.0 118.8 128.6 136.8 132.2 129.7
-9999.0 -9999.0 -9999.0 -9999.0 -9999.0 -9999.0 -9999.0 -9999.0 -9999.0 -9999.0 -9999.0 -9999.0 0.0 0.0 0.0 0.2 0.0 0.1 0.2 1.1 1.0 0.9 0.6 0.7 0.8 0.3 0.4 0.6 0.7 0.7 1.1 1.9 1.7 2.9 3.8 5.0 6.6 8.1 10.0 12.6 18.6 25.6 33.5 35.6 43.6 48.9 50.3 49.3 51.5 52.7 57.1 60.7 60.5 64.4 67.7 73.4 78.9 90.2 90.7 95.5 98.6 98.3 109.7 103.4 119.4 117.4 67.1 66.1 99.6 125.2 137.3 141.4 144.2 144.4 152.4 150.0 135.4
-9999.0 -9999.0 -9999.0 -9999.0 -9999.0 -9999.0 -9999.0 -9999.0 -9999.0 -9999.0 -9999.0 -9999.0 0.0 0.1 0.1 0.0 0.0 0.5 0.6 0.3 1.3 0.5 0.6 0.7 1.1 1.3 1.1 1.2 1.2 1.7 2.1 2.3 2.1 3.8 4.7 5.7 7.3 9.3 11.6 13.9 18.5 24.4 32.0 40.1 46.5 51.0 54.4 53.5 52.1 46.9 49.9 57.4 60.5 66.0 72.8 79.8 88.6 94.4 101.8 100.4 101.2 101.2 130.6 131.2 121.8 103.9 99.2 66.0 76.0 109.8 140.3 160.8 178.1 194.3 193.9 181.4 153.6
-9999.0 -9999.0 -9999.0 -9999.0 -9999.0 -9999.0 -9999.0 -9999.0 -9999.0 -9999.0 -9999.0 -9999.0 0.1 0.0 0.2 0.2 0.4 0.0 0.3 0.4 0.1 0.1 0.6 0.4 0.8 0.4 0.6 0.4 1.6 1.9 2.4 1.7 3.6 4.8 5.5 6.4 8.0 10.1 12.6 16.4 21.6 29.2 38.8 44.9 50.2 52.7 52.5 48.6 42.7 41.8 44.4 46.7 59.6 65.3 71.3 70.6 84.5 92.6 98.6 107.3 116.4 123.4 109.4 123.0 90.3 76.3 74.0 74.9 89.0 110.3 142.0 176.6 197.9 205.9 203.0 197.6 201.6
-9999.0 -9999.0 -9999.0 -9999.0 -9999.0 -9999.0 -9999.0 -9999.0 -9999.0 -9999.0 -9999.0 -9999.0 -9999.0 0.0 0.0 0.2 0.2 0.5 0.2 0.1 0.0 0.4 0.2 0.2 1.1 0.9 1.2 1.8 1.2 3.1 1.6 2.6 3.0 4.8 5.4 5.6 7.7 10.6 13.5 17.8 24.7 33.3 41.8 49.9 53.9 51.2 47.1 38.7 38.2 35.0 31.0 42.1 46.1 47.1 62.9 69.8 61.6 72.5 88.4 99.1 108.2 102.9 119.7 85.3 49.0 56.4 65.9 77.4 89.5 111.7 137.1 166.0 188.3 200.6 199.9 184.5 167.0
-9999.0 -9999.0 -9999.0 -9999.0 -9999.0 -9999.0 -9999.0 -9999.0 -9999.0 -9999.0 -9999.0 -9999.0 -9999.0 0.2 0.0 0.2 0.0 0.6 0.6 0.4 0.0 0.1 0.1 0.3 2.4 1.4 1.2 2.7 2.3 0.4 0.9 1.6 3.5 4.2 4.2 5.7 8.5 11.1 13.8 17.6 25.9 36.0 46.0 51.6 47.8 47.9 41.2 31.5 25.7 22.3 26.3 20.5 34.2 45.5 54.3 56.5 48.2 56.6 77.2 69.0 102.4 94.8 69.4 51.7 46.9 51.6 64.2 76.8 88.3 99.4 115.6 141.3 169.6 185.6 188.6 188.6 198.8
-9999.0 -9999.0 -9999.0 -9999.0 -9999.0 -9999.0 -9999.0 -9999.0 -9999.0 -9999.0 -9999.0 -9999.0 -9999.0 -9999.0 -9999.0 0.1 0.5 0.3 0.9 2.1 0.2 0.9 1.4 1.1 0.7 1.0 0.2 0.7 0.2 1.9 1.3 2.2 1.4 2.5 4.6 4.8 6.7 12.6 14.4 18.2 23.5 31.3 41.1 48.8 57.4 55.2 36.5 28.7 20.3 11.1 13.2 26.9 22.6 29.2 16.2 38.2 44.0 22.0 71.7 88.3 63.0 71.4 91.0 74.5 61.4 61.1 68.9 78.4 87.9 95.4 104.2 125.3 151.7 172.0 185.2 195.9 196.0
-9999.0 -9999.0 -9999.0 -9999.0 -9999.0 -9999.0 -9999.0 -9999.0 -9999.0 -9999.0 -9999.0 -9999.0 -9999.0 -9999.0 -9999.0 -9999.0 -9999.0 13.3 11.9 -9999.0 10.8 1.2 5.7 5.6 1.3 1.8 0.2 0.7 2.4 0.7 2.0 4.5 1.2 5.4 8.1 7.5 7.2 17.0 14.8 17.2 21.6 26.6 35.7 44.8 93.1 61.9 119.8 26.6 18.0 13.6 10.8 11.2 11.4 23.1 28.7 33.2 27.2 52.2 64.9 83.9 52.8 82.2 96.4 83.1 71.4 71.3 77.1 83.9 93.8 104.2 117.3 130.3 148.9 172.3 183.6 191.8 192.1
-9999.0 -9999.0 -9999.0 -9999.0 -9999.0 -9999.0 -9999.0 -9999.0 -9999.0 -9999.0 -9999.0 -9999.0 -9999.0 -9999.0 -9999.0 -9999.0 -9999.0 -9999.0 -9999.0 -9999.0 -9999.0 9.0 4.5 0.5 3.0 10.9 8.5 6.3 3.8 6.5 4.5 12.1 8.8 7.4 9.9 9.5 13.3 16.5 19.5 27.3 31.3 22.8 28.3 36.1 101.6 47.1 183.8 41.9 23.1 31.7 14.3 23.9 25.1 14.4 19.6 29.8 36.2 39.0 71.3 83.3 61.0 73.0 83.7 73.3 68.7 74.7 81.1 85.6 97.1 115.1 131.5 135.0 149.5 165.8 170.0 173.3 176.5
-9999.0 -9999.0 -9999.0 -9999.0 -9999.0 -9999.0 -9999.0 -9999.0 -9999.0 -9999.0 -9999.0 -9999.0 -9999.0 -9999.0 -9999.0 -9999.0 -9999.0 -9999.0 -9999.0 -9999.0 -9999.0 -9999.0 -9999.0 42.1 14.3 15.7 14.1 9.3 2.6 6.9 5.2 5.0 2.6 6.6 7.4 10.8 12.5 18.4 16.0 15.9 17.4 20.0 28.3 48.7 111.1 231.5 115.4 78.7 88.2 82.0 31.1 24.7 22.2 21.0 16.1 11.4 28.2 48.5 55.3 88.8 77.1 82.2 76.5 65.0 63.0 70.1 76.7 79.8 89.7 111.9 122.0 134.2 140.7 143.1 140.4 143.0 154.2
-9999.0 -9999.0 -9999.0 -9999.0 -9999.0 -9999.0 -9999.0 -9999.0 -9999.0 -9999.0 -9999.0 -9999.0 -9999.0 -9999.0 -9999.0 -9999.0 -9999.0 -9999.0 -9999.0 -9999.0 -9999.0 -9999.0 -9999.0 -9999.0 -9999.0 78.0 41.6 1.1 2.2 0.7 4.2 12.9 15.9 13.0 18.6 14.7 12.7 21.8 18.3 19.9 18.2 22.4 105.2 107.1 212.0 253.2 221.8 274.5 54.2 91.6 35.8 36.8 33.8 30.2 17.7 15.6 27.6 40.2 67.4 92.5 108.5 100.1 109.0 57.0 57.6 63.7 69.7 77.3 88.7 103.8 119.3 126.5 125.7 124.8 121.4 122.1 137.6
-9999.0 -9999.0 -9999.0 -9999.0 -9999.0 -9999.0 -9999.0 -9999.0 -9999.0 -9999.0 -9999.0 -9999.0 -9999.0 -9999.0 -9999.0 -9999.0 -9999.0 -9999.0 -9999.0 -9999.0 -9999.0 -9999.0 -9999.0 -9999.0 -9999.0 -9999.0 -9999.0 95.7 93.9 46.6 39.4 38.3 11.7 44.8 27.1 68.9 34.9 35.4 50.6 31.3 25.2 47.4 132.9 207.5 236.4 263.6 279.6 291.0 296.6 197.3 241.7 196.9 53.3 39.8 24.8 24.3 25.5 41.1 68.7 92.3 92.7 106.4 69.7 58.3 54.6 63.2 75.8 80.6 94.8 109.6 119.2 126.0 121.3 119.6 118.3 126.2 134.2
-9999.0 -9999.0 -9999.0 -9999.0 -9999.0 -9999.0 -9999.0 -9999.0 -9999.0 -9999.0 -9999.0 -9999.0 -9999.0 -9999.0 -9999.0 -9999.0 -9999.0 -9999.0 -9999.0 -9999.0 -9999.0 -9999.0 -9999.0 -9999.0 -9999.0 -9999.0 -9999.0 -9999.0 -9999.0 -9999.0 -9999.0 -9999.0 -9999.0 86.0 51.1 -9999.0 -9999.0 -9999.0 94.9 58.8 91.2 130.3 130.1 215.8 238.3 260.4 -9999.0 -9999.0 -9999.0 -9999.0 -9999.0 -9999.0 114.2 49.4 38.2 26.5 29.0 39.5 62.9 81.4 100.2 104.9 76.0 60.4 59.3 70.4 87.4 103.3 114.5 120.0 125.7 136.2 136.9 133.7 133.2 151.6 150.8
-9999.0 -9999.0 -9999.0 -9999.0 -9999.0 -9999.0 -9999.0 -9999.0 -9999.0 -9999.0 -9999.0 -9999.0 -9999.0 -9999.0 -9999.0 -9999.0 -9999.0 -9999.0 -9999.0 -9999.0 -9999.0 -9999.0 -9999.0 -9999.0 -9999.0 -9999.0 -9999.0 -9999.0 -9999.0 -9999.0 -9999.0 -9999.0 -9999.0 -9999.0 -9999.0 -9999.0 -9999.0 -9999.0 -9999.0 136.5 151.3 168.0 186.9 207.7 -9999.0 -9999.0 -9999.0 -9999.0 -9999.0 -9999.0 -9999.0 -9999.0 138.7 67.0 47.2 33.3 28.4 32.9 45.9 68.6 91.8 103.7 92.9 75.3 74.9 87.0 106.1 123.2 128.9 138.4 148.1 158.7 159.2 154.7 176.1 192.7 208.5
-9999.0 -9999.0 -9999.0 -9999.0 -9999.0 -9999.0 -9999.0 -9999.0 -9999.0 -9999.0 -9999.0 -9999.0 -9999.0 -9999.0 -9999.0 -9999.0 -9999.0 -9999.0 -9999.0 -9999.0 -9999.0 -9999.0 -9999.0 -9999.0 -9999.0 -9999.0 -9999.0 -9999.0 -9999.0 -9999.0 -9999.0 -9999.0 -9999.0 -9999.0 -9999.0 -9999.0 -9999.0 -9999.0 -9999.0 -9999.0 -9999.0 -9999.0 -9999.0 -9999.0 -9999.0 -9999.0 -9999.0 -9999.0 -9999.0 -9999.0 -9999.0 -9999.0 235.8 92.7 68.1 50.4 33.2 34.2 46.8 73.9 93.5 110.1 122.9 101.6 103.6 119.8 136.7 144.1 144.7 150.6 164.0 181.5 183.9 179.1 190.4 266.3 283.2
-9999.0 -9999.0 -9999.0 -9999.0 -9999.0 -9999.0 -9999.0 -9999.0 -9999.0 -9999.0 -9999.0 -9999.0 -9999.0 -9999.0 -9999.0 -9999.0 -9999.0 -9999.0 -9999.0 -9999.0 -9999.0 -9999.0 -9999.0 -9999.0 -9999.0 -9999.0 -9999.0 -9999.0 -9999.0 -9999.0 -9999.0 -9999.0 -9999.0 -9999.0 -9999.0 -9999.0 -9999.0 -9999.0 -9999.0 -9999.0 -9999.0 -9999.0 -9999.0 -9999.0 -9999.0 -9999.0 -9999.0 -9999.0 -9999.0 -9999.0 -9999.0 265.5 233.4 134.2 111.3 65.8 49.0 53.5 60.4 58.2 113.1 126.4 122.2 125.7 128.5 141.7 151.1 142.8 169.1 176.4 189.5 203.6 209.3 221.2 250.5 334.0 336.9
-9999.0 -9999.0 -9999.0 -9999.0 -9999.0 -9999.0 -9999.0 -9999.0 -9999.0 -9999.0 -9999.0 -9999.0 -9999.0 -9999.0 -9999.0 -9999.0 -9999.0 -9999.0 -9999.0 -9999.0 -9999.0 -9999.0 -9999.0 -9999.0 -9999.0 -9999.0 -9999.0 -9999.0 -9999.0 -9999.0 -9999.0 -9999.0 -9999.0 -9999.0 -9999.0 -9999.0 -9999.0 -9999.0 -9999.0 -9999.0 -9999.0 -9999.0 -9999.0 -9999.0 -9999.0 -9999.0 -9999.0 -9999.0 -9999.0 -9999.0 196.3 278.8 248.0 186.2 142.3 100.8 82.4 74.7 77.2 96.2 104.3 126.9 122.2 131.5 124.3 128.0 156.6 165.1 199.3 215.4 234.8 239.4 236.7 236.5 255.0 293.9 435.5
-9999.0 -9999.0 -9999.0 -9999.0 -9999.0 -9999.0 -9999.0 -9999.0 -9999.0 -9999.0 -9999.0 -9999.0 -9999.0 -9999.0 -9999.0 -9999.0 -9999.0 -9999.0 -9999.0 -9999.0 -9999.0 -9999.0 -9999.0 -9999.0 -9999.0 -9999.0 -9999.0 -9999.0 -9999.0 -9999.0 -9999.0 -9999.0 -9999.0 -9999.0 -9999.0 -9999.0 -9999.0 -9999.0 -9999.0 -9999.0 -9999.0 -9999.0 -9999.0 -9999.0 -9999.0 -9999.0 -9999.0 -9999.0 -9999.0 -9999.0 166.9 290.7 224.9 226.4 175.6 135.8 106.6 106.0 101.9 93.6 85.6 95.4 88.5 103.5 104.2 85.8 119.0 133.6 187.8 219.7 259.9 268.2 256.5 242.9 250.9 296.3 330.7
-9999.0 -9999.0 -9999.0 -9999.0 -9999.0 -9999.0 -9999.0 -9999.0 -9999.0 -9999.0 -9999.0 -9999.0 -9999.0 -9999.0 -9999.0 -9999.0 -9999.0 -9999.0 -9999.0 -9999.0 -9999.0 -9999.0 -9999.0 -9999.0 -9999.0 -9999.0 -9999.0 -9999.0 -9999.0 -9999.0 -9999.0 -9999.0 -9999.0 -9999.0 -9999.0 -9999.0 -9999.0 -9999.0 -9999.0 -9999.0 -9999.0 -9999.0 -9999.0 -9999.0 -9999.0 -9999.0 -9999.0 -9999.0 -9999.0 -9999.0 130.6 191.8 166.9 248.3 177.7 145.1 142.6 122.1 118.5 84.7 89.1 95.3 93.2 82.6 96.4 87.0 85.8 103.9 140.1 225.8 240.2 289.7 253.0 233.7 209.8 235.3 269.9
-9999.0 -9999.0 -9999.0 -9999.0 -9999.0 -9999.0 -9999.0 -9999.0 -9999.0 -9999.0 -9999.0 -9999.0 -9999.0 -9999.0 -9999.0 -9999.0 -9999.0 -9999.0 -9999.0 -9999.0 -9999.0 -9999.0 -9999.0 -9999.0 -9999.0 -9999.0 -9999.0 -9999.0 -9999.0 -9999.0 -9999.0 -9999.0 -9999.0 -9999.0 -9999.0 -9999.0 -9999.0 -9999.0 -9999.0 -9999.0 -9999.0 -9999.0 -9999.0 -9999.0 -9999.0 -9999.0 -9999.0 -9999.0 -9999.0 -9999.0 192.2 252.1 217.0 226.2 195.9 179.7 130.5 134.7 127.4 97.7 109.3 103.1 73.7 94.3 105.8 100.9 119.0 128.3 192.6 125.9 209.6 240.7 250.0 226.2 191.7 220.7 265.4
-9999.0 -9999.0 -9999.0 -9999.0 -9999.0 -9999.0 -9999.0 -9999.0 -9999.0 -9999.0 -9999.0 -9999.0 -9999.0 -9999.0 -9999.0 -9999.0 -9999.0 -9999.0 -9999.0 -9999.0 -9999.0 -9999.0 -9999.0 -9999.0 -9999.0 -9999.0 -9999.0 -9999.0 -9999.0 -9999.0 -9999.0 -9999.0 -9999.0 -9999.0 -9999.0 -9999.0 -9999.0 -9999.0 -9999.0 -9999.0 -9999.0 -9999.0 -9999.0 -9999.0 -9999.0 -9999.0 -9999.0 -9999.0 -9999.0 -9999.0 -9999.0 -9999.0 -9999.0 197.8 183.1 168.3 155.8 151.9 124.9 128.7 196.8 122.8 180.0 135.9 119.9 110.1 150.1 126.7 194.4 208.1 195.1 205.5 220.2 219.0 220.1 241.6 286.4
-9999.0 -9999.0 -9999.0 -9999.0 -9999.0 -9999.0 -9999.0 -9999.0 -9999.0 -9999.0 -9999.0 -9999.0 -9999.0 -9999.0 -9999.0 -9999.0 -9999.0 -9999.0 -9999.0 -9999.0 -9999.0 -9999.0 -9999.0 -9999.0 -9999.0 -9999.0 -9999.0 -9999.0 -9999.0 -9999.0 -9999.0 -9999.0 -9999.0 -9999.0 -9999.0 -9999.0 -9999.0 -9999.0 -9999.0 -9999.0 -9999.0 -9999.0 -9999.0 -9999.0 -9999.0 -9999.0 -9999.0 -9999.0 -9999.0 -9999.0 -9999.0 -9999.0 -9999.0 218.6 197.5 226.0 161.3 136.7 156.5 219.9 211.9 193.2 271.7 191.9 166.0 148.1 115.9 217.0 176.8 191.3 178.7 198.5 231.6 251.8 264.6 290.1 300.1
-9999.0 -9999.0 -9999.0 -9999.0 -9999.0 -9999.0 -9999.0 -9999.0 -9999.0 -9999.0 -9999.0 -9999.0 -9999.0 -9999.0 -9999.0 -9999.0 -9999.0 -9999.0 -9999.0 -9999.0 -9999.0 -9999.0 -9999.0 -9999.0 -9999.0 -9999.0 -9999.0 -9999.0 -9999.0 -9999.0 -9999.0 -9999.0 -9999.0 -9999.0 -9999.0 -9999.0 -9999.0 -9999.0 -9999.0 -9999.0 -9999.0 -9999.0 -9999.0 -9999.0 -9999.0 -9999.0 -9999.0 -9999.0 -9999.0 -9999.0 -9999.0 -9999.0 -9999.0 238.9 186.7 211.0 167.9 140.2 169.3 213.0 295.6 321.1 376.9 354.3 220.7 -9999.0 -9999.0 -9999.0 260.9 218.1 231.4 268.5 291.6 297.5 303.6 320.4 297.4
-9999.0 -9999.0 -9999.0 -9999.0 -9999.0 -9999.0 -9999.0 -9999.0 -9999.0 -9999.0 -9999.0 -9999.0 -9999.0 -9999.0 -9999.0 -9999.0 -9999.0 -9999.0 -9999.0 -9999.0 -9999.0 -9999.0 -9999.0 -9999.0 -9999.0 -9999.0 -9999.0 -9999.0 -9999.0 -9999.0 -9999.0 -9999.0 -9999.0 -9999.0 -9999.0 -9999.0 -9999.0 -9999.0 -9999.0 -9999.0 -9999.0 -9999.0 -9999.0 -9999.0 -9999.0 -9999.0 -9999.0 -9999.0 -9999.0 -9999.0 -9999.0 -9999.0 -9999.0 -9999.0 227.1 195.6 134.8 119.1 184.4 274.1 251.8 -9999.0 -9999.0 -9999.0 -9999.0 -9999.0 -9999.0 -9999.0 265.3 308.9 377.7 333.1 332.5 334.2 309.3 279.0 267.6
-9999.0 -9999.0 -9999.0 -9999.0 -9999.0 -9999.0 -9999.0 -9999.0 -9999.0 -9999.0 -9999.0 -9999.0 -9999.0 -9999.0 -9999.0 -9999.0 -9999.0 -9999.0 -9999.0 -9999.0 -9999.0 -9999.0 -9999.0 -9999.0 -9999.0 -9999.0 -9999.0 -9999.0 -9999.0 -9999.0 -9999.0 -9999.0 -9999.0 -9999.0 -9999.0 -9999.0 -9999.0 -9999.0 -9999.0 -9999.0 -9999.0 -9999.0 -9999.0 -9999.0 -9999.0 -9999.0 -9999.0 -9999.0 -9999.0 -9999.0 -9999.0 -9999.0 -9999.0 -9999.0 -9999.0 174.4 207.3 153.7 162.7 245.8 293.7 -9999.0 -9999.0 -9999.0 -9999.0 -9999.0 -9999.0 -9999.0 -9999.0 -9999.0 362.9 -9999.0 -9999.0 -9999.0 -9999.0 -9999.0 222.2
-9999.0 -9999.0 -9999.0 -9999.0 -9999.0 -9999.0 -9999.0 -9999.0 -9999.0 -9999.0 -9999.0 -9999.0 -9999.0 -9999.0 -9999.0 -9999.0 -9999.0 -9999.0 -9999.0 -9999.0 -9999.0 -9999.0 -9999.0 -9999.0 -9999.0 -9999.0 -9999.0 -9999.0 -9999.0 -9999.0 -9999.0 -9999.0 -9999.0 -9999.0 -9999.0 -9999.0 -9999.0 -9999.0 -9999.0 -9999.0 -9999.0 -9999.0 -9999.0 -9999.0 -9999.0 -9999.0 -9999.0 -9999.0 -9999.0 -9999.0 -9999.0 -9999.0 -9999.0 -9999.0 -9999.0 -9999.0 -9999.0 -9999.0 197.8 218.0 -9999.0 -9999.0 -9999.0 -9999.0 -9999.0 -9999.0 -9999.0 -9999.0 -9999.0 -9999.0 -9999.0 -9999.0 -9999.0 -9999.0 -9999.0 211.1 180.9
-9999.0 -9999.0 -9999.0 -9999.0 -9999.0 -9999.0 -9999.0 -9999.0 -9999.0 -9999.0 -9999.0 -9999.0 -9999.0 -9999.0 -9999.0 -9999.0 -9999.0 -9999.0 -9999.0 -9999.0 -9999.0 -9999.0 -9999.0 -9999.0 -9999.0 -9999.0 -9999.0 -9999.0 -9999.0 -9999.0 -9999.0 -9999.0 -9999.0 -9999.0 -9999.0 -9999.0 -9999.0 -9999.0 -9999.0 -9999.0 -9999.0 -9999.0 -9999.0 -9999.0 -9999.0 -9999.0 -9999.0 -9999.0 -9999.0 -9999.0 -9999.0 -9999.0 -9999.0 -9999.0 -9999.0 -9999.0 -9999.0 -9999.0 -9999.0 -9999.0 -9999.0 -9999.0 -9999.0 -9999.0 -9999.0 -9999.0 -9999.0 -9999.0 -9999.0 -9999.0 -9999.0 -9999.0 -9999.0 -9999.0 -9999.0 -9999.0 -9999.0
