program/excelProcessViaJava/data/SURF_CLI_CHN_PRE_MON_GRID_0.5-200709.txt
NCOLS      128
NROWS       72
XLLCORNER    72.000000000000    
YLLCORNER    18.000000000000    
CELLSIZE    0.50000000000000    
NODATA_VALUE   -9999.000    
[rows 34 to 67 of 72, columns 0 to 75 of 128]
-9999.0 -9999.0 -9999.0 -9999.0 0.9 2.4 2.6 6.6 4.3 6.3 16.0 10.6 15.3 15.1 19.9 17.3 14.3 11.0 7.7 6.3 7.6 9.5 11.1 10.7 9.3 9.5 11.9 13.5 15.6 17.8 20.2 23.1 25.1 27.2 29.5 29.7 32.5 34.6 29.6 24.3 27.2 19.9 19.9 20.2 21.7 23.0 23.4 23.7 24.9 29.5 35.0 42.8 67.4 61.1 54.1 56.4 58.3 71.4 87.2 59.3 95.4 83.4 84.0 79.6 58.1 43.3 64.1 61.3 74.8 108.4 116.7 131.3 136.3 139.4 137.4 135.5
-9999.0 -9999.0 -9999.0 -9999.0 -9999.0 -9999.0 -9999.0 4.8 4.9 8.4 4.7 5.5 11.0 9.4 9.0 16.7 11.3 10.8 8.8 7.8 6.6 5.6 5.9 7.0 8.2 9.6 10.9 12.7 14.9 17.3 20.3 23.5 26.7 29.9 33.3 34.9 38.4 38.6 41.3 41.5 32.3 41.6 39.6 34.6 31.0 27.6 30.4 28.5 32.3 27.7 29.2 35.5 49.1 81.8 82.3 54.7 46.8 46.1 89.6 67.2 94.8 79.3 77.9 74.4 73.7 56.8 65.8 74.2 80.2 100.8 114.4 128.7 145.0 148.9 137.7 128.5
-9999.0 -9999.0 -9999.0 -9999.0 -9999.0 -9999.0 -9999.0 1.2 6.2 4.5 4.2 6.8 5.8 3.6 5.7 2.5 5.1 4.9 3.0 4.4 4.7 4.2 5.2 6.1 7.4 8.8 10.6 11.8 15.0 17.9 20.5 24.0 27.9 31.7 35.6 39.2 42.0 45.1 46.4 45.8 45.3 43.9 44.4 51.8 44.2 39.8 44.5 46.4 58.4 51.8 67.2 63.8 51.6 64.2 81.8 69.8 68.5 78.2 94.2 98.1 89.6 93.6 90.2 86.3 72.3 67.9 67.8 68.5 81.6 83.4 99.9 117.5 131.0 135.1 108.9 109.8
-9999.0 -9999.0 -9999.0 -9999.0 -9999.0 -9999.0 -9999.0 -9999.0 -9999.0 3.6 4.6 6.0 3.3 3.6 4.5 4.9 3.2 1.3 2.5 1.7 2.8 4.0 4.8 5.8 7.1 8.9 10.2 12.3 15.5 17.1 22.1 25.3 29.4 33.5 38.5 43.0 47.1 50.8 53.0 54.4 53.1 52.1 50.1 49.5 53.8 57.1 60.8 62.0 61.8 58.7 59.2 53.9 52.8 57.7 73.9 77.3 78.4 86.2 99.1 97.5 95.0 93.3 91.4 83.7 81.3 72.9 67.9 67.2 74.9 74.8 85.6 93.6 99.0 103.2 100.7 67.2
-9999.0 -9999.0 -9999.0 -9999.0 -9999.0 -9999.0 -9999.0 -9999.0 -9999.0 -9999.0 -9999.0 2.1 6.4 2.0 2.9 2.2 2.4 2.6 2.6 2.4 2.1 3.3 3.9 5.6 5.3 7.8 9.2 11.5 14.6 18.5 22.1 24.8 30.8 35.6 41.3 45.5 52.0 56.8 60.4 62.9 63.4 60.8 57.5 56.0 60.9 61.1 69.5 68.7 67.7 60.4 49.3 45.7 46.5 54.0 65.0 73.8 83.0 90.4 93.3 93.5 90.6 84.3 78.7 79.9 78.3 64.4 63.0 68.7 70.1 71.2 73.7 76.9 72.2 65.4 56.4 55.2
-9999.0 -9999.0 -9999.0 -9999.0 -9999.0 -9999.0 -9999.0 -9999.0 -9999.0 -9999.0 -9999.0 -9999.0 4.5 4.5 1.7 2.6 0.9 1.7 1.8 1.1 3.2 3.4 4.1 5.8 3.5 8.3 11.3 11.6 15.0 16.1 22.0 26.7 31.5 35.3 41.2 48.3 52.8 61.0 66.7 69.9 70.5 68.1 64.2 61.9 61.1 63.4 67.8 67.8 64.3 56.2 51.2 44.1 40.3 44.2 53.5 62.9 70.4 75.4 80.8 81.7 80.3 72.3 65.8 63.8 64.1 66.3 63.1 71.2 73.7 72.2 71.4 68.2 60.0 54.0 52.9 68.0
-9999.0 -9999.0 -9999.0 -9999.0 -9999.0 -9999.0 -9999.0 -9999.0 -9999.0 -9999.0 -9999.0 -9999.0 0.9 4.7 5.4 1.8 3.7 2.7 1.3 1.9 2.5 2.6 3.8 6.3 9.6 9.9 11.8 15.9 16.7 21.3 22.6 24.5 30.9 36.6 41.7 49.4 54.1 61.4 68.6 73.0 74.6 72.4 68.1 63.7 61.0 61.2 61.4 62.7 57.6 50.9 41.3 36.0 33.6 38.7 46.9 53.7 59.0 62.1 66.9 69.9 68.3 61.4 55.4 54.2 46.1 52.7 68.5 95.3 100.7 85.8 72.4 72.1 72.5 60.8 56.3 48.4
-9999.0 -9999.0 -9999.0 -9999.0 -9999.0 -9999.0 -9999.0 -9999.0 -9999.0 -9999.0 -9999.0 -9999.0 -9999.0 2.4 1.0 4.6 2.1 3.3 3.8 4.0 3.7 5.9 4.7 9.2 10.2 7.9 9.6 9.9 14.6 18.5 24.5 29.0 29.4 34.1 43.5 49.2 56.0 62.1 63.3 70.9 73.3 72.1 69.4 65.0 60.2 56.5 55.9 57.3 55.9 48.9 39.5 32.2 32.1 38.6 43.5 49.4 53.0 54.6 57.5 57.4 56.2 52.9 49.0 43.2 31.9 43.8 64.9 118.5 128.3 109.1 73.0 57.6 55.8 52.8 52.4 43.7
-9999.0 -9999.0 -9999.0 -9999.0 -9999.0 -9999.0 -9999.0 -9999.0 -9999.0 -9999.0 -9999.0 -9999.0 2.2 0.9 1.2 3.3 1.1 2.3 2.8 6.5 7.4 8.3 8.4 11.0 13.7 9.6 12.5 16.2 18.4 19.9 24.3 31.2 28.5 36.2 39.9 47.5 51.1 62.7 68.4 70.7 69.7 70.1 69.5 67.8 62.1 57.2 55.4 59.3 58.0 51.3 42.1 37.5 35.9 40.3 47.8 53.2 55.5 60.5 58.0 58.9 55.8 52.6 48.7 48.4 40.9 46.5 175.4 181.2 137.4 95.9 77.2 55.7 40.7 33.2 31.7 32.6
-9999.0 -9999.0 -9999.0 -9999.0 -9999.0 -9999.0 -9999.0 -9999.0 -9999.0 -9999.0 -9999.0 -9999.0 1.2 5.8 4.2 0.7 1.1 5.3 6.3 4.6 10.2 8.2 10.3 12.6 17.2 20.1 20.2 21.2 22.0 26.2 29.6 31.5 29.7 39.6 42.9 45.5 54.2 60.2 66.3 71.1 72.4 76.6 78.0 74.5 68.4 61.9 57.1 56.9 57.3 63.0 51.5 42.9 47.4 56.9 62.5 69.6 67.2 68.0 70.2 67.7 65.9 64.4 53.1 41.3 38.1 118.8 109.7 168.5 118.2 78.7 55.1 42.0 37.1 42.5 46.6 37.5
-9999.0 -9999.0 -9999.0 -9999.0 -9999.0 -9999.0 -9999.0 -9999.0 -9999.0 -9999.0 -9999.0 -9999.0 8.9 2.6 8.0 6.1 6.9 2.3 5.9 7.0 4.4 5.3 12.8 11.5 16.6 12.4 16.5 12.7 24.0 26.3 30.0 25.9 37.4 43.3 44.5 45.1 51.4 59.1 67.2 67.5 74.1 87.9 81.6 97.0 78.6 65.0 58.0 57.6 65.8 60.0 52.4 56.1 53.4 61.1 70.1 87.4 82.7 83.5 84.4 83.5 79.3 73.3 78.4 44.4 52.2 184.7 174.4 110.8 66.9 49.0 43.3 48.6 51.0 61.2 89.7 63.3
-9999.0 -9999.0 -9999.0 -9999.0 -9999.0 -9999.0 -9999.0 -9999.0 -9999.0 -9999.0 -9999.0 -9999.0 -9999.0 1.2 2.1 8.2 7.4 10.2 6.6 6.7 3.5 11.6 10.3 10.3 21.0 19.7 21.7 24.6 20.3 30.5 23.6 30.0 32.8 42.1 41.6 37.4 44.7 60.7 67.7 74.9 82.0 81.4 84.5 88.4 91.5 75.3 58.5 62.8 46.5 45.1 50.0 51.4 63.1 84.6 85.4 92.9 98.0 99.1 101.8 107.1 102.2 116.9 88.1 36.6 125.2 150.1 119.9 62.6 42.0 42.7 50.4 59.5 73.9 76.6 87.8 87.1
-9999.0 -9999.0 -9999.0 -9999.0 -9999.0 -9999.0 -9999.0 -9999.0 -9999.0 -9999.0 -9999.0 -9999.0 -9999.0 21.1 4.2 11.6 5.1 15.6 15.9 14.1 6.9 9.0 10.0 14.8 31.5 25.2 22.8 29.0 25.5 11.7 17.2 23.0 34.7 37.9 35.0 38.5 50.1 61.6 66.6 64.6 83.7 93.2 99.4 95.7 74.5 69.4 55.2 49.1 38.3 35.4 40.1 51.2 68.1 86.2 100.9 109.5 109.5 113.1 122.1 109.7 124.7 86.4 50.0 86.5 102.8 104.8 79.1 52.5 49.5 63.4 75.3 88.2 104.6 121.0 129.8 128.2
-9999.0 -9999.0 -9999.0 -9999.0 -9999.0 -9999.0 -9999.0 -9999.0 -9999.0 -9999.0 -9999.0 -9999.0 -9999.0 -9999.0 -9999.0 15.9 21.0 16.9 23.5 30.9 16.5 26.4 30.6 28.5 25.2 26.3 12.1 18.6 10.4 21.3 18.5 24.5 21.3 28.1 37.3 33.7 38.3 62.5 67.7 73.6 75.9 83.6 92.1 93.6 98.3 91.8 52.3 52.8 31.2 32.4 31.9 55.5 70.8 95.2 96.5 120.0 125.6 109.6 146.1 155.1 105.6 70.3 90.3 79.7 82.5 85.7 80.0 81.8 92.8 92.6 104.3 119.6 136.6 158.5 161.3 158.3
-9999.0 -9999.0 -9999.0 -9999.0 -9999.0 -9999.0 -9999.0 -9999.0 -9999.0 -9999.0 -9999.0 -9999.0 -9999.0 -9999.0 -9999.0 -9999.0 -9999.0 133.3 84.1 -9999.0 75.4 35.9 58.7 58.3 35.1 36.0 15.8 20.4 26.7 14.8 20.2 31.4 18.8 44.6 55.8 43.3 37.2 55.7 58.5 65.7 72.7 75.5 84.2 87.2 143.6 95.4 218.9 38.1 34.5 27.5 42.4 44.0 64.1 99.8 120.0 132.6 126.0 155.6 163.3 173.3 85.1 88.2 99.1 92.4 81.6 83.8 96.2 105.3 120.8 118.2 137.0 124.2 149.8 171.3 173.3 168.8
-9999.0 -9999.0 -9999.0 -9999.0 -9999.0 -9999.0 -9999.0 -9999.0 -9999.0 -9999.0 -9999.0 -9999.0 -9999.0 -9999.0 -9999.0 -9999.0 -9999.0 -9999.0 -9999.0 -9999.0 -9999.0 82.0 63.4 35.3 52.6 82.8 67.7 52.0 34.9 37.9 28.0 51.6 50.0 51.1 60.8 45.8 45.0 46.1 52.7 69.1 80.4 67.1 70.3 72.4 134.3 67.5 279.0 65.1 37.3 71.7 36.5 66.0 85.4 76.9 108.1 139.8 154.1 151.4 194.3 179.0 97.5 93.1 104.7 99.1 103.6 108.8 125.6 128.3 141.0 127.1 116.0 122.2 145.9 163.2 155.2 147.6
-9999.0 -9999.0 -9999.0 -9999.0 -9999.0 -9999.0 -9999.0 -9999.0 -9999.0 -9999.0 -9999.0 -9999.0 -9999.0 -9999.0 -9999.0 -9999.0 -9999.0 -9999.0 -9999.0 -9999.0 -9999.0 -9999.0 -9999.0 210.2 110.3 110.2 96.8 69.6 33.5 42.5 31.4 30.1 22.6 38.7 38.0 42.6 40.2 44.2 44.8 49.0 54.7 58.3 65.3 77.4 129.6 296.1 143.4 104.3 125.5 122.6 57.2 64.2 60.8 79.3 79.9 64.5 140.8 175.5 124.4 182.0 124.7 121.1 107.9 91.9 98.5 129.3 152.7 145.4 115.2 112.9 104.1 111.5 130.3 144.7 136.7 127.5
-9999.0 -9999.0 -9999.0 -9999.0 -9999.0 -9999.0 -9999.0 -9999.0 -9999.0 -9999.0 -9999.0 -9999.0 -9999.0 -9999.0 -9999.0 -9999.0 -9999.0 -9999.0 -9999.0 -9999.0 -9999.0 -9999.0 -9999.0 -9999.0 -9999.0 340.5 197.7 36.5 35.7 20.4 31.0 51.8 59.5 50.7 63.4 44.9 38.4 46.7 44.6 48.9 50.4 55.8 126.0 120.0 231.3 285.0 236.3 301.1 65.5 108.0 64.0 68.5 87.0 94.4 62.7 73.9 125.7 129.2 174.6 173.3 162.9 150.4 188.9 104.6 110.0 138.6 149.1 130.4 128.9 126.9 107.7 105.3 115.0 125.8 124.9 110.7
-9999.0 -9999.0 -9999.0 -9999.0 -9999.0 -9999.0 -9999.0 -9999.0 -9999.0 -9999.0 -9999.0 -9999.0 -9999.0 -9999.0 -9999.0 -9999.0 -9999.0 -9999.0 -9999.0 -9999.0 -9999.0 -9999.0 -9999.0 -9999.0 -9999.0 -9999.0 -9999.0 387.6 353.7 165.9 129.4 115.0 43.9 117.2 68.5 139.7 66.9 61.5 77.5 57.2 53.4 72.5 141.5 216.6 239.2 265.4 280.3 281.0 273.9 178.5 212.4 182.6 85.0 80.8 80.7 104.0 100.4 112.3 154.5 143.4 163.4 161.7 125.8 111.7 124.7 127.2 141.5 137.5 135.5 135.2 118.6 115.6 102.2 109.0 103.9 100.2
-9999.0 -9999.0 -9999.0 -9999.0 -9999.0 -9999.0 -9999.0 -9999.0 -9999.0 -9999.0 -9999.0 -9999.0 -9999.0 -9999.0 -9999.0 -9999.0 -9999.0 -9999.0 -9999.0 -9999.0 -9999.0 -9999.0 -9999.0 -9999.0 -9999.0 -9999.0 -9999.0 -9999.0 -9999.0 -9999.0 -9999.0 -9999.0 -9999.0 202.6 104.5 -9999.0 -9999.0 -9999.0 130.3 81.1 108.3 138.9 129.4 215.9 237.4 244.6 -9999.0 -9999.0 -9999.0 -9999.0 -9999.0 -9999.0 126.2 107.3 106.7 116.4 124.3 131.7 130.4 146.8 156.7 157.8 141.1 124.4 118.5 125.5 136.1 143.9 145.8 135.6 111.7 108.0 103.6 98.0 108.0 101.6
-9999.0 -9999.0 -9999.0 -9999.0 -9999.0 -9999.0 -9999.0 -9999.0 -9999.0 -9999.0 -9999.0 -9999.0 -9999.0 -9999.0 -9999.0 -9999.0 -9999.0 -9999.0 -9999.0 -9999.0 -9999.0 -9999.0 -9999.0 -9999.0 -9999.0 -9999.0 -9999.0 -9999.0 -9999.0 -9999.0 -9999.0 -9999.0 -9999.0 -9999.0 -9999.0 -9999.0 -9999.0 -9999.0 -9999.0 202.0 197.3 199.0 203.2 207.9 -9999.0 -9999.0 -9999.0 -9999.0 -9999.0 -9999.0 -9999.0 -9999.0 144.3 134.1 128.7 145.7 159.7 153.8 149.9 152.6 153.8 145.9 140.1 123.3 126.1 128.7 135.7 132.7 133.3 137.5 119.6 91.9 83.3 102.4 106.0 114.2
-9999.0 -9999.0 -9999.0 -9999.0 -9999.0 -9999.0 -9999.0 -9999.0 -9999.0 -9999.0 -9999.0 -9999.0 -9999.0 -9999.0 -9999.0 -9999.0 -9999.0 -9999.0 -9999.0 -9999.0 -9999.0 -9999.0 -9999.0 -9999.0 -9999.0 -9999.0 -9999.0 -9999.0 -9999.0 -9999.0 -9999.0 -9999.0 -9999.0 -9999.0 -9999.0 -9999.0 -9999.0 -9999.0 -9999.0 -9999.0 -9999.0 -9999.0 -9999.0 -9999.0 -9999.0 -9999.0 -9999.0 -9999.0 -9999.0 -9999.0 -9999.0 -9999.0 152.5 164.6 155.3 161.5 164.7 152.7 139.5 132.5 131.6 123.2 138.7 110.8 116.8 122.6 128.1 126.8 127.3 123.8 101.6 78.9 110.4 107.9 127.6 123.3
-9999.0 -9999.0 -9999.0 -9999.0 -9999.0 -9999.0 -9999.0 -9999.0 -9999.0 -9999.0 -9999.0 -9999.0 -9999.0 -9999.0 -9999.0 -9999.0 -9999.0 -9999.0 -9999.0 -9999.0 -9999.0 -9999.0 -9999.0 -9999.0 -9999.0 -9999.0 -9999.0 -9999.0 -9999.0 -9999.0 -9999.0 -9999.0 -9999.0 -9999.0 -9999.0 -9999.0 -9999.0 -9999.0 -9999.0 -9999.0 -9999.0 -9999.0 -9999.0 -9999.0 -9999.0 -9999.0 -9999.0 -9999.0 -9999.0 -9999.0 -9999.0 165.4 189.4 195.6 163.8 171.5 163.2 150.4 128.2 118.2 108.2 97.7 88.9 90.0 106.4 130.6 145.2 137.2 138.9 117.8 89.8 75.1 81.2 115.2 135.7 129.3
-9999.0 -9999.0 -9999.0 -9999.0 -9999.0 -9999.0 -9999.0 -9999.0 -9999.0 -9999.0 -9999.0 -9999.0 -9999.0 -9999.0 -9999.0 -9999.0 -9999.0 -9999.0 -9999.0 -9999.0 -9999.0 -9999.0 -9999.0 -9999.0 -9999.0 -9999.0 -9999.0 -9999.0 -9999.0 -9999.0 -9999.0 -9999.0 -9999.0 -9999.0 -9999.0 -9999.0 -9999.0 -9999.0 -9999.0 -9999.0 -9999.0 -9999.0 -9999.0 -9999.0 -9999.0 -9999.0 -9999.0 -9999.0 -9999.0 -9999.0 125.0 214.0 230.7 225.8 188.5 184.3 160.6 143.9 131.1 117.6 100.8 82.5 75.7 82.5 114.3 152.4 163.3 168.2 177.2 134.3 105.8 71.7 87.6 126.6 149.5 152.1
-9999.0 -9999.0 -9999.0 -9999.0 -9999.0 -9999.0 -9999.0 -9999.0 -9999.0 -9999.0 -9999.0 -9999.0 -9999.0 -9999.0 -9999.0 -9999.0 -9999.0 -9999.0 -9999.0 -9999.0 -9999.0 -9999.0 -9999.0 -9999.0 -9999.0 -9999.0 -9999.0 -9999.0 -9999.0 -9999.0 -9999.0 -9999.0 -9999.0 -9999.0 -9999.0 -9999.0 -9999.0 -9999.0 -9999.0 -9999.0 -9999.0 -9999.0 -9999.0 -9999.0 -9999.0 -9999.0 -9999.0 -9999.0 -9999.0 -9999.0 118.8 264.5 189.8 240.9 225.5 189.5 140.6 168.8 152.6 131.5 107.7 83.6 82.2 95.5 129.4 171.0 175.5 188.5 205.8 174.0 138.0 112.2 112.8 124.3 125.9 115.6
-9999.0 -9999.0 -9999.0 -9999.0 -9999.0 -9999.0 -9999.0 -9999.0 -9999.0 -9999.0 -9999.0 -9999.0 -9999.0 -9999.0 -9999.0 -9999.0 -9999.0 -9999.0 -9999.0 -9999.0 -9999.0 -9999.0 -9999.0 -9999.0 -9999.0 -9999.0 -9999.0 -9999.0 -9999.0 -9999.0 -9999.0 -9999.0 -9999.0 -9999.0 -9999.0 -9999.0 -9999.0 -9999.0 -9999.0 -9999.0 -9999.0 -9999.0 -9999.0 -9999.0 -9999.0 -9999.0 -9999.0 -9999.0 -9999.0 -9999.0 104.7 175.6 160.5 294.2 206.7 184.5 216.8 176.2 169.4 129.8 116.7 90.6 85.6 112.6 130.9 142.1 158.1 188.3 220.0 239.4 183.3 188.0 129.9 130.8 99.6 108.3
-9999.0 -9999.0 -9999.0 -9999.0 -9999.0 -9999.0 -9999.0 -9999.0 -9999.0 -9999.0 -9999.0 -9999.0 -9999.0 -9999.0 -9999.0 -9999.0 -9999.0 -9999.0 -9999.0 -9999.0 -9999.0 -9999.0 -9999.0 -9999.0 -9999.0 -9999.0 -9999.0 -9999.0 -9999.0 -9999.0 -9999.0 -9999.0 -9999.0 -9999.0 -9999.0 -9999.0 -9999.0 -9999.0 -9999.0 -9999.0 -9999.0 -9999.0 -9999.0 -9999.0 -9999.0 -9999.0 -9999.0 -9999.0 -9999.0 -9999.0 186.4 270.5 248.6 279.7 259.0 258.2 153.3 177.8 157.2 110.3 118.8 100.4 108.4 115.2 119.6 117.6 123.7 159.6 216.8 205.4 201.4 175.6 154.4 126.2 86.3 111.1
-9999.0 -9999.0 -9999.0 -9999.0 -9999.0 -9999.0 -9999.0 -9999.0 -9999.0 -9999.0 -9999.0 -9999.0 -9999.0 -9999.0 -9999.0 -9999.0 -9999.0 -9999.0 -9999.0 -9999.0 -9999.0 -9999.0 -9999.0 -9999.0 -9999.0 -9999.0 -9999.0 -9999.0 -9999.0 -9999.0 -9999.0 -9999.0 -9999.0 -9999.0 -9999.0 -9999.0 -9999.0 -9999.0 -9999.0 -9999.0 -9999.0 -9999.0 -9999.0 -9999.0 -9999.0 -9999.0 -9999.0 -9999.0 -9999.0 -9999.0 -9999.0 -9999.0 -9999.0 254.4 243.0 220.6 204.9 196.8 115.1 112.6 157.6 114.3 115.8 127.7 119.8 111.0 115.6 140.2 185.5 199.7 177.7 166.2 151.8 122.2 105.6 114.5
-9999.0 -9999.0 -9999.0 -9999.0 -9999.0 -9999.0 -9999.0 -9999.0 -9999.0 -9999.0 -9999.0 -9999.0 -9999.0 -9999.0 -9999.0 -9999.0 -9999.0 -9999.0 -9999.0 -9999.0 -9999.0 -9999.0 -9999.0 -9999.0 -9999.0 -9999.0 -9999.0 -9999.0 -9999.0 -9999.0 -9999.0 -9999.0 -9999.0 -9999.0 -9999.0 -9999.0 -9999.0 -9999.0 -9999.0 -9999.0 -9999.0 -9999.0 -9999.0 -9999.0 -9999.0 -9999.0 -9999.0 -9999.0 -9999.0 -9999.0 -9999.0 -9999.0 -9999.0 259.2 224.6 316.9 204.2 163.0 175.2 207.7 165.2 160.0 166.7 187.6 163.1 134.2 131.4 128.5 125.8 130.4 136.5 161.8 170.0 149.1 132.6 150.0
-9999.0 -9999.0 -9999.0 -9999.0 -9999.0 -9999.0 -9999.0 -9999.0 -9999.0 -9999.0 -9999.0 -9999.0 -9999.0 -9999.0 -9999.0 -9999.0 -9999.0 -9999.0 -9999.0 -9999.0 -9999.0 -9999.0 -9999.0 -9999.0 -9999.0 -9999.0 -9999.0 -9999.0 -9999.0 -9999.0 -9999.0 -9999.0 -9999.0 -9999.0 -9999.0 -9999.0 -9999.0 -9999.0 -9999.0 -9999.0 -9999.0 -9999.0 -9999.0 -9999.0 -9999.0 -9999.0 -9999.0 -9999.0 -9999.0 -9999.0 -9999.0 -9999.0 -9999.0 258.0 176.1 255.8 224.9 194.7 215.9 220.4 246.2 241.3 234.6 208.4 227.7 -9999.0 -9999.0 -9999.0 109.1 105.6 149.0 206.7 216.0 179.4 162.1 181.7
-9999.0 -9999.0 -9999.0 -9999.0 -9999.0 -9999.0 -9999.0 -9999.0 -9999.0 -9999.0 -9999.0 -9999.0 -9999.0 -9999.0 -9999.0 -9999.0 -9999.0 -9999.0 -9999.0 -9999.0 -9999.0 -9999.0 -9999.0 -9999.0 -9999.0 -9999.0 -9999.0 -9999.0 -9999.0 -9999.0 -9999.0 -9999.0 -9999.0 -9999.0 -9999.0 -9999.0 -9999.0 -9999.0 -9999.0 -9999.0 -9999.0 -9999.0 -9999.0 -9999.0 -9999.0 -9999.0 -9999.0 -9999.0 -9999.0 -9999.0 -9999.0 -9999.0 -9999.0 -9999.0 244.3 233.1 178.9 178.7 262.5 314.3 270.4 -9999.0 -9999.0 -9999.0 -9999.0 -9999.0 -9999.0 -9999.0 117.9 143.5 220.4 293.6 284.9 216.5 178.2 180.7
-9999.0 -9999.0 -9999.0 -9999.0 -9999.0 -9999.0 -9999.0 -9999.0 -9999.0 -9999.0 -9999.0 -9999.0 -9999.0 -9999.0 -9999.0 -9999.0 -9999.0 -9999.0 -9999.0 -9999.0 -9999.0 -9999.0 -9999.0 -9999.0 -9999.0 -9999.0 -9999.0 -9999.0 -9999.0 -9999.0 -9999.0 -9999.0 -9999.0 -9999.0 -9999.0 -9999.0 -9999.0 -9999.0 -9999.0 -9999.0 -9999.0 -9999.0 -9999.0 -9999.0 -9999.0 -9999.0 -9999.0 -9999.0 -9999.0 -9999.0 -9999.0 -9999.0 -9999.0 -9999.0 -9999.0 218.3 304.4 248.6 261.3 328.3 340.1 -9999.0 -9999.0 -9999.0 -9999.0 -9999.0 -9999.0 -9999.0 -9999.0 -9999.0 298.0 -9999.0 -9999.0 -9999.0 -9999.0 -9999.0
-9999.0 -9999.0 -9999.0 -9999.0 -9999.0 -9999.0 -9999.0 -9999.0 -9999.0 -9999.0 -9999.0 -9999.0 -9999.0 -9999.0 -9999.0 -9999.0 -9999.0 -9999.0 -9999.0 -9999.0 -9999.0 -9999.0 -9999.0 -9999.0 -9999.0 -9999.0 -9999.0 -9999.0 -9999.0 -9999.0 -9999.0 -9999.0 -9999.0 -9999.0 -9999.0 -9999.0 -9999.0 -9999.0 -9999.0 -9999.0 -9999.0 -9999.0 -9999.0 -9999.0 -9999.0 -9999.0 -9999.0 -9999.0 -9999.0 -9999.0 -9999.0 -9999.0 -9999.0 -9999.0 -9999.0 -9999.0 -9999.0 -9999.0 315.9 328.4 -9999.0 -9999.0 -9999.0 -9999.0 -9999.0 -9999.0 -9999.0 -9999.0 -9999.0 -9999.0 -9999.0 -9999.0 -9999.0 -9999.0 -9999.0 183.8
-9999.0 -9999.0 -9999.0 -9999.0 -9999.0 -9999.0 -9999.0 -9999.0 -9999.0 -9999.0 -9999.0 -9999.0 -9999.0 -9999.0 -9999.0 -9999.0 -9999.0 -9999.0 -9999.0 -9999.0 -9999.0 -9999.0 -9999.0 -9999.0 -9999.0 -9999.0 -9999.0 -9999.0 -9999.0 -9999.0 -9999.0 -9999.0 -9999.0 -9999.0 -9999.0 -9999.0 -9999.0 -9999.0 -9999.0 -9999.0 -9999.0 -9999.0 -9999.0 -9999.0 -9999.0 -9999.0 -9999.0 -9999.0 -9999.0 -9999.0 -9999.0 -9999.0 -9999.0 -9999.0 -9999.0 -9999.0 -9999.0 -9999.0 -9999.0 -9999.0 -9999.0 -9999.0 -9999.0 -9999.0 -9999.0 -9999.0 -9999.0 -9999.0 -9999.0 -9999.0 -9999.0 -9999.0 -9999.0 -9999.0 -9999.0 -9999.0
