program/excelProcessViaJava/data/SURF_CLI_CHN_PRE_MON_GRID_0.5-200508.txt
NCOLS      128
NROWS       72
XLLCORNER    72.000000000000    
YLLCORNER    18.000000000000    
CELLSIZE    0.50000000000000    
NODATA_VALUE   -9999.000    
[rows 33 to 65 of 72, columns 0 to 74 of 128]
-9999.0 -9999.0 -9999.0 -9999.0 0.8 0.7 0.7 9.0 18.3 29.6 41.3 43.9 38.9 23.0 17.0 14.7 11.7 9.2 7.5 7.2 7.4 8.1 9.5 13.5 18.6 27.7 37.7 47.2 62.4 67.6 70.8 76.1 77.5 72.8 70.2 60.9 49.8 44.8 35.7 22.4 10.8 6.1 5.0 4.8 5.7 7.3 10.1 16.2 23.7 24.3 32.9 56.3 77.5 101.9 82.4 89.7 93.1 123.9 133.1 162.3 159.7 130.9 99.9 44.2 23.6 31.5 35.0 16.3 35.1 36.0 46.9 65.0 77.8 84.1 85.3
-9999.0 -9999.0 -9999.0 -9999.0 0.1 0.7 0.4 6.2 1.5 5.7 32.9 24.0 41.6 46.1 36.9 32.5 28.1 13.3 6.5 5.4 9.0 12.0 16.9 31.8 40.2 39.2 49.2 54.8 62.0 68.6 74.8 76.1 80.9 79.5 74.3 68.0 59.5 52.7 41.3 27.8 28.7 12.6 9.5 6.8 6.7 7.1 7.3 7.8 9.3 14.3 21.1 31.5 71.4 69.5 72.8 85.8 93.7 108.9 126.6 96.2 131.7 77.1 58.9 52.0 33.7 25.2 49.0 38.3 41.6 66.2 59.7 71.4 78.4 81.4 75.0
-9999.0 -9999.0 -9999.0 -9999.0 -9999.0 -9999.0 -9999.0 2.1 2.4 10.0 4.1 8.4 27.4 28.2 31.5 27.6 34.6 21.8 15.9 21.8 29.3 29.8 30.8 33.9 38.0 43.1 48.3 54.8 62.2 67.2 74.6 80.5 84.5 83.4 79.3 76.2 68.7 62.0 57.5 53.3 36.8 49.2 45.0 33.3 21.5 12.3 16.3 13.6 18.5 14.0 16.9 26.3 48.6 110.7 117.0 88.7 89.2 92.7 125.1 101.1 121.6 75.7 51.5 41.6 44.8 35.2 55.1 75.5 69.5 73.5 63.2 62.9 70.5 76.9 79.3
-9999.0 -9999.0 -9999.0 -9999.0 -9999.0 -9999.0 -9999.0 0.0 4.0 2.5 3.4 11.4 12.4 9.3 19.8 10.5 23.8 24.7 19.4 24.6 25.1 25.0 28.2 31.5 36.4 42.2 49.6 55.2 66.6 76.3 80.5 86.7 91.1 88.7 90.5 85.8 80.3 73.8 68.0 62.2 58.7 55.7 55.7 65.2 46.9 32.3 37.8 39.2 57.9 50.3 79.1 79.5 63.4 90.3 126.1 110.2 110.8 114.2 119.7 114.8 91.5 87.4 66.6 54.0 39.9 42.8 57.6 73.9 99.3 70.0 61.7 56.9 61.5 74.4 83.9
-9999.0 -9999.0 -9999.0 -9999.0 -9999.0 -9999.0 -9999.0 -9999.0 -9999.0 1.4 3.9 8.6 5.8 9.3 15.0 18.6 16.2 8.8 16.6 13.7 19.2 22.9 26.0 30.0 35.6 42.8 50.4 59.7 71.7 77.0 92.6 97.9 102.2 101.3 103.7 99.2 93.2 86.4 80.1 75.6 70.5 69.9 67.1 63.7 69.3 69.8 71.0 70.1 71.5 71.3 79.1 77.6 81.1 92.7 124.8 126.1 120.5 115.8 119.1 99.1 85.2 88.6 91.8 60.3 56.9 53.9 63.8 77.4 101.4 82.4 73.4 65.7 71.3 86.1 103.9
-9999.0 -9999.0 -9999.0 -9999.0 -9999.0 -9999.0 -9999.0 -9999.0 -9999.0 -9999.0 -9999.0 1.5 10.5 4.4 9.5 9.8 12.3 14.3 15.5 15.8 15.9 20.0 23.2 28.7 32.1 41.7 49.9 60.6 73.2 86.9 98.0 101.3 112.9 114.9 115.8 106.8 106.0 99.6 93.0 88.9 87.2 83.5 80.4 79.2 92.3 86.7 101.6 95.5 97.1 91.0 80.7 81.8 87.7 102.8 123.6 134.3 137.6 133.5 112.2 91.8 86.6 76.7 78.3 77.1 78.9 65.8 72.1 86.0 98.5 102.4 100.4 102.0 109.9 114.4 92.4
-9999.0 -9999.0 -9999.0 -9999.0 -9999.0 -9999.0 -9999.0 -9999.0 -9999.0 -9999.0 -9999.0 -9999.0 6.1 8.4 5.2 9.3 5.3 10.2 11.5 9.6 16.4 18.5 22.1 28.0 26.8 42.8 55.0 63.6 78.2 85.0 104.0 115.9 123.1 121.4 121.8 121.9 111.4 111.7 106.5 100.7 96.4 94.7 94.9 100.4 103.9 111.0 119.5 114.6 114.0 107.8 106.5 100.0 95.3 98.9 112.3 127.5 136.8 139.4 100.8 101.8 83.5 87.9 89.8 86.6 75.8 94.1 81.3 96.7 110.9 122.1 137.0 157.2 146.3 130.8 133.6
-9999.0 -9999.0 -9999.0 -9999.0 -9999.0 -9999.0 -9999.0 -9999.0 -9999.0 -9999.0 -9999.0 -9999.0 0.8 6.6 8.9 6.1 10.3 10.3 8.6 11.1 13.6 15.6 20.3 27.3 36.1 44.9 56.6 72.9 85.6 103.7 112.8 117.6 130.9 136.3 134.1 134.6 123.9 119.8 116.7 112.3 108.4 107.1 112.6 112.4 122.0 131.9 132.6 134.9 128.5 127.7 116.9 109.1 101.9 105.4 108.6 121.1 125.3 127.0 103.1 89.5 81.6 81.1 93.4 108.8 69.4 81.8 74.6 95.9 114.1 134.5 157.3 175.6 184.8 196.4 205.6
-9999.0 -9999.0 -9999.0 -9999.0 -9999.0 -9999.0 -9999.0 -9999.0 -9999.0 -9999.0 -9999.0 -9999.0 -9999.0 2.8 1.9 7.6 6.5 9.0 10.4 11.8 13.3 17.2 19.8 27.9 35.7 41.7 53.7 63.8 84.6 103.0 124.3 138.7 136.7 140.5 151.3 146.2 139.7 131.2 117.3 119.4 118.2 119.8 123.9 132.2 135.8 139.0 148.8 156.3 157.2 150.5 138.5 124.7 117.1 126.4 126.3 129.9 130.2 134.2 145.4 117.3 105.8 94.6 104.6 79.5 51.2 61.7 82.7 108.8 133.5 152.8 156.1 183.9 218.0 234.7 253.1
-9999.0 -9999.0 -9999.0 -9999.0 -9999.0 -9999.0 -9999.0 -9999.0 -9999.0 -9999.0 -9999.0 -9999.0 1.0 0.7 1.6 4.8 3.0 6.0 7.6 11.2 13.5 16.7 20.7 27.5 36.5 42.9 57.6 75.8 93.7 109.9 129.6 151.0 143.9 157.7 154.0 154.7 140.6 143.1 135.3 127.5 123.5 127.8 136.1 142.1 150.1 156.1 159.3 163.2 169.7 167.5 159.2 150.8 140.8 142.5 143.7 147.7 160.1 138.0 147.4 128.1 126.4 136.3 122.7 138.5 88.7 68.1 115.3 131.3 157.4 188.9 216.5 233.9 234.5 224.0 251.6
-9999.0 -9999.0 -9999.0 -9999.0 -9999.0 -9999.0 -9999.0 -9999.0 -9999.0 -9999.0 -9999.0 -9999.0 0.4 2.1 2.6 0.9 2.0 6.4 8.0 8.6 12.8 15.1 20.0 26.7 36.6 48.9 63.0 80.2 98.9 121.9 142.7 156.8 154.7 174.1 171.4 160.9 158.8 148.6 141.0 136.0 132.1 137.5 145.8 154.1 160.5 165.9 173.1 176.1 178.3 175.0 173.2 170.5 170.3 174.2 173.9 171.9 181.6 190.7 179.4 193.6 199.0 207.6 126.7 82.3 67.5 106.8 99.2 157.8 203.9 245.6 264.4 266.3 259.4 278.8 309.2
-9999.0 -9999.0 -9999.0 -9999.0 -9999.0 -9999.0 -9999.0 -9999.0 -9999.0 -9999.0 -9999.0 -9999.0 1.0 0.7 2.4 2.9 4.2 2.7 6.1 8.0 8.0 11.0 19.2 24.0 34.4 41.4 57.7 67.6 99.0 120.9 143.3 146.5 174.8 184.6 179.2 166.4 160.1 153.6 149.9 138.3 140.9 152.9 157.0 162.7 167.6 172.0 174.3 170.8 164.5 168.9 175.9 182.2 197.7 208.2 210.5 197.5 212.6 228.8 238.8 216.4 212.1 204.0 269.7 91.3 65.2 171.1 163.7 184.1 229.5 280.0 294.4 290.2 281.7 289.7 299.9
-9999.0 -9999.0 -9999.0 -9999.0 -9999.0 -9999.0 -9999.0 -9999.0 -9999.0 -9999.0 -9999.0 -9999.0 -9999.0 0.1 0.5 2.1 2.8 4.5 4.5 5.8 4.9 12.5 15.4 20.4 33.8 43.4 57.8 76.0 90.4 120.2 129.2 152.1 162.1 178.6 170.2 146.2 145.8 159.3 155.5 156.9 158.5 156.1 164.3 172.5 166.5 160.1 161.0 136.4 157.0 158.3 154.9 189.6 203.8 216.1 237.3 251.1 232.2 244.7 273.1 318.6 302.9 387.5 279.1 69.0 192.7 195.2 210.7 232.7 276.3 293.9 304.3 294.1 281.9 264.6 279.1
-9999.0 -9999.0 -9999.0 -9999.0 -9999.0 -9999.0 -9999.0 -9999.0 -9999.0 -9999.0 -9999.0 -9999.0 -9999.0 1.0 0.4 1.6 1.1 4.1 5.4 6.6 5.3 8.6 12.4 20.2 34.6 42.3 53.5 72.6 88.0 85.3 109.7 130.1 155.4 158.7 144.1 140.9 153.1 160.3 156.9 143.2 168.1 172.3 175.7 172.9 166.1 151.9 140.7 110.9 116.9 123.9 155.3 150.8 200.8 230.2 254.5 268.2 265.2 278.5 314.7 257.8 347.9 221.2 158.6 236.8 203.9 206.1 231.7 269.4 289.0 302.2 295.4 283.4 272.5 263.3 253.7
-9999.0 -9999.0 -9999.0 -9999.0 -9999.0 -9999.0 -9999.0 -9999.0 -9999.0 -9999.0 -9999.0 -9999.0 -9999.0 -9999.0 -9999.0 1.2 2.4 2.9 5.2 8.1 7.1 12.7 18.0 22.9 28.8 38.4 39.0 58.1 62.1 91.6 101.9 120.0 114.7 122.7 131.3 117.2 118.3 162.2 164.2 167.3 158.4 161.8 166.1 161.2 138.0 111.4 114.8 73.8 98.5 63.9 113.6 175.9 181.0 208.9 200.0 256.7 282.0 250.2 341.9 380.4 252.3 231.9 301.1 231.8 196.6 212.5 247.6 283.1 289.5 265.3 261.5 259.6 253.9 255.6 247.3
-9999.0 -9999.0 -9999.0 -9999.0 -9999.0 -9999.0 -9999.0 -9999.0 -9999.0 -9999.0 -9999.0 -9999.0 -9999.0 -9999.0 -9999.0 -9999.0 -9999.0 1.5 6.9 -9999.0 13.8 12.7 21.4 27.4 28.8 37.9 37.0 52.3 69.9 73.4 91.3 110.7 95.9 121.7 125.5 112.2 105.7 144.8 146.2 152.2 151.2 146.3 147.1 138.0 105.4 93.5 80.4 103.9 61.4 86.4 65.0 117.5 114.9 181.4 208.5 235.5 244.3 299.4 326.2 366.5 224.4 248.3 265.8 230.9 190.3 194.4 231.1 247.4 250.8 227.9 233.6 215.4 229.2 246.6 246.3
-9999.0 -9999.0 -9999.0 -9999.0 -9999.0 -9999.0 -9999.0 -9999.0 -9999.0 -9999.0 -9999.0 -9999.0 -9999.0 -9999.0 -9999.0 -9999.0 -9999.0 -9999.0 -9999.0 -9999.0 -9999.0 17.9 20.2 18.8 30.6 45.7 52.7 59.6 65.3 78.0 84.1 103.6 106.3 100.5 94.4 87.0 93.4 105.0 115.0 113.3 110.2 123.6 122.1 114.7 90.3 88.3 90.4 59.5 97.8 160.5 87.4 143.1 154.2 123.8 156.8 201.8 230.9 239.8 330.7 317.8 216.9 208.2 219.6 209.4 200.3 193.5 216.8 215.8 220.7 193.4 182.7 186.9 205.9 216.7 219.0
-9999.0 -9999.0 -9999.0 -9999.0 -9999.0 -9999.0 -9999.0 -9999.0 -9999.0 -9999.0 -9999.0 -9999.0 -9999.0 -9999.0 -9999.0 -9999.0 -9999.0 -9999.0 -9999.0 -9999.0 -9999.0 -9999.0 -9999.0 38.0 39.1 47.6 54.8 59.3 58.6 71.5 76.1 81.5 77.8 81.5 76.8 73.2 77.1 77.8 89.0 94.9 95.2 99.2 88.1 78.4 77.5 94.5 72.8 64.4 70.2 80.6 74.4 110.4 92.5 106.3 118.7 154.4 180.6 234.2 213.7 272.4 225.8 200.3 162.8 156.9 152.0 173.4 196.9 187.3 130.2 144.6 135.8 164.9 177.2 176.7 159.4
-9999.0 -9999.0 -9999.0 -9999.0 -9999.0 -9999.0 -9999.0 -9999.0 -9999.0 -9999.0 -9999.0 -9999.0 -9999.0 -9999.0 -9999.0 -9999.0 -9999.0 -9999.0 -9999.0 -9999.0 -9999.0 -9999.0 -9999.0 -9999.0 -9999.0 54.4 65.7 45.6 55.9 56.1 72.0 84.6 87.7 81.7 72.5 71.2 75.9 64.8 74.8 68.1 79.0 65.9 57.0 62.6 83.5 96.5 95.5 114.8 72.5 86.9 97.1 93.1 110.0 112.1 127.6 149.9 161.6 176.1 219.2 223.0 209.0 181.6 277.2 155.6 139.9 147.9 141.2 88.9 79.2 87.4 119.4 154.5 143.8 140.4 122.1
-9999.0 -9999.0 -9999.0 -9999.0 -9999.0 -9999.0 -9999.0 -9999.0 -9999.0 -9999.0 -9999.0 -9999.0 -9999.0 -9999.0 -9999.0 -9999.0 -9999.0 -9999.0 -9999.0 -9999.0 -9999.0 -9999.0 -9999.0 -9999.0 -9999.0 -9999.0 -9999.0 65.9 74.4 88.8 91.8 94.8 86.3 87.0 81.3 62.7 57.5 51.7 41.9 47.1 55.2 41.3 54.8 75.0 87.1 99.8 110.7 121.4 131.2 123.8 143.3 148.4 112.9 131.5 148.4 157.9 191.9 189.5 187.0 166.6 205.7 163.2 123.5 109.1 114.7 106.8 98.8 89.9 74.1 81.0 113.5 141.2 120.4 114.3 92.4
-9999.0 -9999.0 -9999.0 -9999.0 -9999.0 -9999.0 -9999.0 -9999.0 -9999.0 -9999.0 -9999.0 -9999.0 -9999.0 -9999.0 -9999.0 -9999.0 -9999.0 -9999.0 -9999.0 -9999.0 -9999.0 -9999.0 -9999.0 -9999.0 -9999.0 -9999.0 -9999.0 -9999.0 -9999.0 -9999.0 -9999.0 -9999.0 -9999.0 80.1 86.2 -9999.0 -9999.0 -9999.0 43.3 39.0 40.1 48.9 53.1 78.2 90.6 104.0 -9999.0 -9999.0 -9999.0 -9999.0 -9999.0 -9999.0 160.1 153.3 207.3 241.3 236.8 227.3 176.7 175.6 163.0 150.1 119.6 109.8 111.4 112.0 97.4 82.2 79.3 88.8 107.0 131.6 133.4 99.6 84.0
-9999.0 -9999.0 -9999.0 -9999.0 -9999.0 -9999.0 -9999.0 -9999.0 -9999.0 -9999.0 -9999.0 -9999.0 -9999.0 -9999.0 -9999.0 -9999.0 -9999.0 -9999.0 -9999.0 -9999.0 -9999.0 -9999.0 -9999.0 -9999.0 -9999.0 -9999.0 -9999.0 -9999.0 -9999.0 -9999.0 -9999.0 -9999.0 -9999.0 -9999.0 -9999.0 -9999.0 -9999.0 -9999.0 -9999.0 47.8 52.9 60.0 69.6 81.6 -9999.0 -9999.0 -9999.0 -9999.0 -9999.0 -9999.0 -9999.0 -9999.0 186.9 191.8 233.0 276.7 281.7 239.5 197.0 179.4 166.6 147.7 137.6 113.5 128.5 136.7 136.7 114.7 104.3 114.5 125.6 133.3 115.2 105.0 68.7
-9999.0 -9999.0 -9999.0 -9999.0 -9999.0 -9999.0 -9999.0 -9999.0 -9999.0 -9999.0 -9999.0 -9999.0 -9999.0 -9999.0 -9999.0 -9999.0 -9999.0 -9999.0 -9999.0 -9999.0 -9999.0 -9999.0 -9999.0 -9999.0 -9999.0 -9999.0 -9999.0 -9999.0 -9999.0 -9999.0 -9999.0 -9999.0 -9999.0 -9999.0 -9999.0 -9999.0 -9999.0 -9999.0 -9999.0 -9999.0 -9999.0 -9999.0 -9999.0 -9999.0 -9999.0 -9999.0 -9999.0 -9999.0 -9999.0 -9999.0 -9999.0 -9999.0 178.7 232.8 263.9 278.1 274.7 222.5 173.3 160.7 154.6 150.6 228.3 131.0 144.5 156.6 166.3 155.4 136.8 134.1 137.9 137.6 156.1 98.7 72.9
-9999.0 -9999.0 -9999.0 -9999.0 -9999.0 -9999.0 -9999.0 -9999.0 -9999.0 -9999.0 -9999.0 -9999.0 -9999.0 -9999.0 -9999.0 -9999.0 -9999.0 -9999.0 -9999.0 -9999.0 -9999.0 -9999.0 -9999.0 -9999.0 -9999.0 -9999.0 -9999.0 -9999.0 -9999.0 -9999.0 -9999.0 -9999.0 -9999.0 -9999.0 -9999.0 -9999.0 -9999.0 -9999.0 -9999.0 -9999.0 -9999.0 -9999.0 -9999.0 -9999.0 -9999.0 -9999.0 -9999.0 -9999.0 -9999.0 -9999.0 -9999.0 226.8 236.9 266.9 224.0 265.0 244.7 219.8 162.2 108.6 207.6 205.7 152.1 150.5 153.5 174.7 181.9 131.0 165.2 147.6 141.3 132.3 97.4 77.8 79.7
-9999.0 -9999.0 -9999.0 -9999.0 -9999.0 -9999.0 -9999.0 -9999.0 -9999.0 -9999.0 -9999.0 -9999.0 -9999.0 -9999.0 -9999.0 -9999.0 -9999.0 -9999.0 -9999.0 -9999.0 -9999.0 -9999.0 -9999.0 -9999.0 -9999.0 -9999.0 -9999.0 -9999.0 -9999.0 -9999.0 -9999.0 -9999.0 -9999.0 -9999.0 -9999.0 -9999.0 -9999.0 -9999.0 -9999.0 -9999.0 -9999.0 -9999.0 -9999.0 -9999.0 -9999.0 -9999.0 -9999.0 -9999.0 -9999.0 -9999.0 218.3 278.7 277.7 278.4 238.9 249.7 205.9 166.3 164.6 212.4 208.0 254.0 192.1 180.7 159.9 167.3 198.1 175.3 210.2 168.0 159.9 110.8 102.1 120.4 125.8
-9999.0 -9999.0 -9999.0 -9999.0 -9999.0 -9999.0 -9999.0 -9999.0 -9999.0 -9999.0 -9999.0 -9999.0 -9999.0 -9999.0 -9999.0 -9999.0 -9999.0 -9999.0 -9999.0 -9999.0 -9999.0 -9999.0 -9999.0 -9999.0 -9999.0 -9999.0 -9999.0 -9999.0 -9999.0 -9999.0 -9999.0 -9999.0 -9999.0 -9999.0 -9999.0 -9999.0 -9999.0 -9999.0 -9999.0 -9999.0 -9999.0 -9999.0 -9999.0 -9999.0 -9999.0 -9999.0 -9999.0 -9999.0 -9999.0 -9999.0 234.1 312.0 280.4 282.0 266.7 231.8 169.3 240.2 248.1 228.8 203.9 220.6 176.8 169.2 155.0 134.3 166.4 170.3 212.4 196.1 182.8 157.0 145.8 145.9 139.8
-9999.0 -9999.0 -9999.0 -9999.0 -9999.0 -9999.0 -9999.0 -9999.0 -9999.0 -9999.0 -9999.0 -9999.0 -9999.0 -9999.0 -9999.0 -9999.0 -9999.0 -9999.0 -9999.0 -9999.0 -9999.0 -9999.0 -9999.0 -9999.0 -9999.0 -9999.0 -9999.0 -9999.0 -9999.0 -9999.0 -9999.0 -9999.0 -9999.0 -9999.0 -9999.0 -9999.0 -9999.0 -9999.0 -9999.0 -9999.0 -9999.0 -9999.0 -9999.0 -9999.0 -9999.0 -9999.0 -9999.0 -9999.0 -9999.0 -9999.0 229.2 280.1 258.8 310.6 240.1 222.8 295.9 279.5 313.5 219.5 239.2 231.7 193.4 143.2 146.0 149.2 160.0 178.8 205.5 249.5 207.5 233.0 168.2 189.7 151.6
-9999.0 -9999.0 -9999.0 -9999.0 -9999.0 -9999.0 -9999.0 -9999.0 -9999.0 -9999.0 -9999.0 -9999.0 -9999.0 -9999.0 -9999.0 -9999.0 -9999.0 -9999.0 -9999.0 -9999.0 -9999.0 -9999.0 -9999.0 -9999.0 -9999.0 -9999.0 -9999.0 -9999.0 -9999.0 -9999.0 -9999.0 -9999.0 -9999.0 -9999.0 -9999.0 -9999.0 -9999.0 -9999.0 -9999.0 -9999.0 -9999.0 -9999.0 -9999.0 -9999.0 -9999.0 -9999.0 -9999.0 -9999.0 -9999.0 -9999.0 283.8 317.1 294.5 290.1 271.9 299.0 261.3 330.7 339.8 234.3 262.9 216.1 144.1 164.0 172.6 182.5 206.1 208.6 239.4 178.4 191.8 180.6 183.8 189.0 147.3
-9999.0 -9999.0 -9999.0 -9999.0 -9999.0 -9999.0 -9999.0 -9999.0 -9999.0 -9999.0 -9999.0 -9999.0 -9999.0 -9999.0 -9999.0 -9999.0 -9999.0 -9999.0 -9999.0 -9999.0 -9999.0 -9999.0 -9999.0 -9999.0 -9999.0 -9999.0 -9999.0 -9999.0 -9999.0 -9999.0 -9999.0 -9999.0 -9999.0 -9999.0 -9999.0 -9999.0 -9999.0 -9999.0 -9999.0 -9999.0 -9999.0 -9999.0 -9999.0 -9999.0 -9999.0 -9999.0 -9999.0 -9999.0 -9999.0 -9999.0 -9999.0 -9999.0 -9999.0 289.1 280.7 297.0 337.6 386.1 305.7 282.5 419.7 198.0 290.5 245.5 244.6 244.2 257.4 220.3 222.8 193.1 154.4 145.0 151.6 151.0 136.2
-9999.0 -9999.0 -9999.0 -9999.0 -9999.0 -9999.0 -9999.0 -9999.0 -9999.0 -9999.0 -9999.0 -9999.0 -9999.0 -9999.0 -9999.0 -9999.0 -9999.0 -9999.0 -9999.0 -9999.0 -9999.0 -9999.0 -9999.0 -9999.0 -9999.0 -9999.0 -9999.0 -9999.0 -9999.0 -9999.0 -9999.0 -9999.0 -9999.0 -9999.0 -9999.0 -9999.0 -9999.0 -9999.0 -9999.0 -9999.0 -9999.0 -9999.0 -9999.0 -9999.0 -9999.0 -9999.0 -9999.0 -9999.0 -9999.0 -9999.0 -9999.0 -9999.0 -9999.0 333.7 337.5 375.0 363.4 358.5 400.5 486.1 376.4 301.2 409.9 392.8 396.3 366.1 316.1 298.1 219.8 171.6 132.7 139.4 161.9 164.8 141.2
-9999.0 -9999.0 -9999.0 -9999.0 -9999.0 -9999.0 -9999.0 -9999.0 -9999.0 -9999.0 -9999.0 -9999.0 -9999.0 -9999.0 -9999.0 -9999.0 -9999.0 -9999.0 -9999.0 -9999.0 -9999.0 -9999.0 -9999.0 -9999.0 -9999.0 -9999.0 -9999.0 -9999.0 -9999.0 -9999.0 -9999.0 -9999.0 -9999.0 -9999.0 -9999.0 -9999.0 -9999.0 -9999.0 -9999.0 -9999.0 -9999.0 -9999.0 -9999.0 -9999.0 -9999.0 -9999.0 -9999.0 -9999.0 -9999.0 -9999.0 -9999.0 -9999.0 -9999.0 371.2 363.3 378.7 359.2 344.6 394.1 422.8 499.6 489.3 556.5 554.8 547.6 -9999.0 -9999.0 -9999.0 293.2 213.8 185.0 202.3 231.7 229.4 194.6
-9999.0 -9999.0 -9999.0 -9999.0 -9999.0 -9999.0 -9999.0 -9999.0 -9999.0 -9999.0 -9999.0 -9999.0 -9999.0 -9999.0 -9999.0 -9999.0 -9999.0 -9999.0 -9999.0 -9999.0 -9999.0 -9999.0 -9999.0 -9999.0 -9999.0 -9999.0 -9999.0 -9999.0 -9999.0 -9999.0 -9999.0 -9999.0 -9999.0 -9999.0 -9999.0 -9999.0 -9999.0 -9999.0 -9999.0 -9999.0 -9999.0 -9999.0 -9999.0 -9999.0 -9999.0 -9999.0 -9999.0 -9999.0 -9999.0 -9999.0 -9999.0 -9999.0 -9999.0 -9999.0 368.4 343.4 280.3 258.0 353.4 466.6 392.9 -9999.0 -9999.0 -9999.0 -9999.0 -9999.0 -9999.0 -9999.0 342.6 301.2 300.4 278.1 299.9 304.2 254.3
-9999.0 -9999.0 -9999.0 -9999.0 -9999.0 -9999.0 -9999.0 -9999.0 -9999.0 -9999.0 -9999.0 -9999.0 -9999.0 -9999.0 -9999.0 -9999.0 -9999.0 -9999.0 -9999.0 -9999.0 -9999.0 -9999.0 -9999.0 -9999.0 -9999.0 -9999.0 -9999.0 -9999.0 -9999.0 -9999.0 -9999.0 -9999.0 -9999.0 -9999.0 -9999.0 -9999.0 -9999.0 -9999.0 -9999.0 -9999.0 -9999.0 -9999.0 -9999.0 -9999.0 -9999.0 -9999.0 -9999.0 -9999.0 -9999.0 -9999.0 -9999.0 -9999.0 -9999.0 -9999.0 -9999.0 284.4 309.2 252.8 255.5 352.9 410.0 -9999.0 -9999.0 -9999.0 -9999.0 -9999.0 -9999.0 -9999.0 -9999.0 -9999.0 329.9 -9999.0 -9999.0 -9999.0 -9999.0
