program/excelProcessViaJava/data/SURF_CLI_CHN_PRE_MON_GRID_0.5-198708.txt
NCOLS      128
NROWS       72
XLLCORNER    72.000000000000    
YLLCORNER    18.000000000000    
CELLSIZE    0.50000000000000    
NODATA_VALUE   -9999.000    
[rows 33 to 65 of 72, columns 0 to 74 of 128]
-9999.0 -9999.0 -9999.0 -9999.0 17.7 20.2 23.2 14.9 13.1 3.1 5.1 4.0 3.2 2.0 2.2 3.1 4.2 5.7 7.8 11.2 15.3 18.3 18.5 19.1 19.7 21.5 21.8 48.8 26.1 24.0 21.7 16.0 12.3 11.7 6.8 5.6 4.4 7.8 5.9 3.6 2.6 2.7 3.1 3.5 3.8 3.8 3.4 3.4 3.7 3.2 4.2 9.9 20.2 39.2 38.1 60.1 77.2 108.6 106.6 123.1 105.4 73.2 53.3 35.7 32.5 41.8 49.1 44.9 63.8 64.0 61.4 65.9 69.8 78.1 97.3
-9999.0 -9999.0 -9999.0 -9999.0 22.8 17.8 25.3 14.0 31.5 30.7 9.2 29.2 21.0 24.1 6.0 7.5 9.8 6.9 6.9 9.9 18.0 24.1 28.3 39.1 54.5 60.2 43.5 38.7 31.9 26.8 21.8 20.3 14.5 11.9 10.5 7.9 8.7 9.6 6.3 4.8 7.0 5.0 5.6 6.1 6.6 6.5 5.7 4.7 4.0 4.1 4.7 6.8 19.9 21.5 29.2 46.6 61.8 77.0 85.9 43.9 70.7 35.8 32.7 37.1 39.0 38.8 50.7 49.2 54.3 71.8 61.3 68.7 76.4 90.5 106.1
-9999.0 -9999.0 -9999.0 -9999.0 -9999.0 -9999.0 -9999.0 18.4 26.3 20.1 42.4 44.9 28.1 36.9 40.5 7.4 24.2 14.3 15.1 28.7 50.9 65.2 66.3 61.1 55.5 50.0 46.9 41.7 36.1 33.1 27.4 22.6 18.3 16.2 15.2 11.7 13.0 11.1 13.7 14.8 9.6 19.4 19.6 16.2 13.6 11.5 11.7 9.5 9.5 6.6 6.1 7.8 13.4 47.5 50.1 36.2 40.3 42.9 77.7 44.5 68.6 28.5 28.1 38.0 48.5 46.8 51.2 56.8 56.2 63.7 57.7 63.3 85.7 104.7 117.1
-9999.0 -9999.0 -9999.0 -9999.0 -9999.0 -9999.0 -9999.0 43.0 16.3 32.7 41.5 34.0 44.1 62.7 51.2 81.2 56.2 56.9 78.1 61.4 61.5 70.9 64.8 62.2 56.8 52.3 46.6 45.3 36.3 30.7 29.3 25.3 21.7 21.2 16.9 15.7 14.1 15.5 15.5 15.8 18.2 20.9 25.3 36.1 26.7 21.9 24.0 23.9 33.6 25.5 44.1 36.7 19.2 29.6 56.5 36.9 41.6 53.3 72.1 78.0 54.7 42.0 35.7 49.0 55.0 53.2 49.9 48.5 64.0 47.7 55.2 67.8 88.6 110.6 109.0
-9999.0 -9999.0 -9999.0 -9999.0 -9999.0 -9999.0 -9999.0 -9999.0 -9999.0 34.2 34.6 33.0 55.1 56.9 52.4 50.5 65.9 96.6 76.1 90.8 76.2 66.5 63.8 61.3 57.2 51.8 48.9 44.2 37.5 37.1 28.7 26.7 24.2 23.3 19.6 18.6 17.9 18.8 18.6 21.0 22.4 27.5 31.2 33.9 40.8 43.5 45.8 45.7 46.7 44.7 48.5 38.1 31.1 30.6 56.5 40.0 38.4 48.8 75.8 75.0 70.2 74.5 73.2 59.2 63.3 54.6 43.3 38.7 61.6 52.3 65.9 66.1 82.5 111.1 141.0
-9999.0 -9999.0 -9999.0 -9999.0 -9999.0 -9999.0 -9999.0 -9999.0 -9999.0 -9999.0 -9999.0 56.4 30.2 67.8 59.8 69.4 68.4 67.1 67.2 72.7 79.9 69.8 68.9 61.7 66.4 57.0 54.1 48.9 43.1 37.5 33.9 33.6 28.6 27.2 25.2 27.7 24.6 25.0 31.7 27.7 32.5 34.6 38.7 43.2 57.3 54.5 71.9 65.9 71.5 65.9 49.3 43.8 40.6 49.0 68.0 59.8 52.9 68.9 74.3 77.4 86.4 79.4 77.5 73.7 72.4 44.0 28.4 34.2 53.4 75.2 84.9 91.6 87.4 100.4 109.4
-9999.0 -9999.0 -9999.0 -9999.0 -9999.0 -9999.0 -9999.0 -9999.0 -9999.0 -9999.0 -9999.0 -9999.0 36.2 39.6 69.5 60.4 91.5 74.4 75.0 92.2 64.9 68.1 66.9 61.0 78.3 57.1 50.7 51.4 46.1 46.4 39.3 36.3 34.6 35.3 34.7 33.6 38.0 34.7 34.4 35.2 37.9 42.9 49.4 58.9 65.0 73.6 85.0 77.1 81.9 80.7 90.0 77.1 57.9 49.7 60.7 73.4 80.4 98.2 68.5 95.8 89.9 99.9 98.6 87.3 64.6 71.5 37.5 45.8 68.5 104.3 104.9 82.9 83.2 105.3 156.3
-9999.0 -9999.0 -9999.0 -9999.0 -9999.0 -9999.0 -9999.0 -9999.0 -9999.0 -9999.0 -9999.0 -9999.0 72.2 34.2 32.6 66.4 48.0 59.8 80.5 74.6 71.5 74.6 69.3 60.8 54.1 55.6 53.3 48.0 47.8 43.9 44.1 44.8 42.1 41.5 42.7 43.0 47.0 48.8 49.2 50.5 52.4 57.5 68.9 71.5 83.3 96.6 92.7 92.8 80.3 94.8 86.7 86.8 66.2 74.5 61.8 83.6 80.8 94.3 80.7 84.1 86.8 91.0 100.5 103.8 65.5 63.2 40.2 49.0 74.4 123.2 179.2 226.7 252.8 241.8 248.4
-9999.0 -9999.0 -9999.0 -9999.0 -9999.0 -9999.0 -9999.0 -9999.0 -9999.0 -9999.0 -9999.0 -9999.0 -9999.0 49.3 75.5 38.4 62.4 53.2 53.0 55.9 62.7 55.8 66.3 54.7 56.1 64.2 61.6 62.5 55.4 52.1 48.6 47.8 50.5 51.5 51.4 54.3 57.6 61.8 72.2 71.1 74.5 81.8 88.1 100.5 102.0 103.1 115.2 127.8 133.1 126.1 115.9 90.9 82.0 134.8 116.4 108.1 99.0 112.4 137.3 114.5 107.5 96.0 101.2 81.5 70.9 62.1 63.8 76.3 114.8 165.3 183.7 192.4 232.6 248.5 259.7
-9999.0 -9999.0 -9999.0 -9999.0 -9999.0 -9999.0 -9999.0 -9999.0 -9999.0 -9999.0 -9999.0 -9999.0 45.0 72.9 67.7 47.1 78.4 63.4 62.5 45.0 47.5 50.3 55.9 54.4 53.6 64.0 60.5 57.2 56.5 56.7 55.5 54.7 58.8 59.5 63.2 67.1 72.9 77.4 82.8 88.7 98.8 110.3 122.2 118.1 127.5 134.4 135.2 133.7 144.8 145.8 159.6 170.1 125.6 140.9 121.6 120.9 142.3 100.1 126.8 111.2 110.6 116.8 103.6 111.3 85.7 75.5 94.1 124.8 160.5 202.0 239.8 237.7 199.2 161.2 148.0
-9999.0 -9999.0 -9999.0 -9999.0 -9999.0 -9999.0 -9999.0 -9999.0 -9999.0 -9999.0 -9999.0 -9999.0 58.3 24.6 37.1 88.0 77.7 42.9 43.1 56.8 42.2 54.5 55.1 55.7 53.4 54.1 57.0 58.5 60.0 59.9 61.1 63.2 66.9 70.0 75.2 80.7 87.6 93.6 100.7 108.8 116.3 124.8 133.0 141.4 149.7 159.7 179.3 185.8 189.7 159.3 156.1 184.1 149.4 133.6 133.2 119.2 143.0 154.7 137.4 153.6 153.6 154.7 102.5 89.4 84.8 93.1 100.4 187.7 273.1 315.8 300.7 251.2 200.2 183.6 190.9
-9999.0 -9999.0 -9999.0 -9999.0 -9999.0 -9999.0 -9999.0 -9999.0 -9999.0 -9999.0 -9999.0 -9999.0 11.8 46.5 21.5 32.3 33.5 67.5 47.9 49.9 69.9 71.7 55.2 63.9 60.1 70.3 67.1 74.1 65.9 67.6 69.7 73.8 76.5 83.0 89.4 95.0 101.5 107.5 116.0 123.2 134.9 148.5 153.3 163.8 170.0 188.7 206.5 205.3 192.7 194.5 199.2 176.3 267.5 271.0 214.3 133.0 163.0 177.7 180.0 145.6 139.0 135.1 178.1 100.3 82.6 137.5 168.9 229.6 303.8 363.4 350.0 266.4 211.8 192.2 295.1
-9999.0 -9999.0 -9999.0 -9999.0 -9999.0 -9999.0 -9999.0 -9999.0 -9999.0 -9999.0 -9999.0 -9999.0 -9999.0 73.3 61.2 27.7 35.0 31.1 50.4 58.0 86.3 57.9 69.1 75.2 62.0 68.1 69.5 70.5 76.2 75.2 80.9 83.4 87.5 95.0 101.2 104.1 109.7 118.1 124.1 136.3 148.7 152.5 165.1 177.0 185.5 193.3 213.1 198.5 236.7 237.0 205.1 262.7 246.0 195.1 258.3 246.8 166.0 171.1 193.6 229.8 194.9 266.3 174.5 96.8 103.9 124.0 177.5 239.9 305.0 323.9 321.8 275.1 209.1 179.3 188.7
-9999.0 -9999.0 -9999.0 -9999.0 -9999.0 -9999.0 -9999.0 -9999.0 -9999.0 -9999.0 -9999.0 -9999.0 -9999.0 3.6 49.4 22.9 54.8 24.3 30.5 43.1 78.1 77.7 82.0 76.3 60.7 72.0 78.0 76.8 82.4 97.2 94.6 96.2 100.9 107.0 110.8 115.7 122.7 125.7 127.2 132.3 148.2 159.1 170.7 182.7 201.6 205.6 217.3 208.5 224.3 231.9 264.3 210.1 271.7 304.3 316.1 273.8 207.6 203.4 229.0 160.9 217.9 151.7 132.6 126.9 117.8 134.3 183.7 236.6 255.5 255.3 240.0 213.6 189.5 187.7 216.0
-9999.0 -9999.0 -9999.0 -9999.0 -9999.0 -9999.0 -9999.0 -9999.0 -9999.0 -9999.0 -9999.0 -9999.0 -9999.0 -9999.0 -9999.0 20.6 17.3 30.7 26.7 26.0 60.8 52.5 57.0 68.4 79.3 83.1 106.1 96.6 109.3 99.0 104.9 108.2 113.8 117.6 124.5 123.4 124.4 140.2 134.9 137.9 140.7 151.6 166.2 181.7 201.3 206.3 213.0 199.3 228.7 187.7 231.2 312.3 266.7 279.4 186.5 266.5 257.6 168.9 269.1 276.0 174.3 179.7 176.2 157.0 160.3 188.4 225.0 243.8 212.2 182.2 168.6 160.7 190.6 207.7 238.0
-9999.0 -9999.0 -9999.0 -9999.0 -9999.0 -9999.0 -9999.0 -9999.0 -9999.0 -9999.0 -9999.0 -9999.0 -9999.0 -9999.0 -9999.0 -9999.0 -9999.0 0.0 2.2 -9999.0 15.2 54.8 45.3 56.2 83.7 88.6 116.1 109.1 104.7 116.5 115.4 119.7 125.7 137.7 153.2 140.2 129.1 167.6 138.7 135.9 137.2 142.5 158.2 176.8 234.8 209.0 223.1 230.4 198.8 223.8 161.2 211.6 142.0 268.8 284.4 287.3 238.8 291.7 277.8 278.6 204.5 214.5 193.7 186.5 197.7 222.1 241.0 221.4 177.0 154.3 139.5 203.8 223.6 217.4 268.6
-9999.0 -9999.0 -9999.0 -9999.0 -9999.0 -9999.0 -9999.0 -9999.0 -9999.0 -9999.0 -9999.0 -9999.0 -9999.0 -9999.0 -9999.0 -9999.0 -9999.0 -9999.0 -9999.0 -9999.0 -9999.0 32.6 56.5 95.2 85.2 75.8 89.9 102.1 113.6 114.9 122.6 128.0 139.3 145.0 155.0 143.5 149.2 151.7 157.4 179.2 178.1 129.6 142.4 160.3 229.9 191.0 227.8 191.2 237.9 382.0 199.8 288.4 281.4 167.7 219.6 279.1 288.2 254.1 334.4 262.6 247.3 239.8 202.7 193.3 202.9 211.9 219.0 199.2 175.3 162.2 171.4 217.7 221.6 214.8 237.0
-9999.0 -9999.0 -9999.0 -9999.0 -9999.0 -9999.0 -9999.0 -9999.0 -9999.0 -9999.0 -9999.0 -9999.0 -9999.0 -9999.0 -9999.0 -9999.0 -9999.0 -9999.0 -9999.0 -9999.0 -9999.0 -9999.0 -9999.0 25.4 68.6 79.0 92.5 108.8 129.6 124.8 131.0 133.8 137.7 134.4 131.2 129.9 124.9 132.6 113.1 105.3 106.9 112.7 132.4 165.9 214.9 234.0 200.2 182.9 169.7 152.7 143.6 214.5 120.5 147.2 140.4 132.5 234.6 285.3 214.1 254.3 263.3 250.8 222.0 184.6 163.2 164.7 177.2 177.4 164.3 182.6 224.0 227.7 218.8 226.1 192.4
-9999.0 -9999.0 -9999.0 -9999.0 -9999.0 -9999.0 -9999.0 -9999.0 -9999.0 -9999.0 -9999.0 -9999.0 -9999.0 -9999.0 -9999.0 -9999.0 -9999.0 -9999.0 -9999.0 -9999.0 -9999.0 -9999.0 -9999.0 -9999.0 -9999.0 27.9 74.1 148.7 144.7 159.6 140.2 130.8 130.5 127.4 124.7 116.6 111.9 107.3 93.1 90.9 87.9 100.0 196.1 190.7 220.2 212.9 200.5 192.6 169.8 147.5 196.4 151.0 178.4 157.1 95.9 120.3 189.1 195.2 246.8 234.1 228.5 225.3 226.7 162.5 134.5 123.6 125.4 122.5 152.7 195.7 216.5 212.6 176.2 194.2 178.3
-9999.0 -9999.0 -9999.0 -9999.0 -9999.0 -9999.0 -9999.0 -9999.0 -9999.0 -9999.0 -9999.0 -9999.0 -9999.0 -9999.0 -9999.0 -9999.0 -9999.0 -9999.0 -9999.0 -9999.0 -9999.0 -9999.0 -9999.0 -9999.0 -9999.0 -9999.0 -9999.0 38.5 53.5 102.7 112.3 116.4 129.1 119.3 108.8 138.0 100.3 95.6 118.8 83.4 74.1 112.2 175.3 194.1 192.6 187.2 179.6 173.9 169.1 154.4 156.5 149.1 112.8 98.1 100.3 135.3 141.2 174.4 209.7 208.4 245.9 195.9 158.3 127.5 119.2 108.7 106.6 127.1 153.7 184.7 187.3 179.3 134.3 141.7 118.1
-9999.0 -9999.0 -9999.0 -9999.0 -9999.0 -9999.0 -9999.0 -9999.0 -9999.0 -9999.0 -9999.0 -9999.0 -9999.0 -9999.0 -9999.0 -9999.0 -9999.0 -9999.0 -9999.0 -9999.0 -9999.0 -9999.0 -9999.0 -9999.0 -9999.0 -9999.0 -9999.0 -9999.0 -9999.0 -9999.0 -9999.0 -9999.0 -9999.0 101.1 94.6 -9999.0 -9999.0 -9999.0 123.4 88.4 118.3 141.0 138.8 161.8 159.4 158.4 -9999.0 -9999.0 -9999.0 -9999.0 -9999.0 -9999.0 134.6 134.9 118.2 126.3 143.6 187.1 195.7 224.2 204.9 174.1 131.5 111.6 114.9 127.4 135.1 144.2 156.3 164.3 141.6 121.6 110.7 96.8 108.7
-9999.0 -9999.0 -9999.0 -9999.0 -9999.0 -9999.0 -9999.0 -9999.0 -9999.0 -9999.0 -9999.0 -9999.0 -9999.0 -9999.0 -9999.0 -9999.0 -9999.0 -9999.0 -9999.0 -9999.0 -9999.0 -9999.0 -9999.0 -9999.0 -9999.0 -9999.0 -9999.0 -9999.0 -9999.0 -9999.0 -9999.0 -9999.0 -9999.0 -9999.0 -9999.0 -9999.0 -9999.0 -9999.0 -9999.0 109.6 116.2 121.3 125.5 128.9 -9999.0 -9999.0 -9999.0 -9999.0 -9999.0 -9999.0 -9999.0 -9999.0 162.1 171.1 148.7 148.5 163.1 196.7 228.9 226.8 193.7 159.7 137.7 120.6 140.4 169.1 185.7 169.3 160.5 151.3 125.3 95.2 76.2 83.0 84.6
-9999.0 -9999.0 -9999.0 -9999.0 -9999.0 -9999.0 -9999.0 -9999.0 -9999.0 -9999.0 -9999.0 -9999.0 -9999.0 -9999.0 -9999.0 -9999.0 -9999.0 -9999.0 -9999.0 -9999.0 -9999.0 -9999.0 -9999.0 -9999.0 -9999.0 -9999.0 -9999.0 -9999.0 -9999.0 -9999.0 -9999.0 -9999.0 -9999.0 -9999.0 -9999.0 -9999.0 -9999.0 -9999.0 -9999.0 -9999.0 -9999.0 -9999.0 -9999.0 -9999.0 -9999.0 -9999.0 -9999.0 -9999.0 -9999.0 -9999.0 -9999.0 -9999.0 144.9 211.3 185.7 183.5 167.2 187.6 210.2 206.4 176.4 147.4 200.9 142.3 172.7 202.5 202.8 192.0 174.1 152.4 125.8 102.3 103.5 80.2 77.2
-9999.0 -9999.0 -9999.0 -9999.0 -9999.0 -9999.0 -9999.0 -9999.0 -9999.0 -9999.0 -9999.0 -9999.0 -9999.0 -9999.0 -9999.0 -9999.0 -9999.0 -9999.0 -9999.0 -9999.0 -9999.0 -9999.0 -9999.0 -9999.0 -9999.0 -9999.0 -9999.0 -9999.0 -9999.0 -9999.0 -9999.0 -9999.0 -9999.0 -9999.0 -9999.0 -9999.0 -9999.0 -9999.0 -9999.0 -9999.0 -9999.0 -9999.0 -9999.0 -9999.0 -9999.0 -9999.0 -9999.0 -9999.0 -9999.0 -9999.0 -9999.0 149.7 199.0 241.4 178.9 181.4 169.9 186.6 193.2 158.1 182.8 159.1 125.2 146.6 183.9 218.0 223.1 203.5 196.5 171.1 150.4 134.1 117.3 97.9 83.8
-9999.0 -9999.0 -9999.0 -9999.0 -9999.0 -9999.0 -9999.0 -9999.0 -9999.0 -9999.0 -9999.0 -9999.0 -9999.0 -9999.0 -9999.0 -9999.0 -9999.0 -9999.0 -9999.0 -9999.0 -9999.0 -9999.0 -9999.0 -9999.0 -9999.0 -9999.0 -9999.0 -9999.0 -9999.0 -9999.0 -9999.0 -9999.0 -9999.0 -9999.0 -9999.0 -9999.0 -9999.0 -9999.0 -9999.0 -9999.0 -9999.0 -9999.0 -9999.0 -9999.0 -9999.0 -9999.0 -9999.0 -9999.0 -9999.0 -9999.0 117.1 197.7 237.4 255.4 199.3 195.5 160.7 155.1 172.3 182.8 153.5 160.1 121.6 143.9 177.4 220.6 250.0 239.4 228.8 201.9 189.0 178.6 155.5 126.8 106.7
-9999.0 -9999.0 -9999.0 -9999.0 -9999.0 -9999.0 -9999.0 -9999.0 -9999.0 -9999.0 -9999.0 -9999.0 -9999.0 -9999.0 -9999.0 -9999.0 -9999.0 -9999.0 -9999.0 -9999.0 -9999.0 -9999.0 -9999.0 -9999.0 -9999.0 -9999.0 -9999.0 -9999.0 -9999.0 -9999.0 -9999.0 -9999.0 -9999.0 -9999.0 -9999.0 -9999.0 -9999.0 -9999.0 -9999.0 -9999.0 -9999.0 -9999.0 -9999.0 -9999.0 -9999.0 -9999.0 -9999.0 -9999.0 -9999.0 -9999.0 123.6 255.7 208.3 253.7 246.6 198.8 143.8 190.4 185.7 155.3 125.8 118.0 99.5 125.2 166.7 216.9 254.7 249.7 241.6 220.5 212.0 202.7 181.1 146.1 115.2
-9999.0 -9999.0 -9999.0 -9999.0 -9999.0 -9999.0 -9999.0 -9999.0 -9999.0 -9999.0 -9999.0 -9999.0 -9999.0 -9999.0 -9999.0 -9999.0 -9999.0 -9999.0 -9999.0 -9999.0 -9999.0 -9999.0 -9999.0 -9999.0 -9999.0 -9999.0 -9999.0 -9999.0 -9999.0 -9999.0 -9999.0 -9999.0 -9999.0 -9999.0 -9999.0 -9999.0 -9999.0 -9999.0 -9999.0 -9999.0 -9999.0 -9999.0 -9999.0 -9999.0 -9999.0 -9999.0 -9999.0 -9999.0 -9999.0 -9999.0 126.6 201.1 219.1 333.3 233.6 203.7 261.5 200.4 204.2 138.6 130.9 122.7 108.5 110.4 160.0 210.0 246.1 246.4 236.3 242.3 213.8 231.9 190.7 170.9 124.4
-9999.0 -9999.0 -9999.0 -9999.0 -9999.0 -9999.0 -9999.0 -9999.0 -9999.0 -9999.0 -9999.0 -9999.0 -9999.0 -9999.0 -9999.0 -9999.0 -9999.0 -9999.0 -9999.0 -9999.0 -9999.0 -9999.0 -9999.0 -9999.0 -9999.0 -9999.0 -9999.0 -9999.0 -9999.0 -9999.0 -9999.0 -9999.0 -9999.0 -9999.0 -9999.0 -9999.0 -9999.0 -9999.0 -9999.0 -9999.0 -9999.0 -9999.0 -9999.0 -9999.0 -9999.0 -9999.0 -9999.0 -9999.0 -9999.0 -9999.0 197.9 293.4 293.8 324.4 302.9 316.7 196.8 226.4 207.0 145.2 144.6 117.4 88.4 127.0 183.3 230.4 269.4 266.2 277.1 196.3 206.1 208.5 212.5 194.9 146.5
-9999.0 -9999.0 -9999.0 -9999.0 -9999.0 -9999.0 -9999.0 -9999.0 -9999.0 -9999.0 -9999.0 -9999.0 -9999.0 -9999.0 -9999.0 -9999.0 -9999.0 -9999.0 -9999.0 -9999.0 -9999.0 -9999.0 -9999.0 -9999.0 -9999.0 -9999.0 -9999.0 -9999.0 -9999.0 -9999.0 -9999.0 -9999.0 -9999.0 -9999.0 -9999.0 -9999.0 -9999.0 -9999.0 -9999.0 -9999.0 -9999.0 -9999.0 -9999.0 -9999.0 -9999.0 -9999.0 -9999.0 -9999.0 -9999.0 -9999.0 -9999.0 -9999.0 -9999.0 306.1 287.0 265.4 258.3 259.1 178.0 164.8 261.4 129.1 195.2 190.1 238.9 277.4 322.4 274.1 283.4 243.3 200.5 203.8 222.1 215.4 191.0
-9999.0 -9999.0 -9999.0 -9999.0 -9999.0 -9999.0 -9999.0 -9999.0 -9999.0 -9999.0 -9999.0 -9999.0 -9999.0 -9999.0 -9999.0 -9999.0 -9999.0 -9999.0 -9999.0 -9999.0 -9999.0 -9999.0 -9999.0 -9999.0 -9999.0 -9999.0 -9999.0 -9999.0 -9999.0 -9999.0 -9999.0 -9999.0 -9999.0 -9999.0 -9999.0 -9999.0 -9999.0 -9999.0 -9999.0 -9999.0 -9999.0 -9999.0 -9999.0 -9999.0 -9999.0 -9999.0 -9999.0 -9999.0 -9999.0 -9999.0 -9999.0 -9999.0 -9999.0 304.8 263.5 406.2 245.3 204.9 220.1 284.7 212.6 202.5 293.1 283.6 321.2 340.2 295.3 362.7 267.6 230.8 196.7 219.8 260.1 264.0 230.2
-9999.0 -9999.0 -9999.0 -9999.0 -9999.0 -9999.0 -9999.0 -9999.0 -9999.0 -9999.0 -9999.0 -9999.0 -9999.0 -9999.0 -9999.0 -9999.0 -9999.0 -9999.0 -9999.0 -9999.0 -9999.0 -9999.0 -9999.0 -9999.0 -9999.0 -9999.0 -9999.0 -9999.0 -9999.0 -9999.0 -9999.0 -9999.0 -9999.0 -9999.0 -9999.0 -9999.0 -9999.0 -9999.0 -9999.0 -9999.0 -9999.0 -9999.0 -9999.0 -9999.0 -9999.0 -9999.0 -9999.0 -9999.0 -9999.0 -9999.0 -9999.0 -9999.0 -9999.0 293.2 199.1 291.6 248.6 210.2 231.4 239.4 301.4 318.7 416.7 459.4 368.5 -9999.0 -9999.0 -9999.0 336.9 259.1 251.8 288.2 316.4 298.1 255.4
-9999.0 -9999.0 -9999.0 -9999.0 -9999.0 -9999.0 -9999.0 -9999.0 -9999.0 -9999.0 -9999.0 -9999.0 -9999.0 -9999.0 -9999.0 -9999.0 -9999.0 -9999.0 -9999.0 -9999.0 -9999.0 -9999.0 -9999.0 -9999.0 -9999.0 -9999.0 -9999.0 -9999.0 -9999.0 -9999.0 -9999.0 -9999.0 -9999.0 -9999.0 -9999.0 -9999.0 -9999.0 -9999.0 -9999.0 -9999.0 -9999.0 -9999.0 -9999.0 -9999.0 -9999.0 -9999.0 -9999.0 -9999.0 -9999.0 -9999.0 -9999.0 -9999.0 -9999.0 -9999.0 260.6 242.0 172.3 166.2 249.5 331.7 264.4 -9999.0 -9999.0 -9999.0 -9999.0 -9999.0 -9999.0 -9999.0 319.9 327.4 371.0 328.5 319.6 293.3 235.1
-9999.0 -9999.0 -9999.0 -9999.0 -9999.0 -9999.0 -9999.0 -9999.0 -9999.0 -9999.0 -9999.0 -9999.0 -9999.0 -9999.0 -9999.0 -9999.0 -9999.0 -9999.0 -9999.0 -9999.0 -9999.0 -9999.0 -9999.0 -9999.0 -9999.0 -9999.0 -9999.0 -9999.0 -9999.0 -9999.0 -9999.0 -9999.0 -9999.0 -9999.0 -9999.0 -9999.0 -9999.0 -9999.0 -9999.0 -9999.0 -9999.0 -9999.0 -9999.0 -9999.0 -9999.0 -9999.0 -9999.0 -9999.0 -9999.0 -9999.0 -9999.0 -9999.0 -9999.0 -9999.0 -9999.0 201.8 311.8 211.3 206.8 287.8 313.2 -9999.0 -9999.0 -9999.0 -9999.0 -9999.0 -9999.0 -9999.0 -9999.0 -9999.0 319.0 -9999.0 -9999.0 -9999.0 -9999.0
