program/excelProcessViaJava/data/SURF_CLI_CHN_PRE_MON_GRID_0.5-200801.txt
NCOLS      128
NROWS       72
XLLCORNER    72.000000000000    
YLLCORNER    18.000000000000    
CELLSIZE    0.50000000000000    
NODATA_VALUE   -9999.000    
[rows 35 to 69 of 72, columns 0 to 78 of 128]
-9999.0 -9999.0 -9999.0 -9999.0 -9999.0 -9999.0 -9999.0 11.1 6.5 6.4 1.9 1.1 1.9 0.8 0.4 5.3 1.4 3.6 4.6 2.3 0.2 0.0 0.0 0.0 0.1 0.1 0.1 0.1 0.1 0.1 0.3 0.4 0.7 0.8 0.9 1.0 1.1 1.1 1.6 2.0 0.5 3.4 3.4 2.1 1.4 1.0 2.7 2.6 4.2 2.8 3.1 4.1 5.4 9.8 6.8 3.3 3.3 3.5 5.0 5.0 6.5 5.7 7.1 10.0 12.0 10.7 11.8 13.6 15.3 18.0 17.9 17.8 20.5 22.2 20.4 20.6 16.0 17.8 18.4
-9999.0 -9999.0 -9999.0 -9999.0 -9999.0 -9999.0 -9999.0 6.4 10.9 4.7 2.4 2.3 0.9 0.1 0.2 0.0 0.1 0.1 0.0 0.1 0.1 0.0 0.0 0.0 0.0 0.1 0.1 0.1 0.1 0.2 0.2 0.3 0.4 0.4 0.5 0.5 0.6 0.7 0.9 0.9 1.2 1.6 2.7 8.2 4.2 2.8 5.5 6.8 13.0 9.5 15.9 11.8 5.8 6.5 8.5 5.4 6.0 7.2 8.0 8.2 9.4 11.8 12.0 13.9 12.4 11.6 12.0 13.6 17.1 16.3 17.8 19.3 23.0 26.9 24.3 29.0 25.6 19.1 17.2
-9999.0 -9999.0 -9999.0 -9999.0 -9999.0 -9999.0 -9999.0 -9999.0 -9999.0 5.3 3.8 2.9 0.6 0.3 0.2 0.2 0.0 0.0 0.0 0.0 0.0 0.0 0.0 0.0 0.0 0.1 0.1 0.1 0.1 0.1 0.3 0.2 0.2 0.2 0.3 0.3 0.3 0.4 0.5 0.9 1.1 1.9 2.6 3.6 7.5 10.1 12.4 13.0 13.5 12.6 13.4 9.7 7.5 7.0 9.7 8.2 9.1 10.7 10.9 11.0 10.8 10.2 11.4 14.1 13.9 12.0 11.8 12.5 16.0 15.7 19.2 22.0 25.6 30.0 32.7 23.3 18.9 16.3 19.4
-9999.0 -9999.0 -9999.0 -9999.0 -9999.0 -9999.0 -9999.0 -9999.0 -9999.0 -9999.0 -9999.0 1.5 3.0 0.2 0.2 0.1 0.0 0.0 0.0 0.0 0.0 0.0 0.0 0.0 0.0 0.0 0.0 0.0 0.1 0.1 0.1 0.1 0.2 0.2 0.2 0.2 0.2 0.3 1.2 1.1 2.5 2.9 3.6 5.3 13.2 12.7 22.0 18.4 19.4 16.1 10.7 9.6 9.0 10.5 12.5 11.9 12.7 13.2 13.4 13.0 11.1 10.8 11.6 13.9 13.4 11.0 9.5 11.1 12.4 14.2 18.9 24.8 27.5 27.4 22.5 20.6 17.5 17.3 20.4
-9999.0 -9999.0 -9999.0 -9999.0 -9999.0 -9999.0 -9999.0 -9999.0 -9999.0 -9999.0 -9999.0 -9999.0 2.9 1.8 0.1 0.2 0.0 0.0 0.0 0.0 0.0 0.0 0.0 0.0 0.0 0.0 0.1 0.0 0.1 0.0 0.1 0.1 0.1 0.1 0.1 0.1 0.2 0.3 0.5 1.0 2.2 3.7 5.7 10.5 14.6 20.6 26.4 21.1 20.5 17.9 19.4 16.1 12.6 11.7 13.5 14.5 14.5 13.5 15.0 12.4 12.1 9.8 9.3 11.0 12.8 14.2 12.4 13.2 12.1 12.5 16.8 23.2 21.9 20.4 20.1 27.5 19.5 18.4 20.1
-9999.0 -9999.0 -9999.0 -9999.0 -9999.0 -9999.0 -9999.0 -9999.0 -9999.0 -9999.0 -9999.0 -9999.0 1.0 3.1 2.8 0.2 0.7 0.1 0.0 0.0 0.0 0.0 0.0 0.1 0.2 0.1 0.1 0.1 0.1 0.1 0.1 0.1 0.1 0.1 0.1 0.1 0.2 0.3 0.7 1.6 2.9 5.0 10.8 11.9 20.9 30.1 28.8 26.5 18.2 19.9 16.7 17.4 14.3 15.9 14.3 15.7 15.3 14.2 14.0 13.6 13.2 11.6 10.4 11.0 10.9 14.4 7.7 10.7 10.0 10.1 13.0 18.3 21.5 18.2 18.5 16.4 16.7 20.5 20.8
-9999.0 -9999.0 -9999.0 -9999.0 -9999.0 -9999.0 -9999.0 -9999.0 -9999.0 -9999.0 -9999.0 -9999.0 -9999.0 2.2 0.3 2.3 0.3 0.5 0.4 0.3 0.1 0.2 0.0 0.3 0.1 0.0 0.0 0.0 0.0 0.0 0.1 0.1 0.1 0.1 0.1 0.1 0.1 0.3 2.4 3.0 5.2 9.4 12.6 21.2 24.0 28.4 36.0 37.6 33.0 25.5 21.0 16.3 15.7 22.7 18.4 15.7 14.2 13.3 12.2 12.0 12.8 13.2 12.8 13.1 5.4 10.2 15.6 17.3 17.6 12.8 10.5 7.8 9.0 11.6 16.2 14.6 17.4 23.5 29.9
-9999.0 -9999.0 -9999.0 -9999.0 -9999.0 -9999.0 -9999.0 -9999.0 -9999.0 -9999.0 -9999.0 -9999.0 5.1 1.5 1.0 1.9 0.1 0.3 0.2 1.3 1.1 0.8 0.3 0.4 0.5 0.0 0.0 0.1 0.1 0.0 0.1 0.2 0.1 0.2 0.2 0.2 0.3 0.3 0.9 2.9 9.3 16.9 24.3 18.2 26.8 34.3 36.2 31.5 28.6 23.5 24.6 26.1 18.3 19.7 15.5 13.3 12.9 11.3 11.3 12.0 13.6 14.6 15.2 15.7 15.5 13.2 5.6 14.3 21.4 17.5 11.6 5.6 3.8 4.2 5.8 9.6 19.5 34.5 37.6
-9999.0 -9999.0 -9999.0 -9999.0 -9999.0 -9999.0 -9999.0 -9999.0 -9999.0 -9999.0 -9999.0 -9999.0 5.4 10.2 5.4 0.5 0.4 2.4 2.1 0.6 2.3 0.6 0.6 0.5 0.9 0.8 0.4 0.2 0.1 0.1 0.2 0.2 0.1 0.4 0.6 0.6 0.6 0.8 1.7 3.5 7.0 9.0 11.5 16.6 23.5 32.2 41.1 37.8 30.4 15.0 13.1 18.9 13.7 11.9 11.5 8.8 9.1 9.6 9.2 11.5 13.2 14.7 14.7 13.3 12.4 6.5 12.7 13.0 13.5 9.3 5.4 3.4 4.0 9.3 14.1 9.5 12.9 23.9 30.4
-9999.0 -9999.0 -9999.0 -9999.0 -9999.0 -9999.0 -9999.0 -9999.0 -9999.0 -9999.0 -9999.0 -9999.0 23.0 7.5 12.6 7.4 6.1 1.0 2.2 1.7 0.3 0.2 1.1 0.3 0.5 0.1 0.1 0.0 0.1 0.1 0.1 0.1 0.3 0.7 1.0 1.2 1.5 2.0 3.1 6.8 8.8 6.6 17.1 6.8 18.5 32.6 37.6 29.2 16.1 11.4 10.4 7.1 23.0 23.4 15.1 5.9 8.0 9.0 9.8 8.1 9.7 11.6 15.4 11.2 5.9 10.1 13.7 16.0 15.1 10.8 7.3 8.1 10.2 17.1 37.9 22.6 36.3 19.3 27.9
-9999.0 -9999.0 -9999.0 -9999.0 -9999.0 -9999.0 -9999.0 -9999.0 -9999.0 -9999.0 -9999.0 -9999.0 -9999.0 7.8 6.7 11.7 8.0 8.2 3.4 2.1 0.3 1.7 0.6 0.2 1.1 0.4 0.2 0.2 0.0 0.1 0.0 0.1 0.1 0.5 0.9 1.5 2.6 3.0 4.8 6.4 8.1 18.1 23.1 19.1 11.9 17.5 25.7 13.0 18.0 11.2 3.8 11.4 9.3 5.2 14.5 14.2 5.0 5.6 8.5 12.4 10.4 16.9 11.9 6.7 8.1 14.1 21.2 23.4 21.2 16.2 12.2 10.6 15.3 9.0 18.9 14.4 17.2 24.0 35.2
-9999.0 -9999.0 -9999.0 -9999.0 -9999.0 -9999.0 -9999.0 -9999.0 -9999.0 -9999.0 -9999.0 -9999.0 -9999.0 45.2 13.1 18.6 7.8 14.7 11.4 7.1 1.8 1.5 0.9 0.9 3.5 1.0 0.3 0.4 0.1 0.0 0.0 0.0 0.1 0.2 0.5 1.4 2.2 3.1 5.7 14.7 9.2 11.5 13.1 14.6 30.6 17.3 17.5 8.5 7.5 4.9 6.7 1.3 6.3 12.5 16.8 13.3 6.2 6.1 8.9 2.9 8.5 4.8 8.5 9.1 9.8 15.4 23.3 27.3 24.4 19.1 14.3 12.7 13.7 18.0 24.5 35.7 47.2 31.3 33.2
-9999.0 -9999.0 -9999.0 -9999.0 -9999.0 -9999.0 -9999.0 -9999.0 -9999.0 -9999.0 -9999.0 -9999.0 -9999.0 -9999.0 -9999.0 27.2 27.2 18.1 19.1 19.9 7.3 9.1 8.0 4.8 2.2 1.3 0.0 0.0 0.0 0.0 0.0 0.0 0.0 0.0 0.2 1.4 3.9 1.6 3.4 5.7 13.5 16.7 14.5 11.4 4.7 4.4 10.9 4.3 6.5 1.9 1.9 10.0 3.3 5.5 0.5 8.2 8.7 0.3 9.1 9.5 2.6 6.6 12.3 12.4 13.5 17.9 23.4 26.5 23.3 16.4 11.7 9.7 16.9 21.7 23.9 47.1 51.6 60.2 42.3
-9999.0 -9999.0 -9999.0 -9999.0 -9999.0 -9999.0 -9999.0 -9999.0 -9999.0 -9999.0 -9999.0 -9999.0 -9999.0 -9999.0 -9999.0 -9999.0 -9999.0 160.9 76.9 -9999.0 46.7 15.5 21.8 16.7 5.4 3.5 0.2 0.1 0.1 0.0 0.0 0.0 0.0 0.0 0.1 0.3 4.0 0.4 2.5 4.4 8.0 17.5 11.5 7.3 2.4 3.8 17.1 14.4 4.5 4.5 4.4 1.4 2.3 4.7 7.0 7.8 2.6 7.8 5.9 6.4 1.4 5.1 10.2 14.3 17.3 20.8 24.8 25.2 21.5 13.7 7.8 13.7 19.0 15.1 26.6 45.7 45.7 44.4 42.9
-9999.0 -9999.0 -9999.0 -9999.0 -9999.0 -9999.0 -9999.0 -9999.0 -9999.0 -9999.0 -9999.0 -9999.0 -9999.0 -9999.0 -9999.0 -9999.0 -9999.0 -9999.0 -9999.0 -9999.0 -9999.0 43.4 26.4 10.9 12.4 18.0 9.3 3.2 0.3 0.1 0.0 0.1 0.0 0.0 0.1 0.2 0.6 0.9 0.5 0.1 0.1 16.2 17.3 11.1 3.7 7.1 49.1 9.3 17.2 67.2 5.8 14.8 11.8 2.5 3.7 7.5 6.4 1.8 10.9 3.8 0.8 3.9 6.8 12.7 20.5 26.0 29.8 27.5 22.5 12.9 6.8 11.3 13.0 11.4 18.3 28.5 32.3 29.9 39.4
-9999.0 -9999.0 -9999.0 -9999.0 -9999.0 -9999.0 -9999.0 -9999.0 -9999.0 -9999.0 -9999.0 -9999.0 -9999.0 -9999.0 -9999.0 -9999.0 -9999.0 -9999.0 -9999.0 -9999.0 -9999.0 -9999.0 -9999.0 102.3 37.2 30.1 19.5 7.8 0.6 0.3 0.0 0.0 0.0 0.0 0.4 1.4 5.1 3.3 11.2 17.3 15.3 24.2 8.3 3.3 7.4 71.1 23.3 24.0 43.4 59.5 23.9 16.0 15.4 9.5 6.4 3.9 4.0 7.3 1.2 4.6 5.3 12.1 16.5 9.4 14.5 28.2 36.0 31.2 19.9 11.5 11.4 10.7 13.2 23.6 25.2 33.0 43.7 44.1 51.0
-9999.0 -9999.0 -9999.0 -9999.0 -9999.0 -9999.0 -9999.0 -9999.0 -9999.0 -9999.0 -9999.0 -9999.0 -9999.0 -9999.0 -9999.0 -9999.0 -9999.0 -9999.0 -9999.0 -9999.0 -9999.0 -9999.0 -9999.0 -9999.0 -9999.0 163.5 61.6 5.8 2.6 1.0 0.2 0.2 0.3 0.4 1.1 5.9 21.5 11.8 27.7 19.8 37.7 15.4 6.3 8.4 48.1 95.9 79.8 162.5 33.0 71.4 33.3 33.2 30.3 27.0 29.5 17.7 9.5 5.3 7.9 7.8 11.9 20.1 21.2 7.6 12.3 24.8 31.4 23.3 20.7 18.3 10.6 11.8 12.9 35.5 49.5 49.1 49.5 59.2 70.8
-9999.0 -9999.0 -9999.0 -9999.0 -9999.0 -9999.0 -9999.0 -9999.0 -9999.0 -9999.0 -9999.0 -9999.0 -9999.0 -9999.0 -9999.0 -9999.0 -9999.0 -9999.0 -9999.0 -9999.0 -9999.0 -9999.0 -9999.0 -9999.0 -9999.0 -9999.0 -9999.0 175.2 140.7 31.2 15.9 9.7 3.3 8.6 6.5 19.1 13.3 17.4 11.4 23.3 37.4 10.7 19.0 54.9 77.7 114.7 154.9 186.2 215.9 164.4 248.0 254.2 80.9 85.6 60.6 36.4 21.5 12.6 12.7 13.2 15.9 27.4 22.1 16.4 17.3 13.1 20.7 21.9 15.1 11.2 10.9 23.2 17.2 41.8 47.7 54.7 78.3 74.0 64.8
-9999.0 -9999.0 -9999.0 -9999.0 -9999.0 -9999.0 -9999.0 -9999.0 -9999.0 -9999.0 -9999.0 -9999.0 -9999.0 -9999.0 -9999.0 -9999.0 -9999.0 -9999.0 -9999.0 -9999.0 -9999.0 -9999.0 -9999.0 -9999.0 -9999.0 -9999.0 -9999.0 -9999.0 -9999.0 -9999.0 -9999.0 -9999.0 -9999.0 45.2 18.6 -9999.0 -9999.0 -9999.0 27.7 27.3 23.0 29.6 30.0 78.3 109.9 131.6 -9999.0 -9999.0 -9999.0 -9999.0 -9999.0 -9999.0 183.7 90.6 101.7 52.8 25.7 16.7 16.2 18.4 26.8 34.5 30.0 20.7 13.5 12.7 16.9 19.4 14.6 9.7 10.8 26.8 41.0 37.4 64.2 56.9 81.2 63.4 55.5
-9999.0 -9999.0 -9999.0 -9999.0 -9999.0 -9999.0 -9999.0 -9999.0 -9999.0 -9999.0 -9999.0 -9999.0 -9999.0 -9999.0 -9999.0 -9999.0 -9999.0 -9999.0 -9999.0 -9999.0 -9999.0 -9999.0 -9999.0 -9999.0 -9999.0 -9999.0 -9999.0 -9999.0 -9999.0 -9999.0 -9999.0 -9999.0 -9999.0 -9999.0 -9999.0 -9999.0 -9999.0 -9999.0 -9999.0 77.9 75.9 80.4 88.6 99.4 -9999.0 -9999.0 -9999.0 -9999.0 -9999.0 -9999.0 -9999.0 -9999.0 172.5 108.7 89.2 51.5 24.5 16.8 14.8 18.9 28.6 37.8 35.8 20.8 20.8 20.1 21.5 15.9 12.0 14.1 20.7 28.5 29.0 52.9 44.7 55.2 58.3 47.8 47.0
-9999.0 -9999.0 -9999.0 -9999.0 -9999.0 -9999.0 -9999.0 -9999.0 -9999.0 -9999.0 -9999.0 -9999.0 -9999.0 -9999.0 -9999.0 -9999.0 -9999.0 -9999.0 -9999.0 -9999.0 -9999.0 -9999.0 -9999.0 -9999.0 -9999.0 -9999.0 -9999.0 -9999.0 -9999.0 -9999.0 -9999.0 -9999.0 -9999.0 -9999.0 -9999.0 -9999.0 -9999.0 -9999.0 -9999.0 -9999.0 -9999.0 -9999.0 -9999.0 -9999.0 -9999.0 -9999.0 -9999.0 -9999.0 -9999.0 -9999.0 -9999.0 -9999.0 136.7 120.9 89.0 64.1 36.1 22.7 17.4 22.7 27.4 32.1 41.3 20.1 18.9 17.6 17.5 14.4 12.8 13.8 18.7 27.4 55.7 50.5 56.1 41.0 45.7 35.2 37.3
-9999.0 -9999.0 -9999.0 -9999.0 -9999.0 -9999.0 -9999.0 -9999.0 -9999.0 -9999.0 -9999.0 -9999.0 -9999.0 -9999.0 -9999.0 -9999.0 -9999.0 -9999.0 -9999.0 -9999.0 -9999.0 -9999.0 -9999.0 -9999.0 -9999.0 -9999.0 -9999.0 -9999.0 -9999.0 -9999.0 -9999.0 -9999.0 -9999.0 -9999.0 -9999.0 -9999.0 -9999.0 -9999.0 -9999.0 -9999.0 -9999.0 -9999.0 -9999.0 -9999.0 -9999.0 -9999.0 -9999.0 -9999.0 -9999.0 -9999.0 -9999.0 119.9 116.0 121.4 70.2 68.4 50.0 34.7 22.4 11.8 33.3 31.5 18.5 16.3 16.1 19.1 22.0 22.1 15.8 14.6 17.9 25.2 26.5 27.1 35.6 33.8 45.8 35.5 49.3
-9999.0 -9999.0 -9999.0 -9999.0 -9999.0 -9999.0 -9999.0 -9999.0 -9999.0 -9999.0 -9999.0 -9999.0 -9999.0 -9999.0 -9999.0 -9999.0 -9999.0 -9999.0 -9999.0 -9999.0 -9999.0 -9999.0 -9999.0 -9999.0 -9999.0 -9999.0 -9999.0 -9999.0 -9999.0 -9999.0 -9999.0 -9999.0 -9999.0 -9999.0 -9999.0 -9999.0 -9999.0 -9999.0 -9999.0 -9999.0 -9999.0 -9999.0 -9999.0 -9999.0 -9999.0 -9999.0 -9999.0 -9999.0 -9999.0 -9999.0 92.9 112.5 113.9 112.3 82.6 77.3 52.3 28.7 23.0 27.4 24.3 24.4 14.9 15.9 19.3 24.9 23.9 23.5 17.3 14.4 17.9 19.6 22.1 30.7 39.7 50.9 41.8 71.3 74.2
-9999.0 -9999.0 -9999.0 -9999.0 -9999.0 -9999.0 -9999.0 -9999.0 -9999.0 -9999.0 -9999.0 -9999.0 -9999.0 -9999.0 -9999.0 -9999.0 -9999.0 -9999.0 -9999.0 -9999.0 -9999.0 -9999.0 -9999.0 -9999.0 -9999.0 -9999.0 -9999.0 -9999.0 -9999.0 -9999.0 -9999.0 -9999.0 -9999.0 -9999.0 -9999.0 -9999.0 -9999.0 -9999.0 -9999.0 -9999.0 -9999.0 -9999.0 -9999.0 -9999.0 -9999.0 -9999.0 -9999.0 -9999.0 -9999.0 -9999.0 71.9 117.7 77.4 98.0 94.5 73.8 33.3 41.4 31.4 21.9 16.3 14.0 10.4 15.4 22.8 24.4 22.1 21.1 15.5 13.7 17.2 22.1 25.1 27.4 33.9 45.9 74.2 91.6 120.5
-9999.0 -9999.0 -9999.0 -9999.0 -9999.0 -9999.0 -9999.0 -9999.0 -9999.0 -9999.0 -9999.0 -9999.0 -9999.0 -9999.0 -9999.0 -9999.0 -9999.0 -9999.0 -9999.0 -9999.0 -9999.0 -9999.0 -9999.0 -9999.0 -9999.0 -9999.0 -9999.0 -9999.0 -9999.0 -9999.0 -9999.0 -9999.0 -9999.0 -9999.0 -9999.0 -9999.0 -9999.0 -9999.0 -9999.0 -9999.0 -9999.0 -9999.0 -9999.0 -9999.0 -9999.0 -9999.0 -9999.0 -9999.0 -9999.0 -9999.0 53.6 66.3 55.5 106.3 62.5 49.1 59.5 33.3 31.8 16.7 18.1 17.1 14.7 16.4 21.4 18.1 14.3 13.1 11.4 13.4 17.6 29.5 28.5 42.6 51.3 72.8 113.2 128.6 152.7
-9999.0 -9999.0 -9999.0 -9999.0 -9999.0 -9999.0 -9999.0 -9999.0 -9999.0 -9999.0 -9999.0 -9999.0 -9999.0 -9999.0 -9999.0 -9999.0 -9999.0 -9999.0 -9999.0 -9999.0 -9999.0 -9999.0 -9999.0 -9999.0 -9999.0 -9999.0 -9999.0 -9999.0 -9999.0 -9999.0 -9999.0 -9999.0 -9999.0 -9999.0 -9999.0 -9999.0 -9999.0 -9999.0 -9999.0 -9999.0 -9999.0 -9999.0 -9999.0 -9999.0 -9999.0 -9999.0 -9999.0 -9999.0 -9999.0 -9999.0 63.0 80.6 61.9 66.5 55.6 55.3 21.3 26.1 24.6 18.5 24.4 22.4 15.8 18.7 19.9 14.9 11.6 9.7 11.5 11.6 19.1 27.9 40.3 60.8 77.7 104.5 133.8 134.7 151.5
-9999.0 -9999.0 -9999.0 -9999.0 -9999.0 -9999.0 -9999.0 -9999.0 -9999.0 -9999.0 -9999.0 -9999.0 -9999.0 -9999.0 -9999.0 -9999.0 -9999.0 -9999.0 -9999.0 -9999.0 -9999.0 -9999.0 -9999.0 -9999.0 -9999.0 -9999.0 -9999.0 -9999.0 -9999.0 -9999.0 -9999.0 -9999.0 -9999.0 -9999.0 -9999.0 -9999.0 -9999.0 -9999.0 -9999.0 -9999.0 -9999.0 -9999.0 -9999.0 -9999.0 -9999.0 -9999.0 -9999.0 -9999.0 -9999.0 -9999.0 -9999.0 -9999.0 -9999.0 36.3 28.9 22.6 21.0 22.3 18.4 21.5 50.9 26.6 37.3 22.6 17.5 12.4 13.1 10.4 13.9 18.3 25.3 37.1 55.0 76.4 97.8 116.3 134.0 126.6 119.5
-9999.0 -9999.0 -9999.0 -9999.0 -9999.0 -9999.0 -9999.0 -9999.0 -9999.0 -9999.0 -9999.0 -9999.0 -9999.0 -9999.0 -9999.0 -9999.0 -9999.0 -9999.0 -9999.0 -9999.0 -9999.0 -9999.0 -9999.0 -9999.0 -9999.0 -9999.0 -9999.0 -9999.0 -9999.0 -9999.0 -9999.0 -9999.0 -9999.0 -9999.0 -9999.0 -9999.0 -9999.0 -9999.0 -9999.0 -9999.0 -9999.0 -9999.0 -9999.0 -9999.0 -9999.0 -9999.0 -9999.0 -9999.0 -9999.0 -9999.0 -9999.0 -9999.0 -9999.0 29.4 19.6 42.0 18.6 16.7 19.9 39.6 35.0 33.2 46.7 21.6 15.5 12.5 12.1 18.1 21.4 28.6 36.5 51.0 72.9 91.9 107.0 137.3 136.7 137.3 124.0
-9999.0 -9999.0 -9999.0 -9999.0 -9999.0 -9999.0 -9999.0 -9999.0 -9999.0 -9999.0 -9999.0 -9999.0 -9999.0 -9999.0 -9999.0 -9999.0 -9999.0 -9999.0 -9999.0 -9999.0 -9999.0 -9999.0 -9999.0 -9999.0 -9999.0 -9999.0 -9999.0 -9999.0 -9999.0 -9999.0 -9999.0 -9999.0 -9999.0 -9999.0 -9999.0 -9999.0 -9999.0 -9999.0 -9999.0 -9999.0 -9999.0 -9999.0 -9999.0 -9999.0 -9999.0 -9999.0 -9999.0 -9999.0 -9999.0 -9999.0 -9999.0 -9999.0 -9999.0 28.4 13.9 28.6 27.1 24.3 25.9 28.9 42.8 42.2 52.6 43.4 14.8 -9999.0 -9999.0 -9999.0 36.3 44.7 53.0 66.1 82.3 96.1 113.3 141.7 131.0 117.4 164.5
-9999.0 -9999.0 -9999.0 -9999.0 -9999.0 -9999.0 -9999.0 -9999.0 -9999.0 -9999.0 -9999.0 -9999.0 -9999.0 -9999.0 -9999.0 -9999.0 -9999.0 -9999.0 -9999.0 -9999.0 -9999.0 -9999.0 -9999.0 -9999.0 -9999.0 -9999.0 -9999.0 -9999.0 -9999.0 -9999.0 -9999.0 -9999.0 -9999.0 -9999.0 -9999.0 -9999.0 -9999.0 -9999.0 -9999.0 -9999.0 -9999.0 -9999.0 -9999.0 -9999.0 -9999.0 -9999.0 -9999.0 -9999.0 -9999.0 -9999.0 -9999.0 -9999.0 -9999.0 -9999.0 30.4 32.7 29.1 28.8 35.0 43.7 27.3 -9999.0 -9999.0 -9999.0 -9999.0 -9999.0 -9999.0 -9999.0 43.7 57.5 70.3 69.4 76.8 89.8 97.9 99.7 93.9 73.4 69.3
-9999.0 -9999.0 -9999.0 -9999.0 -9999.0 -9999.0 -9999.0 -9999.0 -9999.0 -9999.0 -9999.0 -9999.0 -9999.0 -9999.0 -9999.0 -9999.0 -9999.0 -9999.0 -9999.0 -9999.0 -9999.0 -9999.0 -9999.0 -9999.0 -9999.0 -9999.0 -9999.0 -9999.0 -9999.0 -9999.0 -9999.0 -9999.0 -9999.0 -9999.0 -9999.0 -9999.0 -9999.0 -9999.0 -9999.0 -9999.0 -9999.0 -9999.0 -9999.0 -9999.0 -9999.0 -9999.0 -9999.0 -9999.0 -9999.0 -9999.0 -9999.0 -9999.0 -9999.0 -9999.0 -9999.0 36.5 59.1 40.7 31.2 34.9 29.8 -9999.0 -9999.0 -9999.0 -9999.0 -9999.0 -9999.0 -9999.0 -9999.0 -9999.0 60.4 -9999.0 -9999.0 -9999.0 -9999.0 -9999.0 46.1 -9999.0 -9999.0
-9999.0 -9999.0 -9999.0 -9999.0 -9999.0 -9999.0 -9999.0 -9999.0 -9999.0 -9999.0 -9999.0 -9999.0 -9999.0 -9999.0 -9999.0 -9999.0 -9999.0 -9999.0 -9999.0 -9999.0 -9999.0 -9999.0 -9999.0 -9999.0 -9999.0 -9999.0 -9999.0 -9999.0 -9999.0 -9999.0 -9999.0 -9999.0 -9999.0 -9999.0 -9999.0 -9999.0 -9999.0 -9999.0 -9999.0 -9999.0 -9999.0 -9999.0 -9999.0 -9999.0 -9999.0 -9999.0 -9999.0 -9999.0 -9999.0 -9999.0 -9999.0 -9999.0 -9999.0 -9999.0 -9999.0 -9999.0 -9999.0 -9999.0 39.8 28.0 -9999.0 -9999.0 -9999.0 -9999.0 -9999.0 -9999.0 -9999.0 -9999.0 -9999.0 -9999.0 -9999.0 -9999.0 -9999.0 -9999.0 -9999.0 29.8 27.1 -9999.0 -9999.0
-9999.0 -9999.0 -9999.0 -9999.0 -9999.0 -9999.0 -9999.0 -9999.0 -9999.0 -9999.0 -9999.0 -9999.0 -9999.0 -9999.0 -9999.0 -9999.0 -9999.0 -9999.0 -9999.0 -9999.0 -9999.0 -9999.0 -9999.0 -9999.0 -9999.0 -9999.0 -9999.0 -9999.0 -9999.0 -9999.0 -9999.0 -9999.0 -9999.0 -9999.0 -9999.0 -9999.0 -9999.0 -9999.0 -9999.0 -9999.0 -9999.0 -9999.0 -9999.0 -9999.0 -9999.0 -9999.0 -9999.0 -9999.0 -9999.0 -9999.0 -9999.0 -9999.0 -9999.0 -9999.0 -9999.0 -9999.0 -9999.0 -9999.0 -9999.0 -9999.0 -9999.0 -9999.0 -9999.0 -9999.0 -9999.0 -9999.0 -9999.0 -9999.0 -9999.0 -9999.0 -9999.0 -9999.0 -9999.0 -9999.0 -9999.0 -9999.0 -9999.0 -9999.0 -9999.0
-9999.0 -9999.0 -9999.0 -9999.0 -9999.0 -9999.0 -9999.0 -9999.0 -9999.0 -9999.0 -9999.0 -9999.0 -9999.0 -9999.0 -9999.0 -9999.0 -9999.0 -9999.0 -9999.0 -9999.0 -9999.0 -9999.0 -9999.0 -9999.0 -9999.0 -9999.0 -9999.0 -9999.0 -9999.0 -9999.0 -9999.0 -9999.0 -9999.0 -9999.0 -9999.0 -9999.0 -9999.0 -9999.0 -9999.0 -9999.0 -9999.0 -9999.0 -9999.0 -9999.0 -9999.0 -9999.0 -9999.0 -9999.0 -9999.0 -9999.0 -9999.0 -9999.0 -9999.0 -9999.0 -9999.0 -9999.0 -9999.0 -9999.0 -9999.0 -9999.0 -9999.0 -9999.0 -9999.0 -9999.0 -9999.0 -9999.0 -9999.0 -9999.0 -9999.0 -9999.0 -9999.0 -9999.0 -9999.0 -9999.0 -9999.0 24.8 44.6 73.4 -9999.0
-9999.0 -9999.0 -9999.0 -9999.0 -9999.0 -9999.0 -9999.0 -9999.0 -9999.0 -9999.0 -9999.0 -9999.0 -9999.0 -9999.0 -9999.0 -9999.0 -9999.0 -9999.0 -9999.0 -9999.0 -9999.0 -9999.0 -9999.0 -9999.0 -9999.0 -9999.0 -9999.0 -9999.0 -9999.0 -9999.0 -9999.0 -9999.0 -9999.0 -9999.0 -9999.0 -9999.0 -9999.0 -9999.0 -9999.0 -9999.0 -9999.0 -9999.0 -9999.0 -9999.0 -9999.0 -9999.0 -9999.0 -9999.0 -9999.0 -9999.0 -9999.0 -9999.0 -9999.0 -9999.0 -9999.0 -9999.0 -9999.0 -9999.0 -9999.0 -9999.0 -9999.0 -9999.0 -9999.0 -9999.0 -9999.0 -9999.0 -9999.0 -9999.0 -9999.0 -9999.0 -9999.0 -9999.0 -9999.0 5.9 16.7 21.5 45.4 -9999.0 -9999.0
