program/excelProcessViaJava/data/SURF_CLI_CHN_PRE_MON_GRID_0.5-199107.txt
NCOLS      128
NROWS       72
XLLCORNER    72.000000000000    
YLLCORNER    18.000000000000    
CELLSIZE    0.50000000000000    
NODATA_VALUE   -9999.000    
[rows 33 to 65 of 72, columns 0 to 74 of 128]
-9999.0 -9999.0 -9999.0 -9999.0 3.8 4.8 6.6 9.9 13.2 18.4 20.3 20.4 17.3 10.6 6.9 5.0 3.6 2.9 2.9 3.4 3.5 3.6 4.0 6.2 10.2 19.1 29.7 147.3 85.1 100.8 114.2 100.5 92.0 107.7 65.2 60.7 48.5 122.8 96.5 45.5 13.4 6.8 7.2 6.3 6.9 8.0 11.9 22.7 32.8 26.6 35.1 67.5 91.8 118.2 81.9 95.1 102.2 126.9 115.3 129.0 105.8 69.1 49.4 27.9 22.7 26.4 29.4 21.5 34.8 30.5 27.3 33.6 41.8 49.7 55.4
-9999.0 -9999.0 -9999.0 -9999.0 1.9 3.2 4.2 6.9 8.4 11.0 15.2 16.3 17.9 19.1 11.8 9.8 8.7 4.5 3.1 3.4 5.7 7.8 11.7 31.8 76.5 112.2 91.2 100.6 100.9 104.3 103.8 120.5 100.7 97.2 101.9 82.4 109.1 133.2 80.4 41.4 79.3 18.4 14.9 8.3 7.7 7.6 8.0 9.5 13.0 22.1 33.5 48.5 93.1 78.5 76.4 88.9 97.2 105.7 106.6 67.4 79.7 48.8 42.2 42.1 36.7 30.7 36.6 32.9 36.9 53.3 37.1 39.6 43.5 52.2 57.1
-9999.0 -9999.0 -9999.0 -9999.0 -9999.0 -9999.0 -9999.0 4.0 5.4 7.5 9.8 12.2 12.9 15.1 16.8 8.2 13.2 8.3 7.6 13.8 30.0 49.2 60.6 66.0 71.8 78.3 92.2 101.3 107.6 122.9 122.9 121.6 116.9 123.4 136.5 113.7 145.3 127.7 164.6 170.3 74.4 183.0 154.6 87.9 39.4 14.1 23.8 20.6 32.9 28.4 38.3 55.8 74.8 140.3 126.2 88.1 89.7 89.8 112.9 78.3 89.1 62.7 60.9 60.0 52.3 37.7 39.0 50.8 52.6 58.6 45.3 42.7 55.1 68.8 77.0
-9999.0 -9999.0 -9999.0 -9999.0 -9999.0 -9999.0 -9999.0 2.3 3.6 4.5 6.2 7.4 9.4 13.2 13.1 22.1 17.5 20.0 32.6 28.8 34.0 49.3 53.2 62.3 68.5 77.3 83.7 102.4 96.7 98.3 117.1 121.0 122.0 142.9 125.6 131.4 124.1 147.1 145.6 135.2 140.8 137.5 143.5 196.6 91.8 44.4 57.4 61.8 105.9 87.7 142.9 125.6 89.4 104.3 139.3 102.9 107.3 116.1 123.2 116.3 89.2 83.0 87.0 82.4 58.5 38.2 35.9 45.8 74.2 48.0 47.8 51.9 63.9 84.3 87.9
-9999.0 -9999.0 -9999.0 -9999.0 -9999.0 -9999.0 -9999.0 -9999.0 -9999.0 2.6 3.5 4.5 6.5 8.0 8.8 10.0 14.8 28.5 25.5 39.5 39.2 41.0 48.3 57.1 64.9 71.0 82.4 90.0 89.8 110.9 96.0 108.1 114.1 129.5 115.7 120.1 121.1 136.0 127.1 137.6 123.5 135.3 123.0 104.7 119.2 110.4 107.5 103.5 110.2 113.0 127.8 113.5 104.3 104.3 136.8 118.2 120.8 128.8 138.3 123.0 107.5 101.9 95.0 89.1 60.3 36.8 30.7 41.8 73.4 51.4 50.7 46.3 59.6 86.0 111.0
-9999.0 -9999.0 -9999.0 -9999.0 -9999.0 -9999.0 -9999.0 -9999.0 -9999.0 -9999.0 -9999.0 3.1 3.1 5.8 6.3 9.0 11.1 13.9 18.0 25.6 36.9 40.3 50.1 55.1 73.9 75.7 86.7 93.1 96.3 97.2 102.0 121.0 112.9 121.0 120.3 155.7 133.2 136.8 191.6 136.2 149.8 124.3 107.4 98.2 141.6 104.9 149.2 122.9 136.1 130.7 113.0 111.3 109.9 121.0 143.5 137.5 137.5 147.7 141.4 127.7 117.7 99.2 87.3 73.4 58.4 32.5 32.2 43.1 61.7 64.4 51.6 49.1 57.3 76.0 80.5
-9999.0 -9999.0 -9999.0 -9999.0 -9999.0 -9999.0 -9999.0 -9999.0 -9999.0 -9999.0 -9999.0 -9999.0 1.8 2.3 4.7 5.2 12.0 12.3 17.1 29.9 27.0 37.2 46.6 53.0 82.6 72.2 75.3 89.7 92.7 109.3 103.5 106.8 113.6 133.1 142.6 142.2 181.0 149.1 131.2 114.5 105.7 102.1 100.4 115.6 114.0 124.3 141.9 118.8 130.8 135.9 152.8 140.6 121.5 114.8 126.0 139.9 148.9 162.1 134.5 137.1 113.7 104.5 89.2 67.0 41.4 49.2 34.5 49.0 66.3 75.2 59.0 65.7 76.8 83.7 91.5
-9999.0 -9999.0 -9999.0 -9999.0 -9999.0 -9999.0 -9999.0 -9999.0 -9999.0 -9999.0 -9999.0 -9999.0 1.8 1.5 1.8 4.0 4.3 7.9 16.1 21.2 28.2 39.0 46.9 52.3 57.0 67.9 74.8 76.4 85.5 86.8 98.4 113.6 114.7 121.7 136.8 139.1 168.9 172.7 154.5 134.2 107.9 99.2 125.0 99.7 123.1 145.2 126.4 126.6 118.3 143.6 141.8 142.4 123.6 127.0 116.7 133.5 134.8 145.9 133.1 122.4 104.5 86.4 82.1 81.7 34.1 34.6 37.6 52.3 67.8 80.1 91.3 108.0 110.5 98.2 104.0
-9999.0 -9999.0 -9999.0 -9999.0 -9999.0 -9999.0 -9999.0 -9999.0 -9999.0 -9999.0 -9999.0 -9999.0 -9999.0 1.2 2.4 1.9 4.4 6.2 10.0 15.9 24.8 31.2 44.8 48.8 58.4 72.8 79.0 88.6 87.7 90.2 90.4 94.9 112.4 123.5 120.6 133.6 145.9 160.3 209.7 163.7 138.9 135.6 122.6 142.3 123.6 118.8 140.4 158.8 167.7 166.4 162.1 143.0 131.6 166.0 146.0 137.8 132.6 145.6 168.2 140.1 119.8 89.3 81.8 46.7 33.6 28.3 36.4 57.9 82.6 105.9 117.9 110.9 111.4 114.7 116.2
-9999.0 -9999.0 -9999.0 -9999.0 -9999.0 -9999.0 -9999.0 -9999.0 -9999.0 -9999.0 -9999.0 -9999.0 0.7 1.4 1.7 1.8 5.4 6.9 11.2 14.3 21.5 30.2 40.7 49.0 56.7 68.9 73.0 75.5 79.1 83.6 86.3 88.1 103.8 106.6 119.9 126.5 152.5 142.6 142.9 141.4 169.5 183.5 190.0 124.2 137.5 145.0 143.6 144.0 163.1 173.0 187.9 193.4 155.2 157.7 137.3 133.7 153.2 125.1 146.8 131.1 121.0 116.1 86.1 88.7 45.6 32.0 69.9 80.8 96.1 116.2 137.6 147.9 133.2 112.0 108.4
-9999.0 -9999.0 -9999.0 -9999.0 -9999.0 -9999.0 -9999.0 -9999.0 -9999.0 -9999.0 -9999.0 -9999.0 0.7 0.6 1.1 4.0 5.3 5.3 9.3 16.8 21.4 31.7 40.3 48.8 55.5 61.7 67.2 71.2 74.5 77.1 80.1 83.8 92.1 95.2 103.5 115.3 120.2 131.8 133.1 117.9 120.0 114.7 118.4 129.5 140.9 156.1 184.4 185.9 189.8 172.7 179.0 193.5 166.3 147.7 136.5 122.1 138.6 154.3 144.5 164.2 164.7 162.9 76.6 47.0 36.7 59.8 50.1 107.0 143.0 169.4 176.9 169.5 153.2 153.4 145.5
-9999.0 -9999.0 -9999.0 -9999.0 -9999.0 -9999.0 -9999.0 -9999.0 -9999.0 -9999.0 -9999.0 -9999.0 0.3 0.8 0.9 1.5 2.8 8.3 10.7 16.6 26.9 35.1 39.3 48.5 54.2 62.0 65.2 70.4 71.4 74.5 77.7 80.1 84.8 91.3 96.9 103.3 108.5 113.4 111.2 121.5 116.1 109.5 151.8 118.4 149.4 186.8 203.6 187.7 175.8 186.7 195.2 184.9 237.1 237.1 183.7 123.1 141.3 161.4 173.2 141.4 133.5 121.9 182.5 48.7 45.2 139.5 130.0 127.7 135.0 155.5 158.3 157.4 156.2 158.7 169.5
-9999.0 -9999.0 -9999.0 -9999.0 -9999.0 -9999.0 -9999.0 -9999.0 -9999.0 -9999.0 -9999.0 -9999.0 -9999.0 1.4 1.7 1.7 3.4 6.0 11.9 18.3 30.0 31.2 39.8 47.3 50.0 55.7 59.9 64.0 67.4 74.0 73.8 78.0 80.7 88.7 92.3 99.1 103.5 98.3 102.2 104.8 115.3 160.3 185.2 179.5 159.9 170.6 195.0 166.5 201.5 199.3 185.2 216.0 202.0 170.1 207.5 201.4 136.3 143.3 174.9 234.2 194.4 313.0 157.7 39.7 131.4 140.5 162.8 147.2 135.2 120.7 126.3 128.3 138.6 129.3 148.5
-9999.0 -9999.0 -9999.0 -9999.0 -9999.0 -9999.0 -9999.0 -9999.0 -9999.0 -9999.0 -9999.0 -9999.0 -9999.0 0.4 1.6 1.8 5.4 6.2 10.6 16.6 27.4 33.0 39.3 42.7 44.3 49.9 54.5 59.5 64.4 67.9 70.8 75.3 84.0 87.2 88.2 92.4 92.8 91.6 100.7 138.9 130.1 154.6 176.3 190.1 231.1 195.9 194.4 167.8 172.9 172.7 194.2 162.8 200.0 230.1 249.8 220.2 171.3 173.1 211.2 132.6 215.6 98.7 84.5 149.1 120.8 122.1 148.2 151.1 124.4 117.7 114.6 117.3 128.0 148.4 174.8
-9999.0 -9999.0 -9999.0 -9999.0 -9999.0 -9999.0 -9999.0 -9999.0 -9999.0 -9999.0 -9999.0 -9999.0 -9999.0 -9999.0 -9999.0 1.9 3.4 7.0 10.3 14.3 23.0 25.9 30.5 35.9 41.1 44.8 53.6 54.0 60.8 66.0 70.6 78.9 78.7 83.6 89.9 92.2 100.0 93.5 97.9 114.5 146.7 173.0 189.1 197.2 189.8 184.7 186.3 153.0 161.6 116.6 141.0 215.1 177.6 198.9 164.2 216.8 223.6 168.0 266.2 292.6 127.6 127.3 193.6 134.5 109.8 112.3 132.6 150.7 141.5 114.4 118.2 130.7 151.2 189.2 247.3
-9999.0 -9999.0 -9999.0 -9999.0 -9999.0 -9999.0 -9999.0 -9999.0 -9999.0 -9999.0 -9999.0 -9999.0 -9999.0 -9999.0 -9999.0 -9999.0 -9999.0 2.4 6.4 -9999.0 14.8 23.2 24.4 28.5 35.6 38.7 48.7 49.4 55.2 61.3 71.3 89.7 78.5 106.4 121.1 92.5 96.3 109.6 102.3 116.4 138.1 171.6 183.3 191.8 219.3 192.5 224.8 189.2 122.4 128.8 87.8 115.0 114.0 188.0 219.3 241.5 220.9 287.7 291.3 308.9 151.0 181.7 192.8 148.3 103.8 90.7 108.6 119.3 134.3 128.3 158.6 151.2 192.2 251.0 335.8
-9999.0 -9999.0 -9999.0 -9999.0 -9999.0 -9999.0 -9999.0 -9999.0 -9999.0 -9999.0 -9999.0 -9999.0 -9999.0 -9999.0 -9999.0 -9999.0 -9999.0 -9999.0 -9999.0 -9999.0 -9999.0 16.5 21.8 31.3 29.7 30.2 35.5 42.3 50.5 63.8 73.4 105.5 113.1 107.6 110.9 86.5 91.9 97.4 104.4 119.3 128.6 158.0 179.4 186.8 221.5 184.2 256.4 140.1 177.7 387.7 101.0 192.4 190.5 128.4 178.0 243.7 274.3 262.6 383.6 307.6 190.0 157.3 182.7 141.0 126.3 108.4 112.4 109.1 138.8 147.7 169.1 194.3 245.3 319.0 413.7
-9999.0 -9999.0 -9999.0 -9999.0 -9999.0 -9999.0 -9999.0 -9999.0 -9999.0 -9999.0 -9999.0 -9999.0 -9999.0 -9999.0 -9999.0 -9999.0 -9999.0 -9999.0 -9999.0 -9999.0 -9999.0 -9999.0 -9999.0 15.8 21.2 24.4 29.2 36.3 45.9 56.8 67.1 75.0 73.9 78.3 75.2 74.9 81.6 85.4 94.7 108.1 119.4 148.4 150.1 167.3 213.4 291.2 190.1 146.3 127.4 108.9 75.6 133.3 85.1 117.1 130.4 149.1 232.2 311.1 244.4 322.2 216.8 178.2 128.8 105.8 91.3 120.1 125.5 114.8 110.2 160.6 199.5 250.8 299.5 356.8 432.7
-9999.0 -9999.0 -9999.0 -9999.0 -9999.0 -9999.0 -9999.0 -9999.0 -9999.0 -9999.0 -9999.0 -9999.0 -9999.0 -9999.0 -9999.0 -9999.0 -9999.0 -9999.0 -9999.0 -9999.0 -9999.0 -9999.0 -9999.0 -9999.0 -9999.0 22.4 22.8 43.0 45.1 59.3 58.6 71.9 79.3 71.7 69.7 70.1 90.6 74.8 90.6 89.1 119.0 116.9 177.8 188.7 262.5 290.2 235.5 272.7 122.1 101.6 133.0 96.0 130.4 127.9 105.0 132.6 197.7 225.2 309.8 317.9 303.5 255.7 307.9 147.2 110.1 125.1 115.3 108.0 155.8 217.8 270.8 313.4 334.9 373.5 401.0
-9999.0 -9999.0 -9999.0 -9999.0 -9999.0 -9999.0 -9999.0 -9999.0 -9999.0 -9999.0 -9999.0 -9999.0 -9999.0 -9999.0 -9999.0 -9999.0 -9999.0 -9999.0 -9999.0 -9999.0 -9999.0 -9999.0 -9999.0 -9999.0 -9999.0 -9999.0 -9999.0 36.3 48.8 46.0 58.2 69.6 65.3 83.0 62.7 110.7 62.1 65.8 83.0 77.7 95.6 109.9 184.6 252.4 269.4 284.3 290.1 277.2 252.7 140.6 155.4 131.7 87.4 90.7 104.3 140.2 172.4 218.3 278.9 299.9 369.5 312.0 202.8 136.8 111.2 108.1 147.9 181.9 243.4 312.9 349.2 381.4 352.1 358.8 332.2
-9999.0 -9999.0 -9999.0 -9999.0 -9999.0 -9999.0 -9999.0 -9999.0 -9999.0 -9999.0 -9999.0 -9999.0 -9999.0 -9999.0 -9999.0 -9999.0 -9999.0 -9999.0 -9999.0 -9999.0 -9999.0 -9999.0 -9999.0 -9999.0 -9999.0 -9999.0 -9999.0 -9999.0 -9999.0 -9999.0 -9999.0 -9999.0 -9999.0 89.7 61.0 -9999.0 -9999.0 -9999.0 113.5 84.4 120.1 163.0 170.3 252.8 276.9 281.6 -9999.0 -9999.0 -9999.0 -9999.0 -9999.0 -9999.0 103.4 118.1 125.9 162.5 195.2 248.2 273.0 348.8 378.2 339.4 272.5 198.6 163.3 175.6 220.3 291.9 386.2 408.6 379.4 400.9 372.6 308.7 270.5
-9999.0 -9999.0 -9999.0 -9999.0 -9999.0 -9999.0 -9999.0 -9999.0 -9999.0 -9999.0 -9999.0 -9999.0 -9999.0 -9999.0 -9999.0 -9999.0 -9999.0 -9999.0 -9999.0 -9999.0 -9999.0 -9999.0 -9999.0 -9999.0 -9999.0 -9999.0 -9999.0 -9999.0 -9999.0 -9999.0 -9999.0 -9999.0 -9999.0 -9999.0 -9999.0 -9999.0 -9999.0 -9999.0 -9999.0 174.4 190.9 211.4 231.8 249.4 -9999.0 -9999.0 -9999.0 -9999.0 -9999.0 -9999.0 -9999.0 -9999.0 120.1 153.7 140.6 175.1 222.8 255.6 294.4 349.0 390.5 357.3 302.7 256.3 224.6 251.6 315.7 438.4 501.0 504.3 439.7 361.6 291.4 268.9 209.4
-9999.0 -9999.0 -9999.0 -9999.0 -9999.0 -9999.0 -9999.0 -9999.0 -9999.0 -9999.0 -9999.0 -9999.0 -9999.0 -9999.0 -9999.0 -9999.0 -9999.0 -9999.0 -9999.0 -9999.0 -9999.0 -9999.0 -9999.0 -9999.0 -9999.0 -9999.0 -9999.0 -9999.0 -9999.0 -9999.0 -9999.0 -9999.0 -9999.0 -9999.0 -9999.0 -9999.0 -9999.0 -9999.0 -9999.0 -9999.0 -9999.0 -9999.0 -9999.0 -9999.0 -9999.0 -9999.0 -9999.0 -9999.0 -9999.0 -9999.0 -9999.0 -9999.0 130.8 194.8 160.7 194.4 206.9 228.7 248.5 286.1 324.4 342.5 326.9 298.4 297.6 379.4 488.0 536.3 525.1 459.9 358.2 281.2 305.0 221.4 200.3
-9999.0 -9999.0 -9999.0 -9999.0 -9999.0 -9999.0 -9999.0 -9999.0 -9999.0 -9999.0 -9999.0 -9999.0 -9999.0 -9999.0 -9999.0 -9999.0 -9999.0 -9999.0 -9999.0 -9999.0 -9999.0 -9999.0 -9999.0 -9999.0 -9999.0 -9999.0 -9999.0 -9999.0 -9999.0 -9999.0 -9999.0 -9999.0 -9999.0 -9999.0 -9999.0 -9999.0 -9999.0 -9999.0 -9999.0 -9999.0 -9999.0 -9999.0 -9999.0 -9999.0 -9999.0 -9999.0 -9999.0 -9999.0 -9999.0 -9999.0 -9999.0 201.3 175.0 218.3 128.6 170.0 186.4 210.3 204.2 169.9 256.7 279.1 315.2 333.2 368.8 442.3 484.8 366.2 422.9 322.7 241.4 202.6 175.6 183.8 208.0
-9999.0 -9999.0 -9999.0 -9999.0 -9999.0 -9999.0 -9999.0 -9999.0 -9999.0 -9999.0 -9999.0 -9999.0 -9999.0 -9999.0 -9999.0 -9999.0 -9999.0 -9999.0 -9999.0 -9999.0 -9999.0 -9999.0 -9999.0 -9999.0 -9999.0 -9999.0 -9999.0 -9999.0 -9999.0 -9999.0 -9999.0 -9999.0 -9999.0 -9999.0 -9999.0 -9999.0 -9999.0 -9999.0 -9999.0 -9999.0 -9999.0 -9999.0 -9999.0 -9999.0 -9999.0 -9999.0 -9999.0 -9999.0 -9999.0 -9999.0 246.4 292.6 265.5 248.8 169.8 186.2 173.2 172.5 170.5 185.4 185.8 225.7 268.0 321.7 375.5 391.9 379.0 289.9 296.2 212.6 194.4 165.8 179.8 217.2 244.3
-9999.0 -9999.0 -9999.0 -9999.0 -9999.0 -9999.0 -9999.0 -9999.0 -9999.0 -9999.0 -9999.0 -9999.0 -9999.0 -9999.0 -9999.0 -9999.0 -9999.0 -9999.0 -9999.0 -9999.0 -9999.0 -9999.0 -9999.0 -9999.0 -9999.0 -9999.0 -9999.0 -9999.0 -9999.0 -9999.0 -9999.0 -9999.0 -9999.0 -9999.0 -9999.0 -9999.0 -9999.0 -9999.0 -9999.0 -9999.0 -9999.0 -9999.0 -9999.0 -9999.0 -9999.0 -9999.0 -9999.0 -9999.0 -9999.0 -9999.0 268.2 420.0 308.0 301.3 263.3 209.0 187.8 205.3 188.7 155.4 140.7 164.6 200.4 266.9 304.9 238.7 219.5 164.0 174.1 171.2 190.7 206.0 227.2 242.4 231.8
-9999.0 -9999.0 -9999.0 -9999.0 -9999.0 -9999.0 -9999.0 -9999.0 -9999.0 -9999.0 -9999.0 -9999.0 -9999.0 -9999.0 -9999.0 -9999.0 -9999.0 -9999.0 -9999.0 -9999.0 -9999.0 -9999.0 -9999.0 -9999.0 -9999.0 -9999.0 -9999.0 -9999.0 -9999.0 -9999.0 -9999.0 -9999.0 -9999.0 -9999.0 -9999.0 -9999.0 -9999.0 -9999.0 -9999.0 -9999.0 -9999.0 -9999.0 -9999.0 -9999.0 -9999.0 -9999.0 -9999.0 -9999.0 -9999.0 -9999.0 252.7 351.9 304.2 456.0 280.3 235.6 292.5 230.4 219.6 158.7 144.8 158.2 180.7 201.2 239.6 194.3 147.0 133.5 143.3 197.3 208.4 273.6 254.8 270.5 209.5
-9999.0 -9999.0 -9999.0 -9999.0 -9999.0 -9999.0 -9999.0 -9999.0 -9999.0 -9999.0 -9999.0 -9999.0 -9999.0 -9999.0 -9999.0 -9999.0 -9999.0 -9999.0 -9999.0 -9999.0 -9999.0 -9999.0 -9999.0 -9999.0 -9999.0 -9999.0 -9999.0 -9999.0 -9999.0 -9999.0 -9999.0 -9999.0 -9999.0 -9999.0 -9999.0 -9999.0 -9999.0 -9999.0 -9999.0 -9999.0 -9999.0 -9999.0 -9999.0 -9999.0 -9999.0 -9999.0 -9999.0 -9999.0 -9999.0 -9999.0 385.6 509.9 419.8 433.4 368.9 378.8 235.2 266.2 247.9 191.4 185.5 171.4 140.3 203.4 249.2 225.2 212.7 188.7 228.7 160.6 224.3 256.6 280.6 276.3 209.8
-9999.0 -9999.0 -9999.0 -9999.0 -9999.0 -9999.0 -9999.0 -9999.0 -9999.0 -9999.0 -9999.0 -9999.0 -9999.0 -9999.0 -9999.0 -9999.0 -9999.0 -9999.0 -9999.0 -9999.0 -9999.0 -9999.0 -9999.0 -9999.0 -9999.0 -9999.0 -9999.0 -9999.0 -9999.0 -9999.0 -9999.0 -9999.0 -9999.0 -9999.0 -9999.0 -9999.0 -9999.0 -9999.0 -9999.0 -9999.0 -9999.0 -9999.0 -9999.0 -9999.0 -9999.0 -9999.0 -9999.0 -9999.0 -9999.0 -9999.0 -9999.0 -9999.0 -9999.0 352.9 305.6 292.4 297.4 309.7 244.5 244.8 386.9 197.6 331.2 282.9 306.2 284.9 316.1 227.6 272.9 260.4 237.5 251.1 272.7 271.0 255.7
-9999.0 -9999.0 -9999.0 -9999.0 -9999.0 -9999.0 -9999.0 -9999.0 -9999.0 -9999.0 -9999.0 -9999.0 -9999.0 -9999.0 -9999.0 -9999.0 -9999.0 -9999.0 -9999.0 -9999.0 -9999.0 -9999.0 -9999.0 -9999.0 -9999.0 -9999.0 -9999.0 -9999.0 -9999.0 -9999.0 -9999.0 -9999.0 -9999.0 -9999.0 -9999.0 -9999.0 -9999.0 -9999.0 -9999.0 -9999.0 -9999.0 -9999.0 -9999.0 -9999.0 -9999.0 -9999.0 -9999.0 -9999.0 -9999.0 -9999.0 -9999.0 -9999.0 -9999.0 380.1 302.0 556.6 294.8 250.3 303.5 451.4 366.5 300.4 504.4 328.9 347.6 338.6 223.3 377.5 254.2 246.7 231.5 269.8 323.7 344.2 335.8
-9999.0 -9999.0 -9999.0 -9999.0 -9999.0 -9999.0 -9999.0 -9999.0 -9999.0 -9999.0 -9999.0 -9999.0 -9999.0 -9999.0 -9999.0 -9999.0 -9999.0 -9999.0 -9999.0 -9999.0 -9999.0 -9999.0 -9999.0 -9999.0 -9999.0 -9999.0 -9999.0 -9999.0 -9999.0 -9999.0 -9999.0 -9999.0 -9999.0 -9999.0 -9999.0 -9999.0 -9999.0 -9999.0 -9999.0 -9999.0 -9999.0 -9999.0 -9999.0 -9999.0 -9999.0 -9999.0 -9999.0 -9999.0 -9999.0 -9999.0 -9999.0 -9999.0 -9999.0 435.0 262.7 422.5 338.7 277.8 342.4 400.7 545.0 539.8 717.8 738.0 334.1 -9999.0 -9999.0 -9999.0 347.6 263.1 289.4 367.2 439.5 460.3 442.1
-9999.0 -9999.0 -9999.0 -9999.0 -9999.0 -9999.0 -9999.0 -9999.0 -9999.0 -9999.0 -9999.0 -9999.0 -9999.0 -9999.0 -9999.0 -9999.0 -9999.0 -9999.0 -9999.0 -9999.0 -9999.0 -9999.0 -9999.0 -9999.0 -9999.0 -9999.0 -9999.0 -9999.0 -9999.0 -9999.0 -9999.0 -9999.0 -9999.0 -9999.0 -9999.0 -9999.0 -9999.0 -9999.0 -9999.0 -9999.0 -9999.0 -9999.0 -9999.0 -9999.0 -9999.0 -9999.0 -9999.0 -9999.0 -9999.0 -9999.0 -9999.0 -9999.0 -9999.0 -9999.0 448.0 400.6 256.8 238.9 406.1 595.8 428.0 -9999.0 -9999.0 -9999.0 -9999.0 -9999.0 -9999.0 -9999.0 330.1 364.5 457.0 442.0 493.7 508.7 447.2
-9999.0 -9999.0 -9999.0 -9999.0 -9999.0 -9999.0 -9999.0 -9999.0 -9999.0 -9999.0 -9999.0 -9999.0 -9999.0 -9999.0 -9999.0 -9999.0 -9999.0 -9999.0 -9999.0 -9999.0 -9999.0 -9999.0 -9999.0 -9999.0 -9999.0 -9999.0 -9999.0 -9999.0 -9999.0 -9999.0 -9999.0 -9999.0 -9999.0 -9999.0 -9999.0 -9999.0 -9999.0 -9999.0 -9999.0 -9999.0 -9999.0 -9999.0 -9999.0 -9999.0 -9999.0 -9999.0 -9999.0 -9999.0 -9999.0 -9999.0 -9999.0 -9999.0 -9999.0 -9999.0 -9999.0 383.7 586.1 371.5 358.9 527.4 555.0 -9999.0 -9999.0 -9999.0 -9999.0 -9999.0 -9999.0 -9999.0 -9999.0 -9999.0 446.9 -9999.0 -9999.0 -9999.0 -9999.0
