program/excelProcessViaJava/data/SURF_CLI_CHN_PRE_MON_GRID_0.5-199505.txt
NCOLS      128
NROWS       72
XLLCORNER    72.000000000000    
YLLCORNER    18.000000000000    
CELLSIZE    0.50000000000000    
NODATA_VALUE   -9999.000    
[rows 35 to 69 of 72, columns 0 to 76 of 128]
-9999.0 -9999.0 -9999.0 -9999.0 -9999.0 -9999.0 -9999.0 7.0 10.0 9.3 12.4 10.7 6.6 5.0 3.1 1.4 0.6 0.4 0.4 0.2 0.1 0.1 0.1 0.0 0.1 0.1 0.1 0.2 0.3 0.5 0.7 1.1 1.7 2.6 3.8 3.7 5.4 4.6 6.2 5.9 1.8 5.1 3.5 1.5 0.8 0.7 0.7 0.6 0.6 0.6 0.7 0.7 1.1 5.6 7.8 6.0 7.4 10.0 21.1 22.7 32.3 19.3 12.5 13.2 14.3 9.4 8.7 8.7 7.5 8.7 7.4 7.9 12.2 17.2 21.7 27.8 23.6
-9999.0 -9999.0 -9999.0 -9999.0 -9999.0 -9999.0 -9999.0 9.4 6.1 8.3 8.7 6.8 5.8 5.2 2.7 2.7 0.8 0.5 0.4 0.2 0.1 0.1 0.1 0.1 0.1 0.1 0.2 0.3 0.4 0.6 1.2 1.9 2.8 4.3 4.6 5.4 5.4 6.5 6.0 4.9 4.5 3.8 3.7 6.3 2.3 1.3 1.5 1.4 2.1 1.1 2.6 2.0 1.4 3.6 9.7 7.5 8.5 11.8 18.9 24.8 26.0 24.9 16.3 16.6 13.8 10.4 8.0 7.1 9.7 6.0 6.3 7.9 12.7 19.0 20.6 31.7 31.9
-9999.0 -9999.0 -9999.0 -9999.0 -9999.0 -9999.0 -9999.0 -9999.0 -9999.0 6.0 5.8 5.0 4.8 3.4 2.0 1.1 0.7 0.8 0.3 0.3 0.2 0.1 0.1 0.1 0.2 0.2 0.3 0.5 0.7 1.2 1.8 2.8 3.8 5.2 5.6 6.3 6.5 7.1 6.2 6.1 4.7 4.7 4.0 3.5 4.6 4.7 4.7 4.2 3.8 3.1 3.2 2.5 2.9 5.3 13.3 13.2 12.3 14.8 23.8 25.7 26.6 26.3 23.3 18.0 16.2 12.1 8.9 7.0 10.4 7.6 8.9 8.6 12.0 18.0 25.4 19.7 20.2
-9999.0 -9999.0 -9999.0 -9999.0 -9999.0 -9999.0 -9999.0 -9999.0 -9999.0 -9999.0 -9999.0 4.4 3.1 2.8 1.6 1.1 0.7 0.5 0.3 0.2 0.2 0.2 0.2 0.2 0.2 0.3 0.5 0.7 1.1 1.9 2.9 4.1 5.2 6.5 7.3 9.4 8.4 8.5 11.8 7.4 7.7 5.6 4.7 4.7 8.4 6.8 10.7 8.5 8.6 6.9 4.9 5.0 6.8 12.8 22.8 28.8 30.4 35.6 36.4 36.9 36.8 29.9 24.7 22.8 19.8 16.3 11.4 10.5 12.7 16.0 15.5 15.1 13.6 14.9 15.8 16.6 16.8
-9999.0 -9999.0 -9999.0 -9999.0 -9999.0 -9999.0 -9999.0 -9999.0 -9999.0 -9999.0 -9999.0 -9999.0 2.4 1.8 1.4 0.8 0.7 0.5 0.3 0.3 0.2 0.2 0.2 0.3 0.3 0.5 0.8 1.0 1.7 2.5 3.9 5.2 6.5 8.0 9.3 9.8 12.4 10.2 8.6 7.1 6.1 5.8 6.0 8.0 9.3 11.7 14.6 12.2 12.5 11.9 14.1 14.5 16.2 22.8 34.3 45.5 54.0 60.5 57.1 61.9 54.2 44.6 35.4 30.2 29.2 25.6 19.5 19.4 23.7 30.6 22.4 16.2 18.1 20.1 21.9 36.1 25.7
-9999.0 -9999.0 -9999.0 -9999.0 -9999.0 -9999.0 -9999.0 -9999.0 -9999.0 -9999.0 -9999.0 -9999.0 2.0 1.6 1.3 0.7 0.7 0.5 0.3 0.3 0.3 0.2 0.3 0.4 0.6 0.7 1.1 2.1 2.6 4.1 4.8 5.9 7.4 8.5 9.6 10.1 12.0 12.3 10.7 8.9 6.9 6.5 9.8 8.9 13.4 18.4 17.1 17.1 14.7 18.1 19.4 23.9 27.8 37.5 47.6 59.2 69.4 78.2 85.3 85.7 77.6 63.8 52.4 47.1 44.1 38.1 23.3 22.4 27.6 37.6 49.5 58.1 56.7 38.2 36.5 31.5 27.9
-9999.0 -9999.0 -9999.0 -9999.0 -9999.0 -9999.0 -9999.0 -9999.0 -9999.0 -9999.0 -9999.0 -9999.0 -9999.0 1.2 0.9 0.9 0.6 0.5 0.5 0.4 0.3 0.5 0.4 0.7 0.8 0.7 1.1 1.5 2.7 4.1 5.9 7.2 7.5 8.4 9.1 9.4 9.9 10.7 15.3 11.2 9.5 10.6 11.2 16.7 17.0 18.7 23.7 26.8 27.5 27.3 29.7 32.6 39.4 51.0 56.0 62.5 72.0 82.5 89.2 100.5 98.8 92.5 81.1 82.5 55.8 49.7 41.7 30.1 33.7 37.7 32.2 36.8 46.8 49.8 50.9 41.9 35.9
-9999.0 -9999.0 -9999.0 -9999.0 -9999.0 -9999.0 -9999.0 -9999.0 -9999.0 -9999.0 -9999.0 -9999.0 1.1 0.9 0.7 0.7 0.5 0.5 0.4 0.6 0.6 0.6 0.6 0.8 1.3 1.0 1.7 2.9 4.0 4.8 6.2 8.0 7.0 7.8 7.7 7.6 8.5 7.8 7.6 7.7 12.4 17.7 23.3 16.7 23.4 28.3 29.1 27.5 29.9 32.4 40.5 48.3 48.9 54.5 55.6 57.1 62.8 78.9 90.7 108.7 118.5 118.4 121.0 111.7 105.6 78.4 31.7 29.5 40.0 60.5 66.9 62.6 59.1 60.7 61.8 53.9 44.7
-9999.0 -9999.0 -9999.0 -9999.0 -9999.0 -9999.0 -9999.0 -9999.0 -9999.0 -9999.0 -9999.0 -9999.0 0.8 1.2 0.9 0.5 0.5 0.6 0.6 0.4 0.8 0.6 0.7 1.0 1.9 2.9 3.5 4.4 5.3 7.0 8.1 7.9 6.4 7.3 6.2 5.2 4.7 4.9 4.8 3.9 5.4 7.7 12.6 20.3 28.5 36.3 44.9 43.9 41.8 33.7 39.2 50.2 51.7 54.2 53.6 51.6 51.9 63.8 82.6 105.0 125.1 139.1 169.5 163.7 136.2 56.5 57.2 28.0 32.3 50.6 70.0 80.3 84.5 85.9 76.1 62.6 54.8
-9999.0 -9999.0 -9999.0 -9999.0 -9999.0 -9999.0 -9999.0 -9999.0 -9999.0 -9999.0 -9999.0 -9999.0 1.4 0.7 1.1 0.8 0.8 0.4 0.5 0.5 0.4 0.4 0.8 0.8 1.5 1.2 2.4 2.1 5.8 6.9 7.9 5.5 7.4 6.9 4.9 3.1 2.4 2.2 2.1 3.1 4.2 6.8 20.9 20.1 35.0 49.9 55.9 49.5 40.6 40.7 44.6 46.9 64.4 67.3 58.4 55.2 53.1 64.6 84.6 109.3 142.7 173.1 179.3 190.1 95.0 29.8 27.8 26.8 40.0 66.9 92.9 107.5 107.1 99.5 120.7 79.9 99.9
-9999.0 -9999.0 -9999.0 -9999.0 -9999.0 -9999.0 -9999.0 -9999.0 -9999.0 -9999.0 -9999.0 -9999.0 -9999.0 0.6 0.5 0.8 0.6 0.7 0.5 0.4 0.3 0.6 0.6 0.6 1.8 2.0 3.1 4.8 4.2 8.2 5.0 5.9 4.9 5.1 3.0 1.5 1.2 1.0 1.2 1.7 4.0 17.0 31.8 40.2 41.6 49.8 57.8 46.0 52.3 47.6 42.0 53.6 54.3 56.6 64.7 67.1 63.3 71.4 93.9 128.7 155.4 189.4 210.7 151.3 23.1 21.5 28.7 41.6 63.6 96.4 120.1 124.9 116.7 100.1 92.8 84.8 84.1
-9999.0 -9999.0 -9999.0 -9999.0 -9999.0 -9999.0 -9999.0 -9999.0 -9999.0 -9999.0 -9999.0 -9999.0 -9999.0 2.2 0.5 0.8 0.5 0.9 0.8 0.6 0.4 0.4 0.5 0.7 2.8 2.4 2.7 5.2 5.2 1.7 2.6 3.1 4.2 2.9 1.3 0.9 0.8 0.8 1.2 5.5 6.7 17.2 32.5 46.9 67.2 60.7 60.1 47.4 44.8 41.4 46.5 40.4 52.6 66.2 77.4 78.1 78.8 89.7 114.0 123.3 171.9 182.0 116.7 36.3 26.7 29.6 47.5 69.4 94.2 116.6 132.8 134.6 122.3 112.1 111.3 123.7 155.1
-9999.0 -9999.0 -9999.0 -9999.0 -9999.0 -9999.0 -9999.0 -9999.0 -9999.0 -9999.0 -9999.0 -9999.0 -9999.0 -9999.0 -9999.0 0.9 1.1 0.7 1.0 1.5 0.6 1.0 1.4 1.4 1.3 1.8 0.8 1.9 1.0 3.6 2.4 2.8 1.2 1.0 0.9 0.6 0.7 1.2 1.4 3.4 11.5 24.4 38.7 51.4 55.6 62.4 61.4 52.4 46.9 37.7 35.9 58.5 48.7 59.9 61.8 82.0 95.1 93.5 134.9 163.7 147.5 126.6 79.5 63.3 50.7 53.6 70.8 89.2 104.6 123.8 136.2 143.0 141.2 139.6 154.0 187.5 209.4
-9999.0 -9999.0 -9999.0 -9999.0 -9999.0 -9999.0 -9999.0 -9999.0 -9999.0 -9999.0 -9999.0 -9999.0 -9999.0 -9999.0 -9999.0 -9999.0 -9999.0 35.0 10.3 -9999.0 6.7 1.4 3.8 4.0 1.7 2.3 0.8 1.5 3.4 1.4 2.4 4.2 0.7 2.2 3.2 0.8 0.7 4.2 2.2 4.7 11.5 27.2 39.3 51.3 82.7 77.8 187.3 69.1 52.3 44.9 55.2 39.7 60.3 61.5 75.2 87.8 85.6 121.9 139.5 167.7 109.2 118.0 108.1 94.7 91.2 94.1 99.7 109.8 112.3 123.7 134.4 156.9 165.9 175.0 210.5 249.2 266.6
-9999.0 -9999.0 -9999.0 -9999.0 -9999.0 -9999.0 -9999.0 -9999.0 -9999.0 -9999.0 -9999.0 -9999.0 -9999.0 -9999.0 -9999.0 -9999.0 -9999.0 -9999.0 -9999.0 -9999.0 -9999.0 5.5 3.3 1.3 2.8 8.2 7.0 5.8 3.9 6.5 4.0 11.1 5.7 2.8 3.6 1.2 1.9 3.1 5.2 7.6 9.0 27.9 43.9 56.1 99.5 79.3 302.0 94.9 77.1 146.9 53.4 76.5 75.2 52.8 63.7 88.8 101.0 96.3 162.1 152.0 89.5 118.0 129.3 133.3 127.5 127.3 126.9 132.2 124.8 128.4 141.9 166.3 181.6 203.0 245.3 280.7 282.5
-9999.0 -9999.0 -9999.0 -9999.0 -9999.0 -9999.0 -9999.0 -9999.0 -9999.0 -9999.0 -9999.0 -9999.0 -9999.0 -9999.0 -9999.0 -9999.0 -9999.0 -9999.0 -9999.0 -9999.0 -9999.0 -9999.0 -9999.0 34.0 9.4 10.8 10.3 7.1 2.4 5.7 3.8 2.8 1.0 1.6 1.2 1.5 1.8 4.1 5.5 10.4 17.4 32.6 40.2 56.2 119.5 351.5 188.9 161.4 201.8 208.9 101.4 79.8 72.7 65.1 49.3 24.1 75.3 115.2 58.4 135.0 86.7 121.3 140.0 137.6 153.0 162.8 163.4 165.2 164.3 143.7 159.7 175.5 193.3 215.2 224.2 237.7 267.9
-9999.0 -9999.0 -9999.0 -9999.0 -9999.0 -9999.0 -9999.0 -9999.0 -9999.0 -9999.0 -9999.0 -9999.0 -9999.0 -9999.0 -9999.0 -9999.0 -9999.0 -9999.0 -9999.0 -9999.0 -9999.0 -9999.0 -9999.0 -9999.0 -9999.0 93.7 31.9 2.1 2.3 1.4 2.8 8.1 8.8 4.8 6.8 3.6 5.1 7.3 10.1 14.5 26.0 32.6 80.3 101.5 266.8 391.9 343.2 493.5 133.8 205.9 108.4 102.0 98.1 86.2 39.9 29.4 58.9 53.8 107.5 111.7 109.6 114.5 190.3 122.3 144.8 186.9 209.7 193.1 179.4 172.9 168.4 188.8 191.5 214.2 217.4 198.3 198.9
-9999.0 -9999.0 -9999.0 -9999.0 -9999.0 -9999.0 -9999.0 -9999.0 -9999.0 -9999.0 -9999.0 -9999.0 -9999.0 -9999.0 -9999.0 -9999.0 -9999.0 -9999.0 -9999.0 -9999.0 -9999.0 -9999.0 -9999.0 -9999.0 -9999.0 -9999.0 -9999.0 141.6 136.8 39.9 32.9 31.1 6.4 35.5 12.9 70.1 17.5 19.3 33.1 24.6 32.2 46.2 123.0 257.2 325.2 410.0 479.8 512.7 522.6 341.6 408.8 331.0 114.2 82.5 53.6 54.0 30.4 30.4 80.8 60.8 38.7 103.5 66.8 79.7 96.2 121.2 189.2 211.0 184.6 177.5 193.6 226.2 193.6 206.0 193.0 186.4 218.7
-9999.0 -9999.0 -9999.0 -9999.0 -9999.0 -9999.0 -9999.0 -9999.0 -9999.0 -9999.0 -9999.0 -9999.0 -9999.0 -9999.0 -9999.0 -9999.0 -9999.0 -9999.0 -9999.0 -9999.0 -9999.0 -9999.0 -9999.0 -9999.0 -9999.0 -9999.0 -9999.0 -9999.0 -9999.0 -9999.0 -9999.0 -9999.0 -9999.0 99.3 35.1 -9999.0 -9999.0 -9999.0 87.1 48.6 78.7 125.7 132.3 297.5 377.1 420.7 -9999.0 -9999.0 -9999.0 -9999.0 -9999.0 -9999.0 169.5 99.9 64.7 43.4 37.4 30.5 37.6 36.1 52.2 85.6 67.5 74.6 80.6 96.6 122.8 146.2 173.9 199.7 214.6 251.2 242.5 192.1 193.2 183.2 201.4
-9999.0 -9999.0 -9999.0 -9999.0 -9999.0 -9999.0 -9999.0 -9999.0 -9999.0 -9999.0 -9999.0 -9999.0 -9999.0 -9999.0 -9999.0 -9999.0 -9999.0 -9999.0 -9999.0 -9999.0 -9999.0 -9999.0 -9999.0 -9999.0 -9999.0 -9999.0 -9999.0 -9999.0 -9999.0 -9999.0 -9999.0 -9999.0 -9999.0 -9999.0 -9999.0 -9999.0 -9999.0 -9999.0 -9999.0 225.2 235.0 259.6 291.2 325.3 -9999.0 -9999.0 -9999.0 -9999.0 -9999.0 -9999.0 -9999.0 -9999.0 166.7 116.2 73.0 54.0 46.1 38.1 33.8 38.2 49.1 66.5 79.4 80.3 93.5 94.3 106.2 152.0 181.1 206.4 248.7 260.7 213.7 201.6 161.8 155.0 148.8
-9999.0 -9999.0 -9999.0 -9999.0 -9999.0 -9999.0 -9999.0 -9999.0 -9999.0 -9999.0 -9999.0 -9999.0 -9999.0 -9999.0 -9999.0 -9999.0 -9999.0 -9999.0 -9999.0 -9999.0 -9999.0 -9999.0 -9999.0 -9999.0 -9999.0 -9999.0 -9999.0 -9999.0 -9999.0 -9999.0 -9999.0 -9999.0 -9999.0 -9999.0 -9999.0 -9999.0 -9999.0 -9999.0 -9999.0 -9999.0 -9999.0 -9999.0 -9999.0 -9999.0 -9999.0 -9999.0 -9999.0 -9999.0 -9999.0 -9999.0 -9999.0 -9999.0 234.4 132.0 84.0 79.1 59.7 50.7 45.1 49.0 49.6 58.8 132.4 97.5 118.0 130.9 167.7 182.7 182.2 191.2 214.9 230.8 245.8 180.6 146.6 131.4 125.4
-9999.0 -9999.0 -9999.0 -9999.0 -9999.0 -9999.0 -9999.0 -9999.0 -9999.0 -9999.0 -9999.0 -9999.0 -9999.0 -9999.0 -9999.0 -9999.0 -9999.0 -9999.0 -9999.0 -9999.0 -9999.0 -9999.0 -9999.0 -9999.0 -9999.0 -9999.0 -9999.0 -9999.0 -9999.0 -9999.0 -9999.0 -9999.0 -9999.0 -9999.0 -9999.0 -9999.0 -9999.0 -9999.0 -9999.0 -9999.0 -9999.0 -9999.0 -9999.0 -9999.0 -9999.0 -9999.0 -9999.0 -9999.0 -9999.0 -9999.0 -9999.0 243.1 183.1 140.9 91.8 81.3 73.8 74.6 60.7 36.6 66.7 69.4 76.8 112.5 146.4 175.0 208.7 214.9 179.3 165.2 166.6 176.0 160.5 144.0 137.1 139.2 146.3
-9999.0 -9999.0 -9999.0 -9999.0 -9999.0 -9999.0 -9999.0 -9999.0 -9999.0 -9999.0 -9999.0 -9999.0 -9999.0 -9999.0 -9999.0 -9999.0 -9999.0 -9999.0 -9999.0 -9999.0 -9999.0 -9999.0 -9999.0 -9999.0 -9999.0 -9999.0 -9999.0 -9999.0 -9999.0 -9999.0 -9999.0 -9999.0 -9999.0 -9999.0 -9999.0 -9999.0 -9999.0 -9999.0 -9999.0 -9999.0 -9999.0 -9999.0 -9999.0 -9999.0 -9999.0 -9999.0 -9999.0 -9999.0 -9999.0 -9999.0 224.0 230.7 194.3 157.5 110.2 100.8 84.4 71.0 67.5 67.9 52.2 71.5 76.3 113.5 153.9 182.8 189.3 185.7 159.1 140.8 141.3 139.7 136.9 137.1 142.7 163.0 179.8
-9999.0 -9999.0 -9999.0 -9999.0 -9999.0 -9999.0 -9999.0 -9999.0 -9999.0 -9999.0 -9999.0 -9999.0 -9999.0 -9999.0 -9999.0 -9999.0 -9999.0 -9999.0 -9999.0 -9999.0 -9999.0 -9999.0 -9999.0 -9999.0 -9999.0 -9999.0 -9999.0 -9999.0 -9999.0 -9999.0 -9999.0 -9999.0 -9999.0 -9999.0 -9999.0 -9999.0 -9999.0 -9999.0 -9999.0 -9999.0 -9999.0 -9999.0 -9999.0 -9999.0 -9999.0 -9999.0 -9999.0 -9999.0 -9999.0 -9999.0 182.0 247.3 174.1 173.3 143.2 109.8 76.9 97.2 86.1 61.9 47.3 52.9 60.3 91.0 121.0 120.1 136.7 131.4 123.6 118.0 135.9 147.0 139.8 123.8 126.4 151.8 196.5
-9999.0 -9999.0 -9999.0 -9999.0 -9999.0 -9999.0 -9999.0 -9999.0 -9999.0 -9999.0 -9999.0 -9999.0 -9999.0 -9999.0 -9999.0 -9999.0 -9999.0 -9999.0 -9999.0 -9999.0 -9999.0 -9999.0 -9999.0 -9999.0 -9999.0 -9999.0 -9999.0 -9999.0 -9999.0 -9999.0 -9999.0 -9999.0 -9999.0 -9999.0 -9999.0 -9999.0 -9999.0 -9999.0 -9999.0 -9999.0 -9999.0 -9999.0 -9999.0 -9999.0 -9999.0 -9999.0 -9999.0 -9999.0 -9999.0 -9999.0 145.5 166.1 136.1 211.2 126.5 99.6 127.0 92.8 94.9 60.0 61.9 65.2 63.2 60.6 78.9 83.1 88.0 91.6 86.8 114.4 137.8 165.9 145.4 129.7 109.5 131.1 190.8
-9999.0 -9999.0 -9999.0 -9999.0 -9999.0 -9999.0 -9999.0 -9999.0 -9999.0 -9999.0 -9999.0 -9999.0 -9999.0 -9999.0 -9999.0 -9999.0 -9999.0 -9999.0 -9999.0 -9999.0 -9999.0 -9999.0 -9999.0 -9999.0 -9999.0 -9999.0 -9999.0 -9999.0 -9999.0 -9999.0 -9999.0 -9999.0 -9999.0 -9999.0 -9999.0 -9999.0 -9999.0 -9999.0 -9999.0 -9999.0 -9999.0 -9999.0 -9999.0 -9999.0 -9999.0 -9999.0 -9999.0 -9999.0 -9999.0 -9999.0 174.2 214.9 173.1 175.8 144.6 141.5 78.5 92.9 94.3 81.0 96.5 86.4 54.3 58.8 67.9 73.3 91.9 100.1 115.6 77.0 136.4 160.4 152.3 128.0 95.0 111.4 152.5
-9999.0 -9999.0 -9999.0 -9999.0 -9999.0 -9999.0 -9999.0 -9999.0 -9999.0 -9999.0 -9999.0 -9999.0 -9999.0 -9999.0 -9999.0 -9999.0 -9999.0 -9999.0 -9999.0 -9999.0 -9999.0 -9999.0 -9999.0 -9999.0 -9999.0 -9999.0 -9999.0 -9999.0 -9999.0 -9999.0 -9999.0 -9999.0 -9999.0 -9999.0 -9999.0 -9999.0 -9999.0 -9999.0 -9999.0 -9999.0 -9999.0 -9999.0 -9999.0 -9999.0 -9999.0 -9999.0 -9999.0 -9999.0 -9999.0 -9999.0 -9999.0 -9999.0 -9999.0 142.0 121.9 108.0 101.7 108.1 101.8 125.3 206.9 116.8 144.7 88.6 76.6 76.8 105.1 97.3 119.3 126.6 138.4 144.6 132.4 110.5 94.5 88.6 108.7
-9999.0 -9999.0 -9999.0 -9999.0 -9999.0 -9999.0 -9999.0 -9999.0 -9999.0 -9999.0 -9999.0 -9999.0 -9999.0 -9999.0 -9999.0 -9999.0 -9999.0 -9999.0 -9999.0 -9999.0 -9999.0 -9999.0 -9999.0 -9999.0 -9999.0 -9999.0 -9999.0 -9999.0 -9999.0 -9999.0 -9999.0 -9999.0 -9999.0 -9999.0 -9999.0 -9999.0 -9999.0 -9999.0 -9999.0 -9999.0 -9999.0 -9999.0 -9999.0 -9999.0 -9999.0 -9999.0 -9999.0 -9999.0 -9999.0 -9999.0 -9999.0 -9999.0 -9999.0 157.5 133.8 187.0 117.8 110.5 143.9 234.0 224.6 165.7 224.1 113.3 96.0 91.2 73.7 132.2 107.1 120.9 123.5 122.2 117.8 107.6 98.8 108.9 104.3
-9999.0 -9999.0 -9999.0 -9999.0 -9999.0 -9999.0 -9999.0 -9999.0 -9999.0 -9999.0 -9999.0 -9999.0 -9999.0 -9999.0 -9999.0 -9999.0 -9999.0 -9999.0 -9999.0 -9999.0 -9999.0 -9999.0 -9999.0 -9999.0 -9999.0 -9999.0 -9999.0 -9999.0 -9999.0 -9999.0 -9999.0 -9999.0 -9999.0 -9999.0 -9999.0 -9999.0 -9999.0 -9999.0 -9999.0 -9999.0 -9999.0 -9999.0 -9999.0 -9999.0 -9999.0 -9999.0 -9999.0 -9999.0 -9999.0 -9999.0 -9999.0 -9999.0 -9999.0 181.8 138.2 172.3 148.8 137.6 170.5 211.7 285.5 261.6 292.9 244.0 97.2 -9999.0 -9999.0 -9999.0 129.5 109.1 109.7 110.4 104.6 98.8 101.6 123.4 117.2
-9999.0 -9999.0 -9999.0 -9999.0 -9999.0 -9999.0 -9999.0 -9999.0 -9999.0 -9999.0 -9999.0 -9999.0 -9999.0 -9999.0 -9999.0 -9999.0 -9999.0 -9999.0 -9999.0 -9999.0 -9999.0 -9999.0 -9999.0 -9999.0 -9999.0 -9999.0 -9999.0 -9999.0 -9999.0 -9999.0 -9999.0 -9999.0 -9999.0 -9999.0 -9999.0 -9999.0 -9999.0 -9999.0 -9999.0 -9999.0 -9999.0 -9999.0 -9999.0 -9999.0 -9999.0 -9999.0 -9999.0 -9999.0 -9999.0 -9999.0 -9999.0 -9999.0 -9999.0 -9999.0 190.7 176.6 137.4 127.4 175.8 248.9 168.9 -9999.0 -9999.0 -9999.0 -9999.0 -9999.0 -9999.0 -9999.0 101.2 109.5 119.5 80.0 69.3 72.1 81.1 105.2 125.7
-9999.0 -9999.0 -9999.0 -9999.0 -9999.0 -9999.0 -9999.0 -9999.0 -9999.0 -9999.0 -9999.0 -9999.0 -9999.0 -9999.0 -9999.0 -9999.0 -9999.0 -9999.0 -9999.0 -9999.0 -9999.0 -9999.0 -9999.0 -9999.0 -9999.0 -9999.0 -9999.0 -9999.0 -9999.0 -9999.0 -9999.0 -9999.0 -9999.0 -9999.0 -9999.0 -9999.0 -9999.0 -9999.0 -9999.0 -9999.0 -9999.0 -9999.0 -9999.0 -9999.0 -9999.0 -9999.0 -9999.0 -9999.0 -9999.0 -9999.0 -9999.0 -9999.0 -9999.0 -9999.0 -9999.0 165.8 209.6 144.8 124.4 167.7 167.4 -9999.0 -9999.0 -9999.0 -9999.0 -9999.0 -9999.0 -9999.0 -9999.0 -9999.0 75.3 -9999.0 -9999.0 -9999.0 -9999.0 -9999.0 117.8
-9999.0 -9999.0 -9999.0 -9999.0 -9999.0 -9999.0 -9999.0 -9999.0 -9999.0 -9999.0 -9999.0 -9999.0 -9999.0 -9999.0 -9999.0 -9999.0 -9999.0 -9999.0 -9999.0 -9999.0 -9999.0 -9999.0 -9999.0 -9999.0 -9999.0 -9999.0 -9999.0 -9999.0 -9999.0 -9999.0 -9999.0 -9999.0 -9999.0 -9999.0 -9999.0 -9999.0 -9999.0 -9999.0 -9999.0 -9999.0 -9999.0 -9999.0 -9999.0 -9999.0 -9999.0 -9999.0 -9999.0 -9999.0 -9999.0 -9999.0 -9999.0 -9999.0 -9999.0 -9999.0 -9999.0 -9999.0 -9999.0 -9999.0 136.7 114.2 -9999.0 -9999.0 -9999.0 -9999.0 -9999.0 -9999.0 -9999.0 -9999.0 -9999.0 -9999.0 -9999.0 -9999.0 -9999.0 -9999.0 -9999.0 82.7 116.2
-9999.0 -9999.0 -9999.0 -9999.0 -9999.0 -9999.0 -9999.0 -9999.0 -9999.0 -9999.0 -9999.0 -9999.0 -9999.0 -9999.0 -9999.0 -9999.0 -9999.0 -9999.0 -9999.0 -9999.0 -9999.0 -9999.0 -9999.0 -9999.0 -9999.0 -9999.0 -9999.0 -9999.0 -9999.0 -9999.0 -9999.0 -9999.0 -9999.0 -9999.0 -9999.0 -9999.0 -9999.0 -9999.0 -9999.0 -9999.0 -9999.0 -9999.0 -9999.0 -9999.0 -9999.0 -9999.0 -9999.0 -9999.0 -9999.0 -9999.0 -9999.0 -9999.0 -9999.0 -9999.0 -9999.0 -9999.0 -9999.0 -9999.0 -9999.0 -9999.0 -9999.0 -9999.0 -9999.0 -9999.0 -9999.0 -9999.0 -9999.0 -9999.0 -9999.0 -9999.0 -9999.0 -9999.0 -9999.0 -9999.0 -9999.0 -9999.0 -9999.0
-9999.0 -9999.0 -9999.0 -9999.0 -9999.0 -9999.0 -9999.0 -9999.0 -9999.0 -9999.0 -9999.0 -9999.0 -9999.0 -9999.0 -9999.0 -9999.0 -9999.0 -9999.0 -9999.0 -9999.0 -9999.0 -9999.0 -9999.0 -9999.0 -9999.0 -9999.0 -9999.0 -9999.0 -9999.0 -9999.0 -9999.0 -9999.0 -9999.0 -9999.0 -9999.0 -9999.0 -9999.0 -9999.0 -9999.0 -9999.0 -9999.0 -9999.0 -9999.0 -9999.0 -9999.0 -9999.0 -9999.0 -9999.0 -9999.0 -9999.0 -9999.0 -9999.0 -9999.0 -9999.0 -9999.0 -9999.0 -9999.0 -9999.0 -9999.0 -9999.0 -9999.0 -9999.0 -9999.0 -9999.0 -9999.0 -9999.0 -9999.0 -9999.0 -9999.0 -9999.0 -9999.0 -9999.0 -9999.0 -9999.0 -9999.0 146.9 172.7
-9999.0 -9999.0 -9999.0 -9999.0 -9999.0 -9999.0 -9999.0 -9999.0 -9999.0 -9999.0 -9999.0 -9999.0 -9999.0 -9999.0 -9999.0 -9999.0 -9999.0 -9999.0 -9999.0 -9999.0 -9999.0 -9999.0 -9999.0 -9999.0 -9999.0 -9999.0 -9999.0 -9999.0 -9999.0 -9999.0 -9999.0 -9999.0 -9999.0 -9999.0 -9999.0 -9999.0 -9999.0 -9999.0 -9999.0 -9999.0 -9999.0 -9999.0 -9999.0 -9999.0 -9999.0 -9999.0 -9999.0 -9999.0 -9999.0 -9999.0 -9999.0 -9999.0 -9999.0 -9999.0 -9999.0 -9999.0 -9999.0 -9999.0 -9999.0 -9999.0 -9999.0 -9999.0 -9999.0 -9999.0 -9999.0 -9999.0 -9999.0 -9999.0 -9999.0 -9999.0 -9999.0 -9999.0 -9999.0 145.7 197.3 208.3 239.0
