program/excelProcessViaJava/data/SURF_CLI_CHN_PRE_MON_GRID_0.5-199905.txt
NCOLS      128
NROWS       72
XLLCORNER    72.000000000000    
YLLCORNER    18.000000000000    
CELLSIZE    0.50000000000000    
NODATA_VALUE   -9999.000    
[rows 34 to 67 of 72, columns 0 to 75 of 128]
-9999.0 -9999.0 -9999.0 -9999.0 26.1 17.8 30.1 13.7 34.4 29.7 8.2 21.0 12.7 11.6 2.1 1.5 1.3 0.5 0.4 0.5 1.0 1.5 1.9 2.4 3.4 4.4 2.9 2.9 2.8 3.0 3.2 4.3 4.0 4.6 5.9 5.7 9.5 14.0 11.3 8.7 17.2 8.6 9.1 7.7 7.9 7.6 6.8 6.0 5.6 6.8 8.8 13.4 23.5 25.2 25.6 25.0 24.6 26.6 35.0 38.7 59.9 46.6 51.1 60.1 57.4 54.0 57.7 50.8 45.9 45.8 39.0 37.8 34.9 31.8 27.8 27.7
-9999.0 -9999.0 -9999.0 -9999.0 -9999.0 -9999.0 -9999.0 13.6 18.8 12.4 24.7 22.0 10.5 11.2 9.7 0.8 2.5 0.8 0.7 1.4 3.0 4.2 4.1 3.6 3.3 3.2 3.5 3.7 4.0 5.0 5.5 6.1 6.6 8.1 10.3 10.1 14.6 15.3 21.7 25.8 18.1 34.6 34.1 26.1 17.4 10.8 11.4 9.0 9.7 7.9 8.9 12.4 17.7 19.3 18.9 21.8 24.5 29.5 34.2 46.8 54.1 40.2 45.9 63.6 74.3 64.9 60.8 60.2 56.2 57.1 53.7 51.1 49.2 45.1 40.1 43.0
-9999.0 -9999.0 -9999.0 -9999.0 -9999.0 -9999.0 -9999.0 27.6 7.7 14.4 16.0 10.1 11.1 14.2 8.0 13.2 5.3 4.2 6.3 3.3 3.0 3.9 3.4 3.4 3.4 3.6 3.9 4.9 4.9 5.5 7.2 8.4 9.6 12.4 12.5 14.5 15.6 19.7 22.1 24.2 28.4 31.8 35.0 40.4 27.4 18.5 17.7 16.2 19.9 17.5 22.0 19.9 18.4 18.6 17.3 21.3 25.7 30.8 33.5 38.4 47.2 48.9 50.0 66.7 72.4 63.8 58.0 60.8 73.7 68.2 72.3 72.3 68.3 64.5 58.7 71.4
-9999.0 -9999.0 -9999.0 -9999.0 -9999.0 -9999.0 -9999.0 -9999.0 -9999.0 10.5 8.5 6.1 9.8 7.8 5.0 3.5 4.4 8.2 4.1 5.6 3.6 2.9 3.0 3.3 3.6 4.0 4.8 5.6 6.2 8.3 8.5 10.6 12.5 15.2 15.7 17.5 19.1 22.0 23.1 26.6 28.4 33.6 35.3 33.7 33.8 29.9 26.5 24.1 24.4 25.1 26.2 24.3 22.9 22.9 20.9 24.2 30.1 34.0 32.3 36.4 39.4 43.9 52.0 56.0 62.5 59.3 57.6 66.4 89.1 87.2 95.4 93.6 86.7 84.4 92.3 92.8
-9999.0 -9999.0 -9999.0 -9999.0 -9999.0 -9999.0 -9999.0 -9999.0 -9999.0 -9999.0 -9999.0 9.1 2.4 7.0 4.0 4.1 3.1 2.5 2.3 2.7 3.4 2.9 3.3 3.5 4.8 5.0 6.2 7.3 8.6 10.0 12.0 15.2 16.7 19.4 21.2 25.7 25.1 26.4 32.4 28.8 32.5 33.8 36.0 37.0 40.5 35.1 36.7 32.8 35.3 37.2 37.6 36.5 34.4 32.6 30.0 31.0 34.0 34.7 38.4 39.8 40.0 42.5 48.3 52.2 60.0 52.7 55.7 74.4 97.0 110.8 114.7 114.1 103.5 100.9 123.3 127.9
-9999.0 -9999.0 -9999.0 -9999.0 -9999.0 -9999.0 -9999.0 -9999.0 -9999.0 -9999.0 -9999.0 -9999.0 2.2 1.7 3.9 2.1 4.7 2.5 2.4 4.0 2.1 2.8 3.3 3.8 6.4 5.8 6.9 8.9 10.6 13.6 15.7 18.6 21.8 25.8 28.9 30.8 34.8 32.8 31.3 30.1 30.7 33.8 38.4 43.3 45.2 45.7 45.7 43.9 48.6 54.7 56.5 54.6 53.1 53.8 51.2 47.6 45.7 43.5 56.4 49.8 49.6 49.6 53.7 57.7 53.7 74.9 65.7 87.1 108.5 124.5 116.6 124.1 132.2 135.2 122.4 151.5
-9999.0 -9999.0 -9999.0 -9999.0 -9999.0 -9999.0 -9999.0 -9999.0 -9999.0 -9999.0 -9999.0 -9999.0 6.4 1.0 0.6 2.2 0.9 1.3 2.7 2.5 2.8 3.6 4.0 4.4 5.2 6.7 8.3 10.1 12.7 15.4 19.0 23.1 27.0 31.0 34.9 37.4 40.4 40.8 38.7 36.3 34.9 37.4 43.4 48.8 54.1 57.4 59.5 61.5 67.8 74.9 79.6 75.9 76.8 73.4 82.1 72.4 73.7 69.5 81.0 77.4 69.3 62.8 63.9 72.0 59.8 75.8 56.4 73.3 90.6 109.2 126.6 143.7 143.1 105.0 102.1 88.7
-9999.0 -9999.0 -9999.0 -9999.0 -9999.0 -9999.0 -9999.0 -9999.0 -9999.0 -9999.0 -9999.0 -9999.0 -9999.0 2.0 3.7 0.7 1.7 1.2 1.4 1.9 2.8 3.1 4.6 5.0 6.4 8.4 10.2 12.5 14.9 18.1 22.0 26.5 31.2 36.0 40.4 44.0 46.2 46.7 47.4 43.3 41.3 43.0 47.4 53.6 61.9 70.2 73.3 74.8 78.5 84.9 89.0 92.7 94.5 75.9 83.8 89.5 95.8 90.4 80.6 94.0 90.4 85.1 82.5 79.9 58.3 73.1 86.7 83.2 93.2 95.1 94.8 96.2 90.7 89.0 92.9 75.0
-9999.0 -9999.0 -9999.0 -9999.0 -9999.0 -9999.0 -9999.0 -9999.0 -9999.0 -9999.0 -9999.0 -9999.0 2.9 5.2 3.5 1.4 3.7 2.5 2.7 2.2 3.0 3.9 5.2 6.4 7.8 9.7 11.5 13.7 16.6 20.0 24.3 29.7 34.0 39.8 44.6 49.0 51.3 52.5 50.4 46.9 45.9 47.3 50.4 57.5 64.3 71.3 78.7 82.8 81.7 84.3 83.0 80.1 94.0 91.9 106.5 109.5 97.4 134.1 116.7 127.9 117.8 107.3 107.0 109.6 108.8 97.9 57.6 74.2 97.2 115.5 106.4 88.9 91.4 113.6 102.6 83.7
-9999.0 -9999.0 -9999.0 -9999.0 -9999.0 -9999.0 -9999.0 -9999.0 -9999.0 -9999.0 -9999.0 -9999.0 5.8 1.4 1.9 7.0 5.3 2.4 2.8 4.4 4.2 5.9 7.0 8.2 9.6 11.3 13.2 15.4 18.1 21.9 26.4 31.1 35.3 42.5 47.5 51.3 55.0 55.4 53.3 49.7 47.2 49.3 53.8 58.5 63.3 66.0 64.3 65.6 66.8 75.6 80.0 77.1 94.8 114.0 124.3 141.3 122.4 119.2 137.4 127.9 126.2 124.1 132.2 123.7 116.8 64.8 86.8 72.7 87.3 103.8 101.4 92.4 88.1 72.4 71.6 75.9
-9999.0 -9999.0 -9999.0 -9999.0 -9999.0 -9999.0 -9999.0 -9999.0 -9999.0 -9999.0 -9999.0 -9999.0 1.6 5.3 2.1 2.9 3.2 7.0 5.4 6.3 8.9 9.8 9.4 10.9 11.8 13.1 14.4 15.9 18.9 22.1 26.3 29.4 36.7 43.0 47.4 50.4 53.4 54.3 53.2 48.5 48.3 55.5 52.1 67.5 59.5 53.6 50.7 50.9 54.8 57.0 60.5 74.1 61.9 68.4 94.2 155.5 134.5 129.6 134.9 156.3 157.2 153.7 145.1 133.4 86.7 51.4 56.3 66.3 83.5 98.8 102.9 92.3 82.9 77.9 132.5 88.5
-9999.0 -9999.0 -9999.0 -9999.0 -9999.0 -9999.0 -9999.0 -9999.0 -9999.0 -9999.0 -9999.0 -9999.0 -9999.0 14.0 10.6 5.1 6.3 6.4 9.3 10.9 14.8 12.2 13.7 14.6 14.6 15.3 16.1 17.4 18.4 22.1 23.6 28.2 32.4 38.8 41.9 42.4 45.7 50.5 49.9 49.9 51.0 48.5 49.7 52.1 57.3 49.0 39.6 41.3 34.0 36.0 45.8 45.6 59.3 91.7 82.2 96.4 144.1 148.1 147.5 142.5 161.0 148.4 162.6 108.5 53.1 50.3 50.8 63.7 83.9 105.3 113.1 115.3 106.1 130.2 106.0 116.6
-9999.0 -9999.0 -9999.0 -9999.0 -9999.0 -9999.0 -9999.0 -9999.0 -9999.0 -9999.0 -9999.0 -9999.0 -9999.0 3.6 13.8 8.5 14.7 10.0 11.8 14.3 19.3 19.2 19.5 18.7 18.2 18.1 17.9 18.4 18.6 18.8 20.5 23.6 28.5 31.6 32.9 35.6 40.3 44.0 44.5 43.7 48.4 50.8 52.2 50.1 41.0 38.0 30.8 29.2 23.9 24.0 26.2 39.7 44.5 54.0 65.1 86.4 119.6 137.0 146.5 177.9 175.1 165.8 109.6 65.4 51.1 46.7 52.5 74.2 104.0 131.8 152.8 158.7 158.1 151.1 150.1 150.0
-9999.0 -9999.0 -9999.0 -9999.0 -9999.0 -9999.0 -9999.0 -9999.0 -9999.0 -9999.0 -9999.0 -9999.0 -9999.0 -9999.0 -9999.0 13.8 13.7 17.6 17.7 18.5 24.0 23.0 23.3 23.6 23.1 21.9 21.4 19.0 18.5 17.8 18.3 20.3 21.9 23.9 26.0 28.2 31.5 37.8 40.1 42.5 42.8 44.3 45.7 45.6 53.6 56.4 27.4 35.8 17.6 26.6 19.1 25.3 35.2 47.5 73.3 76.9 95.4 129.8 140.4 160.4 179.7 135.3 111.5 79.4 53.9 45.1 61.3 99.5 133.1 161.7 189.0 202.1 188.2 184.3 192.3 187.7
-9999.0 -9999.0 -9999.0 -9999.0 -9999.0 -9999.0 -9999.0 -9999.0 -9999.0 -9999.0 -9999.0 -9999.0 -9999.0 -9999.0 -9999.0 -9999.0 -9999.0 7.6 17.3 -9999.0 25.5 31.5 30.2 30.3 29.6 27.2 25.9 21.6 18.9 17.3 16.5 18.3 19.1 20.6 22.3 20.3 26.1 30.7 32.2 36.0 38.3 39.7 40.1 41.2 109.4 65.3 213.1 19.7 25.7 16.2 40.9 24.8 55.5 41.6 51.9 63.9 82.5 105.1 138.5 167.9 141.0 144.4 131.7 101.4 73.4 62.3 86.7 130.5 157.1 169.4 186.2 207.2 211.8 211.0 208.2 212.4
-9999.0 -9999.0 -9999.0 -9999.0 -9999.0 -9999.0 -9999.0 -9999.0 -9999.0 -9999.0 -9999.0 -9999.0 -9999.0 -9999.0 -9999.0 -9999.0 -9999.0 -9999.0 -9999.0 -9999.0 -9999.0 38.8 40.9 42.7 38.2 35.5 31.3 26.5 21.5 18.8 16.3 19.8 18.9 17.1 15.9 14.4 16.0 20.0 25.4 33.4 37.0 35.0 35.1 34.5 106.6 41.1 296.9 57.0 21.0 37.8 24.8 28.7 35.3 45.2 49.1 59.4 74.2 98.6 126.1 173.3 144.7 154.8 143.9 125.8 110.2 110.1 140.7 172.3 179.7 166.2 167.2 206.3 211.0 199.9 193.9 201.0
-9999.0 -9999.0 -9999.0 -9999.0 -9999.0 -9999.0 -9999.0 -9999.0 -9999.0 -9999.0 -9999.0 -9999.0 -9999.0 -9999.0 -9999.0 -9999.0 -9999.0 -9999.0 -9999.0 -9999.0 -9999.0 -9999.0 -9999.0 49.6 49.0 45.6 40.6 33.7 27.3 21.7 18.4 17.6 20.6 16.9 17.4 15.7 19.3 17.4 25.3 30.1 30.2 33.8 30.2 40.0 104.8 303.2 144.5 108.6 145.2 150.9 63.7 39.3 58.4 53.5 48.5 38.2 66.9 95.3 125.1 163.4 167.2 173.4 153.1 116.1 111.9 140.7 179.9 197.0 196.4 173.7 201.5 198.7 194.1 193.6 173.9 182.6
-9999.0 -9999.0 -9999.0 -9999.0 -9999.0 -9999.0 -9999.0 -9999.0 -9999.0 -9999.0 -9999.0 -9999.0 -9999.0 -9999.0 -9999.0 -9999.0 -9999.0 -9999.0 -9999.0 -9999.0 -9999.0 -9999.0 -9999.0 -9999.0 -9999.0 57.6 55.9 49.3 39.8 39.9 27.2 23.4 22.5 21.4 17.7 22.4 34.2 21.4 31.4 28.3 36.5 28.1 74.6 81.4 209.2 288.5 258.1 362.1 67.8 135.5 52.6 64.8 62.1 63.5 45.7 40.2 62.6 79.3 119.3 149.1 167.7 163.2 172.4 96.5 95.3 121.9 149.6 172.0 202.7 215.8 197.6 192.4 172.5 190.9 189.5 189.8
-9999.0 -9999.0 -9999.0 -9999.0 -9999.0 -9999.0 -9999.0 -9999.0 -9999.0 -9999.0 -9999.0 -9999.0 -9999.0 -9999.0 -9999.0 -9999.0 -9999.0 -9999.0 -9999.0 -9999.0 -9999.0 -9999.0 -9999.0 -9999.0 -9999.0 -9999.0 -9999.0 58.8 56.8 46.9 39.8 35.8 37.6 30.1 28.7 31.0 22.7 23.8 25.0 28.6 35.1 31.7 85.2 164.6 208.3 259.4 303.3 334.9 356.5 239.6 312.0 273.6 93.5 77.5 55.4 55.7 51.0 65.8 109.9 119.4 114.8 145.0 98.9 83.2 87.4 89.0 114.1 134.5 159.8 177.5 178.8 191.9 171.8 188.5 203.5 227.6
-9999.0 -9999.0 -9999.0 -9999.0 -9999.0 -9999.0 -9999.0 -9999.0 -9999.0 -9999.0 -9999.0 -9999.0 -9999.0 -9999.0 -9999.0 -9999.0 -9999.0 -9999.0 -9999.0 -9999.0 -9999.0 -9999.0 -9999.0 -9999.0 -9999.0 -9999.0 -9999.0 -9999.0 -9999.0 -9999.0 -9999.0 -9999.0 -9999.0 40.9 38.0 -9999.0 -9999.0 -9999.0 38.5 32.7 43.6 67.3 73.9 151.1 190.6 224.5 -9999.0 -9999.0 -9999.0 -9999.0 -9999.0 -9999.0 149.0 89.0 70.0 58.9 61.6 66.0 82.4 93.7 113.0 128.8 100.0 82.8 75.9 82.2 98.3 119.1 137.1 145.8 153.1 168.7 177.6 179.0 196.0 237.5
-9999.0 -9999.0 -9999.0 -9999.0 -9999.0 -9999.0 -9999.0 -9999.0 -9999.0 -9999.0 -9999.0 -9999.0 -9999.0 -9999.0 -9999.0 -9999.0 -9999.0 -9999.0 -9999.0 -9999.0 -9999.0 -9999.0 -9999.0 -9999.0 -9999.0 -9999.0 -9999.0 -9999.0 -9999.0 -9999.0 -9999.0 -9999.0 -9999.0 -9999.0 -9999.0 -9999.0 -9999.0 -9999.0 -9999.0 57.6 69.2 84.9 104.7 128.1 -9999.0 -9999.0 -9999.0 -9999.0 -9999.0 -9999.0 -9999.0 -9999.0 150.4 109.6 83.7 71.5 69.7 68.9 76.7 94.9 114.8 124.1 114.9 93.8 90.6 96.5 107.2 111.7 118.4 131.0 144.7 160.1 164.4 163.5 190.3 203.9
-9999.0 -9999.0 -9999.0 -9999.0 -9999.0 -9999.0 -9999.0 -9999.0 -9999.0 -9999.0 -9999.0 -9999.0 -9999.0 -9999.0 -9999.0 -9999.0 -9999.0 -9999.0 -9999.0 -9999.0 -9999.0 -9999.0 -9999.0 -9999.0 -9999.0 -9999.0 -9999.0 -9999.0 -9999.0 -9999.0 -9999.0 -9999.0 -9999.0 -9999.0 -9999.0 -9999.0 -9999.0 -9999.0 -9999.0 -9999.0 -9999.0 -9999.0 -9999.0 -9999.0 -9999.0 -9999.0 -9999.0 -9999.0 -9999.0 -9999.0 -9999.0 -9999.0 194.1 133.9 98.9 97.7 73.3 71.6 82.5 108.3 132.2 147.0 169.9 115.6 107.9 112.5 119.7 119.2 115.9 121.6 137.5 157.0 164.8 156.9 159.5 214.4
-9999.0 -9999.0 -9999.0 -9999.0 -9999.0 -9999.0 -9999.0 -9999.0 -9999.0 -9999.0 -9999.0 -9999.0 -9999.0 -9999.0 -9999.0 -9999.0 -9999.0 -9999.0 -9999.0 -9999.0 -9999.0 -9999.0 -9999.0 -9999.0 -9999.0 -9999.0 -9999.0 -9999.0 -9999.0 -9999.0 -9999.0 -9999.0 -9999.0 -9999.0 -9999.0 -9999.0 -9999.0 -9999.0 -9999.0 -9999.0 -9999.0 -9999.0 -9999.0 -9999.0 -9999.0 -9999.0 -9999.0 -9999.0 -9999.0 -9999.0 -9999.0 196.3 175.0 151.5 85.9 81.8 74.4 92.7 97.8 103.7 165.8 175.1 166.2 143.2 131.6 135.6 143.5 143.6 128.9 130.7 141.0 152.3 169.0 201.8 210.3 244.2
-9999.0 -9999.0 -9999.0 -9999.0 -9999.0 -9999.0 -9999.0 -9999.0 -9999.0 -9999.0 -9999.0 -9999.0 -9999.0 -9999.0 -9999.0 -9999.0 -9999.0 -9999.0 -9999.0 -9999.0 -9999.0 -9999.0 -9999.0 -9999.0 -9999.0 -9999.0 -9999.0 -9999.0 -9999.0 -9999.0 -9999.0 -9999.0 -9999.0 -9999.0 -9999.0 -9999.0 -9999.0 -9999.0 -9999.0 -9999.0 -9999.0 -9999.0 -9999.0 -9999.0 -9999.0 -9999.0 -9999.0 -9999.0 -9999.0 -9999.0 150.7 223.6 210.0 172.2 108.5 97.5 81.7 89.5 112.3 152.8 162.0 190.1 171.2 158.5 150.6 157.1 162.3 158.2 150.3 157.2 157.6 167.8 189.4 207.1 216.5 212.4
-9999.0 -9999.0 -9999.0 -9999.0 -9999.0 -9999.0 -9999.0 -9999.0 -9999.0 -9999.0 -9999.0 -9999.0 -9999.0 -9999.0 -9999.0 -9999.0 -9999.0 -9999.0 -9999.0 -9999.0 -9999.0 -9999.0 -9999.0 -9999.0 -9999.0 -9999.0 -9999.0 -9999.0 -9999.0 -9999.0 -9999.0 -9999.0 -9999.0 -9999.0 -9999.0 -9999.0 -9999.0 -9999.0 -9999.0 -9999.0 -9999.0 -9999.0 -9999.0 -9999.0 -9999.0 -9999.0 -9999.0 -9999.0 -9999.0 -9999.0 136.6 281.3 242.0 223.2 168.2 123.4 117.4 132.7 150.5 145.8 134.4 144.6 135.1 145.4 151.7 156.1 166.5 165.0 167.9 179.3 184.6 190.9 211.3 244.3 260.6 258.0
-9999.0 -9999.0 -9999.0 -9999.0 -9999.0 -9999.0 -9999.0 -9999.0 -9999.0 -9999.0 -9999.0 -9999.0 -9999.0 -9999.0 -9999.0 -9999.0 -9999.0 -9999.0 -9999.0 -9999.0 -9999.0 -9999.0 -9999.0 -9999.0 -9999.0 -9999.0 -9999.0 -9999.0 -9999.0 -9999.0 -9999.0 -9999.0 -9999.0 -9999.0 -9999.0 -9999.0 -9999.0 -9999.0 -9999.0 -9999.0 -9999.0 -9999.0 -9999.0 -9999.0 -9999.0 -9999.0 -9999.0 -9999.0 -9999.0 -9999.0 121.5 224.6 250.1 298.6 236.4 170.9 173.8 157.0 175.7 136.0 131.6 131.2 119.4 115.7 137.5 145.4 150.9 157.8 169.6 180.8 200.9 205.2 245.4 246.8 253.9 229.5
-9999.0 -9999.0 -9999.0 -9999.0 -9999.0 -9999.0 -9999.0 -9999.0 -9999.0 -9999.0 -9999.0 -9999.0 -9999.0 -9999.0 -9999.0 -9999.0 -9999.0 -9999.0 -9999.0 -9999.0 -9999.0 -9999.0 -9999.0 -9999.0 -9999.0 -9999.0 -9999.0 -9999.0 -9999.0 -9999.0 -9999.0 -9999.0 -9999.0 -9999.0 -9999.0 -9999.0 -9999.0 -9999.0 -9999.0 -9999.0 -9999.0 -9999.0 -9999.0 -9999.0 -9999.0 -9999.0 -9999.0 -9999.0 -9999.0 -9999.0 201.7 322.3 337.6 350.0 287.5 231.8 186.7 187.8 194.0 165.5 157.2 123.5 78.2 98.8 121.1 128.8 143.0 150.4 168.3 184.7 205.7 230.9 247.5 240.9 225.7 194.4
-9999.0 -9999.0 -9999.0 -9999.0 -9999.0 -9999.0 -9999.0 -9999.0 -9999.0 -9999.0 -9999.0 -9999.0 -9999.0 -9999.0 -9999.0 -9999.0 -9999.0 -9999.0 -9999.0 -9999.0 -9999.0 -9999.0 -9999.0 -9999.0 -9999.0 -9999.0 -9999.0 -9999.0 -9999.0 -9999.0 -9999.0 -9999.0 -9999.0 -9999.0 -9999.0 -9999.0 -9999.0 -9999.0 -9999.0 -9999.0 -9999.0 -9999.0 -9999.0 -9999.0 -9999.0 -9999.0 -9999.0 -9999.0 -9999.0 -9999.0 -9999.0 -9999.0 -9999.0 323.0 289.3 240.5 213.0 220.3 215.7 224.8 306.4 151.5 178.3 118.3 110.2 110.4 135.8 138.6 164.7 183.5 199.2 213.2 215.7 204.0 184.7 163.0
-9999.0 -9999.0 -9999.0 -9999.0 -9999.0 -9999.0 -9999.0 -9999.0 -9999.0 -9999.0 -9999.0 -9999.0 -9999.0 -9999.0 -9999.0 -9999.0 -9999.0 -9999.0 -9999.0 -9999.0 -9999.0 -9999.0 -9999.0 -9999.0 -9999.0 -9999.0 -9999.0 -9999.0 -9999.0 -9999.0 -9999.0 -9999.0 -9999.0 -9999.0 -9999.0 -9999.0 -9999.0 -9999.0 -9999.0 -9999.0 -9999.0 -9999.0 -9999.0 -9999.0 -9999.0 -9999.0 -9999.0 -9999.0 -9999.0 -9999.0 -9999.0 -9999.0 -9999.0 288.3 254.4 284.4 208.6 197.8 253.6 373.8 326.4 231.5 286.4 149.9 123.6 114.9 117.3 153.8 165.0 183.0 187.8 184.4 172.5 160.0 152.7 153.6
-9999.0 -9999.0 -9999.0 -9999.0 -9999.0 -9999.0 -9999.0 -9999.0 -9999.0 -9999.0 -9999.0 -9999.0 -9999.0 -9999.0 -9999.0 -9999.0 -9999.0 -9999.0 -9999.0 -9999.0 -9999.0 -9999.0 -9999.0 -9999.0 -9999.0 -9999.0 -9999.0 -9999.0 -9999.0 -9999.0 -9999.0 -9999.0 -9999.0 -9999.0 -9999.0 -9999.0 -9999.0 -9999.0 -9999.0 -9999.0 -9999.0 -9999.0 -9999.0 -9999.0 -9999.0 -9999.0 -9999.0 -9999.0 -9999.0 -9999.0 -9999.0 -9999.0 -9999.0 249.4 184.8 228.6 200.5 188.9 258.5 330.5 435.1 385.4 402.6 315.2 139.1 -9999.0 -9999.0 -9999.0 183.3 187.5 186.1 174.0 151.8 135.3 137.9 159.4
-9999.0 -9999.0 -9999.0 -9999.0 -9999.0 -9999.0 -9999.0 -9999.0 -9999.0 -9999.0 -9999.0 -9999.0 -9999.0 -9999.0 -9999.0 -9999.0 -9999.0 -9999.0 -9999.0 -9999.0 -9999.0 -9999.0 -9999.0 -9999.0 -9999.0 -9999.0 -9999.0 -9999.0 -9999.0 -9999.0 -9999.0 -9999.0 -9999.0 -9999.0 -9999.0 -9999.0 -9999.0 -9999.0 -9999.0 -9999.0 -9999.0 -9999.0 -9999.0 -9999.0 -9999.0 -9999.0 -9999.0 -9999.0 -9999.0 -9999.0 -9999.0 -9999.0 -9999.0 -9999.0 198.2 182.9 131.7 132.1 254.4 400.4 287.5 -9999.0 -9999.0 -9999.0 -9999.0 -9999.0 -9999.0 -9999.0 185.0 200.2 205.6 171.5 142.6 128.7 137.9 165.3
-9999.0 -9999.0 -9999.0 -9999.0 -9999.0 -9999.0 -9999.0 -9999.0 -9999.0 -9999.0 -9999.0 -9999.0 -9999.0 -9999.0 -9999.0 -9999.0 -9999.0 -9999.0 -9999.0 -9999.0 -9999.0 -9999.0 -9999.0 -9999.0 -9999.0 -9999.0 -9999.0 -9999.0 -9999.0 -9999.0 -9999.0 -9999.0 -9999.0 -9999.0 -9999.0 -9999.0 -9999.0 -9999.0 -9999.0 -9999.0 -9999.0 -9999.0 -9999.0 -9999.0 -9999.0 -9999.0 -9999.0 -9999.0 -9999.0 -9999.0 -9999.0 -9999.0 -9999.0 -9999.0 -9999.0 136.8 225.0 162.0 174.8 289.0 307.4 -9999.0 -9999.0 -9999.0 -9999.0 -9999.0 -9999.0 -9999.0 -9999.0 -9999.0 190.3 -9999.0 -9999.0 -9999.0 -9999.0 -9999.0
-9999.0 -9999.0 -9999.0 -9999.0 -9999.0 -9999.0 -9999.0 -9999.0 -9999.0 -9999.0 -9999.0 -9999.0 -9999.0 -9999.0 -9999.0 -9999.0 -9999.0 -9999.0 -9999.0 -9999.0 -9999.0 -9999.0 -9999.0 -9999.0 -9999.0 -9999.0 -9999.0 -9999.0 -9999.0 -9999.0 -9999.0 -9999.0 -9999.0 -9999.0 -9999.0 -9999.0 -9999.0 -9999.0 -9999.0 -9999.0 -9999.0 -9999.0 -9999.0 -9999.0 -9999.0 -9999.0 -9999.0 -9999.0 -9999.0 -9999.0 -9999.0 -9999.0 -9999.0 -9999.0 -9999.0 -9999.0 -9999.0 -9999.0 196.4 200.6 -9999.0 -9999.0 -9999.0 -9999.0 -9999.0 -9999.0 -9999.0 -9999.0 -9999.0 -9999.0 -9999.0 -9999.0 -9999.0 -9999.0 -9999.0 256.2
-9999.0 -9999.0 -9999.0 -9999.0 -9999.0 -9999.0 -9999.0 -9999.0 -9999.0 -9999.0 -9999.0 -9999.0 -9999.0 -9999.0 -9999.0 -9999.0 -9999.0 -9999.0 -9999.0 -9999.0 -9999.0 -9999.0 -9999.0 -9999.0 -9999.0 -9999.0 -9999.0 -9999.0 -9999.0 -9999.0 -9999.0 -9999.0 -9999.0 -9999.0 -9999.0 -9999.0 -9999.0 -9999.0 -9999.0 -9999.0 -9999.0 -9999.0 -9999.0 -9999.0 -9999.0 -9999.0 -9999.0 -9999.0 -9999.0 -9999.0 -9999.0 -9999.0 -9999.0 -9999.0 -9999.0 -9999.0 -9999.0 -9999.0 -9999.0 -9999.0 -9999.0 -9999.0 -9999.0 -9999.0 -9999.0 -9999.0 -9999.0 -9999.0 -9999.0 -9999.0 -9999.0 -9999.0 -9999.0 -9999.0 -9999.0 -9999.0
