program/excelProcessViaJava/data/SURF_CLI_CHN_PRE_MON_GRID_0.5-198408.txt
NCOLS      128
NROWS       72
XLLCORNER    72.000000000000    
YLLCORNER    18.000000000000    
CELLSIZE    0.50000000000000    
NODATA_VALUE   -9999.000    
[rows 33 to 65 of 72, columns 0 to 74 of 128]
-9999.0 -9999.0 -9999.0 -9999.0 9.2 20.2 33.5 13.0 11.1 2.3 3.4 2.5 2.0 1.5 1.6 1.7 1.9 2.0 2.1 2.4 2.5 2.7 2.9 3.8 5.7 8.9 12.3 73.4 28.6 34.0 38.4 31.1 27.1 31.7 17.8 16.2 12.9 30.4 22.2 10.9 5.4 4.8 5.9 6.8 7.9 8.7 9.7 11.5 13.5 13.3 14.9 21.0 29.0 42.0 34.6 43.2 47.7 68.5 73.4 108.9 117.1 104.3 95.5 57.0 44.2 68.0 84.8 59.6 107.2 118.3 134.9 151.7 145.6 130.2 115.7
-9999.0 -9999.0 -9999.0 -9999.0 21.5 14.2 35.2 12.6 52.5 46.6 7.9 34.1 17.9 18.5 3.5 3.8 4.2 3.0 2.8 3.1 4.0 4.6 5.6 12.3 38.7 66.0 39.2 41.3 37.8 36.8 34.1 39.6 29.2 26.4 26.4 19.4 24.9 29.2 15.6 8.4 14.3 6.0 6.2 5.9 6.1 6.1 6.3 6.9 8.0 9.9 12.0 14.8 26.9 25.9 27.4 33.8 37.5 45.0 58.0 48.2 85.1 63.8 66.7 75.0 67.2 63.4 103.2 85.1 95.7 150.5 131.2 135.9 126.1 117.6 103.0
-9999.0 -9999.0 -9999.0 -9999.0 -9999.0 -9999.0 -9999.0 21.0 36.6 24.0 66.2 64.6 28.4 36.5 36.1 4.8 12.9 6.4 5.8 9.6 22.8 40.7 45.3 41.3 38.6 37.5 42.9 44.1 43.4 48.9 44.2 39.6 34.2 33.9 35.7 25.2 31.8 24.3 31.0 30.0 11.5 30.4 25.2 15.4 9.3 5.9 7.5 7.4 9.7 9.3 11.0 14.0 19.7 44.1 44.0 29.8 29.0 31.0 57.5 50.1 87.9 65.8 67.4 76.7 101.7 92.6 116.5 132.1 114.1 125.4 108.6 104.8 118.6 122.9 109.9
-9999.0 -9999.0 -9999.0 -9999.0 -9999.0 -9999.0 -9999.0 76.7 19.7 47.0 61.1 42.1 53.8 81.6 51.9 100.3 46.3 41.7 69.6 38.7 36.1 50.3 41.6 41.7 38.4 38.9 37.5 47.3 36.7 33.5 41.0 38.7 35.1 40.5 29.3 27.9 22.9 26.2 23.4 19.6 20.0 19.6 21.8 33.5 17.0 10.7 13.4 14.5 22.8 19.5 32.8 31.1 23.2 30.6 46.8 34.8 36.6 43.9 60.5 77.5 78.4 86.9 85.4 100.5 108.8 118.5 124.8 120.0 145.3 94.3 90.5 93.7 109.8 121.1 94.6
-9999.0 -9999.0 -9999.0 -9999.0 -9999.0 -9999.0 -9999.0 -9999.0 -9999.0 49.7 47.1 40.7 72.7 67.9 53.3 44.7 60.4 112.7 65.0 90.0 59.2 42.3 39.1 38.3 36.6 33.8 37.3 37.4 31.6 42.9 27.8 30.9 30.1 33.1 23.6 22.1 19.8 21.2 17.4 18.4 15.6 18.3 18.1 17.8 22.7 23.5 24.4 24.1 25.1 25.4 29.5 28.2 28.2 30.1 44.5 39.7 41.6 49.3 68.8 78.0 91.5 115.4 132.6 109.6 128.2 129.0 119.7 112.6 138.2 97.7 93.8 89.4 95.7 102.3 99.2
-9999.0 -9999.0 -9999.0 -9999.0 -9999.0 -9999.0 -9999.0 -9999.0 -9999.0 -9999.0 -9999.0 81.7 33.9 86.8 64.5 72.5 63.8 55.9 51.1 55.4 65.6 47.6 47.2 37.7 53.4 40.7 44.1 42.2 37.9 32.6 31.3 39.6 28.8 28.3 23.8 33.6 21.5 20.0 32.7 17.3 20.0 16.5 16.2 18.1 29.1 25.6 35.8 30.9 32.4 30.3 26.7 28.2 30.4 36.0 47.4 48.6 52.0 64.3 71.8 81.2 100.6 108.6 116.5 123.3 144.7 114.9 108.5 114.1 120.0 113.0 102.9 99.1 86.3 66.6 38.5
-9999.0 -9999.0 -9999.0 -9999.0 -9999.0 -9999.0 -9999.0 -9999.0 -9999.0 -9999.0 -9999.0 -9999.0 42.9 42.7 80.6 58.7 104.9 67.5 63.6 91.9 42.2 45.5 43.8 35.6 80.4 37.2 30.4 41.0 36.3 48.5 34.3 30.9 29.9 36.1 34.4 28.0 39.1 22.9 16.6 13.1 12.3 13.5 16.2 22.8 27.0 32.8 38.4 33.8 34.0 32.7 36.6 36.7 35.2 35.7 42.8 53.8 64.2 80.6 70.9 93.4 97.2 118.2 131.4 130.1 119.0 151.0 118.1 125.8 129.4 125.6 116.1 101.3 78.1 54.0 43.3
-9999.0 -9999.0 -9999.0 -9999.0 -9999.0 -9999.0 -9999.0 -9999.0 -9999.0 -9999.0 -9999.0 -9999.0 105.0 37.7 31.6 69.2 39.1 48.5 75.1 61.7 54.3 58.6 49.2 35.3 25.7 30.9 30.8 24.3 30.4 25.6 33.4 42.8 34.5 31.8 34.0 28.0 36.1 32.1 23.1 17.4 13.2 13.8 21.9 21.7 31.2 39.9 38.7 38.2 33.7 36.0 35.7 39.6 39.2 44.8 45.0 57.9 63.3 76.5 76.8 83.0 87.6 96.1 119.8 146.1 105.4 119.1 139.7 141.6 137.5 132.4 128.8 132.3 121.4 84.9 69.5
-9999.0 -9999.0 -9999.0 -9999.0 -9999.0 -9999.0 -9999.0 -9999.0 -9999.0 -9999.0 -9999.0 -9999.0 -9999.0 60.9 96.5 35.6 60.5 43.4 39.2 39.1 44.8 32.6 46.5 27.0 28.6 47.2 45.9 56.2 41.9 37.6 29.4 28.0 41.3 41.4 27.6 28.4 28.3 29.8 48.1 27.0 20.8 22.1 22.7 31.5 32.6 36.2 42.6 45.2 44.3 42.2 42.9 42.9 45.6 66.0 64.6 66.6 68.0 81.5 107.1 98.8 98.6 92.7 111.7 93.3 106.5 108.8 119.5 137.0 129.2 118.2 87.7 98.9 111.6 101.1 96.2
-9999.0 -9999.0 -9999.0 -9999.0 -9999.0 -9999.0 -9999.0 -9999.0 -9999.0 -9999.0 -9999.0 -9999.0 65.8 107.7 89.5 50.4 94.3 63.5 58.0 30.9 30.1 29.8 34.0 28.9 25.3 45.0 38.5 32.2 32.5 36.5 33.2 25.9 45.3 34.0 36.8 30.6 40.1 26.2 23.6 22.7 32.4 37.9 41.7 28.1 35.4 40.4 41.2 39.1 40.6 42.4 50.7 61.2 56.0 66.4 64.1 68.1 85.1 68.2 92.1 89.7 96.1 115.2 112.2 143.7 108.5 101.5 176.9 144.4 114.0 116.4 114.9 110.2 115.8 110.7 109.5
-9999.0 -9999.0 -9999.0 -9999.0 -9999.0 -9999.0 -9999.0 -9999.0 -9999.0 -9999.0 -9999.0 -9999.0 97.5 36.5 49.1 133.2 105.3 42.8 39.1 54.7 29.8 42.2 38.5 34.9 26.9 24.3 26.7 27.6 29.7 26.4 26.0 29.6 43.8 28.3 28.6 32.4 27.0 28.8 25.6 18.7 19.5 19.4 23.0 29.0 34.8 40.3 47.5 45.6 44.2 36.5 42.6 59.6 57.2 57.6 61.6 59.0 76.8 92.7 91.2 121.4 142.9 170.9 113.6 103.2 102.9 150.2 118.0 145.7 118.0 93.6 92.2 104.1 118.6 135.5 147.7
-9999.0 -9999.0 -9999.0 -9999.0 -9999.0 -9999.0 -9999.0 -9999.0 -9999.0 -9999.0 -9999.0 -9999.0 26.5 79.9 34.5 45.9 43.3 96.2 56.6 55.2 86.7 85.0 46.6 56.8 43.0 60.7 47.9 66.0 33.8 32.8 31.3 49.7 31.5 27.0 28.8 33.0 31.7 30.5 24.6 26.3 21.3 19.2 32.7 26.4 35.4 46.8 51.5 43.1 34.4 37.7 46.5 48.6 97.5 112.0 90.8 53.7 76.8 98.5 118.7 108.6 128.3 152.5 253.6 134.5 118.5 223.3 175.9 134.5 107.4 101.1 103.8 114.0 126.6 143.9 161.2
-9999.0 -9999.0 -9999.0 -9999.0 -9999.0 -9999.0 -9999.0 -9999.0 -9999.0 -9999.0 -9999.0 -9999.0 -9999.0 150.3 117.8 49.2 57.4 46.7 75.9 85.0 141.3 71.0 86.5 92.5 52.9 57.6 51.9 44.5 54.4 34.5 54.0 46.6 50.1 37.5 41.7 61.1 53.4 34.7 32.1 25.6 24.5 40.2 47.2 43.5 37.9 41.1 49.3 35.4 50.8 50.9 44.6 77.2 79.0 63.7 107.0 111.9 64.8 79.9 122.9 203.0 206.1 365.7 274.2 149.7 214.6 200.0 158.6 121.3 109.0 104.6 118.9 128.8 132.7 123.8 142.5
-9999.0 -9999.0 -9999.0 -9999.0 -9999.0 -9999.0 -9999.0 -9999.0 -9999.0 -9999.0 -9999.0 -9999.0 -9999.0 18.2 111.0 52.5 113.7 47.6 54.6 72.6 142.3 132.6 133.6 108.0 57.7 71.4 74.3 55.3 58.3 115.1 89.5 77.9 56.9 58.6 74.1 71.1 51.0 44.2 46.0 63.2 37.4 40.8 45.4 49.6 69.1 53.9 55.1 45.6 50.5 54.5 73.5 57.7 92.2 122.5 144.9 125.9 86.7 100.1 156.8 120.5 250.5 209.2 221.4 245.6 209.5 171.7 137.3 125.8 122.1 131.3 141.9 145.3 142.1 138.4 135.3
-9999.0 -9999.0 -9999.0 -9999.0 -9999.0 -9999.0 -9999.0 -9999.0 -9999.0 -9999.0 -9999.0 -9999.0 -9999.0 -9999.0 -9999.0 60.9 50.2 75.3 61.5 53.5 121.7 91.5 89.1 102.0 114.8 108.1 167.7 116.5 155.1 86.4 98.9 86.2 120.1 107.9 85.6 112.3 109.5 48.1 51.0 49.7 59.5 60.9 58.8 58.5 56.6 58.2 63.6 56.9 67.5 56.4 73.1 123.6 101.9 116.5 71.1 125.2 132.6 84.3 209.2 278.0 185.1 257.2 340.3 279.6 215.9 166.9 150.0 164.5 169.3 160.0 167.5 171.6 165.9 160.7 140.8
-9999.0 -9999.0 -9999.0 -9999.0 -9999.0 -9999.0 -9999.0 -9999.0 -9999.0 -9999.0 -9999.0 -9999.0 -9999.0 -9999.0 -9999.0 -9999.0 -9999.0 1.7 13.5 -9999.0 35.0 115.2 77.8 86.7 140.1 132.7 205.1 157.0 112.5 147.4 113.1 84.5 158.7 84.7 67.0 91.6 129.2 51.7 64.2 61.3 62.3 73.0 66.4 66.2 82.8 73.9 91.8 92.5 75.2 88.4 68.4 92.6 71.0 137.9 154.9 165.2 133.0 210.2 234.1 296.9 200.1 302.6 361.5 314.4 228.3 168.8 163.2 184.1 200.4 196.0 210.4 197.3 200.5 192.0 168.8
-9999.0 -9999.0 -9999.0 -9999.0 -9999.0 -9999.0 -9999.0 -9999.0 -9999.0 -9999.0 -9999.0 -9999.0 -9999.0 -9999.0 -9999.0 -9999.0 -9999.0 -9999.0 -9999.0 -9999.0 -9999.0 77.7 122.5 211.4 159.4 106.4 118.1 126.0 137.3 106.5 116.1 74.0 88.7 102.4 89.8 110.6 93.2 79.1 68.3 65.6 65.7 78.0 80.2 78.1 97.0 84.9 114.2 89.5 123.8 260.8 109.2 174.7 179.6 121.4 151.4 196.7 213.5 191.4 339.4 288.5 209.9 261.5 328.5 299.5 237.3 186.7 184.9 206.0 227.1 228.1 233.9 239.5 246.4 222.9 171.6
-9999.0 -9999.0 -9999.0 -9999.0 -9999.0 -9999.0 -9999.0 -9999.0 -9999.0 -9999.0 -9999.0 -9999.0 -9999.0 -9999.0 -9999.0 -9999.0 -9999.0 -9999.0 -9999.0 -9999.0 -9999.0 -9999.0 -9999.0 45.0 129.2 130.1 138.1 156.4 206.5 145.8 152.0 156.2 216.3 163.2 174.4 152.4 147.1 101.3 101.8 93.4 80.6 87.9 76.0 83.1 107.7 139.2 107.9 102.8 97.6 91.3 102.8 165.7 123.6 152.4 148.2 135.2 200.2 268.8 171.3 293.5 210.3 249.2 266.0 228.8 208.6 197.6 206.8 229.5 258.2 258.3 264.8 277.7 280.6 258.1 179.3
-9999.0 -9999.0 -9999.0 -9999.0 -9999.0 -9999.0 -9999.0 -9999.0 -9999.0 -9999.0 -9999.0 -9999.0 -9999.0 -9999.0 -9999.0 -9999.0 -9999.0 -9999.0 -9999.0 -9999.0 -9999.0 -9999.0 -9999.0 -9999.0 -9999.0 33.6 104.8 329.5 286.7 344.5 227.6 150.4 139.1 165.4 139.5 175.5 202.8 117.6 120.2 87.4 98.0 77.7 112.2 111.2 141.0 149.3 129.2 140.7 125.6 108.2 173.4 158.1 194.9 193.6 159.6 161.7 197.5 192.7 273.7 274.0 257.3 243.9 422.5 190.1 195.1 208.5 228.6 268.9 279.5 276.0 285.7 292.8 270.8 269.8 221.7
-9999.0 -9999.0 -9999.0 -9999.0 -9999.0 -9999.0 -9999.0 -9999.0 -9999.0 -9999.0 -9999.0 -9999.0 -9999.0 -9999.0 -9999.0 -9999.0 -9999.0 -9999.0 -9999.0 -9999.0 -9999.0 -9999.0 -9999.0 -9999.0 -9999.0 -9999.0 -9999.0 37.1 42.5 115.3 120.1 116.1 235.2 100.3 153.1 80.8 117.6 105.4 92.0 86.3 87.2 86.8 124.2 149.4 153.0 156.3 157.0 151.3 143.5 121.1 127.9 136.7 171.7 178.0 183.0 193.3 175.6 177.1 237.9 204.6 186.1 229.1 152.7 164.4 213.5 225.8 238.7 250.7 261.1 265.1 273.3 279.7 245.6 247.2 169.7
-9999.0 -9999.0 -9999.0 -9999.0 -9999.0 -9999.0 -9999.0 -9999.0 -9999.0 -9999.0 -9999.0 -9999.0 -9999.0 -9999.0 -9999.0 -9999.0 -9999.0 -9999.0 -9999.0 -9999.0 -9999.0 -9999.0 -9999.0 -9999.0 -9999.0 -9999.0 -9999.0 -9999.0 -9999.0 -9999.0 -9999.0 -9999.0 -9999.0 75.7 123.0 -9999.0 -9999.0 -9999.0 102.9 94.6 107.2 124.4 123.8 157.5 165.0 163.7 -9999.0 -9999.0 -9999.0 -9999.0 -9999.0 -9999.0 172.1 209.1 194.3 185.1 176.5 179.6 185.2 200.3 200.8 207.9 149.5 150.1 176.5 207.7 214.3 208.8 216.2 231.3 240.8 249.3 249.9 190.7 185.9
-9999.0 -9999.0 -9999.0 -9999.0 -9999.0 -9999.0 -9999.0 -9999.0 -9999.0 -9999.0 -9999.0 -9999.0 -9999.0 -9999.0 -9999.0 -9999.0 -9999.0 -9999.0 -9999.0 -9999.0 -9999.0 -9999.0 -9999.0 -9999.0 -9999.0 -9999.0 -9999.0 -9999.0 -9999.0 -9999.0 -9999.0 -9999.0 -9999.0 -9999.0 -9999.0 -9999.0 -9999.0 -9999.0 -9999.0 129.7 139.8 149.7 158.0 163.6 -9999.0 -9999.0 -9999.0 -9999.0 -9999.0 -9999.0 -9999.0 -9999.0 177.4 227.2 195.9 174.6 171.1 184.4 206.9 221.2 212.9 191.1 171.8 141.7 171.1 192.1 197.9 191.9 193.3 196.2 210.6 218.1 190.2 195.1 121.6
-9999.0 -9999.0 -9999.0 -9999.0 -9999.0 -9999.0 -9999.0 -9999.0 -9999.0 -9999.0 -9999.0 -9999.0 -9999.0 -9999.0 -9999.0 -9999.0 -9999.0 -9999.0 -9999.0 -9999.0 -9999.0 -9999.0 -9999.0 -9999.0 -9999.0 -9999.0 -9999.0 -9999.0 -9999.0 -9999.0 -9999.0 -9999.0 -9999.0 -9999.0 -9999.0 -9999.0 -9999.0 -9999.0 -9999.0 -9999.0 -9999.0 -9999.0 -9999.0 -9999.0 -9999.0 -9999.0 -9999.0 -9999.0 -9999.0 -9999.0 -9999.0 -9999.0 124.4 237.6 190.6 198.8 166.0 177.0 197.4 216.2 202.4 178.3 279.0 149.7 171.3 189.5 199.6 195.7 189.6 191.1 201.5 201.5 231.3 178.1 164.6
-9999.0 -9999.0 -9999.0 -9999.0 -9999.0 -9999.0 -9999.0 -9999.0 -9999.0 -9999.0 -9999.0 -9999.0 -9999.0 -9999.0 -9999.0 -9999.0 -9999.0 -9999.0 -9999.0 -9999.0 -9999.0 -9999.0 -9999.0 -9999.0 -9999.0 -9999.0 -9999.0 -9999.0 -9999.0 -9999.0 -9999.0 -9999.0 -9999.0 -9999.0 -9999.0 -9999.0 -9999.0 -9999.0 -9999.0 -9999.0 -9999.0 -9999.0 -9999.0 -9999.0 -9999.0 -9999.0 -9999.0 -9999.0 -9999.0 -9999.0 -9999.0 146.9 163.5 226.4 145.5 165.8 159.4 177.9 180.4 142.7 226.8 207.7 151.0 159.5 178.8 203.6 211.5 205.5 200.6 200.4 203.3 194.0 156.3 128.0 144.8
-9999.0 -9999.0 -9999.0 -9999.0 -9999.0 -9999.0 -9999.0 -9999.0 -9999.0 -9999.0 -9999.0 -9999.0 -9999.0 -9999.0 -9999.0 -9999.0 -9999.0 -9999.0 -9999.0 -9999.0 -9999.0 -9999.0 -9999.0 -9999.0 -9999.0 -9999.0 -9999.0 -9999.0 -9999.0 -9999.0 -9999.0 -9999.0 -9999.0 -9999.0 -9999.0 -9999.0 -9999.0 -9999.0 -9999.0 -9999.0 -9999.0 -9999.0 -9999.0 -9999.0 -9999.0 -9999.0 -9999.0 -9999.0 -9999.0 -9999.0 157.1 201.6 213.3 224.8 175.1 177.4 140.5 123.4 150.5 196.5 184.8 219.3 166.6 176.3 191.9 220.9 233.5 224.7 223.6 211.8 209.6 175.2 158.2 180.4 203.9
-9999.0 -9999.0 -9999.0 -9999.0 -9999.0 -9999.0 -9999.0 -9999.0 -9999.0 -9999.0 -9999.0 -9999.0 -9999.0 -9999.0 -9999.0 -9999.0 -9999.0 -9999.0 -9999.0 -9999.0 -9999.0 -9999.0 -9999.0 -9999.0 -9999.0 -9999.0 -9999.0 -9999.0 -9999.0 -9999.0 -9999.0 -9999.0 -9999.0 -9999.0 -9999.0 -9999.0 -9999.0 -9999.0 -9999.0 -9999.0 -9999.0 -9999.0 -9999.0 -9999.0 -9999.0 -9999.0 -9999.0 -9999.0 -9999.0 -9999.0 177.0 268.8 200.8 234.6 225.9 180.6 103.1 167.9 173.3 158.4 151.0 169.9 150.9 170.0 196.9 234.3 260.4 254.0 243.6 220.8 213.6 202.0 194.8 188.0 176.4
-9999.0 -9999.0 -9999.0 -9999.0 -9999.0 -9999.0 -9999.0 -9999.0 -9999.0 -9999.0 -9999.0 -9999.0 -9999.0 -9999.0 -9999.0 -9999.0 -9999.0 -9999.0 -9999.0 -9999.0 -9999.0 -9999.0 -9999.0 -9999.0 -9999.0 -9999.0 -9999.0 -9999.0 -9999.0 -9999.0 -9999.0 -9999.0 -9999.0 -9999.0 -9999.0 -9999.0 -9999.0 -9999.0 -9999.0 -9999.0 -9999.0 -9999.0 -9999.0 -9999.0 -9999.0 -9999.0 -9999.0 -9999.0 -9999.0 -9999.0 183.2 233.7 201.3 304.2 206.7 179.4 233.2 178.6 191.6 137.6 155.8 169.2 158.0 150.9 188.6 241.7 296.2 298.7 264.9 261.7 223.1 263.4 207.2 235.5 180.1
-9999.0 -9999.0 -9999.0 -9999.0 -9999.0 -9999.0 -9999.0 -9999.0 -9999.0 -9999.0 -9999.0 -9999.0 -9999.0 -9999.0 -9999.0 -9999.0 -9999.0 -9999.0 -9999.0 -9999.0 -9999.0 -9999.0 -9999.0 -9999.0 -9999.0 -9999.0 -9999.0 -9999.0 -9999.0 -9999.0 -9999.0 -9999.0 -9999.0 -9999.0 -9999.0 -9999.0 -9999.0 -9999.0 -9999.0 -9999.0 -9999.0 -9999.0 -9999.0 -9999.0 -9999.0 -9999.0 -9999.0 -9999.0 -9999.0 -9999.0 264.6 313.2 273.8 283.7 263.4 278.2 192.2 221.4 208.5 161.9 159.1 141.6 115.6 145.1 187.4 246.0 309.6 349.0 332.1 233.5 235.9 225.4 229.2 239.4 188.3
-9999.0 -9999.0 -9999.0 -9999.0 -9999.0 -9999.0 -9999.0 -9999.0 -9999.0 -9999.0 -9999.0 -9999.0 -9999.0 -9999.0 -9999.0 -9999.0 -9999.0 -9999.0 -9999.0 -9999.0 -9999.0 -9999.0 -9999.0 -9999.0 -9999.0 -9999.0 -9999.0 -9999.0 -9999.0 -9999.0 -9999.0 -9999.0 -9999.0 -9999.0 -9999.0 -9999.0 -9999.0 -9999.0 -9999.0 -9999.0 -9999.0 -9999.0 -9999.0 -9999.0 -9999.0 -9999.0 -9999.0 -9999.0 -9999.0 -9999.0 -9999.0 -9999.0 -9999.0 248.2 237.8 246.1 264.0 273.9 235.8 210.7 229.7 142.7 167.6 165.2 204.7 269.2 329.3 369.0 344.6 294.1 244.5 210.1 195.8 192.8 194.8
-9999.0 -9999.0 -9999.0 -9999.0 -9999.0 -9999.0 -9999.0 -9999.0 -9999.0 -9999.0 -9999.0 -9999.0 -9999.0 -9999.0 -9999.0 -9999.0 -9999.0 -9999.0 -9999.0 -9999.0 -9999.0 -9999.0 -9999.0 -9999.0 -9999.0 -9999.0 -9999.0 -9999.0 -9999.0 -9999.0 -9999.0 -9999.0 -9999.0 -9999.0 -9999.0 -9999.0 -9999.0 -9999.0 -9999.0 -9999.0 -9999.0 -9999.0 -9999.0 -9999.0 -9999.0 -9999.0 -9999.0 -9999.0 -9999.0 -9999.0 -9999.0 -9999.0 -9999.0 252.5 230.7 341.9 277.2 277.7 296.4 295.5 241.4 215.6 206.9 244.5 275.8 323.2 367.0 387.0 330.8 288.1 238.3 204.0 199.5 199.7 196.5
-9999.0 -9999.0 -9999.0 -9999.0 -9999.0 -9999.0 -9999.0 -9999.0 -9999.0 -9999.0 -9999.0 -9999.0 -9999.0 -9999.0 -9999.0 -9999.0 -9999.0 -9999.0 -9999.0 -9999.0 -9999.0 -9999.0 -9999.0 -9999.0 -9999.0 -9999.0 -9999.0 -9999.0 -9999.0 -9999.0 -9999.0 -9999.0 -9999.0 -9999.0 -9999.0 -9999.0 -9999.0 -9999.0 -9999.0 -9999.0 -9999.0 -9999.0 -9999.0 -9999.0 -9999.0 -9999.0 -9999.0 -9999.0 -9999.0 -9999.0 -9999.0 -9999.0 -9999.0 255.8 202.6 288.9 292.3 297.0 326.5 330.2 316.2 288.9 279.5 286.5 357.4 -9999.0 -9999.0 -9999.0 371.9 308.6 282.7 274.3 262.2 242.3 239.0
-9999.0 -9999.0 -9999.0 -9999.0 -9999.0 -9999.0 -9999.0 -9999.0 -9999.0 -9999.0 -9999.0 -9999.0 -9999.0 -9999.0 -9999.0 -9999.0 -9999.0 -9999.0 -9999.0 -9999.0 -9999.0 -9999.0 -9999.0 -9999.0 -9999.0 -9999.0 -9999.0 -9999.0 -9999.0 -9999.0 -9999.0 -9999.0 -9999.0 -9999.0 -9999.0 -9999.0 -9999.0 -9999.0 -9999.0 -9999.0 -9999.0 -9999.0 -9999.0 -9999.0 -9999.0 -9999.0 -9999.0 -9999.0 -9999.0 -9999.0 -9999.0 -9999.0 -9999.0 -9999.0 256.4 267.7 251.7 273.1 338.0 369.7 334.6 -9999.0 -9999.0 -9999.0 -9999.0 -9999.0 -9999.0 -9999.0 377.9 383.7 422.0 368.3 342.5 325.3 293.4
-9999.0 -9999.0 -9999.0 -9999.0 -9999.0 -9999.0 -9999.0 -9999.0 -9999.0 -9999.0 -9999.0 -9999.0 -9999.0 -9999.0 -9999.0 -9999.0 -9999.0 -9999.0 -9999.0 -9999.0 -9999.0 -9999.0 -9999.0 -9999.0 -9999.0 -9999.0 -9999.0 -9999.0 -9999.0 -9999.0 -9999.0 -9999.0 -9999.0 -9999.0 -9999.0 -9999.0 -9999.0 -9999.0 -9999.0 -9999.0 -9999.0 -9999.0 -9999.0 -9999.0 -9999.0 -9999.0 -9999.0 -9999.0 -9999.0 -9999.0 -9999.0 -9999.0 -9999.0 -9999.0 -9999.0 243.6 324.8 292.7 305.3 350.2 356.0 -9999.0 -9999.0 -9999.0 -9999.0 -9999.0 -9999.0 -9999.0 -9999.0 -9999.0 448.0 -9999.0 -9999.0 -9999.0 -9999.0
