program/excelProcessViaJava/data/SURF_CLI_CHN_PRE_MON_GRID_0.5-199005.txt
NCOLS      128
NROWS       72
XLLCORNER    72.000000000000    
YLLCORNER    18.000000000000    
CELLSIZE    0.50000000000000    
NODATA_VALUE   -9999.000    
[rows 34 to 67 of 72, columns 0 to 75 of 128]
-9999.0 -9999.0 -9999.0 -9999.0 3.3 3.3 11.9 6.7 25.2 28.1 9.8 31.0 23.4 25.1 5.4 5.5 5.2 1.7 0.6 0.5 0.9 1.2 1.6 2.7 3.1 2.4 1.5 1.2 1.1 1.1 1.2 1.3 1.8 2.2 2.5 3.0 3.1 3.4 3.8 3.9 4.6 3.9 3.9 4.0 4.3 4.4 4.1 3.8 4.0 5.6 8.6 11.7 17.7 20.5 21.2 23.5 26.9 36.6 47.1 49.9 49.9 40.6 28.8 25.7 24.3 26.0 42.0 53.3 64.6 71.6 58.7 46.8 37.4 35.5 36.2 36.0
-9999.0 -9999.0 -9999.0 -9999.0 -9999.0 -9999.0 -9999.0 7.1 15.3 13.8 31.6 34.7 24.1 29.3 29.4 5.0 13.2 5.1 3.2 5.2 8.8 9.1 6.8 4.6 3.2 2.4 1.9 1.6 1.6 1.5 1.8 2.2 2.9 3.3 3.6 4.5 4.5 5.1 5.4 6.1 6.6 7.5 7.8 7.2 6.4 6.1 5.3 5.0 5.8 8.7 14.0 19.1 21.2 18.6 23.8 26.3 25.9 31.2 45.8 59.2 56.9 50.6 38.7 37.6 40.1 39.5 49.4 63.6 75.6 78.6 65.2 48.6 40.1 38.9 40.1 40.8
-9999.0 -9999.0 -9999.0 -9999.0 -9999.0 -9999.0 -9999.0 16.9 6.3 17.8 25.0 22.6 28.8 36.8 30.1 38.0 25.4 21.3 22.5 14.0 10.5 9.2 6.3 4.6 3.5 2.8 2.5 2.1 2.5 3.0 3.0 3.7 4.6 4.8 6.3 6.8 7.6 7.4 7.9 8.6 9.3 10.2 10.7 10.2 9.3 8.4 7.2 6.9 7.5 10.2 11.1 14.3 23.6 23.5 21.8 31.7 32.6 37.0 44.4 51.6 68.5 71.7 59.9 59.2 53.7 48.8 50.6 62.7 79.1 78.2 68.8 52.2 40.0 39.9 39.5 46.7
-9999.0 -9999.0 -9999.0 -9999.0 -9999.0 -9999.0 -9999.0 -9999.0 -9999.0 15.1 17.5 18.4 29.3 29.8 26.8 24.0 25.8 28.5 19.9 17.9 12.1 8.1 6.0 4.6 3.7 3.3 3.0 3.0 3.7 3.5 5.8 6.4 7.7 8.3 10.7 11.5 12.0 11.4 11.8 11.8 12.9 13.9 15.1 15.1 13.6 11.9 10.4 9.9 10.8 13.2 15.4 18.8 22.3 25.4 22.8 32.8 36.4 39.5 42.6 51.8 62.4 63.0 62.3 69.7 59.0 48.3 45.0 57.3 76.9 81.2 73.2 52.9 38.5 39.6 48.7 46.4
-9999.0 -9999.0 -9999.0 -9999.0 -9999.0 -9999.0 -9999.0 -9999.0 -9999.0 -9999.0 -9999.0 25.2 15.9 30.1 26.7 27.5 24.3 20.4 16.8 14.1 11.6 8.0 6.1 4.7 3.7 3.4 3.2 3.4 4.2 5.7 7.2 7.6 11.2 13.1 15.7 14.0 16.9 16.7 13.8 15.9 15.8 18.2 20.8 22.0 19.6 19.0 16.4 15.7 16.7 19.7 24.7 27.0 27.4 26.0 25.3 30.7 38.7 40.7 45.3 51.8 55.3 64.0 66.7 64.1 55.2 41.6 40.2 52.5 72.7 84.0 78.8 60.2 42.4 38.9 48.3 55.7
-9999.0 -9999.0 -9999.0 -9999.0 -9999.0 -9999.0 -9999.0 -9999.0 -9999.0 -9999.0 -9999.0 -9999.0 16.9 18.7 27.2 23.3 26.9 20.6 17.0 15.1 9.6 7.6 5.8 4.6 3.4 3.7 4.2 3.9 5.1 5.2 8.7 11.8 14.7 15.6 18.1 21.3 18.5 22.3 23.0 23.0 23.1 24.9 28.2 29.4 30.7 29.4 26.9 26.4 27.7 31.7 34.4 36.9 38.2 37.3 35.0 36.8 41.5 44.4 54.2 52.3 58.0 59.3 62.6 64.6 55.1 57.4 41.5 53.1 71.8 86.7 89.9 77.9 61.0 55.0 56.1 86.5
-9999.0 -9999.0 -9999.0 -9999.0 -9999.0 -9999.0 -9999.0 -9999.0 -9999.0 -9999.0 -9999.0 -9999.0 26.1 16.0 15.5 23.4 17.4 17.2 16.6 12.6 9.5 7.2 5.4 4.5 4.4 4.0 4.4 6.1 6.6 9.8 10.6 11.6 17.1 21.7 24.0 28.8 25.9 26.6 28.1 28.4 30.6 33.2 33.5 42.2 42.8 42.3 44.5 43.3 45.6 48.1 53.8 56.2 56.9 51.5 50.4 49.6 55.7 59.4 65.0 66.9 70.0 73.3 76.5 82.9 67.4 63.7 51.5 60.8 77.7 94.4 101.4 109.8 110.5 84.6 80.7 66.3
-9999.0 -9999.0 -9999.0 -9999.0 -9999.0 -9999.0 -9999.0 -9999.0 -9999.0 -9999.0 -9999.0 -9999.0 -9999.0 19.6 25.0 16.2 19.5 15.5 12.7 10.3 8.3 6.3 4.9 4.4 4.0 3.1 3.3 3.3 5.5 8.2 13.4 18.3 18.3 22.7 33.8 36.7 38.0 36.0 27.0 31.8 34.0 35.8 42.4 45.4 56.1 63.6 61.7 58.9 58.8 62.8 69.3 75.4 75.2 67.6 64.2 64.3 70.2 75.4 77.9 82.0 86.5 94.4 103.2 106.7 87.6 77.6 75.0 78.0 97.4 113.5 121.2 120.2 114.1 110.0 108.0 84.1
-9999.0 -9999.0 -9999.0 -9999.0 -9999.0 -9999.0 -9999.0 -9999.0 -9999.0 -9999.0 -9999.0 -9999.0 16.8 23.3 22.1 17.6 20.0 15.7 12.6 8.7 7.0 5.6 4.4 4.0 4.0 2.9 3.6 5.3 7.1 9.0 13.5 21.9 19.5 30.1 34.2 42.7 38.6 47.4 45.7 41.7 34.8 35.3 39.2 57.6 62.7 68.3 73.1 71.8 68.2 70.9 78.0 83.8 85.8 81.8 76.3 75.9 81.0 89.4 95.9 100.7 109.5 123.3 136.6 149.7 134.4 105.5 78.2 90.4 119.0 139.6 146.1 143.1 145.0 136.1 117.0 100.8
-9999.0 -9999.0 -9999.0 -9999.0 -9999.0 -9999.0 -9999.0 -9999.0 -9999.0 -9999.0 -9999.0 -9999.0 18.6 11.6 15.0 21.3 17.9 12.0 9.7 8.1 5.9 4.6 3.7 3.2 3.6 4.3 4.8 6.2 8.0 12.5 17.8 22.0 21.9 37.9 44.9 46.8 54.2 51.2 49.8 52.1 49.1 54.2 59.1 62.8 66.8 68.4 66.6 67.3 67.7 66.7 73.6 85.0 83.0 77.9 75.7 74.1 83.4 94.1 102.1 118.2 135.4 156.6 155.1 144.6 130.7 87.8 99.1 90.5 110.7 138.1 154.0 161.1 166.5 162.7 152.1 128.6
-9999.0 -9999.0 -9999.0 -9999.0 -9999.0 -9999.0 -9999.0 -9999.0 -9999.0 -9999.0 -9999.0 -9999.0 6.6 15.6 10.4 12.3 11.2 12.2 8.5 6.5 5.0 3.4 2.9 2.1 2.4 1.7 2.6 2.3 7.4 11.1 16.6 15.3 30.5 42.8 48.6 49.5 52.1 51.0 53.2 46.7 53.0 68.7 53.8 80.2 66.7 61.4 61.8 61.2 58.1 61.2 68.6 69.0 92.3 93.9 82.2 64.5 77.4 91.8 108.0 113.3 133.1 157.0 210.7 139.4 76.8 70.0 78.0 93.6 120.6 146.1 165.2 188.9 195.0 195.8 241.1 178.4
-9999.0 -9999.0 -9999.0 -9999.0 -9999.0 -9999.0 -9999.0 -9999.0 -9999.0 -9999.0 -9999.0 -9999.0 -9999.0 18.3 15.8 10.0 9.7 7.7 7.0 5.4 4.1 2.8 1.9 1.3 1.9 1.8 2.4 4.1 4.4 11.7 10.2 17.6 22.4 36.9 39.8 31.9 36.1 46.7 47.0 54.9 60.8 47.5 49.6 57.3 67.2 60.8 57.0 52.6 59.3 62.0 57.8 77.8 75.4 61.1 80.3 80.1 62.6 74.2 101.5 146.1 161.6 235.4 212.3 80.4 54.3 56.8 77.7 107.4 142.0 177.3 196.2 209.4 225.6 211.8 201.2 187.5
-9999.0 -9999.0 -9999.0 -9999.0 -9999.0 -9999.0 -9999.0 -9999.0 -9999.0 -9999.0 -9999.0 -9999.0 -9999.0 3.9 12.8 8.1 10.1 5.8 4.9 4.0 3.3 2.1 1.4 1.1 1.8 1.4 1.5 3.5 4.5 1.9 5.3 10.4 22.1 27.2 24.6 27.3 35.7 38.9 39.1 34.9 55.4 57.3 58.2 58.2 54.3 56.1 54.8 52.1 53.6 56.8 68.2 54.3 72.0 81.8 86.6 74.4 59.6 70.8 104.7 92.4 169.7 123.9 79.4 62.1 46.5 49.8 77.4 118.1 165.2 208.8 240.0 255.9 255.6 242.5 223.7 218.7
-9999.0 -9999.0 -9999.0 -9999.0 -9999.0 -9999.0 -9999.0 -9999.0 -9999.0 -9999.0 -9999.0 -9999.0 -9999.0 -9999.0 -9999.0 6.9 5.5 5.5 4.0 3.1 2.7 2.0 1.6 1.2 0.9 0.9 0.4 0.9 0.6 4.0 5.0 10.4 9.0 14.3 22.3 17.0 18.6 37.6 40.5 48.3 45.5 48.9 53.5 56.4 66.2 70.0 55.8 60.7 57.6 53.1 59.7 85.3 66.8 66.5 43.2 60.3 64.5 53.1 115.5 159.9 106.2 98.0 95.2 66.5 49.2 49.1 72.6 115.9 171.2 232.2 277.2 293.1 286.9 269.1 240.6 247.1
-9999.0 -9999.0 -9999.0 -9999.0 -9999.0 -9999.0 -9999.0 -9999.0 -9999.0 -9999.0 -9999.0 -9999.0 -9999.0 -9999.0 -9999.0 -9999.0 -9999.0 2.0 3.0 -9999.0 3.0 2.0 2.1 1.9 0.9 0.9 0.4 0.6 2.0 1.4 4.6 13.6 6.4 26.3 37.8 21.2 15.9 36.9 35.0 44.0 47.5 46.8 50.5 53.2 96.7 74.4 143.3 64.6 62.0 64.5 52.8 60.1 45.5 65.6 65.9 66.0 51.5 93.6 116.6 160.9 89.2 112.6 110.3 87.9 67.1 59.3 77.6 119.9 175.0 234.0 278.2 293.0 291.7 271.1 250.5 246.2
-9999.0 -9999.0 -9999.0 -9999.0 -9999.0 -9999.0 -9999.0 -9999.0 -9999.0 -9999.0 -9999.0 -9999.0 -9999.0 -9999.0 -9999.0 -9999.0 -9999.0 -9999.0 -9999.0 -9999.0 -9999.0 2.9 2.2 1.3 1.4 3.0 2.7 2.5 2.2 5.3 6.1 22.6 25.5 25.3 30.6 17.2 17.6 20.7 29.0 40.3 43.7 43.8 46.4 47.6 84.7 59.4 169.6 75.4 79.7 144.7 68.1 99.4 92.0 45.8 52.4 72.5 81.2 75.9 165.0 156.3 100.7 117.3 130.7 119.7 98.6 84.7 98.6 134.1 178.7 220.7 255.6 268.3 266.0 241.6 212.2 196.6
-9999.0 -9999.0 -9999.0 -9999.0 -9999.0 -9999.0 -9999.0 -9999.0 -9999.0 -9999.0 -9999.0 -9999.0 -9999.0 -9999.0 -9999.0 -9999.0 -9999.0 -9999.0 -9999.0 -9999.0 -9999.0 -9999.0 -9999.0 10.2 3.8 4.3 4.3 3.3 1.6 4.6 5.4 7.7 6.5 12.8 12.3 13.3 14.7 16.1 24.4 32.6 35.9 42.6 35.9 39.1 73.6 180.6 100.4 89.1 93.4 85.0 61.3 88.6 50.3 53.3 41.1 31.1 69.3 117.7 80.1 169.3 137.7 164.7 165.1 135.2 116.7 107.3 119.3 144.1 166.1 193.2 212.6 222.3 218.7 203.8 163.9 149.0
-9999.0 -9999.0 -9999.0 -9999.0 -9999.0 -9999.0 -9999.0 -9999.0 -9999.0 -9999.0 -9999.0 -9999.0 -9999.0 -9999.0 -9999.0 -9999.0 -9999.0 -9999.0 -9999.0 -9999.0 -9999.0 -9999.0 -9999.0 -9999.0 -9999.0 32.6 14.2 2.0 2.3 2.5 4.7 13.2 19.0 16.4 19.4 16.3 22.7 18.9 30.0 29.2 42.6 30.3 43.5 50.4 128.5 182.1 143.9 212.0 83.9 84.2 101.2 79.8 91.5 76.3 40.1 37.6 69.0 77.2 149.3 181.0 215.1 231.1 302.5 149.3 125.8 115.9 119.2 127.9 149.0 166.5 169.0 173.6 170.6 169.3 154.4 134.2
-9999.0 -9999.0 -9999.0 -9999.0 -9999.0 -9999.0 -9999.0 -9999.0 -9999.0 -9999.0 -9999.0 -9999.0 -9999.0 -9999.0 -9999.0 -9999.0 -9999.0 -9999.0 -9999.0 -9999.0 -9999.0 -9999.0 -9999.0 -9999.0 -9999.0 -9999.0 -9999.0 59.2 64.3 26.5 26.4 30.0 15.0 38.4 23.8 46.2 21.6 21.2 18.6 25.0 36.9 21.1 54.2 121.2 148.3 184.4 214.9 223.9 223.5 130.6 177.5 167.8 78.8 66.1 55.5 67.3 56.8 74.4 150.3 176.0 219.2 269.7 203.4 167.3 145.2 116.1 116.9 122.9 130.6 138.1 140.6 151.6 149.7 156.2 154.6 163.4
-9999.0 -9999.0 -9999.0 -9999.0 -9999.0 -9999.0 -9999.0 -9999.0 -9999.0 -9999.0 -9999.0 -9999.0 -9999.0 -9999.0 -9999.0 -9999.0 -9999.0 -9999.0 -9999.0 -9999.0 -9999.0 -9999.0 -9999.0 -9999.0 -9999.0 -9999.0 -9999.0 -9999.0 -9999.0 -9999.0 -9999.0 -9999.0 -9999.0 65.2 36.8 -9999.0 -9999.0 -9999.0 41.4 26.8 33.9 54.8 54.9 143.7 184.9 199.9 -9999.0 -9999.0 -9999.0 -9999.0 -9999.0 -9999.0 123.4 103.6 80.1 72.4 78.4 90.8 133.3 189.5 246.9 268.2 216.9 172.9 141.6 127.9 128.4 136.5 142.5 138.8 139.3 153.4 171.1 171.3 188.0 209.0
-9999.0 -9999.0 -9999.0 -9999.0 -9999.0 -9999.0 -9999.0 -9999.0 -9999.0 -9999.0 -9999.0 -9999.0 -9999.0 -9999.0 -9999.0 -9999.0 -9999.0 -9999.0 -9999.0 -9999.0 -9999.0 -9999.0 -9999.0 -9999.0 -9999.0 -9999.0 -9999.0 -9999.0 -9999.0 -9999.0 -9999.0 -9999.0 -9999.0 -9999.0 -9999.0 -9999.0 -9999.0 -9999.0 -9999.0 123.0 128.4 142.2 159.2 175.9 -9999.0 -9999.0 -9999.0 -9999.0 -9999.0 -9999.0 -9999.0 -9999.0 150.9 147.6 116.9 103.4 102.0 112.0 143.1 193.9 236.0 237.8 206.5 169.2 156.2 153.2 159.9 172.6 173.0 174.6 176.7 191.5 201.7 218.9 230.2 248.6
-9999.0 -9999.0 -9999.0 -9999.0 -9999.0 -9999.0 -9999.0 -9999.0 -9999.0 -9999.0 -9999.0 -9999.0 -9999.0 -9999.0 -9999.0 -9999.0 -9999.0 -9999.0 -9999.0 -9999.0 -9999.0 -9999.0 -9999.0 -9999.0 -9999.0 -9999.0 -9999.0 -9999.0 -9999.0 -9999.0 -9999.0 -9999.0 -9999.0 -9999.0 -9999.0 -9999.0 -9999.0 -9999.0 -9999.0 -9999.0 -9999.0 -9999.0 -9999.0 -9999.0 -9999.0 -9999.0 -9999.0 -9999.0 -9999.0 -9999.0 -9999.0 -9999.0 153.7 195.9 158.9 160.4 126.4 130.2 152.6 193.3 208.8 201.9 261.4 166.5 174.4 192.0 212.9 216.7 208.7 205.2 212.4 235.7 266.2 262.4 275.4 310.5
-9999.0 -9999.0 -9999.0 -9999.0 -9999.0 -9999.0 -9999.0 -9999.0 -9999.0 -9999.0 -9999.0 -9999.0 -9999.0 -9999.0 -9999.0 -9999.0 -9999.0 -9999.0 -9999.0 -9999.0 -9999.0 -9999.0 -9999.0 -9999.0 -9999.0 -9999.0 -9999.0 -9999.0 -9999.0 -9999.0 -9999.0 -9999.0 -9999.0 -9999.0 -9999.0 -9999.0 -9999.0 -9999.0 -9999.0 -9999.0 -9999.0 -9999.0 -9999.0 -9999.0 -9999.0 -9999.0 -9999.0 -9999.0 -9999.0 -9999.0 -9999.0 175.8 194.2 231.5 154.3 159.8 143.8 161.7 162.5 141.7 223.2 202.1 159.8 163.8 192.6 224.9 233.8 186.9 214.8 209.6 224.1 250.1 259.6 275.2 320.2 366.3
-9999.0 -9999.0 -9999.0 -9999.0 -9999.0 -9999.0 -9999.0 -9999.0 -9999.0 -9999.0 -9999.0 -9999.0 -9999.0 -9999.0 -9999.0 -9999.0 -9999.0 -9999.0 -9999.0 -9999.0 -9999.0 -9999.0 -9999.0 -9999.0 -9999.0 -9999.0 -9999.0 -9999.0 -9999.0 -9999.0 -9999.0 -9999.0 -9999.0 -9999.0 -9999.0 -9999.0 -9999.0 -9999.0 -9999.0 -9999.0 -9999.0 -9999.0 -9999.0 -9999.0 -9999.0 -9999.0 -9999.0 -9999.0 -9999.0 -9999.0 230.8 239.7 251.9 256.9 194.7 189.7 151.9 140.3 158.1 198.6 189.1 209.5 158.5 167.6 210.6 238.3 227.0 186.2 203.3 199.4 229.0 244.5 265.7 295.3 326.6 345.3
-9999.0 -9999.0 -9999.0 -9999.0 -9999.0 -9999.0 -9999.0 -9999.0 -9999.0 -9999.0 -9999.0 -9999.0 -9999.0 -9999.0 -9999.0 -9999.0 -9999.0 -9999.0 -9999.0 -9999.0 -9999.0 -9999.0 -9999.0 -9999.0 -9999.0 -9999.0 -9999.0 -9999.0 -9999.0 -9999.0 -9999.0 -9999.0 -9999.0 -9999.0 -9999.0 -9999.0 -9999.0 -9999.0 -9999.0 -9999.0 -9999.0 -9999.0 -9999.0 -9999.0 -9999.0 -9999.0 -9999.0 -9999.0 -9999.0 -9999.0 287.9 335.4 249.0 276.7 258.7 209.9 165.8 189.8 190.9 176.7 170.1 176.3 155.4 172.0 206.1 207.5 197.4 171.3 185.2 206.7 239.4 263.2 281.8 302.4 323.2 336.9
-9999.0 -9999.0 -9999.0 -9999.0 -9999.0 -9999.0 -9999.0 -9999.0 -9999.0 -9999.0 -9999.0 -9999.0 -9999.0 -9999.0 -9999.0 -9999.0 -9999.0 -9999.0 -9999.0 -9999.0 -9999.0 -9999.0 -9999.0 -9999.0 -9999.0 -9999.0 -9999.0 -9999.0 -9999.0 -9999.0 -9999.0 -9999.0 -9999.0 -9999.0 -9999.0 -9999.0 -9999.0 -9999.0 -9999.0 -9999.0 -9999.0 -9999.0 -9999.0 -9999.0 -9999.0 -9999.0 -9999.0 -9999.0 -9999.0 -9999.0 363.3 366.4 323.2 367.0 268.6 228.4 255.7 204.3 215.7 174.4 196.7 203.0 176.4 161.0 180.9 197.3 204.9 205.4 208.8 229.6 250.7 267.3 282.5 298.0 317.8 320.2
-9999.0 -9999.0 -9999.0 -9999.0 -9999.0 -9999.0 -9999.0 -9999.0 -9999.0 -9999.0 -9999.0 -9999.0 -9999.0 -9999.0 -9999.0 -9999.0 -9999.0 -9999.0 -9999.0 -9999.0 -9999.0 -9999.0 -9999.0 -9999.0 -9999.0 -9999.0 -9999.0 -9999.0 -9999.0 -9999.0 -9999.0 -9999.0 -9999.0 -9999.0 -9999.0 -9999.0 -9999.0 -9999.0 -9999.0 -9999.0 -9999.0 -9999.0 -9999.0 -9999.0 -9999.0 -9999.0 -9999.0 -9999.0 -9999.0 -9999.0 489.0 487.2 430.2 385.9 325.2 300.5 208.8 220.9 219.5 200.9 250.3 237.7 185.8 178.3 185.7 201.9 224.6 246.3 243.8 224.6 232.1 238.8 250.1 268.5 305.3 322.6
-9999.0 -9999.0 -9999.0 -9999.0 -9999.0 -9999.0 -9999.0 -9999.0 -9999.0 -9999.0 -9999.0 -9999.0 -9999.0 -9999.0 -9999.0 -9999.0 -9999.0 -9999.0 -9999.0 -9999.0 -9999.0 -9999.0 -9999.0 -9999.0 -9999.0 -9999.0 -9999.0 -9999.0 -9999.0 -9999.0 -9999.0 -9999.0 -9999.0 -9999.0 -9999.0 -9999.0 -9999.0 -9999.0 -9999.0 -9999.0 -9999.0 -9999.0 -9999.0 -9999.0 -9999.0 -9999.0 -9999.0 -9999.0 -9999.0 -9999.0 -9999.0 -9999.0 -9999.0 394.4 317.3 260.6 238.9 246.8 217.6 257.3 417.8 304.1 312.9 247.3 232.2 241.9 252.5 278.4 253.7 219.5 193.8 190.3 195.6 215.9 261.6 318.4
-9999.0 -9999.0 -9999.0 -9999.0 -9999.0 -9999.0 -9999.0 -9999.0 -9999.0 -9999.0 -9999.0 -9999.0 -9999.0 -9999.0 -9999.0 -9999.0 -9999.0 -9999.0 -9999.0 -9999.0 -9999.0 -9999.0 -9999.0 -9999.0 -9999.0 -9999.0 -9999.0 -9999.0 -9999.0 -9999.0 -9999.0 -9999.0 -9999.0 -9999.0 -9999.0 -9999.0 -9999.0 -9999.0 -9999.0 -9999.0 -9999.0 -9999.0 -9999.0 -9999.0 -9999.0 -9999.0 -9999.0 -9999.0 -9999.0 -9999.0 -9999.0 -9999.0 -9999.0 395.2 306.4 344.3 241.1 227.4 278.5 418.8 415.5 398.0 419.4 385.1 350.8 327.2 332.4 281.0 237.6 194.5 172.5 176.5 177.9 190.3 230.4 296.4
-9999.0 -9999.0 -9999.0 -9999.0 -9999.0 -9999.0 -9999.0 -9999.0 -9999.0 -9999.0 -9999.0 -9999.0 -9999.0 -9999.0 -9999.0 -9999.0 -9999.0 -9999.0 -9999.0 -9999.0 -9999.0 -9999.0 -9999.0 -9999.0 -9999.0 -9999.0 -9999.0 -9999.0 -9999.0 -9999.0 -9999.0 -9999.0 -9999.0 -9999.0 -9999.0 -9999.0 -9999.0 -9999.0 -9999.0 -9999.0 -9999.0 -9999.0 -9999.0 -9999.0 -9999.0 -9999.0 -9999.0 -9999.0 -9999.0 -9999.0 -9999.0 -9999.0 -9999.0 385.2 273.3 290.7 262.4 250.0 304.5 368.6 485.9 493.0 510.5 452.4 452.4 -9999.0 -9999.0 -9999.0 234.3 196.0 196.3 214.6 225.0 223.7 233.4 281.4
-9999.0 -9999.0 -9999.0 -9999.0 -9999.0 -9999.0 -9999.0 -9999.0 -9999.0 -9999.0 -9999.0 -9999.0 -9999.0 -9999.0 -9999.0 -9999.0 -9999.0 -9999.0 -9999.0 -9999.0 -9999.0 -9999.0 -9999.0 -9999.0 -9999.0 -9999.0 -9999.0 -9999.0 -9999.0 -9999.0 -9999.0 -9999.0 -9999.0 -9999.0 -9999.0 -9999.0 -9999.0 -9999.0 -9999.0 -9999.0 -9999.0 -9999.0 -9999.0 -9999.0 -9999.0 -9999.0 -9999.0 -9999.0 -9999.0 -9999.0 -9999.0 -9999.0 -9999.0 -9999.0 310.4 272.4 216.9 211.6 305.1 418.8 361.5 -9999.0 -9999.0 -9999.0 -9999.0 -9999.0 -9999.0 -9999.0 231.4 215.2 229.1 265.9 269.6 232.6 208.5 232.5
-9999.0 -9999.0 -9999.0 -9999.0 -9999.0 -9999.0 -9999.0 -9999.0 -9999.0 -9999.0 -9999.0 -9999.0 -9999.0 -9999.0 -9999.0 -9999.0 -9999.0 -9999.0 -9999.0 -9999.0 -9999.0 -9999.0 -9999.0 -9999.0 -9999.0 -9999.0 -9999.0 -9999.0 -9999.0 -9999.0 -9999.0 -9999.0 -9999.0 -9999.0 -9999.0 -9999.0 -9999.0 -9999.0 -9999.0 -9999.0 -9999.0 -9999.0 -9999.0 -9999.0 -9999.0 -9999.0 -9999.0 -9999.0 -9999.0 -9999.0 -9999.0 -9999.0 -9999.0 -9999.0 -9999.0 244.8 316.3 235.6 226.2 308.0 339.2 -9999.0 -9999.0 -9999.0 -9999.0 -9999.0 -9999.0 -9999.0 -9999.0 -9999.0 234.4 -9999.0 -9999.0 -9999.0 -9999.0 -9999.0
-9999.0 -9999.0 -9999.0 -9999.0 -9999.0 -9999.0 -9999.0 -9999.0 -9999.0 -9999.0 -9999.0 -9999.0 -9999.0 -9999.0 -9999.0 -9999.0 -9999.0 -9999.0 -9999.0 -9999.0 -9999.0 -9999.0 -9999.0 -9999.0 -9999.0 -9999.0 -9999.0 -9999.0 -9999.0 -9999.0 -9999.0 -9999.0 -9999.0 -9999.0 -9999.0 -9999.0 -9999.0 -9999.0 -9999.0 -9999.0 -9999.0 -9999.0 -9999.0 -9999.0 -9999.0 -9999.0 -9999.0 -9999.0 -9999.0 -9999.0 -9999.0 -9999.0 -9999.0 -9999.0 -9999.0 -9999.0 -9999.0 -9999.0 232.3 224.7 -9999.0 -9999.0 -9999.0 -9999.0 -9999.0 -9999.0 -9999.0 -9999.0 -9999.0 -9999.0 -9999.0 -9999.0 -9999.0 -9999.0 -9999.0 129.4
-9999.0 -9999.0 -9999.0 -9999.0 -9999.0 -9999.0 -9999.0 -9999.0 -9999.0 -9999.0 -9999.0 -9999.0 -9999.0 -9999.0 -9999.0 -9999.0 -9999.0 -9999.0 -9999.0 -9999.0 -9999.0 -9999.0 -9999.0 -9999.0 -9999.0 -9999.0 -9999.0 -9999.0 -9999.0 -9999.0 -9999.0 -9999.0 -9999.0 -9999.0 -9999.0 -9999.0 -9999.0 -9999.0 -9999.0 -9999.0 -9999.0 -9999.0 -9999.0 -9999.0 -9999.0 -9999.0 -9999.0 -9999.0 -9999.0 -9999.0 -9999.0 -9999.0 -9999.0 -9999.0 -9999.0 -9999.0 -9999.0 -9999.0 -9999.0 -9999.0 -9999.0 -9999.0 -9999.0 -9999.0 -9999.0 -9999.0 -9999.0 -9999.0 -9999.0 -9999.0 -9999.0 -9999.0 -9999.0 -9999.0 -9999.0 -9999.0
