program/excelProcessViaJava/data/SURF_CLI_CHN_PRE_MON_GRID_0.5-200101.txt
NCOLS      128
NROWS       72
XLLCORNER    72.000000000000    
YLLCORNER    18.000000000000    
CELLSIZE    0.50000000000000    
NODATA_VALUE   -9999.000    
[rows 35 to 69 of 72, columns 0 to 78 of 128]
-9999.0 -9999.0 -9999.0 -9999.0 -9999.0 -9999.0 -9999.0 0.0 0.0 0.0 0.0 0.0 0.0 0.0 0.0 0.1 0.1 0.1 0.1 0.1 0.0 0.0 0.0 0.0 0.0 0.0 0.0 0.0 0.0 0.0 0.0 0.0 0.1 0.1 0.1 0.1 0.1 0.1 0.1 0.2 0.2 0.4 0.5 0.4 0.2 0.2 0.1 0.1 0.2 0.3 0.7 1.2 1.9 2.6 2.7 1.2 1.0 1.0 2.4 1.5 3.8 2.4 2.6 4.7 7.8 8.9 8.6 7.0 6.3 6.3 7.2 8.3 10.1 11.8 12.8 14.2 13.8 12.9 14.1
-9999.0 -9999.0 -9999.0 -9999.0 -9999.0 -9999.0 -9999.0 0.0 0.0 0.0 0.0 0.0 0.0 0.0 0.0 0.0 0.0 0.0 0.0 0.0 0.0 0.0 0.0 0.0 0.0 0.0 0.0 0.0 0.0 0.0 0.0 0.1 0.1 0.1 0.1 0.1 0.1 0.1 0.1 0.1 0.3 0.4 0.5 0.3 0.2 0.1 0.1 0.1 0.1 0.3 0.7 1.7 2.8 3.3 3.7 2.2 2.0 2.7 3.9 4.7 4.3 5.1 4.0 7.0 8.6 10.2 9.7 8.1 6.9 9.1 10.7 12.4 14.7 17.1 16.4 19.0 17.0 13.8 15.7
-9999.0 -9999.0 -9999.0 -9999.0 -9999.0 -9999.0 -9999.0 -9999.0 -9999.0 0.0 0.0 0.1 0.0 0.0 0.0 0.1 0.0 0.0 0.0 0.0 0.0 0.0 0.0 0.0 0.0 0.0 0.0 0.0 0.1 0.1 0.1 0.1 0.1 0.1 0.1 0.1 0.1 0.1 0.1 0.1 0.2 0.4 0.5 0.4 0.2 0.1 0.1 0.1 0.1 0.3 0.9 2.3 3.7 4.3 4.9 3.7 2.8 3.6 5.8 6.1 6.2 7.4 9.0 5.7 9.4 10.7 10.3 9.0 8.5 10.7 12.9 15.0 17.9 21.0 23.2 14.8 12.5 11.8 14.0
-9999.0 -9999.0 -9999.0 -9999.0 -9999.0 -9999.0 -9999.0 -9999.0 -9999.0 -9999.0 -9999.0 0.1 0.2 0.1 0.1 0.1 0.1 0.1 0.1 0.1 0.0 0.1 0.0 0.1 0.0 0.1 0.1 0.1 0.1 0.1 0.1 0.1 0.1 0.1 0.1 0.1 0.1 0.1 0.1 0.1 0.1 0.3 0.4 0.4 0.3 0.2 0.1 0.1 0.1 0.5 1.8 3.5 5.0 5.8 6.2 6.1 5.3 6.4 7.0 7.2 7.5 6.1 5.7 5.8 8.4 8.6 8.6 8.8 9.2 10.5 12.6 15.1 17.4 19.0 14.6 11.8 10.3 11.2 13.4
-9999.0 -9999.0 -9999.0 -9999.0 -9999.0 -9999.0 -9999.0 -9999.0 -9999.0 -9999.0 -9999.0 -9999.0 0.4 0.4 0.2 0.2 0.1 0.1 0.1 0.1 0.1 0.1 0.1 0.1 0.0 0.1 0.1 0.1 0.1 0.1 0.1 0.1 0.1 0.1 0.1 0.1 0.1 0.1 0.1 0.1 0.1 0.2 0.5 0.6 0.6 0.4 0.2 0.3 0.6 1.4 2.4 4.5 6.6 7.2 7.2 7.2 7.3 8.1 6.6 8.6 7.1 6.2 5.5 5.1 4.6 8.8 8.0 9.0 9.5 10.5 10.3 11.1 12.8 13.9 14.6 31.5 19.3 17.2 18.6
-9999.0 -9999.0 -9999.0 -9999.0 -9999.0 -9999.0 -9999.0 -9999.0 -9999.0 -9999.0 -9999.0 -9999.0 0.6 1.0 1.0 0.6 0.7 0.5 0.3 0.2 0.2 0.1 0.1 0.1 0.1 0.1 0.1 0.1 0.1 0.2 0.2 0.2 0.3 0.3 0.2 0.2 0.2 0.2 0.2 0.2 0.3 0.5 0.9 1.3 1.4 1.2 1.4 1.7 3.2 3.8 5.9 7.3 8.9 8.6 7.3 7.4 6.6 7.3 6.7 6.6 5.2 3.7 4.2 5.7 3.6 7.0 5.0 7.0 8.1 9.5 12.7 18.3 22.3 18.2 19.6 18.3 18.9 24.7 24.6
-9999.0 -9999.0 -9999.0 -9999.0 -9999.0 -9999.0 -9999.0 -9999.0 -9999.0 -9999.0 -9999.0 -9999.0 -9999.0 1.8 1.4 1.7 1.2 1.1 0.9 0.7 0.4 0.3 0.2 0.2 0.1 0.1 0.1 0.1 0.2 0.2 0.3 0.4 0.5 0.5 0.5 0.4 0.4 0.5 0.8 0.8 1.0 1.4 1.9 2.4 3.1 3.9 3.8 3.7 4.4 6.2 8.3 10.5 10.1 8.9 8.4 7.3 6.2 6.8 7.9 6.9 5.5 3.9 4.6 5.0 2.8 5.4 8.2 9.2 11.2 10.7 10.2 9.5 11.8 14.3 19.3 17.8 20.9 27.8 37.8
-9999.0 -9999.0 -9999.0 -9999.0 -9999.0 -9999.0 -9999.0 -9999.0 -9999.0 -9999.0 -9999.0 -9999.0 3.8 3.1 2.9 3.0 2.1 1.9 1.5 1.3 0.8 0.5 0.3 0.2 0.1 0.1 0.1 0.1 0.2 0.3 0.4 0.5 0.7 0.8 0.9 0.9 1.1 1.1 1.4 2.0 2.7 3.2 3.6 4.5 5.3 6.1 7.2 8.1 7.7 8.4 8.3 8.4 9.2 8.5 7.1 6.4 7.0 4.8 6.7 6.0 5.5 5.8 6.9 9.0 10.5 8.8 4.0 8.1 13.0 14.5 13.2 10.0 9.1 10.8 12.5 15.5 24.7 38.4 44.5
-9999.0 -9999.0 -9999.0 -9999.0 -9999.0 -9999.0 -9999.0 -9999.0 -9999.0 -9999.0 -9999.0 -9999.0 6.0 6.4 5.7 4.2 3.8 3.7 2.8 1.9 1.2 0.7 0.4 0.2 0.1 0.1 0.1 0.1 0.2 0.3 0.4 0.6 1.0 1.1 1.3 1.5 1.7 2.3 3.0 3.9 4.8 5.3 5.8 6.6 7.5 8.2 7.6 7.5 7.1 8.1 8.0 7.4 6.6 5.1 5.0 4.6 6.3 7.3 7.3 8.0 8.1 8.8 11.2 13.3 12.3 4.6 7.9 7.6 9.8 10.5 10.2 9.9 11.5 15.0 16.0 14.1 22.0 25.8 35.3
-9999.0 -9999.0 -9999.0 -9999.0 -9999.0 -9999.0 -9999.0 -9999.0 -9999.0 -9999.0 -9999.0 -9999.0 10.1 9.3 9.1 8.1 7.1 5.2 4.3 2.9 1.7 0.9 0.4 0.2 0.1 0.1 0.1 0.1 0.1 0.2 0.4 0.8 1.0 1.2 1.5 2.0 2.6 3.5 4.5 6.1 6.8 6.4 7.4 7.5 8.5 8.2 7.6 7.5 6.5 5.2 4.8 4.3 6.0 6.7 6.0 3.6 6.5 8.1 9.0 8.8 9.6 11.3 13.4 15.2 6.8 4.1 5.3 7.7 9.9 11.8 13.8 14.9 16.8 18.9 24.2 15.9 18.4 21.4 25.2
-9999.0 -9999.0 -9999.0 -9999.0 -9999.0 -9999.0 -9999.0 -9999.0 -9999.0 -9999.0 -9999.0 -9999.0 -9999.0 12.6 12.1 11.8 10.2 8.5 6.0 4.0 2.4 1.2 0.6 0.3 0.1 0.1 0.1 0.1 0.1 0.2 0.4 0.7 1.1 1.3 1.8 2.8 3.5 4.0 5.4 6.2 6.6 7.9 7.8 7.5 7.9 8.3 7.0 6.6 4.1 3.0 2.4 3.3 3.3 1.8 5.3 6.3 4.8 6.8 9.1 11.0 12.0 14.3 16.1 10.5 3.1 3.0 5.1 8.3 11.3 14.2 18.1 19.4 19.6 18.1 19.5 18.6 19.6 22.4 24.4
-9999.0 -9999.0 -9999.0 -9999.0 -9999.0 -9999.0 -9999.0 -9999.0 -9999.0 -9999.0 -9999.0 -9999.0 -9999.0 17.6 16.9 16.0 13.1 11.6 8.5 5.5 3.4 1.9 0.9 0.3 0.1 0.1 0.1 0.1 0.1 0.4 0.4 0.7 0.8 1.2 2.0 2.5 2.8 3.6 5.0 7.0 5.6 5.8 5.9 6.0 6.5 5.9 5.1 3.8 2.2 1.4 1.7 1.0 2.3 3.8 5.1 5.1 4.0 5.6 8.5 7.2 12.4 11.0 10.6 7.8 2.3 2.3 5.8 11.2 15.0 18.5 21.0 20.5 19.3 20.8 23.1 24.2 23.6 32.2 45.4
-9999.0 -9999.0 -9999.0 -9999.0 -9999.0 -9999.0 -9999.0 -9999.0 -9999.0 -9999.0 -9999.0 -9999.0 -9999.0 -9999.0 -9999.0 20.5 17.9 14.5 10.8 6.9 4.3 1.9 0.7 0.3 0.2 0.1 0.3 0.1 0.3 0.2 0.3 0.4 1.0 1.3 1.3 2.6 3.6 1.8 2.8 3.3 5.0 5.2 4.6 4.1 3.5 3.8 3.2 2.3 1.3 0.7 0.7 2.1 1.4 2.0 0.2 2.8 3.5 0.9 7.1 9.6 5.8 6.7 18.7 10.6 3.6 3.8 9.4 18.4 23.2 22.6 23.1 22.1 22.0 24.1 26.6 30.2 32.5 34.0 51.2
-9999.0 -9999.0 -9999.0 -9999.0 -9999.0 -9999.0 -9999.0 -9999.0 -9999.0 -9999.0 -9999.0 -9999.0 -9999.0 -9999.0 -9999.0 -9999.0 -9999.0 7.8 10.5 -9999.0 3.8 2.7 0.7 0.2 0.3 0.2 0.5 0.3 0.2 0.3 0.2 0.2 1.0 0.3 0.2 0.8 2.9 0.3 1.4 1.8 2.5 4.0 2.9 2.3 2.5 2.4 8.3 1.9 0.9 0.7 0.9 0.6 0.4 1.7 2.2 2.4 1.1 3.7 4.6 7.0 0.7 6.6 14.5 10.6 6.4 7.7 15.3 24.6 30.0 28.5 31.5 22.2 23.4 24.4 28.0 34.1 40.6 48.2 62.7
-9999.0 -9999.0 -9999.0 -9999.0 -9999.0 -9999.0 -9999.0 -9999.0 -9999.0 -9999.0 -9999.0 -9999.0 -9999.0 -9999.0 -9999.0 -9999.0 -9999.0 -9999.0 -9999.0 -9999.0 -9999.0 2.7 1.7 2.0 0.8 0.3 0.4 0.4 0.4 0.2 0.2 0.1 0.1 0.2 0.1 0.4 0.4 0.4 0.2 0.1 0.1 2.8 2.8 2.0 1.8 1.6 14.3 1.9 1.7 5.4 1.0 2.5 2.6 0.5 1.1 2.2 2.2 1.2 5.2 4.1 0.4 3.7 8.7 8.6 8.9 13.8 23.6 31.5 36.6 33.3 28.5 21.7 21.4 21.7 24.6 33.0 43.8 59.9 80.7
-9999.0 -9999.0 -9999.0 -9999.0 -9999.0 -9999.0 -9999.0 -9999.0 -9999.0 -9999.0 -9999.0 -9999.0 -9999.0 -9999.0 -9999.0 -9999.0 -9999.0 -9999.0 -9999.0 -9999.0 -9999.0 -9999.0 -9999.0 0.7 1.1 1.1 1.3 1.4 1.5 0.7 0.5 0.5 1.4 0.7 1.2 1.0 1.7 0.6 1.8 2.5 2.1 3.1 1.2 0.6 1.8 14.6 5.2 4.5 8.4 11.3 3.8 2.7 2.3 1.7 0.9 0.3 1.3 2.4 0.2 3.0 2.2 8.2 14.1 9.1 11.5 18.9 30.3 36.6 30.7 30.1 21.4 18.7 17.2 20.3 26.2 38.3 51.3 68.9 95.1
-9999.0 -9999.0 -9999.0 -9999.0 -9999.0 -9999.0 -9999.0 -9999.0 -9999.0 -9999.0 -9999.0 -9999.0 -9999.0 -9999.0 -9999.0 -9999.0 -9999.0 -9999.0 -9999.0 -9999.0 -9999.0 -9999.0 -9999.0 -9999.0 -9999.0 1.5 3.0 5.1 4.0 4.6 2.2 0.9 0.7 1.1 0.7 2.2 5.0 1.6 3.6 2.1 4.2 1.6 0.7 1.2 7.5 15.5 14.9 29.8 4.0 12.0 4.2 5.2 4.9 4.6 4.6 2.9 1.8 0.9 1.9 2.3 4.9 10.5 15.5 6.0 10.0 19.0 28.4 26.2 25.9 25.0 20.0 16.0 15.0 23.5 34.5 49.9 63.7 78.3 86.4
-9999.0 -9999.0 -9999.0 -9999.0 -9999.0 -9999.0 -9999.0 -9999.0 -9999.0 -9999.0 -9999.0 -9999.0 -9999.0 -9999.0 -9999.0 -9999.0 -9999.0 -9999.0 -9999.0 -9999.0 -9999.0 -9999.0 -9999.0 -9999.0 -9999.0 -9999.0 -9999.0 2.0 1.9 4.0 2.7 1.8 3.9 0.8 2.0 0.2 1.5 1.6 0.6 2.0 3.5 0.8 1.5 5.1 8.9 14.8 21.6 28.7 36.3 28.0 45.6 47.5 13.8 16.4 11.8 5.8 3.8 1.8 1.3 1.5 2.4 7.8 1.9 2.8 6.1 8.6 20.2 27.2 26.8 25.0 21.1 23.1 20.8 32.3 43.7 60.5 78.1 83.6 84.4
-9999.0 -9999.0 -9999.0 -9999.0 -9999.0 -9999.0 -9999.0 -9999.0 -9999.0 -9999.0 -9999.0 -9999.0 -9999.0 -9999.0 -9999.0 -9999.0 -9999.0 -9999.0 -9999.0 -9999.0 -9999.0 -9999.0 -9999.0 -9999.0 -9999.0 -9999.0 -9999.0 -9999.0 -9999.0 -9999.0 -9999.0 -9999.0 -9999.0 1.0 2.6 -9999.0 -9999.0 -9999.0 0.5 1.6 1.0 1.3 1.8 5.0 8.4 12.6 -9999.0 -9999.0 -9999.0 -9999.0 -9999.0 -9999.0 33.9 13.5 23.5 11.7 3.7 2.1 0.8 0.8 1.5 3.7 1.3 1.3 2.3 5.5 12.3 19.5 22.9 22.5 21.2 30.1 39.3 41.1 61.6 71.4 92.9 88.7 75.2
-9999.0 -9999.0 -9999.0 -9999.0 -9999.0 -9999.0 -9999.0 -9999.0 -9999.0 -9999.0 -9999.0 -9999.0 -9999.0 -9999.0 -9999.0 -9999.0 -9999.0 -9999.0 -9999.0 -9999.0 -9999.0 -9999.0 -9999.0 -9999.0 -9999.0 -9999.0 -9999.0 -9999.0 -9999.0 -9999.0 -9999.0 -9999.0 -9999.0 -9999.0 -9999.0 -9999.0 -9999.0 -9999.0 -9999.0 0.3 0.6 1.2 2.2 3.8 -9999.0 -9999.0 -9999.0 -9999.0 -9999.0 -9999.0 -9999.0 -9999.0 24.9 11.7 11.1 5.7 1.3 0.5 0.3 0.2 0.2 0.8 1.6 1.0 4.1 7.8 12.8 15.4 16.5 20.8 26.6 33.7 37.3 59.0 58.9 80.7 96.7 90.5 80.6
-9999.0 -9999.0 -9999.0 -9999.0 -9999.0 -9999.0 -9999.0 -9999.0 -9999.0 -9999.0 -9999.0 -9999.0 -9999.0 -9999.0 -9999.0 -9999.0 -9999.0 -9999.0 -9999.0 -9999.0 -9999.0 -9999.0 -9999.0 -9999.0 -9999.0 -9999.0 -9999.0 -9999.0 -9999.0 -9999.0 -9999.0 -9999.0 -9999.0 -9999.0 -9999.0 -9999.0 -9999.0 -9999.0 -9999.0 -9999.0 -9999.0 -9999.0 -9999.0 -9999.0 -9999.0 -9999.0 -9999.0 -9999.0 -9999.0 -9999.0 -9999.0 -9999.0 13.3 8.0 4.3 1.4 0.1 0.1 0.1 0.1 0.1 0.1 3.0 1.5 4.8 8.7 10.7 11.2 11.6 14.6 20.6 30.3 57.5 59.0 71.9 70.6 94.9 90.3 79.4
-9999.0 -9999.0 -9999.0 -9999.0 -9999.0 -9999.0 -9999.0 -9999.0 -9999.0 -9999.0 -9999.0 -9999.0 -9999.0 -9999.0 -9999.0 -9999.0 -9999.0 -9999.0 -9999.0 -9999.0 -9999.0 -9999.0 -9999.0 -9999.0 -9999.0 -9999.0 -9999.0 -9999.0 -9999.0 -9999.0 -9999.0 -9999.0 -9999.0 -9999.0 -9999.0 -9999.0 -9999.0 -9999.0 -9999.0 -9999.0 -9999.0 -9999.0 -9999.0 -9999.0 -9999.0 -9999.0 -9999.0 -9999.0 -9999.0 -9999.0 -9999.0 5.3 3.2 3.4 0.2 0.1 0.0 0.0 0.1 0.1 0.1 0.1 0.2 1.4 5.0 9.7 10.0 8.9 9.8 11.2 15.7 24.2 27.6 31.5 47.7 59.7 92.8 90.2 93.3
-9999.0 -9999.0 -9999.0 -9999.0 -9999.0 -9999.0 -9999.0 -9999.0 -9999.0 -9999.0 -9999.0 -9999.0 -9999.0 -9999.0 -9999.0 -9999.0 -9999.0 -9999.0 -9999.0 -9999.0 -9999.0 -9999.0 -9999.0 -9999.0 -9999.0 -9999.0 -9999.0 -9999.0 -9999.0 -9999.0 -9999.0 -9999.0 -9999.0 -9999.0 -9999.0 -9999.0 -9999.0 -9999.0 -9999.0 -9999.0 -9999.0 -9999.0 -9999.0 -9999.0 -9999.0 -9999.0 -9999.0 -9999.0 -9999.0 -9999.0 1.8 2.2 1.4 0.8 0.1 0.1 0.1 0.1 0.1 0.1 0.1 0.1 0.3 1.4 5.4 9.7 10.3 10.1 12.5 13.4 19.0 21.2 26.9 39.2 52.4 71.9 78.7 102.2 97.3
-9999.0 -9999.0 -9999.0 -9999.0 -9999.0 -9999.0 -9999.0 -9999.0 -9999.0 -9999.0 -9999.0 -9999.0 -9999.0 -9999.0 -9999.0 -9999.0 -9999.0 -9999.0 -9999.0 -9999.0 -9999.0 -9999.0 -9999.0 -9999.0 -9999.0 -9999.0 -9999.0 -9999.0 -9999.0 -9999.0 -9999.0 -9999.0 -9999.0 -9999.0 -9999.0 -9999.0 -9999.0 -9999.0 -9999.0 -9999.0 -9999.0 -9999.0 -9999.0 -9999.0 -9999.0 -9999.0 -9999.0 -9999.0 -9999.0 -9999.0 0.3 1.7 0.5 0.6 0.3 0.2 0.4 0.3 0.2 0.2 0.2 0.4 0.7 1.8 5.0 6.7 7.9 9.6 14.0 18.2 27.0 35.5 40.7 41.2 44.9 57.6 84.2 97.9 101.6
-9999.0 -9999.0 -9999.0 -9999.0 -9999.0 -9999.0 -9999.0 -9999.0 -9999.0 -9999.0 -9999.0 -9999.0 -9999.0 -9999.0 -9999.0 -9999.0 -9999.0 -9999.0 -9999.0 -9999.0 -9999.0 -9999.0 -9999.0 -9999.0 -9999.0 -9999.0 -9999.0 -9999.0 -9999.0 -9999.0 -9999.0 -9999.0 -9999.0 -9999.0 -9999.0 -9999.0 -9999.0 -9999.0 -9999.0 -9999.0 -9999.0 -9999.0 -9999.0 -9999.0 -9999.0 -9999.0 -9999.0 -9999.0 -9999.0 -9999.0 0.0 0.2 0.2 1.2 1.0 1.3 1.0 0.8 0.6 0.2 0.4 1.0 1.5 2.0 3.9 4.0 4.7 7.5 12.9 27.5 34.9 53.9 49.8 56.8 53.7 63.9 83.8 95.2 97.8
-9999.0 -9999.0 -9999.0 -9999.0 -9999.0 -9999.0 -9999.0 -9999.0 -9999.0 -9999.0 -9999.0 -9999.0 -9999.0 -9999.0 -9999.0 -9999.0 -9999.0 -9999.0 -9999.0 -9999.0 -9999.0 -9999.0 -9999.0 -9999.0 -9999.0 -9999.0 -9999.0 -9999.0 -9999.0 -9999.0 -9999.0 -9999.0 -9999.0 -9999.0 -9999.0 -9999.0 -9999.0 -9999.0 -9999.0 -9999.0 -9999.0 -9999.0 -9999.0 -9999.0 -9999.0 -9999.0 -9999.0 -9999.0 -9999.0 -9999.0 0.0 0.3 0.3 0.8 1.3 2.1 2.0 1.7 1.2 0.6 1.1 1.8 0.9 3.5 5.0 4.5 6.1 9.9 22.4 17.7 36.7 46.7 56.1 64.5 64.1 72.4 82.6 84.5 87.7
-9999.0 -9999.0 -9999.0 -9999.0 -9999.0 -9999.0 -9999.0 -9999.0 -9999.0 -9999.0 -9999.0 -9999.0 -9999.0 -9999.0 -9999.0 -9999.0 -9999.0 -9999.0 -9999.0 -9999.0 -9999.0 -9999.0 -9999.0 -9999.0 -9999.0 -9999.0 -9999.0 -9999.0 -9999.0 -9999.0 -9999.0 -9999.0 -9999.0 -9999.0 -9999.0 -9999.0 -9999.0 -9999.0 -9999.0 -9999.0 -9999.0 -9999.0 -9999.0 -9999.0 -9999.0 -9999.0 -9999.0 -9999.0 -9999.0 -9999.0 -9999.0 -9999.0 -9999.0 0.1 0.3 1.3 2.5 2.6 2.4 3.0 8.2 4.0 13.7 11.5 10.1 8.4 12.4 13.5 27.4 34.7 35.2 39.4 47.9 59.5 71.7 78.2 84.7 81.9 76.9
-9999.0 -9999.0 -9999.0 -9999.0 -9999.0 -9999.0 -9999.0 -9999.0 -9999.0 -9999.0 -9999.0 -9999.0 -9999.0 -9999.0 -9999.0 -9999.0 -9999.0 -9999.0 -9999.0 -9999.0 -9999.0 -9999.0 -9999.0 -9999.0 -9999.0 -9999.0 -9999.0 -9999.0 -9999.0 -9999.0 -9999.0 -9999.0 -9999.0 -9999.0 -9999.0 -9999.0 -9999.0 -9999.0 -9999.0 -9999.0 -9999.0 -9999.0 -9999.0 -9999.0 -9999.0 -9999.0 -9999.0 -9999.0 -9999.0 -9999.0 -9999.0 -9999.0 -9999.0 0.0 0.1 3.7 3.8 4.6 6.8 13.7 16.3 15.8 36.0 26.3 23.8 19.5 14.4 28.3 24.4 28.8 28.9 35.3 46.3 59.4 75.3 94.9 93.5 90.0 77.0
-9999.0 -9999.0 -9999.0 -9999.0 -9999.0 -9999.0 -9999.0 -9999.0 -9999.0 -9999.0 -9999.0 -9999.0 -9999.0 -9999.0 -9999.0 -9999.0 -9999.0 -9999.0 -9999.0 -9999.0 -9999.0 -9999.0 -9999.0 -9999.0 -9999.0 -9999.0 -9999.0 -9999.0 -9999.0 -9999.0 -9999.0 -9999.0 -9999.0 -9999.0 -9999.0 -9999.0 -9999.0 -9999.0 -9999.0 -9999.0 -9999.0 -9999.0 -9999.0 -9999.0 -9999.0 -9999.0 -9999.0 -9999.0 -9999.0 -9999.0 -9999.0 -9999.0 -9999.0 0.0 0.1 4.5 10.2 12.8 15.7 20.5 34.0 42.1 61.6 61.5 34.9 -9999.0 -9999.0 -9999.0 34.6 28.0 34.0 45.4 53.5 59.8 71.3 87.3 78.3 70.5 73.8
-9999.0 -9999.0 -9999.0 -9999.0 -9999.0 -9999.0 -9999.0 -9999.0 -9999.0 -9999.0 -9999.0 -9999.0 -9999.0 -9999.0 -9999.0 -9999.0 -9999.0 -9999.0 -9999.0 -9999.0 -9999.0 -9999.0 -9999.0 -9999.0 -9999.0 -9999.0 -9999.0 -9999.0 -9999.0 -9999.0 -9999.0 -9999.0 -9999.0 -9999.0 -9999.0 -9999.0 -9999.0 -9999.0 -9999.0 -9999.0 -9999.0 -9999.0 -9999.0 -9999.0 -9999.0 -9999.0 -9999.0 -9999.0 -9999.0 -9999.0 -9999.0 -9999.0 -9999.0 -9999.0 1.8 8.1 13.7 16.1 23.7 33.6 21.6 -9999.0 -9999.0 -9999.0 -9999.0 -9999.0 -9999.0 -9999.0 31.0 38.6 54.4 53.2 54.5 53.3 49.6 44.1 35.7 29.9 27.1
-9999.0 -9999.0 -9999.0 -9999.0 -9999.0 -9999.0 -9999.0 -9999.0 -9999.0 -9999.0 -9999.0 -9999.0 -9999.0 -9999.0 -9999.0 -9999.0 -9999.0 -9999.0 -9999.0 -9999.0 -9999.0 -9999.0 -9999.0 -9999.0 -9999.0 -9999.0 -9999.0 -9999.0 -9999.0 -9999.0 -9999.0 -9999.0 -9999.0 -9999.0 -9999.0 -9999.0 -9999.0 -9999.0 -9999.0 -9999.0 -9999.0 -9999.0 -9999.0 -9999.0 -9999.0 -9999.0 -9999.0 -9999.0 -9999.0 -9999.0 -9999.0 -9999.0 -9999.0 -9999.0 -9999.0 9.0 26.1 22.1 15.7 23.2 25.1 -9999.0 -9999.0 -9999.0 -9999.0 -9999.0 -9999.0 -9999.0 -9999.0 -9999.0 47.7 -9999.0 -9999.0 -9999.0 -9999.0 -9999.0 13.6 -9999.0 -9999.0
-9999.0 -9999.0 -9999.0 -9999.0 -9999.0 -9999.0 -9999.0 -9999.0 -9999.0 -9999.0 -9999.0 -9999.0 -9999.0 -9999.0 -9999.0 -9999.0 -9999.0 -9999.0 -9999.0 -9999.0 -9999.0 -9999.0 -9999.0 -9999.0 -9999.0 -9999.0 -9999.0 -9999.0 -9999.0 -9999.0 -9999.0 -9999.0 -9999.0 -9999.0 -9999.0 -9999.0 -9999.0 -9999.0 -9999.0 -9999.0 -9999.0 -9999.0 -9999.0 -9999.0 -9999.0 -9999.0 -9999.0 -9999.0 -9999.0 -9999.0 -9999.0 -9999.0 -9999.0 -9999.0 -9999.0 -9999.0 -9999.0 -9999.0 18.5 12.9 -9999.0 -9999.0 -9999.0 -9999.0 -9999.0 -9999.0 -9999.0 -9999.0 -9999.0 -9999.0 -9999.0 -9999.0 -9999.0 -9999.0 -9999.0 11.6 9.4 -9999.0 -9999.0
-9999.0 -9999.0 -9999.0 -9999.0 -9999.0 -9999.0 -9999.0 -9999.0 -9999.0 -9999.0 -9999.0 -9999.0 -9999.0 -9999.0 -9999.0 -9999.0 -9999.0 -9999.0 -9999.0 -9999.0 -9999.0 -9999.0 -9999.0 -9999.0 -9999.0 -9999.0 -9999.0 -9999.0 -9999.0 -9999.0 -9999.0 -9999.0 -9999.0 -9999.0 -9999.0 -9999.0 -9999.0 -9999.0 -9999.0 -9999.0 -9999.0 -9999.0 -9999.0 -9999.0 -9999.0 -9999.0 -9999.0 -9999.0 -9999.0 -9999.0 -9999.0 -9999.0 -9999.0 -9999.0 -9999.0 -9999.0 -9999.0 -9999.0 -9999.0 -9999.0 -9999.0 -9999.0 -9999.0 -9999.0 -9999.0 -9999.0 -9999.0 -9999.0 -9999.0 -9999.0 -9999.0 -9999.0 -9999.0 -9999.0 -9999.0 -9999.0 -9999.0 -9999.0 -9999.0
-9999.0 -9999.0 -9999.0 -9999.0 -9999.0 -9999.0 -9999.0 -9999.0 -9999.0 -9999.0 -9999.0 -9999.0 -9999.0 -9999.0 -9999.0 -9999.0 -9999.0 -9999.0 -9999.0 -9999.0 -9999.0 -9999.0 -9999.0 -9999.0 -9999.0 -9999.0 -9999.0 -9999.0 -9999.0 -9999.0 -9999.0 -9999.0 -9999.0 -9999.0 -9999.0 -9999.0 -9999.0 -9999.0 -9999.0 -9999.0 -9999.0 -9999.0 -9999.0 -9999.0 -9999.0 -9999.0 -9999.0 -9999.0 -9999.0 -9999.0 -9999.0 -9999.0 -9999.0 -9999.0 -9999.0 -9999.0 -9999.0 -9999.0 -9999.0 -9999.0 -9999.0 -9999.0 -9999.0 -9999.0 -9999.0 -9999.0 -9999.0 -9999.0 -9999.0 -9999.0 -9999.0 -9999.0 -9999.0 -9999.0 -9999.0 14.0 19.1 24.6 -9999.0
-9999.0 -9999.0 -9999.0 -9999.0 -9999.0 -9999.0 -9999.0 -9999.0 -9999.0 -9999.0 -9999.0 -9999.0 -9999.0 -9999.0 -9999.0 -9999.0 -9999.0 -9999.0 -9999.0 -9999.0 -9999.0 -9999.0 -9999.0 -9999.0 -9999.0 -9999.0 -9999.0 -9999.0 -9999.0 -9999.0 -9999.0 -9999.0 -9999.0 -9999.0 -9999.0 -9999.0 -9999.0 -9999.0 -9999.0 -9999.0 -9999.0 -9999.0 -9999.0 -9999.0 -9999.0 -9999.0 -9999.0 -9999.0 -9999.0 -9999.0 -9999.0 -9999.0 -9999.0 -9999.0 -9999.0 -9999.0 -9999.0 -9999.0 -9999.0 -9999.0 -9999.0 -9999.0 -9999.0 -9999.0 -9999.0 -9999.0 -9999.0 -9999.0 -9999.0 -9999.0 -9999.0 -9999.0 -9999.0 3.4 11.0 15.8 29.9 -9999.0 -9999.0
