program/excelProcessViaJava/data/SURF_CLI_CHN_PRE_MON_GRID_0.5-201307.txt
NCOLS      128
NROWS       72
XLLCORNER    72.000000000000    
YLLCORNER    18.000000000000    
CELLSIZE    0.50000000000000    
NODATA_VALUE   -9999.000    
[rows 33 to 65 of 72, columns 0 to 74 of 128]
-9999.0 -9999.0 -9999.0 -9999.0 0.7 0.5 0.5 1.6 3.1 15.6 15.4 18.9 19.4 18.5 18.3 17.6 15.8 13.9 13.2 13.5 14.4 15.1 15.1 14.2 13.4 12.7 13.2 23.0 18.2 22.9 28.7 31.5 34.7 41.2 36.4 36.2 32.9 54.4 45.5 26.4 12.7 8.3 7.4 6.4 6.4 6.9 9.4 17.5 26.0 18.5 24.7 74.7 131.3 183.3 115.7 106.1 91.8 115.8 105.9 130.4 115.3 85.7 75.4 55.4 46.9 72.3 92.6 70.1 113.4 126.6 158.8 198.4 234.5 279.4 348.8
-9999.0 -9999.0 -9999.0 -9999.0 0.2 0.4 0.3 1.2 0.6 1.1 7.1 3.1 6.5 7.5 13.9 13.4 12.5 12.5 12.7 13.6 14.2 14.8 14.3 11.2 11.4 15.5 15.0 18.1 21.3 25.6 30.2 37.6 39.4 42.9 46.9 44.2 51.8 60.1 41.7 27.0 39.9 15.2 12.6 8.5 7.4 6.8 6.7 7.2 8.3 12.1 16.5 29.2 112.8 90.9 77.4 80.1 79.3 91.8 104.3 71.9 106.6 75.2 70.9 77.0 71.8 71.1 127.2 132.7 159.4 199.3 237.9 290.0 341.5 401.3 476.8
-9999.0 -9999.0 -9999.0 -9999.0 -9999.0 -9999.0 -9999.0 0.6 0.6 1.4 1.1 1.5 4.0 4.4 5.4 11.8 9.0 10.7 11.2 10.4 8.8 8.8 9.5 10.3 11.5 13.3 16.2 19.9 24.3 30.9 36.3 41.9 46.6 52.9 60.3 56.7 67.7 62.1 76.4 80.1 41.1 94.3 86.4 55.6 29.9 13.0 21.0 17.8 27.0 16.1 15.7 25.2 56.4 175.8 144.8 64.6 62.1 67.9 113.6 93.0 131.7 97.5 89.4 93.2 113.6 112.8 160.9 207.7 224.7 249.5 279.8 324.9 364.0 415.2 469.6
-9999.0 -9999.0 -9999.0 -9999.0 -9999.0 -9999.0 -9999.0 0.1 0.9 0.7 1.0 1.8 2.3 2.6 4.2 4.3 6.0 6.7 6.8 7.6 8.1 8.6 9.3 10.5 12.0 14.2 17.1 22.0 25.9 31.3 39.6 46.7 53.2 64.0 64.1 68.6 67.3 75.5 74.6 70.2 74.5 77.5 87.9 131.4 73.3 42.8 56.8 62.3 108.3 86.4 158.0 140.9 77.3 104.7 156.3 75.5 74.9 92.0 120.7 138.8 129.8 130.6 128.3 139.8 141.6 154.3 190.4 236.5 273.9 258.6 262.6 279.2 291.7 323.1 329.4
-9999.0 -9999.0 -9999.0 -9999.0 -9999.0 -9999.0 -9999.0 -9999.0 -9999.0 0.6 1.1 1.8 1.8 2.7 4.1 5.4 5.6 5.9 6.8 7.4 8.0 8.8 9.7 10.9 12.7 15.2 18.7 23.2 28.5 36.7 41.9 50.4 58.4 68.4 69.9 74.2 75.5 80.6 75.6 79.4 74.4 85.5 87.5 86.2 106.6 110.0 114.7 114.2 120.2 120.8 139.0 122.5 108.9 102.8 150.8 97.5 87.9 102.5 137.8 141.9 146.8 163.7 171.6 169.5 177.5 181.1 210.0 254.5 282.8 268.1 250.8 228.7 211.5 225.4 254.2
-9999.0 -9999.0 -9999.0 -9999.0 -9999.0 -9999.0 -9999.0 -9999.0 -9999.0 -9999.0 -9999.0 1.2 3.2 2.5 4.0 4.8 5.9 6.9 7.5 7.9 8.3 9.2 10.2 11.7 13.9 16.6 20.8 26.0 32.3 39.6 47.9 59.3 65.9 75.2 81.3 98.1 92.3 93.9 119.6 91.0 99.9 92.2 92.8 98.1 141.4 122.9 167.9 146.5 156.4 145.5 120.7 120.1 121.8 138.6 167.1 146.7 129.8 147.7 150.9 156.2 177.2 168.2 166.2 179.5 196.7 182.4 216.3 254.8 269.7 259.4 228.4 195.3 160.6 150.6 130.0
-9999.0 -9999.0 -9999.0 -9999.0 -9999.0 -9999.0 -9999.0 -9999.0 -9999.0 -9999.0 -9999.0 -9999.0 3.0 4.3 4.1 6.0 5.7 7.3 8.0 8.2 9.7 10.1 11.1 12.8 15.9 18.2 22.9 28.7 35.9 46.0 54.1 63.9 74.4 88.4 99.9 106.8 128.9 117.2 108.0 97.7 93.1 97.2 107.4 130.7 141.5 158.6 178.4 155.4 159.4 155.0 169.9 159.9 142.7 136.8 153.3 169.5 177.4 199.1 163.5 203.5 199.5 222.0 220.7 195.2 173.2 197.0 193.6 226.0 241.4 236.0 189.7 123.4 105.6 109.7 144.2
-9999.0 -9999.0 -9999.0 -9999.0 -9999.0 -9999.0 -9999.0 -9999.0 -9999.0 -9999.0 -9999.0 -9999.0 1.8 5.5 7.9 6.5 9.7 9.7 8.9 9.8 10.5 10.9 12.1 14.2 17.5 20.4 25.4 32.7 40.2 49.7 60.0 72.8 83.2 94.8 109.5 119.7 141.6 150.3 143.9 132.8 118.6 119.5 147.6 142.5 169.9 193.4 177.3 171.1 150.7 167.1 160.2 164.6 151.5 163.4 156.9 178.6 179.5 197.7 195.1 205.4 209.3 210.9 227.5 231.4 132.1 145.1 187.4 235.6 241.1 225.7 224.1 224.8 217.6 204.3 200.4
-9999.0 -9999.0 -9999.0 -9999.0 -9999.0 -9999.0 -9999.0 -9999.0 -9999.0 -9999.0 -9999.0 -9999.0 -9999.0 4.8 5.1 10.7 9.6 12.1 13.0 13.1 12.7 14.2 13.7 16.9 19.1 21.9 27.7 35.5 44.5 55.1 66.3 77.4 91.0 104.3 112.9 129.0 146.8 165.4 197.9 177.0 164.7 168.8 171.0 194.7 188.6 183.2 196.2 203.8 201.7 191.9 185.0 170.6 167.4 204.0 192.6 189.6 189.2 209.8 247.3 241.5 238.5 214.1 213.1 134.2 124.4 113.9 145.3 252.1 274.6 267.8 218.4 227.3 247.1 217.0 194.8
-9999.0 -9999.0 -9999.0 -9999.0 -9999.0 -9999.0 -9999.0 -9999.0 -9999.0 -9999.0 -9999.0 -9999.0 3.4 3.8 6.2 10.8 9.3 12.2 13.2 16.8 16.8 16.9 16.8 18.9 22.3 24.4 31.3 40.4 50.5 61.3 73.2 85.0 96.4 105.4 118.6 131.7 159.6 171.0 182.7 185.1 202.2 215.1 226.8 198.4 209.1 209.7 196.3 180.9 189.4 193.5 207.4 215.1 190.7 196.6 185.7 184.9 202.7 208.8 230.6 230.2 222.1 222.1 181.8 183.7 106.8 106.0 460.7 412.0 297.4 246.7 267.4 286.5 246.3 174.6 150.2
-9999.0 -9999.0 -9999.0 -9999.0 -9999.0 -9999.0 -9999.0 -9999.0 -9999.0 -9999.0 -9999.0 -9999.0 2.8 8.6 10.0 7.4 10.1 16.6 17.8 15.9 19.7 17.6 18.7 20.8 25.3 31.2 38.0 47.4 58.2 71.5 83.5 92.8 100.7 107.2 113.4 125.2 140.6 166.0 181.4 177.1 180.5 183.2 193.0 204.0 208.6 209.8 220.0 208.9 201.8 176.2 189.4 210.5 197.7 190.5 182.3 176.4 186.0 208.6 223.6 238.9 242.0 243.1 128.3 85.5 79.4 358.6 220.1 425.7 434.2 390.9 362.5 328.4 261.0 191.2 140.2
-9999.0 -9999.0 -9999.0 -9999.0 -9999.0 -9999.0 -9999.0 -9999.0 -9999.0 -9999.0 -9999.0 -9999.0 7.3 5.8 12.9 14.1 16.9 13.1 17.5 18.1 15.9 16.7 20.5 21.3 26.2 29.9 39.0 47.5 65.4 79.4 92.8 99.0 109.0 112.2 111.2 113.9 125.2 144.4 157.4 169.5 169.7 174.3 196.4 184.6 194.2 209.2 212.2 186.9 160.0 171.9 191.1 192.8 232.0 228.3 192.1 165.7 173.5 194.6 213.5 195.0 177.3 156.2 231.8 65.6 186.1 425.6 349.8 325.5 313.5 386.4 402.3 304.7 246.2 172.2 140.5
-9999.0 -9999.0 -9999.0 -9999.0 -9999.0 -9999.0 -9999.0 -9999.0 -9999.0 -9999.0 -9999.0 -9999.0 -9999.0 3.8 6.8 14.4 15.9 19.5 17.0 17.0 15.5 19.5 19.8 21.9 28.7 34.1 43.8 57.2 68.4 90.5 97.4 110.7 116.0 118.3 112.5 116.7 121.1 125.8 139.7 147.8 155.9 177.4 190.4 185.5 165.6 160.3 173.1 125.6 171.3 173.8 166.2 206.5 197.8 173.5 185.5 176.9 148.6 159.3 183.2 233.3 204.5 325.8 172.1 75.2 441.8 303.6 292.1 269.9 281.9 279.9 326.7 289.7 205.0 164.3 126.0
-9999.0 -9999.0 -9999.0 -9999.0 -9999.0 -9999.0 -9999.0 -9999.0 -9999.0 -9999.0 -9999.0 -9999.0 -9999.0 12.4 7.0 14.0 11.6 20.1 20.6 19.4 16.2 17.8 19.6 23.0 31.9 36.3 45.0 61.4 75.5 82.2 100.5 115.6 128.0 126.7 122.3 119.6 114.7 120.1 133.0 159.8 148.3 154.6 158.7 159.9 184.7 147.6 140.4 102.7 121.5 137.8 174.7 155.1 183.2 188.5 186.7 160.4 133.0 139.4 171.9 107.3 193.7 75.2 205.9 555.8 343.9 233.8 248.9 254.0 218.4 241.4 235.4 192.4 155.5 136.1 133.3
-9999.0 -9999.0 -9999.0 -9999.0 -9999.0 -9999.0 -9999.0 -9999.0 -9999.0 -9999.0 -9999.0 -9999.0 -9999.0 -9999.0 -9999.0 12.4 16.8 16.3 19.9 22.7 17.3 20.6 22.8 24.6 28.1 35.0 41.0 55.0 66.7 91.9 106.6 124.9 129.3 134.8 132.6 138.7 144.2 124.1 130.0 136.4 147.2 151.2 147.6 140.3 117.6 94.3 109.5 67.3 108.7 80.8 133.3 187.2 160.7 153.8 109.7 131.2 131.9 100.7 177.6 216.0 81.6 180.2 477.0 384.7 272.8 222.2 254.0 262.9 198.2 137.9 122.0 104.2 107.1 114.1 125.0
-9999.0 -9999.0 -9999.0 -9999.0 -9999.0 -9999.0 -9999.0 -9999.0 -9999.0 -9999.0 -9999.0 -9999.0 -9999.0 -9999.0 -9999.0 -9999.0 -9999.0 48.5 33.2 -9999.0 29.0 19.0 24.8 27.1 27.0 33.7 39.4 52.0 71.8 84.0 108.3 135.4 132.0 149.1 145.3 138.6 153.9 132.9 131.0 129.8 131.9 141.9 133.2 124.2 113.9 87.4 84.9 118.3 73.3 108.2 86.4 131.4 111.3 138.7 132.0 127.6 110.4 153.3 171.9 209.3 114.4 223.0 326.6 327.0 260.5 225.2 250.4 234.9 155.2 89.1 64.0 71.6 88.1 88.5 112.5
-9999.0 -9999.0 -9999.0 -9999.0 -9999.0 -9999.0 -9999.0 -9999.0 -9999.0 -9999.0 -9999.0 -9999.0 -9999.0 -9999.0 -9999.0 -9999.0 -9999.0 -9999.0 -9999.0 -9999.0 -9999.0 21.7 19.8 19.3 24.9 36.2 43.4 53.7 66.2 90.5 107.3 144.3 151.3 148.8 142.0 141.7 140.9 131.8 112.8 104.8 109.5 127.8 128.8 120.1 117.4 95.3 121.8 69.7 124.6 237.9 114.4 160.0 152.4 117.1 112.1 123.2 131.7 133.4 214.0 206.4 137.2 163.1 242.6 294.8 300.6 250.4 217.4 161.7 104.9 60.6 37.8 52.0 65.4 67.5 78.1
-9999.0 -9999.0 -9999.0 -9999.0 -9999.0 -9999.0 -9999.0 -9999.0 -9999.0 -9999.0 -9999.0 -9999.0 -9999.0 -9999.0 -9999.0 -9999.0 -9999.0 -9999.0 -9999.0 -9999.0 -9999.0 -9999.0 -9999.0 37.7 25.2 31.1 38.2 46.0 53.9 75.5 91.9 109.1 120.0 131.9 140.1 143.2 149.9 125.3 123.2 117.2 109.3 120.9 110.9 111.8 123.7 176.6 96.9 83.3 87.1 95.9 102.1 133.7 123.8 118.8 118.3 153.4 123.2 159.8 183.2 221.8 172.6 196.8 219.8 265.4 268.3 240.1 169.6 95.1 52.7 35.2 33.3 45.0 63.8 84.4 60.2
-9999.0 -9999.0 -9999.0 -9999.0 -9999.0 -9999.0 -9999.0 -9999.0 -9999.0 -9999.0 -9999.0 -9999.0 -9999.0 -9999.0 -9999.0 -9999.0 -9999.0 -9999.0 -9999.0 -9999.0 -9999.0 -9999.0 -9999.0 -9999.0 -9999.0 65.3 40.4 34.2 44.1 58.7 72.9 95.2 108.6 114.5 114.2 132.2 150.9 113.0 118.5 90.7 110.9 99.4 138.5 134.6 179.9 201.3 151.5 190.9 103.2 110.4 128.8 124.4 129.0 123.2 163.4 165.8 140.4 173.8 194.8 227.9 238.8 225.0 283.9 304.6 274.6 213.9 127.6 50.1 25.3 17.9 19.9 39.5 51.1 71.7 54.1
-9999.0 -9999.0 -9999.0 -9999.0 -9999.0 -9999.0 -9999.0 -9999.0 -9999.0 -9999.0 -9999.0 -9999.0 -9999.0 -9999.0 -9999.0 -9999.0 -9999.0 -9999.0 -9999.0 -9999.0 -9999.0 -9999.0 -9999.0 -9999.0 -9999.0 -9999.0 -9999.0 86.7 95.9 62.5 72.6 84.0 87.7 96.6 97.9 111.1 89.2 81.8 77.9 74.7 88.6 96.9 150.3 202.7 211.1 224.1 232.9 225.2 210.7 150.6 165.1 163.1 143.7 161.9 169.7 156.8 227.1 256.7 208.4 241.3 222.8 212.9 191.3 199.7 146.9 125.4 83.9 41.1 10.4 5.4 10.8 28.4 24.7 34.5 12.8
-9999.0 -9999.0 -9999.0 -9999.0 -9999.0 -9999.0 -9999.0 -9999.0 -9999.0 -9999.0 -9999.0 -9999.0 -9999.0 -9999.0 -9999.0 -9999.0 -9999.0 -9999.0 -9999.0 -9999.0 -9999.0 -9999.0 -9999.0 -9999.0 -9999.0 -9999.0 -9999.0 -9999.0 -9999.0 -9999.0 -9999.0 -9999.0 -9999.0 96.8 74.8 -9999.0 -9999.0 -9999.0 105.9 76.8 106.6 142.9 143.6 224.1 249.4 252.6 -9999.0 -9999.0 -9999.0 -9999.0 -9999.0 -9999.0 176.9 160.8 215.9 260.6 276.6 329.5 286.2 281.9 234.9 189.7 154.8 142.4 132.3 103.4 67.1 37.0 12.8 5.1 7.7 18.3 24.6 6.4 10.6
-9999.0 -9999.0 -9999.0 -9999.0 -9999.0 -9999.0 -9999.0 -9999.0 -9999.0 -9999.0 -9999.0 -9999.0 -9999.0 -9999.0 -9999.0 -9999.0 -9999.0 -9999.0 -9999.0 -9999.0 -9999.0 -9999.0 -9999.0 -9999.0 -9999.0 -9999.0 -9999.0 -9999.0 -9999.0 -9999.0 -9999.0 -9999.0 -9999.0 -9999.0 -9999.0 -9999.0 -9999.0 -9999.0 -9999.0 185.5 196.0 212.6 229.7 244.5 -9999.0 -9999.0 -9999.0 -9999.0 -9999.0 -9999.0 -9999.0 -9999.0 200.2 183.2 220.5 275.6 311.5 319.8 306.9 276.3 230.7 173.0 131.1 114.7 92.9 74.7 61.5 54.0 25.7 19.8 24.4 28.6 12.0 15.0 2.6
-9999.0 -9999.0 -9999.0 -9999.0 -9999.0 -9999.0 -9999.0 -9999.0 -9999.0 -9999.0 -9999.0 -9999.0 -9999.0 -9999.0 -9999.0 -9999.0 -9999.0 -9999.0 -9999.0 -9999.0 -9999.0 -9999.0 -9999.0 -9999.0 -9999.0 -9999.0 -9999.0 -9999.0 -9999.0 -9999.0 -9999.0 -9999.0 -9999.0 -9999.0 -9999.0 -9999.0 -9999.0 -9999.0 -9999.0 -9999.0 -9999.0 -9999.0 -9999.0 -9999.0 -9999.0 -9999.0 -9999.0 -9999.0 -9999.0 -9999.0 -9999.0 -9999.0 211.6 209.2 238.1 233.1 257.6 240.1 218.8 206.4 184.7 154.3 132.3 99.4 90.4 87.9 81.3 59.2 40.6 41.9 57.8 65.1 88.9 32.4 23.9
-9999.0 -9999.0 -9999.0 -9999.0 -9999.0 -9999.0 -9999.0 -9999.0 -9999.0 -9999.0 -9999.0 -9999.0 -9999.0 -9999.0 -9999.0 -9999.0 -9999.0 -9999.0 -9999.0 -9999.0 -9999.0 -9999.0 -9999.0 -9999.0 -9999.0 -9999.0 -9999.0 -9999.0 -9999.0 -9999.0 -9999.0 -9999.0 -9999.0 -9999.0 -9999.0 -9999.0 -9999.0 -9999.0 -9999.0 -9999.0 -9999.0 -9999.0 -9999.0 -9999.0 -9999.0 -9999.0 -9999.0 -9999.0 -9999.0 -9999.0 -9999.0 321.1 277.3 239.9 217.5 219.5 194.8 166.4 132.0 95.6 147.6 141.5 117.6 96.6 103.2 114.4 89.3 44.8 51.0 67.6 98.3 105.5 56.7 26.4 37.8
-9999.0 -9999.0 -9999.0 -9999.0 -9999.0 -9999.0 -9999.0 -9999.0 -9999.0 -9999.0 -9999.0 -9999.0 -9999.0 -9999.0 -9999.0 -9999.0 -9999.0 -9999.0 -9999.0 -9999.0 -9999.0 -9999.0 -9999.0 -9999.0 -9999.0 -9999.0 -9999.0 -9999.0 -9999.0 -9999.0 -9999.0 -9999.0 -9999.0 -9999.0 -9999.0 -9999.0 -9999.0 -9999.0 -9999.0 -9999.0 -9999.0 -9999.0 -9999.0 -9999.0 -9999.0 -9999.0 -9999.0 -9999.0 -9999.0 -9999.0 386.5 375.7 313.0 259.1 219.4 189.7 154.3 118.9 85.7 96.7 110.5 130.5 128.5 115.5 149.3 163.8 112.2 61.5 78.8 95.4 134.0 107.8 84.3 91.3 95.5
-9999.0 -9999.0 -9999.0 -9999.0 -9999.0 -9999.0 -9999.0 -9999.0 -9999.0 -9999.0 -9999.0 -9999.0 -9999.0 -9999.0 -9999.0 -9999.0 -9999.0 -9999.0 -9999.0 -9999.0 -9999.0 -9999.0 -9999.0 -9999.0 -9999.0 -9999.0 -9999.0 -9999.0 -9999.0 -9999.0 -9999.0 -9999.0 -9999.0 -9999.0 -9999.0 -9999.0 -9999.0 -9999.0 -9999.0 -9999.0 -9999.0 -9999.0 -9999.0 -9999.0 -9999.0 -9999.0 -9999.0 -9999.0 -9999.0 -9999.0 412.3 380.6 401.0 280.7 219.5 176.6 141.8 122.5 96.9 81.9 86.0 113.7 116.4 139.5 174.5 161.8 121.5 79.2 102.4 129.0 162.2 164.0 144.9 111.9 80.0
-9999.0 -9999.0 -9999.0 -9999.0 -9999.0 -9999.0 -9999.0 -9999.0 -9999.0 -9999.0 -9999.0 -9999.0 -9999.0 -9999.0 -9999.0 -9999.0 -9999.0 -9999.0 -9999.0 -9999.0 -9999.0 -9999.0 -9999.0 -9999.0 -9999.0 -9999.0 -9999.0 -9999.0 -9999.0 -9999.0 -9999.0 -9999.0 -9999.0 -9999.0 -9999.0 -9999.0 -9999.0 -9999.0 -9999.0 -9999.0 -9999.0 -9999.0 -9999.0 -9999.0 -9999.0 -9999.0 -9999.0 -9999.0 -9999.0 -9999.0 388.9 435.0 422.1 283.5 243.7 197.7 182.8 166.4 149.0 109.0 117.8 129.8 120.4 116.2 141.6 145.5 130.3 119.4 137.7 199.6 200.6 257.8 183.0 172.2 96.4
-9999.0 -9999.0 -9999.0 -9999.0 -9999.0 -9999.0 -9999.0 -9999.0 -9999.0 -9999.0 -9999.0 -9999.0 -9999.0 -9999.0 -9999.0 -9999.0 -9999.0 -9999.0 -9999.0 -9999.0 -9999.0 -9999.0 -9999.0 -9999.0 -9999.0 -9999.0 -9999.0 -9999.0 -9999.0 -9999.0 -9999.0 -9999.0 -9999.0 -9999.0 -9999.0 -9999.0 -9999.0 -9999.0 -9999.0 -9999.0 -9999.0 -9999.0 -9999.0 -9999.0 -9999.0 -9999.0 -9999.0 -9999.0 -9999.0 -9999.0 386.6 399.9 404.0 344.7 290.5 254.7 262.0 259.8 256.6 192.4 203.4 163.4 91.1 125.6 150.1 159.3 165.6 173.9 210.4 171.2 218.1 232.2 231.2 199.2 138.2
-9999.0 -9999.0 -9999.0 -9999.0 -9999.0 -9999.0 -9999.0 -9999.0 -9999.0 -9999.0 -9999.0 -9999.0 -9999.0 -9999.0 -9999.0 -9999.0 -9999.0 -9999.0 -9999.0 -9999.0 -9999.0 -9999.0 -9999.0 -9999.0 -9999.0 -9999.0 -9999.0 -9999.0 -9999.0 -9999.0 -9999.0 -9999.0 -9999.0 -9999.0 -9999.0 -9999.0 -9999.0 -9999.0 -9999.0 -9999.0 -9999.0 -9999.0 -9999.0 -9999.0 -9999.0 -9999.0 -9999.0 -9999.0 -9999.0 -9999.0 -9999.0 -9999.0 -9999.0 401.4 381.3 349.8 342.2 364.2 329.4 324.8 442.6 198.1 287.2 218.6 230.4 234.7 238.3 208.4 229.5 221.9 206.7 217.0 222.0 210.7 199.1
-9999.0 -9999.0 -9999.0 -9999.0 -9999.0 -9999.0 -9999.0 -9999.0 -9999.0 -9999.0 -9999.0 -9999.0 -9999.0 -9999.0 -9999.0 -9999.0 -9999.0 -9999.0 -9999.0 -9999.0 -9999.0 -9999.0 -9999.0 -9999.0 -9999.0 -9999.0 -9999.0 -9999.0 -9999.0 -9999.0 -9999.0 -9999.0 -9999.0 -9999.0 -9999.0 -9999.0 -9999.0 -9999.0 -9999.0 -9999.0 -9999.0 -9999.0 -9999.0 -9999.0 -9999.0 -9999.0 -9999.0 -9999.0 -9999.0 -9999.0 -9999.0 -9999.0 -9999.0 379.2 372.1 366.5 359.5 366.9 455.5 620.8 510.3 350.6 490.5 336.4 339.8 319.3 225.7 274.4 192.5 182.9 191.7 246.4 292.2 319.5 314.2
-9999.0 -9999.0 -9999.0 -9999.0 -9999.0 -9999.0 -9999.0 -9999.0 -9999.0 -9999.0 -9999.0 -9999.0 -9999.0 -9999.0 -9999.0 -9999.0 -9999.0 -9999.0 -9999.0 -9999.0 -9999.0 -9999.0 -9999.0 -9999.0 -9999.0 -9999.0 -9999.0 -9999.0 -9999.0 -9999.0 -9999.0 -9999.0 -9999.0 -9999.0 -9999.0 -9999.0 -9999.0 -9999.0 -9999.0 -9999.0 -9999.0 -9999.0 -9999.0 -9999.0 -9999.0 -9999.0 -9999.0 -9999.0 -9999.0 -9999.0 -9999.0 -9999.0 -9999.0 316.1 284.6 324.9 328.7 353.9 474.0 571.9 716.8 645.7 708.8 635.4 359.6 -9999.0 -9999.0 -9999.0 215.2 185.0 251.3 378.4 510.3 578.4 522.9
-9999.0 -9999.0 -9999.0 -9999.0 -9999.0 -9999.0 -9999.0 -9999.0 -9999.0 -9999.0 -9999.0 -9999.0 -9999.0 -9999.0 -9999.0 -9999.0 -9999.0 -9999.0 -9999.0 -9999.0 -9999.0 -9999.0 -9999.0 -9999.0 -9999.0 -9999.0 -9999.0 -9999.0 -9999.0 -9999.0 -9999.0 -9999.0 -9999.0 -9999.0 -9999.0 -9999.0 -9999.0 -9999.0 -9999.0 -9999.0 -9999.0 -9999.0 -9999.0 -9999.0 -9999.0 -9999.0 -9999.0 -9999.0 -9999.0 -9999.0 -9999.0 -9999.0 -9999.0 -9999.0 244.4 248.1 226.9 260.4 450.1 666.7 515.6 -9999.0 -9999.0 -9999.0 -9999.0 -9999.0 -9999.0 -9999.0 204.6 238.4 344.5 524.7 717.0 767.9 667.6
-9999.0 -9999.0 -9999.0 -9999.0 -9999.0 -9999.0 -9999.0 -9999.0 -9999.0 -9999.0 -9999.0 -9999.0 -9999.0 -9999.0 -9999.0 -9999.0 -9999.0 -9999.0 -9999.0 -9999.0 -9999.0 -9999.0 -9999.0 -9999.0 -9999.0 -9999.0 -9999.0 -9999.0 -9999.0 -9999.0 -9999.0 -9999.0 -9999.0 -9999.0 -9999.0 -9999.0 -9999.0 -9999.0 -9999.0 -9999.0 -9999.0 -9999.0 -9999.0 -9999.0 -9999.0 -9999.0 -9999.0 -9999.0 -9999.0 -9999.0 -9999.0 -9999.0 -9999.0 -9999.0 -9999.0 176.1 273.8 264.8 321.2 498.7 550.7 -9999.0 -9999.0 -9999.0 -9999.0 -9999.0 -9999.0 -9999.0 -9999.0 -9999.0 375.0 -9999.0 -9999.0 -9999.0 -9999.0
