program/excelProcessViaJava/data/SURF_CLI_CHN_PRE_MON_GRID_0.5-200507.txt
NCOLS      128
NROWS       72
XLLCORNER    72.000000000000    
YLLCORNER    18.000000000000    
CELLSIZE    0.50000000000000    
NODATA_VALUE   -9999.000    
[rows 33 to 65 of 72, columns 0 to 73 of 128]
-9999.0 -9999.0 -9999.0 -9999.0 2.0 1.4 1.4 6.5 10.9 26.4 27.9 30.5 28.4 22.4 20.2 19.3 17.4 15.0 12.6 10.9 9.4 8.3 8.2 10.5 14.5 23.4 34.9 75.6 72.9 82.9 90.9 94.0 95.4 97.6 85.8 78.2 66.5 89.9 76.9 48.9 24.6 16.7 17.1 16.8 18.8 21.9 29.5 47.5 63.5 53.4 67.2 131.8 173.5 193.4 148.3 131.2 113.5 131.0 130.4 146.9 139.9 112.4 80.8 25.4 8.4 19.0 30.2 27.8 50.3 57.0 62.2 63.9 68.4 78.6
-9999.0 -9999.0 -9999.0 -9999.0 0.5 1.3 0.9 4.4 1.6 3.6 17.6 11.5 19.5 22.5 24.3 23.9 23.2 17.1 12.4 10.5 12.0 13.1 16.1 31.3 50.7 59.0 61.4 68.6 75.1 82.6 89.4 96.9 98.7 99.7 99.9 92.0 97.3 103.9 80.1 55.7 78.5 34.5 30.8 22.5 21.9 22.2 23.6 26.5 31.0 41.8 54.2 82.0 159.1 147.6 125.4 114.6 102.8 110.2 128.2 83.3 134.9 66.5 49.6 50.4 29.7 17.9 52.8 56.5 75.0 85.8 101.0 102.6 108.3 124.4
-9999.0 -9999.0 -9999.0 -9999.0 -9999.0 -9999.0 -9999.0 1.7 1.7 4.9 2.6 4.8 12.9 14.6 17.9 21.2 24.4 21.1 18.9 23.2 31.6 37.2 41.1 44.7 48.8 53.8 60.6 67.6 74.9 83.2 90.8 97.7 103.0 107.9 113.0 108.5 117.8 112.2 127.8 134.1 87.0 154.3 148.3 110.6 69.7 36.2 54.0 48.1 63.7 45.7 46.1 65.7 105.9 182.2 165.2 94.5 75.3 75.0 125.9 110.4 140.5 88.6 74.9 76.7 87.0 53.9 77.0 94.0 100.8 120.8 142.7 139.3 126.3 128.9
-9999.0 -9999.0 -9999.0 -9999.0 -9999.0 -9999.0 -9999.0 0.2 2.3 1.5 2.0 5.4 6.6 6.6 12.6 10.8 19.4 22.8 23.7 28.8 31.8 35.5 39.3 43.6 48.2 53.6 59.5 66.6 73.6 81.3 90.0 98.2 105.6 114.2 116.3 120.3 119.5 128.8 130.6 129.4 137.5 142.9 155.5 199.2 134.0 87.0 106.3 109.7 153.1 122.5 173.5 153.5 105.9 130.2 167.6 101.0 85.4 95.1 119.2 129.5 126.8 141.5 138.6 140.9 113.0 98.9 103.6 118.6 140.1 164.3 168.5 146.7 118.3 107.9
-9999.0 -9999.0 -9999.0 -9999.0 -9999.0 -9999.0 -9999.0 -9999.0 -9999.0 1.1 2.0 4.2 3.6 6.2 10.3 14.3 15.6 14.1 21.9 23.2 29.8 34.8 39.1 43.7 48.6 53.8 59.6 66.0 73.2 80.4 89.2 97.9 106.4 115.5 119.2 123.6 125.6 132.3 130.2 138.4 136.0 150.4 151.0 145.9 167.9 168.7 169.7 161.9 157.3 145.1 149.5 127.6 115.7 116.7 161.7 118.7 91.4 97.0 126.1 121.4 121.2 128.4 138.6 143.6 137.6 120.7 124.8 159.4 185.4 195.1 168.9 125.6 98.7 91.9
-9999.0 -9999.0 -9999.0 -9999.0 -9999.0 -9999.0 -9999.0 -9999.0 -9999.0 -9999.0 -9999.0 1.3 6.0 3.7 7.7 9.8 13.7 17.9 22.0 25.4 28.3 34.6 39.1 44.8 47.8 54.3 59.0 64.9 71.8 79.8 88.1 96.7 107.0 116.7 124.2 137.3 135.5 138.2 161.5 141.8 154.2 146.8 142.8 143.4 189.6 166.0 209.5 181.6 179.5 155.1 119.2 112.7 114.8 137.6 172.9 165.2 144.5 151.3 137.1 127.9 127.1 114.6 114.7 123.1 123.9 101.4 121.6 185.0 217.2 198.6 149.9 110.7 87.3 77.5
-9999.0 -9999.0 -9999.0 -9999.0 -9999.0 -9999.0 -9999.0 -9999.0 -9999.0 -9999.0 -9999.0 -9999.0 4.2 6.4 5.5 10.1 8.9 15.7 19.9 20.5 31.3 35.5 40.5 46.8 43.2 55.7 61.8 63.9 70.4 74.2 85.0 95.0 105.9 117.8 130.0 138.6 153.1 146.9 139.3 130.7 127.7 130.0 135.1 155.2 161.9 177.7 195.9 167.5 161.6 145.7 153.1 139.7 125.1 127.3 156.5 183.7 194.6 206.1 144.5 164.9 136.7 125.0 107.1 94.3 92.8 116.1 130.8 189.1 214.9 191.6 123.0 68.3 61.4 61.7
-9999.0 -9999.0 -9999.0 -9999.0 -9999.0 -9999.0 -9999.0 -9999.0 -9999.0 -9999.0 -9999.0 -9999.0 1.1 6.3 9.9 8.4 15.4 17.8 18.0 24.2 30.0 34.0 40.8 49.0 56.5 58.9 62.4 68.4 70.0 76.9 81.1 88.3 101.9 115.9 130.1 141.2 153.7 157.7 150.5 139.8 125.4 122.7 146.5 132.8 157.7 179.9 162.6 153.7 123.5 135.4 124.4 133.1 124.2 149.2 147.2 186.0 185.9 200.9 171.4 164.9 145.4 118.8 106.7 104.1 73.7 98.2 129.8 185.2 205.2 195.9 193.5 222.8 244.6 240.2
-9999.0 -9999.0 -9999.0 -9999.0 -9999.0 -9999.0 -9999.0 -9999.0 -9999.0 -9999.0 -9999.0 -9999.0 -9999.0 3.7 3.5 12.2 12.2 18.6 23.9 28.8 32.8 41.5 42.9 54.5 58.4 54.2 56.9 55.8 63.0 68.4 77.4 86.4 94.6 110.3 128.3 142.2 151.2 155.8 169.1 151.1 138.3 139.0 135.2 153.4 142.6 136.5 152.3 162.0 158.8 145.6 139.0 127.7 134.5 196.9 194.6 196.1 188.5 208.9 243.4 214.1 189.1 139.0 117.2 70.3 82.4 108.5 169.3 245.1 251.6 223.4 152.0 245.7 356.9 351.9
-9999.0 -9999.0 -9999.0 -9999.0 -9999.0 -9999.0 -9999.0 -9999.0 -9999.0 -9999.0 -9999.0 -9999.0 1.7 1.4 3.6 9.8 8.1 15.3 20.6 32.0 38.2 44.6 49.0 56.8 63.2 55.8 59.9 63.8 64.4 64.4 70.1 81.1 85.4 105.0 123.3 141.1 153.5 150.9 143.7 136.4 147.4 155.5 162.9 128.1 138.5 142.4 135.2 126.6 137.4 141.8 163.0 183.9 166.2 190.2 183.3 186.9 215.7 159.8 212.5 202.2 201.0 189.6 133.9 132.6 89.5 136.4 331.8 306.7 316.5 350.1 400.3 472.8 435.8 254.6
-9999.0 -9999.0 -9999.0 -9999.0 -9999.0 -9999.0 -9999.0 -9999.0 -9999.0 -9999.0 -9999.0 -9999.0 1.0 5.5 6.7 3.0 6.9 19.1 25.0 26.5 40.1 41.9 49.4 56.5 65.6 70.0 68.7 67.4 65.2 67.7 70.0 72.7 76.6 98.8 118.3 136.6 146.3 147.0 137.6 119.6 114.9 109.3 111.6 119.7 127.2 136.3 154.8 153.0 152.8 133.2 149.0 183.6 178.4 176.4 175.6 159.3 185.7 207.2 198.8 240.2 252.5 253.4 129.1 88.1 106.1 376.5 329.7 327.1 268.8 317.5 421.2 489.0 439.2 424.2
-9999.0 -9999.0 -9999.0 -9999.0 -9999.0 -9999.0 -9999.0 -9999.0 -9999.0 -9999.0 -9999.0 -9999.0 4.3 2.1 8.6 10.2 14.6 10.7 21.2 26.9 25.1 30.3 47.8 48.5 58.7 51.6 57.7 48.4 63.8 63.3 64.6 57.7 74.6 91.4 109.6 128.2 138.7 136.7 124.4 118.9 107.4 97.3 123.0 96.4 119.2 143.0 153.3 141.2 127.0 141.2 164.5 174.2 230.3 241.6 212.1 148.3 174.5 199.1 219.8 195.8 203.7 202.6 294.1 110.9 198.8 396.4 352.4 277.4 259.1 277.6 338.5 453.1 406.6 389.4
-9999.0 -9999.0 -9999.0 -9999.0 -9999.0 -9999.0 -9999.0 -9999.0 -9999.0 -9999.0 -9999.0 -9999.0 -9999.0 0.8 2.0 9.7 12.1 18.6 17.7 20.9 16.7 35.1 35.8 38.0 56.6 56.1 59.3 62.9 54.8 67.2 52.7 57.9 60.9 78.5 94.0 107.4 122.0 121.6 115.6 106.3 103.0 122.5 132.1 127.6 110.0 115.2 131.9 103.3 140.7 148.9 152.5 199.1 203.5 181.5 214.3 209.9 153.1 160.5 198.1 276.0 261.2 408.4 284.9 109.3 299.1 319.4 269.7 214.1 207.3 274.0 298.7 274.1 289.0 165.9
-9999.0 -9999.0 -9999.0 -9999.0 -9999.0 -9999.0 -9999.0 -9999.0 -9999.0 -9999.0 -9999.0 -9999.0 -9999.0 9.0 2.3 9.5 6.2 18.9 22.7 24.3 17.2 22.8 26.7 36.1 58.9 54.4 53.6 63.9 60.5 36.6 43.6 48.7 61.2 67.3 74.7 89.5 102.0 104.1 106.0 113.9 109.5 115.9 121.6 123.8 141.7 118.8 116.3 90.3 106.2 123.5 163.7 154.8 195.7 214.7 224.0 202.4 167.6 168.5 206.8 127.7 264.1 146.6 143.9 209.8 246.5 267.3 237.4 193.0 199.4 224.5 222.0 188.0 158.2 176.5
-9999.0 -9999.0 -9999.0 -9999.0 -9999.0 -9999.0 -9999.0 -9999.0 -9999.0 -9999.0 -9999.0 -9999.0 -9999.0 -9999.0 -9999.0 8.9 14.6 14.6 22.5 31.1 21.7 33.8 40.5 41.7 41.5 46.1 31.1 44.3 33.4 55.8 49.7 56.5 46.8 55.1 67.8 69.8 78.7 85.7 92.7 100.7 110.3 119.0 123.7 121.8 102.4 87.2 100.8 68.6 100.3 75.6 128.4 190.4 176.2 183.5 143.1 183.1 186.3 159.6 228.2 276.1 109.5 173.3 223.6 211.1 236.4 257.6 234.1 196.3 184.9 179.5 156.2 122.1 145.8 173.5
-9999.0 -9999.0 -9999.0 -9999.0 -9999.0 -9999.0 -9999.0 -9999.0 -9999.0 -9999.0 -9999.0 -9999.0 -9999.0 -9999.0 -9999.0 -9999.0 -9999.0 52.8 46.3 -9999.0 51.9 31.4 50.0 53.6 40.4 45.9 29.7 41.4 58.5 44.9 59.6 80.1 45.9 79.9 82.9 64.2 64.1 70.6 80.8 91.9 102.6 112.2 119.0 117.3 88.6 88.0 73.8 112.4 74.3 104.7 71.1 132.3 96.1 171.3 180.2 186.4 180.2 212.2 224.4 262.4 148.1 228.5 249.5 269.1 282.6 272.4 233.8 192.7 165.2 143.7 126.4 128.4 138.9 149.2
-9999.0 -9999.0 -9999.0 -9999.0 -9999.0 -9999.0 -9999.0 -9999.0 -9999.0 -9999.0 -9999.0 -9999.0 -9999.0 -9999.0 -9999.0 -9999.0 -9999.0 -9999.0 -9999.0 -9999.0 -9999.0 48.3 41.5 27.4 43.0 68.6 68.0 67.8 64.6 85.2 80.7 123.6 110.0 89.5 79.4 55.8 54.4 58.6 68.3 80.8 92.6 102.4 112.3 116.2 91.1 100.7 59.7 77.2 122.9 202.7 112.8 170.1 173.2 138.7 159.6 178.4 189.0 190.2 256.2 235.0 200.3 223.6 259.1 320.1 363.9 312.9 247.3 194.9 164.5 138.5 128.5 115.4 114.4 125.6
-9999.0 -9999.0 -9999.0 -9999.0 -9999.0 -9999.0 -9999.0 -9999.0 -9999.0 -9999.0 -9999.0 -9999.0 -9999.0 -9999.0 -9999.0 -9999.0 -9999.0 -9999.0 -9999.0 -9999.0 -9999.0 -9999.0 -9999.0 103.5 64.3 72.1 75.4 71.8 54.8 84.7 83.2 81.6 53.5 67.5 53.7 49.3 46.5 48.4 53.4 62.6 76.8 90.3 106.2 108.9 92.7 45.8 84.2 80.4 67.0 60.0 83.1 143.4 116.9 139.2 148.9 184.8 164.1 186.7 196.1 217.1 205.8 229.8 251.5 258.3 292.0 318.7 266.4 206.0 136.8 132.6 117.7 107.5 99.0 104.5
-9999.0 -9999.0 -9999.0 -9999.0 -9999.0 -9999.0 -9999.0 -9999.0 -9999.0 -9999.0 -9999.0 -9999.0 -9999.0 -9999.0 -9999.0 -9999.0 -9999.0 -9999.0 -9999.0 -9999.0 -9999.0 -9999.0 -9999.0 -9999.0 -9999.0 164.9 115.7 36.6 47.5 37.5 68.1 107.3 109.0 78.8 71.8 48.1 41.5 41.2 43.2 50.4 63.0 83.9 82.1 92.1 58.7 39.2 63.6 34.2 103.5 78.2 135.1 124.6 139.6 135.2 155.8 159.5 139.1 154.3 167.9 183.0 192.3 195.4 287.2 237.9 249.5 270.3 211.0 126.9 116.0 122.4 111.5 98.3 85.3 84.4
-9999.0 -9999.0 -9999.0 -9999.0 -9999.0 -9999.0 -9999.0 -9999.0 -9999.0 -9999.0 -9999.0 -9999.0 -9999.0 -9999.0 -9999.0 -9999.0 -9999.0 -9999.0 -9999.0 -9999.0 -9999.0 -9999.0 -9999.0 -9999.0 -9999.0 -9999.0 -9999.0 202.6 208.2 155.3 153.2 152.7 73.5 131.8 75.7 99.6 49.7 43.3 54.1 48.0 56.6 82.7 75.5 50.6 45.9 35.2 26.5 27.3 33.0 81.9 77.7 105.4 131.4 142.3 136.4 114.7 151.8 179.0 136.6 173.6 231.5 157.8 161.9 140.2 125.0 150.7 159.4 128.1 107.3 119.3 116.7 111.5 88.6 79.2
-9999.0 -9999.0 -9999.0 -9999.0 -9999.0 -9999.0 -9999.0 -9999.0 -9999.0 -9999.0 -9999.0 -9999.0 -9999.0 -9999.0 -9999.0 -9999.0 -9999.0 -9999.0 -9999.0 -9999.0 -9999.0 -9999.0 -9999.0 -9999.0 -9999.0 -9999.0 -9999.0 -9999.0 -9999.0 -9999.0 -9999.0 -9999.0 -9999.0 156.0 99.7 -9999.0 -9999.0 -9999.0 67.7 59.2 70.1 70.4 82.8 42.1 28.9 28.1 -9999.0 -9999.0 -9999.0 -9999.0 -9999.0 -9999.0 154.8 128.6 160.9 157.4 140.6 228.9 203.5 279.6 234.7 156.4 139.1 109.0 120.1 145.4 151.0 148.4 152.3 139.8 120.3 117.9 93.8 85.3
-9999.0 -9999.0 -9999.0 -9999.0 -9999.0 -9999.0 -9999.0 -9999.0 -9999.0 -9999.0 -9999.0 -9999.0 -9999.0 -9999.0 -9999.0 -9999.0 -9999.0 -9999.0 -9999.0 -9999.0 -9999.0 -9999.0 -9999.0 -9999.0 -9999.0 -9999.0 -9999.0 -9999.0 -9999.0 -9999.0 -9999.0 -9999.0 -9999.0 -9999.0 -9999.0 -9999.0 -9999.0 -9999.0 -9999.0 48.2 43.9 39.1 35.1 32.8 -9999.0 -9999.0 -9999.0 -9999.0 -9999.0 -9999.0 -9999.0 -9999.0 171.5 136.9 125.6 139.9 163.0 232.0 320.0 353.6 323.1 213.3 145.3 122.8 115.6 155.5 197.4 215.3 193.5 193.4 155.7 106.9 79.8 85.1
-9999.0 -9999.0 -9999.0 -9999.0 -9999.0 -9999.0 -9999.0 -9999.0 -9999.0 -9999.0 -9999.0 -9999.0 -9999.0 -9999.0 -9999.0 -9999.0 -9999.0 -9999.0 -9999.0 -9999.0 -9999.0 -9999.0 -9999.0 -9999.0 -9999.0 -9999.0 -9999.0 -9999.0 -9999.0 -9999.0 -9999.0 -9999.0 -9999.0 -9999.0 -9999.0 -9999.0 -9999.0 -9999.0 -9999.0 -9999.0 -9999.0 -9999.0 -9999.0 -9999.0 -9999.0 -9999.0 -9999.0 -9999.0 -9999.0 -9999.0 -9999.0 -9999.0 105.4 158.2 132.2 98.5 119.2 167.2 233.9 274.5 295.7 257.1 139.2 142.6 143.0 229.5 293.1 251.4 184.8 147.9 119.5 91.6 108.5 96.1
-9999.0 -9999.0 -9999.0 -9999.0 -9999.0 -9999.0 -9999.0 -9999.0 -9999.0 -9999.0 -9999.0 -9999.0 -9999.0 -9999.0 -9999.0 -9999.0 -9999.0 -9999.0 -9999.0 -9999.0 -9999.0 -9999.0 -9999.0 -9999.0 -9999.0 -9999.0 -9999.0 -9999.0 -9999.0 -9999.0 -9999.0 -9999.0 -9999.0 -9999.0 -9999.0 -9999.0 -9999.0 -9999.0 -9999.0 -9999.0 -9999.0 -9999.0 -9999.0 -9999.0 -9999.0 -9999.0 -9999.0 -9999.0 -9999.0 -9999.0 -9999.0 130.6 210.2 196.2 146.6 114.7 106.8 112.2 152.9 151.0 207.6 214.6 212.6 178.5 197.2 278.7 281.9 163.2 136.9 102.7 96.0 93.6 92.4 109.7
-9999.0 -9999.0 -9999.0 -9999.0 -9999.0 -9999.0 -9999.0 -9999.0 -9999.0 -9999.0 -9999.0 -9999.0 -9999.0 -9999.0 -9999.0 -9999.0 -9999.0 -9999.0 -9999.0 -9999.0 -9999.0 -9999.0 -9999.0 -9999.0 -9999.0 -9999.0 -9999.0 -9999.0 -9999.0 -9999.0 -9999.0 -9999.0 -9999.0 -9999.0 -9999.0 -9999.0 -9999.0 -9999.0 -9999.0 -9999.0 -9999.0 -9999.0 -9999.0 -9999.0 -9999.0 -9999.0 -9999.0 -9999.0 -9999.0 -9999.0 63.5 260.3 290.3 244.8 167.3 131.0 121.1 137.7 130.5 148.7 179.1 195.1 216.0 212.4 260.0 286.7 220.2 141.8 119.2 105.7 111.8 105.1 103.6 129.3
-9999.0 -9999.0 -9999.0 -9999.0 -9999.0 -9999.0 -9999.0 -9999.0 -9999.0 -9999.0 -9999.0 -9999.0 -9999.0 -9999.0 -9999.0 -9999.0 -9999.0 -9999.0 -9999.0 -9999.0 -9999.0 -9999.0 -9999.0 -9999.0 -9999.0 -9999.0 -9999.0 -9999.0 -9999.0 -9999.0 -9999.0 -9999.0 -9999.0 -9999.0 -9999.0 -9999.0 -9999.0 -9999.0 -9999.0 -9999.0 -9999.0 -9999.0 -9999.0 -9999.0 -9999.0 -9999.0 -9999.0 -9999.0 -9999.0 -9999.0 85.7 385.4 238.4 296.1 223.1 161.2 149.0 149.2 145.7 143.6 142.9 176.3 195.2 231.2 258.9 225.9 165.0 118.7 112.6 123.9 138.6 131.9 122.4 125.0
-9999.0 -9999.0 -9999.0 -9999.0 -9999.0 -9999.0 -9999.0 -9999.0 -9999.0 -9999.0 -9999.0 -9999.0 -9999.0 -9999.0 -9999.0 -9999.0 -9999.0 -9999.0 -9999.0 -9999.0 -9999.0 -9999.0 -9999.0 -9999.0 -9999.0 -9999.0 -9999.0 -9999.0 -9999.0 -9999.0 -9999.0 -9999.0 -9999.0 -9999.0 -9999.0 -9999.0 -9999.0 -9999.0 -9999.0 -9999.0 -9999.0 -9999.0 -9999.0 -9999.0 -9999.0 -9999.0 -9999.0 -9999.0 -9999.0 -9999.0 94.2 224.2 187.2 378.3 221.6 179.3 202.1 212.6 198.0 165.7 154.8 169.4 170.2 168.9 195.9 172.4 132.5 107.5 111.5 155.0 163.1 199.2 137.8 160.5
-9999.0 -9999.0 -9999.0 -9999.0 -9999.0 -9999.0 -9999.0 -9999.0 -9999.0 -9999.0 -9999.0 -9999.0 -9999.0 -9999.0 -9999.0 -9999.0 -9999.0 -9999.0 -9999.0 -9999.0 -9999.0 -9999.0 -9999.0 -9999.0 -9999.0 -9999.0 -9999.0 -9999.0 -9999.0 -9999.0 -9999.0 -9999.0 -9999.0 -9999.0 -9999.0 -9999.0 -9999.0 -9999.0 -9999.0 -9999.0 -9999.0 -9999.0 -9999.0 -9999.0 -9999.0 -9999.0 -9999.0 -9999.0 -9999.0 -9999.0 280.2 424.0 346.8 355.3 283.6 271.1 227.6 274.0 269.7 202.9 195.3 160.1 84.7 136.1 165.2 153.4 139.3 124.7 154.8 114.7 164.2 166.6 165.5 167.2
-9999.0 -9999.0 -9999.0 -9999.0 -9999.0 -9999.0 -9999.0 -9999.0 -9999.0 -9999.0 -9999.0 -9999.0 -9999.0 -9999.0 -9999.0 -9999.0 -9999.0 -9999.0 -9999.0 -9999.0 -9999.0 -9999.0 -9999.0 -9999.0 -9999.0 -9999.0 -9999.0 -9999.0 -9999.0 -9999.0 -9999.0 -9999.0 -9999.0 -9999.0 -9999.0 -9999.0 -9999.0 -9999.0 -9999.0 -9999.0 -9999.0 -9999.0 -9999.0 -9999.0 -9999.0 -9999.0 -9999.0 -9999.0 -9999.0 -9999.0 -9999.0 -9999.0 -9999.0 320.9 271.7 253.0 283.1 317.0 291.3 249.8 378.8 152.1 253.9 185.8 189.6 177.7 183.1 149.5 179.9 176.2 148.9 132.0 123.1 127.5
-9999.0 -9999.0 -9999.0 -9999.0 -9999.0 -9999.0 -9999.0 -9999.0 -9999.0 -9999.0 -9999.0 -9999.0 -9999.0 -9999.0 -9999.0 -9999.0 -9999.0 -9999.0 -9999.0 -9999.0 -9999.0 -9999.0 -9999.0 -9999.0 -9999.0 -9999.0 -9999.0 -9999.0 -9999.0 -9999.0 -9999.0 -9999.0 -9999.0 -9999.0 -9999.0 -9999.0 -9999.0 -9999.0 -9999.0 -9999.0 -9999.0 -9999.0 -9999.0 -9999.0 -9999.0 -9999.0 -9999.0 -9999.0 -9999.0 -9999.0 -9999.0 -9999.0 -9999.0 399.0 339.2 396.4 313.6 303.5 320.2 424.0 337.8 271.3 412.4 327.5 314.1 275.7 221.7 242.1 174.0 155.4 129.1 126.2 130.8 148.4
-9999.0 -9999.0 -9999.0 -9999.0 -9999.0 -9999.0 -9999.0 -9999.0 -9999.0 -9999.0 -9999.0 -9999.0 -9999.0 -9999.0 -9999.0 -9999.0 -9999.0 -9999.0 -9999.0 -9999.0 -9999.0 -9999.0 -9999.0 -9999.0 -9999.0 -9999.0 -9999.0 -9999.0 -9999.0 -9999.0 -9999.0 -9999.0 -9999.0 -9999.0 -9999.0 -9999.0 -9999.0 -9999.0 -9999.0 -9999.0 -9999.0 -9999.0 -9999.0 -9999.0 -9999.0 -9999.0 -9999.0 -9999.0 -9999.0 -9999.0 -9999.0 -9999.0 -9999.0 492.6 389.4 414.8 352.1 308.8 330.1 358.8 482.1 503.7 619.2 589.6 495.8 -9999.0 -9999.0 -9999.0 254.4 185.5 191.6 224.1 238.5 233.8
-9999.0 -9999.0 -9999.0 -9999.0 -9999.0 -9999.0 -9999.0 -9999.0 -9999.0 -9999.0 -9999.0 -9999.0 -9999.0 -9999.0 -9999.0 -9999.0 -9999.0 -9999.0 -9999.0 -9999.0 -9999.0 -9999.0 -9999.0 -9999.0 -9999.0 -9999.0 -9999.0 -9999.0 -9999.0 -9999.0 -9999.0 -9999.0 -9999.0 -9999.0 -9999.0 -9999.0 -9999.0 -9999.0 -9999.0 -9999.0 -9999.0 -9999.0 -9999.0 -9999.0 -9999.0 -9999.0 -9999.0 -9999.0 -9999.0 -9999.0 -9999.0 -9999.0 -9999.0 -9999.0 514.7 444.3 335.7 289.7 358.6 481.1 420.5 -9999.0 -9999.0 -9999.0 -9999.0 -9999.0 -9999.0 -9999.0 323.0 317.3 375.4 377.4 378.3 334.0
-9999.0 -9999.0 -9999.0 -9999.0 -9999.0 -9999.0 -9999.0 -9999.0 -9999.0 -9999.0 -9999.0 -9999.0 -9999.0 -9999.0 -9999.0 -9999.0 -9999.0 -9999.0 -9999.0 -9999.0 -9999.0 -9999.0 -9999.0 -9999.0 -9999.0 -9999.0 -9999.0 -9999.0 -9999.0 -9999.0 -9999.0 -9999.0 -9999.0 -9999.0 -9999.0 -9999.0 -9999.0 -9999.0 -9999.0 -9999.0 -9999.0 -9999.0 -9999.0 -9999.0 -9999.0 -9999.0 -9999.0 -9999.0 -9999.0 -9999.0 -9999.0 -9999.0 -9999.0 -9999.0 -9999.0 460.1 483.4 363.8 343.2 448.0 523.6 -9999.0 -9999.0 -9999.0 -9999.0 -9999.0 -9999.0 -9999.0 -9999.0 -9999.0 498.8 -9999.0 -9999.0 -9999.0
