program/excelProcessViaJava/data/SURF_CLI_CHN_PRE_MON_GRID_0.5-200411.txt
NCOLS      128
NROWS       72
XLLCORNER    72.000000000000    
YLLCORNER    18.000000000000    
CELLSIZE    0.50000000000000    
NODATA_VALUE   -9999.000    
[rows 35 to 69 of 72, columns 0 to 78 of 128]
-9999.0 -9999.0 -9999.0 -9999.0 -9999.0 -9999.0 -9999.0 0.1 0.2 0.3 0.4 0.5 0.4 0.4 0.4 0.4 0.3 0.3 0.2 0.1 0.1 0.0 0.0 0.0 0.0 0.0 0.0 0.0 0.0 0.1 0.1 0.2 0.2 0.3 0.4 0.5 0.5 0.4 0.3 0.3 0.2 0.2 0.1 0.1 0.2 0.4 0.4 0.6 0.7 1.0 1.0 1.1 1.3 1.8 1.2 0.3 0.3 0.4 0.9 1.7 2.2 2.7 2.1 3.0 4.4 2.9 3.6 4.0 4.0 5.0 5.4 5.5 7.0 7.3 6.2 5.6 6.1 7.8 13.9
-9999.0 -9999.0 -9999.0 -9999.0 -9999.0 -9999.0 -9999.0 0.2 0.1 0.2 0.3 0.3 0.4 0.4 0.4 0.3 0.2 0.2 0.1 0.1 0.1 0.0 0.0 0.0 0.0 0.0 0.0 0.0 0.1 0.1 0.2 0.3 0.4 0.5 0.7 0.8 0.8 0.7 0.6 0.4 0.3 0.2 0.2 0.3 0.2 0.3 0.4 0.6 1.0 1.5 2.6 2.9 2.2 1.8 1.6 0.3 0.2 0.2 0.3 0.5 1.1 2.7 2.0 2.8 2.4 2.3 2.8 4.0 5.9 5.7 7.2 9.9 13.8 13.1 9.4 8.5 9.6 10.3 13.6
-9999.0 -9999.0 -9999.0 -9999.0 -9999.0 -9999.0 -9999.0 -9999.0 -9999.0 0.2 0.2 0.3 0.3 0.4 0.3 0.3 0.2 0.2 0.1 0.1 0.1 0.1 0.0 0.0 0.0 0.1 0.1 0.1 0.1 0.2 0.3 0.5 0.7 0.9 1.2 1.2 1.2 1.1 1.0 0.8 0.6 0.5 0.4 0.4 0.5 0.5 0.7 1.0 1.6 2.4 3.5 3.7 3.3 2.4 2.1 0.5 0.2 0.2 0.2 0.4 1.0 2.6 5.3 3.0 3.8 3.2 3.7 5.9 9.0 7.8 9.5 11.5 15.8 16.7 15.1 18.0 15.7 13.8 16.2
-9999.0 -9999.0 -9999.0 -9999.0 -9999.0 -9999.0 -9999.0 -9999.0 -9999.0 -9999.0 -9999.0 0.3 0.3 0.3 0.3 0.3 0.2 0.2 0.2 0.1 0.1 0.1 0.1 0.1 0.0 0.1 0.1 0.1 0.2 0.3 0.5 0.7 1.2 1.5 1.8 1.8 1.8 1.7 1.6 1.4 1.3 1.2 1.1 1.1 1.2 1.2 1.7 1.8 2.7 3.6 4.1 4.6 4.5 4.1 3.5 1.6 0.5 0.4 0.5 1.0 2.0 4.2 7.3 8.2 8.9 5.0 5.1 9.1 12.2 13.0 12.2 13.9 14.7 17.1 32.4 31.2 23.5 14.4 15.5
-9999.0 -9999.0 -9999.0 -9999.0 -9999.0 -9999.0 -9999.0 -9999.0 -9999.0 -9999.0 -9999.0 -9999.0 0.3 0.3 0.3 0.3 0.2 0.2 0.2 0.1 0.1 0.1 0.1 0.1 0.1 0.1 0.1 0.2 0.3 0.4 0.8 1.3 1.8 2.2 2.5 2.7 2.6 2.5 2.3 2.3 2.3 2.2 2.2 2.3 2.5 2.7 3.0 2.8 3.5 4.5 6.3 6.8 6.1 5.2 4.5 3.3 2.2 2.0 2.1 3.1 4.8 6.4 9.3 13.1 13.4 17.1 10.2 14.8 19.0 21.7 16.9 21.6 26.0 29.7 24.2 34.7 12.9 13.9 15.5
-9999.0 -9999.0 -9999.0 -9999.0 -9999.0 -9999.0 -9999.0 -9999.0 -9999.0 -9999.0 -9999.0 -9999.0 0.2 0.3 0.3 0.2 0.3 0.2 0.2 0.1 0.1 0.1 0.1 0.1 0.1 0.1 0.2 0.3 0.4 0.8 1.1 1.7 2.5 3.2 3.7 3.9 3.7 3.5 3.2 3.1 3.2 3.4 3.7 4.0 4.5 5.2 4.9 4.6 3.9 5.2 5.9 7.1 6.7 7.3 5.8 5.3 3.7 3.7 4.9 7.1 8.7 10.3 12.5 17.4 19.2 22.3 8.3 14.8 22.3 29.2 36.3 48.3 49.8 23.4 19.3 12.7 10.5 26.1 29.6
-9999.0 -9999.0 -9999.0 -9999.0 -9999.0 -9999.0 -9999.0 -9999.0 -9999.0 -9999.0 -9999.0 -9999.0 -9999.0 0.2 0.2 0.3 0.2 0.2 0.2 0.2 0.1 0.1 0.1 0.1 0.1 0.1 0.2 0.2 0.4 0.8 1.6 2.5 3.4 4.4 5.2 5.4 5.1 4.7 4.8 4.2 4.2 4.6 5.0 5.9 6.7 7.4 7.7 7.4 6.9 6.3 6.4 6.2 6.8 9.9 8.6 7.0 5.2 5.2 6.8 8.1 9.3 11.9 15.9 23.8 14.6 19.0 24.3 26.7 38.7 46.0 51.7 43.1 33.2 27.2 28.0 17.1 16.0 21.3 32.8
-9999.0 -9999.0 -9999.0 -9999.0 -9999.0 -9999.0 -9999.0 -9999.0 -9999.0 -9999.0 -9999.0 -9999.0 0.1 0.2 0.2 0.2 0.2 0.2 0.2 0.2 0.2 0.1 0.1 0.1 0.2 0.1 0.2 0.3 0.6 1.0 1.9 3.1 4.2 5.8 6.9 7.4 7.2 6.2 5.4 5.1 5.7 6.4 7.2 7.1 8.4 9.5 9.5 7.9 6.6 5.8 6.8 8.3 7.1 8.7 8.1 7.3 6.9 4.3 6.3 7.8 9.6 13.3 19.6 29.2 32.3 28.7 23.0 32.5 52.6 68.7 70.1 59.9 46.9 46.9 40.0 32.3 35.7 44.0 54.2
-9999.0 -9999.0 -9999.0 -9999.0 -9999.0 -9999.0 -9999.0 -9999.0 -9999.0 -9999.0 -9999.0 -9999.0 0.1 0.2 0.2 0.1 0.1 0.2 0.2 0.1 0.2 0.1 0.1 0.2 0.2 0.3 0.3 0.5 0.7 1.3 2.3 3.5 5.0 7.0 8.7 9.7 9.4 8.4 7.3 6.5 6.3 6.4 6.9 8.0 9.2 10.1 10.5 9.2 7.3 4.2 4.0 6.0 5.5 6.4 7.5 7.3 6.6 6.4 5.9 9.3 13.4 20.3 23.2 27.0 28.3 28.4 31.9 32.2 45.2 61.9 74.4 75.4 68.3 55.5 45.4 39.6 52.9 49.8 67.7
-9999.0 -9999.0 -9999.0 -9999.0 -9999.0 -9999.0 -9999.0 -9999.0 -9999.0 -9999.0 -9999.0 -9999.0 0.1 0.1 0.2 0.2 0.2 0.1 0.1 0.1 0.1 0.1 0.1 0.1 0.2 0.2 0.2 0.3 0.7 1.3 2.2 3.2 5.3 7.5 9.6 11.5 12.0 11.2 9.8 8.9 7.9 7.3 8.4 7.8 9.3 10.7 10.8 8.5 5.2 3.8 3.5 3.0 7.7 9.0 7.7 8.4 7.5 7.6 8.9 9.0 13.0 20.2 42.2 26.7 17.2 23.7 21.0 29.3 46.5 65.7 81.7 90.7 85.1 75.0 105.0 53.5 72.6 55.1 67.2
-9999.0 -9999.0 -9999.0 -9999.0 -9999.0 -9999.0 -9999.0 -9999.0 -9999.0 -9999.0 -9999.0 -9999.0 -9999.0 0.1 0.1 0.1 0.1 0.1 0.1 0.1 0.1 0.1 0.1 0.1 0.2 0.2 0.3 0.4 0.5 1.2 1.6 3.0 4.9 7.1 9.7 12.7 14.0 13.2 12.5 10.9 9.6 10.2 10.4 9.8 9.2 9.6 9.9 6.8 6.3 4.1 1.9 3.8 3.5 3.8 6.5 7.6 7.8 8.0 10.6 20.1 24.0 55.3 46.6 15.6 23.2 17.4 19.2 31.7 53.2 77.4 93.8 99.3 99.0 94.0 78.0 69.8 56.0 53.5 65.9
-9999.0 -9999.0 -9999.0 -9999.0 -9999.0 -9999.0 -9999.0 -9999.0 -9999.0 -9999.0 -9999.0 -9999.0 -9999.0 0.1 0.1 0.1 0.1 0.1 0.1 0.1 0.1 0.1 0.1 0.1 0.3 0.2 0.2 0.4 0.5 0.5 1.1 2.2 4.0 6.2 9.1 11.5 12.2 13.2 14.0 14.3 11.5 10.5 9.9 9.9 12.2 10.1 9.3 6.8 4.6 2.6 2.6 0.9 2.4 4.5 6.6 6.2 6.0 8.0 13.8 13.9 32.1 27.1 27.3 31.0 16.0 13.2 20.6 39.2 65.1 88.5 104.6 110.9 103.7 93.4 83.2 74.3 75.8 54.0 50.7
-9999.0 -9999.0 -9999.0 -9999.0 -9999.0 -9999.0 -9999.0 -9999.0 -9999.0 -9999.0 -9999.0 -9999.0 -9999.0 -9999.0 -9999.0 0.1 0.1 0.1 0.1 0.2 0.1 0.2 0.2 0.2 0.2 0.2 0.1 0.2 0.2 0.4 0.7 1.6 3.2 5.3 6.9 10.3 12.6 9.2 11.9 12.3 12.7 12.0 10.7 9.7 8.3 8.0 8.3 5.4 4.1 0.8 0.9 3.3 1.4 2.2 2.2 4.1 5.7 4.7 18.8 32.5 24.3 40.8 59.8 30.0 12.5 13.1 25.5 48.7 75.0 98.0 112.9 119.0 120.4 98.7 78.1 87.2 83.0 95.1 63.7
-9999.0 -9999.0 -9999.0 -9999.0 -9999.0 -9999.0 -9999.0 -9999.0 -9999.0 -9999.0 -9999.0 -9999.0 -9999.0 -9999.0 -9999.0 -9999.0 -9999.0 3.9 0.9 -9999.0 0.8 0.2 0.6 0.6 0.3 0.3 0.2 0.2 0.3 0.2 0.4 1.2 2.4 3.4 3.2 5.4 10.1 3.2 8.4 9.8 10.4 11.5 9.7 8.4 5.5 6.3 5.0 6.9 2.2 1.7 0.4 0.5 1.0 2.1 3.7 5.6 4.4 15.2 22.4 37.2 30.5 56.3 65.5 39.5 18.6 18.5 33.6 57.5 81.8 100.6 106.5 136.3 127.7 87.6 78.5 90.0 82.8 77.9 74.5
-9999.0 -9999.0 -9999.0 -9999.0 -9999.0 -9999.0 -9999.0 -9999.0 -9999.0 -9999.0 -9999.0 -9999.0 -9999.0 -9999.0 -9999.0 -9999.0 -9999.0 -9999.0 -9999.0 -9999.0 -9999.0 0.9 0.6 0.3 0.5 1.4 1.0 0.6 0.3 0.4 0.4 1.5 1.9 2.7 2.6 3.6 2.9 2.7 2.8 2.6 3.4 9.2 9.2 7.9 4.1 5.9 6.2 3.0 5.4 19.9 1.0 4.6 4.2 1.1 3.1 9.0 14.0 14.2 42.8 39.1 35.6 52.0 62.7 47.4 31.5 28.4 43.0 63.3 83.2 97.8 108.2 123.3 108.2 72.8 60.9 64.5 67.3 66.6 77.0
-9999.0 -9999.0 -9999.0 -9999.0 -9999.0 -9999.0 -9999.0 -9999.0 -9999.0 -9999.0 -9999.0 -9999.0 -9999.0 -9999.0 -9999.0 -9999.0 -9999.0 -9999.0 -9999.0 -9999.0 -9999.0 -9999.0 -9999.0 7.9 2.1 2.3 1.9 0.9 0.2 0.3 0.3 0.6 1.6 2.7 4.0 4.1 4.8 2.2 4.5 5.7 5.7 7.5 5.3 3.9 3.0 6.6 3.4 2.9 3.1 3.7 1.6 3.4 1.7 2.7 2.5 0.8 14.9 30.7 12.8 46.8 41.2 54.1 51.2 30.1 25.1 30.4 46.4 60.6 78.3 86.2 105.8 103.5 93.3 87.0 68.3 70.6 86.1 91.3 95.6
-9999.0 -9999.0 -9999.0 -9999.0 -9999.0 -9999.0 -9999.0 -9999.0 -9999.0 -9999.0 -9999.0 -9999.0 -9999.0 -9999.0 -9999.0 -9999.0 -9999.0 -9999.0 -9999.0 -9999.0 -9999.0 -9999.0 -9999.0 -9999.0 -9999.0 19.7 7.5 0.3 0.3 0.3 0.3 0.9 1.7 2.6 2.9 4.1 6.4 2.1 3.9 2.3 5.0 3.2 1.1 1.6 3.3 6.4 5.2 11.4 3.2 4.2 4.7 3.8 6.1 6.8 2.2 3.2 16.4 19.5 44.0 51.5 54.6 52.7 86.8 17.5 17.7 25.6 36.5 54.0 75.6 86.5 79.2 84.7 85.2 96.9 99.8 96.4 110.7 121.1 122.1
-9999.0 -9999.0 -9999.0 -9999.0 -9999.0 -9999.0 -9999.0 -9999.0 -9999.0 -9999.0 -9999.0 -9999.0 -9999.0 -9999.0 -9999.0 -9999.0 -9999.0 -9999.0 -9999.0 -9999.0 -9999.0 -9999.0 -9999.0 -9999.0 -9999.0 -9999.0 -9999.0 22.7 19.3 4.9 3.1 2.8 1.8 2.8 3.1 1.0 1.3 0.8 0.3 0.7 1.7 0.7 0.7 2.0 3.3 5.7 8.9 11.3 13.5 9.1 14.4 14.4 6.0 5.2 5.0 11.0 7.5 13.2 42.3 44.7 31.6 50.5 23.7 18.7 24.6 20.8 25.5 31.6 41.0 51.8 61.7 75.3 89.3 97.2 103.8 114.0 123.9 122.0 110.8
-9999.0 -9999.0 -9999.0 -9999.0 -9999.0 -9999.0 -9999.0 -9999.0 -9999.0 -9999.0 -9999.0 -9999.0 -9999.0 -9999.0 -9999.0 -9999.0 -9999.0 -9999.0 -9999.0 -9999.0 -9999.0 -9999.0 -9999.0 -9999.0 -9999.0 -9999.0 -9999.0 -9999.0 -9999.0 -9999.0 -9999.0 -9999.0 -9999.0 3.8 2.6 -9999.0 -9999.0 -9999.0 0.2 0.2 0.2 0.3 0.4 1.9 3.7 5.2 -9999.0 -9999.0 -9999.0 -9999.0 -9999.0 -9999.0 9.3 8.8 4.5 3.3 6.8 8.6 26.9 34.1 43.8 45.9 29.2 21.2 17.2 19.4 25.1 32.4 35.6 42.6 59.8 66.1 74.7 84.5 96.5 109.6 107.0 102.0 93.2
-9999.0 -9999.0 -9999.0 -9999.0 -9999.0 -9999.0 -9999.0 -9999.0 -9999.0 -9999.0 -9999.0 -9999.0 -9999.0 -9999.0 -9999.0 -9999.0 -9999.0 -9999.0 -9999.0 -9999.0 -9999.0 -9999.0 -9999.0 -9999.0 -9999.0 -9999.0 -9999.0 -9999.0 -9999.0 -9999.0 -9999.0 -9999.0 -9999.0 -9999.0 -9999.0 -9999.0 -9999.0 -9999.0 -9999.0 0.9 0.8 0.9 1.3 1.8 -9999.0 -9999.0 -9999.0 -9999.0 -9999.0 -9999.0 -9999.0 -9999.0 9.3 10.1 6.3 3.5 3.7 6.5 12.7 24.1 36.6 39.3 30.9 21.4 19.3 23.7 28.5 23.7 29.3 41.1 51.6 64.5 77.8 69.8 93.2 96.4 96.3 101.7 97.0
-9999.0 -9999.0 -9999.0 -9999.0 -9999.0 -9999.0 -9999.0 -9999.0 -9999.0 -9999.0 -9999.0 -9999.0 -9999.0 -9999.0 -9999.0 -9999.0 -9999.0 -9999.0 -9999.0 -9999.0 -9999.0 -9999.0 -9999.0 -9999.0 -9999.0 -9999.0 -9999.0 -9999.0 -9999.0 -9999.0 -9999.0 -9999.0 -9999.0 -9999.0 -9999.0 -9999.0 -9999.0 -9999.0 -9999.0 -9999.0 -9999.0 -9999.0 -9999.0 -9999.0 -9999.0 -9999.0 -9999.0 -9999.0 -9999.0 -9999.0 -9999.0 -9999.0 10.4 10.3 6.8 8.7 6.6 8.1 11.9 21.1 25.3 29.1 45.6 23.1 24.1 24.1 18.3 20.1 28.3 39.5 51.3 64.4 64.0 73.2 78.9 116.7 116.6 140.9 147.2
-9999.0 -9999.0 -9999.0 -9999.0 -9999.0 -9999.0 -9999.0 -9999.0 -9999.0 -9999.0 -9999.0 -9999.0 -9999.0 -9999.0 -9999.0 -9999.0 -9999.0 -9999.0 -9999.0 -9999.0 -9999.0 -9999.0 -9999.0 -9999.0 -9999.0 -9999.0 -9999.0 -9999.0 -9999.0 -9999.0 -9999.0 -9999.0 -9999.0 -9999.0 -9999.0 -9999.0 -9999.0 -9999.0 -9999.0 -9999.0 -9999.0 -9999.0 -9999.0 -9999.0 -9999.0 -9999.0 -9999.0 -9999.0 -9999.0 -9999.0 -9999.0 10.4 12.6 10.5 12.9 10.5 11.1 12.2 12.2 8.0 23.7 25.0 22.8 25.4 30.1 29.7 26.5 42.2 37.2 45.6 52.9 60.3 84.4 108.9 103.8 144.3 149.0 214.6 183.8
-9999.0 -9999.0 -9999.0 -9999.0 -9999.0 -9999.0 -9999.0 -9999.0 -9999.0 -9999.0 -9999.0 -9999.0 -9999.0 -9999.0 -9999.0 -9999.0 -9999.0 -9999.0 -9999.0 -9999.0 -9999.0 -9999.0 -9999.0 -9999.0 -9999.0 -9999.0 -9999.0 -9999.0 -9999.0 -9999.0 -9999.0 -9999.0 -9999.0 -9999.0 -9999.0 -9999.0 -9999.0 -9999.0 -9999.0 -9999.0 -9999.0 -9999.0 -9999.0 -9999.0 -9999.0 -9999.0 -9999.0 -9999.0 -9999.0 -9999.0 7.5 12.7 15.1 14.4 17.6 15.6 18.6 17.0 12.5 14.8 16.5 24.2 26.2 31.8 37.7 41.8 49.5 52.3 50.1 54.5 51.6 60.6 70.7 71.4 80.7 104.3 177.7 154.7 165.9
-9999.0 -9999.0 -9999.0 -9999.0 -9999.0 -9999.0 -9999.0 -9999.0 -9999.0 -9999.0 -9999.0 -9999.0 -9999.0 -9999.0 -9999.0 -9999.0 -9999.0 -9999.0 -9999.0 -9999.0 -9999.0 -9999.0 -9999.0 -9999.0 -9999.0 -9999.0 -9999.0 -9999.0 -9999.0 -9999.0 -9999.0 -9999.0 -9999.0 -9999.0 -9999.0 -9999.0 -9999.0 -9999.0 -9999.0 -9999.0 -9999.0 -9999.0 -9999.0 -9999.0 -9999.0 -9999.0 -9999.0 -9999.0 -9999.0 -9999.0 7.2 14.6 18.6 20.4 18.6 19.5 25.4 14.9 13.6 15.5 21.1 29.3 32.8 38.5 45.8 44.1 57.4 55.4 55.3 54.8 51.1 49.4 52.1 57.6 63.0 69.3 78.3 73.8 79.2
-9999.0 -9999.0 -9999.0 -9999.0 -9999.0 -9999.0 -9999.0 -9999.0 -9999.0 -9999.0 -9999.0 -9999.0 -9999.0 -9999.0 -9999.0 -9999.0 -9999.0 -9999.0 -9999.0 -9999.0 -9999.0 -9999.0 -9999.0 -9999.0 -9999.0 -9999.0 -9999.0 -9999.0 -9999.0 -9999.0 -9999.0 -9999.0 -9999.0 -9999.0 -9999.0 -9999.0 -9999.0 -9999.0 -9999.0 -9999.0 -9999.0 -9999.0 -9999.0 -9999.0 -9999.0 -9999.0 -9999.0 -9999.0 -9999.0 -9999.0 6.9 13.1 19.5 20.0 23.6 19.2 13.0 13.6 14.3 20.5 28.4 38.8 41.2 39.8 51.3 56.0 49.6 45.7 46.5 46.4 45.1 42.8 49.0 44.0 41.4 36.9 52.6 38.0 44.2
-9999.0 -9999.0 -9999.0 -9999.0 -9999.0 -9999.0 -9999.0 -9999.0 -9999.0 -9999.0 -9999.0 -9999.0 -9999.0 -9999.0 -9999.0 -9999.0 -9999.0 -9999.0 -9999.0 -9999.0 -9999.0 -9999.0 -9999.0 -9999.0 -9999.0 -9999.0 -9999.0 -9999.0 -9999.0 -9999.0 -9999.0 -9999.0 -9999.0 -9999.0 -9999.0 -9999.0 -9999.0 -9999.0 -9999.0 -9999.0 -9999.0 -9999.0 -9999.0 -9999.0 -9999.0 -9999.0 -9999.0 -9999.0 -9999.0 -9999.0 8.3 15.8 21.8 24.3 21.1 14.4 18.6 14.0 17.6 24.6 28.4 33.2 28.9 44.3 61.4 69.7 72.4 51.6 51.5 36.0 37.0 40.8 43.3 38.7 31.7 30.7 39.4 32.8 45.3
-9999.0 -9999.0 -9999.0 -9999.0 -9999.0 -9999.0 -9999.0 -9999.0 -9999.0 -9999.0 -9999.0 -9999.0 -9999.0 -9999.0 -9999.0 -9999.0 -9999.0 -9999.0 -9999.0 -9999.0 -9999.0 -9999.0 -9999.0 -9999.0 -9999.0 -9999.0 -9999.0 -9999.0 -9999.0 -9999.0 -9999.0 -9999.0 -9999.0 -9999.0 -9999.0 -9999.0 -9999.0 -9999.0 -9999.0 -9999.0 -9999.0 -9999.0 -9999.0 -9999.0 -9999.0 -9999.0 -9999.0 -9999.0 -9999.0 -9999.0 -9999.0 -9999.0 -9999.0 26.8 26.7 21.5 18.5 19.5 37.6 35.5 38.8 31.2 52.1 62.0 75.6 76.3 84.2 41.4 44.0 35.3 29.0 31.8 33.9 29.8 25.6 23.9 28.2 28.6 28.4
-9999.0 -9999.0 -9999.0 -9999.0 -9999.0 -9999.0 -9999.0 -9999.0 -9999.0 -9999.0 -9999.0 -9999.0 -9999.0 -9999.0 -9999.0 -9999.0 -9999.0 -9999.0 -9999.0 -9999.0 -9999.0 -9999.0 -9999.0 -9999.0 -9999.0 -9999.0 -9999.0 -9999.0 -9999.0 -9999.0 -9999.0 -9999.0 -9999.0 -9999.0 -9999.0 -9999.0 -9999.0 -9999.0 -9999.0 -9999.0 -9999.0 -9999.0 -9999.0 -9999.0 -9999.0 -9999.0 -9999.0 -9999.0 -9999.0 -9999.0 -9999.0 -9999.0 -9999.0 26.2 29.2 23.1 30.2 40.9 46.7 48.5 57.3 55.8 87.5 75.6 81.8 75.5 40.2 65.7 32.9 28.3 25.3 29.4 29.0 23.7 20.0 23.7 23.3 34.3 28.4
-9999.0 -9999.0 -9999.0 -9999.0 -9999.0 -9999.0 -9999.0 -9999.0 -9999.0 -9999.0 -9999.0 -9999.0 -9999.0 -9999.0 -9999.0 -9999.0 -9999.0 -9999.0 -9999.0 -9999.0 -9999.0 -9999.0 -9999.0 -9999.0 -9999.0 -9999.0 -9999.0 -9999.0 -9999.0 -9999.0 -9999.0 -9999.0 -9999.0 -9999.0 -9999.0 -9999.0 -9999.0 -9999.0 -9999.0 -9999.0 -9999.0 -9999.0 -9999.0 -9999.0 -9999.0 -9999.0 -9999.0 -9999.0 -9999.0 -9999.0 -9999.0 -9999.0 -9999.0 24.3 29.6 32.4 39.4 50.9 61.5 74.3 86.1 95.7 125.8 140.9 72.1 -9999.0 -9999.0 -9999.0 47.2 34.5 39.5 45.7 38.2 24.0 18.2 24.5 26.0 36.4 72.3
-9999.0 -9999.0 -9999.0 -9999.0 -9999.0 -9999.0 -9999.0 -9999.0 -9999.0 -9999.0 -9999.0 -9999.0 -9999.0 -9999.0 -9999.0 -9999.0 -9999.0 -9999.0 -9999.0 -9999.0 -9999.0 -9999.0 -9999.0 -9999.0 -9999.0 -9999.0 -9999.0 -9999.0 -9999.0 -9999.0 -9999.0 -9999.0 -9999.0 -9999.0 -9999.0 -9999.0 -9999.0 -9999.0 -9999.0 -9999.0 -9999.0 -9999.0 -9999.0 -9999.0 -9999.0 -9999.0 -9999.0 -9999.0 -9999.0 -9999.0 -9999.0 -9999.0 -9999.0 -9999.0 27.9 35.4 45.4 53.7 63.6 79.5 73.9 -9999.0 -9999.0 -9999.0 -9999.0 -9999.0 -9999.0 -9999.0 50.0 57.9 74.8 74.5 54.4 28.2 16.7 17.7 27.8 36.4 30.7
-9999.0 -9999.0 -9999.0 -9999.0 -9999.0 -9999.0 -9999.0 -9999.0 -9999.0 -9999.0 -9999.0 -9999.0 -9999.0 -9999.0 -9999.0 -9999.0 -9999.0 -9999.0 -9999.0 -9999.0 -9999.0 -9999.0 -9999.0 -9999.0 -9999.0 -9999.0 -9999.0 -9999.0 -9999.0 -9999.0 -9999.0 -9999.0 -9999.0 -9999.0 -9999.0 -9999.0 -9999.0 -9999.0 -9999.0 -9999.0 -9999.0 -9999.0 -9999.0 -9999.0 -9999.0 -9999.0 -9999.0 -9999.0 -9999.0 -9999.0 -9999.0 -9999.0 -9999.0 -9999.0 -9999.0 31.4 42.3 47.1 49.2 63.0 70.6 -9999.0 -9999.0 -9999.0 -9999.0 -9999.0 -9999.0 -9999.0 -9999.0 -9999.0 85.1 -9999.0 -9999.0 -9999.0 -9999.0 -9999.0 22.2 -9999.0 -9999.0
-9999.0 -9999.0 -9999.0 -9999.0 -9999.0 -9999.0 -9999.0 -9999.0 -9999.0 -9999.0 -9999.0 -9999.0 -9999.0 -9999.0 -9999.0 -9999.0 -9999.0 -9999.0 -9999.0 -9999.0 -9999.0 -9999.0 -9999.0 -9999.0 -9999.0 -9999.0 -9999.0 -9999.0 -9999.0 -9999.0 -9999.0 -9999.0 -9999.0 -9999.0 -9999.0 -9999.0 -9999.0 -9999.0 -9999.0 -9999.0 -9999.0 -9999.0 -9999.0 -9999.0 -9999.0 -9999.0 -9999.0 -9999.0 -9999.0 -9999.0 -9999.0 -9999.0 -9999.0 -9999.0 -9999.0 -9999.0 -9999.0 -9999.0 41.4 41.8 -9999.0 -9999.0 -9999.0 -9999.0 -9999.0 -9999.0 -9999.0 -9999.0 -9999.0 -9999.0 -9999.0 -9999.0 -9999.0 -9999.0 -9999.0 8.7 13.2 -9999.0 -9999.0
-9999.0 -9999.0 -9999.0 -9999.0 -9999.0 -9999.0 -9999.0 -9999.0 -9999.0 -9999.0 -9999.0 -9999.0 -9999.0 -9999.0 -9999.0 -9999.0 -9999.0 -9999.0 -9999.0 -9999.0 -9999.0 -9999.0 -9999.0 -9999.0 -9999.0 -9999.0 -9999.0 -9999.0 -9999.0 -9999.0 -9999.0 -9999.0 -9999.0 -9999.0 -9999.0 -9999.0 -9999.0 -9999.0 -9999.0 -9999.0 -9999.0 -9999.0 -9999.0 -9999.0 -9999.0 -9999.0 -9999.0 -9999.0 -9999.0 -9999.0 -9999.0 -9999.0 -9999.0 -9999.0 -9999.0 -9999.0 -9999.0 -9999.0 -9999.0 -9999.0 -9999.0 -9999.0 -9999.0 -9999.0 -9999.0 -9999.0 -9999.0 -9999.0 -9999.0 -9999.0 -9999.0 -9999.0 -9999.0 -9999.0 -9999.0 -9999.0 -9999.0 -9999.0 -9999.0
-9999.0 -9999.0 -9999.0 -9999.0 -9999.0 -9999.0 -9999.0 -9999.0 -9999.0 -9999.0 -9999.0 -9999.0 -9999.0 -9999.0 -9999.0 -9999.0 -9999.0 -9999.0 -9999.0 -9999.0 -9999.0 -9999.0 -9999.0 -9999.0 -9999.0 -9999.0 -9999.0 -9999.0 -9999.0 -9999.0 -9999.0 -9999.0 -9999.0 -9999.0 -9999.0 -9999.0 -9999.0 -9999.0 -9999.0 -9999.0 -9999.0 -9999.0 -9999.0 -9999.0 -9999.0 -9999.0 -9999.0 -9999.0 -9999.0 -9999.0 -9999.0 -9999.0 -9999.0 -9999.0 -9999.0 -9999.0 -9999.0 -9999.0 -9999.0 -9999.0 -9999.0 -9999.0 -9999.0 -9999.0 -9999.0 -9999.0 -9999.0 -9999.0 -9999.0 -9999.0 -9999.0 -9999.0 -9999.0 -9999.0 -9999.0 9.5 12.6 20.7 -9999.0
-9999.0 -9999.0 -9999.0 -9999.0 -9999.0 -9999.0 -9999.0 -9999.0 -9999.0 -9999.0 -9999.0 -9999.0 -9999.0 -9999.0 -9999.0 -9999.0 -9999.0 -9999.0 -9999.0 -9999.0 -9999.0 -9999.0 -9999.0 -9999.0 -9999.0 -9999.0 -9999.0 -9999.0 -9999.0 -9999.0 -9999.0 -9999.0 -9999.0 -9999.0 -9999.0 -9999.0 -9999.0 -9999.0 -9999.0 -9999.0 -9999.0 -9999.0 -9999.0 -9999.0 -9999.0 -9999.0 -9999.0 -9999.0 -9999.0 -9999.0 -9999.0 -9999.0 -9999.0 -9999.0 -9999.0 -9999.0 -9999.0 -9999.0 -9999.0 -9999.0 -9999.0 -9999.0 -9999.0 -9999.0 -9999.0 -9999.0 -9999.0 -9999.0 -9999.0 -9999.0 -9999.0 -9999.0 -9999.0 1.4 13.5 19.6 39.1 -9999.0 -9999.0
