program/excelProcessViaJava/data/SURF_CLI_CHN_PRE_MON_GRID_0.5-200710.txt
NCOLS      128
NROWS       72
XLLCORNER    72.000000000000    
YLLCORNER    18.000000000000    
CELLSIZE    0.50000000000000    
NODATA_VALUE   -9999.000    
[rows 35 to 69 of 72, columns 0 to 77 of 128]
-9999.0 -9999.0 -9999.0 -9999.0 -9999.0 -9999.0 -9999.0 0.0 0.0 0.0 0.0 0.1 0.3 0.3 0.5 0.8 0.9 0.7 0.6 0.5 0.4 0.3 0.3 0.3 0.4 0.5 0.8 1.3 2.0 3.5 4.6 5.7 6.6 8.3 10.6 9.3 12.8 11.2 14.7 15.0 5.5 15.2 11.8 5.2 1.5 0.4 0.7 0.6 1.2 0.9 1.1 2.0 6.8 35.2 38.2 27.8 31.8 36.9 58.2 54.4 68.6 69.1 65.3 67.2 69.8 57.1 65.3 74.6 82.1 90.2 88.3 94.5 101.7 97.7 86.7 75.1 59.1 54.4
-9999.0 -9999.0 -9999.0 -9999.0 -9999.0 -9999.0 -9999.0 0.0 0.0 0.0 0.0 0.1 0.1 0.1 0.3 0.2 0.4 0.4 0.4 0.3 0.3 0.3 0.3 0.3 0.3 0.5 0.7 1.5 1.7 2.4 4.4 5.7 6.7 9.5 8.5 9.5 9.0 11.3 11.1 10.2 10.9 10.8 11.5 17.0 6.6 2.7 3.8 4.4 10.3 8.4 21.8 22.8 13.3 25.7 46.1 34.3 40.4 52.5 68.0 75.2 75.0 91.5 94.6 95.0 77.0 66.1 66.0 75.7 87.6 91.6 92.2 94.5 93.6 86.7 73.7 63.8 53.1 41.6
-9999.0 -9999.0 -9999.0 -9999.0 -9999.0 -9999.0 -9999.0 -9999.0 -9999.0 0.0 0.0 0.0 0.1 0.1 0.2 0.3 0.3 0.3 0.3 0.3 0.3 0.2 0.2 0.3 0.3 0.4 0.7 1.1 1.5 3.3 3.0 4.6 5.7 7.6 6.4 6.8 6.8 8.1 7.4 8.6 7.9 9.8 9.5 8.5 10.7 10.6 11.2 11.6 13.4 15.4 21.8 23.0 25.0 28.7 48.0 41.2 42.7 54.8 76.5 80.8 84.0 89.6 95.1 94.5 82.0 68.2 70.2 82.0 89.4 96.4 91.0 82.8 76.8 72.9 68.7 63.7 52.7 42.3
-9999.0 -9999.0 -9999.0 -9999.0 -9999.0 -9999.0 -9999.0 -9999.0 -9999.0 -9999.0 -9999.0 0.0 0.1 0.1 0.2 0.2 0.2 0.3 0.3 0.2 0.2 0.2 0.2 0.2 0.3 0.4 0.8 1.3 1.9 2.5 3.4 5.8 5.2 6.0 5.6 8.9 6.0 6.1 11.4 6.4 8.4 7.3 7.2 7.8 13.6 11.4 18.3 16.5 19.8 20.6 19.4 23.9 29.5 38.8 50.8 52.1 53.9 67.2 75.1 79.8 82.5 83.3 86.1 83.8 71.2 67.9 73.4 85.8 90.9 88.9 78.4 66.9 60.1 62.3 75.3 72.1 59.5 46.7
-9999.0 -9999.0 -9999.0 -9999.0 -9999.0 -9999.0 -9999.0 -9999.0 -9999.0 -9999.0 -9999.0 -9999.0 0.1 0.1 0.1 0.2 0.2 0.2 0.2 0.2 0.2 0.2 0.2 0.2 0.5 0.3 0.5 1.2 1.8 3.8 3.8 4.5 5.2 7.1 7.2 6.0 9.4 5.3 3.8 3.0 3.1 4.0 5.3 8.4 10.5 14.0 18.4 17.6 20.2 22.0 28.4 31.1 32.2 34.9 43.5 52.4 60.1 70.4 66.1 76.9 74.8 72.2 67.4 63.9 61.3 60.0 73.7 86.4 88.0 80.5 62.0 53.1 56.1 63.4 65.7 74.3 53.1 47.8
-9999.0 -9999.0 -9999.0 -9999.0 -9999.0 -9999.0 -9999.0 -9999.0 -9999.0 -9999.0 -9999.0 -9999.0 0.0 0.1 0.2 0.2 0.2 0.2 0.2 0.2 0.2 0.2 0.2 0.2 0.2 0.3 0.4 0.7 1.5 2.0 3.8 6.1 5.7 5.6 6.0 4.6 6.6 5.9 4.0 2.9 2.1 2.5 5.7 6.0 10.4 15.6 17.0 19.4 19.2 23.1 24.4 28.9 30.4 37.6 40.1 50.1 55.1 63.3 63.9 67.9 68.8 65.0 61.0 59.0 48.3 55.5 63.9 89.1 88.6 75.7 68.8 73.6 75.4 62.5 62.5 52.6 44.2 53.4
-9999.0 -9999.0 -9999.0 -9999.0 -9999.0 -9999.0 -9999.0 -9999.0 -9999.0 -9999.0 -9999.0 -9999.0 -9999.0 0.1 0.1 0.2 0.2 0.2 0.2 0.2 0.2 0.2 0.2 0.2 0.2 0.4 0.7 1.6 2.1 3.0 3.3 4.0 6.5 6.7 3.7 3.3 3.1 3.5 8.9 3.9 2.8 3.7 4.3 7.9 9.4 12.7 18.2 23.2 26.0 26.7 27.3 27.4 30.9 41.5 45.4 50.6 55.4 61.8 70.3 72.1 73.6 67.0 61.8 46.4 37.2 47.2 72.1 110.2 109.2 82.9 57.6 48.9 52.8 56.9 64.1 51.9 46.0 41.2
-9999.0 -9999.0 -9999.0 -9999.0 -9999.0 -9999.0 -9999.0 -9999.0 -9999.0 -9999.0 -9999.0 -9999.0 0.1 0.1 0.1 0.2 0.2 0.2 0.2 0.2 0.2 0.2 0.2 0.2 0.2 0.4 0.5 0.9 1.6 2.8 3.7 3.6 6.9 4.7 4.4 2.5 3.8 1.5 1.4 1.7 4.5 6.8 8.8 5.5 9.5 14.2 18.9 23.6 27.1 28.3 29.8 32.0 32.6 37.9 44.2 50.5 55.3 58.2 65.5 70.7 76.7 77.4 65.3 62.8 43.2 48.8 117.2 121.4 112.7 89.1 68.8 47.6 38.9 36.9 36.9 38.4 39.9 40.3
-9999.0 -9999.0 -9999.0 -9999.0 -9999.0 -9999.0 -9999.0 -9999.0 -9999.0 -9999.0 -9999.0 -9999.0 0.1 0.2 0.2 0.2 0.3 0.3 0.3 0.3 0.3 0.3 0.3 0.3 0.3 0.3 0.5 0.8 1.4 2.0 2.8 3.9 6.2 3.1 2.1 1.7 0.7 0.9 0.9 0.6 1.0 1.4 2.5 5.1 9.0 14.5 20.8 25.5 28.6 30.3 29.3 29.2 31.5 37.5 44.4 53.6 53.8 56.9 62.6 72.7 81.7 86.6 57.1 35.5 32.8 120.2 91.9 108.4 82.6 58.1 43.9 37.5 39.7 52.1 61.2 51.8 49.2 55.3
-9999.0 -9999.0 -9999.0 -9999.0 -9999.0 -9999.0 -9999.0 -9999.0 -9999.0 -9999.0 -9999.0 -9999.0 0.1 0.2 0.3 0.3 0.4 0.5 0.5 0.5 0.6 0.6 0.5 0.5 0.5 0.8 0.9 1.7 1.5 2.1 2.9 5.8 3.8 2.3 1.4 0.9 0.5 0.5 0.4 1.0 0.9 1.0 4.0 5.0 9.1 14.9 20.0 24.2 28.9 28.2 26.0 25.7 25.9 27.4 30.9 50.2 47.1 49.4 57.5 66.5 73.4 74.3 92.7 30.7 45.4 137.8 109.0 86.1 67.9 52.8 46.6 51.7 57.1 66.9 89.6 70.9 78.8 61.6
-9999.0 -9999.0 -9999.0 -9999.0 -9999.0 -9999.0 -9999.0 -9999.0 -9999.0 -9999.0 -9999.0 -9999.0 -9999.0 0.3 0.4 0.6 0.7 0.9 1.0 1.1 1.6 1.2 1.3 1.4 1.2 1.3 1.3 1.3 1.9 1.7 3.6 4.2 5.4 3.1 2.3 4.0 2.3 0.5 0.7 0.6 0.9 4.3 6.5 6.9 9.7 13.9 17.2 23.4 20.7 20.0 18.7 17.4 16.7 19.1 19.2 22.0 37.0 41.2 48.6 64.3 78.7 103.7 85.0 17.9 113.4 103.6 88.3 73.4 66.2 62.7 63.4 68.1 73.0 71.4 69.1 63.7 61.8 59.3
-9999.0 -9999.0 -9999.0 -9999.0 -9999.0 -9999.0 -9999.0 -9999.0 -9999.0 -9999.0 -9999.0 -9999.0 -9999.0 0.5 0.8 1.1 1.5 1.7 2.0 2.3 3.1 3.2 3.3 3.1 2.8 2.5 2.2 1.8 1.7 4.2 4.2 5.0 4.1 4.4 6.0 4.8 1.5 1.1 2.2 7.6 2.4 3.6 5.1 6.9 11.6 11.6 13.6 15.7 13.5 11.3 10.6 7.1 8.8 10.1 11.0 10.3 15.8 24.7 37.6 56.6 78.3 56.4 35.7 90.8 79.1 73.0 70.6 70.5 73.2 78.2 82.4 85.7 85.8 77.9 69.0 62.9 60.6 49.8
-9999.0 -9999.0 -9999.0 -9999.0 -9999.0 -9999.0 -9999.0 -9999.0 -9999.0 -9999.0 -9999.0 -9999.0 -9999.0 -9999.0 -9999.0 2.1 2.8 3.4 4.1 4.8 5.6 5.9 6.2 6.1 5.6 4.8 5.1 3.1 4.0 1.6 2.5 2.8 7.6 8.1 5.5 12.3 14.2 1.2 2.9 3.8 6.9 7.2 6.4 6.7 10.1 14.9 10.0 12.6 7.5 4.2 3.3 7.6 3.6 3.8 1.8 3.3 5.2 21.1 29.9 54.4 62.9 45.7 73.3 60.2 52.6 56.0 63.3 72.1 81.7 90.3 95.6 93.2 84.2 73.1 64.8 58.4 51.4 48.3
-9999.0 -9999.0 -9999.0 -9999.0 -9999.0 -9999.0 -9999.0 -9999.0 -9999.0 -9999.0 -9999.0 -9999.0 -9999.0 -9999.0 -9999.0 -9999.0 -9999.0 10.2 9.7 -9999.0 11.9 11.2 12.4 12.2 10.4 8.7 7.9 4.7 2.1 2.3 1.2 0.8 7.8 1.9 0.7 5.3 19.8 1.0 6.2 6.7 7.1 9.2 6.4 6.0 26.7 15.0 63.8 7.4 4.6 2.9 1.2 1.0 0.4 2.9 3.2 3.3 3.4 12.6 28.0 53.3 45.7 47.9 56.3 54.0 44.4 45.9 56.4 67.6 81.8 96.9 101.1 100.2 88.5 70.2 62.4 55.8 48.3 41.9
-9999.0 -9999.0 -9999.0 -9999.0 -9999.0 -9999.0 -9999.0 -9999.0 -9999.0 -9999.0 -9999.0 -9999.0 -9999.0 -9999.0 -9999.0 -9999.0 -9999.0 -9999.0 -9999.0 -9999.0 -9999.0 20.5 20.2 19.2 17.7 16.9 11.9 6.7 2.9 0.8 0.4 0.3 0.5 1.3 0.9 6.5 7.3 7.3 5.7 5.7 6.8 9.2 7.6 5.6 25.7 7.3 102.4 10.1 6.8 30.6 2.1 9.0 8.5 1.7 4.3 7.8 10.6 15.2 38.9 53.8 39.8 39.6 46.0 52.3 51.7 48.0 55.3 64.5 78.7 97.9 112.4 109.4 93.8 78.9 71.5 61.2 52.1 44.7
-9999.0 -9999.0 -9999.0 -9999.0 -9999.0 -9999.0 -9999.0 -9999.0 -9999.0 -9999.0 -9999.0 -9999.0 -9999.0 -9999.0 -9999.0 -9999.0 -9999.0 -9999.0 -9999.0 -9999.0 -9999.0 -9999.0 -9999.0 41.7 31.2 27.4 20.5 11.8 6.0 1.5 0.6 1.0 8.0 5.6 13.5 16.1 25.3 15.1 21.6 18.8 11.5 10.7 4.5 5.5 25.4 123.2 35.1 21.7 30.5 30.4 6.4 10.1 5.5 9.3 8.3 5.1 18.4 29.9 30.2 54.6 48.5 54.4 54.4 47.5 50.3 52.0 58.2 62.7 76.6 98.4 118.8 116.4 103.9 88.5 76.7 59.6 44.9 34.3
-9999.0 -9999.0 -9999.0 -9999.0 -9999.0 -9999.0 -9999.0 -9999.0 -9999.0 -9999.0 -9999.0 -9999.0 -9999.0 -9999.0 -9999.0 -9999.0 -9999.0 -9999.0 -9999.0 -9999.0 -9999.0 -9999.0 -9999.0 -9999.0 -9999.0 52.5 39.6 22.3 13.4 15.1 3.9 1.1 1.5 5.8 5.7 23.4 45.0 21.6 29.3 15.0 16.9 5.4 21.4 20.2 79.5 126.5 95.5 174.2 13.6 32.6 17.0 17.9 24.7 27.0 14.1 17.3 30.6 31.3 48.1 54.4 60.0 65.9 106.0 57.7 59.1 60.2 59.5 61.9 79.5 98.8 109.4 101.9 89.0 74.7 60.8 44.0 28.3 19.9
-9999.0 -9999.0 -9999.0 -9999.0 -9999.0 -9999.0 -9999.0 -9999.0 -9999.0 -9999.0 -9999.0 -9999.0 -9999.0 -9999.0 -9999.0 -9999.0 -9999.0 -9999.0 -9999.0 -9999.0 -9999.0 -9999.0 -9999.0 -9999.0 -9999.0 -9999.0 -9999.0 42.0 31.2 13.2 5.7 3.0 12.2 2.1 10.9 2.1 12.2 13.0 6.9 10.2 10.4 5.2 25.3 63.8 86.8 119.7 153.6 179.0 199.2 103.0 172.7 155.5 40.2 37.4 34.5 43.6 36.7 37.9 52.1 46.3 75.9 70.2 63.4 65.7 71.6 58.5 58.8 57.0 68.9 84.4 78.8 65.8 43.9 40.8 33.1 23.5 22.2 14.5
-9999.0 -9999.0 -9999.0 -9999.0 -9999.0 -9999.0 -9999.0 -9999.0 -9999.0 -9999.0 -9999.0 -9999.0 -9999.0 -9999.0 -9999.0 -9999.0 -9999.0 -9999.0 -9999.0 -9999.0 -9999.0 -9999.0 -9999.0 -9999.0 -9999.0 -9999.0 -9999.0 -9999.0 -9999.0 -9999.0 -9999.0 -9999.0 -9999.0 4.1 8.0 -9999.0 -9999.0 -9999.0 7.1 7.4 9.4 17.6 18.3 59.4 85.4 108.0 -9999.0 -9999.0 -9999.0 -9999.0 -9999.0 -9999.0 94.2 64.3 54.6 54.7 58.9 60.5 53.8 67.1 77.8 74.5 80.5 78.8 71.0 59.7 58.1 62.4 61.4 54.5 38.9 29.4 22.0 13.6 17.9 12.1 20.1 7.6
-9999.0 -9999.0 -9999.0 -9999.0 -9999.0 -9999.0 -9999.0 -9999.0 -9999.0 -9999.0 -9999.0 -9999.0 -9999.0 -9999.0 -9999.0 -9999.0 -9999.0 -9999.0 -9999.0 -9999.0 -9999.0 -9999.0 -9999.0 -9999.0 -9999.0 -9999.0 -9999.0 -9999.0 -9999.0 -9999.0 -9999.0 -9999.0 -9999.0 -9999.0 -9999.0 -9999.0 -9999.0 -9999.0 -9999.0 13.2 18.2 25.7 35.8 48.8 -9999.0 -9999.0 -9999.0 -9999.0 -9999.0 -9999.0 -9999.0 -9999.0 117.7 90.9 80.7 81.0 85.6 79.4 75.2 86.8 102.2 83.6 71.7 74.6 75.5 68.5 63.8 55.1 42.1 31.0 19.2 11.4 5.8 8.4 5.4 9.3 13.8 9.2
-9999.0 -9999.0 -9999.0 -9999.0 -9999.0 -9999.0 -9999.0 -9999.0 -9999.0 -9999.0 -9999.0 -9999.0 -9999.0 -9999.0 -9999.0 -9999.0 -9999.0 -9999.0 -9999.0 -9999.0 -9999.0 -9999.0 -9999.0 -9999.0 -9999.0 -9999.0 -9999.0 -9999.0 -9999.0 -9999.0 -9999.0 -9999.0 -9999.0 -9999.0 -9999.0 -9999.0 -9999.0 -9999.0 -9999.0 -9999.0 -9999.0 -9999.0 -9999.0 -9999.0 -9999.0 -9999.0 -9999.0 -9999.0 -9999.0 -9999.0 -9999.0 -9999.0 185.4 118.3 107.6 106.4 98.1 85.1 75.2 85.0 94.9 88.3 95.8 59.3 66.3 66.0 59.8 45.6 28.0 14.6 7.7 5.6 9.8 5.5 6.9 4.6 15.2 12.7
-9999.0 -9999.0 -9999.0 -9999.0 -9999.0 -9999.0 -9999.0 -9999.0 -9999.0 -9999.0 -9999.0 -9999.0 -9999.0 -9999.0 -9999.0 -9999.0 -9999.0 -9999.0 -9999.0 -9999.0 -9999.0 -9999.0 -9999.0 -9999.0 -9999.0 -9999.0 -9999.0 -9999.0 -9999.0 -9999.0 -9999.0 -9999.0 -9999.0 -9999.0 -9999.0 -9999.0 -9999.0 -9999.0 -9999.0 -9999.0 -9999.0 -9999.0 -9999.0 -9999.0 -9999.0 -9999.0 -9999.0 -9999.0 -9999.0 -9999.0 -9999.0 178.8 187.1 146.5 125.4 114.0 98.2 89.3 69.8 36.2 94.4 82.4 54.6 45.0 54.7 65.9 53.4 25.8 17.4 7.6 4.6 4.2 2.6 0.9 1.5 1.7 13.3 6.0
-9999.0 -9999.0 -9999.0 -9999.0 -9999.0 -9999.0 -9999.0 -9999.0 -9999.0 -9999.0 -9999.0 -9999.0 -9999.0 -9999.0 -9999.0 -9999.0 -9999.0 -9999.0 -9999.0 -9999.0 -9999.0 -9999.0 -9999.0 -9999.0 -9999.0 -9999.0 -9999.0 -9999.0 -9999.0 -9999.0 -9999.0 -9999.0 -9999.0 -9999.0 -9999.0 -9999.0 -9999.0 -9999.0 -9999.0 -9999.0 -9999.0 -9999.0 -9999.0 -9999.0 -9999.0 -9999.0 -9999.0 -9999.0 -9999.0 -9999.0 97.5 185.2 196.4 172.4 144.4 121.3 90.3 67.3 55.6 65.9 61.3 74.6 39.8 38.1 50.4 58.8 46.1 19.5 11.8 5.8 4.6 3.7 1.7 1.8 2.7 5.6 0.7 16.4
-9999.0 -9999.0 -9999.0 -9999.0 -9999.0 -9999.0 -9999.0 -9999.0 -9999.0 -9999.0 -9999.0 -9999.0 -9999.0 -9999.0 -9999.0 -9999.0 -9999.0 -9999.0 -9999.0 -9999.0 -9999.0 -9999.0 -9999.0 -9999.0 -9999.0 -9999.0 -9999.0 -9999.0 -9999.0 -9999.0 -9999.0 -9999.0 -9999.0 -9999.0 -9999.0 -9999.0 -9999.0 -9999.0 -9999.0 -9999.0 -9999.0 -9999.0 -9999.0 -9999.0 -9999.0 -9999.0 -9999.0 -9999.0 -9999.0 -9999.0 66.8 174.4 162.9 177.1 150.6 121.4 98.5 84.2 62.0 40.2 26.3 25.5 16.7 27.3 43.0 31.4 23.1 11.6 8.1 6.9 5.5 3.1 1.3 0.7 0.5 0.5 2.8 0.6
-9999.0 -9999.0 -9999.0 -9999.0 -9999.0 -9999.0 -9999.0 -9999.0 -9999.0 -9999.0 -9999.0 -9999.0 -9999.0 -9999.0 -9999.0 -9999.0 -9999.0 -9999.0 -9999.0 -9999.0 -9999.0 -9999.0 -9999.0 -9999.0 -9999.0 -9999.0 -9999.0 -9999.0 -9999.0 -9999.0 -9999.0 -9999.0 -9999.0 -9999.0 -9999.0 -9999.0 -9999.0 -9999.0 -9999.0 -9999.0 -9999.0 -9999.0 -9999.0 -9999.0 -9999.0 -9999.0 -9999.0 -9999.0 -9999.0 -9999.0 38.8 90.3 112.0 164.1 131.9 123.0 116.6 108.9 73.1 42.6 18.7 13.3 11.5 16.4 29.7 24.9 13.9 11.6 12.1 11.8 9.2 8.0 1.2 1.9 0.6 1.0 5.4 0.7
-9999.0 -9999.0 -9999.0 -9999.0 -9999.0 -9999.0 -9999.0 -9999.0 -9999.0 -9999.0 -9999.0 -9999.0 -9999.0 -9999.0 -9999.0 -9999.0 -9999.0 -9999.0 -9999.0 -9999.0 -9999.0 -9999.0 -9999.0 -9999.0 -9999.0 -9999.0 -9999.0 -9999.0 -9999.0 -9999.0 -9999.0 -9999.0 -9999.0 -9999.0 -9999.0 -9999.0 -9999.0 -9999.0 -9999.0 -9999.0 -9999.0 -9999.0 -9999.0 -9999.0 -9999.0 -9999.0 -9999.0 -9999.0 -9999.0 -9999.0 48.3 102.6 117.6 139.8 138.4 137.9 156.3 129.8 95.0 46.2 20.6 9.0 6.9 14.7 24.3 23.4 22.3 19.7 24.2 21.9 19.5 10.2 4.9 4.6 1.6 2.8 5.6 1.6
-9999.0 -9999.0 -9999.0 -9999.0 -9999.0 -9999.0 -9999.0 -9999.0 -9999.0 -9999.0 -9999.0 -9999.0 -9999.0 -9999.0 -9999.0 -9999.0 -9999.0 -9999.0 -9999.0 -9999.0 -9999.0 -9999.0 -9999.0 -9999.0 -9999.0 -9999.0 -9999.0 -9999.0 -9999.0 -9999.0 -9999.0 -9999.0 -9999.0 -9999.0 -9999.0 -9999.0 -9999.0 -9999.0 -9999.0 -9999.0 -9999.0 -9999.0 -9999.0 -9999.0 -9999.0 -9999.0 -9999.0 -9999.0 -9999.0 -9999.0 -9999.0 -9999.0 -9999.0 135.7 158.5 164.0 153.5 127.0 91.7 49.0 52.8 14.3 27.6 21.2 22.6 21.8 29.6 27.6 38.7 43.8 36.8 20.8 10.6 7.5 6.0 3.1 4.0 2.8
-9999.0 -9999.0 -9999.0 -9999.0 -9999.0 -9999.0 -9999.0 -9999.0 -9999.0 -9999.0 -9999.0 -9999.0 -9999.0 -9999.0 -9999.0 -9999.0 -9999.0 -9999.0 -9999.0 -9999.0 -9999.0 -9999.0 -9999.0 -9999.0 -9999.0 -9999.0 -9999.0 -9999.0 -9999.0 -9999.0 -9999.0 -9999.0 -9999.0 -9999.0 -9999.0 -9999.0 -9999.0 -9999.0 -9999.0 -9999.0 -9999.0 -9999.0 -9999.0 -9999.0 -9999.0 -9999.0 -9999.0 -9999.0 -9999.0 -9999.0 -9999.0 -9999.0 -9999.0 136.0 159.2 163.1 149.0 116.9 85.3 76.4 44.0 32.4 47.4 27.1 23.5 22.8 19.8 41.6 42.1 50.7 44.1 28.3 19.0 14.4 11.6 14.1 6.2 14.5
-9999.0 -9999.0 -9999.0 -9999.0 -9999.0 -9999.0 -9999.0 -9999.0 -9999.0 -9999.0 -9999.0 -9999.0 -9999.0 -9999.0 -9999.0 -9999.0 -9999.0 -9999.0 -9999.0 -9999.0 -9999.0 -9999.0 -9999.0 -9999.0 -9999.0 -9999.0 -9999.0 -9999.0 -9999.0 -9999.0 -9999.0 -9999.0 -9999.0 -9999.0 -9999.0 -9999.0 -9999.0 -9999.0 -9999.0 -9999.0 -9999.0 -9999.0 -9999.0 -9999.0 -9999.0 -9999.0 -9999.0 -9999.0 -9999.0 -9999.0 -9999.0 -9999.0 -9999.0 129.7 137.0 160.2 142.1 111.3 87.2 69.2 67.9 56.5 67.5 60.3 18.4 -9999.0 -9999.0 -9999.0 46.1 41.4 42.0 36.8 24.3 15.8 17.6 28.3 13.7 20.5
-9999.0 -9999.0 -9999.0 -9999.0 -9999.0 -9999.0 -9999.0 -9999.0 -9999.0 -9999.0 -9999.0 -9999.0 -9999.0 -9999.0 -9999.0 -9999.0 -9999.0 -9999.0 -9999.0 -9999.0 -9999.0 -9999.0 -9999.0 -9999.0 -9999.0 -9999.0 -9999.0 -9999.0 -9999.0 -9999.0 -9999.0 -9999.0 -9999.0 -9999.0 -9999.0 -9999.0 -9999.0 -9999.0 -9999.0 -9999.0 -9999.0 -9999.0 -9999.0 -9999.0 -9999.0 -9999.0 -9999.0 -9999.0 -9999.0 -9999.0 -9999.0 -9999.0 -9999.0 -9999.0 138.7 144.4 124.4 100.3 91.0 87.9 49.6 -9999.0 -9999.0 -9999.0 -9999.0 -9999.0 -9999.0 -9999.0 24.5 37.8 58.3 34.1 22.1 21.4 25.1 26.8 28.3 27.6
-9999.0 -9999.0 -9999.0 -9999.0 -9999.0 -9999.0 -9999.0 -9999.0 -9999.0 -9999.0 -9999.0 -9999.0 -9999.0 -9999.0 -9999.0 -9999.0 -9999.0 -9999.0 -9999.0 -9999.0 -9999.0 -9999.0 -9999.0 -9999.0 -9999.0 -9999.0 -9999.0 -9999.0 -9999.0 -9999.0 -9999.0 -9999.0 -9999.0 -9999.0 -9999.0 -9999.0 -9999.0 -9999.0 -9999.0 -9999.0 -9999.0 -9999.0 -9999.0 -9999.0 -9999.0 -9999.0 -9999.0 -9999.0 -9999.0 -9999.0 -9999.0 -9999.0 -9999.0 -9999.0 -9999.0 119.9 135.1 99.1 72.4 68.6 51.2 -9999.0 -9999.0 -9999.0 -9999.0 -9999.0 -9999.0 -9999.0 -9999.0 -9999.0 29.0 -9999.0 -9999.0 -9999.0 -9999.0 -9999.0 60.9 -9999.0
-9999.0 -9999.0 -9999.0 -9999.0 -9999.0 -9999.0 -9999.0 -9999.0 -9999.0 -9999.0 -9999.0 -9999.0 -9999.0 -9999.0 -9999.0 -9999.0 -9999.0 -9999.0 -9999.0 -9999.0 -9999.0 -9999.0 -9999.0 -9999.0 -9999.0 -9999.0 -9999.0 -9999.0 -9999.0 -9999.0 -9999.0 -9999.0 -9999.0 -9999.0 -9999.0 -9999.0 -9999.0 -9999.0 -9999.0 -9999.0 -9999.0 -9999.0 -9999.0 -9999.0 -9999.0 -9999.0 -9999.0 -9999.0 -9999.0 -9999.0 -9999.0 -9999.0 -9999.0 -9999.0 -9999.0 -9999.0 -9999.0 -9999.0 70.1 45.2 -9999.0 -9999.0 -9999.0 -9999.0 -9999.0 -9999.0 -9999.0 -9999.0 -9999.0 -9999.0 -9999.0 -9999.0 -9999.0 -9999.0 -9999.0 109.9 129.9 -9999.0
-9999.0 -9999.0 -9999.0 -9999.0 -9999.0 -9999.0 -9999.0 -9999.0 -9999.0 -9999.0 -9999.0 -9999.0 -9999.0 -9999.0 -9999.0 -9999.0 -9999.0 -9999.0 -9999.0 -9999.0 -9999.0 -9999.0 -9999.0 -9999.0 -9999.0 -9999.0 -9999.0 -9999.0 -9999.0 -9999.0 -9999.0 -9999.0 -9999.0 -9999.0 -9999.0 -9999.0 -9999.0 -9999.0 -9999.0 -9999.0 -9999.0 -9999.0 -9999.0 -9999.0 -9999.0 -9999.0 -9999.0 -9999.0 -9999.0 -9999.0 -9999.0 -9999.0 -9999.0 -9999.0 -9999.0 -9999.0 -9999.0 -9999.0 -9999.0 -9999.0 -9999.0 -9999.0 -9999.0 -9999.0 -9999.0 -9999.0 -9999.0 -9999.0 -9999.0 -9999.0 -9999.0 -9999.0 -9999.0 -9999.0 -9999.0 -9999.0 -9999.0 -9999.0
-9999.0 -9999.0 -9999.0 -9999.0 -9999.0 -9999.0 -9999.0 -9999.0 -9999.0 -9999.0 -9999.0 -9999.0 -9999.0 -9999.0 -9999.0 -9999.0 -9999.0 -9999.0 -9999.0 -9999.0 -9999.0 -9999.0 -9999.0 -9999.0 -9999.0 -9999.0 -9999.0 -9999.0 -9999.0 -9999.0 -9999.0 -9999.0 -9999.0 -9999.0 -9999.0 -9999.0 -9999.0 -9999.0 -9999.0 -9999.0 -9999.0 -9999.0 -9999.0 -9999.0 -9999.0 -9999.0 -9999.0 -9999.0 -9999.0 -9999.0 -9999.0 -9999.0 -9999.0 -9999.0 -9999.0 -9999.0 -9999.0 -9999.0 -9999.0 -9999.0 -9999.0 -9999.0 -9999.0 -9999.0 -9999.0 -9999.0 -9999.0 -9999.0 -9999.0 -9999.0 -9999.0 -9999.0 -9999.0 -9999.0 -9999.0 297.6 365.2 423.1
-9999.0 -9999.0 -9999.0 -9999.0 -9999.0 -9999.0 -9999.0 -9999.0 -9999.0 -9999.0 -9999.0 -9999.0 -9999.0 -9999.0 -9999.0 -9999.0 -9999.0 -9999.0 -9999.0 -9999.0 -9999.0 -9999.0 -9999.0 -9999.0 -9999.0 -9999.0 -9999.0 -9999.0 -9999.0 -9999.0 -9999.0 -9999.0 -9999.0 -9999.0 -9999.0 -9999.0 -9999.0 -9999.0 -9999.0 -9999.0 -9999.0 -9999.0 -9999.0 -9999.0 -9999.0 -9999.0 -9999.0 -9999.0 -9999.0 -9999.0 -9999.0 -9999.0 -9999.0 -9999.0 -9999.0 -9999.0 -9999.0 -9999.0 -9999.0 -9999.0 -9999.0 -9999.0 -9999.0 -9999.0 -9999.0 -9999.0 -9999.0 -9999.0 -9999.0 -9999.0 -9999.0 -9999.0 -9999.0 76.1 296.3 403.2 569.4 -9999.0
