program/excelProcessViaJava/data/SURF_CLI_CHN_PRE_MON_GRID_0.5-199504.txt
NCOLS      128
NROWS       72
XLLCORNER    72.000000000000    
YLLCORNER    18.000000000000    
CELLSIZE    0.50000000000000    
NODATA_VALUE   -9999.000    
[rows 34 to 67 of 72, columns 0 to 77 of 128]
-9999.0 -9999.0 -9999.0 -9999.0 0.0 0.0 0.0 0.0 0.0 0.0 0.8 0.0 0.3 0.6 5.3 3.9 2.6 1.3 1.0 1.5 2.9 4.1 4.8 5.0 4.5 4.5 6.2 7.1 8.4 9.5 10.6 11.3 12.2 12.5 12.4 12.0 11.6 11.5 9.1 6.3 6.8 2.8 2.0 1.7 1.7 2.0 2.5 3.2 4.0 4.8 5.3 6.2 13.5 14.0 12.6 12.5 10.2 11.0 14.8 10.3 18.9 10.2 7.8 6.4 3.1 2.1 4.2 4.2 4.3 5.1 4.4 5.9 7.9 9.3 9.3 11.0 12.6 21.4
-9999.0 -9999.0 -9999.0 -9999.0 -9999.0 -9999.0 -9999.0 0.0 0.0 0.0 0.0 0.0 0.0 0.0 0.1 4.3 2.2 2.9 3.0 3.6 3.3 2.9 3.4 4.4 5.5 6.5 7.2 8.2 9.3 9.9 11.0 11.8 12.4 12.4 12.2 11.7 11.6 10.8 11.7 12.0 7.4 12.5 10.4 5.6 2.6 1.9 2.1 2.8 3.9 5.1 5.9 7.2 11.4 20.0 22.4 13.9 8.1 5.5 13.7 9.8 14.4 5.5 4.2 5.5 6.3 4.6 5.9 7.8 8.4 8.0 6.5 6.6 8.6 10.6 10.5 12.5 11.6 17.0
-9999.0 -9999.0 -9999.0 -9999.0 -9999.0 -9999.0 -9999.0 0.0 0.0 0.0 0.0 0.0 0.0 0.0 0.0 0.0 0.2 0.6 0.3 1.8 2.7 2.6 4.1 5.1 6.5 7.5 8.7 8.8 10.6 11.7 11.5 11.9 12.1 11.7 11.3 10.6 9.9 9.9 9.9 9.9 10.8 11.2 11.4 13.4 6.0 3.0 3.3 3.9 6.9 7.8 12.9 14.3 14.9 20.1 24.4 21.3 15.8 14.1 15.6 15.3 14.3 12.5 7.7 9.9 9.2 8.5 9.2 11.7 13.5 13.8 11.2 10.0 11.6 14.8 13.6 18.6 19.1 16.1
-9999.0 -9999.0 -9999.0 -9999.0 -9999.0 -9999.0 -9999.0 -9999.0 -9999.0 0.0 0.0 0.0 0.0 0.0 0.0 0.1 0.1 0.0 0.3 0.2 1.4 3.4 4.8 6.0 7.4 8.9 9.4 10.2 11.7 10.9 12.9 12.2 11.8 10.8 10.1 9.0 8.0 7.6 7.3 8.3 8.9 11.0 11.0 9.2 9.0 7.3 6.6 6.8 8.8 11.5 15.1 16.3 18.5 22.8 27.6 27.0 20.7 18.9 20.4 19.2 18.4 17.1 17.2 16.5 18.0 16.3 16.7 19.1 19.6 21.4 18.6 17.1 17.5 20.8 24.8 20.1 20.9 21.7
-9999.0 -9999.0 -9999.0 -9999.0 -9999.0 -9999.0 -9999.0 -9999.0 -9999.0 -9999.0 -9999.0 0.0 0.0 0.0 0.0 0.0 0.1 0.2 0.6 0.9 1.1 3.1 4.2 6.4 5.7 8.2 8.7 9.6 10.7 11.8 11.9 10.8 11.0 9.9 8.7 7.4 6.1 5.4 6.9 5.8 7.9 8.9 9.8 9.7 12.4 8.9 11.9 10.2 13.9 17.2 18.9 21.0 23.5 28.6 32.6 33.8 30.2 28.6 27.3 26.4 23.9 24.6 27.7 31.7 30.6 26.2 26.0 28.3 28.4 28.5 26.8 24.3 24.6 26.4 30.5 29.8 30.6 30.8
-9999.0 -9999.0 -9999.0 -9999.0 -9999.0 -9999.0 -9999.0 -9999.0 -9999.0 -9999.0 -9999.0 -9999.0 0.0 0.0 0.0 0.0 0.0 0.1 0.3 0.2 2.5 3.2 4.5 6.8 3.5 8.6 10.6 9.3 10.3 9.2 10.6 10.5 9.8 8.4 7.1 5.7 5.2 3.6 3.0 3.1 4.1 6.2 8.7 11.8 12.9 13.8 15.2 13.5 18.0 23.9 29.3 29.8 30.4 34.8 39.6 40.2 38.2 35.4 37.6 34.0 33.1 28.9 31.0 41.8 44.0 42.9 33.2 35.9 37.2 36.6 33.6 36.2 38.1 36.5 31.2 51.9 36.8 37.6
-9999.0 -9999.0 -9999.0 -9999.0 -9999.0 -9999.0 -9999.0 -9999.0 -9999.0 -9999.0 -9999.0 -9999.0 0.0 0.0 0.1 0.0 0.3 0.3 0.1 0.5 1.4 1.9 3.6 6.6 9.8 9.3 9.8 11.5 10.2 11.0 9.5 8.4 8.4 7.4 6.0 4.5 3.5 2.7 2.0 2.0 2.7 4.9 9.7 12.3 17.1 20.9 19.9 20.4 22.4 30.4 33.8 33.9 34.0 38.2 44.4 45.3 45.3 44.0 48.5 48.2 46.4 45.9 44.1 47.3 53.0 53.4 27.0 33.2 39.8 41.4 38.2 39.1 40.0 27.8 32.3 34.9 39.0 50.3
-9999.0 -9999.0 -9999.0 -9999.0 -9999.0 -9999.0 -9999.0 -9999.0 -9999.0 -9999.0 -9999.0 -9999.0 -9999.0 0.0 0.0 0.2 0.0 0.4 1.0 1.6 1.9 4.4 3.5 8.0 8.5 5.8 6.4 5.6 7.1 7.6 8.5 8.4 6.9 6.3 5.4 3.8 2.4 1.6 3.0 1.9 2.6 5.6 9.8 16.9 21.3 25.1 28.6 30.7 32.5 34.2 34.7 32.3 32.9 36.2 40.5 44.1 46.4 46.1 42.5 49.0 49.6 58.0 61.6 87.1 42.8 47.7 46.3 36.8 41.3 40.0 38.2 33.2 27.8 31.4 42.8 44.8 50.1 51.2
-9999.0 -9999.0 -9999.0 -9999.0 -9999.0 -9999.0 -9999.0 -9999.0 -9999.0 -9999.0 -9999.0 -9999.0 0.0 0.0 0.0 0.0 0.0 0.1 0.2 2.2 3.3 4.5 4.9 7.1 8.8 5.3 6.2 7.1 6.7 6.0 6.3 7.2 5.7 5.9 4.9 3.6 2.5 1.1 0.7 1.0 3.8 8.9 15.6 18.0 25.9 31.6 33.7 32.2 31.7 31.5 31.9 31.1 29.6 33.4 39.0 41.8 40.6 49.9 48.6 55.1 58.2 60.7 80.1 82.1 97.2 68.1 21.8 25.8 39.9 47.7 43.4 37.6 39.1 48.1 55.2 61.0 66.5 66.4
-9999.0 -9999.0 -9999.0 -9999.0 -9999.0 -9999.0 -9999.0 -9999.0 -9999.0 -9999.0 -9999.0 -9999.0 0.0 0.0 0.0 0.0 0.0 0.2 0.6 0.4 3.0 2.4 3.9 5.4 7.9 8.7 7.5 6.5 5.5 5.6 5.5 5.2 4.6 5.6 5.1 3.9 2.5 1.3 0.8 0.8 2.0 5.4 12.0 20.6 28.4 33.9 36.9 34.8 31.4 25.4 24.5 25.3 26.0 31.7 37.3 41.9 39.4 40.5 46.8 47.9 52.0 57.0 96.6 104.2 90.1 38.5 43.6 21.1 19.6 24.9 34.3 43.6 52.1 61.8 68.9 71.5 72.4 73.6
-9999.0 -9999.0 -9999.0 -9999.0 -9999.0 -9999.0 -9999.0 -9999.0 -9999.0 -9999.0 -9999.0 -9999.0 0.0 0.0 0.0 0.0 0.1 0.0 0.1 0.3 0.2 0.3 2.8 2.5 4.5 2.6 3.3 1.7 3.5 3.1 3.1 2.5 4.0 4.9 5.0 4.4 3.2 2.0 1.2 1.6 2.8 6.8 16.9 22.4 29.9 35.4 36.0 30.7 25.1 22.3 20.1 18.9 24.4 27.3 30.9 38.4 37.9 38.3 40.8 48.1 58.3 70.6 63.2 91.7 50.6 29.4 25.8 22.7 23.0 25.8 35.9 54.8 65.7 77.6 100.3 83.4 95.9 71.7
-9999.0 -9999.0 -9999.0 -9999.0 -9999.0 -9999.0 -9999.0 -9999.0 -9999.0 -9999.0 -9999.0 -9999.0 -9999.0 0.0 0.0 0.0 0.0 0.1 0.0 0.1 0.0 0.7 0.7 0.9 3.6 2.8 2.7 2.4 1.1 1.8 0.8 1.3 1.9 3.2 3.9 4.6 4.5 3.0 2.4 2.3 4.4 14.3 24.3 29.2 30.0 30.8 30.7 24.4 22.8 18.4 14.1 15.3 15.7 19.2 27.1 32.5 30.5 31.7 36.8 40.2 47.6 43.1 65.4 63.6 35.9 32.7 28.7 27.5 28.0 36.3 45.7 55.9 74.6 63.4 81.4 71.8 68.4 71.3
-9999.0 -9999.0 -9999.0 -9999.0 -9999.0 -9999.0 -9999.0 -9999.0 -9999.0 -9999.0 -9999.0 -9999.0 -9999.0 0.4 0.0 0.0 0.0 0.1 0.2 0.2 0.0 0.1 0.2 0.8 4.2 2.3 1.4 1.6 0.6 0.1 0.2 0.3 0.8 1.5 2.7 4.0 4.1 3.9 4.6 10.9 8.4 15.8 24.8 30.7 39.2 30.3 26.6 20.6 16.5 12.3 10.7 6.9 10.7 17.8 25.0 29.2 26.3 27.7 33.5 33.4 42.0 57.7 58.8 39.2 36.1 33.6 31.6 30.9 34.2 40.1 51.7 63.6 69.7 79.5 85.7 96.1 111.7 80.3
-9999.0 -9999.0 -9999.0 -9999.0 -9999.0 -9999.0 -9999.0 -9999.0 -9999.0 -9999.0 -9999.0 -9999.0 -9999.0 -9999.0 -9999.0 0.0 0.1 0.0 0.3 1.2 0.2 1.2 2.3 2.1 1.6 1.5 0.2 0.2 0.1 0.1 0.0 0.1 0.2 0.7 1.5 4.4 7.4 2.9 4.6 7.1 16.4 24.0 28.3 29.8 26.4 28.7 23.5 24.5 14.3 13.2 6.0 11.7 7.3 11.9 7.9 23.1 26.9 12.0 30.2 31.8 44.0 50.2 37.9 37.6 33.2 28.9 27.7 28.4 31.4 43.3 56.2 66.4 93.6 103.8 97.6 134.8 140.3 156.2
-9999.0 -9999.0 -9999.0 -9999.0 -9999.0 -9999.0 -9999.0 -9999.0 -9999.0 -9999.0 -9999.0 -9999.0 -9999.0 -9999.0 -9999.0 -9999.0 -9999.0 57.0 15.4 -9999.0 11.0 1.9 7.1 7.2 2.5 2.2 0.3 0.2 0.2 0.0 0.0 0.0 0.2 0.2 0.5 1.6 8.7 1.1 5.0 8.7 15.6 28.9 27.4 25.5 38.6 30.7 141.6 23.2 20.6 11.9 25.6 7.4 18.5 13.9 19.4 22.8 16.9 24.6 24.2 26.3 36.4 31.5 26.0 29.8 30.9 26.6 25.3 28.5 30.9 39.8 48.4 84.6 107.5 106.8 131.9 167.8 175.5 174.1
-9999.0 -9999.0 -9999.0 -9999.0 -9999.0 -9999.0 -9999.0 -9999.0 -9999.0 -9999.0 -9999.0 -9999.0 -9999.0 -9999.0 -9999.0 -9999.0 -9999.0 -9999.0 -9999.0 -9999.0 -9999.0 11.4 7.3 2.5 5.5 11.3 6.4 2.4 0.3 0.2 0.0 0.2 0.1 0.2 0.3 1.4 2.1 2.6 2.3 3.5 7.6 31.0 34.0 28.3 38.6 26.3 242.4 46.9 27.5 59.8 20.9 25.5 25.8 22.3 22.5 25.1 22.0 14.9 22.7 21.8 31.2 35.8 19.2 27.1 29.7 26.3 26.1 31.5 32.7 37.4 50.3 81.5 103.0 108.4 133.2 171.8 193.3 189.2
-9999.0 -9999.0 -9999.0 -9999.0 -9999.0 -9999.0 -9999.0 -9999.0 -9999.0 -9999.0 -9999.0 -9999.0 -9999.0 -9999.0 -9999.0 -9999.0 -9999.0 -9999.0 -9999.0 -9999.0 -9999.0 -9999.0 -9999.0 60.9 20.9 19.8 14.3 6.3 0.9 0.5 0.1 0.1 1.0 1.2 4.4 6.4 13.8 8.4 22.4 32.2 31.3 42.7 24.6 19.3 46.6 271.2 108.2 101.5 168.1 200.1 88.0 44.3 67.8 51.9 38.4 15.9 19.3 19.7 18.4 18.0 46.2 48.2 39.9 26.8 29.2 28.2 28.7 34.6 37.8 37.7 57.5 78.9 103.1 138.3 159.1 200.7 240.6 253.7
-9999.0 -9999.0 -9999.0 -9999.0 -9999.0 -9999.0 -9999.0 -9999.0 -9999.0 -9999.0 -9999.0 -9999.0 -9999.0 -9999.0 -9999.0 -9999.0 -9999.0 -9999.0 -9999.0 -9999.0 -9999.0 -9999.0 -9999.0 -9999.0 -9999.0 130.1 51.2 6.2 4.3 3.6 1.7 2.1 3.2 5.7 7.0 19.9 46.5 25.8 50.5 39.6 62.6 34.5 45.0 45.0 178.1 296.0 252.2 410.9 86.0 196.4 74.4 95.9 83.3 82.6 60.0 35.6 25.3 14.9 15.3 15.6 24.2 31.9 17.2 20.9 25.0 29.4 32.1 36.2 39.8 46.3 53.5 78.9 99.0 152.4 195.0 225.8 251.3 264.2
-9999.0 -9999.0 -9999.0 -9999.0 -9999.0 -9999.0 -9999.0 -9999.0 -9999.0 -9999.0 -9999.0 -9999.0 -9999.0 -9999.0 -9999.0 -9999.0 -9999.0 -9999.0 -9999.0 -9999.0 -9999.0 -9999.0 -9999.0 -9999.0 -9999.0 -9999.0 -9999.0 166.8 142.6 39.4 25.6 20.8 17.8 22.6 25.8 37.4 32.0 37.4 31.0 49.0 66.7 34.4 73.6 172.2 224.3 299.9 367.7 406.8 431.5 323.8 398.7 349.6 153.2 127.6 84.8 55.0 20.6 10.8 13.3 14.6 22.1 20.2 18.8 16.2 15.5 21.9 30.2 30.4 31.6 38.6 54.5 85.8 101.8 145.4 171.5 199.0 209.2 196.4
-9999.0 -9999.0 -9999.0 -9999.0 -9999.0 -9999.0 -9999.0 -9999.0 -9999.0 -9999.0 -9999.0 -9999.0 -9999.0 -9999.0 -9999.0 -9999.0 -9999.0 -9999.0 -9999.0 -9999.0 -9999.0 -9999.0 -9999.0 -9999.0 -9999.0 -9999.0 -9999.0 -9999.0 -9999.0 -9999.0 -9999.0 -9999.0 -9999.0 76.8 51.9 -9999.0 -9999.0 -9999.0 68.6 61.2 64.0 86.0 81.7 201.4 263.8 298.3 -9999.0 -9999.0 -9999.0 -9999.0 -9999.0 -9999.0 196.2 118.7 72.2 27.9 10.9 3.1 5.0 8.1 13.3 14.4 15.9 13.8 14.2 18.5 25.2 31.7 36.6 42.3 56.3 81.7 104.1 113.3 139.3 147.6 148.4 122.7
-9999.0 -9999.0 -9999.0 -9999.0 -9999.0 -9999.0 -9999.0 -9999.0 -9999.0 -9999.0 -9999.0 -9999.0 -9999.0 -9999.0 -9999.0 -9999.0 -9999.0 -9999.0 -9999.0 -9999.0 -9999.0 -9999.0 -9999.0 -9999.0 -9999.0 -9999.0 -9999.0 -9999.0 -9999.0 -9999.0 -9999.0 -9999.0 -9999.0 -9999.0 -9999.0 -9999.0 -9999.0 -9999.0 -9999.0 172.0 174.0 186.2 203.1 221.9 -9999.0 -9999.0 -9999.0 -9999.0 -9999.0 -9999.0 -9999.0 -9999.0 145.4 101.0 49.5 11.4 1.4 0.3 0.6 2.7 7.5 11.4 12.7 13.6 13.7 18.4 26.7 35.4 41.8 55.0 66.9 75.3 80.4 93.4 100.8 115.5 116.4 110.0
-9999.0 -9999.0 -9999.0 -9999.0 -9999.0 -9999.0 -9999.0 -9999.0 -9999.0 -9999.0 -9999.0 -9999.0 -9999.0 -9999.0 -9999.0 -9999.0 -9999.0 -9999.0 -9999.0 -9999.0 -9999.0 -9999.0 -9999.0 -9999.0 -9999.0 -9999.0 -9999.0 -9999.0 -9999.0 -9999.0 -9999.0 -9999.0 -9999.0 -9999.0 -9999.0 -9999.0 -9999.0 -9999.0 -9999.0 -9999.0 -9999.0 -9999.0 -9999.0 -9999.0 -9999.0 -9999.0 -9999.0 -9999.0 -9999.0 -9999.0 -9999.0 -9999.0 113.5 78.1 26.7 14.2 0.4 0.1 0.2 1.0 3.7 7.9 7.5 12.3 14.1 21.1 32.0 41.5 49.4 61.4 71.6 73.3 84.3 82.0 97.5 129.9 141.6 159.6
-9999.0 -9999.0 -9999.0 -9999.0 -9999.0 -9999.0 -9999.0 -9999.0 -9999.0 -9999.0 -9999.0 -9999.0 -9999.0 -9999.0 -9999.0 -9999.0 -9999.0 -9999.0 -9999.0 -9999.0 -9999.0 -9999.0 -9999.0 -9999.0 -9999.0 -9999.0 -9999.0 -9999.0 -9999.0 -9999.0 -9999.0 -9999.0 -9999.0 -9999.0 -9999.0 -9999.0 -9999.0 -9999.0 -9999.0 -9999.0 -9999.0 -9999.0 -9999.0 -9999.0 -9999.0 -9999.0 -9999.0 -9999.0 -9999.0 -9999.0 -9999.0 90.5 56.8 49.6 11.4 4.1 0.8 0.5 0.4 0.8 2.5 4.1 7.7 10.2 14.5 23.3 37.0 39.4 59.7 71.9 81.1 78.6 75.7 93.8 116.7 160.1 176.7 234.0
-9999.0 -9999.0 -9999.0 -9999.0 -9999.0 -9999.0 -9999.0 -9999.0 -9999.0 -9999.0 -9999.0 -9999.0 -9999.0 -9999.0 -9999.0 -9999.0 -9999.0 -9999.0 -9999.0 -9999.0 -9999.0 -9999.0 -9999.0 -9999.0 -9999.0 -9999.0 -9999.0 -9999.0 -9999.0 -9999.0 -9999.0 -9999.0 -9999.0 -9999.0 -9999.0 -9999.0 -9999.0 -9999.0 -9999.0 -9999.0 -9999.0 -9999.0 -9999.0 -9999.0 -9999.0 -9999.0 -9999.0 -9999.0 -9999.0 -9999.0 79.5 63.7 49.1 36.9 16.6 9.1 3.7 2.5 2.9 3.1 2.9 2.9 4.8 7.7 15.5 28.4 42.2 50.8 76.7 85.9 94.7 82.5 80.8 88.2 107.7 138.9 218.2 207.2
-9999.0 -9999.0 -9999.0 -9999.0 -9999.0 -9999.0 -9999.0 -9999.0 -9999.0 -9999.0 -9999.0 -9999.0 -9999.0 -9999.0 -9999.0 -9999.0 -9999.0 -9999.0 -9999.0 -9999.0 -9999.0 -9999.0 -9999.0 -9999.0 -9999.0 -9999.0 -9999.0 -9999.0 -9999.0 -9999.0 -9999.0 -9999.0 -9999.0 -9999.0 -9999.0 -9999.0 -9999.0 -9999.0 -9999.0 -9999.0 -9999.0 -9999.0 -9999.0 -9999.0 -9999.0 -9999.0 -9999.0 -9999.0 -9999.0 -9999.0 50.3 61.2 31.5 35.4 27.5 16.9 9.5 11.4 11.3 10.4 7.4 4.1 4.7 6.6 13.6 31.5 44.2 52.8 80.6 97.3 105.5 96.1 86.7 87.9 104.8 135.9 161.9 201.6
-9999.0 -9999.0 -9999.0 -9999.0 -9999.0 -9999.0 -9999.0 -9999.0 -9999.0 -9999.0 -9999.0 -9999.0 -9999.0 -9999.0 -9999.0 -9999.0 -9999.0 -9999.0 -9999.0 -9999.0 -9999.0 -9999.0 -9999.0 -9999.0 -9999.0 -9999.0 -9999.0 -9999.0 -9999.0 -9999.0 -9999.0 -9999.0 -9999.0 -9999.0 -9999.0 -9999.0 -9999.0 -9999.0 -9999.0 -9999.0 -9999.0 -9999.0 -9999.0 -9999.0 -9999.0 -9999.0 -9999.0 -9999.0 -9999.0 -9999.0 33.0 29.2 21.4 46.0 24.1 18.5 23.4 20.1 21.8 21.8 14.3 7.4 5.3 6.3 9.3 22.5 41.7 55.8 75.9 104.8 108.4 104.1 97.6 90.9 106.3 119.4 127.4 153.6
-9999.0 -9999.0 -9999.0 -9999.0 -9999.0 -9999.0 -9999.0 -9999.0 -9999.0 -9999.0 -9999.0 -9999.0 -9999.0 -9999.0 -9999.0 -9999.0 -9999.0 -9999.0 -9999.0 -9999.0 -9999.0 -9999.0 -9999.0 -9999.0 -9999.0 -9999.0 -9999.0 -9999.0 -9999.0 -9999.0 -9999.0 -9999.0 -9999.0 -9999.0 -9999.0 -9999.0 -9999.0 -9999.0 -9999.0 -9999.0 -9999.0 -9999.0 -9999.0 -9999.0 -9999.0 -9999.0 -9999.0 -9999.0 -9999.0 -9999.0 31.5 38.4 26.5 29.8 25.0 27.3 11.3 20.2 24.6 23.8 20.0 14.4 15.2 10.2 10.2 18.2 31.7 49.4 67.9 74.5 86.9 91.4 93.7 93.4 113.5 124.5 127.7 139.2
-9999.0 -9999.0 -9999.0 -9999.0 -9999.0 -9999.0 -9999.0 -9999.0 -9999.0 -9999.0 -9999.0 -9999.0 -9999.0 -9999.0 -9999.0 -9999.0 -9999.0 -9999.0 -9999.0 -9999.0 -9999.0 -9999.0 -9999.0 -9999.0 -9999.0 -9999.0 -9999.0 -9999.0 -9999.0 -9999.0 -9999.0 -9999.0 -9999.0 -9999.0 -9999.0 -9999.0 -9999.0 -9999.0 -9999.0 -9999.0 -9999.0 -9999.0 -9999.0 -9999.0 -9999.0 -9999.0 -9999.0 -9999.0 -9999.0 -9999.0 -9999.0 -9999.0 -9999.0 15.4 11.2 9.8 10.8 14.6 12.6 17.0 22.4 22.4 21.1 21.9 20.4 24.7 30.5 42.9 50.2 52.9 52.6 59.6 70.4 82.1 104.7 141.2 152.8 145.7
-9999.0 -9999.0 -9999.0 -9999.0 -9999.0 -9999.0 -9999.0 -9999.0 -9999.0 -9999.0 -9999.0 -9999.0 -9999.0 -9999.0 -9999.0 -9999.0 -9999.0 -9999.0 -9999.0 -9999.0 -9999.0 -9999.0 -9999.0 -9999.0 -9999.0 -9999.0 -9999.0 -9999.0 -9999.0 -9999.0 -9999.0 -9999.0 -9999.0 -9999.0 -9999.0 -9999.0 -9999.0 -9999.0 -9999.0 -9999.0 -9999.0 -9999.0 -9999.0 -9999.0 -9999.0 -9999.0 -9999.0 -9999.0 -9999.0 -9999.0 -9999.0 -9999.0 -9999.0 14.5 8.6 21.7 5.5 4.7 8.1 15.2 17.9 34.8 33.9 49.5 45.4 42.4 51.0 39.8 40.9 34.4 29.7 35.4 46.0 61.7 90.0 128.1 157.3 130.6
-9999.0 -9999.0 -9999.0 -9999.0 -9999.0 -9999.0 -9999.0 -9999.0 -9999.0 -9999.0 -9999.0 -9999.0 -9999.0 -9999.0 -9999.0 -9999.0 -9999.0 -9999.0 -9999.0 -9999.0 -9999.0 -9999.0 -9999.0 -9999.0 -9999.0 -9999.0 -9999.0 -9999.0 -9999.0 -9999.0 -9999.0 -9999.0 -9999.0 -9999.0 -9999.0 -9999.0 -9999.0 -9999.0 -9999.0 -9999.0 -9999.0 -9999.0 -9999.0 -9999.0 -9999.0 -9999.0 -9999.0 -9999.0 -9999.0 -9999.0 -9999.0 -9999.0 -9999.0 17.6 8.2 9.6 4.5 3.7 7.7 15.4 25.0 43.2 48.8 51.4 81.4 -9999.0 -9999.0 -9999.0 38.4 31.1 23.7 24.2 34.2 53.1 79.3 107.3 127.1 101.5
-9999.0 -9999.0 -9999.0 -9999.0 -9999.0 -9999.0 -9999.0 -9999.0 -9999.0 -9999.0 -9999.0 -9999.0 -9999.0 -9999.0 -9999.0 -9999.0 -9999.0 -9999.0 -9999.0 -9999.0 -9999.0 -9999.0 -9999.0 -9999.0 -9999.0 -9999.0 -9999.0 -9999.0 -9999.0 -9999.0 -9999.0 -9999.0 -9999.0 -9999.0 -9999.0 -9999.0 -9999.0 -9999.0 -9999.0 -9999.0 -9999.0 -9999.0 -9999.0 -9999.0 -9999.0 -9999.0 -9999.0 -9999.0 -9999.0 -9999.0 -9999.0 -9999.0 -9999.0 -9999.0 15.8 9.5 4.8 8.0 15.4 26.6 63.7 -9999.0 -9999.0 -9999.0 -9999.0 -9999.0 -9999.0 -9999.0 42.7 29.2 19.5 19.8 28.3 42.5 59.7 74.8 70.8 55.4
-9999.0 -9999.0 -9999.0 -9999.0 -9999.0 -9999.0 -9999.0 -9999.0 -9999.0 -9999.0 -9999.0 -9999.0 -9999.0 -9999.0 -9999.0 -9999.0 -9999.0 -9999.0 -9999.0 -9999.0 -9999.0 -9999.0 -9999.0 -9999.0 -9999.0 -9999.0 -9999.0 -9999.0 -9999.0 -9999.0 -9999.0 -9999.0 -9999.0 -9999.0 -9999.0 -9999.0 -9999.0 -9999.0 -9999.0 -9999.0 -9999.0 -9999.0 -9999.0 -9999.0 -9999.0 -9999.0 -9999.0 -9999.0 -9999.0 -9999.0 -9999.0 -9999.0 -9999.0 -9999.0 -9999.0 14.9 17.5 18.9 39.6 58.2 88.3 -9999.0 -9999.0 -9999.0 -9999.0 -9999.0 -9999.0 -9999.0 -9999.0 -9999.0 18.3 -9999.0 -9999.0 -9999.0 -9999.0 -9999.0 33.0 -9999.0
-9999.0 -9999.0 -9999.0 -9999.0 -9999.0 -9999.0 -9999.0 -9999.0 -9999.0 -9999.0 -9999.0 -9999.0 -9999.0 -9999.0 -9999.0 -9999.0 -9999.0 -9999.0 -9999.0 -9999.0 -9999.0 -9999.0 -9999.0 -9999.0 -9999.0 -9999.0 -9999.0 -9999.0 -9999.0 -9999.0 -9999.0 -9999.0 -9999.0 -9999.0 -9999.0 -9999.0 -9999.0 -9999.0 -9999.0 -9999.0 -9999.0 -9999.0 -9999.0 -9999.0 -9999.0 -9999.0 -9999.0 -9999.0 -9999.0 -9999.0 -9999.0 -9999.0 -9999.0 -9999.0 -9999.0 -9999.0 -9999.0 -9999.0 59.4 96.0 -9999.0 -9999.0 -9999.0 -9999.0 -9999.0 -9999.0 -9999.0 -9999.0 -9999.0 -9999.0 -9999.0 -9999.0 -9999.0 -9999.0 -9999.0 20.6 19.6 -9999.0
-9999.0 -9999.0 -9999.0 -9999.0 -9999.0 -9999.0 -9999.0 -9999.0 -9999.0 -9999.0 -9999.0 -9999.0 -9999.0 -9999.0 -9999.0 -9999.0 -9999.0 -9999.0 -9999.0 -9999.0 -9999.0 -9999.0 -9999.0 -9999.0 -9999.0 -9999.0 -9999.0 -9999.0 -9999.0 -9999.0 -9999.0 -9999.0 -9999.0 -9999.0 -9999.0 -9999.0 -9999.0 -9999.0 -9999.0 -9999.0 -9999.0 -9999.0 -9999.0 -9999.0 -9999.0 -9999.0 -9999.0 -9999.0 -9999.0 -9999.0 -9999.0 -9999.0 -9999.0 -9999.0 -9999.0 -9999.0 -9999.0 -9999.0 -9999.0 -9999.0 -9999.0 -9999.0 -9999.0 -9999.0 -9999.0 -9999.0 -9999.0 -9999.0 -9999.0 -9999.0 -9999.0 -9999.0 -9999.0 -9999.0 -9999.0 -9999.0 -9999.0 -9999.0
