program/excelProcessViaJava/data/SURF_CLI_CHN_PRE_MON_GRID_0.5-199803.txt
NCOLS      128
NROWS       72
XLLCORNER    72.000000000000    
YLLCORNER    18.000000000000    
CELLSIZE    0.50000000000000    
NODATA_VALUE   -9999.000    
[rows 34 to 67 of 72, columns 0 to 77 of 128]
-9999.0 -9999.0 -9999.0 -9999.0 1.3 0.4 1.4 0.2 1.4 0.8 0.1 0.2 0.2 0.2 1.8 1.8 1.1 1.6 3.0 4.8 3.6 2.7 1.5 0.1 0.0 0.0 0.0 0.1 0.2 0.7 1.7 2.3 4.4 5.6 6.1 7.0 6.3 6.2 5.9 4.7 5.5 2.8 2.4 1.9 2.1 2.1 2.0 1.8 2.2 4.4 7.8 12.1 15.6 12.1 9.4 11.6 15.7 22.6 27.8 19.9 22.5 21.7 22.9 24.0 19.1 14.9 23.7 23.4 27.7 36.2 37.6 37.5 34.7 32.3 29.4 30.3 27.9 25.9
-9999.0 -9999.0 -9999.0 -9999.0 -9999.0 -9999.0 -9999.0 0.2 0.3 0.1 0.4 0.2 0.1 0.1 0.1 1.8 0.2 1.0 1.6 0.4 0.0 0.0 0.0 0.0 0.0 0.0 0.0 0.1 0.2 0.4 1.2 2.4 4.0 4.7 4.9 6.1 5.4 5.6 5.7 6.3 5.3 8.8 9.5 7.7 5.2 3.0 3.5 2.6 4.1 3.7 6.0 10.8 15.1 16.0 15.2 10.9 11.5 15.3 27.0 26.6 22.5 20.4 18.7 20.5 21.8 15.5 19.2 23.3 27.1 33.5 36.4 35.3 35.1 34.7 31.3 31.8 25.8 22.6
-9999.0 -9999.0 -9999.0 -9999.0 -9999.0 -9999.0 -9999.0 0.8 0.1 0.2 0.2 0.1 0.1 0.1 0.1 0.0 0.0 0.0 0.0 0.0 0.0 0.0 0.0 0.0 0.0 0.0 0.0 0.0 0.4 1.3 1.4 2.6 4.0 3.8 5.6 5.4 5.5 4.7 4.7 4.9 5.7 6.9 8.5 11.4 8.4 5.6 6.4 6.6 10.8 10.5 15.7 16.2 15.5 15.7 15.9 13.5 15.9 23.2 24.9 22.7 27.8 31.7 24.8 25.3 19.2 16.4 15.7 17.4 23.4 32.3 34.0 31.3 31.4 34.8 31.2 37.5 32.8 24.3
-9999.0 -9999.0 -9999.0 -9999.0 -9999.0 -9999.0 -9999.0 -9999.0 -9999.0 0.1 0.1 0.1 0.1 0.1 0.1 0.1 0.0 0.0 0.0 0.0 0.0 0.0 0.0 0.0 0.0 0.0 0.0 0.1 0.8 0.6 3.7 4.1 5.2 4.9 6.9 6.4 5.6 4.3 4.0 3.7 4.3 5.6 7.1 7.9 9.3 9.6 9.8 9.8 10.6 11.7 14.2 15.1 15.8 15.8 16.6 15.8 17.0 22.1 20.2 21.5 24.8 24.9 27.6 23.6 23.4 19.3 15.3 14.6 20.0 29.7 32.2 29.7 28.9 34.8 42.4 33.4 34.0 34.4
-9999.0 -9999.0 -9999.0 -9999.0 -9999.0 -9999.0 -9999.0 -9999.0 -9999.0 -9999.0 -9999.0 0.1 0.2 0.1 0.1 0.0 0.0 0.0 0.0 0.0 0.0 0.0 0.0 0.0 0.0 0.0 0.0 0.1 0.3 1.5 3.0 2.5 5.9 6.4 7.3 4.2 5.1 3.9 2.4 2.6 2.9 3.9 5.5 6.9 9.3 9.1 11.8 10.9 12.0 12.3 12.5 14.6 16.4 17.7 17.9 17.6 18.6 18.7 18.8 19.8 19.4 24.3 26.0 24.4 23.5 21.2 15.2 14.6 18.1 24.3 29.8 30.3 29.7 31.7 32.3 39.8 46.0 48.7
-9999.0 -9999.0 -9999.0 -9999.0 -9999.0 -9999.0 -9999.0 -9999.0 -9999.0 -9999.0 -9999.0 -9999.0 0.2 0.3 0.1 0.1 0.0 0.0 0.0 0.0 0.0 0.0 0.0 0.0 0.0 0.0 0.1 0.1 0.3 0.2 2.4 4.6 6.0 4.7 4.9 5.4 2.7 3.3 2.8 2.3 2.2 2.9 4.4 6.2 8.0 9.7 11.4 10.8 11.5 12.3 15.4 17.4 18.6 19.1 19.5 18.9 17.9 16.2 20.3 16.9 19.0 18.1 19.5 21.4 21.8 23.7 22.0 19.6 19.4 22.6 27.0 30.1 31.5 33.9 43.7 64.4 61.6 59.1
-9999.0 -9999.0 -9999.0 -9999.0 -9999.0 -9999.0 -9999.0 -9999.0 -9999.0 -9999.0 -9999.0 -9999.0 0.1 0.8 1.3 0.1 0.4 0.1 0.0 0.0 0.0 0.0 0.0 0.0 0.1 0.0 0.1 0.8 0.7 3.1 2.5 2.1 5.0 6.5 5.5 6.2 3.1 2.4 2.2 1.8 2.0 2.7 3.9 6.2 8.1 10.3 10.9 11.4 10.8 13.2 15.2 19.5 21.1 22.9 21.1 20.5 19.0 18.3 21.1 21.5 21.0 21.4 20.8 21.3 22.8 26.6 21.0 20.2 18.8 21.9 29.7 40.0 49.8 54.4 63.4 68.8 71.2 66.6
-9999.0 -9999.0 -9999.0 -9999.0 -9999.0 -9999.0 -9999.0 -9999.0 -9999.0 -9999.0 -9999.0 -9999.0 -9999.0 0.4 0.1 1.5 0.1 0.2 0.1 0.1 0.0 0.0 0.0 0.0 0.0 0.0 0.0 0.0 0.1 0.6 3.7 6.5 3.5 4.3 9.0 7.2 5.3 3.2 1.1 1.5 1.8 2.5 4.4 6.6 9.0 10.6 11.9 13.6 15.1 16.5 19.3 21.8 24.3 27.8 25.7 22.9 20.5 19.6 18.3 20.8 20.6 22.9 24.1 27.4 19.8 26.8 30.6 27.6 24.8 24.7 30.6 39.6 50.2 60.3 72.8 75.6 77.4 77.4
-9999.0 -9999.0 -9999.0 -9999.0 -9999.0 -9999.0 -9999.0 -9999.0 -9999.0 -9999.0 -9999.0 -9999.0 0.6 0.1 0.1 0.8 0.0 0.0 0.0 0.3 0.1 0.1 0.0 0.0 0.1 0.0 0.0 0.1 0.4 0.7 2.6 8.4 2.9 7.4 6.2 7.7 3.4 5.2 3.6 2.3 1.8 3.0 5.3 8.8 11.0 12.5 13.3 14.0 16.2 19.0 23.7 27.8 27.8 29.2 27.4 25.8 23.5 24.4 23.6 24.7 23.6 23.9 29.5 31.3 35.4 31.9 23.9 25.6 29.1 33.5 37.4 43.4 49.0 47.6 51.9 61.8 72.3 85.4
-9999.0 -9999.0 -9999.0 -9999.0 -9999.0 -9999.0 -9999.0 -9999.0 -9999.0 -9999.0 -9999.0 -9999.0 0.4 3.9 1.9 0.0 0.0 0.6 0.3 0.0 0.2 0.0 0.0 0.0 0.1 0.3 0.3 0.5 0.8 3.2 6.0 6.9 3.4 12.1 11.7 8.0 8.9 5.6 4.2 4.4 3.9 6.4 9.8 12.5 14.2 14.9 16.1 17.3 19.5 20.3 22.2 26.2 24.4 24.2 26.8 28.7 28.1 26.6 28.0 24.8 24.5 26.0 39.5 43.2 38.7 25.2 29.8 26.5 25.7 29.1 34.1 39.5 44.6 58.5 75.5 70.2 69.8 83.9
-9999.0 -9999.0 -9999.0 -9999.0 -9999.0 -9999.0 -9999.0 -9999.0 -9999.0 -9999.0 -9999.0 -9999.0 8.9 1.0 5.7 2.4 1.8 0.0 0.1 0.0 0.0 0.0 0.0 0.0 0.0 0.0 0.0 0.0 0.6 1.6 3.8 1.0 9.3 15.2 13.5 8.9 7.8 6.1 6.1 3.6 5.7 13.2 12.2 23.0 18.4 17.2 17.5 17.7 20.0 21.7 21.2 17.5 25.5 26.0 24.8 26.9 29.1 27.5 26.4 27.7 29.6 34.9 34.8 48.4 24.7 29.2 29.1 25.2 22.7 24.1 28.4 35.3 43.3 61.3 91.4 86.3 95.9 81.7
-9999.0 -9999.0 -9999.0 -9999.0 -9999.0 -9999.0 -9999.0 -9999.0 -9999.0 -9999.0 -9999.0 -9999.0 -9999.0 0.2 0.2 3.2 1.1 1.2 0.0 0.0 0.0 0.0 0.0 0.0 0.0 0.0 0.0 0.1 0.0 2.0 0.1 1.4 2.1 8.5 6.6 1.3 2.1 6.7 5.8 7.5 10.1 10.3 15.1 20.2 22.5 18.5 16.5 16.4 17.5 18.0 14.0 16.3 13.8 10.1 19.1 21.1 21.9 22.9 23.7 24.7 28.8 30.5 42.6 39.4 16.3 19.7 22.5 20.2 17.1 17.2 21.3 27.2 37.3 43.9 65.4 71.7 75.1 78.3
-9999.0 -9999.0 -9999.0 -9999.0 -9999.0 -9999.0 -9999.0 -9999.0 -9999.0 -9999.0 -9999.0 -9999.0 -9999.0 25.6 1.0 5.0 0.1 2.9 1.1 0.1 0.0 0.0 0.0 0.0 0.3 0.0 0.0 0.2 0.1 0.0 0.0 0.0 0.8 1.4 0.3 0.6 3.7 5.8 4.8 3.9 11.0 16.3 21.6 22.9 20.9 17.3 14.6 12.8 12.0 10.6 10.4 3.4 7.9 12.8 16.0 14.9 13.1 15.2 19.1 20.0 28.8 38.1 35.8 20.3 15.7 14.7 16.4 15.5 13.0 13.1 15.6 20.9 29.4 42.7 60.4 75.2 83.8 74.7
-9999.0 -9999.0 -9999.0 -9999.0 -9999.0 -9999.0 -9999.0 -9999.0 -9999.0 -9999.0 -9999.0 -9999.0 -9999.0 -9999.0 -9999.0 7.8 8.6 2.4 3.5 5.0 0.0 0.3 0.4 0.1 0.0 0.0 0.0 0.0 0.0 0.0 0.0 0.0 0.0 0.0 0.1 0.0 0.1 7.8 6.5 8.2 10.2 15.1 19.5 20.5 19.5 20.3 12.3 14.9 8.5 5.6 3.4 10.9 4.2 6.4 1.9 8.8 9.7 6.7 16.1 21.4 24.3 31.8 37.3 31.1 22.2 16.9 15.2 14.7 13.6 11.7 13.2 18.7 28.9 40.8 57.0 76.0 81.1 90.9
-9999.0 -9999.0 -9999.0 -9999.0 -9999.0 -9999.0 -9999.0 -9999.0 -9999.0 -9999.0 -9999.0 -9999.0 -9999.0 -9999.0 -9999.0 -9999.0 -9999.0 242.2 79.7 -9999.0 41.1 2.2 12.6 9.8 0.2 0.2 0.0 0.0 0.0 0.0 0.0 0.0 0.0 0.0 1.5 0.1 0.1 9.9 4.9 7.5 10.6 15.1 15.8 14.3 32.9 19.4 131.1 11.9 10.2 6.5 7.9 3.3 5.4 10.0 12.1 11.4 5.8 11.7 13.9 19.8 16.7 27.3 37.0 38.0 29.4 20.5 17.1 16.3 16.0 14.1 17.9 25.0 35.4 39.8 60.3 81.2 87.1 91.1
-9999.0 -9999.0 -9999.0 -9999.0 -9999.0 -9999.0 -9999.0 -9999.0 -9999.0 -9999.0 -9999.0 -9999.0 -9999.0 -9999.0 -9999.0 -9999.0 -9999.0 -9999.0 -9999.0 -9999.0 -9999.0 37.4 15.3 0.6 4.7 24.7 11.9 3.2 0.1 0.2 0.0 1.9 0.1 0.0 0.3 0.1 0.7 2.7 4.9 8.6 8.9 14.4 15.0 11.2 25.1 10.5 223.3 27.1 16.9 46.6 14.2 26.4 28.4 20.5 21.0 20.2 15.4 9.4 19.5 18.8 11.7 18.4 25.8 33.0 31.6 23.1 20.0 20.1 20.5 17.9 19.3 30.5 38.7 50.5 76.9 97.9 106.5 118.7
-9999.0 -9999.0 -9999.0 -9999.0 -9999.0 -9999.0 -9999.0 -9999.0 -9999.0 -9999.0 -9999.0 -9999.0 -9999.0 -9999.0 -9999.0 -9999.0 -9999.0 -9999.0 -9999.0 -9999.0 -9999.0 -9999.0 -9999.0 227.4 55.5 53.2 37.6 13.2 0.1 0.6 0.0 0.0 0.0 0.0 0.0 0.2 1.3 4.2 10.1 16.1 15.4 19.2 7.2 4.0 25.1 268.4 75.6 67.5 120.1 143.3 64.4 50.1 73.5 68.9 49.0 14.4 21.0 20.4 11.1 19.9 15.6 22.1 23.8 17.2 20.1 21.5 20.7 21.8 21.1 20.0 31.3 37.2 46.7 65.9 92.8 117.0 123.5 135.0
-9999.0 -9999.0 -9999.0 -9999.0 -9999.0 -9999.0 -9999.0 -9999.0 -9999.0 -9999.0 -9999.0 -9999.0 -9999.0 -9999.0 -9999.0 -9999.0 -9999.0 -9999.0 -9999.0 -9999.0 -9999.0 -9999.0 -9999.0 -9999.0 -9999.0 541.2 189.2 1.1 0.6 0.0 0.1 4.1 6.0 2.5 6.7 6.0 14.3 17.6 30.5 27.9 36.6 13.7 27.1 20.9 163.9 298.6 221.6 420.0 62.5 163.1 78.2 116.5 114.4 121.6 89.0 48.1 34.1 19.0 21.7 21.5 24.1 24.3 36.9 9.4 12.9 18.1 18.5 23.2 31.2 39.8 34.5 39.0 41.5 75.6 98.9 111.4 112.3 124.9
-9999.0 -9999.0 -9999.0 -9999.0 -9999.0 -9999.0 -9999.0 -9999.0 -9999.0 -9999.0 -9999.0 -9999.0 -9999.0 -9999.0 -9999.0 -9999.0 -9999.0 -9999.0 -9999.0 -9999.0 -9999.0 -9999.0 -9999.0 -9999.0 -9999.0 -9999.0 -9999.0 723.4 639.4 167.1 109.3 87.7 12.1 89.4 36.8 152.1 47.5 49.8 48.0 44.7 47.8 14.9 56.4 175.4 225.1 311.0 393.7 442.0 481.8 345.3 502.5 504.0 239.6 223.9 144.8 83.3 33.5 19.2 23.1 20.1 13.8 26.1 6.8 4.7 8.5 9.8 16.4 16.6 21.8 30.3 32.2 51.8 34.9 70.2 74.3 80.9 109.5 117.0
-9999.0 -9999.0 -9999.0 -9999.0 -9999.0 -9999.0 -9999.0 -9999.0 -9999.0 -9999.0 -9999.0 -9999.0 -9999.0 -9999.0 -9999.0 -9999.0 -9999.0 -9999.0 -9999.0 -9999.0 -9999.0 -9999.0 -9999.0 -9999.0 -9999.0 -9999.0 -9999.0 -9999.0 -9999.0 -9999.0 -9999.0 -9999.0 -9999.0 317.8 129.0 -9999.0 -9999.0 -9999.0 135.6 70.9 67.4 86.7 61.8 222.2 295.4 326.3 -9999.0 -9999.0 -9999.0 -9999.0 -9999.0 -9999.0 391.4 208.1 176.0 71.8 28.0 16.9 17.6 18.0 24.1 30.8 15.0 7.8 6.5 9.1 15.8 24.0 25.7 23.0 22.3 46.1 65.2 55.8 90.5 74.5 121.4 107.1
-9999.0 -9999.0 -9999.0 -9999.0 -9999.0 -9999.0 -9999.0 -9999.0 -9999.0 -9999.0 -9999.0 -9999.0 -9999.0 -9999.0 -9999.0 -9999.0 -9999.0 -9999.0 -9999.0 -9999.0 -9999.0 -9999.0 -9999.0 -9999.0 -9999.0 -9999.0 -9999.0 -9999.0 -9999.0 -9999.0 -9999.0 -9999.0 -9999.0 -9999.0 -9999.0 -9999.0 -9999.0 -9999.0 -9999.0 326.7 285.5 269.0 264.5 266.7 -9999.0 -9999.0 -9999.0 -9999.0 -9999.0 -9999.0 -9999.0 -9999.0 347.3 188.7 130.3 59.7 21.4 13.8 13.0 17.8 28.1 39.9 37.9 20.2 22.5 24.1 28.9 22.5 21.3 29.0 38.5 47.6 45.5 87.0 78.1 102.0 123.3 134.3
-9999.0 -9999.0 -9999.0 -9999.0 -9999.0 -9999.0 -9999.0 -9999.0 -9999.0 -9999.0 -9999.0 -9999.0 -9999.0 -9999.0 -9999.0 -9999.0 -9999.0 -9999.0 -9999.0 -9999.0 -9999.0 -9999.0 -9999.0 -9999.0 -9999.0 -9999.0 -9999.0 -9999.0 -9999.0 -9999.0 -9999.0 -9999.0 -9999.0 -9999.0 -9999.0 -9999.0 -9999.0 -9999.0 -9999.0 -9999.0 -9999.0 -9999.0 -9999.0 -9999.0 -9999.0 -9999.0 -9999.0 -9999.0 -9999.0 -9999.0 -9999.0 -9999.0 291.1 163.7 108.1 58.8 32.0 22.8 22.4 31.3 38.2 45.7 42.1 31.0 28.1 21.6 18.1 21.8 25.5 29.3 39.4 57.3 105.1 97.6 117.7 126.3 156.4 181.9
-9999.0 -9999.0 -9999.0 -9999.0 -9999.0 -9999.0 -9999.0 -9999.0 -9999.0 -9999.0 -9999.0 -9999.0 -9999.0 -9999.0 -9999.0 -9999.0 -9999.0 -9999.0 -9999.0 -9999.0 -9999.0 -9999.0 -9999.0 -9999.0 -9999.0 -9999.0 -9999.0 -9999.0 -9999.0 -9999.0 -9999.0 -9999.0 -9999.0 -9999.0 -9999.0 -9999.0 -9999.0 -9999.0 -9999.0 -9999.0 -9999.0 -9999.0 -9999.0 -9999.0 -9999.0 -9999.0 -9999.0 -9999.0 -9999.0 -9999.0 -9999.0 213.3 210.0 142.5 120.2 73.9 55.3 42.5 41.1 27.9 41.7 37.3 27.9 21.7 21.6 20.4 22.2 28.9 35.5 39.4 52.5 72.2 77.4 79.7 111.6 146.6 177.3 230.8
-9999.0 -9999.0 -9999.0 -9999.0 -9999.0 -9999.0 -9999.0 -9999.0 -9999.0 -9999.0 -9999.0 -9999.0 -9999.0 -9999.0 -9999.0 -9999.0 -9999.0 -9999.0 -9999.0 -9999.0 -9999.0 -9999.0 -9999.0 -9999.0 -9999.0 -9999.0 -9999.0 -9999.0 -9999.0 -9999.0 -9999.0 -9999.0 -9999.0 -9999.0 -9999.0 -9999.0 -9999.0 -9999.0 -9999.0 -9999.0 -9999.0 -9999.0 -9999.0 -9999.0 -9999.0 -9999.0 -9999.0 -9999.0 -9999.0 -9999.0 131.4 148.7 143.9 121.7 102.5 84.0 74.9 55.0 49.7 43.3 33.9 23.5 15.9 15.6 21.9 27.8 37.4 45.8 49.1 52.9 69.1 88.0 96.5 104.8 122.4 145.9 187.8 187.8
-9999.0 -9999.0 -9999.0 -9999.0 -9999.0 -9999.0 -9999.0 -9999.0 -9999.0 -9999.0 -9999.0 -9999.0 -9999.0 -9999.0 -9999.0 -9999.0 -9999.0 -9999.0 -9999.0 -9999.0 -9999.0 -9999.0 -9999.0 -9999.0 -9999.0 -9999.0 -9999.0 -9999.0 -9999.0 -9999.0 -9999.0 -9999.0 -9999.0 -9999.0 -9999.0 -9999.0 -9999.0 -9999.0 -9999.0 -9999.0 -9999.0 -9999.0 -9999.0 -9999.0 -9999.0 -9999.0 -9999.0 -9999.0 -9999.0 -9999.0 80.4 105.9 75.7 92.5 88.2 83.0 53.4 62.9 49.0 31.7 20.2 15.7 14.1 18.8 30.0 32.7 42.6 51.2 54.1 62.1 82.7 107.1 117.0 115.9 125.4 147.1 151.9 196.6
-9999.0 -9999.0 -9999.0 -9999.0 -9999.0 -9999.0 -9999.0 -9999.0 -9999.0 -9999.0 -9999.0 -9999.0 -9999.0 -9999.0 -9999.0 -9999.0 -9999.0 -9999.0 -9999.0 -9999.0 -9999.0 -9999.0 -9999.0 -9999.0 -9999.0 -9999.0 -9999.0 -9999.0 -9999.0 -9999.0 -9999.0 -9999.0 -9999.0 -9999.0 -9999.0 -9999.0 -9999.0 -9999.0 -9999.0 -9999.0 -9999.0 -9999.0 -9999.0 -9999.0 -9999.0 -9999.0 -9999.0 -9999.0 -9999.0 -9999.0 50.4 47.7 43.9 73.6 63.0 61.9 64.2 48.4 41.5 20.1 19.2 19.7 21.3 26.3 36.6 38.7 37.4 42.1 48.1 59.8 87.1 98.4 116.7 113.7 126.2 135.6 119.3 170.9
-9999.0 -9999.0 -9999.0 -9999.0 -9999.0 -9999.0 -9999.0 -9999.0 -9999.0 -9999.0 -9999.0 -9999.0 -9999.0 -9999.0 -9999.0 -9999.0 -9999.0 -9999.0 -9999.0 -9999.0 -9999.0 -9999.0 -9999.0 -9999.0 -9999.0 -9999.0 -9999.0 -9999.0 -9999.0 -9999.0 -9999.0 -9999.0 -9999.0 -9999.0 -9999.0 -9999.0 -9999.0 -9999.0 -9999.0 -9999.0 -9999.0 -9999.0 -9999.0 -9999.0 -9999.0 -9999.0 -9999.0 -9999.0 -9999.0 -9999.0 35.6 40.6 36.6 43.9 46.3 50.9 32.8 38.0 37.1 34.0 35.5 37.2 28.6 39.1 44.4 42.6 42.6 39.6 44.9 51.3 68.9 85.0 94.4 99.1 112.5 109.6 96.8 115.5
-9999.0 -9999.0 -9999.0 -9999.0 -9999.0 -9999.0 -9999.0 -9999.0 -9999.0 -9999.0 -9999.0 -9999.0 -9999.0 -9999.0 -9999.0 -9999.0 -9999.0 -9999.0 -9999.0 -9999.0 -9999.0 -9999.0 -9999.0 -9999.0 -9999.0 -9999.0 -9999.0 -9999.0 -9999.0 -9999.0 -9999.0 -9999.0 -9999.0 -9999.0 -9999.0 -9999.0 -9999.0 -9999.0 -9999.0 -9999.0 -9999.0 -9999.0 -9999.0 -9999.0 -9999.0 -9999.0 -9999.0 -9999.0 -9999.0 -9999.0 -9999.0 -9999.0 -9999.0 23.4 24.9 27.0 29.4 34.5 40.3 55.4 63.6 58.1 76.5 59.8 51.8 44.8 46.6 40.6 43.9 44.4 47.7 60.2 75.2 87.8 93.6 91.1 74.5 66.7
-9999.0 -9999.0 -9999.0 -9999.0 -9999.0 -9999.0 -9999.0 -9999.0 -9999.0 -9999.0 -9999.0 -9999.0 -9999.0 -9999.0 -9999.0 -9999.0 -9999.0 -9999.0 -9999.0 -9999.0 -9999.0 -9999.0 -9999.0 -9999.0 -9999.0 -9999.0 -9999.0 -9999.0 -9999.0 -9999.0 -9999.0 -9999.0 -9999.0 -9999.0 -9999.0 -9999.0 -9999.0 -9999.0 -9999.0 -9999.0 -9999.0 -9999.0 -9999.0 -9999.0 -9999.0 -9999.0 -9999.0 -9999.0 -9999.0 -9999.0 -9999.0 -9999.0 -9999.0 15.2 16.6 25.4 25.2 33.8 46.3 64.9 80.3 79.4 104.4 80.4 70.3 60.6 60.7 55.7 54.0 48.0 44.2 52.2 61.5 69.4 71.3 53.2 44.9 30.3
-9999.0 -9999.0 -9999.0 -9999.0 -9999.0 -9999.0 -9999.0 -9999.0 -9999.0 -9999.0 -9999.0 -9999.0 -9999.0 -9999.0 -9999.0 -9999.0 -9999.0 -9999.0 -9999.0 -9999.0 -9999.0 -9999.0 -9999.0 -9999.0 -9999.0 -9999.0 -9999.0 -9999.0 -9999.0 -9999.0 -9999.0 -9999.0 -9999.0 -9999.0 -9999.0 -9999.0 -9999.0 -9999.0 -9999.0 -9999.0 -9999.0 -9999.0 -9999.0 -9999.0 -9999.0 -9999.0 -9999.0 -9999.0 -9999.0 -9999.0 -9999.0 -9999.0 -9999.0 10.9 14.0 17.5 23.8 35.4 45.2 59.0 79.7 97.7 114.7 108.8 99.5 -9999.0 -9999.0 -9999.0 76.6 72.2 62.8 57.7 53.5 47.6 38.8 25.3 22.8 19.8
-9999.0 -9999.0 -9999.0 -9999.0 -9999.0 -9999.0 -9999.0 -9999.0 -9999.0 -9999.0 -9999.0 -9999.0 -9999.0 -9999.0 -9999.0 -9999.0 -9999.0 -9999.0 -9999.0 -9999.0 -9999.0 -9999.0 -9999.0 -9999.0 -9999.0 -9999.0 -9999.0 -9999.0 -9999.0 -9999.0 -9999.0 -9999.0 -9999.0 -9999.0 -9999.0 -9999.0 -9999.0 -9999.0 -9999.0 -9999.0 -9999.0 -9999.0 -9999.0 -9999.0 -9999.0 -9999.0 -9999.0 -9999.0 -9999.0 -9999.0 -9999.0 -9999.0 -9999.0 -9999.0 10.3 14.5 24.9 36.0 36.3 46.8 61.5 -9999.0 -9999.0 -9999.0 -9999.0 -9999.0 -9999.0 -9999.0 102.6 93.9 77.1 67.8 48.2 27.3 15.5 11.0 11.8 16.7
-9999.0 -9999.0 -9999.0 -9999.0 -9999.0 -9999.0 -9999.0 -9999.0 -9999.0 -9999.0 -9999.0 -9999.0 -9999.0 -9999.0 -9999.0 -9999.0 -9999.0 -9999.0 -9999.0 -9999.0 -9999.0 -9999.0 -9999.0 -9999.0 -9999.0 -9999.0 -9999.0 -9999.0 -9999.0 -9999.0 -9999.0 -9999.0 -9999.0 -9999.0 -9999.0 -9999.0 -9999.0 -9999.0 -9999.0 -9999.0 -9999.0 -9999.0 -9999.0 -9999.0 -9999.0 -9999.0 -9999.0 -9999.0 -9999.0 -9999.0 -9999.0 -9999.0 -9999.0 -9999.0 -9999.0 10.8 12.6 20.2 25.7 31.3 45.0 -9999.0 -9999.0 -9999.0 -9999.0 -9999.0 -9999.0 -9999.0 -9999.0 -9999.0 82.7 -9999.0 -9999.0 -9999.0 -9999.0 -9999.0 6.2 -9999.0
-9999.0 -9999.0 -9999.0 -9999.0 -9999.0 -9999.0 -9999.0 -9999.0 -9999.0 -9999.0 -9999.0 -9999.0 -9999.0 -9999.0 -9999.0 -9999.0 -9999.0 -9999.0 -9999.0 -9999.0 -9999.0 -9999.0 -9999.0 -9999.0 -9999.0 -9999.0 -9999.0 -9999.0 -9999.0 -9999.0 -9999.0 -9999.0 -9999.0 -9999.0 -9999.0 -9999.0 -9999.0 -9999.0 -9999.0 -9999.0 -9999.0 -9999.0 -9999.0 -9999.0 -9999.0 -9999.0 -9999.0 -9999.0 -9999.0 -9999.0 -9999.0 -9999.0 -9999.0 -9999.0 -9999.0 -9999.0 -9999.0 -9999.0 13.5 19.2 -9999.0 -9999.0 -9999.0 -9999.0 -9999.0 -9999.0 -9999.0 -9999.0 -9999.0 -9999.0 -9999.0 -9999.0 -9999.0 -9999.0 -9999.0 3.2 7.3 -9999.0
-9999.0 -9999.0 -9999.0 -9999.0 -9999.0 -9999.0 -9999.0 -9999.0 -9999.0 -9999.0 -9999.0 -9999.0 -9999.0 -9999.0 -9999.0 -9999.0 -9999.0 -9999.0 -9999.0 -9999.0 -9999.0 -9999.0 -9999.0 -9999.0 -9999.0 -9999.0 -9999.0 -9999.0 -9999.0 -9999.0 -9999.0 -9999.0 -9999.0 -9999.0 -9999.0 -9999.0 -9999.0 -9999.0 -9999.0 -9999.0 -9999.0 -9999.0 -9999.0 -9999.0 -9999.0 -9999.0 -9999.0 -9999.0 -9999.0 -9999.0 -9999.0 -9999.0 -9999.0 -9999.0 -9999.0 -9999.0 -9999.0 -9999.0 -9999.0 -9999.0 -9999.0 -9999.0 -9999.0 -9999.0 -9999.0 -9999.0 -9999.0 -9999.0 -9999.0 -9999.0 -9999.0 -9999.0 -9999.0 -9999.0 -9999.0 -9999.0 -9999.0 -9999.0
