program/excelProcessViaJava/data/SURF_CLI_CHN_PRE_MON_GRID_0.5-199909.txt
NCOLS      128
NROWS       72
XLLCORNER    72.000000000000    
YLLCORNER    18.000000000000    
CELLSIZE    0.50000000000000    
NODATA_VALUE   -9999.000    
[rows 34 to 67 of 72, columns 0 to 76 of 128]
-9999.0 -9999.0 -9999.0 -9999.0 0.8 1.4 2.8 4.8 6.8 9.8 10.7 15.7 16.6 17.4 6.0 5.7 5.7 2.4 1.4 1.3 2.2 2.8 3.9 7.7 10.0 9.5 9.5 9.5 9.6 9.7 9.9 10.2 9.9 9.7 9.7 8.7 10.0 11.6 8.6 5.4 8.9 2.7 2.2 1.5 1.6 1.9 2.2 2.5 2.9 3.7 4.7 7.6 24.2 26.7 31.2 38.6 43.8 52.7 63.7 65.0 80.3 65.9 53.2 45.9 31.7 24.1 32.6 25.3 23.3 27.7 26.3 32.5 40.2 46.3 48.5 52.0 55.4
-9999.0 -9999.0 -9999.0 -9999.0 -9999.0 -9999.0 -9999.0 3.8 5.8 8.2 9.6 11.9 14.3 15.6 16.2 6.1 12.0 6.9 5.5 8.1 11.1 11.2 10.4 9.8 9.5 9.3 9.3 9.4 9.8 10.0 10.6 11.1 11.6 12.0 12.7 12.5 14.3 14.4 17.5 19.3 12.2 23.4 22.1 15.0 8.5 4.7 6.9 6.3 8.2 5.9 5.9 8.7 18.6 51.4 53.7 41.9 45.4 53.0 71.7 74.9 83.2 60.5 39.6 34.5 37.4 27.3 31.9 33.8 29.3 29.1 27.5 34.1 46.4 55.4 57.1 61.1 63.4
-9999.0 -9999.0 -9999.0 -9999.0 -9999.0 -9999.0 -9999.0 2.3 4.4 6.4 8.1 10.4 11.8 12.1 13.8 12.3 13.9 13.3 12.2 11.8 11.0 10.1 9.7 9.3 9.2 9.2 9.4 9.4 10.4 11.3 11.7 12.6 13.5 14.3 15.3 16.3 17.2 19.5 21.3 22.6 25.1 26.7 28.8 35.7 23.7 15.4 18.5 19.3 28.6 24.8 41.8 42.7 31.2 46.0 64.3 53.4 58.1 67.6 76.9 81.0 79.3 70.4 41.5 37.4 32.4 31.4 33.2 35.3 41.7 31.5 32.7 41.0 58.0 72.7 73.3 79.6 81.1
-9999.0 -9999.0 -9999.0 -9999.0 -9999.0 -9999.0 -9999.0 -9999.0 -9999.0 5.2 7.0 8.7 9.5 10.8 11.9 12.3 12.0 9.8 10.9 9.4 9.7 9.6 9.2 9.0 9.1 9.4 9.6 10.3 11.6 11.7 14.1 15.0 16.3 17.4 19.2 20.6 22.1 24.4 26.4 29.8 31.7 35.5 36.0 34.4 37.4 36.5 36.2 35.3 36.6 38.0 45.6 46.8 48.9 52.5 68.8 62.4 63.5 70.6 77.8 77.9 76.5 77.3 76.5 38.6 42.6 37.1 36.3 41.5 54.3 46.4 49.4 57.1 76.2 92.6 95.2 80.1 82.0
-9999.0 -9999.0 -9999.0 -9999.0 -9999.0 -9999.0 -9999.0 -9999.0 -9999.0 -9999.0 -9999.0 6.6 8.6 8.8 10.2 10.3 10.6 10.6 10.3 9.6 8.7 8.9 8.5 8.8 8.1 9.1 9.4 10.4 11.9 13.9 15.8 16.4 19.7 21.6 24.0 24.9 28.1 30.7 34.0 37.2 41.8 43.9 44.4 43.7 50.4 44.4 51.4 46.2 48.3 47.8 45.4 51.1 57.3 65.3 72.4 69.5 68.5 72.7 73.2 72.0 72.4 71.5 72.5 65.5 68.9 37.0 38.4 54.7 69.2 74.0 74.8 83.8 93.8 92.9 58.9 50.3 48.0
-9999.0 -9999.0 -9999.0 -9999.0 -9999.0 -9999.0 -9999.0 -9999.0 -9999.0 -9999.0 -9999.0 -9999.0 7.5 8.6 8.6 9.7 8.2 9.3 9.1 7.5 9.0 8.5 8.4 8.9 6.5 9.5 11.1 11.0 13.1 13.3 17.5 20.6 23.4 24.6 27.4 31.0 31.7 37.0 40.9 44.4 48.0 51.3 53.6 56.1 55.2 55.2 56.5 50.0 50.4 51.2 60.1 64.0 63.9 62.6 65.3 66.6 67.1 70.1 65.4 68.9 66.4 72.1 79.0 83.1 64.5 87.1 60.2 80.7 97.1 105.8 96.6 80.6 72.5 62.4 59.4 77.6 54.0
-9999.0 -9999.0 -9999.0 -9999.0 -9999.0 -9999.0 -9999.0 -9999.0 -9999.0 -9999.0 -9999.0 -9999.0 5.5 7.7 8.5 8.5 9.5 9.3 8.0 8.2 8.1 7.5 7.9 8.9 10.3 10.5 11.6 14.4 15.3 19.1 20.1 21.1 26.4 30.4 32.8 37.4 37.6 41.3 46.6 51.5 56.3 60.0 63.4 62.7 63.4 63.3 56.9 53.0 46.8 53.5 56.9 65.4 64.5 66.7 58.3 59.7 57.6 61.0 61.0 61.7 62.1 66.1 81.8 101.8 67.8 87.0 77.1 101.2 117.1 127.4 139.3 147.2 141.0 116.2 88.5 57.6 44.0
-9999.0 -9999.0 -9999.0 -9999.0 -9999.0 -9999.0 -9999.0 -9999.0 -9999.0 -9999.0 -9999.0 -9999.0 -9999.0 6.8 6.6 8.7 8.4 9.0 9.1 8.9 8.3 9.0 8.0 9.9 10.3 9.0 10.2 10.5 14.5 18.2 24.2 29.0 28.7 32.7 42.0 44.7 47.0 48.2 44.8 54.3 60.6 65.0 69.4 70.4 68.8 63.1 60.9 60.4 60.2 60.7 64.7 66.3 67.2 74.6 64.0 55.4 50.8 55.0 65.4 67.6 73.1 76.2 94.5 89.2 67.7 85.6 110.0 135.3 149.7 141.4 100.2 101.3 119.9 104.4 91.9 63.0 55.5
-9999.0 -9999.0 -9999.0 -9999.0 -9999.0 -9999.0 -9999.0 -9999.0 -9999.0 -9999.0 -9999.0 -9999.0 5.2 5.1 6.2 7.9 6.7 7.8 7.9 9.3 9.3 9.4 9.2 10.2 11.5 9.7 11.9 15.2 18.1 20.7 26.2 34.9 32.0 41.9 45.0 51.9 48.7 57.6 59.6 61.1 58.9 61.5 65.7 75.2 73.2 69.5 63.3 57.2 59.4 63.5 73.4 80.3 73.9 70.5 58.1 49.8 50.3 46.1 58.2 67.0 82.2 104.2 116.2 146.2 127.2 113.1 150.3 156.5 164.7 168.1 153.9 117.5 80.4 50.2 41.6 40.7 45.3
-9999.0 -9999.0 -9999.0 -9999.0 -9999.0 -9999.0 -9999.0 -9999.0 -9999.0 -9999.0 -9999.0 -9999.0 4.2 6.1 6.9 4.9 5.9 8.5 8.7 7.8 9.6 8.6 9.2 10.1 12.2 14.3 15.7 18.2 21.2 27.2 33.5 38.4 37.9 53.7 59.3 60.0 66.1 63.7 64.3 69.2 69.1 73.9 77.1 77.5 75.9 72.7 71.3 69.8 69.7 64.3 70.7 80.4 73.6 64.9 56.6 47.9 45.6 51.5 59.0 84.4 111.9 144.3 128.1 120.4 122.1 155.1 139.7 155.4 145.1 132.8 110.9 84.2 65.5 68.7 73.4 55.5 55.6
-9999.0 -9999.0 -9999.0 -9999.0 -9999.0 -9999.0 -9999.0 -9999.0 -9999.0 -9999.0 -9999.0 -9999.0 4.7 5.0 6.8 7.3 8.0 6.0 7.7 7.9 6.2 6.3 9.2 8.6 11.0 9.8 13.0 12.3 22.5 28.0 35.4 34.0 52.2 65.1 70.6 70.3 72.0 70.2 71.4 64.6 69.1 78.3 67.5 84.7 76.4 72.6 73.7 74.2 71.6 74.9 79.7 77.1 85.7 80.3 66.1 55.6 52.5 59.8 76.2 88.8 115.9 146.7 220.9 136.1 121.2 200.0 156.7 126.9 114.1 102.7 87.7 84.2 71.4 76.4 138.4 85.4 125.5
-9999.0 -9999.0 -9999.0 -9999.0 -9999.0 -9999.0 -9999.0 -9999.0 -9999.0 -9999.0 -9999.0 -9999.0 -9999.0 3.4 4.6 7.1 7.3 8.2 7.0 6.7 4.6 7.8 7.1 7.1 11.5 12.0 14.6 18.7 19.5 31.4 29.9 40.8 47.9 66.4 70.2 58.6 63.0 74.9 69.8 70.2 68.7 54.8 55.3 63.7 75.2 74.3 74.2 76.4 82.3 85.8 83.2 88.9 83.0 72.6 71.9 67.8 62.5 67.7 89.7 135.9 163.7 250.9 239.4 115.2 192.9 150.4 118.0 94.8 87.6 84.7 78.4 72.2 73.5 58.5 62.5 63.0 85.3
-9999.0 -9999.0 -9999.0 -9999.0 -9999.0 -9999.0 -9999.0 -9999.0 -9999.0 -9999.0 -9999.0 -9999.0 -9999.0 5.8 4.7 7.0 5.5 8.5 8.6 8.0 5.2 5.7 5.9 7.6 13.6 12.8 13.8 19.7 22.1 14.9 23.5 33.2 51.9 60.6 57.3 61.5 75.2 74.9 63.1 45.4 57.3 54.2 54.5 57.8 55.7 68.0 72.9 78.8 83.3 87.6 91.9 85.3 86.6 83.1 80.7 74.9 71.4 80.4 110.8 106.7 193.6 157.1 140.1 235.8 176.2 114.1 83.6 72.6 73.8 78.4 75.7 73.0 71.9 68.2 64.0 77.7 118.6
-9999.0 -9999.0 -9999.0 -9999.0 -9999.0 -9999.0 -9999.0 -9999.0 -9999.0 -9999.0 -9999.0 -9999.0 -9999.0 -9999.0 -9999.0 7.1 8.4 7.8 9.3 10.7 7.2 9.6 10.7 10.5 10.2 11.8 7.8 13.1 10.8 23.1 25.0 35.5 32.8 43.6 60.3 47.9 46.5 82.6 66.6 56.7 43.8 41.9 45.6 52.2 67.9 75.5 71.2 79.2 83.0 80.6 91.0 94.6 89.3 83.6 77.5 78.3 83.6 68.3 135.4 185.4 134.2 145.8 258.1 246.0 183.4 113.8 76.6 68.6 77.7 80.8 76.8 70.2 82.5 82.9 68.5 103.6 115.8
-9999.0 -9999.0 -9999.0 -9999.0 -9999.0 -9999.0 -9999.0 -9999.0 -9999.0 -9999.0 -9999.0 -9999.0 -9999.0 -9999.0 -9999.0 -9999.0 -9999.0 14.0 16.4 -9999.0 17.7 10.6 15.8 16.5 11.7 13.5 8.3 12.7 20.0 16.8 26.2 42.2 28.4 65.6 88.6 68.2 44.1 92.8 62.1 52.2 44.1 37.0 42.4 50.5 84.1 75.7 95.4 73.1 81.8 87.8 86.9 96.0 94.4 87.4 86.0 89.2 88.0 121.8 150.4 199.7 131.6 185.0 266.6 276.9 208.1 132.5 91.6 77.7 86.0 86.4 79.0 86.8 95.9 78.2 87.7 113.4 108.6
-9999.0 -9999.0 -9999.0 -9999.0 -9999.0 -9999.0 -9999.0 -9999.0 -9999.0 -9999.0 -9999.0 -9999.0 -9999.0 -9999.0 -9999.0 -9999.0 -9999.0 -9999.0 -9999.0 -9999.0 -9999.0 18.6 15.5 9.8 14.9 24.6 24.1 23.7 22.4 30.7 31.3 56.0 61.4 65.0 80.3 64.4 71.1 71.6 69.6 72.6 66.4 35.4 37.0 44.7 82.1 64.4 96.8 81.3 79.0 82.7 94.5 96.4 96.5 93.1 90.4 100.4 114.3 124.0 186.3 200.5 146.1 177.1 242.1 265.6 239.8 175.2 126.0 93.4 88.3 82.4 72.9 81.5 82.3 70.8 69.6 75.4 75.3
-9999.0 -9999.0 -9999.0 -9999.0 -9999.0 -9999.0 -9999.0 -9999.0 -9999.0 -9999.0 -9999.0 -9999.0 -9999.0 -9999.0 -9999.0 -9999.0 -9999.0 -9999.0 -9999.0 -9999.0 -9999.0 -9999.0 -9999.0 43.6 26.8 29.7 30.4 27.8 20.0 31.1 31.5 35.0 27.7 44.0 42.3 48.6 45.3 58.4 43.4 36.8 36.3 32.7 43.0 57.2 80.3 91.5 87.8 86.9 93.3 97.1 97.1 97.5 102.2 97.8 99.3 105.3 120.0 150.8 129.8 203.6 163.5 183.9 186.6 191.2 191.7 186.8 146.2 99.3 76.8 68.0 76.2 76.0 78.1 85.4 60.8 53.8 73.6
-9999.0 -9999.0 -9999.0 -9999.0 -9999.0 -9999.0 -9999.0 -9999.0 -9999.0 -9999.0 -9999.0 -9999.0 -9999.0 -9999.0 -9999.0 -9999.0 -9999.0 -9999.0 -9999.0 -9999.0 -9999.0 -9999.0 -9999.0 -9999.0 -9999.0 77.5 54.0 15.1 19.1 14.8 27.6 47.2 56.4 50.1 60.7 43.7 32.0 49.2 36.6 40.2 31.4 40.1 78.6 75.9 88.6 85.4 90.1 82.9 85.0 95.5 94.4 99.2 100.9 102.8 114.2 117.7 127.6 139.3 175.1 191.8 191.7 178.5 263.9 153.8 151.9 155.5 127.5 99.0 89.3 86.8 68.9 72.1 68.4 84.6 71.0 41.1 38.4
-9999.0 -9999.0 -9999.0 -9999.0 -9999.0 -9999.0 -9999.0 -9999.0 -9999.0 -9999.0 -9999.0 -9999.0 -9999.0 -9999.0 -9999.0 -9999.0 -9999.0 -9999.0 -9999.0 -9999.0 -9999.0 -9999.0 -9999.0 -9999.0 -9999.0 -9999.0 -9999.0 105.5 111.1 73.4 72.2 76.5 39.0 92.4 60.4 113.5 62.9 58.9 72.1 48.3 38.6 57.6 80.5 84.8 83.0 79.3 74.8 74.1 75.7 92.9 91.0 98.4 105.9 113.6 120.5 125.9 140.9 147.2 164.1 160.9 158.7 159.8 109.1 96.3 101.8 104.3 102.1 80.8 69.3 70.6 73.5 97.9 68.4 75.9 39.6 25.3 85.6
-9999.0 -9999.0 -9999.0 -9999.0 -9999.0 -9999.0 -9999.0 -9999.0 -9999.0 -9999.0 -9999.0 -9999.0 -9999.0 -9999.0 -9999.0 -9999.0 -9999.0 -9999.0 -9999.0 -9999.0 -9999.0 -9999.0 -9999.0 -9999.0 -9999.0 -9999.0 -9999.0 -9999.0 -9999.0 -9999.0 -9999.0 -9999.0 -9999.0 123.3 81.8 -9999.0 -9999.0 -9999.0 92.8 64.7 76.0 81.5 77.1 79.8 73.9 72.1 -9999.0 -9999.0 -9999.0 -9999.0 -9999.0 -9999.0 108.0 117.9 134.4 152.9 160.4 168.4 159.9 167.6 160.0 140.6 96.6 74.9 71.1 76.4 78.7 78.3 75.6 73.5 78.4 114.3 118.9 66.4 65.6 30.0 120.1
-9999.0 -9999.0 -9999.0 -9999.0 -9999.0 -9999.0 -9999.0 -9999.0 -9999.0 -9999.0 -9999.0 -9999.0 -9999.0 -9999.0 -9999.0 -9999.0 -9999.0 -9999.0 -9999.0 -9999.0 -9999.0 -9999.0 -9999.0 -9999.0 -9999.0 -9999.0 -9999.0 -9999.0 -9999.0 -9999.0 -9999.0 -9999.0 -9999.0 -9999.0 -9999.0 -9999.0 -9999.0 -9999.0 -9999.0 90.5 85.6 80.8 76.7 73.5 -9999.0 -9999.0 -9999.0 -9999.0 -9999.0 -9999.0 -9999.0 -9999.0 113.6 131.5 143.2 168.4 185.3 181.7 176.3 178.0 170.4 135.5 103.1 71.2 67.3 68.3 72.8 67.3 67.1 88.9 112.9 121.2 94.5 102.6 43.2 51.4 86.5
-9999.0 -9999.0 -9999.0 -9999.0 -9999.0 -9999.0 -9999.0 -9999.0 -9999.0 -9999.0 -9999.0 -9999.0 -9999.0 -9999.0 -9999.0 -9999.0 -9999.0 -9999.0 -9999.0 -9999.0 -9999.0 -9999.0 -9999.0 -9999.0 -9999.0 -9999.0 -9999.0 -9999.0 -9999.0 -9999.0 -9999.0 -9999.0 -9999.0 -9999.0 -9999.0 -9999.0 -9999.0 -9999.0 -9999.0 -9999.0 -9999.0 -9999.0 -9999.0 -9999.0 -9999.0 -9999.0 -9999.0 -9999.0 -9999.0 -9999.0 -9999.0 -9999.0 101.3 152.9 164.9 175.5 194.0 178.2 162.3 161.0 159.2 140.7 134.4 86.9 77.8 73.6 67.6 61.5 62.1 77.4 98.1 110.3 158.9 99.9 80.1 44.5 87.7
-9999.0 -9999.0 -9999.0 -9999.0 -9999.0 -9999.0 -9999.0 -9999.0 -9999.0 -9999.0 -9999.0 -9999.0 -9999.0 -9999.0 -9999.0 -9999.0 -9999.0 -9999.0 -9999.0 -9999.0 -9999.0 -9999.0 -9999.0 -9999.0 -9999.0 -9999.0 -9999.0 -9999.0 -9999.0 -9999.0 -9999.0 -9999.0 -9999.0 -9999.0 -9999.0 -9999.0 -9999.0 -9999.0 -9999.0 -9999.0 -9999.0 -9999.0 -9999.0 -9999.0 -9999.0 -9999.0 -9999.0 -9999.0 -9999.0 -9999.0 -9999.0 110.0 152.1 185.5 205.8 215.3 203.1 170.7 140.5 122.5 137.3 138.4 130.5 114.1 102.7 94.9 72.5 49.6 62.7 70.3 84.6 95.9 74.2 48.7 51.3 43.0 95.1
-9999.0 -9999.0 -9999.0 -9999.0 -9999.0 -9999.0 -9999.0 -9999.0 -9999.0 -9999.0 -9999.0 -9999.0 -9999.0 -9999.0 -9999.0 -9999.0 -9999.0 -9999.0 -9999.0 -9999.0 -9999.0 -9999.0 -9999.0 -9999.0 -9999.0 -9999.0 -9999.0 -9999.0 -9999.0 -9999.0 -9999.0 -9999.0 -9999.0 -9999.0 -9999.0 -9999.0 -9999.0 -9999.0 -9999.0 -9999.0 -9999.0 -9999.0 -9999.0 -9999.0 -9999.0 -9999.0 -9999.0 -9999.0 -9999.0 -9999.0 87.0 158.7 200.9 232.3 251.7 244.2 211.8 166.7 129.7 116.0 112.8 123.2 132.7 129.7 123.0 103.0 86.2 63.6 81.1 84.5 98.5 80.4 67.1 75.6 81.6 95.4 39.2
-9999.0 -9999.0 -9999.0 -9999.0 -9999.0 -9999.0 -9999.0 -9999.0 -9999.0 -9999.0 -9999.0 -9999.0 -9999.0 -9999.0 -9999.0 -9999.0 -9999.0 -9999.0 -9999.0 -9999.0 -9999.0 -9999.0 -9999.0 -9999.0 -9999.0 -9999.0 -9999.0 -9999.0 -9999.0 -9999.0 -9999.0 -9999.0 -9999.0 -9999.0 -9999.0 -9999.0 -9999.0 -9999.0 -9999.0 -9999.0 -9999.0 -9999.0 -9999.0 -9999.0 -9999.0 -9999.0 -9999.0 -9999.0 -9999.0 -9999.0 101.6 212.3 188.0 265.9 282.3 258.9 180.9 179.6 138.3 107.8 89.6 90.0 99.4 119.0 121.4 83.6 78.0 68.9 94.8 112.1 122.8 106.5 84.6 69.4 59.9 53.0 78.5
-9999.0 -9999.0 -9999.0 -9999.0 -9999.0 -9999.0 -9999.0 -9999.0 -9999.0 -9999.0 -9999.0 -9999.0 -9999.0 -9999.0 -9999.0 -9999.0 -9999.0 -9999.0 -9999.0 -9999.0 -9999.0 -9999.0 -9999.0 -9999.0 -9999.0 -9999.0 -9999.0 -9999.0 -9999.0 -9999.0 -9999.0 -9999.0 -9999.0 -9999.0 -9999.0 -9999.0 -9999.0 -9999.0 -9999.0 -9999.0 -9999.0 -9999.0 -9999.0 -9999.0 -9999.0 -9999.0 -9999.0 -9999.0 -9999.0 -9999.0 105.8 174.2 175.9 310.7 255.7 233.6 244.7 193.4 156.8 118.8 90.2 81.3 89.1 101.4 111.8 94.9 76.7 81.5 105.8 147.9 143.8 148.9 84.7 87.2 57.3 58.8 96.1
-9999.0 -9999.0 -9999.0 -9999.0 -9999.0 -9999.0 -9999.0 -9999.0 -9999.0 -9999.0 -9999.0 -9999.0 -9999.0 -9999.0 -9999.0 -9999.0 -9999.0 -9999.0 -9999.0 -9999.0 -9999.0 -9999.0 -9999.0 -9999.0 -9999.0 -9999.0 -9999.0 -9999.0 -9999.0 -9999.0 -9999.0 -9999.0 -9999.0 -9999.0 -9999.0 -9999.0 -9999.0 -9999.0 -9999.0 -9999.0 -9999.0 -9999.0 -9999.0 -9999.0 -9999.0 -9999.0 -9999.0 -9999.0 -9999.0 -9999.0 185.4 256.3 249.1 291.1 287.5 294.0 193.4 212.1 186.0 144.2 112.9 94.2 87.5 100.6 107.0 99.9 100.7 103.8 133.2 110.9 131.4 109.4 89.7 81.3 53.0 55.5 72.6
-9999.0 -9999.0 -9999.0 -9999.0 -9999.0 -9999.0 -9999.0 -9999.0 -9999.0 -9999.0 -9999.0 -9999.0 -9999.0 -9999.0 -9999.0 -9999.0 -9999.0 -9999.0 -9999.0 -9999.0 -9999.0 -9999.0 -9999.0 -9999.0 -9999.0 -9999.0 -9999.0 -9999.0 -9999.0 -9999.0 -9999.0 -9999.0 -9999.0 -9999.0 -9999.0 -9999.0 -9999.0 -9999.0 -9999.0 -9999.0 -9999.0 -9999.0 -9999.0 -9999.0 -9999.0 -9999.0 -9999.0 -9999.0 -9999.0 -9999.0 -9999.0 -9999.0 -9999.0 253.7 246.6 241.0 240.6 241.2 195.5 186.1 159.4 122.2 127.7 116.9 106.9 98.6 110.8 102.4 125.4 122.7 100.3 82.2 72.0 64.8 55.6 42.6 46.0
-9999.0 -9999.0 -9999.0 -9999.0 -9999.0 -9999.0 -9999.0 -9999.0 -9999.0 -9999.0 -9999.0 -9999.0 -9999.0 -9999.0 -9999.0 -9999.0 -9999.0 -9999.0 -9999.0 -9999.0 -9999.0 -9999.0 -9999.0 -9999.0 -9999.0 -9999.0 -9999.0 -9999.0 -9999.0 -9999.0 -9999.0 -9999.0 -9999.0 -9999.0 -9999.0 -9999.0 -9999.0 -9999.0 -9999.0 -9999.0 -9999.0 -9999.0 -9999.0 -9999.0 -9999.0 -9999.0 -9999.0 -9999.0 -9999.0 -9999.0 -9999.0 -9999.0 -9999.0 260.5 230.1 343.8 236.3 216.7 248.3 261.7 224.6 166.0 183.3 136.3 121.9 110.6 93.8 125.9 104.3 93.6 72.8 69.1 74.2 74.9 69.3 72.5 55.9
-9999.0 -9999.0 -9999.0 -9999.0 -9999.0 -9999.0 -9999.0 -9999.0 -9999.0 -9999.0 -9999.0 -9999.0 -9999.0 -9999.0 -9999.0 -9999.0 -9999.0 -9999.0 -9999.0 -9999.0 -9999.0 -9999.0 -9999.0 -9999.0 -9999.0 -9999.0 -9999.0 -9999.0 -9999.0 -9999.0 -9999.0 -9999.0 -9999.0 -9999.0 -9999.0 -9999.0 -9999.0 -9999.0 -9999.0 -9999.0 -9999.0 -9999.0 -9999.0 -9999.0 -9999.0 -9999.0 -9999.0 -9999.0 -9999.0 -9999.0 -9999.0 -9999.0 -9999.0 267.2 187.9 272.9 244.4 226.7 263.6 279.5 291.5 256.1 245.0 213.4 140.5 -9999.0 -9999.0 -9999.0 123.4 94.9 83.0 85.3 91.9 95.0 97.4 106.9 86.6
-9999.0 -9999.0 -9999.0 -9999.0 -9999.0 -9999.0 -9999.0 -9999.0 -9999.0 -9999.0 -9999.0 -9999.0 -9999.0 -9999.0 -9999.0 -9999.0 -9999.0 -9999.0 -9999.0 -9999.0 -9999.0 -9999.0 -9999.0 -9999.0 -9999.0 -9999.0 -9999.0 -9999.0 -9999.0 -9999.0 -9999.0 -9999.0 -9999.0 -9999.0 -9999.0 -9999.0 -9999.0 -9999.0 -9999.0 -9999.0 -9999.0 -9999.0 -9999.0 -9999.0 -9999.0 -9999.0 -9999.0 -9999.0 -9999.0 -9999.0 -9999.0 -9999.0 -9999.0 -9999.0 254.3 240.1 186.1 187.6 267.9 320.4 251.1 -9999.0 -9999.0 -9999.0 -9999.0 -9999.0 -9999.0 -9999.0 131.5 125.1 124.9 106.3 107.1 111.4 111.1 112.5 110.9
-9999.0 -9999.0 -9999.0 -9999.0 -9999.0 -9999.0 -9999.0 -9999.0 -9999.0 -9999.0 -9999.0 -9999.0 -9999.0 -9999.0 -9999.0 -9999.0 -9999.0 -9999.0 -9999.0 -9999.0 -9999.0 -9999.0 -9999.0 -9999.0 -9999.0 -9999.0 -9999.0 -9999.0 -9999.0 -9999.0 -9999.0 -9999.0 -9999.0 -9999.0 -9999.0 -9999.0 -9999.0 -9999.0 -9999.0 -9999.0 -9999.0 -9999.0 -9999.0 -9999.0 -9999.0 -9999.0 -9999.0 -9999.0 -9999.0 -9999.0 -9999.0 -9999.0 -9999.0 -9999.0 -9999.0 211.9 281.8 222.2 224.9 282.6 282.8 -9999.0 -9999.0 -9999.0 -9999.0 -9999.0 -9999.0 -9999.0 -9999.0 -9999.0 141.0 -9999.0 -9999.0 -9999.0 -9999.0 -9999.0 113.0
-9999.0 -9999.0 -9999.0 -9999.0 -9999.0 -9999.0 -9999.0 -9999.0 -9999.0 -9999.0 -9999.0 -9999.0 -9999.0 -9999.0 -9999.0 -9999.0 -9999.0 -9999.0 -9999.0 -9999.0 -9999.0 -9999.0 -9999.0 -9999.0 -9999.0 -9999.0 -9999.0 -9999.0 -9999.0 -9999.0 -9999.0 -9999.0 -9999.0 -9999.0 -9999.0 -9999.0 -9999.0 -9999.0 -9999.0 -9999.0 -9999.0 -9999.0 -9999.0 -9999.0 -9999.0 -9999.0 -9999.0 -9999.0 -9999.0 -9999.0 -9999.0 -9999.0 -9999.0 -9999.0 -9999.0 -9999.0 -9999.0 -9999.0 247.5 246.4 -9999.0 -9999.0 -9999.0 -9999.0 -9999.0 -9999.0 -9999.0 -9999.0 -9999.0 -9999.0 -9999.0 -9999.0 -9999.0 -9999.0 -9999.0 103.6 110.8
-9999.0 -9999.0 -9999.0 -9999.0 -9999.0 -9999.0 -9999.0 -9999.0 -9999.0 -9999.0 -9999.0 -9999.0 -9999.0 -9999.0 -9999.0 -9999.0 -9999.0 -9999.0 -9999.0 -9999.0 -9999.0 -9999.0 -9999.0 -9999.0 -9999.0 -9999.0 -9999.0 -9999.0 -9999.0 -9999.0 -9999.0 -9999.0 -9999.0 -9999.0 -9999.0 -9999.0 -9999.0 -9999.0 -9999.0 -9999.0 -9999.0 -9999.0 -9999.0 -9999.0 -9999.0 -9999.0 -9999.0 -9999.0 -9999.0 -9999.0 -9999.0 -9999.0 -9999.0 -9999.0 -9999.0 -9999.0 -9999.0 -9999.0 -9999.0 -9999.0 -9999.0 -9999.0 -9999.0 -9999.0 -9999.0 -9999.0 -9999.0 -9999.0 -9999.0 -9999.0 -9999.0 -9999.0 -9999.0 -9999.0 -9999.0 -9999.0 -9999.0
