program/excelProcessViaJava/data/SURF_CLI_CHN_PRE_MON_GRID_0.5-199606.txt
NCOLS      128
NROWS       72
XLLCORNER    72.000000000000    
YLLCORNER    18.000000000000    
CELLSIZE    0.50000000000000    
NODATA_VALUE   -9999.000    
[rows 33 to 65 of 72, columns 0 to 75 of 128]
-9999.0 -9999.0 -9999.0 -9999.0 29.0 13.0 6.2 10.2 9.8 19.1 16.3 17.7 18.4 18.2 17.0 14.5 10.6 7.5 6.0 5.1 4.2 3.5 3.0 2.4 1.8 1.4 1.5 12.4 7.0 12.0 18.7 20.9 24.3 35.0 26.2 28.3 25.8 57.0 46.1 22.3 6.3 2.5 1.8 1.3 1.3 1.6 2.8 6.5 11.9 11.6 15.8 37.7 66.1 101.9 68.5 77.4 76.3 102.7 95.4 115.5 103.8 79.8 60.8 31.2 21.2 29.5 41.9 45.7 66.1 64.4 59.9 70.0 89.5 114.0 135.1 149.2
-9999.0 -9999.0 -9999.0 -9999.0 15.5 14.1 5.2 8.6 2.2 2.4 9.2 3.6 6.2 6.2 10.6 8.6 6.4 4.4 3.4 3.0 2.3 1.8 1.4 1.2 1.9 3.9 3.6 5.6 7.8 11.4 15.5 24.0 25.7 30.7 37.6 35.8 48.2 58.4 38.4 20.4 31.9 6.4 3.8 1.6 1.3 1.4 1.8 2.9 4.8 8.7 12.8 18.4 60.2 52.5 50.7 62.5 64.5 73.1 82.2 59.7 83.2 58.8 47.0 42.8 37.2 37.8 55.5 61.4 70.2 82.3 67.8 71.2 78.3 91.8 104.4 129.7
-9999.0 -9999.0 -9999.0 -9999.0 -9999.0 -9999.0 -9999.0 5.4 2.9 3.8 1.5 1.6 3.6 3.0 2.9 5.5 3.4 2.8 2.0 1.4 1.0 0.9 0.9 1.0 1.2 1.6 2.9 4.8 7.6 12.8 17.7 23.4 28.9 37.1 46.9 46.1 59.6 56.4 68.9 69.4 31.8 66.3 51.8 25.7 9.5 3.2 5.9 6.2 11.3 11.2 14.4 20.7 35.7 97.4 99.2 54.0 46.1 45.4 83.7 63.5 88.3 64.2 59.4 58.8 61.9 54.3 62.6 75.5 79.4 86.1 76.4 71.6 81.8 95.2 103.5 131.8
-9999.0 -9999.0 -9999.0 -9999.0 -9999.0 -9999.0 -9999.0 1.8 4.4 2.0 1.5 2.2 1.8 1.3 1.8 1.0 1.4 1.2 0.8 0.8 0.7 0.6 0.6 0.7 0.8 1.2 2.1 4.2 6.3 9.9 16.5 23.2 30.3 41.5 45.0 52.3 54.9 64.2 64.8 60.5 59.6 54.7 52.5 66.3 29.5 14.0 17.9 20.0 35.1 32.0 56.5 57.1 45.5 64.0 96.5 67.9 63.6 70.8 87.3 93.2 83.2 82.7 81.8 84.8 78.7 68.8 65.6 71.5 92.7 89.6 89.6 88.5 95.5 114.8 112.3 152.7
-9999.0 -9999.0 -9999.0 -9999.0 -9999.0 -9999.0 -9999.0 -9999.0 -9999.0 2.0 1.9 2.1 1.3 1.4 1.5 1.4 1.0 0.7 0.7 0.6 0.5 0.5 0.5 0.5 0.7 1.0 1.8 3.4 6.0 10.9 15.3 22.7 30.7 40.6 45.6 52.7 57.7 64.6 63.5 66.3 60.0 60.8 53.1 43.7 45.5 40.6 38.3 36.5 38.5 40.6 48.1 47.9 50.8 58.5 85.1 77.7 72.5 78.4 95.8 92.5 91.5 97.1 101.6 99.8 98.3 82.4 68.6 70.2 94.5 95.2 101.8 100.6 109.1 130.0 149.3 120.2
-9999.0 -9999.0 -9999.0 -9999.0 -9999.0 -9999.0 -9999.0 -9999.0 -9999.0 -9999.0 -9999.0 1.3 2.4 1.2 1.3 1.0 0.9 0.8 0.6 0.5 0.4 0.4 0.4 0.5 0.6 0.9 1.7 3.4 6.4 11.0 17.1 25.3 33.3 42.5 50.6 63.1 65.2 69.6 84.2 71.5 74.2 65.0 57.1 51.4 61.9 48.4 58.8 48.9 50.8 48.6 44.9 47.2 51.8 63.3 81.5 87.0 90.3 98.6 96.8 94.1 97.1 96.6 102.2 113.0 117.8 79.8 62.2 70.0 86.2 99.7 104.6 109.6 112.7 111.8 99.2 106.6
-9999.0 -9999.0 -9999.0 -9999.0 -9999.0 -9999.0 -9999.0 -9999.0 -9999.0 -9999.0 -9999.0 -9999.0 2.3 2.1 1.2 1.2 0.8 0.7 0.6 0.4 0.4 0.3 0.3 0.4 0.6 0.9 1.8 3.5 7.0 11.7 18.9 27.4 36.7 46.8 56.9 65.5 77.0 77.2 75.7 71.7 68.3 65.9 63.9 66.7 64.8 65.6 67.5 58.3 58.0 56.8 60.4 59.7 58.9 62.6 72.7 85.0 95.3 105.5 97.1 102.1 98.2 104.9 112.7 119.9 111.6 124.5 69.1 77.2 91.0 104.9 99.9 98.7 96.9 90.6 85.5 126.2
-9999.0 -9999.0 -9999.0 -9999.0 -9999.0 -9999.0 -9999.0 -9999.0 -9999.0 -9999.0 -9999.0 -9999.0 1.5 2.6 2.5 1.3 1.4 0.9 0.6 0.5 0.4 0.3 0.3 0.4 0.7 1.0 2.2 5.1 8.6 15.3 21.5 29.1 39.9 50.6 60.5 70.3 79.0 84.7 84.4 80.4 73.9 71.1 76.8 72.2 78.2 83.0 77.1 73.7 68.8 70.0 68.5 69.4 68.3 71.7 73.4 82.9 90.1 99.7 104.5 105.9 104.7 107.8 117.5 133.0 99.2 103.9 51.2 61.7 78.1 96.7 119.6 154.7 160.9 101.0 88.3 78.2
-9999.0 -9999.0 -9999.0 -9999.0 -9999.0 -9999.0 -9999.0 -9999.0 -9999.0 -9999.0 -9999.0 -9999.0 -9999.0 2.4 1.6 2.4 1.3 1.1 0.9 0.6 0.5 0.5 0.4 0.6 0.8 0.9 2.1 4.0 9.0 15.9 26.3 36.4 42.3 52.5 66.3 75.1 82.7 87.6 92.5 86.9 81.6 80.9 80.9 87.9 88.4 90.3 93.6 93.4 90.4 86.7 84.6 82.6 81.4 88.4 85.8 86.8 90.6 100.0 111.2 112.3 111.7 114.3 122.8 122.9 69.8 73.4 76.2 68.9 84.2 91.6 84.2 100.4 116.3 110.9 113.8 95.3
-9999.0 -9999.0 -9999.0 -9999.0 -9999.0 -9999.0 -9999.0 -9999.0 -9999.0 -9999.0 -9999.0 -9999.0 3.0 2.1 2.0 2.4 1.2 1.1 0.8 0.9 0.7 0.6 0.6 0.7 1.2 1.3 3.3 7.7 13.5 20.1 30.3 44.5 45.3 59.4 67.1 78.5 82.9 91.8 91.1 85.8 86.1 90.1 95.6 91.1 98.7 104.0 104.9 101.5 99.0 96.9 97.9 99.0 93.6 93.6 90.2 90.4 97.6 100.5 109.8 118.2 117.0 120.4 128.7 143.1 127.9 93.7 63.5 68.1 93.4 133.5 150.3 151.2 153.1 180.0 182.8 168.1
-9999.0 -9999.0 -9999.0 -9999.0 -9999.0 -9999.0 -9999.0 -9999.0 -9999.0 -9999.0 -9999.0 -9999.0 3.0 4.2 3.4 1.5 1.3 1.8 1.3 0.8 0.9 0.6 0.7 0.9 1.9 4.1 7.2 12.7 19.9 31.9 43.6 51.5 51.7 70.7 77.5 80.8 90.8 92.9 92.0 87.2 82.2 84.7 91.1 99.0 106.7 112.2 115.9 112.6 107.6 98.2 98.4 102.5 99.4 98.3 96.4 94.8 98.0 105.2 110.5 120.4 127.6 138.1 135.3 128.5 112.4 75.2 76.9 68.6 72.7 97.6 138.9 176.7 195.6 190.6 179.7 171.8
-9999.0 -9999.0 -9999.0 -9999.0 -9999.0 -9999.0 -9999.0 -9999.0 -9999.0 -9999.0 -9999.0 -9999.0 5.4 3.5 4.4 3.4 2.8 1.2 1.2 0.9 0.6 0.5 0.9 0.9 2.0 2.5 6.6 8.9 26.2 38.4 52.0 48.6 72.0 84.3 86.0 84.7 89.8 93.2 95.0 86.8 87.5 100.5 100.8 118.4 116.2 120.2 121.3 112.9 101.4 97.5 97.6 95.7 114.0 116.5 105.7 100.1 102.7 110.4 118.9 119.5 127.0 135.2 165.6 121.3 73.4 81.3 67.5 58.8 67.5 93.5 138.4 199.2 213.0 223.0 353.1 217.9
-9999.0 -9999.0 -9999.0 -9999.0 -9999.0 -9999.0 -9999.0 -9999.0 -9999.0 -9999.0 -9999.0 -9999.0 -9999.0 3.3 3.0 3.6 2.7 2.4 1.2 0.9 0.6 0.8 0.8 0.9 3.1 5.1 10.4 20.4 25.9 52.2 48.5 64.7 69.1 86.3 82.9 71.8 79.4 96.2 98.4 102.8 105.9 104.8 114.8 122.4 129.1 123.5 119.4 103.1 105.3 97.5 85.4 100.1 97.3 95.9 108.2 112.4 105.3 110.1 124.0 149.6 148.3 203.2 158.5 77.8 47.9 46.5 43.0 44.5 60.8 101.8 152.3 184.7 217.6 186.6 206.5 204.2
-9999.0 -9999.0 -9999.0 -9999.0 -9999.0 -9999.0 -9999.0 -9999.0 -9999.0 -9999.0 -9999.0 -9999.0 -9999.0 6.4 3.6 3.9 2.2 2.8 2.1 1.4 0.8 0.8 0.9 1.4 5.6 7.1 11.5 25.7 35.8 25.3 42.7 57.8 81.0 81.3 70.5 73.0 87.3 98.8 102.8 102.0 120.5 126.5 133.0 136.0 137.9 127.8 117.8 97.6 89.8 83.0 89.2 72.2 88.4 101.8 113.1 111.4 110.4 119.0 138.2 126.4 161.6 127.2 72.1 40.1 29.6 25.6 28.2 41.4 71.4 122.5 174.6 201.8 196.0 199.5 209.4 245.4
-9999.0 -9999.0 -9999.0 -9999.0 -9999.0 -9999.0 -9999.0 -9999.0 -9999.0 -9999.0 -9999.0 -9999.0 -9999.0 -9999.0 -9999.0 4.2 3.9 2.7 2.7 2.8 1.3 1.9 2.5 3.0 3.9 7.1 6.2 16.2 16.9 46.1 50.9 68.7 56.1 63.6 73.1 65.1 72.3 105.1 114.8 125.6 124.9 132.5 139.8 143.3 149.7 142.7 115.5 95.4 86.4 61.7 67.0 95.6 73.3 79.3 78.0 98.1 113.1 111.8 154.4 177.5 136.4 100.7 75.9 47.1 33.1 28.6 35.0 61.8 108.3 155.4 204.4 220.9 261.9 258.3 231.7 326.7
-9999.0 -9999.0 -9999.0 -9999.0 -9999.0 -9999.0 -9999.0 -9999.0 -9999.0 -9999.0 -9999.0 -9999.0 -9999.0 -9999.0 -9999.0 -9999.0 -9999.0 14.8 8.7 -9999.0 7.0 2.7 5.6 7.1 5.4 8.9 7.3 15.7 34.4 32.6 56.2 89.0 51.2 91.9 95.5 68.7 69.4 94.3 106.1 121.1 128.3 133.8 138.0 140.5 191.9 149.2 203.7 110.8 75.3 71.1 49.6 54.2 51.7 66.7 77.9 91.1 94.3 135.8 158.8 185.7 120.3 115.6 110.8 86.0 56.3 42.0 54.3 84.2 141.8 179.7 218.1 261.1 301.4 255.3 299.1 363.0
-9999.0 -9999.0 -9999.0 -9999.0 -9999.0 -9999.0 -9999.0 -9999.0 -9999.0 -9999.0 -9999.0 -9999.0 -9999.0 -9999.0 -9999.0 -9999.0 -9999.0 -9999.0 -9999.0 -9999.0 -9999.0 6.9 5.5 3.9 7.6 19.5 24.0 29.9 34.7 59.9 65.2 117.0 105.5 84.6 74.6 54.3 56.7 65.6 77.7 87.8 97.1 122.9 129.3 128.6 172.5 126.4 216.0 100.5 106.9 221.2 57.1 94.6 81.7 41.2 54.4 84.4 104.2 115.1 189.5 190.7 133.6 127.0 139.1 116.7 93.9 69.4 84.5 108.6 173.2 195.4 216.6 266.6 289.0 262.7 304.1 349.5
-9999.0 -9999.0 -9999.0 -9999.0 -9999.0 -9999.0 -9999.0 -9999.0 -9999.0 -9999.0 -9999.0 -9999.0 -9999.0 -9999.0 -9999.0 -9999.0 -9999.0 -9999.0 -9999.0 -9999.0 -9999.0 -9999.0 -9999.0 31.2 15.7 21.6 27.0 29.3 24.5 46.9 51.8 56.5 43.9 52.1 46.4 44.1 51.4 47.6 70.0 86.5 91.5 110.4 96.4 100.8 140.9 203.3 139.5 106.2 92.0 74.2 43.7 70.2 33.7 39.8 36.9 39.8 83.1 138.9 156.3 198.9 175.0 149.4 101.5 74.7 56.6 76.4 108.0 129.6 108.0 188.2 229.8 298.3 316.2 317.5 300.3 314.2
-9999.0 -9999.0 -9999.0 -9999.0 -9999.0 -9999.0 -9999.0 -9999.0 -9999.0 -9999.0 -9999.0 -9999.0 -9999.0 -9999.0 -9999.0 -9999.0 -9999.0 -9999.0 -9999.0 -9999.0 -9999.0 -9999.0 -9999.0 -9999.0 -9999.0 76.0 47.0 15.2 20.2 22.4 34.3 57.4 60.2 46.3 39.0 41.4 62.7 39.7 65.3 56.2 89.6 67.0 70.3 88.3 140.7 168.8 148.1 183.8 80.9 62.9 84.5 52.6 66.0 54.2 27.6 37.4 78.7 110.4 173.9 203.8 205.7 163.5 172.2 86.8 60.6 78.7 87.5 70.1 108.9 180.0 276.5 353.7 331.9 319.8 282.6 255.9
-9999.0 -9999.0 -9999.0 -9999.0 -9999.0 -9999.0 -9999.0 -9999.0 -9999.0 -9999.0 -9999.0 -9999.0 -9999.0 -9999.0 -9999.0 -9999.0 -9999.0 -9999.0 -9999.0 -9999.0 -9999.0 -9999.0 -9999.0 -9999.0 -9999.0 -9999.0 -9999.0 101.2 108.6 68.0 66.9 66.9 41.0 52.9 36.0 36.4 22.7 21.7 14.7 29.1 53.3 30.8 55.8 95.8 115.0 134.2 150.0 157.3 159.1 87.2 120.3 107.9 41.0 32.2 32.5 57.3 68.2 112.5 176.5 200.9 191.3 171.6 111.5 69.7 49.2 59.1 106.0 142.7 182.6 248.3 330.5 381.1 310.7 269.8 214.7 208.0
-9999.0 -9999.0 -9999.0 -9999.0 -9999.0 -9999.0 -9999.0 -9999.0 -9999.0 -9999.0 -9999.0 -9999.0 -9999.0 -9999.0 -9999.0 -9999.0 -9999.0 -9999.0 -9999.0 -9999.0 -9999.0 -9999.0 -9999.0 -9999.0 -9999.0 -9999.0 -9999.0 -9999.0 -9999.0 -9999.0 -9999.0 -9999.0 -9999.0 53.2 31.8 -9999.0 -9999.0 -9999.0 16.1 15.2 18.6 31.7 40.4 76.2 94.9 106.0 -9999.0 -9999.0 -9999.0 -9999.0 -9999.0 -9999.0 54.1 61.8 35.8 45.7 77.3 109.4 162.4 184.1 198.3 180.7 143.4 104.6 92.7 115.3 171.2 237.4 291.1 325.0 343.4 362.3 315.3 199.6 171.6 171.7
-9999.0 -9999.0 -9999.0 -9999.0 -9999.0 -9999.0 -9999.0 -9999.0 -9999.0 -9999.0 -9999.0 -9999.0 -9999.0 -9999.0 -9999.0 -9999.0 -9999.0 -9999.0 -9999.0 -9999.0 -9999.0 -9999.0 -9999.0 -9999.0 -9999.0 -9999.0 -9999.0 -9999.0 -9999.0 -9999.0 -9999.0 -9999.0 -9999.0 -9999.0 -9999.0 -9999.0 -9999.0 -9999.0 -9999.0 31.6 35.0 41.9 50.9 60.6 -9999.0 -9999.0 -9999.0 -9999.0 -9999.0 -9999.0 -9999.0 -9999.0 64.9 98.8 65.4 58.6 74.1 96.9 123.6 162.1 199.4 198.5 166.3 151.5 127.3 165.5 235.0 331.6 363.6 381.0 379.4 346.7 253.7 206.5 152.3 162.7
-9999.0 -9999.0 -9999.0 -9999.0 -9999.0 -9999.0 -9999.0 -9999.0 -9999.0 -9999.0 -9999.0 -9999.0 -9999.0 -9999.0 -9999.0 -9999.0 -9999.0 -9999.0 -9999.0 -9999.0 -9999.0 -9999.0 -9999.0 -9999.0 -9999.0 -9999.0 -9999.0 -9999.0 -9999.0 -9999.0 -9999.0 -9999.0 -9999.0 -9999.0 -9999.0 -9999.0 -9999.0 -9999.0 -9999.0 -9999.0 -9999.0 -9999.0 -9999.0 -9999.0 -9999.0 -9999.0 -9999.0 -9999.0 -9999.0 -9999.0 -9999.0 -9999.0 84.4 142.9 94.6 119.0 85.4 98.0 121.5 163.8 201.1 216.4 197.5 160.6 152.2 225.2 319.5 350.8 350.8 348.3 343.8 326.7 328.6 224.7 194.6 227.2
-9999.0 -9999.0 -9999.0 -9999.0 -9999.0 -9999.0 -9999.0 -9999.0 -9999.0 -9999.0 -9999.0 -9999.0 -9999.0 -9999.0 -9999.0 -9999.0 -9999.0 -9999.0 -9999.0 -9999.0 -9999.0 -9999.0 -9999.0 -9999.0 -9999.0 -9999.0 -9999.0 -9999.0 -9999.0 -9999.0 -9999.0 -9999.0 -9999.0 -9999.0 -9999.0 -9999.0 -9999.0 -9999.0 -9999.0 -9999.0 -9999.0 -9999.0 -9999.0 -9999.0 -9999.0 -9999.0 -9999.0 -9999.0 -9999.0 -9999.0 -9999.0 76.2 98.0 165.8 80.3 98.2 94.4 123.0 128.3 135.7 195.4 186.9 178.8 148.5 158.3 215.6 299.0 327.5 278.0 272.8 277.6 283.7 261.6 258.9 281.6 317.7
-9999.0 -9999.0 -9999.0 -9999.0 -9999.0 -9999.0 -9999.0 -9999.0 -9999.0 -9999.0 -9999.0 -9999.0 -9999.0 -9999.0 -9999.0 -9999.0 -9999.0 -9999.0 -9999.0 -9999.0 -9999.0 -9999.0 -9999.0 -9999.0 -9999.0 -9999.0 -9999.0 -9999.0 -9999.0 -9999.0 -9999.0 -9999.0 -9999.0 -9999.0 -9999.0 -9999.0 -9999.0 -9999.0 -9999.0 -9999.0 -9999.0 -9999.0 -9999.0 -9999.0 -9999.0 -9999.0 -9999.0 -9999.0 -9999.0 -9999.0 59.0 126.5 165.6 191.4 123.6 130.0 99.1 99.3 118.9 155.7 164.1 173.4 145.6 133.8 166.5 222.9 203.0 238.0 205.5 223.4 244.8 265.4 293.9 310.0 314.2 309.2
-9999.0 -9999.0 -9999.0 -9999.0 -9999.0 -9999.0 -9999.0 -9999.0 -9999.0 -9999.0 -9999.0 -9999.0 -9999.0 -9999.0 -9999.0 -9999.0 -9999.0 -9999.0 -9999.0 -9999.0 -9999.0 -9999.0 -9999.0 -9999.0 -9999.0 -9999.0 -9999.0 -9999.0 -9999.0 -9999.0 -9999.0 -9999.0 -9999.0 -9999.0 -9999.0 -9999.0 -9999.0 -9999.0 -9999.0 -9999.0 -9999.0 -9999.0 -9999.0 -9999.0 -9999.0 -9999.0 -9999.0 -9999.0 -9999.0 -9999.0 70.0 244.7 144.0 224.5 214.8 152.5 97.3 143.0 139.5 122.0 126.9 143.2 140.6 142.7 163.4 260.0 215.6 228.2 195.8 221.9 258.5 308.4 335.7 317.7 281.0 271.0
-9999.0 -9999.0 -9999.0 -9999.0 -9999.0 -9999.0 -9999.0 -9999.0 -9999.0 -9999.0 -9999.0 -9999.0 -9999.0 -9999.0 -9999.0 -9999.0 -9999.0 -9999.0 -9999.0 -9999.0 -9999.0 -9999.0 -9999.0 -9999.0 -9999.0 -9999.0 -9999.0 -9999.0 -9999.0 -9999.0 -9999.0 -9999.0 -9999.0 -9999.0 -9999.0 -9999.0 -9999.0 -9999.0 -9999.0 -9999.0 -9999.0 -9999.0 -9999.0 -9999.0 -9999.0 -9999.0 -9999.0 -9999.0 -9999.0 -9999.0 86.4 172.4 160.6 390.0 211.0 164.8 247.1 163.7 170.8 104.6 126.0 148.0 134.4 130.1 134.8 157.4 202.6 215.5 219.1 232.1 281.9 316.0 315.5 269.5 199.1 208.5
-9999.0 -9999.0 -9999.0 -9999.0 -9999.0 -9999.0 -9999.0 -9999.0 -9999.0 -9999.0 -9999.0 -9999.0 -9999.0 -9999.0 -9999.0 -9999.0 -9999.0 -9999.0 -9999.0 -9999.0 -9999.0 -9999.0 -9999.0 -9999.0 -9999.0 -9999.0 -9999.0 -9999.0 -9999.0 -9999.0 -9999.0 -9999.0 -9999.0 -9999.0 -9999.0 -9999.0 -9999.0 -9999.0 -9999.0 -9999.0 -9999.0 -9999.0 -9999.0 -9999.0 -9999.0 -9999.0 -9999.0 -9999.0 -9999.0 -9999.0 239.5 385.2 331.9 376.5 326.2 343.2 157.7 207.9 191.5 116.4 154.9 143.9 93.3 117.5 118.8 118.5 130.4 182.6 219.2 239.0 270.0 283.4 264.9 212.8 159.9 202.9
-9999.0 -9999.0 -9999.0 -9999.0 -9999.0 -9999.0 -9999.0 -9999.0 -9999.0 -9999.0 -9999.0 -9999.0 -9999.0 -9999.0 -9999.0 -9999.0 -9999.0 -9999.0 -9999.0 -9999.0 -9999.0 -9999.0 -9999.0 -9999.0 -9999.0 -9999.0 -9999.0 -9999.0 -9999.0 -9999.0 -9999.0 -9999.0 -9999.0 -9999.0 -9999.0 -9999.0 -9999.0 -9999.0 -9999.0 -9999.0 -9999.0 -9999.0 -9999.0 -9999.0 -9999.0 -9999.0 -9999.0 -9999.0 -9999.0 -9999.0 -9999.0 -9999.0 -9999.0 327.5 282.0 258.4 261.1 278.3 156.7 151.5 374.3 113.7 224.1 149.6 135.1 133.1 150.6 211.3 254.1 258.5 232.0 225.2 213.6 191.8 195.4 240.2
-9999.0 -9999.0 -9999.0 -9999.0 -9999.0 -9999.0 -9999.0 -9999.0 -9999.0 -9999.0 -9999.0 -9999.0 -9999.0 -9999.0 -9999.0 -9999.0 -9999.0 -9999.0 -9999.0 -9999.0 -9999.0 -9999.0 -9999.0 -9999.0 -9999.0 -9999.0 -9999.0 -9999.0 -9999.0 -9999.0 -9999.0 -9999.0 -9999.0 -9999.0 -9999.0 -9999.0 -9999.0 -9999.0 -9999.0 -9999.0 -9999.0 -9999.0 -9999.0 -9999.0 -9999.0 -9999.0 -9999.0 -9999.0 -9999.0 -9999.0 -9999.0 -9999.0 -9999.0 358.2 270.5 545.2 274.2 217.1 249.7 405.1 244.4 159.3 334.3 178.7 172.7 168.7 176.1 224.6 218.9 210.4 191.1 211.9 237.1 254.7 277.0 309.9
-9999.0 -9999.0 -9999.0 -9999.0 -9999.0 -9999.0 -9999.0 -9999.0 -9999.0 -9999.0 -9999.0 -9999.0 -9999.0 -9999.0 -9999.0 -9999.0 -9999.0 -9999.0 -9999.0 -9999.0 -9999.0 -9999.0 -9999.0 -9999.0 -9999.0 -9999.0 -9999.0 -9999.0 -9999.0 -9999.0 -9999.0 -9999.0 -9999.0 -9999.0 -9999.0 -9999.0 -9999.0 -9999.0 -9999.0 -9999.0 -9999.0 -9999.0 -9999.0 -9999.0 -9999.0 -9999.0 -9999.0 -9999.0 -9999.0 -9999.0 -9999.0 -9999.0 -9999.0 394.6 211.2 389.6 327.0 260.6 284.2 268.1 373.0 327.2 445.9 383.0 166.2 -9999.0 -9999.0 -9999.0 216.7 186.7 211.7 274.3 341.0 372.9 356.6 335.7
-9999.0 -9999.0 -9999.0 -9999.0 -9999.0 -9999.0 -9999.0 -9999.0 -9999.0 -9999.0 -9999.0 -9999.0 -9999.0 -9999.0 -9999.0 -9999.0 -9999.0 -9999.0 -9999.0 -9999.0 -9999.0 -9999.0 -9999.0 -9999.0 -9999.0 -9999.0 -9999.0 -9999.0 -9999.0 -9999.0 -9999.0 -9999.0 -9999.0 -9999.0 -9999.0 -9999.0 -9999.0 -9999.0 -9999.0 -9999.0 -9999.0 -9999.0 -9999.0 -9999.0 -9999.0 -9999.0 -9999.0 -9999.0 -9999.0 -9999.0 -9999.0 -9999.0 -9999.0 -9999.0 382.9 350.4 223.5 195.2 315.2 429.8 193.1 -9999.0 -9999.0 -9999.0 -9999.0 -9999.0 -9999.0 -9999.0 179.6 214.2 285.9 332.8 406.5 415.9 332.3 248.6
-9999.0 -9999.0 -9999.0 -9999.0 -9999.0 -9999.0 -9999.0 -9999.0 -9999.0 -9999.0 -9999.0 -9999.0 -9999.0 -9999.0 -9999.0 -9999.0 -9999.0 -9999.0 -9999.0 -9999.0 -9999.0 -9999.0 -9999.0 -9999.0 -9999.0 -9999.0 -9999.0 -9999.0 -9999.0 -9999.0 -9999.0 -9999.0 -9999.0 -9999.0 -9999.0 -9999.0 -9999.0 -9999.0 -9999.0 -9999.0 -9999.0 -9999.0 -9999.0 -9999.0 -9999.0 -9999.0 -9999.0 -9999.0 -9999.0 -9999.0 -9999.0 -9999.0 -9999.0 -9999.0 -9999.0 305.5 505.0 277.4 208.9 287.0 244.9 -9999.0 -9999.0 -9999.0 -9999.0 -9999.0 -9999.0 -9999.0 -9999.0 -9999.0 272.3 -9999.0 -9999.0 -9999.0 -9999.0 -9999.0
