program/excelProcessViaJava/data/SURF_CLI_CHN_PRE_MON_GRID_0.5-199007.txt
NCOLS      128
NROWS       72
XLLCORNER    72.000000000000    
YLLCORNER    18.000000000000    
CELLSIZE    0.50000000000000    
NODATA_VALUE   -9999.000    
[rows 33 to 65 of 72, columns 0 to 74 of 128]
-9999.0 -9999.0 -9999.0 -9999.0 11.0 8.8 6.5 9.9 10.4 14.6 13.2 12.1 10.2 8.6 9.6 11.9 14.0 15.8 17.4 19.0 20.5 21.6 22.0 21.8 20.6 19.1 18.0 9.0 17.3 18.5 20.5 23.3 25.5 28.3 27.2 27.9 26.8 35.9 33.9 25.5 15.8 11.8 11.0 9.5 8.7 9.1 12.5 23.7 42.1 53.8 68.5 84.7 85.4 91.7 56.2 60.2 68.0 108.4 124.6 154.1 147.8 115.1 84.9 39.0 24.5 43.1 63.2 68.1 89.9 91.1 96.4 108.3 124.6 141.3 155.8
-9999.0 -9999.0 -9999.0 -9999.0 7.9 9.2 5.7 9.7 3.6 3.9 10.9 4.9 7.3 7.1 10.4 11.5 12.7 14.0 14.7 15.9 17.7 19.0 19.7 17.4 10.8 8.2 14.2 16.0 19.0 21.8 24.9 27.6 30.7 33.1 35.7 35.8 39.5 42.4 37.3 29.4 36.3 20.0 16.9 12.0 9.7 8.7 9.9 14.3 22.9 37.4 48.4 53.1 71.9 51.4 39.3 43.1 50.2 72.1 100.5 81.8 123.7 79.4 57.7 49.6 36.6 36.6 74.5 83.8 100.6 117.2 128.0 140.8 152.2 162.6 169.6
-9999.0 -9999.0 -9999.0 -9999.0 -9999.0 -9999.0 -9999.0 7.7 5.2 7.0 2.4 2.4 5.8 4.7 4.8 10.8 9.7 12.5 13.7 13.8 10.8 8.1 8.5 10.6 13.0 15.3 16.7 19.3 22.6 25.2 29.6 34.0 37.9 41.3 44.5 46.0 49.3 49.4 52.8 54.3 42.2 56.9 53.4 39.7 24.2 13.2 18.0 19.6 30.8 32.3 36.8 42.0 49.8 88.0 81.3 40.7 37.2 44.2 93.5 87.7 122.8 86.5 60.8 50.7 61.5 55.9 86.5 111.8 118.6 135.5 145.8 154.4 165.2 173.4 175.9
-9999.0 -9999.0 -9999.0 -9999.0 -9999.0 -9999.0 -9999.0 2.1 8.2 4.2 3.0 4.7 3.6 1.9 3.9 1.4 4.9 5.9 3.6 7.8 9.3 8.2 11.1 13.0 15.9 18.6 22.0 23.7 29.7 34.4 37.6 42.4 47.0 50.5 54.1 56.6 57.5 59.5 59.7 58.9 60.2 60.4 60.8 65.4 46.4 30.5 35.2 38.5 53.9 53.3 70.8 72.7 59.7 71.5 95.7 62.9 58.4 69.8 94.1 109.5 110.0 112.0 87.4 80.0 73.4 82.3 100.7 113.0 141.9 130.5 138.5 145.4 157.4 162.1 148.0
-9999.0 -9999.0 -9999.0 -9999.0 -9999.0 -9999.0 -9999.0 -9999.0 -9999.0 4.4 4.7 5.5 2.8 3.2 4.6 5.8 4.6 1.8 5.2 3.8 7.6 11.6 14.2 16.8 20.2 24.4 27.6 32.2 38.4 41.2 49.2 53.8 58.5 62.3 65.7 67.7 68.2 68.7 66.6 66.4 64.5 67.1 65.7 60.6 61.6 58.4 57.2 56.2 57.9 59.6 66.3 68.9 73.1 79.6 104.8 91.3 78.4 83.9 105.2 105.2 111.6 125.3 133.3 97.9 103.9 103.3 106.8 108.4 145.6 131.0 136.4 131.5 141.6 141.6 125.6
-9999.0 -9999.0 -9999.0 -9999.0 -9999.0 -9999.0 -9999.0 -9999.0 -9999.0 -9999.0 -9999.0 2.8 7.4 2.8 4.7 4.4 5.6 7.1 8.5 9.0 9.0 13.4 15.9 21.0 21.2 28.5 32.7 38.9 46.2 53.8 60.2 64.0 71.5 75.9 79.4 81.1 81.7 80.1 79.5 73.2 72.6 70.1 68.8 67.1 74.2 67.4 74.1 68.9 68.8 66.5 64.9 71.4 81.8 98.6 118.2 124.5 119.1 122.1 112.3 107.5 115.9 120.5 129.1 125.8 131.3 95.4 85.5 110.4 140.2 153.3 145.7 140.8 131.5 115.5 66.0
-9999.0 -9999.0 -9999.0 -9999.0 -9999.0 -9999.0 -9999.0 -9999.0 -9999.0 -9999.0 -9999.0 -9999.0 7.4 7.9 4.5 7.1 3.7 7.6 9.0 7.0 15.4 17.2 20.6 26.3 21.1 36.2 44.6 48.4 57.2 60.6 72.2 79.5 85.1 88.0 92.0 95.3 93.9 93.5 87.3 79.1 73.0 71.7 73.4 77.8 78.9 81.2 83.6 79.5 77.2 74.3 78.4 84.9 94.4 106.4 122.7 135.8 141.9 145.7 113.4 124.5 115.2 125.9 132.7 132.1 113.8 140.1 111.0 144.1 177.2 193.8 164.5 108.1 96.5 88.1 74.2
-9999.0 -9999.0 -9999.0 -9999.0 -9999.0 -9999.0 -9999.0 -9999.0 -9999.0 -9999.0 -9999.0 -9999.0 3.2 9.9 11.6 7.6 12.5 12.3 9.9 13.3 16.6 18.6 24.0 32.1 40.7 46.0 53.9 64.6 71.1 81.3 86.1 89.1 97.6 102.5 105.0 108.9 107.4 106.3 101.4 92.1 82.8 79.6 83.9 84.5 89.9 93.8 93.2 92.9 88.7 88.0 89.1 97.9 108.0 121.1 125.5 137.2 136.9 140.7 124.4 117.3 112.0 114.1 127.0 139.0 101.9 120.6 145.6 204.6 246.7 251.4 242.4 215.2 177.9 143.0 96.8
-9999.0 -9999.0 -9999.0 -9999.0 -9999.0 -9999.0 -9999.0 -9999.0 -9999.0 -9999.0 -9999.0 -9999.0 -9999.0 8.5 5.9 13.9 11.7 15.6 18.1 20.5 22.2 28.6 29.8 40.7 47.3 49.4 58.6 64.3 79.2 90.4 102.2 109.2 107.8 110.7 118.2 119.9 121.5 119.7 106.4 104.0 95.7 92.1 93.5 98.1 101.8 104.0 107.3 109.5 109.6 109.0 111.1 118.1 126.2 136.0 140.0 139.1 133.2 138.4 152.7 140.1 131.7 117.5 124.6 97.5 100.7 117.9 160.6 264.2 308.2 302.8 211.9 193.4 196.3 149.7 105.6
-9999.0 -9999.0 -9999.0 -9999.0 -9999.0 -9999.0 -9999.0 -9999.0 -9999.0 -9999.0 -9999.0 -9999.0 8.3 5.5 8.0 13.8 9.7 15.1 17.9 25.6 29.5 34.1 38.7 47.0 56.4 59.1 71.7 85.4 96.5 105.0 115.1 124.9 117.7 123.8 122.0 125.3 123.2 130.8 125.8 113.7 101.9 98.6 101.0 111.5 116.5 120.5 123.8 127.8 130.5 131.8 132.6 136.3 144.3 146.3 142.8 136.8 140.8 113.7 136.6 131.8 135.6 144.1 128.1 142.3 108.6 124.1 361.2 376.6 326.6 290.3 277.1 234.3 160.7 106.8 111.4
-9999.0 -9999.0 -9999.0 -9999.0 -9999.0 -9999.0 -9999.0 -9999.0 -9999.0 -9999.0 -9999.0 -9999.0 6.5 14.1 14.0 6.8 10.5 20.8 24.1 24.5 33.7 36.1 43.4 52.0 63.9 75.7 87.1 99.5 111.3 124.5 134.0 137.4 129.8 135.7 130.2 124.8 129.0 130.8 128.0 119.3 110.8 113.3 120.5 127.5 132.9 135.9 135.7 139.9 143.3 151.0 152.5 151.3 156.2 153.0 145.4 131.3 132.5 139.2 135.4 162.7 177.6 190.3 123.5 95.7 100.1 267.9 238.3 382.7 334.1 269.1 227.7 184.9 142.4 134.5 122.5
-9999.0 -9999.0 -9999.0 -9999.0 -9999.0 -9999.0 -9999.0 -9999.0 -9999.0 -9999.0 -9999.0 -9999.0 14.4 10.2 17.1 17.7 20.3 15.4 23.8 27.8 26.6 32.0 47.1 52.8 66.6 72.2 89.0 94.6 121.9 134.7 145.3 138.9 150.0 146.4 134.5 122.5 121.6 124.5 126.1 115.0 116.4 133.2 127.5 153.5 147.6 140.0 138.1 144.1 148.7 149.8 151.7 155.9 152.3 156.8 155.3 131.9 138.5 149.8 165.2 158.6 169.6 176.0 239.2 110.5 133.0 367.2 339.9 289.8 246.1 207.0 176.0 167.3 137.6 130.7 120.5
-9999.0 -9999.0 -9999.0 -9999.0 -9999.0 -9999.0 -9999.0 -9999.0 -9999.0 -9999.0 -9999.0 -9999.0 -9999.0 5.7 9.3 18.5 19.9 24.4 23.4 26.0 22.4 39.5 43.6 50.7 71.2 81.8 97.0 113.8 123.2 145.4 144.6 154.0 150.2 150.2 132.3 108.9 107.4 122.6 124.0 128.8 133.4 122.2 127.6 144.1 156.6 146.4 134.5 130.3 127.8 129.8 134.5 140.7 146.4 142.1 155.4 158.4 135.7 145.7 175.8 228.0 231.9 313.0 252.1 102.8 259.1 268.0 240.2 195.1 169.9 161.2 148.7 125.7 120.9 100.0 143.4
-9999.0 -9999.0 -9999.0 -9999.0 -9999.0 -9999.0 -9999.0 -9999.0 -9999.0 -9999.0 -9999.0 -9999.0 -9999.0 17.6 10.9 19.2 14.8 25.9 28.9 30.9 25.9 33.1 39.9 53.5 76.5 85.1 97.4 117.8 130.3 117.1 135.8 145.7 157.4 146.9 122.2 110.9 117.8 126.1 123.7 105.3 140.4 146.1 151.5 150.0 124.1 129.8 117.2 100.9 99.4 102.1 112.8 112.7 130.3 144.4 157.4 158.1 142.6 155.1 196.6 155.4 259.6 177.1 165.1 268.7 237.9 199.6 161.7 131.8 118.7 117.3 117.5 107.1 97.2 118.7 167.4
-9999.0 -9999.0 -9999.0 -9999.0 -9999.0 -9999.0 -9999.0 -9999.0 -9999.0 -9999.0 -9999.0 -9999.0 -9999.0 -9999.0 -9999.0 19.1 23.3 23.8 29.9 36.4 32.2 44.0 53.0 60.2 68.2 81.5 77.7 103.7 101.8 136.5 138.9 149.2 129.0 127.1 126.9 101.1 94.6 146.2 143.8 144.8 125.8 128.5 139.8 143.8 142.2 115.8 96.7 71.5 78.3 68.0 84.8 109.8 111.1 125.5 98.5 147.1 159.2 104.8 221.4 270.4 153.8 216.5 379.6 323.3 262.4 196.4 141.8 106.0 89.9 94.1 95.5 88.7 105.2 136.4 192.4
-9999.0 -9999.0 -9999.0 -9999.0 -9999.0 -9999.0 -9999.0 -9999.0 -9999.0 -9999.0 -9999.0 -9999.0 -9999.0 -9999.0 -9999.0 -9999.0 -9999.0 19.4 35.3 -9999.0 47.6 43.5 58.7 67.4 67.7 80.7 74.9 97.4 120.9 118.2 136.8 153.8 117.7 151.6 154.3 123.9 93.5 171.2 145.4 144.7 135.8 116.5 129.9 133.1 143.4 104.3 98.4 75.3 58.1 66.3 65.5 79.1 75.1 119.3 140.7 159.7 149.1 207.0 227.5 271.4 177.1 328.2 439.5 400.0 298.8 210.8 151.3 114.0 92.2 85.8 74.3 86.0 107.5 149.0 222.3
-9999.0 -9999.0 -9999.0 -9999.0 -9999.0 -9999.0 -9999.0 -9999.0 -9999.0 -9999.0 -9999.0 -9999.0 -9999.0 -9999.0 -9999.0 -9999.0 -9999.0 -9999.0 -9999.0 -9999.0 -9999.0 51.6 53.9 49.0 67.7 89.3 98.8 108.4 115.5 132.2 135.7 156.6 156.2 147.9 148.8 122.8 127.5 140.7 165.0 191.3 181.7 104.8 102.4 106.4 137.0 89.8 121.0 63.7 68.2 87.4 69.2 97.7 112.2 103.0 134.7 172.9 197.3 192.4 283.0 251.5 223.5 272.6 418.0 393.1 310.8 219.5 167.5 142.3 116.4 96.8 80.4 82.3 110.7 160.5 214.7
-9999.0 -9999.0 -9999.0 -9999.0 -9999.0 -9999.0 -9999.0 -9999.0 -9999.0 -9999.0 -9999.0 -9999.0 -9999.0 -9999.0 -9999.0 -9999.0 -9999.0 -9999.0 -9999.0 -9999.0 -9999.0 -9999.0 -9999.0 72.4 74.7 85.5 94.9 101.5 98.5 119.7 122.6 123.1 99.7 114.9 101.1 101.6 92.8 116.4 98.9 91.8 93.6 83.0 97.6 110.4 131.1 151.0 98.8 79.8 86.5 93.0 80.4 94.2 97.2 118.7 136.0 145.3 197.9 241.4 156.9 253.2 173.1 188.3 207.2 274.8 248.5 200.1 164.5 161.7 140.5 112.4 79.9 85.3 120.0 173.5 185.9
-9999.0 -9999.0 -9999.0 -9999.0 -9999.0 -9999.0 -9999.0 -9999.0 -9999.0 -9999.0 -9999.0 -9999.0 -9999.0 -9999.0 -9999.0 -9999.0 -9999.0 -9999.0 -9999.0 -9999.0 -9999.0 -9999.0 -9999.0 -9999.0 -9999.0 80.0 96.6 67.1 80.4 71.4 98.7 120.0 123.3 108.6 113.3 86.2 65.0 92.8 75.0 84.5 67.5 78.9 147.4 134.4 161.0 160.3 141.8 152.3 80.6 104.6 93.4 104.1 123.7 141.0 145.2 170.7 206.2 208.2 254.8 243.0 204.1 173.5 306.0 226.3 202.0 177.4 161.2 163.8 125.4 89.1 79.2 85.9 116.1 161.8 179.5
-9999.0 -9999.0 -9999.0 -9999.0 -9999.0 -9999.0 -9999.0 -9999.0 -9999.0 -9999.0 -9999.0 -9999.0 -9999.0 -9999.0 -9999.0 -9999.0 -9999.0 -9999.0 -9999.0 -9999.0 -9999.0 -9999.0 -9999.0 -9999.0 -9999.0 -9999.0 -9999.0 83.8 95.0 113.0 117.3 121.2 85.3 126.5 96.2 139.0 95.9 93.2 115.4 81.4 65.2 93.3 146.8 167.4 168.9 169.3 168.1 167.9 166.7 145.3 150.6 142.0 137.0 146.6 166.9 198.0 213.1 223.2 243.8 202.8 179.4 170.9 117.1 125.4 154.6 168.0 171.2 159.9 127.5 88.6 75.6 79.3 100.1 133.8 107.0
-9999.0 -9999.0 -9999.0 -9999.0 -9999.0 -9999.0 -9999.0 -9999.0 -9999.0 -9999.0 -9999.0 -9999.0 -9999.0 -9999.0 -9999.0 -9999.0 -9999.0 -9999.0 -9999.0 -9999.0 -9999.0 -9999.0 -9999.0 -9999.0 -9999.0 -9999.0 -9999.0 -9999.0 -9999.0 -9999.0 -9999.0 -9999.0 -9999.0 121.5 99.1 -9999.0 -9999.0 -9999.0 129.0 93.1 119.2 140.5 134.5 168.5 170.9 176.5 -9999.0 -9999.0 -9999.0 -9999.0 -9999.0 -9999.0 162.7 179.6 181.4 208.9 237.0 265.7 244.9 230.7 189.0 169.4 110.9 110.1 129.4 154.5 169.3 150.4 105.2 84.0 85.8 88.0 112.8 102.7 117.1
-9999.0 -9999.0 -9999.0 -9999.0 -9999.0 -9999.0 -9999.0 -9999.0 -9999.0 -9999.0 -9999.0 -9999.0 -9999.0 -9999.0 -9999.0 -9999.0 -9999.0 -9999.0 -9999.0 -9999.0 -9999.0 -9999.0 -9999.0 -9999.0 -9999.0 -9999.0 -9999.0 -9999.0 -9999.0 -9999.0 -9999.0 -9999.0 -9999.0 -9999.0 -9999.0 -9999.0 -9999.0 -9999.0 -9999.0 125.9 136.5 145.8 155.5 165.8 -9999.0 -9999.0 -9999.0 -9999.0 -9999.0 -9999.0 -9999.0 -9999.0 198.5 213.3 212.0 220.3 248.8 275.7 286.5 263.8 213.8 173.8 148.9 115.3 138.5 156.9 166.9 147.7 104.6 80.9 95.0 126.9 132.3 136.0 89.5
-9999.0 -9999.0 -9999.0 -9999.0 -9999.0 -9999.0 -9999.0 -9999.0 -9999.0 -9999.0 -9999.0 -9999.0 -9999.0 -9999.0 -9999.0 -9999.0 -9999.0 -9999.0 -9999.0 -9999.0 -9999.0 -9999.0 -9999.0 -9999.0 -9999.0 -9999.0 -9999.0 -9999.0 -9999.0 -9999.0 -9999.0 -9999.0 -9999.0 -9999.0 -9999.0 -9999.0 -9999.0 -9999.0 -9999.0 -9999.0 -9999.0 -9999.0 -9999.0 -9999.0 -9999.0 -9999.0 -9999.0 -9999.0 -9999.0 -9999.0 -9999.0 -9999.0 224.4 251.8 237.1 255.0 240.9 253.2 268.4 265.3 222.8 180.1 220.3 131.4 142.5 161.0 179.8 164.6 131.3 127.3 163.2 199.5 190.1 167.4 147.2
-9999.0 -9999.0 -9999.0 -9999.0 -9999.0 -9999.0 -9999.0 -9999.0 -9999.0 -9999.0 -9999.0 -9999.0 -9999.0 -9999.0 -9999.0 -9999.0 -9999.0 -9999.0 -9999.0 -9999.0 -9999.0 -9999.0 -9999.0 -9999.0 -9999.0 -9999.0 -9999.0 -9999.0 -9999.0 -9999.0 -9999.0 -9999.0 -9999.0 -9999.0 -9999.0 -9999.0 -9999.0 -9999.0 -9999.0 -9999.0 -9999.0 -9999.0 -9999.0 -9999.0 -9999.0 -9999.0 -9999.0 -9999.0 -9999.0 -9999.0 -9999.0 276.6 282.0 286.8 232.4 236.7 226.4 255.9 255.5 206.0 253.8 209.0 147.6 141.0 153.0 178.1 194.1 182.1 192.7 230.6 280.3 285.7 233.8 173.4 174.3
-9999.0 -9999.0 -9999.0 -9999.0 -9999.0 -9999.0 -9999.0 -9999.0 -9999.0 -9999.0 -9999.0 -9999.0 -9999.0 -9999.0 -9999.0 -9999.0 -9999.0 -9999.0 -9999.0 -9999.0 -9999.0 -9999.0 -9999.0 -9999.0 -9999.0 -9999.0 -9999.0 -9999.0 -9999.0 -9999.0 -9999.0 -9999.0 -9999.0 -9999.0 -9999.0 -9999.0 -9999.0 -9999.0 -9999.0 -9999.0 -9999.0 -9999.0 -9999.0 -9999.0 -9999.0 -9999.0 -9999.0 -9999.0 -9999.0 -9999.0 281.5 332.0 326.9 316.0 259.0 251.4 207.8 201.2 249.9 282.7 239.3 217.4 159.3 155.9 174.4 194.7 207.1 212.3 267.6 355.6 393.2 348.1 267.7 225.8 198.9
-9999.0 -9999.0 -9999.0 -9999.0 -9999.0 -9999.0 -9999.0 -9999.0 -9999.0 -9999.0 -9999.0 -9999.0 -9999.0 -9999.0 -9999.0 -9999.0 -9999.0 -9999.0 -9999.0 -9999.0 -9999.0 -9999.0 -9999.0 -9999.0 -9999.0 -9999.0 -9999.0 -9999.0 -9999.0 -9999.0 -9999.0 -9999.0 -9999.0 -9999.0 -9999.0 -9999.0 -9999.0 -9999.0 -9999.0 -9999.0 -9999.0 -9999.0 -9999.0 -9999.0 -9999.0 -9999.0 -9999.0 -9999.0 -9999.0 -9999.0 306.0 389.7 328.7 329.2 308.3 259.6 217.3 293.2 314.3 279.9 217.6 188.9 148.4 159.3 183.3 175.2 203.3 227.4 331.6 429.1 460.3 389.8 298.6 242.8 208.3
-9999.0 -9999.0 -9999.0 -9999.0 -9999.0 -9999.0 -9999.0 -9999.0 -9999.0 -9999.0 -9999.0 -9999.0 -9999.0 -9999.0 -9999.0 -9999.0 -9999.0 -9999.0 -9999.0 -9999.0 -9999.0 -9999.0 -9999.0 -9999.0 -9999.0 -9999.0 -9999.0 -9999.0 -9999.0 -9999.0 -9999.0 -9999.0 -9999.0 -9999.0 -9999.0 -9999.0 -9999.0 -9999.0 -9999.0 -9999.0 -9999.0 -9999.0 -9999.0 -9999.0 -9999.0 -9999.0 -9999.0 -9999.0 -9999.0 -9999.0 310.6 369.5 341.3 413.9 294.6 276.5 371.1 350.8 372.0 250.6 224.8 189.1 154.0 142.4 175.4 193.0 211.2 259.6 346.3 446.6 450.5 392.5 290.6 237.1 195.9
-9999.0 -9999.0 -9999.0 -9999.0 -9999.0 -9999.0 -9999.0 -9999.0 -9999.0 -9999.0 -9999.0 -9999.0 -9999.0 -9999.0 -9999.0 -9999.0 -9999.0 -9999.0 -9999.0 -9999.0 -9999.0 -9999.0 -9999.0 -9999.0 -9999.0 -9999.0 -9999.0 -9999.0 -9999.0 -9999.0 -9999.0 -9999.0 -9999.0 -9999.0 -9999.0 -9999.0 -9999.0 -9999.0 -9999.0 -9999.0 -9999.0 -9999.0 -9999.0 -9999.0 -9999.0 -9999.0 -9999.0 -9999.0 -9999.0 -9999.0 410.2 468.3 423.7 420.6 388.3 428.0 345.5 427.9 409.2 251.5 224.5 160.3 102.1 145.4 185.1 214.0 252.4 297.8 364.9 341.7 377.4 326.8 267.9 217.8 184.6
-9999.0 -9999.0 -9999.0 -9999.0 -9999.0 -9999.0 -9999.0 -9999.0 -9999.0 -9999.0 -9999.0 -9999.0 -9999.0 -9999.0 -9999.0 -9999.0 -9999.0 -9999.0 -9999.0 -9999.0 -9999.0 -9999.0 -9999.0 -9999.0 -9999.0 -9999.0 -9999.0 -9999.0 -9999.0 -9999.0 -9999.0 -9999.0 -9999.0 -9999.0 -9999.0 -9999.0 -9999.0 -9999.0 -9999.0 -9999.0 -9999.0 -9999.0 -9999.0 -9999.0 -9999.0 -9999.0 -9999.0 -9999.0 -9999.0 -9999.0 -9999.0 -9999.0 -9999.0 440.9 414.8 414.3 459.8 508.9 362.2 287.6 349.3 142.4 207.5 197.5 224.1 246.0 282.3 285.1 326.0 323.0 292.0 263.5 238.2 221.0 205.1
-9999.0 -9999.0 -9999.0 -9999.0 -9999.0 -9999.0 -9999.0 -9999.0 -9999.0 -9999.0 -9999.0 -9999.0 -9999.0 -9999.0 -9999.0 -9999.0 -9999.0 -9999.0 -9999.0 -9999.0 -9999.0 -9999.0 -9999.0 -9999.0 -9999.0 -9999.0 -9999.0 -9999.0 -9999.0 -9999.0 -9999.0 -9999.0 -9999.0 -9999.0 -9999.0 -9999.0 -9999.0 -9999.0 -9999.0 -9999.0 -9999.0 -9999.0 -9999.0 -9999.0 -9999.0 -9999.0 -9999.0 -9999.0 -9999.0 -9999.0 -9999.0 -9999.0 -9999.0 484.0 430.3 631.0 463.3 432.1 463.1 493.2 324.5 233.8 326.8 268.9 283.3 282.9 232.1 301.2 246.8 240.8 235.8 257.0 271.5 281.9 283.1
-9999.0 -9999.0 -9999.0 -9999.0 -9999.0 -9999.0 -9999.0 -9999.0 -9999.0 -9999.0 -9999.0 -9999.0 -9999.0 -9999.0 -9999.0 -9999.0 -9999.0 -9999.0 -9999.0 -9999.0 -9999.0 -9999.0 -9999.0 -9999.0 -9999.0 -9999.0 -9999.0 -9999.0 -9999.0 -9999.0 -9999.0 -9999.0 -9999.0 -9999.0 -9999.0 -9999.0 -9999.0 -9999.0 -9999.0 -9999.0 -9999.0 -9999.0 -9999.0 -9999.0 -9999.0 -9999.0 -9999.0 -9999.0 -9999.0 -9999.0 -9999.0 -9999.0 -9999.0 499.2 358.6 499.4 451.8 413.5 461.6 444.9 475.1 427.6 473.6 451.7 292.0 -9999.0 -9999.0 -9999.0 238.7 212.5 252.3 321.5 384.4 409.1 374.3
-9999.0 -9999.0 -9999.0 -9999.0 -9999.0 -9999.0 -9999.0 -9999.0 -9999.0 -9999.0 -9999.0 -9999.0 -9999.0 -9999.0 -9999.0 -9999.0 -9999.0 -9999.0 -9999.0 -9999.0 -9999.0 -9999.0 -9999.0 -9999.0 -9999.0 -9999.0 -9999.0 -9999.0 -9999.0 -9999.0 -9999.0 -9999.0 -9999.0 -9999.0 -9999.0 -9999.0 -9999.0 -9999.0 -9999.0 -9999.0 -9999.0 -9999.0 -9999.0 -9999.0 -9999.0 -9999.0 -9999.0 -9999.0 -9999.0 -9999.0 -9999.0 -9999.0 -9999.0 -9999.0 450.4 414.0 304.9 301.2 452.2 555.3 397.4 -9999.0 -9999.0 -9999.0 -9999.0 -9999.0 -9999.0 -9999.0 207.8 232.3 294.9 384.5 462.7 452.8 373.4
-9999.0 -9999.0 -9999.0 -9999.0 -9999.0 -9999.0 -9999.0 -9999.0 -9999.0 -9999.0 -9999.0 -9999.0 -9999.0 -9999.0 -9999.0 -9999.0 -9999.0 -9999.0 -9999.0 -9999.0 -9999.0 -9999.0 -9999.0 -9999.0 -9999.0 -9999.0 -9999.0 -9999.0 -9999.0 -9999.0 -9999.0 -9999.0 -9999.0 -9999.0 -9999.0 -9999.0 -9999.0 -9999.0 -9999.0 -9999.0 -9999.0 -9999.0 -9999.0 -9999.0 -9999.0 -9999.0 -9999.0 -9999.0 -9999.0 -9999.0 -9999.0 -9999.0 -9999.0 -9999.0 -9999.0 340.2 475.3 350.3 353.0 465.5 464.2 -9999.0 -9999.0 -9999.0 -9999.0 -9999.0 -9999.0 -9999.0 -9999.0 -9999.0 289.3 -9999.0 -9999.0 -9999.0 -9999.0
