program/excelProcessViaJava/data/SURF_CLI_CHN_PRE_MON_GRID_0.5-199702.txt
NCOLS      128
NROWS       72
XLLCORNER    72.000000000000    
YLLCORNER    18.000000000000    
CELLSIZE    0.50000000000000    
NODATA_VALUE   -9999.000    
[rows 35 to 69 of 72, columns 0 to 78 of 128]
-9999.0 -9999.0 -9999.0 -9999.0 -9999.0 -9999.0 -9999.0 0.3 1.0 0.6 2.5 2.2 0.5 0.6 0.4 0.1 0.1 0.0 0.0 0.0 0.0 0.1 0.1 0.1 0.1 0.1 0.1 0.2 0.2 0.4 0.4 0.4 0.5 0.7 1.1 0.8 1.8 1.7 3.2 3.9 1.3 5.2 4.2 1.8 0.6 0.2 0.2 0.1 0.2 0.3 0.6 1.0 1.3 4.4 3.7 2.2 2.5 2.5 3.9 2.5 4.5 2.1 0.9 1.0 2.2 1.0 3.0 5.0 4.7 7.6 8.5 10.1 12.3 12.8 11.4 10.8 10.4 11.0 11.5
-9999.0 -9999.0 -9999.0 -9999.0 -9999.0 -9999.0 -9999.0 1.8 0.2 0.9 1.5 0.8 1.1 1.9 0.8 2.2 0.4 0.2 0.7 0.1 0.1 0.2 0.1 0.1 0.1 0.2 0.2 0.3 0.2 0.3 0.5 0.6 0.7 1.2 0.9 1.2 1.2 2.1 2.5 2.6 3.3 3.5 4.0 7.0 2.0 0.6 0.8 0.9 2.8 2.0 5.7 4.4 2.2 3.1 5.9 3.3 3.6 4.4 5.5 5.9 4.8 4.7 2.4 2.5 2.2 2.9 4.0 4.9 9.6 7.4 10.6 13.1 15.0 15.9 14.2 15.3 14.4 14.4 16.5
-9999.0 -9999.0 -9999.0 -9999.0 -9999.0 -9999.0 -9999.0 -9999.0 -9999.0 0.6 0.6 0.5 1.3 1.1 0.7 0.4 0.7 1.9 0.6 1.1 0.4 0.2 0.2 0.2 0.2 0.2 0.3 0.4 0.3 0.7 0.4 0.6 0.7 1.1 0.8 1.0 1.1 1.8 1.9 2.7 2.8 3.8 3.6 3.0 3.7 3.3 3.2 3.2 4.0 4.8 6.5 5.1 4.3 4.5 7.7 5.5 5.1 5.7 7.7 7.2 6.4 6.4 6.3 2.8 3.8 4.1 4.1 4.4 10.7 9.9 13.9 15.5 16.4 17.9 19.6 18.4 18.8 18.0 17.5
-9999.0 -9999.0 -9999.0 -9999.0 -9999.0 -9999.0 -9999.0 -9999.0 -9999.0 -9999.0 -9999.0 1.0 0.3 1.2 0.7 0.9 0.7 0.5 0.4 0.5 0.6 0.4 0.4 0.4 0.6 0.5 0.6 0.7 0.6 0.6 0.7 1.2 0.9 1.1 1.0 2.1 1.4 1.7 4.6 2.8 4.3 3.9 3.6 3.4 6.5 3.9 7.8 5.8 8.1 8.7 7.2 7.2 7.1 8.7 11.4 10.1 9.0 9.7 9.3 8.6 8.2 6.4 5.2 4.4 5.9 3.8 2.0 4.0 8.5 12.5 16.2 18.5 17.6 17.6 19.5 22.2 22.9 21.2 18.3
-9999.0 -9999.0 -9999.0 -9999.0 -9999.0 -9999.0 -9999.0 -9999.0 -9999.0 -9999.0 -9999.0 -9999.0 0.3 0.3 0.8 0.5 1.2 0.6 0.6 1.0 0.4 0.5 0.5 0.5 1.3 0.6 0.6 0.8 0.8 1.3 1.0 1.1 1.2 1.9 2.1 1.9 3.6 2.2 2.0 2.2 2.8 3.6 4.2 6.0 6.2 7.3 9.4 6.8 9.4 11.9 16.3 14.7 11.5 10.6 12.1 12.9 12.9 13.6 9.9 11.1 9.3 9.3 8.8 7.4 5.9 10.7 4.4 6.4 10.0 14.4 18.1 19.4 17.4 18.4 21.5 30.5 26.2 25.0 20.8
-9999.0 -9999.0 -9999.0 -9999.0 -9999.0 -9999.0 -9999.0 -9999.0 -9999.0 -9999.0 -9999.0 -9999.0 0.6 0.2 0.2 0.5 0.3 0.4 0.6 0.5 0.5 0.6 0.7 0.7 0.7 0.8 0.8 0.8 0.9 0.8 1.2 1.8 1.8 2.0 2.4 2.2 3.5 3.7 3.2 3.3 3.3 4.1 7.6 6.4 9.5 12.7 9.9 9.6 8.4 14.7 15.8 17.0 13.6 14.7 12.5 14.0 13.2 13.7 11.5 10.9 10.3 9.7 11.8 15.1 7.0 10.2 2.7 5.5 10.2 16.0 23.4 33.8 38.4 30.2 29.1 25.1 23.8 28.6 26.7
-9999.0 -9999.0 -9999.0 -9999.0 -9999.0 -9999.0 -9999.0 -9999.0 -9999.0 -9999.0 -9999.0 -9999.0 -9999.0 0.1 0.4 0.2 0.3 0.3 0.3 0.3 0.4 0.5 0.7 0.8 0.9 1.0 1.0 1.2 1.1 1.2 1.2 1.4 2.4 3.0 2.4 2.8 3.0 3.7 9.0 5.9 6.1 8.3 9.3 13.7 12.1 11.4 14.7 17.6 19.3 19.4 19.3 15.7 14.9 21.8 18.3 16.5 15.3 15.8 17.9 15.9 16.0 15.0 17.7 12.7 3.1 6.2 9.1 11.6 19.1 23.8 24.1 27.8 34.4 34.8 36.5 27.0 24.4 23.9 21.6
-9999.0 -9999.0 -9999.0 -9999.0 -9999.0 -9999.0 -9999.0 -9999.0 -9999.0 -9999.0 -9999.0 -9999.0 0.1 0.1 0.1 0.1 0.2 0.2 0.2 0.3 0.4 0.6 0.7 1.0 1.2 1.1 1.0 1.0 0.9 1.0 1.2 1.4 2.8 3.0 3.9 3.8 5.5 3.8 4.1 5.5 11.4 16.7 21.1 13.1 16.3 17.6 16.0 13.7 16.5 17.9 22.3 24.5 17.5 19.6 18.0 18.0 18.7 17.3 18.8 18.7 21.1 25.1 25.6 30.3 20.9 12.1 12.8 20.7 28.8 36.0 40.6 41.0 35.6 24.2 20.3 19.0 20.4 23.3 23.9
-9999.0 -9999.0 -9999.0 -9999.0 -9999.0 -9999.0 -9999.0 -9999.0 -9999.0 -9999.0 -9999.0 -9999.0 0.0 0.0 0.0 0.1 0.1 0.1 0.1 0.2 0.3 0.5 0.8 1.1 1.4 1.5 1.2 1.0 0.8 0.8 0.9 1.3 2.6 2.8 3.9 5.2 5.0 5.7 5.9 5.5 7.6 9.0 11.4 14.7 17.0 19.2 24.2 22.1 20.3 11.6 12.7 18.5 14.6 15.3 17.6 19.1 19.3 20.2 21.4 25.4 30.0 35.4 28.4 20.8 16.9 12.9 16.9 27.0 29.2 28.8 33.1 38.0 38.8 44.3 43.4 25.9 21.5 23.1 26.4
-9999.0 -9999.0 -9999.0 -9999.0 -9999.0 -9999.0 -9999.0 -9999.0 -9999.0 -9999.0 -9999.0 -9999.0 0.0 0.0 0.0 0.0 0.0 0.1 0.1 0.1 0.2 0.4 0.8 1.0 1.4 1.1 1.0 0.7 0.7 0.6 0.7 1.3 1.7 2.6 4.1 6.3 7.5 8.4 7.9 10.1 9.5 8.3 18.1 9.7 16.1 23.7 25.5 18.0 10.4 10.3 11.1 8.3 20.7 20.2 15.7 16.6 17.4 19.0 22.3 24.6 29.2 33.6 46.9 21.4 9.6 24.4 26.0 27.8 27.5 24.8 26.9 41.0 45.3 52.2 75.6 43.0 51.5 23.4 27.0
-9999.0 -9999.0 -9999.0 -9999.0 -9999.0 -9999.0 -9999.0 -9999.0 -9999.0 -9999.0 -9999.0 -9999.0 -9999.0 0.0 0.0 0.0 0.0 0.0 0.0 0.1 0.3 0.4 0.7 1.0 1.7 1.4 1.1 0.8 0.4 0.4 0.4 0.7 1.6 2.5 4.8 10.0 12.3 11.1 12.1 10.5 10.4 20.8 25.5 21.7 13.0 13.5 18.2 6.4 14.5 11.1 4.5 11.0 8.2 5.9 10.4 10.9 10.1 12.3 18.2 28.1 33.4 51.4 43.0 12.0 19.2 20.8 24.3 26.3 25.2 26.0 27.8 30.9 40.9 31.6 38.5 30.8 28.9 28.7 32.7
-9999.0 -9999.0 -9999.0 -9999.0 -9999.0 -9999.0 -9999.0 -9999.0 -9999.0 -9999.0 -9999.0 -9999.0 -9999.0 0.0 0.0 0.0 0.0 0.0 0.0 0.1 0.2 0.5 0.9 1.3 2.6 1.8 1.2 0.9 0.3 0.2 0.2 0.4 0.8 2.1 5.7 9.2 10.2 12.3 15.7 24.2 14.6 16.9 18.9 19.6 30.2 15.9 13.5 4.7 5.6 4.6 6.5 0.9 3.8 6.0 7.0 4.9 3.6 6.3 13.8 14.0 31.3 20.4 19.4 28.6 20.9 18.9 23.3 28.8 29.1 28.6 30.7 31.3 31.9 35.3 37.7 43.5 54.7 40.2 37.2
-9999.0 -9999.0 -9999.0 -9999.0 -9999.0 -9999.0 -9999.0 -9999.0 -9999.0 -9999.0 -9999.0 -9999.0 -9999.0 -9999.0 -9999.0 0.0 0.0 0.0 0.0 0.2 0.3 1.0 2.0 2.4 2.3 2.1 0.8 0.5 0.2 0.1 0.1 0.1 0.9 2.3 3.8 10.5 16.0 7.7 11.7 13.3 20.4 22.5 20.5 17.3 9.0 5.6 8.9 1.7 4.3 0.2 1.0 6.0 0.9 1.0 0.1 0.7 1.2 0.8 11.0 21.8 13.1 15.9 46.1 36.6 26.4 22.7 27.8 35.7 34.1 32.9 33.4 30.7 39.6 44.7 46.4 63.5 67.4 75.7 59.7
-9999.0 -9999.0 -9999.0 -9999.0 -9999.0 -9999.0 -9999.0 -9999.0 -9999.0 -9999.0 -9999.0 -9999.0 -9999.0 -9999.0 -9999.0 -9999.0 -9999.0 15.4 2.3 -9999.0 3.6 1.9 5.2 6.4 3.9 3.6 1.3 0.6 0.2 0.0 0.0 0.0 0.6 0.5 0.8 3.9 13.8 1.7 8.0 10.1 13.5 21.3 16.7 12.9 8.8 5.9 14.0 9.8 1.2 1.7 0.3 0.2 0.3 0.4 0.4 0.4 0.1 3.5 8.4 18.7 2.6 17.9 42.1 42.1 32.2 27.2 31.2 35.9 33.4 31.1 30.3 43.0 52.3 56.2 65.5 77.7 81.3 83.5 83.8
-9999.0 -9999.0 -9999.0 -9999.0 -9999.0 -9999.0 -9999.0 -9999.0 -9999.0 -9999.0 -9999.0 -9999.0 -9999.0 -9999.0 -9999.0 -9999.0 -9999.0 -9999.0 -9999.0 -9999.0 -9999.0 6.9 6.7 4.7 7.1 12.4 8.1 3.7 0.6 0.2 0.0 0.1 0.1 0.4 0.9 2.8 2.7 2.5 1.8 1.0 1.8 16.5 17.3 13.2 11.1 7.7 42.1 3.7 8.4 38.1 1.1 5.3 3.0 0.1 0.2 0.9 1.5 1.6 14.6 16.3 1.9 10.1 30.7 38.3 38.5 36.0 36.7 35.3 30.8 28.2 31.0 46.8 56.5 65.8 68.8 73.8 79.9 86.2 97.6
-9999.0 -9999.0 -9999.0 -9999.0 -9999.0 -9999.0 -9999.0 -9999.0 -9999.0 -9999.0 -9999.0 -9999.0 -9999.0 -9999.0 -9999.0 -9999.0 -9999.0 -9999.0 -9999.0 -9999.0 -9999.0 -9999.0 -9999.0 44.6 19.8 20.1 15.6 7.5 1.1 0.4 0.0 0.0 0.5 1.0 3.5 5.1 8.2 3.8 9.0 11.9 10.7 15.8 8.4 6.7 13.5 70.0 15.6 9.9 15.8 21.3 5.0 3.9 3.5 1.7 0.8 0.1 1.5 6.4 2.2 17.5 8.7 20.8 29.0 27.7 35.3 43.2 42.7 36.4 35.3 29.7 43.4 50.2 58.6 68.1 67.0 71.8 84.3 95.5 106.9
-9999.0 -9999.0 -9999.0 -9999.0 -9999.0 -9999.0 -9999.0 -9999.0 -9999.0 -9999.0 -9999.0 -9999.0 -9999.0 -9999.0 -9999.0 -9999.0 -9999.0 -9999.0 -9999.0 -9999.0 -9999.0 -9999.0 -9999.0 -9999.0 -9999.0 100.5 46.4 4.8 2.6 1.3 0.3 0.4 0.8 1.8 3.2 7.2 15.8 6.7 12.9 7.8 15.2 7.3 11.6 12.5 48.2 85.6 54.5 122.9 8.2 22.4 7.7 7.6 7.2 6.4 5.6 2.4 3.3 3.3 12.2 18.5 27.6 38.0 62.2 26.1 35.2 45.5 45.0 40.4 40.0 42.6 42.1 50.2 51.3 63.7 68.6 74.0 84.9 101.8 121.0
-9999.0 -9999.0 -9999.0 -9999.0 -9999.0 -9999.0 -9999.0 -9999.0 -9999.0 -9999.0 -9999.0 -9999.0 -9999.0 -9999.0 -9999.0 -9999.0 -9999.0 -9999.0 -9999.0 -9999.0 -9999.0 -9999.0 -9999.0 -9999.0 -9999.0 -9999.0 -9999.0 121.9 102.2 25.0 12.4 7.7 2.7 7.1 5.6 12.4 6.5 6.2 4.7 6.2 9.6 5.0 18.3 51.5 66.3 92.3 121.1 136.4 147.3 69.2 133.9 135.2 20.8 22.3 12.3 7.2 3.4 2.6 11.1 12.0 13.5 44.1 27.1 29.5 35.4 34.6 38.9 32.7 27.5 30.6 37.0 51.4 47.6 60.0 66.7 78.3 100.4 113.1 108.8
-9999.0 -9999.0 -9999.0 -9999.0 -9999.0 -9999.0 -9999.0 -9999.0 -9999.0 -9999.0 -9999.0 -9999.0 -9999.0 -9999.0 -9999.0 -9999.0 -9999.0 -9999.0 -9999.0 -9999.0 -9999.0 -9999.0 -9999.0 -9999.0 -9999.0 -9999.0 -9999.0 -9999.0 -9999.0 -9999.0 -9999.0 -9999.0 -9999.0 30.2 9.8 -9999.0 -9999.0 -9999.0 15.6 7.6 11.0 19.5 17.0 63.1 88.8 98.5 -9999.0 -9999.0 -9999.0 -9999.0 -9999.0 -9999.0 58.7 17.2 22.4 9.1 3.5 2.2 3.3 5.0 14.7 34.9 28.7 27.8 27.2 28.6 28.8 27.7 26.5 27.0 31.7 47.9 61.5 65.2 83.3 92.2 118.5 115.8 111.1
-9999.0 -9999.0 -9999.0 -9999.0 -9999.0 -9999.0 -9999.0 -9999.0 -9999.0 -9999.0 -9999.0 -9999.0 -9999.0 -9999.0 -9999.0 -9999.0 -9999.0 -9999.0 -9999.0 -9999.0 -9999.0 -9999.0 -9999.0 -9999.0 -9999.0 -9999.0 -9999.0 -9999.0 -9999.0 -9999.0 -9999.0 -9999.0 -9999.0 -9999.0 -9999.0 -9999.0 -9999.0 -9999.0 -9999.0 63.1 60.8 64.0 69.0 74.0 -9999.0 -9999.0 -9999.0 -9999.0 -9999.0 -9999.0 -9999.0 -9999.0 40.4 17.0 12.8 7.6 3.0 1.4 0.9 1.6 5.5 18.1 27.4 23.2 29.3 31.4 33.2 32.2 32.1 38.8 47.0 56.2 62.3 87.9 95.5 111.3 126.2 124.3 131.7
-9999.0 -9999.0 -9999.0 -9999.0 -9999.0 -9999.0 -9999.0 -9999.0 -9999.0 -9999.0 -9999.0 -9999.0 -9999.0 -9999.0 -9999.0 -9999.0 -9999.0 -9999.0 -9999.0 -9999.0 -9999.0 -9999.0 -9999.0 -9999.0 -9999.0 -9999.0 -9999.0 -9999.0 -9999.0 -9999.0 -9999.0 -9999.0 -9999.0 -9999.0 -9999.0 -9999.0 -9999.0 -9999.0 -9999.0 -9999.0 -9999.0 -9999.0 -9999.0 -9999.0 -9999.0 -9999.0 -9999.0 -9999.0 -9999.0 -9999.0 -9999.0 -9999.0 42.2 15.6 10.9 8.6 4.7 2.0 0.9 1.6 2.8 9.1 46.3 25.4 34.4 42.2 46.3 44.3 44.6 48.5 54.7 66.4 96.6 95.7 106.7 106.0 129.1 124.3 118.9
-9999.0 -9999.0 -9999.0 -9999.0 -9999.0 -9999.0 -9999.0 -9999.0 -9999.0 -9999.0 -9999.0 -9999.0 -9999.0 -9999.0 -9999.0 -9999.0 -9999.0 -9999.0 -9999.0 -9999.0 -9999.0 -9999.0 -9999.0 -9999.0 -9999.0 -9999.0 -9999.0 -9999.0 -9999.0 -9999.0 -9999.0 -9999.0 -9999.0 -9999.0 -9999.0 -9999.0 -9999.0 -9999.0 -9999.0 -9999.0 -9999.0 -9999.0 -9999.0 -9999.0 -9999.0 -9999.0 -9999.0 -9999.0 -9999.0 -9999.0 -9999.0 23.3 16.2 13.5 11.3 11.3 9.7 7.8 4.0 0.9 10.8 16.4 21.7 36.7 52.5 67.1 62.5 42.3 48.4 45.4 49.9 61.4 63.9 65.1 78.3 84.0 117.9 100.6 128.3
-9999.0 -9999.0 -9999.0 -9999.0 -9999.0 -9999.0 -9999.0 -9999.0 -9999.0 -9999.0 -9999.0 -9999.0 -9999.0 -9999.0 -9999.0 -9999.0 -9999.0 -9999.0 -9999.0 -9999.0 -9999.0 -9999.0 -9999.0 -9999.0 -9999.0 -9999.0 -9999.0 -9999.0 -9999.0 -9999.0 -9999.0 -9999.0 -9999.0 -9999.0 -9999.0 -9999.0 -9999.0 -9999.0 -9999.0 -9999.0 -9999.0 -9999.0 -9999.0 -9999.0 -9999.0 -9999.0 -9999.0 -9999.0 -9999.0 -9999.0 22.0 11.7 11.5 12.8 13.9 17.6 17.7 11.8 10.8 14.4 15.1 26.3 35.9 54.1 78.6 86.0 70.7 44.6 42.8 31.9 40.2 42.8 47.1 54.8 65.6 86.2 67.1 125.8 102.1
-9999.0 -9999.0 -9999.0 -9999.0 -9999.0 -9999.0 -9999.0 -9999.0 -9999.0 -9999.0 -9999.0 -9999.0 -9999.0 -9999.0 -9999.0 -9999.0 -9999.0 -9999.0 -9999.0 -9999.0 -9999.0 -9999.0 -9999.0 -9999.0 -9999.0 -9999.0 -9999.0 -9999.0 -9999.0 -9999.0 -9999.0 -9999.0 -9999.0 -9999.0 -9999.0 -9999.0 -9999.0 -9999.0 -9999.0 -9999.0 -9999.0 -9999.0 -9999.0 -9999.0 -9999.0 -9999.0 -9999.0 -9999.0 -9999.0 -9999.0 12.7 9.1 9.6 13.8 18.6 23.9 17.7 27.5 27.3 27.3 32.8 40.5 49.5 64.2 78.9 65.2 51.5 30.8 25.2 21.6 29.7 39.3 41.5 35.1 36.5 46.9 82.0 81.5 99.5
-9999.0 -9999.0 -9999.0 -9999.0 -9999.0 -9999.0 -9999.0 -9999.0 -9999.0 -9999.0 -9999.0 -9999.0 -9999.0 -9999.0 -9999.0 -9999.0 -9999.0 -9999.0 -9999.0 -9999.0 -9999.0 -9999.0 -9999.0 -9999.0 -9999.0 -9999.0 -9999.0 -9999.0 -9999.0 -9999.0 -9999.0 -9999.0 -9999.0 -9999.0 -9999.0 -9999.0 -9999.0 -9999.0 -9999.0 -9999.0 -9999.0 -9999.0 -9999.0 -9999.0 -9999.0 -9999.0 -9999.0 -9999.0 -9999.0 -9999.0 9.0 7.1 9.4 14.3 18.9 22.5 32.6 29.5 39.8 39.8 56.1 57.0 53.1 48.9 52.0 44.9 33.4 23.5 16.8 22.0 24.4 42.5 35.9 41.0 37.8 53.4 100.7 87.5 107.9
-9999.0 -9999.0 -9999.0 -9999.0 -9999.0 -9999.0 -9999.0 -9999.0 -9999.0 -9999.0 -9999.0 -9999.0 -9999.0 -9999.0 -9999.0 -9999.0 -9999.0 -9999.0 -9999.0 -9999.0 -9999.0 -9999.0 -9999.0 -9999.0 -9999.0 -9999.0 -9999.0 -9999.0 -9999.0 -9999.0 -9999.0 -9999.0 -9999.0 -9999.0 -9999.0 -9999.0 -9999.0 -9999.0 -9999.0 -9999.0 -9999.0 -9999.0 -9999.0 -9999.0 -9999.0 -9999.0 -9999.0 -9999.0 -9999.0 -9999.0 3.8 4.9 7.2 10.2 13.5 20.5 12.7 25.8 36.6 42.9 64.5 56.4 35.9 31.3 31.6 29.0 27.3 22.9 22.3 12.6 21.8 29.2 35.8 44.4 47.6 68.1 98.4 92.7 118.2
-9999.0 -9999.0 -9999.0 -9999.0 -9999.0 -9999.0 -9999.0 -9999.0 -9999.0 -9999.0 -9999.0 -9999.0 -9999.0 -9999.0 -9999.0 -9999.0 -9999.0 -9999.0 -9999.0 -9999.0 -9999.0 -9999.0 -9999.0 -9999.0 -9999.0 -9999.0 -9999.0 -9999.0 -9999.0 -9999.0 -9999.0 -9999.0 -9999.0 -9999.0 -9999.0 -9999.0 -9999.0 -9999.0 -9999.0 -9999.0 -9999.0 -9999.0 -9999.0 -9999.0 -9999.0 -9999.0 -9999.0 -9999.0 -9999.0 -9999.0 -9999.0 -9999.0 -9999.0 3.6 4.4 6.7 12.1 22.8 22.1 40.5 72.4 48.1 38.8 22.9 20.9 20.3 21.9 18.4 18.5 18.7 20.9 23.6 27.8 38.8 57.2 71.5 88.5 91.9 97.8
-9999.0 -9999.0 -9999.0 -9999.0 -9999.0 -9999.0 -9999.0 -9999.0 -9999.0 -9999.0 -9999.0 -9999.0 -9999.0 -9999.0 -9999.0 -9999.0 -9999.0 -9999.0 -9999.0 -9999.0 -9999.0 -9999.0 -9999.0 -9999.0 -9999.0 -9999.0 -9999.0 -9999.0 -9999.0 -9999.0 -9999.0 -9999.0 -9999.0 -9999.0 -9999.0 -9999.0 -9999.0 -9999.0 -9999.0 -9999.0 -9999.0 -9999.0 -9999.0 -9999.0 -9999.0 -9999.0 -9999.0 -9999.0 -9999.0 -9999.0 -9999.0 -9999.0 -9999.0 0.6 0.9 6.7 6.5 10.2 24.1 50.6 46.6 44.8 30.0 26.4 19.8 17.3 16.9 16.6 13.1 14.7 17.1 19.4 25.1 40.2 65.4 94.5 95.8 105.9 107.3
-9999.0 -9999.0 -9999.0 -9999.0 -9999.0 -9999.0 -9999.0 -9999.0 -9999.0 -9999.0 -9999.0 -9999.0 -9999.0 -9999.0 -9999.0 -9999.0 -9999.0 -9999.0 -9999.0 -9999.0 -9999.0 -9999.0 -9999.0 -9999.0 -9999.0 -9999.0 -9999.0 -9999.0 -9999.0 -9999.0 -9999.0 -9999.0 -9999.0 -9999.0 -9999.0 -9999.0 -9999.0 -9999.0 -9999.0 -9999.0 -9999.0 -9999.0 -9999.0 -9999.0 -9999.0 -9999.0 -9999.0 -9999.0 -9999.0 -9999.0 -9999.0 -9999.0 -9999.0 0.0 0.0 1.2 3.7 6.2 14.6 22.9 33.2 28.9 23.6 17.7 21.1 -9999.0 -9999.0 -9999.0 10.6 10.3 14.0 20.1 29.4 46.5 72.8 102.4 102.7 108.3 167.2
-9999.0 -9999.0 -9999.0 -9999.0 -9999.0 -9999.0 -9999.0 -9999.0 -9999.0 -9999.0 -9999.0 -9999.0 -9999.0 -9999.0 -9999.0 -9999.0 -9999.0 -9999.0 -9999.0 -9999.0 -9999.0 -9999.0 -9999.0 -9999.0 -9999.0 -9999.0 -9999.0 -9999.0 -9999.0 -9999.0 -9999.0 -9999.0 -9999.0 -9999.0 -9999.0 -9999.0 -9999.0 -9999.0 -9999.0 -9999.0 -9999.0 -9999.0 -9999.0 -9999.0 -9999.0 -9999.0 -9999.0 -9999.0 -9999.0 -9999.0 -9999.0 -9999.0 -9999.0 -9999.0 0.0 0.0 0.1 0.2 4.7 12.9 9.1 -9999.0 -9999.0 -9999.0 -9999.0 -9999.0 -9999.0 -9999.0 6.5 8.6 15.3 19.9 31.5 49.7 68.4 83.8 95.2 118.3 152.2
-9999.0 -9999.0 -9999.0 -9999.0 -9999.0 -9999.0 -9999.0 -9999.0 -9999.0 -9999.0 -9999.0 -9999.0 -9999.0 -9999.0 -9999.0 -9999.0 -9999.0 -9999.0 -9999.0 -9999.0 -9999.0 -9999.0 -9999.0 -9999.0 -9999.0 -9999.0 -9999.0 -9999.0 -9999.0 -9999.0 -9999.0 -9999.0 -9999.0 -9999.0 -9999.0 -9999.0 -9999.0 -9999.0 -9999.0 -9999.0 -9999.0 -9999.0 -9999.0 -9999.0 -9999.0 -9999.0 -9999.0 -9999.0 -9999.0 -9999.0 -9999.0 -9999.0 -9999.0 -9999.0 -9999.0 0.0 0.0 0.0 0.0 0.4 1.0 -9999.0 -9999.0 -9999.0 -9999.0 -9999.0 -9999.0 -9999.0 -9999.0 -9999.0 12.3 -9999.0 -9999.0 -9999.0 -9999.0 -9999.0 96.5 -9999.0 -9999.0
-9999.0 -9999.0 -9999.0 -9999.0 -9999.0 -9999.0 -9999.0 -9999.0 -9999.0 -9999.0 -9999.0 -9999.0 -9999.0 -9999.0 -9999.0 -9999.0 -9999.0 -9999.0 -9999.0 -9999.0 -9999.0 -9999.0 -9999.0 -9999.0 -9999.0 -9999.0 -9999.0 -9999.0 -9999.0 -9999.0 -9999.0 -9999.0 -9999.0 -9999.0 -9999.0 -9999.0 -9999.0 -9999.0 -9999.0 -9999.0 -9999.0 -9999.0 -9999.0 -9999.0 -9999.0 -9999.0 -9999.0 -9999.0 -9999.0 -9999.0 -9999.0 -9999.0 -9999.0 -9999.0 -9999.0 -9999.0 -9999.0 -9999.0 0.0 0.0 -9999.0 -9999.0 -9999.0 -9999.0 -9999.0 -9999.0 -9999.0 -9999.0 -9999.0 -9999.0 -9999.0 -9999.0 -9999.0 -9999.0 -9999.0 79.2 108.4 -9999.0 -9999.0
-9999.0 -9999.0 -9999.0 -9999.0 -9999.0 -9999.0 -9999.0 -9999.0 -9999.0 -9999.0 -9999.0 -9999.0 -9999.0 -9999.0 -9999.0 -9999.0 -9999.0 -9999.0 -9999.0 -9999.0 -9999.0 -9999.0 -9999.0 -9999.0 -9999.0 -9999.0 -9999.0 -9999.0 -9999.0 -9999.0 -9999.0 -9999.0 -9999.0 -9999.0 -9999.0 -9999.0 -9999.0 -9999.0 -9999.0 -9999.0 -9999.0 -9999.0 -9999.0 -9999.0 -9999.0 -9999.0 -9999.0 -9999.0 -9999.0 -9999.0 -9999.0 -9999.0 -9999.0 -9999.0 -9999.0 -9999.0 -9999.0 -9999.0 -9999.0 -9999.0 -9999.0 -9999.0 -9999.0 -9999.0 -9999.0 -9999.0 -9999.0 -9999.0 -9999.0 -9999.0 -9999.0 -9999.0 -9999.0 -9999.0 -9999.0 -9999.0 -9999.0 -9999.0 -9999.0
-9999.0 -9999.0 -9999.0 -9999.0 -9999.0 -9999.0 -9999.0 -9999.0 -9999.0 -9999.0 -9999.0 -9999.0 -9999.0 -9999.0 -9999.0 -9999.0 -9999.0 -9999.0 -9999.0 -9999.0 -9999.0 -9999.0 -9999.0 -9999.0 -9999.0 -9999.0 -9999.0 -9999.0 -9999.0 -9999.0 -9999.0 -9999.0 -9999.0 -9999.0 -9999.0 -9999.0 -9999.0 -9999.0 -9999.0 -9999.0 -9999.0 -9999.0 -9999.0 -9999.0 -9999.0 -9999.0 -9999.0 -9999.0 -9999.0 -9999.0 -9999.0 -9999.0 -9999.0 -9999.0 -9999.0 -9999.0 -9999.0 -9999.0 -9999.0 -9999.0 -9999.0 -9999.0 -9999.0 -9999.0 -9999.0 -9999.0 -9999.0 -9999.0 -9999.0 -9999.0 -9999.0 -9999.0 -9999.0 -9999.0 -9999.0 102.9 147.5 203.7 -9999.0
-9999.0 -9999.0 -9999.0 -9999.0 -9999.0 -9999.0 -9999.0 -9999.0 -9999.0 -9999.0 -9999.0 -9999.0 -9999.0 -9999.0 -9999.0 -9999.0 -9999.0 -9999.0 -9999.0 -9999.0 -9999.0 -9999.0 -9999.0 -9999.0 -9999.0 -9999.0 -9999.0 -9999.0 -9999.0 -9999.0 -9999.0 -9999.0 -9999.0 -9999.0 -9999.0 -9999.0 -9999.0 -9999.0 -9999.0 -9999.0 -9999.0 -9999.0 -9999.0 -9999.0 -9999.0 -9999.0 -9999.0 -9999.0 -9999.0 -9999.0 -9999.0 -9999.0 -9999.0 -9999.0 -9999.0 -9999.0 -9999.0 -9999.0 -9999.0 -9999.0 -9999.0 -9999.0 -9999.0 -9999.0 -9999.0 -9999.0 -9999.0 -9999.0 -9999.0 -9999.0 -9999.0 -9999.0 -9999.0 51.7 73.2 109.0 165.2 -9999.0 -9999.0
