program/excelProcessViaJava/data/SURF_CLI_CHN_PRE_MON_GRID_0.5-200909.txt
NCOLS      128
NROWS       72
XLLCORNER    72.000000000000    
YLLCORNER    18.000000000000    
CELLSIZE    0.50000000000000    
NODATA_VALUE   -9999.000    
[rows 34 to 67 of 72, columns 0 to 76 of 128]
-9999.0 -9999.0 -9999.0 -9999.0 0.1 0.3 0.2 1.3 0.6 1.5 10.2 7.3 13.9 16.7 16.9 19.6 22.9 22.8 19.4 15.2 13.0 10.5 8.6 6.6 3.3 1.8 2.5 2.4 2.8 3.3 4.0 5.3 6.4 8.0 10.3 11.6 17.3 24.4 23.0 20.7 34.8 22.3 23.6 19.8 18.2 16.1 14.5 14.3 16.2 22.5 29.7 38.2 60.6 60.5 65.0 72.5 78.1 87.6 97.0 81.3 91.6 62.3 49.1 40.5 28.0 20.6 24.5 19.8 20.2 27.0 25.8 31.5 40.1 53.1 68.6 77.9 77.8
-9999.0 -9999.0 -9999.0 -9999.0 -9999.0 -9999.0 -9999.0 0.5 0.6 2.1 1.1 2.4 9.0 10.3 12.7 20.4 21.9 24.2 22.8 18.6 11.6 6.2 4.3 3.5 3.0 2.6 2.3 2.4 2.8 3.5 4.9 6.6 8.8 11.7 15.7 18.4 25.9 30.1 41.6 50.9 42.2 71.5 74.6 63.0 44.6 25.1 29.2 22.8 27.0 19.5 21.1 28.1 42.8 79.8 82.6 79.2 85.1 90.4 106.1 96.0 94.6 68.9 52.9 41.4 33.5 22.5 23.9 27.7 26.5 30.6 30.4 36.1 46.9 58.8 69.3 71.3 63.4
-9999.0 -9999.0 -9999.0 -9999.0 -9999.0 -9999.0 -9999.0 0.0 0.8 0.6 0.9 3.4 4.2 3.5 8.5 4.0 11.6 12.3 6.6 9.8 8.1 4.5 4.0 3.0 2.6 2.3 2.4 2.3 3.3 4.5 5.8 8.2 11.2 15.4 19.3 24.7 29.7 38.7 46.4 53.6 64.0 72.8 82.4 100.4 75.5 51.1 54.8 51.6 67.6 52.5 74.9 67.6 49.3 66.6 87.6 92.3 103.1 110.1 111.5 104.7 88.9 76.9 61.3 46.6 30.5 22.9 22.6 26.5 40.4 32.1 36.3 43.6 54.1 63.3 68.2 68.0 61.8
-9999.0 -9999.0 -9999.0 -9999.0 -9999.0 -9999.0 -9999.0 -9999.0 -9999.0 0.5 1.1 3.0 2.2 4.1 7.7 10.7 8.4 2.8 6.4 3.1 4.4 4.8 3.8 2.9 2.4 2.4 2.2 2.6 3.8 4.5 7.4 10.0 13.7 18.5 23.3 29.0 35.0 43.3 49.6 59.7 66.2 78.2 83.7 83.9 92.5 90.2 86.6 79.0 73.9 67.4 70.5 63.2 61.1 66.2 86.4 92.6 104.6 110.7 110.7 100.7 86.4 78.0 69.5 43.6 33.0 23.4 21.2 26.4 48.2 45.3 52.2 56.7 65.3 70.8 71.7 66.8 60.8
-9999.0 -9999.0 -9999.0 -9999.0 -9999.0 -9999.0 -9999.0 -9999.0 -9999.0 -9999.0 -9999.0 0.8 6.0 2.4 5.9 5.9 7.5 8.4 8.0 5.8 3.3 3.6 2.5 2.5 1.3 1.7 1.7 2.2 3.4 5.4 8.1 11.1 16.3 21.8 27.8 35.8 41.1 48.0 61.6 62.3 73.5 77.4 80.9 83.6 103.5 91.4 108.1 92.4 89.2 77.5 62.7 62.8 65.8 74.9 86.7 87.2 94.4 102.7 103.3 95.1 87.6 75.0 64.9 51.0 46.4 23.2 20.8 33.0 54.6 70.4 74.5 77.6 80.0 79.6 76.1 71.4 68.0
-9999.0 -9999.0 -9999.0 -9999.0 -9999.0 -9999.0 -9999.0 -9999.0 -9999.0 -9999.0 -9999.0 -9999.0 4.8 7.3 4.0 8.0 2.9 6.3 5.7 2.1 5.3 3.3 2.4 2.2 0.6 1.6 2.2 2.1 3.4 4.4 8.4 12.8 18.3 24.4 31.8 39.1 48.0 52.3 55.6 58.4 63.1 69.7 76.5 88.1 91.8 98.0 104.9 89.7 86.0 78.7 84.3 81.0 74.1 70.4 76.2 82.9 89.3 99.5 94.2 97.1 87.8 89.7 87.2 72.9 46.8 62.3 36.5 56.3 82.4 101.1 95.9 93.5 93.3 86.2 74.5 82.1 70.2
-9999.0 -9999.0 -9999.0 -9999.0 -9999.0 -9999.0 -9999.0 -9999.0 -9999.0 -9999.0 -9999.0 -9999.0 0.8 8.5 12.6 6.4 12.8 9.5 4.1 4.1 3.4 1.9 1.6 1.9 2.2 1.6 1.8 3.0 3.7 6.3 8.6 12.2 19.1 26.5 34.0 41.6 49.3 55.5 58.3 59.8 60.0 64.4 79.5 76.8 89.4 99.7 89.5 84.9 71.1 79.4 77.2 84.6 77.6 81.4 69.7 80.1 82.5 93.7 94.0 93.3 90.3 91.2 101.2 108.8 57.2 68.5 64.2 98.6 125.8 132.2 128.2 126.4 114.4 82.4 72.2 63.3 63.4
-9999.0 -9999.0 -9999.0 -9999.0 -9999.0 -9999.0 -9999.0 -9999.0 -9999.0 -9999.0 -9999.0 -9999.0 -9999.0 4.9 2.7 13.6 7.9 10.5 9.4 7.0 4.0 4.0 1.5 2.3 1.7 0.8 0.9 1.0 2.5 4.7 9.0 14.2 18.6 26.1 35.5 42.4 48.3 53.3 61.6 60.2 61.0 67.6 72.3 85.2 81.6 76.9 84.4 90.5 91.7 89.0 90.3 86.0 84.5 110.1 95.9 88.5 86.5 98.0 112.5 107.2 106.3 104.5 116.2 92.9 55.1 74.6 101.5 152.6 177.1 166.1 129.5 104.8 93.3 82.4 74.3 59.3 55.1
-9999.0 -9999.0 -9999.0 -9999.0 -9999.0 -9999.0 -9999.0 -9999.0 -9999.0 -9999.0 -9999.0 -9999.0 2.6 1.3 3.2 9.7 3.4 6.2 5.4 8.5 6.2 4.2 2.3 2.0 1.8 0.7 1.0 1.8 2.8 4.4 8.0 14.4 17.5 26.7 33.9 41.1 46.1 48.2 48.6 49.6 59.5 70.5 82.0 72.1 79.8 81.1 74.4 68.0 77.9 85.4 102.9 116.6 98.9 105.2 90.5 89.2 102.8 85.4 105.0 104.7 109.0 121.1 127.3 143.9 120.5 105.6 204.3 227.6 207.7 180.1 155.9 124.5 111.2 109.2 87.7 66.8 60.3
-9999.0 -9999.0 -9999.0 -9999.0 -9999.0 -9999.0 -9999.0 -9999.0 -9999.0 -9999.0 -9999.0 -9999.0 0.9 8.6 8.2 1.1 2.3 9.5 8.4 3.9 6.0 2.5 1.9 1.5 1.8 1.9 1.8 2.2 3.0 5.4 8.9 13.0 16.5 26.7 33.2 37.8 40.8 41.6 40.4 37.0 40.3 45.9 55.7 66.7 73.8 78.9 90.2 87.3 86.4 67.7 77.2 103.7 87.5 77.8 78.9 72.8 91.5 101.9 97.3 115.1 125.8 140.1 125.4 115.1 109.8 163.3 172.6 249.8 218.6 174.5 148.4 141.3 141.8 117.3 86.3 66.6 66.7
-9999.0 -9999.0 -9999.0 -9999.0 -9999.0 -9999.0 -9999.0 -9999.0 -9999.0 -9999.0 -9999.0 -9999.0 7.4 2.5 10.5 9.0 9.6 2.2 4.9 3.7 1.0 0.7 1.6 0.8 1.0 0.5 0.8 0.6 2.6 4.3 7.5 8.8 17.9 25.7 30.7 33.4 34.5 33.3 30.3 30.8 31.6 36.3 57.2 51.9 68.5 85.9 93.3 80.3 61.2 65.0 74.9 65.5 126.0 130.4 102.2 58.6 82.7 96.7 105.4 95.5 106.9 121.3 161.6 111.4 105.5 257.6 256.1 219.9 174.8 145.7 140.4 146.9 156.7 129.6 98.4 70.3 55.8
-9999.0 -9999.0 -9999.0 -9999.0 -9999.0 -9999.0 -9999.0 -9999.0 -9999.0 -9999.0 -9999.0 -9999.0 -9999.0 0.4 1.1 7.5 6.2 7.2 2.9 1.7 0.4 1.3 0.6 0.4 1.1 0.8 1.0 1.5 1.4 4.4 4.1 8.5 13.0 21.5 25.3 25.7 27.7 26.5 24.6 23.2 26.4 44.3 60.1 66.6 60.4 66.2 80.8 51.4 80.4 74.9 51.9 91.2 81.1 54.0 99.3 101.5 61.0 70.7 95.4 131.3 126.2 179.8 145.9 85.2 227.8 246.9 216.3 160.3 124.1 103.4 113.9 151.2 161.5 192.9 124.4 104.9 95.0
-9999.0 -9999.0 -9999.0 -9999.0 -9999.0 -9999.0 -9999.0 -9999.0 -9999.0 -9999.0 -9999.0 -9999.0 -9999.0 11.3 1.3 6.4 1.5 7.0 5.3 2.9 0.5 0.5 0.4 0.5 1.9 1.0 0.8 1.7 1.7 0.7 1.9 4.8 11.4 16.1 18.0 21.2 23.2 22.3 22.4 30.7 28.2 38.3 50.8 62.0 86.3 72.0 72.9 49.3 56.4 56.1 73.9 37.8 70.9 93.9 109.0 94.7 67.6 75.3 103.2 78.4 126.4 99.8 101.9 183.5 197.5 180.5 136.1 101.1 80.6 74.2 86.3 123.7 168.9 168.2 137.3 103.3 78.8
-9999.0 -9999.0 -9999.0 -9999.0 -9999.0 -9999.0 -9999.0 -9999.0 -9999.0 -9999.0 -9999.0 -9999.0 -9999.0 -9999.0 -9999.0 5.2 7.1 4.1 5.4 6.3 1.1 2.2 2.1 1.3 0.8 0.8 0.2 0.6 0.3 1.4 1.7 4.3 5.4 10.0 15.9 17.1 20.4 21.0 21.3 24.3 34.5 45.0 53.5 59.2 49.3 42.1 62.8 33.5 57.0 23.6 45.8 90.7 55.2 62.2 32.7 76.9 86.7 55.3 118.7 135.4 91.8 103.1 168.8 151.5 135.7 111.6 80.3 68.5 64.0 55.2 63.6 91.7 116.3 134.4 136.4 98.8 87.9
-9999.0 -9999.0 -9999.0 -9999.0 -9999.0 -9999.0 -9999.0 -9999.0 -9999.0 -9999.0 -9999.0 -9999.0 -9999.0 -9999.0 -9999.0 -9999.0 -9999.0 44.5 25.3 -9999.0 15.8 2.8 6.7 5.6 1.4 1.5 0.4 0.7 1.4 0.7 1.8 5.8 4.3 15.1 22.4 18.0 20.3 23.6 23.1 26.7 34.0 48.6 52.9 55.0 34.8 40.2 26.6 77.7 37.0 52.1 19.3 38.2 19.7 58.3 74.0 88.2 75.8 117.3 120.9 131.9 84.2 116.4 156.7 143.0 99.6 69.1 54.3 49.6 54.1 51.2 60.3 75.2 96.9 123.2 115.1 90.9 79.8
-9999.0 -9999.0 -9999.0 -9999.0 -9999.0 -9999.0 -9999.0 -9999.0 -9999.0 -9999.0 -9999.0 -9999.0 -9999.0 -9999.0 -9999.0 -9999.0 -9999.0 -9999.0 -9999.0 -9999.0 -9999.0 12.2 6.2 1.3 3.5 9.8 7.0 4.8 2.7 4.3 3.5 12.6 14.9 17.3 22.9 19.2 22.2 24.6 25.6 26.2 27.9 51.2 60.6 61.8 38.7 55.9 36.0 40.4 86.3 169.1 49.4 94.2 85.0 35.5 58.8 96.5 111.2 102.7 149.9 122.6 88.4 95.4 131.3 119.2 91.8 59.2 49.9 47.0 57.4 57.2 57.9 68.9 88.8 110.0 97.9 72.2 57.0
-9999.0 -9999.0 -9999.0 -9999.0 -9999.0 -9999.0 -9999.0 -9999.0 -9999.0 -9999.0 -9999.0 -9999.0 -9999.0 -9999.0 -9999.0 -9999.0 -9999.0 -9999.0 -9999.0 -9999.0 -9999.0 -9999.0 -9999.0 48.8 16.0 16.6 14.3 9.1 3.0 6.2 5.1 6.5 6.8 14.1 17.6 22.8 28.2 31.2 37.6 44.2 47.9 61.0 54.8 50.3 45.5 48.2 45.9 45.9 41.5 39.8 41.4 76.7 39.0 50.9 51.4 48.1 102.1 129.0 91.0 120.2 99.4 94.8 79.5 67.5 50.8 45.7 45.1 45.1 42.0 52.4 53.0 69.2 89.1 91.9 72.7 45.9 36.3
-9999.0 -9999.0 -9999.0 -9999.0 -9999.0 -9999.0 -9999.0 -9999.0 -9999.0 -9999.0 -9999.0 -9999.0 -9999.0 -9999.0 -9999.0 -9999.0 -9999.0 -9999.0 -9999.0 -9999.0 -9999.0 -9999.0 -9999.0 -9999.0 -9999.0 99.3 47.3 3.3 4.4 2.8 6.9 16.4 23.0 23.2 31.5 32.4 40.9 43.9 53.5 52.6 67.6 59.4 49.1 52.3 56.6 58.6 60.6 63.3 71.9 58.3 91.5 70.9 86.0 81.4 58.6 72.6 104.3 103.9 121.9 113.4 107.6 101.5 99.0 59.1 40.7 34.3 30.8 31.9 38.6 42.3 51.0 72.7 96.3 74.3 49.0 26.7 21.2
-9999.0 -9999.0 -9999.0 -9999.0 -9999.0 -9999.0 -9999.0 -9999.0 -9999.0 -9999.0 -9999.0 -9999.0 -9999.0 -9999.0 -9999.0 -9999.0 -9999.0 -9999.0 -9999.0 -9999.0 -9999.0 -9999.0 -9999.0 -9999.0 -9999.0 -9999.0 -9999.0 128.8 123.3 55.3 47.4 47.9 23.4 61.6 45.5 79.3 56.7 59.7 59.1 64.2 75.4 60.6 61.7 64.3 66.7 68.4 69.8 73.9 78.9 84.2 87.6 87.4 79.7 77.7 86.5 106.8 109.1 115.1 114.2 106.8 131.3 98.3 73.3 47.0 33.2 26.7 26.3 30.3 35.2 40.9 55.6 67.0 83.2 55.6 30.6 15.9 14.9
-9999.0 -9999.0 -9999.0 -9999.0 -9999.0 -9999.0 -9999.0 -9999.0 -9999.0 -9999.0 -9999.0 -9999.0 -9999.0 -9999.0 -9999.0 -9999.0 -9999.0 -9999.0 -9999.0 -9999.0 -9999.0 -9999.0 -9999.0 -9999.0 -9999.0 -9999.0 -9999.0 -9999.0 -9999.0 -9999.0 -9999.0 -9999.0 -9999.0 106.2 74.8 -9999.0 -9999.0 -9999.0 79.1 77.7 73.7 73.2 76.3 71.1 69.7 73.9 -9999.0 -9999.0 -9999.0 -9999.0 -9999.0 -9999.0 100.0 111.4 102.3 116.6 130.4 145.4 126.4 131.9 121.3 92.3 69.4 45.1 34.6 31.0 31.7 36.8 42.2 50.0 63.8 66.5 58.2 39.1 19.7 10.2 13.6
-9999.0 -9999.0 -9999.0 -9999.0 -9999.0 -9999.0 -9999.0 -9999.0 -9999.0 -9999.0 -9999.0 -9999.0 -9999.0 -9999.0 -9999.0 -9999.0 -9999.0 -9999.0 -9999.0 -9999.0 -9999.0 -9999.0 -9999.0 -9999.0 -9999.0 -9999.0 -9999.0 -9999.0 -9999.0 -9999.0 -9999.0 -9999.0 -9999.0 -9999.0 -9999.0 -9999.0 -9999.0 -9999.0 -9999.0 76.3 73.4 71.0 70.2 71.6 -9999.0 -9999.0 -9999.0 -9999.0 -9999.0 -9999.0 -9999.0 -9999.0 121.1 133.6 123.0 129.0 147.1 155.2 149.9 141.9 126.8 91.5 63.6 48.5 39.3 37.6 38.6 40.8 47.9 56.9 62.5 61.8 49.0 31.9 14.7 10.8 13.3
-9999.0 -9999.0 -9999.0 -9999.0 -9999.0 -9999.0 -9999.0 -9999.0 -9999.0 -9999.0 -9999.0 -9999.0 -9999.0 -9999.0 -9999.0 -9999.0 -9999.0 -9999.0 -9999.0 -9999.0 -9999.0 -9999.0 -9999.0 -9999.0 -9999.0 -9999.0 -9999.0 -9999.0 -9999.0 -9999.0 -9999.0 -9999.0 -9999.0 -9999.0 -9999.0 -9999.0 -9999.0 -9999.0 -9999.0 -9999.0 -9999.0 -9999.0 -9999.0 -9999.0 -9999.0 -9999.0 -9999.0 -9999.0 -9999.0 -9999.0 -9999.0 -9999.0 118.3 150.5 133.0 138.7 145.5 145.4 136.9 129.3 114.0 86.9 54.4 53.9 49.6 44.9 37.4 39.6 47.6 55.9 60.4 57.7 53.9 34.4 23.8 16.9 25.2
-9999.0 -9999.0 -9999.0 -9999.0 -9999.0 -9999.0 -9999.0 -9999.0 -9999.0 -9999.0 -9999.0 -9999.0 -9999.0 -9999.0 -9999.0 -9999.0 -9999.0 -9999.0 -9999.0 -9999.0 -9999.0 -9999.0 -9999.0 -9999.0 -9999.0 -9999.0 -9999.0 -9999.0 -9999.0 -9999.0 -9999.0 -9999.0 -9999.0 -9999.0 -9999.0 -9999.0 -9999.0 -9999.0 -9999.0 -9999.0 -9999.0 -9999.0 -9999.0 -9999.0 -9999.0 -9999.0 -9999.0 -9999.0 -9999.0 -9999.0 -9999.0 162.5 164.0 159.4 122.2 130.0 129.1 125.8 113.3 80.7 85.9 66.9 53.6 52.3 53.5 45.4 34.5 43.9 44.4 51.9 55.1 54.8 49.5 38.8 34.6 33.8 51.4
-9999.0 -9999.0 -9999.0 -9999.0 -9999.0 -9999.0 -9999.0 -9999.0 -9999.0 -9999.0 -9999.0 -9999.0 -9999.0 -9999.0 -9999.0 -9999.0 -9999.0 -9999.0 -9999.0 -9999.0 -9999.0 -9999.0 -9999.0 -9999.0 -9999.0 -9999.0 -9999.0 -9999.0 -9999.0 -9999.0 -9999.0 -9999.0 -9999.0 -9999.0 -9999.0 -9999.0 -9999.0 -9999.0 -9999.0 -9999.0 -9999.0 -9999.0 -9999.0 -9999.0 -9999.0 -9999.0 -9999.0 -9999.0 -9999.0 -9999.0 122.7 203.3 190.7 167.1 126.1 118.1 97.4 82.5 83.5 78.9 63.1 43.3 35.6 39.9 48.4 43.0 34.9 42.3 45.3 52.8 50.5 56.2 63.4 69.5 75.5 86.0 49.6
-9999.0 -9999.0 -9999.0 -9999.0 -9999.0 -9999.0 -9999.0 -9999.0 -9999.0 -9999.0 -9999.0 -9999.0 -9999.0 -9999.0 -9999.0 -9999.0 -9999.0 -9999.0 -9999.0 -9999.0 -9999.0 -9999.0 -9999.0 -9999.0 -9999.0 -9999.0 -9999.0 -9999.0 -9999.0 -9999.0 -9999.0 -9999.0 -9999.0 -9999.0 -9999.0 -9999.0 -9999.0 -9999.0 -9999.0 -9999.0 -9999.0 -9999.0 -9999.0 -9999.0 -9999.0 -9999.0 -9999.0 -9999.0 -9999.0 -9999.0 113.6 223.3 182.8 170.6 139.5 102.1 61.7 88.3 77.2 54.8 33.9 22.3 16.0 25.3 39.2 40.8 43.9 62.1 63.5 61.6 53.2 61.4 81.3 91.8 88.0 75.3 92.4
-9999.0 -9999.0 -9999.0 -9999.0 -9999.0 -9999.0 -9999.0 -9999.0 -9999.0 -9999.0 -9999.0 -9999.0 -9999.0 -9999.0 -9999.0 -9999.0 -9999.0 -9999.0 -9999.0 -9999.0 -9999.0 -9999.0 -9999.0 -9999.0 -9999.0 -9999.0 -9999.0 -9999.0 -9999.0 -9999.0 -9999.0 -9999.0 -9999.0 -9999.0 -9999.0 -9999.0 -9999.0 -9999.0 -9999.0 -9999.0 -9999.0 -9999.0 -9999.0 -9999.0 -9999.0 -9999.0 -9999.0 -9999.0 -9999.0 -9999.0 84.7 149.7 144.8 200.4 130.4 100.5 119.6 87.6 80.9 42.3 29.0 17.6 12.4 17.3 32.8 46.8 65.3 87.7 89.8 66.9 56.1 66.0 83.2 108.7 93.5 96.9 151.4
-9999.0 -9999.0 -9999.0 -9999.0 -9999.0 -9999.0 -9999.0 -9999.0 -9999.0 -9999.0 -9999.0 -9999.0 -9999.0 -9999.0 -9999.0 -9999.0 -9999.0 -9999.0 -9999.0 -9999.0 -9999.0 -9999.0 -9999.0 -9999.0 -9999.0 -9999.0 -9999.0 -9999.0 -9999.0 -9999.0 -9999.0 -9999.0 -9999.0 -9999.0 -9999.0 -9999.0 -9999.0 -9999.0 -9999.0 -9999.0 -9999.0 -9999.0 -9999.0 -9999.0 -9999.0 -9999.0 -9999.0 -9999.0 -9999.0 -9999.0 127.2 197.1 187.0 204.0 178.4 164.6 93.4 109.1 96.5 60.8 42.9 22.8 14.3 22.3 37.2 55.7 72.5 97.6 88.0 77.2 52.5 54.5 72.9 97.1 89.9 117.8 159.0
-9999.0 -9999.0 -9999.0 -9999.0 -9999.0 -9999.0 -9999.0 -9999.0 -9999.0 -9999.0 -9999.0 -9999.0 -9999.0 -9999.0 -9999.0 -9999.0 -9999.0 -9999.0 -9999.0 -9999.0 -9999.0 -9999.0 -9999.0 -9999.0 -9999.0 -9999.0 -9999.0 -9999.0 -9999.0 -9999.0 -9999.0 -9999.0 -9999.0 -9999.0 -9999.0 -9999.0 -9999.0 -9999.0 -9999.0 -9999.0 -9999.0 -9999.0 -9999.0 -9999.0 -9999.0 -9999.0 -9999.0 -9999.0 -9999.0 -9999.0 -9999.0 -9999.0 -9999.0 206.2 200.2 171.1 150.3 144.5 97.7 90.8 87.3 46.3 43.8 50.2 62.4 82.7 89.9 123.6 96.9 66.5 44.3 42.3 52.4 69.5 90.2 101.0 133.6
-9999.0 -9999.0 -9999.0 -9999.0 -9999.0 -9999.0 -9999.0 -9999.0 -9999.0 -9999.0 -9999.0 -9999.0 -9999.0 -9999.0 -9999.0 -9999.0 -9999.0 -9999.0 -9999.0 -9999.0 -9999.0 -9999.0 -9999.0 -9999.0 -9999.0 -9999.0 -9999.0 -9999.0 -9999.0 -9999.0 -9999.0 -9999.0 -9999.0 -9999.0 -9999.0 -9999.0 -9999.0 -9999.0 -9999.0 -9999.0 -9999.0 -9999.0 -9999.0 -9999.0 -9999.0 -9999.0 -9999.0 -9999.0 -9999.0 -9999.0 -9999.0 -9999.0 -9999.0 224.8 209.1 241.9 165.0 132.0 137.5 150.0 110.9 97.4 102.6 126.3 133.2 138.6 158.9 116.6 93.8 59.9 43.3 47.4 61.5 83.5 106.4 147.8 146.5
-9999.0 -9999.0 -9999.0 -9999.0 -9999.0 -9999.0 -9999.0 -9999.0 -9999.0 -9999.0 -9999.0 -9999.0 -9999.0 -9999.0 -9999.0 -9999.0 -9999.0 -9999.0 -9999.0 -9999.0 -9999.0 -9999.0 -9999.0 -9999.0 -9999.0 -9999.0 -9999.0 -9999.0 -9999.0 -9999.0 -9999.0 -9999.0 -9999.0 -9999.0 -9999.0 -9999.0 -9999.0 -9999.0 -9999.0 -9999.0 -9999.0 -9999.0 -9999.0 -9999.0 -9999.0 -9999.0 -9999.0 -9999.0 -9999.0 -9999.0 -9999.0 -9999.0 -9999.0 224.6 176.4 211.9 171.9 141.6 143.9 139.6 155.3 160.7 165.8 157.1 204.3 -9999.0 -9999.0 -9999.0 96.6 71.7 70.0 91.7 125.0 151.3 165.8 198.3 178.3
-9999.0 -9999.0 -9999.0 -9999.0 -9999.0 -9999.0 -9999.0 -9999.0 -9999.0 -9999.0 -9999.0 -9999.0 -9999.0 -9999.0 -9999.0 -9999.0 -9999.0 -9999.0 -9999.0 -9999.0 -9999.0 -9999.0 -9999.0 -9999.0 -9999.0 -9999.0 -9999.0 -9999.0 -9999.0 -9999.0 -9999.0 -9999.0 -9999.0 -9999.0 -9999.0 -9999.0 -9999.0 -9999.0 -9999.0 -9999.0 -9999.0 -9999.0 -9999.0 -9999.0 -9999.0 -9999.0 -9999.0 -9999.0 -9999.0 -9999.0 -9999.0 -9999.0 -9999.0 -9999.0 200.3 178.7 131.6 118.8 145.9 168.2 157.1 -9999.0 -9999.0 -9999.0 -9999.0 -9999.0 -9999.0 -9999.0 112.2 103.2 124.7 170.1 224.3 255.4 244.8 221.0 210.2
-9999.0 -9999.0 -9999.0 -9999.0 -9999.0 -9999.0 -9999.0 -9999.0 -9999.0 -9999.0 -9999.0 -9999.0 -9999.0 -9999.0 -9999.0 -9999.0 -9999.0 -9999.0 -9999.0 -9999.0 -9999.0 -9999.0 -9999.0 -9999.0 -9999.0 -9999.0 -9999.0 -9999.0 -9999.0 -9999.0 -9999.0 -9999.0 -9999.0 -9999.0 -9999.0 -9999.0 -9999.0 -9999.0 -9999.0 -9999.0 -9999.0 -9999.0 -9999.0 -9999.0 -9999.0 -9999.0 -9999.0 -9999.0 -9999.0 -9999.0 -9999.0 -9999.0 -9999.0 -9999.0 -9999.0 142.3 160.4 125.1 125.2 151.9 168.4 -9999.0 -9999.0 -9999.0 -9999.0 -9999.0 -9999.0 -9999.0 -9999.0 -9999.0 175.3 -9999.0 -9999.0 -9999.0 -9999.0 -9999.0 265.7
-9999.0 -9999.0 -9999.0 -9999.0 -9999.0 -9999.0 -9999.0 -9999.0 -9999.0 -9999.0 -9999.0 -9999.0 -9999.0 -9999.0 -9999.0 -9999.0 -9999.0 -9999.0 -9999.0 -9999.0 -9999.0 -9999.0 -9999.0 -9999.0 -9999.0 -9999.0 -9999.0 -9999.0 -9999.0 -9999.0 -9999.0 -9999.0 -9999.0 -9999.0 -9999.0 -9999.0 -9999.0 -9999.0 -9999.0 -9999.0 -9999.0 -9999.0 -9999.0 -9999.0 -9999.0 -9999.0 -9999.0 -9999.0 -9999.0 -9999.0 -9999.0 -9999.0 -9999.0 -9999.0 -9999.0 -9999.0 -9999.0 -9999.0 120.1 127.8 -9999.0 -9999.0 -9999.0 -9999.0 -9999.0 -9999.0 -9999.0 -9999.0 -9999.0 -9999.0 -9999.0 -9999.0 -9999.0 -9999.0 -9999.0 387.8 362.9
-9999.0 -9999.0 -9999.0 -9999.0 -9999.0 -9999.0 -9999.0 -9999.0 -9999.0 -9999.0 -9999.0 -9999.0 -9999.0 -9999.0 -9999.0 -9999.0 -9999.0 -9999.0 -9999.0 -9999.0 -9999.0 -9999.0 -9999.0 -9999.0 -9999.0 -9999.0 -9999.0 -9999.0 -9999.0 -9999.0 -9999.0 -9999.0 -9999.0 -9999.0 -9999.0 -9999.0 -9999.0 -9999.0 -9999.0 -9999.0 -9999.0 -9999.0 -9999.0 -9999.0 -9999.0 -9999.0 -9999.0 -9999.0 -9999.0 -9999.0 -9999.0 -9999.0 -9999.0 -9999.0 -9999.0 -9999.0 -9999.0 -9999.0 -9999.0 -9999.0 -9999.0 -9999.0 -9999.0 -9999.0 -9999.0 -9999.0 -9999.0 -9999.0 -9999.0 -9999.0 -9999.0 -9999.0 -9999.0 -9999.0 -9999.0 -9999.0 -9999.0
