program/excelProcessViaJava/data/SURF_CLI_CHN_PRE_MON_GRID_0.5-200205.txt
NCOLS      128
NROWS       72
XLLCORNER    72.000000000000    
YLLCORNER    18.000000000000    
CELLSIZE    0.50000000000000    
NODATA_VALUE   -9999.000    
[rows 34 to 67 of 72, columns 0 to 75 of 128]
-9999.0 -9999.0 -9999.0 -9999.0 0.0 0.0 0.0 0.1 0.0 0.0 2.9 0.2 1.5 1.9 4.9 3.2 2.3 1.2 1.1 1.2 1.1 0.9 1.0 1.3 0.8 0.6 1.1 1.2 1.6 1.9 2.4 2.8 3.3 3.9 4.7 5.1 7.7 11.9 9.8 7.0 16.0 6.0 6.6 5.5 6.2 6.9 8.0 9.7 12.9 20.5 28.4 36.5 47.0 39.9 38.1 43.2 46.9 51.2 62.7 61.0 91.0 86.8 91.3 93.8 79.3 63.8 72.1 54.6 47.3 48.4 55.8 64.2 69.8 70.0 62.1 53.5
-9999.0 -9999.0 -9999.0 -9999.0 -9999.0 -9999.0 -9999.0 0.0 0.0 0.0 0.0 0.0 0.4 0.3 0.4 3.2 2.1 2.2 2.0 1.8 1.2 0.7 0.6 0.8 0.9 1.1 1.1 1.3 1.5 1.6 2.1 2.6 3.1 3.9 5.2 6.1 9.5 11.5 18.7 25.1 16.8 40.7 42.0 30.8 17.9 8.3 13.1 12.4 19.8 19.3 26.3 38.7 49.3 43.5 47.0 52.1 49.3 45.4 59.6 64.5 84.5 98.7 108.8 112.9 108.4 85.5 78.9 66.3 52.2 53.7 65.8 77.4 82.2 83.2 77.4 73.9
-9999.0 -9999.0 -9999.0 -9999.0 -9999.0 -9999.0 -9999.0 0.0 0.0 0.0 0.0 0.0 0.0 0.0 0.1 0.0 0.4 0.5 0.2 0.7 0.8 0.6 0.8 0.9 1.1 1.2 1.4 1.3 1.8 2.1 2.0 2.4 3.0 3.7 4.7 6.4 8.3 12.7 17.1 21.5 28.5 34.3 40.6 53.8 32.4 18.2 22.7 24.9 37.9 36.1 43.0 41.3 49.5 50.1 47.1 65.7 63.2 59.2 59.9 65.8 84.3 114.2 138.9 137.3 112.9 92.7 77.5 63.7 59.0 62.4 75.1 86.6 92.0 94.2 86.9 92.9
-9999.0 -9999.0 -9999.0 -9999.0 -9999.0 -9999.0 -9999.0 -9999.0 -9999.0 0.0 0.0 0.0 0.0 0.0 0.1 0.3 0.2 0.0 0.3 0.2 0.4 0.8 1.0 1.2 1.4 1.7 1.7 1.8 2.3 1.8 2.7 2.6 3.0 3.5 4.6 6.0 8.2 11.8 15.5 21.7 26.0 34.0 36.4 34.1 37.8 35.4 34.5 34.0 36.5 38.2 39.7 38.9 42.2 50.9 49.3 70.3 70.3 64.4 62.6 66.9 77.7 87.3 98.7 131.9 109.8 86.6 69.7 63.4 64.4 68.5 78.3 88.2 90.3 92.7 97.4 82.0
-9999.0 -9999.0 -9999.0 -9999.0 -9999.0 -9999.0 -9999.0 -9999.0 -9999.0 -9999.0 -9999.0 0.0 0.1 0.0 0.0 0.1 0.1 0.3 0.4 0.4 0.4 0.8 0.9 1.5 1.1 1.7 1.7 1.8 2.1 2.5 2.6 2.2 3.0 3.5 4.5 6.1 8.4 11.8 19.7 21.1 28.6 31.1 32.1 31.8 41.6 33.0 42.7 37.8 41.6 41.9 41.0 40.9 42.4 46.3 49.7 63.2 73.1 70.5 71.0 75.2 81.0 88.9 96.0 105.5 93.7 79.3 65.4 67.0 69.3 71.6 77.2 81.3 80.4 81.0 82.2 82.7
-9999.0 -9999.0 -9999.0 -9999.0 -9999.0 -9999.0 -9999.0 -9999.0 -9999.0 -9999.0 -9999.0 -9999.0 0.0 0.1 0.0 0.1 0.0 0.2 0.3 0.2 0.9 1.0 1.3 2.0 0.6 2.3 3.1 2.2 2.5 1.8 2.5 2.8 2.9 3.0 4.0 5.9 9.0 12.5 16.2 19.5 23.0 27.0 30.2 35.1 35.2 37.3 41.3 38.3 43.5 47.1 47.9 45.4 46.6 54.2 59.3 63.7 69.1 71.4 85.0 88.5 95.4 95.5 92.2 88.7 103.6 84.8 82.0 77.3 76.1 75.7 76.1 79.3 78.8 82.5 90.9 101.6
-9999.0 -9999.0 -9999.0 -9999.0 -9999.0 -9999.0 -9999.0 -9999.0 -9999.0 -9999.0 -9999.0 -9999.0 0.0 0.1 0.3 0.1 0.4 0.3 0.2 0.4 0.6 0.7 1.3 2.4 3.8 3.5 3.6 4.6 3.6 4.1 2.9 2.1 2.7 3.1 3.8 5.8 8.7 13.6 18.7 23.0 25.2 28.1 35.8 32.8 38.0 42.5 39.2 41.9 45.5 53.5 55.2 52.4 53.6 54.4 66.3 65.5 73.7 79.2 96.2 106.4 111.6 109.9 101.4 92.5 113.2 98.4 96.5 84.6 81.4 82.2 83.8 90.5 93.7 88.2 99.3 114.0
-9999.0 -9999.0 -9999.0 -9999.0 -9999.0 -9999.0 -9999.0 -9999.0 -9999.0 -9999.0 -9999.0 -9999.0 -9999.0 0.0 0.0 0.3 0.2 0.4 0.7 0.9 1.0 2.1 1.6 3.8 4.1 2.5 2.7 2.1 3.0 3.2 4.0 4.0 2.4 2.6 4.3 5.8 9.2 14.5 22.9 28.5 32.8 37.5 38.9 44.2 40.4 38.8 43.7 49.3 54.2 57.7 58.2 56.8 56.0 49.1 53.5 59.4 67.6 75.1 85.9 108.1 118.5 115.7 105.7 89.3 117.0 109.8 105.0 96.7 96.1 94.8 89.1 90.8 96.5 103.8 113.1 120.0
-9999.0 -9999.0 -9999.0 -9999.0 -9999.0 -9999.0 -9999.0 -9999.0 -9999.0 -9999.0 -9999.0 -9999.0 0.0 0.0 0.0 0.2 0.0 0.2 0.3 1.4 2.0 2.6 2.8 4.1 5.4 3.2 4.1 5.1 5.0 4.2 4.5 5.7 2.7 3.6 3.6 5.8 8.6 16.7 25.0 32.4 41.5 50.0 55.8 45.5 47.2 47.2 46.4 48.3 54.0 57.4 56.7 52.9 51.8 49.8 53.5 55.4 56.6 75.8 86.3 106.2 117.7 120.6 104.5 100.2 79.4 91.2 87.8 88.0 112.5 129.0 134.1 131.1 125.9 120.0 121.6 128.2
-9999.0 -9999.0 -9999.0 -9999.0 -9999.0 -9999.0 -9999.0 -9999.0 -9999.0 -9999.0 -9999.0 -9999.0 0.0 0.1 0.1 0.0 0.0 0.4 0.7 0.5 2.1 1.8 2.7 3.8 5.9 7.3 7.2 7.2 6.9 8.0 8.3 7.1 4.0 6.4 6.0 6.1 11.2 18.3 28.9 38.2 44.9 49.2 51.7 53.0 52.7 52.6 55.4 54.1 54.2 53.2 52.6 49.7 48.8 51.3 53.0 58.0 54.0 62.7 80.9 101.2 120.2 132.3 96.0 73.6 72.7 87.0 95.4 89.3 102.4 129.6 152.4 163.6 165.8 171.5 163.7 139.2
-9999.0 -9999.0 -9999.0 -9999.0 -9999.0 -9999.0 -9999.0 -9999.0 -9999.0 -9999.0 -9999.0 -9999.0 0.1 0.0 0.2 0.2 0.3 0.1 0.4 0.6 0.4 0.5 2.3 2.3 4.2 3.1 4.6 3.2 7.7 8.6 9.7 5.8 10.4 11.7 9.6 8.0 11.8 20.5 33.7 43.5 53.0 58.4 66.4 57.2 58.6 60.7 58.4 51.2 47.1 46.3 44.7 42.6 45.9 46.2 45.1 58.7 53.9 61.5 78.9 97.3 115.4 124.1 155.5 79.7 64.9 84.5 89.2 107.2 134.8 155.2 173.5 212.9 222.5 227.8 230.7 183.6
-9999.0 -9999.0 -9999.0 -9999.0 -9999.0 -9999.0 -9999.0 -9999.0 -9999.0 -9999.0 -9999.0 -9999.0 -9999.0 0.0 0.0 0.2 0.2 0.4 0.3 0.3 0.2 1.0 1.0 1.3 3.9 4.1 5.3 6.8 5.8 10.9 7.4 10.4 10.4 15.0 11.6 7.1 11.4 25.2 37.8 51.5 61.7 72.8 79.5 75.5 62.3 55.6 53.0 40.7 42.7 38.7 33.6 38.3 37.0 38.1 43.8 47.4 51.8 58.9 79.2 114.9 136.6 188.1 161.8 67.4 76.2 72.9 88.8 125.4 169.6 203.5 214.9 225.1 264.1 227.7 243.3 210.0
-9999.0 -9999.0 -9999.0 -9999.0 -9999.0 -9999.0 -9999.0 -9999.0 -9999.0 -9999.0 -9999.0 -9999.0 -9999.0 0.5 0.0 0.2 0.0 0.5 0.6 0.5 0.2 0.4 0.6 1.3 4.6 4.1 4.4 7.0 7.0 3.0 5.3 8.3 15.7 16.5 11.5 12.2 20.0 30.9 41.3 53.4 67.4 77.7 82.6 78.9 79.2 57.7 47.6 32.9 29.8 27.2 30.9 23.8 33.2 41.8 48.5 47.5 45.7 57.1 86.2 100.8 154.1 133.9 82.9 102.5 77.4 65.9 85.4 139.1 203.6 241.7 250.0 256.5 262.7 271.7 269.2 264.4
-9999.0 -9999.0 -9999.0 -9999.0 -9999.0 -9999.0 -9999.0 -9999.0 -9999.0 -9999.0 -9999.0 -9999.0 -9999.0 -9999.0 -9999.0 0.2 0.4 0.3 0.7 1.4 0.5 1.3 2.1 2.4 2.6 3.5 1.9 3.6 2.4 6.1 6.2 10.3 8.7 12.2 17.7 14.3 19.3 38.1 45.7 56.3 69.3 79.8 82.3 75.8 59.8 50.8 41.8 30.8 26.7 19.4 20.9 39.9 31.5 38.0 28.7 44.9 51.5 47.2 101.0 143.6 132.9 95.7 139.0 119.4 87.1 70.9 89.4 147.8 215.4 251.1 258.9 250.1 280.6 280.4 254.0 290.6
-9999.0 -9999.0 -9999.0 -9999.0 -9999.0 -9999.0 -9999.0 -9999.0 -9999.0 -9999.0 -9999.0 -9999.0 -9999.0 -9999.0 -9999.0 -9999.0 -9999.0 22.0 7.8 -9999.0 5.8 1.7 4.4 5.2 3.5 4.6 2.6 3.9 5.9 4.0 6.4 12.5 8.5 25.1 35.1 22.3 23.3 37.9 42.5 52.6 63.5 76.7 73.9 65.4 72.6 52.7 137.9 41.5 26.9 25.8 30.1 27.9 36.1 47.9 54.9 59.2 50.2 87.1 112.4 156.3 93.3 107.6 147.6 132.1 92.1 75.5 94.4 136.2 185.2 212.1 215.9 246.3 265.2 229.7 241.8 279.6
-9999.0 -9999.0 -9999.0 -9999.0 -9999.0 -9999.0 -9999.0 -9999.0 -9999.0 -9999.0 -9999.0 -9999.0 -9999.0 -9999.0 -9999.0 -9999.0 -9999.0 -9999.0 -9999.0 -9999.0 -9999.0 5.9 4.7 3.2 6.0 12.0 11.6 10.2 7.7 8.8 7.3 15.1 18.1 20.5 23.8 19.0 22.3 28.8 35.7 42.0 45.8 69.3 71.1 61.6 69.5 47.4 211.7 50.5 48.5 110.5 40.0 66.8 72.1 57.2 65.9 81.1 88.5 86.0 156.3 161.3 96.7 106.5 133.8 114.5 87.1 75.8 94.8 119.2 149.2 160.4 168.2 212.2 227.1 216.5 222.2 248.1
-9999.0 -9999.0 -9999.0 -9999.0 -9999.0 -9999.0 -9999.0 -9999.0 -9999.0 -9999.0 -9999.0 -9999.0 -9999.0 -9999.0 -9999.0 -9999.0 -9999.0 -9999.0 -9999.0 -9999.0 -9999.0 -9999.0 -9999.0 29.7 15.1 18.2 18.8 15.4 9.1 10.4 8.2 8.9 11.3 14.1 16.9 19.0 26.4 27.9 43.7 55.7 58.0 68.9 51.4 44.1 71.2 241.0 105.4 90.0 125.2 140.7 80.8 83.2 91.9 96.6 85.4 57.7 96.9 131.0 96.4 170.6 130.1 133.0 114.1 83.0 67.6 69.1 91.9 109.6 118.6 137.5 174.0 202.5 234.4 259.2 282.4 296.0
-9999.0 -9999.0 -9999.0 -9999.0 -9999.0 -9999.0 -9999.0 -9999.0 -9999.0 -9999.0 -9999.0 -9999.0 -9999.0 -9999.0 -9999.0 -9999.0 -9999.0 -9999.0 -9999.0 -9999.0 -9999.0 -9999.0 -9999.0 -9999.0 -9999.0 73.6 43.2 13.6 13.8 12.7 12.3 14.1 15.9 17.4 17.6 25.9 43.8 34.8 55.1 52.4 71.1 50.7 63.9 63.4 169.2 253.8 210.1 333.8 84.5 147.6 102.8 119.9 132.6 138.6 105.5 90.0 111.6 106.8 157.3 171.3 175.9 161.1 243.7 81.0 68.0 74.6 91.5 103.9 130.5 158.9 178.9 210.8 251.7 277.2 296.8 321.6
-9999.0 -9999.0 -9999.0 -9999.0 -9999.0 -9999.0 -9999.0 -9999.0 -9999.0 -9999.0 -9999.0 -9999.0 -9999.0 -9999.0 -9999.0 -9999.0 -9999.0 -9999.0 -9999.0 -9999.0 -9999.0 -9999.0 -9999.0 -9999.0 -9999.0 -9999.0 -9999.0 100.8 95.0 44.2 34.3 30.0 25.5 29.5 28.0 45.4 30.8 36.8 38.4 49.0 62.2 41.4 78.3 156.0 195.0 252.1 307.1 340.9 364.6 255.8 342.7 328.3 176.9 167.0 139.0 132.3 100.3 100.5 151.4 146.9 168.7 175.8 116.4 93.3 109.8 94.5 108.8 131.4 152.1 176.0 195.1 214.8 231.1 263.6 293.1 296.5
-9999.0 -9999.0 -9999.0 -9999.0 -9999.0 -9999.0 -9999.0 -9999.0 -9999.0 -9999.0 -9999.0 -9999.0 -9999.0 -9999.0 -9999.0 -9999.0 -9999.0 -9999.0 -9999.0 -9999.0 -9999.0 -9999.0 -9999.0 -9999.0 -9999.0 -9999.0 -9999.0 -9999.0 -9999.0 -9999.0 -9999.0 -9999.0 -9999.0 59.4 39.3 -9999.0 -9999.0 -9999.0 57.9 48.4 55.0 74.7 73.0 166.7 217.6 248.9 -9999.0 -9999.0 -9999.0 -9999.0 -9999.0 -9999.0 236.8 182.0 151.1 119.7 109.2 104.4 121.7 146.6 170.4 175.5 138.6 118.4 118.3 133.7 153.1 170.4 191.1 213.0 220.2 220.5 236.7 255.2 258.7 258.9
-9999.0 -9999.0 -9999.0 -9999.0 -9999.0 -9999.0 -9999.0 -9999.0 -9999.0 -9999.0 -9999.0 -9999.0 -9999.0 -9999.0 -9999.0 -9999.0 -9999.0 -9999.0 -9999.0 -9999.0 -9999.0 -9999.0 -9999.0 -9999.0 -9999.0 -9999.0 -9999.0 -9999.0 -9999.0 -9999.0 -9999.0 -9999.0 -9999.0 -9999.0 -9999.0 -9999.0 -9999.0 -9999.0 -9999.0 116.1 121.6 134.6 152.0 172.0 -9999.0 -9999.0 -9999.0 -9999.0 -9999.0 -9999.0 -9999.0 -9999.0 221.7 190.1 150.9 120.7 110.4 108.7 118.3 143.9 166.4 164.5 153.5 128.6 155.6 186.9 210.6 227.2 242.6 242.6 247.0 254.6 264.4 270.7 290.9 275.2
-9999.0 -9999.0 -9999.0 -9999.0 -9999.0 -9999.0 -9999.0 -9999.0 -9999.0 -9999.0 -9999.0 -9999.0 -9999.0 -9999.0 -9999.0 -9999.0 -9999.0 -9999.0 -9999.0 -9999.0 -9999.0 -9999.0 -9999.0 -9999.0 -9999.0 -9999.0 -9999.0 -9999.0 -9999.0 -9999.0 -9999.0 -9999.0 -9999.0 -9999.0 -9999.0 -9999.0 -9999.0 -9999.0 -9999.0 -9999.0 -9999.0 -9999.0 -9999.0 -9999.0 -9999.0 -9999.0 -9999.0 -9999.0 -9999.0 -9999.0 -9999.0 -9999.0 231.9 192.3 148.0 146.5 120.7 119.6 125.3 142.3 145.2 138.8 198.0 126.7 154.9 201.3 252.1 279.1 282.0 280.0 287.5 293.3 280.4 297.5 318.9 394.3
-9999.0 -9999.0 -9999.0 -9999.0 -9999.0 -9999.0 -9999.0 -9999.0 -9999.0 -9999.0 -9999.0 -9999.0 -9999.0 -9999.0 -9999.0 -9999.0 -9999.0 -9999.0 -9999.0 -9999.0 -9999.0 -9999.0 -9999.0 -9999.0 -9999.0 -9999.0 -9999.0 -9999.0 -9999.0 -9999.0 -9999.0 -9999.0 -9999.0 -9999.0 -9999.0 -9999.0 -9999.0 -9999.0 -9999.0 -9999.0 -9999.0 -9999.0 -9999.0 -9999.0 -9999.0 -9999.0 -9999.0 -9999.0 -9999.0 -9999.0 -9999.0 225.2 201.2 184.9 139.4 135.5 134.2 148.4 147.4 131.0 157.8 139.1 112.8 123.9 156.1 204.4 259.4 309.8 298.3 307.0 311.1 304.2 305.7 343.6 399.9 496.7
-9999.0 -9999.0 -9999.0 -9999.0 -9999.0 -9999.0 -9999.0 -9999.0 -9999.0 -9999.0 -9999.0 -9999.0 -9999.0 -9999.0 -9999.0 -9999.0 -9999.0 -9999.0 -9999.0 -9999.0 -9999.0 -9999.0 -9999.0 -9999.0 -9999.0 -9999.0 -9999.0 -9999.0 -9999.0 -9999.0 -9999.0 -9999.0 -9999.0 -9999.0 -9999.0 -9999.0 -9999.0 -9999.0 -9999.0 -9999.0 -9999.0 -9999.0 -9999.0 -9999.0 -9999.0 -9999.0 -9999.0 -9999.0 -9999.0 -9999.0 191.6 213.9 205.3 188.9 158.3 156.2 147.0 153.1 180.5 193.9 156.4 151.5 128.3 143.2 179.1 206.8 224.0 269.0 268.3 293.6 285.3 283.0 286.8 305.7 344.6 365.4
-9999.0 -9999.0 -9999.0 -9999.0 -9999.0 -9999.0 -9999.0 -9999.0 -9999.0 -9999.0 -9999.0 -9999.0 -9999.0 -9999.0 -9999.0 -9999.0 -9999.0 -9999.0 -9999.0 -9999.0 -9999.0 -9999.0 -9999.0 -9999.0 -9999.0 -9999.0 -9999.0 -9999.0 -9999.0 -9999.0 -9999.0 -9999.0 -9999.0 -9999.0 -9999.0 -9999.0 -9999.0 -9999.0 -9999.0 -9999.0 -9999.0 -9999.0 -9999.0 -9999.0 -9999.0 -9999.0 -9999.0 -9999.0 -9999.0 -9999.0 160.5 215.2 206.1 207.0 192.8 178.0 174.1 220.9 247.7 220.9 163.9 151.7 143.6 166.1 189.7 161.6 183.2 224.2 242.2 254.0 248.7 247.5 254.7 277.8 311.7 343.8
-9999.0 -9999.0 -9999.0 -9999.0 -9999.0 -9999.0 -9999.0 -9999.0 -9999.0 -9999.0 -9999.0 -9999.0 -9999.0 -9999.0 -9999.0 -9999.0 -9999.0 -9999.0 -9999.0 -9999.0 -9999.0 -9999.0 -9999.0 -9999.0 -9999.0 -9999.0 -9999.0 -9999.0 -9999.0 -9999.0 -9999.0 -9999.0 -9999.0 -9999.0 -9999.0 -9999.0 -9999.0 -9999.0 -9999.0 -9999.0 -9999.0 -9999.0 -9999.0 -9999.0 -9999.0 -9999.0 -9999.0 -9999.0 -9999.0 -9999.0 134.4 168.9 186.5 230.3 208.4 196.2 240.0 248.8 280.1 184.0 177.6 168.1 153.2 143.9 170.8 158.3 151.4 182.9 209.0 206.7 221.1 215.9 254.3 241.1 265.6 265.1
-9999.0 -9999.0 -9999.0 -9999.0 -9999.0 -9999.0 -9999.0 -9999.0 -9999.0 -9999.0 -9999.0 -9999.0 -9999.0 -9999.0 -9999.0 -9999.0 -9999.0 -9999.0 -9999.0 -9999.0 -9999.0 -9999.0 -9999.0 -9999.0 -9999.0 -9999.0 -9999.0 -9999.0 -9999.0 -9999.0 -9999.0 -9999.0 -9999.0 -9999.0 -9999.0 -9999.0 -9999.0 -9999.0 -9999.0 -9999.0 -9999.0 -9999.0 -9999.0 -9999.0 -9999.0 -9999.0 -9999.0 -9999.0 -9999.0 -9999.0 135.7 186.2 202.4 226.6 220.8 230.7 202.4 252.8 257.6 171.8 188.1 156.1 93.6 137.5 166.0 163.7 167.7 170.5 179.3 196.0 197.9 223.1 238.7 224.2 245.5 241.8
-9999.0 -9999.0 -9999.0 -9999.0 -9999.0 -9999.0 -9999.0 -9999.0 -9999.0 -9999.0 -9999.0 -9999.0 -9999.0 -9999.0 -9999.0 -9999.0 -9999.0 -9999.0 -9999.0 -9999.0 -9999.0 -9999.0 -9999.0 -9999.0 -9999.0 -9999.0 -9999.0 -9999.0 -9999.0 -9999.0 -9999.0 -9999.0 -9999.0 -9999.0 -9999.0 -9999.0 -9999.0 -9999.0 -9999.0 -9999.0 -9999.0 -9999.0 -9999.0 -9999.0 -9999.0 -9999.0 -9999.0 -9999.0 -9999.0 -9999.0 -9999.0 -9999.0 -9999.0 211.8 212.9 207.4 225.3 264.2 219.6 207.6 340.3 162.9 244.2 192.5 184.8 172.5 181.5 166.8 169.0 164.3 171.0 195.8 209.2 212.7 228.8 252.3
-9999.0 -9999.0 -9999.0 -9999.0 -9999.0 -9999.0 -9999.0 -9999.0 -9999.0 -9999.0 -9999.0 -9999.0 -9999.0 -9999.0 -9999.0 -9999.0 -9999.0 -9999.0 -9999.0 -9999.0 -9999.0 -9999.0 -9999.0 -9999.0 -9999.0 -9999.0 -9999.0 -9999.0 -9999.0 -9999.0 -9999.0 -9999.0 -9999.0 -9999.0 -9999.0 -9999.0 -9999.0 -9999.0 -9999.0 -9999.0 -9999.0 -9999.0 -9999.0 -9999.0 -9999.0 -9999.0 -9999.0 -9999.0 -9999.0 -9999.0 -9999.0 -9999.0 -9999.0 214.7 223.0 246.1 234.0 254.1 295.0 383.6 333.0 283.6 408.8 276.1 246.7 213.6 181.3 183.9 159.1 153.7 168.5 196.3 199.4 207.0 225.1 201.5
-9999.0 -9999.0 -9999.0 -9999.0 -9999.0 -9999.0 -9999.0 -9999.0 -9999.0 -9999.0 -9999.0 -9999.0 -9999.0 -9999.0 -9999.0 -9999.0 -9999.0 -9999.0 -9999.0 -9999.0 -9999.0 -9999.0 -9999.0 -9999.0 -9999.0 -9999.0 -9999.0 -9999.0 -9999.0 -9999.0 -9999.0 -9999.0 -9999.0 -9999.0 -9999.0 -9999.0 -9999.0 -9999.0 -9999.0 -9999.0 -9999.0 -9999.0 -9999.0 -9999.0 -9999.0 -9999.0 -9999.0 -9999.0 -9999.0 -9999.0 -9999.0 -9999.0 -9999.0 216.3 228.9 232.9 239.1 271.7 337.1 391.4 494.4 516.5 588.7 521.5 319.2 -9999.0 -9999.0 -9999.0 176.8 175.5 207.7 245.5 265.2 258.2 219.0 171.9
-9999.0 -9999.0 -9999.0 -9999.0 -9999.0 -9999.0 -9999.0 -9999.0 -9999.0 -9999.0 -9999.0 -9999.0 -9999.0 -9999.0 -9999.0 -9999.0 -9999.0 -9999.0 -9999.0 -9999.0 -9999.0 -9999.0 -9999.0 -9999.0 -9999.0 -9999.0 -9999.0 -9999.0 -9999.0 -9999.0 -9999.0 -9999.0 -9999.0 -9999.0 -9999.0 -9999.0 -9999.0 -9999.0 -9999.0 -9999.0 -9999.0 -9999.0 -9999.0 -9999.0 -9999.0 -9999.0 -9999.0 -9999.0 -9999.0 -9999.0 -9999.0 -9999.0 -9999.0 -9999.0 221.8 224.1 230.4 272.0 363.9 491.3 478.6 -9999.0 -9999.0 -9999.0 -9999.0 -9999.0 -9999.0 -9999.0 226.7 228.8 253.7 336.7 353.6 281.7 199.5 171.5
-9999.0 -9999.0 -9999.0 -9999.0 -9999.0 -9999.0 -9999.0 -9999.0 -9999.0 -9999.0 -9999.0 -9999.0 -9999.0 -9999.0 -9999.0 -9999.0 -9999.0 -9999.0 -9999.0 -9999.0 -9999.0 -9999.0 -9999.0 -9999.0 -9999.0 -9999.0 -9999.0 -9999.0 -9999.0 -9999.0 -9999.0 -9999.0 -9999.0 -9999.0 -9999.0 -9999.0 -9999.0 -9999.0 -9999.0 -9999.0 -9999.0 -9999.0 -9999.0 -9999.0 -9999.0 -9999.0 -9999.0 -9999.0 -9999.0 -9999.0 -9999.0 -9999.0 -9999.0 -9999.0 -9999.0 219.1 259.0 289.4 362.4 480.2 560.5 -9999.0 -9999.0 -9999.0 -9999.0 -9999.0 -9999.0 -9999.0 -9999.0 -9999.0 340.4 -9999.0 -9999.0 -9999.0 -9999.0 -9999.0
-9999.0 -9999.0 -9999.0 -9999.0 -9999.0 -9999.0 -9999.0 -9999.0 -9999.0 -9999.0 -9999.0 -9999.0 -9999.0 -9999.0 -9999.0 -9999.0 -9999.0 -9999.0 -9999.0 -9999.0 -9999.0 -9999.0 -9999.0 -9999.0 -9999.0 -9999.0 -9999.0 -9999.0 -9999.0 -9999.0 -9999.0 -9999.0 -9999.0 -9999.0 -9999.0 -9999.0 -9999.0 -9999.0 -9999.0 -9999.0 -9999.0 -9999.0 -9999.0 -9999.0 -9999.0 -9999.0 -9999.0 -9999.0 -9999.0 -9999.0 -9999.0 -9999.0 -9999.0 -9999.0 -9999.0 -9999.0 -9999.0 -9999.0 393.4 475.3 -9999.0 -9999.0 -9999.0 -9999.0 -9999.0 -9999.0 -9999.0 -9999.0 -9999.0 -9999.0 -9999.0 -9999.0 -9999.0 -9999.0 -9999.0 131.8
-9999.0 -9999.0 -9999.0 -9999.0 -9999.0 -9999.0 -9999.0 -9999.0 -9999.0 -9999.0 -9999.0 -9999.0 -9999.0 -9999.0 -9999.0 -9999.0 -9999.0 -9999.0 -9999.0 -9999.0 -9999.0 -9999.0 -9999.0 -9999.0 -9999.0 -9999.0 -9999.0 -9999.0 -9999.0 -9999.0 -9999.0 -9999.0 -9999.0 -9999.0 -9999.0 -9999.0 -9999.0 -9999.0 -9999.0 -9999.0 -9999.0 -9999.0 -9999.0 -9999.0 -9999.0 -9999.0 -9999.0 -9999.0 -9999.0 -9999.0 -9999.0 -9999.0 -9999.0 -9999.0 -9999.0 -9999.0 -9999.0 -9999.0 -9999.0 -9999.0 -9999.0 -9999.0 -9999.0 -9999.0 -9999.0 -9999.0 -9999.0 -9999.0 -9999.0 -9999.0 -9999.0 -9999.0 -9999.0 -9999.0 -9999.0 -9999.0
