program/excelProcessViaJava/data/SURF_CLI_CHN_PRE_MON_GRID_0.5-199502.txt
NCOLS      128
NROWS       72
XLLCORNER    72.000000000000    
YLLCORNER    18.000000000000    
CELLSIZE    0.50000000000000    
NODATA_VALUE   -9999.000    
[rows 35 to 69 of 72, columns 0 to 78 of 128]
-9999.0 -9999.0 -9999.0 -9999.0 -9999.0 -9999.0 -9999.0 2.8 2.7 1.1 2.2 1.3 0.3 0.3 0.2 1.1 0.3 0.9 1.4 0.5 0.1 0.1 0.1 0.3 0.5 1.0 1.9 3.0 4.4 6.4 7.5 8.4 8.5 9.3 10.3 7.7 10.1 7.7 10.7 10.9 2.4 12.4 10.0 4.5 1.4 0.3 1.0 0.8 1.8 2.6 6.2 9.8 8.6 7.9 6.2 2.8 1.5 1.0 4.3 2.8 6.7 4.8 4.6 4.4 4.7 2.9 5.7 7.9 6.2 5.0 2.7 2.0 2.4 2.1 1.2 0.7 0.2 0.1 0.1
-9999.0 -9999.0 -9999.0 -9999.0 -9999.0 -9999.0 -9999.0 9.4 1.9 2.6 2.2 0.9 0.8 0.9 0.3 0.5 0.1 0.1 0.1 0.1 0.1 0.1 0.1 0.2 0.4 0.8 1.5 2.8 3.7 5.0 7.1 8.3 8.9 10.7 8.7 8.5 6.9 8.0 7.1 5.7 6.0 5.9 7.1 13.7 4.3 1.3 2.4 2.9 6.8 5.9 9.9 8.9 8.9 7.9 8.4 5.0 3.5 3.8 6.1 7.8 7.5 9.0 7.7 8.0 5.4 4.8 5.9 7.4 8.1 4.7 2.9 2.1 2.6 2.6 0.9 0.7 0.2 0.1 0.1
-9999.0 -9999.0 -9999.0 -9999.0 -9999.0 -9999.0 -9999.0 -9999.0 -9999.0 3.3 2.1 1.3 1.4 0.9 0.5 0.3 0.2 0.3 0.1 0.1 0.1 0.1 0.1 0.1 0.3 0.6 1.2 2.2 3.3 5.3 6.0 7.5 8.3 9.4 7.7 7.0 5.9 6.0 4.5 4.9 3.7 4.9 4.5 3.9 6.0 5.9 6.0 5.7 6.3 6.8 8.2 7.9 8.2 8.6 9.6 7.0 4.8 5.2 8.8 9.6 9.8 10.8 11.8 9.6 9.7 8.1 8.2 9.1 9.1 6.8 4.5 2.4 2.2 2.3 1.7 0.1 0.1 0.1 0.1
-9999.0 -9999.0 -9999.0 -9999.0 -9999.0 -9999.0 -9999.0 -9999.0 -9999.0 -9999.0 -9999.0 3.1 1.3 1.5 0.7 0.5 0.3 0.2 0.1 0.1 0.1 0.1 0.1 0.1 0.2 0.4 0.9 1.8 3.1 4.6 6.2 8.4 8.5 8.9 8.1 9.8 6.5 5.5 9.5 4.3 5.4 3.9 3.4 3.5 8.5 5.5 10.4 7.3 8.2 7.5 6.6 7.3 8.2 9.8 11.4 9.9 7.6 8.7 10.0 11.3 12.3 11.0 11.1 12.3 12.5 11.8 10.8 12.2 11.4 9.8 6.8 3.9 1.7 0.8 0.2 0.1 0.1 0.1 0.1
-9999.0 -9999.0 -9999.0 -9999.0 -9999.0 -9999.0 -9999.0 -9999.0 -9999.0 -9999.0 -9999.0 -9999.0 2.1 1.6 1.2 0.7 0.6 0.2 0.1 0.1 0.1 0.0 0.0 0.1 0.2 0.2 0.7 1.4 2.7 4.7 6.2 7.8 8.9 10.4 10.3 8.8 10.8 6.4 4.2 2.9 2.5 2.8 3.5 5.9 6.8 8.6 10.6 7.2 7.6 7.4 8.8 8.5 8.6 10.0 11.6 11.7 10.8 11.7 9.5 13.5 13.3 12.6 11.2 10.9 13.6 14.4 14.7 15.8 14.9 13.7 7.3 2.1 0.6 0.3 0.5 3.5 0.4 0.2 0.3
-9999.0 -9999.0 -9999.0 -9999.0 -9999.0 -9999.0 -9999.0 -9999.0 -9999.0 -9999.0 -9999.0 -9999.0 4.6 2.6 2.2 1.1 0.9 0.4 0.2 0.1 0.1 0.0 0.0 0.1 0.1 0.2 0.4 1.2 2.3 4.0 6.0 8.4 9.6 10.2 10.5 9.1 10.0 8.8 6.3 4.7 3.3 3.5 7.1 5.9 9.8 13.5 10.3 8.9 6.2 7.7 7.1 8.0 8.2 10.8 11.3 12.5 10.6 10.9 10.2 12.1 12.6 11.0 10.9 11.6 10.9 15.2 10.4 13.9 13.5 13.8 16.8 20.7 19.3 7.1 5.0 2.2 1.2 1.8 1.1
-9999.0 -9999.0 -9999.0 -9999.0 -9999.0 -9999.0 -9999.0 -9999.0 -9999.0 -9999.0 -9999.0 -9999.0 -9999.0 4.0 3.1 2.5 1.2 0.9 0.5 0.2 0.1 0.1 0.0 0.1 0.1 0.1 0.3 0.8 1.9 3.6 5.7 7.8 10.1 11.3 10.1 9.5 8.6 8.4 13.7 8.5 7.2 8.6 9.1 13.9 12.6 12.1 14.7 15.3 13.4 10.4 8.7 6.9 7.7 14.2 14.3 13.9 12.1 12.2 14.9 14.3 15.0 12.4 11.7 7.8 4.1 10.2 17.4 20.7 20.2 15.0 6.0 4.7 9.0 9.7 12.8 6.9 4.9 3.4 2.7
-9999.0 -9999.0 -9999.0 -9999.0 -9999.0 -9999.0 -9999.0 -9999.0 -9999.0 -9999.0 -9999.0 -9999.0 8.0 6.8 4.6 3.5 2.0 1.2 0.6 0.7 0.3 0.2 0.1 0.1 0.1 0.1 0.2 0.7 1.6 3.1 5.3 7.6 9.9 10.7 11.0 9.9 10.5 7.9 7.4 8.0 13.3 18.2 22.5 14.0 17.9 19.7 17.6 13.7 13.2 11.2 12.1 13.2 9.2 13.0 14.1 15.1 15.7 12.1 14.2 15.1 16.9 17.4 13.8 14.9 10.9 12.8 21.4 23.7 26.7 29.7 25.5 14.0 6.1 2.8 3.7 4.9 5.1 5.5 5.2
-9999.0 -9999.0 -9999.0 -9999.0 -9999.0 -9999.0 -9999.0 -9999.0 -9999.0 -9999.0 -9999.0 -9999.0 12.6 10.3 7.6 5.7 3.5 2.9 1.9 0.7 0.9 0.2 0.1 0.1 0.2 0.3 0.4 0.8 1.5 3.0 4.9 7.0 9.0 10.1 10.0 9.5 8.5 8.5 8.5 7.9 9.6 10.7 13.2 17.0 20.7 24.3 29.3 25.4 20.4 9.4 8.0 11.6 8.6 10.6 15.1 17.9 17.4 17.1 16.3 19.9 22.6 24.2 14.0 9.0 9.9 23.3 24.6 26.7 21.7 19.5 15.9 10.9 9.3 18.8 25.4 14.1 7.9 12.9 10.7
-9999.0 -9999.0 -9999.0 -9999.0 -9999.0 -9999.0 -9999.0 -9999.0 -9999.0 -9999.0 -9999.0 -9999.0 19.6 14.1 13.0 9.4 7.2 4.0 2.9 1.9 0.8 0.5 0.4 0.2 0.2 0.1 0.3 0.4 1.3 2.3 3.9 5.5 7.7 8.8 8.7 8.1 7.8 8.2 8.6 10.6 11.3 11.2 20.7 13.7 22.4 32.5 35.5 27.1 15.8 12.2 10.3 6.0 19.9 21.4 18.1 20.5 20.2 19.4 20.2 19.4 21.8 22.3 30.0 10.9 13.7 38.4 33.8 25.5 20.0 15.7 13.2 19.7 21.0 32.9 66.9 37.4 52.3 17.4 20.7
-9999.0 -9999.0 -9999.0 -9999.0 -9999.0 -9999.0 -9999.0 -9999.0 -9999.0 -9999.0 -9999.0 -9999.0 -9999.0 23.0 17.3 14.6 10.9 8.9 5.5 3.8 2.7 1.9 1.1 0.7 0.9 0.6 0.7 0.9 0.8 1.9 2.2 3.7 5.2 6.3 6.2 6.7 6.9 7.2 8.8 10.1 11.9 21.5 28.3 27.2 20.7 24.3 31.7 17.6 25.7 18.3 6.7 14.0 10.4 8.1 17.3 19.4 16.6 15.4 18.9 27.1 27.3 42.9 28.7 8.8 32.1 37.5 33.3 23.9 17.5 16.8 16.0 15.2 25.3 13.1 28.0 20.6 19.9 23.6 32.0
-9999.0 -9999.0 -9999.0 -9999.0 -9999.0 -9999.0 -9999.0 -9999.0 -9999.0 -9999.0 -9999.0 -9999.0 -9999.0 39.3 25.8 22.6 16.9 15.7 12.2 8.8 6.3 4.7 3.5 2.6 3.5 1.9 1.3 1.4 1.0 0.7 0.9 1.6 2.5 3.1 3.4 3.6 3.7 5.2 8.1 16.1 13.4 17.7 21.8 24.9 40.6 27.6 27.7 16.3 16.8 12.7 14.0 2.8 8.7 13.9 17.4 14.9 10.7 11.3 17.7 13.3 27.9 17.4 12.5 29.1 31.1 31.3 28.0 22.5 18.2 17.6 19.3 20.3 20.3 25.2 30.3 39.7 54.8 29.3 29.3
-9999.0 -9999.0 -9999.0 -9999.0 -9999.0 -9999.0 -9999.0 -9999.0 -9999.0 -9999.0 -9999.0 -9999.0 -9999.0 -9999.0 -9999.0 34.2 30.7 24.0 21.7 20.1 13.4 12.3 10.6 8.0 5.7 4.3 2.2 1.4 0.7 0.4 0.3 0.4 0.8 1.1 0.9 2.4 4.2 2.6 5.2 8.6 16.1 21.3 22.1 21.0 13.2 11.1 20.5 8.9 15.5 3.0 6.0 17.2 5.5 6.4 2.5 7.3 8.0 1.9 17.1 25.7 14.8 12.8 34.2 32.5 29.9 26.3 23.7 21.9 19.3 20.7 24.2 24.0 35.9 40.4 37.6 61.0 60.3 68.9 44.6
-9999.0 -9999.0 -9999.0 -9999.0 -9999.0 -9999.0 -9999.0 -9999.0 -9999.0 -9999.0 -9999.0 -9999.0 -9999.0 -9999.0 -9999.0 -9999.0 -9999.0 136.0 66.5 -9999.0 43.8 23.8 26.3 22.2 13.2 10.2 5.4 3.0 1.6 0.4 0.1 0.1 0.3 0.1 0.1 0.1 2.8 1.2 3.3 6.6 11.1 20.5 17.2 13.9 7.5 7.7 16.1 24.6 7.4 10.2 2.7 3.6 3.2 5.3 6.1 6.2 2.1 10.4 13.6 22.2 7.5 17.7 34.1 37.3 29.5 22.9 22.3 21.6 20.8 21.9 25.6 38.4 48.8 45.7 57.0 72.9 69.5 63.0 58.4
-9999.0 -9999.0 -9999.0 -9999.0 -9999.0 -9999.0 -9999.0 -9999.0 -9999.0 -9999.0 -9999.0 -9999.0 -9999.0 -9999.0 -9999.0 -9999.0 -9999.0 -9999.0 -9999.0 -9999.0 -9999.0 53.3 40.8 29.0 27.2 30.6 20.4 11.2 4.1 1.7 0.2 0.3 0.1 0.1 0.1 0.1 0.1 0.6 2.2 4.1 3.9 17.3 19.1 14.0 6.1 9.3 39.0 8.4 25.8 85.5 9.1 22.8 16.4 3.1 3.4 7.1 7.3 3.9 23.9 17.9 10.0 16.9 29.7 34.5 34.5 29.0 28.9 26.8 26.3 24.6 28.3 41.5 50.0 52.7 59.8 70.3 74.8 71.7 76.4
-9999.0 -9999.0 -9999.0 -9999.0 -9999.0 -9999.0 -9999.0 -9999.0 -9999.0 -9999.0 -9999.0 -9999.0 -9999.0 -9999.0 -9999.0 -9999.0 -9999.0 -9999.0 -9999.0 -9999.0 -9999.0 -9999.0 -9999.0 121.1 61.7 53.6 40.3 23.3 8.6 4.4 0.9 0.2 0.8 0.2 0.7 0.8 2.7 2.3 8.9 15.2 14.5 21.3 7.8 3.3 6.4 63.2 13.4 13.3 22.7 32.0 16.8 20.7 14.7 10.3 5.2 1.2 4.9 12.6 3.6 17.8 16.5 24.3 25.9 26.5 27.6 34.7 38.6 35.3 27.7 27.3 36.0 45.1 54.4 65.8 69.1 78.3 88.0 93.9 106.1
-9999.0 -9999.0 -9999.0 -9999.0 -9999.0 -9999.0 -9999.0 -9999.0 -9999.0 -9999.0 -9999.0 -9999.0 -9999.0 -9999.0 -9999.0 -9999.0 -9999.0 -9999.0 -9999.0 -9999.0 -9999.0 -9999.0 -9999.0 -9999.0 -9999.0 207.8 100.2 31.6 20.2 14.8 5.5 3.5 2.7 2.4 2.8 6.1 18.7 10.6 23.4 19.9 31.5 11.9 9.7 6.8 41.7 79.4 48.8 117.8 20.9 39.2 32.1 30.3 30.6 25.7 19.1 8.9 7.5 4.6 14.4 16.9 23.1 31.2 48.4 29.9 28.1 35.8 38.4 34.2 35.9 38.3 37.5 47.8 53.2 70.8 80.8 86.4 91.7 100.7 108.6
-9999.0 -9999.0 -9999.0 -9999.0 -9999.0 -9999.0 -9999.0 -9999.0 -9999.0 -9999.0 -9999.0 -9999.0 -9999.0 -9999.0 -9999.0 -9999.0 -9999.0 -9999.0 -9999.0 -9999.0 -9999.0 -9999.0 -9999.0 -9999.0 -9999.0 -9999.0 -9999.0 247.1 207.4 65.0 39.1 26.7 13.2 22.1 13.0 45.2 18.8 23.4 23.4 26.8 32.2 8.8 20.0 53.6 64.7 89.6 118.3 134.8 149.6 92.7 159.7 172.4 61.2 63.4 40.7 21.9 9.5 4.5 11.7 9.4 16.1 31.8 26.3 22.1 22.0 24.3 35.5 37.3 34.3 34.7 39.3 54.2 52.4 71.3 81.3 91.1 99.2 99.5 102.5
-9999.0 -9999.0 -9999.0 -9999.0 -9999.0 -9999.0 -9999.0 -9999.0 -9999.0 -9999.0 -9999.0 -9999.0 -9999.0 -9999.0 -9999.0 -9999.0 -9999.0 -9999.0 -9999.0 -9999.0 -9999.0 -9999.0 -9999.0 -9999.0 -9999.0 -9999.0 -9999.0 -9999.0 -9999.0 -9999.0 -9999.0 -9999.0 -9999.0 90.4 37.2 -9999.0 -9999.0 -9999.0 54.0 35.0 30.2 34.1 23.4 72.9 95.9 102.0 -9999.0 -9999.0 -9999.0 -9999.0 -9999.0 -9999.0 126.9 61.0 72.1 33.6 11.3 4.8 3.2 4.4 11.7 25.3 22.4 19.7 18.4 23.8 35.4 44.7 42.0 38.0 40.6 54.9 68.4 73.2 95.6 101.0 108.8 102.0 98.1
-9999.0 -9999.0 -9999.0 -9999.0 -9999.0 -9999.0 -9999.0 -9999.0 -9999.0 -9999.0 -9999.0 -9999.0 -9999.0 -9999.0 -9999.0 -9999.0 -9999.0 -9999.0 -9999.0 -9999.0 -9999.0 -9999.0 -9999.0 -9999.0 -9999.0 -9999.0 -9999.0 -9999.0 -9999.0 -9999.0 -9999.0 -9999.0 -9999.0 -9999.0 -9999.0 -9999.0 -9999.0 -9999.0 -9999.0 126.3 110.0 101.8 96.9 93.6 -9999.0 -9999.0 -9999.0 -9999.0 -9999.0 -9999.0 -9999.0 -9999.0 107.1 63.1 49.6 28.8 10.5 3.7 1.6 2.0 5.7 15.5 21.3 17.0 21.2 29.5 42.5 45.4 43.1 50.6 59.8 66.2 69.3 97.0 104.8 115.9 116.7 114.3 109.1
-9999.0 -9999.0 -9999.0 -9999.0 -9999.0 -9999.0 -9999.0 -9999.0 -9999.0 -9999.0 -9999.0 -9999.0 -9999.0 -9999.0 -9999.0 -9999.0 -9999.0 -9999.0 -9999.0 -9999.0 -9999.0 -9999.0 -9999.0 -9999.0 -9999.0 -9999.0 -9999.0 -9999.0 -9999.0 -9999.0 -9999.0 -9999.0 -9999.0 -9999.0 -9999.0 -9999.0 -9999.0 -9999.0 -9999.0 -9999.0 -9999.0 -9999.0 -9999.0 -9999.0 -9999.0 -9999.0 -9999.0 -9999.0 -9999.0 -9999.0 -9999.0 -9999.0 81.4 59.0 39.8 26.0 11.6 4.4 1.8 2.6 4.5 10.7 49.2 19.0 25.6 33.5 40.4 43.2 45.4 55.2 70.9 84.8 112.0 114.0 124.9 121.8 124.3 126.5 137.7
-9999.0 -9999.0 -9999.0 -9999.0 -9999.0 -9999.0 -9999.0 -9999.0 -9999.0 -9999.0 -9999.0 -9999.0 -9999.0 -9999.0 -9999.0 -9999.0 -9999.0 -9999.0 -9999.0 -9999.0 -9999.0 -9999.0 -9999.0 -9999.0 -9999.0 -9999.0 -9999.0 -9999.0 -9999.0 -9999.0 -9999.0 -9999.0 -9999.0 -9999.0 -9999.0 -9999.0 -9999.0 -9999.0 -9999.0 -9999.0 -9999.0 -9999.0 -9999.0 -9999.0 -9999.0 -9999.0 -9999.0 -9999.0 -9999.0 -9999.0 -9999.0 50.9 50.1 47.6 31.0 23.5 15.2 9.9 5.0 1.4 15.8 20.7 17.0 24.1 31.3 39.3 42.1 43.9 48.4 59.4 78.7 95.8 99.2 100.2 111.6 115.4 123.1 132.6 131.6
-9999.0 -9999.0 -9999.0 -9999.0 -9999.0 -9999.0 -9999.0 -9999.0 -9999.0 -9999.0 -9999.0 -9999.0 -9999.0 -9999.0 -9999.0 -9999.0 -9999.0 -9999.0 -9999.0 -9999.0 -9999.0 -9999.0 -9999.0 -9999.0 -9999.0 -9999.0 -9999.0 -9999.0 -9999.0 -9999.0 -9999.0 -9999.0 -9999.0 -9999.0 -9999.0 -9999.0 -9999.0 -9999.0 -9999.0 -9999.0 -9999.0 -9999.0 -9999.0 -9999.0 -9999.0 -9999.0 -9999.0 -9999.0 -9999.0 -9999.0 34.6 33.5 35.4 35.4 26.2 24.7 17.4 9.5 8.2 13.9 13.8 29.7 22.9 31.9 37.2 42.0 45.7 46.4 53.4 58.9 75.0 80.3 83.7 92.6 98.8 106.2 109.8 112.5 127.1
-9999.0 -9999.0 -9999.0 -9999.0 -9999.0 -9999.0 -9999.0 -9999.0 -9999.0 -9999.0 -9999.0 -9999.0 -9999.0 -9999.0 -9999.0 -9999.0 -9999.0 -9999.0 -9999.0 -9999.0 -9999.0 -9999.0 -9999.0 -9999.0 -9999.0 -9999.0 -9999.0 -9999.0 -9999.0 -9999.0 -9999.0 -9999.0 -9999.0 -9999.0 -9999.0 -9999.0 -9999.0 -9999.0 -9999.0 -9999.0 -9999.0 -9999.0 -9999.0 -9999.0 -9999.0 -9999.0 -9999.0 -9999.0 -9999.0 -9999.0 20.3 27.2 15.2 24.5 26.7 24.1 15.5 20.2 17.8 13.5 12.8 19.2 19.2 30.5 38.4 36.2 40.7 43.0 48.1 49.3 58.2 64.8 65.7 62.8 65.2 74.7 88.4 97.0 106.2
-9999.0 -9999.0 -9999.0 -9999.0 -9999.0 -9999.0 -9999.0 -9999.0 -9999.0 -9999.0 -9999.0 -9999.0 -9999.0 -9999.0 -9999.0 -9999.0 -9999.0 -9999.0 -9999.0 -9999.0 -9999.0 -9999.0 -9999.0 -9999.0 -9999.0 -9999.0 -9999.0 -9999.0 -9999.0 -9999.0 -9999.0 -9999.0 -9999.0 -9999.0 -9999.0 -9999.0 -9999.0 -9999.0 -9999.0 -9999.0 -9999.0 -9999.0 -9999.0 -9999.0 -9999.0 -9999.0 -9999.0 -9999.0 -9999.0 -9999.0 13.9 10.5 8.7 25.4 17.3 20.3 30.1 22.1 24.0 13.6 18.3 23.7 24.5 25.5 35.3 33.9 33.5 36.1 37.6 48.4 44.8 63.9 46.7 53.2 49.7 61.1 77.0 81.3 90.8
-9999.0 -9999.0 -9999.0 -9999.0 -9999.0 -9999.0 -9999.0 -9999.0 -9999.0 -9999.0 -9999.0 -9999.0 -9999.0 -9999.0 -9999.0 -9999.0 -9999.0 -9999.0 -9999.0 -9999.0 -9999.0 -9999.0 -9999.0 -9999.0 -9999.0 -9999.0 -9999.0 -9999.0 -9999.0 -9999.0 -9999.0 -9999.0 -9999.0 -9999.0 -9999.0 -9999.0 -9999.0 -9999.0 -9999.0 -9999.0 -9999.0 -9999.0 -9999.0 -9999.0 -9999.0 -9999.0 -9999.0 -9999.0 -9999.0 -9999.0 10.5 12.5 9.9 14.0 17.1 25.1 17.4 22.4 22.3 15.6 23.3 22.4 15.1 25.0 32.1 31.1 34.0 35.2 42.8 28.9 38.7 41.0 43.6 47.8 47.6 61.6 73.8 79.6 86.7
-9999.0 -9999.0 -9999.0 -9999.0 -9999.0 -9999.0 -9999.0 -9999.0 -9999.0 -9999.0 -9999.0 -9999.0 -9999.0 -9999.0 -9999.0 -9999.0 -9999.0 -9999.0 -9999.0 -9999.0 -9999.0 -9999.0 -9999.0 -9999.0 -9999.0 -9999.0 -9999.0 -9999.0 -9999.0 -9999.0 -9999.0 -9999.0 -9999.0 -9999.0 -9999.0 -9999.0 -9999.0 -9999.0 -9999.0 -9999.0 -9999.0 -9999.0 -9999.0 -9999.0 -9999.0 -9999.0 -9999.0 -9999.0 -9999.0 -9999.0 -9999.0 -9999.0 -9999.0 9.4 11.9 15.9 19.6 22.9 16.4 18.0 54.8 18.6 42.8 27.7 25.7 24.0 31.1 28.5 36.2 38.8 38.4 37.3 38.7 45.7 57.8 69.0 77.9 81.7 85.8
-9999.0 -9999.0 -9999.0 -9999.0 -9999.0 -9999.0 -9999.0 -9999.0 -9999.0 -9999.0 -9999.0 -9999.0 -9999.0 -9999.0 -9999.0 -9999.0 -9999.0 -9999.0 -9999.0 -9999.0 -9999.0 -9999.0 -9999.0 -9999.0 -9999.0 -9999.0 -9999.0 -9999.0 -9999.0 -9999.0 -9999.0 -9999.0 -9999.0 -9999.0 -9999.0 -9999.0 -9999.0 -9999.0 -9999.0 -9999.0 -9999.0 -9999.0 -9999.0 -9999.0 -9999.0 -9999.0 -9999.0 -9999.0 -9999.0 -9999.0 -9999.0 -9999.0 -9999.0 10.6 12.7 23.4 19.3 17.9 20.7 39.3 28.4 24.5 49.3 27.6 23.8 21.2 20.5 29.6 27.4 32.3 34.1 34.8 38.9 49.6 66.0 79.6 77.5 76.3 74.1
-9999.0 -9999.0 -9999.0 -9999.0 -9999.0 -9999.0 -9999.0 -9999.0 -9999.0 -9999.0 -9999.0 -9999.0 -9999.0 -9999.0 -9999.0 -9999.0 -9999.0 -9999.0 -9999.0 -9999.0 -9999.0 -9999.0 -9999.0 -9999.0 -9999.0 -9999.0 -9999.0 -9999.0 -9999.0 -9999.0 -9999.0 -9999.0 -9999.0 -9999.0 -9999.0 -9999.0 -9999.0 -9999.0 -9999.0 -9999.0 -9999.0 -9999.0 -9999.0 -9999.0 -9999.0 -9999.0 -9999.0 -9999.0 -9999.0 -9999.0 -9999.0 -9999.0 -9999.0 13.1 14.0 20.9 22.6 20.2 20.9 21.6 34.3 34.6 51.6 46.1 22.7 -9999.0 -9999.0 -9999.0 25.6 25.3 30.0 35.1 38.6 45.5 57.8 67.8 59.4 56.5 68.3
-9999.0 -9999.0 -9999.0 -9999.0 -9999.0 -9999.0 -9999.0 -9999.0 -9999.0 -9999.0 -9999.0 -9999.0 -9999.0 -9999.0 -9999.0 -9999.0 -9999.0 -9999.0 -9999.0 -9999.0 -9999.0 -9999.0 -9999.0 -9999.0 -9999.0 -9999.0 -9999.0 -9999.0 -9999.0 -9999.0 -9999.0 -9999.0 -9999.0 -9999.0 -9999.0 -9999.0 -9999.0 -9999.0 -9999.0 -9999.0 -9999.0 -9999.0 -9999.0 -9999.0 -9999.0 -9999.0 -9999.0 -9999.0 -9999.0 -9999.0 -9999.0 -9999.0 -9999.0 -9999.0 17.8 20.6 17.9 14.2 17.8 25.7 11.9 -9999.0 -9999.0 -9999.0 -9999.0 -9999.0 -9999.0 -9999.0 16.6 21.9 31.2 29.1 30.2 33.6 36.7 36.0 31.6 32.5 40.5
-9999.0 -9999.0 -9999.0 -9999.0 -9999.0 -9999.0 -9999.0 -9999.0 -9999.0 -9999.0 -9999.0 -9999.0 -9999.0 -9999.0 -9999.0 -9999.0 -9999.0 -9999.0 -9999.0 -9999.0 -9999.0 -9999.0 -9999.0 -9999.0 -9999.0 -9999.0 -9999.0 -9999.0 -9999.0 -9999.0 -9999.0 -9999.0 -9999.0 -9999.0 -9999.0 -9999.0 -9999.0 -9999.0 -9999.0 -9999.0 -9999.0 -9999.0 -9999.0 -9999.0 -9999.0 -9999.0 -9999.0 -9999.0 -9999.0 -9999.0 -9999.0 -9999.0 -9999.0 -9999.0 -9999.0 16.3 23.8 12.7 6.5 8.9 7.8 -9999.0 -9999.0 -9999.0 -9999.0 -9999.0 -9999.0 -9999.0 -9999.0 -9999.0 18.7 -9999.0 -9999.0 -9999.0 -9999.0 -9999.0 19.4 -9999.0 -9999.0
-9999.0 -9999.0 -9999.0 -9999.0 -9999.0 -9999.0 -9999.0 -9999.0 -9999.0 -9999.0 -9999.0 -9999.0 -9999.0 -9999.0 -9999.0 -9999.0 -9999.0 -9999.0 -9999.0 -9999.0 -9999.0 -9999.0 -9999.0 -9999.0 -9999.0 -9999.0 -9999.0 -9999.0 -9999.0 -9999.0 -9999.0 -9999.0 -9999.0 -9999.0 -9999.0 -9999.0 -9999.0 -9999.0 -9999.0 -9999.0 -9999.0 -9999.0 -9999.0 -9999.0 -9999.0 -9999.0 -9999.0 -9999.0 -9999.0 -9999.0 -9999.0 -9999.0 -9999.0 -9999.0 -9999.0 -9999.0 -9999.0 -9999.0 5.1 1.8 -9999.0 -9999.0 -9999.0 -9999.0 -9999.0 -9999.0 -9999.0 -9999.0 -9999.0 -9999.0 -9999.0 -9999.0 -9999.0 -9999.0 -9999.0 16.3 17.9 -9999.0 -9999.0
-9999.0 -9999.0 -9999.0 -9999.0 -9999.0 -9999.0 -9999.0 -9999.0 -9999.0 -9999.0 -9999.0 -9999.0 -9999.0 -9999.0 -9999.0 -9999.0 -9999.0 -9999.0 -9999.0 -9999.0 -9999.0 -9999.0 -9999.0 -9999.0 -9999.0 -9999.0 -9999.0 -9999.0 -9999.0 -9999.0 -9999.0 -9999.0 -9999.0 -9999.0 -9999.0 -9999.0 -9999.0 -9999.0 -9999.0 -9999.0 -9999.0 -9999.0 -9999.0 -9999.0 -9999.0 -9999.0 -9999.0 -9999.0 -9999.0 -9999.0 -9999.0 -9999.0 -9999.0 -9999.0 -9999.0 -9999.0 -9999.0 -9999.0 -9999.0 -9999.0 -9999.0 -9999.0 -9999.0 -9999.0 -9999.0 -9999.0 -9999.0 -9999.0 -9999.0 -9999.0 -9999.0 -9999.0 -9999.0 -9999.0 -9999.0 -9999.0 -9999.0 -9999.0 -9999.0
-9999.0 -9999.0 -9999.0 -9999.0 -9999.0 -9999.0 -9999.0 -9999.0 -9999.0 -9999.0 -9999.0 -9999.0 -9999.0 -9999.0 -9999.0 -9999.0 -9999.0 -9999.0 -9999.0 -9999.0 -9999.0 -9999.0 -9999.0 -9999.0 -9999.0 -9999.0 -9999.0 -9999.0 -9999.0 -9999.0 -9999.0 -9999.0 -9999.0 -9999.0 -9999.0 -9999.0 -9999.0 -9999.0 -9999.0 -9999.0 -9999.0 -9999.0 -9999.0 -9999.0 -9999.0 -9999.0 -9999.0 -9999.0 -9999.0 -9999.0 -9999.0 -9999.0 -9999.0 -9999.0 -9999.0 -9999.0 -9999.0 -9999.0 -9999.0 -9999.0 -9999.0 -9999.0 -9999.0 -9999.0 -9999.0 -9999.0 -9999.0 -9999.0 -9999.0 -9999.0 -9999.0 -9999.0 -9999.0 -9999.0 -9999.0 19.5 22.7 26.3 -9999.0
-9999.0 -9999.0 -9999.0 -9999.0 -9999.0 -9999.0 -9999.0 -9999.0 -9999.0 -9999.0 -9999.0 -9999.0 -9999.0 -9999.0 -9999.0 -9999.0 -9999.0 -9999.0 -9999.0 -9999.0 -9999.0 -9999.0 -9999.0 -9999.0 -9999.0 -9999.0 -9999.0 -9999.0 -9999.0 -9999.0 -9999.0 -9999.0 -9999.0 -9999.0 -9999.0 -9999.0 -9999.0 -9999.0 -9999.0 -9999.0 -9999.0 -9999.0 -9999.0 -9999.0 -9999.0 -9999.0 -9999.0 -9999.0 -9999.0 -9999.0 -9999.0 -9999.0 -9999.0 -9999.0 -9999.0 -9999.0 -9999.0 -9999.0 -9999.0 -9999.0 -9999.0 -9999.0 -9999.0 -9999.0 -9999.0 -9999.0 -9999.0 -9999.0 -9999.0 -9999.0 -9999.0 -9999.0 -9999.0 5.6 17.4 22.1 30.1 -9999.0 -9999.0
