program/excelProcessViaJava/data/SURF_CLI_CHN_PRE_MON_GRID_0.5-199304.txt
NCOLS      128
NROWS       72
XLLCORNER    72.000000000000    
YLLCORNER    18.000000000000    
CELLSIZE    0.50000000000000    
NODATA_VALUE   -9999.000    
[rows 35 to 69 of 72, columns 0 to 77 of 128]
-9999.0 -9999.0 -9999.0 -9999.0 -9999.0 -9999.0 -9999.0 1.1 1.3 0.7 1.1 0.6 0.3 0.2 0.1 0.2 0.1 0.1 0.1 0.0 0.0 0.0 0.0 0.0 0.0 0.0 0.0 0.0 0.0 0.1 0.1 0.2 0.3 0.4 0.5 0.7 0.9 1.1 1.4 1.6 1.1 2.1 1.9 1.2 0.8 0.5 0.6 0.5 0.5 0.5 0.4 0.4 0.5 1.3 1.3 0.5 0.4 0.5 3.7 3.1 11.4 5.0 3.9 5.3 10.6 7.6 14.4 20.1 22.2 21.4 16.5 12.3 9.2 8.9 10.7 11.7 17.6 21.4
-9999.0 -9999.0 -9999.0 -9999.0 -9999.0 -9999.0 -9999.0 2.4 0.6 0.9 0.7 0.4 0.3 0.2 0.1 0.1 0.0 0.0 0.0 0.0 0.0 0.0 0.0 0.0 0.0 0.0 0.0 0.0 0.1 0.2 0.2 0.3 0.4 0.6 0.8 1.0 1.2 1.4 1.6 1.7 1.9 2.1 2.3 3.2 1.9 1.3 1.5 1.5 1.9 1.3 2.2 1.8 0.9 1.2 2.5 0.7 0.5 0.9 2.5 5.1 6.7 8.3 4.9 7.5 8.2 9.4 11.0 14.2 19.7 19.4 15.1 9.8 6.6 7.1 12.8 14.1 23.0 37.8
-9999.0 -9999.0 -9999.0 -9999.0 -9999.0 -9999.0 -9999.0 -9999.0 -9999.0 0.7 0.5 0.4 0.3 0.2 0.1 0.1 0.1 0.0 0.0 0.0 0.0 0.0 0.0 0.0 0.0 0.0 0.1 0.1 0.2 0.2 0.4 0.6 0.8 1.1 1.3 1.5 1.6 1.7 1.8 2.0 2.1 2.5 2.7 2.7 3.3 3.5 3.7 3.5 3.4 3.1 3.4 3.0 2.6 2.4 4.6 2.1 1.2 1.5 3.7 4.8 7.7 12.2 15.0 8.8 11.6 9.5 7.0 8.8 14.4 16.9 14.4 10.4 8.3 10.2 15.3 28.4 37.6 49.8
-9999.0 -9999.0 -9999.0 -9999.0 -9999.0 -9999.0 -9999.0 -9999.0 -9999.0 -9999.0 -9999.0 0.4 0.3 0.2 0.2 0.1 0.1 0.0 0.0 0.0 0.0 0.0 0.0 0.0 0.0 0.1 0.1 0.2 0.3 0.5 0.7 0.9 1.5 1.8 2.1 2.2 2.2 2.1 2.7 2.4 2.8 2.9 3.1 3.5 5.1 5.1 6.9 6.3 6.5 5.9 4.9 5.3 5.8 7.1 9.9 8.2 6.2 7.6 7.0 7.8 11.6 12.7 13.8 14.7 16.8 8.6 5.4 8.7 14.2 18.8 18.6 16.4 18.0 26.3 40.3 44.0 47.7 59.3
-9999.0 -9999.0 -9999.0 -9999.0 -9999.0 -9999.0 -9999.0 -9999.0 -9999.0 -9999.0 -9999.0 -9999.0 0.3 0.3 0.2 0.1 0.1 0.1 0.0 0.0 0.0 0.0 0.0 0.1 0.0 0.1 0.3 0.3 0.5 0.6 1.2 1.9 2.4 2.8 3.1 3.1 3.2 2.8 2.5 2.5 2.7 3.0 3.6 4.7 5.9 7.5 9.4 9.2 9.4 9.2 11.6 12.9 12.4 11.4 13.6 16.8 18.9 22.8 12.4 19.8 17.8 21.1 21.7 21.2 22.4 23.7 12.4 16.1 23.3 29.3 30.2 27.7 34.4 46.4 56.8 55.8 66.8 66.7
-9999.0 -9999.0 -9999.0 -9999.0 -9999.0 -9999.0 -9999.0 -9999.0 -9999.0 -9999.0 -9999.0 -9999.0 0.3 0.3 0.3 0.2 0.2 0.1 0.1 0.1 0.1 0.0 0.1 0.1 0.3 0.3 0.4 0.8 0.9 1.7 2.0 2.6 3.6 4.3 4.5 4.4 4.3 3.8 3.3 3.0 3.0 3.4 4.7 5.3 7.5 10.4 11.6 12.9 12.2 14.2 15.7 20.5 20.2 23.3 18.8 26.1 26.4 32.2 25.9 25.8 24.9 25.0 30.1 35.1 37.4 34.9 19.9 23.4 35.4 47.0 50.9 52.6 56.3 66.2 73.3 74.0 66.7 70.0
-9999.0 -9999.0 -9999.0 -9999.0 -9999.0 -9999.0 -9999.0 -9999.0 -9999.0 -9999.0 -9999.0 -9999.0 -9999.0 0.3 0.2 0.3 0.2 0.2 0.2 0.1 0.1 0.2 0.1 0.3 0.4 0.3 0.4 0.5 1.0 1.8 3.2 4.3 4.9 5.9 6.6 6.3 5.5 4.8 5.8 4.3 4.1 4.8 5.4 7.7 9.0 11.4 15.3 19.1 21.8 23.6 26.9 28.7 30.1 44.8 40.1 38.0 37.1 46.5 59.5 52.5 48.5 40.0 44.4 43.2 52.1 48.5 43.3 33.2 40.7 51.1 50.4 61.0 75.4 80.2 84.2 76.8 67.7 58.1
-9999.0 -9999.0 -9999.0 -9999.0 -9999.0 -9999.0 -9999.0 -9999.0 -9999.0 -9999.0 -9999.0 -9999.0 0.3 0.2 0.2 0.3 0.1 0.1 0.1 0.3 0.3 0.3 0.3 0.4 0.7 0.4 0.7 1.4 1.9 2.6 3.9 5.8 6.5 8.2 9.0 8.8 8.1 6.2 5.2 5.0 6.6 8.3 10.0 8.4 11.4 15.1 18.8 22.4 27.1 31.3 39.4 48.1 42.6 46.8 38.7 39.5 52.7 38.1 59.9 55.9 60.5 67.6 61.3 69.9 62.7 60.3 21.2 21.9 43.4 69.2 80.8 82.1 66.8 48.1 51.3 52.7 48.0 51.4
-9999.0 -9999.0 -9999.0 -9999.0 -9999.0 -9999.0 -9999.0 -9999.0 -9999.0 -9999.0 -9999.0 -9999.0 0.3 0.4 0.3 0.1 0.1 0.3 0.3 0.2 0.4 0.3 0.4 0.6 1.2 1.8 2.0 2.4 2.9 4.1 5.4 6.7 8.0 10.4 11.5 11.8 10.4 8.9 7.6 6.6 6.9 7.3 8.3 10.5 13.7 18.3 24.8 29.7 34.5 34.2 37.1 47.0 38.5 30.6 30.1 26.5 43.3 57.9 59.8 79.8 89.9 98.4 67.4 63.6 67.0 44.4 48.2 24.9 28.5 45.1 63.6 68.9 64.7 77.9 81.4 61.1 45.5 50.7
-9999.0 -9999.0 -9999.0 -9999.0 -9999.0 -9999.0 -9999.0 -9999.0 -9999.0 -9999.0 -9999.0 -9999.0 0.7 0.3 0.5 0.3 0.3 0.1 0.2 0.2 0.1 0.2 0.5 0.5 1.2 0.8 1.6 1.3 3.4 4.2 5.6 6.3 9.3 11.6 13.3 14.4 13.9 12.6 11.0 11.2 10.6 10.3 13.6 12.5 16.6 22.9 28.3 31.0 32.8 35.0 36.8 31.3 56.7 60.5 44.4 19.3 37.3 54.9 70.5 67.9 77.4 86.5 125.7 72.0 52.8 42.5 38.6 38.5 42.5 45.5 53.0 75.8 75.6 85.1 109.2 74.3 80.0 45.7
-9999.0 -9999.0 -9999.0 -9999.0 -9999.0 -9999.0 -9999.0 -9999.0 -9999.0 -9999.0 -9999.0 -9999.0 -9999.0 0.2 0.2 0.4 0.3 0.3 0.2 0.2 0.1 0.4 0.4 0.5 2.0 2.0 2.6 3.4 2.8 4.9 4.4 6.4 8.7 11.5 14.0 17.2 18.0 16.0 16.1 15.7 15.9 19.8 21.7 20.5 19.5 22.5 27.1 26.5 31.6 31.5 25.2 36.8 32.8 20.0 41.5 43.6 26.3 38.9 62.7 96.9 102.6 152.6 125.2 58.1 48.8 45.8 48.1 52.5 52.6 58.6 59.0 58.7 74.1 50.9 66.1 54.4 49.2 48.9
-9999.0 -9999.0 -9999.0 -9999.0 -9999.0 -9999.0 -9999.0 -9999.0 -9999.0 -9999.0 -9999.0 -9999.0 -9999.0 1.5 0.3 0.4 0.2 0.5 0.5 0.4 0.3 0.4 0.5 1.1 4.2 3.3 3.1 4.5 3.8 2.0 3.2 5.0 7.7 10.4 13.9 16.9 17.0 18.2 21.7 28.0 24.1 24.8 24.9 24.9 30.9 25.0 25.0 21.1 20.6 19.0 23.1 13.2 25.1 36.4 44.1 36.8 27.0 36.7 60.3 60.5 103.1 83.4 52.4 54.3 50.6 50.6 58.3 64.9 67.1 64.4 64.0 63.6 60.3 63.3 65.4 69.0 73.4 61.6
-9999.0 -9999.0 -9999.0 -9999.0 -9999.0 -9999.0 -9999.0 -9999.0 -9999.0 -9999.0 -9999.0 -9999.0 -9999.0 -9999.0 -9999.0 0.6 0.8 0.5 0.9 1.7 0.8 2.1 3.3 3.5 3.4 4.0 1.7 2.7 1.6 3.1 3.0 4.3 6.5 9.6 12.1 18.3 23.2 15.9 23.0 28.3 34.3 35.2 32.5 29.0 24.9 24.6 22.0 16.6 14.7 7.2 8.5 24.9 16.4 22.0 15.0 24.0 26.6 25.9 55.3 81.7 75.2 55.7 61.8 59.9 57.4 58.9 67.4 74.6 75.2 78.8 75.0 66.4 80.6 76.1 68.2 83.8 80.2 83.2
-9999.0 -9999.0 -9999.0 -9999.0 -9999.0 -9999.0 -9999.0 -9999.0 -9999.0 -9999.0 -9999.0 -9999.0 -9999.0 -9999.0 -9999.0 -9999.0 -9999.0 31.3 11.3 -9999.0 10.7 4.1 9.9 11.2 6.4 7.1 2.9 3.6 4.4 2.3 2.9 4.4 6.2 7.5 7.9 12.5 24.5 9.8 23.8 31.3 36.8 42.5 36.4 30.7 34.7 27.1 58.6 20.9 9.0 7.6 6.5 5.4 14.9 18.7 21.6 21.3 13.0 30.7 40.8 64.4 52.9 66.1 81.6 77.6 72.2 73.7 82.1 88.6 86.3 84.7 73.0 97.2 95.9 73.6 81.4 92.1 88.1 90.3
-9999.0 -9999.0 -9999.0 -9999.0 -9999.0 -9999.0 -9999.0 -9999.0 -9999.0 -9999.0 -9999.0 -9999.0 -9999.0 -9999.0 -9999.0 -9999.0 -9999.0 -9999.0 -9999.0 -9999.0 -9999.0 15.3 12.6 7.3 12.6 22.9 18.2 12.6 6.9 6.5 4.0 7.4 6.8 8.1 8.7 12.6 12.5 13.7 15.2 14.4 18.1 46.3 44.5 36.4 36.8 26.4 89.6 18.7 19.0 59.8 5.9 20.5 20.9 12.0 13.1 18.2 18.5 13.0 50.2 44.7 49.2 62.6 95.3 92.7 89.2 93.2 100.9 101.4 93.2 85.9 82.5 95.7 87.9 72.3 76.6 84.8 87.5 93.6
-9999.0 -9999.0 -9999.0 -9999.0 -9999.0 -9999.0 -9999.0 -9999.0 -9999.0 -9999.0 -9999.0 -9999.0 -9999.0 -9999.0 -9999.0 -9999.0 -9999.0 -9999.0 -9999.0 -9999.0 -9999.0 -9999.0 -9999.0 68.4 33.8 35.4 31.0 20.5 8.5 8.6 5.5 5.8 9.4 12.1 17.8 20.6 27.6 20.3 36.8 47.2 47.1 54.6 37.6 29.4 39.4 99.7 47.5 33.6 41.7 45.7 14.8 15.4 16.0 14.8 10.5 6.4 10.1 22.3 14.1 36.5 37.5 51.3 63.8 74.5 81.2 97.5 107.3 102.5 92.7 83.0 93.6 89.4 83.7 86.6 78.4 85.8 100.5 109.9
-9999.0 -9999.0 -9999.0 -9999.0 -9999.0 -9999.0 -9999.0 -9999.0 -9999.0 -9999.0 -9999.0 -9999.0 -9999.0 -9999.0 -9999.0 -9999.0 -9999.0 -9999.0 -9999.0 -9999.0 -9999.0 -9999.0 -9999.0 -9999.0 -9999.0 132.1 75.0 14.6 13.0 10.1 9.4 12.3 14.6 18.0 20.7 31.4 49.5 33.3 53.3 45.4 65.1 44.5 27.7 34.5 71.5 104.5 91.3 141.4 25.1 44.0 21.7 20.4 23.4 22.3 17.7 11.6 11.0 10.3 24.7 33.0 44.4 53.0 112.6 55.0 60.9 78.1 86.3 86.4 87.0 86.9 76.2 76.7 68.2 86.2 91.5 92.5 108.8 126.5
-9999.0 -9999.0 -9999.0 -9999.0 -9999.0 -9999.0 -9999.0 -9999.0 -9999.0 -9999.0 -9999.0 -9999.0 -9999.0 -9999.0 -9999.0 -9999.0 -9999.0 -9999.0 -9999.0 -9999.0 -9999.0 -9999.0 -9999.0 -9999.0 -9999.0 -9999.0 -9999.0 150.0 130.2 57.3 40.2 33.0 24.5 29.8 33.2 23.6 33.1 33.7 20.8 41.0 58.9 30.6 35.4 62.3 80.3 103.3 125.5 141.1 152.4 95.3 135.8 123.2 35.9 34.8 25.8 19.9 16.5 17.6 23.6 28.7 26.1 53.3 31.2 36.5 66.2 61.5 65.4 61.7 57.3 57.1 59.4 70.8 57.7 73.5 74.5 88.7 109.4 117.3
-9999.0 -9999.0 -9999.0 -9999.0 -9999.0 -9999.0 -9999.0 -9999.0 -9999.0 -9999.0 -9999.0 -9999.0 -9999.0 -9999.0 -9999.0 -9999.0 -9999.0 -9999.0 -9999.0 -9999.0 -9999.0 -9999.0 -9999.0 -9999.0 -9999.0 -9999.0 -9999.0 -9999.0 -9999.0 -9999.0 -9999.0 -9999.0 -9999.0 52.1 44.6 -9999.0 -9999.0 -9999.0 26.1 35.6 29.7 34.7 40.2 66.6 85.2 99.3 -9999.0 -9999.0 -9999.0 -9999.0 -9999.0 -9999.0 68.0 36.1 34.2 24.3 19.5 21.9 22.6 22.3 25.5 42.9 29.8 36.1 42.7 54.1 64.4 65.8 52.7 48.5 53.9 63.6 70.1 57.5 73.5 78.7 93.1 91.4
-9999.0 -9999.0 -9999.0 -9999.0 -9999.0 -9999.0 -9999.0 -9999.0 -9999.0 -9999.0 -9999.0 -9999.0 -9999.0 -9999.0 -9999.0 -9999.0 -9999.0 -9999.0 -9999.0 -9999.0 -9999.0 -9999.0 -9999.0 -9999.0 -9999.0 -9999.0 -9999.0 -9999.0 -9999.0 -9999.0 -9999.0 -9999.0 -9999.0 -9999.0 -9999.0 -9999.0 -9999.0 -9999.0 -9999.0 45.0 46.5 51.3 58.3 66.9 -9999.0 -9999.0 -9999.0 -9999.0 -9999.0 -9999.0 -9999.0 -9999.0 65.3 41.0 27.9 19.1 15.6 14.8 13.8 12.4 12.6 23.8 37.2 33.2 61.6 76.0 84.8 63.6 55.2 64.6 77.8 81.6 69.3 76.4 67.2 79.3 81.7 78.8
-9999.0 -9999.0 -9999.0 -9999.0 -9999.0 -9999.0 -9999.0 -9999.0 -9999.0 -9999.0 -9999.0 -9999.0 -9999.0 -9999.0 -9999.0 -9999.0 -9999.0 -9999.0 -9999.0 -9999.0 -9999.0 -9999.0 -9999.0 -9999.0 -9999.0 -9999.0 -9999.0 -9999.0 -9999.0 -9999.0 -9999.0 -9999.0 -9999.0 -9999.0 -9999.0 -9999.0 -9999.0 -9999.0 -9999.0 -9999.0 -9999.0 -9999.0 -9999.0 -9999.0 -9999.0 -9999.0 -9999.0 -9999.0 -9999.0 -9999.0 -9999.0 -9999.0 81.5 45.6 27.1 20.5 10.9 8.6 8.0 9.1 8.9 12.7 65.0 38.3 63.8 66.0 60.4 65.4 74.8 94.6 117.1 122.0 125.9 102.2 101.0 111.4 103.1 97.3
-9999.0 -9999.0 -9999.0 -9999.0 -9999.0 -9999.0 -9999.0 -9999.0 -9999.0 -9999.0 -9999.0 -9999.0 -9999.0 -9999.0 -9999.0 -9999.0 -9999.0 -9999.0 -9999.0 -9999.0 -9999.0 -9999.0 -9999.0 -9999.0 -9999.0 -9999.0 -9999.0 -9999.0 -9999.0 -9999.0 -9999.0 -9999.0 -9999.0 -9999.0 -9999.0 -9999.0 -9999.0 -9999.0 -9999.0 -9999.0 -9999.0 -9999.0 -9999.0 -9999.0 -9999.0 -9999.0 -9999.0 -9999.0 -9999.0 -9999.0 -9999.0 76.9 73.7 51.3 35.4 19.5 11.3 8.7 6.8 7.1 13.8 18.6 17.5 34.5 53.1 60.7 54.2 44.3 86.0 114.1 146.9 151.8 129.9 123.6 138.3 160.9 141.6 158.4
-9999.0 -9999.0 -9999.0 -9999.0 -9999.0 -9999.0 -9999.0 -9999.0 -9999.0 -9999.0 -9999.0 -9999.0 -9999.0 -9999.0 -9999.0 -9999.0 -9999.0 -9999.0 -9999.0 -9999.0 -9999.0 -9999.0 -9999.0 -9999.0 -9999.0 -9999.0 -9999.0 -9999.0 -9999.0 -9999.0 -9999.0 -9999.0 -9999.0 -9999.0 -9999.0 -9999.0 -9999.0 -9999.0 -9999.0 -9999.0 -9999.0 -9999.0 -9999.0 -9999.0 -9999.0 -9999.0 -9999.0 -9999.0 -9999.0 -9999.0 50.3 80.0 79.7 64.8 47.6 30.2 16.9 10.0 9.0 11.4 15.5 20.4 21.8 34.0 41.4 47.0 62.9 52.9 86.3 96.1 129.7 125.4 125.0 133.6 144.0 154.3 214.2 157.2
-9999.0 -9999.0 -9999.0 -9999.0 -9999.0 -9999.0 -9999.0 -9999.0 -9999.0 -9999.0 -9999.0 -9999.0 -9999.0 -9999.0 -9999.0 -9999.0 -9999.0 -9999.0 -9999.0 -9999.0 -9999.0 -9999.0 -9999.0 -9999.0 -9999.0 -9999.0 -9999.0 -9999.0 -9999.0 -9999.0 -9999.0 -9999.0 -9999.0 -9999.0 -9999.0 -9999.0 -9999.0 -9999.0 -9999.0 -9999.0 -9999.0 -9999.0 -9999.0 -9999.0 -9999.0 -9999.0 -9999.0 -9999.0 -9999.0 -9999.0 35.8 85.7 60.1 76.4 62.4 43.9 24.2 21.6 18.8 22.7 29.1 28.0 25.8 30.9 38.5 37.4 49.6 43.5 62.6 73.0 92.7 103.1 108.1 114.1 130.1 159.6 167.3 214.5
-9999.0 -9999.0 -9999.0 -9999.0 -9999.0 -9999.0 -9999.0 -9999.0 -9999.0 -9999.0 -9999.0 -9999.0 -9999.0 -9999.0 -9999.0 -9999.0 -9999.0 -9999.0 -9999.0 -9999.0 -9999.0 -9999.0 -9999.0 -9999.0 -9999.0 -9999.0 -9999.0 -9999.0 -9999.0 -9999.0 -9999.0 -9999.0 -9999.0 -9999.0 -9999.0 -9999.0 -9999.0 -9999.0 -9999.0 -9999.0 -9999.0 -9999.0 -9999.0 -9999.0 -9999.0 -9999.0 -9999.0 -9999.0 -9999.0 -9999.0 22.0 40.0 36.7 83.6 57.9 48.7 48.8 40.1 41.8 56.9 53.8 44.3 38.5 34.7 44.6 48.6 47.7 47.4 57.4 82.1 76.9 101.1 90.3 92.5 103.0 121.5 121.3 180.6
-9999.0 -9999.0 -9999.0 -9999.0 -9999.0 -9999.0 -9999.0 -9999.0 -9999.0 -9999.0 -9999.0 -9999.0 -9999.0 -9999.0 -9999.0 -9999.0 -9999.0 -9999.0 -9999.0 -9999.0 -9999.0 -9999.0 -9999.0 -9999.0 -9999.0 -9999.0 -9999.0 -9999.0 -9999.0 -9999.0 -9999.0 -9999.0 -9999.0 -9999.0 -9999.0 -9999.0 -9999.0 -9999.0 -9999.0 -9999.0 -9999.0 -9999.0 -9999.0 -9999.0 -9999.0 -9999.0 -9999.0 -9999.0 -9999.0 -9999.0 29.6 51.6 44.6 57.9 57.9 65.2 45.7 64.3 79.9 91.0 81.7 60.8 39.7 45.8 57.5 63.1 69.7 66.5 85.2 71.8 80.7 84.4 86.2 78.8 87.1 100.9 109.9 150.8
-9999.0 -9999.0 -9999.0 -9999.0 -9999.0 -9999.0 -9999.0 -9999.0 -9999.0 -9999.0 -9999.0 -9999.0 -9999.0 -9999.0 -9999.0 -9999.0 -9999.0 -9999.0 -9999.0 -9999.0 -9999.0 -9999.0 -9999.0 -9999.0 -9999.0 -9999.0 -9999.0 -9999.0 -9999.0 -9999.0 -9999.0 -9999.0 -9999.0 -9999.0 -9999.0 -9999.0 -9999.0 -9999.0 -9999.0 -9999.0 -9999.0 -9999.0 -9999.0 -9999.0 -9999.0 -9999.0 -9999.0 -9999.0 -9999.0 -9999.0 -9999.0 -9999.0 -9999.0 28.9 32.1 42.2 59.0 82.2 96.0 112.0 97.5 74.2 72.9 67.9 73.9 75.7 86.8 73.1 94.4 99.1 92.9 92.4 89.2 81.9 88.1 119.0 136.7 161.0
-9999.0 -9999.0 -9999.0 -9999.0 -9999.0 -9999.0 -9999.0 -9999.0 -9999.0 -9999.0 -9999.0 -9999.0 -9999.0 -9999.0 -9999.0 -9999.0 -9999.0 -9999.0 -9999.0 -9999.0 -9999.0 -9999.0 -9999.0 -9999.0 -9999.0 -9999.0 -9999.0 -9999.0 -9999.0 -9999.0 -9999.0 -9999.0 -9999.0 -9999.0 -9999.0 -9999.0 -9999.0 -9999.0 -9999.0 -9999.0 -9999.0 -9999.0 -9999.0 -9999.0 -9999.0 -9999.0 -9999.0 -9999.0 -9999.0 -9999.0 -9999.0 -9999.0 -9999.0 20.6 22.0 57.2 50.4 71.7 107.0 125.9 121.3 110.0 109.2 100.8 97.2 92.4 79.5 102.2 95.1 102.8 109.1 119.2 114.6 104.8 110.5 126.7 170.8 173.2
-9999.0 -9999.0 -9999.0 -9999.0 -9999.0 -9999.0 -9999.0 -9999.0 -9999.0 -9999.0 -9999.0 -9999.0 -9999.0 -9999.0 -9999.0 -9999.0 -9999.0 -9999.0 -9999.0 -9999.0 -9999.0 -9999.0 -9999.0 -9999.0 -9999.0 -9999.0 -9999.0 -9999.0 -9999.0 -9999.0 -9999.0 -9999.0 -9999.0 -9999.0 -9999.0 -9999.0 -9999.0 -9999.0 -9999.0 -9999.0 -9999.0 -9999.0 -9999.0 -9999.0 -9999.0 -9999.0 -9999.0 -9999.0 -9999.0 -9999.0 -9999.0 -9999.0 -9999.0 15.1 12.9 30.1 38.7 59.3 95.9 125.6 141.4 147.6 147.9 145.5 125.4 -9999.0 -9999.0 -9999.0 111.7 117.3 144.3 169.3 173.1 158.1 143.6 143.8 191.2 213.8
-9999.0 -9999.0 -9999.0 -9999.0 -9999.0 -9999.0 -9999.0 -9999.0 -9999.0 -9999.0 -9999.0 -9999.0 -9999.0 -9999.0 -9999.0 -9999.0 -9999.0 -9999.0 -9999.0 -9999.0 -9999.0 -9999.0 -9999.0 -9999.0 -9999.0 -9999.0 -9999.0 -9999.0 -9999.0 -9999.0 -9999.0 -9999.0 -9999.0 -9999.0 -9999.0 -9999.0 -9999.0 -9999.0 -9999.0 -9999.0 -9999.0 -9999.0 -9999.0 -9999.0 -9999.0 -9999.0 -9999.0 -9999.0 -9999.0 -9999.0 -9999.0 -9999.0 -9999.0 -9999.0 12.7 17.1 22.5 44.9 83.0 120.7 152.2 -9999.0 -9999.0 -9999.0 -9999.0 -9999.0 -9999.0 -9999.0 128.5 146.9 176.7 227.9 233.0 187.9 150.4 151.2 174.2 215.5
-9999.0 -9999.0 -9999.0 -9999.0 -9999.0 -9999.0 -9999.0 -9999.0 -9999.0 -9999.0 -9999.0 -9999.0 -9999.0 -9999.0 -9999.0 -9999.0 -9999.0 -9999.0 -9999.0 -9999.0 -9999.0 -9999.0 -9999.0 -9999.0 -9999.0 -9999.0 -9999.0 -9999.0 -9999.0 -9999.0 -9999.0 -9999.0 -9999.0 -9999.0 -9999.0 -9999.0 -9999.0 -9999.0 -9999.0 -9999.0 -9999.0 -9999.0 -9999.0 -9999.0 -9999.0 -9999.0 -9999.0 -9999.0 -9999.0 -9999.0 -9999.0 -9999.0 -9999.0 -9999.0 -9999.0 9.7 24.2 37.7 73.5 114.3 151.5 -9999.0 -9999.0 -9999.0 -9999.0 -9999.0 -9999.0 -9999.0 -9999.0 -9999.0 211.8 -9999.0 -9999.0 -9999.0 -9999.0 -9999.0 127.0 -9999.0
-9999.0 -9999.0 -9999.0 -9999.0 -9999.0 -9999.0 -9999.0 -9999.0 -9999.0 -9999.0 -9999.0 -9999.0 -9999.0 -9999.0 -9999.0 -9999.0 -9999.0 -9999.0 -9999.0 -9999.0 -9999.0 -9999.0 -9999.0 -9999.0 -9999.0 -9999.0 -9999.0 -9999.0 -9999.0 -9999.0 -9999.0 -9999.0 -9999.0 -9999.0 -9999.0 -9999.0 -9999.0 -9999.0 -9999.0 -9999.0 -9999.0 -9999.0 -9999.0 -9999.0 -9999.0 -9999.0 -9999.0 -9999.0 -9999.0 -9999.0 -9999.0 -9999.0 -9999.0 -9999.0 -9999.0 -9999.0 -9999.0 -9999.0 62.3 102.4 -9999.0 -9999.0 -9999.0 -9999.0 -9999.0 -9999.0 -9999.0 -9999.0 -9999.0 -9999.0 -9999.0 -9999.0 -9999.0 -9999.0 -9999.0 87.1 104.4 -9999.0
-9999.0 -9999.0 -9999.0 -9999.0 -9999.0 -9999.0 -9999.0 -9999.0 -9999.0 -9999.0 -9999.0 -9999.0 -9999.0 -9999.0 -9999.0 -9999.0 -9999.0 -9999.0 -9999.0 -9999.0 -9999.0 -9999.0 -9999.0 -9999.0 -9999.0 -9999.0 -9999.0 -9999.0 -9999.0 -9999.0 -9999.0 -9999.0 -9999.0 -9999.0 -9999.0 -9999.0 -9999.0 -9999.0 -9999.0 -9999.0 -9999.0 -9999.0 -9999.0 -9999.0 -9999.0 -9999.0 -9999.0 -9999.0 -9999.0 -9999.0 -9999.0 -9999.0 -9999.0 -9999.0 -9999.0 -9999.0 -9999.0 -9999.0 -9999.0 -9999.0 -9999.0 -9999.0 -9999.0 -9999.0 -9999.0 -9999.0 -9999.0 -9999.0 -9999.0 -9999.0 -9999.0 -9999.0 -9999.0 -9999.0 -9999.0 -9999.0 -9999.0 -9999.0
-9999.0 -9999.0 -9999.0 -9999.0 -9999.0 -9999.0 -9999.0 -9999.0 -9999.0 -9999.0 -9999.0 -9999.0 -9999.0 -9999.0 -9999.0 -9999.0 -9999.0 -9999.0 -9999.0 -9999.0 -9999.0 -9999.0 -9999.0 -9999.0 -9999.0 -9999.0 -9999.0 -9999.0 -9999.0 -9999.0 -9999.0 -9999.0 -9999.0 -9999.0 -9999.0 -9999.0 -9999.0 -9999.0 -9999.0 -9999.0 -9999.0 -9999.0 -9999.0 -9999.0 -9999.0 -9999.0 -9999.0 -9999.0 -9999.0 -9999.0 -9999.0 -9999.0 -9999.0 -9999.0 -9999.0 -9999.0 -9999.0 -9999.0 -9999.0 -9999.0 -9999.0 -9999.0 -9999.0 -9999.0 -9999.0 -9999.0 -9999.0 -9999.0 -9999.0 -9999.0 -9999.0 -9999.0 -9999.0 -9999.0 -9999.0 112.3 125.4 136.5
-9999.0 -9999.0 -9999.0 -9999.0 -9999.0 -9999.0 -9999.0 -9999.0 -9999.0 -9999.0 -9999.0 -9999.0 -9999.0 -9999.0 -9999.0 -9999.0 -9999.0 -9999.0 -9999.0 -9999.0 -9999.0 -9999.0 -9999.0 -9999.0 -9999.0 -9999.0 -9999.0 -9999.0 -9999.0 -9999.0 -9999.0 -9999.0 -9999.0 -9999.0 -9999.0 -9999.0 -9999.0 -9999.0 -9999.0 -9999.0 -9999.0 -9999.0 -9999.0 -9999.0 -9999.0 -9999.0 -9999.0 -9999.0 -9999.0 -9999.0 -9999.0 -9999.0 -9999.0 -9999.0 -9999.0 -9999.0 -9999.0 -9999.0 -9999.0 -9999.0 -9999.0 -9999.0 -9999.0 -9999.0 -9999.0 -9999.0 -9999.0 -9999.0 -9999.0 -9999.0 -9999.0 -9999.0 -9999.0 81.2 87.4 99.7 100.1 -9999.0
