program/excelProcessViaJava/data/SURF_CLI_CHN_PRE_MON_GRID_0.5-201208.txt
NCOLS      128
NROWS       72
XLLCORNER    72.000000000000    
YLLCORNER    18.000000000000    
CELLSIZE    0.50000000000000    
NODATA_VALUE   -9999.000    
[rows 33 to 65 of 72, columns 0 to 73 of 128]
-9999.0 -9999.0 -9999.0 -9999.0 16.5 20.9 26.0 19.3 20.1 9.3 15.3 14.9 13.5 10.2 11.9 14.6 14.4 12.7 10.7 10.1 10.2 10.8 11.6 14.4 17.4 22.6 26.6 90.2 49.4 54.3 58.7 50.4 46.2 54.7 36.0 36.1 32.5 74.5 64.0 36.6 15.2 9.1 8.1 6.1 5.2 4.7 5.6 11.4 21.5 23.2 36.5 73.4 98.3 123.2 77.6 83.5 90.0 144.5 159.2 199.8 185.9 133.5 86.4 29.3 17.1 23.3 29.3 38.5 50.4 58.6 60.2 58.3 56.0 57.3
-9999.0 -9999.0 -9999.0 -9999.0 15.9 13.0 20.8 13.6 30.6 32.8 17.3 38.5 35.0 40.5 21.5 24.2 25.6 16.6 11.0 10.0 14.6 18.3 23.1 41.0 71.3 90.4 68.6 68.8 63.8 61.6 58.2 65.1 53.7 52.2 55.9 48.2 65.0 81.6 56.7 35.3 59.9 18.5 14.2 7.7 6.0 4.8 4.2 4.6 7.0 15.1 27.0 44.2 96.7 80.9 70.6 79.3 88.3 113.6 140.8 70.5 142.3 62.6 49.2 43.9 28.7 26.4 39.8 49.2 65.1 76.9 79.0 75.7 72.4 75.5
-9999.0 -9999.0 -9999.0 -9999.0 -9999.0 -9999.0 -9999.0 13.2 20.8 19.3 37.9 43.2 34.9 44.4 49.7 21.5 38.2 25.8 22.4 33.2 55.5 73.4 78.1 75.6 73.3 71.6 75.4 75.4 73.7 78.4 73.8 69.7 64.9 67.5 74.8 64.4 84.0 78.9 103.9 112.7 59.6 128.0 111.1 65.3 29.1 9.8 14.3 11.1 19.5 16.1 22.9 39.8 69.5 138.1 132.0 86.1 81.3 82.7 136.3 93.9 133.8 67.2 57.3 53.8 56.9 44.7 56.2 72.2 85.8 95.9 92.9 86.9 90.1 98.6
-9999.0 -9999.0 -9999.0 -9999.0 -9999.0 -9999.0 -9999.0 24.0 11.1 23.1 31.6 30.4 40.2 55.9 51.4 75.5 59.4 61.0 80.4 65.8 66.7 79.9 75.8 77.4 75.5 75.9 74.1 82.2 71.3 66.9 74.7 72.8 69.9 79.7 68.9 72.7 71.2 87.9 92.9 93.8 103.5 106.3 111.5 143.0 71.1 33.6 39.9 41.0 73.2 62.4 110.1 106.2 82.5 106.4 138.8 114.6 116.6 124.7 126.3 120.6 103.4 95.0 89.5 93.1 83.3 76.7 79.4 92.9 114.0 111.9 103.9 98.4 103.3 113.5
-9999.0 -9999.0 -9999.0 -9999.0 -9999.0 -9999.0 -9999.0 -9999.0 -9999.0 20.3 23.5 25.8 42.1 46.9 47.4 49.1 62.4 89.8 75.6 92.8 81.8 74.3 74.9 76.5 76.5 74.5 77.8 77.3 70.3 81.0 63.6 67.1 66.6 72.6 62.1 64.3 66.5 78.6 79.8 93.7 93.6 107.9 103.2 89.6 96.4 85.9 79.6 73.5 76.6 79.6 94.9 91.4 92.6 101.1 129.8 127.9 128.5 126.2 115.2 100.7 94.8 97.4 100.1 120.5 119.5 112.8 105.3 113.4 138.3 140.3 126.8 109.2 107.5 113.0
-9999.0 -9999.0 -9999.0 -9999.0 -9999.0 -9999.0 -9999.0 -9999.0 -9999.0 -9999.0 -9999.0 35.4 24.5 49.6 48.4 58.2 61.0 63.2 66.3 74.3 85.5 79.1 82.8 78.4 92.7 84.4 87.7 85.8 81.0 74.4 71.6 80.2 67.4 67.6 63.2 82.3 69.1 74.4 111.4 89.1 107.0 100.5 94.3 88.3 116.4 86.2 112.6 89.7 95.4 90.0 78.8 83.3 89.7 104.0 121.7 125.2 130.4 123.5 107.1 95.8 95.2 91.3 94.7 114.0 122.1 135.8 115.7 132.2 157.2 166.4 153.7 130.0 112.7 102.6
-9999.0 -9999.0 -9999.0 -9999.0 -9999.0 -9999.0 -9999.0 -9999.0 -9999.0 -9999.0 -9999.0 -9999.0 25.9 30.9 51.9 50.0 75.6 67.6 72.4 92.8 71.4 78.9 82.2 79.3 112.6 84.9 78.9 88.7 83.4 93.4 78.3 73.0 70.6 78.1 77.5 72.0 94.0 76.2 72.2 71.8 76.8 83.9 89.1 102.2 99.7 103.0 110.3 88.2 91.5 91.3 103.2 98.2 89.8 90.0 100.8 111.2 116.8 117.9 107.5 105.5 102.7 104.0 102.9 105.1 136.5 132.9 137.5 148.2 168.0 176.5 173.7 142.4 116.6 98.8
-9999.0 -9999.0 -9999.0 -9999.0 -9999.0 -9999.0 -9999.0 -9999.0 -9999.0 -9999.0 -9999.0 -9999.0 43.7 27.2 29.3 53.2 45.2 57.3 78.2 78.5 80.8 89.4 88.5 82.0 75.7 82.6 83.1 75.7 81.1 73.9 80.3 87.8 77.4 73.0 75.5 69.1 84.7 86.2 80.1 78.0 74.2 79.4 104.2 91.4 107.8 120.0 100.8 94.5 81.7 96.0 92.9 95.0 84.5 88.7 85.5 96.4 101.7 107.5 109.5 113.0 114.4 110.7 112.2 118.2 126.0 130.2 107.3 128.2 164.8 183.0 169.4 145.8 127.9 115.0
-9999.0 -9999.0 -9999.0 -9999.0 -9999.0 -9999.0 -9999.0 -9999.0 -9999.0 -9999.0 -9999.0 -9999.0 -9999.0 35.7 55.0 36.8 56.5 54.7 59.1 65.9 76.5 73.3 89.2 77.4 81.9 99.4 99.5 107.2 95.1 89.5 78.8 74.3 85.6 83.6 66.4 67.1 69.2 76.8 113.2 91.8 89.4 99.4 101.6 120.5 110.2 103.2 113.7 121.1 121.0 114.4 108.0 93.1 85.0 107.3 94.4 91.6 94.5 105.5 122.6 123.7 129.5 124.3 123.6 105.1 92.1 98.9 109.0 119.6 156.9 173.0 140.2 143.9 143.2 127.0
-9999.0 -9999.0 -9999.0 -9999.0 -9999.0 -9999.0 -9999.0 -9999.0 -9999.0 -9999.0 -9999.0 -9999.0 31.2 50.7 52.8 44.9 71.3 66.7 71.9 61.8 67.7 73.4 82.3 81.9 81.4 100.3 96.0 90.1 89.1 90.9 85.2 74.0 90.6 76.1 76.5 68.2 81.1 67.3 70.8 79.2 107.4 126.5 140.3 109.9 122.6 127.6 121.6 113.6 121.4 122.3 129.2 129.6 98.4 99.1 86.1 87.3 102.4 105.1 120.5 129.8 138.6 146.7 132.4 140.4 105.8 92.8 90.8 122.8 164.6 183.7 183.4 166.4 145.3 130.2
-9999.0 -9999.0 -9999.0 -9999.0 -9999.0 -9999.0 -9999.0 -9999.0 -9999.0 -9999.0 -9999.0 -9999.0 40.9 26.8 38.5 76.4 76.6 57.5 62.9 79.9 69.9 85.4 87.9 89.3 85.1 84.0 86.9 87.4 88.2 82.8 79.6 80.1 90.4 70.9 67.6 69.9 63.7 69.5 72.4 70.6 80.9 86.5 97.5 112.8 126.9 140.9 160.5 157.7 151.7 122.4 120.9 130.6 102.7 87.3 83.6 81.9 97.0 114.4 123.6 148.1 166.3 182.9 122.5 95.6 89.1 79.4 99.9 140.1 186.1 204.9 192.0 163.2 140.3 130.3
-9999.0 -9999.0 -9999.0 -9999.0 -9999.0 -9999.0 -9999.0 -9999.0 -9999.0 -9999.0 -9999.0 -9999.0 18.4 44.0 33.1 45.8 52.2 84.3 75.4 82.4 105.2 111.0 95.2 105.7 99.3 112.9 105.1 117.2 92.7 90.1 86.4 100.0 80.0 70.8 69.0 71.3 70.1 72.7 71.8 83.3 82.6 81.1 112.6 101.1 130.3 162.0 178.7 168.4 145.2 141.3 140.4 119.9 167.0 162.0 118.3 82.2 98.9 119.1 138.6 132.5 142.4 149.9 225.0 98.6 73.6 81.0 103.6 158.1 211.1 206.4 174.6 158.0 128.8 118.3
-9999.0 -9999.0 -9999.0 -9999.0 -9999.0 -9999.0 -9999.0 -9999.0 -9999.0 -9999.0 -9999.0 -9999.0 -9999.0 65.2 65.5 49.4 61.4 64.4 86.7 98.7 128.2 105.2 117.8 124.6 105.6 109.9 106.7 101.2 107.8 91.2 105.4 97.6 97.8 82.9 83.7 100.7 95.0 79.1 82.4 80.3 83.2 111.0 126.5 128.0 127.8 147.6 173.3 150.8 177.9 166.9 137.4 166.4 144.7 106.9 142.3 136.8 92.5 103.5 136.7 201.8 190.2 322.0 210.1 86.0 89.3 82.6 113.8 172.0 207.2 200.0 148.5 105.1 104.6 75.8
-9999.0 -9999.0 -9999.0 -9999.0 -9999.0 -9999.0 -9999.0 -9999.0 -9999.0 -9999.0 -9999.0 -9999.0 -9999.0 21.7 65.3 52.9 84.9 66.9 78.4 94.5 129.1 131.9 137.3 130.4 106.7 115.6 117.5 105.8 107.4 140.0 126.3 118.8 102.2 101.1 112.3 110.2 93.5 90.1 97.7 122.2 94.9 100.3 109.0 122.6 163.9 153.4 164.9 145.3 153.2 150.9 170.1 125.9 160.4 181.4 191.8 158.0 111.5 117.4 161.7 103.2 207.9 116.6 150.9 155.4 96.6 88.0 128.4 185.4 202.8 157.0 107.8 81.2 69.8 84.4
-9999.0 -9999.0 -9999.0 -9999.0 -9999.0 -9999.0 -9999.0 -9999.0 -9999.0 -9999.0 -9999.0 -9999.0 -9999.0 -9999.0 -9999.0 58.3 61.7 81.3 83.0 85.6 121.6 114.6 117.1 125.5 132.6 130.2 156.0 133.8 152.1 119.0 126.8 119.9 140.9 134.0 118.5 142.2 144.9 90.2 98.1 100.0 113.7 116.6 115.3 119.2 120.2 123.6 147.6 115.0 146.4 97.3 135.2 206.2 162.4 172.0 113.7 163.1 160.9 95.5 214.6 260.9 105.7 173.2 258.5 175.0 109.9 102.0 150.3 195.2 179.2 129.5 85.8 69.3 101.8 110.5
-9999.0 -9999.0 -9999.0 -9999.0 -9999.0 -9999.0 -9999.0 -9999.0 -9999.0 -9999.0 -9999.0 -9999.0 -9999.0 -9999.0 -9999.0 -9999.0 -9999.0 17.9 48.8 -9999.0 78.0 122.9 109.3 115.1 138.8 135.6 163.8 144.3 124.0 141.3 126.7 111.9 156.2 108.5 91.5 119.0 156.5 79.1 103.1 102.5 105.2 119.7 111.6 112.8 120.4 118.2 111.5 161.3 106.2 132.4 86.8 129.1 105.4 190.2 209.2 217.1 166.4 247.1 248.5 281.9 110.3 194.3 235.7 188.8 140.4 137.0 174.6 191.6 144.9 94.0 58.1 113.6 129.5 120.8
-9999.0 -9999.0 -9999.0 -9999.0 -9999.0 -9999.0 -9999.0 -9999.0 -9999.0 -9999.0 -9999.0 -9999.0 -9999.0 -9999.0 -9999.0 -9999.0 -9999.0 -9999.0 -9999.0 -9999.0 -9999.0 104.1 125.8 159.1 141.1 118.3 121.4 122.4 125.5 111.5 118.0 96.3 102.6 109.0 95.9 122.1 112.2 99.1 81.8 69.1 73.6 113.1 116.7 114.3 120.6 119.6 122.6 102.6 169.3 335.4 128.2 227.1 231.8 145.0 194.6 262.4 280.9 234.3 390.8 278.9 112.1 144.8 198.1 190.5 178.5 175.2 171.3 138.3 91.4 65.7 66.8 114.9 128.8 117.1
-9999.0 -9999.0 -9999.0 -9999.0 -9999.0 -9999.0 -9999.0 -9999.0 -9999.0 -9999.0 -9999.0 -9999.0 -9999.0 -9999.0 -9999.0 -9999.0 -9999.0 -9999.0 -9999.0 -9999.0 -9999.0 -9999.0 -9999.0 82.3 124.0 122.3 122.6 126.4 143.9 117.6 122.6 129.3 167.2 141.5 155.5 145.7 150.9 107.9 118.9 114.7 101.6 112.8 94.7 97.7 115.1 123.0 111.7 103.1 101.7 106.4 106.8 187.0 126.8 164.9 159.0 118.8 266.3 347.8 135.0 305.3 137.3 167.6 175.6 165.7 164.4 172.1 137.2 81.5 70.2 57.6 105.8 113.9 121.8 127.3
-9999.0 -9999.0 -9999.0 -9999.0 -9999.0 -9999.0 -9999.0 -9999.0 -9999.0 -9999.0 -9999.0 -9999.0 -9999.0 -9999.0 -9999.0 -9999.0 -9999.0 -9999.0 -9999.0 -9999.0 -9999.0 -9999.0 -9999.0 -9999.0 -9999.0 62.5 102.9 182.3 166.0 192.2 146.6 115.3 112.4 132.8 115.7 154.0 184.7 112.8 126.6 91.0 111.2 83.9 83.9 96.2 109.5 117.8 120.8 135.6 118.9 113.8 175.6 155.9 206.4 208.4 132.4 145.1 245.7 218.8 334.6 299.9 245.1 213.1 361.6 162.7 147.5 135.2 91.5 73.4 90.8 116.2 105.0 106.6 89.0 118.1
-9999.0 -9999.0 -9999.0 -9999.0 -9999.0 -9999.0 -9999.0 -9999.0 -9999.0 -9999.0 -9999.0 -9999.0 -9999.0 -9999.0 -9999.0 -9999.0 -9999.0 -9999.0 -9999.0 -9999.0 -9999.0 -9999.0 -9999.0 -9999.0 -9999.0 -9999.0 -9999.0 51.2 51.4 90.6 91.1 89.0 158.2 75.6 121.3 43.7 91.8 81.1 52.9 69.3 82.8 64.2 77.4 89.9 100.5 109.8 119.4 129.6 140.2 134.1 156.1 164.2 155.4 151.4 159.5 208.1 159.1 154.7 282.2 207.4 167.6 228.5 130.1 111.3 103.0 84.8 73.0 57.1 71.1 96.3 95.9 117.8 80.7 101.1
-9999.0 -9999.0 -9999.0 -9999.0 -9999.0 -9999.0 -9999.0 -9999.0 -9999.0 -9999.0 -9999.0 -9999.0 -9999.0 -9999.0 -9999.0 -9999.0 -9999.0 -9999.0 -9999.0 -9999.0 -9999.0 -9999.0 -9999.0 -9999.0 -9999.0 -9999.0 -9999.0 -9999.0 -9999.0 -9999.0 -9999.0 -9999.0 -9999.0 46.4 89.1 -9999.0 -9999.0 -9999.0 42.4 54.3 53.0 60.9 70.8 81.0 90.1 100.0 -9999.0 -9999.0 -9999.0 -9999.0 -9999.0 -9999.0 162.0 194.8 162.4 160.6 166.1 151.8 170.6 172.9 185.6 208.4 125.9 95.4 81.5 78.6 80.7 91.3 99.5 88.1 73.7 96.0 109.3 79.1
-9999.0 -9999.0 -9999.0 -9999.0 -9999.0 -9999.0 -9999.0 -9999.0 -9999.0 -9999.0 -9999.0 -9999.0 -9999.0 -9999.0 -9999.0 -9999.0 -9999.0 -9999.0 -9999.0 -9999.0 -9999.0 -9999.0 -9999.0 -9999.0 -9999.0 -9999.0 -9999.0 -9999.0 -9999.0 -9999.0 -9999.0 -9999.0 -9999.0 -9999.0 -9999.0 -9999.0 -9999.0 -9999.0 -9999.0 41.4 47.8 55.3 63.6 72.5 -9999.0 -9999.0 -9999.0 -9999.0 -9999.0 -9999.0 -9999.0 -9999.0 169.9 212.0 183.7 172.2 174.3 172.6 173.3 168.0 161.3 172.2 149.5 95.0 91.1 96.1 109.9 107.1 107.2 112.9 95.0 81.2 75.6 95.9
-9999.0 -9999.0 -9999.0 -9999.0 -9999.0 -9999.0 -9999.0 -9999.0 -9999.0 -9999.0 -9999.0 -9999.0 -9999.0 -9999.0 -9999.0 -9999.0 -9999.0 -9999.0 -9999.0 -9999.0 -9999.0 -9999.0 -9999.0 -9999.0 -9999.0 -9999.0 -9999.0 -9999.0 -9999.0 -9999.0 -9999.0 -9999.0 -9999.0 -9999.0 -9999.0 -9999.0 -9999.0 -9999.0 -9999.0 -9999.0 -9999.0 -9999.0 -9999.0 -9999.0 -9999.0 -9999.0 -9999.0 -9999.0 -9999.0 -9999.0 -9999.0 -9999.0 162.5 219.3 189.3 204.0 179.1 173.7 166.6 166.3 147.9 149.7 251.0 106.8 101.8 107.5 117.2 118.0 115.8 106.6 84.8 73.6 113.0 89.6
-9999.0 -9999.0 -9999.0 -9999.0 -9999.0 -9999.0 -9999.0 -9999.0 -9999.0 -9999.0 -9999.0 -9999.0 -9999.0 -9999.0 -9999.0 -9999.0 -9999.0 -9999.0 -9999.0 -9999.0 -9999.0 -9999.0 -9999.0 -9999.0 -9999.0 -9999.0 -9999.0 -9999.0 -9999.0 -9999.0 -9999.0 -9999.0 -9999.0 -9999.0 -9999.0 -9999.0 -9999.0 -9999.0 -9999.0 -9999.0 -9999.0 -9999.0 -9999.0 -9999.0 -9999.0 -9999.0 -9999.0 -9999.0 -9999.0 -9999.0 -9999.0 154.9 189.9 215.5 191.0 185.6 171.7 171.1 151.4 91.4 197.9 183.2 126.5 111.9 106.1 115.6 116.6 82.3 110.4 90.1 72.1 69.9 70.4 68.1
-9999.0 -9999.0 -9999.0 -9999.0 -9999.0 -9999.0 -9999.0 -9999.0 -9999.0 -9999.0 -9999.0 -9999.0 -9999.0 -9999.0 -9999.0 -9999.0 -9999.0 -9999.0 -9999.0 -9999.0 -9999.0 -9999.0 -9999.0 -9999.0 -9999.0 -9999.0 -9999.0 -9999.0 -9999.0 -9999.0 -9999.0 -9999.0 -9999.0 -9999.0 -9999.0 -9999.0 -9999.0 -9999.0 -9999.0 -9999.0 -9999.0 -9999.0 -9999.0 -9999.0 -9999.0 -9999.0 -9999.0 -9999.0 -9999.0 -9999.0 124.3 189.3 219.7 227.9 209.5 190.8 148.1 113.4 122.7 164.0 157.7 185.3 133.8 119.8 110.8 110.7 115.7 97.1 112.9 81.1 76.8 62.5 72.7 97.1
-9999.0 -9999.0 -9999.0 -9999.0 -9999.0 -9999.0 -9999.0 -9999.0 -9999.0 -9999.0 -9999.0 -9999.0 -9999.0 -9999.0 -9999.0 -9999.0 -9999.0 -9999.0 -9999.0 -9999.0 -9999.0 -9999.0 -9999.0 -9999.0 -9999.0 -9999.0 -9999.0 -9999.0 -9999.0 -9999.0 -9999.0 -9999.0 -9999.0 -9999.0 -9999.0 -9999.0 -9999.0 -9999.0 -9999.0 -9999.0 -9999.0 -9999.0 -9999.0 -9999.0 -9999.0 -9999.0 -9999.0 -9999.0 -9999.0 -9999.0 134.2 228.7 216.5 246.2 227.9 182.9 107.1 138.6 141.5 132.1 127.1 140.4 119.4 114.9 109.6 87.8 95.4 85.5 100.7 85.3 88.2 88.1 97.0 109.2
-9999.0 -9999.0 -9999.0 -9999.0 -9999.0 -9999.0 -9999.0 -9999.0 -9999.0 -9999.0 -9999.0 -9999.0 -9999.0 -9999.0 -9999.0 -9999.0 -9999.0 -9999.0 -9999.0 -9999.0 -9999.0 -9999.0 -9999.0 -9999.0 -9999.0 -9999.0 -9999.0 -9999.0 -9999.0 -9999.0 -9999.0 -9999.0 -9999.0 -9999.0 -9999.0 -9999.0 -9999.0 -9999.0 -9999.0 -9999.0 -9999.0 -9999.0 -9999.0 -9999.0 -9999.0 -9999.0 -9999.0 -9999.0 -9999.0 -9999.0 144.8 205.9 219.9 270.8 216.2 160.9 174.5 133.6 149.9 116.1 131.1 133.9 123.8 106.3 106.3 101.9 99.9 102.3 104.1 145.5 120.1 165.1 120.5 150.2
-9999.0 -9999.0 -9999.0 -9999.0 -9999.0 -9999.0 -9999.0 -9999.0 -9999.0 -9999.0 -9999.0 -9999.0 -9999.0 -9999.0 -9999.0 -9999.0 -9999.0 -9999.0 -9999.0 -9999.0 -9999.0 -9999.0 -9999.0 -9999.0 -9999.0 -9999.0 -9999.0 -9999.0 -9999.0 -9999.0 -9999.0 -9999.0 -9999.0 -9999.0 -9999.0 -9999.0 -9999.0 -9999.0 -9999.0 -9999.0 -9999.0 -9999.0 -9999.0 -9999.0 -9999.0 -9999.0 -9999.0 -9999.0 -9999.0 -9999.0 207.1 264.7 271.5 272.9 233.9 204.5 136.2 156.2 160.8 129.2 135.2 125.1 106.5 119.6 126.8 136.9 163.9 178.1 213.1 112.4 164.7 164.4 166.9 173.1
-9999.0 -9999.0 -9999.0 -9999.0 -9999.0 -9999.0 -9999.0 -9999.0 -9999.0 -9999.0 -9999.0 -9999.0 -9999.0 -9999.0 -9999.0 -9999.0 -9999.0 -9999.0 -9999.0 -9999.0 -9999.0 -9999.0 -9999.0 -9999.0 -9999.0 -9999.0 -9999.0 -9999.0 -9999.0 -9999.0 -9999.0 -9999.0 -9999.0 -9999.0 -9999.0 -9999.0 -9999.0 -9999.0 -9999.0 -9999.0 -9999.0 -9999.0 -9999.0 -9999.0 -9999.0 -9999.0 -9999.0 -9999.0 -9999.0 -9999.0 -9999.0 -9999.0 -9999.0 265.5 235.4 204.2 196.6 210.3 180.4 163.1 185.8 115.6 162.9 152.8 164.8 182.0 228.0 211.1 256.5 246.4 217.4 197.2 184.0 176.1
-9999.0 -9999.0 -9999.0 -9999.0 -9999.0 -9999.0 -9999.0 -9999.0 -9999.0 -9999.0 -9999.0 -9999.0 -9999.0 -9999.0 -9999.0 -9999.0 -9999.0 -9999.0 -9999.0 -9999.0 -9999.0 -9999.0 -9999.0 -9999.0 -9999.0 -9999.0 -9999.0 -9999.0 -9999.0 -9999.0 -9999.0 -9999.0 -9999.0 -9999.0 -9999.0 -9999.0 -9999.0 -9999.0 -9999.0 -9999.0 -9999.0 -9999.0 -9999.0 -9999.0 -9999.0 -9999.0 -9999.0 -9999.0 -9999.0 -9999.0 -9999.0 -9999.0 -9999.0 270.3 245.0 274.3 246.1 250.7 262.7 251.9 193.1 150.0 201.8 174.3 197.5 217.6 176.7 298.2 230.6 243.7 240.2 245.3 246.1 232.9
-9999.0 -9999.0 -9999.0 -9999.0 -9999.0 -9999.0 -9999.0 -9999.0 -9999.0 -9999.0 -9999.0 -9999.0 -9999.0 -9999.0 -9999.0 -9999.0 -9999.0 -9999.0 -9999.0 -9999.0 -9999.0 -9999.0 -9999.0 -9999.0 -9999.0 -9999.0 -9999.0 -9999.0 -9999.0 -9999.0 -9999.0 -9999.0 -9999.0 -9999.0 -9999.0 -9999.0 -9999.0 -9999.0 -9999.0 -9999.0 -9999.0 -9999.0 -9999.0 -9999.0 -9999.0 -9999.0 -9999.0 -9999.0 -9999.0 -9999.0 -9999.0 -9999.0 -9999.0 276.4 241.0 280.9 288.7 297.1 309.5 283.3 267.1 236.5 263.0 280.9 206.0 -9999.0 -9999.0 -9999.0 283.3 249.2 297.4 356.5 376.5 353.8
-9999.0 -9999.0 -9999.0 -9999.0 -9999.0 -9999.0 -9999.0 -9999.0 -9999.0 -9999.0 -9999.0 -9999.0 -9999.0 -9999.0 -9999.0 -9999.0 -9999.0 -9999.0 -9999.0 -9999.0 -9999.0 -9999.0 -9999.0 -9999.0 -9999.0 -9999.0 -9999.0 -9999.0 -9999.0 -9999.0 -9999.0 -9999.0 -9999.0 -9999.0 -9999.0 -9999.0 -9999.0 -9999.0 -9999.0 -9999.0 -9999.0 -9999.0 -9999.0 -9999.0 -9999.0 -9999.0 -9999.0 -9999.0 -9999.0 -9999.0 -9999.0 -9999.0 -9999.0 -9999.0 284.4 291.5 282.8 292.5 337.9 348.5 267.8 -9999.0 -9999.0 -9999.0 -9999.0 -9999.0 -9999.0 -9999.0 272.1 326.6 429.7 469.9 509.8 489.5
-9999.0 -9999.0 -9999.0 -9999.0 -9999.0 -9999.0 -9999.0 -9999.0 -9999.0 -9999.0 -9999.0 -9999.0 -9999.0 -9999.0 -9999.0 -9999.0 -9999.0 -9999.0 -9999.0 -9999.0 -9999.0 -9999.0 -9999.0 -9999.0 -9999.0 -9999.0 -9999.0 -9999.0 -9999.0 -9999.0 -9999.0 -9999.0 -9999.0 -9999.0 -9999.0 -9999.0 -9999.0 -9999.0 -9999.0 -9999.0 -9999.0 -9999.0 -9999.0 -9999.0 -9999.0 -9999.0 -9999.0 -9999.0 -9999.0 -9999.0 -9999.0 -9999.0 -9999.0 -9999.0 -9999.0 296.3 351.8 331.8 325.0 348.2 327.9 -9999.0 -9999.0 -9999.0 -9999.0 -9999.0 -9999.0 -9999.0 -9999.0 -9999.0 479.9 -9999.0 -9999.0 -9999.0
