program/excelProcessViaJava/data/SURF_CLI_CHN_PRE_MON_GRID_0.5-199907.txt
NCOLS      128
NROWS       72
XLLCORNER    72.000000000000    
YLLCORNER    18.000000000000    
CELLSIZE    0.50000000000000    
NODATA_VALUE   -9999.000    
[rows 33 to 65 of 72, columns 0 to 74 of 128]
-9999.0 -9999.0 -9999.0 -9999.0 4.9 11.5 19.4 17.6 23.0 8.5 21.3 21.3 17.6 7.6 5.9 7.0 8.0 10.0 12.8 16.6 17.5 16.6 15.4 17.9 20.6 26.8 31.1 65.8 49.7 49.7 49.2 45.1 42.3 43.0 35.2 32.5 27.6 35.8 29.1 17.1 7.3 4.1 3.4 3.0 3.3 3.8 5.0 8.9 15.8 16.6 26.3 61.6 87.8 105.0 86.5 86.6 81.7 90.7 92.2 104.2 109.8 111.9 109.5 79.2 62.8 75.9 79.7 81.0 89.9 96.1 103.3 114.1 117.2 107.2 100.2
-9999.0 -9999.0 -9999.0 -9999.0 3.8 3.9 12.4 9.4 28.6 36.7 23.7 54.8 55.6 65.3 26.3 29.1 33.6 19.2 14.4 16.5 26.7 30.5 34.6 54.3 68.4 66.7 56.0 51.9 47.3 44.5 42.2 42.7 39.6 38.6 38.4 35.0 37.0 38.1 28.3 17.7 22.3 7.4 5.4 3.5 3.7 4.2 4.5 5.2 7.1 13.5 22.9 40.1 87.9 79.6 70.2 72.7 72.9 80.0 92.4 83.5 113.3 99.4 107.4 120.1 105.5 92.2 102.2 94.0 98.7 98.5 117.6 150.8 168.2 146.3 120.0
-9999.0 -9999.0 -9999.0 -9999.0 -9999.0 -9999.0 -9999.0 7.6 17.8 20.8 41.7 52.0 51.2 65.0 73.4 26.5 60.3 39.7 37.0 55.7 75.9 79.7 74.5 66.8 59.5 53.2 49.4 45.5 42.3 41.1 39.3 38.3 37.7 38.5 40.0 38.4 41.7 39.7 43.3 43.3 25.7 43.4 38.9 26.6 16.1 8.9 14.5 13.8 22.5 18.9 23.9 40.3 68.6 101.8 96.6 66.0 66.7 76.0 106.8 104.7 127.5 123.3 135.6 152.0 163.2 122.9 120.8 115.7 111.4 121.0 143.6 183.4 191.6 165.9 132.3
-9999.0 -9999.0 -9999.0 -9999.0 -9999.0 -9999.0 -9999.0 13.3 7.0 21.7 33.5 38.1 51.6 66.8 69.3 83.7 79.2 80.2 87.2 78.1 73.8 72.7 64.8 58.6 51.9 46.6 41.8 40.0 35.8 33.8 34.4 34.4 35.0 37.5 37.9 40.1 41.1 44.9 45.9 44.8 45.4 44.4 46.0 58.1 39.7 27.7 37.0 42.4 64.0 61.7 85.4 88.1 77.0 86.0 97.1 75.3 84.0 107.2 124.1 131.9 139.3 172.4 191.2 204.0 174.8 151.2 136.7 132.0 145.1 148.9 159.8 174.9 175.5 162.3 132.3
-9999.0 -9999.0 -9999.0 -9999.0 -9999.0 -9999.0 -9999.0 -9999.0 -9999.0 17.1 24.0 30.5 48.8 57.2 61.5 65.0 75.2 84.2 78.7 79.5 71.7 63.1 56.8 50.9 45.1 39.8 36.7 33.7 30.8 31.3 29.3 30.5 32.1 34.9 36.5 39.7 42.7 47.3 48.9 52.4 51.1 53.7 51.7 49.3 57.4 60.8 65.6 68.1 71.5 73.0 79.9 80.2 80.9 81.0 94.5 87.9 97.5 122.7 141.6 147.9 155.1 172.1 199.5 191.2 191.9 164.7 142.9 147.2 174.3 155.4 153.0 153.3 159.7 158.0 138.9
-9999.0 -9999.0 -9999.0 -9999.0 -9999.0 -9999.0 -9999.0 -9999.0 -9999.0 -9999.0 -9999.0 35.8 29.7 55.2 58.3 67.0 69.5 69.8 68.8 68.2 66.6 58.1 52.8 45.4 43.2 36.8 33.8 31.0 28.7 27.4 27.5 29.2 30.3 33.2 36.5 42.6 45.8 50.8 60.4 59.1 64.1 61.1 57.4 56.1 71.4 66.6 83.5 79.9 81.1 75.7 69.1 72.4 77.0 84.5 95.3 102.3 119.2 143.0 159.1 166.6 170.0 173.3 183.4 182.4 186.5 127.7 113.6 146.3 164.2 149.9 132.2 135.7 144.8 146.9 108.7
-9999.0 -9999.0 -9999.0 -9999.0 -9999.0 -9999.0 -9999.0 -9999.0 -9999.0 -9999.0 -9999.0 -9999.0 28.8 36.7 57.4 57.9 72.7 67.9 67.2 70.1 56.1 53.0 47.7 40.9 43.2 33.3 29.3 28.7 26.8 27.1 26.3 27.2 29.3 32.8 37.2 42.4 49.9 54.7 58.7 61.1 62.9 63.3 62.4 66.7 67.6 73.9 82.5 77.9 76.3 70.6 73.8 74.9 76.2 79.5 90.0 105.9 127.5 150.9 173.1 184.1 182.2 172.5 164.7 158.3 132.8 171.2 135.1 159.7 160.5 145.1 111.9 92.8 85.2 93.6 109.2
-9999.0 -9999.0 -9999.0 -9999.0 -9999.0 -9999.0 -9999.0 -9999.0 -9999.0 -9999.0 -9999.0 -9999.0 41.8 29.6 33.0 57.2 49.7 57.7 66.5 61.5 56.4 53.1 46.3 38.5 32.2 30.7 28.5 26.0 25.9 25.3 26.1 27.4 29.2 32.4 37.0 42.8 50.3 57.6 63.3 66.8 66.5 66.1 72.2 63.8 69.7 76.2 70.7 70.7 62.9 66.4 65.5 73.5 76.8 85.3 88.7 106.7 129.4 157.8 182.0 191.1 184.1 165.2 154.3 153.0 103.7 136.3 119.6 142.4 139.2 139.3 152.2 159.4 148.6 139.6 114.2
-9999.0 -9999.0 -9999.0 -9999.0 -9999.0 -9999.0 -9999.0 -9999.0 -9999.0 -9999.0 -9999.0 -9999.0 -9999.0 36.2 54.5 38.4 56.3 52.2 51.7 51.3 51.6 43.7 44.6 35.0 32.7 34.2 31.7 31.2 28.6 27.7 27.5 28.4 30.0 32.8 37.7 43.6 50.6 58.1 66.7 70.4 72.2 74.8 73.2 77.2 68.5 61.7 66.9 72.8 74.5 72.9 75.0 78.4 85.1 103.5 103.7 110.9 128.8 156.8 180.3 192.7 188.6 166.7 152.9 112.7 68.5 110.4 164.5 206.4 205.0 180.4 149.9 170.6 182.1 145.7 106.1
-9999.0 -9999.0 -9999.0 -9999.0 -9999.0 -9999.0 -9999.0 -9999.0 -9999.0 -9999.0 -9999.0 -9999.0 26.5 46.3 50.4 43.7 64.2 58.6 58.0 45.3 43.9 41.8 40.9 36.2 32.8 36.2 33.6 31.9 31.6 31.6 31.3 32.0 32.4 35.1 38.8 44.9 51.1 58.9 64.3 68.1 75.9 83.3 89.1 75.1 75.6 72.7 66.1 63.6 73.1 79.7 92.8 105.5 102.3 110.1 106.2 111.4 133.3 147.3 175.1 183.3 187.1 183.0 158.2 154.6 120.3 127.1 214.2 250.3 266.7 260.5 257.2 256.2 211.6 129.6 88.7
-9999.0 -9999.0 -9999.0 -9999.0 -9999.0 -9999.0 -9999.0 -9999.0 -9999.0 -9999.0 -9999.0 -9999.0 32.7 19.3 33.1 65.8 65.7 47.7 48.2 56.2 43.4 48.0 44.2 40.7 36.3 35.1 36.5 37.6 38.5 38.7 38.9 38.6 37.5 41.0 44.1 47.8 54.8 60.0 64.5 66.2 69.9 74.1 79.0 83.1 84.0 85.0 93.5 92.3 93.9 83.7 93.7 115.6 112.8 110.7 108.7 103.1 123.8 150.7 166.7 193.6 204.1 205.4 151.8 113.8 108.6 186.4 222.4 270.9 244.2 242.1 273.4 292.2 256.4 189.4 122.7
-9999.0 -9999.0 -9999.0 -9999.0 -9999.0 -9999.0 -9999.0 -9999.0 -9999.0 -9999.0 -9999.0 -9999.0 6.5 34.2 22.3 36.1 41.1 67.0 56.1 56.7 66.5 64.2 50.3 52.4 47.3 52.3 50.1 53.8 50.2 50.9 50.8 48.0 49.3 51.7 53.1 54.5 59.0 63.0 66.4 68.5 72.8 79.3 94.8 86.8 97.4 109.9 115.4 106.2 93.2 98.0 109.5 108.8 160.9 169.4 145.2 99.2 126.1 156.2 181.7 178.2 185.7 184.2 216.4 115.7 115.6 214.7 248.2 259.3 243.7 227.1 266.1 329.4 304.0 231.3 153.4
-9999.0 -9999.0 -9999.0 -9999.0 -9999.0 -9999.0 -9999.0 -9999.0 -9999.0 -9999.0 -9999.0 -9999.0 -9999.0 49.3 51.5 35.0 46.2 46.2 63.3 68.4 82.8 63.9 68.2 69.4 58.1 61.7 63.1 64.8 69.0 68.8 67.9 65.8 62.1 64.3 62.9 58.7 62.5 70.5 72.1 75.6 81.8 97.5 112.5 118.4 110.0 112.4 124.4 97.2 126.0 123.5 103.4 151.4 149.6 126.0 173.8 176.3 121.2 144.3 186.9 236.7 221.5 278.5 206.2 96.7 175.6 184.1 222.4 237.1 211.8 234.3 275.3 309.8 312.7 276.5 245.2
-9999.0 -9999.0 -9999.0 -9999.0 -9999.0 -9999.0 -9999.0 -9999.0 -9999.0 -9999.0 -9999.0 -9999.0 -9999.0 3.4 47.1 33.5 64.5 44.2 52.8 64.4 87.7 86.3 87.4 82.1 67.9 77.8 84.1 84.9 91.2 95.9 92.0 87.4 85.7 81.2 73.8 72.9 79.2 81.6 81.0 86.3 95.0 108.5 122.6 132.0 149.9 134.9 133.6 105.1 114.8 118.0 147.1 107.4 164.1 200.8 224.7 207.5 161.1 174.5 219.3 156.6 233.9 147.8 162.5 235.9 188.8 183.5 224.0 241.5 225.6 220.3 248.1 264.7 263.7 272.7 287.6
-9999.0 -9999.0 -9999.0 -9999.0 -9999.0 -9999.0 -9999.0 -9999.0 -9999.0 -9999.0 -9999.0 -9999.0 -9999.0 -9999.0 -9999.0 33.6 35.5 54.7 53.6 53.2 85.1 77.3 79.3 88.0 97.4 102.1 121.7 119.9 128.3 125.8 124.1 119.1 105.2 97.9 96.6 84.5 82.6 100.6 95.4 97.9 106.6 121.0 134.3 141.9 129.9 116.7 136.7 95.0 129.7 81.3 125.3 204.5 165.4 187.7 118.1 215.5 228.0 131.5 266.5 284.0 146.7 183.8 286.3 243.3 205.1 206.6 239.8 257.2 241.3 235.0 214.2 180.7 195.9 213.1 248.4
-9999.0 -9999.0 -9999.0 -9999.0 -9999.0 -9999.0 -9999.0 -9999.0 -9999.0 -9999.0 -9999.0 -9999.0 -9999.0 -9999.0 -9999.0 -9999.0 -9999.0 0.0 10.5 -9999.0 38.2 87.3 74.6 84.8 114.6 121.8 149.1 151.0 153.5 162.4 160.0 155.6 132.0 140.0 141.3 112.0 94.9 120.1 103.5 105.1 112.4 128.2 138.4 144.2 127.5 126.6 113.6 171.3 112.7 142.3 81.1 133.5 81.5 202.4 235.8 258.9 216.4 293.6 284.8 292.7 145.5 186.0 207.0 192.2 184.4 205.9 241.2 265.7 252.7 224.4 160.3 165.8 160.7 140.9 206.8
-9999.0 -9999.0 -9999.0 -9999.0 -9999.0 -9999.0 -9999.0 -9999.0 -9999.0 -9999.0 -9999.0 -9999.0 -9999.0 -9999.0 -9999.0 -9999.0 -9999.0 -9999.0 -9999.0 -9999.0 -9999.0 65.5 94.4 134.2 126.8 114.2 136.3 158.8 181.7 185.6 191.9 178.2 174.8 159.0 148.8 120.6 114.9 111.2 109.0 108.8 108.4 129.6 144.9 152.1 140.5 152.9 140.4 131.2 206.3 349.7 155.5 256.6 254.9 146.4 207.2 282.1 300.1 258.6 366.3 283.8 152.6 145.9 127.1 129.3 149.1 184.7 221.0 251.2 235.4 207.3 158.9 144.5 124.8 130.4 217.1
-9999.0 -9999.0 -9999.0 -9999.0 -9999.0 -9999.0 -9999.0 -9999.0 -9999.0 -9999.0 -9999.0 -9999.0 -9999.0 -9999.0 -9999.0 -9999.0 -9999.0 -9999.0 -9999.0 -9999.0 -9999.0 -9999.0 -9999.0 38.0 109.5 122.4 143.7 174.8 212.5 211.2 216.0 201.6 175.3 153.5 131.0 116.0 107.7 104.1 103.9 109.1 114.3 133.8 133.5 139.8 154.5 170.6 159.1 151.6 136.2 119.7 129.3 231.1 131.1 177.8 166.7 129.8 265.8 333.2 205.7 300.3 212.2 192.9 156.6 116.9 154.8 191.4 210.5 229.6 229.9 196.9 184.7 162.8 158.5 202.3 298.9
-9999.0 -9999.0 -9999.0 -9999.0 -9999.0 -9999.0 -9999.0 -9999.0 -9999.0 -9999.0 -9999.0 -9999.0 -9999.0 -9999.0 -9999.0 -9999.0 -9999.0 -9999.0 -9999.0 -9999.0 -9999.0 -9999.0 -9999.0 -9999.0 -9999.0 18.8 102.4 227.9 233.2 241.4 228.4 198.6 173.8 150.9 125.7 115.7 118.6 99.6 107.4 103.0 124.7 120.1 138.6 154.2 186.3 195.5 200.6 200.6 200.7 158.1 254.3 204.3 252.7 236.3 136.3 160.9 252.1 248.6 325.5 310.5 289.3 249.0 274.7 130.7 186.1 233.9 242.0 234.0 218.2 212.7 200.0 208.7 219.5 261.4 315.1
-9999.0 -9999.0 -9999.0 -9999.0 -9999.0 -9999.0 -9999.0 -9999.0 -9999.0 -9999.0 -9999.0 -9999.0 -9999.0 -9999.0 -9999.0 -9999.0 -9999.0 -9999.0 -9999.0 -9999.0 -9999.0 -9999.0 -9999.0 -9999.0 -9999.0 -9999.0 -9999.0 15.1 27.0 140.2 156.9 153.8 181.0 120.5 117.6 88.9 93.5 91.2 90.2 97.3 115.7 116.1 154.0 183.1 205.8 220.1 226.4 233.9 234.6 206.1 195.0 167.9 182.6 156.5 171.8 231.7 219.3 250.3 319.6 310.2 302.2 284.8 178.7 176.3 167.0 219.1 255.7 221.7 203.1 213.1 230.9 264.7 245.4 265.0 270.4
-9999.0 -9999.0 -9999.0 -9999.0 -9999.0 -9999.0 -9999.0 -9999.0 -9999.0 -9999.0 -9999.0 -9999.0 -9999.0 -9999.0 -9999.0 -9999.0 -9999.0 -9999.0 -9999.0 -9999.0 -9999.0 -9999.0 -9999.0 -9999.0 -9999.0 -9999.0 -9999.0 -9999.0 -9999.0 -9999.0 -9999.0 -9999.0 -9999.0 68.9 99.0 -9999.0 -9999.0 -9999.0 86.0 97.0 113.6 139.3 165.3 189.0 205.3 234.4 -9999.0 -9999.0 -9999.0 -9999.0 -9999.0 -9999.0 177.0 240.9 171.5 209.7 262.7 291.5 320.1 350.6 343.1 297.2 237.3 208.6 198.8 209.8 222.4 236.3 254.8 255.8 258.2 295.9 285.6 227.5 224.7
-9999.0 -9999.0 -9999.0 -9999.0 -9999.0 -9999.0 -9999.0 -9999.0 -9999.0 -9999.0 -9999.0 -9999.0 -9999.0 -9999.0 -9999.0 -9999.0 -9999.0 -9999.0 -9999.0 -9999.0 -9999.0 -9999.0 -9999.0 -9999.0 -9999.0 -9999.0 -9999.0 -9999.0 -9999.0 -9999.0 -9999.0 -9999.0 -9999.0 -9999.0 -9999.0 -9999.0 -9999.0 -9999.0 -9999.0 63.5 87.5 113.1 142.8 177.8 -9999.0 -9999.0 -9999.0 -9999.0 -9999.0 -9999.0 -9999.0 -9999.0 219.5 293.0 228.6 231.8 285.7 316.1 342.8 360.9 347.8 299.1 247.0 233.1 198.0 205.7 236.2 280.6 321.9 376.6 371.6 329.8 268.5 265.7 220.9
-9999.0 -9999.0 -9999.0 -9999.0 -9999.0 -9999.0 -9999.0 -9999.0 -9999.0 -9999.0 -9999.0 -9999.0 -9999.0 -9999.0 -9999.0 -9999.0 -9999.0 -9999.0 -9999.0 -9999.0 -9999.0 -9999.0 -9999.0 -9999.0 -9999.0 -9999.0 -9999.0 -9999.0 -9999.0 -9999.0 -9999.0 -9999.0 -9999.0 -9999.0 -9999.0 -9999.0 -9999.0 -9999.0 -9999.0 -9999.0 -9999.0 -9999.0 -9999.0 -9999.0 -9999.0 -9999.0 -9999.0 -9999.0 -9999.0 -9999.0 -9999.0 -9999.0 248.8 338.0 249.6 298.7 279.4 295.1 310.3 326.9 313.7 291.8 295.9 265.9 266.4 289.5 296.4 330.7 399.6 446.4 424.4 376.8 398.7 323.6 328.4
-9999.0 -9999.0 -9999.0 -9999.0 -9999.0 -9999.0 -9999.0 -9999.0 -9999.0 -9999.0 -9999.0 -9999.0 -9999.0 -9999.0 -9999.0 -9999.0 -9999.0 -9999.0 -9999.0 -9999.0 -9999.0 -9999.0 -9999.0 -9999.0 -9999.0 -9999.0 -9999.0 -9999.0 -9999.0 -9999.0 -9999.0 -9999.0 -9999.0 -9999.0 -9999.0 -9999.0 -9999.0 -9999.0 -9999.0 -9999.0 -9999.0 -9999.0 -9999.0 -9999.0 -9999.0 -9999.0 -9999.0 -9999.0 -9999.0 -9999.0 -9999.0 410.3 329.5 347.0 201.3 239.5 246.8 281.5 266.3 227.0 301.1 287.0 277.0 297.5 327.9 349.8 323.7 271.9 443.5 465.3 452.3 428.8 373.7 359.6 425.4
-9999.0 -9999.0 -9999.0 -9999.0 -9999.0 -9999.0 -9999.0 -9999.0 -9999.0 -9999.0 -9999.0 -9999.0 -9999.0 -9999.0 -9999.0 -9999.0 -9999.0 -9999.0 -9999.0 -9999.0 -9999.0 -9999.0 -9999.0 -9999.0 -9999.0 -9999.0 -9999.0 -9999.0 -9999.0 -9999.0 -9999.0 -9999.0 -9999.0 -9999.0 -9999.0 -9999.0 -9999.0 -9999.0 -9999.0 -9999.0 -9999.0 -9999.0 -9999.0 -9999.0 -9999.0 -9999.0 -9999.0 -9999.0 -9999.0 -9999.0 430.0 520.6 431.5 371.1 249.7 250.7 211.7 207.0 230.1 270.3 250.8 289.0 266.2 298.1 326.4 338.0 393.3 350.4 482.7 458.2 494.8 436.7 408.5 447.1 493.9
-9999.0 -9999.0 -9999.0 -9999.0 -9999.0 -9999.0 -9999.0 -9999.0 -9999.0 -9999.0 -9999.0 -9999.0 -9999.0 -9999.0 -9999.0 -9999.0 -9999.0 -9999.0 -9999.0 -9999.0 -9999.0 -9999.0 -9999.0 -9999.0 -9999.0 -9999.0 -9999.0 -9999.0 -9999.0 -9999.0 -9999.0 -9999.0 -9999.0 -9999.0 -9999.0 -9999.0 -9999.0 -9999.0 -9999.0 -9999.0 -9999.0 -9999.0 -9999.0 -9999.0 -9999.0 -9999.0 -9999.0 -9999.0 -9999.0 -9999.0 423.4 615.1 482.1 410.9 340.1 255.1 212.8 259.8 269.8 242.6 218.8 238.7 217.8 251.7 282.4 228.0 302.6 288.5 400.0 428.8 485.4 468.5 442.5 454.6 482.9
-9999.0 -9999.0 -9999.0 -9999.0 -9999.0 -9999.0 -9999.0 -9999.0 -9999.0 -9999.0 -9999.0 -9999.0 -9999.0 -9999.0 -9999.0 -9999.0 -9999.0 -9999.0 -9999.0 -9999.0 -9999.0 -9999.0 -9999.0 -9999.0 -9999.0 -9999.0 -9999.0 -9999.0 -9999.0 -9999.0 -9999.0 -9999.0 -9999.0 -9999.0 -9999.0 -9999.0 -9999.0 -9999.0 -9999.0 -9999.0 -9999.0 -9999.0 -9999.0 -9999.0 -9999.0 -9999.0 -9999.0 -9999.0 -9999.0 -9999.0 323.6 476.7 409.2 542.4 328.1 260.6 341.7 274.4 306.1 220.7 246.8 265.8 241.1 200.4 239.1 239.6 237.0 261.3 310.9 454.6 450.2 540.5 452.0 454.6 397.2
-9999.0 -9999.0 -9999.0 -9999.0 -9999.0 -9999.0 -9999.0 -9999.0 -9999.0 -9999.0 -9999.0 -9999.0 -9999.0 -9999.0 -9999.0 -9999.0 -9999.0 -9999.0 -9999.0 -9999.0 -9999.0 -9999.0 -9999.0 -9999.0 -9999.0 -9999.0 -9999.0 -9999.0 -9999.0 -9999.0 -9999.0 -9999.0 -9999.0 -9999.0 -9999.0 -9999.0 -9999.0 -9999.0 -9999.0 -9999.0 -9999.0 -9999.0 -9999.0 -9999.0 -9999.0 -9999.0 -9999.0 -9999.0 -9999.0 -9999.0 416.3 561.2 462.9 475.0 399.5 406.4 253.7 307.9 315.8 248.7 307.0 287.3 177.0 203.8 227.4 237.2 290.8 303.4 382.3 256.1 387.1 435.4 443.4 386.8 296.7
-9999.0 -9999.0 -9999.0 -9999.0 -9999.0 -9999.0 -9999.0 -9999.0 -9999.0 -9999.0 -9999.0 -9999.0 -9999.0 -9999.0 -9999.0 -9999.0 -9999.0 -9999.0 -9999.0 -9999.0 -9999.0 -9999.0 -9999.0 -9999.0 -9999.0 -9999.0 -9999.0 -9999.0 -9999.0 -9999.0 -9999.0 -9999.0 -9999.0 -9999.0 -9999.0 -9999.0 -9999.0 -9999.0 -9999.0 -9999.0 -9999.0 -9999.0 -9999.0 -9999.0 -9999.0 -9999.0 -9999.0 -9999.0 -9999.0 -9999.0 -9999.0 -9999.0 -9999.0 352.2 318.8 310.6 326.1 362.3 292.7 314.5 556.1 265.6 391.0 241.7 209.0 199.8 270.4 219.8 288.2 301.4 306.3 317.3 296.9 260.3 236.2
-9999.0 -9999.0 -9999.0 -9999.0 -9999.0 -9999.0 -9999.0 -9999.0 -9999.0 -9999.0 -9999.0 -9999.0 -9999.0 -9999.0 -9999.0 -9999.0 -9999.0 -9999.0 -9999.0 -9999.0 -9999.0 -9999.0 -9999.0 -9999.0 -9999.0 -9999.0 -9999.0 -9999.0 -9999.0 -9999.0 -9999.0 -9999.0 -9999.0 -9999.0 -9999.0 -9999.0 -9999.0 -9999.0 -9999.0 -9999.0 -9999.0 -9999.0 -9999.0 -9999.0 -9999.0 -9999.0 -9999.0 -9999.0 -9999.0 -9999.0 -9999.0 -9999.0 -9999.0 332.4 281.2 558.4 323.2 301.5 377.2 570.6 462.3 322.2 480.5 248.2 206.8 181.0 130.1 241.4 177.4 206.7 229.4 250.7 234.5 220.8 222.9
-9999.0 -9999.0 -9999.0 -9999.0 -9999.0 -9999.0 -9999.0 -9999.0 -9999.0 -9999.0 -9999.0 -9999.0 -9999.0 -9999.0 -9999.0 -9999.0 -9999.0 -9999.0 -9999.0 -9999.0 -9999.0 -9999.0 -9999.0 -9999.0 -9999.0 -9999.0 -9999.0 -9999.0 -9999.0 -9999.0 -9999.0 -9999.0 -9999.0 -9999.0 -9999.0 -9999.0 -9999.0 -9999.0 -9999.0 -9999.0 -9999.0 -9999.0 -9999.0 -9999.0 -9999.0 -9999.0 -9999.0 -9999.0 -9999.0 -9999.0 -9999.0 -9999.0 -9999.0 326.0 198.3 381.5 336.7 307.0 383.7 434.5 566.4 498.6 563.2 463.9 200.9 -9999.0 -9999.0 -9999.0 190.0 184.9 257.3 329.2 327.7 283.5 239.5
-9999.0 -9999.0 -9999.0 -9999.0 -9999.0 -9999.0 -9999.0 -9999.0 -9999.0 -9999.0 -9999.0 -9999.0 -9999.0 -9999.0 -9999.0 -9999.0 -9999.0 -9999.0 -9999.0 -9999.0 -9999.0 -9999.0 -9999.0 -9999.0 -9999.0 -9999.0 -9999.0 -9999.0 -9999.0 -9999.0 -9999.0 -9999.0 -9999.0 -9999.0 -9999.0 -9999.0 -9999.0 -9999.0 -9999.0 -9999.0 -9999.0 -9999.0 -9999.0 -9999.0 -9999.0 -9999.0 -9999.0 -9999.0 -9999.0 -9999.0 -9999.0 -9999.0 -9999.0 -9999.0 305.5 299.0 207.2 209.0 356.8 513.3 314.9 -9999.0 -9999.0 -9999.0 -9999.0 -9999.0 -9999.0 -9999.0 175.1 248.7 380.0 459.0 452.9 348.5 230.8
-9999.0 -9999.0 -9999.0 -9999.0 -9999.0 -9999.0 -9999.0 -9999.0 -9999.0 -9999.0 -9999.0 -9999.0 -9999.0 -9999.0 -9999.0 -9999.0 -9999.0 -9999.0 -9999.0 -9999.0 -9999.0 -9999.0 -9999.0 -9999.0 -9999.0 -9999.0 -9999.0 -9999.0 -9999.0 -9999.0 -9999.0 -9999.0 -9999.0 -9999.0 -9999.0 -9999.0 -9999.0 -9999.0 -9999.0 -9999.0 -9999.0 -9999.0 -9999.0 -9999.0 -9999.0 -9999.0 -9999.0 -9999.0 -9999.0 -9999.0 -9999.0 -9999.0 -9999.0 -9999.0 -9999.0 214.2 386.2 231.9 209.7 316.4 310.2 -9999.0 -9999.0 -9999.0 -9999.0 -9999.0 -9999.0 -9999.0 -9999.0 -9999.0 420.2 -9999.0 -9999.0 -9999.0 -9999.0
