program/excelProcessViaJava/data/SURF_CLI_CHN_PRE_MON_GRID_0.5-199808.txt
NCOLS      128
NROWS       72
XLLCORNER    72.000000000000    
YLLCORNER    18.000000000000    
CELLSIZE    0.50000000000000    
NODATA_VALUE   -9999.000    
[rows 33 to 65 of 72, columns 0 to 73 of 128]
-9999.0 -9999.0 -9999.0 -9999.0 14.1 25.9 36.4 35.4 41.9 29.7 43.6 41.6 33.2 18.1 13.0 10.6 7.5 5.6 5.4 6.1 6.2 5.7 5.4 7.4 11.5 20.8 32.3 65.7 63.7 71.8 77.4 79.6 79.0 76.7 66.3 56.7 44.9 53.2 41.5 23.6 10.6 6.8 6.7 6.7 7.5 8.4 10.5 16.2 25.2 28.5 39.3 69.1 93.9 121.6 101.3 117.9 122.2 152.2 145.9 159.5 147.0 122.7 107.0 76.7 55.9 66.1 63.6 36.3 53.2 46.8 47.3 56.3 65.7 74.4
-9999.0 -9999.0 -9999.0 -9999.0 12.5 13.7 26.7 24.2 42.6 48.2 41.5 57.0 55.4 55.8 28.2 24.1 21.0 9.6 6.0 6.6 10.6 12.5 15.4 29.0 46.4 54.8 54.1 60.0 65.4 71.2 76.1 79.5 80.0 77.9 74.0 65.6 63.0 61.5 45.1 30.0 36.8 16.5 13.8 10.2 8.8 7.7 7.1 7.5 9.7 16.0 24.3 37.4 82.3 78.2 77.5 92.9 100.6 116.6 133.6 84.2 138.2 91.2 90.6 100.4 87.5 66.3 85.0 65.8 63.9 81.6 67.1 70.5 74.3 83.7
-9999.0 -9999.0 -9999.0 -9999.0 -9999.0 -9999.0 -9999.0 19.9 30.7 34.0 46.8 51.2 49.3 52.7 52.7 22.0 35.8 20.8 17.2 25.6 37.6 43.9 45.3 45.4 46.9 50.0 55.3 60.5 65.9 71.4 76.1 79.8 81.9 82.1 81.2 75.9 75.4 68.3 70.8 69.0 45.1 67.6 58.8 38.6 21.5 11.0 11.5 9.6 14.1 13.2 17.2 28.1 52.4 114.9 116.7 71.4 63.2 65.9 116.2 101.8 132.9 90.9 84.4 98.8 110.1 89.8 93.8 100.2 92.0 93.4 79.9 78.1 87.7 100.1
-9999.0 -9999.0 -9999.0 -9999.0 -9999.0 -9999.0 -9999.0 23.1 17.7 30.6 38.2 40.2 45.8 51.3 49.2 54.7 47.6 45.6 50.0 43.2 42.2 45.7 44.7 46.3 48.0 51.5 55.6 61.3 66.3 72.0 76.6 80.9 84.2 86.0 86.0 84.7 80.9 80.1 76.2 71.3 70.4 68.1 66.0 71.3 40.4 22.1 21.6 21.1 36.0 35.2 67.4 74.4 60.8 84.6 117.8 75.7 65.2 72.3 96.1 111.3 109.8 111.7 101.9 114.3 110.0 99.4 93.1 93.1 113.4 86.1 90.2 95.2 102.3 110.1
-9999.0 -9999.0 -9999.0 -9999.0 -9999.0 -9999.0 -9999.0 -9999.0 -9999.0 23.7 28.5 32.1 41.1 43.6 43.4 42.6 46.3 52.2 47.2 50.2 46.6 44.3 45.0 46.8 49.3 52.6 57.3 62.3 67.9 72.4 79.8 83.8 87.8 90.2 92.8 92.6 90.5 88.2 82.5 80.1 74.6 75.6 69.7 58.3 53.9 44.4 38.4 35.2 38.8 45.3 61.5 67.8 74.2 81.3 112.6 84.6 63.7 66.5 94.2 100.8 109.3 119.9 123.6 121.7 121.5 108.1 93.0 85.4 112.6 101.9 115.7 118.8 121.2 123.0
-9999.0 -9999.0 -9999.0 -9999.0 -9999.0 -9999.0 -9999.0 -9999.0 -9999.0 -9999.0 -9999.0 31.5 27.3 39.9 39.8 43.1 43.2 42.9 42.9 44.6 47.1 45.7 47.3 48.3 52.7 55.2 59.4 64.0 69.2 75.3 80.9 83.9 91.4 95.7 100.3 101.4 102.3 99.6 101.0 87.8 85.4 77.9 71.6 63.9 67.4 50.9 57.7 47.5 53.3 57.0 58.2 68.8 80.0 97.2 117.5 110.1 93.5 99.9 100.5 110.6 127.2 129.5 131.3 136.6 131.8 123.7 94.1 96.6 116.1 135.4 152.8 161.6 152.2 137.7
-9999.0 -9999.0 -9999.0 -9999.0 -9999.0 -9999.0 -9999.0 -9999.0 -9999.0 -9999.0 -9999.0 -9999.0 23.4 27.0 37.1 36.5 44.8 42.3 43.4 48.1 43.1 45.7 47.8 49.6 55.4 57.3 62.1 66.2 71.7 74.3 82.1 88.3 93.9 97.2 103.6 110.7 112.8 113.8 107.1 95.6 84.8 79.3 76.5 76.4 71.4 68.6 68.9 59.0 63.9 70.4 86.2 91.9 91.6 93.4 107.0 118.2 121.6 130.5 110.5 138.7 149.0 154.1 150.9 147.1 155.9 141.9 137.0 138.8 153.1 173.5 198.8 176.7 149.6 138.0
-9999.0 -9999.0 -9999.0 -9999.0 -9999.0 -9999.0 -9999.0 -9999.0 -9999.0 -9999.0 -9999.0 -9999.0 27.0 20.4 22.0 34.2 30.8 36.2 43.2 43.6 44.8 47.7 49.3 51.1 54.7 59.9 65.3 72.3 76.4 83.6 84.9 85.9 94.0 101.5 108.0 119.2 123.0 127.7 125.5 114.4 99.9 91.0 91.6 85.4 88.4 92.0 85.7 84.4 82.6 94.7 98.4 105.1 99.3 108.2 101.2 118.8 118.3 129.4 129.5 147.7 163.1 168.4 161.8 152.8 161.0 160.8 158.8 178.0 199.1 220.8 237.0 240.2 247.2 279.9
-9999.0 -9999.0 -9999.0 -9999.0 -9999.0 -9999.0 -9999.0 -9999.0 -9999.0 -9999.0 -9999.0 -9999.0 -9999.0 20.6 29.8 22.6 32.3 32.3 34.8 38.2 42.7 43.9 49.5 51.6 57.1 62.1 67.1 70.6 77.5 82.9 90.7 95.5 92.1 97.7 115.0 125.4 137.0 143.5 135.7 134.1 121.6 111.9 105.6 107.8 107.0 109.8 117.5 125.2 131.4 134.5 134.4 124.0 115.3 142.2 130.6 124.9 121.2 135.0 154.6 155.4 161.1 162.0 158.2 148.4 132.1 158.8 186.5 229.4 252.1 262.4 235.6 272.6 322.0 330.0
-9999.0 -9999.0 -9999.0 -9999.0 -9999.0 -9999.0 -9999.0 -9999.0 -9999.0 -9999.0 -9999.0 -9999.0 12.7 22.0 24.4 22.5 33.4 33.3 36.2 34.4 38.3 42.6 48.0 52.7 58.9 65.0 72.1 80.5 86.8 89.6 94.3 102.7 91.1 102.1 107.6 125.5 132.8 159.8 164.0 152.7 136.2 129.1 127.1 122.1 128.1 137.5 147.8 156.4 166.5 172.9 176.9 175.9 148.4 147.3 127.3 122.1 138.2 120.4 146.7 152.6 156.1 157.8 150.1 152.6 139.5 156.9 270.0 287.0 288.9 293.5 316.9 338.4 319.0 236.5
-9999.0 -9999.0 -9999.0 -9999.0 -9999.0 -9999.0 -9999.0 -9999.0 -9999.0 -9999.0 -9999.0 -9999.0 12.1 7.8 13.9 28.6 30.5 25.8 29.4 36.6 36.0 43.0 47.5 53.0 60.1 69.7 79.9 90.1 97.9 106.9 111.1 107.8 94.7 110.3 114.9 120.4 145.0 159.3 169.4 168.8 153.7 145.9 140.4 139.8 145.9 157.3 172.1 187.5 201.7 206.3 205.8 203.3 174.5 147.4 131.8 112.3 129.6 147.1 149.8 172.3 179.3 183.0 143.5 122.7 129.3 251.4 253.0 346.2 299.0 272.4 287.9 308.8 307.1 332.6
-9999.0 -9999.0 -9999.0 -9999.0 -9999.0 -9999.0 -9999.0 -9999.0 -9999.0 -9999.0 -9999.0 -9999.0 1.6 10.2 7.4 13.5 17.3 29.3 28.8 32.8 40.3 44.2 45.8 53.0 60.5 69.4 81.1 87.2 108.6 117.4 122.4 103.1 116.8 121.8 118.8 116.7 131.6 148.5 166.7 157.8 162.3 174.2 150.6 172.1 161.6 167.1 180.5 197.6 216.1 230.6 233.8 219.4 242.6 240.9 198.3 126.6 148.2 170.0 186.2 176.0 180.5 178.3 214.9 126.6 148.9 440.0 445.6 366.6 271.4 212.2 225.6 314.3 334.9 355.8
-9999.0 -9999.0 -9999.0 -9999.0 -9999.0 -9999.0 -9999.0 -9999.0 -9999.0 -9999.0 -9999.0 -9999.0 -9999.0 11.5 13.2 9.9 15.2 17.8 26.2 31.1 39.0 38.3 44.8 51.6 58.9 70.8 85.5 103.4 113.1 138.1 123.6 126.1 113.7 121.5 109.0 88.1 100.0 137.4 148.6 167.3 175.3 148.4 150.0 162.0 177.4 172.1 174.2 184.1 203.4 221.0 227.0 245.4 242.6 213.9 249.0 241.4 169.5 181.5 215.6 259.6 238.3 302.9 225.9 105.3 271.2 404.8 431.0 321.2 202.4 189.1 226.3 280.7 348.5 322.3
-9999.0 -9999.0 -9999.0 -9999.0 -9999.0 -9999.0 -9999.0 -9999.0 -9999.0 -9999.0 -9999.0 -9999.0 -9999.0 0.4 8.2 6.3 15.6 12.6 17.4 23.4 32.8 36.4 41.7 47.1 54.5 68.8 85.4 109.3 128.6 113.1 125.5 126.8 135.6 119.6 92.7 88.7 111.2 128.0 127.2 110.7 159.1 165.4 170.0 169.0 150.1 158.9 155.3 150.3 160.4 175.3 204.8 200.9 250.9 288.2 312.5 297.9 245.6 244.0 276.0 200.8 276.6 175.4 122.0 189.9 265.5 342.9 350.7 260.0 184.5 191.5 269.8 334.6 363.4 393.0
-9999.0 -9999.0 -9999.0 -9999.0 -9999.0 -9999.0 -9999.0 -9999.0 -9999.0 -9999.0 -9999.0 -9999.0 -9999.0 -9999.0 -9999.0 3.6 4.9 10.1 11.8 13.8 23.7 25.3 30.4 38.9 49.9 63.6 77.3 101.2 109.0 151.4 149.8 155.4 114.0 104.7 106.8 76.1 72.6 150.9 138.0 140.1 123.6 132.4 150.8 164.1 192.9 179.6 131.8 115.9 119.3 96.6 137.1 220.0 232.3 283.6 270.3 330.6 334.2 232.0 345.6 353.9 185.2 172.5 242.4 255.5 301.5 330.3 296.8 223.1 197.9 262.0 343.7 370.4 382.4 413.0
-9999.0 -9999.0 -9999.0 -9999.0 -9999.0 -9999.0 -9999.0 -9999.0 -9999.0 -9999.0 -9999.0 -9999.0 -9999.0 -9999.0 -9999.0 -9999.0 -9999.0 0.0 1.0 -9999.0 6.6 18.3 19.1 26.8 41.3 55.1 72.0 96.3 133.4 141.1 172.4 200.8 117.6 171.5 187.4 115.2 70.1 213.7 134.2 131.0 125.5 112.5 137.8 158.8 312.3 185.5 275.6 105.3 75.3 87.5 82.4 126.1 171.7 271.7 326.8 361.0 334.6 390.2 374.2 372.1 177.6 216.7 280.3 326.3 338.1 326.9 287.0 242.8 245.1 306.4 344.8 376.7 389.8 417.0
-9999.0 -9999.0 -9999.0 -9999.0 -9999.0 -9999.0 -9999.0 -9999.0 -9999.0 -9999.0 -9999.0 -9999.0 -9999.0 -9999.0 -9999.0 -9999.0 -9999.0 -9999.0 -9999.0 -9999.0 -9999.0 6.8 13.6 25.5 30.5 39.0 61.2 91.6 127.1 176.0 196.9 247.7 226.7 186.5 187.7 120.3 130.5 151.5 191.8 260.6 246.0 98.4 105.5 124.5 315.0 132.1 345.4 92.5 91.3 200.2 76.5 171.5 211.6 194.0 270.9 350.5 380.8 351.7 442.1 353.8 197.1 196.6 262.1 317.8 346.1 320.5 290.6 274.2 278.1 318.8 356.4 371.7 380.3 381.8
-9999.0 -9999.0 -9999.0 -9999.0 -9999.0 -9999.0 -9999.0 -9999.0 -9999.0 -9999.0 -9999.0 -9999.0 -9999.0 -9999.0 -9999.0 -9999.0 -9999.0 -9999.0 -9999.0 -9999.0 -9999.0 -9999.0 -9999.0 2.9 15.0 25.2 43.3 72.2 103.1 154.0 178.9 176.4 116.7 127.0 92.9 87.6 73.3 116.5 82.8 75.4 83.7 77.0 113.5 172.0 300.3 434.5 200.4 119.7 116.3 109.7 66.8 120.7 110.1 164.4 187.8 186.1 321.0 388.8 275.6 346.3 229.0 203.6 194.4 237.3 271.2 286.8 274.2 273.1 283.6 299.6 330.1 347.7 354.7 348.2
-9999.0 -9999.0 -9999.0 -9999.0 -9999.0 -9999.0 -9999.0 -9999.0 -9999.0 -9999.0 -9999.0 -9999.0 -9999.0 -9999.0 -9999.0 -9999.0 -9999.0 -9999.0 -9999.0 -9999.0 -9999.0 -9999.0 -9999.0 -9999.0 -9999.0 4.6 20.2 54.7 76.7 85.6 126.3 167.2 164.5 120.0 119.9 69.8 46.4 85.2 59.0 81.8 58.3 87.7 345.4 297.9 424.2 413.8 297.7 315.8 71.5 92.0 92.3 91.9 144.3 169.2 140.6 184.4 276.6 291.0 354.2 325.6 273.1 223.4 306.1 220.1 237.4 253.7 251.2 263.0 263.5 270.1 276.8 298.1 287.7 275.2
-9999.0 -9999.0 -9999.0 -9999.0 -9999.0 -9999.0 -9999.0 -9999.0 -9999.0 -9999.0 -9999.0 -9999.0 -9999.0 -9999.0 -9999.0 -9999.0 -9999.0 -9999.0 -9999.0 -9999.0 -9999.0 -9999.0 -9999.0 -9999.0 -9999.0 -9999.0 -9999.0 17.5 41.4 82.7 119.3 144.3 90.4 167.0 90.4 269.4 102.0 108.1 199.6 102.2 69.7 156.3 346.4 432.4 409.4 382.8 347.5 302.9 257.3 137.6 152.6 131.2 106.4 122.0 155.1 217.2 259.5 309.8 325.5 306.2 339.1 234.2 190.5 186.7 230.3 254.4 249.1 218.0 203.7 202.1 218.4 245.7 208.8 184.6
-9999.0 -9999.0 -9999.0 -9999.0 -9999.0 -9999.0 -9999.0 -9999.0 -9999.0 -9999.0 -9999.0 -9999.0 -9999.0 -9999.0 -9999.0 -9999.0 -9999.0 -9999.0 -9999.0 -9999.0 -9999.0 -9999.0 -9999.0 -9999.0 -9999.0 -9999.0 -9999.0 -9999.0 -9999.0 -9999.0 -9999.0 -9999.0 -9999.0 176.5 99.5 -9999.0 -9999.0 -9999.0 284.2 153.0 246.1 319.1 278.6 400.4 386.9 353.9 -9999.0 -9999.0 -9999.0 -9999.0 -9999.0 -9999.0 120.0 161.7 178.1 242.8 304.2 382.4 368.0 400.4 332.1 242.6 191.2 182.2 212.8 252.5 266.6 249.1 206.8 170.6 169.8 185.8 158.1 100.5
-9999.0 -9999.0 -9999.0 -9999.0 -9999.0 -9999.0 -9999.0 -9999.0 -9999.0 -9999.0 -9999.0 -9999.0 -9999.0 -9999.0 -9999.0 -9999.0 -9999.0 -9999.0 -9999.0 -9999.0 -9999.0 -9999.0 -9999.0 -9999.0 -9999.0 -9999.0 -9999.0 -9999.0 -9999.0 -9999.0 -9999.0 -9999.0 -9999.0 -9999.0 -9999.0 -9999.0 -9999.0 -9999.0 -9999.0 350.3 365.6 374.4 374.5 364.8 -9999.0 -9999.0 -9999.0 -9999.0 -9999.0 -9999.0 -9999.0 -9999.0 142.7 199.8 208.4 247.1 313.8 376.9 429.8 432.5 365.0 252.8 190.3 163.1 202.0 249.1 272.5 245.5 196.5 182.8 165.9 128.9 85.4 66.8
-9999.0 -9999.0 -9999.0 -9999.0 -9999.0 -9999.0 -9999.0 -9999.0 -9999.0 -9999.0 -9999.0 -9999.0 -9999.0 -9999.0 -9999.0 -9999.0 -9999.0 -9999.0 -9999.0 -9999.0 -9999.0 -9999.0 -9999.0 -9999.0 -9999.0 -9999.0 -9999.0 -9999.0 -9999.0 -9999.0 -9999.0 -9999.0 -9999.0 -9999.0 -9999.0 -9999.0 -9999.0 -9999.0 -9999.0 -9999.0 -9999.0 -9999.0 -9999.0 -9999.0 -9999.0 -9999.0 -9999.0 -9999.0 -9999.0 -9999.0 -9999.0 -9999.0 178.0 238.7 220.4 261.8 242.8 282.7 330.2 350.5 310.4 239.5 249.4 154.8 182.8 239.6 260.1 226.1 180.5 157.3 134.9 98.2 89.6 53.2
-9999.0 -9999.0 -9999.0 -9999.0 -9999.0 -9999.0 -9999.0 -9999.0 -9999.0 -9999.0 -9999.0 -9999.0 -9999.0 -9999.0 -9999.0 -9999.0 -9999.0 -9999.0 -9999.0 -9999.0 -9999.0 -9999.0 -9999.0 -9999.0 -9999.0 -9999.0 -9999.0 -9999.0 -9999.0 -9999.0 -9999.0 -9999.0 -9999.0 -9999.0 -9999.0 -9999.0 -9999.0 -9999.0 -9999.0 -9999.0 -9999.0 -9999.0 -9999.0 -9999.0 -9999.0 -9999.0 -9999.0 -9999.0 -9999.0 -9999.0 -9999.0 193.1 202.1 255.3 176.5 182.6 170.6 214.9 226.9 171.5 274.6 238.0 174.6 171.2 192.5 232.1 216.1 132.2 146.9 129.9 123.3 108.0 81.1 64.1
-9999.0 -9999.0 -9999.0 -9999.0 -9999.0 -9999.0 -9999.0 -9999.0 -9999.0 -9999.0 -9999.0 -9999.0 -9999.0 -9999.0 -9999.0 -9999.0 -9999.0 -9999.0 -9999.0 -9999.0 -9999.0 -9999.0 -9999.0 -9999.0 -9999.0 -9999.0 -9999.0 -9999.0 -9999.0 -9999.0 -9999.0 -9999.0 -9999.0 -9999.0 -9999.0 -9999.0 -9999.0 -9999.0 -9999.0 -9999.0 -9999.0 -9999.0 -9999.0 -9999.0 -9999.0 -9999.0 -9999.0 -9999.0 -9999.0 -9999.0 210.3 238.5 259.7 271.7 200.9 180.1 121.0 110.0 145.3 199.3 190.8 218.8 174.2 184.4 204.8 205.3 160.9 116.6 130.1 125.2 145.8 142.1 117.3 90.2
-9999.0 -9999.0 -9999.0 -9999.0 -9999.0 -9999.0 -9999.0 -9999.0 -9999.0 -9999.0 -9999.0 -9999.0 -9999.0 -9999.0 -9999.0 -9999.0 -9999.0 -9999.0 -9999.0 -9999.0 -9999.0 -9999.0 -9999.0 -9999.0 -9999.0 -9999.0 -9999.0 -9999.0 -9999.0 -9999.0 -9999.0 -9999.0 -9999.0 -9999.0 -9999.0 -9999.0 -9999.0 -9999.0 -9999.0 -9999.0 -9999.0 -9999.0 -9999.0 -9999.0 -9999.0 -9999.0 -9999.0 -9999.0 -9999.0 -9999.0 238.0 337.6 271.9 298.8 269.8 187.1 118.3 155.2 157.8 137.5 120.8 133.1 121.4 157.5 178.7 152.7 120.9 93.7 118.0 140.6 176.0 180.8 148.8 110.7
-9999.0 -9999.0 -9999.0 -9999.0 -9999.0 -9999.0 -9999.0 -9999.0 -9999.0 -9999.0 -9999.0 -9999.0 -9999.0 -9999.0 -9999.0 -9999.0 -9999.0 -9999.0 -9999.0 -9999.0 -9999.0 -9999.0 -9999.0 -9999.0 -9999.0 -9999.0 -9999.0 -9999.0 -9999.0 -9999.0 -9999.0 -9999.0 -9999.0 -9999.0 -9999.0 -9999.0 -9999.0 -9999.0 -9999.0 -9999.0 -9999.0 -9999.0 -9999.0 -9999.0 -9999.0 -9999.0 -9999.0 -9999.0 -9999.0 -9999.0 270.5 331.4 314.3 440.8 278.5 213.4 273.1 198.1 203.4 133.5 129.7 122.5 109.1 114.0 134.9 121.1 106.0 101.6 120.0 182.5 200.2 206.9 150.5 129.9
-9999.0 -9999.0 -9999.0 -9999.0 -9999.0 -9999.0 -9999.0 -9999.0 -9999.0 -9999.0 -9999.0 -9999.0 -9999.0 -9999.0 -9999.0 -9999.0 -9999.0 -9999.0 -9999.0 -9999.0 -9999.0 -9999.0 -9999.0 -9999.0 -9999.0 -9999.0 -9999.0 -9999.0 -9999.0 -9999.0 -9999.0 -9999.0 -9999.0 -9999.0 -9999.0 -9999.0 -9999.0 -9999.0 -9999.0 -9999.0 -9999.0 -9999.0 -9999.0 -9999.0 -9999.0 -9999.0 -9999.0 -9999.0 -9999.0 -9999.0 422.6 508.8 444.7 447.3 386.1 399.5 230.8 274.7 259.7 166.9 177.5 127.1 77.9 101.7 110.0 100.3 98.6 117.0 153.0 133.1 180.7 163.8 140.9 136.1
-9999.0 -9999.0 -9999.0 -9999.0 -9999.0 -9999.0 -9999.0 -9999.0 -9999.0 -9999.0 -9999.0 -9999.0 -9999.0 -9999.0 -9999.0 -9999.0 -9999.0 -9999.0 -9999.0 -9999.0 -9999.0 -9999.0 -9999.0 -9999.0 -9999.0 -9999.0 -9999.0 -9999.0 -9999.0 -9999.0 -9999.0 -9999.0 -9999.0 -9999.0 -9999.0 -9999.0 -9999.0 -9999.0 -9999.0 -9999.0 -9999.0 -9999.0 -9999.0 -9999.0 -9999.0 -9999.0 -9999.0 -9999.0 -9999.0 -9999.0 -9999.0 -9999.0 -9999.0 412.8 342.3 325.4 335.1 347.7 230.7 226.3 374.4 134.1 186.5 128.1 112.0 103.0 109.5 129.4 158.0 165.5 148.3 128.1 121.5 142.6
-9999.0 -9999.0 -9999.0 -9999.0 -9999.0 -9999.0 -9999.0 -9999.0 -9999.0 -9999.0 -9999.0 -9999.0 -9999.0 -9999.0 -9999.0 -9999.0 -9999.0 -9999.0 -9999.0 -9999.0 -9999.0 -9999.0 -9999.0 -9999.0 -9999.0 -9999.0 -9999.0 -9999.0 -9999.0 -9999.0 -9999.0 -9999.0 -9999.0 -9999.0 -9999.0 -9999.0 -9999.0 -9999.0 -9999.0 -9999.0 -9999.0 -9999.0 -9999.0 -9999.0 -9999.0 -9999.0 -9999.0 -9999.0 -9999.0 -9999.0 -9999.0 -9999.0 -9999.0 466.6 355.2 667.7 344.0 273.4 326.5 490.6 341.3 208.0 283.4 188.8 165.7 145.5 141.3 152.9 144.6 142.6 132.4 134.4 145.5 184.1
-9999.0 -9999.0 -9999.0 -9999.0 -9999.0 -9999.0 -9999.0 -9999.0 -9999.0 -9999.0 -9999.0 -9999.0 -9999.0 -9999.0 -9999.0 -9999.0 -9999.0 -9999.0 -9999.0 -9999.0 -9999.0 -9999.0 -9999.0 -9999.0 -9999.0 -9999.0 -9999.0 -9999.0 -9999.0 -9999.0 -9999.0 -9999.0 -9999.0 -9999.0 -9999.0 -9999.0 -9999.0 -9999.0 -9999.0 -9999.0 -9999.0 -9999.0 -9999.0 -9999.0 -9999.0 -9999.0 -9999.0 -9999.0 -9999.0 -9999.0 -9999.0 -9999.0 -9999.0 552.6 324.3 518.0 412.3 318.0 363.6 387.1 478.4 387.4 398.9 315.5 227.5 -9999.0 -9999.0 -9999.0 172.9 160.3 179.7 209.7 230.7 249.7
-9999.0 -9999.0 -9999.0 -9999.0 -9999.0 -9999.0 -9999.0 -9999.0 -9999.0 -9999.0 -9999.0 -9999.0 -9999.0 -9999.0 -9999.0 -9999.0 -9999.0 -9999.0 -9999.0 -9999.0 -9999.0 -9999.0 -9999.0 -9999.0 -9999.0 -9999.0 -9999.0 -9999.0 -9999.0 -9999.0 -9999.0 -9999.0 -9999.0 -9999.0 -9999.0 -9999.0 -9999.0 -9999.0 -9999.0 -9999.0 -9999.0 -9999.0 -9999.0 -9999.0 -9999.0 -9999.0 -9999.0 -9999.0 -9999.0 -9999.0 -9999.0 -9999.0 -9999.0 -9999.0 564.1 496.5 308.6 254.4 392.1 520.7 290.5 -9999.0 -9999.0 -9999.0 -9999.0 -9999.0 -9999.0 -9999.0 206.0 226.0 269.4 319.7 335.1 303.6
-9999.0 -9999.0 -9999.0 -9999.0 -9999.0 -9999.0 -9999.0 -9999.0 -9999.0 -9999.0 -9999.0 -9999.0 -9999.0 -9999.0 -9999.0 -9999.0 -9999.0 -9999.0 -9999.0 -9999.0 -9999.0 -9999.0 -9999.0 -9999.0 -9999.0 -9999.0 -9999.0 -9999.0 -9999.0 -9999.0 -9999.0 -9999.0 -9999.0 -9999.0 -9999.0 -9999.0 -9999.0 -9999.0 -9999.0 -9999.0 -9999.0 -9999.0 -9999.0 -9999.0 -9999.0 -9999.0 -9999.0 -9999.0 -9999.0 -9999.0 -9999.0 -9999.0 -9999.0 -9999.0 -9999.0 460.3 647.7 361.7 278.8 369.3 338.8 -9999.0 -9999.0 -9999.0 -9999.0 -9999.0 -9999.0 -9999.0 -9999.0 -9999.0 345.0 -9999.0 -9999.0 -9999.0
