program/excelProcessViaJava/data/SURF_CLI_CHN_PRE_MON_GRID_0.5-200504.txt
NCOLS      128
NROWS       72
XLLCORNER    72.000000000000    
YLLCORNER    18.000000000000    
CELLSIZE    0.50000000000000    
NODATA_VALUE   -9999.000    
[rows 34 to 67 of 72, columns 0 to 77 of 128]
-9999.0 -9999.0 -9999.0 -9999.0 15.7 15.8 11.8 14.4 8.7 8.5 15.3 8.9 12.1 11.9 24.7 26.9 27.6 33.7 35.3 31.8 22.9 16.2 10.3 3.0 0.6 0.6 0.7 0.9 1.1 1.4 1.7 2.7 2.4 2.6 3.2 2.5 4.3 6.3 2.9 1.1 2.7 0.4 0.4 0.3 0.3 0.3 0.4 0.5 0.9 1.7 3.2 4.1 2.8 4.6 7.4 11.0 16.4 21.4 23.7 9.0 14.0 2.2 0.8 1.1 1.6 2.3 6.8 5.6 5.8 9.5 7.5 8.3 9.9 13.2 16.3 18.0 16.9 17.8
-9999.0 -9999.0 -9999.0 -9999.0 -9999.0 -9999.0 -9999.0 12.1 9.2 10.3 5.5 5.0 8.5 6.7 6.4 26.5 14.5 24.1 24.9 13.9 3.8 1.1 0.7 0.7 0.6 0.6 0.7 1.0 1.4 2.1 2.7 3.2 3.6 4.5 5.9 4.7 7.5 6.4 9.7 10.3 3.2 11.0 8.1 3.3 1.0 0.4 0.4 0.3 0.4 0.5 1.3 1.7 1.8 6.4 7.8 9.9 15.0 17.4 26.0 12.1 18.6 1.9 0.8 1.8 7.0 10.1 17.0 18.7 13.9 11.8 7.7 7.7 11.8 16.5 19.3 21.2 19.8 19.5
-9999.0 -9999.0 -9999.0 -9999.0 -9999.0 -9999.0 -9999.0 6.7 11.0 6.6 4.8 5.8 4.2 2.2 3.4 1.0 2.9 2.9 0.8 1.9 1.5 0.6 0.6 0.5 0.6 0.6 0.8 1.1 1.4 1.9 3.0 3.9 4.6 6.7 5.8 6.7 6.4 8.8 9.1 8.6 9.3 9.2 9.5 13.7 4.7 1.7 1.6 1.2 2.4 1.2 4.2 3.4 1.5 3.7 11.0 8.0 12.4 18.7 27.2 30.0 17.3 8.7 3.5 7.5 15.3 26.5 31.0 24.4 22.7 8.5 7.2 9.2 16.0 21.4 21.3 23.4 22.9 19.8
-9999.0 -9999.0 -9999.0 -9999.0 -9999.0 -9999.0 -9999.0 -9999.0 -9999.0 5.7 5.1 5.1 2.3 2.0 2.4 2.7 1.3 0.3 0.6 0.3 0.4 0.6 0.5 0.5 0.5 0.6 0.7 1.1 1.5 2.6 2.8 4.0 5.0 6.7 5.9 6.5 6.9 8.6 8.4 10.1 9.5 11.1 10.2 8.6 9.4 7.9 6.6 5.0 4.2 3.6 4.7 4.0 4.1 5.2 14.2 9.7 10.8 16.8 32.2 33.3 29.5 30.2 29.3 16.5 32.3 41.4 36.1 21.8 22.3 10.1 10.8 14.0 20.5 24.5 24.3 19.9 18.5 16.3
-9999.0 -9999.0 -9999.0 -9999.0 -9999.0 -9999.0 -9999.0 -9999.0 -9999.0 -9999.0 -9999.0 2.0 4.7 1.0 1.2 0.7 0.7 0.7 0.6 0.4 0.2 0.3 0.3 0.4 0.3 0.4 0.7 1.1 1.8 2.6 3.7 5.9 6.0 7.2 7.3 11.1 8.7 9.4 16.3 11.1 13.7 12.1 11.1 10.6 15.0 11.0 14.5 10.2 9.7 7.8 5.7 6.7 8.6 13.7 23.1 21.8 19.7 29.6 35.0 38.6 43.3 35.0 32.5 36.3 50.8 38.5 23.0 19.8 18.3 16.8 16.6 19.4 21.5 21.3 17.9 15.8 13.1 13.1
-9999.0 -9999.0 -9999.0 -9999.0 -9999.0 -9999.0 -9999.0 -9999.0 -9999.0 -9999.0 -9999.0 -9999.0 3.0 2.5 0.5 0.7 0.2 0.3 0.2 0.1 0.3 0.2 0.2 0.3 0.2 0.4 0.6 1.1 1.9 3.6 4.5 5.9 7.4 10.1 11.2 10.7 15.5 11.3 10.0 9.6 10.1 11.1 12.0 14.6 15.3 16.8 18.4 14.6 13.7 12.7 16.2 17.8 18.1 19.4 26.2 33.6 38.4 49.3 32.6 52.1 47.2 50.7 50.0 49.8 46.4 62.9 31.8 28.8 27.0 26.9 20.3 16.0 16.2 16.1 14.2 30.1 12.6 16.2
-9999.0 -9999.0 -9999.0 -9999.0 -9999.0 -9999.0 -9999.0 -9999.0 -9999.0 -9999.0 -9999.0 -9999.0 0.6 2.7 2.8 0.4 1.0 0.4 0.1 0.1 0.1 0.1 0.1 0.2 0.3 0.3 0.5 1.0 1.8 2.9 5.0 8.2 9.4 10.7 12.4 11.7 15.0 14.9 12.8 11.7 10.4 11.1 15.4 14.1 18.2 22.1 20.8 20.4 17.8 19.9 21.1 27.0 28.5 36.0 33.0 43.5 40.8 47.2 37.7 41.1 41.9 41.3 51.4 63.6 44.2 54.1 24.4 24.1 27.9 31.9 35.9 44.5 45.5 25.7 21.9 14.3 11.6 34.9
-9999.0 -9999.0 -9999.0 -9999.0 -9999.0 -9999.0 -9999.0 -9999.0 -9999.0 -9999.0 -9999.0 -9999.0 -9999.0 1.1 0.3 1.5 0.3 0.4 0.4 0.3 0.2 0.3 0.1 0.3 0.3 0.3 0.4 1.0 1.9 3.4 5.2 7.4 11.5 13.8 12.0 12.5 12.7 13.7 22.4 15.5 13.9 15.2 15.1 19.2 18.6 20.3 24.6 27.8 29.6 30.8 34.3 37.3 42.3 63.2 61.5 58.4 50.6 55.0 69.5 56.1 54.1 47.5 56.7 52.8 42.1 47.4 47.3 35.8 38.8 35.3 22.4 21.5 27.5 29.6 36.6 27.0 26.4 27.7
-9999.0 -9999.0 -9999.0 -9999.0 -9999.0 -9999.0 -9999.0 -9999.0 -9999.0 -9999.0 -9999.0 -9999.0 1.8 0.4 0.3 0.7 0.1 0.2 0.2 0.5 0.4 0.3 0.2 0.2 0.3 0.2 0.4 0.7 1.6 3.2 5.4 7.6 12.8 13.4 15.0 13.5 16.2 12.0 11.9 12.9 19.2 23.0 25.1 16.0 19.0 21.9 24.3 27.2 32.1 37.4 46.7 58.0 58.3 68.4 65.3 64.0 71.0 42.0 56.6 50.0 56.5 67.4 67.9 82.8 74.8 64.3 30.9 33.7 48.2 58.9 53.3 38.5 30.9 29.5 31.4 31.9 29.4 30.4
-9999.0 -9999.0 -9999.0 -9999.0 -9999.0 -9999.0 -9999.0 -9999.0 -9999.0 -9999.0 -9999.0 -9999.0 1.5 4.2 1.8 0.2 0.2 0.7 0.6 0.2 0.5 0.2 0.2 0.2 0.3 0.3 0.4 0.6 1.3 2.5 4.6 7.8 12.7 12.7 13.4 14.1 12.1 12.6 12.5 11.3 12.9 13.1 14.1 15.7 17.5 20.4 26.0 29.5 35.1 39.0 45.4 57.9 59.3 61.4 64.8 59.3 65.7 67.7 57.6 72.6 82.3 94.2 77.7 76.9 76.6 43.6 54.1 28.1 28.1 38.3 45.8 47.1 50.2 63.1 72.3 60.6 47.4 63.2
-9999.0 -9999.0 -9999.0 -9999.0 -9999.0 -9999.0 -9999.0 -9999.0 -9999.0 -9999.0 -9999.0 -9999.0 10.8 2.2 5.1 2.4 1.9 0.3 0.5 0.4 0.2 0.2 0.3 0.2 0.3 0.2 0.3 0.5 0.9 1.9 3.8 8.3 10.3 12.0 13.0 13.7 13.0 13.3 12.7 15.4 14.8 14.2 20.1 15.2 17.0 21.8 25.2 25.8 31.6 38.8 44.1 45.9 72.0 83.1 76.5 56.1 64.9 69.7 73.7 65.3 76.3 89.3 124.1 88.0 52.4 24.1 23.8 25.5 34.4 46.3 62.0 81.2 86.9 97.9 141.5 105.7 140.1 76.4
-9999.0 -9999.0 -9999.0 -9999.0 -9999.0 -9999.0 -9999.0 -9999.0 -9999.0 -9999.0 -9999.0 -9999.0 -9999.0 2.3 2.0 4.3 2.6 2.7 0.9 0.6 0.3 0.5 0.3 0.3 0.4 0.3 0.3 0.4 0.6 1.2 3.1 5.8 10.2 11.9 14.0 18.9 18.1 14.4 15.8 16.0 17.7 26.2 28.5 23.6 18.6 17.9 20.9 22.3 28.8 33.9 34.5 44.9 47.9 46.2 69.7 74.8 51.6 54.0 70.3 100.7 100.8 154.0 126.1 72.1 27.2 23.6 24.3 32.4 45.1 72.6 94.2 105.5 116.9 93.2 106.7 89.0 85.0 88.7
-9999.0 -9999.0 -9999.0 -9999.0 -9999.0 -9999.0 -9999.0 -9999.0 -9999.0 -9999.0 -9999.0 -9999.0 -9999.0 25.4 5.1 8.2 2.9 6.3 4.5 2.6 0.9 0.8 0.7 0.6 1.1 0.5 0.4 0.4 0.4 1.3 2.2 4.6 7.0 10.9 16.1 18.0 15.3 16.1 20.5 32.0 24.1 27.2 28.3 26.6 30.6 21.0 20.2 21.9 23.7 25.6 28.0 23.4 34.9 51.3 65.8 63.2 48.9 53.4 74.9 64.8 107.5 96.7 69.7 40.0 31.9 30.9 35.8 45.3 62.9 88.8 115.3 127.8 126.4 120.6 114.5 124.1 151.2 86.3
-9999.0 -9999.0 -9999.0 -9999.0 -9999.0 -9999.0 -9999.0 -9999.0 -9999.0 -9999.0 -9999.0 -9999.0 -9999.0 -9999.0 -9999.0 14.1 14.4 9.1 9.7 9.9 3.9 4.5 3.8 2.5 1.6 1.1 0.7 0.4 0.6 0.3 0.9 2.0 7.5 11.2 12.5 22.5 28.0 14.3 19.9 24.3 32.8 35.0 32.6 28.9 28.5 34.0 21.7 34.0 20.8 29.2 16.7 28.5 22.1 31.0 25.2 43.8 49.3 35.9 79.9 103.8 85.9 79.4 64.4 52.6 42.0 41.7 48.1 56.5 71.6 101.7 121.8 128.2 135.8 130.0 110.9 145.3 148.6 170.6
-9999.0 -9999.0 -9999.0 -9999.0 -9999.0 -9999.0 -9999.0 -9999.0 -9999.0 -9999.0 -9999.0 -9999.0 -9999.0 -9999.0 -9999.0 -9999.0 -9999.0 118.4 50.1 -9999.0 27.4 9.8 12.1 9.1 4.3 2.9 1.7 0.8 0.3 0.4 0.3 0.5 6.5 4.0 4.9 12.1 29.6 10.6 20.9 25.6 30.4 37.5 32.1 28.9 71.9 47.4 188.2 22.7 30.0 17.5 32.7 11.9 25.7 24.4 32.7 38.6 29.9 59.1 71.5 95.9 69.8 76.7 76.7 66.7 58.8 59.1 65.4 78.1 92.4 111.7 115.2 131.3 130.0 109.8 112.5 135.3 129.5 113.0
-9999.0 -9999.0 -9999.0 -9999.0 -9999.0 -9999.0 -9999.0 -9999.0 -9999.0 -9999.0 -9999.0 -9999.0 -9999.0 -9999.0 -9999.0 -9999.0 -9999.0 -9999.0 -9999.0 -9999.0 -9999.0 29.2 19.1 11.4 10.6 11.3 6.1 2.5 0.7 0.3 0.2 0.4 1.1 3.2 4.5 11.5 13.6 15.3 15.6 17.9 22.1 36.3 35.0 30.0 77.6 33.9 272.9 57.1 23.7 59.1 16.6 24.3 25.3 17.2 20.5 32.5 38.4 34.5 85.3 81.2 58.6 73.3 82.4 82.3 72.4 70.9 79.4 96.5 108.5 120.4 120.0 115.2 103.9 84.9 80.5 89.2 91.1 65.8
-9999.0 -9999.0 -9999.0 -9999.0 -9999.0 -9999.0 -9999.0 -9999.0 -9999.0 -9999.0 -9999.0 -9999.0 -9999.0 -9999.0 -9999.0 -9999.0 -9999.0 -9999.0 -9999.0 -9999.0 -9999.0 -9999.0 -9999.0 70.5 29.3 23.4 15.5 7.5 3.0 1.0 0.6 1.3 9.0 9.0 18.3 21.9 31.8 22.9 35.4 39.8 35.4 40.2 28.1 31.3 83.6 297.4 129.2 100.4 131.8 127.5 43.8 23.2 28.2 22.2 13.0 2.6 19.6 42.5 24.7 70.3 58.3 77.8 85.8 80.4 83.8 79.2 87.2 104.4 117.4 117.9 108.2 93.9 79.9 76.1 69.0 75.0 90.7 85.7
-9999.0 -9999.0 -9999.0 -9999.0 -9999.0 -9999.0 -9999.0 -9999.0 -9999.0 -9999.0 -9999.0 -9999.0 -9999.0 -9999.0 -9999.0 -9999.0 -9999.0 -9999.0 -9999.0 -9999.0 -9999.0 -9999.0 -9999.0 -9999.0 -9999.0 121.2 48.9 17.3 11.4 13.6 5.7 4.5 7.4 15.1 17.9 36.5 61.8 36.9 52.2 39.0 50.4 31.8 70.8 71.9 210.6 302.9 241.4 353.2 53.7 105.9 33.0 35.8 31.4 27.2 9.6 2.7 9.7 10.9 39.9 56.0 73.4 83.3 136.9 69.4 82.1 87.4 96.0 103.0 100.3 96.7 87.4 71.8 58.8 63.3 67.0 71.3 78.5 91.6
-9999.0 -9999.0 -9999.0 -9999.0 -9999.0 -9999.0 -9999.0 -9999.0 -9999.0 -9999.0 -9999.0 -9999.0 -9999.0 -9999.0 -9999.0 -9999.0 -9999.0 -9999.0 -9999.0 -9999.0 -9999.0 -9999.0 -9999.0 -9999.0 -9999.0 -9999.0 -9999.0 147.4 120.9 34.3 23.3 20.6 28.9 26.6 37.1 44.4 40.6 42.0 38.5 42.5 47.9 37.4 97.2 200.2 240.7 293.1 331.8 339.3 331.0 187.4 241.0 199.0 49.2 33.7 12.1 6.3 1.7 3.9 24.5 32.7 31.1 79.5 56.2 67.7 88.1 93.2 94.0 92.5 85.3 77.6 69.6 64.2 52.1 56.7 57.9 65.4 86.4 96.7
-9999.0 -9999.0 -9999.0 -9999.0 -9999.0 -9999.0 -9999.0 -9999.0 -9999.0 -9999.0 -9999.0 -9999.0 -9999.0 -9999.0 -9999.0 -9999.0 -9999.0 -9999.0 -9999.0 -9999.0 -9999.0 -9999.0 -9999.0 -9999.0 -9999.0 -9999.0 -9999.0 -9999.0 -9999.0 -9999.0 -9999.0 -9999.0 -9999.0 74.0 55.8 -9999.0 -9999.0 -9999.0 79.3 56.3 70.9 102.2 94.4 221.9 271.3 285.6 -9999.0 -9999.0 -9999.0 -9999.0 -9999.0 -9999.0 89.0 30.8 19.0 5.0 1.9 3.4 9.7 18.7 34.8 60.8 48.5 54.8 67.9 81.4 82.1 72.1 62.0 60.0 59.7 61.1 63.7 61.8 65.7 68.0 87.7 87.1
-9999.0 -9999.0 -9999.0 -9999.0 -9999.0 -9999.0 -9999.0 -9999.0 -9999.0 -9999.0 -9999.0 -9999.0 -9999.0 -9999.0 -9999.0 -9999.0 -9999.0 -9999.0 -9999.0 -9999.0 -9999.0 -9999.0 -9999.0 -9999.0 -9999.0 -9999.0 -9999.0 -9999.0 -9999.0 -9999.0 -9999.0 -9999.0 -9999.0 -9999.0 -9999.0 -9999.0 -9999.0 -9999.0 -9999.0 200.9 204.0 216.3 230.2 241.6 -9999.0 -9999.0 -9999.0 -9999.0 -9999.0 -9999.0 -9999.0 -9999.0 76.7 32.7 15.8 5.3 2.1 3.1 7.6 14.6 22.5 36.1 43.7 39.6 56.5 67.5 72.4 64.1 51.6 47.6 54.8 61.9 65.8 73.2 72.7 79.1 88.6 91.0
-9999.0 -9999.0 -9999.0 -9999.0 -9999.0 -9999.0 -9999.0 -9999.0 -9999.0 -9999.0 -9999.0 -9999.0 -9999.0 -9999.0 -9999.0 -9999.0 -9999.0 -9999.0 -9999.0 -9999.0 -9999.0 -9999.0 -9999.0 -9999.0 -9999.0 -9999.0 -9999.0 -9999.0 -9999.0 -9999.0 -9999.0 -9999.0 -9999.0 -9999.0 -9999.0 -9999.0 -9999.0 -9999.0 -9999.0 -9999.0 -9999.0 -9999.0 -9999.0 -9999.0 -9999.0 -9999.0 -9999.0 -9999.0 -9999.0 -9999.0 -9999.0 -9999.0 69.5 35.0 17.0 8.3 2.2 3.6 8.6 15.2 17.5 20.4 52.5 28.4 39.0 51.4 67.7 64.6 53.8 50.7 56.7 63.6 75.3 75.0 80.7 89.7 99.1 99.6
-9999.0 -9999.0 -9999.0 -9999.0 -9999.0 -9999.0 -9999.0 -9999.0 -9999.0 -9999.0 -9999.0 -9999.0 -9999.0 -9999.0 -9999.0 -9999.0 -9999.0 -9999.0 -9999.0 -9999.0 -9999.0 -9999.0 -9999.0 -9999.0 -9999.0 -9999.0 -9999.0 -9999.0 -9999.0 -9999.0 -9999.0 -9999.0 -9999.0 -9999.0 -9999.0 -9999.0 -9999.0 -9999.0 -9999.0 -9999.0 -9999.0 -9999.0 -9999.0 -9999.0 -9999.0 -9999.0 -9999.0 -9999.0 -9999.0 -9999.0 -9999.0 61.9 50.7 36.3 13.7 7.2 4.4 7.2 11.9 12.3 17.6 18.0 15.5 19.4 25.3 40.8 63.3 60.2 61.6 62.5 68.4 72.1 72.9 76.1 82.6 95.2 106.5 106.5
-9999.0 -9999.0 -9999.0 -9999.0 -9999.0 -9999.0 -9999.0 -9999.0 -9999.0 -9999.0 -9999.0 -9999.0 -9999.0 -9999.0 -9999.0 -9999.0 -9999.0 -9999.0 -9999.0 -9999.0 -9999.0 -9999.0 -9999.0 -9999.0 -9999.0 -9999.0 -9999.0 -9999.0 -9999.0 -9999.0 -9999.0 -9999.0 -9999.0 -9999.0 -9999.0 -9999.0 -9999.0 -9999.0 -9999.0 -9999.0 -9999.0 -9999.0 -9999.0 -9999.0 -9999.0 -9999.0 -9999.0 -9999.0 -9999.0 -9999.0 62.0 53.7 47.3 36.3 19.4 13.1 10.0 12.4 15.4 14.8 13.0 13.9 14.6 17.9 22.8 38.3 54.1 61.7 71.6 78.4 89.6 95.2 93.7 84.1 85.6 98.8 105.1 120.9
-9999.0 -9999.0 -9999.0 -9999.0 -9999.0 -9999.0 -9999.0 -9999.0 -9999.0 -9999.0 -9999.0 -9999.0 -9999.0 -9999.0 -9999.0 -9999.0 -9999.0 -9999.0 -9999.0 -9999.0 -9999.0 -9999.0 -9999.0 -9999.0 -9999.0 -9999.0 -9999.0 -9999.0 -9999.0 -9999.0 -9999.0 -9999.0 -9999.0 -9999.0 -9999.0 -9999.0 -9999.0 -9999.0 -9999.0 -9999.0 -9999.0 -9999.0 -9999.0 -9999.0 -9999.0 -9999.0 -9999.0 -9999.0 -9999.0 -9999.0 50.7 56.9 25.6 33.6 26.3 18.0 11.8 17.8 17.1 14.2 11.8 12.4 18.2 23.0 28.6 46.0 52.5 60.8 74.8 89.5 111.9 129.3 125.0 98.9 89.0 97.5 116.7 124.9
-9999.0 -9999.0 -9999.0 -9999.0 -9999.0 -9999.0 -9999.0 -9999.0 -9999.0 -9999.0 -9999.0 -9999.0 -9999.0 -9999.0 -9999.0 -9999.0 -9999.0 -9999.0 -9999.0 -9999.0 -9999.0 -9999.0 -9999.0 -9999.0 -9999.0 -9999.0 -9999.0 -9999.0 -9999.0 -9999.0 -9999.0 -9999.0 -9999.0 -9999.0 -9999.0 -9999.0 -9999.0 -9999.0 -9999.0 -9999.0 -9999.0 -9999.0 -9999.0 -9999.0 -9999.0 -9999.0 -9999.0 -9999.0 -9999.0 -9999.0 52.5 37.1 23.0 39.7 20.4 17.6 22.9 21.9 20.6 17.6 14.1 15.6 24.2 36.5 41.2 44.2 54.4 63.2 73.4 101.8 116.9 140.7 137.3 116.8 103.9 116.4 145.6 152.4
-9999.0 -9999.0 -9999.0 -9999.0 -9999.0 -9999.0 -9999.0 -9999.0 -9999.0 -9999.0 -9999.0 -9999.0 -9999.0 -9999.0 -9999.0 -9999.0 -9999.0 -9999.0 -9999.0 -9999.0 -9999.0 -9999.0 -9999.0 -9999.0 -9999.0 -9999.0 -9999.0 -9999.0 -9999.0 -9999.0 -9999.0 -9999.0 -9999.0 -9999.0 -9999.0 -9999.0 -9999.0 -9999.0 -9999.0 -9999.0 -9999.0 -9999.0 -9999.0 -9999.0 -9999.0 -9999.0 -9999.0 -9999.0 -9999.0 -9999.0 64.1 55.4 38.3 33.3 27.5 28.4 26.2 31.0 31.4 29.4 24.8 29.3 45.8 58.2 62.3 59.4 60.3 71.7 90.6 76.3 106.1 120.2 122.7 116.8 113.1 137.9 161.4 163.3
-9999.0 -9999.0 -9999.0 -9999.0 -9999.0 -9999.0 -9999.0 -9999.0 -9999.0 -9999.0 -9999.0 -9999.0 -9999.0 -9999.0 -9999.0 -9999.0 -9999.0 -9999.0 -9999.0 -9999.0 -9999.0 -9999.0 -9999.0 -9999.0 -9999.0 -9999.0 -9999.0 -9999.0 -9999.0 -9999.0 -9999.0 -9999.0 -9999.0 -9999.0 -9999.0 -9999.0 -9999.0 -9999.0 -9999.0 -9999.0 -9999.0 -9999.0 -9999.0 -9999.0 -9999.0 -9999.0 -9999.0 -9999.0 -9999.0 -9999.0 -9999.0 -9999.0 -9999.0 39.6 35.3 36.7 42.1 48.0 53.4 49.4 43.7 59.1 72.2 92.8 96.6 90.6 88.1 84.7 95.6 96.4 90.7 86.4 84.3 89.8 108.9 133.6 150.5 147.7
-9999.0 -9999.0 -9999.0 -9999.0 -9999.0 -9999.0 -9999.0 -9999.0 -9999.0 -9999.0 -9999.0 -9999.0 -9999.0 -9999.0 -9999.0 -9999.0 -9999.0 -9999.0 -9999.0 -9999.0 -9999.0 -9999.0 -9999.0 -9999.0 -9999.0 -9999.0 -9999.0 -9999.0 -9999.0 -9999.0 -9999.0 -9999.0 -9999.0 -9999.0 -9999.0 -9999.0 -9999.0 -9999.0 -9999.0 -9999.0 -9999.0 -9999.0 -9999.0 -9999.0 -9999.0 -9999.0 -9999.0 -9999.0 -9999.0 -9999.0 -9999.0 -9999.0 -9999.0 58.0 55.4 51.9 60.9 70.7 73.0 67.8 76.1 91.8 114.8 128.6 131.6 121.1 92.9 108.2 80.8 75.5 64.7 58.2 58.8 70.2 95.1 129.3 133.6 144.6
-9999.0 -9999.0 -9999.0 -9999.0 -9999.0 -9999.0 -9999.0 -9999.0 -9999.0 -9999.0 -9999.0 -9999.0 -9999.0 -9999.0 -9999.0 -9999.0 -9999.0 -9999.0 -9999.0 -9999.0 -9999.0 -9999.0 -9999.0 -9999.0 -9999.0 -9999.0 -9999.0 -9999.0 -9999.0 -9999.0 -9999.0 -9999.0 -9999.0 -9999.0 -9999.0 -9999.0 -9999.0 -9999.0 -9999.0 -9999.0 -9999.0 -9999.0 -9999.0 -9999.0 -9999.0 -9999.0 -9999.0 -9999.0 -9999.0 -9999.0 -9999.0 -9999.0 -9999.0 77.4 77.6 69.0 70.6 78.8 85.3 91.5 103.0 125.2 150.0 166.2 138.1 -9999.0 -9999.0 -9999.0 84.5 57.1 51.6 52.0 52.9 61.8 85.8 123.9 134.4 148.9
-9999.0 -9999.0 -9999.0 -9999.0 -9999.0 -9999.0 -9999.0 -9999.0 -9999.0 -9999.0 -9999.0 -9999.0 -9999.0 -9999.0 -9999.0 -9999.0 -9999.0 -9999.0 -9999.0 -9999.0 -9999.0 -9999.0 -9999.0 -9999.0 -9999.0 -9999.0 -9999.0 -9999.0 -9999.0 -9999.0 -9999.0 -9999.0 -9999.0 -9999.0 -9999.0 -9999.0 -9999.0 -9999.0 -9999.0 -9999.0 -9999.0 -9999.0 -9999.0 -9999.0 -9999.0 -9999.0 -9999.0 -9999.0 -9999.0 -9999.0 -9999.0 -9999.0 -9999.0 -9999.0 86.0 79.9 80.6 86.5 93.1 105.3 122.6 -9999.0 -9999.0 -9999.0 -9999.0 -9999.0 -9999.0 -9999.0 62.0 57.3 65.2 46.7 46.6 57.0 71.7 92.9 120.5 138.7
-9999.0 -9999.0 -9999.0 -9999.0 -9999.0 -9999.0 -9999.0 -9999.0 -9999.0 -9999.0 -9999.0 -9999.0 -9999.0 -9999.0 -9999.0 -9999.0 -9999.0 -9999.0 -9999.0 -9999.0 -9999.0 -9999.0 -9999.0 -9999.0 -9999.0 -9999.0 -9999.0 -9999.0 -9999.0 -9999.0 -9999.0 -9999.0 -9999.0 -9999.0 -9999.0 -9999.0 -9999.0 -9999.0 -9999.0 -9999.0 -9999.0 -9999.0 -9999.0 -9999.0 -9999.0 -9999.0 -9999.0 -9999.0 -9999.0 -9999.0 -9999.0 -9999.0 -9999.0 -9999.0 -9999.0 88.8 83.0 89.6 102.4 116.9 134.7 -9999.0 -9999.0 -9999.0 -9999.0 -9999.0 -9999.0 -9999.0 -9999.0 -9999.0 46.1 -9999.0 -9999.0 -9999.0 -9999.0 -9999.0 86.0 -9999.0
-9999.0 -9999.0 -9999.0 -9999.0 -9999.0 -9999.0 -9999.0 -9999.0 -9999.0 -9999.0 -9999.0 -9999.0 -9999.0 -9999.0 -9999.0 -9999.0 -9999.0 -9999.0 -9999.0 -9999.0 -9999.0 -9999.0 -9999.0 -9999.0 -9999.0 -9999.0 -9999.0 -9999.0 -9999.0 -9999.0 -9999.0 -9999.0 -9999.0 -9999.0 -9999.0 -9999.0 -9999.0 -9999.0 -9999.0 -9999.0 -9999.0 -9999.0 -9999.0 -9999.0 -9999.0 -9999.0 -9999.0 -9999.0 -9999.0 -9999.0 -9999.0 -9999.0 -9999.0 -9999.0 -9999.0 -9999.0 -9999.0 -9999.0 106.9 120.7 -9999.0 -9999.0 -9999.0 -9999.0 -9999.0 -9999.0 -9999.0 -9999.0 -9999.0 -9999.0 -9999.0 -9999.0 -9999.0 -9999.0 -9999.0 52.1 59.9 -9999.0
-9999.0 -9999.0 -9999.0 -9999.0 -9999.0 -9999.0 -9999.0 -9999.0 -9999.0 -9999.0 -9999.0 -9999.0 -9999.0 -9999.0 -9999.0 -9999.0 -9999.0 -9999.0 -9999.0 -9999.0 -9999.0 -9999.0 -9999.0 -9999.0 -9999.0 -9999.0 -9999.0 -9999.0 -9999.0 -9999.0 -9999.0 -9999.0 -9999.0 -9999.0 -9999.0 -9999.0 -9999.0 -9999.0 -9999.0 -9999.0 -9999.0 -9999.0 -9999.0 -9999.0 -9999.0 -9999.0 -9999.0 -9999.0 -9999.0 -9999.0 -9999.0 -9999.0 -9999.0 -9999.0 -9999.0 -9999.0 -9999.0 -9999.0 -9999.0 -9999.0 -9999.0 -9999.0 -9999.0 -9999.0 -9999.0 -9999.0 -9999.0 -9999.0 -9999.0 -9999.0 -9999.0 -9999.0 -9999.0 -9999.0 -9999.0 -9999.0 -9999.0 -9999.0
