program/excelProcessViaJava/data/SURF_CLI_CHN_PRE_MON_GRID_0.5-198907.txt
NCOLS      128
NROWS       72
XLLCORNER    72.000000000000    
YLLCORNER    18.000000000000    
CELLSIZE    0.50000000000000    
NODATA_VALUE   -9999.000    
[rows 33 to 65 of 72, columns 0 to 74 of 128]
-9999.0 -9999.0 -9999.0 -9999.0 78.4 98.6 116.0 64.7 54.7 19.8 25.3 21.1 17.3 11.8 9.3 8.6 8.8 9.1 8.5 8.5 10.2 14.5 21.5 28.7 31.2 31.1 30.5 91.5 46.4 50.7 54.3 45.7 40.9 46.4 30.1 28.6 24.7 50.5 41.5 25.4 15.7 14.5 16.1 17.1 18.2 19.5 22.1 27.9 36.7 45.0 59.6 85.6 111.9 133.7 133.6 135.6 139.5 156.2 167.3 170.8 156.2 119.6 83.5 32.9 14.1 23.9 36.0 36.6 55.3 54.9 58.0 72.0 84.5 90.8 91.6
-9999.0 -9999.0 -9999.0 -9999.0 106.8 76.7 112.3 56.6 121.9 105.7 32.9 76.8 48.2 46.0 13.0 11.8 11.3 7.0 4.8 4.1 6.2 9.7 15.6 28.9 58.0 82.6 57.9 59.4 55.3 54.0 51.4 58.2 47.5 45.6 47.4 40.1 50.5 60.0 41.8 29.8 43.8 24.2 23.6 21.2 19.9 19.1 20.5 24.6 31.8 42.8 57.8 77.7 112.9 125.7 134.8 141.1 145.8 154.3 162.3 120.6 143.8 83.9 58.7 46.3 26.8 20.7 48.1 51.2 58.2 71.6 61.3 73.3 85.5 92.5 87.4
-9999.0 -9999.0 -9999.0 -9999.0 -9999.0 -9999.0 -9999.0 69.4 90.2 62.6 117.6 108.7 56.1 62.8 58.1 8.9 20.3 8.2 5.9 10.8 28.9 49.3 54.9 52.3 51.0 51.1 57.5 59.9 60.6 67.8 65.0 62.3 58.7 61.2 66.8 56.8 70.2 63.9 79.0 82.1 49.7 87.2 76.0 51.2 32.4 22.6 25.4 27.7 37.0 45.1 59.7 78.7 104.7 143.3 148.8 145.8 148.9 148.2 159.5 135.0 148.7 92.2 67.3 55.5 58.8 41.0 58.2 73.6 73.7 78.8 72.2 76.5 88.7 91.3 84.8
-9999.0 -9999.0 -9999.0 -9999.0 -9999.0 -9999.0 -9999.0 154.8 54.6 92.4 104.2 72.5 81.9 107.7 69.0 114.5 54.1 45.9 71.7 39.2 36.4 51.1 44.1 46.1 45.2 47.9 49.0 61.3 53.6 53.1 64.5 65.7 65.3 75.8 66.3 69.1 66.6 77.2 78.2 76.3 80.5 80.4 81.1 95.1 55.2 36.3 39.5 43.2 63.6 67.2 101.0 110.0 111.0 131.0 150.7 147.3 150.2 151.6 156.2 158.3 143.2 128.5 105.8 98.6 79.3 67.5 65.8 70.9 93.0 88.4 93.0 92.7 92.1 90.0 78.2
-9999.0 -9999.0 -9999.0 -9999.0 -9999.0 -9999.0 -9999.0 -9999.0 -9999.0 90.9 79.8 64.8 97.8 85.8 64.0 49.8 62.2 108.1 60.2 81.1 52.5 37.5 36.1 37.7 38.9 39.4 46.4 50.3 48.4 64.5 52.7 60.9 64.5 73.0 65.4 68.1 69.6 77.5 76.1 82.8 80.5 86.7 81.8 71.7 71.3 63.8 60.7 61.2 69.5 80.5 98.3 107.3 117.0 127.1 144.1 142.0 143.6 145.2 155.6 155.2 149.6 144.1 131.2 115.0 103.1 81.3 64.6 66.2 94.9 108.4 115.8 101.9 93.7 93.3 97.4
-9999.0 -9999.0 -9999.0 -9999.0 -9999.0 -9999.0 -9999.0 -9999.0 -9999.0 -9999.0 -9999.0 111.0 46.3 101.1 71.0 73.8 60.3 49.0 42.0 44.4 52.9 37.8 39.1 33.2 50.0 42.9 50.4 53.7 55.0 55.2 59.4 74.1 67.3 71.9 71.1 89.3 78.2 81.3 106.4 86.0 94.0 87.2 81.8 76.1 86.2 69.2 81.2 73.3 83.4 91.4 97.5 107.1 115.0 124.1 135.7 136.5 139.2 149.0 153.4 155.1 157.8 134.5 110.3 103.1 102.9 72.7 54.0 64.7 89.8 114.7 127.0 118.5 100.6 91.8 72.7
-9999.0 -9999.0 -9999.0 -9999.0 -9999.0 -9999.0 -9999.0 -9999.0 -9999.0 -9999.0 -9999.0 -9999.0 54.6 48.9 84.0 56.2 95.2 56.1 49.6 71.7 29.0 32.4 32.6 28.3 67.6 37.1 35.8 51.1 53.0 71.1 64.3 67.1 71.8 84.2 87.5 85.1 104.6 88.8 83.4 79.9 79.9 82.0 83.5 88.0 84.4 83.8 86.5 80.1 89.4 99.6 110.2 111.6 109.6 109.8 114.5 123.4 136.3 156.8 146.5 168.3 156.6 156.5 137.8 104.3 89.4 101.0 68.1 77.7 97.6 121.7 134.4 100.4 85.6 88.6 113.4
-9999.0 -9999.0 -9999.0 -9999.0 -9999.0 -9999.0 -9999.0 -9999.0 -9999.0 -9999.0 -9999.0 -9999.0 123.1 41.7 30.6 64.4 31.1 36.6 56.7 43.2 36.4 39.8 33.9 25.6 21.1 29.2 34.1 34.0 46.3 48.7 63.9 80.0 78.1 80.5 87.5 85.3 100.1 101.1 94.2 89.0 82.8 83.7 95.7 88.4 94.6 98.9 91.4 92.8 99.0 109.6 112.2 107.7 100.6 97.7 96.2 106.9 122.0 145.2 145.8 145.8 139.3 129.5 138.7 143.6 84.4 92.2 85.6 104.3 123.0 146.3 178.1 209.9 221.1 210.4 198.8
-9999.0 -9999.0 -9999.0 -9999.0 -9999.0 -9999.0 -9999.0 -9999.0 -9999.0 -9999.0 -9999.0 -9999.0 -9999.0 67.1 96.6 30.8 50.3 31.3 25.4 23.7 27.2 18.5 29.3 17.5 21.3 38.6 43.0 57.2 53.8 58.5 59.2 65.3 83.8 88.6 78.7 83.0 87.6 95.0 121.7 101.8 95.8 98.9 98.0 106.5 100.6 98.5 103.3 108.3 113.2 116.7 114.6 105.4 94.4 98.4 93.7 99.4 115.3 142.2 175.4 165.0 158.4 133.2 141.0 88.9 88.2 96.1 113.4 147.6 170.7 190.0 184.1 209.3 251.9 247.2 236.2
-9999.0 -9999.0 -9999.0 -9999.0 -9999.0 -9999.0 -9999.0 -9999.0 -9999.0 -9999.0 -9999.0 -9999.0 80.8 116.9 90.1 45.9 80.0 48.2 39.8 17.2 15.8 15.6 18.9 17.0 16.9 33.2 33.5 35.1 42.6 54.0 60.2 61.6 84.1 78.5 82.8 79.3 92.2 85.0 88.4 92.3 108.6 118.4 123.9 103.1 107.3 108.0 106.4 107.4 113.7 117.7 115.1 108.4 93.0 89.2 85.5 92.1 116.3 124.1 151.4 142.8 149.5 170.5 147.9 173.4 120.3 118.3 184.0 211.7 214.0 236.2 268.1 289.6 255.9 175.5 158.0
-9999.0 -9999.0 -9999.0 -9999.0 -9999.0 -9999.0 -9999.0 -9999.0 -9999.0 -9999.0 -9999.0 -9999.0 118.5 43.4 51.4 123.5 89.9 31.5 25.3 33.8 15.3 22.2 19.9 18.7 15.8 16.8 21.9 27.6 35.8 41.6 50.2 61.5 78.3 69.3 69.5 72.3 70.8 78.5 83.1 82.2 88.2 92.3 98.5 104.3 106.8 108.3 114.3 112.5 114.0 114.1 114.9 108.9 99.7 93.9 88.3 89.4 102.8 130.2 141.1 179.9 207.8 239.0 145.3 123.4 128.6 150.3 171.9 236.2 245.9 240.9 268.4 293.9 272.0 257.6 247.3
-9999.0 -9999.0 -9999.0 -9999.0 -9999.0 -9999.0 -9999.0 -9999.0 -9999.0 -9999.0 -9999.0 -9999.0 40.0 93.8 38.8 45.1 37.6 75.6 39.0 34.0 51.2 46.7 22.8 28.1 21.7 32.6 29.2 43.7 32.7 40.0 48.3 69.1 64.3 63.4 63.0 63.2 63.9 69.3 73.4 82.5 85.4 90.3 106.4 99.3 104.1 113.3 116.2 105.9 102.2 109.6 113.8 113.2 126.3 127.5 104.8 93.8 102.6 130.8 163.4 157.9 176.6 198.5 323.9 155.9 131.0 183.3 203.8 231.6 257.8 278.6 288.7 312.9 302.2 288.3 321.1
-9999.0 -9999.0 -9999.0 -9999.0 -9999.0 -9999.0 -9999.0 -9999.0 -9999.0 -9999.0 -9999.0 -9999.0 -9999.0 171.5 126.3 51.3 52.4 37.6 54.1 54.5 85.8 36.6 42.3 43.4 23.3 26.2 25.7 26.0 35.9 33.6 52.5 58.3 67.8 63.8 63.3 70.7 67.4 63.5 71.1 77.1 85.3 105.2 116.2 111.5 99.2 97.3 105.6 88.4 109.1 111.0 107.8 124.8 120.1 113.8 122.9 124.9 103.7 121.1 166.7 257.6 262.7 453.2 325.1 142.0 169.8 172.8 203.1 248.1 304.8 316.5 317.4 312.7 306.0 285.9 275.8
-9999.0 -9999.0 -9999.0 -9999.0 -9999.0 -9999.0 -9999.0 -9999.0 -9999.0 -9999.0 -9999.0 -9999.0 -9999.0 32.9 125.7 58.7 104.7 41.1 40.6 47.3 85.7 71.8 66.1 47.8 23.0 27.9 29.6 24.6 29.4 59.8 56.9 61.2 60.0 64.3 69.9 67.0 59.6 63.3 74.0 98.0 91.6 100.9 106.9 108.6 128.9 102.6 100.5 85.6 93.4 98.8 119.1 106.9 131.0 147.1 159.4 142.7 121.8 139.3 197.9 152.5 299.2 195.3 172.2 231.0 180.8 163.9 199.6 274.3 323.8 337.3 316.5 289.7 282.1 281.1 274.9
-9999.0 -9999.0 -9999.0 -9999.0 -9999.0 -9999.0 -9999.0 -9999.0 -9999.0 -9999.0 -9999.0 -9999.0 -9999.0 -9999.0 -9999.0 72.8 54.4 67.8 49.2 37.5 73.9 48.5 41.8 43.3 44.8 38.9 62.3 40.1 58.3 35.6 47.2 50.9 72.9 72.3 64.2 79.6 84.3 64.2 74.9 86.3 101.8 110.6 110.6 105.7 90.3 83.1 92.7 74.1 91.8 64.3 97.4 157.2 136.2 146.8 128.0 149.2 158.4 128.0 248.9 328.1 168.7 203.0 337.3 270.0 193.1 164.3 206.6 291.8 307.5 272.3 248.1 215.2 214.4 230.3 221.8
-9999.0 -9999.0 -9999.0 -9999.0 -9999.0 -9999.0 -9999.0 -9999.0 -9999.0 -9999.0 -9999.0 -9999.0 -9999.0 -9999.0 -9999.0 -9999.0 -9999.0 7.1 17.8 -9999.0 26.1 65.1 39.2 38.3 55.3 46.7 72.8 48.7 32.9 47.4 40.9 39.4 76.7 51.1 49.5 61.2 88.6 67.8 78.3 88.7 98.3 112.8 106.7 98.2 87.9 77.8 103.4 110.2 68.2 91.4 64.1 108.9 109.6 163.0 177.5 187.6 164.0 244.7 277.0 346.4 179.9 276.3 344.5 286.9 199.1 162.7 197.4 236.5 228.4 194.8 171.1 157.6 165.8 158.8 162.1
-9999.0 -9999.0 -9999.0 -9999.0 -9999.0 -9999.0 -9999.0 -9999.0 -9999.0 -9999.0 -9999.0 -9999.0 -9999.0 -9999.0 -9999.0 -9999.0 -9999.0 -9999.0 -9999.0 -9999.0 -9999.0 51.4 67.0 103.0 67.1 41.2 39.7 37.3 37.0 29.7 35.6 35.1 44.0 52.3 52.2 64.2 65.8 70.2 77.2 87.9 91.7 108.3 111.2 100.8 83.3 81.6 142.9 67.5 129.9 326.1 101.5 195.3 200.9 142.6 174.3 224.7 249.2 232.5 406.9 338.7 210.7 246.3 300.0 258.1 223.6 210.4 223.8 205.3 179.3 144.1 116.6 115.9 111.5 104.4 101.7
-9999.0 -9999.0 -9999.0 -9999.0 -9999.0 -9999.0 -9999.0 -9999.0 -9999.0 -9999.0 -9999.0 -9999.0 -9999.0 -9999.0 -9999.0 -9999.0 -9999.0 -9999.0 -9999.0 -9999.0 -9999.0 -9999.0 -9999.0 40.9 65.2 58.8 54.5 52.4 62.9 41.6 47.1 58.8 99.6 83.1 96.6 90.1 96.9 78.6 91.2 98.2 97.3 111.1 92.6 80.7 84.9 198.5 83.0 73.5 78.4 84.5 83.3 170.0 123.0 161.1 162.0 150.7 242.8 333.5 200.0 353.1 211.0 231.1 222.4 197.4 188.0 238.6 257.1 203.3 175.3 130.1 120.8 96.7 84.8 90.2 85.9
-9999.0 -9999.0 -9999.0 -9999.0 -9999.0 -9999.0 -9999.0 -9999.0 -9999.0 -9999.0 -9999.0 -9999.0 -9999.0 -9999.0 -9999.0 -9999.0 -9999.0 -9999.0 -9999.0 -9999.0 -9999.0 -9999.0 -9999.0 -9999.0 -9999.0 59.9 67.9 142.2 112.7 149.3 91.0 74.5 85.5 107.7 101.3 125.7 157.5 97.2 111.0 91.4 112.9 92.4 105.2 94.8 169.9 233.8 152.2 258.7 97.8 94.0 168.6 148.1 203.1 204.5 148.4 166.7 244.7 244.8 353.7 334.9 271.3 215.1 378.2 179.2 161.4 205.6 218.2 184.2 181.9 158.1 114.4 87.7 65.2 84.0 92.1
-9999.0 -9999.0 -9999.0 -9999.0 -9999.0 -9999.0 -9999.0 -9999.0 -9999.0 -9999.0 -9999.0 -9999.0 -9999.0 -9999.0 -9999.0 -9999.0 -9999.0 -9999.0 -9999.0 -9999.0 -9999.0 -9999.0 -9999.0 -9999.0 -9999.0 -9999.0 -9999.0 98.6 103.8 91.9 95.1 104.1 167.0 121.9 151.5 131.3 121.0 109.6 105.3 95.7 102.4 93.0 132.9 209.1 228.7 270.0 311.7 315.4 301.9 152.5 203.9 188.7 157.3 153.7 168.7 222.7 201.7 210.4 315.3 231.9 161.2 188.0 116.8 92.6 84.5 96.4 148.5 175.5 160.8 134.0 99.2 90.0 59.1 78.7 87.6
-9999.0 -9999.0 -9999.0 -9999.0 -9999.0 -9999.0 -9999.0 -9999.0 -9999.0 -9999.0 -9999.0 -9999.0 -9999.0 -9999.0 -9999.0 -9999.0 -9999.0 -9999.0 -9999.0 -9999.0 -9999.0 -9999.0 -9999.0 -9999.0 -9999.0 -9999.0 -9999.0 -9999.0 -9999.0 -9999.0 -9999.0 -9999.0 -9999.0 165.0 182.1 -9999.0 -9999.0 -9999.0 161.0 121.4 136.3 161.0 143.9 265.7 319.1 328.0 -9999.0 -9999.0 -9999.0 -9999.0 -9999.0 -9999.0 173.4 220.3 166.3 184.7 218.0 195.9 209.2 177.4 164.0 154.9 93.3 69.8 66.6 81.0 102.6 119.8 125.2 103.4 74.0 73.4 77.0 72.9 97.2
-9999.0 -9999.0 -9999.0 -9999.0 -9999.0 -9999.0 -9999.0 -9999.0 -9999.0 -9999.0 -9999.0 -9999.0 -9999.0 -9999.0 -9999.0 -9999.0 -9999.0 -9999.0 -9999.0 -9999.0 -9999.0 -9999.0 -9999.0 -9999.0 -9999.0 -9999.0 -9999.0 -9999.0 -9999.0 -9999.0 -9999.0 -9999.0 -9999.0 -9999.0 -9999.0 -9999.0 -9999.0 -9999.0 -9999.0 296.8 298.4 309.8 323.5 335.1 -9999.0 -9999.0 -9999.0 -9999.0 -9999.0 -9999.0 -9999.0 -9999.0 212.5 273.5 225.4 201.2 202.7 183.2 166.5 166.9 162.5 134.2 98.3 67.7 63.2 80.8 102.0 112.6 101.0 88.5 78.7 71.1 65.7 92.6 98.9
-9999.0 -9999.0 -9999.0 -9999.0 -9999.0 -9999.0 -9999.0 -9999.0 -9999.0 -9999.0 -9999.0 -9999.0 -9999.0 -9999.0 -9999.0 -9999.0 -9999.0 -9999.0 -9999.0 -9999.0 -9999.0 -9999.0 -9999.0 -9999.0 -9999.0 -9999.0 -9999.0 -9999.0 -9999.0 -9999.0 -9999.0 -9999.0 -9999.0 -9999.0 -9999.0 -9999.0 -9999.0 -9999.0 -9999.0 -9999.0 -9999.0 -9999.0 -9999.0 -9999.0 -9999.0 -9999.0 -9999.0 -9999.0 -9999.0 -9999.0 -9999.0 -9999.0 267.0 323.1 260.0 286.4 207.2 173.0 154.4 163.4 162.5 140.6 213.0 74.8 75.0 103.3 125.9 114.4 91.8 78.0 74.9 82.9 123.7 111.8 121.0
-9999.0 -9999.0 -9999.0 -9999.0 -9999.0 -9999.0 -9999.0 -9999.0 -9999.0 -9999.0 -9999.0 -9999.0 -9999.0 -9999.0 -9999.0 -9999.0 -9999.0 -9999.0 -9999.0 -9999.0 -9999.0 -9999.0 -9999.0 -9999.0 -9999.0 -9999.0 -9999.0 -9999.0 -9999.0 -9999.0 -9999.0 -9999.0 -9999.0 -9999.0 -9999.0 -9999.0 -9999.0 -9999.0 -9999.0 -9999.0 -9999.0 -9999.0 -9999.0 -9999.0 -9999.0 -9999.0 -9999.0 -9999.0 -9999.0 -9999.0 -9999.0 356.8 320.8 346.5 241.1 240.5 198.2 190.3 143.9 124.1 182.3 159.1 117.4 93.2 95.4 120.3 130.6 109.6 94.6 82.3 86.8 107.0 120.3 125.3 139.3
-9999.0 -9999.0 -9999.0 -9999.0 -9999.0 -9999.0 -9999.0 -9999.0 -9999.0 -9999.0 -9999.0 -9999.0 -9999.0 -9999.0 -9999.0 -9999.0 -9999.0 -9999.0 -9999.0 -9999.0 -9999.0 -9999.0 -9999.0 -9999.0 -9999.0 -9999.0 -9999.0 -9999.0 -9999.0 -9999.0 -9999.0 -9999.0 -9999.0 -9999.0 -9999.0 -9999.0 -9999.0 -9999.0 -9999.0 -9999.0 -9999.0 -9999.0 -9999.0 -9999.0 -9999.0 -9999.0 -9999.0 -9999.0 -9999.0 -9999.0 451.3 409.7 387.7 374.4 291.2 266.2 185.4 130.7 125.1 164.3 160.6 184.2 136.5 119.3 116.1 127.2 129.4 109.6 112.9 108.7 126.5 146.4 155.7 160.9 165.7
-9999.0 -9999.0 -9999.0 -9999.0 -9999.0 -9999.0 -9999.0 -9999.0 -9999.0 -9999.0 -9999.0 -9999.0 -9999.0 -9999.0 -9999.0 -9999.0 -9999.0 -9999.0 -9999.0 -9999.0 -9999.0 -9999.0 -9999.0 -9999.0 -9999.0 -9999.0 -9999.0 -9999.0 -9999.0 -9999.0 -9999.0 -9999.0 -9999.0 -9999.0 -9999.0 -9999.0 -9999.0 -9999.0 -9999.0 -9999.0 -9999.0 -9999.0 -9999.0 -9999.0 -9999.0 -9999.0 -9999.0 -9999.0 -9999.0 -9999.0 472.5 470.1 406.3 391.1 355.8 273.3 163.1 190.9 167.9 138.1 140.5 168.7 145.9 137.2 130.8 121.5 122.1 109.9 123.0 137.0 164.6 184.5 185.1 164.6 142.3
-9999.0 -9999.0 -9999.0 -9999.0 -9999.0 -9999.0 -9999.0 -9999.0 -9999.0 -9999.0 -9999.0 -9999.0 -9999.0 -9999.0 -9999.0 -9999.0 -9999.0 -9999.0 -9999.0 -9999.0 -9999.0 -9999.0 -9999.0 -9999.0 -9999.0 -9999.0 -9999.0 -9999.0 -9999.0 -9999.0 -9999.0 -9999.0 -9999.0 -9999.0 -9999.0 -9999.0 -9999.0 -9999.0 -9999.0 -9999.0 -9999.0 -9999.0 -9999.0 -9999.0 -9999.0 -9999.0 -9999.0 -9999.0 -9999.0 -9999.0 476.9 461.3 419.4 472.2 331.8 269.6 314.5 204.2 204.5 114.5 158.5 194.4 177.2 143.9 150.2 143.4 132.5 125.6 132.1 171.2 177.7 219.1 178.5 178.1 130.6
-9999.0 -9999.0 -9999.0 -9999.0 -9999.0 -9999.0 -9999.0 -9999.0 -9999.0 -9999.0 -9999.0 -9999.0 -9999.0 -9999.0 -9999.0 -9999.0 -9999.0 -9999.0 -9999.0 -9999.0 -9999.0 -9999.0 -9999.0 -9999.0 -9999.0 -9999.0 -9999.0 -9999.0 -9999.0 -9999.0 -9999.0 -9999.0 -9999.0 -9999.0 -9999.0 -9999.0 -9999.0 -9999.0 -9999.0 -9999.0 -9999.0 -9999.0 -9999.0 -9999.0 -9999.0 -9999.0 -9999.0 -9999.0 -9999.0 -9999.0 493.4 515.3 465.9 448.1 393.2 385.4 230.4 247.9 219.3 138.9 189.4 185.5 130.9 169.0 193.8 196.3 200.5 177.9 191.7 138.6 171.0 170.9 166.1 164.9 131.2
-9999.0 -9999.0 -9999.0 -9999.0 -9999.0 -9999.0 -9999.0 -9999.0 -9999.0 -9999.0 -9999.0 -9999.0 -9999.0 -9999.0 -9999.0 -9999.0 -9999.0 -9999.0 -9999.0 -9999.0 -9999.0 -9999.0 -9999.0 -9999.0 -9999.0 -9999.0 -9999.0 -9999.0 -9999.0 -9999.0 -9999.0 -9999.0 -9999.0 -9999.0 -9999.0 -9999.0 -9999.0 -9999.0 -9999.0 -9999.0 -9999.0 -9999.0 -9999.0 -9999.0 -9999.0 -9999.0 -9999.0 -9999.0 -9999.0 -9999.0 -9999.0 -9999.0 -9999.0 441.1 382.6 329.9 309.7 309.9 201.8 191.3 384.0 158.1 273.0 231.8 255.2 256.7 271.3 199.5 203.6 187.0 164.9 141.9 124.8 125.7 136.3
-9999.0 -9999.0 -9999.0 -9999.0 -9999.0 -9999.0 -9999.0 -9999.0 -9999.0 -9999.0 -9999.0 -9999.0 -9999.0 -9999.0 -9999.0 -9999.0 -9999.0 -9999.0 -9999.0 -9999.0 -9999.0 -9999.0 -9999.0 -9999.0 -9999.0 -9999.0 -9999.0 -9999.0 -9999.0 -9999.0 -9999.0 -9999.0 -9999.0 -9999.0 -9999.0 -9999.0 -9999.0 -9999.0 -9999.0 -9999.0 -9999.0 -9999.0 -9999.0 -9999.0 -9999.0 -9999.0 -9999.0 -9999.0 -9999.0 -9999.0 -9999.0 -9999.0 -9999.0 459.5 391.1 474.2 317.2 265.4 289.2 407.6 287.8 235.9 368.4 317.0 335.0 320.4 243.4 281.9 190.6 175.4 155.6 138.9 128.5 135.2 153.2
-9999.0 -9999.0 -9999.0 -9999.0 -9999.0 -9999.0 -9999.0 -9999.0 -9999.0 -9999.0 -9999.0 -9999.0 -9999.0 -9999.0 -9999.0 -9999.0 -9999.0 -9999.0 -9999.0 -9999.0 -9999.0 -9999.0 -9999.0 -9999.0 -9999.0 -9999.0 -9999.0 -9999.0 -9999.0 -9999.0 -9999.0 -9999.0 -9999.0 -9999.0 -9999.0 -9999.0 -9999.0 -9999.0 -9999.0 -9999.0 -9999.0 -9999.0 -9999.0 -9999.0 -9999.0 -9999.0 -9999.0 -9999.0 -9999.0 -9999.0 -9999.0 -9999.0 -9999.0 464.5 356.1 395.0 333.8 281.4 309.9 321.2 408.1 393.8 495.9 509.4 384.2 -9999.0 -9999.0 -9999.0 237.1 181.6 185.2 198.7 196.0 192.1 202.5
-9999.0 -9999.0 -9999.0 -9999.0 -9999.0 -9999.0 -9999.0 -9999.0 -9999.0 -9999.0 -9999.0 -9999.0 -9999.0 -9999.0 -9999.0 -9999.0 -9999.0 -9999.0 -9999.0 -9999.0 -9999.0 -9999.0 -9999.0 -9999.0 -9999.0 -9999.0 -9999.0 -9999.0 -9999.0 -9999.0 -9999.0 -9999.0 -9999.0 -9999.0 -9999.0 -9999.0 -9999.0 -9999.0 -9999.0 -9999.0 -9999.0 -9999.0 -9999.0 -9999.0 -9999.0 -9999.0 -9999.0 -9999.0 -9999.0 -9999.0 -9999.0 -9999.0 -9999.0 -9999.0 405.1 354.8 255.2 225.1 322.5 431.8 309.2 -9999.0 -9999.0 -9999.0 -9999.0 -9999.0 -9999.0 -9999.0 226.0 231.9 282.2 264.0 262.7 256.8 241.3
-9999.0 -9999.0 -9999.0 -9999.0 -9999.0 -9999.0 -9999.0 -9999.0 -9999.0 -9999.0 -9999.0 -9999.0 -9999.0 -9999.0 -9999.0 -9999.0 -9999.0 -9999.0 -9999.0 -9999.0 -9999.0 -9999.0 -9999.0 -9999.0 -9999.0 -9999.0 -9999.0 -9999.0 -9999.0 -9999.0 -9999.0 -9999.0 -9999.0 -9999.0 -9999.0 -9999.0 -9999.0 -9999.0 -9999.0 -9999.0 -9999.0 -9999.0 -9999.0 -9999.0 -9999.0 -9999.0 -9999.0 -9999.0 -9999.0 -9999.0 -9999.0 -9999.0 -9999.0 -9999.0 -9999.0 309.0 396.2 271.6 250.5 339.0 354.2 -9999.0 -9999.0 -9999.0 -9999.0 -9999.0 -9999.0 -9999.0 -9999.0 -9999.0 271.6 -9999.0 -9999.0 -9999.0 -9999.0
