program/excelProcessViaJava/data/SURF_CLI_CHN_PRE_MON_GRID_0.5-199610.txt
NCOLS      128
NROWS       72
XLLCORNER    72.000000000000    
YLLCORNER    18.000000000000    
CELLSIZE    0.50000000000000    
NODATA_VALUE   -9999.000    
[rows 34 to 67 of 72, columns 0 to 76 of 128]
-9999.0 -9999.0 -9999.0 -9999.0 5.9 3.9 2.5 1.5 1.2 0.9 0.5 0.7 0.9 1.1 3.0 3.5 2.6 1.5 0.9 0.8 0.8 0.8 0.8 0.6 0.7 1.1 1.5 2.2 3.0 4.0 4.9 6.6 6.3 6.5 7.0 5.8 7.3 8.5 5.2 3.2 5.2 2.3 2.1 1.4 0.9 0.5 0.3 0.3 0.4 1.6 3.7 6.6 12.5 7.6 6.2 7.3 9.7 12.6 15.4 17.6 18.4 18.2 18.5 21.1 24.0 25.0 31.2 25.9 24.7 36.7 37.7 44.4 45.4 46.5 47.1 50.0 47.3
-9999.0 -9999.0 -9999.0 -9999.0 -9999.0 -9999.0 -9999.0 1.4 1.0 0.7 0.8 0.7 0.8 0.8 0.9 2.5 1.4 1.4 1.1 0.8 0.6 0.5 0.5 0.7 1.0 1.5 2.2 3.3 4.6 6.3 7.7 8.8 9.4 10.4 11.4 9.7 11.5 9.8 11.7 11.6 6.0 12.1 10.7 7.1 3.8 1.3 1.6 1.0 2.4 1.7 3.0 6.1 10.4 16.9 12.5 11.1 14.4 16.7 17.9 19.1 19.0 19.4 24.1 30.3 34.6 33.8 35.9 39.1 37.3 43.2 45.5 50.2 60.6 64.8 62.4 63.1 53.8
-9999.0 -9999.0 -9999.0 -9999.0 -9999.0 -9999.0 -9999.0 1.8 0.9 0.8 0.7 0.7 0.7 0.6 0.8 0.5 0.7 0.7 0.5 0.6 0.6 0.5 0.7 1.0 1.4 2.1 3.1 4.5 5.9 7.5 10.0 11.7 12.8 14.9 13.6 13.7 12.5 13.5 12.6 11.3 11.3 10.9 11.4 15.8 8.6 4.5 5.8 6.7 15.0 14.4 26.4 25.6 17.7 18.3 16.8 18.2 23.8 26.8 22.4 19.8 24.4 27.3 31.1 38.1 40.2 37.1 35.7 37.1 45.6 38.7 45.2 57.0 73.3 80.0 66.6 72.8 64.2
-9999.0 -9999.0 -9999.0 -9999.0 -9999.0 -9999.0 -9999.0 -9999.0 -9999.0 0.9 0.8 0.7 0.7 0.7 0.8 0.8 0.7 0.4 0.5 0.4 0.5 0.7 0.9 1.3 1.9 2.8 4.0 5.7 7.7 10.5 11.8 14.3 16.0 17.8 16.5 16.2 15.4 15.6 13.9 13.9 12.3 12.8 12.0 11.1 12.7 12.7 13.4 14.3 17.5 21.2 27.6 28.5 27.1 23.7 20.1 23.1 32.6 35.3 23.1 22.9 26.1 28.7 34.2 38.7 38.4 34.9 32.1 33.5 41.9 36.9 44.5 52.7 70.2 81.1 81.0 58.1 52.4
-9999.0 -9999.0 -9999.0 -9999.0 -9999.0 -9999.0 -9999.0 -9999.0 -9999.0 -9999.0 -9999.0 0.8 0.9 0.7 0.8 0.7 0.7 0.6 0.6 0.5 0.5 0.7 0.9 1.5 2.0 3.3 4.8 7.1 9.7 12.6 15.5 19.0 20.1 21.5 21.2 23.7 20.1 19.0 22.6 16.7 17.2 14.9 13.7 13.3 17.9 15.0 21.3 19.7 23.8 26.3 27.5 31.5 32.1 28.2 22.0 19.9 25.6 23.6 24.3 24.8 25.3 35.2 41.8 39.9 38.3 29.9 28.6 33.3 37.0 40.8 43.8 54.0 62.8 67.5 62.8 61.6 57.7
-9999.0 -9999.0 -9999.0 -9999.0 -9999.0 -9999.0 -9999.0 -9999.0 -9999.0 -9999.0 -9999.0 -9999.0 0.9 1.0 0.7 0.8 0.5 0.6 0.5 0.4 0.7 0.7 1.0 1.6 1.9 3.7 5.8 8.1 11.4 15.1 18.8 22.1 24.7 27.5 28.2 26.8 29.1 23.8 20.5 18.0 16.8 16.5 16.7 18.8 19.4 21.3 24.5 22.6 25.8 29.0 35.3 37.1 35.4 30.9 25.1 20.3 18.2 15.6 30.6 21.7 30.1 33.5 40.6 44.4 37.7 41.0 33.1 38.7 44.5 50.6 50.9 59.2 68.3 75.9 79.5 90.0 73.4
-9999.0 -9999.0 -9999.0 -9999.0 -9999.0 -9999.0 -9999.0 -9999.0 -9999.0 -9999.0 -9999.0 -9999.0 0.9 1.1 1.2 0.8 1.0 0.7 0.4 0.5 0.5 0.6 0.9 1.7 3.0 4.2 6.3 9.4 12.7 16.9 21.3 25.9 29.1 31.0 32.2 30.6 32.0 30.1 26.2 23.1 20.3 20.0 23.8 22.3 26.0 29.5 27.7 28.3 27.6 32.8 35.8 39.5 38.7 34.9 31.4 24.7 24.1 21.9 32.8 37.5 43.9 50.0 48.7 48.4 43.5 43.0 34.1 45.2 58.1 67.8 77.3 93.2 104.3 101.1 100.5 98.6 98.2
-9999.0 -9999.0 -9999.0 -9999.0 -9999.0 -9999.0 -9999.0 -9999.0 -9999.0 -9999.0 -9999.0 -9999.0 -9999.0 1.1 0.8 1.2 0.7 0.8 0.7 0.6 0.6 0.9 0.9 2.1 3.0 3.7 5.8 8.3 12.7 17.5 22.8 27.5 32.1 34.9 33.8 33.3 32.2 31.7 37.0 29.9 27.2 28.4 29.1 33.8 33.4 33.7 36.6 39.0 39.9 40.2 41.6 42.9 43.6 38.8 34.3 30.8 30.6 27.8 24.4 35.7 45.3 59.8 58.4 59.1 42.9 43.2 47.3 57.7 77.7 97.3 122.1 132.7 127.3 125.3 118.5 116.2 114.9
-9999.0 -9999.0 -9999.0 -9999.0 -9999.0 -9999.0 -9999.0 -9999.0 -9999.0 -9999.0 -9999.0 -9999.0 1.3 1.0 0.9 1.0 0.5 0.5 0.4 0.7 0.8 1.0 1.3 2.2 3.5 3.7 6.0 9.2 12.8 17.1 22.6 28.0 32.8 35.2 36.2 34.4 35.8 31.1 29.7 29.5 35.5 40.3 44.6 39.2 44.1 46.7 46.8 46.0 46.1 45.5 46.8 47.4 46.7 44.4 43.7 41.6 35.3 50.1 42.7 57.6 62.2 61.6 69.8 64.7 60.0 51.3 43.9 60.4 86.6 102.2 120.1 142.7 160.4 162.4 150.5 138.7 137.4
-9999.0 -9999.0 -9999.0 -9999.0 -9999.0 -9999.0 -9999.0 -9999.0 -9999.0 -9999.0 -9999.0 -9999.0 1.5 1.6 1.2 0.6 0.5 0.7 0.6 0.4 0.9 0.8 1.4 2.2 3.9 5.6 7.1 9.2 12.0 16.3 21.1 26.2 31.1 33.0 33.0 32.7 30.3 30.9 30.1 27.5 30.0 33.3 39.8 47.6 54.1 58.7 61.3 59.1 55.0 48.8 46.0 46.2 45.9 48.2 51.1 56.2 49.4 46.5 55.8 54.5 59.5 63.6 85.4 73.3 59.7 45.7 50.5 53.7 73.0 100.4 127.6 149.1 161.0 148.6 127.5 111.6 113.4
-9999.0 -9999.0 -9999.0 -9999.0 -9999.0 -9999.0 -9999.0 -9999.0 -9999.0 -9999.0 -9999.0 -9999.0 2.5 1.5 1.6 1.1 0.8 0.4 0.4 0.5 0.4 0.6 1.6 1.9 3.4 3.3 5.1 5.5 9.9 12.8 16.8 21.1 26.3 28.1 28.0 27.8 27.5 28.7 28.0 30.8 31.0 33.9 50.0 51.8 62.8 69.6 70.1 65.3 58.0 49.5 43.7 40.1 43.7 43.0 44.4 57.7 53.1 50.4 53.3 69.6 80.5 86.1 75.4 71.3 42.7 37.8 36.4 44.9 66.5 92.5 116.4 133.2 138.8 129.0 153.6 103.0 123.9
-9999.0 -9999.0 -9999.0 -9999.0 -9999.0 -9999.0 -9999.0 -9999.0 -9999.0 -9999.0 -9999.0 -9999.0 -9999.0 2.1 1.4 1.2 0.8 0.8 0.5 0.6 0.6 1.3 1.5 1.9 4.4 4.6 5.5 6.6 6.1 9.2 10.2 14.5 19.2 21.6 22.5 26.0 27.1 26.0 28.6 28.2 31.1 49.5 61.0 64.6 66.6 71.6 71.5 66.2 56.0 45.8 36.5 36.6 34.3 35.5 38.9 40.7 44.3 46.3 52.1 57.2 70.8 70.8 82.1 46.7 27.5 22.0 24.3 39.4 66.0 92.5 107.0 111.9 110.6 99.6 86.6 71.7 62.1
-9999.0 -9999.0 -9999.0 -9999.0 -9999.0 -9999.0 -9999.0 -9999.0 -9999.0 -9999.0 -9999.0 -9999.0 -9999.0 4.9 2.3 1.9 1.3 1.4 1.4 1.5 1.4 1.9 2.3 3.4 7.9 6.1 5.1 6.0 4.5 2.9 4.3 6.8 10.1 13.1 16.4 18.8 19.0 23.1 29.9 45.1 36.9 46.3 56.7 65.1 80.1 70.9 67.5 57.7 47.3 37.2 32.9 24.9 27.6 32.1 34.8 33.2 30.4 34.5 44.8 54.0 68.1 66.7 41.7 34.2 22.6 17.5 22.8 41.7 68.8 88.4 96.5 93.9 85.0 76.1 71.3 77.1 99.1
-9999.0 -9999.0 -9999.0 -9999.0 -9999.0 -9999.0 -9999.0 -9999.0 -9999.0 -9999.0 -9999.0 -9999.0 -9999.0 -9999.0 -9999.0 3.7 3.4 2.8 3.4 4.9 4.1 6.5 8.6 8.7 7.7 7.3 3.1 2.9 1.3 1.3 1.1 1.7 4.2 6.6 7.9 16.0 23.5 15.3 23.9 31.1 47.6 57.3 60.8 62.1 56.3 60.1 60.0 53.6 41.9 34.3 24.1 32.1 22.3 24.4 20.5 24.4 24.7 19.9 39.7 52.1 48.1 36.7 46.1 36.7 27.1 24.2 32.0 50.3 65.7 79.9 85.2 79.8 82.1 76.0 72.2 99.3 99.9
-9999.0 -9999.0 -9999.0 -9999.0 -9999.0 -9999.0 -9999.0 -9999.0 -9999.0 -9999.0 -9999.0 -9999.0 -9999.0 -9999.0 -9999.0 -9999.0 -9999.0 47.6 22.0 -9999.0 23.0 13.7 22.9 24.1 14.5 13.0 4.9 3.2 1.8 0.3 0.2 0.2 1.4 0.9 1.1 4.8 20.2 6.4 20.0 29.4 41.7 62.1 58.1 54.1 50.0 53.2 115.3 55.7 40.1 31.2 35.0 20.6 31.7 25.5 26.7 25.5 17.6 29.3 34.9 46.7 22.6 31.1 41.6 38.8 32.6 32.2 40.1 51.4 58.3 67.9 66.5 88.9 94.5 84.9 93.6 112.5 103.3
-9999.0 -9999.0 -9999.0 -9999.0 -9999.0 -9999.0 -9999.0 -9999.0 -9999.0 -9999.0 -9999.0 -9999.0 -9999.0 -9999.0 -9999.0 -9999.0 -9999.0 -9999.0 -9999.0 -9999.0 -9999.0 39.4 34.4 23.3 28.9 41.1 27.1 13.1 3.0 0.8 0.1 0.2 0.1 0.3 0.5 2.9 4.9 8.3 11.1 12.3 17.8 63.2 68.6 59.6 43.9 50.4 151.9 54.6 54.7 114.6 30.5 44.9 40.7 28.8 28.5 31.4 29.2 21.8 46.4 39.6 15.9 21.3 30.3 31.7 32.6 34.6 40.9 46.2 49.5 56.9 65.7 86.5 94.0 98.2 103.8 103.9 92.5
-9999.0 -9999.0 -9999.0 -9999.0 -9999.0 -9999.0 -9999.0 -9999.0 -9999.0 -9999.0 -9999.0 -9999.0 -9999.0 -9999.0 -9999.0 -9999.0 -9999.0 -9999.0 -9999.0 -9999.0 -9999.0 -9999.0 -9999.0 139.5 74.5 69.6 52.3 26.0 5.2 1.7 0.2 0.1 0.9 1.0 4.9 8.3 18.7 15.3 37.4 55.0 58.8 78.1 52.9 38.2 45.2 154.2 78.1 72.6 93.8 101.3 51.4 49.2 46.7 44.6 33.5 13.7 27.3 36.7 13.4 37.4 21.8 28.0 25.5 16.7 19.8 29.7 36.6 38.7 43.7 49.2 72.9 81.8 94.8 116.5 120.1 114.9 105.8
-9999.0 -9999.0 -9999.0 -9999.0 -9999.0 -9999.0 -9999.0 -9999.0 -9999.0 -9999.0 -9999.0 -9999.0 -9999.0 -9999.0 -9999.0 -9999.0 -9999.0 -9999.0 -9999.0 -9999.0 -9999.0 -9999.0 -9999.0 -9999.0 -9999.0 249.2 141.1 25.8 14.3 8.6 1.9 1.3 1.9 4.1 6.9 21.1 52.5 34.3 66.5 60.8 95.5 65.5 39.4 43.0 103.5 162.9 140.9 233.5 66.2 93.2 69.0 63.5 68.3 63.3 31.9 20.4 28.1 18.6 35.7 35.6 39.4 42.8 65.0 12.5 15.6 24.8 30.5 34.3 46.4 63.3 63.0 72.4 84.3 118.1 133.9 130.6 109.8
-9999.0 -9999.0 -9999.0 -9999.0 -9999.0 -9999.0 -9999.0 -9999.0 -9999.0 -9999.0 -9999.0 -9999.0 -9999.0 -9999.0 -9999.0 -9999.0 -9999.0 -9999.0 -9999.0 -9999.0 -9999.0 -9999.0 -9999.0 -9999.0 -9999.0 -9999.0 -9999.0 274.0 226.7 75.8 39.3 24.9 15.1 22.6 24.5 36.2 38.0 47.4 40.5 69.1 97.4 53.5 57.5 99.6 125.9 164.6 203.8 232.0 254.2 164.5 237.3 220.7 75.8 58.2 38.5 36.9 14.7 12.0 30.6 25.7 30.8 53.9 29.4 21.8 22.2 18.7 29.2 30.2 35.8 49.4 56.3 79.2 75.2 102.3 118.9 124.1 102.5
-9999.0 -9999.0 -9999.0 -9999.0 -9999.0 -9999.0 -9999.0 -9999.0 -9999.0 -9999.0 -9999.0 -9999.0 -9999.0 -9999.0 -9999.0 -9999.0 -9999.0 -9999.0 -9999.0 -9999.0 -9999.0 -9999.0 -9999.0 -9999.0 -9999.0 -9999.0 -9999.0 -9999.0 -9999.0 -9999.0 -9999.0 -9999.0 -9999.0 83.6 54.1 -9999.0 -9999.0 -9999.0 63.6 76.8 66.5 70.9 73.0 115.5 143.8 164.8 -9999.0 -9999.0 -9999.0 -9999.0 -9999.0 -9999.0 103.3 69.3 34.3 21.2 16.9 17.7 19.0 27.6 42.5 54.8 42.7 31.3 23.2 23.7 34.3 48.0 52.2 48.2 49.4 73.4 83.6 74.3 84.9 88.3 74.3
-9999.0 -9999.0 -9999.0 -9999.0 -9999.0 -9999.0 -9999.0 -9999.0 -9999.0 -9999.0 -9999.0 -9999.0 -9999.0 -9999.0 -9999.0 -9999.0 -9999.0 -9999.0 -9999.0 -9999.0 -9999.0 -9999.0 -9999.0 -9999.0 -9999.0 -9999.0 -9999.0 -9999.0 -9999.0 -9999.0 -9999.0 -9999.0 -9999.0 -9999.0 -9999.0 -9999.0 -9999.0 -9999.0 -9999.0 103.7 103.4 107.5 114.9 124.9 -9999.0 -9999.0 -9999.0 -9999.0 -9999.0 -9999.0 -9999.0 -9999.0 92.9 79.2 41.6 34.0 35.6 34.5 32.5 38.2 50.7 52.6 46.2 35.4 38.0 46.4 58.6 57.3 54.5 65.6 67.2 66.4 60.2 65.6 51.7 51.5 44.2
-9999.0 -9999.0 -9999.0 -9999.0 -9999.0 -9999.0 -9999.0 -9999.0 -9999.0 -9999.0 -9999.0 -9999.0 -9999.0 -9999.0 -9999.0 -9999.0 -9999.0 -9999.0 -9999.0 -9999.0 -9999.0 -9999.0 -9999.0 -9999.0 -9999.0 -9999.0 -9999.0 -9999.0 -9999.0 -9999.0 -9999.0 -9999.0 -9999.0 -9999.0 -9999.0 -9999.0 -9999.0 -9999.0 -9999.0 -9999.0 -9999.0 -9999.0 -9999.0 -9999.0 -9999.0 -9999.0 -9999.0 -9999.0 -9999.0 -9999.0 -9999.0 -9999.0 118.1 90.8 54.0 50.8 56.7 50.7 42.1 46.7 61.0 63.3 81.4 45.6 50.3 58.4 59.0 54.8 48.1 46.8 47.3 51.1 68.4 53.8 46.3 36.2 32.3
-9999.0 -9999.0 -9999.0 -9999.0 -9999.0 -9999.0 -9999.0 -9999.0 -9999.0 -9999.0 -9999.0 -9999.0 -9999.0 -9999.0 -9999.0 -9999.0 -9999.0 -9999.0 -9999.0 -9999.0 -9999.0 -9999.0 -9999.0 -9999.0 -9999.0 -9999.0 -9999.0 -9999.0 -9999.0 -9999.0 -9999.0 -9999.0 -9999.0 -9999.0 -9999.0 -9999.0 -9999.0 -9999.0 -9999.0 -9999.0 -9999.0 -9999.0 -9999.0 -9999.0 -9999.0 -9999.0 -9999.0 -9999.0 -9999.0 -9999.0 -9999.0 114.7 98.3 95.6 68.6 69.2 67.3 52.2 43.5 46.5 72.5 80.5 76.2 67.6 66.4 66.9 57.7 37.3 35.2 27.8 28.7 34.5 38.2 39.9 35.0 28.5 25.5
-9999.0 -9999.0 -9999.0 -9999.0 -9999.0 -9999.0 -9999.0 -9999.0 -9999.0 -9999.0 -9999.0 -9999.0 -9999.0 -9999.0 -9999.0 -9999.0 -9999.0 -9999.0 -9999.0 -9999.0 -9999.0 -9999.0 -9999.0 -9999.0 -9999.0 -9999.0 -9999.0 -9999.0 -9999.0 -9999.0 -9999.0 -9999.0 -9999.0 -9999.0 -9999.0 -9999.0 -9999.0 -9999.0 -9999.0 -9999.0 -9999.0 -9999.0 -9999.0 -9999.0 -9999.0 -9999.0 -9999.0 -9999.0 -9999.0 -9999.0 89.8 119.5 112.6 103.5 69.8 69.1 52.0 41.5 41.8 61.4 81.4 99.8 95.0 88.3 81.7 72.7 62.4 42.2 33.5 27.1 26.8 30.0 29.9 27.2 25.0 23.9 27.0
-9999.0 -9999.0 -9999.0 -9999.0 -9999.0 -9999.0 -9999.0 -9999.0 -9999.0 -9999.0 -9999.0 -9999.0 -9999.0 -9999.0 -9999.0 -9999.0 -9999.0 -9999.0 -9999.0 -9999.0 -9999.0 -9999.0 -9999.0 -9999.0 -9999.0 -9999.0 -9999.0 -9999.0 -9999.0 -9999.0 -9999.0 -9999.0 -9999.0 -9999.0 -9999.0 -9999.0 -9999.0 -9999.0 -9999.0 -9999.0 -9999.0 -9999.0 -9999.0 -9999.0 -9999.0 -9999.0 -9999.0 -9999.0 -9999.0 -9999.0 69.7 148.5 86.4 104.1 91.9 63.8 43.9 54.7 58.3 63.2 72.6 90.7 81.7 83.6 79.6 69.9 64.5 54.3 43.2 41.5 37.3 32.1 25.7 21.1 21.8 27.0 29.4
-9999.0 -9999.0 -9999.0 -9999.0 -9999.0 -9999.0 -9999.0 -9999.0 -9999.0 -9999.0 -9999.0 -9999.0 -9999.0 -9999.0 -9999.0 -9999.0 -9999.0 -9999.0 -9999.0 -9999.0 -9999.0 -9999.0 -9999.0 -9999.0 -9999.0 -9999.0 -9999.0 -9999.0 -9999.0 -9999.0 -9999.0 -9999.0 -9999.0 -9999.0 -9999.0 -9999.0 -9999.0 -9999.0 -9999.0 -9999.0 -9999.0 -9999.0 -9999.0 -9999.0 -9999.0 -9999.0 -9999.0 -9999.0 -9999.0 -9999.0 49.0 77.3 61.1 152.4 75.9 65.4 95.7 74.2 82.5 63.8 74.3 84.9 73.8 57.7 63.8 65.6 75.3 77.9 71.0 55.7 49.7 33.4 28.2 21.7 26.6 28.8 28.0
-9999.0 -9999.0 -9999.0 -9999.0 -9999.0 -9999.0 -9999.0 -9999.0 -9999.0 -9999.0 -9999.0 -9999.0 -9999.0 -9999.0 -9999.0 -9999.0 -9999.0 -9999.0 -9999.0 -9999.0 -9999.0 -9999.0 -9999.0 -9999.0 -9999.0 -9999.0 -9999.0 -9999.0 -9999.0 -9999.0 -9999.0 -9999.0 -9999.0 -9999.0 -9999.0 -9999.0 -9999.0 -9999.0 -9999.0 -9999.0 -9999.0 -9999.0 -9999.0 -9999.0 -9999.0 -9999.0 -9999.0 -9999.0 -9999.0 -9999.0 83.5 131.0 97.1 117.1 107.9 126.4 79.4 99.1 100.4 72.4 84.3 70.4 36.1 49.3 57.5 63.5 77.0 94.7 89.3 67.9 48.7 33.5 26.2 24.2 28.5 24.4 21.6
-9999.0 -9999.0 -9999.0 -9999.0 -9999.0 -9999.0 -9999.0 -9999.0 -9999.0 -9999.0 -9999.0 -9999.0 -9999.0 -9999.0 -9999.0 -9999.0 -9999.0 -9999.0 -9999.0 -9999.0 -9999.0 -9999.0 -9999.0 -9999.0 -9999.0 -9999.0 -9999.0 -9999.0 -9999.0 -9999.0 -9999.0 -9999.0 -9999.0 -9999.0 -9999.0 -9999.0 -9999.0 -9999.0 -9999.0 -9999.0 -9999.0 -9999.0 -9999.0 -9999.0 -9999.0 -9999.0 -9999.0 -9999.0 -9999.0 -9999.0 -9999.0 -9999.0 -9999.0 80.9 80.5 91.3 103.9 113.9 90.1 90.4 173.6 64.0 106.9 73.4 67.8 73.5 90.1 112.1 104.1 69.6 35.3 23.0 21.4 22.1 22.1 20.0 14.3
-9999.0 -9999.0 -9999.0 -9999.0 -9999.0 -9999.0 -9999.0 -9999.0 -9999.0 -9999.0 -9999.0 -9999.0 -9999.0 -9999.0 -9999.0 -9999.0 -9999.0 -9999.0 -9999.0 -9999.0 -9999.0 -9999.0 -9999.0 -9999.0 -9999.0 -9999.0 -9999.0 -9999.0 -9999.0 -9999.0 -9999.0 -9999.0 -9999.0 -9999.0 -9999.0 -9999.0 -9999.0 -9999.0 -9999.0 -9999.0 -9999.0 -9999.0 -9999.0 -9999.0 -9999.0 -9999.0 -9999.0 -9999.0 -9999.0 -9999.0 -9999.0 -9999.0 -9999.0 88.0 76.5 179.7 100.7 92.8 112.3 182.3 146.1 109.9 186.3 112.6 103.4 100.5 100.6 114.9 82.9 49.5 23.5 18.6 19.7 20.3 21.2 22.4 17.0
-9999.0 -9999.0 -9999.0 -9999.0 -9999.0 -9999.0 -9999.0 -9999.0 -9999.0 -9999.0 -9999.0 -9999.0 -9999.0 -9999.0 -9999.0 -9999.0 -9999.0 -9999.0 -9999.0 -9999.0 -9999.0 -9999.0 -9999.0 -9999.0 -9999.0 -9999.0 -9999.0 -9999.0 -9999.0 -9999.0 -9999.0 -9999.0 -9999.0 -9999.0 -9999.0 -9999.0 -9999.0 -9999.0 -9999.0 -9999.0 -9999.0 -9999.0 -9999.0 -9999.0 -9999.0 -9999.0 -9999.0 -9999.0 -9999.0 -9999.0 -9999.0 -9999.0 -9999.0 102.1 63.4 126.9 114.4 105.6 126.7 147.5 209.5 209.8 260.4 221.2 113.2 -9999.0 -9999.0 -9999.0 81.4 45.0 32.7 31.8 30.9 29.8 35.5 41.2 31.6
-9999.0 -9999.0 -9999.0 -9999.0 -9999.0 -9999.0 -9999.0 -9999.0 -9999.0 -9999.0 -9999.0 -9999.0 -9999.0 -9999.0 -9999.0 -9999.0 -9999.0 -9999.0 -9999.0 -9999.0 -9999.0 -9999.0 -9999.0 -9999.0 -9999.0 -9999.0 -9999.0 -9999.0 -9999.0 -9999.0 -9999.0 -9999.0 -9999.0 -9999.0 -9999.0 -9999.0 -9999.0 -9999.0 -9999.0 -9999.0 -9999.0 -9999.0 -9999.0 -9999.0 -9999.0 -9999.0 -9999.0 -9999.0 -9999.0 -9999.0 -9999.0 -9999.0 -9999.0 -9999.0 114.3 115.3 90.3 93.2 134.0 191.5 128.7 -9999.0 -9999.0 -9999.0 -9999.0 -9999.0 -9999.0 -9999.0 67.4 62.6 69.2 64.4 62.5 60.7 65.3 64.5 47.9
-9999.0 -9999.0 -9999.0 -9999.0 -9999.0 -9999.0 -9999.0 -9999.0 -9999.0 -9999.0 -9999.0 -9999.0 -9999.0 -9999.0 -9999.0 -9999.0 -9999.0 -9999.0 -9999.0 -9999.0 -9999.0 -9999.0 -9999.0 -9999.0 -9999.0 -9999.0 -9999.0 -9999.0 -9999.0 -9999.0 -9999.0 -9999.0 -9999.0 -9999.0 -9999.0 -9999.0 -9999.0 -9999.0 -9999.0 -9999.0 -9999.0 -9999.0 -9999.0 -9999.0 -9999.0 -9999.0 -9999.0 -9999.0 -9999.0 -9999.0 -9999.0 -9999.0 -9999.0 -9999.0 -9999.0 98.5 159.5 104.2 92.4 129.3 131.7 -9999.0 -9999.0 -9999.0 -9999.0 -9999.0 -9999.0 -9999.0 -9999.0 -9999.0 83.4 -9999.0 -9999.0 -9999.0 -9999.0 -9999.0 45.6
-9999.0 -9999.0 -9999.0 -9999.0 -9999.0 -9999.0 -9999.0 -9999.0 -9999.0 -9999.0 -9999.0 -9999.0 -9999.0 -9999.0 -9999.0 -9999.0 -9999.0 -9999.0 -9999.0 -9999.0 -9999.0 -9999.0 -9999.0 -9999.0 -9999.0 -9999.0 -9999.0 -9999.0 -9999.0 -9999.0 -9999.0 -9999.0 -9999.0 -9999.0 -9999.0 -9999.0 -9999.0 -9999.0 -9999.0 -9999.0 -9999.0 -9999.0 -9999.0 -9999.0 -9999.0 -9999.0 -9999.0 -9999.0 -9999.0 -9999.0 -9999.0 -9999.0 -9999.0 -9999.0 -9999.0 -9999.0 -9999.0 -9999.0 95.2 78.7 -9999.0 -9999.0 -9999.0 -9999.0 -9999.0 -9999.0 -9999.0 -9999.0 -9999.0 -9999.0 -9999.0 -9999.0 -9999.0 -9999.0 -9999.0 69.1 38.7
-9999.0 -9999.0 -9999.0 -9999.0 -9999.0 -9999.0 -9999.0 -9999.0 -9999.0 -9999.0 -9999.0 -9999.0 -9999.0 -9999.0 -9999.0 -9999.0 -9999.0 -9999.0 -9999.0 -9999.0 -9999.0 -9999.0 -9999.0 -9999.0 -9999.0 -9999.0 -9999.0 -9999.0 -9999.0 -9999.0 -9999.0 -9999.0 -9999.0 -9999.0 -9999.0 -9999.0 -9999.0 -9999.0 -9999.0 -9999.0 -9999.0 -9999.0 -9999.0 -9999.0 -9999.0 -9999.0 -9999.0 -9999.0 -9999.0 -9999.0 -9999.0 -9999.0 -9999.0 -9999.0 -9999.0 -9999.0 -9999.0 -9999.0 -9999.0 -9999.0 -9999.0 -9999.0 -9999.0 -9999.0 -9999.0 -9999.0 -9999.0 -9999.0 -9999.0 -9999.0 -9999.0 -9999.0 -9999.0 -9999.0 -9999.0 -9999.0 -9999.0
