program/excelProcessViaJava/data/SURF_CLI_CHN_PRE_MON_GRID_0.5-200304.txt
NCOLS      128
NROWS       72
XLLCORNER    72.000000000000    
YLLCORNER    18.000000000000    
CELLSIZE    0.50000000000000    
NODATA_VALUE   -9999.000    
[rows 34 to 67 of 72, columns 0 to 77 of 128]
-9999.0 -9999.0 -9999.0 -9999.0 0.2 0.4 1.4 2.4 4.0 5.8 10.9 9.7 13.0 12.7 13.8 12.0 10.7 10.3 9.4 7.4 4.6 2.9 1.7 0.3 0.1 0.0 0.1 0.1 0.2 0.3 0.5 0.8 1.3 1.7 2.0 2.2 2.4 2.6 2.1 1.7 2.0 1.7 2.2 3.3 4.5 5.2 4.7 3.6 2.7 2.5 3.1 4.6 7.4 6.1 4.0 3.7 5.4 12.5 25.6 29.9 41.4 34.8 28.6 24.7 17.5 14.5 25.7 24.2 24.3 26.0 29.6 34.3 35.4 31.7 25.8 27.4 34.0 48.9
-9999.0 -9999.0 -9999.0 -9999.0 -9999.0 -9999.0 -9999.0 1.2 2.3 4.3 3.8 4.6 8.3 7.2 6.6 13.3 8.4 10.1 8.9 4.2 0.7 0.2 0.1 0.1 0.1 0.1 0.1 0.2 0.3 0.4 0.7 1.2 1.7 2.1 2.5 2.6 2.9 2.7 3.1 3.2 2.0 3.7 3.4 2.9 3.4 4.9 3.9 3.5 3.2 3.7 4.8 6.6 8.1 10.0 7.4 1.8 2.1 5.5 18.7 26.0 35.0 31.7 29.0 27.9 29.8 24.2 28.9 29.4 25.5 26.5 32.1 37.8 39.0 35.7 31.5 35.6 41.7 50.7
-9999.0 -9999.0 -9999.0 -9999.0 -9999.0 -9999.0 -9999.0 0.4 1.5 1.9 2.4 4.1 3.9 2.5 3.7 1.2 2.4 1.8 0.4 0.6 0.4 0.1 0.1 0.1 0.1 0.1 0.2 0.2 0.4 0.7 1.1 1.7 2.3 2.8 2.9 3.0 2.8 3.0 2.8 2.6 2.8 3.0 3.3 4.4 3.0 3.1 2.9 2.9 4.1 5.1 8.7 9.9 8.9 7.9 9.4 2.4 2.8 7.4 16.8 25.7 30.5 35.1 35.8 37.5 34.8 32.9 31.8 29.4 27.6 27.6 31.6 38.6 40.8 38.1 35.8 40.9 48.0 50.1
-9999.0 -9999.0 -9999.0 -9999.0 -9999.0 -9999.0 -9999.0 -9999.0 -9999.0 1.1 1.9 3.0 1.9 2.1 2.7 2.8 1.3 0.3 0.4 0.1 0.2 0.2 0.1 0.1 0.1 0.2 0.2 0.3 0.6 0.9 1.8 2.4 3.0 3.4 3.5 3.3 3.0 2.8 2.4 2.5 2.3 2.7 2.7 2.6 2.8 2.7 2.6 2.9 3.8 5.5 8.5 9.9 10.1 8.7 11.0 5.4 5.5 10.4 19.6 25.8 31.7 37.8 42.2 39.3 41.6 38.0 34.8 34.1 30.5 31.2 33.5 38.5 39.2 36.9 37.4 45.4 50.2 50.2
-9999.0 -9999.0 -9999.0 -9999.0 -9999.0 -9999.0 -9999.0 -9999.0 -9999.0 -9999.0 -9999.0 0.9 3.5 1.0 1.5 1.0 0.9 0.7 0.5 0.3 0.1 0.2 0.1 0.1 0.1 0.2 0.2 0.4 0.7 1.5 2.3 3.1 3.9 4.3 4.2 4.4 3.4 2.9 3.9 2.3 2.6 2.1 2.0 2.0 3.0 2.1 3.4 2.7 4.2 5.7 7.1 9.6 11.1 12.5 14.9 12.9 12.7 18.2 23.2 28.5 34.6 37.4 40.5 43.5 47.0 35.8 37.3 38.9 34.5 33.5 35.7 37.7 37.6 38.7 51.8 56.4 58.4 56.4
-9999.0 -9999.0 -9999.0 -9999.0 -9999.0 -9999.0 -9999.0 -9999.0 -9999.0 -9999.0 -9999.0 -9999.0 2.3 2.6 0.8 1.3 0.3 0.4 0.3 0.1 0.3 0.2 0.1 0.2 0.1 0.2 0.4 0.4 1.0 1.6 3.0 4.2 5.0 5.5 5.5 4.8 5.1 3.3 2.3 1.7 1.5 1.5 1.6 2.1 2.1 2.4 3.1 2.1 3.3 5.2 9.9 12.4 13.0 13.1 15.1 17.4 19.9 25.1 25.5 34.3 37.0 40.3 42.3 44.8 44.0 50.2 39.9 39.7 36.6 36.2 36.5 42.6 51.3 56.6 53.3 43.4 56.0 62.6
-9999.0 -9999.0 -9999.0 -9999.0 -9999.0 -9999.0 -9999.0 -9999.0 -9999.0 -9999.0 -9999.0 -9999.0 0.4 2.9 3.8 0.8 2.1 0.9 0.2 0.2 0.2 0.1 0.1 0.2 0.3 0.3 0.4 0.9 1.3 2.6 3.7 5.0 6.2 6.7 6.6 5.6 5.5 4.6 3.2 2.3 1.5 1.4 2.5 1.8 2.8 4.1 2.7 2.5 2.1 5.1 7.7 12.5 13.5 16.9 15.2 18.9 19.7 24.8 28.8 35.4 39.2 40.3 44.7 50.3 46.2 50.8 37.9 35.7 31.6 34.9 45.5 51.0 50.7 49.1 46.8 52.4 63.7 67.0
-9999.0 -9999.0 -9999.0 -9999.0 -9999.0 -9999.0 -9999.0 -9999.0 -9999.0 -9999.0 -9999.0 -9999.0 -9999.0 1.4 0.5 3.3 0.9 1.4 1.1 0.7 0.3 0.4 0.2 0.3 0.3 0.2 0.3 0.4 1.2 2.5 4.5 6.3 7.5 8.3 7.5 6.5 5.5 4.9 7.9 4.5 3.4 3.7 3.4 5.3 4.1 3.7 5.1 6.3 7.1 7.9 10.4 12.0 15.1 25.7 22.6 20.5 19.2 24.4 34.2 40.5 46.9 48.3 52.1 53.3 45.5 51.7 52.3 42.5 37.8 36.4 42.8 61.6 67.4 61.3 55.6 58.7 67.9 80.9
-9999.0 -9999.0 -9999.0 -9999.0 -9999.0 -9999.0 -9999.0 -9999.0 -9999.0 -9999.0 -9999.0 -9999.0 1.3 0.5 0.7 2.2 0.4 0.8 0.6 1.7 1.1 0.7 0.4 0.4 0.4 0.2 0.4 0.7 1.5 2.7 4.7 7.2 8.7 9.5 9.2 7.6 7.5 5.1 4.5 4.7 8.4 11.6 14.0 6.1 8.1 9.1 8.1 6.4 7.9 9.7 16.6 24.1 20.4 24.7 20.7 18.7 22.0 18.1 30.0 40.6 51.5 59.2 63.3 69.2 70.3 64.8 39.3 43.6 47.3 54.9 58.8 67.4 78.1 83.2 79.6 77.1 84.2 95.0
-9999.0 -9999.0 -9999.0 -9999.0 -9999.0 -9999.0 -9999.0 -9999.0 -9999.0 -9999.0 -9999.0 -9999.0 0.9 5.1 3.5 0.4 0.5 2.8 2.5 0.8 2.0 0.6 0.5 0.4 0.6 0.7 0.7 1.0 1.6 3.0 5.0 7.4 9.4 10.4 9.6 8.5 6.8 6.5 6.3 5.4 6.6 7.0 8.2 10.5 12.8 15.6 20.8 18.8 17.2 10.0 13.3 24.1 21.4 20.6 19.4 15.2 17.5 22.6 28.1 43.2 56.3 67.6 74.0 78.4 78.8 46.1 60.5 49.6 45.2 44.4 53.0 70.1 86.2 86.5 84.8 88.9 96.1 102.7
-9999.0 -9999.0 -9999.0 -9999.0 -9999.0 -9999.0 -9999.0 -9999.0 -9999.0 -9999.0 -9999.0 -9999.0 8.8 2.6 7.9 5.5 5.4 1.1 2.3 1.8 0.4 0.3 0.8 0.4 0.5 0.3 0.4 0.4 1.3 2.3 4.1 6.3 9.3 10.3 9.7 8.7 7.8 8.1 8.0 10.6 10.8 9.9 21.7 11.5 20.2 30.5 33.5 25.3 16.2 16.5 19.8 18.2 42.0 42.8 29.2 15.1 18.3 24.1 33.0 41.2 56.4 71.4 85.0 90.5 64.2 39.5 49.2 53.2 52.2 49.8 59.7 83.0 99.8 102.9 99.6 108.4 110.0 120.7
-9999.0 -9999.0 -9999.0 -9999.0 -9999.0 -9999.0 -9999.0 -9999.0 -9999.0 -9999.0 -9999.0 -9999.0 -9999.0 1.7 2.6 8.2 6.3 7.2 3.1 2.0 0.5 1.5 0.7 0.4 0.9 0.6 0.5 0.7 0.6 1.6 2.3 4.7 7.5 9.2 9.3 10.2 10.3 9.7 11.7 12.7 15.6 32.0 41.7 39.4 28.7 31.2 38.4 22.0 33.4 28.8 18.2 34.7 30.7 21.5 33.5 30.4 17.3 22.1 34.5 53.5 63.6 85.4 91.7 92.3 43.5 46.7 52.2 54.7 53.7 64.0 81.6 110.7 124.7 160.2 142.4 150.3 151.9 144.0
-9999.0 -9999.0 -9999.0 -9999.0 -9999.0 -9999.0 -9999.0 -9999.0 -9999.0 -9999.0 -9999.0 -9999.0 -9999.0 25.0 5.8 12.7 5.2 12.7 10.2 6.5 1.9 1.6 1.1 1.2 2.7 1.1 0.6 0.7 0.5 0.4 0.9 2.3 4.5 6.5 8.0 8.8 8.6 10.8 15.5 28.6 25.0 35.5 45.7 51.1 67.9 49.0 45.5 29.0 29.5 26.8 34.1 17.0 32.5 41.2 43.5 32.4 21.1 26.0 40.2 43.7 68.2 79.3 95.1 73.3 61.0 63.7 65.5 58.4 58.1 73.1 101.7 130.8 159.9 170.7 173.8 168.4 156.7 166.8
-9999.0 -9999.0 -9999.0 -9999.0 -9999.0 -9999.0 -9999.0 -9999.0 -9999.0 -9999.0 -9999.0 -9999.0 -9999.0 -9999.0 -9999.0 18.8 21.7 15.2 17.4 18.7 7.1 8.8 7.6 4.8 2.6 1.7 0.4 0.4 0.2 0.3 0.3 0.7 2.3 4.0 4.9 9.0 12.9 8.6 13.5 19.7 35.9 49.0 56.6 58.9 47.8 44.8 49.9 33.0 37.1 18.2 24.5 50.4 30.6 32.8 13.0 27.5 27.7 19.7 47.0 62.3 61.7 88.0 108.6 100.7 84.8 82.6 77.4 62.4 59.9 82.4 109.1 132.3 137.6 159.0 184.8 171.9 174.8 165.8
-9999.0 -9999.0 -9999.0 -9999.0 -9999.0 -9999.0 -9999.0 -9999.0 -9999.0 -9999.0 -9999.0 -9999.0 -9999.0 -9999.0 -9999.0 -9999.0 -9999.0 138.7 72.5 -9999.0 45.9 16.0 21.9 16.9 6.5 4.5 1.0 0.6 0.3 0.2 0.1 0.2 1.3 1.2 1.8 3.8 12.1 5.8 11.8 18.6 30.5 52.0 55.8 57.5 61.9 56.8 109.9 63.5 37.1 37.4 22.6 25.2 16.5 35.7 35.6 32.9 20.5 40.1 48.4 64.2 59.9 86.2 108.4 105.6 94.2 87.0 78.2 69.2 68.5 85.6 109.9 111.3 126.0 151.3 164.8 169.9 183.9 190.6
-9999.0 -9999.0 -9999.0 -9999.0 -9999.0 -9999.0 -9999.0 -9999.0 -9999.0 -9999.0 -9999.0 -9999.0 -9999.0 -9999.0 -9999.0 -9999.0 -9999.0 -9999.0 -9999.0 -9999.0 -9999.0 46.3 29.4 13.7 15.3 19.9 10.7 4.2 0.8 0.3 0.1 0.3 0.4 1.0 1.9 3.5 4.6 6.6 9.0 12.4 17.1 48.8 60.7 62.2 72.6 64.5 173.2 64.3 71.8 135.3 41.0 68.0 59.9 23.8 27.8 36.7 36.2 30.4 62.7 64.2 51.1 69.4 86.4 88.0 76.9 69.8 67.1 66.9 68.8 78.9 92.8 104.9 120.0 137.6 149.5 163.2 183.5 210.7
-9999.0 -9999.0 -9999.0 -9999.0 -9999.0 -9999.0 -9999.0 -9999.0 -9999.0 -9999.0 -9999.0 -9999.0 -9999.0 -9999.0 -9999.0 -9999.0 -9999.0 -9999.0 -9999.0 -9999.0 -9999.0 -9999.0 -9999.0 113.7 45.3 37.2 24.9 11.3 2.4 1.1 0.4 0.4 2.4 3.3 6.9 8.8 13.6 11.6 21.2 30.7 35.4 53.0 46.4 50.4 83.9 214.4 113.7 96.8 107.9 101.1 55.8 63.8 38.1 36.8 21.7 7.5 27.9 45.1 35.2 64.3 55.4 70.2 73.8 60.1 55.2 50.9 55.4 58.7 60.7 70.2 86.2 103.2 118.5 128.9 136.8 148.7 167.0 194.9
-9999.0 -9999.0 -9999.0 -9999.0 -9999.0 -9999.0 -9999.0 -9999.0 -9999.0 -9999.0 -9999.0 -9999.0 -9999.0 -9999.0 -9999.0 -9999.0 -9999.0 -9999.0 -9999.0 -9999.0 -9999.0 -9999.0 -9999.0 -9999.0 -9999.0 192.3 79.9 13.4 8.5 6.3 3.3 4.1 6.6 10.0 14.1 20.3 34.0 24.3 36.7 34.0 52.1 42.3 73.7 78.6 175.6 238.3 194.8 271.9 86.5 106.0 81.3 68.2 68.6 54.9 21.9 15.4 26.5 27.4 49.2 59.5 67.8 67.5 80.5 37.4 36.7 38.9 42.6 43.6 55.1 70.2 87.4 111.5 130.1 138.0 141.7 149.0 167.0 179.8
-9999.0 -9999.0 -9999.0 -9999.0 -9999.0 -9999.0 -9999.0 -9999.0 -9999.0 -9999.0 -9999.0 -9999.0 -9999.0 -9999.0 -9999.0 -9999.0 -9999.0 -9999.0 -9999.0 -9999.0 -9999.0 -9999.0 -9999.0 -9999.0 -9999.0 -9999.0 -9999.0 230.2 193.7 56.0 37.0 31.6 20.5 40.1 34.2 70.6 40.2 42.2 49.0 45.8 53.8 49.2 102.5 181.4 210.3 248.4 278.1 285.9 282.2 169.2 207.9 172.0 68.3 51.1 34.7 30.6 21.4 24.7 42.0 43.1 31.4 53.6 28.3 25.8 27.5 28.3 34.9 40.4 51.8 70.5 95.8 124.8 151.3 163.0 172.4 176.4 165.3 161.9
-9999.0 -9999.0 -9999.0 -9999.0 -9999.0 -9999.0 -9999.0 -9999.0 -9999.0 -9999.0 -9999.0 -9999.0 -9999.0 -9999.0 -9999.0 -9999.0 -9999.0 -9999.0 -9999.0 -9999.0 -9999.0 -9999.0 -9999.0 -9999.0 -9999.0 -9999.0 -9999.0 -9999.0 -9999.0 -9999.0 -9999.0 -9999.0 -9999.0 117.9 69.8 -9999.0 -9999.0 -9999.0 103.2 70.3 86.6 113.9 106.6 206.3 243.2 255.0 -9999.0 -9999.0 -9999.0 -9999.0 -9999.0 -9999.0 95.0 60.4 47.2 33.5 25.8 25.4 26.1 24.1 26.0 33.0 19.4 17.3 21.6 32.4 45.0 59.8 76.6 89.5 111.6 142.8 168.3 195.2 199.4 209.5 175.2 162.3
-9999.0 -9999.0 -9999.0 -9999.0 -9999.0 -9999.0 -9999.0 -9999.0 -9999.0 -9999.0 -9999.0 -9999.0 -9999.0 -9999.0 -9999.0 -9999.0 -9999.0 -9999.0 -9999.0 -9999.0 -9999.0 -9999.0 -9999.0 -9999.0 -9999.0 -9999.0 -9999.0 -9999.0 -9999.0 -9999.0 -9999.0 -9999.0 -9999.0 -9999.0 -9999.0 -9999.0 -9999.0 -9999.0 -9999.0 212.0 207.2 211.2 218.1 224.8 -9999.0 -9999.0 -9999.0 -9999.0 -9999.0 -9999.0 -9999.0 -9999.0 85.9 62.4 42.8 34.4 26.7 20.8 16.4 13.4 11.9 14.4 15.0 14.0 24.0 46.4 76.3 104.0 119.3 137.6 147.4 159.3 180.1 196.7 219.1 218.5 193.2 169.9
-9999.0 -9999.0 -9999.0 -9999.0 -9999.0 -9999.0 -9999.0 -9999.0 -9999.0 -9999.0 -9999.0 -9999.0 -9999.0 -9999.0 -9999.0 -9999.0 -9999.0 -9999.0 -9999.0 -9999.0 -9999.0 -9999.0 -9999.0 -9999.0 -9999.0 -9999.0 -9999.0 -9999.0 -9999.0 -9999.0 -9999.0 -9999.0 -9999.0 -9999.0 -9999.0 -9999.0 -9999.0 -9999.0 -9999.0 -9999.0 -9999.0 -9999.0 -9999.0 -9999.0 -9999.0 -9999.0 -9999.0 -9999.0 -9999.0 -9999.0 -9999.0 -9999.0 99.6 59.7 38.7 32.1 20.3 13.7 9.4 7.6 6.0 6.3 25.4 14.1 30.3 70.7 115.2 142.6 158.3 167.5 165.6 161.8 172.4 178.4 186.6 199.3 191.7 185.1
-9999.0 -9999.0 -9999.0 -9999.0 -9999.0 -9999.0 -9999.0 -9999.0 -9999.0 -9999.0 -9999.0 -9999.0 -9999.0 -9999.0 -9999.0 -9999.0 -9999.0 -9999.0 -9999.0 -9999.0 -9999.0 -9999.0 -9999.0 -9999.0 -9999.0 -9999.0 -9999.0 -9999.0 -9999.0 -9999.0 -9999.0 -9999.0 -9999.0 -9999.0 -9999.0 -9999.0 -9999.0 -9999.0 -9999.0 -9999.0 -9999.0 -9999.0 -9999.0 -9999.0 -9999.0 -9999.0 -9999.0 -9999.0 -9999.0 -9999.0 -9999.0 94.7 61.5 51.4 26.2 22.7 15.5 12.1 6.4 3.4 6.8 5.9 6.3 15.5 36.5 75.3 97.1 79.6 144.1 150.0 147.0 138.8 132.1 143.8 155.3 172.7 184.5 207.6
-9999.0 -9999.0 -9999.0 -9999.0 -9999.0 -9999.0 -9999.0 -9999.0 -9999.0 -9999.0 -9999.0 -9999.0 -9999.0 -9999.0 -9999.0 -9999.0 -9999.0 -9999.0 -9999.0 -9999.0 -9999.0 -9999.0 -9999.0 -9999.0 -9999.0 -9999.0 -9999.0 -9999.0 -9999.0 -9999.0 -9999.0 -9999.0 -9999.0 -9999.0 -9999.0 -9999.0 -9999.0 -9999.0 -9999.0 -9999.0 -9999.0 -9999.0 -9999.0 -9999.0 -9999.0 -9999.0 -9999.0 -9999.0 -9999.0 -9999.0 96.8 81.3 62.1 47.5 29.0 22.8 13.1 6.5 5.7 7.2 4.0 5.9 5.7 16.0 34.4 50.2 64.6 66.3 109.1 110.2 116.7 97.2 103.4 120.5 133.5 151.1 196.3 187.3
-9999.0 -9999.0 -9999.0 -9999.0 -9999.0 -9999.0 -9999.0 -9999.0 -9999.0 -9999.0 -9999.0 -9999.0 -9999.0 -9999.0 -9999.0 -9999.0 -9999.0 -9999.0 -9999.0 -9999.0 -9999.0 -9999.0 -9999.0 -9999.0 -9999.0 -9999.0 -9999.0 -9999.0 -9999.0 -9999.0 -9999.0 -9999.0 -9999.0 -9999.0 -9999.0 -9999.0 -9999.0 -9999.0 -9999.0 -9999.0 -9999.0 -9999.0 -9999.0 -9999.0 -9999.0 -9999.0 -9999.0 -9999.0 -9999.0 -9999.0 72.8 79.5 62.1 52.7 38.2 25.0 11.4 13.6 12.0 7.9 3.9 3.3 5.1 13.9 26.7 23.1 30.5 39.0 68.2 82.1 90.4 91.2 98.3 110.5 122.4 143.9 168.5 213.5
-9999.0 -9999.0 -9999.0 -9999.0 -9999.0 -9999.0 -9999.0 -9999.0 -9999.0 -9999.0 -9999.0 -9999.0 -9999.0 -9999.0 -9999.0 -9999.0 -9999.0 -9999.0 -9999.0 -9999.0 -9999.0 -9999.0 -9999.0 -9999.0 -9999.0 -9999.0 -9999.0 -9999.0 -9999.0 -9999.0 -9999.0 -9999.0 -9999.0 -9999.0 -9999.0 -9999.0 -9999.0 -9999.0 -9999.0 -9999.0 -9999.0 -9999.0 -9999.0 -9999.0 -9999.0 -9999.0 -9999.0 -9999.0 -9999.0 -9999.0 52.2 54.9 49.2 56.5 41.1 26.6 22.7 14.4 16.2 8.3 7.0 4.7 6.0 11.4 21.8 25.2 23.6 31.4 48.7 71.5 76.9 93.2 104.7 110.6 118.9 128.9 134.8 177.4
-9999.0 -9999.0 -9999.0 -9999.0 -9999.0 -9999.0 -9999.0 -9999.0 -9999.0 -9999.0 -9999.0 -9999.0 -9999.0 -9999.0 -9999.0 -9999.0 -9999.0 -9999.0 -9999.0 -9999.0 -9999.0 -9999.0 -9999.0 -9999.0 -9999.0 -9999.0 -9999.0 -9999.0 -9999.0 -9999.0 -9999.0 -9999.0 -9999.0 -9999.0 -9999.0 -9999.0 -9999.0 -9999.0 -9999.0 -9999.0 -9999.0 -9999.0 -9999.0 -9999.0 -9999.0 -9999.0 -9999.0 -9999.0 -9999.0 -9999.0 43.6 53.8 50.1 50.3 39.0 27.7 17.2 16.1 18.1 15.8 14.4 9.7 10.4 15.2 21.3 25.2 29.1 31.2 42.3 52.1 65.3 88.0 110.2 113.8 118.4 115.4 110.1 114.8
-9999.0 -9999.0 -9999.0 -9999.0 -9999.0 -9999.0 -9999.0 -9999.0 -9999.0 -9999.0 -9999.0 -9999.0 -9999.0 -9999.0 -9999.0 -9999.0 -9999.0 -9999.0 -9999.0 -9999.0 -9999.0 -9999.0 -9999.0 -9999.0 -9999.0 -9999.0 -9999.0 -9999.0 -9999.0 -9999.0 -9999.0 -9999.0 -9999.0 -9999.0 -9999.0 -9999.0 -9999.0 -9999.0 -9999.0 -9999.0 -9999.0 -9999.0 -9999.0 -9999.0 -9999.0 -9999.0 -9999.0 -9999.0 -9999.0 -9999.0 -9999.0 -9999.0 -9999.0 35.9 30.7 22.1 16.4 16.4 23.1 29.0 29.2 34.9 30.4 34.5 28.1 25.5 27.0 28.5 33.1 39.5 52.4 81.2 109.5 118.0 116.1 114.9 98.1 77.1
-9999.0 -9999.0 -9999.0 -9999.0 -9999.0 -9999.0 -9999.0 -9999.0 -9999.0 -9999.0 -9999.0 -9999.0 -9999.0 -9999.0 -9999.0 -9999.0 -9999.0 -9999.0 -9999.0 -9999.0 -9999.0 -9999.0 -9999.0 -9999.0 -9999.0 -9999.0 -9999.0 -9999.0 -9999.0 -9999.0 -9999.0 -9999.0 -9999.0 -9999.0 -9999.0 -9999.0 -9999.0 -9999.0 -9999.0 -9999.0 -9999.0 -9999.0 -9999.0 -9999.0 -9999.0 -9999.0 -9999.0 -9999.0 -9999.0 -9999.0 -9999.0 -9999.0 -9999.0 26.4 24.2 15.7 14.9 19.4 27.3 39.6 64.0 83.3 81.6 87.7 63.7 45.3 46.9 31.1 35.4 37.4 50.8 79.2 100.6 106.6 107.1 100.3 93.0 59.4
-9999.0 -9999.0 -9999.0 -9999.0 -9999.0 -9999.0 -9999.0 -9999.0 -9999.0 -9999.0 -9999.0 -9999.0 -9999.0 -9999.0 -9999.0 -9999.0 -9999.0 -9999.0 -9999.0 -9999.0 -9999.0 -9999.0 -9999.0 -9999.0 -9999.0 -9999.0 -9999.0 -9999.0 -9999.0 -9999.0 -9999.0 -9999.0 -9999.0 -9999.0 -9999.0 -9999.0 -9999.0 -9999.0 -9999.0 -9999.0 -9999.0 -9999.0 -9999.0 -9999.0 -9999.0 -9999.0 -9999.0 -9999.0 -9999.0 -9999.0 -9999.0 -9999.0 -9999.0 18.1 20.3 12.2 11.8 19.2 32.1 59.4 88.9 128.1 127.9 108.4 121.6 -9999.0 -9999.0 -9999.0 42.7 51.0 63.1 79.6 88.6 83.8 78.7 76.9 80.2 58.0
-9999.0 -9999.0 -9999.0 -9999.0 -9999.0 -9999.0 -9999.0 -9999.0 -9999.0 -9999.0 -9999.0 -9999.0 -9999.0 -9999.0 -9999.0 -9999.0 -9999.0 -9999.0 -9999.0 -9999.0 -9999.0 -9999.0 -9999.0 -9999.0 -9999.0 -9999.0 -9999.0 -9999.0 -9999.0 -9999.0 -9999.0 -9999.0 -9999.0 -9999.0 -9999.0 -9999.0 -9999.0 -9999.0 -9999.0 -9999.0 -9999.0 -9999.0 -9999.0 -9999.0 -9999.0 -9999.0 -9999.0 -9999.0 -9999.0 -9999.0 -9999.0 -9999.0 -9999.0 -9999.0 10.5 9.5 15.2 26.2 33.2 56.0 114.0 -9999.0 -9999.0 -9999.0 -9999.0 -9999.0 -9999.0 -9999.0 68.6 63.7 62.1 84.3 73.8 47.1 37.8 46.6 54.7 53.5
-9999.0 -9999.0 -9999.0 -9999.0 -9999.0 -9999.0 -9999.0 -9999.0 -9999.0 -9999.0 -9999.0 -9999.0 -9999.0 -9999.0 -9999.0 -9999.0 -9999.0 -9999.0 -9999.0 -9999.0 -9999.0 -9999.0 -9999.0 -9999.0 -9999.0 -9999.0 -9999.0 -9999.0 -9999.0 -9999.0 -9999.0 -9999.0 -9999.0 -9999.0 -9999.0 -9999.0 -9999.0 -9999.0 -9999.0 -9999.0 -9999.0 -9999.0 -9999.0 -9999.0 -9999.0 -9999.0 -9999.0 -9999.0 -9999.0 -9999.0 -9999.0 -9999.0 -9999.0 -9999.0 -9999.0 8.1 6.4 18.4 40.2 63.6 109.8 -9999.0 -9999.0 -9999.0 -9999.0 -9999.0 -9999.0 -9999.0 -9999.0 -9999.0 75.8 -9999.0 -9999.0 -9999.0 -9999.0 -9999.0 36.8 -9999.0
-9999.0 -9999.0 -9999.0 -9999.0 -9999.0 -9999.0 -9999.0 -9999.0 -9999.0 -9999.0 -9999.0 -9999.0 -9999.0 -9999.0 -9999.0 -9999.0 -9999.0 -9999.0 -9999.0 -9999.0 -9999.0 -9999.0 -9999.0 -9999.0 -9999.0 -9999.0 -9999.0 -9999.0 -9999.0 -9999.0 -9999.0 -9999.0 -9999.0 -9999.0 -9999.0 -9999.0 -9999.0 -9999.0 -9999.0 -9999.0 -9999.0 -9999.0 -9999.0 -9999.0 -9999.0 -9999.0 -9999.0 -9999.0 -9999.0 -9999.0 -9999.0 -9999.0 -9999.0 -9999.0 -9999.0 -9999.0 -9999.0 -9999.0 33.0 66.9 -9999.0 -9999.0 -9999.0 -9999.0 -9999.0 -9999.0 -9999.0 -9999.0 -9999.0 -9999.0 -9999.0 -9999.0 -9999.0 -9999.0 -9999.0 14.9 35.1 -9999.0
-9999.0 -9999.0 -9999.0 -9999.0 -9999.0 -9999.0 -9999.0 -9999.0 -9999.0 -9999.0 -9999.0 -9999.0 -9999.0 -9999.0 -9999.0 -9999.0 -9999.0 -9999.0 -9999.0 -9999.0 -9999.0 -9999.0 -9999.0 -9999.0 -9999.0 -9999.0 -9999.0 -9999.0 -9999.0 -9999.0 -9999.0 -9999.0 -9999.0 -9999.0 -9999.0 -9999.0 -9999.0 -9999.0 -9999.0 -9999.0 -9999.0 -9999.0 -9999.0 -9999.0 -9999.0 -9999.0 -9999.0 -9999.0 -9999.0 -9999.0 -9999.0 -9999.0 -9999.0 -9999.0 -9999.0 -9999.0 -9999.0 -9999.0 -9999.0 -9999.0 -9999.0 -9999.0 -9999.0 -9999.0 -9999.0 -9999.0 -9999.0 -9999.0 -9999.0 -9999.0 -9999.0 -9999.0 -9999.0 -9999.0 -9999.0 -9999.0 -9999.0 -9999.0
