program/excelProcessViaJava/data/SURF_CLI_CHN_PRE_MON_GRID_0.5-198107.txt
NCOLS      128
NROWS       72
XLLCORNER    72.000000000000    
YLLCORNER    18.000000000000    
CELLSIZE    0.50000000000000    
NODATA_VALUE   -9999.000    
[rows 33 to 65 of 72, columns 0 to 73 of 128]
-9999.0 -9999.0 -9999.0 -9999.0 34.8 29.0 23.9 17.6 13.9 9.4 9.1 8.8 9.4 11.3 14.2 16.2 16.0 16.0 18.1 21.6 24.0 25.5 26.6 26.6 25.3 23.8 23.8 28.2 27.1 30.4 34.3 36.5 38.2 41.4 36.1 33.5 28.6 46.9 38.4 20.4 7.8 4.3 3.8 3.6 4.3 5.3 6.6 9.6 12.6 10.7 16.1 47.5 87.7 123.8 119.9 121.8 121.8 145.6 154.1 155.6 146.3 125.3 106.0 61.7 39.5 64.7 85.2 71.5 103.1 96.6 97.3 115.7 139.4 159.4
-9999.0 -9999.0 -9999.0 -9999.0 33.3 25.3 21.9 15.2 14.9 12.1 8.2 9.0 8.3 8.8 10.9 12.5 13.9 14.9 17.3 21.2 24.2 25.8 26.3 23.6 22.4 25.1 25.6 28.1 30.8 34.2 37.8 43.3 44.3 46.1 48.6 44.5 51.8 60.0 40.4 23.1 36.4 9.2 6.7 4.2 4.4 4.9 5.2 5.3 5.6 7.6 11.5 24.2 73.0 84.8 91.0 99.1 104.4 120.6 135.6 108.8 136.8 99.8 81.7 75.2 54.4 47.6 92.9 91.7 99.9 118.0 112.1 130.9 147.3 155.4
-9999.0 -9999.0 -9999.0 -9999.0 -9999.0 -9999.0 -9999.0 14.2 12.5 9.4 10.1 9.0 7.4 7.9 8.5 10.1 11.3 13.8 16.6 18.7 18.6 19.4 21.0 22.7 24.4 26.2 28.8 31.9 35.5 41.0 45.5 50.1 53.9 59.5 66.7 62.8 75.5 70.3 86.5 90.0 42.8 96.7 82.1 46.4 21.4 9.2 13.9 11.1 14.5 9.3 10.3 19.1 43.4 94.8 98.1 79.5 80.8 89.1 115.4 120.0 129.4 117.9 85.2 72.6 85.4 69.0 96.2 112.9 108.6 115.5 116.3 132.0 150.9 157.7
-9999.0 -9999.0 -9999.0 -9999.0 -9999.0 -9999.0 -9999.0 17.3 9.6 9.7 9.0 7.2 7.4 8.4 7.9 10.1 10.0 11.6 13.8 15.8 18.1 20.2 22.5 24.7 26.8 29.2 31.9 36.4 39.2 43.5 51.2 57.6 63.6 75.1 75.2 81.3 81.2 93.4 94.2 89.4 92.6 90.6 93.7 124.0 60.9 30.9 37.8 37.7 60.5 44.4 77.5 66.4 44.3 63.5 90.3 74.6 78.2 88.4 102.1 112.1 123.7 141.4 122.4 106.4 91.2 93.6 100.7 103.9 121.5 105.5 118.7 133.8 147.1 153.2
-9999.0 -9999.0 -9999.0 -9999.0 -9999.0 -9999.0 -9999.0 -9999.0 -9999.0 9.1 7.5 6.4 7.5 7.4 7.4 8.1 9.9 13.2 14.0 17.1 19.0 21.6 24.3 27.0 29.7 32.4 35.8 39.7 43.3 51.4 54.0 62.6 70.8 82.5 83.7 90.3 94.1 104.2 100.5 107.6 99.1 107.3 98.7 85.2 94.8 87.3 82.9 76.5 76.2 71.9 76.9 61.6 53.9 57.6 84.7 76.9 78.9 89.1 104.4 112.2 118.7 122.8 127.9 110.1 115.1 109.4 102.8 100.7 125.5 120.6 136.9 138.3 144.6 150.6
-9999.0 -9999.0 -9999.0 -9999.0 -9999.0 -9999.0 -9999.0 -9999.0 -9999.0 -9999.0 -9999.0 8.0 5.4 7.9 7.5 8.8 10.0 11.7 14.0 17.0 20.5 23.3 26.7 29.7 33.9 36.6 40.8 45.0 49.5 54.5 61.5 74.0 79.3 90.4 97.6 121.7 115.3 120.7 156.7 123.4 134.1 116.5 103.5 95.8 130.2 99.3 132.3 107.8 113.8 102.1 77.0 68.2 63.8 74.3 93.9 95.6 100.5 113.9 122.0 130.0 132.6 122.8 114.4 113.8 119.4 98.7 87.0 106.3 131.1 155.6 168.2 168.3 152.4 141.1
-9999.0 -9999.0 -9999.0 -9999.0 -9999.0 -9999.0 -9999.0 -9999.0 -9999.0 -9999.0 -9999.0 -9999.0 5.6 5.8 8.2 8.3 12.1 12.6 15.2 19.8 21.3 25.4 29.3 32.8 39.8 40.4 43.5 49.3 53.9 63.6 68.1 76.7 88.0 106.5 121.1 129.5 159.6 144.6 133.5 121.1 114.3 112.0 111.3 125.9 124.6 132.8 146.2 120.6 127.6 125.5 132.4 110.4 85.9 79.4 93.9 111.2 126.1 142.8 148.1 159.7 152.1 136.3 117.2 99.9 95.2 116.3 107.8 134.8 168.7 208.2 195.9 131.5 112.0 109.0
-9999.0 -9999.0 -9999.0 -9999.0 -9999.0 -9999.0 -9999.0 -9999.0 -9999.0 -9999.0 -9999.0 -9999.0 9.1 5.5 5.8 9.1 9.3 12.3 17.0 20.0 23.9 28.6 32.7 36.2 39.6 43.9 47.7 50.7 56.6 61.5 71.9 86.6 96.4 110.4 129.9 140.8 168.7 176.5 164.9 148.5 125.4 118.2 144.5 122.1 146.9 168.3 147.5 142.6 124.8 148.8 136.1 126.7 99.9 104.8 101.3 123.9 136.9 156.2 169.6 172.6 153.6 123.2 107.9 102.4 72.2 97.3 113.1 162.5 209.1 268.2 319.6 338.7 324.5 251.5
-9999.0 -9999.0 -9999.0 -9999.0 -9999.0 -9999.0 -9999.0 -9999.0 -9999.0 -9999.0 -9999.0 -9999.0 -9999.0 7.3 10.2 7.6 11.3 12.9 16.1 20.4 25.6 29.7 36.0 39.2 43.8 49.9 53.8 59.8 62.3 67.5 72.9 82.4 102.6 120.5 128.4 147.8 164.6 180.2 218.5 182.0 159.3 157.2 147.7 170.1 155.5 151.2 173.5 189.3 192.9 182.8 166.8 132.9 116.7 150.9 139.0 140.9 148.3 164.8 178.9 172.3 149.4 110.8 94.0 59.7 70.0 95.1 155.6 264.1 338.3 353.4 221.6 243.2 312.5 271.8
-9999.0 -9999.0 -9999.0 -9999.0 -9999.0 -9999.0 -9999.0 -9999.0 -9999.0 -9999.0 -9999.0 -9999.0 8.2 11.5 11.0 9.5 15.3 16.0 19.5 21.6 26.7 32.3 38.4 43.1 47.3 53.8 56.5 58.8 62.7 68.8 75.0 81.8 103.8 115.0 136.8 150.9 181.3 172.7 170.4 165.0 187.9 199.0 206.4 151.5 169.3 179.9 177.2 169.8 184.7 186.7 195.2 192.0 148.2 154.6 144.3 149.5 165.7 160.4 169.7 154.0 131.2 114.7 84.2 90.6 73.1 116.7 359.4 436.2 463.1 476.0 488.1 417.6 273.4 129.8
-9999.0 -9999.0 -9999.0 -9999.0 -9999.0 -9999.0 -9999.0 -9999.0 -9999.0 -9999.0 -9999.0 -9999.0 12.2 7.2 9.3 18.3 18.6 16.1 19.9 26.8 29.3 37.0 42.4 47.5 51.2 54.6 57.9 60.7 64.1 67.4 73.0 82.2 100.0 108.3 126.0 147.7 155.5 168.1 163.1 137.7 134.7 126.7 132.0 147.2 162.7 181.0 210.6 209.4 206.4 168.3 169.5 188.0 157.9 147.5 149.5 146.7 161.9 169.6 161.1 160.6 150.4 143.4 77.6 65.7 86.7 305.1 323.0 526.9 493.0 432.6 395.4 341.4 264.9 258.4
-9999.0 -9999.0 -9999.0 -9999.0 -9999.0 -9999.0 -9999.0 -9999.0 -9999.0 -9999.0 -9999.0 -9999.0 6.9 13.2 9.5 12.6 15.0 24.8 25.0 30.1 39.9 45.8 47.1 54.1 57.0 63.4 64.5 70.2 67.0 70.2 74.8 87.2 92.5 104.8 121.6 140.1 150.1 153.4 139.9 140.5 122.1 106.2 152.7 112.7 152.8 194.5 212.5 193.9 167.2 172.7 179.5 161.6 218.5 215.7 182.9 141.4 158.7 166.5 166.3 140.0 128.9 120.6 173.9 88.5 174.5 458.0 483.0 481.0 430.2 316.2 254.6 330.6 283.9 263.6
-9999.0 -9999.0 -9999.0 -9999.0 -9999.0 -9999.0 -9999.0 -9999.0 -9999.0 -9999.0 -9999.0 -9999.0 -9999.0 23.8 21.7 15.7 19.9 22.2 31.2 37.9 50.7 48.2 56.4 62.8 61.7 66.2 68.0 69.1 73.3 73.0 81.2 86.4 97.1 107.5 125.0 150.1 157.4 141.7 134.1 117.1 111.7 152.5 170.8 162.9 139.0 153.5 184.4 143.3 191.6 185.2 156.3 195.5 181.2 154.4 190.0 186.5 139.5 141.7 156.3 191.7 173.0 262.4 187.8 118.3 402.8 440.6 420.9 377.0 308.2 257.3 198.0 168.1 219.9 112.5
-9999.0 -9999.0 -9999.0 -9999.0 -9999.0 -9999.0 -9999.0 -9999.0 -9999.0 -9999.0 -9999.0 -9999.0 -9999.0 9.5 25.3 19.5 31.5 26.0 32.0 40.5 56.2 61.0 67.1 69.0 65.2 71.5 75.1 74.1 77.4 92.1 91.7 96.3 102.0 115.7 135.5 149.1 147.3 139.9 137.5 160.0 124.8 134.2 145.7 155.2 196.2 164.2 167.5 138.4 152.8 154.7 174.9 132.6 169.2 190.7 202.9 184.0 147.6 145.4 167.6 118.9 196.4 145.3 191.5 427.0 432.1 407.7 355.8 305.9 252.5 183.7 142.6 132.0 122.0 134.8
-9999.0 -9999.0 -9999.0 -9999.0 -9999.0 -9999.0 -9999.0 -9999.0 -9999.0 -9999.0 -9999.0 -9999.0 -9999.0 -9999.0 -9999.0 24.9 26.2 35.0 37.4 40.9 58.5 59.3 64.3 71.7 78.4 81.2 94.9 89.2 99.8 90.7 98.3 103.6 120.4 131.1 141.6 159.8 168.0 139.3 132.6 128.4 142.8 150.1 151.6 150.9 132.1 123.4 149.8 116.1 145.4 104.0 130.7 182.7 142.4 151.1 105.6 164.4 170.5 130.9 196.2 227.7 147.7 217.7 459.5 454.9 427.0 387.7 338.8 291.6 235.1 182.3 134.7 104.8 136.4 128.6
-9999.0 -9999.0 -9999.0 -9999.0 -9999.0 -9999.0 -9999.0 -9999.0 -9999.0 -9999.0 -9999.0 -9999.0 -9999.0 -9999.0 -9999.0 -9999.0 -9999.0 10.1 25.6 -9999.0 43.5 67.5 64.7 71.3 86.3 88.9 105.9 101.1 96.8 107.9 107.4 111.8 132.7 138.4 151.9 157.1 167.8 144.1 137.0 129.8 131.5 146.7 143.9 142.4 128.2 126.9 127.2 162.9 117.2 130.6 96.5 109.9 85.9 136.2 155.2 172.0 158.7 205.6 211.9 244.1 185.8 270.4 374.5 377.8 332.1 312.6 308.8 291.4 252.9 186.1 118.3 130.4 121.9 89.3
-9999.0 -9999.0 -9999.0 -9999.0 -9999.0 -9999.0 -9999.0 -9999.0 -9999.0 -9999.0 -9999.0 -9999.0 -9999.0 -9999.0 -9999.0 -9999.0 -9999.0 -9999.0 -9999.0 -9999.0 -9999.0 62.3 77.2 98.8 93.2 85.5 92.5 99.0 106.8 106.4 114.6 117.5 132.8 144.4 151.8 156.2 158.1 148.6 132.1 125.0 123.5 134.5 141.7 142.1 140.2 139.5 150.8 128.4 165.2 279.2 120.9 168.7 157.2 97.3 127.4 175.3 197.9 194.7 281.4 256.2 201.5 212.7 234.4 220.5 213.5 219.4 251.9 274.4 261.2 192.4 123.5 104.8 84.7 58.4
-9999.0 -9999.0 -9999.0 -9999.0 -9999.0 -9999.0 -9999.0 -9999.0 -9999.0 -9999.0 -9999.0 -9999.0 -9999.0 -9999.0 -9999.0 -9999.0 -9999.0 -9999.0 -9999.0 -9999.0 -9999.0 -9999.0 -9999.0 58.4 88.4 92.4 98.7 108.5 125.2 119.3 126.5 132.5 147.7 144.0 150.3 150.7 152.3 139.0 129.4 121.3 115.6 125.8 124.4 133.5 151.3 157.4 157.2 151.1 158.3 161.3 131.9 143.9 107.2 110.4 113.7 130.9 187.0 240.0 226.8 278.3 221.6 216.2 188.8 129.3 126.8 145.7 190.0 234.9 215.8 175.8 123.0 86.7 63.5 61.5
-9999.0 -9999.0 -9999.0 -9999.0 -9999.0 -9999.0 -9999.0 -9999.0 -9999.0 -9999.0 -9999.0 -9999.0 -9999.0 -9999.0 -9999.0 -9999.0 -9999.0 -9999.0 -9999.0 -9999.0 -9999.0 -9999.0 -9999.0 -9999.0 -9999.0 55.4 88.7 148.6 145.1 161.2 143.1 131.6 132.5 137.6 131.8 141.6 151.4 122.4 118.2 100.7 110.0 106.8 146.3 152.1 166.5 160.1 181.7 159.5 164.5 178.2 166.4 144.4 150.5 141.2 125.4 150.0 192.9 221.5 267.9 279.0 256.0 207.2 333.5 113.8 109.9 121.7 144.9 163.9 171.1 153.8 110.7 74.1 42.4 61.3
-9999.0 -9999.0 -9999.0 -9999.0 -9999.0 -9999.0 -9999.0 -9999.0 -9999.0 -9999.0 -9999.0 -9999.0 -9999.0 -9999.0 -9999.0 -9999.0 -9999.0 -9999.0 -9999.0 -9999.0 -9999.0 -9999.0 -9999.0 -9999.0 -9999.0 -9999.0 -9999.0 59.3 67.8 107.8 115.5 118.7 147.2 117.3 124.3 112.7 109.4 102.2 104.2 90.6 92.5 112.8 150.8 157.7 163.0 158.8 149.3 149.0 151.1 202.8 175.5 170.3 157.0 148.3 151.3 176.2 201.1 234.0 260.8 241.8 173.5 190.5 118.6 114.9 126.6 112.0 127.8 149.9 153.9 136.2 100.7 86.2 45.3 63.5
-9999.0 -9999.0 -9999.0 -9999.0 -9999.0 -9999.0 -9999.0 -9999.0 -9999.0 -9999.0 -9999.0 -9999.0 -9999.0 -9999.0 -9999.0 -9999.0 -9999.0 -9999.0 -9999.0 -9999.0 -9999.0 -9999.0 -9999.0 -9999.0 -9999.0 -9999.0 -9999.0 -9999.0 -9999.0 -9999.0 -9999.0 -9999.0 -9999.0 98.8 109.0 -9999.0 -9999.0 -9999.0 110.1 98.2 120.0 139.0 150.6 149.8 142.6 147.6 -9999.0 -9999.0 -9999.0 -9999.0 -9999.0 -9999.0 179.4 185.5 169.9 179.7 202.2 225.4 236.7 213.9 179.8 172.0 136.8 133.8 122.6 124.6 137.3 149.5 144.2 118.0 88.0 89.9 91.7 66.1
-9999.0 -9999.0 -9999.0 -9999.0 -9999.0 -9999.0 -9999.0 -9999.0 -9999.0 -9999.0 -9999.0 -9999.0 -9999.0 -9999.0 -9999.0 -9999.0 -9999.0 -9999.0 -9999.0 -9999.0 -9999.0 -9999.0 -9999.0 -9999.0 -9999.0 -9999.0 -9999.0 -9999.0 -9999.0 -9999.0 -9999.0 -9999.0 -9999.0 -9999.0 -9999.0 -9999.0 -9999.0 -9999.0 -9999.0 98.0 108.4 116.9 125.1 133.8 -9999.0 -9999.0 -9999.0 -9999.0 -9999.0 -9999.0 -9999.0 -9999.0 199.0 223.4 194.8 175.0 180.8 205.4 223.3 207.7 173.7 159.6 147.0 131.0 124.3 141.6 164.6 162.3 142.2 128.6 112.4 104.6 88.8 105.2
-9999.0 -9999.0 -9999.0 -9999.0 -9999.0 -9999.0 -9999.0 -9999.0 -9999.0 -9999.0 -9999.0 -9999.0 -9999.0 -9999.0 -9999.0 -9999.0 -9999.0 -9999.0 -9999.0 -9999.0 -9999.0 -9999.0 -9999.0 -9999.0 -9999.0 -9999.0 -9999.0 -9999.0 -9999.0 -9999.0 -9999.0 -9999.0 -9999.0 -9999.0 -9999.0 -9999.0 -9999.0 -9999.0 -9999.0 -9999.0 -9999.0 -9999.0 -9999.0 -9999.0 -9999.0 -9999.0 -9999.0 -9999.0 -9999.0 -9999.0 -9999.0 -9999.0 125.4 257.9 203.6 206.8 162.2 178.6 205.9 209.7 180.4 159.5 223.0 136.0 142.1 167.7 179.9 175.1 159.2 140.8 126.6 126.5 175.9 126.4
-9999.0 -9999.0 -9999.0 -9999.0 -9999.0 -9999.0 -9999.0 -9999.0 -9999.0 -9999.0 -9999.0 -9999.0 -9999.0 -9999.0 -9999.0 -9999.0 -9999.0 -9999.0 -9999.0 -9999.0 -9999.0 -9999.0 -9999.0 -9999.0 -9999.0 -9999.0 -9999.0 -9999.0 -9999.0 -9999.0 -9999.0 -9999.0 -9999.0 -9999.0 -9999.0 -9999.0 -9999.0 -9999.0 -9999.0 -9999.0 -9999.0 -9999.0 -9999.0 -9999.0 -9999.0 -9999.0 -9999.0 -9999.0 -9999.0 -9999.0 -9999.0 183.3 219.3 269.1 154.5 156.8 137.9 167.3 188.5 162.7 216.6 189.7 147.8 153.1 172.1 195.8 190.4 142.4 181.8 160.9 149.9 151.7 129.0 114.6
-9999.0 -9999.0 -9999.0 -9999.0 -9999.0 -9999.0 -9999.0 -9999.0 -9999.0 -9999.0 -9999.0 -9999.0 -9999.0 -9999.0 -9999.0 -9999.0 -9999.0 -9999.0 -9999.0 -9999.0 -9999.0 -9999.0 -9999.0 -9999.0 -9999.0 -9999.0 -9999.0 -9999.0 -9999.0 -9999.0 -9999.0 -9999.0 -9999.0 -9999.0 -9999.0 -9999.0 -9999.0 -9999.0 -9999.0 -9999.0 -9999.0 -9999.0 -9999.0 -9999.0 -9999.0 -9999.0 -9999.0 -9999.0 -9999.0 -9999.0 164.0 289.7 295.0 278.4 187.4 165.7 118.1 118.3 165.4 213.8 199.6 210.2 162.5 178.9 215.0 231.5 227.8 189.4 233.8 199.1 208.5 164.6 162.3 199.5
-9999.0 -9999.0 -9999.0 -9999.0 -9999.0 -9999.0 -9999.0 -9999.0 -9999.0 -9999.0 -9999.0 -9999.0 -9999.0 -9999.0 -9999.0 -9999.0 -9999.0 -9999.0 -9999.0 -9999.0 -9999.0 -9999.0 -9999.0 -9999.0 -9999.0 -9999.0 -9999.0 -9999.0 -9999.0 -9999.0 -9999.0 -9999.0 -9999.0 -9999.0 -9999.0 -9999.0 -9999.0 -9999.0 -9999.0 -9999.0 -9999.0 -9999.0 -9999.0 -9999.0 -9999.0 -9999.0 -9999.0 -9999.0 -9999.0 -9999.0 201.3 404.8 295.7 301.0 254.3 182.6 128.7 174.8 197.1 189.7 171.0 177.8 161.4 194.6 243.5 214.6 222.3 203.0 263.6 266.9 286.8 280.7 267.9 244.8
-9999.0 -9999.0 -9999.0 -9999.0 -9999.0 -9999.0 -9999.0 -9999.0 -9999.0 -9999.0 -9999.0 -9999.0 -9999.0 -9999.0 -9999.0 -9999.0 -9999.0 -9999.0 -9999.0 -9999.0 -9999.0 -9999.0 -9999.0 -9999.0 -9999.0 -9999.0 -9999.0 -9999.0 -9999.0 -9999.0 -9999.0 -9999.0 -9999.0 -9999.0 -9999.0 -9999.0 -9999.0 -9999.0 -9999.0 -9999.0 -9999.0 -9999.0 -9999.0 -9999.0 -9999.0 -9999.0 -9999.0 -9999.0 -9999.0 -9999.0 210.0 342.9 301.7 415.9 254.2 210.3 268.4 222.6 240.2 165.7 176.6 185.7 180.0 188.0 236.6 241.7 220.7 238.0 293.5 407.8 369.9 495.4 344.2 387.5
-9999.0 -9999.0 -9999.0 -9999.0 -9999.0 -9999.0 -9999.0 -9999.0 -9999.0 -9999.0 -9999.0 -9999.0 -9999.0 -9999.0 -9999.0 -9999.0 -9999.0 -9999.0 -9999.0 -9999.0 -9999.0 -9999.0 -9999.0 -9999.0 -9999.0 -9999.0 -9999.0 -9999.0 -9999.0 -9999.0 -9999.0 -9999.0 -9999.0 -9999.0 -9999.0 -9999.0 -9999.0 -9999.0 -9999.0 -9999.0 -9999.0 -9999.0 -9999.0 -9999.0 -9999.0 -9999.0 -9999.0 -9999.0 -9999.0 -9999.0 403.4 511.5 426.2 409.3 341.7 357.8 227.5 292.8 278.6 183.7 190.0 164.9 133.2 186.5 235.2 259.5 297.1 313.1 420.4 270.4 386.9 406.8 446.5 478.0
-9999.0 -9999.0 -9999.0 -9999.0 -9999.0 -9999.0 -9999.0 -9999.0 -9999.0 -9999.0 -9999.0 -9999.0 -9999.0 -9999.0 -9999.0 -9999.0 -9999.0 -9999.0 -9999.0 -9999.0 -9999.0 -9999.0 -9999.0 -9999.0 -9999.0 -9999.0 -9999.0 -9999.0 -9999.0 -9999.0 -9999.0 -9999.0 -9999.0 -9999.0 -9999.0 -9999.0 -9999.0 -9999.0 -9999.0 -9999.0 -9999.0 -9999.0 -9999.0 -9999.0 -9999.0 -9999.0 -9999.0 -9999.0 -9999.0 -9999.0 -9999.0 -9999.0 -9999.0 358.7 300.8 287.5 322.9 363.8 262.7 250.8 334.8 172.8 236.3 220.9 246.6 267.1 340.1 300.7 407.4 421.3 367.4 343.6 384.8 456.5
-9999.0 -9999.0 -9999.0 -9999.0 -9999.0 -9999.0 -9999.0 -9999.0 -9999.0 -9999.0 -9999.0 -9999.0 -9999.0 -9999.0 -9999.0 -9999.0 -9999.0 -9999.0 -9999.0 -9999.0 -9999.0 -9999.0 -9999.0 -9999.0 -9999.0 -9999.0 -9999.0 -9999.0 -9999.0 -9999.0 -9999.0 -9999.0 -9999.0 -9999.0 -9999.0 -9999.0 -9999.0 -9999.0 -9999.0 -9999.0 -9999.0 -9999.0 -9999.0 -9999.0 -9999.0 -9999.0 -9999.0 -9999.0 -9999.0 -9999.0 -9999.0 -9999.0 -9999.0 377.7 287.6 520.3 314.4 295.4 371.8 473.1 386.6 295.3 335.1 308.3 306.6 301.8 240.6 397.7 303.0 317.1 283.1 295.4 390.9 527.5
-9999.0 -9999.0 -9999.0 -9999.0 -9999.0 -9999.0 -9999.0 -9999.0 -9999.0 -9999.0 -9999.0 -9999.0 -9999.0 -9999.0 -9999.0 -9999.0 -9999.0 -9999.0 -9999.0 -9999.0 -9999.0 -9999.0 -9999.0 -9999.0 -9999.0 -9999.0 -9999.0 -9999.0 -9999.0 -9999.0 -9999.0 -9999.0 -9999.0 -9999.0 -9999.0 -9999.0 -9999.0 -9999.0 -9999.0 -9999.0 -9999.0 -9999.0 -9999.0 -9999.0 -9999.0 -9999.0 -9999.0 -9999.0 -9999.0 -9999.0 -9999.0 -9999.0 -9999.0 395.3 218.7 375.1 326.2 302.8 395.7 465.5 562.9 503.1 498.8 473.3 357.1 -9999.0 -9999.0 -9999.0 344.6 256.9 280.0 360.7 455.9 575.0
-9999.0 -9999.0 -9999.0 -9999.0 -9999.0 -9999.0 -9999.0 -9999.0 -9999.0 -9999.0 -9999.0 -9999.0 -9999.0 -9999.0 -9999.0 -9999.0 -9999.0 -9999.0 -9999.0 -9999.0 -9999.0 -9999.0 -9999.0 -9999.0 -9999.0 -9999.0 -9999.0 -9999.0 -9999.0 -9999.0 -9999.0 -9999.0 -9999.0 -9999.0 -9999.0 -9999.0 -9999.0 -9999.0 -9999.0 -9999.0 -9999.0 -9999.0 -9999.0 -9999.0 -9999.0 -9999.0 -9999.0 -9999.0 -9999.0 -9999.0 -9999.0 -9999.0 -9999.0 -9999.0 347.5 309.1 204.4 212.0 392.5 563.2 432.0 -9999.0 -9999.0 -9999.0 -9999.0 -9999.0 -9999.0 -9999.0 248.9 295.4 421.9 365.2 433.3 576.1
-9999.0 -9999.0 -9999.0 -9999.0 -9999.0 -9999.0 -9999.0 -9999.0 -9999.0 -9999.0 -9999.0 -9999.0 -9999.0 -9999.0 -9999.0 -9999.0 -9999.0 -9999.0 -9999.0 -9999.0 -9999.0 -9999.0 -9999.0 -9999.0 -9999.0 -9999.0 -9999.0 -9999.0 -9999.0 -9999.0 -9999.0 -9999.0 -9999.0 -9999.0 -9999.0 -9999.0 -9999.0 -9999.0 -9999.0 -9999.0 -9999.0 -9999.0 -9999.0 -9999.0 -9999.0 -9999.0 -9999.0 -9999.0 -9999.0 -9999.0 -9999.0 -9999.0 -9999.0 -9999.0 -9999.0 249.0 403.0 266.6 275.7 428.7 465.5 -9999.0 -9999.0 -9999.0 -9999.0 -9999.0 -9999.0 -9999.0 -9999.0 -9999.0 294.2 -9999.0 -9999.0 -9999.0
