program/excelProcessViaJava/data/SURF_CLI_CHN_PRE_MON_GRID_0.5-199208.txt
NCOLS      128
NROWS       72
XLLCORNER    72.000000000000    
YLLCORNER    18.000000000000    
CELLSIZE    0.50000000000000    
NODATA_VALUE   -9999.000    
[rows 33 to 65 of 72, columns 0 to 74 of 128]
-9999.0 -9999.0 -9999.0 -9999.0 5.3 6.4 7.8 14.9 20.8 26.9 36.0 40.7 39.7 27.4 17.0 9.8 4.8 2.6 2.1 2.3 2.5 2.6 2.8 3.8 4.6 6.4 8.1 34.3 18.9 21.0 22.8 19.2 17.2 20.3 12.0 11.5 9.6 26.9 22.6 12.2 5.2 3.9 4.4 4.2 4.2 4.2 4.7 7.5 12.4 12.9 18.3 39.4 62.4 91.1 63.5 76.2 86.7 137.2 148.8 193.5 183.9 136.1 103.3 51.3 34.9 48.9 60.9 46.9 78.7 77.2 84.6 114.9 149.7 182.2 209.4
-9999.0 -9999.0 -9999.0 -9999.0 2.9 5.4 6.2 12.7 11.0 15.7 31.9 26.3 34.2 34.3 28.3 20.1 14.1 5.3 2.7 2.7 4.4 5.4 7.0 14.6 26.4 32.8 25.6 25.8 23.9 23.1 21.8 24.8 20.0 19.2 20.5 16.9 24.0 31.4 20.7 12.7 25.1 8.9 8.6 6.5 6.3 6.0 5.7 6.0 7.2 10.5 14.0 20.3 56.7 47.4 44.2 56.8 69.9 96.8 127.2 69.3 148.9 83.0 74.1 71.0 51.3 43.8 79.3 77.2 97.3 147.9 139.6 176.4 210.2 234.0 239.6
-9999.0 -9999.0 -9999.0 -9999.0 -9999.0 -9999.0 -9999.0 9.4 11.2 17.6 14.9 18.3 27.2 26.7 26.9 19.2 21.4 12.1 8.8 12.8 20.5 25.9 27.6 27.3 26.8 26.4 28.0 28.2 27.9 30.1 28.7 27.4 25.7 27.2 30.7 25.9 35.1 32.7 45.2 50.6 27.0 63.8 59.3 39.7 22.7 11.9 15.5 12.9 17.1 12.1 11.9 16.3 29.9 92.9 84.1 39.9 42.0 51.6 113.7 91.1 157.3 101.3 88.0 80.0 87.7 70.6 102.0 142.2 153.9 182.7 183.7 216.3 255.5 260.5 244.7
-9999.0 -9999.0 -9999.0 -9999.0 -9999.0 -9999.0 -9999.0 4.1 11.4 11.5 13.3 18.7 19.5 18.9 22.2 21.3 22.7 22.4 25.1 23.0 23.5 27.6 27.3 28.4 28.2 28.8 28.4 31.8 27.9 26.5 30.5 30.4 30.0 35.3 30.9 33.2 32.5 40.8 43.4 44.3 51.0 55.6 63.0 85.6 50.1 30.2 35.2 35.4 55.3 43.6 77.2 68.5 36.5 51.4 86.3 40.7 42.4 60.7 96.7 127.1 131.2 141.4 125.6 118.7 100.3 101.3 122.6 147.7 210.4 165.0 195.7 233.8 256.9 243.3 206.8
-9999.0 -9999.0 -9999.0 -9999.0 -9999.0 -9999.0 -9999.0 -9999.0 -9999.0 9.2 12.3 15.7 15.0 17.1 19.0 19.7 20.5 23.4 23.6 27.5 27.3 26.7 28.0 29.4 30.2 30.0 31.7 31.9 29.5 34.6 27.9 30.6 31.6 35.7 31.7 33.5 34.8 40.8 40.8 47.7 48.3 58.5 60.5 58.2 67.7 65.8 64.3 60.2 60.1 58.1 66.1 56.0 47.7 44.5 76.1 46.4 39.9 53.5 92.5 108.8 127.4 152.5 165.0 126.5 125.1 117.6 124.9 134.7 195.7 166.7 198.8 213.6 220.8 203.4 181.2
-9999.0 -9999.0 -9999.0 -9999.0 -9999.0 -9999.0 -9999.0 -9999.0 -9999.0 -9999.0 -9999.0 10.2 14.8 13.8 15.8 17.2 18.5 19.8 21.5 24.5 28.7 29.2 32.1 32.2 38.3 36.5 38.5 38.3 37.0 34.9 34.7 39.9 35.8 37.8 37.3 48.8 42.1 44.4 63.8 49.1 58.4 55.7 55.9 57.8 81.7 67.4 89.5 73.3 75.8 67.2 50.9 48.9 48.3 58.0 78.2 69.0 62.3 80.5 89.8 105.3 130.5 133.8 137.8 135.2 141.7 101.4 99.4 128.5 163.0 186.4 194.0 198.7 180.1 156.2 145.6
-9999.0 -9999.0 -9999.0 -9999.0 -9999.0 -9999.0 -9999.0 -9999.0 -9999.0 -9999.0 -9999.0 -9999.0 11.2 12.4 13.5 14.9 18.3 19.5 22.2 28.4 26.6 31.0 34.4 35.5 48.0 40.5 39.0 43.5 42.0 46.8 41.6 40.9 41.9 48.2 50.7 50.0 63.2 52.4 47.0 43.1 43.2 47.0 52.6 65.9 70.7 79.2 88.8 71.2 70.9 66.5 76.2 68.3 54.1 47.3 58.5 73.8 86.5 109.1 88.1 124.1 127.4 140.3 141.1 130.6 109.5 144.5 111.6 147.3 181.9 202.0 184.4 155.8 138.1 129.1 129.7
-9999.0 -9999.0 -9999.0 -9999.0 -9999.0 -9999.0 -9999.0 -9999.0 -9999.0 -9999.0 -9999.0 -9999.0 8.2 10.0 10.8 13.5 13.9 17.3 23.4 26.7 30.6 36.4 39.6 40.3 40.0 44.4 45.7 43.1 45.9 43.3 47.1 52.0 49.9 51.1 56.0 55.7 66.0 66.2 58.8 51.9 44.4 45.3 62.3 57.7 75.2 91.1 80.1 74.3 57.5 67.6 61.9 65.9 52.3 59.6 49.8 72.0 79.5 100.9 101.0 113.4 117.9 114.4 125.1 141.3 93.8 115.0 122.8 160.0 189.1 195.2 200.9 227.4 221.4 153.7 141.9
-9999.0 -9999.0 -9999.0 -9999.0 -9999.0 -9999.0 -9999.0 -9999.0 -9999.0 -9999.0 -9999.0 -9999.0 -9999.0 8.4 10.9 10.6 14.6 16.6 20.1 25.0 31.6 34.5 43.7 42.8 47.5 56.6 58.2 61.9 57.6 55.6 51.6 51.0 58.3 61.2 57.3 61.6 64.9 68.4 85.5 66.2 57.5 60.2 60.9 77.6 74.8 75.1 88.2 95.9 94.4 85.3 78.8 63.9 58.6 97.5 83.3 81.4 86.0 108.8 139.3 133.8 131.7 113.9 117.8 91.6 94.8 110.2 140.6 175.1 185.1 164.6 113.0 127.5 158.3 156.6 160.3
-9999.0 -9999.0 -9999.0 -9999.0 -9999.0 -9999.0 -9999.0 -9999.0 -9999.0 -9999.0 -9999.0 -9999.0 5.8 8.1 10.0 10.8 16.8 19.1 24.0 25.4 31.2 37.5 45.2 49.3 52.6 63.4 63.7 62.3 62.2 62.7 60.3 56.4 64.9 62.4 67.4 68.2 77.8 69.2 65.0 61.1 73.0 82.8 92.6 68.7 82.2 90.9 89.2 82.5 90.3 92.0 106.0 115.7 83.5 91.9 77.7 81.8 106.2 100.1 128.2 129.9 131.9 136.8 119.8 137.6 110.7 122.9 186.3 177.2 178.9 196.9 189.3 166.6 156.3 141.0 138.6
-9999.0 -9999.0 -9999.0 -9999.0 -9999.0 -9999.0 -9999.0 -9999.0 -9999.0 -9999.0 -9999.0 -9999.0 5.5 5.8 8.2 14.9 18.2 18.1 23.3 32.6 34.3 45.0 51.2 56.8 59.3 62.4 66.8 68.9 70.1 67.8 65.8 65.3 69.7 65.1 68.2 73.8 73.1 74.3 68.5 56.3 55.0 54.5 60.9 72.5 84.4 97.9 119.7 119.7 118.4 90.4 94.8 118.2 91.4 77.5 76.8 73.9 97.5 119.6 128.3 151.0 162.7 173.9 117.2 101.8 109.8 177.5 174.1 176.6 143.3 126.0 134.5 152.1 166.1 182.8 172.2
-9999.0 -9999.0 -9999.0 -9999.0 -9999.0 -9999.0 -9999.0 -9999.0 -9999.0 -9999.0 -9999.0 -9999.0 3.4 6.9 7.3 10.9 14.7 25.1 28.3 35.5 48.0 56.4 57.1 67.4 70.3 81.4 82.4 90.4 81.9 81.2 78.6 80.7 73.0 71.6 74.3 78.7 79.5 77.0 68.3 65.4 59.1 57.4 82.0 66.4 90.1 120.0 136.3 124.5 105.2 111.9 120.9 104.5 167.4 164.1 119.7 75.7 98.9 121.1 139.9 136.2 144.2 149.5 209.1 116.0 121.9 198.2 195.0 177.1 152.5 128.8 125.3 169.1 182.1 194.7 253.9
-9999.0 -9999.0 -9999.0 -9999.0 -9999.0 -9999.0 -9999.0 -9999.0 -9999.0 -9999.0 -9999.0 -9999.0 -9999.0 8.6 11.4 11.8 17.4 22.2 32.8 41.9 56.3 56.7 67.9 77.5 76.0 84.8 89.7 92.8 99.9 95.3 98.6 92.6 88.4 83.6 85.1 91.4 90.1 81.7 76.1 69.3 69.4 90.6 106.7 108.6 96.6 106.9 132.5 101.4 146.7 145.5 120.3 162.5 143.6 104.1 140.3 132.6 93.0 105.3 133.5 181.7 177.9 273.4 199.9 109.0 191.4 202.0 196.8 176.1 155.0 139.6 129.4 130.3 167.5 123.4 145.3
-9999.0 -9999.0 -9999.0 -9999.0 -9999.0 -9999.0 -9999.0 -9999.0 -9999.0 -9999.0 -9999.0 -9999.0 -9999.0 3.2 11.4 12.5 22.5 23.4 31.3 41.5 57.9 66.2 75.6 80.8 76.5 90.1 100.4 103.3 112.7 127.5 122.8 116.2 106.7 101.1 100.6 98.9 93.8 89.6 87.2 96.2 89.7 100.2 112.4 121.4 150.1 130.2 135.2 111.0 129.0 136.7 164.8 120.6 159.6 174.4 175.9 143.6 107.9 112.1 142.6 112.6 184.4 135.9 132.2 235.1 223.6 202.3 180.1 158.5 138.6 123.0 115.6 118.1 120.1 129.5 124.6
-9999.0 -9999.0 -9999.0 -9999.0 -9999.0 -9999.0 -9999.0 -9999.0 -9999.0 -9999.0 -9999.0 -9999.0 -9999.0 -9999.0 -9999.0 13.0 17.2 26.5 31.7 36.8 54.8 57.9 64.9 76.2 88.7 97.8 122.1 124.9 142.1 140.7 145.5 141.2 135.0 125.0 115.3 112.3 108.3 99.2 97.0 98.8 106.7 117.9 127.6 132.3 118.3 105.2 131.5 95.2 135.9 88.9 136.4 202.9 161.9 162.9 112.7 139.7 132.7 96.9 162.4 195.0 116.5 143.5 306.1 299.0 255.1 198.3 157.3 131.1 108.2 101.4 100.9 98.0 147.4 151.1 112.3
-9999.0 -9999.0 -9999.0 -9999.0 -9999.0 -9999.0 -9999.0 -9999.0 -9999.0 -9999.0 -9999.0 -9999.0 -9999.0 -9999.0 -9999.0 -9999.0 -9999.0 1.2 13.2 -9999.0 30.6 56.8 54.2 63.5 87.3 97.4 127.3 134.7 143.3 163.9 169.6 169.3 158.4 149.0 136.5 119.0 113.9 113.5 104.7 106.6 112.0 122.7 131.1 134.6 114.5 109.5 87.3 159.2 104.7 137.3 87.3 137.6 106.8 171.7 169.9 160.9 126.0 163.6 167.0 193.4 119.7 196.1 322.1 339.6 253.5 172.8 134.2 107.6 88.1 81.0 76.9 128.7 155.0 130.0 133.8
-9999.0 -9999.0 -9999.0 -9999.0 -9999.0 -9999.0 -9999.0 -9999.0 -9999.0 -9999.0 -9999.0 -9999.0 -9999.0 -9999.0 -9999.0 -9999.0 -9999.0 -9999.0 -9999.0 -9999.0 -9999.0 39.5 55.6 81.6 80.6 74.8 94.3 118.2 147.7 165.1 186.9 185.4 184.3 167.9 148.7 126.5 114.7 110.2 115.2 132.5 136.4 118.6 129.1 134.3 121.1 126.2 98.8 102.9 176.6 315.1 139.8 217.6 208.8 139.3 153.7 174.4 172.1 145.4 231.3 184.0 134.1 160.0 261.5 277.7 233.6 162.0 131.4 105.8 88.6 73.4 75.6 108.4 121.6 108.2 103.5
-9999.0 -9999.0 -9999.0 -9999.0 -9999.0 -9999.0 -9999.0 -9999.0 -9999.0 -9999.0 -9999.0 -9999.0 -9999.0 -9999.0 -9999.0 -9999.0 -9999.0 -9999.0 -9999.0 -9999.0 -9999.0 -9999.0 -9999.0 21.1 56.2 65.5 82.5 111.0 153.7 168.0 193.0 198.6 185.3 169.5 147.8 128.0 114.1 104.5 97.8 97.1 100.4 110.6 117.0 124.3 123.3 110.6 107.3 104.7 99.8 101.5 116.5 185.8 129.2 146.3 135.0 120.9 159.6 198.2 126.8 195.3 134.7 145.5 150.2 171.0 158.4 142.5 131.5 107.9 69.0 65.9 78.6 90.7 98.5 112.0 96.6
-9999.0 -9999.0 -9999.0 -9999.0 -9999.0 -9999.0 -9999.0 -9999.0 -9999.0 -9999.0 -9999.0 -9999.0 -9999.0 -9999.0 -9999.0 -9999.0 -9999.0 -9999.0 -9999.0 -9999.0 -9999.0 -9999.0 -9999.0 -9999.0 -9999.0 11.7 47.2 138.2 153.3 180.7 187.0 185.7 179.1 164.3 141.6 125.2 118.0 95.9 90.8 86.2 92.6 95.9 131.7 126.6 120.7 109.9 112.9 103.4 137.4 118.4 189.0 161.1 189.1 173.7 125.0 130.1 162.2 155.7 205.1 200.5 183.9 163.6 251.9 146.2 132.1 126.3 107.4 71.9 59.0 61.4 62.6 72.6 68.7 93.5 101.2
-9999.0 -9999.0 -9999.0 -9999.0 -9999.0 -9999.0 -9999.0 -9999.0 -9999.0 -9999.0 -9999.0 -9999.0 -9999.0 -9999.0 -9999.0 -9999.0 -9999.0 -9999.0 -9999.0 -9999.0 -9999.0 -9999.0 -9999.0 -9999.0 -9999.0 -9999.0 -9999.0 13.8 24.8 93.6 123.3 139.5 169.7 132.0 130.0 107.0 97.7 88.9 97.6 80.6 79.8 98.0 122.2 115.9 112.5 106.1 100.2 99.8 101.6 124.0 115.2 118.1 151.0 137.4 142.7 168.1 150.2 154.0 202.0 178.1 151.7 174.7 114.9 108.9 127.0 119.0 91.3 58.6 41.0 41.8 47.5 61.7 48.9 66.3 72.0
-9999.0 -9999.0 -9999.0 -9999.0 -9999.0 -9999.0 -9999.0 -9999.0 -9999.0 -9999.0 -9999.0 -9999.0 -9999.0 -9999.0 -9999.0 -9999.0 -9999.0 -9999.0 -9999.0 -9999.0 -9999.0 -9999.0 -9999.0 -9999.0 -9999.0 -9999.0 -9999.0 -9999.0 -9999.0 -9999.0 -9999.0 -9999.0 -9999.0 83.0 108.4 -9999.0 -9999.0 -9999.0 94.6 83.9 99.1 108.0 111.6 102.6 95.8 96.8 -9999.0 -9999.0 -9999.0 -9999.0 -9999.0 -9999.0 142.6 194.5 145.0 154.9 172.6 163.4 176.0 167.2 163.3 166.7 120.7 108.0 109.3 110.1 88.1 61.2 42.9 34.9 32.4 41.4 46.1 39.6 60.4
-9999.0 -9999.0 -9999.0 -9999.0 -9999.0 -9999.0 -9999.0 -9999.0 -9999.0 -9999.0 -9999.0 -9999.0 -9999.0 -9999.0 -9999.0 -9999.0 -9999.0 -9999.0 -9999.0 -9999.0 -9999.0 -9999.0 -9999.0 -9999.0 -9999.0 -9999.0 -9999.0 -9999.0 -9999.0 -9999.0 -9999.0 -9999.0 -9999.0 -9999.0 -9999.0 -9999.0 -9999.0 -9999.0 -9999.0 67.3 74.2 78.7 82.2 85.9 -9999.0 -9999.0 -9999.0 -9999.0 -9999.0 -9999.0 -9999.0 -9999.0 172.5 243.6 206.1 182.7 183.2 176.7 168.1 158.4 146.7 144.7 132.7 107.8 106.1 102.8 89.5 57.4 42.3 43.0 38.6 30.9 22.3 35.9 33.6
-9999.0 -9999.0 -9999.0 -9999.0 -9999.0 -9999.0 -9999.0 -9999.0 -9999.0 -9999.0 -9999.0 -9999.0 -9999.0 -9999.0 -9999.0 -9999.0 -9999.0 -9999.0 -9999.0 -9999.0 -9999.0 -9999.0 -9999.0 -9999.0 -9999.0 -9999.0 -9999.0 -9999.0 -9999.0 -9999.0 -9999.0 -9999.0 -9999.0 -9999.0 -9999.0 -9999.0 -9999.0 -9999.0 -9999.0 -9999.0 -9999.0 -9999.0 -9999.0 -9999.0 -9999.0 -9999.0 -9999.0 -9999.0 -9999.0 -9999.0 -9999.0 -9999.0 120.7 292.4 245.4 262.9 210.7 189.4 169.2 152.7 128.8 118.8 156.9 99.6 97.4 98.4 78.7 55.6 44.1 39.3 33.5 28.4 50.0 30.8 38.8
-9999.0 -9999.0 -9999.0 -9999.0 -9999.0 -9999.0 -9999.0 -9999.0 -9999.0 -9999.0 -9999.0 -9999.0 -9999.0 -9999.0 -9999.0 -9999.0 -9999.0 -9999.0 -9999.0 -9999.0 -9999.0 -9999.0 -9999.0 -9999.0 -9999.0 -9999.0 -9999.0 -9999.0 -9999.0 -9999.0 -9999.0 -9999.0 -9999.0 -9999.0 -9999.0 -9999.0 -9999.0 -9999.0 -9999.0 -9999.0 -9999.0 -9999.0 -9999.0 -9999.0 -9999.0 -9999.0 -9999.0 -9999.0 -9999.0 -9999.0 -9999.0 155.7 216.7 317.1 205.2 241.5 217.2 210.8 167.8 114.8 124.2 99.0 81.4 80.0 89.9 102.7 84.5 57.9 46.1 34.6 29.8 30.2 23.7 17.2 25.4
-9999.0 -9999.0 -9999.0 -9999.0 -9999.0 -9999.0 -9999.0 -9999.0 -9999.0 -9999.0 -9999.0 -9999.0 -9999.0 -9999.0 -9999.0 -9999.0 -9999.0 -9999.0 -9999.0 -9999.0 -9999.0 -9999.0 -9999.0 -9999.0 -9999.0 -9999.0 -9999.0 -9999.0 -9999.0 -9999.0 -9999.0 -9999.0 -9999.0 -9999.0 -9999.0 -9999.0 -9999.0 -9999.0 -9999.0 -9999.0 -9999.0 -9999.0 -9999.0 -9999.0 -9999.0 -9999.0 -9999.0 -9999.0 -9999.0 -9999.0 114.6 252.6 303.9 332.4 255.2 257.0 194.9 156.6 152.3 135.9 93.5 77.2 58.4 61.9 81.9 100.3 91.5 68.6 51.8 32.8 32.7 33.7 33.6 36.1 45.2
-9999.0 -9999.0 -9999.0 -9999.0 -9999.0 -9999.0 -9999.0 -9999.0 -9999.0 -9999.0 -9999.0 -9999.0 -9999.0 -9999.0 -9999.0 -9999.0 -9999.0 -9999.0 -9999.0 -9999.0 -9999.0 -9999.0 -9999.0 -9999.0 -9999.0 -9999.0 -9999.0 -9999.0 -9999.0 -9999.0 -9999.0 -9999.0 -9999.0 -9999.0 -9999.0 -9999.0 -9999.0 -9999.0 -9999.0 -9999.0 -9999.0 -9999.0 -9999.0 -9999.0 -9999.0 -9999.0 -9999.0 -9999.0 -9999.0 -9999.0 127.1 352.4 244.4 331.0 312.3 235.9 129.1 191.8 165.9 118.4 78.7 57.2 46.8 52.8 70.0 85.3 81.8 62.6 44.0 28.3 31.4 45.6 53.6 42.4 32.0
-9999.0 -9999.0 -9999.0 -9999.0 -9999.0 -9999.0 -9999.0 -9999.0 -9999.0 -9999.0 -9999.0 -9999.0 -9999.0 -9999.0 -9999.0 -9999.0 -9999.0 -9999.0 -9999.0 -9999.0 -9999.0 -9999.0 -9999.0 -9999.0 -9999.0 -9999.0 -9999.0 -9999.0 -9999.0 -9999.0 -9999.0 -9999.0 -9999.0 -9999.0 -9999.0 -9999.0 -9999.0 -9999.0 -9999.0 -9999.0 -9999.0 -9999.0 -9999.0 -9999.0 -9999.0 -9999.0 -9999.0 -9999.0 -9999.0 -9999.0 120.8 221.6 199.2 407.4 237.9 184.4 249.4 167.0 165.3 92.4 79.5 57.8 43.9 45.5 58.5 67.6 62.9 47.5 30.6 29.2 27.2 61.5 60.4 69.8 38.5
-9999.0 -9999.0 -9999.0 -9999.0 -9999.0 -9999.0 -9999.0 -9999.0 -9999.0 -9999.0 -9999.0 -9999.0 -9999.0 -9999.0 -9999.0 -9999.0 -9999.0 -9999.0 -9999.0 -9999.0 -9999.0 -9999.0 -9999.0 -9999.0 -9999.0 -9999.0 -9999.0 -9999.0 -9999.0 -9999.0 -9999.0 -9999.0 -9999.0 -9999.0 -9999.0 -9999.0 -9999.0 -9999.0 -9999.0 -9999.0 -9999.0 -9999.0 -9999.0 -9999.0 -9999.0 -9999.0 -9999.0 -9999.0 -9999.0 -9999.0 235.2 348.9 295.7 320.0 268.8 269.8 121.9 155.5 139.4 78.5 81.7 55.6 34.6 44.1 53.0 56.3 54.6 41.9 34.9 16.5 26.6 48.1 73.4 84.4 53.7
-9999.0 -9999.0 -9999.0 -9999.0 -9999.0 -9999.0 -9999.0 -9999.0 -9999.0 -9999.0 -9999.0 -9999.0 -9999.0 -9999.0 -9999.0 -9999.0 -9999.0 -9999.0 -9999.0 -9999.0 -9999.0 -9999.0 -9999.0 -9999.0 -9999.0 -9999.0 -9999.0 -9999.0 -9999.0 -9999.0 -9999.0 -9999.0 -9999.0 -9999.0 -9999.0 -9999.0 -9999.0 -9999.0 -9999.0 -9999.0 -9999.0 -9999.0 -9999.0 -9999.0 -9999.0 -9999.0 -9999.0 -9999.0 -9999.0 -9999.0 -9999.0 -9999.0 -9999.0 242.7 202.1 176.3 166.3 165.9 91.3 81.8 145.0 51.9 74.6 59.8 58.5 55.9 54.9 38.3 32.3 28.2 32.3 48.7 68.5 78.8 81.5
-9999.0 -9999.0 -9999.0 -9999.0 -9999.0 -9999.0 -9999.0 -9999.0 -9999.0 -9999.0 -9999.0 -9999.0 -9999.0 -9999.0 -9999.0 -9999.0 -9999.0 -9999.0 -9999.0 -9999.0 -9999.0 -9999.0 -9999.0 -9999.0 -9999.0 -9999.0 -9999.0 -9999.0 -9999.0 -9999.0 -9999.0 -9999.0 -9999.0 -9999.0 -9999.0 -9999.0 -9999.0 -9999.0 -9999.0 -9999.0 -9999.0 -9999.0 -9999.0 -9999.0 -9999.0 -9999.0 -9999.0 -9999.0 -9999.0 -9999.0 -9999.0 -9999.0 -9999.0 260.4 202.9 325.1 170.4 126.9 133.3 178.2 114.6 92.3 121.6 106.5 95.6 80.3 68.6 56.9 39.8 36.6 39.6 52.4 73.1 90.7 103.0
-9999.0 -9999.0 -9999.0 -9999.0 -9999.0 -9999.0 -9999.0 -9999.0 -9999.0 -9999.0 -9999.0 -9999.0 -9999.0 -9999.0 -9999.0 -9999.0 -9999.0 -9999.0 -9999.0 -9999.0 -9999.0 -9999.0 -9999.0 -9999.0 -9999.0 -9999.0 -9999.0 -9999.0 -9999.0 -9999.0 -9999.0 -9999.0 -9999.0 -9999.0 -9999.0 -9999.0 -9999.0 -9999.0 -9999.0 -9999.0 -9999.0 -9999.0 -9999.0 -9999.0 -9999.0 -9999.0 -9999.0 -9999.0 -9999.0 -9999.0 -9999.0 -9999.0 -9999.0 300.6 193.7 267.7 209.7 158.4 162.9 158.6 187.4 175.9 193.1 172.8 154.1 -9999.0 -9999.0 -9999.0 69.3 57.4 59.5 72.1 83.3 93.0 120.3
-9999.0 -9999.0 -9999.0 -9999.0 -9999.0 -9999.0 -9999.0 -9999.0 -9999.0 -9999.0 -9999.0 -9999.0 -9999.0 -9999.0 -9999.0 -9999.0 -9999.0 -9999.0 -9999.0 -9999.0 -9999.0 -9999.0 -9999.0 -9999.0 -9999.0 -9999.0 -9999.0 -9999.0 -9999.0 -9999.0 -9999.0 -9999.0 -9999.0 -9999.0 -9999.0 -9999.0 -9999.0 -9999.0 -9999.0 -9999.0 -9999.0 -9999.0 -9999.0 -9999.0 -9999.0 -9999.0 -9999.0 -9999.0 -9999.0 -9999.0 -9999.0 -9999.0 -9999.0 -9999.0 313.4 275.5 184.9 156.0 209.1 252.8 185.5 -9999.0 -9999.0 -9999.0 -9999.0 -9999.0 -9999.0 -9999.0 96.2 92.6 105.0 88.7 83.9 94.1 116.0
-9999.0 -9999.0 -9999.0 -9999.0 -9999.0 -9999.0 -9999.0 -9999.0 -9999.0 -9999.0 -9999.0 -9999.0 -9999.0 -9999.0 -9999.0 -9999.0 -9999.0 -9999.0 -9999.0 -9999.0 -9999.0 -9999.0 -9999.0 -9999.0 -9999.0 -9999.0 -9999.0 -9999.0 -9999.0 -9999.0 -9999.0 -9999.0 -9999.0 -9999.0 -9999.0 -9999.0 -9999.0 -9999.0 -9999.0 -9999.0 -9999.0 -9999.0 -9999.0 -9999.0 -9999.0 -9999.0 -9999.0 -9999.0 -9999.0 -9999.0 -9999.0 -9999.0 -9999.0 -9999.0 -9999.0 286.1 359.7 240.5 213.2 258.4 257.1 -9999.0 -9999.0 -9999.0 -9999.0 -9999.0 -9999.0 -9999.0 -9999.0 -9999.0 111.4 -9999.0 -9999.0 -9999.0 -9999.0
