program/excelProcessViaJava/data/SURF_CLI_CHN_PRE_MON_GRID_0.5-200005.txt
NCOLS      128
NROWS       72
XLLCORNER    72.000000000000    
YLLCORNER    18.000000000000    
CELLSIZE    0.50000000000000    
NODATA_VALUE   -9999.000    
[rows 34 to 67 of 72, columns 0 to 76 of 128]
-9999.0 -9999.0 -9999.0 -9999.0 33.3 28.1 39.8 26.8 41.3 39.0 21.0 33.4 27.2 25.4 11.8 9.9 8.1 3.9 2.1 1.6 1.9 2.0 2.1 3.0 3.7 3.2 3.0 3.0 3.2 3.5 4.1 5.1 5.8 6.8 7.9 8.3 9.6 10.5 9.0 6.0 8.0 2.8 2.5 2.2 3.1 4.6 6.4 9.1 13.7 22.0 29.5 33.7 35.2 24.6 15.6 14.4 13.7 16.8 25.1 25.3 38.1 26.6 18.9 15.0 8.6 5.3 8.6 5.3 4.2 5.8 4.1 6.4 8.9 10.5 10.2 9.6 6.6
-9999.0 -9999.0 -9999.0 -9999.0 -9999.0 -9999.0 -9999.0 29.5 35.8 31.0 37.4 35.3 29.1 28.3 25.3 8.7 13.3 6.2 3.9 5.1 7.1 6.7 5.5 4.5 3.8 3.3 3.2 3.2 3.3 3.8 4.3 5.1 6.0 7.2 8.5 9.5 11.0 12.0 13.5 14.5 11.5 15.5 14.7 11.6 8.9 8.0 10.3 12.3 18.1 22.9 28.3 34.0 34.1 23.1 20.2 8.8 5.7 6.8 18.1 24.0 31.6 23.4 13.0 11.9 14.4 10.0 11.6 12.0 9.3 8.8 7.0 8.9 13.4 15.6 15.0 14.9 11.2
-9999.0 -9999.0 -9999.0 -9999.0 -9999.0 -9999.0 -9999.0 38.0 25.2 34.6 35.5 32.1 31.8 30.0 26.5 23.1 19.8 16.3 14.0 10.7 8.5 7.4 5.9 5.0 4.2 3.8 3.5 3.6 3.6 3.9 4.6 5.4 6.4 7.6 8.9 10.5 12.1 14.2 16.1 17.9 19.6 20.6 20.6 19.4 16.5 14.0 14.8 16.6 19.6 25.1 23.0 25.5 30.7 23.1 17.8 10.2 6.8 8.9 16.5 23.6 29.8 32.2 19.1 19.1 17.7 16.7 16.4 16.5 19.4 12.4 12.6 15.8 18.9 20.0 16.9 19.5 17.4
-9999.0 -9999.0 -9999.0 -9999.0 -9999.0 -9999.0 -9999.0 -9999.0 -9999.0 31.9 31.5 29.8 31.7 29.6 26.5 22.9 20.9 16.8 14.9 11.9 10.0 8.0 6.6 5.6 4.9 4.4 4.2 4.2 4.3 4.7 5.1 6.0 7.0 8.3 9.7 11.5 13.6 16.2 18.9 22.0 24.6 27.0 27.2 25.2 23.0 20.5 19.1 19.4 21.4 24.3 24.8 26.1 25.4 22.9 18.7 15.2 10.6 12.7 20.7 26.2 32.7 38.2 44.3 31.7 35.1 28.2 23.6 23.4 29.9 23.4 24.5 23.4 22.2 21.8 23.2 17.1 15.7
-9999.0 -9999.0 -9999.0 -9999.0 -9999.0 -9999.0 -9999.0 -9999.0 -9999.0 -9999.0 -9999.0 31.4 25.3 29.1 26.7 24.4 21.5 18.3 15.4 13.1 11.0 9.1 7.8 6.6 5.9 5.5 5.2 5.2 5.3 5.7 6.2 7.0 8.1 9.4 11.0 12.9 15.5 18.5 21.2 25.8 29.4 32.6 33.6 32.2 29.1 26.4 23.4 23.3 24.5 27.3 30.5 29.8 27.6 24.9 22.4 23.6 23.2 25.3 28.5 32.4 35.3 46.4 62.5 68.7 62.0 34.8 25.1 30.9 36.6 38.3 36.9 34.8 26.7 22.9 23.6 22.4 20.1
-9999.0 -9999.0 -9999.0 -9999.0 -9999.0 -9999.0 -9999.0 -9999.0 -9999.0 -9999.0 -9999.0 -9999.0 24.8 24.4 26.2 23.6 21.1 19.1 16.4 13.5 11.6 10.1 8.9 7.9 6.3 6.8 6.6 6.5 6.7 6.8 7.7 8.5 9.5 10.7 12.4 14.7 16.9 20.8 25.1 29.7 34.2 38.1 40.0 39.1 36.8 33.3 30.1 30.2 31.8 34.9 34.8 34.9 35.2 35.1 33.4 32.4 33.3 33.0 40.6 38.3 40.9 39.9 46.9 68.5 72.8 62.6 42.4 43.6 45.4 49.3 42.1 37.9 37.0 37.9 39.2 41.0 35.4
-9999.0 -9999.0 -9999.0 -9999.0 -9999.0 -9999.0 -9999.0 -9999.0 -9999.0 -9999.0 -9999.0 -9999.0 25.6 20.9 19.1 23.0 18.9 18.2 16.6 14.5 12.6 11.1 10.0 9.3 8.7 8.5 8.4 8.6 8.7 9.2 9.6 10.0 11.4 12.8 14.5 16.8 19.3 23.0 28.0 33.7 39.7 44.3 45.1 47.3 44.1 40.3 40.4 40.3 43.5 45.4 48.3 47.3 48.0 44.8 46.9 43.1 46.5 47.2 56.0 55.3 53.2 53.0 47.3 45.4 71.8 67.0 41.2 40.1 39.9 48.6 63.3 67.0 65.4 64.0 62.7 56.3 47.3
-9999.0 -9999.0 -9999.0 -9999.0 -9999.0 -9999.0 -9999.0 -9999.0 -9999.0 -9999.0 -9999.0 -9999.0 -9999.0 21.0 21.9 17.6 19.5 17.0 15.2 13.9 12.9 11.6 11.0 10.7 10.5 9.8 9.8 9.3 10.4 11.1 12.2 13.1 13.6 15.0 17.3 19.6 22.6 26.5 28.6 36.9 43.8 48.0 51.6 49.7 52.0 52.7 49.8 48.4 50.0 53.8 56.7 59.6 59.3 45.1 46.9 48.2 53.1 52.9 45.4 58.1 56.3 57.6 49.6 69.9 54.9 59.6 58.9 54.6 55.3 55.9 52.8 63.2 78.5 84.4 83.7 79.0 70.7
-9999.0 -9999.0 -9999.0 -9999.0 -9999.0 -9999.0 -9999.0 -9999.0 -9999.0 -9999.0 -9999.0 -9999.0 16.3 18.1 18.4 17.0 17.1 16.1 14.8 12.5 12.1 11.9 11.9 12.0 12.3 11.6 12.3 13.1 13.7 14.0 15.1 16.5 16.4 18.6 20.3 23.0 25.7 31.0 37.3 44.3 46.2 47.3 47.7 58.8 56.4 55.7 58.2 61.3 60.5 61.6 59.5 56.1 62.6 55.7 56.9 54.6 47.4 71.2 63.1 72.8 67.4 54.4 53.4 42.7 54.5 55.4 39.7 57.5 65.3 71.4 79.5 86.0 88.5 86.9 93.3 97.1 89.9
-9999.0 -9999.0 -9999.0 -9999.0 -9999.0 -9999.0 -9999.0 -9999.0 -9999.0 -9999.0 -9999.0 -9999.0 12.6 9.7 12.4 13.2 13.5 12.5 11.9 12.0 11.2 11.7 12.1 12.8 13.9 14.9 15.7 16.5 17.2 18.6 19.7 20.4 20.4 22.9 24.7 27.1 30.7 35.8 43.2 53.9 61.1 66.9 67.6 64.6 61.3 57.9 52.5 54.9 58.2 67.3 66.2 60.4 63.8 64.4 63.5 67.0 57.1 55.2 68.0 58.1 52.4 43.6 58.5 52.8 47.8 28.2 42.5 48.0 61.1 72.6 82.9 93.7 105.1 120.2 126.8 129.4 118.8
-9999.0 -9999.0 -9999.0 -9999.0 -9999.0 -9999.0 -9999.0 -9999.0 -9999.0 -9999.0 -9999.0 -9999.0 3.3 8.6 6.5 8.6 8.9 9.6 9.7 9.7 9.1 9.3 11.5 11.9 13.9 13.3 15.7 14.8 20.4 22.1 23.9 22.9 26.5 27.9 29.2 31.5 35.1 40.8 49.9 58.4 69.4 79.7 65.7 81.4 65.4 53.1 49.1 54.4 62.6 62.3 60.0 60.2 45.7 42.1 51.4 76.0 64.0 57.8 56.8 70.4 67.8 60.8 34.4 48.6 30.2 9.2 18.8 33.2 48.9 62.9 79.6 103.6 123.1 135.2 116.8 146.0 134.9
-9999.0 -9999.0 -9999.0 -9999.0 -9999.0 -9999.0 -9999.0 -9999.0 -9999.0 -9999.0 -9999.0 -9999.0 -9999.0 4.5 5.2 4.9 5.7 5.8 6.6 6.8 5.4 8.5 8.7 9.3 13.7 14.9 17.4 20.4 20.8 26.7 25.4 29.0 30.4 33.2 34.2 36.0 39.4 44.4 53.1 65.3 75.8 64.8 59.8 63.0 72.3 62.9 51.2 61.4 49.7 51.2 52.9 48.1 49.7 54.8 47.6 48.8 76.3 72.6 61.2 44.1 52.8 22.5 44.6 46.1 12.2 12.8 22.7 37.8 50.5 68.3 87.5 112.2 133.7 158.6 164.9 158.2 134.7
-9999.0 -9999.0 -9999.0 -9999.0 -9999.0 -9999.0 -9999.0 -9999.0 -9999.0 -9999.0 -9999.0 -9999.0 -9999.0 0.3 2.2 2.1 2.8 2.9 3.7 4.5 3.8 4.7 5.4 7.8 13.6 14.4 16.2 21.5 23.7 17.9 24.6 30.1 36.9 38.5 39.0 41.0 42.5 46.6 53.9 54.4 70.4 72.1 69.9 65.5 46.4 56.3 52.0 59.0 50.4 46.6 43.8 41.6 44.2 42.3 40.2 47.6 65.8 67.3 57.1 81.4 55.6 81.0 66.8 24.2 18.0 22.3 40.0 61.9 74.6 87.1 107.6 128.3 151.2 165.5 175.1 173.6 166.3
-9999.0 -9999.0 -9999.0 -9999.0 -9999.0 -9999.0 -9999.0 -9999.0 -9999.0 -9999.0 -9999.0 -9999.0 -9999.0 -9999.0 -9999.0 0.6 0.7 1.2 1.7 2.4 2.7 4.5 6.2 7.5 8.6 11.2 8.0 14.6 12.8 25.3 27.5 35.3 34.1 40.5 45.6 45.2 47.0 47.1 54.9 61.5 59.6 58.9 61.6 64.6 83.5 88.4 55.7 69.2 46.9 41.3 40.1 40.0 41.6 42.6 42.3 48.8 52.6 71.9 50.5 46.7 106.8 103.4 45.1 32.6 22.1 25.8 49.2 81.8 94.9 103.7 119.8 133.7 127.8 146.6 172.5 170.6 173.3
-9999.0 -9999.0 -9999.0 -9999.0 -9999.0 -9999.0 -9999.0 -9999.0 -9999.0 -9999.0 -9999.0 -9999.0 -9999.0 -9999.0 -9999.0 -9999.0 -9999.0 0.0 0.2 -9999.0 2.0 2.4 5.3 7.5 6.5 9.2 5.8 11.2 19.4 18.0 28.5 42.5 33.7 54.0 53.1 52.8 51.6 47.0 56.8 60.3 60.4 52.7 58.7 66.0 132.6 95.8 150.2 44.4 53.7 44.4 36.2 42.6 31.3 44.4 44.9 45.5 52.2 46.4 51.6 52.9 127.9 100.8 58.2 34.7 27.0 28.1 45.1 75.0 90.1 100.3 115.6 106.5 115.2 145.2 152.0 157.0 161.2
-9999.0 -9999.0 -9999.0 -9999.0 -9999.0 -9999.0 -9999.0 -9999.0 -9999.0 -9999.0 -9999.0 -9999.0 -9999.0 -9999.0 -9999.0 -9999.0 -9999.0 -9999.0 -9999.0 -9999.0 -9999.0 1.9 2.5 1.5 4.8 11.7 13.7 15.5 16.5 25.5 29.6 50.2 55.8 59.1 59.9 59.3 58.0 57.0 60.3 78.2 91.1 49.0 47.4 53.9 129.5 69.4 169.2 78.0 44.3 21.4 52.2 48.8 52.1 49.2 52.0 48.7 46.6 53.2 37.1 63.1 127.2 139.1 82.8 55.3 33.9 32.8 42.6 64.1 78.1 90.9 101.2 103.7 116.1 134.6 129.1 124.9 123.8
-9999.0 -9999.0 -9999.0 -9999.0 -9999.0 -9999.0 -9999.0 -9999.0 -9999.0 -9999.0 -9999.0 -9999.0 -9999.0 -9999.0 -9999.0 -9999.0 -9999.0 -9999.0 -9999.0 -9999.0 -9999.0 -9999.0 -9999.0 5.6 5.6 8.7 11.3 11.8 8.7 18.1 22.1 29.6 28.0 47.1 51.2 59.3 59.8 61.9 56.8 50.6 48.3 41.4 52.9 75.6 125.8 172.6 126.8 103.0 107.2 98.3 70.7 66.9 69.9 72.1 63.6 45.9 55.1 47.7 77.1 62.3 144.9 154.8 136.4 88.4 66.2 53.2 57.7 73.3 87.4 89.5 93.6 100.9 110.7 112.6 107.9 104.8 113.9
-9999.0 -9999.0 -9999.0 -9999.0 -9999.0 -9999.0 -9999.0 -9999.0 -9999.0 -9999.0 -9999.0 -9999.0 -9999.0 -9999.0 -9999.0 -9999.0 -9999.0 -9999.0 -9999.0 -9999.0 -9999.0 -9999.0 -9999.0 -9999.0 -9999.0 7.7 13.6 1.0 3.0 2.4 11.1 27.0 38.0 41.5 52.7 50.6 42.9 57.3 49.0 49.0 38.1 44.2 120.9 116.4 159.7 161.7 170.9 171.2 83.1 113.1 76.2 92.1 88.3 90.5 74.0 66.4 65.0 62.0 55.2 63.1 86.2 110.4 65.2 77.9 73.9 80.6 95.9 97.6 99.5 99.8 95.4 100.6 109.8 103.0 96.3 98.6 112.5
-9999.0 -9999.0 -9999.0 -9999.0 -9999.0 -9999.0 -9999.0 -9999.0 -9999.0 -9999.0 -9999.0 -9999.0 -9999.0 -9999.0 -9999.0 -9999.0 -9999.0 -9999.0 -9999.0 -9999.0 -9999.0 -9999.0 -9999.0 -9999.0 -9999.0 -9999.0 -9999.0 6.8 11.2 18.3 21.1 26.6 16.4 39.5 39.2 40.6 48.5 49.1 55.4 47.0 38.2 60.9 110.4 126.8 139.4 145.3 146.7 159.9 177.3 177.2 207.7 201.8 121.6 112.2 96.5 86.4 75.1 68.7 62.6 66.2 76.3 81.1 70.6 57.9 49.7 64.9 105.4 121.6 105.7 102.8 101.4 108.5 113.0 107.6 101.8 105.0 116.2
-9999.0 -9999.0 -9999.0 -9999.0 -9999.0 -9999.0 -9999.0 -9999.0 -9999.0 -9999.0 -9999.0 -9999.0 -9999.0 -9999.0 -9999.0 -9999.0 -9999.0 -9999.0 -9999.0 -9999.0 -9999.0 -9999.0 -9999.0 -9999.0 -9999.0 -9999.0 -9999.0 -9999.0 -9999.0 -9999.0 -9999.0 -9999.0 -9999.0 23.1 29.8 -9999.0 -9999.0 -9999.0 46.7 46.2 62.7 79.1 86.9 96.9 98.6 115.9 -9999.0 -9999.0 -9999.0 -9999.0 -9999.0 -9999.0 167.8 119.2 106.8 93.1 86.8 74.7 64.6 56.9 62.8 71.5 55.4 45.7 46.8 66.7 109.3 147.0 142.6 122.6 117.6 127.7 133.0 132.1 128.6 135.3 145.9
-9999.0 -9999.0 -9999.0 -9999.0 -9999.0 -9999.0 -9999.0 -9999.0 -9999.0 -9999.0 -9999.0 -9999.0 -9999.0 -9999.0 -9999.0 -9999.0 -9999.0 -9999.0 -9999.0 -9999.0 -9999.0 -9999.0 -9999.0 -9999.0 -9999.0 -9999.0 -9999.0 -9999.0 -9999.0 -9999.0 -9999.0 -9999.0 -9999.0 -9999.0 -9999.0 -9999.0 -9999.0 -9999.0 -9999.0 17.9 27.4 36.5 47.0 60.4 -9999.0 -9999.0 -9999.0 -9999.0 -9999.0 -9999.0 -9999.0 -9999.0 175.7 122.6 108.6 94.7 86.7 73.0 61.0 58.3 61.3 73.9 73.0 53.2 63.3 84.4 127.9 168.9 173.9 182.3 168.7 165.4 164.8 168.5 179.1 193.6 211.0
-9999.0 -9999.0 -9999.0 -9999.0 -9999.0 -9999.0 -9999.0 -9999.0 -9999.0 -9999.0 -9999.0 -9999.0 -9999.0 -9999.0 -9999.0 -9999.0 -9999.0 -9999.0 -9999.0 -9999.0 -9999.0 -9999.0 -9999.0 -9999.0 -9999.0 -9999.0 -9999.0 -9999.0 -9999.0 -9999.0 -9999.0 -9999.0 -9999.0 -9999.0 -9999.0 -9999.0 -9999.0 -9999.0 -9999.0 -9999.0 -9999.0 -9999.0 -9999.0 -9999.0 -9999.0 -9999.0 -9999.0 -9999.0 -9999.0 -9999.0 -9999.0 -9999.0 211.5 128.7 111.5 100.8 85.3 76.0 75.1 86.1 87.5 89.3 101.3 79.0 85.7 96.8 134.6 169.0 180.1 186.5 190.8 198.7 206.3 200.2 211.7 261.3 290.5
-9999.0 -9999.0 -9999.0 -9999.0 -9999.0 -9999.0 -9999.0 -9999.0 -9999.0 -9999.0 -9999.0 -9999.0 -9999.0 -9999.0 -9999.0 -9999.0 -9999.0 -9999.0 -9999.0 -9999.0 -9999.0 -9999.0 -9999.0 -9999.0 -9999.0 -9999.0 -9999.0 -9999.0 -9999.0 -9999.0 -9999.0 -9999.0 -9999.0 -9999.0 -9999.0 -9999.0 -9999.0 -9999.0 -9999.0 -9999.0 -9999.0 -9999.0 -9999.0 -9999.0 -9999.0 -9999.0 -9999.0 -9999.0 -9999.0 -9999.0 -9999.0 228.4 222.5 147.0 129.7 100.4 87.6 93.2 97.4 88.7 135.6 132.4 97.3 99.3 99.7 105.8 141.1 172.8 177.4 187.9 202.6 212.2 209.7 220.1 252.8 315.8 332.4
-9999.0 -9999.0 -9999.0 -9999.0 -9999.0 -9999.0 -9999.0 -9999.0 -9999.0 -9999.0 -9999.0 -9999.0 -9999.0 -9999.0 -9999.0 -9999.0 -9999.0 -9999.0 -9999.0 -9999.0 -9999.0 -9999.0 -9999.0 -9999.0 -9999.0 -9999.0 -9999.0 -9999.0 -9999.0 -9999.0 -9999.0 -9999.0 -9999.0 -9999.0 -9999.0 -9999.0 -9999.0 -9999.0 -9999.0 -9999.0 -9999.0 -9999.0 -9999.0 -9999.0 -9999.0 -9999.0 -9999.0 -9999.0 -9999.0 -9999.0 138.7 251.5 235.2 183.5 155.8 121.3 102.6 94.1 108.5 134.4 145.6 145.2 114.3 117.4 115.2 127.8 151.1 183.0 188.0 215.7 235.3 237.6 237.0 254.9 282.0 311.7 382.4
-9999.0 -9999.0 -9999.0 -9999.0 -9999.0 -9999.0 -9999.0 -9999.0 -9999.0 -9999.0 -9999.0 -9999.0 -9999.0 -9999.0 -9999.0 -9999.0 -9999.0 -9999.0 -9999.0 -9999.0 -9999.0 -9999.0 -9999.0 -9999.0 -9999.0 -9999.0 -9999.0 -9999.0 -9999.0 -9999.0 -9999.0 -9999.0 -9999.0 -9999.0 -9999.0 -9999.0 -9999.0 -9999.0 -9999.0 -9999.0 -9999.0 -9999.0 -9999.0 -9999.0 -9999.0 -9999.0 -9999.0 -9999.0 -9999.0 -9999.0 121.0 254.7 280.6 248.1 192.6 160.9 143.5 121.7 121.6 123.4 121.0 117.0 101.2 112.2 124.9 152.6 181.7 187.5 200.9 236.8 286.4 298.6 294.7 308.5 330.9 354.8 330.3
-9999.0 -9999.0 -9999.0 -9999.0 -9999.0 -9999.0 -9999.0 -9999.0 -9999.0 -9999.0 -9999.0 -9999.0 -9999.0 -9999.0 -9999.0 -9999.0 -9999.0 -9999.0 -9999.0 -9999.0 -9999.0 -9999.0 -9999.0 -9999.0 -9999.0 -9999.0 -9999.0 -9999.0 -9999.0 -9999.0 -9999.0 -9999.0 -9999.0 -9999.0 -9999.0 -9999.0 -9999.0 -9999.0 -9999.0 -9999.0 -9999.0 -9999.0 -9999.0 -9999.0 -9999.0 -9999.0 -9999.0 -9999.0 -9999.0 -9999.0 84.3 203.5 250.3 254.9 274.5 213.6 157.1 142.6 135.4 121.2 122.9 118.0 105.1 97.0 115.2 154.2 183.0 172.8 174.1 240.4 313.4 334.6 361.4 345.2 357.9 349.1 284.5
-9999.0 -9999.0 -9999.0 -9999.0 -9999.0 -9999.0 -9999.0 -9999.0 -9999.0 -9999.0 -9999.0 -9999.0 -9999.0 -9999.0 -9999.0 -9999.0 -9999.0 -9999.0 -9999.0 -9999.0 -9999.0 -9999.0 -9999.0 -9999.0 -9999.0 -9999.0 -9999.0 -9999.0 -9999.0 -9999.0 -9999.0 -9999.0 -9999.0 -9999.0 -9999.0 -9999.0 -9999.0 -9999.0 -9999.0 -9999.0 -9999.0 -9999.0 -9999.0 -9999.0 -9999.0 -9999.0 -9999.0 -9999.0 -9999.0 -9999.0 119.6 213.4 260.9 288.3 261.8 208.9 180.0 163.2 159.5 150.2 158.2 138.6 100.4 98.1 109.5 140.6 180.0 186.7 207.5 159.8 278.5 342.8 357.8 330.5 329.0 303.8 256.2
-9999.0 -9999.0 -9999.0 -9999.0 -9999.0 -9999.0 -9999.0 -9999.0 -9999.0 -9999.0 -9999.0 -9999.0 -9999.0 -9999.0 -9999.0 -9999.0 -9999.0 -9999.0 -9999.0 -9999.0 -9999.0 -9999.0 -9999.0 -9999.0 -9999.0 -9999.0 -9999.0 -9999.0 -9999.0 -9999.0 -9999.0 -9999.0 -9999.0 -9999.0 -9999.0 -9999.0 -9999.0 -9999.0 -9999.0 -9999.0 -9999.0 -9999.0 -9999.0 -9999.0 -9999.0 -9999.0 -9999.0 -9999.0 -9999.0 -9999.0 -9999.0 -9999.0 -9999.0 223.0 220.4 201.9 186.6 187.7 177.6 206.1 244.5 187.5 180.4 134.0 119.2 130.8 167.3 148.3 180.4 191.0 216.6 256.8 265.7 245.3 231.8 237.3 219.6
-9999.0 -9999.0 -9999.0 -9999.0 -9999.0 -9999.0 -9999.0 -9999.0 -9999.0 -9999.0 -9999.0 -9999.0 -9999.0 -9999.0 -9999.0 -9999.0 -9999.0 -9999.0 -9999.0 -9999.0 -9999.0 -9999.0 -9999.0 -9999.0 -9999.0 -9999.0 -9999.0 -9999.0 -9999.0 -9999.0 -9999.0 -9999.0 -9999.0 -9999.0 -9999.0 -9999.0 -9999.0 -9999.0 -9999.0 -9999.0 -9999.0 -9999.0 -9999.0 -9999.0 -9999.0 -9999.0 -9999.0 -9999.0 -9999.0 -9999.0 -9999.0 -9999.0 -9999.0 161.8 166.6 206.1 188.8 191.9 240.0 321.2 322.9 254.6 282.6 179.2 147.0 133.3 100.8 169.7 129.5 147.9 169.2 200.6 195.8 168.4 154.2 150.2 178.2
-9999.0 -9999.0 -9999.0 -9999.0 -9999.0 -9999.0 -9999.0 -9999.0 -9999.0 -9999.0 -9999.0 -9999.0 -9999.0 -9999.0 -9999.0 -9999.0 -9999.0 -9999.0 -9999.0 -9999.0 -9999.0 -9999.0 -9999.0 -9999.0 -9999.0 -9999.0 -9999.0 -9999.0 -9999.0 -9999.0 -9999.0 -9999.0 -9999.0 -9999.0 -9999.0 -9999.0 -9999.0 -9999.0 -9999.0 -9999.0 -9999.0 -9999.0 -9999.0 -9999.0 -9999.0 -9999.0 -9999.0 -9999.0 -9999.0 -9999.0 -9999.0 -9999.0 -9999.0 121.8 117.5 183.1 207.0 226.1 283.9 336.6 412.3 386.3 375.8 298.4 154.7 -9999.0 -9999.0 -9999.0 154.7 151.0 193.3 227.7 210.2 166.9 141.4 141.7 197.8
-9999.0 -9999.0 -9999.0 -9999.0 -9999.0 -9999.0 -9999.0 -9999.0 -9999.0 -9999.0 -9999.0 -9999.0 -9999.0 -9999.0 -9999.0 -9999.0 -9999.0 -9999.0 -9999.0 -9999.0 -9999.0 -9999.0 -9999.0 -9999.0 -9999.0 -9999.0 -9999.0 -9999.0 -9999.0 -9999.0 -9999.0 -9999.0 -9999.0 -9999.0 -9999.0 -9999.0 -9999.0 -9999.0 -9999.0 -9999.0 -9999.0 -9999.0 -9999.0 -9999.0 -9999.0 -9999.0 -9999.0 -9999.0 -9999.0 -9999.0 -9999.0 -9999.0 -9999.0 -9999.0 126.6 165.5 178.9 206.7 309.7 402.8 319.5 -9999.0 -9999.0 -9999.0 -9999.0 -9999.0 -9999.0 -9999.0 163.0 208.1 266.5 305.3 276.3 203.8 174.1 212.8 291.5
-9999.0 -9999.0 -9999.0 -9999.0 -9999.0 -9999.0 -9999.0 -9999.0 -9999.0 -9999.0 -9999.0 -9999.0 -9999.0 -9999.0 -9999.0 -9999.0 -9999.0 -9999.0 -9999.0 -9999.0 -9999.0 -9999.0 -9999.0 -9999.0 -9999.0 -9999.0 -9999.0 -9999.0 -9999.0 -9999.0 -9999.0 -9999.0 -9999.0 -9999.0 -9999.0 -9999.0 -9999.0 -9999.0 -9999.0 -9999.0 -9999.0 -9999.0 -9999.0 -9999.0 -9999.0 -9999.0 -9999.0 -9999.0 -9999.0 -9999.0 -9999.0 -9999.0 -9999.0 -9999.0 -9999.0 136.0 227.3 233.4 252.8 337.1 343.0 -9999.0 -9999.0 -9999.0 -9999.0 -9999.0 -9999.0 -9999.0 -9999.0 -9999.0 323.4 -9999.0 -9999.0 -9999.0 -9999.0 -9999.0 336.5
-9999.0 -9999.0 -9999.0 -9999.0 -9999.0 -9999.0 -9999.0 -9999.0 -9999.0 -9999.0 -9999.0 -9999.0 -9999.0 -9999.0 -9999.0 -9999.0 -9999.0 -9999.0 -9999.0 -9999.0 -9999.0 -9999.0 -9999.0 -9999.0 -9999.0 -9999.0 -9999.0 -9999.0 -9999.0 -9999.0 -9999.0 -9999.0 -9999.0 -9999.0 -9999.0 -9999.0 -9999.0 -9999.0 -9999.0 -9999.0 -9999.0 -9999.0 -9999.0 -9999.0 -9999.0 -9999.0 -9999.0 -9999.0 -9999.0 -9999.0 -9999.0 -9999.0 -9999.0 -9999.0 -9999.0 -9999.0 -9999.0 -9999.0 252.6 256.2 -9999.0 -9999.0 -9999.0 -9999.0 -9999.0 -9999.0 -9999.0 -9999.0 -9999.0 -9999.0 -9999.0 -9999.0 -9999.0 -9999.0 -9999.0 245.5 302.6
-9999.0 -9999.0 -9999.0 -9999.0 -9999.0 -9999.0 -9999.0 -9999.0 -9999.0 -9999.0 -9999.0 -9999.0 -9999.0 -9999.0 -9999.0 -9999.0 -9999.0 -9999.0 -9999.0 -9999.0 -9999.0 -9999.0 -9999.0 -9999.0 -9999.0 -9999.0 -9999.0 -9999.0 -9999.0 -9999.0 -9999.0 -9999.0 -9999.0 -9999.0 -9999.0 -9999.0 -9999.0 -9999.0 -9999.0 -9999.0 -9999.0 -9999.0 -9999.0 -9999.0 -9999.0 -9999.0 -9999.0 -9999.0 -9999.0 -9999.0 -9999.0 -9999.0 -9999.0 -9999.0 -9999.0 -9999.0 -9999.0 -9999.0 -9999.0 -9999.0 -9999.0 -9999.0 -9999.0 -9999.0 -9999.0 -9999.0 -9999.0 -9999.0 -9999.0 -9999.0 -9999.0 -9999.0 -9999.0 -9999.0 -9999.0 -9999.0 -9999.0
