program/excelProcessViaJava/data/SURF_CLI_CHN_PRE_MON_GRID_0.5-198501.txt
NCOLS      128
NROWS       72
XLLCORNER    72.000000000000    
YLLCORNER    18.000000000000    
CELLSIZE    0.50000000000000    
NODATA_VALUE   -9999.000    
[rows 35 to 69 of 72, columns 0 to 79 of 128]
-9999.0 -9999.0 -9999.0 -9999.0 -9999.0 -9999.0 -9999.0 0.5 0.5 0.3 0.6 0.5 0.2 0.2 0.2 0.1 0.1 0.1 0.1 0.1 0.2 0.3 0.4 0.4 0.5 0.6 0.7 0.8 0.9 1.2 1.5 1.8 2.1 2.6 3.1 3.2 3.7 3.3 3.2 2.4 0.6 0.8 0.2 0.0 0.0 0.0 0.0 0.1 0.1 0.3 0.9 1.6 2.0 4.8 3.1 0.7 0.5 0.5 1.6 1.3 2.5 1.3 0.6 0.4 0.6 0.3 0.8 1.5 1.5 1.9 2.1 2.7 3.1 3.3 3.4 4.1 3.6 4.7 5.5 3.5
-9999.0 -9999.0 -9999.0 -9999.0 -9999.0 -9999.0 -9999.0 0.9 0.5 0.4 0.5 0.3 0.3 0.5 0.3 0.5 0.2 0.2 0.3 0.2 0.2 0.2 0.2 0.3 0.3 0.4 0.5 0.6 0.8 1.0 1.3 1.7 2.2 2.9 3.3 4.0 4.3 4.9 4.6 3.6 2.4 1.1 0.5 0.8 0.1 0.0 0.0 0.1 1.1 1.7 5.7 6.1 3.9 4.1 5.6 1.5 1.1 1.4 2.5 3.2 2.4 2.2 1.5 1.4 0.9 0.7 1.1 1.5 2.5 1.7 2.2 2.7 3.2 3.7 3.6 5.0 4.8 3.4 2.8 3.0
-9999.0 -9999.0 -9999.0 -9999.0 -9999.0 -9999.0 -9999.0 -9999.0 -9999.0 0.5 0.5 0.4 0.4 0.4 0.3 0.2 0.2 0.4 0.2 0.2 0.2 0.1 0.2 0.2 0.2 0.3 0.4 0.5 0.6 0.9 1.2 1.6 2.1 2.8 3.4 4.3 5.2 6.2 6.7 6.6 5.0 3.2 1.4 0.6 0.5 0.3 0.4 0.7 1.7 3.5 6.6 7.1 6.6 5.2 6.9 2.4 1.5 1.9 3.8 3.8 3.4 3.4 2.8 1.9 1.7 1.4 1.5 2.0 3.3 2.5 3.0 3.6 4.1 4.7 5.2 3.5 3.2 2.6 2.2 2.6
-9999.0 -9999.0 -9999.0 -9999.0 -9999.0 -9999.0 -9999.0 -9999.0 -9999.0 -9999.0 -9999.0 0.6 0.5 0.5 0.4 0.3 0.3 0.2 0.2 0.1 0.1 0.1 0.1 0.1 0.1 0.2 0.2 0.3 0.5 0.7 1.0 1.4 1.9 2.6 3.4 4.6 5.7 7.3 9.6 10.2 10.1 7.4 4.2 2.2 2.5 1.0 2.5 1.8 3.8 5.4 6.0 7.6 7.8 8.1 8.9 5.0 2.7 4.0 4.6 4.7 5.2 3.4 2.1 1.7 2.1 2.1 2.2 3.3 4.4 4.5 4.7 5.2 5.7 5.4 2.9 3.0 3.1 3.1 2.2 2.7
-9999.0 -9999.0 -9999.0 -9999.0 -9999.0 -9999.0 -9999.0 -9999.0 -9999.0 -9999.0 -9999.0 -9999.0 0.8 0.7 0.6 0.5 0.4 0.3 0.2 0.2 0.2 0.1 0.1 0.1 0.1 0.1 0.2 0.2 0.4 0.5 0.8 1.2 1.6 2.2 3.0 4.0 5.7 7.4 9.8 12.3 13.6 11.9 8.5 6.5 4.5 3.8 4.2 2.6 4.1 6.2 10.9 11.2 8.8 6.6 6.6 6.6 6.3 8.4 4.5 8.0 6.2 6.4 5.0 2.9 2.8 4.2 4.7 6.1 7.0 6.8 6.7 5.6 4.2 3.5 4.1 8.0 6.2 4.8 3.1 6.6
-9999.0 -9999.0 -9999.0 -9999.0 -9999.0 -9999.0 -9999.0 -9999.0 -9999.0 -9999.0 -9999.0 -9999.0 1.2 1.4 1.3 0.8 0.8 0.5 0.3 0.2 0.2 0.1 0.1 0.1 0.2 0.2 0.2 0.3 0.3 0.5 0.6 0.8 1.3 1.7 2.3 3.1 4.4 6.3 8.8 12.1 14.5 14.5 14.4 9.7 9.3 9.3 5.8 4.6 3.3 6.8 7.8 9.7 7.0 7.8 4.7 6.8 6.0 8.2 6.5 6.6 6.0 5.5 6.4 7.0 4.7 6.1 6.6 8.5 9.3 8.4 8.4 9.4 9.5 7.3 7.0 6.7 6.6 7.3 6.1 5.6
-9999.0 -9999.0 -9999.0 -9999.0 -9999.0 -9999.0 -9999.0 -9999.0 -9999.0 -9999.0 -9999.0 -9999.0 -9999.0 1.9 1.3 1.9 1.1 1.1 0.8 0.6 0.4 0.4 0.2 0.3 0.2 0.1 0.1 0.1 0.2 0.3 0.5 0.8 0.9 1.2 1.7 2.1 2.7 4.0 8.1 10.2 13.7 16.7 16.7 17.8 13.7 10.4 10.8 11.2 11.0 9.9 9.5 6.6 5.7 13.4 9.5 7.8 7.0 9.6 13.4 11.0 9.7 7.0 7.8 4.9 5.9 7.9 10.4 11.8 12.4 9.4 5.5 5.2 6.6 6.5 7.4 6.7 7.4 8.0 8.4 7.0
-9999.0 -9999.0 -9999.0 -9999.0 -9999.0 -9999.0 -9999.0 -9999.0 -9999.0 -9999.0 -9999.0 -9999.0 3.2 2.3 2.1 2.5 1.4 1.3 1.0 1.4 1.1 0.8 0.5 0.5 0.5 0.1 0.2 0.2 0.2 0.3 0.4 0.7 0.6 0.9 1.1 1.3 1.7 2.0 3.4 6.5 13.1 19.7 24.8 18.2 19.1 17.9 14.1 10.1 10.4 10.0 12.9 14.9 7.4 9.1 6.2 6.1 8.8 5.1 9.2 7.9 8.6 10.3 8.8 11.1 8.6 9.2 6.8 9.8 14.3 14.5 11.7 7.6 4.6 2.7 3.5 5.2 7.7 10.6 11.8 11.0
-9999.0 -9999.0 -9999.0 -9999.0 -9999.0 -9999.0 -9999.0 -9999.0 -9999.0 -9999.0 -9999.0 -9999.0 4.1 6.0 4.6 2.2 2.0 3.0 2.6 1.4 2.1 1.1 0.9 0.8 1.0 0.9 0.6 0.5 0.4 0.5 0.5 0.5 0.4 0.8 0.9 0.9 0.9 1.1 1.9 3.7 7.8 12.2 16.4 19.8 21.1 21.6 24.1 20.0 16.3 7.4 7.0 11.2 5.5 3.7 3.9 3.3 5.2 6.8 6.3 9.4 11.2 13.4 8.1 7.5 8.5 7.5 11.1 9.9 9.2 8.2 7.4 6.1 4.9 5.7 5.7 4.3 6.3 8.0 10.8 12.0
-9999.0 -9999.0 -9999.0 -9999.0 -9999.0 -9999.0 -9999.0 -9999.0 -9999.0 -9999.0 -9999.0 -9999.0 11.1 5.9 8.2 6.2 5.6 2.6 3.1 2.6 1.3 1.0 1.6 0.9 1.1 0.4 0.4 0.1 0.5 0.4 0.4 0.2 0.5 0.7 0.8 0.7 0.7 0.8 1.3 3.6 6.9 10.3 21.9 14.3 21.5 28.0 28.1 18.9 10.1 9.0 8.8 4.7 17.2 15.8 7.4 2.4 3.9 5.0 6.0 5.3 6.8 9.0 16.9 9.6 5.7 11.3 12.9 13.4 12.7 9.5 7.6 9.3 7.8 8.3 17.7 6.4 11.7 5.6 8.6 10.9
-9999.0 -9999.0 -9999.0 -9999.0 -9999.0 -9999.0 -9999.0 -9999.0 -9999.0 -9999.0 -9999.0 -9999.0 -9999.0 6.5 6.3 8.7 7.0 6.9 4.2 3.2 1.7 2.7 1.7 1.2 2.2 1.4 1.1 0.9 0.3 0.6 0.1 0.1 0.2 0.4 0.5 0.6 0.7 0.8 1.5 3.2 7.1 19.1 28.5 28.6 18.8 18.4 22.2 8.2 16.3 12.5 5.3 11.8 7.3 2.2 7.1 5.8 2.2 2.4 3.6 7.3 8.0 18.6 15.5 8.1 7.3 11.6 15.7 18.0 17.0 14.8 11.1 8.2 9.7 4.3 6.6 4.2 3.6 4.8 8.5 9.4
-9999.0 -9999.0 -9999.0 -9999.0 -9999.0 -9999.0 -9999.0 -9999.0 -9999.0 -9999.0 -9999.0 -9999.0 -9999.0 23.1 9.4 12.2 7.2 10.5 8.8 6.7 3.4 3.0 2.4 2.5 5.1 2.7 1.5 1.7 0.6 0.0 0.0 0.0 0.1 0.1 0.2 0.5 0.7 1.0 2.3 8.3 9.9 17.7 24.6 27.3 37.4 21.3 17.4 6.2 7.5 6.8 10.0 2.0 6.2 8.7 8.8 4.3 1.3 1.2 2.3 2.3 6.7 9.0 8.3 7.2 7.8 10.9 16.4 21.3 21.4 17.1 13.0 10.1 7.8 8.5 9.4 10.7 13.2 5.7 6.8 8.1
-9999.0 -9999.0 -9999.0 -9999.0 -9999.0 -9999.0 -9999.0 -9999.0 -9999.0 -9999.0 -9999.0 -9999.0 -9999.0 -9999.0 -9999.0 16.5 16.8 12.6 13.4 14.2 7.5 9.0 8.7 6.7 4.5 3.6 0.6 0.7 0.0 0.1 0.0 0.0 0.0 0.0 0.1 0.4 1.1 1.1 2.3 5.5 13.7 21.5 25.2 23.6 11.5 6.4 11.3 2.3 6.3 0.7 3.2 12.5 3.9 3.9 0.2 2.0 1.3 0.1 1.9 3.9 5.5 7.9 13.4 11.4 8.9 10.0 15.9 22.3 21.6 19.5 15.3 10.6 14.9 14.8 11.9 19.6 16.7 17.9 8.6 7.3
-9999.0 -9999.0 -9999.0 -9999.0 -9999.0 -9999.0 -9999.0 -9999.0 -9999.0 -9999.0 -9999.0 -9999.0 -9999.0 -9999.0 -9999.0 -9999.0 -9999.0 91.6 45.1 -9999.0 31.8 13.8 19.5 17.0 8.0 6.5 1.2 1.0 0.9 0.0 0.0 0.0 0.0 0.0 0.2 0.3 1.1 1.0 2.5 5.5 10.8 20.2 19.8 15.7 3.9 4.3 9.0 12.4 1.8 3.6 0.3 1.5 0.2 3.7 3.9 3.0 0.5 1.8 1.5 3.0 4.2 11.2 16.0 12.9 9.8 10.2 15.8 22.5 21.8 19.8 13.5 19.1 19.5 13.1 17.2 23.2 18.9 13.9 10.5 7.8
-9999.0 -9999.0 -9999.0 -9999.0 -9999.0 -9999.0 -9999.0 -9999.0 -9999.0 -9999.0 -9999.0 -9999.0 -9999.0 -9999.0 -9999.0 -9999.0 -9999.0 -9999.0 -9999.0 -9999.0 -9999.0 32.8 22.8 11.2 14.1 21.1 13.5 6.9 1.8 1.0 0.0 0.2 0.0 0.0 0.2 0.3 0.7 1.0 1.1 0.9 1.5 15.6 18.1 13.7 2.2 5.4 14.8 2.5 11.1 46.1 2.4 11.8 9.1 0.9 2.2 4.2 3.2 1.0 5.3 2.9 6.4 12.6 15.7 13.4 11.3 13.5 19.3 25.2 23.3 19.9 16.3 17.2 15.2 9.9 10.6 14.1 14.3 10.1 10.5 12.0
-9999.0 -9999.0 -9999.0 -9999.0 -9999.0 -9999.0 -9999.0 -9999.0 -9999.0 -9999.0 -9999.0 -9999.0 -9999.0 -9999.0 -9999.0 -9999.0 -9999.0 -9999.0 -9999.0 -9999.0 -9999.0 -9999.0 -9999.0 80.8 34.6 30.7 22.3 11.0 1.5 1.1 0.0 0.0 0.0 0.0 0.0 0.2 1.0 1.3 4.1 7.6 8.6 14.0 6.4 2.1 1.4 17.3 4.2 3.5 5.1 5.4 1.8 6.7 1.7 2.5 1.2 0.1 2.4 3.8 0.6 3.9 9.3 15.9 19.9 14.6 15.9 19.1 24.7 28.5 25.8 18.6 17.0 13.6 12.0 14.1 9.3 10.7 16.9 16.8 16.4 19.9
-9999.0 -9999.0 -9999.0 -9999.0 -9999.0 -9999.0 -9999.0 -9999.0 -9999.0 -9999.0 -9999.0 -9999.0 -9999.0 -9999.0 -9999.0 -9999.0 -9999.0 -9999.0 -9999.0 -9999.0 -9999.0 -9999.0 -9999.0 -9999.0 -9999.0 127.1 56.1 3.8 1.7 0.1 0.0 0.0 0.0 0.0 0.1 0.3 2.4 2.2 6.3 5.4 11.8 4.7 0.4 0.5 8.0 18.8 12.2 29.7 3.9 5.8 7.7 5.2 7.3 5.6 1.4 0.5 1.7 0.8 3.2 4.3 8.6 14.4 20.5 10.9 15.6 22.6 28.2 26.9 23.9 20.3 12.2 9.7 7.3 15.4 16.9 13.0 15.7 23.9 36.4 30.8
-9999.0 -9999.0 -9999.0 -9999.0 -9999.0 -9999.0 -9999.0 -9999.0 -9999.0 -9999.0 -9999.0 -9999.0 -9999.0 -9999.0 -9999.0 -9999.0 -9999.0 -9999.0 -9999.0 -9999.0 -9999.0 -9999.0 -9999.0 -9999.0 -9999.0 -9999.0 -9999.0 127.7 100.6 22.2 8.8 3.4 0.0 1.5 0.1 5.2 1.4 2.0 0.9 3.0 6.4 0.4 1.0 7.7 11.6 18.9 26.7 30.9 34.3 17.9 34.3 35.5 7.5 6.4 2.9 2.0 0.3 0.4 2.3 3.7 5.9 10.4 6.5 8.7 12.8 15.5 24.6 24.7 19.2 13.9 9.1 11.9 6.9 15.4 13.6 15.1 30.8 37.4 35.0 36.0
-9999.0 -9999.0 -9999.0 -9999.0 -9999.0 -9999.0 -9999.0 -9999.0 -9999.0 -9999.0 -9999.0 -9999.0 -9999.0 -9999.0 -9999.0 -9999.0 -9999.0 -9999.0 -9999.0 -9999.0 -9999.0 -9999.0 -9999.0 -9999.0 -9999.0 -9999.0 -9999.0 -9999.0 -9999.0 -9999.0 -9999.0 -9999.0 -9999.0 15.6 1.1 -9999.0 -9999.0 -9999.0 3.0 1.5 0.9 1.5 1.0 10.7 17.4 20.0 -9999.0 -9999.0 -9999.0 -9999.0 -9999.0 -9999.0 20.3 6.8 5.9 1.6 0.4 0.6 1.3 2.2 3.3 5.9 4.5 6.0 7.7 11.4 17.5 20.9 17.8 11.1 6.9 11.5 16.8 15.0 24.3 21.4 39.0 41.4 43.9 43.8
-9999.0 -9999.0 -9999.0 -9999.0 -9999.0 -9999.0 -9999.0 -9999.0 -9999.0 -9999.0 -9999.0 -9999.0 -9999.0 -9999.0 -9999.0 -9999.0 -9999.0 -9999.0 -9999.0 -9999.0 -9999.0 -9999.0 -9999.0 -9999.0 -9999.0 -9999.0 -9999.0 -9999.0 -9999.0 -9999.0 -9999.0 -9999.0 -9999.0 -9999.0 -9999.0 -9999.0 -9999.0 -9999.0 -9999.0 17.6 14.5 13.8 14.0 14.6 -9999.0 -9999.0 -9999.0 -9999.0 -9999.0 -9999.0 -9999.0 -9999.0 18.7 7.1 3.9 1.5 0.4 0.3 0.4 0.4 0.5 1.8 3.4 3.5 7.0 11.4 17.0 19.0 14.9 14.0 14.1 14.6 14.9 26.1 23.2 29.8 38.3 44.1 52.9 46.5
-9999.0 -9999.0 -9999.0 -9999.0 -9999.0 -9999.0 -9999.0 -9999.0 -9999.0 -9999.0 -9999.0 -9999.0 -9999.0 -9999.0 -9999.0 -9999.0 -9999.0 -9999.0 -9999.0 -9999.0 -9999.0 -9999.0 -9999.0 -9999.0 -9999.0 -9999.0 -9999.0 -9999.0 -9999.0 -9999.0 -9999.0 -9999.0 -9999.0 -9999.0 -9999.0 -9999.0 -9999.0 -9999.0 -9999.0 -9999.0 -9999.0 -9999.0 -9999.0 -9999.0 -9999.0 -9999.0 -9999.0 -9999.0 -9999.0 -9999.0 -9999.0 -9999.0 13.5 6.8 3.8 1.2 0.3 0.2 0.2 0.2 0.1 0.4 4.1 3.0 6.7 13.8 20.4 19.0 14.2 12.8 14.7 18.4 32.4 31.8 35.3 32.7 39.6 43.9 48.3 50.8
-9999.0 -9999.0 -9999.0 -9999.0 -9999.0 -9999.0 -9999.0 -9999.0 -9999.0 -9999.0 -9999.0 -9999.0 -9999.0 -9999.0 -9999.0 -9999.0 -9999.0 -9999.0 -9999.0 -9999.0 -9999.0 -9999.0 -9999.0 -9999.0 -9999.0 -9999.0 -9999.0 -9999.0 -9999.0 -9999.0 -9999.0 -9999.0 -9999.0 -9999.0 -9999.0 -9999.0 -9999.0 -9999.0 -9999.0 -9999.0 -9999.0 -9999.0 -9999.0 -9999.0 -9999.0 -9999.0 -9999.0 -9999.0 -9999.0 -9999.0 -9999.0 8.9 11.5 6.5 4.1 1.4 0.5 0.3 0.3 0.1 0.3 0.5 1.3 3.9 9.4 19.5 26.8 20.6 16.4 13.4 15.5 20.9 25.2 30.5 36.1 35.4 41.6 42.3 52.5 54.9
-9999.0 -9999.0 -9999.0 -9999.0 -9999.0 -9999.0 -9999.0 -9999.0 -9999.0 -9999.0 -9999.0 -9999.0 -9999.0 -9999.0 -9999.0 -9999.0 -9999.0 -9999.0 -9999.0 -9999.0 -9999.0 -9999.0 -9999.0 -9999.0 -9999.0 -9999.0 -9999.0 -9999.0 -9999.0 -9999.0 -9999.0 -9999.0 -9999.0 -9999.0 -9999.0 -9999.0 -9999.0 -9999.0 -9999.0 -9999.0 -9999.0 -9999.0 -9999.0 -9999.0 -9999.0 -9999.0 -9999.0 -9999.0 -9999.0 -9999.0 4.6 7.3 7.6 5.5 3.2 1.6 1.0 0.5 0.3 0.1 0.2 0.3 2.1 5.9 15.6 28.1 31.2 27.1 22.1 16.5 19.0 21.5 28.8 37.7 40.8 41.3 35.0 47.3 47.6 51.2
-9999.0 -9999.0 -9999.0 -9999.0 -9999.0 -9999.0 -9999.0 -9999.0 -9999.0 -9999.0 -9999.0 -9999.0 -9999.0 -9999.0 -9999.0 -9999.0 -9999.0 -9999.0 -9999.0 -9999.0 -9999.0 -9999.0 -9999.0 -9999.0 -9999.0 -9999.0 -9999.0 -9999.0 -9999.0 -9999.0 -9999.0 -9999.0 -9999.0 -9999.0 -9999.0 -9999.0 -9999.0 -9999.0 -9999.0 -9999.0 -9999.0 -9999.0 -9999.0 -9999.0 -9999.0 -9999.0 -9999.0 -9999.0 -9999.0 -9999.0 2.9 5.8 2.3 3.5 2.4 1.5 0.5 0.4 0.1 0.1 0.2 0.8 4.4 10.3 19.6 30.0 30.3 24.7 21.8 18.4 21.9 28.2 34.7 37.0 35.9 34.1 38.3 38.6 44.1 50.8
-9999.0 -9999.0 -9999.0 -9999.0 -9999.0 -9999.0 -9999.0 -9999.0 -9999.0 -9999.0 -9999.0 -9999.0 -9999.0 -9999.0 -9999.0 -9999.0 -9999.0 -9999.0 -9999.0 -9999.0 -9999.0 -9999.0 -9999.0 -9999.0 -9999.0 -9999.0 -9999.0 -9999.0 -9999.0 -9999.0 -9999.0 -9999.0 -9999.0 -9999.0 -9999.0 -9999.0 -9999.0 -9999.0 -9999.0 -9999.0 -9999.0 -9999.0 -9999.0 -9999.0 -9999.0 -9999.0 -9999.0 -9999.0 -9999.0 -9999.0 2.4 2.3 1.3 2.3 1.1 0.7 0.5 0.3 0.1 0.1 0.3 1.4 5.5 13.3 17.4 19.7 19.9 18.0 17.0 23.1 24.2 36.8 35.1 39.9 34.4 35.4 42.7 40.1 46.4 46.5
-9999.0 -9999.0 -9999.0 -9999.0 -9999.0 -9999.0 -9999.0 -9999.0 -9999.0 -9999.0 -9999.0 -9999.0 -9999.0 -9999.0 -9999.0 -9999.0 -9999.0 -9999.0 -9999.0 -9999.0 -9999.0 -9999.0 -9999.0 -9999.0 -9999.0 -9999.0 -9999.0 -9999.0 -9999.0 -9999.0 -9999.0 -9999.0 -9999.0 -9999.0 -9999.0 -9999.0 -9999.0 -9999.0 -9999.0 -9999.0 -9999.0 -9999.0 -9999.0 -9999.0 -9999.0 -9999.0 -9999.0 -9999.0 -9999.0 -9999.0 3.0 2.6 1.6 1.0 0.6 0.4 0.3 0.5 0.4 0.5 1.2 4.3 11.1 13.8 13.2 11.9 11.9 14.1 20.3 16.5 26.3 32.3 37.7 41.2 37.0 41.8 48.6 48.5 55.8 51.7
-9999.0 -9999.0 -9999.0 -9999.0 -9999.0 -9999.0 -9999.0 -9999.0 -9999.0 -9999.0 -9999.0 -9999.0 -9999.0 -9999.0 -9999.0 -9999.0 -9999.0 -9999.0 -9999.0 -9999.0 -9999.0 -9999.0 -9999.0 -9999.0 -9999.0 -9999.0 -9999.0 -9999.0 -9999.0 -9999.0 -9999.0 -9999.0 -9999.0 -9999.0 -9999.0 -9999.0 -9999.0 -9999.0 -9999.0 -9999.0 -9999.0 -9999.0 -9999.0 -9999.0 -9999.0 -9999.0 -9999.0 -9999.0 -9999.0 -9999.0 -9999.0 -9999.0 -9999.0 0.5 0.2 0.1 0.5 1.2 1.4 2.2 2.1 10.5 12.2 15.5 11.6 9.2 10.8 14.1 22.8 29.2 31.2 33.5 37.3 41.6 46.2 50.1 57.7 59.7 59.3 54.4
-9999.0 -9999.0 -9999.0 -9999.0 -9999.0 -9999.0 -9999.0 -9999.0 -9999.0 -9999.0 -9999.0 -9999.0 -9999.0 -9999.0 -9999.0 -9999.0 -9999.0 -9999.0 -9999.0 -9999.0 -9999.0 -9999.0 -9999.0 -9999.0 -9999.0 -9999.0 -9999.0 -9999.0 -9999.0 -9999.0 -9999.0 -9999.0 -9999.0 -9999.0 -9999.0 -9999.0 -9999.0 -9999.0 -9999.0 -9999.0 -9999.0 -9999.0 -9999.0 -9999.0 -9999.0 -9999.0 -9999.0 -9999.0 -9999.0 -9999.0 -9999.0 -9999.0 -9999.0 0.2 0.1 0.1 0.4 1.4 3.7 4.8 10.1 16.7 20.5 19.1 14.8 12.5 14.8 21.8 29.6 36.3 36.2 37.4 42.9 50.0 57.5 69.2 68.6 71.3 62.6 51.4
-9999.0 -9999.0 -9999.0 -9999.0 -9999.0 -9999.0 -9999.0 -9999.0 -9999.0 -9999.0 -9999.0 -9999.0 -9999.0 -9999.0 -9999.0 -9999.0 -9999.0 -9999.0 -9999.0 -9999.0 -9999.0 -9999.0 -9999.0 -9999.0 -9999.0 -9999.0 -9999.0 -9999.0 -9999.0 -9999.0 -9999.0 -9999.0 -9999.0 -9999.0 -9999.0 -9999.0 -9999.0 -9999.0 -9999.0 -9999.0 -9999.0 -9999.0 -9999.0 -9999.0 -9999.0 -9999.0 -9999.0 -9999.0 -9999.0 -9999.0 -9999.0 -9999.0 -9999.0 0.1 0.0 0.1 0.3 1.5 5.9 11.9 19.0 28.1 29.7 27.2 21.1 -9999.0 -9999.0 -9999.0 43.5 46.7 46.5 47.8 51.7 58.4 67.3 76.8 66.7 61.0 66.6 42.7
-9999.0 -9999.0 -9999.0 -9999.0 -9999.0 -9999.0 -9999.0 -9999.0 -9999.0 -9999.0 -9999.0 -9999.0 -9999.0 -9999.0 -9999.0 -9999.0 -9999.0 -9999.0 -9999.0 -9999.0 -9999.0 -9999.0 -9999.0 -9999.0 -9999.0 -9999.0 -9999.0 -9999.0 -9999.0 -9999.0 -9999.0 -9999.0 -9999.0 -9999.0 -9999.0 -9999.0 -9999.0 -9999.0 -9999.0 -9999.0 -9999.0 -9999.0 -9999.0 -9999.0 -9999.0 -9999.0 -9999.0 -9999.0 -9999.0 -9999.0 -9999.0 -9999.0 -9999.0 -9999.0 0.0 0.1 0.1 1.8 10.5 20.8 33.7 -9999.0 -9999.0 -9999.0 -9999.0 -9999.0 -9999.0 -9999.0 48.8 56.5 61.0 51.0 52.7 62.2 65.5 58.9 46.6 34.9 29.8 -9999.0
-9999.0 -9999.0 -9999.0 -9999.0 -9999.0 -9999.0 -9999.0 -9999.0 -9999.0 -9999.0 -9999.0 -9999.0 -9999.0 -9999.0 -9999.0 -9999.0 -9999.0 -9999.0 -9999.0 -9999.0 -9999.0 -9999.0 -9999.0 -9999.0 -9999.0 -9999.0 -9999.0 -9999.0 -9999.0 -9999.0 -9999.0 -9999.0 -9999.0 -9999.0 -9999.0 -9999.0 -9999.0 -9999.0 -9999.0 -9999.0 -9999.0 -9999.0 -9999.0 -9999.0 -9999.0 -9999.0 -9999.0 -9999.0 -9999.0 -9999.0 -9999.0 -9999.0 -9999.0 -9999.0 -9999.0 0.1 1.6 5.8 18.0 34.8 48.9 -9999.0 -9999.0 -9999.0 -9999.0 -9999.0 -9999.0 -9999.0 -9999.0 -9999.0 52.0 -9999.0 -9999.0 -9999.0 -9999.0 -9999.0 29.4 -9999.0 -9999.0 -9999.0
-9999.0 -9999.0 -9999.0 -9999.0 -9999.0 -9999.0 -9999.0 -9999.0 -9999.0 -9999.0 -9999.0 -9999.0 -9999.0 -9999.0 -9999.0 -9999.0 -9999.0 -9999.0 -9999.0 -9999.0 -9999.0 -9999.0 -9999.0 -9999.0 -9999.0 -9999.0 -9999.0 -9999.0 -9999.0 -9999.0 -9999.0 -9999.0 -9999.0 -9999.0 -9999.0 -9999.0 -9999.0 -9999.0 -9999.0 -9999.0 -9999.0 -9999.0 -9999.0 -9999.0 -9999.0 -9999.0 -9999.0 -9999.0 -9999.0 -9999.0 -9999.0 -9999.0 -9999.0 -9999.0 -9999.0 -9999.0 -9999.0 -9999.0 24.9 43.4 -9999.0 -9999.0 -9999.0 -9999.0 -9999.0 -9999.0 -9999.0 -9999.0 -9999.0 -9999.0 -9999.0 -9999.0 -9999.0 -9999.0 -9999.0 32.9 21.5 -9999.0 -9999.0 -9999.0
-9999.0 -9999.0 -9999.0 -9999.0 -9999.0 -9999.0 -9999.0 -9999.0 -9999.0 -9999.0 -9999.0 -9999.0 -9999.0 -9999.0 -9999.0 -9999.0 -9999.0 -9999.0 -9999.0 -9999.0 -9999.0 -9999.0 -9999.0 -9999.0 -9999.0 -9999.0 -9999.0 -9999.0 -9999.0 -9999.0 -9999.0 -9999.0 -9999.0 -9999.0 -9999.0 -9999.0 -9999.0 -9999.0 -9999.0 -9999.0 -9999.0 -9999.0 -9999.0 -9999.0 -9999.0 -9999.0 -9999.0 -9999.0 -9999.0 -9999.0 -9999.0 -9999.0 -9999.0 -9999.0 -9999.0 -9999.0 -9999.0 -9999.0 -9999.0 -9999.0 -9999.0 -9999.0 -9999.0 -9999.0 -9999.0 -9999.0 -9999.0 -9999.0 -9999.0 -9999.0 -9999.0 -9999.0 -9999.0 -9999.0 -9999.0 -9999.0 -9999.0 -9999.0 -9999.0 -9999.0
-9999.0 -9999.0 -9999.0 -9999.0 -9999.0 -9999.0 -9999.0 -9999.0 -9999.0 -9999.0 -9999.0 -9999.0 -9999.0 -9999.0 -9999.0 -9999.0 -9999.0 -9999.0 -9999.0 -9999.0 -9999.0 -9999.0 -9999.0 -9999.0 -9999.0 -9999.0 -9999.0 -9999.0 -9999.0 -9999.0 -9999.0 -9999.0 -9999.0 -9999.0 -9999.0 -9999.0 -9999.0 -9999.0 -9999.0 -9999.0 -9999.0 -9999.0 -9999.0 -9999.0 -9999.0 -9999.0 -9999.0 -9999.0 -9999.0 -9999.0 -9999.0 -9999.0 -9999.0 -9999.0 -9999.0 -9999.0 -9999.0 -9999.0 -9999.0 -9999.0 -9999.0 -9999.0 -9999.0 -9999.0 -9999.0 -9999.0 -9999.0 -9999.0 -9999.0 -9999.0 -9999.0 -9999.0 -9999.0 -9999.0 -9999.0 26.7 27.0 29.2 -9999.0 -9999.0
-9999.0 -9999.0 -9999.0 -9999.0 -9999.0 -9999.0 -9999.0 -9999.0 -9999.0 -9999.0 -9999.0 -9999.0 -9999.0 -9999.0 -9999.0 -9999.0 -9999.0 -9999.0 -9999.0 -9999.0 -9999.0 -9999.0 -9999.0 -9999.0 -9999.0 -9999.0 -9999.0 -9999.0 -9999.0 -9999.0 -9999.0 -9999.0 -9999.0 -9999.0 -9999.0 -9999.0 -9999.0 -9999.0 -9999.0 -9999.0 -9999.0 -9999.0 -9999.0 -9999.0 -9999.0 -9999.0 -9999.0 -9999.0 -9999.0 -9999.0 -9999.0 -9999.0 -9999.0 -9999.0 -9999.0 -9999.0 -9999.0 -9999.0 -9999.0 -9999.0 -9999.0 -9999.0 -9999.0 -9999.0 -9999.0 -9999.0 -9999.0 -9999.0 -9999.0 -9999.0 -9999.0 -9999.0 -9999.0 10.7 22.7 29.2 43.5 -9999.0 -9999.0 -9999.0
