program/excelProcessViaJava/data/SURF_CLI_CHN_PRE_MON_GRID_0.5-200306.txt
NCOLS      128
NROWS       72
XLLCORNER    72.000000000000    
YLLCORNER    18.000000000000    
CELLSIZE    0.50000000000000    
NODATA_VALUE   -9999.000    
[rows 34 to 67 of 72, columns 0 to 74 of 128]
-9999.0 -9999.0 -9999.0 -9999.0 5.9 7.4 4.3 9.3 2.3 2.8 15.7 4.5 9.3 8.5 21.8 17.6 12.4 7.9 5.3 5.7 8.8 12.4 15.7 15.8 9.5 7.1 16.4 20.2 26.2 31.5 37.2 40.2 45.9 48.2 48.7 46.2 45.9 45.1 34.2 21.4 26.1 8.4 6.0 3.6 3.8 4.6 5.7 7.7 11.8 21.3 33.8 49.9 73.4 70.7 64.5 64.4 64.1 74.2 92.8 75.9 104.5 71.4 66.3 67.4 57.1 47.4 40.6 34.5 35.0 48.3 53.4 59.5 61.4 67.7 79.4
-9999.0 -9999.0 -9999.0 -9999.0 -9999.0 -9999.0 -9999.0 5.6 3.5 6.3 1.1 1.2 5.9 3.8 3.5 16.5 8.6 9.4 8.3 8.6 6.5 4.3 5.1 7.9 11.4 15.3 17.5 21.5 26.6 29.8 36.6 42.8 48.2 50.8 51.9 51.6 50.7 46.5 46.5 44.3 26.2 42.5 37.7 24.9 14.2 7.6 11.8 11.6 18.4 18.5 25.4 38.4 55.2 79.8 77.8 54.6 46.7 49.3 80.0 75.7 86.6 58.0 54.6 57.7 55.3 40.7 36.1 36.8 35.6 44.5 49.3 55.6 62.6 69.9 81.9
-9999.0 -9999.0 -9999.0 -9999.0 -9999.0 -9999.0 -9999.0 0.7 5.6 2.1 1.3 3.1 1.8 0.6 1.8 0.3 2.1 2.5 0.9 3.6 4.9 3.9 7.1 9.4 13.5 17.1 21.9 22.5 32.2 39.0 40.6 46.5 52.1 53.5 57.7 57.3 54.6 52.1 47.9 42.7 40.7 38.8 39.4 48.2 29.7 18.7 22.8 25.2 40.6 39.6 61.8 64.0 55.7 66.2 78.8 58.2 51.8 56.7 69.0 73.6 62.6 58.1 54.2 58.7 50.9 43.1 38.9 38.1 49.9 39.5 44.2 52.4 59.6 64.0 74.6
-9999.0 -9999.0 -9999.0 -9999.0 -9999.0 -9999.0 -9999.0 -9999.0 -9999.0 1.5 2.0 3.0 0.8 1.0 1.8 2.6 1.3 0.3 1.3 0.7 2.5 6.2 9.1 12.1 16.2 21.6 24.3 29.2 38.0 37.1 51.5 54.6 59.4 61.4 66.3 65.5 62.2 57.9 51.5 47.6 42.4 43.2 41.4 38.3 41.8 40.4 40.2 40.2 44.3 48.9 58.9 60.6 62.8 65.6 79.0 64.5 54.1 55.7 68.8 65.9 60.7 62.9 65.9 57.9 60.0 54.3 50.0 48.7 59.0 46.5 49.4 49.8 55.3 58.6 63.1
-9999.0 -9999.0 -9999.0 -9999.0 -9999.0 -9999.0 -9999.0 -9999.0 -9999.0 -9999.0 -9999.0 0.6 3.9 0.5 1.1 0.9 1.2 1.9 2.6 2.7 2.4 6.1 8.1 13.9 11.7 20.0 22.7 28.5 36.4 45.8 52.9 53.5 66.2 70.9 75.7 72.4 73.0 67.6 64.0 54.1 51.8 47.5 46.2 46.2 56.4 49.5 59.8 53.7 58.7 60.1 58.5 63.3 68.6 77.1 86.5 81.7 71.2 75.1 73.8 71.1 70.3 59.9 59.0 64.3 71.2 66.1 63.2 62.5 62.3 63.5 57.4 54.6 50.8 54.2 66.0
-9999.0 -9999.0 -9999.0 -9999.0 -9999.0 -9999.0 -9999.0 -9999.0 -9999.0 -9999.0 -9999.0 -9999.0 2.1 2.4 0.6 1.4 0.3 1.2 1.7 0.8 6.3 7.3 10.0 16.1 6.4 23.2 32.5 30.5 39.1 37.5 53.4 63.2 71.2 73.3 79.8 85.8 81.0 80.8 72.2 61.8 54.5 53.0 55.8 62.7 66.3 70.4 74.4 67.2 70.1 72.5 79.7 79.7 79.0 82.4 90.7 95.8 95.4 99.2 82.3 92.2 79.5 71.8 65.2 65.2 73.5 83.4 73.0 74.5 76.3 81.4 53.4 36.6 37.9 46.5 61.4
-9999.0 -9999.0 -9999.0 -9999.0 -9999.0 -9999.0 -9999.0 -9999.0 -9999.0 -9999.0 -9999.0 -9999.0 0.2 2.4 3.7 0.9 3.4 2.7 1.1 2.5 4.4 5.1 9.0 17.3 27.7 28.5 33.5 45.2 45.0 56.5 56.0 56.6 71.9 83.1 89.2 98.9 95.4 94.2 88.4 77.8 68.4 66.3 74.0 78.1 88.8 97.2 94.7 91.8 85.4 90.5 88.4 89.2 88.2 97.4 101.9 110.2 106.4 108.5 101.6 98.0 85.1 69.9 65.1 68.3 72.3 80.1 61.5 65.4 63.8 72.6 97.3 119.4 114.0 73.9 75.9
-9999.0 -9999.0 -9999.0 -9999.0 -9999.0 -9999.0 -9999.0 -9999.0 -9999.0 -9999.0 -9999.0 -9999.0 -9999.0 0.7 0.3 2.9 1.2 3.0 4.5 5.8 6.2 12.2 10.1 23.0 26.5 19.6 24.2 23.3 36.2 45.6 60.9 71.4 68.7 79.8 103.9 111.7 115.9 112.5 97.7 94.5 86.6 85.9 91.5 103.6 114.0 121.7 126.8 126.5 122.0 114.9 108.3 101.0 102.4 118.8 124.0 126.9 122.4 122.7 124.9 113.7 97.3 78.0 69.6 68.9 56.3 65.3 74.1 76.2 77.2 74.9 66.0 65.5 81.7 89.1 107.7
-9999.0 -9999.0 -9999.0 -9999.0 -9999.0 -9999.0 -9999.0 -9999.0 -9999.0 -9999.0 -9999.0 -9999.0 0.3 0.1 0.2 1.1 0.3 1.1 1.8 7.4 10.1 13.3 15.0 22.2 30.1 21.0 29.0 38.8 43.9 46.4 56.9 75.2 65.7 89.4 100.3 119.9 119.0 132.5 124.1 109.7 100.7 102.6 111.4 125.1 139.9 151.3 155.5 149.6 142.0 133.5 129.4 128.2 124.0 134.3 141.0 142.8 143.4 126.7 129.3 117.8 104.9 91.7 80.2 77.0 73.7 70.1 93.8 102.0 93.0 107.2 114.1 107.8 93.4 76.6 84.9
-9999.0 -9999.0 -9999.0 -9999.0 -9999.0 -9999.0 -9999.0 -9999.0 -9999.0 -9999.0 -9999.0 -9999.0 0.1 0.8 0.7 0.0 0.2 2.0 3.3 2.5 9.5 8.5 13.0 18.8 29.4 37.6 40.4 44.5 47.6 58.0 66.3 70.4 65.9 97.9 113.2 123.0 140.7 140.7 133.8 121.7 112.4 117.4 130.7 146.7 161.5 170.9 172.1 168.5 158.9 143.1 139.6 144.0 148.9 160.8 166.1 162.8 158.3 153.1 141.9 134.8 122.4 109.8 96.6 84.6 74.0 77.9 84.5 133.4 129.7 113.8 113.6 116.8 114.6 140.9 169.5
-9999.0 -9999.0 -9999.0 -9999.0 -9999.0 -9999.0 -9999.0 -9999.0 -9999.0 -9999.0 -9999.0 -9999.0 0.5 0.1 0.7 0.7 0.9 0.2 1.2 2.0 1.0 1.8 10.0 10.1 19.3 15.0 24.5 19.0 44.8 51.5 60.3 49.3 79.6 101.3 114.3 123.4 136.8 140.8 138.5 123.0 122.5 140.2 144.6 173.1 175.5 174.7 172.7 166.5 151.9 144.9 146.5 153.1 173.5 185.2 192.1 187.7 181.0 174.0 164.5 148.5 137.1 124.5 115.4 91.7 64.4 96.0 123.6 134.2 125.5 116.2 112.1 126.4 137.2 169.5 222.9
-9999.0 -9999.0 -9999.0 -9999.0 -9999.0 -9999.0 -9999.0 -9999.0 -9999.0 -9999.0 -9999.0 -9999.0 -9999.0 0.0 0.0 0.4 0.4 0.9 0.5 0.6 0.2 2.8 2.8 3.7 15.7 17.5 24.0 33.1 29.9 53.3 39.8 53.3 59.0 86.2 95.7 90.5 110.2 137.6 137.2 138.9 142.6 142.0 154.0 170.0 179.3 169.8 158.4 137.5 138.1 133.2 129.3 159.3 178.9 200.7 215.0 217.8 201.6 191.1 185.8 180.7 162.8 155.3 129.8 79.6 59.8 74.6 100.7 118.0 123.2 113.7 113.5 119.4 138.7 128.2 173.9
-9999.0 -9999.0 -9999.0 -9999.0 -9999.0 -9999.0 -9999.0 -9999.0 -9999.0 -9999.0 -9999.0 -9999.0 -9999.0 0.3 0.0 0.2 0.0 0.6 0.8 0.8 0.2 0.5 0.8 2.6 15.6 14.2 16.2 29.4 31.2 12.1 23.1 33.9 56.8 65.6 65.4 80.8 112.1 129.9 133.1 125.1 156.1 165.9 174.2 174.1 159.8 149.7 131.6 102.1 96.4 96.6 119.9 122.2 174.9 210.0 230.1 237.1 224.7 217.1 216.0 190.0 191.2 158.3 101.2 68.6 50.7 57.3 81.7 117.6 144.2 150.9 152.0 151.8 146.3 152.1 175.4
-9999.0 -9999.0 -9999.0 -9999.0 -9999.0 -9999.0 -9999.0 -9999.0 -9999.0 -9999.0 -9999.0 -9999.0 -9999.0 -9999.0 -9999.0 0.1 0.2 0.2 0.6 1.3 0.4 1.5 3.3 3.9 4.3 7.3 2.2 9.5 5.3 24.4 23.1 34.7 26.6 38.5 59.1 56.8 70.8 128.2 139.0 153.2 151.7 160.6 168.8 165.5 151.3 127.7 102.4 72.4 71.4 50.9 76.4 137.5 155.9 200.0 190.0 240.6 245.3 210.1 248.7 240.8 205.8 148.2 117.4 82.5 61.5 68.2 99.5 153.3 206.6 229.2 238.4 220.0 173.6 170.8 200.2
-9999.0 -9999.0 -9999.0 -9999.0 -9999.0 -9999.0 -9999.0 -9999.0 -9999.0 -9999.0 -9999.0 -9999.0 -9999.0 -9999.0 -9999.0 -9999.0 -9999.0 4.9 4.2 -9999.0 6.2 0.9 5.8 7.8 3.2 5.8 1.4 5.7 16.8 10.5 23.2 45.3 20.0 59.5 79.4 62.8 61.2 111.3 123.6 144.6 155.3 153.4 157.7 147.5 152.4 112.3 189.1 76.1 45.5 51.3 49.6 77.5 96.9 180.5 215.9 237.6 237.0 266.2 274.5 273.9 206.9 162.6 127.6 105.0 91.8 102.3 142.8 196.3 251.6 290.4 331.2 217.9 196.7 199.2 225.4
-9999.0 -9999.0 -9999.0 -9999.0 -9999.0 -9999.0 -9999.0 -9999.0 -9999.0 -9999.0 -9999.0 -9999.0 -9999.0 -9999.0 -9999.0 -9999.0 -9999.0 -9999.0 -9999.0 -9999.0 -9999.0 3.8 2.2 0.6 3.2 15.6 16.2 16.8 15.7 30.3 29.9 69.3 63.6 54.9 59.4 47.9 60.3 76.2 93.9 111.0 128.8 140.4 137.5 125.5 130.7 88.1 238.5 61.9 61.9 116.3 48.8 104.7 131.5 115.7 170.5 218.6 243.3 264.3 270.0 305.3 242.4 206.9 137.5 124.2 132.0 154.4 201.4 242.3 272.6 287.6 293.1 239.0 224.0 217.1 219.8
-9999.0 -9999.0 -9999.0 -9999.0 -9999.0 -9999.0 -9999.0 -9999.0 -9999.0 -9999.0 -9999.0 -9999.0 -9999.0 -9999.0 -9999.0 -9999.0 -9999.0 -9999.0 -9999.0 -9999.0 -9999.0 -9999.0 -9999.0 31.3 10.3 15.1 17.7 16.0 8.3 23.9 25.4 29.3 19.7 34.1 33.2 38.5 48.6 58.1 82.9 104.1 116.3 123.3 111.9 97.8 115.6 246.3 121.6 86.7 104.4 109.2 51.4 76.2 71.7 100.6 111.4 111.8 209.9 245.4 286.2 307.2 322.5 293.6 226.8 147.1 155.1 198.6 249.4 269.6 258.0 258.9 241.0 237.6 227.0 212.7 197.8
-9999.0 -9999.0 -9999.0 -9999.0 -9999.0 -9999.0 -9999.0 -9999.0 -9999.0 -9999.0 -9999.0 -9999.0 -9999.0 -9999.0 -9999.0 -9999.0 -9999.0 -9999.0 -9999.0 -9999.0 -9999.0 -9999.0 -9999.0 -9999.0 -9999.0 72.3 40.9 1.9 5.2 3.8 17.1 43.7 53.3 43.5 45.6 42.6 53.0 55.3 79.1 85.3 106.9 96.2 91.2 96.9 178.9 240.4 213.7 311.4 56.1 97.5 60.4 64.5 86.4 98.8 87.8 109.6 171.3 211.4 246.2 284.8 324.9 317.8 248.5 173.2 188.0 228.4 253.9 242.1 240.3 229.8 225.5 221.3 211.5 207.4 203.6
-9999.0 -9999.0 -9999.0 -9999.0 -9999.0 -9999.0 -9999.0 -9999.0 -9999.0 -9999.0 -9999.0 -9999.0 -9999.0 -9999.0 -9999.0 -9999.0 -9999.0 -9999.0 -9999.0 -9999.0 -9999.0 -9999.0 -9999.0 -9999.0 -9999.0 -9999.0 -9999.0 94.2 103.4 67.6 69.5 76.1 37.7 79.2 58.0 62.4 48.7 49.4 43.5 65.2 86.8 65.7 88.7 143.0 180.5 226.6 269.8 307.4 338.0 210.3 308.8 286.6 88.1 98.4 96.0 114.0 148.9 193.3 213.9 264.6 298.6 297.5 233.4 209.1 196.2 221.2 240.7 225.1 214.7 205.7 196.0 191.5 191.6 202.4 191.8
-9999.0 -9999.0 -9999.0 -9999.0 -9999.0 -9999.0 -9999.0 -9999.0 -9999.0 -9999.0 -9999.0 -9999.0 -9999.0 -9999.0 -9999.0 -9999.0 -9999.0 -9999.0 -9999.0 -9999.0 -9999.0 -9999.0 -9999.0 -9999.0 -9999.0 -9999.0 -9999.0 -9999.0 -9999.0 -9999.0 -9999.0 -9999.0 -9999.0 85.9 75.7 -9999.0 -9999.0 -9999.0 45.6 51.4 53.5 68.7 78.9 131.9 167.1 205.9 -9999.0 -9999.0 -9999.0 -9999.0 -9999.0 -9999.0 172.4 94.7 137.3 148.3 161.2 210.7 216.0 266.0 286.5 260.8 253.8 229.5 229.6 238.9 237.1 219.7 193.5 172.8 164.6 164.8 180.6 194.3 214.2
-9999.0 -9999.0 -9999.0 -9999.0 -9999.0 -9999.0 -9999.0 -9999.0 -9999.0 -9999.0 -9999.0 -9999.0 -9999.0 -9999.0 -9999.0 -9999.0 -9999.0 -9999.0 -9999.0 -9999.0 -9999.0 -9999.0 -9999.0 -9999.0 -9999.0 -9999.0 -9999.0 -9999.0 -9999.0 -9999.0 -9999.0 -9999.0 -9999.0 -9999.0 -9999.0 -9999.0 -9999.0 -9999.0 -9999.0 44.7 54.0 67.3 85.9 110.9 -9999.0 -9999.0 -9999.0 -9999.0 -9999.0 -9999.0 -9999.0 -9999.0 176.3 105.3 121.5 153.6 181.4 211.6 248.5 282.5 298.4 248.2 213.7 244.9 222.9 231.2 228.9 212.3 177.5 155.0 146.9 155.0 164.5 184.4 214.1
-9999.0 -9999.0 -9999.0 -9999.0 -9999.0 -9999.0 -9999.0 -9999.0 -9999.0 -9999.0 -9999.0 -9999.0 -9999.0 -9999.0 -9999.0 -9999.0 -9999.0 -9999.0 -9999.0 -9999.0 -9999.0 -9999.0 -9999.0 -9999.0 -9999.0 -9999.0 -9999.0 -9999.0 -9999.0 -9999.0 -9999.0 -9999.0 -9999.0 -9999.0 -9999.0 -9999.0 -9999.0 -9999.0 -9999.0 -9999.0 -9999.0 -9999.0 -9999.0 -9999.0 -9999.0 -9999.0 -9999.0 -9999.0 -9999.0 -9999.0 -9999.0 -9999.0 251.2 121.9 130.4 127.5 156.8 186.9 225.8 254.4 282.5 259.4 128.8 238.6 244.9 274.7 258.5 218.4 186.2 168.3 166.5 172.3 184.6 179.2 213.7
-9999.0 -9999.0 -9999.0 -9999.0 -9999.0 -9999.0 -9999.0 -9999.0 -9999.0 -9999.0 -9999.0 -9999.0 -9999.0 -9999.0 -9999.0 -9999.0 -9999.0 -9999.0 -9999.0 -9999.0 -9999.0 -9999.0 -9999.0 -9999.0 -9999.0 -9999.0 -9999.0 -9999.0 -9999.0 -9999.0 -9999.0 -9999.0 -9999.0 -9999.0 -9999.0 -9999.0 -9999.0 -9999.0 -9999.0 -9999.0 -9999.0 -9999.0 -9999.0 -9999.0 -9999.0 -9999.0 -9999.0 -9999.0 -9999.0 -9999.0 -9999.0 309.5 239.4 152.5 134.2 131.6 145.6 171.0 206.7 217.2 190.6 185.9 236.5 228.3 255.0 278.4 264.4 232.4 224.5 215.7 216.6 213.6 192.5 204.0 271.0
-9999.0 -9999.0 -9999.0 -9999.0 -9999.0 -9999.0 -9999.0 -9999.0 -9999.0 -9999.0 -9999.0 -9999.0 -9999.0 -9999.0 -9999.0 -9999.0 -9999.0 -9999.0 -9999.0 -9999.0 -9999.0 -9999.0 -9999.0 -9999.0 -9999.0 -9999.0 -9999.0 -9999.0 -9999.0 -9999.0 -9999.0 -9999.0 -9999.0 -9999.0 -9999.0 -9999.0 -9999.0 -9999.0 -9999.0 -9999.0 -9999.0 -9999.0 -9999.0 -9999.0 -9999.0 -9999.0 -9999.0 -9999.0 -9999.0 -9999.0 239.3 324.9 262.3 192.5 156.5 144.6 161.1 188.6 210.8 200.1 207.5 152.3 196.0 194.1 231.5 253.3 267.8 269.0 276.2 267.2 271.1 245.8 236.2 265.4 296.0
-9999.0 -9999.0 -9999.0 -9999.0 -9999.0 -9999.0 -9999.0 -9999.0 -9999.0 -9999.0 -9999.0 -9999.0 -9999.0 -9999.0 -9999.0 -9999.0 -9999.0 -9999.0 -9999.0 -9999.0 -9999.0 -9999.0 -9999.0 -9999.0 -9999.0 -9999.0 -9999.0 -9999.0 -9999.0 -9999.0 -9999.0 -9999.0 -9999.0 -9999.0 -9999.0 -9999.0 -9999.0 -9999.0 -9999.0 -9999.0 -9999.0 -9999.0 -9999.0 -9999.0 -9999.0 -9999.0 -9999.0 -9999.0 -9999.0 -9999.0 192.6 318.4 327.8 257.5 195.6 176.2 187.1 199.8 213.3 219.1 199.6 171.6 162.8 170.7 197.3 195.9 247.4 271.9 315.8 312.3 321.4 307.3 291.3 288.6 274.3
-9999.0 -9999.0 -9999.0 -9999.0 -9999.0 -9999.0 -9999.0 -9999.0 -9999.0 -9999.0 -9999.0 -9999.0 -9999.0 -9999.0 -9999.0 -9999.0 -9999.0 -9999.0 -9999.0 -9999.0 -9999.0 -9999.0 -9999.0 -9999.0 -9999.0 -9999.0 -9999.0 -9999.0 -9999.0 -9999.0 -9999.0 -9999.0 -9999.0 -9999.0 -9999.0 -9999.0 -9999.0 -9999.0 -9999.0 -9999.0 -9999.0 -9999.0 -9999.0 -9999.0 -9999.0 -9999.0 -9999.0 -9999.0 -9999.0 -9999.0 119.0 229.6 247.0 267.2 247.7 205.2 189.2 206.5 225.4 209.3 205.4 168.8 144.7 138.0 173.7 205.6 233.9 280.6 328.4 405.3 385.0 421.2 325.4 311.8 234.2
-9999.0 -9999.0 -9999.0 -9999.0 -9999.0 -9999.0 -9999.0 -9999.0 -9999.0 -9999.0 -9999.0 -9999.0 -9999.0 -9999.0 -9999.0 -9999.0 -9999.0 -9999.0 -9999.0 -9999.0 -9999.0 -9999.0 -9999.0 -9999.0 -9999.0 -9999.0 -9999.0 -9999.0 -9999.0 -9999.0 -9999.0 -9999.0 -9999.0 -9999.0 -9999.0 -9999.0 -9999.0 -9999.0 -9999.0 -9999.0 -9999.0 -9999.0 -9999.0 -9999.0 -9999.0 -9999.0 -9999.0 -9999.0 -9999.0 -9999.0 137.8 234.6 249.5 273.5 240.0 204.5 180.6 198.5 226.5 202.4 233.4 186.2 105.2 136.5 172.6 214.7 284.0 338.7 423.7 329.1 418.6 404.5 368.1 314.4 244.4
-9999.0 -9999.0 -9999.0 -9999.0 -9999.0 -9999.0 -9999.0 -9999.0 -9999.0 -9999.0 -9999.0 -9999.0 -9999.0 -9999.0 -9999.0 -9999.0 -9999.0 -9999.0 -9999.0 -9999.0 -9999.0 -9999.0 -9999.0 -9999.0 -9999.0 -9999.0 -9999.0 -9999.0 -9999.0 -9999.0 -9999.0 -9999.0 -9999.0 -9999.0 -9999.0 -9999.0 -9999.0 -9999.0 -9999.0 -9999.0 -9999.0 -9999.0 -9999.0 -9999.0 -9999.0 -9999.0 -9999.0 -9999.0 -9999.0 -9999.0 -9999.0 -9999.0 -9999.0 220.1 217.2 195.7 180.4 195.4 190.3 224.0 344.2 164.5 244.0 180.9 184.3 210.2 289.0 300.1 396.6 419.3 393.3 351.7 305.5 292.7 330.3
-9999.0 -9999.0 -9999.0 -9999.0 -9999.0 -9999.0 -9999.0 -9999.0 -9999.0 -9999.0 -9999.0 -9999.0 -9999.0 -9999.0 -9999.0 -9999.0 -9999.0 -9999.0 -9999.0 -9999.0 -9999.0 -9999.0 -9999.0 -9999.0 -9999.0 -9999.0 -9999.0 -9999.0 -9999.0 -9999.0 -9999.0 -9999.0 -9999.0 -9999.0 -9999.0 -9999.0 -9999.0 -9999.0 -9999.0 -9999.0 -9999.0 -9999.0 -9999.0 -9999.0 -9999.0 -9999.0 -9999.0 -9999.0 -9999.0 -9999.0 -9999.0 -9999.0 -9999.0 206.1 214.2 209.4 179.1 171.7 227.9 373.3 340.7 233.1 372.6 224.1 215.6 213.7 173.2 309.9 257.1 291.2 300.4 304.3 300.7 345.6 450.2
-9999.0 -9999.0 -9999.0 -9999.0 -9999.0 -9999.0 -9999.0 -9999.0 -9999.0 -9999.0 -9999.0 -9999.0 -9999.0 -9999.0 -9999.0 -9999.0 -9999.0 -9999.0 -9999.0 -9999.0 -9999.0 -9999.0 -9999.0 -9999.0 -9999.0 -9999.0 -9999.0 -9999.0 -9999.0 -9999.0 -9999.0 -9999.0 -9999.0 -9999.0 -9999.0 -9999.0 -9999.0 -9999.0 -9999.0 -9999.0 -9999.0 -9999.0 -9999.0 -9999.0 -9999.0 -9999.0 -9999.0 -9999.0 -9999.0 -9999.0 -9999.0 -9999.0 -9999.0 199.4 198.1 207.0 180.7 174.6 236.9 316.2 446.3 426.5 490.7 422.4 214.8 -9999.0 -9999.0 -9999.0 216.4 193.9 266.3 353.0 397.8 441.4 511.0
-9999.0 -9999.0 -9999.0 -9999.0 -9999.0 -9999.0 -9999.0 -9999.0 -9999.0 -9999.0 -9999.0 -9999.0 -9999.0 -9999.0 -9999.0 -9999.0 -9999.0 -9999.0 -9999.0 -9999.0 -9999.0 -9999.0 -9999.0 -9999.0 -9999.0 -9999.0 -9999.0 -9999.0 -9999.0 -9999.0 -9999.0 -9999.0 -9999.0 -9999.0 -9999.0 -9999.0 -9999.0 -9999.0 -9999.0 -9999.0 -9999.0 -9999.0 -9999.0 -9999.0 -9999.0 -9999.0 -9999.0 -9999.0 -9999.0 -9999.0 -9999.0 -9999.0 -9999.0 -9999.0 196.1 186.3 150.1 144.7 231.2 365.5 284.0 -9999.0 -9999.0 -9999.0 -9999.0 -9999.0 -9999.0 -9999.0 135.4 187.6 306.8 382.9 431.0 422.2 403.9
-9999.0 -9999.0 -9999.0 -9999.0 -9999.0 -9999.0 -9999.0 -9999.0 -9999.0 -9999.0 -9999.0 -9999.0 -9999.0 -9999.0 -9999.0 -9999.0 -9999.0 -9999.0 -9999.0 -9999.0 -9999.0 -9999.0 -9999.0 -9999.0 -9999.0 -9999.0 -9999.0 -9999.0 -9999.0 -9999.0 -9999.0 -9999.0 -9999.0 -9999.0 -9999.0 -9999.0 -9999.0 -9999.0 -9999.0 -9999.0 -9999.0 -9999.0 -9999.0 -9999.0 -9999.0 -9999.0 -9999.0 -9999.0 -9999.0 -9999.0 -9999.0 -9999.0 -9999.0 -9999.0 -9999.0 151.3 181.5 155.0 168.4 263.5 298.3 -9999.0 -9999.0 -9999.0 -9999.0 -9999.0 -9999.0 -9999.0 -9999.0 -9999.0 251.1 -9999.0 -9999.0 -9999.0 -9999.0
-9999.0 -9999.0 -9999.0 -9999.0 -9999.0 -9999.0 -9999.0 -9999.0 -9999.0 -9999.0 -9999.0 -9999.0 -9999.0 -9999.0 -9999.0 -9999.0 -9999.0 -9999.0 -9999.0 -9999.0 -9999.0 -9999.0 -9999.0 -9999.0 -9999.0 -9999.0 -9999.0 -9999.0 -9999.0 -9999.0 -9999.0 -9999.0 -9999.0 -9999.0 -9999.0 -9999.0 -9999.0 -9999.0 -9999.0 -9999.0 -9999.0 -9999.0 -9999.0 -9999.0 -9999.0 -9999.0 -9999.0 -9999.0 -9999.0 -9999.0 -9999.0 -9999.0 -9999.0 -9999.0 -9999.0 -9999.0 -9999.0 -9999.0 173.2 184.7 -9999.0 -9999.0 -9999.0 -9999.0 -9999.0 -9999.0 -9999.0 -9999.0 -9999.0 -9999.0 -9999.0 -9999.0 -9999.0 -9999.0 -9999.0
-9999.0 -9999.0 -9999.0 -9999.0 -9999.0 -9999.0 -9999.0 -9999.0 -9999.0 -9999.0 -9999.0 -9999.0 -9999.0 -9999.0 -9999.0 -9999.0 -9999.0 -9999.0 -9999.0 -9999.0 -9999.0 -9999.0 -9999.0 -9999.0 -9999.0 -9999.0 -9999.0 -9999.0 -9999.0 -9999.0 -9999.0 -9999.0 -9999.0 -9999.0 -9999.0 -9999.0 -9999.0 -9999.0 -9999.0 -9999.0 -9999.0 -9999.0 -9999.0 -9999.0 -9999.0 -9999.0 -9999.0 -9999.0 -9999.0 -9999.0 -9999.0 -9999.0 -9999.0 -9999.0 -9999.0 -9999.0 -9999.0 -9999.0 -9999.0 -9999.0 -9999.0 -9999.0 -9999.0 -9999.0 -9999.0 -9999.0 -9999.0 -9999.0 -9999.0 -9999.0 -9999.0 -9999.0 -9999.0 -9999.0 -9999.0
