program/excelProcessViaJava/data/SURF_CLI_CHN_PRE_MON_GRID_0.5-201205.txt
NCOLS      128
NROWS       72
XLLCORNER    72.000000000000    
YLLCORNER    18.000000000000    
CELLSIZE    0.50000000000000    
NODATA_VALUE   -9999.000    
[rows 34 to 67 of 72, columns 0 to 76 of 128]
-9999.0 -9999.0 -9999.0 -9999.0 13.4 16.5 13.9 19.7 16.3 19.0 24.3 23.7 24.8 24.5 15.9 13.8 11.3 5.9 3.4 3.2 4.5 5.5 6.5 9.4 15.1 19.3 16.6 18.3 19.7 22.0 24.4 28.6 29.8 32.3 34.9 35.1 38.5 41.6 36.4 30.9 36.0 25.2 23.8 20.8 18.9 16.9 15.4 14.9 16.0 21.3 25.9 32.2 68.7 49.1 38.5 45.3 55.6 77.4 96.8 66.7 95.9 66.3 57.3 50.5 36.3 31.0 41.5 38.3 39.4 44.3 47.4 47.7 47.9 52.5 58.6 55.1 41.5
-9999.0 -9999.0 -9999.0 -9999.0 -9999.0 -9999.0 -9999.0 13.2 12.7 15.4 14.0 15.5 17.8 17.9 17.8 12.1 13.5 8.9 7.0 8.6 11.6 13.5 13.9 13.8 14.0 14.6 16.2 17.9 19.8 22.6 24.9 27.4 30.0 32.9 36.0 36.9 40.6 41.1 45.6 47.9 39.6 52.8 51.2 42.9 33.3 23.4 25.7 22.8 29.3 23.8 24.4 31.4 47.3 86.6 77.5 43.3 48.6 62.5 105.3 89.8 104.1 65.6 52.0 50.8 52.2 44.8 47.5 48.8 50.1 53.4 55.8 51.9 50.9 53.6 55.7 52.6 40.1
-9999.0 -9999.0 -9999.0 -9999.0 -9999.0 -9999.0 -9999.0 6.0 10.7 9.2 9.5 11.2 11.5 11.4 12.2 12.2 11.9 11.5 12.0 10.9 10.8 11.7 11.7 12.2 12.8 13.7 14.9 16.7 18.2 20.3 22.9 25.6 28.3 31.4 33.5 35.9 37.7 40.7 42.9 44.5 47.4 49.3 51.5 58.6 45.7 35.3 38.1 40.0 55.5 54.1 74.4 74.6 58.1 65.4 80.5 54.9 63.5 87.4 108.5 112.3 99.3 82.4 68.5 72.9 66.3 58.5 56.0 57.9 57.8 59.7 59.7 56.7 55.4 54.9 46.9 47.1 41.0
-9999.0 -9999.0 -9999.0 -9999.0 -9999.0 -9999.0 -9999.0 -9999.0 -9999.0 6.0 6.7 7.5 7.0 7.5 8.0 8.2 8.2 8.4 8.5 8.9 9.0 9.3 9.9 10.7 11.5 12.6 13.6 15.0 16.8 18.4 21.3 23.5 26.0 28.4 31.1 33.2 35.2 37.3 39.3 42.2 44.2 47.7 48.4 47.0 48.8 47.8 48.0 48.7 52.3 56.2 63.5 64.2 63.4 62.3 75.5 66.9 71.5 90.7 108.4 107.9 100.5 93.9 88.6 93.6 87.7 73.6 69.8 71.0 68.2 66.0 64.9 59.5 58.0 56.7 53.1 35.2 31.6
-9999.0 -9999.0 -9999.0 -9999.0 -9999.0 -9999.0 -9999.0 -9999.0 -9999.0 -9999.0 -9999.0 3.8 5.4 4.4 4.9 5.0 5.3 5.6 6.0 6.3 6.8 7.5 8.2 9.3 9.6 10.9 11.7 12.9 14.5 16.6 18.7 20.2 23.5 25.8 28.4 29.7 31.8 33.5 37.2 37.7 41.2 42.6 43.2 43.0 48.1 44.1 50.8 48.5 52.1 53.6 53.9 57.2 59.9 64.6 72.2 76.9 85.5 98.1 103.4 102.7 101.1 95.9 97.5 108.8 104.1 89.8 84.3 85.5 83.3 81.4 76.3 72.8 65.0 57.3 45.5 38.1 34.7
-9999.0 -9999.0 -9999.0 -9999.0 -9999.0 -9999.0 -9999.0 -9999.0 -9999.0 -9999.0 -9999.0 -9999.0 3.2 3.3 2.8 3.3 3.0 3.6 4.0 4.2 5.4 6.0 6.8 8.0 7.1 9.4 10.9 10.8 12.3 12.6 15.6 18.0 20.4 21.8 24.0 26.3 27.6 29.1 30.4 31.8 33.6 35.6 37.4 39.9 40.5 42.3 45.3 43.9 46.7 49.1 52.9 55.1 57.0 59.9 65.5 73.5 83.7 92.4 96.0 100.0 98.6 102.2 106.6 115.1 122.4 114.1 95.6 98.5 101.2 104.0 92.7 82.4 76.1 69.0 61.0 76.8 47.8
-9999.0 -9999.0 -9999.0 -9999.0 -9999.0 -9999.0 -9999.0 -9999.0 -9999.0 -9999.0 -9999.0 -9999.0 1.2 2.2 2.5 1.9 2.6 2.6 2.5 3.1 3.8 4.3 5.2 6.7 8.5 8.5 9.1 10.8 10.6 12.6 12.7 13.4 16.5 19.1 20.8 23.1 23.6 24.9 25.9 27.0 28.3 30.1 34.0 33.7 36.9 40.1 39.0 40.6 42.5 46.3 49.1 51.6 55.0 57.5 63.4 68.2 78.6 86.4 92.3 92.8 95.1 102.0 115.0 127.4 123.0 123.7 92.2 100.9 109.9 120.5 131.3 139.2 137.0 113.5 96.8 70.5 50.6
-9999.0 -9999.0 -9999.0 -9999.0 -9999.0 -9999.0 -9999.0 -9999.0 -9999.0 -9999.0 -9999.0 -9999.0 -9999.0 1.0 0.8 1.7 1.4 1.9 2.4 2.8 3.1 4.4 4.2 6.5 6.9 5.4 5.7 5.3 6.8 8.0 10.5 12.6 12.6 14.9 19.4 20.6 21.2 21.3 23.9 23.8 25.2 28.0 30.0 34.1 33.5 33.7 36.7 39.8 42.4 45.0 47.9 51.9 55.1 52.8 56.2 62.0 71.9 79.3 86.6 93.7 99.9 107.6 124.3 127.8 103.1 110.4 114.3 113.4 123.3 133.3 141.9 143.0 143.3 135.6 123.5 93.1 70.4
-9999.0 -9999.0 -9999.0 -9999.0 -9999.0 -9999.0 -9999.0 -9999.0 -9999.0 -9999.0 -9999.0 -9999.0 0.7 0.5 0.6 0.9 0.7 1.0 1.3 2.6 3.2 3.9 4.2 5.4 6.4 4.2 4.8 5.6 5.7 5.8 7.3 10.4 9.4 13.6 15.6 18.6 18.2 19.5 19.4 20.3 24.9 30.5 35.3 31.0 33.7 35.0 35.1 36.6 40.7 44.5 47.2 48.3 52.3 51.2 55.1 58.3 61.8 83.8 85.5 94.1 103.7 121.3 134.5 155.8 141.7 119.0 110.9 115.7 127.3 144.9 153.8 157.6 156.3 147.4 130.6 107.1 87.2
-9999.0 -9999.0 -9999.0 -9999.0 -9999.0 -9999.0 -9999.0 -9999.0 -9999.0 -9999.0 -9999.0 -9999.0 0.4 0.8 0.7 0.4 0.5 1.0 1.4 1.3 2.8 2.5 3.3 4.0 5.4 5.9 5.2 4.8 4.5 5.4 6.5 7.3 7.3 13.1 16.2 17.5 19.6 18.5 18.3 19.1 21.4 24.9 29.0 32.8 35.1 37.0 40.3 40.5 42.3 45.4 49.2 48.2 52.2 55.2 54.8 60.4 59.6 69.1 85.8 98.9 118.1 142.1 136.2 128.2 121.6 100.8 106.9 115.0 121.8 131.5 145.2 159.9 170.9 170.3 159.2 138.8 121.5
-9999.0 -9999.0 -9999.0 -9999.0 -9999.0 -9999.0 -9999.0 -9999.0 -9999.0 -9999.0 -9999.0 -9999.0 0.9 0.4 0.8 0.7 0.8 0.5 0.8 1.1 0.9 1.0 2.4 2.1 3.0 1.7 2.1 1.1 2.8 3.1 4.0 3.2 7.5 12.2 15.5 17.3 18.9 18.6 18.7 19.7 22.7 27.0 36.3 34.5 39.2 43.8 44.7 41.4 41.9 45.3 46.4 47.9 42.8 42.0 41.8 56.3 55.7 65.7 82.1 99.8 117.7 138.9 188.4 128.6 84.9 116.9 113.8 112.9 118.8 138.3 154.3 161.1 177.2 178.0 181.0 159.6 155.0
-9999.0 -9999.0 -9999.0 -9999.0 -9999.0 -9999.0 -9999.0 -9999.0 -9999.0 -9999.0 -9999.0 -9999.0 -9999.0 0.2 0.3 0.6 0.6 0.8 0.7 0.7 0.6 1.2 1.1 1.0 2.2 1.7 1.6 1.7 1.0 2.2 1.2 2.4 3.7 8.4 11.3 11.7 15.1 18.5 19.1 21.1 25.3 37.3 46.7 48.8 44.3 43.7 45.2 38.2 42.3 41.5 40.0 37.7 34.7 33.8 33.9 37.3 51.3 63.0 78.2 107.5 132.7 194.6 189.2 96.7 121.4 124.0 127.1 123.3 138.2 145.4 166.1 185.9 181.9 212.3 183.1 170.4 156.1
-9999.0 -9999.0 -9999.0 -9999.0 -9999.0 -9999.0 -9999.0 -9999.0 -9999.0 -9999.0 -9999.0 -9999.0 -9999.0 1.5 0.3 0.7 0.4 0.9 1.0 0.9 0.6 0.7 0.7 0.9 2.4 1.3 0.9 1.1 0.8 0.2 0.4 0.8 2.6 4.7 6.2 9.6 14.4 16.8 18.9 26.9 29.4 39.6 49.6 55.2 63.4 51.7 46.8 36.9 35.8 33.4 32.1 23.0 24.2 25.8 28.4 28.5 35.2 49.3 70.6 84.4 133.6 124.5 114.8 143.9 129.5 131.0 137.7 147.9 161.2 184.6 192.9 196.1 208.2 206.2 197.0 178.1 167.9
-9999.0 -9999.0 -9999.0 -9999.0 -9999.0 -9999.0 -9999.0 -9999.0 -9999.0 -9999.0 -9999.0 -9999.0 -9999.0 -9999.0 -9999.0 0.7 1.0 0.8 1.3 2.0 0.9 1.6 1.8 1.4 1.0 0.8 0.3 0.3 0.1 0.3 0.3 0.6 0.8 2.0 4.8 6.8 10.6 14.1 16.5 21.8 34.4 46.2 54.5 58.4 53.4 51.3 47.6 36.6 33.1 22.1 19.4 25.9 13.8 13.4 6.8 17.1 24.6 34.9 64.0 100.1 89.7 112.7 172.5 151.2 142.3 147.4 161.1 186.9 208.8 196.4 202.6 211.1 184.2 200.4 219.8 190.7 181.4
-9999.0 -9999.0 -9999.0 -9999.0 -9999.0 -9999.0 -9999.0 -9999.0 -9999.0 -9999.0 -9999.0 -9999.0 -9999.0 -9999.0 -9999.0 -9999.0 -9999.0 25.0 9.6 -9999.0 7.4 2.1 4.4 3.9 1.3 1.1 0.3 0.3 0.4 0.2 0.3 0.8 0.6 3.4 7.4 5.9 9.6 9.7 12.5 18.1 28.7 47.5 52.3 55.4 61.3 58.0 91.0 47.8 28.9 22.9 11.3 8.0 3.2 8.5 10.7 14.1 13.3 35.7 53.6 87.0 67.7 112.2 160.6 168.1 148.4 140.4 157.5 177.9 210.9 212.0 252.1 171.2 182.4 227.8 228.4 213.0 210.1
-9999.0 -9999.0 -9999.0 -9999.0 -9999.0 -9999.0 -9999.0 -9999.0 -9999.0 -9999.0 -9999.0 -9999.0 -9999.0 -9999.0 -9999.0 -9999.0 -9999.0 -9999.0 -9999.0 -9999.0 -9999.0 7.4 4.6 1.8 2.7 5.5 3.2 1.5 0.6 0.8 0.6 3.3 3.5 3.9 5.9 4.6 5.6 5.9 4.8 3.2 5.5 44.2 56.3 58.4 62.9 59.3 115.3 47.3 43.6 83.9 13.7 23.7 16.5 2.3 5.1 14.3 21.2 21.9 73.9 68.2 54.0 67.1 120.2 137.1 146.9 133.7 145.8 162.3 211.6 219.0 209.6 173.5 198.6 260.8 277.5 267.5 265.3
-9999.0 -9999.0 -9999.0 -9999.0 -9999.0 -9999.0 -9999.0 -9999.0 -9999.0 -9999.0 -9999.0 -9999.0 -9999.0 -9999.0 -9999.0 -9999.0 -9999.0 -9999.0 -9999.0 -9999.0 -9999.0 -9999.0 -9999.0 34.0 10.6 10.0 7.4 3.7 0.9 1.4 1.0 1.4 2.2 4.0 5.7 6.7 9.7 6.3 13.9 22.8 28.1 48.4 41.2 42.2 62.4 128.3 79.1 60.9 54.9 41.7 15.0 17.2 4.7 4.8 3.4 2.7 15.8 39.0 21.7 64.1 40.1 49.2 54.2 63.8 73.8 108.2 137.9 155.6 147.5 182.8 148.5 168.0 203.3 235.2 301.7 323.7 317.3
-9999.0 -9999.0 -9999.0 -9999.0 -9999.0 -9999.0 -9999.0 -9999.0 -9999.0 -9999.0 -9999.0 -9999.0 -9999.0 -9999.0 -9999.0 -9999.0 -9999.0 -9999.0 -9999.0 -9999.0 -9999.0 -9999.0 -9999.0 -9999.0 -9999.0 82.0 30.7 3.5 3.0 2.8 3.1 7.0 10.4 10.6 12.0 14.4 25.9 12.5 25.1 19.0 44.3 33.6 28.4 43.5 95.7 135.6 110.7 153.0 44.5 41.6 30.2 17.2 18.4 14.0 6.3 7.2 17.8 21.2 52.0 60.9 60.4 56.1 153.9 57.3 56.7 84.6 105.5 108.0 129.3 133.8 139.3 162.9 220.2 230.6 277.8 351.4 383.4
-9999.0 -9999.0 -9999.0 -9999.0 -9999.0 -9999.0 -9999.0 -9999.0 -9999.0 -9999.0 -9999.0 -9999.0 -9999.0 -9999.0 -9999.0 -9999.0 -9999.0 -9999.0 -9999.0 -9999.0 -9999.0 -9999.0 -9999.0 -9999.0 -9999.0 -9999.0 -9999.0 119.3 111.7 37.6 31.2 31.2 18.9 35.5 26.9 36.9 19.6 16.6 10.5 18.7 37.6 21.7 40.6 89.1 112.2 140.0 161.9 165.0 156.9 75.0 93.5 72.7 21.4 18.3 15.7 19.9 17.4 23.5 48.4 45.2 47.0 63.3 42.1 40.6 62.5 52.8 88.2 130.2 145.5 144.0 150.1 160.8 218.8 235.7 294.8 341.6 314.4
-9999.0 -9999.0 -9999.0 -9999.0 -9999.0 -9999.0 -9999.0 -9999.0 -9999.0 -9999.0 -9999.0 -9999.0 -9999.0 -9999.0 -9999.0 -9999.0 -9999.0 -9999.0 -9999.0 -9999.0 -9999.0 -9999.0 -9999.0 -9999.0 -9999.0 -9999.0 -9999.0 -9999.0 -9999.0 -9999.0 -9999.0 -9999.0 -9999.0 77.4 50.1 -9999.0 -9999.0 -9999.0 32.1 23.8 26.9 41.6 46.5 106.7 138.2 149.6 -9999.0 -9999.0 -9999.0 -9999.0 -9999.0 -9999.0 46.3 31.7 28.0 22.1 22.6 27.2 36.4 40.8 46.9 62.2 49.1 55.7 61.3 73.2 109.0 157.0 183.3 182.8 184.2 183.4 202.3 241.9 252.5 284.0 269.7
-9999.0 -9999.0 -9999.0 -9999.0 -9999.0 -9999.0 -9999.0 -9999.0 -9999.0 -9999.0 -9999.0 -9999.0 -9999.0 -9999.0 -9999.0 -9999.0 -9999.0 -9999.0 -9999.0 -9999.0 -9999.0 -9999.0 -9999.0 -9999.0 -9999.0 -9999.0 -9999.0 -9999.0 -9999.0 -9999.0 -9999.0 -9999.0 -9999.0 -9999.0 -9999.0 -9999.0 -9999.0 -9999.0 -9999.0 99.9 99.1 106.3 116.7 127.3 -9999.0 -9999.0 -9999.0 -9999.0 -9999.0 -9999.0 -9999.0 -9999.0 55.9 45.1 37.4 29.4 23.6 24.1 25.6 30.1 37.1 49.6 64.8 64.6 114.1 145.7 184.6 222.5 247.3 241.7 221.7 209.4 218.0 227.2 240.0 243.7 249.2
-9999.0 -9999.0 -9999.0 -9999.0 -9999.0 -9999.0 -9999.0 -9999.0 -9999.0 -9999.0 -9999.0 -9999.0 -9999.0 -9999.0 -9999.0 -9999.0 -9999.0 -9999.0 -9999.0 -9999.0 -9999.0 -9999.0 -9999.0 -9999.0 -9999.0 -9999.0 -9999.0 -9999.0 -9999.0 -9999.0 -9999.0 -9999.0 -9999.0 -9999.0 -9999.0 -9999.0 -9999.0 -9999.0 -9999.0 -9999.0 -9999.0 -9999.0 -9999.0 -9999.0 -9999.0 -9999.0 -9999.0 -9999.0 -9999.0 -9999.0 -9999.0 -9999.0 85.8 55.9 47.9 44.6 30.6 24.9 22.6 27.8 27.5 36.1 145.2 73.1 124.9 160.1 214.8 278.7 310.0 299.2 264.7 236.9 246.0 228.8 230.9 241.3 252.8
-9999.0 -9999.0 -9999.0 -9999.0 -9999.0 -9999.0 -9999.0 -9999.0 -9999.0 -9999.0 -9999.0 -9999.0 -9999.0 -9999.0 -9999.0 -9999.0 -9999.0 -9999.0 -9999.0 -9999.0 -9999.0 -9999.0 -9999.0 -9999.0 -9999.0 -9999.0 -9999.0 -9999.0 -9999.0 -9999.0 -9999.0 -9999.0 -9999.0 -9999.0 -9999.0 -9999.0 -9999.0 -9999.0 -9999.0 -9999.0 -9999.0 -9999.0 -9999.0 -9999.0 -9999.0 -9999.0 -9999.0 -9999.0 -9999.0 -9999.0 -9999.0 87.0 67.5 61.0 58.8 49.0 38.0 36.7 27.6 9.3 52.1 55.3 43.6 73.8 119.5 169.1 221.8 262.5 330.2 318.2 286.9 262.0 241.4 237.6 240.5 246.7 259.2
-9999.0 -9999.0 -9999.0 -9999.0 -9999.0 -9999.0 -9999.0 -9999.0 -9999.0 -9999.0 -9999.0 -9999.0 -9999.0 -9999.0 -9999.0 -9999.0 -9999.0 -9999.0 -9999.0 -9999.0 -9999.0 -9999.0 -9999.0 -9999.0 -9999.0 -9999.0 -9999.0 -9999.0 -9999.0 -9999.0 -9999.0 -9999.0 -9999.0 -9999.0 -9999.0 -9999.0 -9999.0 -9999.0 -9999.0 -9999.0 -9999.0 -9999.0 -9999.0 -9999.0 -9999.0 -9999.0 -9999.0 -9999.0 -9999.0 -9999.0 110.2 66.8 59.4 61.4 60.1 56.3 40.5 25.5 30.6 48.1 45.7 69.8 57.5 88.3 125.6 160.6 205.4 254.2 315.1 309.4 305.0 271.4 259.8 264.1 260.5 257.6 235.5
-9999.0 -9999.0 -9999.0 -9999.0 -9999.0 -9999.0 -9999.0 -9999.0 -9999.0 -9999.0 -9999.0 -9999.0 -9999.0 -9999.0 -9999.0 -9999.0 -9999.0 -9999.0 -9999.0 -9999.0 -9999.0 -9999.0 -9999.0 -9999.0 -9999.0 -9999.0 -9999.0 -9999.0 -9999.0 -9999.0 -9999.0 -9999.0 -9999.0 -9999.0 -9999.0 -9999.0 -9999.0 -9999.0 -9999.0 -9999.0 -9999.0 -9999.0 -9999.0 -9999.0 -9999.0 -9999.0 -9999.0 -9999.0 -9999.0 -9999.0 104.2 59.8 63.5 55.5 62.0 59.1 37.5 58.1 60.2 53.4 49.2 58.0 60.5 96.9 136.1 127.7 165.3 217.8 281.6 306.9 316.5 299.3 283.7 278.1 260.7 236.5 239.2
-9999.0 -9999.0 -9999.0 -9999.0 -9999.0 -9999.0 -9999.0 -9999.0 -9999.0 -9999.0 -9999.0 -9999.0 -9999.0 -9999.0 -9999.0 -9999.0 -9999.0 -9999.0 -9999.0 -9999.0 -9999.0 -9999.0 -9999.0 -9999.0 -9999.0 -9999.0 -9999.0 -9999.0 -9999.0 -9999.0 -9999.0 -9999.0 -9999.0 -9999.0 -9999.0 -9999.0 -9999.0 -9999.0 -9999.0 -9999.0 -9999.0 -9999.0 -9999.0 -9999.0 -9999.0 -9999.0 -9999.0 -9999.0 -9999.0 -9999.0 107.7 81.5 81.7 66.7 63.0 65.7 89.1 81.5 96.2 70.4 74.6 72.6 79.1 96.7 139.3 132.8 138.8 191.6 255.1 323.3 321.6 342.9 284.6 301.5 278.0 264.7 265.3
-9999.0 -9999.0 -9999.0 -9999.0 -9999.0 -9999.0 -9999.0 -9999.0 -9999.0 -9999.0 -9999.0 -9999.0 -9999.0 -9999.0 -9999.0 -9999.0 -9999.0 -9999.0 -9999.0 -9999.0 -9999.0 -9999.0 -9999.0 -9999.0 -9999.0 -9999.0 -9999.0 -9999.0 -9999.0 -9999.0 -9999.0 -9999.0 -9999.0 -9999.0 -9999.0 -9999.0 -9999.0 -9999.0 -9999.0 -9999.0 -9999.0 -9999.0 -9999.0 -9999.0 -9999.0 -9999.0 -9999.0 -9999.0 -9999.0 -9999.0 95.7 83.9 88.2 86.1 90.7 103.8 84.4 117.0 135.5 105.4 111.6 85.6 58.6 101.2 140.4 142.3 163.6 197.1 273.8 251.0 295.4 284.4 284.9 307.4 310.0 326.1 307.9
-9999.0 -9999.0 -9999.0 -9999.0 -9999.0 -9999.0 -9999.0 -9999.0 -9999.0 -9999.0 -9999.0 -9999.0 -9999.0 -9999.0 -9999.0 -9999.0 -9999.0 -9999.0 -9999.0 -9999.0 -9999.0 -9999.0 -9999.0 -9999.0 -9999.0 -9999.0 -9999.0 -9999.0 -9999.0 -9999.0 -9999.0 -9999.0 -9999.0 -9999.0 -9999.0 -9999.0 -9999.0 -9999.0 -9999.0 -9999.0 -9999.0 -9999.0 -9999.0 -9999.0 -9999.0 -9999.0 -9999.0 -9999.0 -9999.0 -9999.0 -9999.0 -9999.0 -9999.0 129.0 132.0 127.8 133.6 158.7 128.7 142.4 198.1 89.5 142.9 116.5 128.5 129.7 177.3 184.4 255.9 275.5 254.8 243.5 252.9 282.7 325.8 355.8 346.5
-9999.0 -9999.0 -9999.0 -9999.0 -9999.0 -9999.0 -9999.0 -9999.0 -9999.0 -9999.0 -9999.0 -9999.0 -9999.0 -9999.0 -9999.0 -9999.0 -9999.0 -9999.0 -9999.0 -9999.0 -9999.0 -9999.0 -9999.0 -9999.0 -9999.0 -9999.0 -9999.0 -9999.0 -9999.0 -9999.0 -9999.0 -9999.0 -9999.0 -9999.0 -9999.0 -9999.0 -9999.0 -9999.0 -9999.0 -9999.0 -9999.0 -9999.0 -9999.0 -9999.0 -9999.0 -9999.0 -9999.0 -9999.0 -9999.0 -9999.0 -9999.0 -9999.0 -9999.0 154.2 153.7 182.3 161.3 159.9 192.8 248.8 183.7 133.3 189.1 132.3 130.4 131.4 128.9 213.1 200.4 217.0 211.0 228.2 256.0 283.4 319.1 381.7 351.5
-9999.0 -9999.0 -9999.0 -9999.0 -9999.0 -9999.0 -9999.0 -9999.0 -9999.0 -9999.0 -9999.0 -9999.0 -9999.0 -9999.0 -9999.0 -9999.0 -9999.0 -9999.0 -9999.0 -9999.0 -9999.0 -9999.0 -9999.0 -9999.0 -9999.0 -9999.0 -9999.0 -9999.0 -9999.0 -9999.0 -9999.0 -9999.0 -9999.0 -9999.0 -9999.0 -9999.0 -9999.0 -9999.0 -9999.0 -9999.0 -9999.0 -9999.0 -9999.0 -9999.0 -9999.0 -9999.0 -9999.0 -9999.0 -9999.0 -9999.0 -9999.0 -9999.0 -9999.0 167.7 152.6 187.5 193.8 197.4 222.8 224.9 248.9 221.7 248.5 237.1 148.4 -9999.0 -9999.0 -9999.0 210.3 195.7 228.1 277.2 301.0 301.0 321.3 384.5 341.7
-9999.0 -9999.0 -9999.0 -9999.0 -9999.0 -9999.0 -9999.0 -9999.0 -9999.0 -9999.0 -9999.0 -9999.0 -9999.0 -9999.0 -9999.0 -9999.0 -9999.0 -9999.0 -9999.0 -9999.0 -9999.0 -9999.0 -9999.0 -9999.0 -9999.0 -9999.0 -9999.0 -9999.0 -9999.0 -9999.0 -9999.0 -9999.0 -9999.0 -9999.0 -9999.0 -9999.0 -9999.0 -9999.0 -9999.0 -9999.0 -9999.0 -9999.0 -9999.0 -9999.0 -9999.0 -9999.0 -9999.0 -9999.0 -9999.0 -9999.0 -9999.0 -9999.0 -9999.0 -9999.0 182.6 192.7 184.3 192.3 246.7 287.9 210.3 -9999.0 -9999.0 -9999.0 -9999.0 -9999.0 -9999.0 -9999.0 175.7 225.2 310.9 317.0 317.0 298.3 287.5 305.5 309.6
-9999.0 -9999.0 -9999.0 -9999.0 -9999.0 -9999.0 -9999.0 -9999.0 -9999.0 -9999.0 -9999.0 -9999.0 -9999.0 -9999.0 -9999.0 -9999.0 -9999.0 -9999.0 -9999.0 -9999.0 -9999.0 -9999.0 -9999.0 -9999.0 -9999.0 -9999.0 -9999.0 -9999.0 -9999.0 -9999.0 -9999.0 -9999.0 -9999.0 -9999.0 -9999.0 -9999.0 -9999.0 -9999.0 -9999.0 -9999.0 -9999.0 -9999.0 -9999.0 -9999.0 -9999.0 -9999.0 -9999.0 -9999.0 -9999.0 -9999.0 -9999.0 -9999.0 -9999.0 -9999.0 -9999.0 188.5 247.0 223.0 218.8 254.9 240.6 -9999.0 -9999.0 -9999.0 -9999.0 -9999.0 -9999.0 -9999.0 -9999.0 -9999.0 270.8 -9999.0 -9999.0 -9999.0 -9999.0 -9999.0 289.4
-9999.0 -9999.0 -9999.0 -9999.0 -9999.0 -9999.0 -9999.0 -9999.0 -9999.0 -9999.0 -9999.0 -9999.0 -9999.0 -9999.0 -9999.0 -9999.0 -9999.0 -9999.0 -9999.0 -9999.0 -9999.0 -9999.0 -9999.0 -9999.0 -9999.0 -9999.0 -9999.0 -9999.0 -9999.0 -9999.0 -9999.0 -9999.0 -9999.0 -9999.0 -9999.0 -9999.0 -9999.0 -9999.0 -9999.0 -9999.0 -9999.0 -9999.0 -9999.0 -9999.0 -9999.0 -9999.0 -9999.0 -9999.0 -9999.0 -9999.0 -9999.0 -9999.0 -9999.0 -9999.0 -9999.0 -9999.0 -9999.0 -9999.0 232.1 213.7 -9999.0 -9999.0 -9999.0 -9999.0 -9999.0 -9999.0 -9999.0 -9999.0 -9999.0 -9999.0 -9999.0 -9999.0 -9999.0 -9999.0 -9999.0 279.6 300.9
-9999.0 -9999.0 -9999.0 -9999.0 -9999.0 -9999.0 -9999.0 -9999.0 -9999.0 -9999.0 -9999.0 -9999.0 -9999.0 -9999.0 -9999.0 -9999.0 -9999.0 -9999.0 -9999.0 -9999.0 -9999.0 -9999.0 -9999.0 -9999.0 -9999.0 -9999.0 -9999.0 -9999.0 -9999.0 -9999.0 -9999.0 -9999.0 -9999.0 -9999.0 -9999.0 -9999.0 -9999.0 -9999.0 -9999.0 -9999.0 -9999.0 -9999.0 -9999.0 -9999.0 -9999.0 -9999.0 -9999.0 -9999.0 -9999.0 -9999.0 -9999.0 -9999.0 -9999.0 -9999.0 -9999.0 -9999.0 -9999.0 -9999.0 -9999.0 -9999.0 -9999.0 -9999.0 -9999.0 -9999.0 -9999.0 -9999.0 -9999.0 -9999.0 -9999.0 -9999.0 -9999.0 -9999.0 -9999.0 -9999.0 -9999.0 -9999.0 -9999.0
