program/excelProcessViaJava/data/SURF_CLI_CHN_PRE_MON_GRID_0.5-198106.txt
NCOLS      128
NROWS       72
XLLCORNER    72.000000000000    
YLLCORNER    18.000000000000    
CELLSIZE    0.50000000000000    
NODATA_VALUE   -9999.000    
[rows 33 to 65 of 72, columns 0 to 75 of 128]
-9999.0 -9999.0 -9999.0 -9999.0 0.6 1.1 2.3 8.6 14.2 17.9 22.9 22.2 17.8 10.7 9.2 12.1 19.3 27.2 27.7 20.3 10.8 5.3 4.0 4.7 6.4 8.6 10.8 13.5 14.2 16.3 18.6 20.4 21.8 23.6 21.9 21.1 18.8 26.6 23.3 14.7 7.3 5.3 6.0 6.9 8.9 11.3 14.9 22.8 33.2 35.3 44.7 66.9 82.2 99.4 73.5 80.0 80.9 99.5 97.8 98.7 86.6 65.9 49.2 21.4 15.8 25.2 33.0 26.1 51.0 59.2 70.5 84.8 88.3 94.5 102.7 102.7
-9999.0 -9999.0 -9999.0 -9999.0 0.2 0.8 1.1 5.3 4.2 8.0 17.7 17.1 22.5 24.5 19.3 23.0 28.7 33.6 32.9 24.1 13.5 7.4 5.6 7.1 8.8 9.6 10.4 12.1 14.2 16.7 19.2 21.5 23.6 24.9 26.0 25.2 27.3 30.1 24.0 17.3 24.7 11.7 11.2 9.7 10.4 11.1 11.5 12.5 15.6 24.0 33.5 43.5 83.0 73.1 70.1 81.0 81.3 84.5 86.2 55.9 69.7 32.0 22.9 24.7 20.8 25.5 46.0 51.1 63.2 109.8 88.5 85.3 74.7 75.6 78.7 76.4
-9999.0 -9999.0 -9999.0 -9999.0 -9999.0 -9999.0 -9999.0 2.3 3.2 7.2 5.6 8.1 15.2 16.3 18.1 23.6 25.4 30.3 29.6 20.6 13.2 9.7 8.3 7.8 7.9 8.7 9.9 11.7 14.0 16.3 19.4 22.4 25.1 27.2 29.2 29.4 32.3 31.9 37.4 40.7 28.2 50.3 49.3 37.3 25.0 15.6 19.5 17.6 25.2 23.7 29.9 42.5 64.5 113.9 116.7 83.8 67.3 54.8 83.2 51.2 69.0 34.0 23.7 24.1 35.6 35.0 53.8 78.5 90.0 101.4 72.5 55.2 60.4 65.4 68.5 64.6
-9999.0 -9999.0 -9999.0 -9999.0 -9999.0 -9999.0 -9999.0 0.3 2.6 2.5 3.3 6.9 7.7 6.8 11.3 7.3 13.5 13.9 9.3 11.6 10.1 7.5 7.2 6.9 7.4 8.3 9.9 11.2 14.7 18.0 20.1 23.4 26.4 28.7 30.8 32.3 32.9 35.8 37.6 39.0 43.6 47.8 53.4 67.2 45.2 30.3 34.7 37.1 57.5 56.4 86.2 90.2 79.3 97.4 118.0 101.6 88.1 81.8 87.0 84.6 66.2 65.5 54.4 55.4 47.9 48.4 58.6 75.8 103.4 68.2 51.8 42.0 44.7 50.7 44.4 53.5
-9999.0 -9999.0 -9999.0 -9999.0 -9999.0 -9999.0 -9999.0 -9999.0 -9999.0 1.1 2.4 4.4 3.5 5.1 7.7 10.0 8.2 4.1 7.1 4.7 6.1 6.8 6.6 6.6 7.2 8.6 9.9 12.1 15.9 17.2 23.2 25.7 28.6 30.7 33.2 34.3 35.0 36.8 37.3 41.1 43.2 50.9 54.0 52.9 58.7 57.2 56.8 56.7 62.1 68.3 81.8 85.1 88.3 92.5 110.0 103.8 90.6 86.6 101.3 94.1 90.3 96.2 100.3 85.2 82.2 66.2 63.4 70.8 89.8 61.5 48.9 32.9 33.3 38.8 44.8 32.1
-9999.0 -9999.0 -9999.0 -9999.0 -9999.0 -9999.0 -9999.0 -9999.0 -9999.0 -9999.0 -9999.0 0.9 4.6 2.1 4.2 4.3 5.5 6.4 6.7 5.6 4.2 5.3 5.1 6.2 5.4 7.7 9.0 11.6 15.2 19.8 23.6 25.3 30.7 33.4 35.9 37.2 38.1 38.8 45.5 41.9 48.2 50.2 53.3 55.8 71.5 62.7 78.6 70.9 77.6 78.9 77.5 84.5 89.4 95.5 106.1 105.6 105.1 112.7 111.7 111.0 116.9 110.9 110.7 121.1 120.1 79.3 66.1 72.7 77.1 72.0 53.1 43.2 33.0 27.5 23.2 36.3
-9999.0 -9999.0 -9999.0 -9999.0 -9999.0 -9999.0 -9999.0 -9999.0 -9999.0 -9999.0 -9999.0 -9999.0 2.2 3.4 1.7 3.7 1.4 3.5 3.7 1.9 5.4 4.7 4.9 6.2 3.2 8.1 11.6 11.9 16.1 17.0 24.0 28.8 32.5 34.1 37.1 39.8 42.1 42.2 41.3 40.5 42.0 47.1 54.1 65.3 70.6 78.1 86.9 79.3 84.1 87.1 99.0 101.4 97.1 92.2 96.6 107.3 117.6 132.6 118.1 139.0 135.2 142.7 142.8 139.1 136.3 132.5 80.5 82.7 88.6 91.8 58.3 35.9 30.9 31.1 39.8 84.7
-9999.0 -9999.0 -9999.0 -9999.0 -9999.0 -9999.0 -9999.0 -9999.0 -9999.0 -9999.0 -9999.0 -9999.0 0.3 2.5 4.4 1.7 5.0 4.0 1.9 2.6 3.1 2.8 3.8 6.1 9.3 9.6 12.0 17.4 18.7 24.7 25.6 26.8 33.0 37.1 39.4 42.8 44.4 46.7 46.8 46.1 45.5 49.7 64.1 66.0 80.8 94.6 91.3 92.3 86.3 99.3 103.1 112.5 107.3 109.6 101.7 114.9 120.1 134.6 134.7 141.0 143.7 147.0 159.9 170.3 130.7 128.5 72.6 69.2 79.4 99.9 125.3 148.0 140.4 87.7 82.6 88.3
-9999.0 -9999.0 -9999.0 -9999.0 -9999.0 -9999.0 -9999.0 -9999.0 -9999.0 -9999.0 -9999.0 -9999.0 -9999.0 0.7 0.4 3.4 1.6 3.4 4.1 4.1 3.4 5.4 3.6 7.9 8.8 6.6 8.8 9.6 15.9 21.2 29.0 33.9 32.5 36.3 43.6 45.7 47.8 49.8 55.5 54.5 55.5 62.4 69.2 85.1 87.9 90.8 103.7 113.9 119.0 120.8 126.0 124.6 124.2 148.0 137.0 133.8 133.6 147.3 170.8 165.4 165.7 159.1 170.7 142.7 107.4 108.9 106.6 86.0 105.3 117.6 91.0 114.6 137.6 126.0 122.6 117.6
-9999.0 -9999.0 -9999.0 -9999.0 -9999.0 -9999.0 -9999.0 -9999.0 -9999.0 -9999.0 -9999.0 -9999.0 0.2 0.1 0.3 1.2 0.4 1.0 1.4 4.7 5.1 5.6 5.3 7.7 10.6 7.2 11.1 16.7 20.6 23.2 29.2 37.9 32.6 40.4 42.5 47.3 48.7 53.3 54.8 56.5 66.0 78.3 92.1 86.1 99.4 107.9 107.6 104.2 117.0 127.8 149.2 165.2 148.6 156.0 144.3 145.1 159.8 142.6 165.0 163.1 170.7 186.9 179.0 201.0 156.4 131.5 85.9 81.8 141.5 205.2 227.0 217.4 184.0 170.5 170.4 156.5
-9999.0 -9999.0 -9999.0 -9999.0 -9999.0 -9999.0 -9999.0 -9999.0 -9999.0 -9999.0 -9999.0 -9999.0 0.0 0.6 0.6 0.1 0.2 1.6 2.3 1.3 4.7 3.2 4.6 6.6 11.2 15.5 17.8 21.4 24.7 31.9 37.1 38.6 34.6 45.6 47.2 47.6 52.2 54.7 57.2 57.8 62.0 68.6 79.4 93.0 105.0 116.3 134.3 134.8 135.9 112.8 127.6 162.1 146.4 139.9 143.2 140.0 157.3 170.0 169.1 195.8 215.3 238.1 174.9 147.1 142.0 144.1 134.7 87.4 99.0 158.8 221.7 242.8 224.0 194.4 158.0 133.9
-9999.0 -9999.0 -9999.0 -9999.0 -9999.0 -9999.0 -9999.0 -9999.0 -9999.0 -9999.0 -9999.0 -9999.0 0.4 0.1 0.7 0.6 0.8 0.2 0.8 1.0 0.5 0.7 3.6 3.3 7.4 5.9 11.3 9.7 26.0 31.6 37.5 30.6 44.4 49.6 48.7 47.2 50.0 53.6 57.1 60.2 64.5 71.2 92.7 87.8 108.6 133.4 147.0 133.6 108.6 115.5 132.3 124.2 199.0 201.3 168.3 130.6 150.3 168.8 187.8 183.0 199.8 214.5 303.1 154.5 112.0 107.6 94.3 95.8 120.3 138.2 182.1 255.3 229.9 197.0 219.9 134.5
-9999.0 -9999.0 -9999.0 -9999.0 -9999.0 -9999.0 -9999.0 -9999.0 -9999.0 -9999.0 -9999.0 -9999.0 -9999.0 0.0 0.0 0.4 0.4 0.7 0.3 0.4 0.1 1.0 0.9 1.2 6.9 8.2 12.8 19.9 19.3 36.3 28.0 36.0 36.9 45.5 42.8 37.9 43.1 51.6 56.2 60.8 67.2 86.3 105.0 113.1 106.3 115.1 137.1 97.4 142.1 136.7 105.2 166.4 155.3 127.4 166.0 162.6 123.2 136.5 177.1 249.0 254.2 386.5 298.0 104.0 81.0 66.0 71.4 94.1 107.9 149.5 166.9 184.1 209.9 162.3 150.8 126.2
-9999.0 -9999.0 -9999.0 -9999.0 -9999.0 -9999.0 -9999.0 -9999.0 -9999.0 -9999.0 -9999.0 -9999.0 -9999.0 0.5 0.0 0.2 0.0 0.6 0.6 0.5 0.1 0.2 0.4 1.0 8.4 7.8 9.8 20.1 22.6 10.0 18.7 26.0 38.1 37.8 32.7 34.8 41.8 48.5 54.7 66.2 71.6 84.9 99.7 112.7 144.9 126.5 129.4 95.5 107.5 109.8 144.4 96.3 148.1 169.3 176.8 148.9 115.8 128.9 183.9 144.5 269.0 172.9 103.7 106.3 74.0 60.5 74.2 96.7 120.0 120.2 142.0 173.5 175.6 170.3 164.8 168.8
-9999.0 -9999.0 -9999.0 -9999.0 -9999.0 -9999.0 -9999.0 -9999.0 -9999.0 -9999.0 -9999.0 -9999.0 -9999.0 -9999.0 -9999.0 0.1 0.3 0.2 0.5 1.2 0.2 0.9 1.8 2.1 2.4 4.6 1.6 7.2 4.7 20.2 19.6 27.7 20.9 25.6 30.9 29.3 35.2 45.9 52.7 61.4 76.0 91.4 103.0 110.0 97.1 86.8 114.2 67.9 106.5 46.4 98.8 176.9 130.1 132.2 106.9 122.2 126.9 91.7 208.4 275.3 130.4 116.0 151.9 123.2 99.0 86.3 87.9 91.9 101.5 137.8 158.3 176.8 212.0 192.9 193.8 226.8
-9999.0 -9999.0 -9999.0 -9999.0 -9999.0 -9999.0 -9999.0 -9999.0 -9999.0 -9999.0 -9999.0 -9999.0 -9999.0 -9999.0 -9999.0 -9999.0 -9999.0 26.3 9.6 -9999.0 7.8 0.8 5.0 6.4 2.3 4.5 1.2 4.9 14.6 9.6 20.2 36.4 17.0 38.2 41.0 29.7 33.6 42.8 48.3 58.0 70.6 91.2 97.8 100.6 80.0 80.1 69.3 135.1 64.4 96.4 42.7 95.7 82.5 121.9 128.8 135.8 115.5 189.0 219.0 277.5 96.5 130.6 156.5 148.6 130.9 121.1 108.2 99.7 92.7 126.1 132.6 242.9 230.5 195.2 217.4 258.3
-9999.0 -9999.0 -9999.0 -9999.0 -9999.0 -9999.0 -9999.0 -9999.0 -9999.0 -9999.0 -9999.0 -9999.0 -9999.0 -9999.0 -9999.0 -9999.0 -9999.0 -9999.0 -9999.0 -9999.0 -9999.0 5.0 2.5 0.6 3.2 15.6 15.7 16.0 14.5 27.3 25.9 57.9 49.3 39.5 38.2 27.9 30.6 36.6 43.5 50.1 56.5 86.4 100.5 102.2 77.3 92.7 85.6 63.9 145.8 309.8 90.1 173.6 156.7 82.5 104.1 152.4 181.0 178.9 317.8 267.8 111.6 120.5 147.0 149.7 146.0 133.1 115.1 100.0 79.1 112.8 186.2 242.4 220.6 186.0 199.6 242.6
-9999.0 -9999.0 -9999.0 -9999.0 -9999.0 -9999.0 -9999.0 -9999.0 -9999.0 -9999.0 -9999.0 -9999.0 -9999.0 -9999.0 -9999.0 -9999.0 -9999.0 -9999.0 -9999.0 -9999.0 -9999.0 -9999.0 -9999.0 46.4 12.8 17.6 19.5 16.5 8.0 21.6 21.6 24.1 17.1 27.5 26.8 29.7 35.3 38.0 49.6 61.3 68.4 88.9 81.3 77.3 76.1 104.4 70.1 62.7 56.0 56.4 57.4 127.5 67.3 81.5 83.6 99.7 180.1 261.5 180.1 301.2 158.2 172.6 182.4 132.9 130.1 134.6 121.2 104.6 138.0 137.7 218.2 222.8 196.2 169.7 160.3 179.2
-9999.0 -9999.0 -9999.0 -9999.0 -9999.0 -9999.0 -9999.0 -9999.0 -9999.0 -9999.0 -9999.0 -9999.0 -9999.0 -9999.0 -9999.0 -9999.0 -9999.0 -9999.0 -9999.0 -9999.0 -9999.0 -9999.0 -9999.0 -9999.0 -9999.0 121.3 52.4 2.7 5.6 4.4 14.3 36.1 43.6 35.5 40.1 37.4 48.7 45.9 60.3 59.2 82.6 72.9 73.6 75.0 96.3 111.3 92.9 124.6 88.4 66.3 133.2 93.1 121.0 108.1 84.5 117.1 194.5 239.4 322.9 332.8 294.0 247.7 421.4 141.9 142.8 147.6 140.2 153.7 163.0 171.1 174.3 170.4 142.0 130.4 123.7 128.6
-9999.0 -9999.0 -9999.0 -9999.0 -9999.0 -9999.0 -9999.0 -9999.0 -9999.0 -9999.0 -9999.0 -9999.0 -9999.0 -9999.0 -9999.0 -9999.0 -9999.0 -9999.0 -9999.0 -9999.0 -9999.0 -9999.0 -9999.0 -9999.0 -9999.0 -9999.0 -9999.0 171.4 173.6 75.3 70.3 72.8 30.9 80.2 50.7 96.3 53.6 55.5 60.1 62.2 77.5 66.1 81.7 101.0 106.7 116.5 127.7 135.5 142.3 102.5 134.9 137.8 88.5 89.9 105.4 158.8 222.2 298.6 347.5 349.0 314.9 299.5 219.2 205.0 255.8 193.9 159.8 135.9 124.0 122.6 118.8 118.2 102.5 102.9 98.2 106.1
-9999.0 -9999.0 -9999.0 -9999.0 -9999.0 -9999.0 -9999.0 -9999.0 -9999.0 -9999.0 -9999.0 -9999.0 -9999.0 -9999.0 -9999.0 -9999.0 -9999.0 -9999.0 -9999.0 -9999.0 -9999.0 -9999.0 -9999.0 -9999.0 -9999.0 -9999.0 -9999.0 -9999.0 -9999.0 -9999.0 -9999.0 -9999.0 -9999.0 132.8 77.3 -9999.0 -9999.0 -9999.0 89.1 73.8 79.4 87.8 87.8 108.6 117.1 122.8 -9999.0 -9999.0 -9999.0 -9999.0 -9999.0 -9999.0 126.8 137.7 140.2 192.1 272.3 339.3 387.8 406.0 377.8 318.9 276.8 263.2 262.8 233.6 178.2 128.9 104.0 96.8 88.6 90.6 101.8 116.5 127.8 136.8
-9999.0 -9999.0 -9999.0 -9999.0 -9999.0 -9999.0 -9999.0 -9999.0 -9999.0 -9999.0 -9999.0 -9999.0 -9999.0 -9999.0 -9999.0 -9999.0 -9999.0 -9999.0 -9999.0 -9999.0 -9999.0 -9999.0 -9999.0 -9999.0 -9999.0 -9999.0 -9999.0 -9999.0 -9999.0 -9999.0 -9999.0 -9999.0 -9999.0 -9999.0 -9999.0 -9999.0 -9999.0 -9999.0 -9999.0 117.8 113.3 111.8 112.4 114.8 -9999.0 -9999.0 -9999.0 -9999.0 -9999.0 -9999.0 -9999.0 -9999.0 168.1 199.0 182.5 202.9 265.8 306.6 342.5 393.0 409.8 321.3 276.2 288.2 320.2 296.4 219.5 140.5 103.0 85.1 90.7 105.1 121.6 149.0 180.9 198.2
-9999.0 -9999.0 -9999.0 -9999.0 -9999.0 -9999.0 -9999.0 -9999.0 -9999.0 -9999.0 -9999.0 -9999.0 -9999.0 -9999.0 -9999.0 -9999.0 -9999.0 -9999.0 -9999.0 -9999.0 -9999.0 -9999.0 -9999.0 -9999.0 -9999.0 -9999.0 -9999.0 -9999.0 -9999.0 -9999.0 -9999.0 -9999.0 -9999.0 -9999.0 -9999.0 -9999.0 -9999.0 -9999.0 -9999.0 -9999.0 -9999.0 -9999.0 -9999.0 -9999.0 -9999.0 -9999.0 -9999.0 -9999.0 -9999.0 -9999.0 -9999.0 -9999.0 191.0 268.3 226.4 271.9 240.1 245.6 255.2 299.1 334.0 303.6 302.8 272.1 309.5 330.2 272.1 181.5 121.0 100.9 115.0 137.1 143.3 166.3 191.1 217.9
-9999.0 -9999.0 -9999.0 -9999.0 -9999.0 -9999.0 -9999.0 -9999.0 -9999.0 -9999.0 -9999.0 -9999.0 -9999.0 -9999.0 -9999.0 -9999.0 -9999.0 -9999.0 -9999.0 -9999.0 -9999.0 -9999.0 -9999.0 -9999.0 -9999.0 -9999.0 -9999.0 -9999.0 -9999.0 -9999.0 -9999.0 -9999.0 -9999.0 -9999.0 -9999.0 -9999.0 -9999.0 -9999.0 -9999.0 -9999.0 -9999.0 -9999.0 -9999.0 -9999.0 -9999.0 -9999.0 -9999.0 -9999.0 -9999.0 -9999.0 -9999.0 258.7 293.3 321.1 205.9 222.9 209.4 237.1 191.6 171.6 237.2 222.7 244.7 260.3 317.1 366.1 327.0 276.5 161.5 147.6 158.0 162.3 152.0 151.1 181.9 226.3
-9999.0 -9999.0 -9999.0 -9999.0 -9999.0 -9999.0 -9999.0 -9999.0 -9999.0 -9999.0 -9999.0 -9999.0 -9999.0 -9999.0 -9999.0 -9999.0 -9999.0 -9999.0 -9999.0 -9999.0 -9999.0 -9999.0 -9999.0 -9999.0 -9999.0 -9999.0 -9999.0 -9999.0 -9999.0 -9999.0 -9999.0 -9999.0 -9999.0 -9999.0 -9999.0 -9999.0 -9999.0 -9999.0 -9999.0 -9999.0 -9999.0 -9999.0 -9999.0 -9999.0 -9999.0 -9999.0 -9999.0 -9999.0 -9999.0 -9999.0 236.4 355.1 375.8 366.1 260.2 247.9 181.4 155.0 165.3 191.2 191.5 190.8 206.9 236.8 308.6 348.6 292.5 262.5 180.9 188.2 183.5 181.3 163.4 161.0 185.7 222.9
-9999.0 -9999.0 -9999.0 -9999.0 -9999.0 -9999.0 -9999.0 -9999.0 -9999.0 -9999.0 -9999.0 -9999.0 -9999.0 -9999.0 -9999.0 -9999.0 -9999.0 -9999.0 -9999.0 -9999.0 -9999.0 -9999.0 -9999.0 -9999.0 -9999.0 -9999.0 -9999.0 -9999.0 -9999.0 -9999.0 -9999.0 -9999.0 -9999.0 -9999.0 -9999.0 -9999.0 -9999.0 -9999.0 -9999.0 -9999.0 -9999.0 -9999.0 -9999.0 -9999.0 -9999.0 -9999.0 -9999.0 -9999.0 -9999.0 -9999.0 259.4 456.1 379.9 383.3 339.7 246.2 147.5 231.0 214.1 181.8 173.4 182.5 193.1 216.6 245.8 249.2 231.6 217.2 185.8 189.2 204.0 214.2 201.5 186.4 216.4 280.9
-9999.0 -9999.0 -9999.0 -9999.0 -9999.0 -9999.0 -9999.0 -9999.0 -9999.0 -9999.0 -9999.0 -9999.0 -9999.0 -9999.0 -9999.0 -9999.0 -9999.0 -9999.0 -9999.0 -9999.0 -9999.0 -9999.0 -9999.0 -9999.0 -9999.0 -9999.0 -9999.0 -9999.0 -9999.0 -9999.0 -9999.0 -9999.0 -9999.0 -9999.0 -9999.0 -9999.0 -9999.0 -9999.0 -9999.0 -9999.0 -9999.0 -9999.0 -9999.0 -9999.0 -9999.0 -9999.0 -9999.0 -9999.0 -9999.0 -9999.0 264.6 375.6 390.1 515.4 296.6 230.8 337.0 242.2 249.9 169.2 181.3 190.4 183.5 166.3 176.4 162.7 141.3 132.4 138.1 162.5 201.2 224.0 247.2 213.1 218.1 249.7
-9999.0 -9999.0 -9999.0 -9999.0 -9999.0 -9999.0 -9999.0 -9999.0 -9999.0 -9999.0 -9999.0 -9999.0 -9999.0 -9999.0 -9999.0 -9999.0 -9999.0 -9999.0 -9999.0 -9999.0 -9999.0 -9999.0 -9999.0 -9999.0 -9999.0 -9999.0 -9999.0 -9999.0 -9999.0 -9999.0 -9999.0 -9999.0 -9999.0 -9999.0 -9999.0 -9999.0 -9999.0 -9999.0 -9999.0 -9999.0 -9999.0 -9999.0 -9999.0 -9999.0 -9999.0 -9999.0 -9999.0 -9999.0 -9999.0 -9999.0 393.3 543.1 500.9 500.1 411.4 418.3 197.8 253.5 235.2 150.6 184.2 171.1 104.4 143.1 156.0 140.7 131.2 108.5 132.3 106.7 156.2 198.8 232.4 206.9 185.8 202.7
-9999.0 -9999.0 -9999.0 -9999.0 -9999.0 -9999.0 -9999.0 -9999.0 -9999.0 -9999.0 -9999.0 -9999.0 -9999.0 -9999.0 -9999.0 -9999.0 -9999.0 -9999.0 -9999.0 -9999.0 -9999.0 -9999.0 -9999.0 -9999.0 -9999.0 -9999.0 -9999.0 -9999.0 -9999.0 -9999.0 -9999.0 -9999.0 -9999.0 -9999.0 -9999.0 -9999.0 -9999.0 -9999.0 -9999.0 -9999.0 -9999.0 -9999.0 -9999.0 -9999.0 -9999.0 -9999.0 -9999.0 -9999.0 -9999.0 -9999.0 -9999.0 -9999.0 -9999.0 525.0 431.9 337.7 287.9 270.8 145.5 146.1 313.4 106.8 231.3 162.0 164.2 145.3 157.5 101.3 133.7 132.9 111.7 114.0 150.9 171.5 189.0 232.9
-9999.0 -9999.0 -9999.0 -9999.0 -9999.0 -9999.0 -9999.0 -9999.0 -9999.0 -9999.0 -9999.0 -9999.0 -9999.0 -9999.0 -9999.0 -9999.0 -9999.0 -9999.0 -9999.0 -9999.0 -9999.0 -9999.0 -9999.0 -9999.0 -9999.0 -9999.0 -9999.0 -9999.0 -9999.0 -9999.0 -9999.0 -9999.0 -9999.0 -9999.0 -9999.0 -9999.0 -9999.0 -9999.0 -9999.0 -9999.0 -9999.0 -9999.0 -9999.0 -9999.0 -9999.0 -9999.0 -9999.0 -9999.0 -9999.0 -9999.0 -9999.0 -9999.0 -9999.0 608.2 467.0 655.0 285.6 182.2 192.6 309.1 223.4 159.0 288.3 173.6 178.5 164.9 104.1 177.7 121.7 115.6 88.7 90.9 134.3 188.5 249.1 335.7
-9999.0 -9999.0 -9999.0 -9999.0 -9999.0 -9999.0 -9999.0 -9999.0 -9999.0 -9999.0 -9999.0 -9999.0 -9999.0 -9999.0 -9999.0 -9999.0 -9999.0 -9999.0 -9999.0 -9999.0 -9999.0 -9999.0 -9999.0 -9999.0 -9999.0 -9999.0 -9999.0 -9999.0 -9999.0 -9999.0 -9999.0 -9999.0 -9999.0 -9999.0 -9999.0 -9999.0 -9999.0 -9999.0 -9999.0 -9999.0 -9999.0 -9999.0 -9999.0 -9999.0 -9999.0 -9999.0 -9999.0 -9999.0 -9999.0 -9999.0 -9999.0 -9999.0 -9999.0 682.8 420.8 509.2 336.4 219.2 232.6 262.0 359.0 330.9 410.1 403.4 195.8 -9999.0 -9999.0 -9999.0 183.3 130.9 124.0 145.9 193.1 266.4 350.9 406.9
-9999.0 -9999.0 -9999.0 -9999.0 -9999.0 -9999.0 -9999.0 -9999.0 -9999.0 -9999.0 -9999.0 -9999.0 -9999.0 -9999.0 -9999.0 -9999.0 -9999.0 -9999.0 -9999.0 -9999.0 -9999.0 -9999.0 -9999.0 -9999.0 -9999.0 -9999.0 -9999.0 -9999.0 -9999.0 -9999.0 -9999.0 -9999.0 -9999.0 -9999.0 -9999.0 -9999.0 -9999.0 -9999.0 -9999.0 -9999.0 -9999.0 -9999.0 -9999.0 -9999.0 -9999.0 -9999.0 -9999.0 -9999.0 -9999.0 -9999.0 -9999.0 -9999.0 -9999.0 -9999.0 622.5 484.2 270.5 211.0 307.5 423.7 302.7 -9999.0 -9999.0 -9999.0 -9999.0 -9999.0 -9999.0 -9999.0 183.7 197.3 233.6 211.8 260.8 344.3 395.1 367.6
-9999.0 -9999.0 -9999.0 -9999.0 -9999.0 -9999.0 -9999.0 -9999.0 -9999.0 -9999.0 -9999.0 -9999.0 -9999.0 -9999.0 -9999.0 -9999.0 -9999.0 -9999.0 -9999.0 -9999.0 -9999.0 -9999.0 -9999.0 -9999.0 -9999.0 -9999.0 -9999.0 -9999.0 -9999.0 -9999.0 -9999.0 -9999.0 -9999.0 -9999.0 -9999.0 -9999.0 -9999.0 -9999.0 -9999.0 -9999.0 -9999.0 -9999.0 -9999.0 -9999.0 -9999.0 -9999.0 -9999.0 -9999.0 -9999.0 -9999.0 -9999.0 -9999.0 -9999.0 -9999.0 -9999.0 474.4 582.5 341.8 305.5 407.3 413.8 -9999.0 -9999.0 -9999.0 -9999.0 -9999.0 -9999.0 -9999.0 -9999.0 -9999.0 238.1 -9999.0 -9999.0 -9999.0 -9999.0 -9999.0
