program/excelProcessViaJava/data/SURF_CLI_CHN_PRE_MON_GRID_0.5-198307.txt
NCOLS      128
NROWS       72
XLLCORNER    72.000000000000    
YLLCORNER    18.000000000000    
CELLSIZE    0.50000000000000    
NODATA_VALUE   -9999.000    
[rows 33 to 65 of 72, columns 0 to 73 of 128]
-9999.0 -9999.0 -9999.0 -9999.0 63.7 102.0 134.1 60.4 48.4 8.7 14.9 12.5 12.5 15.0 22.0 26.0 22.8 17.5 14.5 14.3 16.4 19.4 21.5 20.9 18.0 15.5 15.2 72.2 33.2 41.9 51.3 49.9 52.1 64.0 52.2 53.0 48.2 76.8 62.5 36.3 17.3 11.4 10.6 10.4 11.7 13.4 16.2 22.6 28.1 22.8 28.6 58.3 84.7 110.1 81.6 85.2 86.9 109.3 112.2 137.8 130.7 104.4 77.8 33.0 13.7 20.0 24.3 17.7 20.8 16.6 18.6 28.4 42.7 55.4
-9999.0 -9999.0 -9999.0 -9999.0 103.1 68.7 125.3 52.3 145.8 124.9 30.4 88.9 55.1 55.4 25.6 26.8 24.9 17.5 14.0 14.1 16.8 19.8 21.9 26.4 47.9 68.2 46.2 48.6 47.5 50.2 52.7 64.1 60.4 63.8 69.2 64.0 74.0 81.9 57.7 37.8 50.3 21.5 18.7 15.3 15.8 16.4 16.3 16.1 17.0 22.1 29.6 41.5 73.7 70.1 70.3 78.3 85.8 95.8 105.4 81.0 106.5 72.4 52.6 39.3 20.3 11.9 23.0 18.8 17.9 20.7 22.0 31.4 43.9 56.2
-9999.0 -9999.0 -9999.0 -9999.0 -9999.0 -9999.0 -9999.0 70.6 102.0 70.0 142.3 132.8 71.5 81.9 78.2 26.7 38.8 24.0 19.9 25.8 41.9 57.3 58.9 53.7 50.3 48.8 53.1 55.4 57.5 65.8 67.3 69.7 71.5 77.7 85.6 78.6 90.5 82.3 94.7 94.9 54.3 99.6 89.6 63.4 42.7 28.5 34.3 29.8 34.5 31.0 38.1 50.2 61.2 98.4 98.1 83.7 92.4 94.9 116.6 90.9 106.6 77.7 54.0 41.2 38.3 21.5 24.3 25.6 23.6 26.7 31.3 39.4 57.2 71.4
-9999.0 -9999.0 -9999.0 -9999.0 -9999.0 -9999.0 -9999.0 173.6 57.2 107.3 124.7 91.2 104.7 134.1 94.1 139.7 79.0 69.8 91.6 59.7 55.0 64.7 56.4 55.4 52.7 53.1 53.1 61.7 57.5 59.3 69.8 74.2 77.8 88.9 85.0 88.7 86.5 94.0 92.1 87.0 89.2 89.9 96.5 125.4 83.9 61.1 66.6 63.9 77.4 62.1 81.8 73.1 65.8 79.6 109.0 99.5 111.5 123.4 130.9 124.5 98.2 87.9 78.0 67.9 51.2 37.4 30.3 30.9 38.6 39.3 47.3 60.0 81.1 95.9
-9999.0 -9999.0 -9999.0 -9999.0 -9999.0 -9999.0 -9999.0 -9999.0 -9999.0 102.6 94.9 82.7 120.8 110.7 90.4 77.4 88.9 127.0 83.5 97.7 71.9 57.7 54.7 54.1 53.4 52.7 56.4 58.9 58.9 69.6 65.8 73.4 79.0 87.4 85.9 89.5 90.9 96.1 92.8 96.8 93.5 102.4 104.5 104.6 117.2 115.7 111.1 100.3 90.7 79.7 77.7 69.8 72.8 87.7 119.4 118.8 127.3 137.9 147.8 131.0 107.5 93.5 82.9 86.6 72.6 52.7 39.6 48.1 62.6 68.5 78.3 80.5 94.3 113.1
-9999.0 -9999.0 -9999.0 -9999.0 -9999.0 -9999.0 -9999.0 -9999.0 -9999.0 -9999.0 -9999.0 126.2 66.1 121.7 95.5 98.5 86.4 75.6 68.3 68.4 72.5 59.6 58.9 53.9 62.7 57.9 61.5 63.4 65.1 67.2 71.7 81.2 82.1 88.1 91.6 105.2 101.1 104.0 124.3 106.9 115.7 113.7 117.9 124.9 150.4 138.6 151.9 129.3 117.3 98.4 81.2 79.3 88.2 113.4 143.6 147.4 146.6 157.3 155.4 139.9 121.8 98.3 86.7 87.4 79.3 60.9 58.1 70.7 90.7 111.3 119.2 120.6 111.4 119.9
-9999.0 -9999.0 -9999.0 -9999.0 -9999.0 -9999.0 -9999.0 -9999.0 -9999.0 -9999.0 -9999.0 -9999.0 70.7 69.2 101.6 79.5 109.2 78.3 71.8 84.8 54.1 55.3 54.6 51.8 70.9 56.0 56.3 62.8 65.2 73.4 74.2 78.7 84.4 93.4 100.3 105.0 120.8 115.9 114.0 111.9 114.1 122.5 135.6 154.7 164.6 171.6 172.1 149.0 132.0 114.4 112.3 110.3 116.7 135.7 158.6 167.8 169.4 175.7 162.4 156.1 136.2 120.8 105.1 92.5 85.5 79.5 68.8 83.3 113.9 155.0 159.4 140.3 147.0 167.2
-9999.0 -9999.0 -9999.0 -9999.0 -9999.0 -9999.0 -9999.0 -9999.0 -9999.0 -9999.0 -9999.0 -9999.0 120.1 57.5 51.0 79.5 54.6 58.7 70.9 60.7 55.3 56.4 52.8 49.1 48.6 52.5 55.4 58.0 62.8 67.1 73.0 80.2 84.6 90.7 99.1 106.5 120.8 129.2 130.5 129.6 128.7 137.7 160.2 170.3 188.0 197.1 184.4 166.5 139.2 130.1 122.6 131.9 142.5 165.7 168.7 181.7 179.5 185.3 183.6 178.0 164.6 146.8 127.1 112.1 88.8 81.7 71.4 94.7 136.7 205.3 256.7 271.0 281.3 297.0
-9999.0 -9999.0 -9999.0 -9999.0 -9999.0 -9999.0 -9999.0 -9999.0 -9999.0 -9999.0 -9999.0 -9999.0 -9999.0 69.3 91.2 47.2 61.2 48.4 44.1 42.7 44.6 40.7 46.2 43.3 46.4 51.6 53.8 58.1 60.4 64.8 70.2 75.7 81.5 88.0 94.4 104.6 117.4 131.0 149.9 144.9 145.4 156.3 170.6 191.4 200.3 200.3 194.8 181.1 162.8 146.6 143.1 148.5 165.5 202.1 207.1 207.5 206.7 211.8 211.1 202.3 190.3 177.9 152.7 130.8 82.8 79.2 86.0 130.1 205.7 291.8 312.5 346.6 380.0 370.1
-9999.0 -9999.0 -9999.0 -9999.0 -9999.0 -9999.0 -9999.0 -9999.0 -9999.0 -9999.0 -9999.0 -9999.0 64.9 89.7 74.1 48.7 67.5 49.4 44.2 32.6 32.9 34.3 37.3 39.3 42.3 45.4 47.7 51.3 55.3 59.7 65.5 72.7 75.4 81.2 87.6 97.9 113.7 129.5 139.3 141.6 152.2 166.9 183.5 191.2 202.4 201.8 188.0 165.6 151.7 144.3 155.9 176.0 183.4 207.3 215.6 225.7 237.7 240.5 237.5 240.8 221.5 193.9 178.1 152.4 128.3 104.0 194.4 238.9 258.6 295.0 378.0 455.4 435.4 316.6
-9999.0 -9999.0 -9999.0 -9999.0 -9999.0 -9999.0 -9999.0 -9999.0 -9999.0 -9999.0 -9999.0 -9999.0 74.6 34.1 40.2 77.3 59.2 31.2 28.4 32.2 26.5 30.4 32.0 34.4 37.9 41.7 44.1 47.1 50.5 56.7 62.7 67.1 68.6 76.3 80.0 86.8 103.5 121.9 133.1 131.7 133.4 146.1 166.6 183.9 190.6 185.5 176.3 158.2 142.9 123.5 133.0 162.4 175.9 194.4 212.0 222.5 241.7 246.8 248.0 235.7 220.5 202.6 205.1 171.7 139.1 163.9 161.1 292.4 323.5 346.4 412.4 476.4 465.5 410.7
-9999.0 -9999.0 -9999.0 -9999.0 -9999.0 -9999.0 -9999.0 -9999.0 -9999.0 -9999.0 -9999.0 -9999.0 22.3 48.8 24.5 27.6 24.6 39.1 25.1 24.1 30.5 30.2 26.9 29.4 31.7 32.2 34.6 34.6 43.3 48.3 55.0 55.4 67.2 72.8 73.3 75.9 90.7 110.7 122.2 119.1 118.8 137.3 151.3 175.9 167.9 160.7 149.9 125.2 102.3 102.0 114.6 127.5 182.0 205.0 205.5 191.9 216.5 227.4 229.1 227.9 225.0 215.5 193.7 174.5 126.0 272.0 288.3 263.8 250.5 297.3 367.2 417.0 432.9 379.8
-9999.0 -9999.0 -9999.0 -9999.0 -9999.0 -9999.0 -9999.0 -9999.0 -9999.0 -9999.0 -9999.0 -9999.0 -9999.0 71.2 50.2 21.1 21.2 16.6 22.0 23.0 33.0 21.8 24.4 25.5 26.9 27.5 29.2 32.1 31.3 41.9 40.2 49.5 55.4 64.4 63.6 65.6 79.7 105.5 115.7 112.8 110.5 123.6 137.5 142.3 138.5 120.7 109.1 75.6 85.6 82.1 79.0 116.9 130.7 139.1 177.2 189.8 161.8 175.2 195.0 211.3 201.2 217.9 189.7 130.3 135.9 231.4 243.1 199.1 195.3 229.5 307.6 350.1 338.6 328.4
-9999.0 -9999.0 -9999.0 -9999.0 -9999.0 -9999.0 -9999.0 -9999.0 -9999.0 -9999.0 -9999.0 -9999.0 -9999.0 10.0 38.3 16.3 29.6 11.9 12.7 15.6 26.3 24.2 24.0 22.1 25.0 23.5 22.6 26.1 25.3 21.0 26.3 34.3 47.1 52.5 53.9 61.5 79.0 101.5 109.1 110.8 104.3 109.3 117.0 118.2 122.5 93.3 75.6 47.3 45.4 47.7 67.8 64.8 98.9 131.7 158.4 156.2 135.2 144.4 170.6 143.9 179.3 156.1 114.1 80.6 140.3 199.0 182.5 140.9 148.8 213.4 264.8 260.7 266.6 311.2
-9999.0 -9999.0 -9999.0 -9999.0 -9999.0 -9999.0 -9999.0 -9999.0 -9999.0 -9999.0 -9999.0 -9999.0 -9999.0 -9999.0 -9999.0 14.7 10.8 13.8 11.2 11.4 19.7 18.0 19.9 21.1 20.7 19.9 16.4 14.9 13.0 16.4 17.8 25.2 30.3 38.8 47.1 57.7 72.2 87.7 95.8 94.2 98.0 101.2 100.6 95.9 85.2 69.4 50.4 30.8 31.1 23.1 34.9 76.4 67.8 87.2 88.6 119.5 132.6 102.6 167.4 181.1 121.1 141.9 134.8 141.8 191.2 227.5 177.8 121.0 151.5 201.6 226.9 207.7 236.5 338.0
-9999.0 -9999.0 -9999.0 -9999.0 -9999.0 -9999.0 -9999.0 -9999.0 -9999.0 -9999.0 -9999.0 -9999.0 -9999.0 -9999.0 -9999.0 -9999.0 -9999.0 22.0 11.3 -9999.0 17.3 20.6 24.0 26.6 22.4 20.8 15.5 12.1 12.0 8.7 11.6 20.4 23.2 34.7 41.5 45.5 65.1 47.9 67.2 71.9 77.8 89.4 83.2 76.4 109.5 62.5 147.1 39.6 18.8 22.1 25.2 31.7 49.7 67.0 92.1 116.3 116.8 160.9 167.1 176.7 127.4 145.4 144.6 171.2 226.9 265.3 212.2 157.1 183.7 222.0 248.3 239.3 300.9 434.3
-9999.0 -9999.0 -9999.0 -9999.0 -9999.0 -9999.0 -9999.0 -9999.0 -9999.0 -9999.0 -9999.0 -9999.0 -9999.0 -9999.0 -9999.0 -9999.0 -9999.0 -9999.0 -9999.0 -9999.0 -9999.0 27.0 29.1 29.6 28.5 37.3 29.5 20.4 11.6 12.3 9.8 26.4 27.1 29.5 32.0 35.1 35.6 33.7 29.0 33.3 48.8 74.8 76.0 66.6 100.8 46.2 215.1 31.3 36.0 150.0 20.3 56.2 60.4 41.7 69.0 115.2 145.4 154.3 211.0 183.4 162.0 161.1 128.1 152.3 205.6 243.9 217.0 186.8 196.7 232.7 263.6 306.7 365.9 470.8
-9999.0 -9999.0 -9999.0 -9999.0 -9999.0 -9999.0 -9999.0 -9999.0 -9999.0 -9999.0 -9999.0 -9999.0 -9999.0 -9999.0 -9999.0 -9999.0 -9999.0 -9999.0 -9999.0 -9999.0 -9999.0 -9999.0 -9999.0 90.8 51.2 51.8 44.2 28.2 12.4 11.8 9.2 13.0 23.1 29.3 38.8 40.7 48.7 30.2 47.1 56.8 57.0 71.6 58.2 59.3 99.1 283.7 88.1 52.3 59.7 55.3 19.9 34.9 25.2 38.1 51.5 71.7 133.9 182.7 186.9 205.7 227.4 205.4 175.1 151.1 181.2 205.3 191.6 180.1 222.2 241.5 315.4 342.2 348.4 371.4
-9999.0 -9999.0 -9999.0 -9999.0 -9999.0 -9999.0 -9999.0 -9999.0 -9999.0 -9999.0 -9999.0 -9999.0 -9999.0 -9999.0 -9999.0 -9999.0 -9999.0 -9999.0 -9999.0 -9999.0 -9999.0 -9999.0 -9999.0 -9999.0 -9999.0 211.3 110.0 32.0 22.9 24.6 16.2 25.2 35.3 41.2 43.7 56.2 83.6 39.9 60.1 44.0 70.8 54.4 105.9 100.5 227.4 306.0 195.5 308.7 31.2 44.2 35.3 26.4 42.3 47.0 44.6 68.8 123.1 158.3 204.2 217.9 227.9 220.2 222.2 145.2 178.2 195.6 199.4 243.2 255.9 267.6 277.3 264.1 188.9 215.0
-9999.0 -9999.0 -9999.0 -9999.0 -9999.0 -9999.0 -9999.0 -9999.0 -9999.0 -9999.0 -9999.0 -9999.0 -9999.0 -9999.0 -9999.0 -9999.0 -9999.0 -9999.0 -9999.0 -9999.0 -9999.0 -9999.0 -9999.0 -9999.0 -9999.0 -9999.0 -9999.0 293.2 275.5 103.0 79.5 75.1 57.1 80.2 71.7 86.1 50.2 42.4 40.4 45.1 62.1 60.8 135.1 248.3 279.3 324.5 357.9 348.1 316.5 109.1 160.5 124.2 34.1 40.7 49.7 78.6 111.6 156.5 197.5 218.8 257.9 225.5 173.6 173.3 215.1 245.3 236.7 203.9 198.5 191.4 172.1 174.7 89.4 103.2
-9999.0 -9999.0 -9999.0 -9999.0 -9999.0 -9999.0 -9999.0 -9999.0 -9999.0 -9999.0 -9999.0 -9999.0 -9999.0 -9999.0 -9999.0 -9999.0 -9999.0 -9999.0 -9999.0 -9999.0 -9999.0 -9999.0 -9999.0 -9999.0 -9999.0 -9999.0 -9999.0 -9999.0 -9999.0 -9999.0 -9999.0 -9999.0 -9999.0 164.9 106.5 -9999.0 -9999.0 -9999.0 106.3 68.5 98.5 145.2 137.1 292.5 350.6 360.0 -9999.0 -9999.0 -9999.0 -9999.0 -9999.0 -9999.0 69.8 57.0 76.4 100.4 126.7 171.1 191.7 229.7 235.1 217.1 179.7 180.9 223.3 267.7 282.7 262.0 199.7 136.9 100.6 121.5 122.3 71.7
-9999.0 -9999.0 -9999.0 -9999.0 -9999.0 -9999.0 -9999.0 -9999.0 -9999.0 -9999.0 -9999.0 -9999.0 -9999.0 -9999.0 -9999.0 -9999.0 -9999.0 -9999.0 -9999.0 -9999.0 -9999.0 -9999.0 -9999.0 -9999.0 -9999.0 -9999.0 -9999.0 -9999.0 -9999.0 -9999.0 -9999.0 -9999.0 -9999.0 -9999.0 -9999.0 -9999.0 -9999.0 -9999.0 -9999.0 279.7 284.3 302.4 323.3 341.2 -9999.0 -9999.0 -9999.0 -9999.0 -9999.0 -9999.0 -9999.0 -9999.0 88.1 85.4 86.1 120.0 159.0 191.6 219.1 230.9 220.3 196.1 177.2 176.9 223.2 276.0 299.1 250.6 185.4 161.3 150.8 152.0 117.7 131.1
-9999.0 -9999.0 -9999.0 -9999.0 -9999.0 -9999.0 -9999.0 -9999.0 -9999.0 -9999.0 -9999.0 -9999.0 -9999.0 -9999.0 -9999.0 -9999.0 -9999.0 -9999.0 -9999.0 -9999.0 -9999.0 -9999.0 -9999.0 -9999.0 -9999.0 -9999.0 -9999.0 -9999.0 -9999.0 -9999.0 -9999.0 -9999.0 -9999.0 -9999.0 -9999.0 -9999.0 -9999.0 -9999.0 -9999.0 -9999.0 -9999.0 -9999.0 -9999.0 -9999.0 -9999.0 -9999.0 -9999.0 -9999.0 -9999.0 -9999.0 -9999.0 -9999.0 185.8 121.5 109.3 133.2 158.3 190.0 212.7 215.0 191.6 168.8 220.7 148.8 185.4 250.0 259.3 222.8 186.6 172.1 176.6 197.7 245.5 166.8
-9999.0 -9999.0 -9999.0 -9999.0 -9999.0 -9999.0 -9999.0 -9999.0 -9999.0 -9999.0 -9999.0 -9999.0 -9999.0 -9999.0 -9999.0 -9999.0 -9999.0 -9999.0 -9999.0 -9999.0 -9999.0 -9999.0 -9999.0 -9999.0 -9999.0 -9999.0 -9999.0 -9999.0 -9999.0 -9999.0 -9999.0 -9999.0 -9999.0 -9999.0 -9999.0 -9999.0 -9999.0 -9999.0 -9999.0 -9999.0 -9999.0 -9999.0 -9999.0 -9999.0 -9999.0 -9999.0 -9999.0 -9999.0 -9999.0 -9999.0 -9999.0 282.1 171.8 149.9 109.7 126.2 143.5 175.3 188.4 157.5 194.8 166.3 133.3 126.7 162.6 225.2 226.2 159.4 171.3 161.7 172.8 192.8 152.4 112.9
-9999.0 -9999.0 -9999.0 -9999.0 -9999.0 -9999.0 -9999.0 -9999.0 -9999.0 -9999.0 -9999.0 -9999.0 -9999.0 -9999.0 -9999.0 -9999.0 -9999.0 -9999.0 -9999.0 -9999.0 -9999.0 -9999.0 -9999.0 -9999.0 -9999.0 -9999.0 -9999.0 -9999.0 -9999.0 -9999.0 -9999.0 -9999.0 -9999.0 -9999.0 -9999.0 -9999.0 -9999.0 -9999.0 -9999.0 -9999.0 -9999.0 -9999.0 -9999.0 -9999.0 -9999.0 -9999.0 -9999.0 -9999.0 -9999.0 -9999.0 407.1 303.2 219.1 179.5 122.9 127.0 109.7 108.6 139.1 175.8 165.2 188.2 141.7 129.9 164.7 212.0 203.3 167.7 166.9 154.6 180.2 164.5 161.1 172.2
-9999.0 -9999.0 -9999.0 -9999.0 -9999.0 -9999.0 -9999.0 -9999.0 -9999.0 -9999.0 -9999.0 -9999.0 -9999.0 -9999.0 -9999.0 -9999.0 -9999.0 -9999.0 -9999.0 -9999.0 -9999.0 -9999.0 -9999.0 -9999.0 -9999.0 -9999.0 -9999.0 -9999.0 -9999.0 -9999.0 -9999.0 -9999.0 -9999.0 -9999.0 -9999.0 -9999.0 -9999.0 -9999.0 -9999.0 -9999.0 -9999.0 -9999.0 -9999.0 -9999.0 -9999.0 -9999.0 -9999.0 -9999.0 -9999.0 -9999.0 418.3 366.4 352.6 227.1 182.3 131.8 102.6 129.0 138.2 135.9 150.4 178.9 166.4 154.2 158.5 191.8 184.5 161.2 161.2 167.7 200.0 222.2 218.3 181.3
-9999.0 -9999.0 -9999.0 -9999.0 -9999.0 -9999.0 -9999.0 -9999.0 -9999.0 -9999.0 -9999.0 -9999.0 -9999.0 -9999.0 -9999.0 -9999.0 -9999.0 -9999.0 -9999.0 -9999.0 -9999.0 -9999.0 -9999.0 -9999.0 -9999.0 -9999.0 -9999.0 -9999.0 -9999.0 -9999.0 -9999.0 -9999.0 -9999.0 -9999.0 -9999.0 -9999.0 -9999.0 -9999.0 -9999.0 -9999.0 -9999.0 -9999.0 -9999.0 -9999.0 -9999.0 -9999.0 -9999.0 -9999.0 -9999.0 -9999.0 389.1 424.6 403.5 363.3 225.8 166.9 209.1 143.4 155.8 113.8 151.9 187.7 173.1 138.5 131.6 139.1 156.1 156.5 168.1 219.8 216.3 272.3 206.1 199.2
-9999.0 -9999.0 -9999.0 -9999.0 -9999.0 -9999.0 -9999.0 -9999.0 -9999.0 -9999.0 -9999.0 -9999.0 -9999.0 -9999.0 -9999.0 -9999.0 -9999.0 -9999.0 -9999.0 -9999.0 -9999.0 -9999.0 -9999.0 -9999.0 -9999.0 -9999.0 -9999.0 -9999.0 -9999.0 -9999.0 -9999.0 -9999.0 -9999.0 -9999.0 -9999.0 -9999.0 -9999.0 -9999.0 -9999.0 -9999.0 -9999.0 -9999.0 -9999.0 -9999.0 -9999.0 -9999.0 -9999.0 -9999.0 -9999.0 -9999.0 439.4 516.7 459.7 433.7 350.0 330.9 188.8 196.9 174.1 119.2 157.7 160.5 103.6 129.9 123.9 118.1 143.9 177.4 242.0 160.0 211.4 191.8 170.0 157.4
-9999.0 -9999.0 -9999.0 -9999.0 -9999.0 -9999.0 -9999.0 -9999.0 -9999.0 -9999.0 -9999.0 -9999.0 -9999.0 -9999.0 -9999.0 -9999.0 -9999.0 -9999.0 -9999.0 -9999.0 -9999.0 -9999.0 -9999.0 -9999.0 -9999.0 -9999.0 -9999.0 -9999.0 -9999.0 -9999.0 -9999.0 -9999.0 -9999.0 -9999.0 -9999.0 -9999.0 -9999.0 -9999.0 -9999.0 -9999.0 -9999.0 -9999.0 -9999.0 -9999.0 -9999.0 -9999.0 -9999.0 -9999.0 -9999.0 -9999.0 -9999.0 -9999.0 -9999.0 462.8 385.9 316.9 284.5 263.1 174.2 161.4 327.1 131.3 250.2 169.6 150.0 137.6 177.7 184.7 268.1 264.5 196.5 141.7 107.7 91.8
-9999.0 -9999.0 -9999.0 -9999.0 -9999.0 -9999.0 -9999.0 -9999.0 -9999.0 -9999.0 -9999.0 -9999.0 -9999.0 -9999.0 -9999.0 -9999.0 -9999.0 -9999.0 -9999.0 -9999.0 -9999.0 -9999.0 -9999.0 -9999.0 -9999.0 -9999.0 -9999.0 -9999.0 -9999.0 -9999.0 -9999.0 -9999.0 -9999.0 -9999.0 -9999.0 -9999.0 -9999.0 -9999.0 -9999.0 -9999.0 -9999.0 -9999.0 -9999.0 -9999.0 -9999.0 -9999.0 -9999.0 -9999.0 -9999.0 -9999.0 -9999.0 -9999.0 -9999.0 537.3 423.7 623.3 309.3 229.9 243.1 363.9 312.4 229.7 357.7 214.8 201.2 185.1 134.7 263.1 191.4 187.2 144.0 121.6 111.5 100.4
-9999.0 -9999.0 -9999.0 -9999.0 -9999.0 -9999.0 -9999.0 -9999.0 -9999.0 -9999.0 -9999.0 -9999.0 -9999.0 -9999.0 -9999.0 -9999.0 -9999.0 -9999.0 -9999.0 -9999.0 -9999.0 -9999.0 -9999.0 -9999.0 -9999.0 -9999.0 -9999.0 -9999.0 -9999.0 -9999.0 -9999.0 -9999.0 -9999.0 -9999.0 -9999.0 -9999.0 -9999.0 -9999.0 -9999.0 -9999.0 -9999.0 -9999.0 -9999.0 -9999.0 -9999.0 -9999.0 -9999.0 -9999.0 -9999.0 -9999.0 -9999.0 -9999.0 -9999.0 607.5 377.9 501.6 358.2 263.1 301.4 370.2 513.3 475.3 539.0 490.1 228.8 -9999.0 -9999.0 -9999.0 230.2 146.4 152.1 171.9 168.6 152.5
-9999.0 -9999.0 -9999.0 -9999.0 -9999.0 -9999.0 -9999.0 -9999.0 -9999.0 -9999.0 -9999.0 -9999.0 -9999.0 -9999.0 -9999.0 -9999.0 -9999.0 -9999.0 -9999.0 -9999.0 -9999.0 -9999.0 -9999.0 -9999.0 -9999.0 -9999.0 -9999.0 -9999.0 -9999.0 -9999.0 -9999.0 -9999.0 -9999.0 -9999.0 -9999.0 -9999.0 -9999.0 -9999.0 -9999.0 -9999.0 -9999.0 -9999.0 -9999.0 -9999.0 -9999.0 -9999.0 -9999.0 -9999.0 -9999.0 -9999.0 -9999.0 -9999.0 -9999.0 -9999.0 571.1 466.6 276.5 236.4 373.9 549.5 416.7 -9999.0 -9999.0 -9999.0 -9999.0 -9999.0 -9999.0 -9999.0 193.1 220.9 288.4 231.3 223.5 208.9
-9999.0 -9999.0 -9999.0 -9999.0 -9999.0 -9999.0 -9999.0 -9999.0 -9999.0 -9999.0 -9999.0 -9999.0 -9999.0 -9999.0 -9999.0 -9999.0 -9999.0 -9999.0 -9999.0 -9999.0 -9999.0 -9999.0 -9999.0 -9999.0 -9999.0 -9999.0 -9999.0 -9999.0 -9999.0 -9999.0 -9999.0 -9999.0 -9999.0 -9999.0 -9999.0 -9999.0 -9999.0 -9999.0 -9999.0 -9999.0 -9999.0 -9999.0 -9999.0 -9999.0 -9999.0 -9999.0 -9999.0 -9999.0 -9999.0 -9999.0 -9999.0 -9999.0 -9999.0 -9999.0 -9999.0 435.7 583.4 355.6 339.7 495.7 530.6 -9999.0 -9999.0 -9999.0 -9999.0 -9999.0 -9999.0 -9999.0 -9999.0 -9999.0 306.1 -9999.0 -9999.0 -9999.0
