program/excelProcessViaJava/data/SURF_CLI_CHN_PRE_MON_GRID_0.5-199011.txt
NCOLS      128
NROWS       72
XLLCORNER    72.000000000000    
YLLCORNER    18.000000000000    
CELLSIZE    0.50000000000000    
NODATA_VALUE   -9999.000    
[rows 35 to 69 of 72, columns 0 to 78 of 128]
-9999.0 -9999.0 -9999.0 -9999.0 -9999.0 -9999.0 -9999.0 1.3 2.8 1.0 5.0 3.6 0.4 0.4 0.2 0.1 0.0 0.0 0.0 0.0 0.0 0.0 0.0 0.0 0.0 0.0 0.0 0.0 0.0 0.0 0.0 0.0 0.0 0.1 0.2 0.2 0.5 0.4 0.9 0.9 0.2 0.9 0.6 0.2 0.2 0.2 0.2 0.2 0.2 0.6 1.9 3.7 3.9 4.3 3.4 1.5 1.3 1.7 3.5 4.9 6.2 5.3 1.9 1.1 1.8 1.4 3.8 6.6 8.4 13.0 14.8 17.8 23.1 23.7 21.0 22.8 22.4 20.7 18.6
-9999.0 -9999.0 -9999.0 -9999.0 -9999.0 -9999.0 -9999.0 8.9 0.6 2.6 3.4 1.2 1.4 2.6 0.5 2.1 0.1 0.1 0.1 0.0 0.0 0.0 0.0 0.0 0.0 0.0 0.0 0.0 0.0 0.0 0.0 0.0 0.1 0.2 0.2 0.3 0.4 0.7 0.7 0.6 0.6 0.5 0.6 1.3 0.3 0.2 0.3 0.4 1.3 1.4 3.7 3.9 3.8 3.7 4.6 1.6 1.2 1.9 3.4 4.9 6.4 6.2 2.5 3.0 3.6 5.1 7.5 9.9 15.6 15.4 19.6 23.7 26.2 25.4 20.5 25.6 23.8 19.6 20.7
-9999.0 -9999.0 -9999.0 -9999.0 -9999.0 -9999.0 -9999.0 -9999.0 -9999.0 2.3 1.6 0.9 2.3 1.4 0.5 0.2 0.2 1.5 0.1 0.3 0.1 0.0 0.0 0.0 0.0 0.0 0.0 0.0 0.0 0.0 0.0 0.0 0.1 0.2 0.2 0.3 0.4 0.7 0.7 0.8 0.6 0.7 0.5 0.5 0.7 0.7 0.9 1.1 1.6 2.3 3.6 3.8 4.0 3.9 5.1 2.4 1.5 1.9 3.4 4.3 5.7 7.8 9.8 5.1 8.7 10.1 11.7 13.8 20.1 17.3 19.8 17.1 17.9 19.0 21.3 20.9 21.3 17.8 16.2
-9999.0 -9999.0 -9999.0 -9999.0 -9999.0 -9999.0 -9999.0 -9999.0 -9999.0 -9999.0 -9999.0 3.4 0.3 2.4 0.8 0.8 0.4 0.2 0.1 0.1 0.1 0.0 0.0 0.0 0.0 0.0 0.0 0.0 0.0 0.0 0.0 0.1 0.1 0.2 0.2 0.7 0.6 0.9 1.9 1.0 1.2 0.8 0.6 0.5 1.1 0.8 1.9 1.6 2.4 2.8 2.8 3.4 3.9 4.8 6.0 4.4 2.7 3.1 3.1 3.8 5.7 6.8 8.9 10.1 15.3 9.9 11.3 17.0 20.0 20.3 15.3 12.5 9.5 10.1 18.6 22.0 22.2 15.4 13.9
-9999.0 -9999.0 -9999.0 -9999.0 -9999.0 -9999.0 -9999.0 -9999.0 -9999.0 -9999.0 -9999.0 -9999.0 0.5 0.4 1.5 0.5 1.9 0.4 0.3 0.7 0.1 0.1 0.1 0.0 0.2 0.0 0.0 0.1 0.1 0.1 0.1 0.1 0.2 0.3 0.5 0.7 1.6 1.2 1.1 1.0 0.9 0.8 0.7 0.9 0.9 1.2 1.8 1.4 2.0 2.4 3.7 3.8 3.5 3.6 4.4 4.6 4.0 4.5 2.2 4.4 4.6 7.7 11.0 13.2 10.5 23.5 17.1 23.7 25.6 24.6 10.3 9.2 15.1 19.9 14.7 26.7 15.9 18.4 19.9
-9999.0 -9999.0 -9999.0 -9999.0 -9999.0 -9999.0 -9999.0 -9999.0 -9999.0 -9999.0 -9999.0 -9999.0 4.3 0.3 0.2 0.9 0.2 0.3 0.6 0.3 0.2 0.2 0.1 0.1 0.0 0.1 0.1 0.0 0.1 0.1 0.1 0.2 0.2 0.3 0.6 0.7 1.4 1.7 1.5 1.3 1.0 0.9 1.2 0.9 1.2 1.7 1.3 1.3 1.0 1.7 1.9 2.5 2.1 3.0 2.5 3.2 2.4 2.6 1.9 2.1 2.3 3.5 8.9 17.5 8.3 19.5 13.7 18.5 19.8 21.9 25.4 32.5 31.0 12.6 12.2 13.5 19.3 34.8 40.3
-9999.0 -9999.0 -9999.0 -9999.0 -9999.0 -9999.0 -9999.0 -9999.0 -9999.0 -9999.0 -9999.0 -9999.0 -9999.0 1.1 2.8 0.3 0.7 0.3 0.2 0.2 0.2 0.2 0.2 0.1 0.1 0.2 0.2 0.2 0.1 0.1 0.1 0.2 0.3 0.5 0.4 0.7 1.0 1.4 3.0 1.8 1.4 1.4 1.2 1.7 1.3 1.2 1.5 1.9 1.9 1.7 1.6 1.1 1.1 3.8 2.9 2.2 1.5 1.8 3.8 2.8 3.0 2.8 7.9 7.7 6.8 16.3 27.7 27.2 28.0 25.5 30.3 31.2 23.2 20.6 24.3 25.1 33.6 46.1 56.5
-9999.0 -9999.0 -9999.0 -9999.0 -9999.0 -9999.0 -9999.0 -9999.0 -9999.0 -9999.0 -9999.0 -9999.0 1.7 4.3 2.7 0.8 2.5 1.0 0.8 0.3 0.3 0.2 0.2 0.2 0.1 0.2 0.2 0.1 0.1 0.2 0.2 0.2 0.4 0.3 0.5 0.6 1.1 1.0 1.1 1.2 1.9 2.4 2.9 1.3 1.8 2.0 1.7 1.2 1.3 1.3 1.9 2.6 1.0 1.7 1.3 1.2 1.7 0.7 1.5 1.4 2.2 6.0 9.0 22.2 24.0 26.8 15.5 21.6 33.8 42.5 39.7 38.4 46.5 62.9 59.2 58.4 69.5 78.7 82.2
-9999.0 -9999.0 -9999.0 -9999.0 -9999.0 -9999.0 -9999.0 -9999.0 -9999.0 -9999.0 -9999.0 -9999.0 4.1 0.7 1.1 6.2 3.8 0.8 0.7 1.1 0.5 0.6 0.4 0.3 0.2 0.2 0.2 0.2 0.2 0.2 0.2 0.2 0.3 0.2 0.3 0.4 0.5 0.7 0.8 0.6 0.6 0.6 0.9 1.3 2.0 2.7 3.9 3.6 2.9 1.0 0.9 1.8 0.7 0.5 0.8 1.0 1.2 1.6 1.5 4.0 7.9 15.5 11.5 19.8 29.6 21.5 31.7 23.9 28.8 38.0 47.9 56.1 60.2 52.7 56.2 66.1 79.6 84.2 94.4
-9999.0 -9999.0 -9999.0 -9999.0 -9999.0 -9999.0 -9999.0 -9999.0 -9999.0 -9999.0 -9999.0 -9999.0 0.6 3.1 0.9 1.4 1.3 3.8 1.7 1.5 2.5 2.2 0.8 0.8 0.4 0.6 0.3 0.5 0.2 0.2 0.2 0.3 0.2 0.2 0.2 0.3 0.3 0.4 0.4 0.4 0.4 0.4 1.0 1.2 2.2 4.2 5.6 4.7 2.9 2.3 2.1 1.0 4.9 5.1 2.2 1.7 1.8 2.4 3.9 4.0 7.3 14.4 41.3 34.8 31.1 20.7 24.5 29.8 37.3 50.7 64.6 61.7 60.1 58.3 83.5 68.4 87.6 74.5 89.1
-9999.0 -9999.0 -9999.0 -9999.0 -9999.0 -9999.0 -9999.0 -9999.0 -9999.0 -9999.0 -9999.0 -9999.0 -9999.0 9.7 6.5 2.0 2.4 1.9 3.2 3.4 6.2 2.0 2.2 2.0 0.7 0.6 0.4 0.3 0.3 0.2 0.3 0.2 0.2 0.2 0.2 0.4 0.4 0.3 0.3 0.2 0.2 0.7 1.4 1.6 2.1 3.6 5.6 4.7 6.0 4.8 2.6 4.0 2.4 1.0 2.9 3.1 2.1 2.5 5.5 16.1 20.7 59.3 49.9 52.3 18.5 16.8 25.2 36.2 47.8 61.4 77.2 80.4 64.8 64.2 55.6 50.3 48.5 59.0 80.4
-9999.0 -9999.0 -9999.0 -9999.0 -9999.0 -9999.0 -9999.0 -9999.0 -9999.0 -9999.0 -9999.0 -9999.0 -9999.0 0.8 6.5 2.6 6.6 2.5 2.8 3.3 6.7 5.3 4.5 2.6 0.9 0.8 0.7 0.3 0.3 0.9 0.5 0.3 0.2 0.2 0.3 0.3 0.2 0.2 0.2 0.7 0.2 0.3 0.6 1.3 4.5 3.9 5.3 4.6 4.9 4.3 5.0 1.9 3.0 4.0 4.9 3.2 2.0 3.3 9.2 10.9 31.0 39.5 66.3 35.1 18.9 15.9 26.0 40.6 54.0 73.0 89.5 87.9 74.2 60.0 53.2 53.2 65.1 58.3 78.8
-9999.0 -9999.0 -9999.0 -9999.0 -9999.0 -9999.0 -9999.0 -9999.0 -9999.0 -9999.0 -9999.0 -9999.0 -9999.0 -9999.0 -9999.0 3.5 3.1 4.5 3.5 2.9 5.7 3.4 2.7 2.4 2.2 1.5 2.7 0.9 1.5 0.3 0.4 0.3 0.6 0.5 0.3 0.7 0.8 0.2 0.2 0.2 0.4 0.6 0.7 1.1 1.5 2.6 4.0 3.0 4.2 1.4 2.6 6.8 2.5 2.3 1.4 2.0 2.8 3.0 14.6 29.8 26.7 54.0 68.0 43.8 24.3 18.6 26.0 41.0 55.0 67.1 84.9 91.6 73.9 67.1 64.5 70.7 75.4 92.7 96.4
-9999.0 -9999.0 -9999.0 -9999.0 -9999.0 -9999.0 -9999.0 -9999.0 -9999.0 -9999.0 -9999.0 -9999.0 -9999.0 -9999.0 -9999.0 -9999.0 -9999.0 3.5 2.1 -9999.0 2.2 4.5 2.4 2.0 2.8 1.8 3.4 1.4 0.5 0.7 0.3 0.2 0.9 0.2 0.2 0.3 0.9 0.2 0.2 0.2 0.2 0.7 0.6 0.8 2.5 1.9 6.8 5.4 1.5 2.5 0.5 1.4 1.3 1.9 2.1 2.5 1.7 9.3 16.8 33.0 19.1 50.2 69.3 52.3 32.5 23.6 27.2 36.0 45.2 53.4 75.1 71.7 78.1 80.7 83.9 95.1 107.7 120.1 133.3
-9999.0 -9999.0 -9999.0 -9999.0 -9999.0 -9999.0 -9999.0 -9999.0 -9999.0 -9999.0 -9999.0 -9999.0 -9999.0 -9999.0 -9999.0 -9999.0 -9999.0 -9999.0 -9999.0 -9999.0 -9999.0 3.0 3.7 6.6 3.1 1.2 0.9 0.7 0.5 0.3 0.2 0.2 0.2 0.2 0.2 0.2 0.2 0.2 0.2 0.2 0.3 0.6 1.0 1.0 1.9 1.3 10.6 1.2 6.0 40.7 1.2 7.3 5.0 0.6 0.8 3.2 5.7 6.1 34.1 31.0 14.3 25.6 57.8 53.3 40.6 32.6 34.8 36.3 40.6 42.8 54.2 71.4 87.0 97.9 108.8 126.6 147.7 166.4 172.3
-9999.0 -9999.0 -9999.0 -9999.0 -9999.0 -9999.0 -9999.0 -9999.0 -9999.0 -9999.0 -9999.0 -9999.0 -9999.0 -9999.0 -9999.0 -9999.0 -9999.0 -9999.0 -9999.0 -9999.0 -9999.0 -9999.0 -9999.0 1.7 2.0 1.4 1.0 0.8 1.1 0.3 0.3 0.3 1.1 0.4 0.6 0.4 0.5 0.2 0.3 0.4 0.3 0.9 0.5 0.5 1.6 17.8 1.8 0.9 0.8 0.5 0.2 2.8 0.2 0.4 0.3 0.7 3.6 15.7 6.2 31.4 8.9 13.1 16.4 29.4 33.5 42.2 49.2 43.4 34.7 38.5 55.6 77.7 97.4 111.0 124.0 142.4 160.1 175.2 184.2
-9999.0 -9999.0 -9999.0 -9999.0 -9999.0 -9999.0 -9999.0 -9999.0 -9999.0 -9999.0 -9999.0 -9999.0 -9999.0 -9999.0 -9999.0 -9999.0 -9999.0 -9999.0 -9999.0 -9999.0 -9999.0 -9999.0 -9999.0 -9999.0 -9999.0 2.3 0.8 5.1 2.6 4.6 0.8 0.2 0.2 0.3 0.2 0.7 2.3 0.2 0.5 0.2 0.8 0.4 2.4 1.6 10.7 20.4 6.6 20.3 0.9 0.2 3.6 0.7 2.3 1.3 0.3 0.6 3.5 5.4 23.3 28.1 24.5 17.7 68.0 24.3 29.1 47.6 55.7 42.9 42.8 50.2 62.1 85.2 94.2 112.4 123.6 133.0 142.2 157.6 188.5
-9999.0 -9999.0 -9999.0 -9999.0 -9999.0 -9999.0 -9999.0 -9999.0 -9999.0 -9999.0 -9999.0 -9999.0 -9999.0 -9999.0 -9999.0 -9999.0 -9999.0 -9999.0 -9999.0 -9999.0 -9999.0 -9999.0 -9999.0 -9999.0 -9999.0 -9999.0 -9999.0 3.1 2.7 0.3 0.2 0.2 1.1 0.2 0.3 1.1 0.2 0.2 0.4 0.2 0.4 0.5 3.9 14.3 16.7 22.5 28.5 26.3 20.6 1.1 2.6 1.0 0.3 0.2 0.5 2.3 2.3 3.6 18.3 12.0 6.4 22.6 7.3 10.5 17.7 29.5 48.2 42.4 36.5 45.3 60.7 83.5 73.6 89.7 91.5 102.1 127.5 140.2 138.8
-9999.0 -9999.0 -9999.0 -9999.0 -9999.0 -9999.0 -9999.0 -9999.0 -9999.0 -9999.0 -9999.0 -9999.0 -9999.0 -9999.0 -9999.0 -9999.0 -9999.0 -9999.0 -9999.0 -9999.0 -9999.0 -9999.0 -9999.0 -9999.0 -9999.0 -9999.0 -9999.0 -9999.0 -9999.0 -9999.0 -9999.0 -9999.0 -9999.0 0.9 0.2 -9999.0 -9999.0 -9999.0 2.5 0.5 1.8 4.5 3.3 19.7 28.9 28.7 -9999.0 -9999.0 -9999.0 -9999.0 -9999.0 -9999.0 0.3 2.7 0.9 2.1 4.2 4.1 5.8 5.6 8.6 19.1 10.0 12.2 15.8 25.3 37.7 44.8 43.7 43.1 48.4 64.5 69.6 54.2 70.5 71.7 107.1 100.8 110.2
-9999.0 -9999.0 -9999.0 -9999.0 -9999.0 -9999.0 -9999.0 -9999.0 -9999.0 -9999.0 -9999.0 -9999.0 -9999.0 -9999.0 -9999.0 -9999.0 -9999.0 -9999.0 -9999.0 -9999.0 -9999.0 -9999.0 -9999.0 -9999.0 -9999.0 -9999.0 -9999.0 -9999.0 -9999.0 -9999.0 -9999.0 -9999.0 -9999.0 -9999.0 -9999.0 -9999.0 -9999.0 -9999.0 -9999.0 20.5 21.0 23.4 25.8 27.3 -9999.0 -9999.0 -9999.0 -9999.0 -9999.0 -9999.0 -9999.0 -9999.0 1.3 8.9 4.3 3.5 5.1 5.6 6.2 6.7 6.7 11.4 15.7 14.2 18.5 25.4 36.7 45.8 44.6 52.0 57.1 54.8 43.2 54.0 43.3 56.1 72.6 79.4 108.4
-9999.0 -9999.0 -9999.0 -9999.0 -9999.0 -9999.0 -9999.0 -9999.0 -9999.0 -9999.0 -9999.0 -9999.0 -9999.0 -9999.0 -9999.0 -9999.0 -9999.0 -9999.0 -9999.0 -9999.0 -9999.0 -9999.0 -9999.0 -9999.0 -9999.0 -9999.0 -9999.0 -9999.0 -9999.0 -9999.0 -9999.0 -9999.0 -9999.0 -9999.0 -9999.0 -9999.0 -9999.0 -9999.0 -9999.0 -9999.0 -9999.0 -9999.0 -9999.0 -9999.0 -9999.0 -9999.0 -9999.0 -9999.0 -9999.0 -9999.0 -9999.0 -9999.0 6.1 18.4 8.8 15.1 7.5 7.8 9.4 10.2 9.9 9.4 43.2 17.4 24.5 35.3 46.4 45.9 42.7 46.5 53.7 57.4 77.3 57.8 58.6 55.8 70.4 75.0 87.8
-9999.0 -9999.0 -9999.0 -9999.0 -9999.0 -9999.0 -9999.0 -9999.0 -9999.0 -9999.0 -9999.0 -9999.0 -9999.0 -9999.0 -9999.0 -9999.0 -9999.0 -9999.0 -9999.0 -9999.0 -9999.0 -9999.0 -9999.0 -9999.0 -9999.0 -9999.0 -9999.0 -9999.0 -9999.0 -9999.0 -9999.0 -9999.0 -9999.0 -9999.0 -9999.0 -9999.0 -9999.0 -9999.0 -9999.0 -9999.0 -9999.0 -9999.0 -9999.0 -9999.0 -9999.0 -9999.0 -9999.0 -9999.0 -9999.0 -9999.0 -9999.0 15.0 10.1 24.2 6.2 11.3 10.7 15.0 14.6 23.7 15.3 13.2 11.8 18.3 30.3 44.0 50.0 49.2 40.1 45.5 57.3 67.5 65.6 61.3 67.3 70.3 86.6 82.2 119.1
-9999.0 -9999.0 -9999.0 -9999.0 -9999.0 -9999.0 -9999.0 -9999.0 -9999.0 -9999.0 -9999.0 -9999.0 -9999.0 -9999.0 -9999.0 -9999.0 -9999.0 -9999.0 -9999.0 -9999.0 -9999.0 -9999.0 -9999.0 -9999.0 -9999.0 -9999.0 -9999.0 -9999.0 -9999.0 -9999.0 -9999.0 -9999.0 -9999.0 -9999.0 -9999.0 -9999.0 -9999.0 -9999.0 -9999.0 -9999.0 -9999.0 -9999.0 -9999.0 -9999.0 -9999.0 -9999.0 -9999.0 -9999.0 -9999.0 -9999.0 32.3 26.8 28.0 33.1 18.8 21.5 14.6 16.8 21.2 21.9 17.0 15.9 12.4 19.6 35.2 49.1 43.8 42.1 41.8 57.1 71.8 83.2 78.4 76.7 85.8 100.0 87.4 126.8 119.2
-9999.0 -9999.0 -9999.0 -9999.0 -9999.0 -9999.0 -9999.0 -9999.0 -9999.0 -9999.0 -9999.0 -9999.0 -9999.0 -9999.0 -9999.0 -9999.0 -9999.0 -9999.0 -9999.0 -9999.0 -9999.0 -9999.0 -9999.0 -9999.0 -9999.0 -9999.0 -9999.0 -9999.0 -9999.0 -9999.0 -9999.0 -9999.0 -9999.0 -9999.0 -9999.0 -9999.0 -9999.0 -9999.0 -9999.0 -9999.0 -9999.0 -9999.0 -9999.0 -9999.0 -9999.0 -9999.0 -9999.0 -9999.0 -9999.0 -9999.0 35.0 51.0 32.9 43.7 43.5 29.1 18.0 29.8 30.8 25.6 18.5 13.8 14.2 23.4 38.8 54.6 46.3 47.9 51.6 75.2 91.2 95.4 86.3 79.5 90.1 106.1 122.2 115.1 120.1
-9999.0 -9999.0 -9999.0 -9999.0 -9999.0 -9999.0 -9999.0 -9999.0 -9999.0 -9999.0 -9999.0 -9999.0 -9999.0 -9999.0 -9999.0 -9999.0 -9999.0 -9999.0 -9999.0 -9999.0 -9999.0 -9999.0 -9999.0 -9999.0 -9999.0 -9999.0 -9999.0 -9999.0 -9999.0 -9999.0 -9999.0 -9999.0 -9999.0 -9999.0 -9999.0 -9999.0 -9999.0 -9999.0 -9999.0 -9999.0 -9999.0 -9999.0 -9999.0 -9999.0 -9999.0 -9999.0 -9999.0 -9999.0 -9999.0 -9999.0 34.4 40.0 35.6 83.7 41.3 31.6 52.7 33.0 38.6 25.8 21.9 19.3 18.6 27.0 41.4 47.9 48.0 50.3 64.5 78.8 108.2 104.6 92.8 93.8 100.9 116.0 137.8 115.6 117.4
-9999.0 -9999.0 -9999.0 -9999.0 -9999.0 -9999.0 -9999.0 -9999.0 -9999.0 -9999.0 -9999.0 -9999.0 -9999.0 -9999.0 -9999.0 -9999.0 -9999.0 -9999.0 -9999.0 -9999.0 -9999.0 -9999.0 -9999.0 -9999.0 -9999.0 -9999.0 -9999.0 -9999.0 -9999.0 -9999.0 -9999.0 -9999.0 -9999.0 -9999.0 -9999.0 -9999.0 -9999.0 -9999.0 -9999.0 -9999.0 -9999.0 -9999.0 -9999.0 -9999.0 -9999.0 -9999.0 -9999.0 -9999.0 -9999.0 -9999.0 42.6 68.4 59.5 75.3 68.9 71.4 31.8 36.2 36.6 28.5 31.0 24.5 19.3 32.4 46.1 48.1 43.4 42.9 53.8 101.5 112.3 112.0 104.3 110.7 113.8 115.1 119.8 99.5 116.0
-9999.0 -9999.0 -9999.0 -9999.0 -9999.0 -9999.0 -9999.0 -9999.0 -9999.0 -9999.0 -9999.0 -9999.0 -9999.0 -9999.0 -9999.0 -9999.0 -9999.0 -9999.0 -9999.0 -9999.0 -9999.0 -9999.0 -9999.0 -9999.0 -9999.0 -9999.0 -9999.0 -9999.0 -9999.0 -9999.0 -9999.0 -9999.0 -9999.0 -9999.0 -9999.0 -9999.0 -9999.0 -9999.0 -9999.0 -9999.0 -9999.0 -9999.0 -9999.0 -9999.0 -9999.0 -9999.0 -9999.0 -9999.0 -9999.0 -9999.0 -9999.0 -9999.0 -9999.0 63.6 61.2 53.4 43.4 39.3 34.1 35.6 76.0 30.6 50.3 45.5 54.1 52.7 46.9 45.3 53.3 77.9 106.5 117.0 121.2 136.5 143.9 118.6 98.3 91.4 105.9
-9999.0 -9999.0 -9999.0 -9999.0 -9999.0 -9999.0 -9999.0 -9999.0 -9999.0 -9999.0 -9999.0 -9999.0 -9999.0 -9999.0 -9999.0 -9999.0 -9999.0 -9999.0 -9999.0 -9999.0 -9999.0 -9999.0 -9999.0 -9999.0 -9999.0 -9999.0 -9999.0 -9999.0 -9999.0 -9999.0 -9999.0 -9999.0 -9999.0 -9999.0 -9999.0 -9999.0 -9999.0 -9999.0 -9999.0 -9999.0 -9999.0 -9999.0 -9999.0 -9999.0 -9999.0 -9999.0 -9999.0 -9999.0 -9999.0 -9999.0 -9999.0 -9999.0 -9999.0 65.8 55.4 95.8 41.1 32.7 36.0 64.9 54.8 52.6 70.2 70.9 70.6 61.5 60.7 42.1 51.7 69.6 98.8 119.6 137.6 166.8 182.8 151.4 110.5 111.9 131.0
-9999.0 -9999.0 -9999.0 -9999.0 -9999.0 -9999.0 -9999.0 -9999.0 -9999.0 -9999.0 -9999.0 -9999.0 -9999.0 -9999.0 -9999.0 -9999.0 -9999.0 -9999.0 -9999.0 -9999.0 -9999.0 -9999.0 -9999.0 -9999.0 -9999.0 -9999.0 -9999.0 -9999.0 -9999.0 -9999.0 -9999.0 -9999.0 -9999.0 -9999.0 -9999.0 -9999.0 -9999.0 -9999.0 -9999.0 -9999.0 -9999.0 -9999.0 -9999.0 -9999.0 -9999.0 -9999.0 -9999.0 -9999.0 -9999.0 -9999.0 -9999.0 -9999.0 -9999.0 62.9 40.5 57.1 40.8 33.5 38.1 48.2 67.1 70.0 85.9 84.2 91.2 -9999.0 -9999.0 -9999.0 39.5 55.3 82.6 113.9 144.9 175.8 188.6 163.7 125.0 120.5 190.3
-9999.0 -9999.0 -9999.0 -9999.0 -9999.0 -9999.0 -9999.0 -9999.0 -9999.0 -9999.0 -9999.0 -9999.0 -9999.0 -9999.0 -9999.0 -9999.0 -9999.0 -9999.0 -9999.0 -9999.0 -9999.0 -9999.0 -9999.0 -9999.0 -9999.0 -9999.0 -9999.0 -9999.0 -9999.0 -9999.0 -9999.0 -9999.0 -9999.0 -9999.0 -9999.0 -9999.0 -9999.0 -9999.0 -9999.0 -9999.0 -9999.0 -9999.0 -9999.0 -9999.0 -9999.0 -9999.0 -9999.0 -9999.0 -9999.0 -9999.0 -9999.0 -9999.0 -9999.0 -9999.0 49.7 42.0 29.9 30.3 34.3 49.5 47.3 -9999.0 -9999.0 -9999.0 -9999.0 -9999.0 -9999.0 -9999.0 36.5 44.1 67.5 107.9 142.6 165.7 172.3 154.3 130.7 121.6 150.0
-9999.0 -9999.0 -9999.0 -9999.0 -9999.0 -9999.0 -9999.0 -9999.0 -9999.0 -9999.0 -9999.0 -9999.0 -9999.0 -9999.0 -9999.0 -9999.0 -9999.0 -9999.0 -9999.0 -9999.0 -9999.0 -9999.0 -9999.0 -9999.0 -9999.0 -9999.0 -9999.0 -9999.0 -9999.0 -9999.0 -9999.0 -9999.0 -9999.0 -9999.0 -9999.0 -9999.0 -9999.0 -9999.0 -9999.0 -9999.0 -9999.0 -9999.0 -9999.0 -9999.0 -9999.0 -9999.0 -9999.0 -9999.0 -9999.0 -9999.0 -9999.0 -9999.0 -9999.0 -9999.0 -9999.0 28.6 40.5 22.9 21.2 28.0 34.7 -9999.0 -9999.0 -9999.0 -9999.0 -9999.0 -9999.0 -9999.0 -9999.0 -9999.0 63.8 -9999.0 -9999.0 -9999.0 -9999.0 -9999.0 134.7 -9999.0 -9999.0
-9999.0 -9999.0 -9999.0 -9999.0 -9999.0 -9999.0 -9999.0 -9999.0 -9999.0 -9999.0 -9999.0 -9999.0 -9999.0 -9999.0 -9999.0 -9999.0 -9999.0 -9999.0 -9999.0 -9999.0 -9999.0 -9999.0 -9999.0 -9999.0 -9999.0 -9999.0 -9999.0 -9999.0 -9999.0 -9999.0 -9999.0 -9999.0 -9999.0 -9999.0 -9999.0 -9999.0 -9999.0 -9999.0 -9999.0 -9999.0 -9999.0 -9999.0 -9999.0 -9999.0 -9999.0 -9999.0 -9999.0 -9999.0 -9999.0 -9999.0 -9999.0 -9999.0 -9999.0 -9999.0 -9999.0 -9999.0 -9999.0 -9999.0 14.7 14.6 -9999.0 -9999.0 -9999.0 -9999.0 -9999.0 -9999.0 -9999.0 -9999.0 -9999.0 -9999.0 -9999.0 -9999.0 -9999.0 -9999.0 -9999.0 145.5 149.2 -9999.0 -9999.0
-9999.0 -9999.0 -9999.0 -9999.0 -9999.0 -9999.0 -9999.0 -9999.0 -9999.0 -9999.0 -9999.0 -9999.0 -9999.0 -9999.0 -9999.0 -9999.0 -9999.0 -9999.0 -9999.0 -9999.0 -9999.0 -9999.0 -9999.0 -9999.0 -9999.0 -9999.0 -9999.0 -9999.0 -9999.0 -9999.0 -9999.0 -9999.0 -9999.0 -9999.0 -9999.0 -9999.0 -9999.0 -9999.0 -9999.0 -9999.0 -9999.0 -9999.0 -9999.0 -9999.0 -9999.0 -9999.0 -9999.0 -9999.0 -9999.0 -9999.0 -9999.0 -9999.0 -9999.0 -9999.0 -9999.0 -9999.0 -9999.0 -9999.0 -9999.0 -9999.0 -9999.0 -9999.0 -9999.0 -9999.0 -9999.0 -9999.0 -9999.0 -9999.0 -9999.0 -9999.0 -9999.0 -9999.0 -9999.0 -9999.0 -9999.0 -9999.0 -9999.0 -9999.0 -9999.0
-9999.0 -9999.0 -9999.0 -9999.0 -9999.0 -9999.0 -9999.0 -9999.0 -9999.0 -9999.0 -9999.0 -9999.0 -9999.0 -9999.0 -9999.0 -9999.0 -9999.0 -9999.0 -9999.0 -9999.0 -9999.0 -9999.0 -9999.0 -9999.0 -9999.0 -9999.0 -9999.0 -9999.0 -9999.0 -9999.0 -9999.0 -9999.0 -9999.0 -9999.0 -9999.0 -9999.0 -9999.0 -9999.0 -9999.0 -9999.0 -9999.0 -9999.0 -9999.0 -9999.0 -9999.0 -9999.0 -9999.0 -9999.0 -9999.0 -9999.0 -9999.0 -9999.0 -9999.0 -9999.0 -9999.0 -9999.0 -9999.0 -9999.0 -9999.0 -9999.0 -9999.0 -9999.0 -9999.0 -9999.0 -9999.0 -9999.0 -9999.0 -9999.0 -9999.0 -9999.0 -9999.0 -9999.0 -9999.0 -9999.0 -9999.0 149.0 187.6 226.0 -9999.0
-9999.0 -9999.0 -9999.0 -9999.0 -9999.0 -9999.0 -9999.0 -9999.0 -9999.0 -9999.0 -9999.0 -9999.0 -9999.0 -9999.0 -9999.0 -9999.0 -9999.0 -9999.0 -9999.0 -9999.0 -9999.0 -9999.0 -9999.0 -9999.0 -9999.0 -9999.0 -9999.0 -9999.0 -9999.0 -9999.0 -9999.0 -9999.0 -9999.0 -9999.0 -9999.0 -9999.0 -9999.0 -9999.0 -9999.0 -9999.0 -9999.0 -9999.0 -9999.0 -9999.0 -9999.0 -9999.0 -9999.0 -9999.0 -9999.0 -9999.0 -9999.0 -9999.0 -9999.0 -9999.0 -9999.0 -9999.0 -9999.0 -9999.0 -9999.0 -9999.0 -9999.0 -9999.0 -9999.0 -9999.0 -9999.0 -9999.0 -9999.0 -9999.0 -9999.0 -9999.0 -9999.0 -9999.0 -9999.0 76.0 103.8 141.4 187.7 -9999.0 -9999.0
