program/excelProcessViaJava/data/SURF_CLI_CHN_PRE_MON_GRID_0.5-198202.txt
NCOLS      128
NROWS       72
XLLCORNER    72.000000000000    
YLLCORNER    18.000000000000    
CELLSIZE    0.50000000000000    
NODATA_VALUE   -9999.000    
[rows 35 to 69 of 72, columns 0 to 78 of 128]
-9999.0 -9999.0 -9999.0 -9999.0 -9999.0 -9999.0 -9999.0 1.2 1.0 0.3 0.9 0.6 0.1 0.1 0.1 0.1 0.0 0.1 0.1 0.0 0.0 0.0 0.1 0.1 0.1 0.1 0.3 0.5 0.9 1.8 2.3 2.8 3.2 4.0 5.1 4.2 5.8 4.8 6.7 6.9 2.5 8.0 6.7 3.7 1.6 0.3 0.3 0.1 0.7 2.0 7.7 13.6 10.1 4.8 3.9 4.0 4.4 4.9 7.9 7.4 11.9 4.1 2.1 3.2 5.5 5.0 7.1 9.5 9.0 10.3 7.7 6.6 7.3 7.4 6.3 7.5 6.0 8.6 13.0
-9999.0 -9999.0 -9999.0 -9999.0 -9999.0 -9999.0 -9999.0 3.1 0.6 0.6 0.6 0.2 0.2 0.4 0.1 0.5 0.1 0.0 0.1 0.0 0.0 0.0 0.0 0.0 0.1 0.1 0.2 0.5 0.7 1.0 2.1 2.8 3.4 4.9 4.4 4.8 4.4 5.3 5.1 4.4 4.7 4.8 5.6 9.6 3.8 1.4 1.8 1.8 4.3 4.2 6.0 5.8 8.5 5.7 4.6 3.4 3.2 3.7 5.1 7.3 8.1 7.4 3.7 6.4 7.0 6.7 6.9 8.0 12.4 8.5 8.8 8.5 8.4 8.5 6.3 9.7 9.2 6.3 5.9
-9999.0 -9999.0 -9999.0 -9999.0 -9999.0 -9999.0 -9999.0 -9999.0 -9999.0 0.6 0.3 0.1 0.3 0.2 0.1 0.1 0.1 0.2 0.0 0.1 0.0 0.0 0.0 0.0 0.0 0.1 0.1 0.3 0.5 1.3 1.5 2.4 3.2 4.3 4.0 4.2 4.0 4.5 3.8 4.2 3.6 4.4 4.4 4.1 5.5 5.3 5.2 4.6 4.6 4.6 5.1 5.4 6.1 6.2 5.4 3.2 2.1 2.0 3.5 5.1 7.4 10.3 12.0 7.9 9.3 7.6 6.4 7.6 12.8 10.3 11.3 10.0 8.9 9.3 11.1 7.5 6.7 5.6 5.1
-9999.0 -9999.0 -9999.0 -9999.0 -9999.0 -9999.0 -9999.0 -9999.0 -9999.0 -9999.0 -9999.0 0.5 0.1 0.2 0.1 0.1 0.1 0.0 0.0 0.0 0.0 0.0 0.0 0.0 0.0 0.1 0.1 0.3 0.6 1.0 1.7 2.9 3.3 4.1 4.3 5.9 4.5 4.4 7.4 4.0 4.9 3.9 3.8 4.0 7.6 5.7 8.8 6.4 5.9 4.6 4.2 4.8 5.8 6.7 7.4 5.0 2.2 2.2 2.8 4.9 8.7 10.0 10.5 10.0 11.1 6.8 5.4 7.3 10.2 11.9 12.2 11.7 9.6 8.6 9.6 8.7 7.1 5.9 4.7
-9999.0 -9999.0 -9999.0 -9999.0 -9999.0 -9999.0 -9999.0 -9999.0 -9999.0 -9999.0 -9999.0 -9999.0 0.1 0.1 0.1 0.1 0.1 0.0 0.0 0.0 0.0 0.0 0.0 0.0 0.0 0.0 0.1 0.2 0.5 1.1 1.7 2.6 3.5 4.7 5.4 5.4 7.4 5.1 4.0 3.1 2.9 3.2 3.8 5.6 6.4 7.7 9.0 6.4 5.3 4.0 4.2 4.5 5.9 7.8 8.7 7.6 5.3 5.5 2.7 7.4 10.1 13.7 14.8 12.8 9.4 14.1 7.7 9.2 10.5 12.2 10.4 11.9 10.7 9.6 8.9 26.0 10.2 7.7 4.5
-9999.0 -9999.0 -9999.0 -9999.0 -9999.0 -9999.0 -9999.0 -9999.0 -9999.0 -9999.0 -9999.0 -9999.0 0.4 0.1 0.1 0.1 0.0 0.0 0.0 0.0 0.0 0.0 0.0 0.0 0.0 0.0 0.1 0.2 0.4 0.9 1.6 2.7 3.6 4.5 5.4 5.5 7.0 6.9 5.5 4.4 3.4 3.6 6.3 5.4 8.0 10.2 7.7 6.2 3.9 3.5 3.1 4.2 5.8 8.9 9.4 9.9 6.2 5.5 3.9 6.7 10.2 12.1 15.5 19.0 10.1 13.3 6.7 7.5 6.8 8.5 14.0 24.7 28.6 14.1 14.0 10.6 7.8 16.0 10.5
-9999.0 -9999.0 -9999.0 -9999.0 -9999.0 -9999.0 -9999.0 -9999.0 -9999.0 -9999.0 -9999.0 -9999.0 -9999.0 0.2 0.1 0.1 0.0 0.0 0.0 0.0 0.0 0.0 0.0 0.0 0.0 0.0 0.0 0.1 0.2 0.6 1.4 2.3 3.4 4.6 5.0 5.6 5.9 6.6 11.3 7.3 6.2 7.3 7.6 10.9 9.2 8.0 8.8 8.3 6.4 4.4 3.7 3.8 5.6 12.5 13.7 12.9 8.9 8.4 12.5 10.9 13.8 14.2 17.1 12.9 8.4 11.9 15.9 15.5 14.0 10.1 7.7 6.9 10.1 12.4 19.4 13.4 11.6 8.5 5.8
-9999.0 -9999.0 -9999.0 -9999.0 -9999.0 -9999.0 -9999.0 -9999.0 -9999.0 -9999.0 -9999.0 -9999.0 0.4 0.2 0.1 0.1 0.0 0.0 0.0 0.0 0.0 0.0 0.0 0.0 0.0 0.0 0.0 0.1 0.2 0.4 1.0 2.2 2.9 4.1 5.0 5.5 6.9 6.0 6.0 6.4 11.0 15.3 18.8 10.9 12.9 12.5 9.5 6.4 5.7 4.8 6.0 8.2 6.7 11.3 12.5 13.5 15.4 6.3 10.4 10.1 14.2 19.2 18.7 23.1 17.4 16.0 13.3 16.4 19.9 20.5 16.2 9.3 6.4 5.9 7.1 8.3 8.4 9.6 8.1
-9999.0 -9999.0 -9999.0 -9999.0 -9999.0 -9999.0 -9999.0 -9999.0 -9999.0 -9999.0 -9999.0 -9999.0 0.5 0.5 0.2 0.1 0.0 0.0 0.0 0.0 0.0 0.0 0.0 0.0 0.1 0.1 0.1 0.1 0.2 0.5 1.0 1.6 2.3 3.7 4.4 4.9 5.3 6.0 6.3 5.5 6.8 8.2 10.7 13.8 15.4 16.2 18.1 14.0 10.3 4.4 4.4 7.8 6.2 7.3 10.4 10.9 14.4 15.0 11.7 16.8 20.8 25.5 16.4 14.4 14.5 14.3 17.2 14.6 13.0 11.6 9.6 7.8 8.5 14.6 19.9 14.6 12.0 15.8 12.4
-9999.0 -9999.0 -9999.0 -9999.0 -9999.0 -9999.0 -9999.0 -9999.0 -9999.0 -9999.0 -9999.0 -9999.0 2.0 0.3 0.5 0.1 0.1 0.0 0.0 0.0 0.0 0.0 0.0 0.0 0.0 0.0 0.0 0.0 0.1 0.2 0.5 0.6 2.0 3.2 3.7 4.1 4.8 5.7 5.8 7.3 7.6 8.6 18.3 11.9 17.6 23.5 23.5 15.4 8.1 6.9 6.8 4.4 17.2 19.9 14.6 8.1 13.5 15.5 16.4 12.4 14.3 17.1 31.2 13.1 8.7 15.0 13.9 12.8 11.5 11.1 11.2 13.6 15.3 21.9 61.7 29.6 55.4 19.6 22.0
-9999.0 -9999.0 -9999.0 -9999.0 -9999.0 -9999.0 -9999.0 -9999.0 -9999.0 -9999.0 -9999.0 -9999.0 -9999.0 0.6 0.2 0.2 0.1 0.0 0.0 0.0 0.0 0.0 0.0 0.0 0.1 0.1 0.1 0.1 0.0 0.2 0.1 0.2 0.7 1.8 2.4 3.3 4.6 5.4 6.6 6.9 8.6 19.9 27.5 25.3 16.6 16.4 19.9 8.2 14.7 11.4 5.5 11.4 8.1 3.6 13.1 14.6 7.2 8.9 13.1 21.9 19.7 41.3 24.0 7.4 13.8 12.4 13.1 13.3 13.2 13.7 15.3 14.9 17.8 12.5 20.0 19.7 23.0 27.6 36.2
-9999.0 -9999.0 -9999.0 -9999.0 -9999.0 -9999.0 -9999.0 -9999.0 -9999.0 -9999.0 -9999.0 -9999.0 -9999.0 5.7 0.4 0.4 0.1 0.1 0.1 0.0 0.0 0.0 0.0 0.1 0.9 0.2 0.1 0.2 0.0 0.0 0.0 0.0 0.1 0.5 1.0 2.0 3.2 5.0 7.5 15.8 11.9 17.4 22.5 24.2 36.1 19.0 16.0 6.1 8.0 8.0 11.1 2.7 6.9 11.2 14.5 10.0 4.8 6.2 11.4 6.6 18.0 10.4 12.4 22.4 14.3 11.1 13.0 16.2 16.8 17.4 18.3 17.0 14.4 16.0 21.2 32.8 52.4 37.1 39.2
-9999.0 -9999.0 -9999.0 -9999.0 -9999.0 -9999.0 -9999.0 -9999.0 -9999.0 -9999.0 -9999.0 -9999.0 -9999.0 -9999.0 -9999.0 1.2 1.0 0.3 0.5 1.0 0.2 0.8 1.3 1.1 0.6 0.5 0.0 0.0 0.0 0.0 0.0 0.0 0.0 0.0 0.2 1.5 4.2 3.4 5.7 8.3 16.6 22.3 23.2 20.2 9.6 6.1 10.4 3.1 7.9 3.3 5.5 15.8 4.0 3.7 0.1 3.6 4.4 0.6 11.0 16.8 9.0 10.0 29.0 22.8 15.3 11.9 14.6 19.8 19.4 19.6 20.0 17.3 21.9 23.0 24.9 49.3 58.8 76.1 58.1
-9999.0 -9999.0 -9999.0 -9999.0 -9999.0 -9999.0 -9999.0 -9999.0 -9999.0 -9999.0 -9999.0 -9999.0 -9999.0 -9999.0 -9999.0 -9999.0 -9999.0 95.3 22.7 -9999.0 14.7 3.5 9.5 9.7 3.1 2.5 0.1 0.0 0.0 0.0 0.0 0.0 0.0 0.0 0.1 0.2 3.4 1.6 3.8 6.3 10.6 20.6 16.9 12.2 7.7 4.8 34.8 15.0 4.6 7.5 3.3 3.1 0.5 3.0 3.8 4.2 1.0 7.6 8.9 14.0 1.8 7.6 17.2 20.0 17.6 15.2 17.8 20.9 19.5 19.8 18.1 26.8 30.4 24.3 36.8 59.5 67.2 70.3 72.1
-9999.0 -9999.0 -9999.0 -9999.0 -9999.0 -9999.0 -9999.0 -9999.0 -9999.0 -9999.0 -9999.0 -9999.0 -9999.0 -9999.0 -9999.0 -9999.0 -9999.0 -9999.0 -9999.0 -9999.0 -9999.0 21.6 15.0 6.6 10.6 22.0 12.8 4.7 0.3 0.1 0.0 0.0 0.0 0.0 0.1 0.1 0.4 1.0 1.1 0.9 1.4 14.9 16.5 11.1 6.3 5.2 78.8 7.0 19.0 83.2 7.5 21.8 15.1 0.5 1.5 6.0 6.5 3.3 19.3 12.4 0.5 2.3 7.4 16.3 25.2 28.4 28.7 25.8 21.3 19.6 19.5 26.3 28.1 28.5 39.5 56.4 70.3 75.2 85.4
-9999.0 -9999.0 -9999.0 -9999.0 -9999.0 -9999.0 -9999.0 -9999.0 -9999.0 -9999.0 -9999.0 -9999.0 -9999.0 -9999.0 -9999.0 -9999.0 -9999.0 -9999.0 -9999.0 -9999.0 -9999.0 -9999.0 -9999.0 122.5 44.3 42.7 31.4 13.4 0.7 0.4 0.0 0.0 0.0 0.0 0.1 0.5 2.6 1.9 6.1 9.6 8.5 14.7 4.7 1.7 6.9 121.0 18.8 15.2 26.4 29.1 9.5 17.3 4.7 4.4 1.6 0.1 4.6 11.8 3.0 13.4 4.2 7.9 10.7 13.6 28.7 44.0 44.1 33.9 28.0 20.1 25.0 25.6 31.9 46.3 55.5 71.0 92.2 103.7 115.1
-9999.0 -9999.0 -9999.0 -9999.0 -9999.0 -9999.0 -9999.0 -9999.0 -9999.0 -9999.0 -9999.0 -9999.0 -9999.0 -9999.0 -9999.0 -9999.0 -9999.0 -9999.0 -9999.0 -9999.0 -9999.0 -9999.0 -9999.0 -9999.0 -9999.0 282.9 114.0 7.5 3.4 0.6 0.1 0.3 0.4 0.3 1.0 3.0 11.6 5.5 12.6 7.4 16.2 4.6 9.0 6.3 71.0 147.4 80.7 208.5 16.4 30.6 27.2 20.5 24.4 18.3 6.0 2.8 6.2 4.1 12.5 12.8 13.7 15.0 25.4 11.9 23.6 43.1 48.6 38.2 35.7 33.4 23.9 29.3 40.6 66.0 85.4 99.8 117.8 134.0 147.7
-9999.0 -9999.0 -9999.0 -9999.0 -9999.0 -9999.0 -9999.0 -9999.0 -9999.0 -9999.0 -9999.0 -9999.0 -9999.0 -9999.0 -9999.0 -9999.0 -9999.0 -9999.0 -9999.0 -9999.0 -9999.0 -9999.0 -9999.0 -9999.0 -9999.0 -9999.0 -9999.0 361.3 306.4 71.3 37.0 23.0 2.5 19.0 6.3 43.7 9.0 9.3 9.3 7.7 10.8 2.5 20.6 85.1 111.3 163.5 220.3 244.6 256.1 99.3 191.9 176.9 38.2 33.7 19.6 14.3 4.5 3.0 10.5 7.0 9.7 16.7 14.2 12.1 12.0 18.5 38.4 41.9 34.3 29.1 30.4 49.0 58.9 85.0 100.9 121.6 141.3 152.2 160.2
-9999.0 -9999.0 -9999.0 -9999.0 -9999.0 -9999.0 -9999.0 -9999.0 -9999.0 -9999.0 -9999.0 -9999.0 -9999.0 -9999.0 -9999.0 -9999.0 -9999.0 -9999.0 -9999.0 -9999.0 -9999.0 -9999.0 -9999.0 -9999.0 -9999.0 -9999.0 -9999.0 -9999.0 -9999.0 -9999.0 -9999.0 -9999.0 -9999.0 102.8 24.1 -9999.0 -9999.0 -9999.0 40.9 12.8 17.2 30.1 19.5 116.1 170.1 187.3 -9999.0 -9999.0 -9999.0 -9999.0 -9999.0 -9999.0 107.5 51.6 43.2 17.2 6.9 3.9 3.9 4.5 9.4 16.0 18.8 16.1 14.5 19.6 32.7 44.9 46.4 39.4 44.4 69.7 93.4 95.3 113.8 126.7 145.5 154.6 162.3
-9999.0 -9999.0 -9999.0 -9999.0 -9999.0 -9999.0 -9999.0 -9999.0 -9999.0 -9999.0 -9999.0 -9999.0 -9999.0 -9999.0 -9999.0 -9999.0 -9999.0 -9999.0 -9999.0 -9999.0 -9999.0 -9999.0 -9999.0 -9999.0 -9999.0 -9999.0 -9999.0 -9999.0 -9999.0 -9999.0 -9999.0 -9999.0 -9999.0 -9999.0 -9999.0 -9999.0 -9999.0 -9999.0 -9999.0 161.2 143.6 141.4 145.0 150.2 -9999.0 -9999.0 -9999.0 -9999.0 -9999.0 -9999.0 -9999.0 -9999.0 122.3 73.3 51.6 22.8 7.2 3.7 2.5 3.6 8.7 16.6 22.2 26.3 27.6 35.4 48.5 61.2 62.1 65.9 74.2 91.7 100.0 117.5 106.4 122.8 138.2 155.4 164.8
-9999.0 -9999.0 -9999.0 -9999.0 -9999.0 -9999.0 -9999.0 -9999.0 -9999.0 -9999.0 -9999.0 -9999.0 -9999.0 -9999.0 -9999.0 -9999.0 -9999.0 -9999.0 -9999.0 -9999.0 -9999.0 -9999.0 -9999.0 -9999.0 -9999.0 -9999.0 -9999.0 -9999.0 -9999.0 -9999.0 -9999.0 -9999.0 -9999.0 -9999.0 -9999.0 -9999.0 -9999.0 -9999.0 -9999.0 -9999.0 -9999.0 -9999.0 -9999.0 -9999.0 -9999.0 -9999.0 -9999.0 -9999.0 -9999.0 -9999.0 -9999.0 -9999.0 138.5 93.0 66.6 46.3 15.9 8.8 5.8 7.4 12.3 23.0 37.9 43.8 52.3 66.3 74.4 76.5 76.3 76.2 81.6 97.5 131.3 120.7 121.5 125.1 141.9 165.2 184.8
-9999.0 -9999.0 -9999.0 -9999.0 -9999.0 -9999.0 -9999.0 -9999.0 -9999.0 -9999.0 -9999.0 -9999.0 -9999.0 -9999.0 -9999.0 -9999.0 -9999.0 -9999.0 -9999.0 -9999.0 -9999.0 -9999.0 -9999.0 -9999.0 -9999.0 -9999.0 -9999.0 -9999.0 -9999.0 -9999.0 -9999.0 -9999.0 -9999.0 -9999.0 -9999.0 -9999.0 -9999.0 -9999.0 -9999.0 -9999.0 -9999.0 -9999.0 -9999.0 -9999.0 -9999.0 -9999.0 -9999.0 -9999.0 -9999.0 -9999.0 -9999.0 119.9 115.2 106.0 56.8 48.4 33.2 31.3 18.5 9.6 25.4 33.5 49.4 64.2 78.7 88.9 83.3 64.2 69.1 60.7 63.3 77.4 83.0 91.7 114.3 132.1 153.9 176.4 181.0
-9999.0 -9999.0 -9999.0 -9999.0 -9999.0 -9999.0 -9999.0 -9999.0 -9999.0 -9999.0 -9999.0 -9999.0 -9999.0 -9999.0 -9999.0 -9999.0 -9999.0 -9999.0 -9999.0 -9999.0 -9999.0 -9999.0 -9999.0 -9999.0 -9999.0 -9999.0 -9999.0 -9999.0 -9999.0 -9999.0 -9999.0 -9999.0 -9999.0 -9999.0 -9999.0 -9999.0 -9999.0 -9999.0 -9999.0 -9999.0 -9999.0 -9999.0 -9999.0 -9999.0 -9999.0 -9999.0 -9999.0 -9999.0 -9999.0 -9999.0 95.5 96.7 103.7 103.9 72.5 68.1 45.8 29.1 29.6 32.7 33.7 43.8 58.7 74.9 87.0 84.0 76.7 57.6 49.3 35.3 40.8 44.8 61.8 93.4 119.4 142.7 154.0 173.8 179.8
-9999.0 -9999.0 -9999.0 -9999.0 -9999.0 -9999.0 -9999.0 -9999.0 -9999.0 -9999.0 -9999.0 -9999.0 -9999.0 -9999.0 -9999.0 -9999.0 -9999.0 -9999.0 -9999.0 -9999.0 -9999.0 -9999.0 -9999.0 -9999.0 -9999.0 -9999.0 -9999.0 -9999.0 -9999.0 -9999.0 -9999.0 -9999.0 -9999.0 -9999.0 -9999.0 -9999.0 -9999.0 -9999.0 -9999.0 -9999.0 -9999.0 -9999.0 -9999.0 -9999.0 -9999.0 -9999.0 -9999.0 -9999.0 -9999.0 -9999.0 60.5 79.5 58.6 84.5 86.9 71.0 30.8 56.6 44.3 33.5 35.5 43.8 52.7 69.6 70.2 52.3 48.2 37.0 27.2 23.5 29.5 41.2 58.2 79.7 98.5 119.1 153.9 169.8 183.8
-9999.0 -9999.0 -9999.0 -9999.0 -9999.0 -9999.0 -9999.0 -9999.0 -9999.0 -9999.0 -9999.0 -9999.0 -9999.0 -9999.0 -9999.0 -9999.0 -9999.0 -9999.0 -9999.0 -9999.0 -9999.0 -9999.0 -9999.0 -9999.0 -9999.0 -9999.0 -9999.0 -9999.0 -9999.0 -9999.0 -9999.0 -9999.0 -9999.0 -9999.0 -9999.0 -9999.0 -9999.0 -9999.0 -9999.0 -9999.0 -9999.0 -9999.0 -9999.0 -9999.0 -9999.0 -9999.0 -9999.0 -9999.0 -9999.0 -9999.0 36.1 34.2 34.8 77.7 58.3 53.7 70.3 42.9 41.1 24.0 32.6 38.6 43.6 42.1 42.8 32.0 27.1 23.7 20.7 22.9 32.0 51.6 59.2 86.1 93.9 119.1 157.4 163.6 174.7
-9999.0 -9999.0 -9999.0 -9999.0 -9999.0 -9999.0 -9999.0 -9999.0 -9999.0 -9999.0 -9999.0 -9999.0 -9999.0 -9999.0 -9999.0 -9999.0 -9999.0 -9999.0 -9999.0 -9999.0 -9999.0 -9999.0 -9999.0 -9999.0 -9999.0 -9999.0 -9999.0 -9999.0 -9999.0 -9999.0 -9999.0 -9999.0 -9999.0 -9999.0 -9999.0 -9999.0 -9999.0 -9999.0 -9999.0 -9999.0 -9999.0 -9999.0 -9999.0 -9999.0 -9999.0 -9999.0 -9999.0 -9999.0 -9999.0 -9999.0 15.9 24.5 26.6 39.4 44.4 51.7 23.9 29.5 26.3 21.1 29.5 29.7 19.5 27.9 27.9 20.6 19.3 19.1 22.2 26.4 36.1 50.9 72.7 96.8 104.0 130.1 149.9 146.0 143.3
-9999.0 -9999.0 -9999.0 -9999.0 -9999.0 -9999.0 -9999.0 -9999.0 -9999.0 -9999.0 -9999.0 -9999.0 -9999.0 -9999.0 -9999.0 -9999.0 -9999.0 -9999.0 -9999.0 -9999.0 -9999.0 -9999.0 -9999.0 -9999.0 -9999.0 -9999.0 -9999.0 -9999.0 -9999.0 -9999.0 -9999.0 -9999.0 -9999.0 -9999.0 -9999.0 -9999.0 -9999.0 -9999.0 -9999.0 -9999.0 -9999.0 -9999.0 -9999.0 -9999.0 -9999.0 -9999.0 -9999.0 -9999.0 -9999.0 -9999.0 -9999.0 -9999.0 -9999.0 15.6 18.0 19.0 21.1 23.4 16.4 23.2 47.5 29.2 45.5 33.0 26.9 20.2 20.7 24.0 29.2 35.2 41.8 55.5 80.3 107.2 116.8 126.2 131.9 118.0 106.1
-9999.0 -9999.0 -9999.0 -9999.0 -9999.0 -9999.0 -9999.0 -9999.0 -9999.0 -9999.0 -9999.0 -9999.0 -9999.0 -9999.0 -9999.0 -9999.0 -9999.0 -9999.0 -9999.0 -9999.0 -9999.0 -9999.0 -9999.0 -9999.0 -9999.0 -9999.0 -9999.0 -9999.0 -9999.0 -9999.0 -9999.0 -9999.0 -9999.0 -9999.0 -9999.0 -9999.0 -9999.0 -9999.0 -9999.0 -9999.0 -9999.0 -9999.0 -9999.0 -9999.0 -9999.0 -9999.0 -9999.0 -9999.0 -9999.0 -9999.0 -9999.0 -9999.0 -9999.0 6.1 8.3 20.6 18.4 18.6 22.2 39.8 43.8 43.8 60.8 46.9 41.9 35.3 38.5 34.6 41.2 44.4 47.5 57.1 78.6 99.7 103.8 106.3 100.9 90.3 79.0
-9999.0 -9999.0 -9999.0 -9999.0 -9999.0 -9999.0 -9999.0 -9999.0 -9999.0 -9999.0 -9999.0 -9999.0 -9999.0 -9999.0 -9999.0 -9999.0 -9999.0 -9999.0 -9999.0 -9999.0 -9999.0 -9999.0 -9999.0 -9999.0 -9999.0 -9999.0 -9999.0 -9999.0 -9999.0 -9999.0 -9999.0 -9999.0 -9999.0 -9999.0 -9999.0 -9999.0 -9999.0 -9999.0 -9999.0 -9999.0 -9999.0 -9999.0 -9999.0 -9999.0 -9999.0 -9999.0 -9999.0 -9999.0 -9999.0 -9999.0 -9999.0 -9999.0 -9999.0 2.9 5.5 16.3 28.2 30.3 31.5 37.5 57.8 64.5 79.8 77.9 62.8 -9999.0 -9999.0 -9999.0 54.3 55.2 56.0 61.9 74.6 84.9 83.6 77.3 69.4 66.7 65.5
-9999.0 -9999.0 -9999.0 -9999.0 -9999.0 -9999.0 -9999.0 -9999.0 -9999.0 -9999.0 -9999.0 -9999.0 -9999.0 -9999.0 -9999.0 -9999.0 -9999.0 -9999.0 -9999.0 -9999.0 -9999.0 -9999.0 -9999.0 -9999.0 -9999.0 -9999.0 -9999.0 -9999.0 -9999.0 -9999.0 -9999.0 -9999.0 -9999.0 -9999.0 -9999.0 -9999.0 -9999.0 -9999.0 -9999.0 -9999.0 -9999.0 -9999.0 -9999.0 -9999.0 -9999.0 -9999.0 -9999.0 -9999.0 -9999.0 -9999.0 -9999.0 -9999.0 -9999.0 -9999.0 8.2 20.7 30.9 31.9 40.6 52.4 40.7 -9999.0 -9999.0 -9999.0 -9999.0 -9999.0 -9999.0 -9999.0 67.6 66.3 67.1 68.1 74.0 76.8 69.0 55.7 48.4 55.4 62.3
-9999.0 -9999.0 -9999.0 -9999.0 -9999.0 -9999.0 -9999.0 -9999.0 -9999.0 -9999.0 -9999.0 -9999.0 -9999.0 -9999.0 -9999.0 -9999.0 -9999.0 -9999.0 -9999.0 -9999.0 -9999.0 -9999.0 -9999.0 -9999.0 -9999.0 -9999.0 -9999.0 -9999.0 -9999.0 -9999.0 -9999.0 -9999.0 -9999.0 -9999.0 -9999.0 -9999.0 -9999.0 -9999.0 -9999.0 -9999.0 -9999.0 -9999.0 -9999.0 -9999.0 -9999.0 -9999.0 -9999.0 -9999.0 -9999.0 -9999.0 -9999.0 -9999.0 -9999.0 -9999.0 -9999.0 21.5 45.2 40.6 30.8 39.2 42.6 -9999.0 -9999.0 -9999.0 -9999.0 -9999.0 -9999.0 -9999.0 -9999.0 -9999.0 73.4 -9999.0 -9999.0 -9999.0 -9999.0 -9999.0 42.0 -9999.0 -9999.0
-9999.0 -9999.0 -9999.0 -9999.0 -9999.0 -9999.0 -9999.0 -9999.0 -9999.0 -9999.0 -9999.0 -9999.0 -9999.0 -9999.0 -9999.0 -9999.0 -9999.0 -9999.0 -9999.0 -9999.0 -9999.0 -9999.0 -9999.0 -9999.0 -9999.0 -9999.0 -9999.0 -9999.0 -9999.0 -9999.0 -9999.0 -9999.0 -9999.0 -9999.0 -9999.0 -9999.0 -9999.0 -9999.0 -9999.0 -9999.0 -9999.0 -9999.0 -9999.0 -9999.0 -9999.0 -9999.0 -9999.0 -9999.0 -9999.0 -9999.0 -9999.0 -9999.0 -9999.0 -9999.0 -9999.0 -9999.0 -9999.0 -9999.0 36.0 29.7 -9999.0 -9999.0 -9999.0 -9999.0 -9999.0 -9999.0 -9999.0 -9999.0 -9999.0 -9999.0 -9999.0 -9999.0 -9999.0 -9999.0 -9999.0 44.7 41.4 -9999.0 -9999.0
-9999.0 -9999.0 -9999.0 -9999.0 -9999.0 -9999.0 -9999.0 -9999.0 -9999.0 -9999.0 -9999.0 -9999.0 -9999.0 -9999.0 -9999.0 -9999.0 -9999.0 -9999.0 -9999.0 -9999.0 -9999.0 -9999.0 -9999.0 -9999.0 -9999.0 -9999.0 -9999.0 -9999.0 -9999.0 -9999.0 -9999.0 -9999.0 -9999.0 -9999.0 -9999.0 -9999.0 -9999.0 -9999.0 -9999.0 -9999.0 -9999.0 -9999.0 -9999.0 -9999.0 -9999.0 -9999.0 -9999.0 -9999.0 -9999.0 -9999.0 -9999.0 -9999.0 -9999.0 -9999.0 -9999.0 -9999.0 -9999.0 -9999.0 -9999.0 -9999.0 -9999.0 -9999.0 -9999.0 -9999.0 -9999.0 -9999.0 -9999.0 -9999.0 -9999.0 -9999.0 -9999.0 -9999.0 -9999.0 -9999.0 -9999.0 -9999.0 -9999.0 -9999.0 -9999.0
-9999.0 -9999.0 -9999.0 -9999.0 -9999.0 -9999.0 -9999.0 -9999.0 -9999.0 -9999.0 -9999.0 -9999.0 -9999.0 -9999.0 -9999.0 -9999.0 -9999.0 -9999.0 -9999.0 -9999.0 -9999.0 -9999.0 -9999.0 -9999.0 -9999.0 -9999.0 -9999.0 -9999.0 -9999.0 -9999.0 -9999.0 -9999.0 -9999.0 -9999.0 -9999.0 -9999.0 -9999.0 -9999.0 -9999.0 -9999.0 -9999.0 -9999.0 -9999.0 -9999.0 -9999.0 -9999.0 -9999.0 -9999.0 -9999.0 -9999.0 -9999.0 -9999.0 -9999.0 -9999.0 -9999.0 -9999.0 -9999.0 -9999.0 -9999.0 -9999.0 -9999.0 -9999.0 -9999.0 -9999.0 -9999.0 -9999.0 -9999.0 -9999.0 -9999.0 -9999.0 -9999.0 -9999.0 -9999.0 -9999.0 -9999.0 28.6 31.9 35.9 -9999.0
-9999.0 -9999.0 -9999.0 -9999.0 -9999.0 -9999.0 -9999.0 -9999.0 -9999.0 -9999.0 -9999.0 -9999.0 -9999.0 -9999.0 -9999.0 -9999.0 -9999.0 -9999.0 -9999.0 -9999.0 -9999.0 -9999.0 -9999.0 -9999.0 -9999.0 -9999.0 -9999.0 -9999.0 -9999.0 -9999.0 -9999.0 -9999.0 -9999.0 -9999.0 -9999.0 -9999.0 -9999.0 -9999.0 -9999.0 -9999.0 -9999.0 -9999.0 -9999.0 -9999.0 -9999.0 -9999.0 -9999.0 -9999.0 -9999.0 -9999.0 -9999.0 -9999.0 -9999.0 -9999.0 -9999.0 -9999.0 -9999.0 -9999.0 -9999.0 -9999.0 -9999.0 -9999.0 -9999.0 -9999.0 -9999.0 -9999.0 -9999.0 -9999.0 -9999.0 -9999.0 -9999.0 -9999.0 -9999.0 30.4 18.6 17.9 19.4 -9999.0 -9999.0
