program/excelProcessViaJava/data/SURF_CLI_CHN_PRE_MON_GRID_0.5-199008.txt
NCOLS      128
NROWS       72
XLLCORNER    72.000000000000    
YLLCORNER    18.000000000000    
CELLSIZE    0.50000000000000    
NODATA_VALUE   -9999.000    
[rows 33 to 65 of 72, columns 0 to 74 of 128]
-9999.0 -9999.0 -9999.0 -9999.0 7.1 18.4 33.2 18.5 18.7 5.0 8.3 6.1 3.9 1.9 1.7 1.8 1.7 1.6 1.5 1.6 1.5 1.5 1.4 1.3 1.2 1.2 1.3 29.4 5.8 8.7 12.3 10.5 10.8 16.7 11.0 12.8 13.0 35.3 30.7 18.1 9.0 6.2 5.6 4.2 3.2 2.5 2.8 5.1 8.6 9.0 14.0 26.7 38.9 55.9 44.5 58.5 70.7 94.9 99.2 124.9 122.3 106.8 100.7 84.5 79.8 95.0 107.5 115.1 114.7 106.6 97.8 92.7 88.6 86.5 90.8
-9999.0 -9999.0 -9999.0 -9999.0 15.4 12.8 33.5 16.4 55.8 53.7 14.2 44.4 26.6 25.8 4.6 4.1 3.7 1.8 1.4 1.3 1.5 1.4 1.4 2.6 12.5 25.9 10.5 11.2 9.8 10.2 10.3 15.4 12.3 13.7 17.3 16.0 25.4 35.9 24.6 17.0 29.6 12.0 10.3 6.4 4.4 3.1 2.6 2.9 4.3 7.8 13.0 19.7 37.6 34.8 39.2 51.1 63.1 76.5 88.9 71.7 100.9 86.5 89.4 94.3 92.2 96.6 115.9 129.4 136.5 132.2 123.8 114.9 106.9 105.9 111.5
-9999.0 -9999.0 -9999.0 -9999.0 -9999.0 -9999.0 -9999.0 23.1 39.9 29.9 69.6 68.6 34.3 40.5 37.7 4.1 10.8 3.7 2.5 4.1 10.6 19.1 19.4 15.1 12.2 10.6 12.6 13.1 13.2 17.3 16.6 16.4 16.1 19.5 25.3 21.7 33.4 31.8 47.1 53.5 28.0 66.8 59.0 35.2 16.4 6.0 7.7 6.5 10.1 10.0 14.7 21.8 30.6 68.7 64.5 49.4 57.0 63.3 90.0 77.6 105.4 85.5 86.8 94.0 101.2 100.4 117.0 137.1 155.2 160.8 154.6 138.8 129.4 126.0 125.9
-9999.0 -9999.0 -9999.0 -9999.0 -9999.0 -9999.0 -9999.0 68.4 22.2 49.0 62.3 45.3 54.9 76.8 48.5 85.3 37.2 30.2 47.9 22.1 17.9 24.4 17.1 15.5 12.6 12.0 11.1 16.1 11.4 10.9 16.5 17.6 18.3 25.7 21.7 25.3 25.7 35.2 38.4 39.7 46.5 50.6 56.3 77.8 37.8 18.7 21.4 21.5 35.7 29.7 54.5 52.6 39.7 51.4 76.2 55.2 61.8 73.3 90.9 103.3 97.5 96.0 93.6 99.7 98.9 99.2 111.4 136.4 161.3 178.9 170.3 152.3 137.3 127.1 105.3
-9999.0 -9999.0 -9999.0 -9999.0 -9999.0 -9999.0 -9999.0 -9999.0 -9999.0 49.4 47.7 41.6 68.6 62.4 47.3 37.1 46.7 83.7 43.3 58.0 32.9 19.7 16.2 14.6 12.8 11.0 12.7 13.2 11.1 18.2 11.8 15.5 17.5 22.7 19.4 21.9 24.0 30.5 31.1 38.3 39.2 48.9 49.8 45.7 51.2 46.6 43.3 39.3 39.2 39.7 48.3 49.2 52.1 55.9 78.8 63.0 64.3 73.6 93.4 99.0 103.0 112.6 115.6 103.5 100.0 95.3 102.4 132.3 157.9 175.8 167.2 141.0 123.4 112.6 104.9
-9999.0 -9999.0 -9999.0 -9999.0 -9999.0 -9999.0 -9999.0 -9999.0 -9999.0 -9999.0 -9999.0 75.6 32.8 76.4 55.2 58.7 48.5 39.4 33.1 33.6 38.1 24.1 22.4 15.8 24.0 16.7 18.9 18.5 17.3 15.9 16.8 24.1 19.8 22.3 22.2 34.6 27.9 30.9 53.5 37.3 47.1 44.5 44.7 45.3 63.2 48.9 63.0 49.8 50.1 46.0 42.6 49.2 57.9 70.7 88.7 81.5 74.1 83.8 88.4 94.3 107.2 108.8 109.1 104.7 106.9 89.1 107.7 129.4 151.8 162.3 152.6 136.7 109.7 85.7 57.9
-9999.0 -9999.0 -9999.0 -9999.0 -9999.0 -9999.0 -9999.0 -9999.0 -9999.0 -9999.0 -9999.0 -9999.0 40.1 38.3 67.9 47.4 81.0 48.8 43.2 61.0 24.0 24.6 22.4 16.8 43.7 17.7 14.7 21.6 20.4 29.5 22.9 23.0 24.7 32.0 34.4 33.2 49.6 37.7 34.3 32.5 34.1 38.7 44.4 54.9 56.5 60.4 64.6 52.9 51.0 48.3 55.8 60.7 64.9 70.4 82.0 92.2 95.1 106.5 81.8 101.3 104.4 126.2 135.2 120.9 94.7 112.5 97.2 121.9 146.7 158.1 139.6 108.1 89.8 74.5 73.7
-9999.0 -9999.0 -9999.0 -9999.0 -9999.0 -9999.0 -9999.0 -9999.0 -9999.0 -9999.0 -9999.0 -9999.0 92.5 34.2 27.5 56.6 30.5 35.9 53.6 41.6 34.5 35.7 28.4 19.4 14.0 17.5 18.6 16.4 21.8 21.0 28.0 36.5 33.3 34.1 39.1 38.1 51.7 54.5 49.6 46.2 41.5 44.1 61.0 54.2 65.7 73.7 63.2 59.5 53.4 54.8 55.3 64.3 69.3 82.5 82.0 98.1 94.6 101.0 87.9 93.5 105.1 120.0 143.2 162.0 95.4 95.9 110.3 133.2 154.7 162.9 180.0 198.9 192.6 152.0 125.0
-9999.0 -9999.0 -9999.0 -9999.0 -9999.0 -9999.0 -9999.0 -9999.0 -9999.0 -9999.0 -9999.0 -9999.0 -9999.0 55.0 82.6 30.8 49.4 34.4 29.8 28.3 30.9 21.6 29.8 17.3 18.7 31.3 32.3 41.2 35.0 35.0 32.4 33.8 45.1 47.8 40.4 45.0 50.7 60.1 94.6 73.9 68.8 74.0 72.4 84.6 73.7 67.9 72.9 75.3 73.7 70.3 70.9 72.7 78.1 113.4 112.1 112.7 108.5 119.5 148.1 126.1 132.8 134.9 154.9 115.8 120.6 95.8 101.3 124.7 149.1 164.1 147.4 167.5 188.9 163.6 139.2
-9999.0 -9999.0 -9999.0 -9999.0 -9999.0 -9999.0 -9999.0 -9999.0 -9999.0 -9999.0 -9999.0 -9999.0 61.5 95.4 79.0 45.4 78.8 53.0 47.0 25.4 23.7 22.5 24.7 21.4 19.9 34.2 32.7 32.0 35.9 42.2 43.4 41.1 56.3 50.4 55.3 54.7 71.2 66.3 73.4 82.1 108.6 123.9 130.4 88.8 91.4 88.1 79.9 75.8 80.8 83.5 91.8 104.5 95.0 111.2 108.0 115.8 142.9 116.0 142.9 138.8 152.4 180.5 170.6 200.4 129.7 105.7 145.1 120.1 141.2 179.2 197.8 193.4 158.6 103.2 82.7
-9999.0 -9999.0 -9999.0 -9999.0 -9999.0 -9999.0 -9999.0 -9999.0 -9999.0 -9999.0 -9999.0 -9999.0 89.6 37.4 48.0 114.6 90.7 40.2 36.1 46.1 26.2 33.7 30.3 28.0 23.9 24.6 29.8 35.1 41.8 44.8 48.9 54.3 65.2 56.2 57.9 64.4 67.2 80.6 90.9 91.9 102.2 102.3 103.8 106.1 104.4 103.1 110.3 102.2 99.2 90.4 94.3 110.0 101.2 98.4 105.0 106.1 137.3 164.1 162.1 203.7 233.6 270.6 169.4 131.9 120.3 186.3 123.1 115.7 108.9 122.2 136.6 135.3 121.8 117.9 94.7
-9999.0 -9999.0 -9999.0 -9999.0 -9999.0 -9999.0 -9999.0 -9999.0 -9999.0 -9999.0 -9999.0 -9999.0 29.6 76.6 37.6 47.5 44.8 84.6 52.6 49.3 68.7 64.8 37.7 44.3 36.7 51.4 48.1 66.0 52.7 59.2 64.2 78.9 69.7 67.2 68.2 73.2 79.8 92.2 101.7 122.2 123.1 112.5 145.2 100.7 116.8 132.5 131.8 109.0 93.5 97.5 105.1 101.5 165.8 185.1 152.5 108.9 147.7 185.8 216.6 199.4 215.7 233.1 378.0 149.4 151.7 271.7 162.7 108.8 98.2 88.4 79.3 111.9 106.0 98.3 109.9
-9999.0 -9999.0 -9999.0 -9999.0 -9999.0 -9999.0 -9999.0 -9999.0 -9999.0 -9999.0 -9999.0 -9999.0 -9999.0 134.4 108.2 52.4 58.7 49.0 68.8 71.9 106.3 55.7 63.8 67.2 43.7 50.6 53.4 57.2 73.1 70.7 89.8 90.3 93.2 85.7 86.1 101.0 104.8 103.4 119.7 128.2 136.9 176.6 186.2 162.0 120.4 117.5 129.5 91.8 118.7 113.8 100.2 140.3 136.8 114.4 176.7 191.5 148.1 176.0 229.9 333.0 320.5 549.6 368.4 128.9 299.1 213.5 128.4 94.4 89.8 81.5 58.9 55.7 85.0 49.6 43.0
-9999.0 -9999.0 -9999.0 -9999.0 -9999.0 -9999.0 -9999.0 -9999.0 -9999.0 -9999.0 -9999.0 -9999.0 -9999.0 23.5 102.9 55.9 102.0 50.3 53.3 62.6 104.3 93.4 90.7 73.6 44.6 57.5 66.9 65.9 80.3 123.2 118.7 118.1 109.6 107.4 112.2 112.2 106.4 115.2 137.7 183.8 161.3 171.3 172.8 166.0 197.6 139.9 129.9 95.4 102.3 104.6 130.5 104.3 148.0 187.8 221.2 205.8 175.8 198.5 263.7 190.5 351.9 209.6 187.3 303.9 232.0 150.8 95.5 83.2 83.6 62.6 46.2 51.7 60.1 54.9 35.3
-9999.0 -9999.0 -9999.0 -9999.0 -9999.0 -9999.0 -9999.0 -9999.0 -9999.0 -9999.0 -9999.0 -9999.0 -9999.0 -9999.0 -9999.0 61.4 52.0 69.0 55.8 46.3 85.5 61.8 57.1 63.4 72.2 73.1 115.9 98.1 132.8 111.8 129.6 130.7 144.7 135.6 120.4 138.3 148.8 115.3 135.4 153.4 185.1 194.9 183.7 162.2 111.9 90.3 119.1 78.0 107.2 74.0 106.8 177.3 145.0 163.5 125.5 188.2 206.9 158.6 298.3 375.8 172.6 196.9 296.0 242.1 179.6 119.6 89.9 82.9 65.9 56.4 44.5 43.6 68.0 52.3 29.7
-9999.0 -9999.0 -9999.0 -9999.0 -9999.0 -9999.0 -9999.0 -9999.0 -9999.0 -9999.0 -9999.0 -9999.0 -9999.0 -9999.0 -9999.0 -9999.0 -9999.0 2.4 14.1 -9999.0 24.6 67.5 42.3 45.5 75.5 75.7 124.9 110.3 103.4 137.3 136.0 133.7 159.9 126.3 110.2 113.2 149.6 107.0 132.1 146.4 161.5 188.0 166.3 139.5 68.2 77.7 63.0 136.8 79.2 104.6 79.9 111.6 103.3 161.0 181.2 197.5 167.3 257.1 279.0 343.6 150.3 217.3 253.8 214.0 153.7 109.6 91.9 85.6 59.6 45.3 25.1 71.1 63.0 32.7 29.0
-9999.0 -9999.0 -9999.0 -9999.0 -9999.0 -9999.0 -9999.0 -9999.0 -9999.0 -9999.0 -9999.0 -9999.0 -9999.0 -9999.0 -9999.0 -9999.0 -9999.0 -9999.0 -9999.0 -9999.0 -9999.0 36.4 55.2 100.2 70.9 47.3 60.6 77.4 101.0 106.3 128.3 121.2 128.0 120.9 101.5 102.1 98.7 103.0 105.2 96.0 91.7 160.0 160.1 135.0 59.1 91.7 76.2 68.4 143.1 350.0 104.6 183.5 179.4 113.5 137.0 188.4 209.9 181.1 366.3 275.0 149.6 172.4 214.3 188.4 138.1 105.9 94.6 89.7 58.0 38.9 31.5 50.8 37.2 22.8 24.9
-9999.0 -9999.0 -9999.0 -9999.0 -9999.0 -9999.0 -9999.0 -9999.0 -9999.0 -9999.0 -9999.0 -9999.0 -9999.0 -9999.0 -9999.0 -9999.0 -9999.0 -9999.0 -9999.0 -9999.0 -9999.0 -9999.0 -9999.0 10.1 40.3 42.4 51.6 71.3 112.5 102.9 122.4 131.1 153.0 120.4 117.7 102.2 109.7 89.4 110.3 121.8 118.9 139.1 102.5 72.8 51.3 88.2 55.5 61.0 69.4 83.0 86.9 136.5 96.1 106.0 100.7 101.1 152.5 233.6 126.5 246.4 139.9 164.0 183.1 163.3 142.9 102.7 90.4 83.8 76.0 40.6 51.9 35.9 29.3 31.6 35.1
-9999.0 -9999.0 -9999.0 -9999.0 -9999.0 -9999.0 -9999.0 -9999.0 -9999.0 -9999.0 -9999.0 -9999.0 -9999.0 -9999.0 -9999.0 -9999.0 -9999.0 -9999.0 -9999.0 -9999.0 -9999.0 -9999.0 -9999.0 -9999.0 -9999.0 5.3 22.9 134.9 125.2 170.0 125.4 100.6 94.2 95.7 73.3 93.5 129.4 73.9 97.0 78.1 108.8 79.5 43.3 43.4 65.1 94.8 69.0 117.7 79.6 78.2 125.2 102.9 127.5 116.9 91.3 96.9 128.7 130.9 211.3 207.3 180.6 155.1 323.5 134.6 123.1 97.7 85.6 95.3 82.9 65.1 32.0 26.3 31.0 40.1 49.8
-9999.0 -9999.0 -9999.0 -9999.0 -9999.0 -9999.0 -9999.0 -9999.0 -9999.0 -9999.0 -9999.0 -9999.0 -9999.0 -9999.0 -9999.0 -9999.0 -9999.0 -9999.0 -9999.0 -9999.0 -9999.0 -9999.0 -9999.0 -9999.0 -9999.0 -9999.0 -9999.0 7.4 12.5 38.3 51.2 56.9 107.5 48.6 61.1 41.1 43.6 42.8 36.6 44.6 59.6 38.2 40.2 67.1 78.0 99.7 124.2 130.9 128.8 79.2 92.1 85.9 88.3 86.9 93.5 111.6 112.5 128.5 169.4 146.9 137.1 124.6 100.0 98.7 113.4 124.5 81.4 46.1 34.0 27.9 20.7 23.5 36.0 50.0 72.4
-9999.0 -9999.0 -9999.0 -9999.0 -9999.0 -9999.0 -9999.0 -9999.0 -9999.0 -9999.0 -9999.0 -9999.0 -9999.0 -9999.0 -9999.0 -9999.0 -9999.0 -9999.0 -9999.0 -9999.0 -9999.0 -9999.0 -9999.0 -9999.0 -9999.0 -9999.0 -9999.0 -9999.0 -9999.0 -9999.0 -9999.0 -9999.0 -9999.0 27.7 34.0 -9999.0 -9999.0 -9999.0 31.0 26.5 28.4 35.6 33.8 78.1 106.1 114.4 -9999.0 -9999.0 -9999.0 -9999.0 -9999.0 -9999.0 79.0 107.3 98.2 108.4 119.2 143.5 146.2 148.4 117.6 87.9 61.3 60.0 88.3 101.9 74.5 46.7 33.2 23.5 19.8 20.3 30.5 64.4 83.4
-9999.0 -9999.0 -9999.0 -9999.0 -9999.0 -9999.0 -9999.0 -9999.0 -9999.0 -9999.0 -9999.0 -9999.0 -9999.0 -9999.0 -9999.0 -9999.0 -9999.0 -9999.0 -9999.0 -9999.0 -9999.0 -9999.0 -9999.0 -9999.0 -9999.0 -9999.0 -9999.0 -9999.0 -9999.0 -9999.0 -9999.0 -9999.0 -9999.0 -9999.0 -9999.0 -9999.0 -9999.0 -9999.0 -9999.0 62.6 67.0 75.8 86.1 95.9 -9999.0 -9999.0 -9999.0 -9999.0 -9999.0 -9999.0 -9999.0 -9999.0 82.5 123.9 116.2 119.0 126.1 142.2 157.0 154.8 126.4 71.5 47.0 55.8 62.1 79.0 69.9 41.2 35.7 38.1 29.5 25.2 38.5 57.5 101.8
-9999.0 -9999.0 -9999.0 -9999.0 -9999.0 -9999.0 -9999.0 -9999.0 -9999.0 -9999.0 -9999.0 -9999.0 -9999.0 -9999.0 -9999.0 -9999.0 -9999.0 -9999.0 -9999.0 -9999.0 -9999.0 -9999.0 -9999.0 -9999.0 -9999.0 -9999.0 -9999.0 -9999.0 -9999.0 -9999.0 -9999.0 -9999.0 -9999.0 -9999.0 -9999.0 -9999.0 -9999.0 -9999.0 -9999.0 -9999.0 -9999.0 -9999.0 -9999.0 -9999.0 -9999.0 -9999.0 -9999.0 -9999.0 -9999.0 -9999.0 -9999.0 -9999.0 92.2 135.7 128.2 143.4 130.9 129.8 135.8 135.0 129.5 89.0 96.8 56.7 66.5 85.0 61.8 42.6 43.9 50.8 48.6 42.1 48.3 60.5 82.3
-9999.0 -9999.0 -9999.0 -9999.0 -9999.0 -9999.0 -9999.0 -9999.0 -9999.0 -9999.0 -9999.0 -9999.0 -9999.0 -9999.0 -9999.0 -9999.0 -9999.0 -9999.0 -9999.0 -9999.0 -9999.0 -9999.0 -9999.0 -9999.0 -9999.0 -9999.0 -9999.0 -9999.0 -9999.0 -9999.0 -9999.0 -9999.0 -9999.0 -9999.0 -9999.0 -9999.0 -9999.0 -9999.0 -9999.0 -9999.0 -9999.0 -9999.0 -9999.0 -9999.0 -9999.0 -9999.0 -9999.0 -9999.0 -9999.0 -9999.0 -9999.0 106.9 88.3 130.3 106.4 131.7 126.1 128.4 120.5 135.8 107.4 81.2 78.8 66.8 79.2 87.3 58.7 48.1 58.3 75.2 81.5 73.4 67.2 70.7 75.2
-9999.0 -9999.0 -9999.0 -9999.0 -9999.0 -9999.0 -9999.0 -9999.0 -9999.0 -9999.0 -9999.0 -9999.0 -9999.0 -9999.0 -9999.0 -9999.0 -9999.0 -9999.0 -9999.0 -9999.0 -9999.0 -9999.0 -9999.0 -9999.0 -9999.0 -9999.0 -9999.0 -9999.0 -9999.0 -9999.0 -9999.0 -9999.0 -9999.0 -9999.0 -9999.0 -9999.0 -9999.0 -9999.0 -9999.0 -9999.0 -9999.0 -9999.0 -9999.0 -9999.0 -9999.0 -9999.0 -9999.0 -9999.0 -9999.0 -9999.0 177.8 111.5 107.3 121.9 113.4 125.4 106.5 95.2 112.2 129.8 118.5 91.0 74.8 66.4 78.7 74.2 59.2 57.6 80.4 101.2 114.4 97.0 80.5 74.8 68.9
-9999.0 -9999.0 -9999.0 -9999.0 -9999.0 -9999.0 -9999.0 -9999.0 -9999.0 -9999.0 -9999.0 -9999.0 -9999.0 -9999.0 -9999.0 -9999.0 -9999.0 -9999.0 -9999.0 -9999.0 -9999.0 -9999.0 -9999.0 -9999.0 -9999.0 -9999.0 -9999.0 -9999.0 -9999.0 -9999.0 -9999.0 -9999.0 -9999.0 -9999.0 -9999.0 -9999.0 -9999.0 -9999.0 -9999.0 -9999.0 -9999.0 -9999.0 -9999.0 -9999.0 -9999.0 -9999.0 -9999.0 -9999.0 -9999.0 -9999.0 199.7 128.4 147.7 118.7 119.8 107.4 80.9 117.5 130.4 122.3 104.2 87.3 65.5 58.6 59.9 45.2 49.5 56.7 88.1 100.4 119.3 108.9 87.6 67.6 49.6
-9999.0 -9999.0 -9999.0 -9999.0 -9999.0 -9999.0 -9999.0 -9999.0 -9999.0 -9999.0 -9999.0 -9999.0 -9999.0 -9999.0 -9999.0 -9999.0 -9999.0 -9999.0 -9999.0 -9999.0 -9999.0 -9999.0 -9999.0 -9999.0 -9999.0 -9999.0 -9999.0 -9999.0 -9999.0 -9999.0 -9999.0 -9999.0 -9999.0 -9999.0 -9999.0 -9999.0 -9999.0 -9999.0 -9999.0 -9999.0 -9999.0 -9999.0 -9999.0 -9999.0 -9999.0 -9999.0 -9999.0 -9999.0 -9999.0 -9999.0 226.3 191.2 192.8 135.7 105.0 89.5 128.5 101.4 130.2 84.9 91.9 78.8 56.7 40.1 45.1 45.6 49.1 58.6 68.5 124.2 100.8 142.0 71.1 75.1 42.4
-9999.0 -9999.0 -9999.0 -9999.0 -9999.0 -9999.0 -9999.0 -9999.0 -9999.0 -9999.0 -9999.0 -9999.0 -9999.0 -9999.0 -9999.0 -9999.0 -9999.0 -9999.0 -9999.0 -9999.0 -9999.0 -9999.0 -9999.0 -9999.0 -9999.0 -9999.0 -9999.0 -9999.0 -9999.0 -9999.0 -9999.0 -9999.0 -9999.0 -9999.0 -9999.0 -9999.0 -9999.0 -9999.0 -9999.0 -9999.0 -9999.0 -9999.0 -9999.0 -9999.0 -9999.0 -9999.0 -9999.0 -9999.0 -9999.0 -9999.0 205.2 184.0 178.5 142.5 115.1 117.8 70.1 95.9 106.5 77.5 86.2 65.2 37.8 46.0 61.8 76.7 107.4 116.8 151.6 36.8 79.8 71.6 67.1 69.4 43.3
-9999.0 -9999.0 -9999.0 -9999.0 -9999.0 -9999.0 -9999.0 -9999.0 -9999.0 -9999.0 -9999.0 -9999.0 -9999.0 -9999.0 -9999.0 -9999.0 -9999.0 -9999.0 -9999.0 -9999.0 -9999.0 -9999.0 -9999.0 -9999.0 -9999.0 -9999.0 -9999.0 -9999.0 -9999.0 -9999.0 -9999.0 -9999.0 -9999.0 -9999.0 -9999.0 -9999.0 -9999.0 -9999.0 -9999.0 -9999.0 -9999.0 -9999.0 -9999.0 -9999.0 -9999.0 -9999.0 -9999.0 -9999.0 -9999.0 -9999.0 -9999.0 -9999.0 -9999.0 171.2 133.0 101.8 92.9 108.5 79.7 94.7 166.9 71.8 115.3 96.5 113.5 132.3 190.6 134.1 164.3 125.5 75.5 48.4 40.4 44.1 49.1
-9999.0 -9999.0 -9999.0 -9999.0 -9999.0 -9999.0 -9999.0 -9999.0 -9999.0 -9999.0 -9999.0 -9999.0 -9999.0 -9999.0 -9999.0 -9999.0 -9999.0 -9999.0 -9999.0 -9999.0 -9999.0 -9999.0 -9999.0 -9999.0 -9999.0 -9999.0 -9999.0 -9999.0 -9999.0 -9999.0 -9999.0 -9999.0 -9999.0 -9999.0 -9999.0 -9999.0 -9999.0 -9999.0 -9999.0 -9999.0 -9999.0 -9999.0 -9999.0 -9999.0 -9999.0 -9999.0 -9999.0 -9999.0 -9999.0 -9999.0 -9999.0 -9999.0 -9999.0 187.2 147.2 166.4 99.1 86.8 125.5 202.7 165.0 142.7 229.5 163.0 177.7 189.2 108.3 261.4 123.6 101.7 61.0 44.8 46.7 53.5 59.3
-9999.0 -9999.0 -9999.0 -9999.0 -9999.0 -9999.0 -9999.0 -9999.0 -9999.0 -9999.0 -9999.0 -9999.0 -9999.0 -9999.0 -9999.0 -9999.0 -9999.0 -9999.0 -9999.0 -9999.0 -9999.0 -9999.0 -9999.0 -9999.0 -9999.0 -9999.0 -9999.0 -9999.0 -9999.0 -9999.0 -9999.0 -9999.0 -9999.0 -9999.0 -9999.0 -9999.0 -9999.0 -9999.0 -9999.0 -9999.0 -9999.0 -9999.0 -9999.0 -9999.0 -9999.0 -9999.0 -9999.0 -9999.0 -9999.0 -9999.0 -9999.0 -9999.0 -9999.0 200.6 144.9 150.8 124.6 113.9 164.1 213.3 294.1 309.0 402.7 428.5 194.3 -9999.0 -9999.0 -9999.0 209.3 107.1 92.0 96.9 92.9 87.3 93.6
-9999.0 -9999.0 -9999.0 -9999.0 -9999.0 -9999.0 -9999.0 -9999.0 -9999.0 -9999.0 -9999.0 -9999.0 -9999.0 -9999.0 -9999.0 -9999.0 -9999.0 -9999.0 -9999.0 -9999.0 -9999.0 -9999.0 -9999.0 -9999.0 -9999.0 -9999.0 -9999.0 -9999.0 -9999.0 -9999.0 -9999.0 -9999.0 -9999.0 -9999.0 -9999.0 -9999.0 -9999.0 -9999.0 -9999.0 -9999.0 -9999.0 -9999.0 -9999.0 -9999.0 -9999.0 -9999.0 -9999.0 -9999.0 -9999.0 -9999.0 -9999.0 -9999.0 -9999.0 -9999.0 186.6 160.7 114.0 118.4 226.6 353.6 297.4 -9999.0 -9999.0 -9999.0 -9999.0 -9999.0 -9999.0 -9999.0 172.4 187.5 241.5 147.5 130.4 135.1 126.9
-9999.0 -9999.0 -9999.0 -9999.0 -9999.0 -9999.0 -9999.0 -9999.0 -9999.0 -9999.0 -9999.0 -9999.0 -9999.0 -9999.0 -9999.0 -9999.0 -9999.0 -9999.0 -9999.0 -9999.0 -9999.0 -9999.0 -9999.0 -9999.0 -9999.0 -9999.0 -9999.0 -9999.0 -9999.0 -9999.0 -9999.0 -9999.0 -9999.0 -9999.0 -9999.0 -9999.0 -9999.0 -9999.0 -9999.0 -9999.0 -9999.0 -9999.0 -9999.0 -9999.0 -9999.0 -9999.0 -9999.0 -9999.0 -9999.0 -9999.0 -9999.0 -9999.0 -9999.0 -9999.0 -9999.0 178.4 260.7 210.8 246.5 379.7 429.1 -9999.0 -9999.0 -9999.0 -9999.0 -9999.0 -9999.0 -9999.0 -9999.0 -9999.0 208.5 -9999.0 -9999.0 -9999.0 -9999.0
