program/excelProcessViaJava/data/SURF_CLI_CHN_PRE_MON_GRID_0.5-199910.txt
NCOLS      128
NROWS       72
XLLCORNER    72.000000000000    
YLLCORNER    18.000000000000    
CELLSIZE    0.50000000000000    
NODATA_VALUE   -9999.000    
[rows 34 to 67 of 72, columns 0 to 76 of 128]
-9999.0 -9999.0 -9999.0 -9999.0 0.0 0.0 0.0 0.0 0.0 0.0 0.3 0.0 0.0 0.0 0.4 0.3 0.3 0.5 0.8 1.3 1.5 1.6 1.4 0.3 0.0 0.0 0.0 0.1 0.2 0.4 1.0 1.2 2.6 3.3 3.7 4.3 4.5 5.1 4.6 3.1 4.5 1.2 0.8 0.3 0.2 0.2 0.2 0.3 0.9 3.4 7.0 10.4 18.6 12.5 11.1 14.2 19.0 26.7 37.5 38.1 48.4 35.4 30.3 28.5 19.2 15.2 23.6 19.6 20.6 27.2 21.6 21.6 21.3 21.0 17.9 18.2 18.7
-9999.0 -9999.0 -9999.0 -9999.0 -9999.0 -9999.0 -9999.0 0.0 0.0 0.0 0.0 0.0 0.0 0.0 0.0 0.5 0.1 0.4 0.7 0.4 0.0 0.0 0.0 0.0 0.0 0.0 0.0 0.1 0.2 0.3 0.8 1.8 3.2 4.1 4.7 6.2 6.6 7.4 8.8 10.1 6.7 13.4 13.2 8.5 3.6 0.8 2.1 2.0 5.4 4.2 5.8 9.3 14.9 32.8 25.7 13.4 15.3 21.0 33.7 38.5 46.5 32.7 26.3 27.1 29.6 21.4 26.4 31.1 29.4 31.3 28.3 28.6 34.0 35.3 30.3 33.1 34.2
-9999.0 -9999.0 -9999.0 -9999.0 -9999.0 -9999.0 -9999.0 0.0 0.0 0.0 0.0 0.0 0.0 0.0 0.0 0.0 0.0 0.0 0.0 0.0 0.0 0.0 0.0 0.0 0.0 0.0 0.1 0.1 0.5 1.4 1.6 2.9 4.6 5.1 7.6 8.7 9.9 10.9 12.2 13.1 14.7 15.8 18.0 26.1 15.7 8.4 13.2 16.6 33.4 29.8 49.4 45.4 26.6 30.9 38.9 19.7 18.9 24.2 33.9 41.8 44.7 49.6 39.9 40.6 31.9 29.2 30.5 32.9 41.8 35.8 39.8 45.6 56.1 59.9 48.6 56.4 56.6
-9999.0 -9999.0 -9999.0 -9999.0 -9999.0 -9999.0 -9999.0 -9999.0 -9999.0 0.0 0.0 0.0 0.0 0.0 0.0 0.0 0.0 0.0 0.0 0.0 0.0 0.0 0.0 0.0 0.0 0.1 0.1 0.3 1.1 1.0 4.8 5.9 7.8 8.7 11.9 13.1 14.2 15.2 16.5 18.5 19.5 22.3 23.1 22.9 28.6 31.1 35.1 38.2 43.6 47.1 54.7 50.9 45.6 40.5 49.6 33.4 26.5 30.0 42.5 46.6 52.5 58.5 58.2 44.5 42.4 37.5 36.6 38.3 47.6 51.9 60.6 67.7 77.7 84.2 82.9 63.6 63.3
-9999.0 -9999.0 -9999.0 -9999.0 -9999.0 -9999.0 -9999.0 -9999.0 -9999.0 -9999.0 -9999.0 0.0 0.0 0.0 0.0 0.0 0.0 0.0 0.0 0.0 0.0 0.0 0.0 0.0 0.0 0.0 0.0 0.2 0.8 3.0 5.6 5.9 11.3 13.4 16.2 15.3 18.8 20.3 22.5 24.6 28.4 29.4 29.7 30.6 42.7 39.1 55.3 53.2 59.9 59.7 54.1 55.7 55.9 58.0 61.5 56.2 50.7 55.3 55.7 59.6 67.8 64.4 55.2 50.6 51.0 49.7 46.0 49.6 56.7 68.4 82.2 93.1 97.0 93.1 70.9 64.9 61.4
-9999.0 -9999.0 -9999.0 -9999.0 -9999.0 -9999.0 -9999.0 -9999.0 -9999.0 -9999.0 -9999.0 -9999.0 0.0 0.0 0.0 0.0 0.0 0.0 0.0 0.0 0.0 0.0 0.0 0.0 0.0 0.0 0.3 0.3 1.3 1.4 6.5 11.0 14.6 15.0 17.8 21.3 21.0 25.7 28.4 30.6 33.1 35.9 38.4 44.0 46.5 52.4 60.9 57.2 61.6 63.0 69.8 67.9 62.4 58.3 61.2 65.2 69.4 76.8 68.0 85.9 86.3 89.5 82.3 67.2 65.9 66.8 63.7 66.3 73.4 84.7 95.7 91.9 94.5 93.4 99.0 110.1 90.4
-9999.0 -9999.0 -9999.0 -9999.0 -9999.0 -9999.0 -9999.0 -9999.0 -9999.0 -9999.0 -9999.0 -9999.0 0.0 0.2 0.4 0.0 0.1 0.0 0.0 0.0 0.0 0.0 0.0 0.0 0.1 0.1 0.3 2.0 2.7 7.7 8.8 9.7 16.8 21.2 22.8 26.7 26.5 30.2 34.7 38.6 41.5 44.9 52.8 50.6 57.4 63.9 59.0 58.9 53.9 62.4 62.4 65.0 60.7 62.4 58.8 65.1 69.0 80.1 85.5 96.4 103.6 106.1 106.0 100.3 85.4 83.5 65.7 73.7 85.1 100.5 126.2 155.2 171.2 176.3 156.4 125.2 102.5
-9999.0 -9999.0 -9999.0 -9999.0 -9999.0 -9999.0 -9999.0 -9999.0 -9999.0 -9999.0 -9999.0 -9999.0 -9999.0 0.0 0.0 0.3 0.0 0.0 0.0 0.0 0.0 0.0 0.0 0.0 0.0 0.0 0.0 0.1 1.2 4.8 12.9 19.6 17.9 22.0 31.2 32.3 34.0 36.3 39.5 46.6 52.4 59.1 63.3 70.2 66.0 60.8 63.6 66.4 66.7 65.0 64.2 61.2 60.3 65.0 62.8 63.2 66.4 79.2 99.0 115.2 127.6 130.6 129.5 106.5 83.6 86.4 89.8 92.8 109.1 114.3 85.2 122.4 190.1 193.3 179.8 146.0 124.9
-9999.0 -9999.0 -9999.0 -9999.0 -9999.0 -9999.0 -9999.0 -9999.0 -9999.0 -9999.0 -9999.0 -9999.0 0.0 0.0 0.0 0.1 0.0 0.0 0.0 0.0 0.0 0.0 0.0 0.0 0.1 0.0 0.1 1.1 3.4 6.2 13.3 25.3 20.0 30.5 31.7 36.5 35.4 43.1 47.7 53.2 62.9 73.8 83.1 77.7 78.9 75.1 66.9 60.5 62.5 63.2 65.1 63.9 60.3 59.3 59.0 59.6 65.6 69.0 92.3 111.7 133.5 147.8 146.2 139.8 111.3 92.6 72.3 90.5 128.0 156.1 177.7 180.0 152.8 110.8 112.5 115.8 115.5
-9999.0 -9999.0 -9999.0 -9999.0 -9999.0 -9999.0 -9999.0 -9999.0 -9999.0 -9999.0 -9999.0 -9999.0 0.0 0.5 0.1 0.0 0.0 0.0 0.0 0.0 0.0 0.0 0.0 0.0 0.1 0.5 1.0 2.7 5.3 12.5 20.4 26.1 24.2 39.5 41.0 39.6 44.8 48.0 53.6 58.9 66.1 74.4 83.2 89.2 89.0 85.2 82.8 75.2 69.6 64.2 63.3 58.3 58.2 59.9 60.1 63.0 62.4 72.8 87.8 114.3 138.2 155.4 151.0 122.6 99.5 75.8 84.6 84.5 98.3 126.6 144.6 148.1 149.8 184.2 184.6 145.7 124.9
-9999.0 -9999.0 -9999.0 -9999.0 -9999.0 -9999.0 -9999.0 -9999.0 -9999.0 -9999.0 -9999.0 -9999.0 2.5 0.0 0.5 0.1 0.0 0.0 0.0 0.0 0.0 0.0 0.0 0.0 0.0 0.0 0.1 0.1 5.0 10.2 18.2 15.9 35.3 44.3 44.0 41.7 45.9 52.8 59.7 64.4 69.9 75.7 96.1 89.8 96.1 94.3 86.5 76.2 71.7 67.2 59.0 56.4 42.8 42.7 48.6 69.4 65.1 73.1 89.4 105.9 131.0 151.1 166.3 116.3 59.9 79.4 76.5 77.4 94.4 107.7 117.4 159.4 172.0 190.1 180.6 172.4 160.0
-9999.0 -9999.0 -9999.0 -9999.0 -9999.0 -9999.0 -9999.0 -9999.0 -9999.0 -9999.0 -9999.0 -9999.0 -9999.0 0.0 0.0 0.0 0.0 0.0 0.0 0.0 0.0 0.0 0.0 0.0 0.0 0.0 0.3 1.6 1.3 10.8 7.4 17.1 23.3 36.6 36.0 31.2 40.0 55.9 62.9 64.5 67.8 89.9 102.0 102.9 93.2 87.2 78.9 71.9 58.6 50.6 48.7 31.6 30.0 41.1 37.0 47.0 65.4 69.4 84.7 110.6 131.2 155.9 158.3 68.7 56.1 62.6 74.2 85.1 102.3 120.4 123.7 131.0 159.1 159.0 173.8 168.8 159.1
-9999.0 -9999.0 -9999.0 -9999.0 -9999.0 -9999.0 -9999.0 -9999.0 -9999.0 -9999.0 -9999.0 -9999.0 -9999.0 7.7 0.0 0.0 0.0 0.0 0.0 0.0 0.0 0.0 0.0 0.0 0.3 0.1 0.2 1.9 1.9 0.0 1.0 5.1 16.5 21.4 20.6 26.2 39.2 52.0 59.0 68.5 65.2 76.5 87.6 91.1 94.1 75.7 63.3 51.9 40.4 30.3 19.8 19.0 13.2 16.1 23.4 35.8 53.2 62.2 78.9 79.8 122.7 106.9 69.1 60.4 49.9 54.7 76.0 101.0 120.9 135.1 139.4 138.6 147.0 157.8 166.8 163.8 151.9
-9999.0 -9999.0 -9999.0 -9999.0 -9999.0 -9999.0 -9999.0 -9999.0 -9999.0 -9999.0 -9999.0 -9999.0 -9999.0 -9999.0 -9999.0 0.0 0.1 0.0 0.0 0.0 0.0 0.0 0.0 0.0 0.0 0.1 0.0 0.0 0.0 0.5 0.3 2.1 1.9 5.9 12.1 16.1 26.1 37.0 43.2 46.1 62.2 71.5 73.2 69.5 55.7 54.4 44.2 38.4 20.5 16.3 5.4 5.3 3.1 5.8 21.7 24.0 37.5 41.2 68.7 92.0 76.8 68.1 86.0 64.8 52.1 58.6 83.5 115.3 132.9 141.2 147.4 138.2 119.6 130.7 154.8 143.8 141.5
-9999.0 -9999.0 -9999.0 -9999.0 -9999.0 -9999.0 -9999.0 -9999.0 -9999.0 -9999.0 -9999.0 -9999.0 -9999.0 -9999.0 -9999.0 -9999.0 -9999.0 131.1 27.5 -9999.0 12.2 0.1 4.1 5.3 0.2 0.5 0.0 0.0 0.4 0.0 0.2 1.5 0.3 4.0 6.9 8.9 20.0 12.8 24.1 28.8 38.2 58.5 50.4 42.7 41.2 38.7 126.8 22.7 12.6 3.9 10.6 0.6 16.1 2.0 6.1 13.5 21.2 36.9 52.4 75.6 43.1 61.0 77.5 63.5 50.3 56.7 86.1 116.4 135.2 142.3 157.6 107.7 105.9 128.0 132.2 130.1 130.7
-9999.0 -9999.0 -9999.0 -9999.0 -9999.0 -9999.0 -9999.0 -9999.0 -9999.0 -9999.0 -9999.0 -9999.0 -9999.0 -9999.0 -9999.0 -9999.0 -9999.0 -9999.0 -9999.0 -9999.0 -9999.0 16.6 6.5 0.2 4.7 31.5 20.8 10.3 1.9 3.1 0.4 6.9 2.9 1.9 2.7 4.1 6.4 7.8 4.9 1.6 2.2 43.7 45.4 34.0 27.5 23.8 162.1 25.6 11.1 32.0 1.3 2.3 1.9 5.0 5.1 9.6 15.7 19.3 48.4 57.0 38.5 46.1 60.8 49.9 46.9 57.3 89.8 120.2 144.2 145.2 137.3 102.8 107.0 131.1 129.0 122.1 120.4
-9999.0 -9999.0 -9999.0 -9999.0 -9999.0 -9999.0 -9999.0 -9999.0 -9999.0 -9999.0 -9999.0 -9999.0 -9999.0 -9999.0 -9999.0 -9999.0 -9999.0 -9999.0 -9999.0 -9999.0 -9999.0 -9999.0 -9999.0 209.5 61.6 68.3 56.5 27.7 2.1 5.3 0.9 0.6 0.7 2.6 5.8 8.9 17.7 11.4 28.0 38.3 33.4 47.3 19.6 10.1 23.5 153.6 59.9 47.1 74.3 83.1 19.8 4.7 18.1 12.3 11.5 7.0 10.1 22.1 19.2 47.4 55.5 62.1 48.0 32.2 33.4 55.9 89.9 116.9 101.2 120.1 90.3 92.9 99.9 104.3 111.1 106.6 108.8
-9999.0 -9999.0 -9999.0 -9999.0 -9999.0 -9999.0 -9999.0 -9999.0 -9999.0 -9999.0 -9999.0 -9999.0 -9999.0 -9999.0 -9999.0 -9999.0 -9999.0 -9999.0 -9999.0 -9999.0 -9999.0 -9999.0 -9999.0 -9999.0 -9999.0 524.6 235.5 7.1 7.2 1.5 4.2 14.1 17.2 15.2 19.1 28.5 54.6 32.7 59.4 39.9 67.1 27.1 14.7 16.8 92.4 159.3 132.5 216.8 27.4 71.3 17.1 23.6 20.8 24.3 23.5 13.7 12.5 12.4 29.3 43.4 72.4 93.7 101.0 41.4 40.0 59.3 73.9 60.8 62.5 68.8 77.2 76.5 84.8 86.7 92.6 92.0 90.3
-9999.0 -9999.0 -9999.0 -9999.0 -9999.0 -9999.0 -9999.0 -9999.0 -9999.0 -9999.0 -9999.0 -9999.0 -9999.0 -9999.0 -9999.0 -9999.0 -9999.0 -9999.0 -9999.0 -9999.0 -9999.0 -9999.0 -9999.0 -9999.0 -9999.0 -9999.0 -9999.0 689.0 606.9 211.5 140.9 111.4 38.6 96.9 65.3 103.1 60.9 57.5 35.9 51.0 68.7 19.7 36.6 96.5 124.3 164.1 196.7 211.9 218.1 144.0 183.4 161.3 66.0 60.5 43.5 30.4 24.3 21.9 30.3 41.4 96.6 106.2 89.2 52.1 28.8 40.0 65.0 72.2 72.4 73.7 70.4 69.8 66.2 75.4 81.9 86.2 109.5
-9999.0 -9999.0 -9999.0 -9999.0 -9999.0 -9999.0 -9999.0 -9999.0 -9999.0 -9999.0 -9999.0 -9999.0 -9999.0 -9999.0 -9999.0 -9999.0 -9999.0 -9999.0 -9999.0 -9999.0 -9999.0 -9999.0 -9999.0 -9999.0 -9999.0 -9999.0 -9999.0 -9999.0 -9999.0 -9999.0 -9999.0 -9999.0 -9999.0 286.1 161.4 -9999.0 -9999.0 -9999.0 98.4 75.3 59.5 66.7 56.9 132.9 164.0 176.8 -9999.0 -9999.0 -9999.0 -9999.0 -9999.0 -9999.0 109.5 82.9 72.1 65.5 53.4 46.4 33.6 49.6 74.6 90.1 78.3 50.3 38.2 41.8 53.0 65.5 81.0 80.3 69.0 73.5 75.0 71.3 89.1 94.8 130.1
-9999.0 -9999.0 -9999.0 -9999.0 -9999.0 -9999.0 -9999.0 -9999.0 -9999.0 -9999.0 -9999.0 -9999.0 -9999.0 -9999.0 -9999.0 -9999.0 -9999.0 -9999.0 -9999.0 -9999.0 -9999.0 -9999.0 -9999.0 -9999.0 -9999.0 -9999.0 -9999.0 -9999.0 -9999.0 -9999.0 -9999.0 -9999.0 -9999.0 -9999.0 -9999.0 -9999.0 -9999.0 -9999.0 -9999.0 217.0 191.5 179.5 174.9 174.3 -9999.0 -9999.0 -9999.0 -9999.0 -9999.0 -9999.0 -9999.0 -9999.0 120.8 117.7 104.0 90.8 78.4 57.2 47.3 49.6 58.2 64.2 58.2 50.4 40.3 40.6 52.1 87.4 98.3 98.9 93.4 83.5 72.1 87.4 88.9 109.5 129.5
-9999.0 -9999.0 -9999.0 -9999.0 -9999.0 -9999.0 -9999.0 -9999.0 -9999.0 -9999.0 -9999.0 -9999.0 -9999.0 -9999.0 -9999.0 -9999.0 -9999.0 -9999.0 -9999.0 -9999.0 -9999.0 -9999.0 -9999.0 -9999.0 -9999.0 -9999.0 -9999.0 -9999.0 -9999.0 -9999.0 -9999.0 -9999.0 -9999.0 -9999.0 -9999.0 -9999.0 -9999.0 -9999.0 -9999.0 -9999.0 -9999.0 -9999.0 -9999.0 -9999.0 -9999.0 -9999.0 -9999.0 -9999.0 -9999.0 -9999.0 -9999.0 -9999.0 89.9 155.0 128.0 121.9 76.4 49.8 38.5 42.3 51.2 58.2 84.8 66.7 71.8 81.4 105.1 114.9 109.3 101.0 93.1 89.9 107.7 94.9 103.2 109.2 127.2
-9999.0 -9999.0 -9999.0 -9999.0 -9999.0 -9999.0 -9999.0 -9999.0 -9999.0 -9999.0 -9999.0 -9999.0 -9999.0 -9999.0 -9999.0 -9999.0 -9999.0 -9999.0 -9999.0 -9999.0 -9999.0 -9999.0 -9999.0 -9999.0 -9999.0 -9999.0 -9999.0 -9999.0 -9999.0 -9999.0 -9999.0 -9999.0 -9999.0 -9999.0 -9999.0 -9999.0 -9999.0 -9999.0 -9999.0 -9999.0 -9999.0 -9999.0 -9999.0 -9999.0 -9999.0 -9999.0 -9999.0 -9999.0 -9999.0 -9999.0 -9999.0 118.1 123.7 175.3 86.1 101.5 73.2 65.1 43.4 35.9 86.3 95.7 86.7 97.3 111.0 121.9 126.8 84.3 104.0 87.7 84.4 90.2 86.2 84.4 96.8 103.1 116.2
-9999.0 -9999.0 -9999.0 -9999.0 -9999.0 -9999.0 -9999.0 -9999.0 -9999.0 -9999.0 -9999.0 -9999.0 -9999.0 -9999.0 -9999.0 -9999.0 -9999.0 -9999.0 -9999.0 -9999.0 -9999.0 -9999.0 -9999.0 -9999.0 -9999.0 -9999.0 -9999.0 -9999.0 -9999.0 -9999.0 -9999.0 -9999.0 -9999.0 -9999.0 -9999.0 -9999.0 -9999.0 -9999.0 -9999.0 -9999.0 -9999.0 -9999.0 -9999.0 -9999.0 -9999.0 -9999.0 -9999.0 -9999.0 -9999.0 -9999.0 131.1 172.9 180.3 182.9 127.3 124.1 88.9 71.5 67.4 95.2 109.0 132.1 121.4 118.9 140.0 145.9 129.5 89.8 98.3 81.2 93.1 95.3 93.4 90.8 96.1 105.6 87.4
-9999.0 -9999.0 -9999.0 -9999.0 -9999.0 -9999.0 -9999.0 -9999.0 -9999.0 -9999.0 -9999.0 -9999.0 -9999.0 -9999.0 -9999.0 -9999.0 -9999.0 -9999.0 -9999.0 -9999.0 -9999.0 -9999.0 -9999.0 -9999.0 -9999.0 -9999.0 -9999.0 -9999.0 -9999.0 -9999.0 -9999.0 -9999.0 -9999.0 -9999.0 -9999.0 -9999.0 -9999.0 -9999.0 -9999.0 -9999.0 -9999.0 -9999.0 -9999.0 -9999.0 -9999.0 -9999.0 -9999.0 -9999.0 -9999.0 -9999.0 144.9 239.7 169.5 200.0 183.3 152.8 138.7 140.5 135.4 123.2 115.8 129.6 126.8 131.3 146.7 123.1 105.2 78.6 89.9 101.1 121.0 126.8 111.7 90.8 89.8 98.7 100.5
-9999.0 -9999.0 -9999.0 -9999.0 -9999.0 -9999.0 -9999.0 -9999.0 -9999.0 -9999.0 -9999.0 -9999.0 -9999.0 -9999.0 -9999.0 -9999.0 -9999.0 -9999.0 -9999.0 -9999.0 -9999.0 -9999.0 -9999.0 -9999.0 -9999.0 -9999.0 -9999.0 -9999.0 -9999.0 -9999.0 -9999.0 -9999.0 -9999.0 -9999.0 -9999.0 -9999.0 -9999.0 -9999.0 -9999.0 -9999.0 -9999.0 -9999.0 -9999.0 -9999.0 -9999.0 -9999.0 -9999.0 -9999.0 -9999.0 -9999.0 153.1 184.6 161.2 244.4 179.0 170.8 198.4 193.8 190.5 145.0 136.7 134.3 128.3 133.9 128.1 116.5 104.2 103.6 111.7 133.8 156.9 145.8 126.3 99.7 89.0 93.4 90.6
-9999.0 -9999.0 -9999.0 -9999.0 -9999.0 -9999.0 -9999.0 -9999.0 -9999.0 -9999.0 -9999.0 -9999.0 -9999.0 -9999.0 -9999.0 -9999.0 -9999.0 -9999.0 -9999.0 -9999.0 -9999.0 -9999.0 -9999.0 -9999.0 -9999.0 -9999.0 -9999.0 -9999.0 -9999.0 -9999.0 -9999.0 -9999.0 -9999.0 -9999.0 -9999.0 -9999.0 -9999.0 -9999.0 -9999.0 -9999.0 -9999.0 -9999.0 -9999.0 -9999.0 -9999.0 -9999.0 -9999.0 -9999.0 -9999.0 -9999.0 220.1 246.4 203.4 200.7 181.2 198.8 174.4 216.5 221.2 181.1 167.2 143.9 134.0 130.5 118.6 111.0 111.0 127.1 129.8 128.9 147.7 145.4 124.9 97.6 76.3 70.8 63.2
-9999.0 -9999.0 -9999.0 -9999.0 -9999.0 -9999.0 -9999.0 -9999.0 -9999.0 -9999.0 -9999.0 -9999.0 -9999.0 -9999.0 -9999.0 -9999.0 -9999.0 -9999.0 -9999.0 -9999.0 -9999.0 -9999.0 -9999.0 -9999.0 -9999.0 -9999.0 -9999.0 -9999.0 -9999.0 -9999.0 -9999.0 -9999.0 -9999.0 -9999.0 -9999.0 -9999.0 -9999.0 -9999.0 -9999.0 -9999.0 -9999.0 -9999.0 -9999.0 -9999.0 -9999.0 -9999.0 -9999.0 -9999.0 -9999.0 -9999.0 -9999.0 -9999.0 -9999.0 155.3 138.7 150.2 181.0 219.0 193.3 197.4 231.8 174.3 170.0 164.7 141.3 129.0 121.6 136.0 122.9 108.7 103.7 110.8 108.4 86.0 60.2 43.6 32.1
-9999.0 -9999.0 -9999.0 -9999.0 -9999.0 -9999.0 -9999.0 -9999.0 -9999.0 -9999.0 -9999.0 -9999.0 -9999.0 -9999.0 -9999.0 -9999.0 -9999.0 -9999.0 -9999.0 -9999.0 -9999.0 -9999.0 -9999.0 -9999.0 -9999.0 -9999.0 -9999.0 -9999.0 -9999.0 -9999.0 -9999.0 -9999.0 -9999.0 -9999.0 -9999.0 -9999.0 -9999.0 -9999.0 -9999.0 -9999.0 -9999.0 -9999.0 -9999.0 -9999.0 -9999.0 -9999.0 -9999.0 -9999.0 -9999.0 -9999.0 -9999.0 -9999.0 -9999.0 158.5 142.8 187.9 166.9 172.0 193.5 240.9 208.2 195.8 249.4 205.8 182.4 157.2 131.2 124.3 93.8 74.9 69.8 86.9 96.2 76.7 46.3 29.9 14.9
-9999.0 -9999.0 -9999.0 -9999.0 -9999.0 -9999.0 -9999.0 -9999.0 -9999.0 -9999.0 -9999.0 -9999.0 -9999.0 -9999.0 -9999.0 -9999.0 -9999.0 -9999.0 -9999.0 -9999.0 -9999.0 -9999.0 -9999.0 -9999.0 -9999.0 -9999.0 -9999.0 -9999.0 -9999.0 -9999.0 -9999.0 -9999.0 -9999.0 -9999.0 -9999.0 -9999.0 -9999.0 -9999.0 -9999.0 -9999.0 -9999.0 -9999.0 -9999.0 -9999.0 -9999.0 -9999.0 -9999.0 -9999.0 -9999.0 -9999.0 -9999.0 -9999.0 -9999.0 174.2 149.2 161.7 153.2 144.9 154.4 156.9 209.9 235.5 280.8 252.6 162.1 -9999.0 -9999.0 -9999.0 84.1 64.4 69.0 87.6 94.3 72.1 42.7 25.5 9.3
-9999.0 -9999.0 -9999.0 -9999.0 -9999.0 -9999.0 -9999.0 -9999.0 -9999.0 -9999.0 -9999.0 -9999.0 -9999.0 -9999.0 -9999.0 -9999.0 -9999.0 -9999.0 -9999.0 -9999.0 -9999.0 -9999.0 -9999.0 -9999.0 -9999.0 -9999.0 -9999.0 -9999.0 -9999.0 -9999.0 -9999.0 -9999.0 -9999.0 -9999.0 -9999.0 -9999.0 -9999.0 -9999.0 -9999.0 -9999.0 -9999.0 -9999.0 -9999.0 -9999.0 -9999.0 -9999.0 -9999.0 -9999.0 -9999.0 -9999.0 -9999.0 -9999.0 -9999.0 -9999.0 162.9 143.9 112.1 98.4 121.7 157.4 126.2 -9999.0 -9999.0 -9999.0 -9999.0 -9999.0 -9999.0 -9999.0 68.9 69.8 85.2 99.1 98.9 75.2 44.9 22.2 9.9
-9999.0 -9999.0 -9999.0 -9999.0 -9999.0 -9999.0 -9999.0 -9999.0 -9999.0 -9999.0 -9999.0 -9999.0 -9999.0 -9999.0 -9999.0 -9999.0 -9999.0 -9999.0 -9999.0 -9999.0 -9999.0 -9999.0 -9999.0 -9999.0 -9999.0 -9999.0 -9999.0 -9999.0 -9999.0 -9999.0 -9999.0 -9999.0 -9999.0 -9999.0 -9999.0 -9999.0 -9999.0 -9999.0 -9999.0 -9999.0 -9999.0 -9999.0 -9999.0 -9999.0 -9999.0 -9999.0 -9999.0 -9999.0 -9999.0 -9999.0 -9999.0 -9999.0 -9999.0 -9999.0 -9999.0 119.8 127.6 87.5 76.0 98.7 108.2 -9999.0 -9999.0 -9999.0 -9999.0 -9999.0 -9999.0 -9999.0 -9999.0 -9999.0 81.9 -9999.0 -9999.0 -9999.0 -9999.0 -9999.0 19.2
-9999.0 -9999.0 -9999.0 -9999.0 -9999.0 -9999.0 -9999.0 -9999.0 -9999.0 -9999.0 -9999.0 -9999.0 -9999.0 -9999.0 -9999.0 -9999.0 -9999.0 -9999.0 -9999.0 -9999.0 -9999.0 -9999.0 -9999.0 -9999.0 -9999.0 -9999.0 -9999.0 -9999.0 -9999.0 -9999.0 -9999.0 -9999.0 -9999.0 -9999.0 -9999.0 -9999.0 -9999.0 -9999.0 -9999.0 -9999.0 -9999.0 -9999.0 -9999.0 -9999.0 -9999.0 -9999.0 -9999.0 -9999.0 -9999.0 -9999.0 -9999.0 -9999.0 -9999.0 -9999.0 -9999.0 -9999.0 -9999.0 -9999.0 67.7 60.0 -9999.0 -9999.0 -9999.0 -9999.0 -9999.0 -9999.0 -9999.0 -9999.0 -9999.0 -9999.0 -9999.0 -9999.0 -9999.0 -9999.0 -9999.0 55.7 45.7
-9999.0 -9999.0 -9999.0 -9999.0 -9999.0 -9999.0 -9999.0 -9999.0 -9999.0 -9999.0 -9999.0 -9999.0 -9999.0 -9999.0 -9999.0 -9999.0 -9999.0 -9999.0 -9999.0 -9999.0 -9999.0 -9999.0 -9999.0 -9999.0 -9999.0 -9999.0 -9999.0 -9999.0 -9999.0 -9999.0 -9999.0 -9999.0 -9999.0 -9999.0 -9999.0 -9999.0 -9999.0 -9999.0 -9999.0 -9999.0 -9999.0 -9999.0 -9999.0 -9999.0 -9999.0 -9999.0 -9999.0 -9999.0 -9999.0 -9999.0 -9999.0 -9999.0 -9999.0 -9999.0 -9999.0 -9999.0 -9999.0 -9999.0 -9999.0 -9999.0 -9999.0 -9999.0 -9999.0 -9999.0 -9999.0 -9999.0 -9999.0 -9999.0 -9999.0 -9999.0 -9999.0 -9999.0 -9999.0 -9999.0 -9999.0 -9999.0 -9999.0
