program/excelProcessViaJava/data/SURF_CLI_CHN_PRE_MON_GRID_0.5-199306.txt
NCOLS      128
NROWS       72
XLLCORNER    72.000000000000    
YLLCORNER    18.000000000000    
CELLSIZE    0.50000000000000    
NODATA_VALUE   -9999.000    
[rows 34 to 67 of 72, columns 0 to 74 of 128]
-9999.0 -9999.0 -9999.0 -9999.0 0.3 1.0 0.3 4.2 0.3 0.8 20.1 5.4 16.5 17.1 23.5 19.0 16.5 11.0 9.1 10.6 15.5 18.0 18.3 14.0 4.0 1.0 5.2 6.2 9.5 13.2 18.7 21.2 33.0 40.5 44.3 51.8 43.8 35.0 36.9 30.8 19.2 14.2 10.0 7.8 6.6 6.0 5.9 6.4 8.3 13.6 20.9 30.8 53.2 53.8 56.1 65.7 71.0 77.3 81.3 56.2 64.3 42.0 32.6 26.1 16.1 11.8 20.2 16.6 15.9 23.8 26.3 37.6 46.3 53.3 60.3
-9999.0 -9999.0 -9999.0 -9999.0 -9999.0 -9999.0 -9999.0 1.8 1.0 5.1 0.5 0.8 10.3 8.0 8.7 19.4 18.4 17.3 16.6 18.3 12.0 5.2 4.0 4.9 5.7 6.4 5.9 6.9 9.1 10.1 15.2 21.6 29.6 34.6 36.6 46.6 39.5 41.6 31.1 25.7 26.9 15.7 13.6 12.4 10.6 7.8 8.7 8.4 12.9 12.8 17.1 26.8 42.6 60.1 65.8 61.6 61.1 63.3 80.2 72.8 69.6 49.8 39.2 37.0 35.9 24.5 27.4 29.1 23.9 25.3 28.1 38.4 51.9 64.2 76.3
-9999.0 -9999.0 -9999.0 -9999.0 -9999.0 -9999.0 -9999.0 0.0 4.0 1.0 0.8 4.3 3.1 0.8 5.0 0.5 6.7 7.8 2.1 8.2 8.8 4.6 6.6 6.5 7.5 7.8 9.0 7.4 12.6 16.8 17.2 22.4 29.2 30.3 42.1 45.4 50.0 44.3 42.1 38.8 32.1 26.6 22.5 20.4 20.6 17.7 20.0 22.6 34.0 35.9 49.7 53.7 50.4 59.0 63.7 68.0 71.7 77.8 79.5 75.0 75.9 73.5 65.2 66.6 54.9 43.4 38.5 36.4 41.3 28.2 36.3 50.1 66.6 82.0 90.0
-9999.0 -9999.0 -9999.0 -9999.0 -9999.0 -9999.0 -9999.0 -9999.0 -9999.0 1.0 2.2 4.9 1.3 2.3 5.5 8.2 4.7 0.5 3.8 1.1 4.4 8.4 9.2 9.4 10.0 11.3 10.7 11.8 16.0 14.0 24.4 27.1 32.6 35.4 47.7 52.8 56.8 54.5 55.6 50.3 47.3 40.5 37.2 36.0 36.5 38.5 41.4 44.3 48.8 53.0 59.4 60.5 60.6 61.3 64.3 70.7 76.0 81.2 78.6 75.8 73.9 70.1 71.9 89.0 80.3 64.3 53.9 55.4 64.4 56.7 64.3 74.9 90.5 103.4 111.0
-9999.0 -9999.0 -9999.0 -9999.0 -9999.0 -9999.0 -9999.0 -9999.0 -9999.0 -9999.0 -9999.0 0.7 8.6 1.1 4.0 3.3 5.0 6.7 7.8 6.7 4.5 8.3 8.3 11.3 6.6 10.4 9.8 11.4 14.4 19.0 22.9 22.4 33.4 39.0 48.2 44.5 58.7 62.0 50.2 63.5 59.0 59.8 58.3 57.5 58.4 61.6 67.5 69.6 73.1 73.4 70.0 70.5 69.5 68.3 66.8 70.0 79.6 82.6 82.8 78.4 71.3 75.7 85.5 96.5 92.0 77.9 71.2 90.8 105.1 108.7 107.8 108.9 112.5 113.3 86.6
-9999.0 -9999.0 -9999.0 -9999.0 -9999.0 -9999.0 -9999.0 -9999.0 -9999.0 -9999.0 -9999.0 -9999.0 6.0 7.7 2.3 6.2 1.1 5.2 6.0 2.0 11.4 10.3 10.7 13.6 3.1 13.1 16.4 12.8 15.8 13.1 21.3 26.8 32.1 33.4 40.0 50.5 46.3 64.2 74.0 80.4 82.7 82.3 81.5 81.5 85.5 90.6 95.6 96.6 96.7 94.3 94.8 89.9 81.8 74.8 73.2 75.2 80.6 81.7 95.9 81.5 78.0 71.4 75.2 93.0 108.7 110.2 107.7 134.4 154.5 157.8 136.0 96.1 88.1 90.1 97.4
-9999.0 -9999.0 -9999.0 -9999.0 -9999.0 -9999.0 -9999.0 -9999.0 -9999.0 -9999.0 -9999.0 -9999.0 0.5 8.2 11.3 4.6 11.6 9.7 4.6 7.0 8.7 7.7 10.1 15.0 19.5 17.1 17.3 21.1 19.0 23.1 21.5 20.4 28.4 35.3 40.0 51.1 50.6 58.9 71.7 82.0 92.3 97.2 95.9 105.7 110.2 116.0 123.2 123.9 115.2 114.8 107.9 104.5 93.6 88.5 83.7 86.4 96.6 102.0 113.3 105.0 95.8 92.1 88.2 91.7 122.3 135.2 113.6 144.8 173.6 186.1 180.2 167.6 156.0 138.7 126.3
-9999.0 -9999.0 -9999.0 -9999.0 -9999.0 -9999.0 -9999.0 -9999.0 -9999.0 -9999.0 -9999.0 -9999.0 -9999.0 3.6 1.3 10.6 6.5 10.7 12.3 12.8 11.6 16.1 11.7 19.5 19.1 11.9 12.4 9.8 14.5 17.2 22.9 26.6 24.0 28.7 43.4 50.2 57.7 62.6 53.6 74.0 86.4 94.6 107.3 113.9 128.3 137.7 142.2 143.3 140.6 133.6 125.5 113.9 105.2 105.2 97.1 97.2 108.3 115.1 106.8 114.6 107.9 110.1 108.8 133.9 108.8 139.8 168.3 177.1 192.6 184.0 132.4 145.5 160.6 145.7 136.3
-9999.0 -9999.0 -9999.0 -9999.0 -9999.0 -9999.0 -9999.0 -9999.0 -9999.0 -9999.0 -9999.0 -9999.0 1.7 0.7 1.6 6.5 2.1 6.0 7.3 14.3 15.6 16.8 16.2 19.1 21.4 13.5 15.8 18.3 18.4 17.6 20.4 26.6 21.2 31.0 35.7 47.1 48.2 65.7 72.3 76.5 75.9 84.2 96.9 125.8 134.7 141.9 146.3 145.4 142.9 137.3 134.4 130.6 116.0 112.0 104.0 105.4 110.7 137.5 134.0 139.5 132.2 124.4 133.9 133.1 153.9 158.2 125.5 160.9 213.9 233.1 223.9 199.4 172.6 144.6 140.8
-9999.0 -9999.0 -9999.0 -9999.0 -9999.0 -9999.0 -9999.0 -9999.0 -9999.0 -9999.0 -9999.0 -9999.0 0.5 4.3 4.2 0.5 1.3 8.1 9.7 7.7 14.4 12.3 14.6 16.9 21.1 22.8 21.6 20.9 19.9 21.9 23.3 23.6 20.8 32.5 38.9 44.2 56.8 62.2 68.2 76.6 82.7 99.3 116.4 128.8 135.6 136.8 135.9 135.0 133.6 122.7 116.9 123.0 108.9 101.8 103.6 106.4 116.8 128.6 142.9 142.8 141.0 137.4 157.4 151.0 146.5 121.5 171.0 188.0 223.4 255.3 242.2 210.1 182.2 158.7 143.6
-9999.0 -9999.0 -9999.0 -9999.0 -9999.0 -9999.0 -9999.0 -9999.0 -9999.0 -9999.0 -9999.0 -9999.0 2.3 0.9 4.0 4.1 5.3 1.7 5.5 6.6 3.8 4.7 12.2 10.9 15.4 11.1 14.3 9.8 18.6 19.1 20.6 15.9 25.2 32.3 37.8 43.1 53.1 61.3 69.3 68.3 80.5 106.4 112.3 137.7 132.4 126.8 123.0 114.6 104.7 103.0 103.0 92.9 127.7 130.0 120.3 107.8 124.2 138.6 150.3 160.2 165.9 166.2 153.2 141.7 96.1 116.7 162.3 219.4 257.7 248.7 220.3 207.8 186.3 169.3 182.7
-9999.0 -9999.0 -9999.0 -9999.0 -9999.0 -9999.0 -9999.0 -9999.0 -9999.0 -9999.0 -9999.0 -9999.0 -9999.0 0.1 0.4 2.5 2.7 4.2 2.8 2.9 1.0 6.3 5.6 5.7 13.5 12.9 14.4 16.2 13.2 19.3 13.9 17.3 18.9 27.4 31.7 31.8 43.1 63.8 70.0 78.0 88.2 94.6 109.7 126.4 129.0 115.0 106.7 84.3 95.4 91.2 75.0 104.6 103.4 94.0 130.0 139.8 129.6 146.1 165.4 174.0 177.0 163.1 168.2 95.2 91.9 118.7 162.9 222.7 248.9 224.8 185.9 174.6 188.9 186.5 173.2
-9999.0 -9999.0 -9999.0 -9999.0 -9999.0 -9999.0 -9999.0 -9999.0 -9999.0 -9999.0 -9999.0 -9999.0 -9999.0 1.2 0.4 1.5 0.6 3.0 3.5 3.4 1.0 1.8 2.4 5.0 13.5 11.4 11.0 14.9 13.8 5.5 8.8 11.9 18.7 22.2 23.9 32.0 50.0 66.0 70.9 66.3 91.3 106.3 121.4 126.6 116.3 108.5 95.4 75.1 71.6 69.0 83.7 63.0 98.2 124.9 145.2 152.2 150.9 166.7 185.1 175.0 189.8 153.9 100.9 103.8 94.0 110.0 157.8 229.7 240.7 191.6 150.1 155.6 185.9 202.1 193.5
-9999.0 -9999.0 -9999.0 -9999.0 -9999.0 -9999.0 -9999.0 -9999.0 -9999.0 -9999.0 -9999.0 -9999.0 -9999.0 -9999.0 -9999.0 0.9 1.5 1.3 2.5 4.3 1.8 4.7 6.5 6.7 6.5 7.8 3.0 6.9 3.7 10.5 9.4 12.7 10.9 15.9 24.9 26.9 35.3 70.9 78.1 83.3 84.3 95.7 110.0 117.0 115.4 105.7 87.2 72.1 67.7 46.3 60.4 102.0 87.6 105.9 100.0 148.5 171.4 161.3 199.5 203.3 162.6 123.0 145.8 112.0 83.8 92.8 157.4 250.1 234.1 163.3 128.8 138.3 188.3 207.2 183.9
-9999.0 -9999.0 -9999.0 -9999.0 -9999.0 -9999.0 -9999.0 -9999.0 -9999.0 -9999.0 -9999.0 -9999.0 -9999.0 -9999.0 -9999.0 -9999.0 -9999.0 0.6 4.0 -9999.0 7.7 3.8 8.9 10.2 6.0 7.5 2.8 5.5 9.6 6.2 10.1 16.3 10.3 23.8 32.5 34.5 36.0 65.4 70.0 75.2 79.4 84.8 94.5 99.6 127.8 104.1 172.1 81.5 60.3 62.0 50.4 62.5 67.1 97.2 121.9 146.7 146.7 188.9 194.8 200.6 125.6 117.5 114.7 86.2 63.4 72.2 131.9 190.8 177.6 134.9 108.8 157.1 188.5 183.5 178.7
-9999.0 -9999.0 -9999.0 -9999.0 -9999.0 -9999.0 -9999.0 -9999.0 -9999.0 -9999.0 -9999.0 -9999.0 -9999.0 -9999.0 -9999.0 -9999.0 -9999.0 -9999.0 -9999.0 -9999.0 -9999.0 7.4 6.3 2.7 6.9 14.3 13.4 12.2 10.2 13.8 13.2 23.7 24.2 26.1 32.3 34.5 42.5 51.4 58.1 58.8 58.2 70.4 76.7 80.4 115.3 85.3 221.7 82.9 82.9 134.3 62.8 103.2 104.3 58.5 87.3 136.2 157.3 149.8 202.9 181.9 118.1 105.9 79.5 57.6 58.1 84.1 121.1 128.1 114.2 106.5 117.8 164.1 185.7 158.9 141.5
-9999.0 -9999.0 -9999.0 -9999.0 -9999.0 -9999.0 -9999.0 -9999.0 -9999.0 -9999.0 -9999.0 -9999.0 -9999.0 -9999.0 -9999.0 -9999.0 -9999.0 -9999.0 -9999.0 -9999.0 -9999.0 -9999.0 -9999.0 19.4 13.4 15.5 15.8 13.5 8.2 13.4 13.5 16.0 14.8 24.4 28.2 34.9 40.0 44.6 49.1 51.5 51.0 58.0 54.1 61.1 104.7 230.5 132.8 108.3 122.0 121.0 65.3 84.7 51.3 57.9 53.9 43.1 121.5 166.9 112.2 171.9 153.5 142.1 107.1 61.3 60.5 91.8 105.1 79.9 101.6 98.6 163.1 190.5 200.3 205.0 170.6
-9999.0 -9999.0 -9999.0 -9999.0 -9999.0 -9999.0 -9999.0 -9999.0 -9999.0 -9999.0 -9999.0 -9999.0 -9999.0 -9999.0 -9999.0 -9999.0 -9999.0 -9999.0 -9999.0 -9999.0 -9999.0 -9999.0 -9999.0 -9999.0 -9999.0 25.6 27.2 5.6 8.0 6.3 13.4 23.7 29.9 32.0 38.6 39.5 42.3 43.8 47.7 40.8 48.5 38.2 66.6 76.9 171.9 231.3 212.1 291.1 87.4 112.2 91.6 73.8 88.8 81.7 41.7 50.5 106.0 106.2 160.8 167.3 185.0 184.0 180.0 72.9 69.9 78.4 71.9 91.0 126.0 158.6 185.3 222.0 193.3 246.5 246.2
-9999.0 -9999.0 -9999.0 -9999.0 -9999.0 -9999.0 -9999.0 -9999.0 -9999.0 -9999.0 -9999.0 -9999.0 -9999.0 -9999.0 -9999.0 -9999.0 -9999.0 -9999.0 -9999.0 -9999.0 -9999.0 -9999.0 -9999.0 -9999.0 -9999.0 -9999.0 -9999.0 26.6 30.5 34.4 34.5 37.6 29.6 45.1 46.3 40.8 45.3 41.7 34.2 33.7 37.6 31.3 76.1 142.5 181.7 225.3 260.7 287.4 304.0 194.8 254.1 218.5 73.2 61.0 59.3 92.1 68.0 79.8 147.0 158.6 190.2 207.1 141.9 112.9 102.1 80.3 70.3 58.6 87.5 138.7 183.9 255.7 198.5 259.4 249.9
-9999.0 -9999.0 -9999.0 -9999.0 -9999.0 -9999.0 -9999.0 -9999.0 -9999.0 -9999.0 -9999.0 -9999.0 -9999.0 -9999.0 -9999.0 -9999.0 -9999.0 -9999.0 -9999.0 -9999.0 -9999.0 -9999.0 -9999.0 -9999.0 -9999.0 -9999.0 -9999.0 -9999.0 -9999.0 -9999.0 -9999.0 -9999.0 -9999.0 43.6 54.9 -9999.0 -9999.0 -9999.0 41.3 35.4 43.1 64.6 71.7 143.0 178.8 214.2 -9999.0 -9999.0 -9999.0 -9999.0 -9999.0 -9999.0 105.5 96.5 56.7 54.2 70.2 66.9 105.1 139.4 180.2 188.7 163.1 138.1 119.2 108.0 102.7 108.8 123.9 141.4 165.6 245.8 278.6 230.1 275.9
-9999.0 -9999.0 -9999.0 -9999.0 -9999.0 -9999.0 -9999.0 -9999.0 -9999.0 -9999.0 -9999.0 -9999.0 -9999.0 -9999.0 -9999.0 -9999.0 -9999.0 -9999.0 -9999.0 -9999.0 -9999.0 -9999.0 -9999.0 -9999.0 -9999.0 -9999.0 -9999.0 -9999.0 -9999.0 -9999.0 -9999.0 -9999.0 -9999.0 -9999.0 -9999.0 -9999.0 -9999.0 -9999.0 -9999.0 48.3 63.1 81.7 105.2 134.0 -9999.0 -9999.0 -9999.0 -9999.0 -9999.0 -9999.0 -9999.0 -9999.0 108.5 125.7 88.7 64.8 64.5 66.2 77.3 102.1 127.9 135.4 128.3 129.9 135.1 150.2 157.7 158.1 165.9 206.8 250.9 274.9 237.5 279.0 240.1
-9999.0 -9999.0 -9999.0 -9999.0 -9999.0 -9999.0 -9999.0 -9999.0 -9999.0 -9999.0 -9999.0 -9999.0 -9999.0 -9999.0 -9999.0 -9999.0 -9999.0 -9999.0 -9999.0 -9999.0 -9999.0 -9999.0 -9999.0 -9999.0 -9999.0 -9999.0 -9999.0 -9999.0 -9999.0 -9999.0 -9999.0 -9999.0 -9999.0 -9999.0 -9999.0 -9999.0 -9999.0 -9999.0 -9999.0 -9999.0 -9999.0 -9999.0 -9999.0 -9999.0 -9999.0 -9999.0 -9999.0 -9999.0 -9999.0 -9999.0 -9999.0 -9999.0 131.0 152.0 105.4 119.0 82.9 73.9 68.1 72.5 75.2 78.3 102.9 106.2 140.7 205.4 232.5 224.0 225.4 252.4 290.8 312.0 349.2 286.0 284.4
-9999.0 -9999.0 -9999.0 -9999.0 -9999.0 -9999.0 -9999.0 -9999.0 -9999.0 -9999.0 -9999.0 -9999.0 -9999.0 -9999.0 -9999.0 -9999.0 -9999.0 -9999.0 -9999.0 -9999.0 -9999.0 -9999.0 -9999.0 -9999.0 -9999.0 -9999.0 -9999.0 -9999.0 -9999.0 -9999.0 -9999.0 -9999.0 -9999.0 -9999.0 -9999.0 -9999.0 -9999.0 -9999.0 -9999.0 -9999.0 -9999.0 -9999.0 -9999.0 -9999.0 -9999.0 -9999.0 -9999.0 -9999.0 -9999.0 -9999.0 -9999.0 195.0 142.6 162.1 85.9 104.1 97.3 90.6 67.4 50.2 56.1 50.8 60.9 93.1 156.3 242.8 280.5 260.5 265.8 292.3 315.2 306.8 252.9 242.1 314.9
-9999.0 -9999.0 -9999.0 -9999.0 -9999.0 -9999.0 -9999.0 -9999.0 -9999.0 -9999.0 -9999.0 -9999.0 -9999.0 -9999.0 -9999.0 -9999.0 -9999.0 -9999.0 -9999.0 -9999.0 -9999.0 -9999.0 -9999.0 -9999.0 -9999.0 -9999.0 -9999.0 -9999.0 -9999.0 -9999.0 -9999.0 -9999.0 -9999.0 -9999.0 -9999.0 -9999.0 -9999.0 -9999.0 -9999.0 -9999.0 -9999.0 -9999.0 -9999.0 -9999.0 -9999.0 -9999.0 -9999.0 -9999.0 -9999.0 -9999.0 207.4 238.3 201.5 180.9 124.6 127.3 111.7 101.1 79.6 64.0 46.9 44.0 54.9 88.7 175.7 266.3 270.3 273.0 268.2 328.2 344.0 304.6 269.0 299.9 370.5
-9999.0 -9999.0 -9999.0 -9999.0 -9999.0 -9999.0 -9999.0 -9999.0 -9999.0 -9999.0 -9999.0 -9999.0 -9999.0 -9999.0 -9999.0 -9999.0 -9999.0 -9999.0 -9999.0 -9999.0 -9999.0 -9999.0 -9999.0 -9999.0 -9999.0 -9999.0 -9999.0 -9999.0 -9999.0 -9999.0 -9999.0 -9999.0 -9999.0 -9999.0 -9999.0 -9999.0 -9999.0 -9999.0 -9999.0 -9999.0 -9999.0 -9999.0 -9999.0 -9999.0 -9999.0 -9999.0 -9999.0 -9999.0 -9999.0 -9999.0 199.3 302.9 226.7 214.7 183.7 145.0 123.6 129.0 111.6 88.4 66.6 56.1 69.7 106.9 179.1 261.9 263.6 255.4 267.7 339.9 382.1 364.7 335.0 346.7 415.7
-9999.0 -9999.0 -9999.0 -9999.0 -9999.0 -9999.0 -9999.0 -9999.0 -9999.0 -9999.0 -9999.0 -9999.0 -9999.0 -9999.0 -9999.0 -9999.0 -9999.0 -9999.0 -9999.0 -9999.0 -9999.0 -9999.0 -9999.0 -9999.0 -9999.0 -9999.0 -9999.0 -9999.0 -9999.0 -9999.0 -9999.0 -9999.0 -9999.0 -9999.0 -9999.0 -9999.0 -9999.0 -9999.0 -9999.0 -9999.0 -9999.0 -9999.0 -9999.0 -9999.0 -9999.0 -9999.0 -9999.0 -9999.0 -9999.0 -9999.0 163.2 238.5 200.6 296.9 185.4 151.7 179.3 148.8 145.5 113.3 97.0 78.9 78.9 111.4 162.3 216.5 228.7 219.5 243.1 294.9 369.5 368.0 361.7 375.6 407.4
-9999.0 -9999.0 -9999.0 -9999.0 -9999.0 -9999.0 -9999.0 -9999.0 -9999.0 -9999.0 -9999.0 -9999.0 -9999.0 -9999.0 -9999.0 -9999.0 -9999.0 -9999.0 -9999.0 -9999.0 -9999.0 -9999.0 -9999.0 -9999.0 -9999.0 -9999.0 -9999.0 -9999.0 -9999.0 -9999.0 -9999.0 -9999.0 -9999.0 -9999.0 -9999.0 -9999.0 -9999.0 -9999.0 -9999.0 -9999.0 -9999.0 -9999.0 -9999.0 -9999.0 -9999.0 -9999.0 -9999.0 -9999.0 -9999.0 -9999.0 244.4 327.7 273.7 283.4 237.6 225.9 138.9 162.3 162.4 124.4 124.5 97.4 80.4 109.7 144.0 175.6 192.0 198.0 230.0 242.8 308.0 322.1 326.7 353.7 371.0
-9999.0 -9999.0 -9999.0 -9999.0 -9999.0 -9999.0 -9999.0 -9999.0 -9999.0 -9999.0 -9999.0 -9999.0 -9999.0 -9999.0 -9999.0 -9999.0 -9999.0 -9999.0 -9999.0 -9999.0 -9999.0 -9999.0 -9999.0 -9999.0 -9999.0 -9999.0 -9999.0 -9999.0 -9999.0 -9999.0 -9999.0 -9999.0 -9999.0 -9999.0 -9999.0 -9999.0 -9999.0 -9999.0 -9999.0 -9999.0 -9999.0 -9999.0 -9999.0 -9999.0 -9999.0 -9999.0 -9999.0 -9999.0 -9999.0 -9999.0 -9999.0 -9999.0 -9999.0 249.0 222.4 196.4 182.1 187.4 152.6 158.3 203.1 126.6 142.2 142.6 152.1 165.5 182.6 185.5 225.7 248.5 247.5 236.3 238.0 299.2 377.7
-9999.0 -9999.0 -9999.0 -9999.0 -9999.0 -9999.0 -9999.0 -9999.0 -9999.0 -9999.0 -9999.0 -9999.0 -9999.0 -9999.0 -9999.0 -9999.0 -9999.0 -9999.0 -9999.0 -9999.0 -9999.0 -9999.0 -9999.0 -9999.0 -9999.0 -9999.0 -9999.0 -9999.0 -9999.0 -9999.0 -9999.0 -9999.0 -9999.0 -9999.0 -9999.0 -9999.0 -9999.0 -9999.0 -9999.0 -9999.0 -9999.0 -9999.0 -9999.0 -9999.0 -9999.0 -9999.0 -9999.0 -9999.0 -9999.0 -9999.0 -9999.0 -9999.0 -9999.0 273.2 231.3 321.9 196.8 173.3 212.2 280.7 252.2 222.8 243.6 238.4 218.0 198.1 181.3 210.5 196.4 211.8 211.4 213.1 228.8 321.7 439.4
-9999.0 -9999.0 -9999.0 -9999.0 -9999.0 -9999.0 -9999.0 -9999.0 -9999.0 -9999.0 -9999.0 -9999.0 -9999.0 -9999.0 -9999.0 -9999.0 -9999.0 -9999.0 -9999.0 -9999.0 -9999.0 -9999.0 -9999.0 -9999.0 -9999.0 -9999.0 -9999.0 -9999.0 -9999.0 -9999.0 -9999.0 -9999.0 -9999.0 -9999.0 -9999.0 -9999.0 -9999.0 -9999.0 -9999.0 -9999.0 -9999.0 -9999.0 -9999.0 -9999.0 -9999.0 -9999.0 -9999.0 -9999.0 -9999.0 -9999.0 -9999.0 -9999.0 -9999.0 295.1 201.5 271.4 220.3 194.8 242.8 292.6 356.4 351.9 356.1 315.6 276.2 -9999.0 -9999.0 -9999.0 215.1 206.9 250.7 309.3 358.2 424.6 469.8
-9999.0 -9999.0 -9999.0 -9999.0 -9999.0 -9999.0 -9999.0 -9999.0 -9999.0 -9999.0 -9999.0 -9999.0 -9999.0 -9999.0 -9999.0 -9999.0 -9999.0 -9999.0 -9999.0 -9999.0 -9999.0 -9999.0 -9999.0 -9999.0 -9999.0 -9999.0 -9999.0 -9999.0 -9999.0 -9999.0 -9999.0 -9999.0 -9999.0 -9999.0 -9999.0 -9999.0 -9999.0 -9999.0 -9999.0 -9999.0 -9999.0 -9999.0 -9999.0 -9999.0 -9999.0 -9999.0 -9999.0 -9999.0 -9999.0 -9999.0 -9999.0 -9999.0 -9999.0 -9999.0 276.9 243.9 169.5 162.2 250.6 344.8 292.1 -9999.0 -9999.0 -9999.0 -9999.0 -9999.0 -9999.0 -9999.0 198.2 250.1 353.0 419.8 470.2 473.3 422.4
-9999.0 -9999.0 -9999.0 -9999.0 -9999.0 -9999.0 -9999.0 -9999.0 -9999.0 -9999.0 -9999.0 -9999.0 -9999.0 -9999.0 -9999.0 -9999.0 -9999.0 -9999.0 -9999.0 -9999.0 -9999.0 -9999.0 -9999.0 -9999.0 -9999.0 -9999.0 -9999.0 -9999.0 -9999.0 -9999.0 -9999.0 -9999.0 -9999.0 -9999.0 -9999.0 -9999.0 -9999.0 -9999.0 -9999.0 -9999.0 -9999.0 -9999.0 -9999.0 -9999.0 -9999.0 -9999.0 -9999.0 -9999.0 -9999.0 -9999.0 -9999.0 -9999.0 -9999.0 -9999.0 -9999.0 206.1 275.0 190.7 190.0 271.3 297.9 -9999.0 -9999.0 -9999.0 -9999.0 -9999.0 -9999.0 -9999.0 -9999.0 -9999.0 332.9 -9999.0 -9999.0 -9999.0 -9999.0
-9999.0 -9999.0 -9999.0 -9999.0 -9999.0 -9999.0 -9999.0 -9999.0 -9999.0 -9999.0 -9999.0 -9999.0 -9999.0 -9999.0 -9999.0 -9999.0 -9999.0 -9999.0 -9999.0 -9999.0 -9999.0 -9999.0 -9999.0 -9999.0 -9999.0 -9999.0 -9999.0 -9999.0 -9999.0 -9999.0 -9999.0 -9999.0 -9999.0 -9999.0 -9999.0 -9999.0 -9999.0 -9999.0 -9999.0 -9999.0 -9999.0 -9999.0 -9999.0 -9999.0 -9999.0 -9999.0 -9999.0 -9999.0 -9999.0 -9999.0 -9999.0 -9999.0 -9999.0 -9999.0 -9999.0 -9999.0 -9999.0 -9999.0 201.6 198.7 -9999.0 -9999.0 -9999.0 -9999.0 -9999.0 -9999.0 -9999.0 -9999.0 -9999.0 -9999.0 -9999.0 -9999.0 -9999.0 -9999.0 -9999.0
-9999.0 -9999.0 -9999.0 -9999.0 -9999.0 -9999.0 -9999.0 -9999.0 -9999.0 -9999.0 -9999.0 -9999.0 -9999.0 -9999.0 -9999.0 -9999.0 -9999.0 -9999.0 -9999.0 -9999.0 -9999.0 -9999.0 -9999.0 -9999.0 -9999.0 -9999.0 -9999.0 -9999.0 -9999.0 -9999.0 -9999.0 -9999.0 -9999.0 -9999.0 -9999.0 -9999.0 -9999.0 -9999.0 -9999.0 -9999.0 -9999.0 -9999.0 -9999.0 -9999.0 -9999.0 -9999.0 -9999.0 -9999.0 -9999.0 -9999.0 -9999.0 -9999.0 -9999.0 -9999.0 -9999.0 -9999.0 -9999.0 -9999.0 -9999.0 -9999.0 -9999.0 -9999.0 -9999.0 -9999.0 -9999.0 -9999.0 -9999.0 -9999.0 -9999.0 -9999.0 -9999.0 -9999.0 -9999.0 -9999.0 -9999.0
