program/excelProcessViaJava/data/SURF_CLI_CHN_PRE_MON_GRID_0.5-198103.txt
NCOLS      128
NROWS       72
XLLCORNER    72.000000000000    
YLLCORNER    18.000000000000    
CELLSIZE    0.50000000000000    
NODATA_VALUE   -9999.000    
[rows 34 to 67 of 72, columns 0 to 77 of 128]
-9999.0 -9999.0 -9999.0 -9999.0 16.9 10.3 11.7 4.4 6.3 3.1 0.3 0.3 0.1 0.0 0.0 0.0 0.0 0.1 0.2 0.2 0.1 0.0 0.0 0.0 0.0 0.0 0.0 0.0 0.0 0.0 0.0 0.0 0.1 0.1 0.3 0.4 0.9 1.7 1.0 0.4 1.4 0.2 0.3 0.3 0.6 0.8 0.8 0.5 0.4 0.8 1.5 2.4 2.9 2.2 2.1 2.8 4.9 9.4 16.1 15.4 23.3 11.9 7.2 4.8 1.3 0.4 2.5 2.5 4.6 9.0 11.6 15.5 19.2 22.7 25.2 24.0 18.9 14.8
-9999.0 -9999.0 -9999.0 -9999.0 -9999.0 -9999.0 -9999.0 5.7 4.6 1.8 1.8 0.6 0.1 0.0 0.0 0.0 0.0 0.0 0.0 0.0 0.0 0.0 0.0 0.0 0.0 0.0 0.0 0.0 0.0 0.0 0.0 0.0 0.1 0.2 0.4 0.6 1.3 1.4 2.8 3.7 1.2 6.0 5.8 3.8 2.3 1.2 1.5 0.8 1.0 0.7 1.5 2.8 3.0 4.6 3.5 2.0 3.1 5.5 12.2 14.4 23.7 12.3 9.1 7.7 7.6 3.3 5.2 7.4 9.4 12.2 14.7 17.8 21.9 26.2 29.2 28.2 22.0 18.2
-9999.0 -9999.0 -9999.0 -9999.0 -9999.0 -9999.0 -9999.0 11.7 3.4 2.9 1.6 0.4 0.1 0.1 0.0 0.0 0.0 0.0 0.0 0.0 0.0 0.0 0.0 0.0 0.0 0.0 0.0 0.0 0.0 0.0 0.0 0.1 0.1 0.3 0.4 0.7 1.0 1.7 2.2 2.5 3.4 4.2 5.6 9.9 5.2 2.9 3.4 3.1 5.1 3.6 6.9 5.8 3.8 4.0 6.2 2.2 2.2 4.2 10.0 17.4 20.6 22.3 17.1 17.5 12.6 9.9 9.3 10.1 12.1 13.0 14.8 17.4 21.6 27.4 29.5 31.2 27.0 22.8
-9999.0 -9999.0 -9999.0 -9999.0 -9999.0 -9999.0 -9999.0 -9999.0 -9999.0 3.2 1.4 0.4 0.2 0.1 0.0 0.0 0.0 0.0 0.0 0.0 0.0 0.0 0.0 0.0 0.0 0.0 0.0 0.0 0.0 0.0 0.1 0.1 0.2 0.3 0.5 0.7 0.9 1.5 1.8 2.7 3.0 4.4 5.0 5.3 7.3 7.4 7.1 6.1 5.8 5.7 7.1 6.5 6.2 6.1 9.6 4.4 2.4 3.6 11.7 16.9 22.9 31.1 35.4 21.2 21.4 15.6 12.4 12.3 12.3 13.3 14.5 16.7 21.6 27.8 31.4 24.6 23.3 23.7
-9999.0 -9999.0 -9999.0 -9999.0 -9999.0 -9999.0 -9999.0 -9999.0 -9999.0 -9999.0 -9999.0 1.0 0.2 0.1 0.0 0.0 0.0 0.0 0.0 0.0 0.0 0.0 0.0 0.0 0.0 0.0 0.0 0.0 0.0 0.0 0.1 0.2 0.3 0.4 0.6 1.2 1.2 1.6 3.8 2.8 4.4 4.5 4.9 5.6 9.8 7.6 11.1 8.0 8.5 7.8 6.8 8.2 9.7 12.7 16.8 13.6 9.2 12.5 15.0 19.8 28.6 30.9 33.6 31.2 30.6 15.2 12.3 13.3 12.3 12.6 14.4 17.6 22.9 26.7 22.0 23.1 24.1 27.2
-9999.0 -9999.0 -9999.0 -9999.0 -9999.0 -9999.0 -9999.0 -9999.0 -9999.0 -9999.0 -9999.0 -9999.0 0.4 0.2 0.1 0.0 0.0 0.0 0.0 0.0 0.0 0.0 0.0 0.0 0.0 0.0 0.0 0.0 0.0 0.1 0.1 0.2 0.4 0.7 1.0 1.3 2.4 2.0 2.1 2.3 3.0 4.0 5.3 7.9 8.9 10.2 11.4 7.7 8.1 8.9 13.4 15.4 15.9 16.7 20.1 22.1 22.3 26.6 16.7 30.3 30.8 36.9 38.9 36.9 25.8 28.7 14.4 13.0 11.9 13.1 16.5 20.6 25.3 28.3 30.7 31.4 37.5 39.0
-9999.0 -9999.0 -9999.0 -9999.0 -9999.0 -9999.0 -9999.0 -9999.0 -9999.0 -9999.0 -9999.0 -9999.0 1.2 0.4 0.2 0.1 0.0 0.0 0.0 0.0 0.0 0.0 0.0 0.0 0.0 0.0 0.0 0.1 0.1 0.2 0.2 0.3 0.6 0.9 1.3 1.5 2.5 3.1 3.1 3.4 3.5 4.5 8.5 8.0 11.7 14.5 10.9 9.0 6.8 10.6 13.0 19.0 20.2 25.7 22.1 26.8 23.6 27.0 23.1 25.4 26.8 29.4 36.6 40.8 26.5 27.0 8.9 8.3 10.3 16.8 22.5 24.8 27.6 34.9 37.4 44.7 52.6 49.0
-9999.0 -9999.0 -9999.0 -9999.0 -9999.0 -9999.0 -9999.0 -9999.0 -9999.0 -9999.0 -9999.0 -9999.0 -9999.0 0.9 0.3 0.3 0.1 0.1 0.1 0.0 0.0 0.1 0.0 0.1 0.1 0.0 0.0 0.0 0.1 0.2 0.3 0.6 0.8 1.3 1.6 2.0 2.4 3.3 7.4 5.8 6.2 8.6 10.2 15.4 14.7 14.1 15.8 16.4 16.3 16.3 19.0 20.7 24.4 39.5 35.4 30.6 25.0 27.8 35.2 31.7 30.1 27.8 34.7 35.7 24.7 24.8 20.5 12.7 17.0 28.3 49.8 58.1 48.4 44.9 41.2 50.3 58.6 66.6
-9999.0 -9999.0 -9999.0 -9999.0 -9999.0 -9999.0 -9999.0 -9999.0 -9999.0 -9999.0 -9999.0 -9999.0 3.6 2.1 1.0 0.7 0.2 0.2 0.1 0.3 0.3 0.3 0.2 0.3 0.4 0.1 0.1 0.2 0.2 0.2 0.4 0.9 1.0 1.7 2.2 2.6 3.7 3.5 4.2 5.6 11.5 17.7 23.4 16.4 20.8 22.5 20.3 16.7 17.6 19.2 27.0 35.7 31.5 37.3 31.7 27.9 29.2 17.1 25.0 22.6 24.5 30.0 34.1 42.0 44.6 37.2 13.1 15.7 26.0 34.1 42.8 57.7 68.9 77.3 72.1 67.7 71.8 72.8
-9999.0 -9999.0 -9999.0 -9999.0 -9999.0 -9999.0 -9999.0 -9999.0 -9999.0 -9999.0 -9999.0 -9999.0 6.6 5.3 3.2 1.4 0.8 1.1 1.0 0.4 1.2 0.6 0.6 0.7 1.1 1.1 0.6 0.4 0.3 0.5 0.7 1.0 1.3 2.3 2.8 3.3 3.7 4.8 5.7 5.7 8.4 11.0 15.6 21.5 26.1 29.4 33.9 30.2 27.1 18.4 21.0 32.1 27.9 26.6 27.2 22.6 23.1 24.0 21.3 27.3 30.5 34.9 34.5 43.5 46.8 29.0 31.5 20.1 26.1 40.0 53.6 62.7 63.7 49.5 44.5 48.8 59.8 52.3
-9999.0 -9999.0 -9999.0 -9999.0 -9999.0 -9999.0 -9999.0 -9999.0 -9999.0 -9999.0 -9999.0 -9999.0 14.1 8.1 7.9 5.2 4.1 1.7 2.0 1.7 0.8 0.6 1.6 0.9 1.2 0.3 0.3 0.1 0.4 0.4 0.6 0.6 1.9 2.9 3.5 4.1 5.1 6.7 7.6 10.8 11.8 12.7 28.7 20.5 32.3 42.9 44.7 34.6 24.4 22.8 23.9 20.0 43.9 45.6 34.0 21.7 24.3 25.6 27.1 23.6 26.0 30.7 42.2 44.0 36.3 18.8 21.4 24.1 28.7 33.9 43.1 48.7 47.3 43.1 60.7 46.9 63.2 44.8
-9999.0 -9999.0 -9999.0 -9999.0 -9999.0 -9999.0 -9999.0 -9999.0 -9999.0 -9999.0 -9999.0 -9999.0 -9999.0 14.8 10.8 10.3 7.7 7.2 4.5 3.5 1.9 3.3 2.0 1.3 2.6 1.3 0.8 0.6 0.2 0.4 0.2 0.6 1.4 2.9 3.9 5.9 8.2 9.7 12.7 13.7 16.6 35.6 47.5 46.4 37.0 40.8 47.2 31.1 37.7 30.2 18.4 29.5 24.3 15.9 30.9 31.1 20.8 22.9 28.3 36.6 35.0 49.7 41.5 38.3 16.8 18.9 22.0 26.0 27.1 31.6 35.9 42.4 43.7 50.4 44.5 47.0 49.1 51.7
-9999.0 -9999.0 -9999.0 -9999.0 -9999.0 -9999.0 -9999.0 -9999.0 -9999.0 -9999.0 -9999.0 -9999.0 -9999.0 34.3 19.5 18.8 12.8 14.9 12.7 10.0 5.8 5.0 3.9 3.6 6.6 2.8 1.1 0.9 0.2 0.0 0.1 0.2 1.0 2.3 4.1 6.7 8.8 12.9 19.9 36.0 29.1 38.2 47.2 53.1 75.0 54.4 51.7 37.1 33.1 25.6 26.5 9.8 18.6 26.7 31.8 26.0 19.1 23.1 31.3 28.5 38.4 36.0 30.7 15.3 14.4 16.4 20.6 24.4 27.7 28.8 34.2 41.7 46.9 49.3 53.2 62.4 81.5 72.0
-9999.0 -9999.0 -9999.0 -9999.0 -9999.0 -9999.0 -9999.0 -9999.0 -9999.0 -9999.0 -9999.0 -9999.0 -9999.0 -9999.0 -9999.0 31.5 29.9 23.9 24.0 24.9 15.2 16.7 15.4 11.1 6.7 4.2 0.6 0.3 0.0 0.0 0.0 0.1 0.4 1.7 3.6 8.9 16.0 11.0 19.9 28.4 46.8 57.4 58.8 55.9 39.5 40.0 52.4 39.0 37.1 17.3 15.8 31.8 12.1 13.0 3.3 15.9 19.2 10.9 32.3 38.9 33.9 28.2 20.7 16.5 11.9 10.3 13.0 17.8 23.7 32.5 38.4 44.5 52.7 58.1 65.8 84.6 96.6 112.6
-9999.0 -9999.0 -9999.0 -9999.0 -9999.0 -9999.0 -9999.0 -9999.0 -9999.0 -9999.0 -9999.0 -9999.0 -9999.0 -9999.0 -9999.0 -9999.0 -9999.0 140.3 78.0 -9999.0 58.4 29.8 36.6 30.4 14.3 9.6 2.1 0.7 0.2 0.0 0.0 0.1 0.4 1.3 2.4 4.9 18.0 3.4 17.7 27.8 40.8 64.1 56.1 47.5 23.2 37.8 73.3 62.3 34.4 29.9 17.5 11.3 9.9 12.5 14.6 16.0 10.0 23.6 27.6 35.1 20.2 21.5 20.3 16.2 11.8 8.6 9.5 15.2 21.1 30.5 34.9 49.5 58.1 64.4 77.4 96.2 110.1 122.8
-9999.0 -9999.0 -9999.0 -9999.0 -9999.0 -9999.0 -9999.0 -9999.0 -9999.0 -9999.0 -9999.0 -9999.0 -9999.0 -9999.0 -9999.0 -9999.0 -9999.0 -9999.0 -9999.0 -9999.0 -9999.0 69.8 51.1 29.9 29.6 35.0 19.5 7.7 1.2 0.3 0.0 0.5 0.7 1.5 2.2 4.3 4.6 5.0 4.1 1.6 3.1 59.5 65.4 53.4 18.8 45.0 108.4 51.0 67.7 147.9 30.0 48.3 35.7 11.1 11.2 17.5 17.6 12.5 35.0 28.7 15.6 20.8 19.7 19.1 13.9 10.7 11.1 16.2 19.6 26.4 34.6 47.9 55.7 65.7 82.0 100.0 119.4 142.3
-9999.0 -9999.0 -9999.0 -9999.0 -9999.0 -9999.0 -9999.0 -9999.0 -9999.0 -9999.0 -9999.0 -9999.0 -9999.0 -9999.0 -9999.0 -9999.0 -9999.0 -9999.0 -9999.0 -9999.0 -9999.0 -9999.0 -9999.0 155.7 74.0 61.0 41.3 18.9 3.7 1.4 0.2 0.3 2.5 3.7 8.7 10.8 18.9 8.8 28.1 43.3 43.2 65.7 33.5 16.9 17.5 98.5 62.7 70.8 99.6 118.9 61.9 53.2 43.9 29.4 16.6 8.3 11.5 21.1 10.2 25.0 21.7 30.0 32.5 22.3 21.3 16.2 15.8 20.5 26.9 29.9 41.5 48.3 54.6 62.7 76.1 93.2 109.5 135.4
-9999.0 -9999.0 -9999.0 -9999.0 -9999.0 -9999.0 -9999.0 -9999.0 -9999.0 -9999.0 -9999.0 -9999.0 -9999.0 -9999.0 -9999.0 -9999.0 -9999.0 -9999.0 -9999.0 -9999.0 -9999.0 -9999.0 -9999.0 -9999.0 -9999.0 239.0 116.0 24.1 13.7 9.8 3.7 4.1 6.3 9.9 11.0 24.0 53.2 20.5 48.6 30.7 68.6 31.2 1.8 6.8 44.8 106.9 113.0 225.0 83.9 130.7 89.7 82.9 73.0 56.9 40.4 17.2 12.2 8.3 19.5 21.9 27.7 35.2 49.8 17.8 21.1 21.1 23.0 29.5 31.9 35.7 41.8 49.8 55.4 56.2 60.0 73.0 88.8 107.2
-9999.0 -9999.0 -9999.0 -9999.0 -9999.0 -9999.0 -9999.0 -9999.0 -9999.0 -9999.0 -9999.0 -9999.0 -9999.0 -9999.0 -9999.0 -9999.0 -9999.0 -9999.0 -9999.0 -9999.0 -9999.0 -9999.0 -9999.0 -9999.0 -9999.0 -9999.0 -9999.0 248.4 198.8 66.1 39.2 28.9 23.8 23.4 28.3 10.6 19.7 16.9 2.5 18.4 43.3 5.4 4.4 28.9 57.7 106.6 166.5 224.0 283.7 236.4 359.2 372.2 134.3 119.9 67.2 31.4 15.4 8.5 16.2 13.8 14.7 35.9 23.6 25.9 33.9 26.2 27.2 26.8 27.9 31.1 39.2 46.8 53.4 50.1 52.8 60.4 66.6 79.5
-9999.0 -9999.0 -9999.0 -9999.0 -9999.0 -9999.0 -9999.0 -9999.0 -9999.0 -9999.0 -9999.0 -9999.0 -9999.0 -9999.0 -9999.0 -9999.0 -9999.0 -9999.0 -9999.0 -9999.0 -9999.0 -9999.0 -9999.0 -9999.0 -9999.0 -9999.0 -9999.0 -9999.0 -9999.0 -9999.0 -9999.0 -9999.0 -9999.0 53.0 44.2 -9999.0 -9999.0 -9999.0 4.1 9.6 3.0 4.3 7.6 36.7 70.3 103.4 -9999.0 -9999.0 -9999.0 -9999.0 -9999.0 -9999.0 252.7 125.8 130.8 66.6 24.9 10.2 7.2 6.8 14.8 30.5 27.7 26.7 22.4 22.7 27.0 28.4 24.2 25.5 35.0 43.5 49.2 49.3 50.3 58.6 69.8 70.3
-9999.0 -9999.0 -9999.0 -9999.0 -9999.0 -9999.0 -9999.0 -9999.0 -9999.0 -9999.0 -9999.0 -9999.0 -9999.0 -9999.0 -9999.0 -9999.0 -9999.0 -9999.0 -9999.0 -9999.0 -9999.0 -9999.0 -9999.0 -9999.0 -9999.0 -9999.0 -9999.0 -9999.0 -9999.0 -9999.0 -9999.0 -9999.0 -9999.0 -9999.0 -9999.0 -9999.0 -9999.0 -9999.0 -9999.0 19.7 18.6 22.3 30.2 42.8 -9999.0 -9999.0 -9999.0 -9999.0 -9999.0 -9999.0 -9999.0 -9999.0 229.9 150.5 118.3 73.3 27.7 8.5 3.2 3.7 8.7 20.0 26.2 17.7 21.6 24.7 28.5 22.6 18.4 19.8 28.3 42.4 49.1 56.1 62.6 74.4 86.5 98.0
-9999.0 -9999.0 -9999.0 -9999.0 -9999.0 -9999.0 -9999.0 -9999.0 -9999.0 -9999.0 -9999.0 -9999.0 -9999.0 -9999.0 -9999.0 -9999.0 -9999.0 -9999.0 -9999.0 -9999.0 -9999.0 -9999.0 -9999.0 -9999.0 -9999.0 -9999.0 -9999.0 -9999.0 -9999.0 -9999.0 -9999.0 -9999.0 -9999.0 -9999.0 -9999.0 -9999.0 -9999.0 -9999.0 -9999.0 -9999.0 -9999.0 -9999.0 -9999.0 -9999.0 -9999.0 -9999.0 -9999.0 -9999.0 -9999.0 -9999.0 -9999.0 -9999.0 150.5 166.4 118.4 81.2 27.6 9.6 4.3 5.7 7.9 12.4 45.9 13.1 16.1 17.2 19.0 18.8 17.1 19.8 31.9 47.8 64.7 68.3 85.4 108.5 131.6 158.2
-9999.0 -9999.0 -9999.0 -9999.0 -9999.0 -9999.0 -9999.0 -9999.0 -9999.0 -9999.0 -9999.0 -9999.0 -9999.0 -9999.0 -9999.0 -9999.0 -9999.0 -9999.0 -9999.0 -9999.0 -9999.0 -9999.0 -9999.0 -9999.0 -9999.0 -9999.0 -9999.0 -9999.0 -9999.0 -9999.0 -9999.0 -9999.0 -9999.0 -9999.0 -9999.0 -9999.0 -9999.0 -9999.0 -9999.0 -9999.0 -9999.0 -9999.0 -9999.0 -9999.0 -9999.0 -9999.0 -9999.0 -9999.0 -9999.0 -9999.0 -9999.0 101.7 114.4 154.0 59.4 55.8 29.5 23.5 11.4 5.4 19.0 18.1 10.8 13.8 16.5 19.3 23.5 30.7 23.1 28.9 44.5 58.9 63.4 76.9 111.6 147.8 174.3 210.6
-9999.0 -9999.0 -9999.0 -9999.0 -9999.0 -9999.0 -9999.0 -9999.0 -9999.0 -9999.0 -9999.0 -9999.0 -9999.0 -9999.0 -9999.0 -9999.0 -9999.0 -9999.0 -9999.0 -9999.0 -9999.0 -9999.0 -9999.0 -9999.0 -9999.0 -9999.0 -9999.0 -9999.0 -9999.0 -9999.0 -9999.0 -9999.0 -9999.0 -9999.0 -9999.0 -9999.0 -9999.0 -9999.0 -9999.0 -9999.0 -9999.0 -9999.0 -9999.0 -9999.0 -9999.0 -9999.0 -9999.0 -9999.0 -9999.0 -9999.0 55.6 89.4 107.6 119.8 67.5 63.3 34.8 22.4 21.1 26.1 21.1 26.5 17.8 25.5 29.5 34.1 39.2 43.5 37.6 44.8 58.9 73.8 89.4 115.2 147.8 178.2 202.8 206.7
-9999.0 -9999.0 -9999.0 -9999.0 -9999.0 -9999.0 -9999.0 -9999.0 -9999.0 -9999.0 -9999.0 -9999.0 -9999.0 -9999.0 -9999.0 -9999.0 -9999.0 -9999.0 -9999.0 -9999.0 -9999.0 -9999.0 -9999.0 -9999.0 -9999.0 -9999.0 -9999.0 -9999.0 -9999.0 -9999.0 -9999.0 -9999.0 -9999.0 -9999.0 -9999.0 -9999.0 -9999.0 -9999.0 -9999.0 -9999.0 -9999.0 -9999.0 -9999.0 -9999.0 -9999.0 -9999.0 -9999.0 -9999.0 -9999.0 -9999.0 33.5 99.2 50.3 89.8 92.8 68.3 35.4 54.0 45.0 32.3 27.5 29.9 28.9 39.5 48.5 51.8 61.6 71.2 66.6 73.8 90.1 115.3 135.9 150.1 171.3 194.4 202.7 202.8
-9999.0 -9999.0 -9999.0 -9999.0 -9999.0 -9999.0 -9999.0 -9999.0 -9999.0 -9999.0 -9999.0 -9999.0 -9999.0 -9999.0 -9999.0 -9999.0 -9999.0 -9999.0 -9999.0 -9999.0 -9999.0 -9999.0 -9999.0 -9999.0 -9999.0 -9999.0 -9999.0 -9999.0 -9999.0 -9999.0 -9999.0 -9999.0 -9999.0 -9999.0 -9999.0 -9999.0 -9999.0 -9999.0 -9999.0 -9999.0 -9999.0 -9999.0 -9999.0 -9999.0 -9999.0 -9999.0 -9999.0 -9999.0 -9999.0 -9999.0 20.6 35.9 33.3 116.6 63.5 59.9 91.1 58.2 58.9 31.8 41.8 49.2 49.8 48.1 62.3 70.5 81.5 95.1 105.2 113.0 135.4 161.1 171.9 175.7 164.9 176.2 183.8 170.9
-9999.0 -9999.0 -9999.0 -9999.0 -9999.0 -9999.0 -9999.0 -9999.0 -9999.0 -9999.0 -9999.0 -9999.0 -9999.0 -9999.0 -9999.0 -9999.0 -9999.0 -9999.0 -9999.0 -9999.0 -9999.0 -9999.0 -9999.0 -9999.0 -9999.0 -9999.0 -9999.0 -9999.0 -9999.0 -9999.0 -9999.0 -9999.0 -9999.0 -9999.0 -9999.0 -9999.0 -9999.0 -9999.0 -9999.0 -9999.0 -9999.0 -9999.0 -9999.0 -9999.0 -9999.0 -9999.0 -9999.0 -9999.0 -9999.0 -9999.0 32.9 63.1 52.8 72.2 71.1 88.5 34.8 54.7 51.4 35.6 52.8 56.0 39.9 60.3 81.2 95.9 114.7 126.0 145.4 131.9 156.2 169.5 177.9 166.7 135.3 142.9 151.3 137.7
-9999.0 -9999.0 -9999.0 -9999.0 -9999.0 -9999.0 -9999.0 -9999.0 -9999.0 -9999.0 -9999.0 -9999.0 -9999.0 -9999.0 -9999.0 -9999.0 -9999.0 -9999.0 -9999.0 -9999.0 -9999.0 -9999.0 -9999.0 -9999.0 -9999.0 -9999.0 -9999.0 -9999.0 -9999.0 -9999.0 -9999.0 -9999.0 -9999.0 -9999.0 -9999.0 -9999.0 -9999.0 -9999.0 -9999.0 -9999.0 -9999.0 -9999.0 -9999.0 -9999.0 -9999.0 -9999.0 -9999.0 -9999.0 -9999.0 -9999.0 -9999.0 -9999.0 -9999.0 42.6 37.7 35.4 41.6 51.7 31.9 39.1 94.1 44.5 89.6 76.6 97.6 116.4 148.1 144.1 170.3 166.5 145.4 133.5 134.3 126.3 115.7 112.8 120.8 114.3
-9999.0 -9999.0 -9999.0 -9999.0 -9999.0 -9999.0 -9999.0 -9999.0 -9999.0 -9999.0 -9999.0 -9999.0 -9999.0 -9999.0 -9999.0 -9999.0 -9999.0 -9999.0 -9999.0 -9999.0 -9999.0 -9999.0 -9999.0 -9999.0 -9999.0 -9999.0 -9999.0 -9999.0 -9999.0 -9999.0 -9999.0 -9999.0 -9999.0 -9999.0 -9999.0 -9999.0 -9999.0 -9999.0 -9999.0 -9999.0 -9999.0 -9999.0 -9999.0 -9999.0 -9999.0 -9999.0 -9999.0 -9999.0 -9999.0 -9999.0 -9999.0 -9999.0 -9999.0 40.5 30.1 73.7 31.8 28.4 41.2 72.1 53.7 50.4 97.1 77.9 100.2 121.1 109.0 172.6 137.4 129.5 105.3 95.7 102.2 102.5 99.8 117.4 112.8 110.8
-9999.0 -9999.0 -9999.0 -9999.0 -9999.0 -9999.0 -9999.0 -9999.0 -9999.0 -9999.0 -9999.0 -9999.0 -9999.0 -9999.0 -9999.0 -9999.0 -9999.0 -9999.0 -9999.0 -9999.0 -9999.0 -9999.0 -9999.0 -9999.0 -9999.0 -9999.0 -9999.0 -9999.0 -9999.0 -9999.0 -9999.0 -9999.0 -9999.0 -9999.0 -9999.0 -9999.0 -9999.0 -9999.0 -9999.0 -9999.0 -9999.0 -9999.0 -9999.0 -9999.0 -9999.0 -9999.0 -9999.0 -9999.0 -9999.0 -9999.0 -9999.0 -9999.0 -9999.0 43.1 23.1 42.5 34.8 30.4 41.0 46.7 66.3 71.1 110.3 132.9 87.7 -9999.0 -9999.0 -9999.0 130.2 90.2 80.9 82.0 81.5 79.6 86.0 107.0 97.4 92.5
-9999.0 -9999.0 -9999.0 -9999.0 -9999.0 -9999.0 -9999.0 -9999.0 -9999.0 -9999.0 -9999.0 -9999.0 -9999.0 -9999.0 -9999.0 -9999.0 -9999.0 -9999.0 -9999.0 -9999.0 -9999.0 -9999.0 -9999.0 -9999.0 -9999.0 -9999.0 -9999.0 -9999.0 -9999.0 -9999.0 -9999.0 -9999.0 -9999.0 -9999.0 -9999.0 -9999.0 -9999.0 -9999.0 -9999.0 -9999.0 -9999.0 -9999.0 -9999.0 -9999.0 -9999.0 -9999.0 -9999.0 -9999.0 -9999.0 -9999.0 -9999.0 -9999.0 -9999.0 -9999.0 42.0 37.1 23.0 23.4 44.1 66.4 48.0 -9999.0 -9999.0 -9999.0 -9999.0 -9999.0 -9999.0 -9999.0 77.7 79.1 90.8 59.4 53.6 57.4 61.5 66.8 70.9 68.2
-9999.0 -9999.0 -9999.0 -9999.0 -9999.0 -9999.0 -9999.0 -9999.0 -9999.0 -9999.0 -9999.0 -9999.0 -9999.0 -9999.0 -9999.0 -9999.0 -9999.0 -9999.0 -9999.0 -9999.0 -9999.0 -9999.0 -9999.0 -9999.0 -9999.0 -9999.0 -9999.0 -9999.0 -9999.0 -9999.0 -9999.0 -9999.0 -9999.0 -9999.0 -9999.0 -9999.0 -9999.0 -9999.0 -9999.0 -9999.0 -9999.0 -9999.0 -9999.0 -9999.0 -9999.0 -9999.0 -9999.0 -9999.0 -9999.0 -9999.0 -9999.0 -9999.0 -9999.0 -9999.0 -9999.0 33.8 57.7 35.1 35.3 53.1 56.7 -9999.0 -9999.0 -9999.0 -9999.0 -9999.0 -9999.0 -9999.0 -9999.0 -9999.0 47.4 -9999.0 -9999.0 -9999.0 -9999.0 -9999.0 46.6 -9999.0
-9999.0 -9999.0 -9999.0 -9999.0 -9999.0 -9999.0 -9999.0 -9999.0 -9999.0 -9999.0 -9999.0 -9999.0 -9999.0 -9999.0 -9999.0 -9999.0 -9999.0 -9999.0 -9999.0 -9999.0 -9999.0 -9999.0 -9999.0 -9999.0 -9999.0 -9999.0 -9999.0 -9999.0 -9999.0 -9999.0 -9999.0 -9999.0 -9999.0 -9999.0 -9999.0 -9999.0 -9999.0 -9999.0 -9999.0 -9999.0 -9999.0 -9999.0 -9999.0 -9999.0 -9999.0 -9999.0 -9999.0 -9999.0 -9999.0 -9999.0 -9999.0 -9999.0 -9999.0 -9999.0 -9999.0 -9999.0 -9999.0 -9999.0 45.8 43.9 -9999.0 -9999.0 -9999.0 -9999.0 -9999.0 -9999.0 -9999.0 -9999.0 -9999.0 -9999.0 -9999.0 -9999.0 -9999.0 -9999.0 -9999.0 25.0 29.8 -9999.0
-9999.0 -9999.0 -9999.0 -9999.0 -9999.0 -9999.0 -9999.0 -9999.0 -9999.0 -9999.0 -9999.0 -9999.0 -9999.0 -9999.0 -9999.0 -9999.0 -9999.0 -9999.0 -9999.0 -9999.0 -9999.0 -9999.0 -9999.0 -9999.0 -9999.0 -9999.0 -9999.0 -9999.0 -9999.0 -9999.0 -9999.0 -9999.0 -9999.0 -9999.0 -9999.0 -9999.0 -9999.0 -9999.0 -9999.0 -9999.0 -9999.0 -9999.0 -9999.0 -9999.0 -9999.0 -9999.0 -9999.0 -9999.0 -9999.0 -9999.0 -9999.0 -9999.0 -9999.0 -9999.0 -9999.0 -9999.0 -9999.0 -9999.0 -9999.0 -9999.0 -9999.0 -9999.0 -9999.0 -9999.0 -9999.0 -9999.0 -9999.0 -9999.0 -9999.0 -9999.0 -9999.0 -9999.0 -9999.0 -9999.0 -9999.0 -9999.0 -9999.0 -9999.0
