program/excelProcessViaJava/data/SURF_CLI_CHN_PRE_MON_GRID_0.5-199507.txt
NCOLS      128
NROWS       72
XLLCORNER    72.000000000000    
YLLCORNER    18.000000000000    
CELLSIZE    0.50000000000000    
NODATA_VALUE   -9999.000    
[rows 33 to 65 of 72, columns 0 to 74 of 128]
-9999.0 -9999.0 -9999.0 -9999.0 3.4 1.7 1.1 2.1 2.5 6.0 6.0 6.8 6.4 5.3 4.5 3.6 2.5 2.1 2.6 4.3 7.4 11.8 16.2 17.3 14.5 8.8 4.9 0.1 0.6 0.4 0.4 0.6 0.9 0.8 1.7 2.0 2.6 2.0 2.7 3.0 3.7 4.5 4.7 5.8 6.8 7.4 7.0 7.7 11.5 15.9 27.0 52.9 78.9 106.1 83.0 89.1 93.7 132.7 132.1 158.2 136.7 99.0 85.0 79.9 87.8 115.1 136.2 113.5 140.1 125.8 112.4 93.9 68.1 51.1 53.7
-9999.0 -9999.0 -9999.0 -9999.0 1.8 2.1 1.1 2.2 0.8 1.0 4.1 1.4 2.6 2.4 3.8 2.9 2.3 1.9 2.3 4.2 6.9 10.1 11.8 5.0 0.7 0.2 0.5 0.5 0.5 0.6 0.7 0.6 1.0 1.2 1.3 2.1 2.2 3.0 4.5 5.9 8.0 7.8 8.6 10.3 11.4 11.8 11.1 10.4 12.0 18.7 31.6 48.9 79.0 76.5 70.6 75.3 83.1 105.2 125.0 75.1 111.1 72.9 77.6 88.7 104.0 116.9 146.4 141.1 135.1 135.5 106.8 91.1 75.0 62.6 66.1
-9999.0 -9999.0 -9999.0 -9999.0 -9999.0 -9999.0 -9999.0 1.8 1.4 2.2 1.0 1.1 2.4 1.9 1.9 3.0 2.7 2.7 3.1 3.9 2.4 1.2 1.0 1.1 1.1 1.0 0.8 0.7 0.7 0.5 0.7 0.8 1.1 1.2 1.3 2.4 2.9 4.8 7.5 12.1 13.8 26.7 31.7 27.5 21.9 19.3 19.7 18.3 23.6 27.1 40.8 58.1 71.0 115.6 112.6 69.7 68.8 76.9 140.2 100.0 130.4 87.5 93.9 98.3 107.9 119.7 136.2 144.4 133.6 115.8 86.8 78.5 78.4 73.8 78.0
-9999.0 -9999.0 -9999.0 -9999.0 -9999.0 -9999.0 -9999.0 1.0 2.6 1.7 1.6 2.5 2.1 1.4 2.3 1.1 2.3 2.4 1.3 2.4 2.6 1.6 1.9 1.8 1.8 1.6 1.6 1.0 1.4 1.5 1.1 1.2 1.5 1.4 2.6 3.4 5.2 7.0 10.6 16.0 23.8 33.1 43.2 59.2 45.9 36.4 41.4 44.8 67.8 63.9 97.5 93.1 76.9 89.1 125.1 87.3 92.4 120.5 159.8 167.3 133.2 111.0 107.2 101.9 101.6 105.8 109.2 107.4 108.4 83.7 65.3 65.0 81.0 83.1 90.7
-9999.0 -9999.0 -9999.0 -9999.0 -9999.0 -9999.0 -9999.0 -9999.0 -9999.0 2.5 3.0 3.8 2.7 3.1 3.9 4.3 3.4 1.5 2.8 1.7 2.7 3.8 3.9 3.8 3.7 3.9 3.0 2.7 3.4 1.8 3.8 3.1 3.3 3.2 5.3 6.5 8.4 10.4 14.6 20.5 29.0 41.1 51.5 56.6 66.0 69.6 74.3 78.1 85.9 90.5 100.1 90.6 84.8 88.1 124.3 110.8 112.6 138.0 180.0 170.8 148.8 131.8 113.6 100.9 96.3 89.8 77.7 69.9 75.3 63.0 60.6 70.6 94.9 99.2 92.9
-9999.0 -9999.0 -9999.0 -9999.0 -9999.0 -9999.0 -9999.0 -9999.0 -9999.0 -9999.0 -9999.0 3.6 6.4 4.3 5.6 5.3 5.8 6.1 6.3 5.6 4.4 5.7 5.4 6.5 3.8 5.1 4.2 4.1 4.6 5.4 5.6 3.9 6.2 6.6 8.5 7.3 11.8 14.7 17.7 24.5 33.5 44.3 55.3 63.5 81.6 79.6 103.9 101.5 114.5 114.0 99.3 92.6 88.5 100.7 129.5 136.5 145.1 168.4 168.5 156.5 146.3 120.7 102.7 95.9 96.7 69.0 56.4 59.0 61.2 65.6 71.9 88.7 106.0 109.6 82.0
-9999.0 -9999.0 -9999.0 -9999.0 -9999.0 -9999.0 -9999.0 -9999.0 -9999.0 -9999.0 -9999.0 -9999.0 8.2 9.2 7.7 9.4 6.5 8.7 8.7 6.0 10.3 9.4 9.2 10.5 3.9 9.2 10.9 7.5 8.4 5.5 8.4 9.4 9.8 8.3 9.6 13.0 12.8 19.8 25.5 30.8 36.9 46.4 58.2 71.5 81.3 93.7 110.7 108.8 121.5 126.2 134.2 117.2 96.5 92.1 109.1 132.4 151.1 171.7 131.7 146.6 124.9 129.0 118.7 97.3 86.2 92.0 68.4 77.2 85.0 92.0 94.7 66.4 59.7 74.5 92.8
-9999.0 -9999.0 -9999.0 -9999.0 -9999.0 -9999.0 -9999.0 -9999.0 -9999.0 -9999.0 -9999.0 -9999.0 7.8 12.2 13.6 12.5 15.1 14.6 11.6 12.4 12.6 11.4 12.2 14.8 18.2 15.9 15.9 19.3 15.9 18.5 14.1 10.7 13.5 15.0 15.1 19.9 19.6 25.0 32.5 38.9 45.7 53.7 65.6 74.4 88.7 106.1 108.3 116.0 112.9 131.7 123.4 114.9 93.2 98.3 93.8 116.5 120.6 133.8 111.5 106.7 104.7 106.5 116.8 118.6 73.1 80.1 87.8 117.9 132.8 132.6 134.3 142.7 149.6 148.6 136.5
-9999.0 -9999.0 -9999.0 -9999.0 -9999.0 -9999.0 -9999.0 -9999.0 -9999.0 -9999.0 -9999.0 -9999.0 -9999.0 14.2 13.5 18.2 17.6 19.3 19.8 19.6 18.3 20.4 17.0 22.4 22.2 16.1 16.4 13.7 17.9 19.7 24.4 25.3 17.6 17.9 27.2 29.2 33.5 37.5 37.0 49.0 56.8 64.6 74.4 88.0 95.2 101.6 117.9 136.2 147.2 144.4 132.8 106.4 95.0 131.5 119.3 116.3 110.6 124.6 158.8 132.1 130.7 114.9 117.7 65.6 59.5 72.7 102.2 155.9 163.6 153.5 110.6 139.2 181.8 177.7 159.3
-9999.0 -9999.0 -9999.0 -9999.0 -9999.0 -9999.0 -9999.0 -9999.0 -9999.0 -9999.0 -9999.0 -9999.0 14.1 14.3 16.9 20.7 18.2 21.0 21.2 24.3 24.6 24.9 24.1 26.4 29.2 22.3 25.6 30.2 31.4 29.9 32.6 39.6 24.7 31.8 30.8 39.5 37.8 58.0 66.1 69.0 68.7 77.9 90.7 96.1 107.4 118.5 125.2 129.9 143.1 144.8 151.1 152.1 116.5 126.3 115.5 115.5 136.5 96.0 130.7 125.2 139.9 156.6 122.5 127.1 67.5 71.4 194.8 200.1 184.1 188.9 204.8 223.4 225.3 185.7 167.3
-9999.0 -9999.0 -9999.0 -9999.0 -9999.0 -9999.0 -9999.0 -9999.0 -9999.0 -9999.0 -9999.0 -9999.0 14.4 17.4 20.3 17.5 19.9 24.8 25.3 23.5 26.9 25.0 26.3 28.3 33.3 37.8 39.9 43.1 45.1 51.7 55.0 51.8 38.0 53.2 53.4 51.7 68.0 75.0 86.3 98.1 95.4 99.8 103.8 109.9 119.2 131.7 152.0 161.4 165.8 141.9 137.8 153.0 133.5 130.2 128.0 116.1 130.2 147.7 140.0 184.4 208.8 225.6 114.1 65.8 57.2 144.0 143.7 220.2 194.6 191.4 220.5 251.8 250.8 215.1 168.9
-9999.0 -9999.0 -9999.0 -9999.0 -9999.0 -9999.0 -9999.0 -9999.0 -9999.0 -9999.0 -9999.0 -9999.0 13.1 17.6 19.5 22.3 23.9 21.7 24.4 24.4 21.1 21.0 26.5 25.8 31.2 28.9 36.2 33.1 54.5 61.1 67.5 50.9 71.0 78.9 74.9 69.2 80.3 94.3 113.8 107.1 115.7 128.7 114.6 133.8 131.5 146.8 164.1 166.1 156.3 154.1 155.1 144.6 207.4 216.0 180.0 129.8 146.9 171.1 194.7 173.1 187.3 191.4 276.3 84.3 72.8 212.8 212.9 195.2 169.9 164.8 204.1 263.4 253.7 205.9 162.3
-9999.0 -9999.0 -9999.0 -9999.0 -9999.0 -9999.0 -9999.0 -9999.0 -9999.0 -9999.0 -9999.0 -9999.0 -9999.0 15.5 18.0 20.6 22.1 23.1 22.3 21.7 18.1 22.9 22.1 22.5 31.0 33.9 40.9 51.3 52.9 76.9 64.7 75.2 72.3 88.7 79.3 57.8 71.5 114.6 125.6 139.1 138.2 116.5 121.5 131.3 141.3 145.6 159.1 148.9 172.9 168.6 142.1 188.7 183.9 169.5 210.2 212.2 146.1 159.4 211.7 300.6 281.9 424.2 271.4 78.3 205.4 208.9 197.3 161.4 128.9 158.1 215.0 256.2 249.6 228.7 195.3
-9999.0 -9999.0 -9999.0 -9999.0 -9999.0 -9999.0 -9999.0 -9999.0 -9999.0 -9999.0 -9999.0 -9999.0 -9999.0 9.9 16.6 17.8 18.7 20.1 20.7 20.6 17.9 18.4 18.8 21.7 30.6 33.0 38.4 53.2 61.8 45.4 59.9 70.4 91.7 88.5 69.1 71.3 101.9 125.6 123.7 102.1 133.8 130.9 131.9 135.2 145.4 145.2 150.6 136.9 143.0 144.0 172.0 136.1 190.7 227.4 252.2 230.8 183.0 196.5 260.2 186.4 321.3 187.3 164.7 254.3 219.0 197.4 181.2 157.3 143.3 175.3 245.7 266.9 240.0 218.3 222.7
-9999.0 -9999.0 -9999.0 -9999.0 -9999.0 -9999.0 -9999.0 -9999.0 -9999.0 -9999.0 -9999.0 -9999.0 -9999.0 -9999.0 -9999.0 14.5 15.2 16.6 17.0 17.5 16.9 18.3 19.6 21.1 23.2 28.0 27.0 39.9 39.7 68.4 71.0 85.0 65.6 69.9 82.3 62.9 67.1 143.5 134.4 129.6 115.3 118.6 125.9 132.1 143.3 145.3 137.8 120.9 135.1 94.2 131.8 214.1 179.6 199.2 155.3 215.8 229.8 171.9 313.5 371.8 193.4 197.1 313.7 260.8 218.5 189.7 180.1 179.7 185.2 228.7 263.9 231.5 182.5 170.0 208.2
-9999.0 -9999.0 -9999.0 -9999.0 -9999.0 -9999.0 -9999.0 -9999.0 -9999.0 -9999.0 -9999.0 -9999.0 -9999.0 -9999.0 -9999.0 -9999.0 -9999.0 2.0 9.0 -9999.0 13.6 14.8 16.6 18.9 20.1 24.8 25.8 36.3 54.5 56.1 77.4 104.7 64.7 111.3 129.4 88.6 66.9 143.2 113.6 112.5 110.6 110.4 118.3 125.5 191.5 146.9 243.5 149.0 109.6 128.5 94.2 135.5 128.8 193.6 214.8 230.9 198.3 293.0 317.7 369.7 150.5 211.0 267.9 253.6 206.8 175.2 180.0 199.2 215.1 227.9 197.2 184.6 161.3 128.5 177.1
-9999.0 -9999.0 -9999.0 -9999.0 -9999.0 -9999.0 -9999.0 -9999.0 -9999.0 -9999.0 -9999.0 -9999.0 -9999.0 -9999.0 -9999.0 -9999.0 -9999.0 -9999.0 -9999.0 -9999.0 -9999.0 11.0 12.5 14.1 16.9 23.0 29.9 39.5 50.8 73.7 84.8 124.6 123.0 107.8 108.1 76.8 83.2 91.6 100.9 122.2 127.5 101.2 109.4 116.2 185.2 128.6 307.3 129.2 165.9 325.2 133.5 225.5 224.7 143.6 171.4 230.6 254.5 232.8 396.0 332.1 144.2 151.5 201.6 213.1 202.3 177.9 184.8 203.7 204.8 190.8 163.8 165.7 145.0 124.3 169.3
-9999.0 -9999.0 -9999.0 -9999.0 -9999.0 -9999.0 -9999.0 -9999.0 -9999.0 -9999.0 -9999.0 -9999.0 -9999.0 -9999.0 -9999.0 -9999.0 -9999.0 -9999.0 -9999.0 -9999.0 -9999.0 -9999.0 -9999.0 10.2 13.4 17.7 24.3 33.3 42.0 63.6 76.5 83.8 68.0 76.2 64.3 60.6 60.1 67.7 71.0 77.9 84.4 95.3 100.7 119.3 183.9 365.4 190.9 157.7 162.4 153.1 122.1 191.4 137.6 154.5 136.3 113.2 202.6 292.2 188.5 318.7 174.1 166.6 152.6 157.9 170.4 176.9 178.4 182.3 162.5 148.5 166.2 174.5 180.1 201.3 188.7
-9999.0 -9999.0 -9999.0 -9999.0 -9999.0 -9999.0 -9999.0 -9999.0 -9999.0 -9999.0 -9999.0 -9999.0 -9999.0 -9999.0 -9999.0 -9999.0 -9999.0 -9999.0 -9999.0 -9999.0 -9999.0 -9999.0 -9999.0 -9999.0 -9999.0 16.1 19.9 28.4 37.7 45.8 63.6 87.4 94.5 79.8 74.2 61.3 64.9 61.0 69.0 72.9 86.0 88.1 186.4 178.4 314.4 376.1 293.1 374.5 156.4 160.1 199.7 173.6 207.1 191.2 133.4 127.9 184.2 193.0 293.5 301.5 274.7 219.1 362.2 170.5 172.7 177.6 160.7 141.6 138.2 147.3 149.9 192.9 196.3 257.0 250.7
-9999.0 -9999.0 -9999.0 -9999.0 -9999.0 -9999.0 -9999.0 -9999.0 -9999.0 -9999.0 -9999.0 -9999.0 -9999.0 -9999.0 -9999.0 -9999.0 -9999.0 -9999.0 -9999.0 -9999.0 -9999.0 -9999.0 -9999.0 -9999.0 -9999.0 -9999.0 -9999.0 30.9 47.4 56.3 75.0 91.6 78.0 105.1 78.6 131.3 67.2 68.0 93.2 78.7 86.7 109.1 213.2 320.7 348.5 381.3 399.9 392.6 371.0 235.4 268.1 241.0 182.0 168.1 158.8 178.2 173.0 204.6 274.9 278.4 281.2 265.5 167.7 160.5 172.9 164.4 158.0 120.2 103.3 114.3 138.1 204.5 167.2 228.0 174.5
-9999.0 -9999.0 -9999.0 -9999.0 -9999.0 -9999.0 -9999.0 -9999.0 -9999.0 -9999.0 -9999.0 -9999.0 -9999.0 -9999.0 -9999.0 -9999.0 -9999.0 -9999.0 -9999.0 -9999.0 -9999.0 -9999.0 -9999.0 -9999.0 -9999.0 -9999.0 -9999.0 -9999.0 -9999.0 -9999.0 -9999.0 -9999.0 -9999.0 115.6 91.7 -9999.0 -9999.0 -9999.0 150.2 105.1 152.3 208.3 205.8 339.7 378.7 391.9 -9999.0 -9999.0 -9999.0 -9999.0 -9999.0 -9999.0 211.9 224.9 181.7 191.5 217.2 249.7 288.3 344.9 341.4 291.1 218.0 191.4 180.8 175.9 169.4 165.9 162.4 131.8 113.2 159.4 180.7 124.0 153.7
-9999.0 -9999.0 -9999.0 -9999.0 -9999.0 -9999.0 -9999.0 -9999.0 -9999.0 -9999.0 -9999.0 -9999.0 -9999.0 -9999.0 -9999.0 -9999.0 -9999.0 -9999.0 -9999.0 -9999.0 -9999.0 -9999.0 -9999.0 -9999.0 -9999.0 -9999.0 -9999.0 -9999.0 -9999.0 -9999.0 -9999.0 -9999.0 -9999.0 -9999.0 -9999.0 -9999.0 -9999.0 -9999.0 -9999.0 238.6 264.2 293.4 322.9 349.8 -9999.0 -9999.0 -9999.0 -9999.0 -9999.0 -9999.0 -9999.0 -9999.0 246.8 282.3 234.4 214.9 231.7 256.7 305.3 365.9 377.7 300.9 239.3 197.1 204.3 209.8 219.6 241.3 233.2 224.5 174.4 130.1 90.2 114.5 56.4
-9999.0 -9999.0 -9999.0 -9999.0 -9999.0 -9999.0 -9999.0 -9999.0 -9999.0 -9999.0 -9999.0 -9999.0 -9999.0 -9999.0 -9999.0 -9999.0 -9999.0 -9999.0 -9999.0 -9999.0 -9999.0 -9999.0 -9999.0 -9999.0 -9999.0 -9999.0 -9999.0 -9999.0 -9999.0 -9999.0 -9999.0 -9999.0 -9999.0 -9999.0 -9999.0 -9999.0 -9999.0 -9999.0 -9999.0 -9999.0 -9999.0 -9999.0 -9999.0 -9999.0 -9999.0 -9999.0 -9999.0 -9999.0 -9999.0 -9999.0 -9999.0 -9999.0 257.2 338.8 266.2 281.8 223.8 224.1 254.0 308.4 310.6 270.5 287.9 210.2 228.8 273.1 323.7 323.2 285.9 229.8 162.5 124.9 166.9 97.6 77.8
-9999.0 -9999.0 -9999.0 -9999.0 -9999.0 -9999.0 -9999.0 -9999.0 -9999.0 -9999.0 -9999.0 -9999.0 -9999.0 -9999.0 -9999.0 -9999.0 -9999.0 -9999.0 -9999.0 -9999.0 -9999.0 -9999.0 -9999.0 -9999.0 -9999.0 -9999.0 -9999.0 -9999.0 -9999.0 -9999.0 -9999.0 -9999.0 -9999.0 -9999.0 -9999.0 -9999.0 -9999.0 -9999.0 -9999.0 -9999.0 -9999.0 -9999.0 -9999.0 -9999.0 -9999.0 -9999.0 -9999.0 -9999.0 -9999.0 -9999.0 -9999.0 366.2 330.2 363.7 200.9 217.6 189.9 220.8 209.8 161.3 272.4 250.1 224.0 247.8 280.4 333.1 353.7 249.2 276.5 204.2 154.8 142.8 115.9 78.8 68.3
-9999.0 -9999.0 -9999.0 -9999.0 -9999.0 -9999.0 -9999.0 -9999.0 -9999.0 -9999.0 -9999.0 -9999.0 -9999.0 -9999.0 -9999.0 -9999.0 -9999.0 -9999.0 -9999.0 -9999.0 -9999.0 -9999.0 -9999.0 -9999.0 -9999.0 -9999.0 -9999.0 -9999.0 -9999.0 -9999.0 -9999.0 -9999.0 -9999.0 -9999.0 -9999.0 -9999.0 -9999.0 -9999.0 -9999.0 -9999.0 -9999.0 -9999.0 -9999.0 -9999.0 -9999.0 -9999.0 -9999.0 -9999.0 -9999.0 -9999.0 394.2 468.2 424.3 378.6 238.9 220.6 151.3 136.8 189.0 245.4 220.9 224.3 228.6 266.9 310.1 329.1 300.9 246.2 254.9 209.7 204.4 180.7 132.1 96.1 83.4
-9999.0 -9999.0 -9999.0 -9999.0 -9999.0 -9999.0 -9999.0 -9999.0 -9999.0 -9999.0 -9999.0 -9999.0 -9999.0 -9999.0 -9999.0 -9999.0 -9999.0 -9999.0 -9999.0 -9999.0 -9999.0 -9999.0 -9999.0 -9999.0 -9999.0 -9999.0 -9999.0 -9999.0 -9999.0 -9999.0 -9999.0 -9999.0 -9999.0 -9999.0 -9999.0 -9999.0 -9999.0 -9999.0 -9999.0 -9999.0 -9999.0 -9999.0 -9999.0 -9999.0 -9999.0 -9999.0 -9999.0 -9999.0 -9999.0 -9999.0 415.8 593.2 423.1 397.8 319.9 215.5 145.0 230.7 266.3 250.1 201.4 189.9 188.5 233.0 266.3 244.5 232.3 191.2 218.9 226.7 240.9 203.4 132.1 73.2 60.2
-9999.0 -9999.0 -9999.0 -9999.0 -9999.0 -9999.0 -9999.0 -9999.0 -9999.0 -9999.0 -9999.0 -9999.0 -9999.0 -9999.0 -9999.0 -9999.0 -9999.0 -9999.0 -9999.0 -9999.0 -9999.0 -9999.0 -9999.0 -9999.0 -9999.0 -9999.0 -9999.0 -9999.0 -9999.0 -9999.0 -9999.0 -9999.0 -9999.0 -9999.0 -9999.0 -9999.0 -9999.0 -9999.0 -9999.0 -9999.0 -9999.0 -9999.0 -9999.0 -9999.0 -9999.0 -9999.0 -9999.0 -9999.0 -9999.0 -9999.0 398.0 495.9 401.2 534.0 296.8 220.5 306.3 265.1 315.6 229.2 220.5 192.6 177.3 176.3 202.9 200.3 194.4 189.8 204.8 276.9 243.5 246.5 117.7 88.3 61.2
-9999.0 -9999.0 -9999.0 -9999.0 -9999.0 -9999.0 -9999.0 -9999.0 -9999.0 -9999.0 -9999.0 -9999.0 -9999.0 -9999.0 -9999.0 -9999.0 -9999.0 -9999.0 -9999.0 -9999.0 -9999.0 -9999.0 -9999.0 -9999.0 -9999.0 -9999.0 -9999.0 -9999.0 -9999.0 -9999.0 -9999.0 -9999.0 -9999.0 -9999.0 -9999.0 -9999.0 -9999.0 -9999.0 -9999.0 -9999.0 -9999.0 -9999.0 -9999.0 -9999.0 -9999.0 -9999.0 -9999.0 -9999.0 -9999.0 -9999.0 578.1 675.8 542.3 506.6 397.7 377.3 230.7 300.4 316.0 225.7 238.1 197.4 147.9 179.4 194.2 195.2 218.5 243.0 300.4 172.7 225.3 181.3 132.8 100.9 74.0
-9999.0 -9999.0 -9999.0 -9999.0 -9999.0 -9999.0 -9999.0 -9999.0 -9999.0 -9999.0 -9999.0 -9999.0 -9999.0 -9999.0 -9999.0 -9999.0 -9999.0 -9999.0 -9999.0 -9999.0 -9999.0 -9999.0 -9999.0 -9999.0 -9999.0 -9999.0 -9999.0 -9999.0 -9999.0 -9999.0 -9999.0 -9999.0 -9999.0 -9999.0 -9999.0 -9999.0 -9999.0 -9999.0 -9999.0 -9999.0 -9999.0 -9999.0 -9999.0 -9999.0 -9999.0 -9999.0 -9999.0 -9999.0 -9999.0 -9999.0 -9999.0 -9999.0 -9999.0 461.6 379.3 327.9 318.7 343.8 258.5 254.9 386.6 230.5 321.7 281.4 248.0 229.5 272.1 248.8 312.2 283.6 211.0 159.9 124.5 104.0 106.9
-9999.0 -9999.0 -9999.0 -9999.0 -9999.0 -9999.0 -9999.0 -9999.0 -9999.0 -9999.0 -9999.0 -9999.0 -9999.0 -9999.0 -9999.0 -9999.0 -9999.0 -9999.0 -9999.0 -9999.0 -9999.0 -9999.0 -9999.0 -9999.0 -9999.0 -9999.0 -9999.0 -9999.0 -9999.0 -9999.0 -9999.0 -9999.0 -9999.0 -9999.0 -9999.0 -9999.0 -9999.0 -9999.0 -9999.0 -9999.0 -9999.0 -9999.0 -9999.0 -9999.0 -9999.0 -9999.0 -9999.0 -9999.0 -9999.0 -9999.0 -9999.0 -9999.0 -9999.0 496.8 387.3 556.2 333.7 290.2 335.9 456.2 400.6 360.0 575.7 373.8 327.2 282.0 183.0 339.1 229.6 222.0 188.3 183.4 176.6 161.3 159.5
-9999.0 -9999.0 -9999.0 -9999.0 -9999.0 -9999.0 -9999.0 -9999.0 -9999.0 -9999.0 -9999.0 -9999.0 -9999.0 -9999.0 -9999.0 -9999.0 -9999.0 -9999.0 -9999.0 -9999.0 -9999.0 -9999.0 -9999.0 -9999.0 -9999.0 -9999.0 -9999.0 -9999.0 -9999.0 -9999.0 -9999.0 -9999.0 -9999.0 -9999.0 -9999.0 -9999.0 -9999.0 -9999.0 -9999.0 -9999.0 -9999.0 -9999.0 -9999.0 -9999.0 -9999.0 -9999.0 -9999.0 -9999.0 -9999.0 -9999.0 -9999.0 -9999.0 -9999.0 524.1 328.7 444.8 362.9 311.8 368.2 421.7 583.8 642.2 804.8 738.7 296.6 -9999.0 -9999.0 -9999.0 286.4 218.9 268.4 335.6 328.7 273.3 246.4
-9999.0 -9999.0 -9999.0 -9999.0 -9999.0 -9999.0 -9999.0 -9999.0 -9999.0 -9999.0 -9999.0 -9999.0 -9999.0 -9999.0 -9999.0 -9999.0 -9999.0 -9999.0 -9999.0 -9999.0 -9999.0 -9999.0 -9999.0 -9999.0 -9999.0 -9999.0 -9999.0 -9999.0 -9999.0 -9999.0 -9999.0 -9999.0 -9999.0 -9999.0 -9999.0 -9999.0 -9999.0 -9999.0 -9999.0 -9999.0 -9999.0 -9999.0 -9999.0 -9999.0 -9999.0 -9999.0 -9999.0 -9999.0 -9999.0 -9999.0 -9999.0 -9999.0 -9999.0 -9999.0 458.7 395.0 267.7 251.7 397.3 566.6 438.1 -9999.0 -9999.0 -9999.0 -9999.0 -9999.0 -9999.0 -9999.0 251.0 336.0 501.7 533.3 507.8 410.8 319.0
-9999.0 -9999.0 -9999.0 -9999.0 -9999.0 -9999.0 -9999.0 -9999.0 -9999.0 -9999.0 -9999.0 -9999.0 -9999.0 -9999.0 -9999.0 -9999.0 -9999.0 -9999.0 -9999.0 -9999.0 -9999.0 -9999.0 -9999.0 -9999.0 -9999.0 -9999.0 -9999.0 -9999.0 -9999.0 -9999.0 -9999.0 -9999.0 -9999.0 -9999.0 -9999.0 -9999.0 -9999.0 -9999.0 -9999.0 -9999.0 -9999.0 -9999.0 -9999.0 -9999.0 -9999.0 -9999.0 -9999.0 -9999.0 -9999.0 -9999.0 -9999.0 -9999.0 -9999.0 -9999.0 -9999.0 338.5 470.8 318.8 312.2 461.9 504.7 -9999.0 -9999.0 -9999.0 -9999.0 -9999.0 -9999.0 -9999.0 -9999.0 -9999.0 542.6 -9999.0 -9999.0 -9999.0 -9999.0
