program/excelProcessViaJava/data/SURF_CLI_CHN_PRE_MON_GRID_0.5-200202.txt
NCOLS      128
NROWS       72
XLLCORNER    72.000000000000    
YLLCORNER    18.000000000000    
CELLSIZE    0.50000000000000    
NODATA_VALUE   -9999.000    
[rows 35 to 69 of 72, columns 0 to 79 of 128]
-9999.0 -9999.0 -9999.0 -9999.0 -9999.0 -9999.0 -9999.0 0.0 0.0 0.0 0.0 0.0 0.0 0.0 0.0 0.1 0.0 0.1 0.1 0.1 0.3 0.7 1.2 1.6 2.0 2.3 2.7 2.8 2.7 2.7 2.3 1.9 1.5 1.2 1.0 0.7 0.6 0.4 0.4 0.3 0.2 0.2 0.1 0.1 0.1 0.1 0.1 0.1 0.1 0.1 0.2 0.4 1.1 4.0 4.0 1.6 0.8 0.6 3.3 2.3 5.4 1.3 1.0 1.5 2.6 1.3 2.3 3.2 3.5 4.1 3.2 3.4 4.6 5.2 4.2 3.4 1.1 1.6 2.0 0.4
-9999.0 -9999.0 -9999.0 -9999.0 -9999.0 -9999.0 -9999.0 0.0 0.0 0.0 0.0 0.0 0.0 0.0 0.0 0.0 0.0 0.1 0.1 0.2 0.4 0.8 1.3 1.8 2.2 2.7 2.9 3.2 3.0 2.8 2.5 2.1 1.7 1.3 0.9 0.7 0.5 0.4 0.4 0.3 0.3 0.2 0.2 0.1 0.1 0.0 0.0 0.0 0.1 0.3 1.6 2.4 1.9 3.0 4.5 3.1 2.9 3.2 3.7 4.1 5.0 5.3 3.4 4.1 4.0 4.5 5.6 6.5 8.3 6.7 6.4 6.3 6.9 6.8 3.2 3.7 2.4 1.0 0.7 1.1
-9999.0 -9999.0 -9999.0 -9999.0 -9999.0 -9999.0 -9999.0 -9999.0 -9999.0 0.0 0.0 0.0 0.0 0.0 0.0 0.0 0.0 0.1 0.1 0.3 0.5 0.9 1.4 1.9 2.5 2.9 3.3 3.4 3.3 3.1 2.7 2.2 1.7 1.3 0.9 0.7 0.5 0.4 0.4 0.4 0.4 0.3 0.2 0.1 0.1 0.1 0.0 0.1 0.1 0.6 1.8 2.6 2.9 3.0 4.2 3.3 3.8 3.9 2.8 2.6 3.1 3.8 4.7 3.7 4.9 5.8 7.3 9.0 11.1 9.2 8.9 8.1 8.3 7.8 6.1 1.2 1.1 1.1 1.1 1.6
-9999.0 -9999.0 -9999.0 -9999.0 -9999.0 -9999.0 -9999.0 -9999.0 -9999.0 -9999.0 -9999.0 0.0 0.0 0.0 0.0 0.0 0.0 0.1 0.1 0.3 0.6 1.0 1.5 2.1 2.8 3.2 3.5 3.6 3.5 3.2 2.8 2.2 1.7 1.2 0.9 0.5 0.4 0.3 0.3 0.4 0.4 0.5 0.4 0.3 0.2 0.1 0.1 0.1 0.4 1.2 2.0 3.1 3.6 3.9 4.3 3.0 2.6 2.5 1.9 1.3 1.4 1.6 2.2 2.7 4.3 3.6 5.3 9.2 10.9 10.4 8.7 8.4 8.2 7.2 4.7 3.5 2.7 2.5 1.8 2.0
-9999.0 -9999.0 -9999.0 -9999.0 -9999.0 -9999.0 -9999.0 -9999.0 -9999.0 -9999.0 -9999.0 -9999.0 0.1 0.1 0.1 0.1 0.1 0.1 0.2 0.4 0.6 1.1 1.6 2.2 2.6 3.2 3.5 3.5 3.4 2.9 2.6 2.1 1.6 1.0 0.6 0.4 0.2 0.2 0.3 0.4 0.6 0.7 0.8 0.7 0.6 0.5 0.5 0.4 1.0 2.3 4.7 5.4 4.5 3.2 3.0 3.0 3.0 3.5 1.4 1.5 0.8 1.5 2.1 2.2 2.2 6.1 5.9 10.1 11.8 11.1 6.3 5.5 6.4 7.1 6.5 11.8 7.3 6.6 3.9 9.4
-9999.0 -9999.0 -9999.0 -9999.0 -9999.0 -9999.0 -9999.0 -9999.0 -9999.0 -9999.0 -9999.0 -9999.0 0.4 0.4 0.3 0.1 0.2 0.2 0.3 0.5 0.8 1.2 1.6 2.2 2.7 3.1 3.2 3.3 3.1 2.9 2.4 1.7 1.3 0.9 0.5 0.3 0.1 0.1 0.2 0.3 0.7 1.0 1.2 1.6 1.7 2.0 2.0 2.0 2.4 4.3 5.5 6.4 4.7 4.4 2.5 3.5 3.4 4.2 2.2 1.1 0.7 1.0 2.7 5.3 2.1 4.9 3.9 7.7 9.3 9.6 10.6 13.6 13.5 7.3 7.8 7.8 8.0 11.6 10.2 8.4
-9999.0 -9999.0 -9999.0 -9999.0 -9999.0 -9999.0 -9999.0 -9999.0 -9999.0 -9999.0 -9999.0 -9999.0 -9999.0 1.3 0.8 0.9 0.6 0.7 0.8 0.9 1.1 1.3 1.6 2.0 2.3 2.3 2.4 2.2 2.2 2.1 2.0 1.7 1.0 0.6 0.5 0.2 0.1 0.1 0.1 0.2 0.6 1.1 1.8 2.4 3.5 4.6 5.3 6.0 6.8 7.6 8.0 6.5 5.3 8.9 6.8 6.1 5.9 7.7 10.7 6.3 5.1 3.6 5.6 2.5 3.1 4.6 8.7 11.6 14.2 11.5 7.5 5.9 6.2 7.0 9.1 8.2 8.9 9.2 7.4 6.0
-9999.0 -9999.0 -9999.0 -9999.0 -9999.0 -9999.0 -9999.0 -9999.0 -9999.0 -9999.0 -9999.0 -9999.0 5.3 3.6 2.8 2.5 1.7 1.6 1.5 1.7 1.5 1.4 1.4 1.5 1.7 1.5 1.6 1.6 1.6 1.4 1.4 1.4 0.7 0.6 0.3 0.2 0.1 0.1 0.1 0.3 0.6 1.2 2.1 3.6 5.0 6.7 8.5 9.1 9.2 9.2 10.1 10.8 7.3 8.3 6.7 7.7 11.8 6.4 10.9 7.5 9.8 13.5 10.4 13.1 6.8 6.4 4.2 9.1 17.4 20.0 16.6 11.1 9.1 10.2 10.6 10.5 11.5 11.4 11.2 11.5
-9999.0 -9999.0 -9999.0 -9999.0 -9999.0 -9999.0 -9999.0 -9999.0 -9999.0 -9999.0 -9999.0 -9999.0 10.8 11.2 8.2 5.2 4.3 4.4 3.6 2.4 2.0 1.2 1.0 0.8 0.9 0.9 0.8 0.8 0.8 0.9 1.0 0.9 0.5 0.7 0.4 0.1 0.1 0.1 0.2 0.7 1.3 2.4 3.4 4.5 5.9 7.5 8.8 9.8 10.1 8.3 7.5 9.1 6.4 5.1 5.9 5.9 11.3 15.2 13.1 19.4 23.1 26.2 11.6 6.0 5.4 4.9 7.9 10.0 12.4 13.9 14.1 13.5 13.8 14.6 14.2 13.3 18.6 16.4 19.2 23.4
-9999.0 -9999.0 -9999.0 -9999.0 -9999.0 -9999.0 -9999.0 -9999.0 -9999.0 -9999.0 -9999.0 -9999.0 27.5 17.9 18.6 14.2 11.7 7.0 6.0 3.9 1.9 1.0 0.5 0.2 0.2 0.1 0.1 0.1 0.2 0.3 0.4 0.3 0.6 0.7 0.4 0.2 0.1 0.1 0.4 0.7 2.1 4.2 3.8 6.0 6.1 6.9 7.9 8.4 7.7 7.0 6.6 4.8 12.1 13.9 10.9 4.3 10.8 16.3 20.2 17.8 20.6 21.9 33.2 7.5 2.1 8.1 9.5 11.2 12.4 11.5 12.0 18.2 21.0 25.6 40.0 25.6 33.3 29.4 33.7 42.6
-9999.0 -9999.0 -9999.0 -9999.0 -9999.0 -9999.0 -9999.0 -9999.0 -9999.0 -9999.0 -9999.0 -9999.0 -9999.0 27.6 24.4 25.5 19.9 16.3 9.4 5.3 2.3 0.9 0.2 0.1 0.0 0.0 0.0 0.0 0.0 0.1 0.1 0.1 0.2 0.4 0.2 0.1 0.1 0.2 0.4 1.7 3.4 3.1 4.0 5.1 6.1 6.1 6.3 5.9 6.4 5.8 3.6 6.7 6.1 3.3 10.7 12.9 6.7 10.7 18.2 28.7 28.0 43.0 28.1 3.2 2.0 3.3 7.0 9.6 10.0 11.2 12.5 15.9 29.4 30.4 44.3 48.5 50.3 52.5 56.1 67.5
-9999.0 -9999.0 -9999.0 -9999.0 -9999.0 -9999.0 -9999.0 -9999.0 -9999.0 -9999.0 -9999.0 -9999.0 -9999.0 64.9 40.2 40.8 26.6 26.4 17.1 8.5 3.2 1.0 0.2 0.0 0.0 0.0 0.0 0.0 0.0 0.0 0.0 0.0 0.1 0.1 0.0 0.0 0.1 0.2 0.4 0.7 3.3 4.5 5.2 5.2 4.9 4.8 4.7 4.3 3.8 3.2 4.0 1.5 4.6 8.1 11.2 10.4 6.7 9.3 16.4 10.8 24.3 12.8 6.4 3.3 1.3 1.3 4.0 7.0 8.4 10.2 14.6 22.6 33.0 52.0 69.7 78.1 75.7 78.4 85.8 83.5
-9999.0 -9999.0 -9999.0 -9999.0 -9999.0 -9999.0 -9999.0 -9999.0 -9999.0 -9999.0 -9999.0 -9999.0 -9999.0 -9999.0 -9999.0 58.6 50.4 34.4 24.6 14.1 4.8 1.1 0.1 0.0 0.0 0.0 0.0 0.0 0.0 0.0 0.0 0.0 0.0 0.0 0.0 0.0 0.0 0.5 0.7 1.8 2.5 3.5 4.4 4.5 4.7 4.9 3.4 4.0 2.6 1.6 1.5 4.5 2.7 4.0 0.6 5.5 6.5 1.2 13.2 18.5 6.2 7.4 11.2 6.5 3.2 2.6 4.1 6.6 8.7 15.0 23.8 34.0 61.1 77.4 84.9 98.3 95.0 92.7 87.3 82.2
-9999.0 -9999.0 -9999.0 -9999.0 -9999.0 -9999.0 -9999.0 -9999.0 -9999.0 -9999.0 -9999.0 -9999.0 -9999.0 -9999.0 -9999.0 -9999.0 -9999.0 84.0 47.1 -9999.0 10.0 2.2 0.1 0.0 0.0 0.0 0.0 0.0 0.0 0.0 0.0 0.0 0.0 0.0 0.1 0.0 0.0 0.9 0.7 1.8 2.7 3.1 3.4 3.2 6.1 3.9 15.5 2.2 2.2 1.5 1.3 1.0 0.4 3.0 3.8 4.1 1.7 6.1 7.1 10.7 1.0 5.8 12.4 11.7 8.4 6.8 8.1 10.5 14.6 23.4 33.1 59.6 75.5 79.1 92.4 101.6 95.2 87.9 83.3 83.4
-9999.0 -9999.0 -9999.0 -9999.0 -9999.0 -9999.0 -9999.0 -9999.0 -9999.0 -9999.0 -9999.0 -9999.0 -9999.0 -9999.0 -9999.0 -9999.0 -9999.0 -9999.0 -9999.0 -9999.0 -9999.0 4.8 1.3 0.9 0.2 0.2 0.6 0.7 0.3 0.2 0.0 0.1 0.0 0.0 0.1 0.0 0.1 0.3 0.7 1.8 2.7 2.7 2.5 1.9 3.9 1.6 22.0 3.4 1.6 3.9 1.5 2.7 3.1 1.1 1.6 2.5 2.4 1.1 6.6 4.4 0.2 2.4 9.6 13.1 14.7 15.1 17.3 19.2 23.3 32.1 46.4 61.1 68.8 67.1 73.3 81.7 82.5 76.2 80.3 94.2
-9999.0 -9999.0 -9999.0 -9999.0 -9999.0 -9999.0 -9999.0 -9999.0 -9999.0 -9999.0 -9999.0 -9999.0 -9999.0 -9999.0 -9999.0 -9999.0 -9999.0 -9999.0 -9999.0 -9999.0 -9999.0 -9999.0 -9999.0 8.8 3.0 4.5 6.4 6.1 2.4 2.3 0.4 0.1 0.0 0.0 0.0 0.1 0.2 0.4 1.3 2.3 2.5 2.6 1.2 0.7 2.9 23.9 7.3 6.3 11.5 13.9 5.3 2.5 4.4 3.0 1.5 0.2 0.6 1.2 0.0 2.1 0.7 2.6 3.8 5.8 10.0 20.9 28.4 26.9 27.1 33.0 46.0 50.7 52.6 59.6 60.6 70.3 79.2 81.7 88.3 97.3
-9999.0 -9999.0 -9999.0 -9999.0 -9999.0 -9999.0 -9999.0 -9999.0 -9999.0 -9999.0 -9999.0 -9999.0 -9999.0 -9999.0 -9999.0 -9999.0 -9999.0 -9999.0 -9999.0 -9999.0 -9999.0 -9999.0 -9999.0 -9999.0 -9999.0 56.9 34.8 9.9 8.6 4.7 3.4 2.8 1.5 0.5 0.6 0.6 1.5 1.7 3.4 3.5 4.3 1.6 2.5 1.8 14.1 24.9 19.5 35.2 3.3 14.4 2.6 5.8 4.2 4.6 7.9 2.9 0.4 0.1 0.4 0.9 2.4 3.8 8.2 3.6 7.9 20.1 26.4 22.4 29.4 37.4 35.2 35.0 32.9 47.7 57.0 63.2 69.6 74.2 75.6 74.5
-9999.0 -9999.0 -9999.0 -9999.0 -9999.0 -9999.0 -9999.0 -9999.0 -9999.0 -9999.0 -9999.0 -9999.0 -9999.0 -9999.0 -9999.0 -9999.0 -9999.0 -9999.0 -9999.0 -9999.0 -9999.0 -9999.0 -9999.0 -9999.0 -9999.0 -9999.0 -9999.0 107.5 98.8 53.0 34.0 21.8 5.7 12.0 4.2 14.8 4.3 4.5 3.7 4.5 5.1 1.1 4.2 13.8 18.0 24.9 31.1 35.4 39.6 32.1 48.9 54.4 20.0 27.9 17.1 3.5 1.7 0.2 0.1 0.4 0.5 3.8 1.3 1.9 3.3 9.5 20.9 22.0 24.5 29.9 30.0 36.4 27.8 39.6 47.3 58.0 63.8 59.7 53.0 44.4
-9999.0 -9999.0 -9999.0 -9999.0 -9999.0 -9999.0 -9999.0 -9999.0 -9999.0 -9999.0 -9999.0 -9999.0 -9999.0 -9999.0 -9999.0 -9999.0 -9999.0 -9999.0 -9999.0 -9999.0 -9999.0 -9999.0 -9999.0 -9999.0 -9999.0 -9999.0 -9999.0 -9999.0 -9999.0 -9999.0 -9999.0 -9999.0 -9999.0 45.5 16.8 -9999.0 -9999.0 -9999.0 11.9 6.1 5.2 6.5 4.2 17.1 22.4 25.0 -9999.0 -9999.0 -9999.0 -9999.0 -9999.0 -9999.0 50.2 11.6 38.7 15.3 1.6 0.3 0.1 0.3 1.2 2.7 2.5 2.6 4.9 11.2 20.3 28.7 34.7 34.9 33.7 41.3 43.3 37.1 53.1 61.4 62.5 50.7 40.5 32.2
-9999.0 -9999.0 -9999.0 -9999.0 -9999.0 -9999.0 -9999.0 -9999.0 -9999.0 -9999.0 -9999.0 -9999.0 -9999.0 -9999.0 -9999.0 -9999.0 -9999.0 -9999.0 -9999.0 -9999.0 -9999.0 -9999.0 -9999.0 -9999.0 -9999.0 -9999.0 -9999.0 -9999.0 -9999.0 -9999.0 -9999.0 -9999.0 -9999.0 -9999.0 -9999.0 -9999.0 -9999.0 -9999.0 -9999.0 30.2 24.9 22.2 20.9 20.5 -9999.0 -9999.0 -9999.0 -9999.0 -9999.0 -9999.0 -9999.0 -9999.0 32.0 4.8 8.9 7.6 1.9 0.6 0.4 0.4 1.0 2.5 3.1 5.1 5.6 10.9 20.7 40.6 47.1 49.4 54.0 56.1 47.1 54.8 61.1 74.9 70.2 58.7 46.4 43.3
-9999.0 -9999.0 -9999.0 -9999.0 -9999.0 -9999.0 -9999.0 -9999.0 -9999.0 -9999.0 -9999.0 -9999.0 -9999.0 -9999.0 -9999.0 -9999.0 -9999.0 -9999.0 -9999.0 -9999.0 -9999.0 -9999.0 -9999.0 -9999.0 -9999.0 -9999.0 -9999.0 -9999.0 -9999.0 -9999.0 -9999.0 -9999.0 -9999.0 -9999.0 -9999.0 -9999.0 -9999.0 -9999.0 -9999.0 -9999.0 -9999.0 -9999.0 -9999.0 -9999.0 -9999.0 -9999.0 -9999.0 -9999.0 -9999.0 -9999.0 -9999.0 -9999.0 23.0 0.9 1.6 0.1 1.1 1.2 1.1 1.0 2.1 4.2 0.1 6.7 8.2 22.9 45.9 55.6 57.6 57.0 62.3 71.0 77.6 70.7 79.9 95.7 87.4 77.7 70.2 65.3
-9999.0 -9999.0 -9999.0 -9999.0 -9999.0 -9999.0 -9999.0 -9999.0 -9999.0 -9999.0 -9999.0 -9999.0 -9999.0 -9999.0 -9999.0 -9999.0 -9999.0 -9999.0 -9999.0 -9999.0 -9999.0 -9999.0 -9999.0 -9999.0 -9999.0 -9999.0 -9999.0 -9999.0 -9999.0 -9999.0 -9999.0 -9999.0 -9999.0 -9999.0 -9999.0 -9999.0 -9999.0 -9999.0 -9999.0 -9999.0 -9999.0 -9999.0 -9999.0 -9999.0 -9999.0 -9999.0 -9999.0 -9999.0 -9999.0 -9999.0 -9999.0 14.9 7.8 0.2 4.1 0.9 1.7 0.6 1.8 1.0 0.7 1.7 8.5 8.5 14.1 30.4 51.4 60.6 55.1 56.4 64.1 76.6 73.0 65.0 83.5 104.9 95.3 96.3 74.7 72.9
-9999.0 -9999.0 -9999.0 -9999.0 -9999.0 -9999.0 -9999.0 -9999.0 -9999.0 -9999.0 -9999.0 -9999.0 -9999.0 -9999.0 -9999.0 -9999.0 -9999.0 -9999.0 -9999.0 -9999.0 -9999.0 -9999.0 -9999.0 -9999.0 -9999.0 -9999.0 -9999.0 -9999.0 -9999.0 -9999.0 -9999.0 -9999.0 -9999.0 -9999.0 -9999.0 -9999.0 -9999.0 -9999.0 -9999.0 -9999.0 -9999.0 -9999.0 -9999.0 -9999.0 -9999.0 -9999.0 -9999.0 -9999.0 -9999.0 -9999.0 8.0 5.1 1.7 0.2 1.7 0.7 3.5 3.6 2.3 0.6 2.5 0.6 6.5 7.3 17.4 27.6 27.7 38.5 34.1 41.1 51.4 62.4 58.6 59.8 68.0 78.7 92.8 72.3 78.2 74.6
-9999.0 -9999.0 -9999.0 -9999.0 -9999.0 -9999.0 -9999.0 -9999.0 -9999.0 -9999.0 -9999.0 -9999.0 -9999.0 -9999.0 -9999.0 -9999.0 -9999.0 -9999.0 -9999.0 -9999.0 -9999.0 -9999.0 -9999.0 -9999.0 -9999.0 -9999.0 -9999.0 -9999.0 -9999.0 -9999.0 -9999.0 -9999.0 -9999.0 -9999.0 -9999.0 -9999.0 -9999.0 -9999.0 -9999.0 -9999.0 -9999.0 -9999.0 -9999.0 -9999.0 -9999.0 -9999.0 -9999.0 -9999.0 -9999.0 -9999.0 3.3 0.8 2.1 0.6 0.3 1.4 2.2 0.9 0.6 1.9 4.1 3.7 8.3 10.0 13.5 13.5 12.0 17.7 18.1 22.4 31.0 40.0 40.6 36.2 37.4 45.5 54.5 56.9 61.9 61.2
-9999.0 -9999.0 -9999.0 -9999.0 -9999.0 -9999.0 -9999.0 -9999.0 -9999.0 -9999.0 -9999.0 -9999.0 -9999.0 -9999.0 -9999.0 -9999.0 -9999.0 -9999.0 -9999.0 -9999.0 -9999.0 -9999.0 -9999.0 -9999.0 -9999.0 -9999.0 -9999.0 -9999.0 -9999.0 -9999.0 -9999.0 -9999.0 -9999.0 -9999.0 -9999.0 -9999.0 -9999.0 -9999.0 -9999.0 -9999.0 -9999.0 -9999.0 -9999.0 -9999.0 -9999.0 -9999.0 -9999.0 -9999.0 -9999.0 -9999.0 0.8 0.5 0.3 0.1 0.7 1.1 0.1 1.4 1.6 9.4 6.7 3.2 4.8 9.5 9.2 5.3 3.4 6.1 9.9 15.2 21.0 37.6 34.0 33.9 25.1 30.1 40.2 40.6 45.8 56.0
-9999.0 -9999.0 -9999.0 -9999.0 -9999.0 -9999.0 -9999.0 -9999.0 -9999.0 -9999.0 -9999.0 -9999.0 -9999.0 -9999.0 -9999.0 -9999.0 -9999.0 -9999.0 -9999.0 -9999.0 -9999.0 -9999.0 -9999.0 -9999.0 -9999.0 -9999.0 -9999.0 -9999.0 -9999.0 -9999.0 -9999.0 -9999.0 -9999.0 -9999.0 -9999.0 -9999.0 -9999.0 -9999.0 -9999.0 -9999.0 -9999.0 -9999.0 -9999.0 -9999.0 -9999.0 -9999.0 -9999.0 -9999.0 -9999.0 -9999.0 0.2 0.1 0.1 0.1 0.2 0.1 0.4 2.1 8.9 19.8 15.5 8.8 8.0 9.8 8.4 5.0 3.4 5.5 12.3 12.5 22.5 34.0 42.7 37.0 26.6 33.6 38.7 37.5 36.4 38.6
-9999.0 -9999.0 -9999.0 -9999.0 -9999.0 -9999.0 -9999.0 -9999.0 -9999.0 -9999.0 -9999.0 -9999.0 -9999.0 -9999.0 -9999.0 -9999.0 -9999.0 -9999.0 -9999.0 -9999.0 -9999.0 -9999.0 -9999.0 -9999.0 -9999.0 -9999.0 -9999.0 -9999.0 -9999.0 -9999.0 -9999.0 -9999.0 -9999.0 -9999.0 -9999.0 -9999.0 -9999.0 -9999.0 -9999.0 -9999.0 -9999.0 -9999.0 -9999.0 -9999.0 -9999.0 -9999.0 -9999.0 -9999.0 -9999.0 -9999.0 -9999.0 -9999.0 -9999.0 0.4 0.5 0.4 0.4 2.3 10.3 27.5 14.6 16.5 14.4 19.0 15.6 11.5 9.9 14.0 23.5 27.0 25.4 30.1 34.7 33.9 35.5 40.8 42.6 35.3 29.7 25.4
-9999.0 -9999.0 -9999.0 -9999.0 -9999.0 -9999.0 -9999.0 -9999.0 -9999.0 -9999.0 -9999.0 -9999.0 -9999.0 -9999.0 -9999.0 -9999.0 -9999.0 -9999.0 -9999.0 -9999.0 -9999.0 -9999.0 -9999.0 -9999.0 -9999.0 -9999.0 -9999.0 -9999.0 -9999.0 -9999.0 -9999.0 -9999.0 -9999.0 -9999.0 -9999.0 -9999.0 -9999.0 -9999.0 -9999.0 -9999.0 -9999.0 -9999.0 -9999.0 -9999.0 -9999.0 -9999.0 -9999.0 -9999.0 -9999.0 -9999.0 -9999.0 -9999.0 -9999.0 2.0 2.3 0.5 0.7 2.0 13.6 31.8 44.2 36.2 40.8 50.1 44.3 34.2 27.8 29.5 25.6 23.5 19.6 21.9 25.9 30.6 38.3 44.8 37.9 28.6 21.8 18.2
-9999.0 -9999.0 -9999.0 -9999.0 -9999.0 -9999.0 -9999.0 -9999.0 -9999.0 -9999.0 -9999.0 -9999.0 -9999.0 -9999.0 -9999.0 -9999.0 -9999.0 -9999.0 -9999.0 -9999.0 -9999.0 -9999.0 -9999.0 -9999.0 -9999.0 -9999.0 -9999.0 -9999.0 -9999.0 -9999.0 -9999.0 -9999.0 -9999.0 -9999.0 -9999.0 -9999.0 -9999.0 -9999.0 -9999.0 -9999.0 -9999.0 -9999.0 -9999.0 -9999.0 -9999.0 -9999.0 -9999.0 -9999.0 -9999.0 -9999.0 -9999.0 -9999.0 -9999.0 5.1 5.7 2.8 1.8 3.6 15.2 38.5 60.9 72.8 73.6 69.8 82.7 -9999.0 -9999.0 -9999.0 33.0 19.7 19.6 24.0 25.2 26.5 32.8 37.2 28.3 20.5 22.3 16.8
-9999.0 -9999.0 -9999.0 -9999.0 -9999.0 -9999.0 -9999.0 -9999.0 -9999.0 -9999.0 -9999.0 -9999.0 -9999.0 -9999.0 -9999.0 -9999.0 -9999.0 -9999.0 -9999.0 -9999.0 -9999.0 -9999.0 -9999.0 -9999.0 -9999.0 -9999.0 -9999.0 -9999.0 -9999.0 -9999.0 -9999.0 -9999.0 -9999.0 -9999.0 -9999.0 -9999.0 -9999.0 -9999.0 -9999.0 -9999.0 -9999.0 -9999.0 -9999.0 -9999.0 -9999.0 -9999.0 -9999.0 -9999.0 -9999.0 -9999.0 -9999.0 -9999.0 -9999.0 -9999.0 7.7 5.4 4.2 6.2 17.7 40.5 61.4 -9999.0 -9999.0 -9999.0 -9999.0 -9999.0 -9999.0 -9999.0 31.1 27.3 33.1 28.6 26.1 24.0 22.8 20.4 17.1 14.4 14.6 -9999.0
-9999.0 -9999.0 -9999.0 -9999.0 -9999.0 -9999.0 -9999.0 -9999.0 -9999.0 -9999.0 -9999.0 -9999.0 -9999.0 -9999.0 -9999.0 -9999.0 -9999.0 -9999.0 -9999.0 -9999.0 -9999.0 -9999.0 -9999.0 -9999.0 -9999.0 -9999.0 -9999.0 -9999.0 -9999.0 -9999.0 -9999.0 -9999.0 -9999.0 -9999.0 -9999.0 -9999.0 -9999.0 -9999.0 -9999.0 -9999.0 -9999.0 -9999.0 -9999.0 -9999.0 -9999.0 -9999.0 -9999.0 -9999.0 -9999.0 -9999.0 -9999.0 -9999.0 -9999.0 -9999.0 -9999.0 8.3 6.3 10.4 21.1 43.0 70.8 -9999.0 -9999.0 -9999.0 -9999.0 -9999.0 -9999.0 -9999.0 -9999.0 -9999.0 32.3 -9999.0 -9999.0 -9999.0 -9999.0 -9999.0 7.3 -9999.0 -9999.0 -9999.0
-9999.0 -9999.0 -9999.0 -9999.0 -9999.0 -9999.0 -9999.0 -9999.0 -9999.0 -9999.0 -9999.0 -9999.0 -9999.0 -9999.0 -9999.0 -9999.0 -9999.0 -9999.0 -9999.0 -9999.0 -9999.0 -9999.0 -9999.0 -9999.0 -9999.0 -9999.0 -9999.0 -9999.0 -9999.0 -9999.0 -9999.0 -9999.0 -9999.0 -9999.0 -9999.0 -9999.0 -9999.0 -9999.0 -9999.0 -9999.0 -9999.0 -9999.0 -9999.0 -9999.0 -9999.0 -9999.0 -9999.0 -9999.0 -9999.0 -9999.0 -9999.0 -9999.0 -9999.0 -9999.0 -9999.0 -9999.0 -9999.0 -9999.0 26.7 45.8 -9999.0 -9999.0 -9999.0 -9999.0 -9999.0 -9999.0 -9999.0 -9999.0 -9999.0 -9999.0 -9999.0 -9999.0 -9999.0 -9999.0 -9999.0 3.7 2.2 -9999.0 -9999.0 -9999.0
-9999.0 -9999.0 -9999.0 -9999.0 -9999.0 -9999.0 -9999.0 -9999.0 -9999.0 -9999.0 -9999.0 -9999.0 -9999.0 -9999.0 -9999.0 -9999.0 -9999.0 -9999.0 -9999.0 -9999.0 -9999.0 -9999.0 -9999.0 -9999.0 -9999.0 -9999.0 -9999.0 -9999.0 -9999.0 -9999.0 -9999.0 -9999.0 -9999.0 -9999.0 -9999.0 -9999.0 -9999.0 -9999.0 -9999.0 -9999.0 -9999.0 -9999.0 -9999.0 -9999.0 -9999.0 -9999.0 -9999.0 -9999.0 -9999.0 -9999.0 -9999.0 -9999.0 -9999.0 -9999.0 -9999.0 -9999.0 -9999.0 -9999.0 -9999.0 -9999.0 -9999.0 -9999.0 -9999.0 -9999.0 -9999.0 -9999.0 -9999.0 -9999.0 -9999.0 -9999.0 -9999.0 -9999.0 -9999.0 -9999.0 -9999.0 -9999.0 -9999.0 -9999.0 -9999.0 -9999.0
-9999.0 -9999.0 -9999.0 -9999.0 -9999.0 -9999.0 -9999.0 -9999.0 -9999.0 -9999.0 -9999.0 -9999.0 -9999.0 -9999.0 -9999.0 -9999.0 -9999.0 -9999.0 -9999.0 -9999.0 -9999.0 -9999.0 -9999.0 -9999.0 -9999.0 -9999.0 -9999.0 -9999.0 -9999.0 -9999.0 -9999.0 -9999.0 -9999.0 -9999.0 -9999.0 -9999.0 -9999.0 -9999.0 -9999.0 -9999.0 -9999.0 -9999.0 -9999.0 -9999.0 -9999.0 -9999.0 -9999.0 -9999.0 -9999.0 -9999.0 -9999.0 -9999.0 -9999.0 -9999.0 -9999.0 -9999.0 -9999.0 -9999.0 -9999.0 -9999.0 -9999.0 -9999.0 -9999.0 -9999.0 -9999.0 -9999.0 -9999.0 -9999.0 -9999.0 -9999.0 -9999.0 -9999.0 -9999.0 -9999.0 -9999.0 3.5 2.6 4.1 -9999.0 -9999.0
-9999.0 -9999.0 -9999.0 -9999.0 -9999.0 -9999.0 -9999.0 -9999.0 -9999.0 -9999.0 -9999.0 -9999.0 -9999.0 -9999.0 -9999.0 -9999.0 -9999.0 -9999.0 -9999.0 -9999.0 -9999.0 -9999.0 -9999.0 -9999.0 -9999.0 -9999.0 -9999.0 -9999.0 -9999.0 -9999.0 -9999.0 -9999.0 -9999.0 -9999.0 -9999.0 -9999.0 -9999.0 -9999.0 -9999.0 -9999.0 -9999.0 -9999.0 -9999.0 -9999.0 -9999.0 -9999.0 -9999.0 -9999.0 -9999.0 -9999.0 -9999.0 -9999.0 -9999.0 -9999.0 -9999.0 -9999.0 -9999.0 -9999.0 -9999.0 -9999.0 -9999.0 -9999.0 -9999.0 -9999.0 -9999.0 -9999.0 -9999.0 -9999.0 -9999.0 -9999.0 -9999.0 -9999.0 -9999.0 4.6 7.5 6.4 8.9 -9999.0 -9999.0 -9999.0
