program/excelProcessViaJava/data/SURF_CLI_CHN_PRE_MON_GRID_0.5-200311.txt
NCOLS      128
NROWS       72
XLLCORNER    72.000000000000    
YLLCORNER    18.000000000000    
CELLSIZE    0.50000000000000    
NODATA_VALUE   -9999.000    
[rows 35 to 69 of 72, columns 0 to 78 of 128]
-9999.0 -9999.0 -9999.0 -9999.0 -9999.0 -9999.0 -9999.0 0.3 0.2 0.8 0.2 0.2 0.8 0.4 0.3 2.0 0.5 0.9 0.8 0.2 0.0 0.0 0.0 0.0 0.0 0.0 0.0 0.0 0.0 0.0 0.0 0.0 0.0 0.1 0.1 0.1 0.1 0.2 0.2 0.2 0.2 0.2 0.2 0.2 0.2 0.2 0.2 0.2 0.5 0.5 0.8 1.5 2.3 2.1 0.8 0.1 0.2 1.0 3.1 6.6 6.4 7.5 7.1 9.5 11.8 6.3 8.2 9.9 9.9 12.2 13.0 16.8 24.2 29.5 30.0 32.5 30.1 31.9 32.0
-9999.0 -9999.0 -9999.0 -9999.0 -9999.0 -9999.0 -9999.0 0.0 0.4 0.2 0.2 0.4 0.2 0.1 0.2 0.0 0.1 0.1 0.0 0.0 0.0 0.0 0.0 0.0 0.0 0.0 0.0 0.0 0.0 0.0 0.0 0.0 0.1 0.1 0.1 0.2 0.2 0.2 0.2 0.2 0.2 0.3 0.3 0.5 0.4 0.4 0.5 0.9 2.0 2.8 4.3 4.7 3.5 2.1 1.0 0.2 0.3 1.1 2.0 2.9 6.7 10.3 9.7 12.7 11.1 9.8 10.4 12.3 17.4 14.7 17.4 22.1 28.9 34.3 31.6 35.0 33.1 29.6 28.9
-9999.0 -9999.0 -9999.0 -9999.0 -9999.0 -9999.0 -9999.0 -9999.0 -9999.0 0.1 0.2 0.3 0.1 0.1 0.2 0.2 0.1 0.0 0.0 0.0 0.0 0.0 0.0 0.0 0.0 0.0 0.0 0.0 0.0 0.0 0.0 0.1 0.1 0.2 0.2 0.3 0.3 0.4 0.4 0.4 0.4 0.4 0.5 0.6 0.8 0.9 1.2 1.7 2.5 3.7 4.9 5.3 4.4 2.6 1.3 0.5 0.9 1.9 1.6 2.8 4.4 4.9 6.3 8.8 9.3 9.5 11.5 16.5 25.2 22.2 24.4 27.0 33.3 38.1 38.1 30.8 30.2 31.4 33.7
-9999.0 -9999.0 -9999.0 -9999.0 -9999.0 -9999.0 -9999.0 -9999.0 -9999.0 -9999.0 -9999.0 0.1 0.4 0.1 0.1 0.1 0.1 0.1 0.1 0.0 0.0 0.0 0.0 0.0 0.0 0.0 0.0 0.0 0.0 0.0 0.1 0.1 0.2 0.2 0.4 0.5 0.5 0.6 0.7 0.6 0.7 0.7 0.8 0.9 1.4 1.4 2.1 2.3 3.2 4.1 5.0 5.4 4.6 3.0 1.7 1.0 1.3 1.6 2.5 3.6 3.6 4.6 5.1 5.2 5.8 8.5 11.2 22.2 31.8 33.1 30.8 33.1 36.5 37.6 33.2 31.3 31.6 33.9 36.6
-9999.0 -9999.0 -9999.0 -9999.0 -9999.0 -9999.0 -9999.0 -9999.0 -9999.0 -9999.0 -9999.0 -9999.0 0.2 0.3 0.1 0.1 0.0 0.1 0.1 0.0 0.1 0.0 0.0 0.0 0.0 0.0 0.0 0.0 0.1 0.1 0.1 0.2 0.3 0.4 0.6 0.7 0.9 0.9 0.9 0.9 0.9 1.0 1.2 1.6 1.9 2.3 2.7 2.7 3.3 4.1 4.8 4.9 4.2 3.0 1.9 1.4 1.4 1.4 4.4 3.3 4.5 3.1 2.9 3.8 7.6 10.6 20.6 31.7 40.3 41.8 35.9 34.5 36.4 36.1 33.5 31.5 30.0 32.8 34.4
-9999.0 -9999.0 -9999.0 -9999.0 -9999.0 -9999.0 -9999.0 -9999.0 -9999.0 -9999.0 -9999.0 -9999.0 0.1 0.3 0.3 0.1 0.2 0.1 0.1 0.1 0.1 0.0 0.0 0.0 0.1 0.1 0.1 0.1 0.1 0.2 0.2 0.3 0.4 0.6 0.8 1.0 1.2 1.4 1.4 1.3 1.3 1.4 2.0 2.2 2.9 3.4 3.3 3.1 3.1 3.6 4.0 4.0 3.5 2.8 2.1 1.8 2.1 2.4 3.9 4.5 4.6 3.9 3.1 4.1 13.3 17.9 22.2 33.0 44.0 48.1 45.6 44.0 41.7 36.6 32.2 30.0 31.0 34.7 38.1
-9999.0 -9999.0 -9999.0 -9999.0 -9999.0 -9999.0 -9999.0 -9999.0 -9999.0 -9999.0 -9999.0 -9999.0 -9999.0 0.1 0.1 0.2 0.1 0.2 0.1 0.1 0.1 0.1 0.1 0.1 0.1 0.1 0.1 0.1 0.1 0.2 0.3 0.4 0.6 0.8 0.9 1.1 1.3 1.6 2.2 1.9 1.9 2.3 2.7 3.5 3.8 4.0 4.1 3.6 3.2 2.9 3.0 3.0 2.8 3.0 2.5 2.3 2.5 2.4 2.1 2.0 2.0 2.7 3.8 9.5 12.7 21.1 30.8 39.4 50.2 52.6 46.3 46.6 44.4 39.0 35.0 32.0 33.3 37.2 37.9
-9999.0 -9999.0 -9999.0 -9999.0 -9999.0 -9999.0 -9999.0 -9999.0 -9999.0 -9999.0 -9999.0 -9999.0 0.1 0.1 0.1 0.1 0.1 0.1 0.1 0.2 0.1 0.1 0.1 0.1 0.1 0.1 0.1 0.2 0.2 0.3 0.4 0.5 0.7 0.8 1.0 1.1 1.5 1.5 1.7 1.9 2.8 3.7 4.7 4.1 4.9 5.0 4.2 2.9 2.2 1.8 2.1 2.5 2.3 2.8 2.8 2.8 2.9 1.5 1.5 0.8 1.2 2.4 5.2 9.6 16.5 21.6 21.0 35.6 53.3 60.4 60.0 54.8 50.6 47.6 41.2 35.1 35.0 41.7 47.2
-9999.0 -9999.0 -9999.0 -9999.0 -9999.0 -9999.0 -9999.0 -9999.0 -9999.0 -9999.0 -9999.0 -9999.0 0.0 0.1 0.1 0.1 0.1 0.1 0.2 0.1 0.2 0.1 0.1 0.1 0.2 0.2 0.2 0.2 0.3 0.4 0.5 0.6 0.8 0.8 0.8 0.9 1.0 1.3 1.5 1.5 2.1 2.8 3.9 5.0 5.6 5.5 4.9 3.2 1.8 0.8 0.9 1.6 1.8 2.4 3.0 2.9 2.9 2.3 0.9 1.6 2.5 4.9 7.5 12.6 16.5 13.2 25.5 34.3 49.5 63.6 68.5 65.7 63.1 57.1 49.2 41.3 38.8 52.7 63.0
-9999.0 -9999.0 -9999.0 -9999.0 -9999.0 -9999.0 -9999.0 -9999.0 -9999.0 -9999.0 -9999.0 -9999.0 0.1 0.0 0.1 0.1 0.1 0.1 0.1 0.1 0.1 0.1 0.2 0.1 0.2 0.2 0.2 0.2 0.3 0.4 0.5 0.6 0.7 0.7 0.7 0.7 0.7 0.9 1.1 1.7 2.2 2.9 5.9 5.1 6.6 6.9 5.7 3.0 1.0 0.6 0.7 0.8 3.1 4.3 4.5 3.1 3.6 3.2 2.7 1.2 2.4 5.8 15.4 14.8 8.6 11.1 18.2 32.9 51.5 64.5 73.8 76.9 75.6 69.1 75.3 59.9 74.0 64.5 76.9
-9999.0 -9999.0 -9999.0 -9999.0 -9999.0 -9999.0 -9999.0 -9999.0 -9999.0 -9999.0 -9999.0 -9999.0 -9999.0 0.0 0.0 0.1 0.1 0.1 0.1 0.1 0.1 0.1 0.2 0.2 0.2 0.2 0.2 0.3 0.3 0.4 0.5 0.5 0.7 0.6 0.6 0.7 0.8 0.7 1.1 1.5 2.6 6.1 8.7 9.2 7.6 7.0 6.1 2.8 2.3 1.2 0.6 1.6 1.9 2.2 5.4 7.0 3.7 2.9 4.1 8.7 8.5 22.8 20.5 12.2 7.7 8.4 15.6 32.1 50.6 64.1 70.0 76.4 81.2 76.1 72.3 66.8 69.1 77.2 86.1
-9999.0 -9999.0 -9999.0 -9999.0 -9999.0 -9999.0 -9999.0 -9999.0 -9999.0 -9999.0 -9999.0 -9999.0 -9999.0 0.1 0.0 0.1 0.1 0.1 0.1 0.1 0.2 0.2 0.2 0.2 0.2 0.2 0.3 0.3 0.3 0.4 0.5 0.5 0.5 0.5 0.6 0.6 0.5 0.6 1.4 3.8 4.1 6.7 9.3 10.6 12.5 9.3 7.4 4.6 2.9 1.8 1.8 1.0 2.0 4.0 6.5 7.8 6.2 5.7 8.3 3.4 13.9 11.5 13.4 10.5 5.0 6.5 15.9 36.0 57.8 63.2 65.0 71.4 76.1 77.8 77.5 82.5 95.6 80.1 58.6
-9999.0 -9999.0 -9999.0 -9999.0 -9999.0 -9999.0 -9999.0 -9999.0 -9999.0 -9999.0 -9999.0 -9999.0 -9999.0 -9999.0 -9999.0 0.1 0.1 0.1 0.1 0.2 0.2 0.2 0.2 0.3 0.3 0.3 0.4 0.3 0.4 0.3 0.4 0.4 0.6 0.6 0.5 0.9 1.2 0.5 1.3 2.8 6.0 8.8 10.5 10.9 8.3 8.0 8.6 7.1 5.0 3.6 2.2 3.2 1.7 2.3 1.3 6.1 8.4 2.9 13.0 18.0 7.8 10.1 22.3 13.1 6.5 8.7 20.5 42.5 64.5 70.5 66.6 63.8 74.9 76.5 73.6 90.8 96.3 107.2 67.0
-9999.0 -9999.0 -9999.0 -9999.0 -9999.0 -9999.0 -9999.0 -9999.0 -9999.0 -9999.0 -9999.0 -9999.0 -9999.0 -9999.0 -9999.0 -9999.0 -9999.0 0.8 0.3 -9999.0 0.3 0.3 0.3 0.4 0.4 0.4 0.6 0.4 0.3 0.4 0.3 0.2 0.7 0.3 0.2 0.4 1.3 0.3 1.3 2.8 5.2 8.9 9.4 8.9 3.4 7.0 8.2 9.1 7.0 5.0 3.4 2.0 0.8 1.6 2.8 4.6 4.2 10.2 12.5 18.4 3.1 11.6 22.7 17.7 11.4 13.7 25.8 45.3 61.2 65.4 57.3 72.6 76.6 67.0 73.8 86.0 83.2 77.7 61.0
-9999.0 -9999.0 -9999.0 -9999.0 -9999.0 -9999.0 -9999.0 -9999.0 -9999.0 -9999.0 -9999.0 -9999.0 -9999.0 -9999.0 -9999.0 -9999.0 -9999.0 -9999.0 -9999.0 -9999.0 -9999.0 0.4 0.5 0.7 0.6 0.5 0.4 0.4 0.3 0.2 0.2 0.2 0.2 0.2 0.2 0.3 0.3 0.3 0.4 0.3 0.6 7.3 8.9 8.1 1.7 7.2 5.8 8.5 8.8 15.9 4.1 4.5 3.0 0.4 0.7 2.7 4.4 3.8 17.4 14.4 2.4 5.8 16.7 16.4 15.8 19.9 32.5 46.8 53.7 53.3 51.9 66.0 66.1 60.2 60.6 61.8 59.6 49.9 47.6
-9999.0 -9999.0 -9999.0 -9999.0 -9999.0 -9999.0 -9999.0 -9999.0 -9999.0 -9999.0 -9999.0 -9999.0 -9999.0 -9999.0 -9999.0 -9999.0 -9999.0 -9999.0 -9999.0 -9999.0 -9999.0 -9999.0 -9999.0 0.8 0.8 0.7 0.6 0.5 0.6 0.3 0.3 0.4 1.0 0.6 0.9 0.7 1.0 0.3 1.5 2.9 3.5 6.3 3.6 1.7 0.7 2.1 4.8 7.0 7.3 6.2 4.0 3.5 1.0 0.5 0.2 0.1 1.0 5.7 1.3 12.6 3.1 6.4 8.3 8.0 13.1 25.7 42.1 49.7 52.0 47.5 60.0 59.6 60.1 62.6 52.9 49.1 53.4 51.6 49.6
-9999.0 -9999.0 -9999.0 -9999.0 -9999.0 -9999.0 -9999.0 -9999.0 -9999.0 -9999.0 -9999.0 -9999.0 -9999.0 -9999.0 -9999.0 -9999.0 -9999.0 -9999.0 -9999.0 -9999.0 -9999.0 -9999.0 -9999.0 -9999.0 -9999.0 1.0 0.9 1.9 1.4 2.1 0.9 0.4 0.4 0.8 0.5 1.3 3.2 0.6 2.1 1.1 4.1 1.7 0.0 0.1 0.3 1.3 2.8 5.1 6.6 5.5 5.4 2.9 2.1 1.0 0.2 0.1 0.4 0.7 6.8 10.7 13.0 12.7 44.7 6.1 11.9 28.2 42.4 43.6 51.1 56.4 50.1 49.1 43.4 51.1 47.9 40.0 40.5 44.2 49.6
-9999.0 -9999.0 -9999.0 -9999.0 -9999.0 -9999.0 -9999.0 -9999.0 -9999.0 -9999.0 -9999.0 -9999.0 -9999.0 -9999.0 -9999.0 -9999.0 -9999.0 -9999.0 -9999.0 -9999.0 -9999.0 -9999.0 -9999.0 -9999.0 -9999.0 -9999.0 -9999.0 0.7 0.5 0.5 0.4 0.4 2.0 0.2 0.9 0.0 0.2 0.2 0.0 0.2 1.1 0.0 0.0 0.0 0.2 0.7 2.1 3.9 5.9 5.9 7.5 6.6 1.8 0.9 0.4 0.3 0.3 0.7 4.9 5.9 3.9 17.8 2.6 3.5 11.9 16.6 30.5 35.1 36.0 38.7 37.1 40.4 24.8 31.8 29.7 30.6 35.0 32.9 26.8
-9999.0 -9999.0 -9999.0 -9999.0 -9999.0 -9999.0 -9999.0 -9999.0 -9999.0 -9999.0 -9999.0 -9999.0 -9999.0 -9999.0 -9999.0 -9999.0 -9999.0 -9999.0 -9999.0 -9999.0 -9999.0 -9999.0 -9999.0 -9999.0 -9999.0 -9999.0 -9999.0 -9999.0 -9999.0 -9999.0 -9999.0 -9999.0 -9999.0 0.1 0.5 -9999.0 -9999.0 -9999.0 0.0 0.0 0.0 0.0 0.0 0.0 0.1 0.3 -9999.0 -9999.0 -9999.0 -9999.0 -9999.0 -9999.0 3.7 1.7 1.1 0.8 0.9 1.6 3.0 4.6 9.0 17.5 5.5 4.5 7.0 13.4 20.8 25.9 28.1 28.1 24.6 26.0 24.5 16.7 23.1 24.3 27.0 20.1 17.1
-9999.0 -9999.0 -9999.0 -9999.0 -9999.0 -9999.0 -9999.0 -9999.0 -9999.0 -9999.0 -9999.0 -9999.0 -9999.0 -9999.0 -9999.0 -9999.0 -9999.0 -9999.0 -9999.0 -9999.0 -9999.0 -9999.0 -9999.0 -9999.0 -9999.0 -9999.0 -9999.0 -9999.0 -9999.0 -9999.0 -9999.0 -9999.0 -9999.0 -9999.0 -9999.0 -9999.0 -9999.0 -9999.0 -9999.0 0.0 0.0 0.0 0.0 0.0 -9999.0 -9999.0 -9999.0 -9999.0 -9999.0 -9999.0 -9999.0 -9999.0 5.2 3.2 2.4 2.6 2.7 2.8 3.0 4.8 7.9 12.6 13.0 5.3 12.5 18.4 23.3 20.8 21.8 24.4 25.1 20.5 11.8 14.7 14.1 20.0 20.3 18.7 18.7
-9999.0 -9999.0 -9999.0 -9999.0 -9999.0 -9999.0 -9999.0 -9999.0 -9999.0 -9999.0 -9999.0 -9999.0 -9999.0 -9999.0 -9999.0 -9999.0 -9999.0 -9999.0 -9999.0 -9999.0 -9999.0 -9999.0 -9999.0 -9999.0 -9999.0 -9999.0 -9999.0 -9999.0 -9999.0 -9999.0 -9999.0 -9999.0 -9999.0 -9999.0 -9999.0 -9999.0 -9999.0 -9999.0 -9999.0 -9999.0 -9999.0 -9999.0 -9999.0 -9999.0 -9999.0 -9999.0 -9999.0 -9999.0 -9999.0 -9999.0 -9999.0 -9999.0 8.3 5.1 5.1 4.5 5.3 4.5 4.2 6.2 6.9 8.7 34.0 7.0 11.3 14.8 18.6 19.8 21.5 24.2 24.8 19.6 23.1 10.6 12.2 18.9 21.1 22.9 27.4
-9999.0 -9999.0 -9999.0 -9999.0 -9999.0 -9999.0 -9999.0 -9999.0 -9999.0 -9999.0 -9999.0 -9999.0 -9999.0 -9999.0 -9999.0 -9999.0 -9999.0 -9999.0 -9999.0 -9999.0 -9999.0 -9999.0 -9999.0 -9999.0 -9999.0 -9999.0 -9999.0 -9999.0 -9999.0 -9999.0 -9999.0 -9999.0 -9999.0 -9999.0 -9999.0 -9999.0 -9999.0 -9999.0 -9999.0 -9999.0 -9999.0 -9999.0 -9999.0 -9999.0 -9999.0 -9999.0 -9999.0 -9999.0 -9999.0 -9999.0 -9999.0 6.7 9.2 7.4 9.0 7.9 6.8 5.6 4.7 2.9 10.0 12.2 7.1 7.1 9.0 13.7 18.2 24.8 25.9 29.9 28.0 18.5 7.4 5.7 11.1 19.7 22.2 26.6 23.7
-9999.0 -9999.0 -9999.0 -9999.0 -9999.0 -9999.0 -9999.0 -9999.0 -9999.0 -9999.0 -9999.0 -9999.0 -9999.0 -9999.0 -9999.0 -9999.0 -9999.0 -9999.0 -9999.0 -9999.0 -9999.0 -9999.0 -9999.0 -9999.0 -9999.0 -9999.0 -9999.0 -9999.0 -9999.0 -9999.0 -9999.0 -9999.0 -9999.0 -9999.0 -9999.0 -9999.0 -9999.0 -9999.0 -9999.0 -9999.0 -9999.0 -9999.0 -9999.0 -9999.0 -9999.0 -9999.0 -9999.0 -9999.0 -9999.0 -9999.0 1.4 6.4 8.3 8.3 7.7 6.7 5.4 4.4 3.1 3.4 4.2 10.3 8.5 9.2 9.0 11.2 15.8 21.5 28.0 32.3 27.8 12.7 6.7 9.0 12.9 17.2 19.7 18.1 18.1
-9999.0 -9999.0 -9999.0 -9999.0 -9999.0 -9999.0 -9999.0 -9999.0 -9999.0 -9999.0 -9999.0 -9999.0 -9999.0 -9999.0 -9999.0 -9999.0 -9999.0 -9999.0 -9999.0 -9999.0 -9999.0 -9999.0 -9999.0 -9999.0 -9999.0 -9999.0 -9999.0 -9999.0 -9999.0 -9999.0 -9999.0 -9999.0 -9999.0 -9999.0 -9999.0 -9999.0 -9999.0 -9999.0 -9999.0 -9999.0 -9999.0 -9999.0 -9999.0 -9999.0 -9999.0 -9999.0 -9999.0 -9999.0 -9999.0 -9999.0 0.4 5.1 3.4 5.7 4.9 3.3 1.9 2.1 1.3 1.1 1.5 3.4 4.9 7.4 8.4 5.7 8.9 16.4 24.6 26.3 22.2 13.5 8.5 7.6 7.4 7.8 10.5 10.1 10.6
-9999.0 -9999.0 -9999.0 -9999.0 -9999.0 -9999.0 -9999.0 -9999.0 -9999.0 -9999.0 -9999.0 -9999.0 -9999.0 -9999.0 -9999.0 -9999.0 -9999.0 -9999.0 -9999.0 -9999.0 -9999.0 -9999.0 -9999.0 -9999.0 -9999.0 -9999.0 -9999.0 -9999.0 -9999.0 -9999.0 -9999.0 -9999.0 -9999.0 -9999.0 -9999.0 -9999.0 -9999.0 -9999.0 -9999.0 -9999.0 -9999.0 -9999.0 -9999.0 -9999.0 -9999.0 -9999.0 -9999.0 -9999.0 -9999.0 -9999.0 0.1 0.5 0.5 3.6 1.0 0.5 1.2 0.9 0.6 1.0 0.5 1.0 2.5 4.1 6.2 3.9 4.9 11.5 17.5 23.5 15.3 18.3 6.6 7.0 3.2 4.1 8.7 8.3 7.0
-9999.0 -9999.0 -9999.0 -9999.0 -9999.0 -9999.0 -9999.0 -9999.0 -9999.0 -9999.0 -9999.0 -9999.0 -9999.0 -9999.0 -9999.0 -9999.0 -9999.0 -9999.0 -9999.0 -9999.0 -9999.0 -9999.0 -9999.0 -9999.0 -9999.0 -9999.0 -9999.0 -9999.0 -9999.0 -9999.0 -9999.0 -9999.0 -9999.0 -9999.0 -9999.0 -9999.0 -9999.0 -9999.0 -9999.0 -9999.0 -9999.0 -9999.0 -9999.0 -9999.0 -9999.0 -9999.0 -9999.0 -9999.0 -9999.0 -9999.0 0.1 0.6 0.4 0.8 0.5 0.5 0.2 0.4 0.6 0.5 0.4 0.4 0.9 2.6 4.6 4.0 5.9 11.6 20.2 8.9 10.4 7.7 6.4 4.8 1.9 3.7 6.0 5.0 4.4
-9999.0 -9999.0 -9999.0 -9999.0 -9999.0 -9999.0 -9999.0 -9999.0 -9999.0 -9999.0 -9999.0 -9999.0 -9999.0 -9999.0 -9999.0 -9999.0 -9999.0 -9999.0 -9999.0 -9999.0 -9999.0 -9999.0 -9999.0 -9999.0 -9999.0 -9999.0 -9999.0 -9999.0 -9999.0 -9999.0 -9999.0 -9999.0 -9999.0 -9999.0 -9999.0 -9999.0 -9999.0 -9999.0 -9999.0 -9999.0 -9999.0 -9999.0 -9999.0 -9999.0 -9999.0 -9999.0 -9999.0 -9999.0 -9999.0 -9999.0 -9999.0 -9999.0 -9999.0 0.2 0.2 0.2 0.3 0.6 0.5 0.7 1.6 2.0 3.1 3.9 4.1 4.3 8.2 12.0 18.0 14.1 6.7 3.9 3.5 3.2 3.2 4.0 4.3 3.5 4.7
-9999.0 -9999.0 -9999.0 -9999.0 -9999.0 -9999.0 -9999.0 -9999.0 -9999.0 -9999.0 -9999.0 -9999.0 -9999.0 -9999.0 -9999.0 -9999.0 -9999.0 -9999.0 -9999.0 -9999.0 -9999.0 -9999.0 -9999.0 -9999.0 -9999.0 -9999.0 -9999.0 -9999.0 -9999.0 -9999.0 -9999.0 -9999.0 -9999.0 -9999.0 -9999.0 -9999.0 -9999.0 -9999.0 -9999.0 -9999.0 -9999.0 -9999.0 -9999.0 -9999.0 -9999.0 -9999.0 -9999.0 -9999.0 -9999.0 -9999.0 -9999.0 -9999.0 -9999.0 0.2 0.2 1.2 0.7 0.6 1.1 2.8 3.6 6.7 9.4 10.6 8.6 7.9 8.4 14.3 9.2 5.7 2.0 1.5 2.5 4.0 5.2 5.4 4.4 4.1 9.7
-9999.0 -9999.0 -9999.0 -9999.0 -9999.0 -9999.0 -9999.0 -9999.0 -9999.0 -9999.0 -9999.0 -9999.0 -9999.0 -9999.0 -9999.0 -9999.0 -9999.0 -9999.0 -9999.0 -9999.0 -9999.0 -9999.0 -9999.0 -9999.0 -9999.0 -9999.0 -9999.0 -9999.0 -9999.0 -9999.0 -9999.0 -9999.0 -9999.0 -9999.0 -9999.0 -9999.0 -9999.0 -9999.0 -9999.0 -9999.0 -9999.0 -9999.0 -9999.0 -9999.0 -9999.0 -9999.0 -9999.0 -9999.0 -9999.0 -9999.0 -9999.0 -9999.0 -9999.0 0.4 0.2 1.4 1.3 0.9 1.4 2.6 7.2 12.0 17.4 18.0 15.8 -9999.0 -9999.0 -9999.0 8.3 2.2 0.9 1.1 2.3 4.5 5.8 5.1 4.7 6.5 12.4
-9999.0 -9999.0 -9999.0 -9999.0 -9999.0 -9999.0 -9999.0 -9999.0 -9999.0 -9999.0 -9999.0 -9999.0 -9999.0 -9999.0 -9999.0 -9999.0 -9999.0 -9999.0 -9999.0 -9999.0 -9999.0 -9999.0 -9999.0 -9999.0 -9999.0 -9999.0 -9999.0 -9999.0 -9999.0 -9999.0 -9999.0 -9999.0 -9999.0 -9999.0 -9999.0 -9999.0 -9999.0 -9999.0 -9999.0 -9999.0 -9999.0 -9999.0 -9999.0 -9999.0 -9999.0 -9999.0 -9999.0 -9999.0 -9999.0 -9999.0 -9999.0 -9999.0 -9999.0 -9999.0 1.2 1.5 0.5 0.3 1.6 5.0 4.6 -9999.0 -9999.0 -9999.0 -9999.0 -9999.0 -9999.0 -9999.0 6.0 3.4 3.0 1.3 2.6 5.0 5.5 4.4 4.6 11.2 29.9
-9999.0 -9999.0 -9999.0 -9999.0 -9999.0 -9999.0 -9999.0 -9999.0 -9999.0 -9999.0 -9999.0 -9999.0 -9999.0 -9999.0 -9999.0 -9999.0 -9999.0 -9999.0 -9999.0 -9999.0 -9999.0 -9999.0 -9999.0 -9999.0 -9999.0 -9999.0 -9999.0 -9999.0 -9999.0 -9999.0 -9999.0 -9999.0 -9999.0 -9999.0 -9999.0 -9999.0 -9999.0 -9999.0 -9999.0 -9999.0 -9999.0 -9999.0 -9999.0 -9999.0 -9999.0 -9999.0 -9999.0 -9999.0 -9999.0 -9999.0 -9999.0 -9999.0 -9999.0 -9999.0 -9999.0 1.2 3.7 1.0 0.6 2.9 6.1 -9999.0 -9999.0 -9999.0 -9999.0 -9999.0 -9999.0 -9999.0 -9999.0 -9999.0 5.3 -9999.0 -9999.0 -9999.0 -9999.0 -9999.0 6.1 -9999.0 -9999.0
-9999.0 -9999.0 -9999.0 -9999.0 -9999.0 -9999.0 -9999.0 -9999.0 -9999.0 -9999.0 -9999.0 -9999.0 -9999.0 -9999.0 -9999.0 -9999.0 -9999.0 -9999.0 -9999.0 -9999.0 -9999.0 -9999.0 -9999.0 -9999.0 -9999.0 -9999.0 -9999.0 -9999.0 -9999.0 -9999.0 -9999.0 -9999.0 -9999.0 -9999.0 -9999.0 -9999.0 -9999.0 -9999.0 -9999.0 -9999.0 -9999.0 -9999.0 -9999.0 -9999.0 -9999.0 -9999.0 -9999.0 -9999.0 -9999.0 -9999.0 -9999.0 -9999.0 -9999.0 -9999.0 -9999.0 -9999.0 -9999.0 -9999.0 2.3 2.8 -9999.0 -9999.0 -9999.0 -9999.0 -9999.0 -9999.0 -9999.0 -9999.0 -9999.0 -9999.0 -9999.0 -9999.0 -9999.0 -9999.0 -9999.0 12.8 16.4 -9999.0 -9999.0
-9999.0 -9999.0 -9999.0 -9999.0 -9999.0 -9999.0 -9999.0 -9999.0 -9999.0 -9999.0 -9999.0 -9999.0 -9999.0 -9999.0 -9999.0 -9999.0 -9999.0 -9999.0 -9999.0 -9999.0 -9999.0 -9999.0 -9999.0 -9999.0 -9999.0 -9999.0 -9999.0 -9999.0 -9999.0 -9999.0 -9999.0 -9999.0 -9999.0 -9999.0 -9999.0 -9999.0 -9999.0 -9999.0 -9999.0 -9999.0 -9999.0 -9999.0 -9999.0 -9999.0 -9999.0 -9999.0 -9999.0 -9999.0 -9999.0 -9999.0 -9999.0 -9999.0 -9999.0 -9999.0 -9999.0 -9999.0 -9999.0 -9999.0 -9999.0 -9999.0 -9999.0 -9999.0 -9999.0 -9999.0 -9999.0 -9999.0 -9999.0 -9999.0 -9999.0 -9999.0 -9999.0 -9999.0 -9999.0 -9999.0 -9999.0 -9999.0 -9999.0 -9999.0 -9999.0
-9999.0 -9999.0 -9999.0 -9999.0 -9999.0 -9999.0 -9999.0 -9999.0 -9999.0 -9999.0 -9999.0 -9999.0 -9999.0 -9999.0 -9999.0 -9999.0 -9999.0 -9999.0 -9999.0 -9999.0 -9999.0 -9999.0 -9999.0 -9999.0 -9999.0 -9999.0 -9999.0 -9999.0 -9999.0 -9999.0 -9999.0 -9999.0 -9999.0 -9999.0 -9999.0 -9999.0 -9999.0 -9999.0 -9999.0 -9999.0 -9999.0 -9999.0 -9999.0 -9999.0 -9999.0 -9999.0 -9999.0 -9999.0 -9999.0 -9999.0 -9999.0 -9999.0 -9999.0 -9999.0 -9999.0 -9999.0 -9999.0 -9999.0 -9999.0 -9999.0 -9999.0 -9999.0 -9999.0 -9999.0 -9999.0 -9999.0 -9999.0 -9999.0 -9999.0 -9999.0 -9999.0 -9999.0 -9999.0 -9999.0 -9999.0 81.1 102.1 124.3 -9999.0
-9999.0 -9999.0 -9999.0 -9999.0 -9999.0 -9999.0 -9999.0 -9999.0 -9999.0 -9999.0 -9999.0 -9999.0 -9999.0 -9999.0 -9999.0 -9999.0 -9999.0 -9999.0 -9999.0 -9999.0 -9999.0 -9999.0 -9999.0 -9999.0 -9999.0 -9999.0 -9999.0 -9999.0 -9999.0 -9999.0 -9999.0 -9999.0 -9999.0 -9999.0 -9999.0 -9999.0 -9999.0 -9999.0 -9999.0 -9999.0 -9999.0 -9999.0 -9999.0 -9999.0 -9999.0 -9999.0 -9999.0 -9999.0 -9999.0 -9999.0 -9999.0 -9999.0 -9999.0 -9999.0 -9999.0 -9999.0 -9999.0 -9999.0 -9999.0 -9999.0 -9999.0 -9999.0 -9999.0 -9999.0 -9999.0 -9999.0 -9999.0 -9999.0 -9999.0 -9999.0 -9999.0 -9999.0 -9999.0 180.3 132.9 134.5 146.4 -9999.0 -9999.0
