program/excelProcessViaJava/data/SURF_CLI_CHN_PRE_MON_GRID_0.5-200805.txt
NCOLS      128
NROWS       72
XLLCORNER    72.000000000000    
YLLCORNER    18.000000000000    
CELLSIZE    0.50000000000000    
NODATA_VALUE   -9999.000    
[rows 34 to 67 of 72, columns 0 to 75 of 128]
-9999.0 -9999.0 -9999.0 -9999.0 60.1 56.5 63.5 55.1 58.9 56.0 44.5 48.9 44.1 40.8 25.9 26.0 27.2 23.6 22.1 21.1 19.2 15.4 12.6 12.0 10.3 8.8 9.5 9.9 10.7 12.0 13.7 15.4 17.6 19.5 20.8 21.9 21.2 19.7 19.2 16.7 15.0 11.7 10.6 9.8 10.5 12.4 15.6 19.3 21.1 20.0 16.9 15.4 16.9 21.6 24.3 29.2 34.2 44.4 55.2 42.5 57.3 44.3 36.1 29.1 15.6 6.9 5.4 3.3 3.7 5.8 7.9 10.2 11.4 12.5 13.0 14.5
-9999.0 -9999.0 -9999.0 -9999.0 -9999.0 -9999.0 -9999.0 57.7 58.6 54.3 50.4 46.5 44.8 41.2 37.9 29.7 34.5 32.2 31.1 28.9 22.9 17.4 14.9 13.7 12.8 12.2 12.0 12.4 13.3 14.3 16.0 17.8 19.8 21.1 21.5 23.0 21.6 21.7 19.4 18.2 18.4 15.8 15.5 15.8 16.0 16.5 20.0 23.5 24.1 23.9 20.0 17.2 17.0 15.5 22.9 26.6 27.8 32.3 50.2 50.0 49.3 44.6 36.2 32.4 25.5 12.8 7.3 4.8 5.7 8.3 10.4 10.7 12.3 13.4 13.7 16.1
-9999.0 -9999.0 -9999.0 -9999.0 -9999.0 -9999.0 -9999.0 59.4 52.3 54.1 50.0 47.1 42.9 36.6 36.2 27.7 31.2 29.3 22.7 24.6 22.5 18.2 17.4 16.0 15.4 14.9 15.1 15.1 16.8 18.3 19.2 20.9 22.5 22.6 24.6 24.6 24.9 23.3 22.8 22.4 21.5 20.9 20.4 19.2 21.3 22.5 23.9 24.7 20.8 19.8 13.5 12.3 15.6 17.8 21.3 31.4 36.5 43.8 46.6 43.1 44.9 49.2 47.6 44.8 32.2 20.6 12.4 9.1 10.0 12.8 13.2 12.0 12.6 14.0 12.7 18.3
-9999.0 -9999.0 -9999.0 -9999.0 -9999.0 -9999.0 -9999.0 -9999.0 -9999.0 51.8 48.4 45.0 40.3 37.2 35.3 33.5 29.2 21.2 23.9 19.0 20.5 20.9 19.7 18.7 18.2 18.3 18.3 19.1 20.9 21.2 24.4 25.5 26.7 26.7 28.5 28.3 28.0 26.8 26.9 26.2 26.8 26.5 27.0 27.8 28.2 29.1 29.6 29.4 27.4 23.9 18.8 15.6 15.4 20.2 25.1 39.4 46.0 49.8 44.5 39.0 34.8 30.1 31.3 49.0 41.6 29.4 20.6 18.1 19.5 21.3 20.2 14.4 13.8 16.0 19.1 18.2
-9999.0 -9999.0 -9999.0 -9999.0 -9999.0 -9999.0 -9999.0 -9999.0 -9999.0 -9999.0 -9999.0 41.7 39.0 34.3 32.9 29.6 28.1 26.9 25.6 23.3 20.5 21.3 20.3 20.8 18.9 20.5 20.8 22.2 24.2 26.5 28.4 28.4 31.2 31.5 32.1 28.9 30.6 30.0 26.5 30.5 30.8 33.3 35.3 37.0 37.6 39.7 39.4 39.7 37.7 34.0 28.5 22.9 21.4 25.5 32.0 45.7 57.2 53.6 45.9 36.6 27.3 25.9 30.5 43.1 38.5 34.3 24.4 26.7 31.7 35.8 31.4 24.7 18.2 17.7 19.7 24.4
-9999.0 -9999.0 -9999.0 -9999.0 -9999.0 -9999.0 -9999.0 -9999.0 -9999.0 -9999.0 -9999.0 -9999.0 36.2 33.9 30.1 29.1 23.7 24.7 23.6 19.7 23.7 22.4 22.1 22.9 18.5 23.6 25.6 25.9 28.4 28.6 32.7 34.9 35.9 34.4 33.8 33.8 29.7 32.3 33.8 36.0 38.5 41.4 44.5 47.4 50.9 53.4 54.8 54.9 53.9 50.2 43.5 36.2 33.2 38.5 47.6 55.3 58.8 50.8 49.4 34.0 27.0 19.6 18.3 27.2 47.5 35.2 30.6 34.3 43.2 52.1 36.6 18.6 16.7 19.1 25.4 42.3
-9999.0 -9999.0 -9999.0 -9999.0 -9999.0 -9999.0 -9999.0 -9999.0 -9999.0 -9999.0 -9999.0 -9999.0 33.1 30.5 28.6 26.5 26.4 24.8 21.9 22.1 22.2 21.5 22.4 24.3 26.3 26.9 28.7 31.8 33.5 37.0 38.0 37.8 40.4 40.8 38.8 38.2 33.9 33.2 35.1 38.2 43.3 48.3 52.3 59.7 65.1 69.8 73.7 74.3 70.7 69.1 60.6 52.1 47.2 51.1 61.9 66.4 68.6 59.3 51.4 41.3 33.4 27.2 22.3 21.8 47.0 42.9 29.5 32.6 42.8 57.8 71.4 72.9 66.2 45.9 42.8 42.4
-9999.0 -9999.0 -9999.0 -9999.0 -9999.0 -9999.0 -9999.0 -9999.0 -9999.0 -9999.0 -9999.0 -9999.0 -9999.0 28.2 25.8 24.5 23.3 23.2 23.1 23.0 22.7 24.1 23.5 26.3 27.6 27.2 29.5 30.7 35.5 39.4 44.2 47.1 45.0 44.6 46.6 43.5 40.3 37.5 33.3 39.0 45.0 51.6 60.9 69.0 79.7 87.8 93.7 96.4 95.1 88.5 77.5 63.8 58.7 63.1 67.3 71.7 71.3 62.7 51.0 46.2 41.4 39.5 34.3 44.9 45.1 44.0 44.4 44.3 55.9 61.1 41.6 48.4 64.2 62.1 63.7 57.4
-9999.0 -9999.0 -9999.0 -9999.0 -9999.0 -9999.0 -9999.0 -9999.0 -9999.0 -9999.0 -9999.0 -9999.0 28.2 26.5 24.2 22.3 21.0 20.9 20.9 22.2 23.0 24.1 25.0 26.9 29.1 29.4 32.7 36.6 40.4 43.8 48.4 53.6 50.6 53.7 50.8 49.2 42.7 43.0 42.3 43.9 46.6 53.6 63.3 80.4 91.5 101.8 109.2 110.7 109.9 102.4 93.7 84.5 72.0 74.6 76.6 78.1 74.1 70.9 64.0 62.4 61.0 55.8 55.2 48.6 52.7 51.8 50.6 59.8 78.5 99.8 108.7 97.8 79.9 66.0 69.3 73.2
-9999.0 -9999.0 -9999.0 -9999.0 -9999.0 -9999.0 -9999.0 -9999.0 -9999.0 -9999.0 -9999.0 -9999.0 27.6 21.5 21.4 21.3 20.2 19.7 20.1 20.6 22.2 23.3 25.0 27.1 29.8 32.5 35.4 38.9 42.9 48.3 53.7 58.0 57.7 62.9 61.1 56.1 53.2 48.3 47.0 50.3 55.1 64.9 76.4 88.3 99.8 109.9 118.0 122.5 121.5 105.3 94.2 92.4 78.9 76.9 82.4 83.4 82.9 79.6 77.1 76.2 75.6 72.8 83.0 72.7 62.7 60.5 68.7 89.3 104.6 116.7 122.9 118.7 111.4 118.3 110.8 99.1
-9999.0 -9999.0 -9999.0 -9999.0 -9999.0 -9999.0 -9999.0 -9999.0 -9999.0 -9999.0 -9999.0 -9999.0 18.9 23.3 18.5 18.9 18.4 19.5 19.5 20.4 21.1 22.4 25.2 26.8 29.6 31.1 34.6 36.6 43.1 48.5 54.7 57.6 66.2 69.9 68.6 63.8 59.6 55.7 55.0 54.7 61.5 72.6 81.2 91.0 103.0 112.7 119.8 121.5 112.5 106.6 99.0 81.6 103.2 102.7 99.0 89.2 95.3 94.5 93.7 94.7 102.5 107.3 92.8 89.4 58.9 64.2 82.6 111.3 135.2 138.4 139.7 155.8 147.2 143.6 120.1 114.9
-9999.0 -9999.0 -9999.0 -9999.0 -9999.0 -9999.0 -9999.0 -9999.0 -9999.0 -9999.0 -9999.0 -9999.0 -9999.0 25.6 22.8 18.4 18.7 18.3 19.9 20.9 21.5 23.8 25.3 27.0 30.2 32.2 34.8 37.8 41.0 46.7 51.6 59.2 65.0 71.6 70.9 63.5 61.7 63.5 62.4 65.3 70.5 75.4 85.0 96.4 99.9 105.0 113.4 98.2 114.2 106.5 81.6 99.6 92.0 78.6 108.9 114.6 100.1 101.4 110.4 117.1 122.8 108.1 126.6 86.8 56.0 58.8 75.9 103.7 124.8 152.9 156.2 145.5 153.8 117.5 135.5 116.0
-9999.0 -9999.0 -9999.0 -9999.0 -9999.0 -9999.0 -9999.0 -9999.0 -9999.0 -9999.0 -9999.0 -9999.0 -9999.0 13.7 23.2 18.7 21.5 18.6 19.9 21.8 23.6 25.0 26.6 28.7 31.1 32.7 34.3 36.1 38.6 40.8 46.5 53.4 62.5 67.6 66.2 65.9 68.1 68.5 68.0 65.7 76.7 83.1 90.2 96.1 101.8 101.5 101.9 85.6 88.6 83.0 89.8 56.1 85.7 104.1 117.2 121.5 113.3 117.7 131.4 126.5 147.5 156.0 118.3 74.2 56.5 57.8 72.8 88.2 108.8 130.9 147.8 144.0 131.2 135.9 142.6 141.2
-9999.0 -9999.0 -9999.0 -9999.0 -9999.0 -9999.0 -9999.0 -9999.0 -9999.0 -9999.0 -9999.0 -9999.0 -9999.0 -9999.0 -9999.0 20.3 19.2 21.5 21.5 22.4 26.3 27.6 29.4 31.2 32.6 33.7 33.8 34.9 35.9 37.5 41.5 47.1 51.6 57.1 62.1 59.9 60.5 69.2 71.8 75.0 76.1 81.3 87.6 90.7 81.2 70.2 85.2 56.1 74.4 34.9 55.6 89.4 67.3 80.3 55.3 110.7 125.9 102.0 147.8 156.3 171.5 155.7 109.1 84.6 66.7 68.1 79.0 80.7 87.7 127.5 144.8 133.5 139.8 142.4 152.2 162.9
-9999.0 -9999.0 -9999.0 -9999.0 -9999.0 -9999.0 -9999.0 -9999.0 -9999.0 -9999.0 -9999.0 -9999.0 -9999.0 -9999.0 -9999.0 -9999.0 -9999.0 3.6 15.5 -9999.0 24.2 31.2 31.9 33.8 35.6 35.9 35.7 35.1 33.1 34.6 35.0 37.7 44.6 49.8 51.7 54.4 56.3 55.7 65.1 69.1 72.4 75.7 79.7 79.4 48.3 55.4 25.0 78.7 40.8 51.4 15.5 35.7 17.8 65.8 84.9 102.8 100.5 136.5 148.2 163.4 165.8 151.4 112.5 85.7 81.4 90.1 97.8 96.4 93.1 123.6 128.2 139.3 132.7 130.6 157.0 174.8
-9999.0 -9999.0 -9999.0 -9999.0 -9999.0 -9999.0 -9999.0 -9999.0 -9999.0 -9999.0 -9999.0 -9999.0 -9999.0 -9999.0 -9999.0 -9999.0 -9999.0 -9999.0 -9999.0 -9999.0 -9999.0 33.2 37.3 39.7 39.8 38.1 37.0 34.7 32.2 27.8 28.1 27.0 33.2 37.4 35.8 40.3 42.4 44.2 43.7 40.8 45.7 65.0 69.3 69.6 39.4 58.1 19.9 33.7 68.8 106.4 34.6 71.9 68.4 28.7 53.0 88.5 105.0 107.6 144.6 157.9 158.4 160.0 118.2 96.3 87.3 101.0 110.6 107.0 92.8 117.6 144.9 132.0 124.9 125.1 142.4 168.5
-9999.0 -9999.0 -9999.0 -9999.0 -9999.0 -9999.0 -9999.0 -9999.0 -9999.0 -9999.0 -9999.0 -9999.0 -9999.0 -9999.0 -9999.0 -9999.0 -9999.0 -9999.0 -9999.0 -9999.0 -9999.0 -9999.0 -9999.0 33.3 43.8 42.8 40.8 37.8 36.0 28.4 26.8 27.9 34.8 31.9 34.3 33.2 37.0 31.2 38.6 42.6 45.0 52.8 51.0 45.9 32.6 19.1 26.8 25.5 18.9 17.0 18.8 48.9 19.4 30.4 29.4 26.1 76.4 110.8 105.3 145.3 166.9 176.2 162.8 117.6 108.1 102.6 104.4 102.3 108.9 119.8 124.0 125.6 125.6 124.1 125.8 135.8
-9999.0 -9999.0 -9999.0 -9999.0 -9999.0 -9999.0 -9999.0 -9999.0 -9999.0 -9999.0 -9999.0 -9999.0 -9999.0 -9999.0 -9999.0 -9999.0 -9999.0 -9999.0 -9999.0 -9999.0 -9999.0 -9999.0 -9999.0 -9999.0 -9999.0 24.4 41.8 48.0 42.9 42.3 33.0 25.0 24.0 26.8 21.3 28.8 36.3 22.4 29.7 24.5 36.2 33.6 19.9 25.9 20.4 20.2 25.9 27.5 37.0 24.9 51.7 36.2 49.7 45.8 25.1 32.8 65.3 77.0 114.9 133.9 158.5 167.8 153.6 104.1 104.6 103.5 106.0 102.6 96.9 100.2 118.2 122.4 130.8 115.8 114.1 117.7
-9999.0 -9999.0 -9999.0 -9999.0 -9999.0 -9999.0 -9999.0 -9999.0 -9999.0 -9999.0 -9999.0 -9999.0 -9999.0 -9999.0 -9999.0 -9999.0 -9999.0 -9999.0 -9999.0 -9999.0 -9999.0 -9999.0 -9999.0 -9999.0 -9999.0 -9999.0 -9999.0 16.1 15.4 29.5 25.4 22.0 34.3 15.1 22.0 5.6 12.2 10.6 6.5 12.3 20.8 17.6 16.3 16.3 20.1 23.0 26.1 32.6 41.1 42.8 56.4 59.2 40.1 38.2 41.6 57.9 59.2 76.1 109.6 128.2 145.2 151.5 124.0 108.6 95.8 109.6 122.0 118.6 119.1 123.0 128.7 117.3 127.8 110.9 112.0 123.2
-9999.0 -9999.0 -9999.0 -9999.0 -9999.0 -9999.0 -9999.0 -9999.0 -9999.0 -9999.0 -9999.0 -9999.0 -9999.0 -9999.0 -9999.0 -9999.0 -9999.0 -9999.0 -9999.0 -9999.0 -9999.0 -9999.0 -9999.0 -9999.0 -9999.0 -9999.0 -9999.0 -9999.0 -9999.0 -9999.0 -9999.0 -9999.0 -9999.0 8.3 16.5 -9999.0 -9999.0 -9999.0 4.3 7.9 9.1 11.9 18.2 16.6 18.8 25.1 -9999.0 -9999.0 -9999.0 -9999.0 -9999.0 -9999.0 65.4 69.1 64.1 70.7 81.7 90.1 109.3 126.6 140.9 137.1 117.2 102.6 105.0 118.9 131.3 135.9 146.9 158.2 162.0 142.7 130.0 119.4 122.1 147.2
-9999.0 -9999.0 -9999.0 -9999.0 -9999.0 -9999.0 -9999.0 -9999.0 -9999.0 -9999.0 -9999.0 -9999.0 -9999.0 -9999.0 -9999.0 -9999.0 -9999.0 -9999.0 -9999.0 -9999.0 -9999.0 -9999.0 -9999.0 -9999.0 -9999.0 -9999.0 -9999.0 -9999.0 -9999.0 -9999.0 -9999.0 -9999.0 -9999.0 -9999.0 -9999.0 -9999.0 -9999.0 -9999.0 -9999.0 2.8 4.9 7.7 11.5 16.8 -9999.0 -9999.0 -9999.0 -9999.0 -9999.0 -9999.0 -9999.0 -9999.0 93.0 102.2 98.1 100.2 105.2 106.8 111.0 120.1 128.6 127.6 114.1 114.9 112.1 123.7 143.9 206.0 217.6 188.2 182.7 197.8 183.5 153.2 159.1 181.6
-9999.0 -9999.0 -9999.0 -9999.0 -9999.0 -9999.0 -9999.0 -9999.0 -9999.0 -9999.0 -9999.0 -9999.0 -9999.0 -9999.0 -9999.0 -9999.0 -9999.0 -9999.0 -9999.0 -9999.0 -9999.0 -9999.0 -9999.0 -9999.0 -9999.0 -9999.0 -9999.0 -9999.0 -9999.0 -9999.0 -9999.0 -9999.0 -9999.0 -9999.0 -9999.0 -9999.0 -9999.0 -9999.0 -9999.0 -9999.0 -9999.0 -9999.0 -9999.0 -9999.0 -9999.0 -9999.0 -9999.0 -9999.0 -9999.0 -9999.0 -9999.0 -9999.0 109.7 139.4 132.1 140.8 127.9 121.4 118.0 122.7 117.5 119.3 106.0 130.3 147.2 203.6 280.7 312.4 305.0 267.5 255.0 264.7 217.2 205.2 199.0 228.9
-9999.0 -9999.0 -9999.0 -9999.0 -9999.0 -9999.0 -9999.0 -9999.0 -9999.0 -9999.0 -9999.0 -9999.0 -9999.0 -9999.0 -9999.0 -9999.0 -9999.0 -9999.0 -9999.0 -9999.0 -9999.0 -9999.0 -9999.0 -9999.0 -9999.0 -9999.0 -9999.0 -9999.0 -9999.0 -9999.0 -9999.0 -9999.0 -9999.0 -9999.0 -9999.0 -9999.0 -9999.0 -9999.0 -9999.0 -9999.0 -9999.0 -9999.0 -9999.0 -9999.0 -9999.0 -9999.0 -9999.0 -9999.0 -9999.0 -9999.0 -9999.0 119.1 143.0 172.5 126.8 147.1 138.0 141.1 122.9 85.7 120.0 113.2 121.8 144.2 194.7 274.5 352.1 372.9 367.4 342.1 315.5 291.6 257.9 232.5 248.0 281.2
-9999.0 -9999.0 -9999.0 -9999.0 -9999.0 -9999.0 -9999.0 -9999.0 -9999.0 -9999.0 -9999.0 -9999.0 -9999.0 -9999.0 -9999.0 -9999.0 -9999.0 -9999.0 -9999.0 -9999.0 -9999.0 -9999.0 -9999.0 -9999.0 -9999.0 -9999.0 -9999.0 -9999.0 -9999.0 -9999.0 -9999.0 -9999.0 -9999.0 -9999.0 -9999.0 -9999.0 -9999.0 -9999.0 -9999.0 -9999.0 -9999.0 -9999.0 -9999.0 -9999.0 -9999.0 -9999.0 -9999.0 -9999.0 -9999.0 -9999.0 92.9 163.7 183.2 195.3 159.8 165.2 129.9 104.8 112.7 115.1 99.3 101.9 115.2 146.0 224.5 300.2 312.7 363.0 348.4 339.3 299.0 263.7 245.0 251.8 278.8 303.7
-9999.0 -9999.0 -9999.0 -9999.0 -9999.0 -9999.0 -9999.0 -9999.0 -9999.0 -9999.0 -9999.0 -9999.0 -9999.0 -9999.0 -9999.0 -9999.0 -9999.0 -9999.0 -9999.0 -9999.0 -9999.0 -9999.0 -9999.0 -9999.0 -9999.0 -9999.0 -9999.0 -9999.0 -9999.0 -9999.0 -9999.0 -9999.0 -9999.0 -9999.0 -9999.0 -9999.0 -9999.0 -9999.0 -9999.0 -9999.0 -9999.0 -9999.0 -9999.0 -9999.0 -9999.0 -9999.0 -9999.0 -9999.0 -9999.0 -9999.0 108.5 221.4 145.1 197.7 197.0 161.8 86.3 141.2 126.9 99.6 80.5 80.7 102.5 148.2 209.7 250.2 262.4 296.8 305.3 296.2 264.8 236.1 231.6 254.8 301.3 331.8
-9999.0 -9999.0 -9999.0 -9999.0 -9999.0 -9999.0 -9999.0 -9999.0 -9999.0 -9999.0 -9999.0 -9999.0 -9999.0 -9999.0 -9999.0 -9999.0 -9999.0 -9999.0 -9999.0 -9999.0 -9999.0 -9999.0 -9999.0 -9999.0 -9999.0 -9999.0 -9999.0 -9999.0 -9999.0 -9999.0 -9999.0 -9999.0 -9999.0 -9999.0 -9999.0 -9999.0 -9999.0 -9999.0 -9999.0 -9999.0 -9999.0 -9999.0 -9999.0 -9999.0 -9999.0 -9999.0 -9999.0 -9999.0 -9999.0 -9999.0 118.1 169.0 131.2 249.3 147.9 127.7 182.7 140.4 140.0 98.6 80.6 69.3 81.7 122.0 162.9 175.1 182.1 204.8 222.6 223.7 228.8 207.9 221.4 249.4 293.2 320.0
-9999.0 -9999.0 -9999.0 -9999.0 -9999.0 -9999.0 -9999.0 -9999.0 -9999.0 -9999.0 -9999.0 -9999.0 -9999.0 -9999.0 -9999.0 -9999.0 -9999.0 -9999.0 -9999.0 -9999.0 -9999.0 -9999.0 -9999.0 -9999.0 -9999.0 -9999.0 -9999.0 -9999.0 -9999.0 -9999.0 -9999.0 -9999.0 -9999.0 -9999.0 -9999.0 -9999.0 -9999.0 -9999.0 -9999.0 -9999.0 -9999.0 -9999.0 -9999.0 -9999.0 -9999.0 -9999.0 -9999.0 -9999.0 -9999.0 -9999.0 230.2 271.5 215.7 213.2 180.7 192.9 102.0 153.8 156.8 119.1 102.2 76.2 72.2 100.3 125.0 125.6 120.7 128.4 140.1 154.4 168.5 179.2 199.2 234.7 265.3 286.5
-9999.0 -9999.0 -9999.0 -9999.0 -9999.0 -9999.0 -9999.0 -9999.0 -9999.0 -9999.0 -9999.0 -9999.0 -9999.0 -9999.0 -9999.0 -9999.0 -9999.0 -9999.0 -9999.0 -9999.0 -9999.0 -9999.0 -9999.0 -9999.0 -9999.0 -9999.0 -9999.0 -9999.0 -9999.0 -9999.0 -9999.0 -9999.0 -9999.0 -9999.0 -9999.0 -9999.0 -9999.0 -9999.0 -9999.0 -9999.0 -9999.0 -9999.0 -9999.0 -9999.0 -9999.0 -9999.0 -9999.0 -9999.0 -9999.0 -9999.0 -9999.0 -9999.0 -9999.0 194.7 156.1 137.2 151.4 182.5 144.6 149.5 169.1 103.5 113.9 108.5 111.3 103.4 99.8 93.2 97.8 102.3 111.6 134.5 168.9 211.8 248.8 254.9
-9999.0 -9999.0 -9999.0 -9999.0 -9999.0 -9999.0 -9999.0 -9999.0 -9999.0 -9999.0 -9999.0 -9999.0 -9999.0 -9999.0 -9999.0 -9999.0 -9999.0 -9999.0 -9999.0 -9999.0 -9999.0 -9999.0 -9999.0 -9999.0 -9999.0 -9999.0 -9999.0 -9999.0 -9999.0 -9999.0 -9999.0 -9999.0 -9999.0 -9999.0 -9999.0 -9999.0 -9999.0 -9999.0 -9999.0 -9999.0 -9999.0 -9999.0 -9999.0 -9999.0 -9999.0 -9999.0 -9999.0 -9999.0 -9999.0 -9999.0 -9999.0 -9999.0 -9999.0 232.2 175.9 252.3 167.2 161.0 198.4 247.2 192.8 147.0 176.9 122.8 111.9 98.3 78.1 87.0 76.7 77.8 85.2 112.4 151.8 199.4 244.9 283.4
-9999.0 -9999.0 -9999.0 -9999.0 -9999.0 -9999.0 -9999.0 -9999.0 -9999.0 -9999.0 -9999.0 -9999.0 -9999.0 -9999.0 -9999.0 -9999.0 -9999.0 -9999.0 -9999.0 -9999.0 -9999.0 -9999.0 -9999.0 -9999.0 -9999.0 -9999.0 -9999.0 -9999.0 -9999.0 -9999.0 -9999.0 -9999.0 -9999.0 -9999.0 -9999.0 -9999.0 -9999.0 -9999.0 -9999.0 -9999.0 -9999.0 -9999.0 -9999.0 -9999.0 -9999.0 -9999.0 -9999.0 -9999.0 -9999.0 -9999.0 -9999.0 -9999.0 -9999.0 278.4 182.4 235.3 210.1 195.4 228.1 236.9 269.0 239.8 246.2 210.0 105.0 -9999.0 -9999.0 -9999.0 85.7 83.4 95.6 122.3 153.1 185.0 231.8 302.4
-9999.0 -9999.0 -9999.0 -9999.0 -9999.0 -9999.0 -9999.0 -9999.0 -9999.0 -9999.0 -9999.0 -9999.0 -9999.0 -9999.0 -9999.0 -9999.0 -9999.0 -9999.0 -9999.0 -9999.0 -9999.0 -9999.0 -9999.0 -9999.0 -9999.0 -9999.0 -9999.0 -9999.0 -9999.0 -9999.0 -9999.0 -9999.0 -9999.0 -9999.0 -9999.0 -9999.0 -9999.0 -9999.0 -9999.0 -9999.0 -9999.0 -9999.0 -9999.0 -9999.0 -9999.0 -9999.0 -9999.0 -9999.0 -9999.0 -9999.0 -9999.0 -9999.0 -9999.0 -9999.0 287.1 257.9 198.2 193.2 273.6 330.2 239.7 -9999.0 -9999.0 -9999.0 -9999.0 -9999.0 -9999.0 -9999.0 90.9 104.6 127.0 135.8 143.4 153.7 181.8 244.0
-9999.0 -9999.0 -9999.0 -9999.0 -9999.0 -9999.0 -9999.0 -9999.0 -9999.0 -9999.0 -9999.0 -9999.0 -9999.0 -9999.0 -9999.0 -9999.0 -9999.0 -9999.0 -9999.0 -9999.0 -9999.0 -9999.0 -9999.0 -9999.0 -9999.0 -9999.0 -9999.0 -9999.0 -9999.0 -9999.0 -9999.0 -9999.0 -9999.0 -9999.0 -9999.0 -9999.0 -9999.0 -9999.0 -9999.0 -9999.0 -9999.0 -9999.0 -9999.0 -9999.0 -9999.0 -9999.0 -9999.0 -9999.0 -9999.0 -9999.0 -9999.0 -9999.0 -9999.0 -9999.0 -9999.0 280.2 349.2 277.4 271.0 326.1 304.3 -9999.0 -9999.0 -9999.0 -9999.0 -9999.0 -9999.0 -9999.0 -9999.0 -9999.0 121.2 -9999.0 -9999.0 -9999.0 -9999.0 -9999.0
-9999.0 -9999.0 -9999.0 -9999.0 -9999.0 -9999.0 -9999.0 -9999.0 -9999.0 -9999.0 -9999.0 -9999.0 -9999.0 -9999.0 -9999.0 -9999.0 -9999.0 -9999.0 -9999.0 -9999.0 -9999.0 -9999.0 -9999.0 -9999.0 -9999.0 -9999.0 -9999.0 -9999.0 -9999.0 -9999.0 -9999.0 -9999.0 -9999.0 -9999.0 -9999.0 -9999.0 -9999.0 -9999.0 -9999.0 -9999.0 -9999.0 -9999.0 -9999.0 -9999.0 -9999.0 -9999.0 -9999.0 -9999.0 -9999.0 -9999.0 -9999.0 -9999.0 -9999.0 -9999.0 -9999.0 -9999.0 -9999.0 -9999.0 339.2 310.9 -9999.0 -9999.0 -9999.0 -9999.0 -9999.0 -9999.0 -9999.0 -9999.0 -9999.0 -9999.0 -9999.0 -9999.0 -9999.0 -9999.0 -9999.0 119.8
-9999.0 -9999.0 -9999.0 -9999.0 -9999.0 -9999.0 -9999.0 -9999.0 -9999.0 -9999.0 -9999.0 -9999.0 -9999.0 -9999.0 -9999.0 -9999.0 -9999.0 -9999.0 -9999.0 -9999.0 -9999.0 -9999.0 -9999.0 -9999.0 -9999.0 -9999.0 -9999.0 -9999.0 -9999.0 -9999.0 -9999.0 -9999.0 -9999.0 -9999.0 -9999.0 -9999.0 -9999.0 -9999.0 -9999.0 -9999.0 -9999.0 -9999.0 -9999.0 -9999.0 -9999.0 -9999.0 -9999.0 -9999.0 -9999.0 -9999.0 -9999.0 -9999.0 -9999.0 -9999.0 -9999.0 -9999.0 -9999.0 -9999.0 -9999.0 -9999.0 -9999.0 -9999.0 -9999.0 -9999.0 -9999.0 -9999.0 -9999.0 -9999.0 -9999.0 -9999.0 -9999.0 -9999.0 -9999.0 -9999.0 -9999.0 -9999.0
