program/excelProcessViaJava/data/SURF_CLI_CHN_PRE_MON_GRID_0.5-200111.txt
NCOLS      128
NROWS       72
XLLCORNER    72.000000000000    
YLLCORNER    18.000000000000    
CELLSIZE    0.50000000000000    
NODATA_VALUE   -9999.000    
[rows 35 to 69 of 72, columns 0 to 79 of 128]
-9999.0 -9999.0 -9999.0 -9999.0 -9999.0 -9999.0 -9999.0 0.0 0.0 0.0 0.0 0.0 0.0 0.0 0.0 0.0 0.0 0.0 0.0 0.0 0.0 0.0 0.0 0.0 0.0 0.0 0.0 0.0 0.0 0.1 0.1 0.1 0.1 0.2 0.3 0.2 0.6 0.5 0.9 1.0 0.2 0.9 0.5 0.1 0.1 0.1 0.1 0.1 0.1 0.3 1.1 1.9 2.5 5.9 6.3 2.6 1.3 1.0 5.1 2.0 3.3 0.7 0.5 0.6 0.8 1.4 1.8 2.6 2.9 4.1 5.1 6.8 8.3 7.8 6.3 6.8 6.5 8.1 8.2 4.7
-9999.0 -9999.0 -9999.0 -9999.0 -9999.0 -9999.0 -9999.0 0.0 0.0 0.0 0.0 0.0 0.0 0.0 0.0 0.0 0.0 0.0 0.0 0.0 0.0 0.0 0.0 0.0 0.0 0.0 0.0 0.1 0.1 0.1 0.1 0.2 0.2 0.4 0.3 0.4 0.4 0.7 0.7 0.5 0.5 0.4 0.4 1.1 0.1 0.1 0.1 0.1 0.5 0.5 3.0 3.1 2.4 4.3 8.5 4.8 2.8 2.6 4.2 4.3 1.9 0.9 1.1 1.5 2.0 2.0 2.4 3.2 4.8 4.0 4.5 5.7 7.3 8.0 6.2 7.4 7.3 6.1 3.9 3.5
-9999.0 -9999.0 -9999.0 -9999.0 -9999.0 -9999.0 -9999.0 -9999.0 -9999.0 0.0 0.0 0.0 0.0 0.0 0.0 0.0 0.0 0.0 0.0 0.0 0.0 0.0 0.0 0.0 0.0 0.0 0.1 0.1 0.1 0.2 0.1 0.2 0.3 0.4 0.3 0.3 0.4 0.6 0.5 0.6 0.4 0.5 0.3 0.2 0.3 0.2 0.3 0.4 0.8 1.5 3.2 3.2 3.6 4.9 9.5 7.3 4.2 3.1 5.4 3.9 2.8 2.6 2.2 3.0 2.9 3.4 4.1 5.1 7.1 5.5 5.1 4.9 5.5 6.3 6.4 3.4 3.0 2.8 2.3 2.1
-9999.0 -9999.0 -9999.0 -9999.0 -9999.0 -9999.0 -9999.0 -9999.0 -9999.0 -9999.0 -9999.0 0.0 0.0 0.0 0.0 0.0 0.0 0.0 0.0 0.0 0.0 0.0 0.0 0.0 0.1 0.1 0.2 0.2 0.3 0.3 0.3 0.6 0.4 0.5 0.4 0.9 0.5 0.6 2.0 0.8 1.1 0.6 0.3 0.2 0.8 0.3 1.4 1.1 2.4 3.5 3.5 4.5 5.4 7.8 11.5 10.9 8.9 8.6 6.8 5.9 6.2 4.4 4.1 4.2 4.0 6.0 5.4 6.9 8.3 7.5 5.6 4.5 3.9 3.6 2.8 1.8 1.6 1.9 1.4 1.2
-9999.0 -9999.0 -9999.0 -9999.0 -9999.0 -9999.0 -9999.0 -9999.0 -9999.0 -9999.0 -9999.0 -9999.0 0.0 0.0 0.0 0.0 0.0 0.0 0.0 0.0 0.0 0.0 0.1 0.1 0.5 0.2 0.3 0.5 0.5 0.9 0.7 0.6 0.6 0.9 0.9 0.8 1.8 1.0 0.8 0.7 0.7 0.7 0.6 0.7 0.7 1.0 1.9 1.5 3.2 5.4 9.5 10.1 8.8 8.4 10.1 11.7 12.1 12.9 8.0 10.6 9.9 9.0 7.4 6.3 7.4 7.3 7.1 8.8 9.9 8.9 4.3 2.9 2.7 2.4 1.8 3.1 2.5 2.6 1.8 2.8
-9999.0 -9999.0 -9999.0 -9999.0 -9999.0 -9999.0 -9999.0 -9999.0 -9999.0 -9999.0 -9999.0 -9999.0 0.0 0.0 0.0 0.0 0.0 0.0 0.0 0.1 0.1 0.1 0.2 0.2 0.3 0.4 0.5 0.5 0.7 0.7 0.9 1.3 1.0 0.9 1.1 0.9 1.7 1.9 1.6 1.6 1.2 1.1 1.8 0.9 1.5 2.6 2.0 2.6 3.1 7.4 10.0 12.5 10.7 11.5 9.2 10.9 10.1 10.7 9.6 11.2 12.5 11.5 9.2 8.6 10.8 9.6 3.7 5.6 7.4 8.0 8.2 9.2 7.3 2.1 1.7 2.0 3.4 4.2 3.8 2.8
-9999.0 -9999.0 -9999.0 -9999.0 -9999.0 -9999.0 -9999.0 -9999.0 -9999.0 -9999.0 -9999.0 -9999.0 -9999.0 0.0 0.0 0.0 0.0 0.0 0.1 0.1 0.1 0.2 0.3 0.4 0.5 0.8 0.9 1.3 1.2 1.2 1.0 1.0 1.5 1.5 0.9 0.9 1.1 1.8 5.7 3.7 3.3 3.6 2.7 3.5 2.2 2.0 3.4 5.4 7.7 9.9 12.5 12.2 11.8 17.1 13.4 11.3 9.8 10.4 12.5 10.7 11.2 12.1 10.5 12.3 10.2 9.0 10.8 11.3 13.9 9.7 2.6 2.8 3.6 2.8 3.5 3.5 5.2 7.0 7.4 6.7
-9999.0 -9999.0 -9999.0 -9999.0 -9999.0 -9999.0 -9999.0 -9999.0 -9999.0 -9999.0 -9999.0 -9999.0 0.0 0.1 0.1 0.1 0.2 0.2 0.2 0.3 0.3 0.4 0.5 0.5 0.6 0.9 0.9 0.9 1.0 1.2 1.2 1.1 1.7 1.2 1.3 1.0 2.0 1.5 2.3 3.8 7.6 9.8 10.1 3.1 3.4 3.7 3.7 3.8 5.9 8.5 13.1 16.6 12.7 13.4 10.5 10.0 11.4 10.1 10.2 10.1 11.1 11.9 12.3 12.0 10.5 11.0 9.8 14.3 23.3 24.2 18.2 9.6 5.4 4.6 5.3 6.9 8.9 9.8 10.6 10.6
-9999.0 -9999.0 -9999.0 -9999.0 -9999.0 -9999.0 -9999.0 -9999.0 -9999.0 -9999.0 -9999.0 -9999.0 0.2 0.1 0.2 0.9 0.8 0.6 0.7 0.8 0.7 0.7 0.7 0.6 0.7 0.7 0.7 0.8 0.9 1.0 1.0 1.2 1.6 1.1 1.0 1.1 1.0 1.8 3.1 4.0 5.7 5.1 4.2 3.7 3.6 4.1 6.1 6.0 6.5 5.1 7.0 10.9 8.6 7.5 7.6 7.8 9.3 10.4 10.4 11.6 13.4 16.1 16.6 13.9 10.4 12.5 17.7 20.1 19.6 19.9 17.9 14.0 10.8 10.4 10.9 10.5 12.3 13.1 13.2 12.7
-9999.0 -9999.0 -9999.0 -9999.0 -9999.0 -9999.0 -9999.0 -9999.0 -9999.0 -9999.0 -9999.0 -9999.0 0.4 0.8 0.9 1.2 1.5 2.0 1.7 1.6 1.6 1.3 0.7 0.7 0.5 0.7 0.6 0.9 0.7 0.8 0.9 1.4 1.1 1.0 0.9 1.0 1.2 2.0 3.2 6.7 7.4 5.2 8.8 2.3 3.5 5.7 6.3 4.1 3.1 4.0 5.1 4.6 11.2 11.9 7.4 5.7 7.0 8.7 10.3 10.1 12.8 16.3 25.3 12.9 7.1 16.2 20.9 27.2 29.2 25.2 24.4 25.2 19.6 18.5 29.7 17.3 22.8 15.1 16.1 14.6
-9999.0 -9999.0 -9999.0 -9999.0 -9999.0 -9999.0 -9999.0 -9999.0 -9999.0 -9999.0 -9999.0 -9999.0 -9999.0 3.5 3.3 3.1 3.5 3.6 3.2 2.7 3.0 1.2 1.0 0.8 0.3 0.3 0.3 0.4 0.5 0.6 0.8 0.9 1.1 0.9 0.9 1.8 2.0 1.8 3.6 5.4 7.3 13.5 13.9 8.5 3.2 2.7 3.5 1.4 3.0 2.9 2.4 4.0 3.2 2.3 5.0 5.7 3.9 4.7 8.2 17.4 18.2 42.7 26.7 5.2 12.8 14.0 21.0 28.8 30.2 32.1 32.2 28.1 25.1 16.1 18.6 15.2 14.6 16.1 19.2 17.1
-9999.0 -9999.0 -9999.0 -9999.0 -9999.0 -9999.0 -9999.0 -9999.0 -9999.0 -9999.0 -9999.0 -9999.0 -9999.0 4.7 5.6 5.7 6.3 6.0 5.0 3.6 3.3 2.1 1.4 0.6 0.2 0.2 0.2 0.2 0.3 0.8 0.7 0.8 0.7 0.8 1.2 1.4 1.0 1.5 3.7 11.2 7.9 9.9 9.9 8.0 11.2 3.5 2.2 0.8 0.9 1.0 1.4 0.8 1.3 2.8 4.8 3.8 2.6 3.7 9.3 6.1 22.4 13.0 7.9 14.7 8.3 11.4 21.1 30.2 32.0 30.9 30.9 27.3 22.1 21.8 21.7 22.2 26.0 17.8 21.3 21.6
-9999.0 -9999.0 -9999.0 -9999.0 -9999.0 -9999.0 -9999.0 -9999.0 -9999.0 -9999.0 -9999.0 -9999.0 -9999.0 -9999.0 -9999.0 8.5 8.9 7.9 6.5 4.5 3.1 1.3 0.5 0.3 0.2 0.2 0.5 0.2 0.5 0.2 0.3 0.3 0.8 0.9 0.7 2.1 3.3 0.6 1.7 3.7 9.2 11.4 9.8 6.9 3.5 3.5 1.6 1.8 0.6 1.8 0.3 1.5 0.4 0.7 1.5 2.0 3.2 2.2 14.3 26.5 10.0 9.7 20.7 11.9 9.2 15.7 28.3 37.7 35.0 31.3 28.8 24.1 29.1 30.4 25.1 32.2 29.2 35.3 28.1 29.6
-9999.0 -9999.0 -9999.0 -9999.0 -9999.0 -9999.0 -9999.0 -9999.0 -9999.0 -9999.0 -9999.0 -9999.0 -9999.0 -9999.0 -9999.0 -9999.0 -9999.0 20.9 10.5 -9999.0 3.1 1.5 0.3 0.1 0.2 0.2 0.5 0.2 0.2 0.2 0.1 0.1 0.6 0.2 0.2 0.4 2.6 0.2 0.9 2.1 4.4 9.1 6.7 4.5 12.5 6.2 56.4 1.9 1.7 0.4 3.2 0.2 2.3 0.8 1.8 3.1 2.6 11.4 18.9 33.2 8.5 17.7 25.1 19.9 17.6 25.5 39.9 45.0 39.7 33.4 31.7 31.0 33.6 30.2 33.9 38.9 35.9 36.9 40.2 42.7
-9999.0 -9999.0 -9999.0 -9999.0 -9999.0 -9999.0 -9999.0 -9999.0 -9999.0 -9999.0 -9999.0 -9999.0 -9999.0 -9999.0 -9999.0 -9999.0 -9999.0 -9999.0 -9999.0 -9999.0 -9999.0 1.2 0.6 1.1 0.3 0.2 0.2 0.2 0.2 0.2 0.1 0.1 0.1 0.1 0.1 0.2 0.2 0.2 0.2 0.1 0.3 5.7 6.3 4.2 12.8 3.5 77.9 8.2 2.4 24.9 0.6 2.6 2.5 1.6 2.3 5.7 9.4 10.8 40.1 39.8 14.0 18.4 29.9 26.4 29.4 39.4 53.3 53.9 49.4 40.0 34.2 29.7 29.8 30.0 33.7 39.9 46.3 50.8 55.1 61.3
-9999.0 -9999.0 -9999.0 -9999.0 -9999.0 -9999.0 -9999.0 -9999.0 -9999.0 -9999.0 -9999.0 -9999.0 -9999.0 -9999.0 -9999.0 -9999.0 -9999.0 -9999.0 -9999.0 -9999.0 -9999.0 -9999.0 -9999.0 1.5 0.4 0.5 0.7 0.6 0.4 0.2 0.1 0.1 0.3 0.1 0.3 0.3 0.8 0.2 1.2 2.4 2.3 5.0 2.0 1.9 12.8 77.8 28.0 19.3 25.1 19.3 4.0 3.0 3.2 4.7 4.7 2.7 10.3 25.7 16.4 49.5 21.6 26.6 25.3 21.7 27.0 43.8 59.8 59.5 43.3 41.5 30.0 28.3 28.0 32.2 38.2 47.8 57.2 63.5 69.4 76.0
-9999.0 -9999.0 -9999.0 -9999.0 -9999.0 -9999.0 -9999.0 -9999.0 -9999.0 -9999.0 -9999.0 -9999.0 -9999.0 -9999.0 -9999.0 -9999.0 -9999.0 -9999.0 -9999.0 -9999.0 -9999.0 -9999.0 -9999.0 -9999.0 -9999.0 11.5 3.6 1.9 1.1 1.6 0.2 0.1 0.1 0.1 0.1 0.6 3.5 0.5 2.2 1.0 4.0 1.3 6.0 7.3 44.5 72.5 51.5 79.5 7.2 13.0 6.1 5.9 9.0 10.8 6.1 6.6 14.2 17.2 42.1 52.0 50.6 43.0 97.5 21.5 26.7 40.4 49.9 42.2 34.8 29.7 29.1 28.7 31.0 35.9 46.6 55.8 58.2 68.1 94.4 81.7
-9999.0 -9999.0 -9999.0 -9999.0 -9999.0 -9999.0 -9999.0 -9999.0 -9999.0 -9999.0 -9999.0 -9999.0 -9999.0 -9999.0 -9999.0 -9999.0 -9999.0 -9999.0 -9999.0 -9999.0 -9999.0 -9999.0 -9999.0 -9999.0 -9999.0 -9999.0 -9999.0 21.6 19.6 4.1 1.9 0.9 0.4 0.5 0.2 2.8 0.3 0.4 0.5 0.7 1.8 0.8 10.1 37.7 49.4 64.7 75.7 74.1 65.9 22.3 27.6 18.3 11.0 10.5 11.8 16.4 12.0 13.7 38.9 31.1 22.9 53.9 27.8 26.1 36.9 37.9 41.6 40.3 34.2 30.5 32.6 31.5 42.3 46.1 57.3 66.6 87.5 96.3 84.2 82.2
-9999.0 -9999.0 -9999.0 -9999.0 -9999.0 -9999.0 -9999.0 -9999.0 -9999.0 -9999.0 -9999.0 -9999.0 -9999.0 -9999.0 -9999.0 -9999.0 -9999.0 -9999.0 -9999.0 -9999.0 -9999.0 -9999.0 -9999.0 -9999.0 -9999.0 -9999.0 -9999.0 -9999.0 -9999.0 -9999.0 -9999.0 -9999.0 -9999.0 5.6 0.4 -9999.0 -9999.0 -9999.0 4.5 1.1 3.1 8.9 8.1 41.1 57.3 60.9 -9999.0 -9999.0 -9999.0 -9999.0 -9999.0 -9999.0 13.6 20.3 14.1 15.1 17.1 16.9 19.7 22.3 32.8 51.6 33.1 27.1 26.1 31.4 33.7 30.5 27.8 34.5 46.1 43.8 52.9 63.6 75.4 86.0 117.8 113.1 102.8 98.1
-9999.0 -9999.0 -9999.0 -9999.0 -9999.0 -9999.0 -9999.0 -9999.0 -9999.0 -9999.0 -9999.0 -9999.0 -9999.0 -9999.0 -9999.0 -9999.0 -9999.0 -9999.0 -9999.0 -9999.0 -9999.0 -9999.0 -9999.0 -9999.0 -9999.0 -9999.0 -9999.0 -9999.0 -9999.0 -9999.0 -9999.0 -9999.0 -9999.0 -9999.0 -9999.0 -9999.0 -9999.0 -9999.0 -9999.0 29.9 31.0 35.2 40.2 44.6 -9999.0 -9999.0 -9999.0 -9999.0 -9999.0 -9999.0 -9999.0 -9999.0 18.7 28.0 22.3 22.8 25.2 24.7 25.2 29.4 35.1 42.0 41.5 22.3 26.4 30.0 32.1 27.3 30.1 30.3 40.6 62.0 77.4 80.5 84.2 99.8 120.8 115.2 115.7 88.8
-9999.0 -9999.0 -9999.0 -9999.0 -9999.0 -9999.0 -9999.0 -9999.0 -9999.0 -9999.0 -9999.0 -9999.0 -9999.0 -9999.0 -9999.0 -9999.0 -9999.0 -9999.0 -9999.0 -9999.0 -9999.0 -9999.0 -9999.0 -9999.0 -9999.0 -9999.0 -9999.0 -9999.0 -9999.0 -9999.0 -9999.0 -9999.0 -9999.0 -9999.0 -9999.0 -9999.0 -9999.0 -9999.0 -9999.0 -9999.0 -9999.0 -9999.0 -9999.0 -9999.0 -9999.0 -9999.0 -9999.0 -9999.0 -9999.0 -9999.0 -9999.0 -9999.0 33.8 35.7 28.8 35.3 34.6 31.8 30.9 34.6 37.1 36.1 97.1 25.6 27.1 25.3 26.3 30.1 38.0 43.9 58.0 75.3 76.6 86.2 89.7 87.7 102.7 87.8 69.2 67.3
-9999.0 -9999.0 -9999.0 -9999.0 -9999.0 -9999.0 -9999.0 -9999.0 -9999.0 -9999.0 -9999.0 -9999.0 -9999.0 -9999.0 -9999.0 -9999.0 -9999.0 -9999.0 -9999.0 -9999.0 -9999.0 -9999.0 -9999.0 -9999.0 -9999.0 -9999.0 -9999.0 -9999.0 -9999.0 -9999.0 -9999.0 -9999.0 -9999.0 -9999.0 -9999.0 -9999.0 -9999.0 -9999.0 -9999.0 -9999.0 -9999.0 -9999.0 -9999.0 -9999.0 -9999.0 -9999.0 -9999.0 -9999.0 -9999.0 -9999.0 -9999.0 31.3 32.2 39.9 31.4 38.7 40.4 40.4 36.4 38.6 52.3 53.6 35.3 38.2 35.8 33.7 36.5 62.4 47.9 57.4 65.1 61.6 57.9 67.2 76.3 69.9 80.2 56.0 68.8 68.5
-9999.0 -9999.0 -9999.0 -9999.0 -9999.0 -9999.0 -9999.0 -9999.0 -9999.0 -9999.0 -9999.0 -9999.0 -9999.0 -9999.0 -9999.0 -9999.0 -9999.0 -9999.0 -9999.0 -9999.0 -9999.0 -9999.0 -9999.0 -9999.0 -9999.0 -9999.0 -9999.0 -9999.0 -9999.0 -9999.0 -9999.0 -9999.0 -9999.0 -9999.0 -9999.0 -9999.0 -9999.0 -9999.0 -9999.0 -9999.0 -9999.0 -9999.0 -9999.0 -9999.0 -9999.0 -9999.0 -9999.0 -9999.0 -9999.0 -9999.0 32.9 40.8 45.4 47.7 39.3 45.6 43.3 44.1 43.8 49.9 50.0 69.0 54.5 62.6 51.4 44.4 48.5 55.6 38.5 38.9 34.4 25.3 33.5 61.5 75.6 74.3 49.3 76.7 66.4 78.2
-9999.0 -9999.0 -9999.0 -9999.0 -9999.0 -9999.0 -9999.0 -9999.0 -9999.0 -9999.0 -9999.0 -9999.0 -9999.0 -9999.0 -9999.0 -9999.0 -9999.0 -9999.0 -9999.0 -9999.0 -9999.0 -9999.0 -9999.0 -9999.0 -9999.0 -9999.0 -9999.0 -9999.0 -9999.0 -9999.0 -9999.0 -9999.0 -9999.0 -9999.0 -9999.0 -9999.0 -9999.0 -9999.0 -9999.0 -9999.0 -9999.0 -9999.0 -9999.0 -9999.0 -9999.0 -9999.0 -9999.0 -9999.0 -9999.0 -9999.0 35.2 61.3 53.3 61.6 59.9 55.2 51.8 61.7 59.1 55.7 53.7 58.7 52.3 59.0 49.1 31.9 36.8 39.8 24.3 19.5 18.4 21.8 36.5 63.3 70.4 61.2 67.0 78.6 91.4 88.4
-9999.0 -9999.0 -9999.0 -9999.0 -9999.0 -9999.0 -9999.0 -9999.0 -9999.0 -9999.0 -9999.0 -9999.0 -9999.0 -9999.0 -9999.0 -9999.0 -9999.0 -9999.0 -9999.0 -9999.0 -9999.0 -9999.0 -9999.0 -9999.0 -9999.0 -9999.0 -9999.0 -9999.0 -9999.0 -9999.0 -9999.0 -9999.0 -9999.0 -9999.0 -9999.0 -9999.0 -9999.0 -9999.0 -9999.0 -9999.0 -9999.0 -9999.0 -9999.0 -9999.0 -9999.0 -9999.0 -9999.0 -9999.0 -9999.0 -9999.0 38.2 57.7 60.3 87.3 73.3 71.0 84.8 83.2 77.1 66.9 61.3 61.1 52.9 34.1 30.8 19.2 14.0 13.5 12.8 13.1 21.6 38.1 57.6 76.5 65.9 57.6 65.3 84.9 86.1 71.3
-9999.0 -9999.0 -9999.0 -9999.0 -9999.0 -9999.0 -9999.0 -9999.0 -9999.0 -9999.0 -9999.0 -9999.0 -9999.0 -9999.0 -9999.0 -9999.0 -9999.0 -9999.0 -9999.0 -9999.0 -9999.0 -9999.0 -9999.0 -9999.0 -9999.0 -9999.0 -9999.0 -9999.0 -9999.0 -9999.0 -9999.0 -9999.0 -9999.0 -9999.0 -9999.0 -9999.0 -9999.0 -9999.0 -9999.0 -9999.0 -9999.0 -9999.0 -9999.0 -9999.0 -9999.0 -9999.0 -9999.0 -9999.0 -9999.0 -9999.0 58.5 81.4 82.2 90.6 89.9 99.6 91.3 101.3 91.1 68.7 62.1 49.4 28.5 25.7 24.3 17.2 14.3 8.8 15.2 14.2 29.3 52.7 78.0 80.4 57.2 44.5 45.0 47.4 45.4 29.5
-9999.0 -9999.0 -9999.0 -9999.0 -9999.0 -9999.0 -9999.0 -9999.0 -9999.0 -9999.0 -9999.0 -9999.0 -9999.0 -9999.0 -9999.0 -9999.0 -9999.0 -9999.0 -9999.0 -9999.0 -9999.0 -9999.0 -9999.0 -9999.0 -9999.0 -9999.0 -9999.0 -9999.0 -9999.0 -9999.0 -9999.0 -9999.0 -9999.0 -9999.0 -9999.0 -9999.0 -9999.0 -9999.0 -9999.0 -9999.0 -9999.0 -9999.0 -9999.0 -9999.0 -9999.0 -9999.0 -9999.0 -9999.0 -9999.0 -9999.0 -9999.0 -9999.0 -9999.0 69.2 71.5 85.8 103.8 107.1 77.9 64.0 71.0 42.1 44.1 30.5 26.6 19.6 21.8 9.7 21.7 26.4 29.4 43.8 56.8 59.1 52.1 32.8 24.6 21.5 16.8 12.3
-9999.0 -9999.0 -9999.0 -9999.0 -9999.0 -9999.0 -9999.0 -9999.0 -9999.0 -9999.0 -9999.0 -9999.0 -9999.0 -9999.0 -9999.0 -9999.0 -9999.0 -9999.0 -9999.0 -9999.0 -9999.0 -9999.0 -9999.0 -9999.0 -9999.0 -9999.0 -9999.0 -9999.0 -9999.0 -9999.0 -9999.0 -9999.0 -9999.0 -9999.0 -9999.0 -9999.0 -9999.0 -9999.0 -9999.0 -9999.0 -9999.0 -9999.0 -9999.0 -9999.0 -9999.0 -9999.0 -9999.0 -9999.0 -9999.0 -9999.0 -9999.0 -9999.0 -9999.0 54.5 53.9 107.4 96.2 88.2 78.3 74.1 50.7 41.2 47.0 45.3 39.0 28.8 14.8 27.9 16.4 20.0 24.1 34.9 37.2 40.0 47.4 41.0 25.6 22.9 15.6 12.3
-9999.0 -9999.0 -9999.0 -9999.0 -9999.0 -9999.0 -9999.0 -9999.0 -9999.0 -9999.0 -9999.0 -9999.0 -9999.0 -9999.0 -9999.0 -9999.0 -9999.0 -9999.0 -9999.0 -9999.0 -9999.0 -9999.0 -9999.0 -9999.0 -9999.0 -9999.0 -9999.0 -9999.0 -9999.0 -9999.0 -9999.0 -9999.0 -9999.0 -9999.0 -9999.0 -9999.0 -9999.0 -9999.0 -9999.0 -9999.0 -9999.0 -9999.0 -9999.0 -9999.0 -9999.0 -9999.0 -9999.0 -9999.0 -9999.0 -9999.0 -9999.0 -9999.0 -9999.0 45.1 35.3 82.1 97.7 85.7 67.5 46.0 44.9 41.7 51.4 56.9 50.7 -9999.0 -9999.0 -9999.0 28.1 24.8 45.6 64.6 48.9 30.7 35.5 43.2 33.9 29.1 38.5 15.2
-9999.0 -9999.0 -9999.0 -9999.0 -9999.0 -9999.0 -9999.0 -9999.0 -9999.0 -9999.0 -9999.0 -9999.0 -9999.0 -9999.0 -9999.0 -9999.0 -9999.0 -9999.0 -9999.0 -9999.0 -9999.0 -9999.0 -9999.0 -9999.0 -9999.0 -9999.0 -9999.0 -9999.0 -9999.0 -9999.0 -9999.0 -9999.0 -9999.0 -9999.0 -9999.0 -9999.0 -9999.0 -9999.0 -9999.0 -9999.0 -9999.0 -9999.0 -9999.0 -9999.0 -9999.0 -9999.0 -9999.0 -9999.0 -9999.0 -9999.0 -9999.0 -9999.0 -9999.0 -9999.0 48.9 67.6 65.3 52.8 51.9 43.9 16.8 -9999.0 -9999.0 -9999.0 -9999.0 -9999.0 -9999.0 -9999.0 38.6 62.6 111.8 143.5 95.4 39.5 29.5 37.2 42.6 34.8 23.1 -9999.0
-9999.0 -9999.0 -9999.0 -9999.0 -9999.0 -9999.0 -9999.0 -9999.0 -9999.0 -9999.0 -9999.0 -9999.0 -9999.0 -9999.0 -9999.0 -9999.0 -9999.0 -9999.0 -9999.0 -9999.0 -9999.0 -9999.0 -9999.0 -9999.0 -9999.0 -9999.0 -9999.0 -9999.0 -9999.0 -9999.0 -9999.0 -9999.0 -9999.0 -9999.0 -9999.0 -9999.0 -9999.0 -9999.0 -9999.0 -9999.0 -9999.0 -9999.0 -9999.0 -9999.0 -9999.0 -9999.0 -9999.0 -9999.0 -9999.0 -9999.0 -9999.0 -9999.0 -9999.0 -9999.0 -9999.0 44.2 76.8 43.1 17.8 15.0 9.4 -9999.0 -9999.0 -9999.0 -9999.0 -9999.0 -9999.0 -9999.0 -9999.0 -9999.0 174.0 -9999.0 -9999.0 -9999.0 -9999.0 -9999.0 54.1 -9999.0 -9999.0 -9999.0
-9999.0 -9999.0 -9999.0 -9999.0 -9999.0 -9999.0 -9999.0 -9999.0 -9999.0 -9999.0 -9999.0 -9999.0 -9999.0 -9999.0 -9999.0 -9999.0 -9999.0 -9999.0 -9999.0 -9999.0 -9999.0 -9999.0 -9999.0 -9999.0 -9999.0 -9999.0 -9999.0 -9999.0 -9999.0 -9999.0 -9999.0 -9999.0 -9999.0 -9999.0 -9999.0 -9999.0 -9999.0 -9999.0 -9999.0 -9999.0 -9999.0 -9999.0 -9999.0 -9999.0 -9999.0 -9999.0 -9999.0 -9999.0 -9999.0 -9999.0 -9999.0 -9999.0 -9999.0 -9999.0 -9999.0 -9999.0 -9999.0 -9999.0 10.7 1.9 -9999.0 -9999.0 -9999.0 -9999.0 -9999.0 -9999.0 -9999.0 -9999.0 -9999.0 -9999.0 -9999.0 -9999.0 -9999.0 -9999.0 -9999.0 48.1 59.0 -9999.0 -9999.0 -9999.0
-9999.0 -9999.0 -9999.0 -9999.0 -9999.0 -9999.0 -9999.0 -9999.0 -9999.0 -9999.0 -9999.0 -9999.0 -9999.0 -9999.0 -9999.0 -9999.0 -9999.0 -9999.0 -9999.0 -9999.0 -9999.0 -9999.0 -9999.0 -9999.0 -9999.0 -9999.0 -9999.0 -9999.0 -9999.0 -9999.0 -9999.0 -9999.0 -9999.0 -9999.0 -9999.0 -9999.0 -9999.0 -9999.0 -9999.0 -9999.0 -9999.0 -9999.0 -9999.0 -9999.0 -9999.0 -9999.0 -9999.0 -9999.0 -9999.0 -9999.0 -9999.0 -9999.0 -9999.0 -9999.0 -9999.0 -9999.0 -9999.0 -9999.0 -9999.0 -9999.0 -9999.0 -9999.0 -9999.0 -9999.0 -9999.0 -9999.0 -9999.0 -9999.0 -9999.0 -9999.0 -9999.0 -9999.0 -9999.0 -9999.0 -9999.0 -9999.0 -9999.0 -9999.0 -9999.0 -9999.0
-9999.0 -9999.0 -9999.0 -9999.0 -9999.0 -9999.0 -9999.0 -9999.0 -9999.0 -9999.0 -9999.0 -9999.0 -9999.0 -9999.0 -9999.0 -9999.0 -9999.0 -9999.0 -9999.0 -9999.0 -9999.0 -9999.0 -9999.0 -9999.0 -9999.0 -9999.0 -9999.0 -9999.0 -9999.0 -9999.0 -9999.0 -9999.0 -9999.0 -9999.0 -9999.0 -9999.0 -9999.0 -9999.0 -9999.0 -9999.0 -9999.0 -9999.0 -9999.0 -9999.0 -9999.0 -9999.0 -9999.0 -9999.0 -9999.0 -9999.0 -9999.0 -9999.0 -9999.0 -9999.0 -9999.0 -9999.0 -9999.0 -9999.0 -9999.0 -9999.0 -9999.0 -9999.0 -9999.0 -9999.0 -9999.0 -9999.0 -9999.0 -9999.0 -9999.0 -9999.0 -9999.0 -9999.0 -9999.0 -9999.0 -9999.0 57.5 73.5 90.8 -9999.0 -9999.0
-9999.0 -9999.0 -9999.0 -9999.0 -9999.0 -9999.0 -9999.0 -9999.0 -9999.0 -9999.0 -9999.0 -9999.0 -9999.0 -9999.0 -9999.0 -9999.0 -9999.0 -9999.0 -9999.0 -9999.0 -9999.0 -9999.0 -9999.0 -9999.0 -9999.0 -9999.0 -9999.0 -9999.0 -9999.0 -9999.0 -9999.0 -9999.0 -9999.0 -9999.0 -9999.0 -9999.0 -9999.0 -9999.0 -9999.0 -9999.0 -9999.0 -9999.0 -9999.0 -9999.0 -9999.0 -9999.0 -9999.0 -9999.0 -9999.0 -9999.0 -9999.0 -9999.0 -9999.0 -9999.0 -9999.0 -9999.0 -9999.0 -9999.0 -9999.0 -9999.0 -9999.0 -9999.0 -9999.0 -9999.0 -9999.0 -9999.0 -9999.0 -9999.0 -9999.0 -9999.0 -9999.0 -9999.0 -9999.0 28.0 51.4 78.5 126.9 -9999.0 -9999.0 -9999.0
