program/excelProcessViaJava/data/SURF_CLI_CHN_PRE_MON_GRID_0.5-199411.txt
NCOLS      128
NROWS       72
XLLCORNER    72.000000000000    
YLLCORNER    18.000000000000    
CELLSIZE    0.50000000000000    
NODATA_VALUE   -9999.000    
[rows 35 to 69 of 72, columns 0 to 78 of 128]
-9999.0 -9999.0 -9999.0 -9999.0 -9999.0 -9999.0 -9999.0 0.7 1.0 0.3 1.0 0.6 0.1 0.1 0.1 0.1 0.0 0.0 0.1 0.0 0.0 0.0 0.0 0.1 0.1 0.1 0.2 0.3 0.5 0.9 1.1 1.3 1.4 1.8 2.5 2.0 3.3 2.9 4.6 5.0 1.3 5.6 4.3 2.0 0.8 0.3 0.5 0.4 0.5 0.4 0.6 0.8 0.6 0.7 0.5 0.5 1.1 3.3 6.3 8.7 7.0 1.0 0.2 0.2 0.5 0.8 2.1 3.9 4.5 6.5 8.8 13.3 18.2 23.8 29.5 30.4 36.0 33.0 35.6
-9999.0 -9999.0 -9999.0 -9999.0 -9999.0 -9999.0 -9999.0 3.5 0.4 0.9 1.0 0.3 0.3 0.5 0.1 0.3 0.1 0.1 0.1 0.0 0.0 0.1 0.1 0.1 0.1 0.1 0.2 0.4 0.4 0.5 1.0 1.3 1.5 2.4 2.0 2.4 2.3 3.5 3.6 3.3 3.5 3.4 3.7 6.5 2.1 0.9 1.3 1.3 2.2 1.4 2.0 1.3 0.9 0.8 1.1 0.8 1.1 2.2 4.4 6.6 6.9 4.2 1.3 1.0 1.0 2.0 4.6 7.6 11.6 10.4 14.2 18.8 22.9 29.3 37.5 30.8 27.8 35.2 58.4
-9999.0 -9999.0 -9999.0 -9999.0 -9999.0 -9999.0 -9999.0 -9999.0 -9999.0 1.0 0.7 0.4 0.7 0.4 0.2 0.1 0.1 0.4 0.1 0.2 0.1 0.1 0.1 0.1 0.1 0.1 0.2 0.3 0.4 0.8 0.6 1.0 1.2 1.8 1.4 1.7 1.9 2.8 2.6 3.3 2.7 3.2 2.7 2.1 3.1 3.0 3.2 3.0 2.9 2.5 2.4 1.8 1.6 1.8 2.4 1.8 1.6 2.2 4.4 6.9 8.2 7.8 6.4 2.3 2.6 4.0 7.2 10.7 17.2 15.3 19.0 23.6 27.8 34.3 37.7 47.0 44.9 44.6 49.5
-9999.0 -9999.0 -9999.0 -9999.0 -9999.0 -9999.0 -9999.0 -9999.0 -9999.0 -9999.0 -9999.0 1.3 0.2 0.8 0.3 0.3 0.2 0.1 0.1 0.1 0.1 0.1 0.1 0.1 0.2 0.2 0.3 0.4 0.5 0.6 0.8 1.4 1.2 1.4 1.4 3.1 2.1 2.6 6.6 3.3 4.4 2.8 1.9 1.6 4.2 2.7 5.5 4.3 4.5 3.8 2.9 2.9 3.2 3.9 5.1 5.0 4.2 4.7 6.2 8.8 11.0 11.0 8.6 5.3 5.4 4.8 5.2 10.5 16.8 18.9 22.9 32.1 38.9 46.8 62.0 58.0 52.3 35.8 37.3
-9999.0 -9999.0 -9999.0 -9999.0 -9999.0 -9999.0 -9999.0 -9999.0 -9999.0 -9999.0 -9999.0 -9999.0 0.4 0.3 0.6 0.3 0.6 0.2 0.2 0.3 0.1 0.1 0.1 0.1 0.5 0.2 0.2 0.5 0.6 1.2 1.0 1.1 1.2 2.0 2.3 2.2 5.0 3.1 2.6 2.1 1.9 1.7 1.6 2.4 2.5 3.7 5.5 4.4 5.0 4.8 5.5 5.5 5.7 6.8 8.5 9.4 9.1 9.0 8.7 11.1 13.8 14.9 14.1 10.2 6.1 9.3 7.7 12.2 17.6 22.3 34.3 49.2 57.0 66.1 59.6 34.2 24.3 21.9 29.7
-9999.0 -9999.0 -9999.0 -9999.0 -9999.0 -9999.0 -9999.0 -9999.0 -9999.0 -9999.0 -9999.0 -9999.0 1.8 0.3 0.2 0.4 0.2 0.2 0.2 0.2 0.1 0.2 0.1 0.1 0.1 0.2 0.2 0.3 0.5 0.6 1.0 1.7 1.5 1.5 2.0 1.9 4.1 5.0 4.3 3.5 2.1 1.6 3.5 1.5 3.2 5.5 4.3 4.9 4.5 6.1 6.3 7.5 8.1 10.3 11.9 13.2 12.2 11.1 10.3 11.6 13.7 15.1 15.3 14.6 8.0 9.8 9.1 15.6 26.8 39.9 52.1 62.3 70.6 79.5 55.1 31.9 21.7 16.4 18.9
-9999.0 -9999.0 -9999.0 -9999.0 -9999.0 -9999.0 -9999.0 -9999.0 -9999.0 -9999.0 -9999.0 -9999.0 -9999.0 0.6 1.1 0.2 0.3 0.2 0.1 0.1 0.1 0.1 0.2 0.1 0.1 0.3 0.4 0.8 0.8 1.0 0.9 1.1 1.9 2.1 1.3 1.6 2.4 4.2 12.5 7.6 5.7 5.9 4.1 6.4 3.7 3.2 5.9 8.4 9.4 9.2 9.2 8.8 9.6 14.1 14.2 14.2 13.0 11.7 11.5 10.1 10.6 11.6 13.1 10.1 7.9 10.8 15.4 27.7 51.3 89.7 126.4 129.7 120.3 85.8 56.1 29.0 18.6 20.8 34.8
-9999.0 -9999.0 -9999.0 -9999.0 -9999.0 -9999.0 -9999.0 -9999.0 -9999.0 -9999.0 -9999.0 -9999.0 0.9 1.7 1.0 0.3 0.7 0.3 0.2 0.1 0.1 0.1 0.1 0.1 0.2 0.3 0.4 0.4 0.6 1.0 1.2 1.1 2.2 1.5 1.8 1.5 3.8 3.0 4.4 6.3 13.8 18.3 19.9 5.3 7.1 8.0 7.5 7.5 10.1 11.0 13.0 14.4 11.0 13.0 12.4 12.5 12.5 10.5 9.7 8.0 7.9 9.8 10.6 14.4 13.4 15.8 27.7 51.0 78.1 95.1 127.8 145.1 92.2 42.6 27.3 21.4 25.5 33.3 37.4
-9999.0 -9999.0 -9999.0 -9999.0 -9999.0 -9999.0 -9999.0 -9999.0 -9999.0 -9999.0 -9999.0 -9999.0 1.8 0.3 0.4 1.9 1.0 0.2 0.1 0.2 0.1 0.2 0.2 0.2 0.2 0.2 0.3 0.4 0.6 0.7 1.0 1.4 2.3 1.3 1.1 1.3 1.4 3.4 5.4 5.0 7.2 6.4 6.6 8.3 10.2 13.3 19.6 18.3 16.7 10.4 10.1 13.0 9.0 8.0 9.4 9.9 10.4 10.6 9.5 10.1 11.0 13.4 10.2 13.0 17.4 21.1 31.8 61.5 112.4 162.3 162.5 118.8 68.0 53.3 44.0 22.1 24.2 21.4 26.9
-9999.0 -9999.0 -9999.0 -9999.0 -9999.0 -9999.0 -9999.0 -9999.0 -9999.0 -9999.0 -9999.0 -9999.0 0.2 1.1 0.2 0.3 0.2 0.8 0.2 0.2 0.5 0.5 0.2 0.3 0.3 0.5 0.5 0.9 0.6 0.8 1.2 2.4 1.9 1.5 1.2 1.2 1.8 3.9 5.6 11.3 10.6 6.2 21.5 4.6 14.8 27.1 30.1 22.1 13.9 12.1 11.3 7.2 18.2 17.7 11.5 8.8 10.5 11.5 12.1 10.3 10.2 11.9 22.7 18.7 24.5 31.1 38.9 59.3 101.3 134.7 120.5 94.4 61.3 57.0 75.8 41.4 42.5 24.0 26.2
-9999.0 -9999.0 -9999.0 -9999.0 -9999.0 -9999.0 -9999.0 -9999.0 -9999.0 -9999.0 -9999.0 -9999.0 -9999.0 3.6 2.0 0.3 0.3 0.2 0.5 0.6 1.8 0.5 0.8 1.0 0.5 0.6 0.5 0.5 0.8 0.7 1.7 2.2 3.1 2.5 2.4 4.6 5.6 5.5 9.8 11.3 13.8 36.1 44.4 34.6 17.7 21.8 30.4 14.6 22.6 16.3 7.5 14.1 9.6 5.0 11.6 12.1 9.4 11.1 13.6 18.8 17.7 34.6 25.6 26.3 30.4 35.2 41.0 60.5 97.1 111.1 89.3 56.8 51.3 27.7 47.1 43.4 39.9 38.0 40.2
-9999.0 -9999.0 -9999.0 -9999.0 -9999.0 -9999.0 -9999.0 -9999.0 -9999.0 -9999.0 -9999.0 -9999.0 -9999.0 0.1 2.1 0.4 1.7 0.3 0.3 0.6 2.3 2.1 2.2 1.6 0.8 0.9 0.9 0.6 0.6 2.4 2.2 2.9 3.2 4.0 5.6 6.4 5.8 8.8 17.0 39.1 26.6 34.8 40.1 40.6 61.4 33.7 30.0 13.5 13.6 10.7 14.1 4.3 9.5 13.0 15.0 11.7 9.0 11.1 15.7 9.7 21.6 14.2 25.4 36.0 37.8 39.4 45.2 66.8 92.3 94.8 70.1 49.1 39.9 48.2 64.3 77.6 75.6 62.8 74.4
-9999.0 -9999.0 -9999.0 -9999.0 -9999.0 -9999.0 -9999.0 -9999.0 -9999.0 -9999.0 -9999.0 -9999.0 -9999.0 -9999.0 -9999.0 0.7 0.5 0.9 0.6 0.6 2.4 1.7 1.8 2.2 2.4 2.0 3.4 1.5 2.6 0.8 1.6 2.2 5.7 6.7 6.2 13.1 19.6 8.4 16.2 24.2 44.5 53.9 51.4 42.4 17.8 11.1 24.1 6.4 13.8 1.8 6.9 20.4 8.6 8.6 5.4 9.0 10.4 5.4 18.4 25.0 6.7 16.9 46.5 48.5 44.9 44.5 53.8 76.8 90.2 76.2 61.6 52.5 65.7 75.9 83.8 103.5 97.7 89.4 82.2
-9999.0 -9999.0 -9999.0 -9999.0 -9999.0 -9999.0 -9999.0 -9999.0 -9999.0 -9999.0 -9999.0 -9999.0 -9999.0 -9999.0 -9999.0 -9999.0 -9999.0 0.2 0.3 -9999.0 1.0 3.5 2.7 3.1 4.3 3.5 5.3 2.7 1.0 1.7 1.0 1.1 6.6 3.6 3.1 6.8 22.5 4.1 16.2 23.6 34.8 55.5 45.5 32.7 3.1 7.8 8.2 29.8 5.7 10.6 3.0 8.1 7.6 10.1 10.7 11.1 6.8 15.8 17.8 24.4 5.7 24.9 49.6 51.5 43.7 40.9 51.0 67.3 76.3 64.9 64.3 65.0 81.3 94.2 105.4 114.7 104.9 91.6 84.8
-9999.0 -9999.0 -9999.0 -9999.0 -9999.0 -9999.0 -9999.0 -9999.0 -9999.0 -9999.0 -9999.0 -9999.0 -9999.0 -9999.0 -9999.0 -9999.0 -9999.0 -9999.0 -9999.0 -9999.0 -9999.0 4.1 6.2 10.0 7.2 5.0 4.0 2.7 1.6 0.5 0.5 0.5 1.6 3.0 2.5 5.7 6.4 7.2 5.7 2.8 4.1 45.2 47.7 34.5 2.0 14.6 13.3 7.3 31.3 98.4 12.7 31.3 25.0 9.6 9.7 14.3 14.9 9.9 32.2 21.1 10.0 22.1 42.1 41.6 34.2 31.2 40.9 55.0 67.5 59.5 56.4 67.1 87.5 98.8 96.6 97.2 91.0 79.4 79.4
-9999.0 -9999.0 -9999.0 -9999.0 -9999.0 -9999.0 -9999.0 -9999.0 -9999.0 -9999.0 -9999.0 -9999.0 -9999.0 -9999.0 -9999.0 -9999.0 -9999.0 -9999.0 -9999.0 -9999.0 -9999.0 -9999.0 -9999.0 7.8 9.9 9.1 7.5 5.5 4.9 1.5 1.2 1.9 8.7 6.0 10.5 10.6 17.5 8.9 21.1 29.0 27.6 41.5 20.1 7.1 1.7 12.8 6.9 9.0 13.2 17.4 14.8 28.4 17.7 17.0 11.1 4.3 12.4 22.4 5.7 23.6 15.6 24.1 29.1 27.2 22.1 21.5 33.1 49.2 46.6 54.2 53.7 69.1 86.3 101.4 93.8 92.9 94.5 84.4 77.2
-9999.0 -9999.0 -9999.0 -9999.0 -9999.0 -9999.0 -9999.0 -9999.0 -9999.0 -9999.0 -9999.0 -9999.0 -9999.0 -9999.0 -9999.0 -9999.0 -9999.0 -9999.0 -9999.0 -9999.0 -9999.0 -9999.0 -9999.0 -9999.0 -9999.0 11.8 12.6 18.6 12.6 17.1 6.0 2.5 3.1 6.5 4.7 15.5 36.6 11.7 26.3 14.6 33.9 14.8 0.5 0.9 5.6 15.1 14.9 32.5 18.7 21.8 36.1 30.5 35.8 30.2 14.7 10.0 14.7 11.1 25.3 25.7 26.5 29.8 60.3 18.9 15.5 17.7 27.5 34.4 42.7 50.5 59.8 73.0 80.2 100.0 104.8 94.5 88.4 82.5 73.2
-9999.0 -9999.0 -9999.0 -9999.0 -9999.0 -9999.0 -9999.0 -9999.0 -9999.0 -9999.0 -9999.0 -9999.0 -9999.0 -9999.0 -9999.0 -9999.0 -9999.0 -9999.0 -9999.0 -9999.0 -9999.0 -9999.0 -9999.0 -9999.0 -9999.0 -9999.0 -9999.0 12.1 10.4 7.7 5.2 4.1 14.8 3.1 9.1 0.9 5.3 4.9 0.8 5.4 14.0 1.7 0.7 4.2 8.7 16.6 26.2 34.8 43.0 36.8 51.3 52.3 37.1 31.6 25.3 24.1 13.3 11.2 25.1 20.6 25.6 35.0 20.6 16.6 24.3 20.1 28.1 42.7 50.6 59.1 68.3 79.1 82.7 96.3 88.9 80.4 81.5 67.1 48.7
-9999.0 -9999.0 -9999.0 -9999.0 -9999.0 -9999.0 -9999.0 -9999.0 -9999.0 -9999.0 -9999.0 -9999.0 -9999.0 -9999.0 -9999.0 -9999.0 -9999.0 -9999.0 -9999.0 -9999.0 -9999.0 -9999.0 -9999.0 -9999.0 -9999.0 -9999.0 -9999.0 -9999.0 -9999.0 -9999.0 -9999.0 -9999.0 -9999.0 3.2 7.1 -9999.0 -9999.0 -9999.0 0.4 1.6 0.5 0.7 1.2 6.0 11.8 18.0 -9999.0 -9999.0 -9999.0 -9999.0 -9999.0 -9999.0 45.2 44.6 30.3 23.1 20.0 15.9 18.9 23.7 30.3 37.5 24.0 20.3 21.5 28.2 40.2 53.8 64.6 72.4 76.4 81.1 87.6 82.8 81.0 60.4 56.9 42.0 30.7
-9999.0 -9999.0 -9999.0 -9999.0 -9999.0 -9999.0 -9999.0 -9999.0 -9999.0 -9999.0 -9999.0 -9999.0 -9999.0 -9999.0 -9999.0 -9999.0 -9999.0 -9999.0 -9999.0 -9999.0 -9999.0 -9999.0 -9999.0 -9999.0 -9999.0 -9999.0 -9999.0 -9999.0 -9999.0 -9999.0 -9999.0 -9999.0 -9999.0 -9999.0 -9999.0 -9999.0 -9999.0 -9999.0 -9999.0 1.1 1.5 2.5 4.3 7.2 -9999.0 -9999.0 -9999.0 -9999.0 -9999.0 -9999.0 -9999.0 -9999.0 46.9 53.1 38.6 28.1 24.1 22.3 25.1 31.3 35.4 38.2 38.2 27.1 39.3 49.0 60.4 69.9 81.4 87.2 84.0 79.2 70.5 66.1 47.7 36.7 28.9 24.3 21.7
-9999.0 -9999.0 -9999.0 -9999.0 -9999.0 -9999.0 -9999.0 -9999.0 -9999.0 -9999.0 -9999.0 -9999.0 -9999.0 -9999.0 -9999.0 -9999.0 -9999.0 -9999.0 -9999.0 -9999.0 -9999.0 -9999.0 -9999.0 -9999.0 -9999.0 -9999.0 -9999.0 -9999.0 -9999.0 -9999.0 -9999.0 -9999.0 -9999.0 -9999.0 -9999.0 -9999.0 -9999.0 -9999.0 -9999.0 -9999.0 -9999.0 -9999.0 -9999.0 -9999.0 -9999.0 -9999.0 -9999.0 -9999.0 -9999.0 -9999.0 -9999.0 -9999.0 39.1 58.6 42.8 44.5 32.8 30.7 34.0 41.1 43.8 42.5 77.0 39.1 46.4 49.7 63.6 78.5 84.3 84.4 78.9 67.9 63.9 40.4 26.5 16.8 14.5 15.7 24.1
-9999.0 -9999.0 -9999.0 -9999.0 -9999.0 -9999.0 -9999.0 -9999.0 -9999.0 -9999.0 -9999.0 -9999.0 -9999.0 -9999.0 -9999.0 -9999.0 -9999.0 -9999.0 -9999.0 -9999.0 -9999.0 -9999.0 -9999.0 -9999.0 -9999.0 -9999.0 -9999.0 -9999.0 -9999.0 -9999.0 -9999.0 -9999.0 -9999.0 -9999.0 -9999.0 -9999.0 -9999.0 -9999.0 -9999.0 -9999.0 -9999.0 -9999.0 -9999.0 -9999.0 -9999.0 -9999.0 -9999.0 -9999.0 -9999.0 -9999.0 -9999.0 45.7 47.9 58.5 41.1 45.5 43.8 45.9 45.3 44.8 56.6 56.2 45.8 47.5 48.0 49.4 64.7 80.0 73.7 70.2 61.2 46.5 27.7 17.2 12.5 10.2 11.9 18.0 20.1
-9999.0 -9999.0 -9999.0 -9999.0 -9999.0 -9999.0 -9999.0 -9999.0 -9999.0 -9999.0 -9999.0 -9999.0 -9999.0 -9999.0 -9999.0 -9999.0 -9999.0 -9999.0 -9999.0 -9999.0 -9999.0 -9999.0 -9999.0 -9999.0 -9999.0 -9999.0 -9999.0 -9999.0 -9999.0 -9999.0 -9999.0 -9999.0 -9999.0 -9999.0 -9999.0 -9999.0 -9999.0 -9999.0 -9999.0 -9999.0 -9999.0 -9999.0 -9999.0 -9999.0 -9999.0 -9999.0 -9999.0 -9999.0 -9999.0 -9999.0 40.6 58.4 61.3 63.5 57.7 59.7 57.9 55.1 54.3 57.8 55.0 61.0 52.4 55.6 52.5 53.6 54.4 62.7 56.2 51.9 42.0 23.4 14.3 13.8 13.2 14.6 17.3 19.4 27.0
-9999.0 -9999.0 -9999.0 -9999.0 -9999.0 -9999.0 -9999.0 -9999.0 -9999.0 -9999.0 -9999.0 -9999.0 -9999.0 -9999.0 -9999.0 -9999.0 -9999.0 -9999.0 -9999.0 -9999.0 -9999.0 -9999.0 -9999.0 -9999.0 -9999.0 -9999.0 -9999.0 -9999.0 -9999.0 -9999.0 -9999.0 -9999.0 -9999.0 -9999.0 -9999.0 -9999.0 -9999.0 -9999.0 -9999.0 -9999.0 -9999.0 -9999.0 -9999.0 -9999.0 -9999.0 -9999.0 -9999.0 -9999.0 -9999.0 -9999.0 41.9 72.1 64.0 73.3 73.2 70.4 61.6 67.4 63.4 54.6 47.3 48.8 47.2 54.3 56.4 60.7 54.3 48.5 40.8 34.9 28.8 20.0 14.7 13.7 14.3 17.4 25.0 29.4 27.2
-9999.0 -9999.0 -9999.0 -9999.0 -9999.0 -9999.0 -9999.0 -9999.0 -9999.0 -9999.0 -9999.0 -9999.0 -9999.0 -9999.0 -9999.0 -9999.0 -9999.0 -9999.0 -9999.0 -9999.0 -9999.0 -9999.0 -9999.0 -9999.0 -9999.0 -9999.0 -9999.0 -9999.0 -9999.0 -9999.0 -9999.0 -9999.0 -9999.0 -9999.0 -9999.0 -9999.0 -9999.0 -9999.0 -9999.0 -9999.0 -9999.0 -9999.0 -9999.0 -9999.0 -9999.0 -9999.0 -9999.0 -9999.0 -9999.0 -9999.0 36.8 62.7 63.7 86.1 77.3 70.6 75.9 67.0 68.5 49.7 50.1 53.3 53.3 52.3 54.2 49.9 42.2 31.4 26.1 29.5 24.4 33.8 24.0 27.4 22.0 26.0 35.4 30.6 24.0
-9999.0 -9999.0 -9999.0 -9999.0 -9999.0 -9999.0 -9999.0 -9999.0 -9999.0 -9999.0 -9999.0 -9999.0 -9999.0 -9999.0 -9999.0 -9999.0 -9999.0 -9999.0 -9999.0 -9999.0 -9999.0 -9999.0 -9999.0 -9999.0 -9999.0 -9999.0 -9999.0 -9999.0 -9999.0 -9999.0 -9999.0 -9999.0 -9999.0 -9999.0 -9999.0 -9999.0 -9999.0 -9999.0 -9999.0 -9999.0 -9999.0 -9999.0 -9999.0 -9999.0 -9999.0 -9999.0 -9999.0 -9999.0 -9999.0 -9999.0 54.6 77.3 80.3 88.2 83.4 77.9 59.8 68.2 71.8 59.1 64.6 62.1 50.8 56.2 51.0 40.3 33.7 24.8 28.7 15.8 25.8 33.6 41.3 40.3 29.2 33.3 36.3 24.9 19.1
-9999.0 -9999.0 -9999.0 -9999.0 -9999.0 -9999.0 -9999.0 -9999.0 -9999.0 -9999.0 -9999.0 -9999.0 -9999.0 -9999.0 -9999.0 -9999.0 -9999.0 -9999.0 -9999.0 -9999.0 -9999.0 -9999.0 -9999.0 -9999.0 -9999.0 -9999.0 -9999.0 -9999.0 -9999.0 -9999.0 -9999.0 -9999.0 -9999.0 -9999.0 -9999.0 -9999.0 -9999.0 -9999.0 -9999.0 -9999.0 -9999.0 -9999.0 -9999.0 -9999.0 -9999.0 -9999.0 -9999.0 -9999.0 -9999.0 -9999.0 -9999.0 -9999.0 -9999.0 79.1 78.9 70.8 68.4 77.1 66.8 74.0 120.1 64.3 100.9 66.7 45.9 30.6 30.5 17.7 26.0 27.8 26.5 30.6 34.3 32.1 28.5 24.2 23.4 14.7 8.9
-9999.0 -9999.0 -9999.0 -9999.0 -9999.0 -9999.0 -9999.0 -9999.0 -9999.0 -9999.0 -9999.0 -9999.0 -9999.0 -9999.0 -9999.0 -9999.0 -9999.0 -9999.0 -9999.0 -9999.0 -9999.0 -9999.0 -9999.0 -9999.0 -9999.0 -9999.0 -9999.0 -9999.0 -9999.0 -9999.0 -9999.0 -9999.0 -9999.0 -9999.0 -9999.0 -9999.0 -9999.0 -9999.0 -9999.0 -9999.0 -9999.0 -9999.0 -9999.0 -9999.0 -9999.0 -9999.0 -9999.0 -9999.0 -9999.0 -9999.0 -9999.0 -9999.0 -9999.0 66.3 62.4 82.7 69.0 67.8 86.7 128.9 102.9 80.4 128.4 66.6 45.0 27.7 14.1 26.6 17.1 20.0 19.2 22.0 24.6 22.8 19.4 20.9 11.3 10.4 5.2
-9999.0 -9999.0 -9999.0 -9999.0 -9999.0 -9999.0 -9999.0 -9999.0 -9999.0 -9999.0 -9999.0 -9999.0 -9999.0 -9999.0 -9999.0 -9999.0 -9999.0 -9999.0 -9999.0 -9999.0 -9999.0 -9999.0 -9999.0 -9999.0 -9999.0 -9999.0 -9999.0 -9999.0 -9999.0 -9999.0 -9999.0 -9999.0 -9999.0 -9999.0 -9999.0 -9999.0 -9999.0 -9999.0 -9999.0 -9999.0 -9999.0 -9999.0 -9999.0 -9999.0 -9999.0 -9999.0 -9999.0 -9999.0 -9999.0 -9999.0 -9999.0 -9999.0 -9999.0 52.7 38.9 68.8 76.5 77.2 93.6 101.0 133.8 124.4 148.8 118.5 38.6 -9999.0 -9999.0 -9999.0 22.4 16.0 20.1 26.3 24.2 17.2 14.2 16.3 5.6 4.0 23.4
-9999.0 -9999.0 -9999.0 -9999.0 -9999.0 -9999.0 -9999.0 -9999.0 -9999.0 -9999.0 -9999.0 -9999.0 -9999.0 -9999.0 -9999.0 -9999.0 -9999.0 -9999.0 -9999.0 -9999.0 -9999.0 -9999.0 -9999.0 -9999.0 -9999.0 -9999.0 -9999.0 -9999.0 -9999.0 -9999.0 -9999.0 -9999.0 -9999.0 -9999.0 -9999.0 -9999.0 -9999.0 -9999.0 -9999.0 -9999.0 -9999.0 -9999.0 -9999.0 -9999.0 -9999.0 -9999.0 -9999.0 -9999.0 -9999.0 -9999.0 -9999.0 -9999.0 -9999.0 -9999.0 49.0 60.0 55.7 57.9 97.9 133.7 75.9 -9999.0 -9999.0 -9999.0 -9999.0 -9999.0 -9999.0 -9999.0 13.7 22.2 40.3 29.8 23.1 17.0 11.0 6.3 3.2 0.9 0.7
-9999.0 -9999.0 -9999.0 -9999.0 -9999.0 -9999.0 -9999.0 -9999.0 -9999.0 -9999.0 -9999.0 -9999.0 -9999.0 -9999.0 -9999.0 -9999.0 -9999.0 -9999.0 -9999.0 -9999.0 -9999.0 -9999.0 -9999.0 -9999.0 -9999.0 -9999.0 -9999.0 -9999.0 -9999.0 -9999.0 -9999.0 -9999.0 -9999.0 -9999.0 -9999.0 -9999.0 -9999.0 -9999.0 -9999.0 -9999.0 -9999.0 -9999.0 -9999.0 -9999.0 -9999.0 -9999.0 -9999.0 -9999.0 -9999.0 -9999.0 -9999.0 -9999.0 -9999.0 -9999.0 -9999.0 46.6 93.1 71.3 62.3 89.2 80.1 -9999.0 -9999.0 -9999.0 -9999.0 -9999.0 -9999.0 -9999.0 -9999.0 -9999.0 26.7 -9999.0 -9999.0 -9999.0 -9999.0 -9999.0 2.5 -9999.0 -9999.0
-9999.0 -9999.0 -9999.0 -9999.0 -9999.0 -9999.0 -9999.0 -9999.0 -9999.0 -9999.0 -9999.0 -9999.0 -9999.0 -9999.0 -9999.0 -9999.0 -9999.0 -9999.0 -9999.0 -9999.0 -9999.0 -9999.0 -9999.0 -9999.0 -9999.0 -9999.0 -9999.0 -9999.0 -9999.0 -9999.0 -9999.0 -9999.0 -9999.0 -9999.0 -9999.0 -9999.0 -9999.0 -9999.0 -9999.0 -9999.0 -9999.0 -9999.0 -9999.0 -9999.0 -9999.0 -9999.0 -9999.0 -9999.0 -9999.0 -9999.0 -9999.0 -9999.0 -9999.0 -9999.0 -9999.0 -9999.0 -9999.0 -9999.0 66.1 50.8 -9999.0 -9999.0 -9999.0 -9999.0 -9999.0 -9999.0 -9999.0 -9999.0 -9999.0 -9999.0 -9999.0 -9999.0 -9999.0 -9999.0 -9999.0 7.5 3.6 -9999.0 -9999.0
-9999.0 -9999.0 -9999.0 -9999.0 -9999.0 -9999.0 -9999.0 -9999.0 -9999.0 -9999.0 -9999.0 -9999.0 -9999.0 -9999.0 -9999.0 -9999.0 -9999.0 -9999.0 -9999.0 -9999.0 -9999.0 -9999.0 -9999.0 -9999.0 -9999.0 -9999.0 -9999.0 -9999.0 -9999.0 -9999.0 -9999.0 -9999.0 -9999.0 -9999.0 -9999.0 -9999.0 -9999.0 -9999.0 -9999.0 -9999.0 -9999.0 -9999.0 -9999.0 -9999.0 -9999.0 -9999.0 -9999.0 -9999.0 -9999.0 -9999.0 -9999.0 -9999.0 -9999.0 -9999.0 -9999.0 -9999.0 -9999.0 -9999.0 -9999.0 -9999.0 -9999.0 -9999.0 -9999.0 -9999.0 -9999.0 -9999.0 -9999.0 -9999.0 -9999.0 -9999.0 -9999.0 -9999.0 -9999.0 -9999.0 -9999.0 -9999.0 -9999.0 -9999.0 -9999.0
-9999.0 -9999.0 -9999.0 -9999.0 -9999.0 -9999.0 -9999.0 -9999.0 -9999.0 -9999.0 -9999.0 -9999.0 -9999.0 -9999.0 -9999.0 -9999.0 -9999.0 -9999.0 -9999.0 -9999.0 -9999.0 -9999.0 -9999.0 -9999.0 -9999.0 -9999.0 -9999.0 -9999.0 -9999.0 -9999.0 -9999.0 -9999.0 -9999.0 -9999.0 -9999.0 -9999.0 -9999.0 -9999.0 -9999.0 -9999.0 -9999.0 -9999.0 -9999.0 -9999.0 -9999.0 -9999.0 -9999.0 -9999.0 -9999.0 -9999.0 -9999.0 -9999.0 -9999.0 -9999.0 -9999.0 -9999.0 -9999.0 -9999.0 -9999.0 -9999.0 -9999.0 -9999.0 -9999.0 -9999.0 -9999.0 -9999.0 -9999.0 -9999.0 -9999.0 -9999.0 -9999.0 -9999.0 -9999.0 -9999.0 -9999.0 31.5 24.2 22.3 -9999.0
-9999.0 -9999.0 -9999.0 -9999.0 -9999.0 -9999.0 -9999.0 -9999.0 -9999.0 -9999.0 -9999.0 -9999.0 -9999.0 -9999.0 -9999.0 -9999.0 -9999.0 -9999.0 -9999.0 -9999.0 -9999.0 -9999.0 -9999.0 -9999.0 -9999.0 -9999.0 -9999.0 -9999.0 -9999.0 -9999.0 -9999.0 -9999.0 -9999.0 -9999.0 -9999.0 -9999.0 -9999.0 -9999.0 -9999.0 -9999.0 -9999.0 -9999.0 -9999.0 -9999.0 -9999.0 -9999.0 -9999.0 -9999.0 -9999.0 -9999.0 -9999.0 -9999.0 -9999.0 -9999.0 -9999.0 -9999.0 -9999.0 -9999.0 -9999.0 -9999.0 -9999.0 -9999.0 -9999.0 -9999.0 -9999.0 -9999.0 -9999.0 -9999.0 -9999.0 -9999.0 -9999.0 -9999.0 -9999.0 7.8 56.1 60.3 78.8 -9999.0 -9999.0
