program/excelProcessViaJava/data/SURF_CLI_CHN_PRE_MON_GRID_0.5-200404.txt
NCOLS      128
NROWS       72
XLLCORNER    72.000000000000    
YLLCORNER    18.000000000000    
CELLSIZE    0.50000000000000    
NODATA_VALUE   -9999.000    
[rows 34 to 67 of 72, columns 0 to 77 of 128]
-9999.0 -9999.0 -9999.0 -9999.0 0.6 1.1 0.5 1.6 0.3 0.4 2.4 0.4 0.9 0.7 2.7 2.6 2.2 2.8 3.0 2.8 1.8 1.2 0.6 0.1 0.0 0.0 0.0 0.0 0.0 0.1 0.2 0.4 0.7 1.2 2.1 2.5 4.2 5.8 3.6 1.7 3.0 0.6 0.5 0.4 0.5 0.8 0.9 1.2 2.0 4.8 9.2 13.8 17.0 12.9 10.5 11.1 14.5 20.6 25.9 28.5 25.2 20.9 14.6 11.0 6.2 2.8 3.4 2.2 2.6 4.4 4.2 3.7 3.1 3.3 3.7 4.1 3.7 5.8
-9999.0 -9999.0 -9999.0 -9999.0 -9999.0 -9999.0 -9999.0 0.6 0.3 0.5 0.1 0.1 0.3 0.2 0.2 2.2 0.5 1.3 1.4 0.4 0.1 0.0 0.0 0.0 0.0 0.0 0.0 0.0 0.1 0.1 0.3 0.5 1.0 1.9 3.2 3.6 5.6 5.5 7.6 7.8 2.6 7.8 6.1 3.1 1.7 1.1 1.9 2.1 4.7 6.0 10.9 18.1 21.8 16.0 14.4 18.3 22.8 28.9 28.4 35.2 27.0 22.6 14.1 11.9 9.5 4.2 3.0 3.3 3.5 4.7 4.5 3.5 3.3 3.7 4.3 5.2 5.2 9.4
-9999.0 -9999.0 -9999.0 -9999.0 -9999.0 -9999.0 -9999.0 0.1 0.5 0.2 0.1 0.2 0.1 0.0 0.1 0.0 0.0 0.0 0.0 0.0 0.0 0.0 0.0 0.0 0.0 0.0 0.0 0.1 0.1 0.2 0.4 0.8 1.5 2.7 3.4 4.5 5.1 6.8 7.0 6.3 6.1 5.4 5.6 9.6 3.9 2.3 4.0 6.0 13.2 15.0 21.4 20.9 23.0 19.5 14.8 24.3 31.0 34.2 30.7 28.0 33.1 31.8 21.2 17.1 10.2 4.6 2.7 3.2 5.6 4.8 4.5 3.8 3.8 4.6 5.4 8.0 10.9 14.9
-9999.0 -9999.0 -9999.0 -9999.0 -9999.0 -9999.0 -9999.0 -9999.0 -9999.0 0.1 0.1 0.1 0.0 0.0 0.0 0.1 0.0 0.0 0.0 0.0 0.0 0.0 0.0 0.0 0.0 0.1 0.1 0.1 0.2 0.3 0.6 1.2 1.9 3.0 3.6 4.6 5.4 6.7 6.6 7.3 6.0 6.2 5.1 4.3 5.9 6.6 8.2 10.5 14.7 18.7 22.3 21.7 20.7 20.4 15.2 23.7 36.2 38.6 26.8 27.3 26.4 21.7 19.6 17.9 11.4 5.4 3.5 4.5 8.5 7.1 6.7 5.0 5.3 6.8 9.3 11.0 13.5 17.0
-9999.0 -9999.0 -9999.0 -9999.0 -9999.0 -9999.0 -9999.0 -9999.0 -9999.0 -9999.0 -9999.0 0.0 0.2 0.0 0.0 0.0 0.0 0.0 0.0 0.0 0.0 0.0 0.0 0.0 0.0 0.1 0.1 0.2 0.3 0.6 1.0 1.7 2.6 3.5 4.4 6.6 6.5 7.4 11.9 8.5 9.6 7.2 5.5 4.8 9.0 7.0 13.7 13.7 19.4 22.9 23.7 23.6 21.4 18.4 14.9 15.7 21.9 20.8 23.1 21.8 16.8 19.1 20.0 18.3 12.7 7.1 4.7 6.9 11.0 12.5 10.4 9.5 9.1 11.0 12.8 15.8 16.5 20.7
-9999.0 -9999.0 -9999.0 -9999.0 -9999.0 -9999.0 -9999.0 -9999.0 -9999.0 -9999.0 -9999.0 -9999.0 0.1 0.1 0.0 0.0 0.0 0.0 0.0 0.0 0.0 0.0 0.0 0.1 0.0 0.1 0.3 0.3 0.5 0.7 1.5 2.4 3.3 4.6 5.8 6.6 9.8 8.9 8.6 8.2 8.0 7.4 6.8 8.1 8.4 10.7 15.0 14.6 20.7 26.3 30.3 27.4 23.3 21.2 17.8 14.8 13.5 11.8 23.2 12.7 13.2 11.9 13.6 16.4 16.3 14.1 9.9 12.3 16.0 19.1 12.8 10.2 12.3 16.1 22.1 22.4 27.0 24.6
-9999.0 -9999.0 -9999.0 -9999.0 -9999.0 -9999.0 -9999.0 -9999.0 -9999.0 -9999.0 -9999.0 -9999.0 0.0 0.2 0.3 0.0 0.2 0.1 0.0 0.0 0.0 0.0 0.0 0.1 0.3 0.3 0.4 0.8 0.9 1.7 2.1 3.0 4.1 5.2 6.3 7.0 9.7 11.2 11.3 11.0 9.5 8.9 11.9 8.8 12.3 16.8 15.4 17.8 19.7 28.9 31.1 29.4 25.2 21.4 21.2 16.3 16.3 14.3 19.9 17.4 15.9 17.1 16.7 17.7 20.4 19.7 13.5 15.2 17.1 21.9 29.3 33.1 31.8 30.5 32.4 31.9 26.9 25.6
-9999.0 -9999.0 -9999.0 -9999.0 -9999.0 -9999.0 -9999.0 -9999.0 -9999.0 -9999.0 -9999.0 -9999.0 -9999.0 0.1 0.0 0.3 0.1 0.2 0.2 0.2 0.1 0.2 0.1 0.4 0.4 0.2 0.3 0.4 0.9 1.7 3.0 4.1 4.9 6.0 6.4 7.2 8.4 10.7 18.1 15.4 14.7 15.8 14.6 18.6 16.1 16.2 21.6 26.8 30.4 32.0 32.0 28.0 24.8 21.7 18.3 16.7 17.0 15.2 12.5 14.8 15.8 21.4 23.2 30.0 23.0 24.1 27.3 30.5 33.7 33.2 27.0 26.0 32.1 35.5 36.9 34.1 28.0 18.5
-9999.0 -9999.0 -9999.0 -9999.0 -9999.0 -9999.0 -9999.0 -9999.0 -9999.0 -9999.0 -9999.0 -9999.0 0.1 0.0 0.0 0.2 0.0 0.1 0.1 0.4 0.5 0.5 0.4 0.6 1.0 0.4 0.7 1.2 1.7 2.3 3.5 5.2 5.5 6.5 7.1 7.3 9.6 9.5 11.6 14.3 22.0 27.7 31.4 19.5 23.6 26.6 26.8 25.9 29.2 30.4 32.5 30.6 23.5 21.2 19.3 18.4 16.4 24.9 19.0 22.3 23.2 25.3 32.7 35.1 38.5 37.2 53.0 57.8 56.9 55.2 50.5 39.6 31.7 28.6 28.5 26.0 18.0 11.4
-9999.0 -9999.0 -9999.0 -9999.0 -9999.0 -9999.0 -9999.0 -9999.0 -9999.0 -9999.0 -9999.0 -9999.0 0.1 0.7 0.4 0.0 0.0 0.4 0.5 0.2 1.0 0.4 0.7 1.0 1.9 2.4 2.2 2.4 2.6 3.8 5.0 5.9 6.3 7.5 7.2 7.1 7.3 9.6 12.2 13.5 17.2 18.7 21.0 25.1 29.7 35.2 42.6 40.6 36.9 26.3 25.5 26.7 21.4 20.1 19.9 21.9 20.0 20.4 24.5 24.2 27.4 32.3 45.0 46.6 46.1 66.2 63.7 92.2 95.0 81.3 61.2 45.0 37.4 39.1 41.7 34.5 21.4 20.3
-9999.0 -9999.0 -9999.0 -9999.0 -9999.0 -9999.0 -9999.0 -9999.0 -9999.0 -9999.0 -9999.0 -9999.0 2.3 0.2 1.5 0.7 0.8 0.1 0.4 0.4 0.2 0.2 1.1 0.8 1.7 0.8 1.4 0.8 3.0 3.7 5.0 5.0 8.0 8.8 7.9 7.1 7.4 9.7 12.5 18.7 21.4 21.5 35.8 24.5 36.8 49.1 52.5 44.6 33.2 28.7 25.9 21.1 27.2 24.9 19.8 23.4 22.2 23.8 26.7 33.0 38.6 45.0 51.1 51.0 57.8 99.4 101.3 107.6 103.1 84.4 65.5 54.4 48.0 48.4 56.5 48.1 49.7 27.3
-9999.0 -9999.0 -9999.0 -9999.0 -9999.0 -9999.0 -9999.0 -9999.0 -9999.0 -9999.0 -9999.0 -9999.0 -9999.0 0.1 0.2 1.4 0.9 1.5 0.5 0.4 0.1 1.1 0.7 0.7 3.0 2.3 2.6 3.0 1.9 4.2 3.2 5.4 7.3 9.4 8.7 9.0 10.0 11.0 15.9 20.8 27.1 43.9 53.0 50.9 42.1 46.6 52.7 39.3 41.6 32.6 22.6 24.6 19.7 17.4 20.9 22.2 24.5 27.6 31.7 38.8 45.2 58.8 62.0 44.0 91.0 94.5 92.5 90.9 86.7 75.5 63.5 59.6 57.5 59.5 55.8 53.3 47.6 37.6
-9999.0 -9999.0 -9999.0 -9999.0 -9999.0 -9999.0 -9999.0 -9999.0 -9999.0 -9999.0 -9999.0 -9999.0 -9999.0 10.4 0.6 2.9 0.5 3.5 3.1 2.2 0.5 0.7 0.9 1.8 7.0 4.1 2.8 3.9 2.5 0.6 1.5 3.2 6.7 8.7 9.2 10.4 11.0 14.2 22.0 38.3 38.7 48.3 55.0 57.4 70.1 54.4 50.9 37.2 33.4 26.9 25.1 16.1 18.2 21.9 25.0 24.1 25.4 30.3 37.6 40.0 54.0 47.5 36.4 63.3 73.2 73.9 72.4 74.8 79.4 73.1 66.4 66.3 68.8 68.3 67.7 66.5 64.5 47.1
-9999.0 -9999.0 -9999.0 -9999.0 -9999.0 -9999.0 -9999.0 -9999.0 -9999.0 -9999.0 -9999.0 -9999.0 -9999.0 -9999.0 -9999.0 5.4 7.2 4.4 6.8 9.9 3.3 7.0 8.4 7.0 5.1 4.8 0.9 1.5 0.4 1.1 0.9 2.2 3.4 6.5 9.7 13.7 19.4 17.2 25.8 36.2 51.5 61.0 63.3 59.9 45.7 39.7 44.5 30.8 30.8 21.0 17.5 26.0 16.0 18.2 18.5 24.0 29.0 36.3 45.9 57.6 41.2 33.1 52.8 57.9 60.9 58.8 60.6 72.5 87.0 86.8 80.2 75.6 70.2 72.3 80.4 78.7 77.5 73.9
-9999.0 -9999.0 -9999.0 -9999.0 -9999.0 -9999.0 -9999.0 -9999.0 -9999.0 -9999.0 -9999.0 -9999.0 -9999.0 -9999.0 -9999.0 -9999.0 -9999.0 114.1 51.3 -9999.0 38.9 12.9 25.2 23.7 10.2 9.3 1.8 1.9 2.1 0.4 0.6 1.9 2.4 7.7 12.1 13.7 23.5 19.5 31.2 41.4 51.8 64.4 61.4 54.2 41.8 36.8 67.7 42.5 25.0 22.6 22.4 14.3 22.6 20.4 24.6 28.2 27.7 42.8 52.4 66.1 37.5 47.8 67.4 70.1 61.1 54.0 56.7 72.4 91.0 98.9 99.5 80.6 75.3 79.1 86.7 90.7 95.5 89.9
-9999.0 -9999.0 -9999.0 -9999.0 -9999.0 -9999.0 -9999.0 -9999.0 -9999.0 -9999.0 -9999.0 -9999.0 -9999.0 -9999.0 -9999.0 -9999.0 -9999.0 -9999.0 -9999.0 -9999.0 -9999.0 44.5 30.8 13.7 21.2 36.2 23.7 12.4 3.9 2.8 0.8 4.5 5.3 8.1 13.2 16.0 21.1 26.2 30.6 37.1 43.0 60.9 61.8 53.0 40.7 37.1 118.5 32.4 39.7 87.3 21.6 35.4 32.8 21.5 25.3 34.6 39.5 40.7 70.7 72.9 54.9 64.5 83.4 81.4 67.4 57.1 60.9 77.5 95.0 105.2 104.2 87.2 83.1 95.5 109.3 116.1 117.9 121.0
-9999.0 -9999.0 -9999.0 -9999.0 -9999.0 -9999.0 -9999.0 -9999.0 -9999.0 -9999.0 -9999.0 -9999.0 -9999.0 -9999.0 -9999.0 -9999.0 -9999.0 -9999.0 -9999.0 -9999.0 -9999.0 -9999.0 -9999.0 148.3 62.1 57.8 43.7 22.7 4.8 4.3 1.2 1.3 2.8 6.9 13.1 20.7 31.1 33.5 45.7 53.3 53.1 60.2 44.9 35.4 42.7 162.7 53.6 46.4 65.4 77.7 38.7 37.5 37.0 36.2 30.6 22.1 39.5 58.6 58.0 80.8 75.6 85.7 89.6 78.9 71.4 65.5 74.4 87.8 98.4 103.4 93.9 92.5 95.6 98.4 130.7 141.2 133.7 144.7
-9999.0 -9999.0 -9999.0 -9999.0 -9999.0 -9999.0 -9999.0 -9999.0 -9999.0 -9999.0 -9999.0 -9999.0 -9999.0 -9999.0 -9999.0 -9999.0 -9999.0 -9999.0 -9999.0 -9999.0 -9999.0 -9999.0 -9999.0 -9999.0 -9999.0 266.5 122.4 12.4 8.5 3.6 2.9 5.8 8.8 11.0 18.5 27.1 43.1 41.7 55.0 49.5 61.0 43.8 53.2 45.8 120.0 193.2 132.3 265.6 44.3 77.6 50.8 52.7 57.5 57.5 42.7 36.4 46.9 50.1 74.7 84.4 89.5 91.9 123.7 74.4 70.0 74.0 84.6 94.9 97.2 90.0 88.9 96.7 117.8 101.1 114.6 150.1 159.8 154.5
-9999.0 -9999.0 -9999.0 -9999.0 -9999.0 -9999.0 -9999.0 -9999.0 -9999.0 -9999.0 -9999.0 -9999.0 -9999.0 -9999.0 -9999.0 -9999.0 -9999.0 -9999.0 -9999.0 -9999.0 -9999.0 -9999.0 -9999.0 -9999.0 -9999.0 -9999.0 -9999.0 306.6 260.8 75.7 45.7 34.7 11.9 39.2 26.7 70.8 40.4 44.7 47.2 47.1 51.6 38.3 69.1 135.3 162.1 213.6 271.5 304.4 326.9 167.3 273.7 255.0 85.2 81.5 63.8 58.9 48.5 53.4 75.7 74.1 76.1 89.0 71.0 67.0 74.4 69.4 79.8 83.3 81.2 78.2 86.2 86.0 116.4 98.8 125.9 144.1 109.3 117.2
-9999.0 -9999.0 -9999.0 -9999.0 -9999.0 -9999.0 -9999.0 -9999.0 -9999.0 -9999.0 -9999.0 -9999.0 -9999.0 -9999.0 -9999.0 -9999.0 -9999.0 -9999.0 -9999.0 -9999.0 -9999.0 -9999.0 -9999.0 -9999.0 -9999.0 -9999.0 -9999.0 -9999.0 -9999.0 -9999.0 -9999.0 -9999.0 -9999.0 112.7 46.7 -9999.0 -9999.0 -9999.0 81.9 53.4 62.5 80.0 67.7 166.1 216.7 239.5 -9999.0 -9999.0 -9999.0 -9999.0 -9999.0 -9999.0 151.3 91.5 84.0 60.8 53.2 57.7 64.1 69.7 76.1 84.4 69.7 62.6 56.4 59.7 74.0 86.0 79.6 78.1 94.6 89.9 84.2 95.7 86.1 113.9 77.4 102.5
-9999.0 -9999.0 -9999.0 -9999.0 -9999.0 -9999.0 -9999.0 -9999.0 -9999.0 -9999.0 -9999.0 -9999.0 -9999.0 -9999.0 -9999.0 -9999.0 -9999.0 -9999.0 -9999.0 -9999.0 -9999.0 -9999.0 -9999.0 -9999.0 -9999.0 -9999.0 -9999.0 -9999.0 -9999.0 -9999.0 -9999.0 -9999.0 -9999.0 -9999.0 -9999.0 -9999.0 -9999.0 -9999.0 -9999.0 180.1 173.6 177.8 186.9 198.0 -9999.0 -9999.0 -9999.0 -9999.0 -9999.0 -9999.0 -9999.0 -9999.0 146.8 104.3 79.8 57.5 49.2 54.0 63.0 72.4 79.5 81.5 75.3 56.0 57.1 61.0 76.7 88.7 86.3 87.4 95.6 103.5 102.9 80.8 95.7 84.5 71.5 84.8
-9999.0 -9999.0 -9999.0 -9999.0 -9999.0 -9999.0 -9999.0 -9999.0 -9999.0 -9999.0 -9999.0 -9999.0 -9999.0 -9999.0 -9999.0 -9999.0 -9999.0 -9999.0 -9999.0 -9999.0 -9999.0 -9999.0 -9999.0 -9999.0 -9999.0 -9999.0 -9999.0 -9999.0 -9999.0 -9999.0 -9999.0 -9999.0 -9999.0 -9999.0 -9999.0 -9999.0 -9999.0 -9999.0 -9999.0 -9999.0 -9999.0 -9999.0 -9999.0 -9999.0 -9999.0 -9999.0 -9999.0 -9999.0 -9999.0 -9999.0 -9999.0 -9999.0 232.7 115.7 82.6 76.3 50.4 55.5 68.2 84.2 87.9 85.7 126.1 59.0 59.0 60.5 73.7 90.5 99.3 108.3 121.6 126.5 104.5 93.8 80.6 84.7 67.9 84.0
-9999.0 -9999.0 -9999.0 -9999.0 -9999.0 -9999.0 -9999.0 -9999.0 -9999.0 -9999.0 -9999.0 -9999.0 -9999.0 -9999.0 -9999.0 -9999.0 -9999.0 -9999.0 -9999.0 -9999.0 -9999.0 -9999.0 -9999.0 -9999.0 -9999.0 -9999.0 -9999.0 -9999.0 -9999.0 -9999.0 -9999.0 -9999.0 -9999.0 -9999.0 -9999.0 -9999.0 -9999.0 -9999.0 -9999.0 -9999.0 -9999.0 -9999.0 -9999.0 -9999.0 -9999.0 -9999.0 -9999.0 -9999.0 -9999.0 -9999.0 -9999.0 210.5 158.2 124.4 88.4 72.0 64.8 79.0 86.6 76.5 121.9 112.2 79.1 68.8 67.4 69.9 67.0 63.8 93.5 112.7 134.6 138.1 123.8 108.0 93.2 95.6 82.0 116.7
-9999.0 -9999.0 -9999.0 -9999.0 -9999.0 -9999.0 -9999.0 -9999.0 -9999.0 -9999.0 -9999.0 -9999.0 -9999.0 -9999.0 -9999.0 -9999.0 -9999.0 -9999.0 -9999.0 -9999.0 -9999.0 -9999.0 -9999.0 -9999.0 -9999.0 -9999.0 -9999.0 -9999.0 -9999.0 -9999.0 -9999.0 -9999.0 -9999.0 -9999.0 -9999.0 -9999.0 -9999.0 -9999.0 -9999.0 -9999.0 -9999.0 -9999.0 -9999.0 -9999.0 -9999.0 -9999.0 -9999.0 -9999.0 -9999.0 -9999.0 213.4 179.5 164.1 147.3 125.7 109.6 94.0 86.2 101.3 128.1 121.8 132.3 95.5 86.8 78.3 71.2 66.8 59.0 83.1 92.9 116.4 110.8 103.8 98.7 95.0 97.7 141.2 100.6
-9999.0 -9999.0 -9999.0 -9999.0 -9999.0 -9999.0 -9999.0 -9999.0 -9999.0 -9999.0 -9999.0 -9999.0 -9999.0 -9999.0 -9999.0 -9999.0 -9999.0 -9999.0 -9999.0 -9999.0 -9999.0 -9999.0 -9999.0 -9999.0 -9999.0 -9999.0 -9999.0 -9999.0 -9999.0 -9999.0 -9999.0 -9999.0 -9999.0 -9999.0 -9999.0 -9999.0 -9999.0 -9999.0 -9999.0 -9999.0 -9999.0 -9999.0 -9999.0 -9999.0 -9999.0 -9999.0 -9999.0 -9999.0 -9999.0 -9999.0 184.7 186.0 182.2 185.1 175.1 158.5 128.2 134.3 133.2 121.5 111.8 113.4 93.5 92.0 89.9 76.9 70.7 59.0 70.4 77.2 92.1 93.8 88.4 86.2 95.6 116.9 123.6 142.1
-9999.0 -9999.0 -9999.0 -9999.0 -9999.0 -9999.0 -9999.0 -9999.0 -9999.0 -9999.0 -9999.0 -9999.0 -9999.0 -9999.0 -9999.0 -9999.0 -9999.0 -9999.0 -9999.0 -9999.0 -9999.0 -9999.0 -9999.0 -9999.0 -9999.0 -9999.0 -9999.0 -9999.0 -9999.0 -9999.0 -9999.0 -9999.0 -9999.0 -9999.0 -9999.0 -9999.0 -9999.0 -9999.0 -9999.0 -9999.0 -9999.0 -9999.0 -9999.0 -9999.0 -9999.0 -9999.0 -9999.0 -9999.0 -9999.0 -9999.0 166.7 176.8 183.4 221.3 210.6 194.8 187.2 150.8 145.5 106.0 115.2 115.1 103.8 94.1 105.2 108.3 95.9 78.7 74.1 96.1 88.8 110.3 83.4 88.2 88.8 103.3 111.7 123.0
-9999.0 -9999.0 -9999.0 -9999.0 -9999.0 -9999.0 -9999.0 -9999.0 -9999.0 -9999.0 -9999.0 -9999.0 -9999.0 -9999.0 -9999.0 -9999.0 -9999.0 -9999.0 -9999.0 -9999.0 -9999.0 -9999.0 -9999.0 -9999.0 -9999.0 -9999.0 -9999.0 -9999.0 -9999.0 -9999.0 -9999.0 -9999.0 -9999.0 -9999.0 -9999.0 -9999.0 -9999.0 -9999.0 -9999.0 -9999.0 -9999.0 -9999.0 -9999.0 -9999.0 -9999.0 -9999.0 -9999.0 -9999.0 -9999.0 -9999.0 166.1 198.0 205.9 229.8 229.6 223.1 164.5 155.0 132.3 105.4 117.5 110.7 98.0 110.2 129.0 142.2 146.5 125.2 123.0 76.5 94.5 96.0 96.4 92.4 83.3 91.3 101.8 109.4
-9999.0 -9999.0 -9999.0 -9999.0 -9999.0 -9999.0 -9999.0 -9999.0 -9999.0 -9999.0 -9999.0 -9999.0 -9999.0 -9999.0 -9999.0 -9999.0 -9999.0 -9999.0 -9999.0 -9999.0 -9999.0 -9999.0 -9999.0 -9999.0 -9999.0 -9999.0 -9999.0 -9999.0 -9999.0 -9999.0 -9999.0 -9999.0 -9999.0 -9999.0 -9999.0 -9999.0 -9999.0 -9999.0 -9999.0 -9999.0 -9999.0 -9999.0 -9999.0 -9999.0 -9999.0 -9999.0 -9999.0 -9999.0 -9999.0 -9999.0 -9999.0 -9999.0 -9999.0 205.7 201.1 185.2 167.6 148.3 108.0 107.8 153.4 129.8 143.7 145.6 159.6 170.4 179.6 139.7 134.5 114.8 98.6 96.4 98.5 92.9 84.9 84.8 95.0 109.4
-9999.0 -9999.0 -9999.0 -9999.0 -9999.0 -9999.0 -9999.0 -9999.0 -9999.0 -9999.0 -9999.0 -9999.0 -9999.0 -9999.0 -9999.0 -9999.0 -9999.0 -9999.0 -9999.0 -9999.0 -9999.0 -9999.0 -9999.0 -9999.0 -9999.0 -9999.0 -9999.0 -9999.0 -9999.0 -9999.0 -9999.0 -9999.0 -9999.0 -9999.0 -9999.0 -9999.0 -9999.0 -9999.0 -9999.0 -9999.0 -9999.0 -9999.0 -9999.0 -9999.0 -9999.0 -9999.0 -9999.0 -9999.0 -9999.0 -9999.0 -9999.0 -9999.0 -9999.0 189.2 172.5 205.9 144.2 115.0 109.1 134.1 135.0 159.0 182.5 201.4 204.7 199.3 161.9 178.8 121.7 102.9 87.8 90.8 100.4 98.0 88.8 94.0 102.5 125.5
-9999.0 -9999.0 -9999.0 -9999.0 -9999.0 -9999.0 -9999.0 -9999.0 -9999.0 -9999.0 -9999.0 -9999.0 -9999.0 -9999.0 -9999.0 -9999.0 -9999.0 -9999.0 -9999.0 -9999.0 -9999.0 -9999.0 -9999.0 -9999.0 -9999.0 -9999.0 -9999.0 -9999.0 -9999.0 -9999.0 -9999.0 -9999.0 -9999.0 -9999.0 -9999.0 -9999.0 -9999.0 -9999.0 -9999.0 -9999.0 -9999.0 -9999.0 -9999.0 -9999.0 -9999.0 -9999.0 -9999.0 -9999.0 -9999.0 -9999.0 -9999.0 -9999.0 -9999.0 174.0 139.2 161.0 136.6 110.1 105.5 112.4 146.6 179.4 216.7 236.1 233.2 -9999.0 -9999.0 -9999.0 137.0 94.2 84.0 88.8 95.6 95.4 93.3 106.1 119.5 147.4
-9999.0 -9999.0 -9999.0 -9999.0 -9999.0 -9999.0 -9999.0 -9999.0 -9999.0 -9999.0 -9999.0 -9999.0 -9999.0 -9999.0 -9999.0 -9999.0 -9999.0 -9999.0 -9999.0 -9999.0 -9999.0 -9999.0 -9999.0 -9999.0 -9999.0 -9999.0 -9999.0 -9999.0 -9999.0 -9999.0 -9999.0 -9999.0 -9999.0 -9999.0 -9999.0 -9999.0 -9999.0 -9999.0 -9999.0 -9999.0 -9999.0 -9999.0 -9999.0 -9999.0 -9999.0 -9999.0 -9999.0 -9999.0 -9999.0 -9999.0 -9999.0 -9999.0 -9999.0 -9999.0 152.5 140.2 109.4 93.8 105.7 127.9 131.6 -9999.0 -9999.0 -9999.0 -9999.0 -9999.0 -9999.0 -9999.0 120.7 102.4 100.3 77.2 76.6 81.0 85.3 102.2 130.6 160.2
-9999.0 -9999.0 -9999.0 -9999.0 -9999.0 -9999.0 -9999.0 -9999.0 -9999.0 -9999.0 -9999.0 -9999.0 -9999.0 -9999.0 -9999.0 -9999.0 -9999.0 -9999.0 -9999.0 -9999.0 -9999.0 -9999.0 -9999.0 -9999.0 -9999.0 -9999.0 -9999.0 -9999.0 -9999.0 -9999.0 -9999.0 -9999.0 -9999.0 -9999.0 -9999.0 -9999.0 -9999.0 -9999.0 -9999.0 -9999.0 -9999.0 -9999.0 -9999.0 -9999.0 -9999.0 -9999.0 -9999.0 -9999.0 -9999.0 -9999.0 -9999.0 -9999.0 -9999.0 -9999.0 -9999.0 123.3 143.1 103.2 91.9 112.8 134.8 -9999.0 -9999.0 -9999.0 -9999.0 -9999.0 -9999.0 -9999.0 -9999.0 -9999.0 84.4 -9999.0 -9999.0 -9999.0 -9999.0 -9999.0 126.5 -9999.0
-9999.0 -9999.0 -9999.0 -9999.0 -9999.0 -9999.0 -9999.0 -9999.0 -9999.0 -9999.0 -9999.0 -9999.0 -9999.0 -9999.0 -9999.0 -9999.0 -9999.0 -9999.0 -9999.0 -9999.0 -9999.0 -9999.0 -9999.0 -9999.0 -9999.0 -9999.0 -9999.0 -9999.0 -9999.0 -9999.0 -9999.0 -9999.0 -9999.0 -9999.0 -9999.0 -9999.0 -9999.0 -9999.0 -9999.0 -9999.0 -9999.0 -9999.0 -9999.0 -9999.0 -9999.0 -9999.0 -9999.0 -9999.0 -9999.0 -9999.0 -9999.0 -9999.0 -9999.0 -9999.0 -9999.0 -9999.0 -9999.0 -9999.0 105.6 107.1 -9999.0 -9999.0 -9999.0 -9999.0 -9999.0 -9999.0 -9999.0 -9999.0 -9999.0 -9999.0 -9999.0 -9999.0 -9999.0 -9999.0 -9999.0 84.0 107.1 -9999.0
-9999.0 -9999.0 -9999.0 -9999.0 -9999.0 -9999.0 -9999.0 -9999.0 -9999.0 -9999.0 -9999.0 -9999.0 -9999.0 -9999.0 -9999.0 -9999.0 -9999.0 -9999.0 -9999.0 -9999.0 -9999.0 -9999.0 -9999.0 -9999.0 -9999.0 -9999.0 -9999.0 -9999.0 -9999.0 -9999.0 -9999.0 -9999.0 -9999.0 -9999.0 -9999.0 -9999.0 -9999.0 -9999.0 -9999.0 -9999.0 -9999.0 -9999.0 -9999.0 -9999.0 -9999.0 -9999.0 -9999.0 -9999.0 -9999.0 -9999.0 -9999.0 -9999.0 -9999.0 -9999.0 -9999.0 -9999.0 -9999.0 -9999.0 -9999.0 -9999.0 -9999.0 -9999.0 -9999.0 -9999.0 -9999.0 -9999.0 -9999.0 -9999.0 -9999.0 -9999.0 -9999.0 -9999.0 -9999.0 -9999.0 -9999.0 -9999.0 -9999.0 -9999.0
