program/excelProcessViaJava/data/SURF_CLI_CHN_PRE_MON_GRID_0.5-199704.txt
NCOLS      128
NROWS       72
XLLCORNER    72.000000000000    
YLLCORNER    18.000000000000    
CELLSIZE    0.50000000000000    
NODATA_VALUE   -9999.000    
[rows 34 to 67 of 72, columns 0 to 77 of 128]
-9999.0 -9999.0 -9999.0 -9999.0 7.3 4.8 9.0 3.5 9.5 7.5 1.3 4.0 1.8 1.5 0.4 0.3 0.3 0.3 0.3 0.3 0.3 0.3 0.3 0.4 1.2 2.2 1.3 1.5 1.5 1.7 1.8 2.5 2.2 2.4 2.8 2.4 3.7 5.0 2.7 1.2 2.6 0.5 0.4 0.3 0.3 0.3 0.2 0.2 0.2 0.3 0.4 1.1 7.1 8.8 11.9 18.1 26.1 41.2 53.1 57.7 48.3 35.0 27.5 28.5 22.1 14.3 28.5 20.9 19.1 26.5 26.1 32.5 34.0 31.2 27.3 26.0 23.0 31.0
-9999.0 -9999.0 -9999.0 -9999.0 -9999.0 -9999.0 -9999.0 4.2 5.8 3.4 7.0 5.8 2.2 2.3 1.9 0.3 0.5 0.3 0.3 0.4 0.9 1.5 1.8 1.7 1.7 1.7 2.0 2.2 2.4 2.9 3.1 3.3 3.4 4.0 5.0 4.4 6.3 5.7 8.0 8.5 3.2 9.6 7.8 3.6 1.3 0.5 0.6 0.5 0.8 0.8 1.4 2.6 5.7 15.7 19.0 17.6 21.2 33.2 43.5 59.3 42.7 35.3 27.9 29.6 35.0 25.9 32.7 33.9 26.9 27.9 30.2 37.9 46.2 45.5 37.3 31.8 21.7 26.9
-9999.0 -9999.0 -9999.0 -9999.0 -9999.0 -9999.0 -9999.0 10.0 2.6 4.9 5.3 3.1 3.3 4.4 2.4 4.4 1.7 1.5 2.6 1.5 1.5 2.2 2.1 2.2 2.3 2.4 2.5 3.1 2.8 2.9 3.7 4.1 4.4 5.9 5.5 6.3 6.3 8.0 8.2 7.8 8.5 8.6 9.2 13.2 5.6 2.6 3.4 3.8 7.4 6.4 11.5 11.1 9.7 13.9 18.7 21.3 24.3 29.8 31.1 30.5 37.3 43.4 40.7 44.7 40.0 36.9 36.0 34.3 34.7 29.7 35.6 46.2 57.9 59.1 41.3 38.3 28.5 21.3
-9999.0 -9999.0 -9999.0 -9999.0 -9999.0 -9999.0 -9999.0 -9999.0 -9999.0 4.0 3.2 2.3 3.6 2.9 2.0 1.5 2.1 4.1 2.4 3.5 2.7 2.3 2.5 2.8 2.9 3.0 3.3 3.4 3.3 4.1 3.6 4.3 5.0 6.2 6.1 6.9 7.4 8.8 8.6 9.6 9.0 10.4 9.9 8.8 10.2 9.7 9.9 10.2 11.5 12.3 13.8 12.9 13.1 15.3 18.4 22.0 24.5 25.6 20.7 21.3 26.2 32.8 44.1 50.7 52.7 44.3 39.9 39.2 41.4 39.4 45.0 53.6 59.0 58.2 50.8 26.9 18.8 16.8
-9999.0 -9999.0 -9999.0 -9999.0 -9999.0 -9999.0 -9999.0 -9999.0 -9999.0 -9999.0 -9999.0 3.8 1.1 3.2 2.0 2.3 2.0 1.9 1.9 2.4 3.2 3.0 3.4 3.5 4.4 4.1 4.4 4.4 4.3 4.3 4.6 5.7 5.7 6.8 7.5 10.5 9.8 10.6 15.3 11.3 12.8 11.3 10.6 10.3 14.8 12.0 16.9 15.4 17.8 18.1 16.8 16.1 15.9 17.3 19.1 20.9 21.6 19.1 16.8 16.8 20.4 31.0 45.3 59.0 60.6 45.6 39.6 45.3 48.6 49.4 53.1 56.2 53.9 47.3 41.9 31.8 24.5 21.8
-9999.0 -9999.0 -9999.0 -9999.0 -9999.0 -9999.0 -9999.0 -9999.0 -9999.0 -9999.0 -9999.0 -9999.0 1.1 1.0 2.2 1.5 3.1 2.1 2.4 3.7 2.7 3.4 4.0 4.3 5.9 4.9 4.7 5.0 4.8 5.5 5.2 5.6 6.5 8.4 10.1 11.1 15.2 13.6 12.6 11.4 10.9 11.1 11.7 13.8 14.3 15.9 18.4 17.2 19.9 21.8 22.8 20.7 19.1 20.3 21.9 22.7 21.7 19.6 18.3 17.5 21.5 30.3 42.5 56.7 63.1 61.5 48.3 51.4 52.8 52.7 56.1 66.2 66.0 56.0 42.9 41.7 37.3 37.5
-9999.0 -9999.0 -9999.0 -9999.0 -9999.0 -9999.0 -9999.0 -9999.0 -9999.0 -9999.0 -9999.0 -9999.0 2.9 0.6 0.5 1.5 0.9 1.5 2.7 2.9 3.4 4.3 4.8 5.1 5.3 5.6 5.5 5.1 5.0 4.8 5.2 6.3 7.0 8.3 10.7 12.4 16.4 18.0 17.2 15.6 13.2 12.7 15.8 13.8 16.5 19.0 17.3 17.9 18.3 22.5 23.1 21.7 21.0 22.0 26.2 26.2 25.8 23.9 22.6 22.5 27.0 38.1 50.3 59.4 60.1 62.4 47.8 53.0 52.5 49.8 47.7 47.0 44.8 36.8 37.5 39.9 45.6 53.2
-9999.0 -9999.0 -9999.0 -9999.0 -9999.0 -9999.0 -9999.0 -9999.0 -9999.0 -9999.0 -9999.0 -9999.0 -9999.0 1.0 1.9 0.6 1.3 1.2 1.6 2.3 3.3 3.9 5.3 5.7 6.3 6.5 6.2 5.9 5.3 5.0 4.8 5.2 7.0 8.8 10.1 13.1 16.3 19.4 25.4 21.4 18.9 18.6 17.3 19.5 17.3 16.2 17.6 18.8 19.6 20.2 20.7 20.2 21.0 22.1 24.8 27.5 28.6 28.4 29.5 31.0 35.9 46.9 59.7 64.9 51.4 55.7 58.3 61.1 57.0 47.8 41.0 36.7 35.2 37.8 41.6 45.1 53.1 59.7
-9999.0 -9999.0 -9999.0 -9999.0 -9999.0 -9999.0 -9999.0 -9999.0 -9999.0 -9999.0 -9999.0 -9999.0 0.9 1.9 1.4 0.7 2.0 1.6 2.0 2.1 3.1 4.3 5.6 6.5 7.0 6.9 6.4 5.6 4.9 4.4 4.3 4.5 6.2 7.5 10.4 13.3 18.5 20.0 21.6 21.9 25.0 26.4 26.6 18.5 18.9 18.1 15.7 13.4 13.9 15.1 17.5 19.0 19.7 22.1 25.7 27.8 29.3 30.5 34.1 36.7 44.8 57.4 69.9 78.3 73.3 63.1 84.4 76.7 62.3 55.5 48.6 42.7 46.2 53.8 53.8 52.7 52.6 51.0
-9999.0 -9999.0 -9999.0 -9999.0 -9999.0 -9999.0 -9999.0 -9999.0 -9999.0 -9999.0 -9999.0 -9999.0 1.5 0.3 0.5 2.5 2.1 1.0 1.5 2.7 3.2 4.8 6.1 7.1 7.7 7.5 6.6 5.5 4.5 3.8 3.5 3.7 4.9 6.1 8.6 12.4 16.0 20.5 22.7 21.3 21.3 20.1 19.7 19.6 19.0 18.0 17.9 14.7 12.5 10.2 13.5 17.0 20.5 24.5 25.6 26.1 28.0 32.4 37.2 46.2 57.1 70.1 80.6 77.7 70.5 87.0 72.8 83.8 70.3 59.0 55.8 59.6 65.8 65.6 60.9 57.8 52.2 58.6
-9999.0 -9999.0 -9999.0 -9999.0 -9999.0 -9999.0 -9999.0 -9999.0 -9999.0 -9999.0 -9999.0 -9999.0 0.2 0.9 0.3 0.5 0.7 2.2 1.9 2.8 4.7 5.9 6.6 7.6 8.0 7.3 6.4 5.0 4.1 3.2 2.8 3.1 3.5 4.9 7.3 10.9 15.1 19.4 21.5 23.7 22.6 20.8 24.9 18.7 19.4 20.2 18.1 12.2 7.8 8.7 12.2 17.2 22.1 25.0 24.4 21.7 24.9 31.6 40.6 49.1 63.8 80.4 96.2 84.3 67.5 128.3 98.5 72.4 61.8 61.4 66.3 76.3 83.6 80.6 88.4 72.9 89.0 57.9
-9999.0 -9999.0 -9999.0 -9999.0 -9999.0 -9999.0 -9999.0 -9999.0 -9999.0 -9999.0 -9999.0 -9999.0 -9999.0 2.7 1.9 0.6 0.9 1.1 2.5 3.8 6.4 6.1 7.5 8.2 8.4 7.7 6.5 5.1 3.6 2.9 2.2 2.3 2.9 4.0 6.4 10.8 15.0 18.1 21.7 23.0 23.9 29.4 30.6 26.2 19.6 16.6 15.2 7.9 9.7 9.1 10.9 17.1 20.3 22.3 24.6 25.2 18.8 25.5 39.9 59.5 74.5 96.4 107.3 70.6 109.3 109.8 73.5 51.2 50.1 58.9 70.4 82.4 93.8 82.9 81.8 68.5 61.5 61.4
-9999.0 -9999.0 -9999.0 -9999.0 -9999.0 -9999.0 -9999.0 -9999.0 -9999.0 -9999.0 -9999.0 -9999.0 -9999.0 0.2 1.9 0.7 2.6 1.4 2.3 3.9 7.2 8.1 9.1 9.2 9.6 8.4 6.8 5.4 3.7 2.8 2.1 2.0 2.4 3.7 6.4 9.9 13.2 17.3 22.2 29.8 27.6 29.3 29.4 27.3 30.0 18.7 14.0 6.9 6.1 6.7 11.9 13.6 20.2 25.1 27.9 24.2 17.8 24.1 41.2 49.3 80.8 89.8 74.7 76.6 85.2 75.6 47.1 35.9 42.2 53.8 69.0 86.2 94.5 94.5 90.0 90.6 98.8 62.4
-9999.0 -9999.0 -9999.0 -9999.0 -9999.0 -9999.0 -9999.0 -9999.0 -9999.0 -9999.0 -9999.0 -9999.0 -9999.0 -9999.0 -9999.0 1.2 1.3 2.7 3.2 4.4 7.9 8.8 10.3 11.1 10.9 9.7 7.9 5.6 4.2 2.7 2.1 2.1 3.3 4.6 6.4 11.3 16.2 15.9 20.8 25.6 31.9 34.3 32.4 28.2 21.1 16.9 13.2 6.7 6.9 3.6 8.2 21.6 19.2 21.9 10.9 19.6 20.7 14.2 44.1 65.2 72.2 80.6 79.6 71.6 66.7 53.8 38.9 35.2 42.1 58.4 74.9 92.1 110.6 107.3 97.9 113.3 106.9 108.6
-9999.0 -9999.0 -9999.0 -9999.0 -9999.0 -9999.0 -9999.0 -9999.0 -9999.0 -9999.0 -9999.0 -9999.0 -9999.0 -9999.0 -9999.0 -9999.0 -9999.0 2.1 3.4 -9999.0 8.3 12.0 13.6 14.9 14.1 12.7 10.5 7.5 5.3 3.7 2.8 2.9 4.9 4.9 7.5 10.5 17.5 13.3 19.5 24.8 29.8 36.3 32.3 27.3 28.4 19.9 41.6 15.7 5.7 7.9 5.2 11.9 8.8 22.8 23.8 23.1 14.6 32.3 42.7 64.1 63.9 90.0 91.5 79.1 65.5 51.4 43.4 46.5 54.8 70.7 82.6 120.5 127.5 113.5 115.1 126.4 115.5 93.3
-9999.0 -9999.0 -9999.0 -9999.0 -9999.0 -9999.0 -9999.0 -9999.0 -9999.0 -9999.0 -9999.0 -9999.0 -9999.0 -9999.0 -9999.0 -9999.0 -9999.0 -9999.0 -9999.0 -9999.0 -9999.0 16.0 18.7 20.2 19.6 20.2 16.8 12.7 8.5 6.7 5.0 6.5 6.4 8.0 10.9 13.5 14.2 14.2 14.0 13.3 15.7 36.3 36.8 30.9 29.7 21.4 60.7 13.8 20.6 62.7 12.2 31.9 32.8 14.2 19.2 27.0 28.3 23.6 57.5 59.8 68.2 94.4 106.8 96.2 75.2 59.0 54.4 64.2 73.1 88.6 110.6 138.8 142.3 131.4 128.1 129.6 119.3 99.9
-9999.0 -9999.0 -9999.0 -9999.0 -9999.0 -9999.0 -9999.0 -9999.0 -9999.0 -9999.0 -9999.0 -9999.0 -9999.0 -9999.0 -9999.0 -9999.0 -9999.0 -9999.0 -9999.0 -9999.0 -9999.0 -9999.0 -9999.0 33.6 29.8 29.3 26.1 20.4 14.3 11.5 9.5 10.2 14.8 15.9 20.3 21.8 24.8 19.0 27.2 33.5 34.0 41.8 30.2 24.6 31.6 71.0 33.9 23.8 24.0 21.6 12.6 29.6 15.5 21.4 14.8 5.5 23.3 39.5 24.2 59.5 71.9 100.9 114.6 107.1 91.8 71.1 64.9 76.8 96.8 107.0 142.9 162.0 170.0 166.6 171.1 172.5 167.2 171.5
-9999.0 -9999.0 -9999.0 -9999.0 -9999.0 -9999.0 -9999.0 -9999.0 -9999.0 -9999.0 -9999.0 -9999.0 -9999.0 -9999.0 -9999.0 -9999.0 -9999.0 -9999.0 -9999.0 -9999.0 -9999.0 -9999.0 -9999.0 -9999.0 -9999.0 55.2 46.7 31.6 26.4 27.1 20.6 21.2 24.3 28.7 31.3 36.8 48.1 31.5 42.2 34.4 49.4 34.9 26.1 29.8 55.8 74.4 59.6 85.8 24.8 25.0 34.9 28.8 38.6 34.8 13.6 12.0 23.7 22.8 46.5 58.1 78.5 100.3 118.3 97.6 88.6 78.1 74.0 100.5 125.1 141.4 150.6 180.3 191.7 181.8 181.9 208.3 219.2 227.7
-9999.0 -9999.0 -9999.0 -9999.0 -9999.0 -9999.0 -9999.0 -9999.0 -9999.0 -9999.0 -9999.0 -9999.0 -9999.0 -9999.0 -9999.0 -9999.0 -9999.0 -9999.0 -9999.0 -9999.0 -9999.0 -9999.0 -9999.0 -9999.0 -9999.0 -9999.0 -9999.0 70.3 68.1 50.7 45.0 43.8 46.5 46.4 52.4 38.3 45.1 40.2 27.6 37.4 48.8 29.2 35.4 55.4 64.6 75.6 84.6 88.4 89.4 50.3 71.5 66.4 32.7 27.5 23.2 26.8 17.4 19.7 42.7 47.9 55.5 86.6 71.6 66.3 61.5 69.1 81.3 83.9 102.5 123.9 144.4 171.1 178.7 170.6 175.1 192.1 186.5 200.3
-9999.0 -9999.0 -9999.0 -9999.0 -9999.0 -9999.0 -9999.0 -9999.0 -9999.0 -9999.0 -9999.0 -9999.0 -9999.0 -9999.0 -9999.0 -9999.0 -9999.0 -9999.0 -9999.0 -9999.0 -9999.0 -9999.0 -9999.0 -9999.0 -9999.0 -9999.0 -9999.0 -9999.0 -9999.0 -9999.0 -9999.0 -9999.0 -9999.0 65.1 73.7 -9999.0 -9999.0 -9999.0 40.8 43.4 38.2 42.0 43.6 63.2 72.3 76.9 -9999.0 -9999.0 -9999.0 -9999.0 -9999.0 -9999.0 47.3 40.7 28.4 22.8 22.1 21.1 28.8 34.3 48.0 64.4 46.2 39.5 41.9 59.2 92.9 131.0 139.1 123.3 127.2 149.7 156.5 150.9 141.8 157.5 153.9 180.4
-9999.0 -9999.0 -9999.0 -9999.0 -9999.0 -9999.0 -9999.0 -9999.0 -9999.0 -9999.0 -9999.0 -9999.0 -9999.0 -9999.0 -9999.0 -9999.0 -9999.0 -9999.0 -9999.0 -9999.0 -9999.0 -9999.0 -9999.0 -9999.0 -9999.0 -9999.0 -9999.0 -9999.0 -9999.0 -9999.0 -9999.0 -9999.0 -9999.0 -9999.0 -9999.0 -9999.0 -9999.0 -9999.0 -9999.0 58.7 59.8 62.2 65.5 69.1 -9999.0 -9999.0 -9999.0 -9999.0 -9999.0 -9999.0 -9999.0 -9999.0 51.0 48.5 32.8 27.4 26.1 23.9 23.3 26.1 31.0 41.8 41.1 29.4 36.8 58.4 100.7 138.9 145.8 158.6 146.9 144.7 143.3 142.1 137.8 141.1 151.6 169.4
-9999.0 -9999.0 -9999.0 -9999.0 -9999.0 -9999.0 -9999.0 -9999.0 -9999.0 -9999.0 -9999.0 -9999.0 -9999.0 -9999.0 -9999.0 -9999.0 -9999.0 -9999.0 -9999.0 -9999.0 -9999.0 -9999.0 -9999.0 -9999.0 -9999.0 -9999.0 -9999.0 -9999.0 -9999.0 -9999.0 -9999.0 -9999.0 -9999.0 -9999.0 -9999.0 -9999.0 -9999.0 -9999.0 -9999.0 -9999.0 -9999.0 -9999.0 -9999.0 -9999.0 -9999.0 -9999.0 -9999.0 -9999.0 -9999.0 -9999.0 -9999.0 -9999.0 59.1 54.4 36.8 37.5 31.9 29.1 27.7 31.1 31.3 34.5 65.7 35.7 45.0 67.5 104.6 130.3 135.4 139.9 142.6 147.6 154.7 138.6 130.9 146.3 157.3 187.2
-9999.0 -9999.0 -9999.0 -9999.0 -9999.0 -9999.0 -9999.0 -9999.0 -9999.0 -9999.0 -9999.0 -9999.0 -9999.0 -9999.0 -9999.0 -9999.0 -9999.0 -9999.0 -9999.0 -9999.0 -9999.0 -9999.0 -9999.0 -9999.0 -9999.0 -9999.0 -9999.0 -9999.0 -9999.0 -9999.0 -9999.0 -9999.0 -9999.0 -9999.0 -9999.0 -9999.0 -9999.0 -9999.0 -9999.0 -9999.0 -9999.0 -9999.0 -9999.0 -9999.0 -9999.0 -9999.0 -9999.0 -9999.0 -9999.0 -9999.0 -9999.0 47.9 52.7 55.0 43.0 40.3 39.6 39.7 37.3 33.8 46.7 48.5 44.4 50.4 58.8 76.7 93.4 75.4 113.0 116.0 130.4 140.4 134.9 133.0 137.2 168.8 172.3 236.9
-9999.0 -9999.0 -9999.0 -9999.0 -9999.0 -9999.0 -9999.0 -9999.0 -9999.0 -9999.0 -9999.0 -9999.0 -9999.0 -9999.0 -9999.0 -9999.0 -9999.0 -9999.0 -9999.0 -9999.0 -9999.0 -9999.0 -9999.0 -9999.0 -9999.0 -9999.0 -9999.0 -9999.0 -9999.0 -9999.0 -9999.0 -9999.0 -9999.0 -9999.0 -9999.0 -9999.0 -9999.0 -9999.0 -9999.0 -9999.0 -9999.0 -9999.0 -9999.0 -9999.0 -9999.0 -9999.0 -9999.0 -9999.0 -9999.0 -9999.0 39.5 51.2 55.1 56.9 46.0 48.9 47.2 45.6 49.1 53.4 55.9 56.0 57.7 64.8 67.2 70.0 84.0 76.8 107.0 107.4 131.1 137.2 145.8 146.6 153.3 167.8 289.5 179.5
-9999.0 -9999.0 -9999.0 -9999.0 -9999.0 -9999.0 -9999.0 -9999.0 -9999.0 -9999.0 -9999.0 -9999.0 -9999.0 -9999.0 -9999.0 -9999.0 -9999.0 -9999.0 -9999.0 -9999.0 -9999.0 -9999.0 -9999.0 -9999.0 -9999.0 -9999.0 -9999.0 -9999.0 -9999.0 -9999.0 -9999.0 -9999.0 -9999.0 -9999.0 -9999.0 -9999.0 -9999.0 -9999.0 -9999.0 -9999.0 -9999.0 -9999.0 -9999.0 -9999.0 -9999.0 -9999.0 -9999.0 -9999.0 -9999.0 -9999.0 39.4 69.4 36.5 53.7 57.1 52.7 40.2 60.5 64.1 67.9 68.3 63.1 60.1 65.8 69.0 52.2 62.7 61.4 91.0 108.0 139.6 163.1 176.6 187.4 223.0 283.8 241.8 304.6
-9999.0 -9999.0 -9999.0 -9999.0 -9999.0 -9999.0 -9999.0 -9999.0 -9999.0 -9999.0 -9999.0 -9999.0 -9999.0 -9999.0 -9999.0 -9999.0 -9999.0 -9999.0 -9999.0 -9999.0 -9999.0 -9999.0 -9999.0 -9999.0 -9999.0 -9999.0 -9999.0 -9999.0 -9999.0 -9999.0 -9999.0 -9999.0 -9999.0 -9999.0 -9999.0 -9999.0 -9999.0 -9999.0 -9999.0 -9999.0 -9999.0 -9999.0 -9999.0 -9999.0 -9999.0 -9999.0 -9999.0 -9999.0 -9999.0 -9999.0 41.6 51.2 37.2 79.0 46.8 46.8 70.9 62.5 75.0 80.1 84.4 76.4 73.8 71.8 79.2 75.5 69.8 74.3 88.6 131.9 148.6 179.6 214.2 200.9 249.6 272.6 192.8 296.0
-9999.0 -9999.0 -9999.0 -9999.0 -9999.0 -9999.0 -9999.0 -9999.0 -9999.0 -9999.0 -9999.0 -9999.0 -9999.0 -9999.0 -9999.0 -9999.0 -9999.0 -9999.0 -9999.0 -9999.0 -9999.0 -9999.0 -9999.0 -9999.0 -9999.0 -9999.0 -9999.0 -9999.0 -9999.0 -9999.0 -9999.0 -9999.0 -9999.0 -9999.0 -9999.0 -9999.0 -9999.0 -9999.0 -9999.0 -9999.0 -9999.0 -9999.0 -9999.0 -9999.0 -9999.0 -9999.0 -9999.0 -9999.0 -9999.0 -9999.0 82.4 93.3 68.0 69.5 62.7 72.7 36.1 59.4 74.3 87.8 104.8 102.8 102.7 101.5 111.8 118.0 130.1 127.3 144.5 100.9 146.1 189.5 220.1 208.2 232.7 229.1 204.4 271.0
-9999.0 -9999.0 -9999.0 -9999.0 -9999.0 -9999.0 -9999.0 -9999.0 -9999.0 -9999.0 -9999.0 -9999.0 -9999.0 -9999.0 -9999.0 -9999.0 -9999.0 -9999.0 -9999.0 -9999.0 -9999.0 -9999.0 -9999.0 -9999.0 -9999.0 -9999.0 -9999.0 -9999.0 -9999.0 -9999.0 -9999.0 -9999.0 -9999.0 -9999.0 -9999.0 -9999.0 -9999.0 -9999.0 -9999.0 -9999.0 -9999.0 -9999.0 -9999.0 -9999.0 -9999.0 -9999.0 -9999.0 -9999.0 -9999.0 -9999.0 -9999.0 -9999.0 -9999.0 57.3 45.9 41.9 45.7 58.4 58.8 98.6 131.8 156.9 151.3 155.7 161.5 166.0 185.3 150.4 158.9 140.6 136.3 173.9 213.5 220.2 224.9 259.9 262.6 285.7
-9999.0 -9999.0 -9999.0 -9999.0 -9999.0 -9999.0 -9999.0 -9999.0 -9999.0 -9999.0 -9999.0 -9999.0 -9999.0 -9999.0 -9999.0 -9999.0 -9999.0 -9999.0 -9999.0 -9999.0 -9999.0 -9999.0 -9999.0 -9999.0 -9999.0 -9999.0 -9999.0 -9999.0 -9999.0 -9999.0 -9999.0 -9999.0 -9999.0 -9999.0 -9999.0 -9999.0 -9999.0 -9999.0 -9999.0 -9999.0 -9999.0 -9999.0 -9999.0 -9999.0 -9999.0 -9999.0 -9999.0 -9999.0 -9999.0 -9999.0 -9999.0 -9999.0 -9999.0 58.9 36.7 88.5 39.1 39.0 73.2 132.5 170.9 204.4 214.6 214.5 210.9 207.1 158.3 215.0 149.5 134.5 132.2 174.7 217.0 233.5 250.7 275.2 326.8 297.4
-9999.0 -9999.0 -9999.0 -9999.0 -9999.0 -9999.0 -9999.0 -9999.0 -9999.0 -9999.0 -9999.0 -9999.0 -9999.0 -9999.0 -9999.0 -9999.0 -9999.0 -9999.0 -9999.0 -9999.0 -9999.0 -9999.0 -9999.0 -9999.0 -9999.0 -9999.0 -9999.0 -9999.0 -9999.0 -9999.0 -9999.0 -9999.0 -9999.0 -9999.0 -9999.0 -9999.0 -9999.0 -9999.0 -9999.0 -9999.0 -9999.0 -9999.0 -9999.0 -9999.0 -9999.0 -9999.0 -9999.0 -9999.0 -9999.0 -9999.0 -9999.0 -9999.0 -9999.0 63.5 23.7 57.8 52.1 53.0 90.2 142.6 207.6 246.7 275.4 290.4 219.6 -9999.0 -9999.0 -9999.0 192.5 155.0 167.0 206.9 246.4 264.1 276.9 314.9 386.5 375.5
-9999.0 -9999.0 -9999.0 -9999.0 -9999.0 -9999.0 -9999.0 -9999.0 -9999.0 -9999.0 -9999.0 -9999.0 -9999.0 -9999.0 -9999.0 -9999.0 -9999.0 -9999.0 -9999.0 -9999.0 -9999.0 -9999.0 -9999.0 -9999.0 -9999.0 -9999.0 -9999.0 -9999.0 -9999.0 -9999.0 -9999.0 -9999.0 -9999.0 -9999.0 -9999.0 -9999.0 -9999.0 -9999.0 -9999.0 -9999.0 -9999.0 -9999.0 -9999.0 -9999.0 -9999.0 -9999.0 -9999.0 -9999.0 -9999.0 -9999.0 -9999.0 -9999.0 -9999.0 -9999.0 60.1 57.6 41.1 52.3 115.4 184.3 194.7 -9999.0 -9999.0 -9999.0 -9999.0 -9999.0 -9999.0 -9999.0 184.3 194.0 217.6 226.0 238.4 226.3 227.2 292.8 379.8 422.5
-9999.0 -9999.0 -9999.0 -9999.0 -9999.0 -9999.0 -9999.0 -9999.0 -9999.0 -9999.0 -9999.0 -9999.0 -9999.0 -9999.0 -9999.0 -9999.0 -9999.0 -9999.0 -9999.0 -9999.0 -9999.0 -9999.0 -9999.0 -9999.0 -9999.0 -9999.0 -9999.0 -9999.0 -9999.0 -9999.0 -9999.0 -9999.0 -9999.0 -9999.0 -9999.0 -9999.0 -9999.0 -9999.0 -9999.0 -9999.0 -9999.0 -9999.0 -9999.0 -9999.0 -9999.0 -9999.0 -9999.0 -9999.0 -9999.0 -9999.0 -9999.0 -9999.0 -9999.0 -9999.0 -9999.0 58.4 117.1 89.7 107.9 174.9 210.4 -9999.0 -9999.0 -9999.0 -9999.0 -9999.0 -9999.0 -9999.0 -9999.0 -9999.0 195.3 -9999.0 -9999.0 -9999.0 -9999.0 -9999.0 280.9 -9999.0
-9999.0 -9999.0 -9999.0 -9999.0 -9999.0 -9999.0 -9999.0 -9999.0 -9999.0 -9999.0 -9999.0 -9999.0 -9999.0 -9999.0 -9999.0 -9999.0 -9999.0 -9999.0 -9999.0 -9999.0 -9999.0 -9999.0 -9999.0 -9999.0 -9999.0 -9999.0 -9999.0 -9999.0 -9999.0 -9999.0 -9999.0 -9999.0 -9999.0 -9999.0 -9999.0 -9999.0 -9999.0 -9999.0 -9999.0 -9999.0 -9999.0 -9999.0 -9999.0 -9999.0 -9999.0 -9999.0 -9999.0 -9999.0 -9999.0 -9999.0 -9999.0 -9999.0 -9999.0 -9999.0 -9999.0 -9999.0 -9999.0 -9999.0 133.9 148.4 -9999.0 -9999.0 -9999.0 -9999.0 -9999.0 -9999.0 -9999.0 -9999.0 -9999.0 -9999.0 -9999.0 -9999.0 -9999.0 -9999.0 -9999.0 123.4 200.8 -9999.0
-9999.0 -9999.0 -9999.0 -9999.0 -9999.0 -9999.0 -9999.0 -9999.0 -9999.0 -9999.0 -9999.0 -9999.0 -9999.0 -9999.0 -9999.0 -9999.0 -9999.0 -9999.0 -9999.0 -9999.0 -9999.0 -9999.0 -9999.0 -9999.0 -9999.0 -9999.0 -9999.0 -9999.0 -9999.0 -9999.0 -9999.0 -9999.0 -9999.0 -9999.0 -9999.0 -9999.0 -9999.0 -9999.0 -9999.0 -9999.0 -9999.0 -9999.0 -9999.0 -9999.0 -9999.0 -9999.0 -9999.0 -9999.0 -9999.0 -9999.0 -9999.0 -9999.0 -9999.0 -9999.0 -9999.0 -9999.0 -9999.0 -9999.0 -9999.0 -9999.0 -9999.0 -9999.0 -9999.0 -9999.0 -9999.0 -9999.0 -9999.0 -9999.0 -9999.0 -9999.0 -9999.0 -9999.0 -9999.0 -9999.0 -9999.0 -9999.0 -9999.0 -9999.0
