program/excelProcessViaJava/data/SURF_CLI_CHN_PRE_MON_GRID_0.5-200904.txt
NCOLS      128
NROWS       72
XLLCORNER    72.000000000000    
YLLCORNER    18.000000000000    
CELLSIZE    0.50000000000000    
NODATA_VALUE   -9999.000    
[rows 34 to 67 of 72, columns 0 to 77 of 128]
-9999.0 -9999.0 -9999.0 -9999.0 4.8 3.3 10.9 3.7 14.8 12.2 1.8 6.5 2.7 2.0 0.3 0.5 1.0 3.3 7.0 9.3 7.9 6.7 4.3 0.3 0.0 0.0 0.0 0.0 0.1 0.1 0.2 0.5 0.8 1.4 2.2 2.3 4.0 5.8 3.1 1.3 2.4 0.5 0.4 0.3 0.2 0.2 0.2 0.1 0.1 0.2 0.2 0.9 13.5 11.0 9.3 11.8 15.4 23.8 29.3 23.2 24.4 16.6 8.7 5.5 4.1 4.0 3.5 2.8 3.6 6.3 8.3 10.8 13.7 17.3 18.3 14.9 10.0 6.4
-9999.0 -9999.0 -9999.0 -9999.0 -9999.0 -9999.0 -9999.0 3.7 6.8 3.9 9.3 7.3 2.4 2.2 1.5 0.6 0.7 1.7 3.2 1.7 0.2 0.1 0.0 0.0 0.0 0.0 0.1 0.1 0.2 0.3 0.6 1.1 1.8 3.0 4.7 4.7 7.4 6.7 9.3 9.2 2.7 8.3 6.0 2.7 1.2 0.4 0.9 0.8 1.5 0.6 0.5 1.5 6.4 19.9 17.8 10.4 12.9 18.5 29.6 30.3 28.6 23.9 18.9 14.0 10.2 7.9 7.8 9.0 9.6 10.6 10.6 11.2 14.9 18.7 19.5 16.1 12.7 10.4
-9999.0 -9999.0 -9999.0 -9999.0 -9999.0 -9999.0 -9999.0 10.1 1.6 4.7 5.4 2.7 2.7 3.2 1.2 1.8 0.5 0.3 0.2 0.2 0.1 0.1 0.1 0.1 0.1 0.1 0.1 0.1 0.2 0.5 1.1 1.9 3.0 5.2 5.6 7.2 7.6 9.9 9.9 8.5 7.8 6.3 6.2 11.1 4.4 2.3 4.1 5.3 11.3 9.1 17.7 15.4 9.0 12.1 16.0 12.8 18.2 26.0 28.7 28.7 33.2 34.5 30.8 25.5 17.0 13.1 13.5 16.7 17.6 14.5 11.5 11.0 14.7 18.8 17.7 15.8 13.4 13.3
-9999.0 -9999.0 -9999.0 -9999.0 -9999.0 -9999.0 -9999.0 -9999.0 -9999.0 2.9 2.2 1.4 2.3 1.4 0.7 0.4 0.3 0.4 0.2 0.1 0.1 0.1 0.1 0.1 0.1 0.1 0.1 0.2 0.4 0.9 1.5 2.6 4.0 6.0 6.5 7.9 8.9 10.9 10.4 11.0 8.7 8.1 6.3 5.4 7.8 9.0 10.8 11.9 13.5 13.7 15.7 13.0 11.1 10.9 14.6 14.7 22.9 30.4 27.3 29.1 30.4 28.1 28.0 28.5 22.3 16.9 17.8 23.8 23.1 19.5 15.4 13.2 17.3 22.2 21.8 16.1 14.7 14.1
-9999.0 -9999.0 -9999.0 -9999.0 -9999.0 -9999.0 -9999.0 -9999.0 -9999.0 -9999.0 -9999.0 2.1 0.4 1.1 0.5 0.4 0.2 0.2 0.1 0.1 0.1 0.1 0.1 0.1 0.1 0.1 0.2 0.3 0.6 1.2 2.2 3.9 5.0 6.8 8.0 12.1 11.0 12.2 18.8 13.2 14.1 10.0 7.1 6.3 12.1 10.1 18.4 16.5 19.0 17.4 13.3 12.7 12.5 14.3 16.9 17.2 22.7 27.3 31.4 31.6 26.9 25.6 26.0 26.2 21.6 13.7 17.9 23.8 24.2 22.0 20.0 21.5 24.1 25.4 19.2 19.8 19.6 18.1
-9999.0 -9999.0 -9999.0 -9999.0 -9999.0 -9999.0 -9999.0 -9999.0 -9999.0 -9999.0 -9999.0 -9999.0 0.3 0.3 0.4 0.2 0.2 0.1 0.1 0.1 0.1 0.1 0.1 0.1 0.1 0.1 0.2 0.3 0.7 1.6 2.7 4.3 6.0 8.7 10.7 11.5 16.7 13.7 12.6 11.5 10.8 9.4 7.9 9.5 10.4 14.0 19.3 16.9 18.8 18.6 21.5 19.5 16.9 17.0 20.1 23.4 27.4 31.3 43.7 35.6 30.0 20.0 15.4 17.1 17.7 17.9 12.2 17.7 21.3 22.7 23.2 19.3 16.8 20.1 27.9 36.5 27.8 25.6
-9999.0 -9999.0 -9999.0 -9999.0 -9999.0 -9999.0 -9999.0 -9999.0 -9999.0 -9999.0 -9999.0 -9999.0 0.9 0.2 0.2 0.2 0.2 0.1 0.1 0.1 0.1 0.0 0.0 0.1 0.1 0.1 0.2 0.5 0.8 1.7 3.0 5.2 6.9 8.6 10.7 11.0 14.9 15.6 13.8 12.2 9.6 8.2 11.2 7.7 12.3 18.3 17.1 18.1 15.1 19.7 19.3 21.9 20.8 24.4 27.1 32.6 40.7 47.6 57.4 52.2 38.7 23.8 17.5 18.0 21.0 19.5 16.6 21.9 24.1 26.7 34.5 45.2 53.5 55.6 52.2 46.5 43.8 39.0
-9999.0 -9999.0 -9999.0 -9999.0 -9999.0 -9999.0 -9999.0 -9999.0 -9999.0 -9999.0 -9999.0 -9999.0 -9999.0 0.2 0.3 0.2 0.1 0.1 0.1 0.1 0.1 0.1 0.0 0.1 0.1 0.1 0.2 0.3 0.8 1.7 3.0 4.6 7.3 9.4 8.8 9.7 10.3 11.8 20.7 13.5 10.9 11.2 9.7 14.0 12.2 13.3 20.0 25.3 26.9 25.2 24.8 23.1 25.4 34.7 35.4 40.8 52.0 61.5 62.6 67.3 57.6 41.6 32.8 34.7 40.9 33.3 32.2 39.0 41.6 41.6 35.6 47.5 66.0 67.9 70.3 65.5 63.9 63.0
-9999.0 -9999.0 -9999.0 -9999.0 -9999.0 -9999.0 -9999.0 -9999.0 -9999.0 -9999.0 -9999.0 -9999.0 0.3 0.4 0.2 0.2 0.1 0.1 0.1 0.2 0.2 0.1 0.1 0.1 0.2 0.1 0.2 0.3 0.7 1.5 2.8 4.3 7.0 7.7 9.0 8.1 10.6 7.0 6.7 7.3 14.0 18.9 22.4 9.7 14.8 19.4 21.2 21.3 25.3 26.4 32.0 36.3 30.8 35.1 36.5 43.2 53.2 75.7 81.8 87.1 84.4 75.0 63.9 59.0 57.4 57.4 70.3 73.8 68.4 64.9 68.9 72.0 64.6 54.3 62.7 78.5 94.1 98.0
-9999.0 -9999.0 -9999.0 -9999.0 -9999.0 -9999.0 -9999.0 -9999.0 -9999.0 -9999.0 -9999.0 -9999.0 0.5 0.3 0.3 0.3 0.2 0.2 0.2 0.1 0.3 0.1 0.1 0.1 0.2 0.3 0.3 0.4 0.7 1.4 2.4 3.7 5.9 5.8 5.9 6.2 4.6 4.9 4.4 3.0 4.2 4.4 6.2 10.2 15.8 23.5 34.9 35.8 34.5 23.1 24.5 33.1 28.6 28.7 31.3 36.1 48.5 64.5 83.2 94.6 102.1 102.8 94.0 83.9 80.2 79.3 83.4 92.0 90.0 83.7 78.5 75.6 73.5 84.1 96.3 98.4 107.9 92.9
-9999.0 -9999.0 -9999.0 -9999.0 -9999.0 -9999.0 -9999.0 -9999.0 -9999.0 -9999.0 -9999.0 -9999.0 0.4 0.5 0.5 0.4 0.4 0.2 0.3 0.2 0.1 0.1 0.2 0.1 0.2 0.1 0.2 0.2 0.6 1.0 1.7 3.1 3.9 4.1 4.0 4.1 3.4 3.3 2.5 4.3 3.9 3.3 14.8 6.9 18.9 35.5 43.8 37.9 27.4 25.6 26.5 22.0 41.7 40.9 30.9 25.1 36.8 54.0 74.1 92.7 110.5 120.8 127.4 100.4 75.3 65.2 71.9 84.2 90.2 86.7 84.6 85.8 86.9 95.1 104.4 104.4 98.0 92.6
-9999.0 -9999.0 -9999.0 -9999.0 -9999.0 -9999.0 -9999.0 -9999.0 -9999.0 -9999.0 -9999.0 -9999.0 -9999.0 1.4 0.9 0.9 0.8 0.9 0.5 0.4 0.3 0.3 0.2 0.2 0.3 0.2 0.3 0.3 0.3 0.7 1.0 1.8 3.0 3.1 3.4 5.7 5.2 2.7 3.3 3.2 4.9 19.3 29.6 29.0 23.1 30.9 42.7 27.5 39.5 32.5 19.1 32.6 26.0 17.6 27.4 28.5 25.0 38.4 62.7 93.6 115.7 138.6 144.1 82.0 56.0 57.3 58.7 65.4 75.9 83.8 87.7 93.0 91.7 110.8 102.6 108.0 105.6 98.2
-9999.0 -9999.0 -9999.0 -9999.0 -9999.0 -9999.0 -9999.0 -9999.0 -9999.0 -9999.0 -9999.0 -9999.0 -9999.0 2.8 1.8 2.0 1.5 2.2 1.9 1.4 0.7 0.6 0.5 0.4 1.0 0.5 0.3 0.4 0.3 0.3 0.5 1.0 1.5 2.2 3.7 4.3 2.8 3.1 6.1 18.6 12.1 20.2 29.1 36.3 57.8 43.4 43.8 28.1 28.5 24.9 31.0 13.5 24.0 28.9 30.9 24.3 21.3 32.2 57.2 66.8 115.3 108.1 70.6 53.0 52.4 55.3 58.7 64.3 76.5 87.3 90.2 92.6 101.4 102.2 97.9 94.5 102.3 119.2
-9999.0 -9999.0 -9999.0 -9999.0 -9999.0 -9999.0 -9999.0 -9999.0 -9999.0 -9999.0 -9999.0 -9999.0 -9999.0 -9999.0 -9999.0 3.9 4.5 3.7 4.3 5.0 2.5 3.0 2.8 2.0 1.2 0.9 0.3 0.3 0.2 0.2 0.2 0.3 1.4 2.1 2.0 6.3 9.9 2.3 6.2 11.3 24.6 34.4 39.6 42.4 36.2 35.8 42.8 25.1 32.0 12.0 20.3 41.3 21.5 20.6 11.1 19.2 23.2 24.3 58.7 89.9 83.8 74.2 67.8 52.9 46.9 52.5 64.6 79.5 95.4 93.9 93.0 95.7 94.3 103.4 106.9 105.5 116.7 134.0
-9999.0 -9999.0 -9999.0 -9999.0 -9999.0 -9999.0 -9999.0 -9999.0 -9999.0 -9999.0 -9999.0 -9999.0 -9999.0 -9999.0 -9999.0 -9999.0 -9999.0 49.2 23.0 -9999.0 16.6 6.5 9.2 7.7 3.3 2.4 0.8 0.4 0.2 0.1 0.1 0.1 1.0 0.3 0.3 1.6 10.5 1.3 8.0 14.2 23.0 39.2 39.9 41.0 47.6 43.9 76.3 53.8 26.6 30.6 12.6 20.7 10.8 24.3 24.9 25.6 21.1 42.1 58.6 88.1 62.2 75.6 68.9 50.5 41.5 45.1 58.4 77.2 101.0 108.3 123.0 101.5 111.4 128.6 125.2 125.5 141.7 169.5
-9999.0 -9999.0 -9999.0 -9999.0 -9999.0 -9999.0 -9999.0 -9999.0 -9999.0 -9999.0 -9999.0 -9999.0 -9999.0 -9999.0 -9999.0 -9999.0 -9999.0 -9999.0 -9999.0 -9999.0 -9999.0 19.5 13.6 7.8 8.1 11.0 6.2 2.6 0.5 0.2 0.1 0.2 0.2 0.3 0.3 1.5 2.2 3.7 5.7 7.1 9.7 36.4 43.8 43.7 53.9 48.0 114.7 44.6 60.7 125.5 33.7 57.7 48.4 20.8 25.1 33.5 37.4 37.3 78.5 84.4 59.8 67.5 65.6 48.3 39.6 40.0 47.5 63.5 96.6 119.6 132.6 123.9 141.8 163.2 152.5 147.4 165.1 198.9
-9999.0 -9999.0 -9999.0 -9999.0 -9999.0 -9999.0 -9999.0 -9999.0 -9999.0 -9999.0 -9999.0 -9999.0 -9999.0 -9999.0 -9999.0 -9999.0 -9999.0 -9999.0 -9999.0 -9999.0 -9999.0 -9999.0 -9999.0 58.7 23.8 20.4 14.0 6.4 1.3 0.5 0.2 0.2 1.5 1.4 4.0 5.4 10.8 7.6 17.8 24.9 25.3 37.4 27.3 29.5 56.7 139.0 76.8 63.1 63.7 56.2 36.2 54.8 31.1 33.9 25.1 13.9 34.5 54.4 37.5 86.6 70.2 85.8 80.6 46.1 39.2 41.1 45.4 53.1 59.1 93.7 104.2 140.2 167.2 172.8 167.0 163.8 178.7 205.9
-9999.0 -9999.0 -9999.0 -9999.0 -9999.0 -9999.0 -9999.0 -9999.0 -9999.0 -9999.0 -9999.0 -9999.0 -9999.0 -9999.0 -9999.0 -9999.0 -9999.0 -9999.0 -9999.0 -9999.0 -9999.0 -9999.0 -9999.0 -9999.0 -9999.0 107.7 44.4 8.4 4.7 4.2 1.2 1.1 1.6 3.2 4.0 11.7 27.5 14.2 26.9 20.0 34.8 20.5 32.7 41.5 106.4 151.9 125.4 183.9 62.5 65.9 69.0 56.4 59.4 48.5 21.5 16.2 30.2 32.5 65.2 85.6 109.6 116.3 155.6 43.3 40.0 44.2 43.1 43.4 53.9 70.2 94.5 139.9 171.5 185.1 180.0 180.8 204.6 219.4
-9999.0 -9999.0 -9999.0 -9999.0 -9999.0 -9999.0 -9999.0 -9999.0 -9999.0 -9999.0 -9999.0 -9999.0 -9999.0 -9999.0 -9999.0 -9999.0 -9999.0 -9999.0 -9999.0 -9999.0 -9999.0 -9999.0 -9999.0 -9999.0 -9999.0 -9999.0 -9999.0 123.8 101.5 25.6 14.3 10.2 8.4 9.7 11.2 16.0 13.1 14.6 11.7 16.6 24.2 14.5 44.7 99.4 125.0 156.9 184.3 196.3 200.9 118.4 163.1 148.2 57.4 42.7 25.8 23.6 14.0 20.9 55.3 72.8 76.8 123.3 64.3 51.4 54.6 46.1 47.8 46.8 52.9 69.9 98.8 153.2 169.4 210.6 208.9 214.3 213.1 224.1
-9999.0 -9999.0 -9999.0 -9999.0 -9999.0 -9999.0 -9999.0 -9999.0 -9999.0 -9999.0 -9999.0 -9999.0 -9999.0 -9999.0 -9999.0 -9999.0 -9999.0 -9999.0 -9999.0 -9999.0 -9999.0 -9999.0 -9999.0 -9999.0 -9999.0 -9999.0 -9999.0 -9999.0 -9999.0 -9999.0 -9999.0 -9999.0 -9999.0 36.4 19.7 -9999.0 -9999.0 -9999.0 27.6 18.9 25.4 42.9 44.5 113.6 146.3 161.8 -9999.0 -9999.0 -9999.0 -9999.0 -9999.0 -9999.0 87.1 48.6 30.2 14.4 11.2 14.5 32.8 50.2 76.0 100.1 67.0 54.5 51.4 58.1 69.3 87.9 106.1 106.6 118.1 186.2 243.0 253.5 249.5 240.5 215.5 233.2
-9999.0 -9999.0 -9999.0 -9999.0 -9999.0 -9999.0 -9999.0 -9999.0 -9999.0 -9999.0 -9999.0 -9999.0 -9999.0 -9999.0 -9999.0 -9999.0 -9999.0 -9999.0 -9999.0 -9999.0 -9999.0 -9999.0 -9999.0 -9999.0 -9999.0 -9999.0 -9999.0 -9999.0 -9999.0 -9999.0 -9999.0 -9999.0 -9999.0 -9999.0 -9999.0 -9999.0 -9999.0 -9999.0 -9999.0 88.6 91.8 101.6 114.1 126.9 -9999.0 -9999.0 -9999.0 -9999.0 -9999.0 -9999.0 -9999.0 -9999.0 83.4 52.9 28.2 14.5 9.2 10.9 17.6 30.1 44.7 61.7 65.0 56.6 66.5 79.6 99.4 121.9 152.1 195.3 206.4 222.0 237.9 280.7 239.9 231.1 208.3 207.2
-9999.0 -9999.0 -9999.0 -9999.0 -9999.0 -9999.0 -9999.0 -9999.0 -9999.0 -9999.0 -9999.0 -9999.0 -9999.0 -9999.0 -9999.0 -9999.0 -9999.0 -9999.0 -9999.0 -9999.0 -9999.0 -9999.0 -9999.0 -9999.0 -9999.0 -9999.0 -9999.0 -9999.0 -9999.0 -9999.0 -9999.0 -9999.0 -9999.0 -9999.0 -9999.0 -9999.0 -9999.0 -9999.0 -9999.0 -9999.0 -9999.0 -9999.0 -9999.0 -9999.0 -9999.0 -9999.0 -9999.0 -9999.0 -9999.0 -9999.0 -9999.0 -9999.0 95.7 57.5 31.5 22.8 13.0 13.5 18.0 26.6 31.2 36.3 72.5 57.3 74.1 84.7 94.3 124.4 159.7 188.2 197.8 207.7 260.5 225.5 207.5 205.4 175.5 170.5
-9999.0 -9999.0 -9999.0 -9999.0 -9999.0 -9999.0 -9999.0 -9999.0 -9999.0 -9999.0 -9999.0 -9999.0 -9999.0 -9999.0 -9999.0 -9999.0 -9999.0 -9999.0 -9999.0 -9999.0 -9999.0 -9999.0 -9999.0 -9999.0 -9999.0 -9999.0 -9999.0 -9999.0 -9999.0 -9999.0 -9999.0 -9999.0 -9999.0 -9999.0 -9999.0 -9999.0 -9999.0 -9999.0 -9999.0 -9999.0 -9999.0 -9999.0 -9999.0 -9999.0 -9999.0 -9999.0 -9999.0 -9999.0 -9999.0 -9999.0 -9999.0 93.4 79.0 61.7 33.2 26.2 21.8 22.2 23.3 24.5 28.0 29.5 30.5 43.8 61.0 70.6 77.0 77.3 115.2 119.6 128.0 141.0 130.2 143.8 181.2 198.5 161.1 171.0
-9999.0 -9999.0 -9999.0 -9999.0 -9999.0 -9999.0 -9999.0 -9999.0 -9999.0 -9999.0 -9999.0 -9999.0 -9999.0 -9999.0 -9999.0 -9999.0 -9999.0 -9999.0 -9999.0 -9999.0 -9999.0 -9999.0 -9999.0 -9999.0 -9999.0 -9999.0 -9999.0 -9999.0 -9999.0 -9999.0 -9999.0 -9999.0 -9999.0 -9999.0 -9999.0 -9999.0 -9999.0 -9999.0 -9999.0 -9999.0 -9999.0 -9999.0 -9999.0 -9999.0 -9999.0 -9999.0 -9999.0 -9999.0 -9999.0 -9999.0 90.8 99.2 89.5 72.2 49.7 41.6 35.2 30.5 26.9 23.1 20.9 22.5 24.7 33.2 46.1 57.9 63.1 68.8 78.4 68.0 76.4 68.1 92.3 151.4 182.3 174.8 193.6 132.8
-9999.0 -9999.0 -9999.0 -9999.0 -9999.0 -9999.0 -9999.0 -9999.0 -9999.0 -9999.0 -9999.0 -9999.0 -9999.0 -9999.0 -9999.0 -9999.0 -9999.0 -9999.0 -9999.0 -9999.0 -9999.0 -9999.0 -9999.0 -9999.0 -9999.0 -9999.0 -9999.0 -9999.0 -9999.0 -9999.0 -9999.0 -9999.0 -9999.0 -9999.0 -9999.0 -9999.0 -9999.0 -9999.0 -9999.0 -9999.0 -9999.0 -9999.0 -9999.0 -9999.0 -9999.0 -9999.0 -9999.0 -9999.0 -9999.0 -9999.0 86.4 119.9 83.4 87.0 72.6 59.4 42.2 40.8 30.5 22.3 20.1 21.0 24.5 30.0 39.4 58.1 57.7 62.0 57.4 60.4 59.7 61.3 84.7 139.1 170.1 173.2 151.2 161.4
-9999.0 -9999.0 -9999.0 -9999.0 -9999.0 -9999.0 -9999.0 -9999.0 -9999.0 -9999.0 -9999.0 -9999.0 -9999.0 -9999.0 -9999.0 -9999.0 -9999.0 -9999.0 -9999.0 -9999.0 -9999.0 -9999.0 -9999.0 -9999.0 -9999.0 -9999.0 -9999.0 -9999.0 -9999.0 -9999.0 -9999.0 -9999.0 -9999.0 -9999.0 -9999.0 -9999.0 -9999.0 -9999.0 -9999.0 -9999.0 -9999.0 -9999.0 -9999.0 -9999.0 -9999.0 -9999.0 -9999.0 -9999.0 -9999.0 -9999.0 88.0 103.8 92.9 113.5 84.5 72.2 68.3 51.7 42.4 29.9 29.2 30.2 29.6 31.5 35.9 44.1 51.9 55.8 64.1 59.5 76.2 74.8 87.2 110.0 120.2 139.1 137.9 182.5
-9999.0 -9999.0 -9999.0 -9999.0 -9999.0 -9999.0 -9999.0 -9999.0 -9999.0 -9999.0 -9999.0 -9999.0 -9999.0 -9999.0 -9999.0 -9999.0 -9999.0 -9999.0 -9999.0 -9999.0 -9999.0 -9999.0 -9999.0 -9999.0 -9999.0 -9999.0 -9999.0 -9999.0 -9999.0 -9999.0 -9999.0 -9999.0 -9999.0 -9999.0 -9999.0 -9999.0 -9999.0 -9999.0 -9999.0 -9999.0 -9999.0 -9999.0 -9999.0 -9999.0 -9999.0 -9999.0 -9999.0 -9999.0 -9999.0 -9999.0 125.2 147.5 137.6 131.6 111.7 98.3 68.7 69.4 64.5 53.8 57.6 52.7 46.1 44.2 41.9 39.9 35.2 36.5 40.2 106.5 95.1 101.8 100.5 91.1 89.3 122.6 152.5 202.2
-9999.0 -9999.0 -9999.0 -9999.0 -9999.0 -9999.0 -9999.0 -9999.0 -9999.0 -9999.0 -9999.0 -9999.0 -9999.0 -9999.0 -9999.0 -9999.0 -9999.0 -9999.0 -9999.0 -9999.0 -9999.0 -9999.0 -9999.0 -9999.0 -9999.0 -9999.0 -9999.0 -9999.0 -9999.0 -9999.0 -9999.0 -9999.0 -9999.0 -9999.0 -9999.0 -9999.0 -9999.0 -9999.0 -9999.0 -9999.0 -9999.0 -9999.0 -9999.0 -9999.0 -9999.0 -9999.0 -9999.0 -9999.0 -9999.0 -9999.0 -9999.0 -9999.0 -9999.0 142.0 124.6 100.4 87.6 88.3 75.1 88.4 116.8 100.4 96.6 86.0 69.1 55.0 40.5 49.2 49.9 72.0 101.2 120.9 118.8 100.8 97.2 130.7 168.4 194.7
-9999.0 -9999.0 -9999.0 -9999.0 -9999.0 -9999.0 -9999.0 -9999.0 -9999.0 -9999.0 -9999.0 -9999.0 -9999.0 -9999.0 -9999.0 -9999.0 -9999.0 -9999.0 -9999.0 -9999.0 -9999.0 -9999.0 -9999.0 -9999.0 -9999.0 -9999.0 -9999.0 -9999.0 -9999.0 -9999.0 -9999.0 -9999.0 -9999.0 -9999.0 -9999.0 -9999.0 -9999.0 -9999.0 -9999.0 -9999.0 -9999.0 -9999.0 -9999.0 -9999.0 -9999.0 -9999.0 -9999.0 -9999.0 -9999.0 -9999.0 -9999.0 -9999.0 -9999.0 130.6 105.1 115.4 80.6 76.9 101.0 150.9 158.6 167.7 184.1 158.1 126.2 96.4 105.6 58.3 92.8 103.5 123.1 135.0 127.7 111.2 104.9 113.3 134.5 147.1
-9999.0 -9999.0 -9999.0 -9999.0 -9999.0 -9999.0 -9999.0 -9999.0 -9999.0 -9999.0 -9999.0 -9999.0 -9999.0 -9999.0 -9999.0 -9999.0 -9999.0 -9999.0 -9999.0 -9999.0 -9999.0 -9999.0 -9999.0 -9999.0 -9999.0 -9999.0 -9999.0 -9999.0 -9999.0 -9999.0 -9999.0 -9999.0 -9999.0 -9999.0 -9999.0 -9999.0 -9999.0 -9999.0 -9999.0 -9999.0 -9999.0 -9999.0 -9999.0 -9999.0 -9999.0 -9999.0 -9999.0 -9999.0 -9999.0 -9999.0 -9999.0 -9999.0 -9999.0 104.8 67.7 80.5 72.6 77.2 108.9 147.6 210.8 243.0 257.9 220.3 182.0 -9999.0 -9999.0 -9999.0 114.3 145.2 145.4 136.2 121.1 101.3 89.2 85.4 86.9 99.7
-9999.0 -9999.0 -9999.0 -9999.0 -9999.0 -9999.0 -9999.0 -9999.0 -9999.0 -9999.0 -9999.0 -9999.0 -9999.0 -9999.0 -9999.0 -9999.0 -9999.0 -9999.0 -9999.0 -9999.0 -9999.0 -9999.0 -9999.0 -9999.0 -9999.0 -9999.0 -9999.0 -9999.0 -9999.0 -9999.0 -9999.0 -9999.0 -9999.0 -9999.0 -9999.0 -9999.0 -9999.0 -9999.0 -9999.0 -9999.0 -9999.0 -9999.0 -9999.0 -9999.0 -9999.0 -9999.0 -9999.0 -9999.0 -9999.0 -9999.0 -9999.0 -9999.0 -9999.0 -9999.0 66.4 58.6 50.4 65.4 115.4 178.9 197.1 -9999.0 -9999.0 -9999.0 -9999.0 -9999.0 -9999.0 -9999.0 167.2 157.3 134.9 139.4 113.6 84.9 71.1 63.9 59.1 70.9
-9999.0 -9999.0 -9999.0 -9999.0 -9999.0 -9999.0 -9999.0 -9999.0 -9999.0 -9999.0 -9999.0 -9999.0 -9999.0 -9999.0 -9999.0 -9999.0 -9999.0 -9999.0 -9999.0 -9999.0 -9999.0 -9999.0 -9999.0 -9999.0 -9999.0 -9999.0 -9999.0 -9999.0 -9999.0 -9999.0 -9999.0 -9999.0 -9999.0 -9999.0 -9999.0 -9999.0 -9999.0 -9999.0 -9999.0 -9999.0 -9999.0 -9999.0 -9999.0 -9999.0 -9999.0 -9999.0 -9999.0 -9999.0 -9999.0 -9999.0 -9999.0 -9999.0 -9999.0 -9999.0 -9999.0 44.5 72.3 72.8 102.6 162.5 208.3 -9999.0 -9999.0 -9999.0 -9999.0 -9999.0 -9999.0 -9999.0 -9999.0 -9999.0 143.8 -9999.0 -9999.0 -9999.0 -9999.0 -9999.0 74.9 -9999.0
-9999.0 -9999.0 -9999.0 -9999.0 -9999.0 -9999.0 -9999.0 -9999.0 -9999.0 -9999.0 -9999.0 -9999.0 -9999.0 -9999.0 -9999.0 -9999.0 -9999.0 -9999.0 -9999.0 -9999.0 -9999.0 -9999.0 -9999.0 -9999.0 -9999.0 -9999.0 -9999.0 -9999.0 -9999.0 -9999.0 -9999.0 -9999.0 -9999.0 -9999.0 -9999.0 -9999.0 -9999.0 -9999.0 -9999.0 -9999.0 -9999.0 -9999.0 -9999.0 -9999.0 -9999.0 -9999.0 -9999.0 -9999.0 -9999.0 -9999.0 -9999.0 -9999.0 -9999.0 -9999.0 -9999.0 -9999.0 -9999.0 -9999.0 104.6 139.5 -9999.0 -9999.0 -9999.0 -9999.0 -9999.0 -9999.0 -9999.0 -9999.0 -9999.0 -9999.0 -9999.0 -9999.0 -9999.0 -9999.0 -9999.0 95.1 126.1 -9999.0
-9999.0 -9999.0 -9999.0 -9999.0 -9999.0 -9999.0 -9999.0 -9999.0 -9999.0 -9999.0 -9999.0 -9999.0 -9999.0 -9999.0 -9999.0 -9999.0 -9999.0 -9999.0 -9999.0 -9999.0 -9999.0 -9999.0 -9999.0 -9999.0 -9999.0 -9999.0 -9999.0 -9999.0 -9999.0 -9999.0 -9999.0 -9999.0 -9999.0 -9999.0 -9999.0 -9999.0 -9999.0 -9999.0 -9999.0 -9999.0 -9999.0 -9999.0 -9999.0 -9999.0 -9999.0 -9999.0 -9999.0 -9999.0 -9999.0 -9999.0 -9999.0 -9999.0 -9999.0 -9999.0 -9999.0 -9999.0 -9999.0 -9999.0 -9999.0 -9999.0 -9999.0 -9999.0 -9999.0 -9999.0 -9999.0 -9999.0 -9999.0 -9999.0 -9999.0 -9999.0 -9999.0 -9999.0 -9999.0 -9999.0 -9999.0 -9999.0 -9999.0 -9999.0
