program/excelProcessViaJava/data/SURF_CLI_CHN_PRE_MON_GRID_0.5-199904.txt
NCOLS      128
NROWS       72
XLLCORNER    72.000000000000    
YLLCORNER    18.000000000000    
CELLSIZE    0.50000000000000    
NODATA_VALUE   -9999.000    
[rows 34 to 67 of 72, columns 0 to 77 of 128]
-9999.0 -9999.0 -9999.0 -9999.0 67.0 52.6 47.4 32.8 32.3 23.6 14.1 11.5 7.4 5.3 6.6 5.8 5.1 7.5 8.0 6.1 3.2 1.9 0.9 0.2 0.3 0.6 0.3 0.4 0.5 0.6 0.8 1.4 1.2 1.3 1.7 1.3 2.4 3.7 1.8 0.9 2.1 0.6 0.6 0.5 0.4 0.4 0.4 0.4 0.5 1.1 2.1 3.4 7.0 3.6 1.4 1.3 1.9 5.7 12.9 6.5 15.5 5.4 4.2 5.4 7.1 11.0 18.1 19.2 21.1 27.1 28.7 28.6 25.2 23.6 24.9 29.5 32.4 39.7
-9999.0 -9999.0 -9999.0 -9999.0 -9999.0 -9999.0 -9999.0 36.5 30.0 21.6 19.9 14.3 8.3 5.9 4.0 7.3 2.8 4.4 4.2 1.4 0.4 0.3 0.3 0.3 0.3 0.3 0.4 0.5 0.6 1.1 1.3 1.4 1.5 1.9 2.6 1.9 3.2 2.5 4.3 4.8 1.5 6.4 5.5 2.7 1.2 0.6 0.8 0.7 1.4 1.4 2.0 3.1 3.9 10.5 6.5 0.5 0.4 1.0 11.3 6.6 14.9 3.7 3.7 6.0 11.4 16.1 22.6 25.7 24.8 30.9 37.4 39.7 41.6 44.5 46.9 53.4 51.8 56.0
-9999.0 -9999.0 -9999.0 -9999.0 -9999.0 -9999.0 -9999.0 46.5 30.3 24.3 19.1 12.7 9.3 7.5 4.1 4.1 1.7 1.0 0.8 0.5 0.4 0.3 0.3 0.3 0.3 0.3 0.4 0.5 0.5 0.6 1.2 1.4 1.6 2.5 1.8 2.0 1.8 2.5 2.5 2.3 2.8 3.2 4.0 7.9 3.1 1.5 2.3 2.8 6.1 5.0 10.1 8.3 3.7 3.9 8.4 0.7 0.8 3.5 12.5 18.5 11.2 7.4 6.0 10.2 15.9 23.0 28.1 28.7 33.9 37.3 47.3 53.3 58.4 67.0 62.7 75.4 71.2 63.0
-9999.0 -9999.0 -9999.0 -9999.0 -9999.0 -9999.0 -9999.0 -9999.0 -9999.0 25.0 18.3 13.0 9.8 6.4 4.0 2.5 1.6 1.8 0.7 0.7 0.4 0.3 0.3 0.3 0.3 0.3 0.4 0.5 0.5 0.9 0.8 1.1 1.4 1.8 1.4 1.4 1.3 1.5 1.3 1.6 1.6 2.3 2.6 2.6 3.9 4.2 4.8 5.1 5.8 6.1 7.3 5.8 4.4 3.5 8.3 2.7 2.0 5.8 19.2 21.6 19.5 20.1 19.6 17.3 25.1 31.2 33.4 34.2 43.2 48.2 57.8 61.2 62.0 71.9 82.3 59.3 57.5 58.0
-9999.0 -9999.0 -9999.0 -9999.0 -9999.0 -9999.0 -9999.0 -9999.0 -9999.0 -9999.0 -9999.0 14.3 9.6 6.6 3.8 2.4 1.4 0.8 0.5 0.4 0.4 0.3 0.3 0.3 0.3 0.3 0.4 0.5 0.6 0.8 1.0 1.6 1.4 1.6 1.4 2.2 1.3 1.2 2.7 1.1 1.6 1.4 1.6 1.9 4.2 3.4 6.5 5.6 6.7 6.3 4.9 4.7 4.7 6.4 11.5 10.8 10.4 18.8 24.3 27.5 30.1 24.5 24.0 29.6 38.5 39.2 35.2 40.8 50.0 58.7 67.4 66.8 59.1 55.8 53.7 54.4 54.2 56.6
-9999.0 -9999.0 -9999.0 -9999.0 -9999.0 -9999.0 -9999.0 -9999.0 -9999.0 -9999.0 -9999.0 -9999.0 9.4 6.2 3.8 2.1 1.6 0.7 0.5 0.5 0.3 0.3 0.3 0.3 0.5 0.3 0.4 0.5 0.6 1.1 1.1 1.3 1.5 2.1 2.1 1.7 2.6 1.2 0.8 0.6 0.6 0.8 1.1 2.0 2.6 3.5 5.0 4.3 5.1 5.4 7.1 6.9 6.2 6.7 10.4 16.2 22.0 31.7 25.6 38.3 35.5 37.2 37.9 42.2 54.4 62.4 49.8 53.1 59.4 66.6 78.1 78.1 63.7 55.8 57.2 79.2 64.3 60.4
-9999.0 -9999.0 -9999.0 -9999.0 -9999.0 -9999.0 -9999.0 -9999.0 -9999.0 -9999.0 -9999.0 -9999.0 10.2 6.7 4.7 2.0 1.5 0.7 0.5 0.4 0.3 0.3 0.3 0.3 0.3 0.3 0.4 0.5 0.6 0.7 1.1 1.7 1.8 1.9 2.0 1.6 2.1 1.7 1.0 0.7 0.5 0.7 1.5 1.4 2.5 3.7 3.2 3.4 3.2 4.8 5.4 6.9 7.3 10.5 11.9 18.9 22.2 29.9 30.7 35.9 38.2 39.5 46.1 57.5 69.5 75.4 48.4 52.7 61.2 70.1 77.6 90.6 93.3 70.6 70.9 69.2 65.5 69.3
-9999.0 -9999.0 -9999.0 -9999.0 -9999.0 -9999.0 -9999.0 -9999.0 -9999.0 -9999.0 -9999.0 -9999.0 -9999.0 6.0 3.8 2.8 1.2 0.8 0.6 0.4 0.3 0.3 0.3 0.3 0.3 0.3 0.4 0.5 0.6 0.8 1.0 1.3 2.0 2.3 1.7 1.6 1.4 1.4 3.3 1.3 1.0 1.3 1.6 2.8 2.5 2.3 3.0 3.8 4.6 5.2 6.5 7.4 9.4 17.5 19.7 22.9 25.1 32.1 43.9 43.8 46.7 49.1 57.9 72.7 65.5 73.9 75.1 63.9 71.6 72.8 66.1 63.6 69.3 71.4 81.7 74.5 71.5 66.2
-9999.0 -9999.0 -9999.0 -9999.0 -9999.0 -9999.0 -9999.0 -9999.0 -9999.0 -9999.0 -9999.0 -9999.0 10.2 6.9 3.9 2.4 1.3 0.7 0.5 0.6 0.5 0.4 0.3 0.4 0.4 0.3 0.4 0.4 0.5 0.7 0.9 1.2 2.0 1.9 2.1 1.7 2.1 1.2 1.0 1.0 2.3 3.8 5.1 2.8 3.4 3.5 2.9 2.6 3.7 5.2 8.5 12.5 13.2 18.2 21.1 24.9 31.6 29.5 40.0 45.5 53.8 64.3 74.5 91.0 98.8 91.6 49.9 62.2 85.0 101.8 95.6 74.7 59.3 52.4 55.7 61.6 63.9 67.2
-9999.0 -9999.0 -9999.0 -9999.0 -9999.0 -9999.0 -9999.0 -9999.0 -9999.0 -9999.0 -9999.0 -9999.0 11.6 8.9 4.9 3.4 1.7 1.2 0.8 0.5 0.6 0.4 0.4 0.4 0.4 0.4 0.4 0.4 0.4 0.5 0.7 1.0 1.7 1.6 1.6 1.7 1.3 1.3 1.1 0.9 1.3 1.9 3.0 4.2 4.8 5.1 6.1 5.7 6.0 5.8 8.7 13.6 16.4 20.7 24.6 28.1 32.6 39.0 45.0 57.3 70.2 85.7 93.6 100.9 103.4 60.7 79.7 64.1 73.3 80.1 79.7 72.6 68.8 86.7 101.0 78.7 67.2 76.2
-9999.0 -9999.0 -9999.0 -9999.0 -9999.0 -9999.0 -9999.0 -9999.0 -9999.0 -9999.0 -9999.0 -9999.0 17.1 8.8 7.3 4.0 2.6 1.4 1.0 0.7 0.6 0.5 0.5 0.4 0.4 0.3 0.3 0.3 0.4 0.4 0.5 0.9 1.1 1.3 1.4 1.4 1.3 1.3 1.2 1.7 1.9 3.0 6.0 6.6 7.3 9.1 9.8 7.7 7.1 9.1 12.2 15.8 24.8 29.5 29.1 33.6 36.3 43.1 53.0 63.9 79.7 97.1 125.7 111.3 70.0 47.4 55.5 73.1 96.5 104.3 101.3 116.9 114.7 136.3 207.4 137.8 163.6 89.0
-9999.0 -9999.0 -9999.0 -9999.0 -9999.0 -9999.0 -9999.0 -9999.0 -9999.0 -9999.0 -9999.0 -9999.0 -9999.0 13.1 8.1 5.5 3.5 2.6 1.6 1.2 1.3 0.8 0.6 0.5 0.5 0.4 0.3 0.3 0.3 0.3 0.4 0.6 0.9 1.1 1.3 2.1 2.1 1.5 1.9 2.2 3.2 7.8 11.5 11.5 10.8 10.9 12.1 10.0 12.8 14.0 15.7 21.0 23.7 27.9 31.5 34.5 39.3 44.9 56.1 77.5 94.5 136.2 137.7 86.4 40.3 40.5 56.0 92.7 135.5 165.1 158.9 146.5 168.3 126.7 159.8 139.2 129.6 122.3
-9999.0 -9999.0 -9999.0 -9999.0 -9999.0 -9999.0 -9999.0 -9999.0 -9999.0 -9999.0 -9999.0 -9999.0 -9999.0 22.0 10.9 8.0 5.6 4.5 3.2 2.4 2.3 1.8 1.4 1.0 0.9 0.5 0.4 0.3 0.2 0.4 0.3 0.5 0.6 0.9 1.5 1.9 1.5 1.9 3.6 9.5 6.3 9.2 12.5 15.1 22.6 16.7 16.5 14.8 15.7 17.2 20.8 22.0 26.7 31.7 35.4 34.1 36.1 43.1 57.9 71.7 103.1 106.6 77.5 58.4 43.1 42.7 66.8 120.0 182.9 215.2 220.0 210.7 196.0 199.2 204.6 219.9 235.4 165.4
-9999.0 -9999.0 -9999.0 -9999.0 -9999.0 -9999.0 -9999.0 -9999.0 -9999.0 -9999.0 -9999.0 -9999.0 -9999.0 -9999.0 -9999.0 11.8 9.6 6.9 5.9 5.3 3.9 3.3 2.8 2.1 1.4 0.9 0.8 0.4 0.4 0.2 0.2 0.3 0.9 1.3 1.1 3.9 6.4 1.9 4.4 7.2 13.6 17.2 17.8 18.4 19.2 24.2 22.0 24.8 21.8 24.1 22.8 32.2 29.6 32.1 30.8 31.2 33.0 37.8 59.6 85.0 84.3 78.7 101.9 78.6 56.6 52.8 80.6 138.5 191.7 234.6 246.9 231.3 261.2 257.8 233.5 292.1 283.6 288.4
-9999.0 -9999.0 -9999.0 -9999.0 -9999.0 -9999.0 -9999.0 -9999.0 -9999.0 -9999.0 -9999.0 -9999.0 -9999.0 -9999.0 -9999.0 -9999.0 -9999.0 64.3 22.8 -9999.0 12.5 6.6 6.7 5.3 3.3 2.1 1.7 0.6 0.3 0.3 0.2 0.2 1.4 0.5 0.4 1.2 9.3 1.7 6.5 10.2 14.5 23.9 20.0 19.4 38.1 34.3 97.0 33.6 32.6 29.9 39.8 31.5 39.4 36.2 35.0 33.3 28.7 44.1 57.6 82.3 54.8 85.2 114.3 99.2 71.9 63.9 88.5 136.1 169.7 192.0 182.2 256.9 277.4 238.8 268.4 315.5 303.4 287.2
-9999.0 -9999.0 -9999.0 -9999.0 -9999.0 -9999.0 -9999.0 -9999.0 -9999.0 -9999.0 -9999.0 -9999.0 -9999.0 -9999.0 -9999.0 -9999.0 -9999.0 -9999.0 -9999.0 -9999.0 -9999.0 14.8 11.4 9.7 7.2 6.6 3.7 1.6 0.6 0.3 0.2 0.4 0.5 0.8 0.7 1.9 2.5 4.0 5.1 3.5 3.2 27.7 29.8 25.9 42.7 35.0 141.1 54.5 47.3 96.6 41.7 50.0 47.4 38.5 34.7 36.5 37.8 36.5 72.8 73.8 47.7 61.8 96.8 92.3 78.8 72.3 91.3 122.3 133.7 135.7 143.2 211.5 223.9 198.0 212.3 243.8 254.1 247.8
-9999.0 -9999.0 -9999.0 -9999.0 -9999.0 -9999.0 -9999.0 -9999.0 -9999.0 -9999.0 -9999.0 -9999.0 -9999.0 -9999.0 -9999.0 -9999.0 -9999.0 -9999.0 -9999.0 -9999.0 -9999.0 -9999.0 -9999.0 36.5 17.0 13.9 9.7 5.2 2.7 1.0 0.7 1.2 6.7 5.0 10.0 10.7 18.8 11.6 26.8 34.9 30.1 40.7 20.4 18.1 46.8 145.1 92.2 87.5 108.9 111.5 69.5 55.8 53.8 44.0 32.4 19.7 31.3 47.2 28.9 68.3 44.4 55.6 56.6 47.7 51.7 67.1 87.7 107.4 132.7 111.3 162.0 172.7 190.4 226.3 203.9 213.2 246.4 253.1
-9999.0 -9999.0 -9999.0 -9999.0 -9999.0 -9999.0 -9999.0 -9999.0 -9999.0 -9999.0 -9999.0 -9999.0 -9999.0 -9999.0 -9999.0 -9999.0 -9999.0 -9999.0 -9999.0 -9999.0 -9999.0 -9999.0 -9999.0 -9999.0 -9999.0 70.1 29.6 17.5 11.6 16.4 6.7 5.2 7.5 13.1 13.0 30.5 63.4 31.2 56.9 38.5 62.3 27.7 19.9 30.4 98.2 150.2 142.2 192.3 81.8 111.3 73.0 67.8 59.7 48.0 27.2 17.2 23.9 23.8 48.8 59.1 65.6 63.6 120.3 30.0 34.4 53.9 77.2 121.0 151.5 157.9 130.3 150.1 162.4 231.0 249.6 222.3 213.7 232.2
-9999.0 -9999.0 -9999.0 -9999.0 -9999.0 -9999.0 -9999.0 -9999.0 -9999.0 -9999.0 -9999.0 -9999.0 -9999.0 -9999.0 -9999.0 -9999.0 -9999.0 -9999.0 -9999.0 -9999.0 -9999.0 -9999.0 -9999.0 -9999.0 -9999.0 -9999.0 -9999.0 89.5 76.3 26.6 20.7 19.9 33.9 23.2 36.9 23.5 36.3 37.8 19.0 38.4 57.1 17.0 33.5 83.3 112.5 147.8 176.3 188.7 190.2 147.3 150.2 120.7 63.5 43.1 23.9 17.9 9.7 11.8 34.5 35.9 29.8 61.8 25.7 24.1 39.8 43.8 70.6 91.0 104.8 107.3 112.3 153.9 158.1 212.3 222.3 224.2 231.5 213.9
-9999.0 -9999.0 -9999.0 -9999.0 -9999.0 -9999.0 -9999.0 -9999.0 -9999.0 -9999.0 -9999.0 -9999.0 -9999.0 -9999.0 -9999.0 -9999.0 -9999.0 -9999.0 -9999.0 -9999.0 -9999.0 -9999.0 -9999.0 -9999.0 -9999.0 -9999.0 -9999.0 -9999.0 -9999.0 -9999.0 -9999.0 -9999.0 -9999.0 48.3 55.1 -9999.0 -9999.0 -9999.0 30.1 36.0 26.9 35.6 40.0 93.8 125.8 144.5 -9999.0 -9999.0 -9999.0 -9999.0 -9999.0 -9999.0 70.7 41.3 19.6 7.7 5.0 4.6 11.2 15.3 26.6 45.5 29.6 26.8 27.7 41.4 68.4 93.6 96.4 88.9 97.1 129.8 159.5 160.0 190.7 198.4 198.4 165.9
-9999.0 -9999.0 -9999.0 -9999.0 -9999.0 -9999.0 -9999.0 -9999.0 -9999.0 -9999.0 -9999.0 -9999.0 -9999.0 -9999.0 -9999.0 -9999.0 -9999.0 -9999.0 -9999.0 -9999.0 -9999.0 -9999.0 -9999.0 -9999.0 -9999.0 -9999.0 -9999.0 -9999.0 -9999.0 -9999.0 -9999.0 -9999.0 -9999.0 -9999.0 -9999.0 -9999.0 -9999.0 -9999.0 -9999.0 69.0 70.2 77.4 88.1 100.8 -9999.0 -9999.0 -9999.0 -9999.0 -9999.0 -9999.0 -9999.0 -9999.0 64.0 41.1 15.5 3.6 1.1 0.9 1.7 4.6 11.2 24.2 31.5 25.7 33.3 46.8 69.6 86.1 81.0 78.8 88.8 105.3 109.0 119.8 119.7 146.9 157.9 157.8
-9999.0 -9999.0 -9999.0 -9999.0 -9999.0 -9999.0 -9999.0 -9999.0 -9999.0 -9999.0 -9999.0 -9999.0 -9999.0 -9999.0 -9999.0 -9999.0 -9999.0 -9999.0 -9999.0 -9999.0 -9999.0 -9999.0 -9999.0 -9999.0 -9999.0 -9999.0 -9999.0 -9999.0 -9999.0 -9999.0 -9999.0 -9999.0 -9999.0 -9999.0 -9999.0 -9999.0 -9999.0 -9999.0 -9999.0 -9999.0 -9999.0 -9999.0 -9999.0 -9999.0 -9999.0 -9999.0 -9999.0 -9999.0 -9999.0 -9999.0 -9999.0 -9999.0 60.2 41.4 13.4 7.1 0.6 0.5 0.7 2.5 5.3 12.7 59.4 26.7 36.4 51.4 80.2 91.4 79.6 71.6 77.1 86.0 103.6 83.5 91.3 132.8 158.2 183.8
-9999.0 -9999.0 -9999.0 -9999.0 -9999.0 -9999.0 -9999.0 -9999.0 -9999.0 -9999.0 -9999.0 -9999.0 -9999.0 -9999.0 -9999.0 -9999.0 -9999.0 -9999.0 -9999.0 -9999.0 -9999.0 -9999.0 -9999.0 -9999.0 -9999.0 -9999.0 -9999.0 -9999.0 -9999.0 -9999.0 -9999.0 -9999.0 -9999.0 -9999.0 -9999.0 -9999.0 -9999.0 -9999.0 -9999.0 -9999.0 -9999.0 -9999.0 -9999.0 -9999.0 -9999.0 -9999.0 -9999.0 -9999.0 -9999.0 -9999.0 -9999.0 81.6 60.1 40.1 13.4 4.7 1.7 1.7 1.5 1.4 9.2 14.9 15.8 26.1 36.5 53.7 89.6 123.5 98.4 90.7 86.8 84.1 76.1 76.3 98.1 157.3 178.8 238.4
-9999.0 -9999.0 -9999.0 -9999.0 -9999.0 -9999.0 -9999.0 -9999.0 -9999.0 -9999.0 -9999.0 -9999.0 -9999.0 -9999.0 -9999.0 -9999.0 -9999.0 -9999.0 -9999.0 -9999.0 -9999.0 -9999.0 -9999.0 -9999.0 -9999.0 -9999.0 -9999.0 -9999.0 -9999.0 -9999.0 -9999.0 -9999.0 -9999.0 -9999.0 -9999.0 -9999.0 -9999.0 -9999.0 -9999.0 -9999.0 -9999.0 -9999.0 -9999.0 -9999.0 -9999.0 -9999.0 -9999.0 -9999.0 -9999.0 -9999.0 78.4 86.7 69.1 47.1 24.7 13.2 8.2 6.6 4.5 6.2 7.0 18.0 17.0 28.6 33.1 48.7 78.3 124.3 126.1 137.0 123.5 115.2 105.2 103.3 126.5 162.8 257.7 211.1
-9999.0 -9999.0 -9999.0 -9999.0 -9999.0 -9999.0 -9999.0 -9999.0 -9999.0 -9999.0 -9999.0 -9999.0 -9999.0 -9999.0 -9999.0 -9999.0 -9999.0 -9999.0 -9999.0 -9999.0 -9999.0 -9999.0 -9999.0 -9999.0 -9999.0 -9999.0 -9999.0 -9999.0 -9999.0 -9999.0 -9999.0 -9999.0 -9999.0 -9999.0 -9999.0 -9999.0 -9999.0 -9999.0 -9999.0 -9999.0 -9999.0 -9999.0 -9999.0 -9999.0 -9999.0 -9999.0 -9999.0 -9999.0 -9999.0 -9999.0 62.9 93.7 68.7 60.9 42.7 27.5 20.7 15.1 13.1 12.7 13.2 16.0 15.3 26.5 34.5 44.0 73.9 121.8 153.1 171.3 170.3 160.2 152.2 162.1 200.0 245.4 224.8 258.1
-9999.0 -9999.0 -9999.0 -9999.0 -9999.0 -9999.0 -9999.0 -9999.0 -9999.0 -9999.0 -9999.0 -9999.0 -9999.0 -9999.0 -9999.0 -9999.0 -9999.0 -9999.0 -9999.0 -9999.0 -9999.0 -9999.0 -9999.0 -9999.0 -9999.0 -9999.0 -9999.0 -9999.0 -9999.0 -9999.0 -9999.0 -9999.0 -9999.0 -9999.0 -9999.0 -9999.0 -9999.0 -9999.0 -9999.0 -9999.0 -9999.0 -9999.0 -9999.0 -9999.0 -9999.0 -9999.0 -9999.0 -9999.0 -9999.0 -9999.0 45.8 60.0 59.3 80.9 57.6 41.1 35.1 26.8 28.7 29.5 32.7 33.4 32.0 31.6 48.9 50.7 64.2 99.2 138.4 172.6 189.5 181.2 189.3 191.7 237.6 253.4 208.2 244.0
-9999.0 -9999.0 -9999.0 -9999.0 -9999.0 -9999.0 -9999.0 -9999.0 -9999.0 -9999.0 -9999.0 -9999.0 -9999.0 -9999.0 -9999.0 -9999.0 -9999.0 -9999.0 -9999.0 -9999.0 -9999.0 -9999.0 -9999.0 -9999.0 -9999.0 -9999.0 -9999.0 -9999.0 -9999.0 -9999.0 -9999.0 -9999.0 -9999.0 -9999.0 -9999.0 -9999.0 -9999.0 -9999.0 -9999.0 -9999.0 -9999.0 -9999.0 -9999.0 -9999.0 -9999.0 -9999.0 -9999.0 -9999.0 -9999.0 -9999.0 48.1 75.4 73.9 85.7 75.7 61.5 41.3 39.5 45.2 45.7 57.8 50.7 29.8 50.0 67.9 67.5 76.3 91.4 130.1 143.0 173.6 177.0 178.1 191.7 230.0 234.0 207.0 212.6
-9999.0 -9999.0 -9999.0 -9999.0 -9999.0 -9999.0 -9999.0 -9999.0 -9999.0 -9999.0 -9999.0 -9999.0 -9999.0 -9999.0 -9999.0 -9999.0 -9999.0 -9999.0 -9999.0 -9999.0 -9999.0 -9999.0 -9999.0 -9999.0 -9999.0 -9999.0 -9999.0 -9999.0 -9999.0 -9999.0 -9999.0 -9999.0 -9999.0 -9999.0 -9999.0 -9999.0 -9999.0 -9999.0 -9999.0 -9999.0 -9999.0 -9999.0 -9999.0 -9999.0 -9999.0 -9999.0 -9999.0 -9999.0 -9999.0 -9999.0 -9999.0 -9999.0 -9999.0 82.0 83.1 69.7 55.8 53.4 57.2 62.4 108.3 52.5 94.6 72.7 75.2 72.2 88.3 86.8 120.0 141.5 145.7 137.3 134.5 160.7 206.6 225.3 200.4 176.2
-9999.0 -9999.0 -9999.0 -9999.0 -9999.0 -9999.0 -9999.0 -9999.0 -9999.0 -9999.0 -9999.0 -9999.0 -9999.0 -9999.0 -9999.0 -9999.0 -9999.0 -9999.0 -9999.0 -9999.0 -9999.0 -9999.0 -9999.0 -9999.0 -9999.0 -9999.0 -9999.0 -9999.0 -9999.0 -9999.0 -9999.0 -9999.0 -9999.0 -9999.0 -9999.0 -9999.0 -9999.0 -9999.0 -9999.0 -9999.0 -9999.0 -9999.0 -9999.0 -9999.0 -9999.0 -9999.0 -9999.0 -9999.0 -9999.0 -9999.0 -9999.0 -9999.0 -9999.0 81.0 82.4 84.1 65.5 66.7 73.9 102.5 97.0 83.8 128.6 92.6 89.2 83.8 81.1 104.8 107.0 120.9 119.7 107.4 99.3 125.3 181.9 200.5 177.8 140.1
-9999.0 -9999.0 -9999.0 -9999.0 -9999.0 -9999.0 -9999.0 -9999.0 -9999.0 -9999.0 -9999.0 -9999.0 -9999.0 -9999.0 -9999.0 -9999.0 -9999.0 -9999.0 -9999.0 -9999.0 -9999.0 -9999.0 -9999.0 -9999.0 -9999.0 -9999.0 -9999.0 -9999.0 -9999.0 -9999.0 -9999.0 -9999.0 -9999.0 -9999.0 -9999.0 -9999.0 -9999.0 -9999.0 -9999.0 -9999.0 -9999.0 -9999.0 -9999.0 -9999.0 -9999.0 -9999.0 -9999.0 -9999.0 -9999.0 -9999.0 -9999.0 -9999.0 -9999.0 73.1 72.3 72.4 65.9 73.2 85.8 102.3 126.6 132.7 160.2 154.3 116.9 -9999.0 -9999.0 -9999.0 113.4 111.6 115.3 109.0 95.6 103.6 140.6 164.9 147.6 116.2
-9999.0 -9999.0 -9999.0 -9999.0 -9999.0 -9999.0 -9999.0 -9999.0 -9999.0 -9999.0 -9999.0 -9999.0 -9999.0 -9999.0 -9999.0 -9999.0 -9999.0 -9999.0 -9999.0 -9999.0 -9999.0 -9999.0 -9999.0 -9999.0 -9999.0 -9999.0 -9999.0 -9999.0 -9999.0 -9999.0 -9999.0 -9999.0 -9999.0 -9999.0 -9999.0 -9999.0 -9999.0 -9999.0 -9999.0 -9999.0 -9999.0 -9999.0 -9999.0 -9999.0 -9999.0 -9999.0 -9999.0 -9999.0 -9999.0 -9999.0 -9999.0 -9999.0 -9999.0 -9999.0 62.6 60.8 64.7 78.4 84.6 108.2 115.1 -9999.0 -9999.0 -9999.0 -9999.0 -9999.0 -9999.0 -9999.0 109.2 119.2 132.7 120.5 98.1 84.7 95.1 113.5 114.4 100.1
-9999.0 -9999.0 -9999.0 -9999.0 -9999.0 -9999.0 -9999.0 -9999.0 -9999.0 -9999.0 -9999.0 -9999.0 -9999.0 -9999.0 -9999.0 -9999.0 -9999.0 -9999.0 -9999.0 -9999.0 -9999.0 -9999.0 -9999.0 -9999.0 -9999.0 -9999.0 -9999.0 -9999.0 -9999.0 -9999.0 -9999.0 -9999.0 -9999.0 -9999.0 -9999.0 -9999.0 -9999.0 -9999.0 -9999.0 -9999.0 -9999.0 -9999.0 -9999.0 -9999.0 -9999.0 -9999.0 -9999.0 -9999.0 -9999.0 -9999.0 -9999.0 -9999.0 -9999.0 -9999.0 -9999.0 48.4 53.8 60.6 75.4 91.5 109.0 -9999.0 -9999.0 -9999.0 -9999.0 -9999.0 -9999.0 -9999.0 -9999.0 -9999.0 123.3 -9999.0 -9999.0 -9999.0 -9999.0 -9999.0 91.9 -9999.0
-9999.0 -9999.0 -9999.0 -9999.0 -9999.0 -9999.0 -9999.0 -9999.0 -9999.0 -9999.0 -9999.0 -9999.0 -9999.0 -9999.0 -9999.0 -9999.0 -9999.0 -9999.0 -9999.0 -9999.0 -9999.0 -9999.0 -9999.0 -9999.0 -9999.0 -9999.0 -9999.0 -9999.0 -9999.0 -9999.0 -9999.0 -9999.0 -9999.0 -9999.0 -9999.0 -9999.0 -9999.0 -9999.0 -9999.0 -9999.0 -9999.0 -9999.0 -9999.0 -9999.0 -9999.0 -9999.0 -9999.0 -9999.0 -9999.0 -9999.0 -9999.0 -9999.0 -9999.0 -9999.0 -9999.0 -9999.0 -9999.0 -9999.0 59.2 72.6 -9999.0 -9999.0 -9999.0 -9999.0 -9999.0 -9999.0 -9999.0 -9999.0 -9999.0 -9999.0 -9999.0 -9999.0 -9999.0 -9999.0 -9999.0 67.2 83.1 -9999.0
-9999.0 -9999.0 -9999.0 -9999.0 -9999.0 -9999.0 -9999.0 -9999.0 -9999.0 -9999.0 -9999.0 -9999.0 -9999.0 -9999.0 -9999.0 -9999.0 -9999.0 -9999.0 -9999.0 -9999.0 -9999.0 -9999.0 -9999.0 -9999.0 -9999.0 -9999.0 -9999.0 -9999.0 -9999.0 -9999.0 -9999.0 -9999.0 -9999.0 -9999.0 -9999.0 -9999.0 -9999.0 -9999.0 -9999.0 -9999.0 -9999.0 -9999.0 -9999.0 -9999.0 -9999.0 -9999.0 -9999.0 -9999.0 -9999.0 -9999.0 -9999.0 -9999.0 -9999.0 -9999.0 -9999.0 -9999.0 -9999.0 -9999.0 -9999.0 -9999.0 -9999.0 -9999.0 -9999.0 -9999.0 -9999.0 -9999.0 -9999.0 -9999.0 -9999.0 -9999.0 -9999.0 -9999.0 -9999.0 -9999.0 -9999.0 -9999.0 -9999.0 -9999.0
