program/excelProcessViaJava/data/SURF_CLI_CHN_PRE_MON_GRID_0.5-201310.txt
NCOLS      128
NROWS       72
XLLCORNER    72.000000000000    
YLLCORNER    18.000000000000    
CELLSIZE    0.50000000000000    
NODATA_VALUE   -9999.000    
[rows 34 to 67 of 72, columns 0 to 77 of 128]
-9999.0 -9999.0 -9999.0 -9999.0 28.1 22.1 37.2 19.4 41.2 34.8 8.9 21.2 10.6 8.2 1.0 0.7 0.5 0.3 0.3 0.3 0.3 0.2 0.2 0.2 0.5 1.6 0.7 0.9 1.0 1.2 1.3 2.1 1.7 1.9 2.4 2.1 3.9 6.4 4.0 2.3 5.9 1.1 0.7 0.3 0.2 0.2 0.2 0.2 0.3 0.7 1.3 1.7 5.3 2.7 3.0 6.3 10.7 15.3 18.9 14.1 18.5 13.9 12.2 10.7 8.0 9.9 16.5 16.5 17.5 22.6 24.0 25.7 25.3 26.5 29.4 31.0 27.6 28.6
-9999.0 -9999.0 -9999.0 -9999.0 -9999.0 -9999.0 -9999.0 23.1 29.1 20.3 32.3 27.4 13.0 12.3 9.4 1.2 1.8 0.7 0.5 0.4 0.7 1.1 1.1 0.9 0.8 0.9 1.2 1.4 1.7 2.3 2.4 2.5 2.6 3.0 3.7 3.2 5.3 5.3 9.3 12.0 5.8 18.5 16.7 8.3 2.5 0.5 0.7 0.5 1.0 0.7 1.0 1.3 2.5 14.4 10.3 5.6 9.7 13.8 20.1 17.7 21.5 12.3 8.4 8.4 12.7 13.1 20.0 25.2 25.8 28.7 29.3 27.8 27.6 30.1 33.8 37.7 33.9 35.0
-9999.0 -9999.0 -9999.0 -9999.0 -9999.0 -9999.0 -9999.0 40.4 17.3 25.5 26.0 17.7 17.1 18.4 10.7 13.7 5.6 3.7 4.5 1.9 1.4 1.6 1.2 1.2 1.3 1.4 1.6 2.1 2.2 2.5 3.0 3.2 3.3 3.9 3.5 3.8 4.0 5.8 7.1 8.6 11.7 14.3 16.8 23.2 9.7 3.5 3.8 3.7 8.6 6.7 17.3 15.7 6.4 8.8 14.5 6.4 10.1 15.7 20.2 22.3 21.4 19.5 12.7 14.8 14.8 17.8 22.8 27.2 33.5 31.3 31.4 29.1 27.9 30.1 29.1 37.4 36.6 32.3
-9999.0 -9999.0 -9999.0 -9999.0 -9999.0 -9999.0 -9999.0 -9999.0 -9999.0 21.9 18.5 14.4 17.1 13.4 9.2 6.3 5.9 7.3 3.6 3.7 2.2 1.6 1.5 1.6 1.8 2.1 2.5 2.9 3.3 3.6 4.0 4.1 4.1 4.2 3.9 3.9 4.1 5.0 5.8 8.2 10.2 14.6 16.0 14.4 14.8 12.2 10.3 8.9 9.6 10.9 15.8 15.9 14.6 11.9 16.3 8.8 11.0 16.0 20.2 21.9 21.7 21.9 23.2 19.1 22.7 21.5 22.5 25.6 32.9 31.9 32.4 29.4 26.9 27.7 30.8 23.0 24.3 23.4
-9999.0 -9999.0 -9999.0 -9999.0 -9999.0 -9999.0 -9999.0 -9999.0 -9999.0 -9999.0 -9999.0 17.5 8.9 12.5 8.4 7.1 5.1 3.7 2.8 2.3 2.1 1.9 1.9 2.2 2.3 2.9 3.3 3.8 4.5 5.2 5.5 5.4 5.6 5.4 5.1 5.3 5.0 5.4 8.4 7.9 11.4 13.6 15.6 15.9 19.3 13.9 16.8 12.4 13.6 13.9 13.8 17.3 19.4 20.3 20.3 14.7 13.4 17.0 20.7 21.7 20.7 20.5 22.0 27.2 30.3 21.4 18.9 22.2 26.6 29.7 31.4 31.3 27.6 22.1 15.9 18.7 20.2 18.8
-9999.0 -9999.0 -9999.0 -9999.0 -9999.0 -9999.0 -9999.0 -9999.0 -9999.0 -9999.0 -9999.0 -9999.0 8.1 6.7 7.3 5.0 5.0 3.2 2.5 2.2 1.9 1.9 2.2 2.8 2.3 3.9 5.2 5.0 6.0 5.7 7.2 7.7 7.6 6.8 6.5 6.4 6.7 6.6 7.2 8.4 10.3 13.6 17.1 20.0 19.9 19.1 18.7 14.6 14.6 15.5 21.1 24.0 24.0 21.7 20.3 18.2 17.0 18.4 23.8 21.5 20.1 19.6 21.5 27.1 33.9 34.4 21.8 22.2 24.3 27.4 29.0 31.9 27.8 22.4 20.2 39.9 22.8 22.3
-9999.0 -9999.0 -9999.0 -9999.0 -9999.0 -9999.0 -9999.0 -9999.0 -9999.0 -9999.0 -9999.0 -9999.0 9.5 5.0 4.0 3.9 2.9 2.3 1.8 1.6 1.6 1.7 2.2 3.4 5.5 5.7 6.7 9.1 8.6 10.6 9.4 8.4 9.5 9.4 8.6 8.6 8.1 8.8 10.0 11.9 14.4 18.0 22.1 24.3 25.5 25.7 22.9 20.8 18.7 19.7 21.4 26.2 26.9 27.4 23.3 20.7 19.7 21.1 28.9 27.7 23.9 22.6 23.2 27.0 35.9 34.9 25.2 22.5 21.4 24.2 32.3 44.6 50.1 38.8 36.8 31.5 29.0 35.2
-9999.0 -9999.0 -9999.0 -9999.0 -9999.0 -9999.0 -9999.0 -9999.0 -9999.0 -9999.0 -9999.0 -9999.0 -9999.0 4.1 3.7 2.7 2.0 1.8 1.6 1.6 1.6 2.6 2.3 5.3 6.3 4.5 5.5 5.2 8.0 9.8 12.9 14.0 11.0 10.8 12.9 11.9 11.7 12.2 13.9 17.3 21.3 25.1 28.8 31.2 32.9 33.5 32.4 31.4 30.2 28.9 29.5 31.1 32.7 34.3 28.3 23.1 21.8 22.8 23.6 29.0 27.5 27.6 27.3 35.3 36.6 35.3 33.5 30.3 29.5 29.1 29.8 34.1 41.2 45.2 51.6 46.1 43.5 41.5
-9999.0 -9999.0 -9999.0 -9999.0 -9999.0 -9999.0 -9999.0 -9999.0 -9999.0 -9999.0 -9999.0 -9999.0 3.4 3.1 2.1 1.6 1.0 0.9 0.8 1.6 2.2 3.0 3.6 6.0 8.9 5.5 7.8 10.8 11.9 11.9 14.3 18.8 12.8 16.0 14.7 16.0 14.0 18.8 22.4 26.7 28.3 31.2 33.9 39.8 40.9 42.6 45.2 46.8 43.0 39.8 39.1 40.8 39.6 37.6 32.7 27.3 23.4 37.6 32.9 40.9 37.1 33.0 34.5 35.4 38.0 37.3 35.3 38.1 41.7 45.2 45.8 43.0 42.9 46.0 50.7 53.9 54.4 53.1
-9999.0 -9999.0 -9999.0 -9999.0 -9999.0 -9999.0 -9999.0 -9999.0 -9999.0 -9999.0 -9999.0 -9999.0 2.3 1.6 1.2 0.7 0.4 0.6 0.7 0.5 2.2 2.0 3.6 6.0 10.8 14.5 14.8 15.5 15.6 19.0 21.1 20.7 15.9 23.5 23.0 20.6 24.1 25.4 31.4 42.1 45.3 48.1 47.6 46.7 48.2 50.3 49.4 52.2 51.6 53.0 46.8 44.8 44.4 44.6 43.3 43.7 33.4 34.3 45.1 43.9 44.0 43.0 45.8 42.1 37.9 36.8 39.0 45.8 54.7 56.0 51.9 49.2 48.9 55.8 67.2 61.3 55.5 50.9
-9999.0 -9999.0 -9999.0 -9999.0 -9999.0 -9999.0 -9999.0 -9999.0 -9999.0 -9999.0 -9999.0 -9999.0 1.5 0.8 0.8 0.4 0.4 0.2 0.3 0.4 0.3 0.5 3.5 3.7 8.2 5.4 9.0 5.4 16.4 17.9 20.7 14.1 25.4 30.3 28.8 25.8 27.9 32.0 42.2 46.0 54.7 59.9 43.5 60.6 50.5 46.2 47.9 56.4 63.8 54.9 47.9 46.7 50.0 52.4 51.5 67.8 54.9 53.4 57.3 67.4 66.0 60.8 56.3 44.7 29.9 29.6 35.7 50.3 67.6 72.9 68.8 63.3 59.6 66.7 100.7 72.5 79.3 43.3
-9999.0 -9999.0 -9999.0 -9999.0 -9999.0 -9999.0 -9999.0 -9999.0 -9999.0 -9999.0 -9999.0 -9999.0 -9999.0 0.5 0.2 0.3 0.2 0.2 0.1 0.2 0.1 1.2 1.4 1.9 9.3 9.2 11.6 14.7 9.9 20.3 11.1 16.4 17.8 27.0 25.1 18.0 22.2 34.9 41.6 52.6 55.5 38.5 33.6 35.1 47.5 49.0 44.2 64.3 44.9 43.4 43.7 43.7 47.3 53.8 62.3 68.5 78.7 80.6 81.6 80.2 80.6 79.0 68.1 36.1 24.5 21.3 28.8 48.2 72.1 86.5 84.2 77.4 70.1 65.3 62.3 49.8 41.7 35.7
-9999.0 -9999.0 -9999.0 -9999.0 -9999.0 -9999.0 -9999.0 -9999.0 -9999.0 -9999.0 -9999.0 -9999.0 -9999.0 1.5 0.2 0.2 0.1 0.2 0.3 0.3 0.2 0.4 0.8 2.7 15.3 11.2 9.7 16.1 12.1 1.3 3.5 6.6 15.2 17.3 14.2 16.7 25.9 32.1 33.6 28.4 39.1 33.4 28.0 25.7 22.8 29.5 32.1 42.1 35.2 32.7 33.3 35.4 43.6 57.0 70.3 80.4 85.4 94.1 101.3 105.1 99.3 80.8 39.4 32.7 23.4 20.2 27.6 47.2 72.1 85.7 85.3 79.0 75.1 69.3 61.5 55.7 56.4 28.9
-9999.0 -9999.0 -9999.0 -9999.0 -9999.0 -9999.0 -9999.0 -9999.0 -9999.0 -9999.0 -9999.0 -9999.0 -9999.0 -9999.0 -9999.0 0.3 0.3 0.2 0.6 2.2 0.8 3.9 7.7 8.5 7.8 9.5 1.3 4.2 0.5 4.9 2.4 4.5 2.5 5.4 11.3 9.8 12.9 33.0 30.7 29.8 23.8 20.4 17.6 16.4 24.3 34.9 21.1 37.3 22.0 30.3 23.6 35.6 36.2 47.3 42.8 76.0 91.5 73.4 111.9 115.0 97.6 46.8 41.5 34.9 29.7 29.6 37.8 53.7 69.6 78.6 74.9 69.9 76.2 74.2 63.6 64.0 48.6 45.3
-9999.0 -9999.0 -9999.0 -9999.0 -9999.0 -9999.0 -9999.0 -9999.0 -9999.0 -9999.0 -9999.0 -9999.0 -9999.0 -9999.0 -9999.0 -9999.0 -9999.0 82.7 24.4 -9999.0 25.8 7.4 25.1 29.8 13.2 15.2 2.0 3.7 7.3 0.6 1.7 6.0 0.6 9.5 19.1 13.8 11.3 38.8 25.4 23.0 19.2 14.4 12.1 10.7 43.3 25.5 142.7 12.6 20.3 16.1 29.2 22.6 34.1 40.1 54.3 68.8 63.5 98.1 105.6 113.9 61.1 46.2 46.7 43.5 40.7 45.2 55.3 65.9 72.1 74.9 63.0 85.4 83.6 71.4 67.7 62.8 44.7 30.8
-9999.0 -9999.0 -9999.0 -9999.0 -9999.0 -9999.0 -9999.0 -9999.0 -9999.0 -9999.0 -9999.0 -9999.0 -9999.0 -9999.0 -9999.0 -9999.0 -9999.0 -9999.0 -9999.0 -9999.0 -9999.0 37.2 28.5 11.7 26.9 64.1 48.1 30.1 11.9 13.8 4.3 21.5 12.3 9.2 15.7 12.8 21.7 27.6 29.8 37.0 33.4 11.7 8.9 7.0 30.9 8.1 188.9 23.3 11.7 35.4 17.1 31.5 38.3 24.9 34.9 58.7 69.4 62.9 107.4 97.7 61.8 55.8 51.1 47.0 51.7 61.0 70.5 74.1 70.8 72.7 73.5 82.4 71.2 57.8 51.0 45.8 37.8 28.8
-9999.0 -9999.0 -9999.0 -9999.0 -9999.0 -9999.0 -9999.0 -9999.0 -9999.0 -9999.0 -9999.0 -9999.0 -9999.0 -9999.0 -9999.0 -9999.0 -9999.0 -9999.0 -9999.0 -9999.0 -9999.0 -9999.0 -9999.0 227.1 91.6 98.7 84.8 49.5 10.0 16.3 5.8 3.6 1.2 5.6 7.2 12.6 16.2 26.1 20.3 17.2 15.3 11.2 10.0 9.7 28.8 218.8 48.4 35.6 59.1 64.8 24.7 27.4 29.9 31.4 24.5 12.7 43.0 71.0 47.1 82.2 73.5 76.3 66.4 42.7 45.6 61.4 69.0 66.4 81.4 72.0 90.5 69.6 52.5 48.6 35.3 34.5 36.2 30.5
-9999.0 -9999.0 -9999.0 -9999.0 -9999.0 -9999.0 -9999.0 -9999.0 -9999.0 -9999.0 -9999.0 -9999.0 -9999.0 -9999.0 -9999.0 -9999.0 -9999.0 -9999.0 -9999.0 -9999.0 -9999.0 -9999.0 -9999.0 -9999.0 -9999.0 533.2 251.9 16.1 13.8 3.4 7.6 23.8 28.2 19.1 29.5 20.9 18.9 30.6 23.3 23.9 16.6 17.0 58.6 36.6 143.5 226.9 132.4 261.5 15.9 45.5 23.7 31.2 40.3 44.0 33.0 24.3 35.6 34.0 62.8 67.4 75.5 84.7 99.4 42.3 42.8 50.4 52.8 71.1 91.9 101.7 75.0 51.5 31.1 42.0 39.3 34.8 33.4 32.1
-9999.0 -9999.0 -9999.0 -9999.0 -9999.0 -9999.0 -9999.0 -9999.0 -9999.0 -9999.0 -9999.0 -9999.0 -9999.0 -9999.0 -9999.0 -9999.0 -9999.0 -9999.0 -9999.0 -9999.0 -9999.0 -9999.0 -9999.0 -9999.0 -9999.0 -9999.0 -9999.0 716.3 659.0 224.3 157.2 130.4 26.1 131.4 56.9 213.9 63.6 59.3 85.5 42.9 27.6 40.3 88.2 174.9 188.9 228.2 264.1 266.4 257.6 104.6 181.1 172.4 54.5 60.9 49.8 43.4 35.3 34.2 49.7 47.4 71.9 83.1 69.9 57.3 59.4 49.2 49.1 51.8 72.0 81.7 66.1 65.5 34.6 44.0 39.4 41.6 49.3 43.8
-9999.0 -9999.0 -9999.0 -9999.0 -9999.0 -9999.0 -9999.0 -9999.0 -9999.0 -9999.0 -9999.0 -9999.0 -9999.0 -9999.0 -9999.0 -9999.0 -9999.0 -9999.0 -9999.0 -9999.0 -9999.0 -9999.0 -9999.0 -9999.0 -9999.0 -9999.0 -9999.0 -9999.0 -9999.0 -9999.0 -9999.0 -9999.0 -9999.0 364.8 141.1 -9999.0 -9999.0 -9999.0 194.6 87.8 110.1 128.4 87.3 213.9 249.2 243.3 -9999.0 -9999.0 -9999.0 -9999.0 -9999.0 -9999.0 96.2 60.0 68.3 57.5 47.3 46.2 37.8 46.3 63.0 78.2 80.8 69.2 57.6 52.5 52.6 59.1 70.1 71.8 62.0 73.8 70.2 51.9 55.9 49.6 58.3 45.2
-9999.0 -9999.0 -9999.0 -9999.0 -9999.0 -9999.0 -9999.0 -9999.0 -9999.0 -9999.0 -9999.0 -9999.0 -9999.0 -9999.0 -9999.0 -9999.0 -9999.0 -9999.0 -9999.0 -9999.0 -9999.0 -9999.0 -9999.0 -9999.0 -9999.0 -9999.0 -9999.0 -9999.0 -9999.0 -9999.0 -9999.0 -9999.0 -9999.0 -9999.0 -9999.0 -9999.0 -9999.0 -9999.0 -9999.0 373.0 325.5 296.2 274.1 254.4 -9999.0 -9999.0 -9999.0 -9999.0 -9999.0 -9999.0 -9999.0 -9999.0 83.7 64.2 57.8 56.2 55.2 48.3 43.8 52.3 70.4 78.4 83.3 76.4 71.9 67.8 63.5 56.8 59.5 67.4 77.8 77.5 65.7 67.7 52.2 52.3 51.8 40.1
-9999.0 -9999.0 -9999.0 -9999.0 -9999.0 -9999.0 -9999.0 -9999.0 -9999.0 -9999.0 -9999.0 -9999.0 -9999.0 -9999.0 -9999.0 -9999.0 -9999.0 -9999.0 -9999.0 -9999.0 -9999.0 -9999.0 -9999.0 -9999.0 -9999.0 -9999.0 -9999.0 -9999.0 -9999.0 -9999.0 -9999.0 -9999.0 -9999.0 -9999.0 -9999.0 -9999.0 -9999.0 -9999.0 -9999.0 -9999.0 -9999.0 -9999.0 -9999.0 -9999.0 -9999.0 -9999.0 -9999.0 -9999.0 -9999.0 -9999.0 -9999.0 -9999.0 100.4 68.3 55.6 55.4 51.0 44.9 43.0 53.4 77.2 90.5 116.6 95.1 92.5 81.8 65.0 56.8 55.3 57.9 60.6 63.8 70.8 59.6 51.4 42.2 39.1 26.8
-9999.0 -9999.0 -9999.0 -9999.0 -9999.0 -9999.0 -9999.0 -9999.0 -9999.0 -9999.0 -9999.0 -9999.0 -9999.0 -9999.0 -9999.0 -9999.0 -9999.0 -9999.0 -9999.0 -9999.0 -9999.0 -9999.0 -9999.0 -9999.0 -9999.0 -9999.0 -9999.0 -9999.0 -9999.0 -9999.0 -9999.0 -9999.0 -9999.0 -9999.0 -9999.0 -9999.0 -9999.0 -9999.0 -9999.0 -9999.0 -9999.0 -9999.0 -9999.0 -9999.0 -9999.0 -9999.0 -9999.0 -9999.0 -9999.0 -9999.0 -9999.0 112.4 89.2 73.0 56.1 52.8 48.0 45.2 45.2 75.3 90.0 114.5 121.6 127.6 120.7 99.8 66.2 39.3 46.1 42.1 41.5 46.9 50.3 46.0 38.7 30.2 25.1 14.9
-9999.0 -9999.0 -9999.0 -9999.0 -9999.0 -9999.0 -9999.0 -9999.0 -9999.0 -9999.0 -9999.0 -9999.0 -9999.0 -9999.0 -9999.0 -9999.0 -9999.0 -9999.0 -9999.0 -9999.0 -9999.0 -9999.0 -9999.0 -9999.0 -9999.0 -9999.0 -9999.0 -9999.0 -9999.0 -9999.0 -9999.0 -9999.0 -9999.0 -9999.0 -9999.0 -9999.0 -9999.0 -9999.0 -9999.0 -9999.0 -9999.0 -9999.0 -9999.0 -9999.0 -9999.0 -9999.0 -9999.0 -9999.0 -9999.0 -9999.0 126.3 116.9 102.7 87.5 70.0 61.7 48.0 48.7 56.7 77.9 112.6 148.1 150.5 154.5 138.6 102.7 75.8 41.2 38.9 31.8 34.7 45.7 49.1 38.4 28.5 21.0 13.7 12.2
-9999.0 -9999.0 -9999.0 -9999.0 -9999.0 -9999.0 -9999.0 -9999.0 -9999.0 -9999.0 -9999.0 -9999.0 -9999.0 -9999.0 -9999.0 -9999.0 -9999.0 -9999.0 -9999.0 -9999.0 -9999.0 -9999.0 -9999.0 -9999.0 -9999.0 -9999.0 -9999.0 -9999.0 -9999.0 -9999.0 -9999.0 -9999.0 -9999.0 -9999.0 -9999.0 -9999.0 -9999.0 -9999.0 -9999.0 -9999.0 -9999.0 -9999.0 -9999.0 -9999.0 -9999.0 -9999.0 -9999.0 -9999.0 -9999.0 -9999.0 120.3 132.5 118.5 110.5 97.1 80.7 72.3 75.7 83.0 107.3 136.8 152.6 140.7 140.5 126.1 75.8 60.8 38.4 35.0 35.5 40.1 47.9 47.1 33.5 22.7 16.0 9.9 7.3
-9999.0 -9999.0 -9999.0 -9999.0 -9999.0 -9999.0 -9999.0 -9999.0 -9999.0 -9999.0 -9999.0 -9999.0 -9999.0 -9999.0 -9999.0 -9999.0 -9999.0 -9999.0 -9999.0 -9999.0 -9999.0 -9999.0 -9999.0 -9999.0 -9999.0 -9999.0 -9999.0 -9999.0 -9999.0 -9999.0 -9999.0 -9999.0 -9999.0 -9999.0 -9999.0 -9999.0 -9999.0 -9999.0 -9999.0 -9999.0 -9999.0 -9999.0 -9999.0 -9999.0 -9999.0 -9999.0 -9999.0 -9999.0 -9999.0 -9999.0 114.0 129.1 122.6 145.5 119.7 116.5 129.3 134.1 135.6 155.9 154.7 146.1 123.0 96.5 93.2 75.2 56.8 48.7 47.9 47.3 49.3 41.5 39.3 23.8 16.2 10.1 5.4 4.5
-9999.0 -9999.0 -9999.0 -9999.0 -9999.0 -9999.0 -9999.0 -9999.0 -9999.0 -9999.0 -9999.0 -9999.0 -9999.0 -9999.0 -9999.0 -9999.0 -9999.0 -9999.0 -9999.0 -9999.0 -9999.0 -9999.0 -9999.0 -9999.0 -9999.0 -9999.0 -9999.0 -9999.0 -9999.0 -9999.0 -9999.0 -9999.0 -9999.0 -9999.0 -9999.0 -9999.0 -9999.0 -9999.0 -9999.0 -9999.0 -9999.0 -9999.0 -9999.0 -9999.0 -9999.0 -9999.0 -9999.0 -9999.0 -9999.0 -9999.0 134.8 159.8 157.1 171.9 176.8 191.1 175.4 200.9 193.4 152.3 151.4 113.5 67.4 65.1 67.0 64.6 66.8 65.8 68.7 66.0 58.2 42.8 26.7 15.6 8.9 4.5 2.5 2.2
-9999.0 -9999.0 -9999.0 -9999.0 -9999.0 -9999.0 -9999.0 -9999.0 -9999.0 -9999.0 -9999.0 -9999.0 -9999.0 -9999.0 -9999.0 -9999.0 -9999.0 -9999.0 -9999.0 -9999.0 -9999.0 -9999.0 -9999.0 -9999.0 -9999.0 -9999.0 -9999.0 -9999.0 -9999.0 -9999.0 -9999.0 -9999.0 -9999.0 -9999.0 -9999.0 -9999.0 -9999.0 -9999.0 -9999.0 -9999.0 -9999.0 -9999.0 -9999.0 -9999.0 -9999.0 -9999.0 -9999.0 -9999.0 -9999.0 -9999.0 -9999.0 -9999.0 -9999.0 188.9 214.0 232.9 252.3 262.0 182.2 145.9 178.0 74.0 79.2 53.6 50.3 51.9 64.3 72.8 84.2 82.4 65.0 39.5 20.1 10.0 4.6 1.8 0.9 1.0
-9999.0 -9999.0 -9999.0 -9999.0 -9999.0 -9999.0 -9999.0 -9999.0 -9999.0 -9999.0 -9999.0 -9999.0 -9999.0 -9999.0 -9999.0 -9999.0 -9999.0 -9999.0 -9999.0 -9999.0 -9999.0 -9999.0 -9999.0 -9999.0 -9999.0 -9999.0 -9999.0 -9999.0 -9999.0 -9999.0 -9999.0 -9999.0 -9999.0 -9999.0 -9999.0 -9999.0 -9999.0 -9999.0 -9999.0 -9999.0 -9999.0 -9999.0 -9999.0 -9999.0 -9999.0 -9999.0 -9999.0 -9999.0 -9999.0 -9999.0 -9999.0 -9999.0 -9999.0 194.5 207.4 281.4 265.5 253.5 236.7 216.9 122.7 70.1 82.6 51.7 47.9 49.3 55.0 74.4 78.9 77.6 59.5 35.1 18.0 8.9 4.2 1.9 0.6 1.1
-9999.0 -9999.0 -9999.0 -9999.0 -9999.0 -9999.0 -9999.0 -9999.0 -9999.0 -9999.0 -9999.0 -9999.0 -9999.0 -9999.0 -9999.0 -9999.0 -9999.0 -9999.0 -9999.0 -9999.0 -9999.0 -9999.0 -9999.0 -9999.0 -9999.0 -9999.0 -9999.0 -9999.0 -9999.0 -9999.0 -9999.0 -9999.0 -9999.0 -9999.0 -9999.0 -9999.0 -9999.0 -9999.0 -9999.0 -9999.0 -9999.0 -9999.0 -9999.0 -9999.0 -9999.0 -9999.0 -9999.0 -9999.0 -9999.0 -9999.0 -9999.0 -9999.0 -9999.0 171.9 152.7 223.1 236.8 235.9 219.0 158.4 133.7 91.6 88.1 70.0 43.4 -9999.0 -9999.0 -9999.0 66.8 56.4 46.6 33.0 19.4 11.0 7.1 4.4 1.2 1.6
-9999.0 -9999.0 -9999.0 -9999.0 -9999.0 -9999.0 -9999.0 -9999.0 -9999.0 -9999.0 -9999.0 -9999.0 -9999.0 -9999.0 -9999.0 -9999.0 -9999.0 -9999.0 -9999.0 -9999.0 -9999.0 -9999.0 -9999.0 -9999.0 -9999.0 -9999.0 -9999.0 -9999.0 -9999.0 -9999.0 -9999.0 -9999.0 -9999.0 -9999.0 -9999.0 -9999.0 -9999.0 -9999.0 -9999.0 -9999.0 -9999.0 -9999.0 -9999.0 -9999.0 -9999.0 -9999.0 -9999.0 -9999.0 -9999.0 -9999.0 -9999.0 -9999.0 -9999.0 -9999.0 145.1 156.7 149.1 153.6 168.4 155.0 73.5 -9999.0 -9999.0 -9999.0 -9999.0 -9999.0 -9999.0 -9999.0 39.7 42.5 45.4 28.5 20.2 16.4 11.6 6.0 3.3 3.5
-9999.0 -9999.0 -9999.0 -9999.0 -9999.0 -9999.0 -9999.0 -9999.0 -9999.0 -9999.0 -9999.0 -9999.0 -9999.0 -9999.0 -9999.0 -9999.0 -9999.0 -9999.0 -9999.0 -9999.0 -9999.0 -9999.0 -9999.0 -9999.0 -9999.0 -9999.0 -9999.0 -9999.0 -9999.0 -9999.0 -9999.0 -9999.0 -9999.0 -9999.0 -9999.0 -9999.0 -9999.0 -9999.0 -9999.0 -9999.0 -9999.0 -9999.0 -9999.0 -9999.0 -9999.0 -9999.0 -9999.0 -9999.0 -9999.0 -9999.0 -9999.0 -9999.0 -9999.0 -9999.0 -9999.0 97.0 133.9 108.2 89.0 84.6 57.9 -9999.0 -9999.0 -9999.0 -9999.0 -9999.0 -9999.0 -9999.0 -9999.0 -9999.0 27.4 -9999.0 -9999.0 -9999.0 -9999.0 -9999.0 11.4 -9999.0
-9999.0 -9999.0 -9999.0 -9999.0 -9999.0 -9999.0 -9999.0 -9999.0 -9999.0 -9999.0 -9999.0 -9999.0 -9999.0 -9999.0 -9999.0 -9999.0 -9999.0 -9999.0 -9999.0 -9999.0 -9999.0 -9999.0 -9999.0 -9999.0 -9999.0 -9999.0 -9999.0 -9999.0 -9999.0 -9999.0 -9999.0 -9999.0 -9999.0 -9999.0 -9999.0 -9999.0 -9999.0 -9999.0 -9999.0 -9999.0 -9999.0 -9999.0 -9999.0 -9999.0 -9999.0 -9999.0 -9999.0 -9999.0 -9999.0 -9999.0 -9999.0 -9999.0 -9999.0 -9999.0 -9999.0 -9999.0 -9999.0 -9999.0 54.0 35.2 -9999.0 -9999.0 -9999.0 -9999.0 -9999.0 -9999.0 -9999.0 -9999.0 -9999.0 -9999.0 -9999.0 -9999.0 -9999.0 -9999.0 -9999.0 44.7 49.0 -9999.0
-9999.0 -9999.0 -9999.0 -9999.0 -9999.0 -9999.0 -9999.0 -9999.0 -9999.0 -9999.0 -9999.0 -9999.0 -9999.0 -9999.0 -9999.0 -9999.0 -9999.0 -9999.0 -9999.0 -9999.0 -9999.0 -9999.0 -9999.0 -9999.0 -9999.0 -9999.0 -9999.0 -9999.0 -9999.0 -9999.0 -9999.0 -9999.0 -9999.0 -9999.0 -9999.0 -9999.0 -9999.0 -9999.0 -9999.0 -9999.0 -9999.0 -9999.0 -9999.0 -9999.0 -9999.0 -9999.0 -9999.0 -9999.0 -9999.0 -9999.0 -9999.0 -9999.0 -9999.0 -9999.0 -9999.0 -9999.0 -9999.0 -9999.0 -9999.0 -9999.0 -9999.0 -9999.0 -9999.0 -9999.0 -9999.0 -9999.0 -9999.0 -9999.0 -9999.0 -9999.0 -9999.0 -9999.0 -9999.0 -9999.0 -9999.0 -9999.0 -9999.0 -9999.0
