program/excelProcessViaJava/data/SURF_CLI_CHN_PRE_MON_GRID_0.5-199101.txt
NCOLS      128
NROWS       72
XLLCORNER    72.000000000000    
YLLCORNER    18.000000000000    
CELLSIZE    0.50000000000000    
NODATA_VALUE   -9999.000    
[rows 35 to 69 of 72, columns 0 to 78 of 128]
-9999.0 -9999.0 -9999.0 -9999.0 -9999.0 -9999.0 -9999.0 0.1 0.1 0.1 0.1 0.1 0.1 0.1 0.1 0.3 0.1 0.4 0.6 0.3 0.1 0.0 0.0 0.0 0.0 0.0 0.1 0.1 0.1 0.2 0.3 0.5 0.6 0.6 0.5 0.4 0.3 0.2 0.1 0.1 0.1 0.1 0.2 0.4 0.8 1.0 1.1 1.3 2.0 3.0 4.5 5.7 4.7 2.7 2.2 1.6 1.7 2.3 3.9 5.2 6.9 4.6 4.4 6.2 7.3 5.2 5.5 5.6 5.4 6.3 5.7 4.6 4.3 3.7 2.3 2.4 1.4 2.7 4.2
-9999.0 -9999.0 -9999.0 -9999.0 -9999.0 -9999.0 -9999.0 0.4 0.1 0.1 0.1 0.1 0.1 0.1 0.1 0.0 0.1 0.1 0.0 0.0 0.0 0.0 0.0 0.0 0.0 0.1 0.1 0.1 0.2 0.4 0.5 0.7 0.9 0.9 0.9 0.7 0.5 0.3 0.2 0.1 0.1 0.1 0.2 0.4 0.5 0.7 0.8 1.1 1.9 2.7 3.6 3.9 4.1 3.2 2.8 1.5 1.6 2.5 3.5 4.4 6.2 7.6 7.6 10.4 9.4 7.7 6.3 5.6 6.1 6.3 6.9 6.3 5.2 4.2 2.1 3.4 2.7 1.2 1.3
-9999.0 -9999.0 -9999.0 -9999.0 -9999.0 -9999.0 -9999.0 -9999.0 -9999.0 0.1 0.1 0.1 0.1 0.1 0.1 0.1 0.1 0.0 0.0 0.0 0.0 0.0 0.0 0.0 0.1 0.1 0.1 0.1 0.3 0.4 0.9 1.1 1.4 1.5 1.6 1.3 1.0 0.6 0.4 0.2 0.2 0.2 0.3 0.5 0.8 0.9 1.1 1.4 2.2 3.3 4.5 4.8 4.7 4.2 4.2 2.4 2.0 2.8 3.5 4.0 4.3 4.4 5.2 8.9 9.6 8.4 6.8 6.1 6.0 6.9 8.0 8.0 5.8 4.3 4.0 1.2 0.7 0.6 1.1
-9999.0 -9999.0 -9999.0 -9999.0 -9999.0 -9999.0 -9999.0 -9999.0 -9999.0 -9999.0 -9999.0 0.1 0.1 0.1 0.1 0.1 0.1 0.1 0.1 0.0 0.0 0.0 0.0 0.0 0.0 0.1 0.1 0.1 0.3 0.6 1.1 1.3 2.0 2.3 2.5 2.1 1.9 1.3 0.9 0.5 0.4 0.4 0.7 1.1 1.7 1.7 2.5 2.5 3.8 5.2 6.1 6.9 7.0 7.2 7.2 5.3 3.6 4.1 4.6 4.9 4.7 3.9 3.8 5.9 7.1 8.4 8.0 7.0 5.8 5.9 7.8 8.4 6.1 3.5 1.8 1.1 0.8 1.6 1.9
-9999.0 -9999.0 -9999.0 -9999.0 -9999.0 -9999.0 -9999.0 -9999.0 -9999.0 -9999.0 -9999.0 -9999.0 0.2 0.2 0.1 0.1 0.1 0.1 0.1 0.0 0.1 0.0 0.0 0.0 0.0 0.1 0.1 0.1 0.3 0.5 1.2 1.9 2.7 3.1 3.5 3.6 3.1 2.6 1.8 1.2 0.9 1.0 1.6 2.6 3.5 4.3 5.0 4.4 6.0 8.1 11.1 11.8 11.0 10.1 9.7 8.4 7.1 7.4 6.7 8.1 7.1 6.2 5.2 5.0 6.7 7.8 9.9 8.3 5.9 5.0 7.2 9.2 6.6 3.7 2.7 5.9 6.5 6.3 4.9
-9999.0 -9999.0 -9999.0 -9999.0 -9999.0 -9999.0 -9999.0 -9999.0 -9999.0 -9999.0 -9999.0 -9999.0 0.2 0.3 0.3 0.1 0.2 0.1 0.1 0.1 0.0 0.0 0.0 0.0 0.1 0.1 0.1 0.3 0.4 0.9 1.3 1.9 3.1 4.2 4.9 5.5 5.0 4.5 3.6 2.7 2.3 2.5 3.6 5.2 7.2 9.1 9.2 8.9 8.4 12.0 13.8 15.3 13.5 13.5 10.2 10.1 8.5 9.4 9.9 10.4 9.5 8.0 7.7 7.7 5.4 8.3 9.4 9.3 6.2 5.0 4.7 5.5 5.9 4.2 4.9 6.4 8.7 11.5 11.0
-9999.0 -9999.0 -9999.0 -9999.0 -9999.0 -9999.0 -9999.0 -9999.0 -9999.0 -9999.0 -9999.0 -9999.0 -9999.0 0.3 0.2 0.4 0.2 0.2 0.1 0.1 0.1 0.1 0.0 0.1 0.1 0.0 0.1 0.1 0.2 0.6 1.5 2.5 3.3 4.6 6.5 7.3 7.5 6.9 5.9 5.0 4.4 4.9 6.3 8.8 11.6 14.0 15.6 16.1 16.4 16.9 17.6 15.6 13.9 16.5 12.8 10.0 8.5 10.0 12.6 14.0 13.7 10.9 10.4 6.3 2.5 7.2 12.3 14.6 11.1 7.2 5.6 4.2 4.3 5.3 7.9 9.1 12.2 15.3 15.8
-9999.0 -9999.0 -9999.0 -9999.0 -9999.0 -9999.0 -9999.0 -9999.0 -9999.0 -9999.0 -9999.0 -9999.0 0.6 0.5 0.4 0.4 0.2 0.2 0.1 0.2 0.1 0.1 0.1 0.1 0.1 0.0 0.1 0.1 0.3 0.5 1.2 2.6 3.3 5.4 6.9 8.5 8.7 9.2 8.2 6.9 6.6 7.4 9.2 11.4 14.5 17.3 18.3 16.6 16.8 17.3 19.8 20.1 14.4 13.2 8.9 7.0 7.7 6.5 10.7 11.9 13.7 14.9 12.5 13.5 9.8 9.9 12.9 15.5 15.0 11.7 8.3 5.3 5.3 7.2 9.3 11.7 15.3 20.4 21.0
-9999.0 -9999.0 -9999.0 -9999.0 -9999.0 -9999.0 -9999.0 -9999.0 -9999.0 -9999.0 -9999.0 -9999.0 0.9 0.9 0.7 0.5 0.3 0.4 0.3 0.1 0.2 0.1 0.1 0.1 0.1 0.1 0.1 0.1 0.2 0.6 1.2 2.1 3.0 5.5 7.2 8.5 9.7 9.7 9.0 7.6 7.1 7.7 9.5 11.8 14.1 15.9 17.9 17.9 17.6 13.0 13.6 15.9 10.0 6.3 5.0 3.5 4.4 6.4 8.1 12.8 16.0 18.2 11.8 9.7 10.4 11.8 15.8 13.6 11.1 9.7 8.0 7.4 10.2 16.4 19.0 16.7 18.2 20.0 21.5
-9999.0 -9999.0 -9999.0 -9999.0 -9999.0 -9999.0 -9999.0 -9999.0 -9999.0 -9999.0 -9999.0 -9999.0 1.5 1.2 1.2 0.9 0.7 0.4 0.3 0.2 0.1 0.1 0.1 0.1 0.1 0.0 0.1 0.1 0.1 0.3 0.7 1.1 2.8 4.7 6.2 7.3 8.2 8.5 8.0 7.1 6.7 7.3 9.1 9.0 10.7 13.0 14.2 12.6 10.3 11.8 12.2 7.9 13.2 11.1 6.1 2.3 3.7 5.7 8.6 9.3 11.9 14.3 21.6 12.8 9.5 14.2 14.9 12.4 11.4 11.4 11.9 16.2 20.8 27.3 45.5 28.0 39.8 20.4 23.6
-9999.0 -9999.0 -9999.0 -9999.0 -9999.0 -9999.0 -9999.0 -9999.0 -9999.0 -9999.0 -9999.0 -9999.0 -9999.0 2.2 1.7 1.4 1.1 0.9 0.6 0.4 0.3 0.2 0.2 0.1 0.1 0.1 0.1 0.1 0.1 0.2 0.2 0.7 1.5 3.0 4.0 4.6 5.6 6.2 6.3 6.1 6.0 7.6 8.8 8.4 6.3 6.0 8.0 4.1 9.7 10.2 7.0 8.8 5.4 1.7 4.8 4.8 2.9 4.3 7.9 13.9 15.3 24.8 20.0 13.3 9.6 14.0 16.6 15.6 15.5 17.5 19.2 21.1 28.9 22.1 28.5 21.9 21.4 25.7 31.9
-9999.0 -9999.0 -9999.0 -9999.0 -9999.0 -9999.0 -9999.0 -9999.0 -9999.0 -9999.0 -9999.0 -9999.0 -9999.0 3.2 2.7 2.2 1.9 1.6 1.3 1.0 0.9 0.7 0.5 0.4 0.5 0.2 0.1 0.1 0.1 0.1 0.1 0.2 0.8 1.4 1.9 2.6 3.3 4.0 5.0 6.9 6.0 6.2 6.2 6.0 8.7 4.5 4.1 1.9 3.8 4.7 5.6 1.6 2.7 3.8 4.8 4.1 3.2 4.7 8.7 5.7 15.0 10.8 15.1 11.7 11.4 13.8 17.3 18.7 19.3 21.3 25.2 28.5 29.4 32.3 34.2 40.3 53.1 37.9 49.1
-9999.0 -9999.0 -9999.0 -9999.0 -9999.0 -9999.0 -9999.0 -9999.0 -9999.0 -9999.0 -9999.0 -9999.0 -9999.0 -9999.0 -9999.0 3.6 3.3 2.9 2.6 2.6 2.1 2.0 1.8 1.5 1.0 0.7 0.4 0.2 0.1 0.1 0.1 0.1 0.3 0.6 0.9 1.6 2.5 2.1 3.6 5.2 6.9 7.3 6.1 4.4 1.8 1.0 1.9 0.5 2.0 0.9 1.3 3.5 0.8 1.1 0.3 2.7 4.2 1.1 9.9 14.0 5.6 10.4 20.7 17.9 14.7 13.9 15.8 17.6 17.2 21.1 27.3 31.1 42.5 47.0 45.9 69.3 68.1 72.4 58.0
-9999.0 -9999.0 -9999.0 -9999.0 -9999.0 -9999.0 -9999.0 -9999.0 -9999.0 -9999.0 -9999.0 -9999.0 -9999.0 -9999.0 -9999.0 -9999.0 -9999.0 13.2 7.7 -9999.0 6.4 4.6 5.0 4.5 3.0 2.3 1.4 0.7 0.3 0.1 0.1 0.1 0.3 0.4 0.6 0.4 2.0 0.7 2.6 4.7 6.2 8.3 5.5 3.2 1.9 1.1 5.8 2.8 0.7 1.0 0.5 0.2 0.3 0.9 2.0 3.3 3.1 7.3 9.3 12.8 1.5 7.5 15.0 19.0 17.4 15.0 15.8 15.7 14.2 17.1 21.4 39.8 51.8 50.2 67.6 89.9 88.0 78.2 73.5
-9999.0 -9999.0 -9999.0 -9999.0 -9999.0 -9999.0 -9999.0 -9999.0 -9999.0 -9999.0 -9999.0 -9999.0 -9999.0 -9999.0 -9999.0 -9999.0 -9999.0 -9999.0 -9999.0 -9999.0 -9999.0 10.5 9.4 8.0 7.3 7.5 5.3 3.1 1.4 0.6 0.2 0.4 0.5 0.5 0.4 0.2 0.2 0.4 0.8 0.6 0.6 9.1 8.2 4.8 2.6 2.0 15.0 1.8 3.3 15.8 0.7 2.7 2.2 1.0 2.1 4.2 5.6 5.1 13.0 10.5 0.8 2.9 6.9 14.5 21.9 22.9 23.3 19.3 15.3 15.4 21.8 39.1 49.6 52.8 67.9 87.0 91.2 86.2 95.1
-9999.0 -9999.0 -9999.0 -9999.0 -9999.0 -9999.0 -9999.0 -9999.0 -9999.0 -9999.0 -9999.0 -9999.0 -9999.0 -9999.0 -9999.0 -9999.0 -9999.0 -9999.0 -9999.0 -9999.0 -9999.0 -9999.0 -9999.0 24.6 16.8 15.2 12.3 8.3 4.7 2.7 1.4 1.2 2.4 1.6 2.1 1.6 2.8 1.3 6.4 11.0 10.7 13.9 5.4 2.2 4.3 21.4 8.7 6.8 10.4 12.1 3.9 2.8 3.6 3.7 4.4 3.6 5.2 8.3 1.6 9.8 2.2 5.3 7.7 9.0 17.6 32.3 37.5 28.2 21.9 18.7 31.9 40.8 52.9 72.1 79.5 94.6 114.8 122.7 134.7
-9999.0 -9999.0 -9999.0 -9999.0 -9999.0 -9999.0 -9999.0 -9999.0 -9999.0 -9999.0 -9999.0 -9999.0 -9999.0 -9999.0 -9999.0 -9999.0 -9999.0 -9999.0 -9999.0 -9999.0 -9999.0 -9999.0 -9999.0 -9999.0 -9999.0 41.4 28.8 17.0 13.0 12.3 7.1 5.4 5.3 5.6 4.4 7.2 15.8 6.8 16.8 13.6 23.6 10.9 2.2 4.1 16.8 29.2 26.8 44.1 8.3 16.4 6.8 7.0 7.2 8.0 8.9 6.8 6.1 4.2 8.5 8.7 9.0 11.6 26.9 10.7 18.8 36.5 43.8 33.7 34.2 37.3 35.5 45.6 57.1 87.9 110.3 121.9 141.0 163.7 173.5
-9999.0 -9999.0 -9999.0 -9999.0 -9999.0 -9999.0 -9999.0 -9999.0 -9999.0 -9999.0 -9999.0 -9999.0 -9999.0 -9999.0 -9999.0 -9999.0 -9999.0 -9999.0 -9999.0 -9999.0 -9999.0 -9999.0 -9999.0 -9999.0 -9999.0 -9999.0 -9999.0 50.0 44.1 26.7 20.5 17.2 18.2 13.8 14.8 8.6 11.1 11.5 5.0 15.3 25.4 6.3 7.0 18.1 26.3 36.9 46.8 54.5 60.7 43.5 58.9 53.8 18.2 18.4 14.0 10.3 5.1 2.3 6.7 4.2 6.0 19.3 12.4 14.0 21.1 25.7 39.1 36.4 32.3 36.3 42.5 61.1 69.1 99.8 123.1 148.2 172.9 183.3 185.1
-9999.0 -9999.0 -9999.0 -9999.0 -9999.0 -9999.0 -9999.0 -9999.0 -9999.0 -9999.0 -9999.0 -9999.0 -9999.0 -9999.0 -9999.0 -9999.0 -9999.0 -9999.0 -9999.0 -9999.0 -9999.0 -9999.0 -9999.0 -9999.0 -9999.0 -9999.0 -9999.0 -9999.0 -9999.0 -9999.0 -9999.0 -9999.0 -9999.0 26.2 27.6 -9999.0 -9999.0 -9999.0 9.6 15.4 9.7 11.1 13.6 26.3 35.7 44.2 -9999.0 -9999.0 -9999.0 -9999.0 -9999.0 -9999.0 41.0 21.0 20.5 11.6 6.2 3.6 3.0 5.8 14.4 26.5 25.0 22.7 22.0 28.1 38.3 45.1 44.7 44.1 50.6 69.6 86.2 102.8 131.4 157.3 167.5 179.2 173.5
-9999.0 -9999.0 -9999.0 -9999.0 -9999.0 -9999.0 -9999.0 -9999.0 -9999.0 -9999.0 -9999.0 -9999.0 -9999.0 -9999.0 -9999.0 -9999.0 -9999.0 -9999.0 -9999.0 -9999.0 -9999.0 -9999.0 -9999.0 -9999.0 -9999.0 -9999.0 -9999.0 -9999.0 -9999.0 -9999.0 -9999.0 -9999.0 -9999.0 -9999.0 -9999.0 -9999.0 -9999.0 -9999.0 -9999.0 19.4 20.4 23.2 27.5 33.3 -9999.0 -9999.0 -9999.0 -9999.0 -9999.0 -9999.0 -9999.0 -9999.0 48.5 27.6 22.0 16.4 11.3 8.6 8.8 13.7 23.7 34.2 37.7 28.2 32.1 37.4 47.4 53.8 53.1 60.4 68.8 74.9 82.0 100.1 121.7 140.5 150.8 161.1 155.1
-9999.0 -9999.0 -9999.0 -9999.0 -9999.0 -9999.0 -9999.0 -9999.0 -9999.0 -9999.0 -9999.0 -9999.0 -9999.0 -9999.0 -9999.0 -9999.0 -9999.0 -9999.0 -9999.0 -9999.0 -9999.0 -9999.0 -9999.0 -9999.0 -9999.0 -9999.0 -9999.0 -9999.0 -9999.0 -9999.0 -9999.0 -9999.0 -9999.0 -9999.0 -9999.0 -9999.0 -9999.0 -9999.0 -9999.0 -9999.0 -9999.0 -9999.0 -9999.0 -9999.0 -9999.0 -9999.0 -9999.0 -9999.0 -9999.0 -9999.0 -9999.0 -9999.0 72.4 37.5 32.0 25.0 23.8 18.9 17.7 23.3 30.0 37.6 47.6 34.5 37.4 47.3 60.2 61.7 58.0 61.4 70.2 76.0 87.8 92.7 106.0 125.9 131.1 147.5 151.3
-9999.0 -9999.0 -9999.0 -9999.0 -9999.0 -9999.0 -9999.0 -9999.0 -9999.0 -9999.0 -9999.0 -9999.0 -9999.0 -9999.0 -9999.0 -9999.0 -9999.0 -9999.0 -9999.0 -9999.0 -9999.0 -9999.0 -9999.0 -9999.0 -9999.0 -9999.0 -9999.0 -9999.0 -9999.0 -9999.0 -9999.0 -9999.0 -9999.0 -9999.0 -9999.0 -9999.0 -9999.0 -9999.0 -9999.0 -9999.0 -9999.0 -9999.0 -9999.0 -9999.0 -9999.0 -9999.0 -9999.0 -9999.0 -9999.0 -9999.0 -9999.0 86.2 82.9 55.4 63.6 51.5 45.3 36.1 30.3 17.7 38.3 42.3 37.2 40.0 45.3 59.3 64.9 48.7 54.5 54.1 64.5 73.5 79.2 90.6 99.4 113.7 117.1 141.4 130.0
-9999.0 -9999.0 -9999.0 -9999.0 -9999.0 -9999.0 -9999.0 -9999.0 -9999.0 -9999.0 -9999.0 -9999.0 -9999.0 -9999.0 -9999.0 -9999.0 -9999.0 -9999.0 -9999.0 -9999.0 -9999.0 -9999.0 -9999.0 -9999.0 -9999.0 -9999.0 -9999.0 -9999.0 -9999.0 -9999.0 -9999.0 -9999.0 -9999.0 -9999.0 -9999.0 -9999.0 -9999.0 -9999.0 -9999.0 -9999.0 -9999.0 -9999.0 -9999.0 -9999.0 -9999.0 -9999.0 -9999.0 -9999.0 -9999.0 -9999.0 64.4 96.1 92.9 81.1 84.6 74.9 66.8 46.2 38.1 37.5 34.1 39.4 36.3 41.9 46.7 53.1 57.5 45.4 46.7 39.2 51.6 60.5 71.4 78.0 81.4 87.6 109.8 101.8 112.9
-9999.0 -9999.0 -9999.0 -9999.0 -9999.0 -9999.0 -9999.0 -9999.0 -9999.0 -9999.0 -9999.0 -9999.0 -9999.0 -9999.0 -9999.0 -9999.0 -9999.0 -9999.0 -9999.0 -9999.0 -9999.0 -9999.0 -9999.0 -9999.0 -9999.0 -9999.0 -9999.0 -9999.0 -9999.0 -9999.0 -9999.0 -9999.0 -9999.0 -9999.0 -9999.0 -9999.0 -9999.0 -9999.0 -9999.0 -9999.0 -9999.0 -9999.0 -9999.0 -9999.0 -9999.0 -9999.0 -9999.0 -9999.0 -9999.0 -9999.0 52.7 92.5 80.9 94.2 89.1 84.8 50.3 59.5 45.5 32.5 26.0 27.4 23.9 30.3 34.2 25.9 31.4 26.1 28.9 27.1 39.7 55.9 66.0 64.6 61.8 65.3 72.6 81.1 82.8
-9999.0 -9999.0 -9999.0 -9999.0 -9999.0 -9999.0 -9999.0 -9999.0 -9999.0 -9999.0 -9999.0 -9999.0 -9999.0 -9999.0 -9999.0 -9999.0 -9999.0 -9999.0 -9999.0 -9999.0 -9999.0 -9999.0 -9999.0 -9999.0 -9999.0 -9999.0 -9999.0 -9999.0 -9999.0 -9999.0 -9999.0 -9999.0 -9999.0 -9999.0 -9999.0 -9999.0 -9999.0 -9999.0 -9999.0 -9999.0 -9999.0 -9999.0 -9999.0 -9999.0 -9999.0 -9999.0 -9999.0 -9999.0 -9999.0 -9999.0 32.7 50.9 43.5 76.4 62.9 59.0 64.6 46.8 41.9 21.4 25.6 25.8 21.8 16.6 21.3 18.3 16.9 18.8 20.6 35.8 38.5 66.6 64.5 61.0 46.2 44.7 52.7 56.5 63.9
-9999.0 -9999.0 -9999.0 -9999.0 -9999.0 -9999.0 -9999.0 -9999.0 -9999.0 -9999.0 -9999.0 -9999.0 -9999.0 -9999.0 -9999.0 -9999.0 -9999.0 -9999.0 -9999.0 -9999.0 -9999.0 -9999.0 -9999.0 -9999.0 -9999.0 -9999.0 -9999.0 -9999.0 -9999.0 -9999.0 -9999.0 -9999.0 -9999.0 -9999.0 -9999.0 -9999.0 -9999.0 -9999.0 -9999.0 -9999.0 -9999.0 -9999.0 -9999.0 -9999.0 -9999.0 -9999.0 -9999.0 -9999.0 -9999.0 -9999.0 32.3 41.8 33.1 37.1 35.8 42.6 20.1 27.9 25.1 14.6 25.2 21.2 8.2 12.9 17.6 18.3 25.3 30.4 45.2 19.9 40.5 54.8 64.2 54.8 37.0 37.1 43.5 48.9 60.7
-9999.0 -9999.0 -9999.0 -9999.0 -9999.0 -9999.0 -9999.0 -9999.0 -9999.0 -9999.0 -9999.0 -9999.0 -9999.0 -9999.0 -9999.0 -9999.0 -9999.0 -9999.0 -9999.0 -9999.0 -9999.0 -9999.0 -9999.0 -9999.0 -9999.0 -9999.0 -9999.0 -9999.0 -9999.0 -9999.0 -9999.0 -9999.0 -9999.0 -9999.0 -9999.0 -9999.0 -9999.0 -9999.0 -9999.0 -9999.0 -9999.0 -9999.0 -9999.0 -9999.0 -9999.0 -9999.0 -9999.0 -9999.0 -9999.0 -9999.0 -9999.0 -9999.0 -9999.0 8.3 7.1 8.7 11.5 14.8 6.6 10.9 50.4 13.6 33.1 18.1 18.4 20.9 36.2 36.4 54.7 50.0 37.9 37.3 39.1 35.4 32.3 32.9 40.4 48.9 60.7
-9999.0 -9999.0 -9999.0 -9999.0 -9999.0 -9999.0 -9999.0 -9999.0 -9999.0 -9999.0 -9999.0 -9999.0 -9999.0 -9999.0 -9999.0 -9999.0 -9999.0 -9999.0 -9999.0 -9999.0 -9999.0 -9999.0 -9999.0 -9999.0 -9999.0 -9999.0 -9999.0 -9999.0 -9999.0 -9999.0 -9999.0 -9999.0 -9999.0 -9999.0 -9999.0 -9999.0 -9999.0 -9999.0 -9999.0 -9999.0 -9999.0 -9999.0 -9999.0 -9999.0 -9999.0 -9999.0 -9999.0 -9999.0 -9999.0 -9999.0 -9999.0 -9999.0 -9999.0 1.8 1.2 7.5 3.4 2.8 6.9 29.4 23.2 21.3 47.7 28.9 29.1 31.7 28.4 61.0 43.0 36.8 23.0 20.2 21.9 23.7 27.5 36.8 40.4 51.2 58.8
-9999.0 -9999.0 -9999.0 -9999.0 -9999.0 -9999.0 -9999.0 -9999.0 -9999.0 -9999.0 -9999.0 -9999.0 -9999.0 -9999.0 -9999.0 -9999.0 -9999.0 -9999.0 -9999.0 -9999.0 -9999.0 -9999.0 -9999.0 -9999.0 -9999.0 -9999.0 -9999.0 -9999.0 -9999.0 -9999.0 -9999.0 -9999.0 -9999.0 -9999.0 -9999.0 -9999.0 -9999.0 -9999.0 -9999.0 -9999.0 -9999.0 -9999.0 -9999.0 -9999.0 -9999.0 -9999.0 -9999.0 -9999.0 -9999.0 -9999.0 -9999.0 -9999.0 -9999.0 0.3 0.1 1.5 2.2 2.4 6.3 12.7 33.8 41.9 66.5 66.7 40.7 -9999.0 -9999.0 -9999.0 53.0 27.9 20.2 18.9 17.6 18.2 23.6 35.1 37.2 46.6 64.5
-9999.0 -9999.0 -9999.0 -9999.0 -9999.0 -9999.0 -9999.0 -9999.0 -9999.0 -9999.0 -9999.0 -9999.0 -9999.0 -9999.0 -9999.0 -9999.0 -9999.0 -9999.0 -9999.0 -9999.0 -9999.0 -9999.0 -9999.0 -9999.0 -9999.0 -9999.0 -9999.0 -9999.0 -9999.0 -9999.0 -9999.0 -9999.0 -9999.0 -9999.0 -9999.0 -9999.0 -9999.0 -9999.0 -9999.0 -9999.0 -9999.0 -9999.0 -9999.0 -9999.0 -9999.0 -9999.0 -9999.0 -9999.0 -9999.0 -9999.0 -9999.0 -9999.0 -9999.0 -9999.0 0.1 0.5 0.4 0.8 7.1 22.8 17.8 -9999.0 -9999.0 -9999.0 -9999.0 -9999.0 -9999.0 -9999.0 34.4 32.6 35.3 16.3 12.6 13.7 15.6 19.8 26.7 36.0 45.9
-9999.0 -9999.0 -9999.0 -9999.0 -9999.0 -9999.0 -9999.0 -9999.0 -9999.0 -9999.0 -9999.0 -9999.0 -9999.0 -9999.0 -9999.0 -9999.0 -9999.0 -9999.0 -9999.0 -9999.0 -9999.0 -9999.0 -9999.0 -9999.0 -9999.0 -9999.0 -9999.0 -9999.0 -9999.0 -9999.0 -9999.0 -9999.0 -9999.0 -9999.0 -9999.0 -9999.0 -9999.0 -9999.0 -9999.0 -9999.0 -9999.0 -9999.0 -9999.0 -9999.0 -9999.0 -9999.0 -9999.0 -9999.0 -9999.0 -9999.0 -9999.0 -9999.0 -9999.0 -9999.0 -9999.0 0.1 3.0 1.9 3.1 13.0 21.2 -9999.0 -9999.0 -9999.0 -9999.0 -9999.0 -9999.0 -9999.0 -9999.0 -9999.0 19.6 -9999.0 -9999.0 -9999.0 -9999.0 -9999.0 15.3 -9999.0 -9999.0
-9999.0 -9999.0 -9999.0 -9999.0 -9999.0 -9999.0 -9999.0 -9999.0 -9999.0 -9999.0 -9999.0 -9999.0 -9999.0 -9999.0 -9999.0 -9999.0 -9999.0 -9999.0 -9999.0 -9999.0 -9999.0 -9999.0 -9999.0 -9999.0 -9999.0 -9999.0 -9999.0 -9999.0 -9999.0 -9999.0 -9999.0 -9999.0 -9999.0 -9999.0 -9999.0 -9999.0 -9999.0 -9999.0 -9999.0 -9999.0 -9999.0 -9999.0 -9999.0 -9999.0 -9999.0 -9999.0 -9999.0 -9999.0 -9999.0 -9999.0 -9999.0 -9999.0 -9999.0 -9999.0 -9999.0 -9999.0 -9999.0 -9999.0 4.5 6.9 -9999.0 -9999.0 -9999.0 -9999.0 -9999.0 -9999.0 -9999.0 -9999.0 -9999.0 -9999.0 -9999.0 -9999.0 -9999.0 -9999.0 -9999.0 4.3 7.3 -9999.0 -9999.0
-9999.0 -9999.0 -9999.0 -9999.0 -9999.0 -9999.0 -9999.0 -9999.0 -9999.0 -9999.0 -9999.0 -9999.0 -9999.0 -9999.0 -9999.0 -9999.0 -9999.0 -9999.0 -9999.0 -9999.0 -9999.0 -9999.0 -9999.0 -9999.0 -9999.0 -9999.0 -9999.0 -9999.0 -9999.0 -9999.0 -9999.0 -9999.0 -9999.0 -9999.0 -9999.0 -9999.0 -9999.0 -9999.0 -9999.0 -9999.0 -9999.0 -9999.0 -9999.0 -9999.0 -9999.0 -9999.0 -9999.0 -9999.0 -9999.0 -9999.0 -9999.0 -9999.0 -9999.0 -9999.0 -9999.0 -9999.0 -9999.0 -9999.0 -9999.0 -9999.0 -9999.0 -9999.0 -9999.0 -9999.0 -9999.0 -9999.0 -9999.0 -9999.0 -9999.0 -9999.0 -9999.0 -9999.0 -9999.0 -9999.0 -9999.0 -9999.0 -9999.0 -9999.0 -9999.0
-9999.0 -9999.0 -9999.0 -9999.0 -9999.0 -9999.0 -9999.0 -9999.0 -9999.0 -9999.0 -9999.0 -9999.0 -9999.0 -9999.0 -9999.0 -9999.0 -9999.0 -9999.0 -9999.0 -9999.0 -9999.0 -9999.0 -9999.0 -9999.0 -9999.0 -9999.0 -9999.0 -9999.0 -9999.0 -9999.0 -9999.0 -9999.0 -9999.0 -9999.0 -9999.0 -9999.0 -9999.0 -9999.0 -9999.0 -9999.0 -9999.0 -9999.0 -9999.0 -9999.0 -9999.0 -9999.0 -9999.0 -9999.0 -9999.0 -9999.0 -9999.0 -9999.0 -9999.0 -9999.0 -9999.0 -9999.0 -9999.0 -9999.0 -9999.0 -9999.0 -9999.0 -9999.0 -9999.0 -9999.0 -9999.0 -9999.0 -9999.0 -9999.0 -9999.0 -9999.0 -9999.0 -9999.0 -9999.0 -9999.0 -9999.0 6.4 9.4 18.4 -9999.0
-9999.0 -9999.0 -9999.0 -9999.0 -9999.0 -9999.0 -9999.0 -9999.0 -9999.0 -9999.0 -9999.0 -9999.0 -9999.0 -9999.0 -9999.0 -9999.0 -9999.0 -9999.0 -9999.0 -9999.0 -9999.0 -9999.0 -9999.0 -9999.0 -9999.0 -9999.0 -9999.0 -9999.0 -9999.0 -9999.0 -9999.0 -9999.0 -9999.0 -9999.0 -9999.0 -9999.0 -9999.0 -9999.0 -9999.0 -9999.0 -9999.0 -9999.0 -9999.0 -9999.0 -9999.0 -9999.0 -9999.0 -9999.0 -9999.0 -9999.0 -9999.0 -9999.0 -9999.0 -9999.0 -9999.0 -9999.0 -9999.0 -9999.0 -9999.0 -9999.0 -9999.0 -9999.0 -9999.0 -9999.0 -9999.0 -9999.0 -9999.0 -9999.0 -9999.0 -9999.0 -9999.0 -9999.0 -9999.0 1.6 11.5 16.4 33.3 -9999.0 -9999.0
