program/excelProcessViaJava/data/SURF_CLI_CHN_PRE_MON_GRID_0.5-200807.txt
NCOLS      128
NROWS       72
XLLCORNER    72.000000000000    
YLLCORNER    18.000000000000    
CELLSIZE    0.50000000000000    
NODATA_VALUE   -9999.000    
[rows 33 to 65 of 72, columns 0 to 73 of 128]
-9999.0 -9999.0 -9999.0 -9999.0 14.1 17.7 22.3 12.9 12.0 3.8 6.7 6.8 7.0 6.1 6.8 8.2 9.2 9.7 9.4 8.9 7.7 6.5 5.7 6.8 9.1 15.0 22.7 138.2 71.6 87.8 102.8 93.5 89.9 107.8 72.5 70.1 58.9 131.4 105.5 50.8 13.2 4.9 4.7 4.1 5.8 9.1 17.2 38.1 60.7 56.6 77.3 133.8 163.2 185.9 131.3 127.0 112.8 127.3 107.3 126.7 111.9 83.7 62.0 31.3 22.7 25.6 30.2 36.1 38.2 35.6 32.1 32.2 34.8 36.9
-9999.0 -9999.0 -9999.0 -9999.0 13.2 9.4 16.1 7.8 22.9 22.7 7.3 23.4 18.3 21.9 9.1 10.9 12.8 9.4 7.5 7.0 8.7 9.5 11.6 28.0 70.9 106.2 77.2 84.1 83.0 86.5 87.6 105.0 90.3 90.3 97.1 82.0 107.5 131.3 81.6 41.4 79.6 14.5 10.5 5.0 6.0 7.9 9.8 12.5 17.8 31.9 49.2 73.7 138.4 121.8 112.5 115.5 107.5 103.8 100.7 60.2 92.9 58.9 47.0 39.1 29.9 28.2 34.9 37.9 39.8 39.5 38.9 43.2 49.0 51.4
-9999.0 -9999.0 -9999.0 -9999.0 -9999.0 -9999.0 -9999.0 7.0 12.0 9.3 24.7 27.6 17.3 24.4 28.1 8.2 19.0 12.5 11.7 18.6 36.9 57.1 64.6 63.8 63.8 65.5 75.7 81.6 85.7 99.5 99.5 99.5 97.2 104.9 118.4 100.8 130.6 117.2 154.1 163.7 71.6 187.8 164.7 96.5 44.4 16.0 29.6 23.9 37.0 26.8 33.9 54.8 89.2 161.8 153.1 114.4 99.7 86.6 111.9 85.6 110.9 77.7 62.6 50.7 46.5 42.3 46.4 48.4 47.2 48.8 53.9 64.4 71.2 70.4
-9999.0 -9999.0 -9999.0 -9999.0 -9999.0 -9999.0 -9999.0 15.5 4.2 11.5 17.1 14.2 20.9 34.3 28.1 52.1 34.2 36.0 56.0 41.8 43.4 58.0 54.8 58.4 58.7 62.5 64.6 80.2 72.1 72.7 89.7 93.5 95.3 114.6 101.3 108.1 104.1 127.2 130.2 125.9 137.9 142.3 156.5 219.6 110.5 55.0 69.5 69.9 114.3 86.6 142.9 123.1 88.4 113.8 146.6 131.1 125.7 119.8 118.6 118.2 117.1 109.4 85.5 70.4 61.1 60.7 61.4 58.4 60.6 59.0 71.5 87.9 93.2 86.5
-9999.0 -9999.0 -9999.0 -9999.0 -9999.0 -9999.0 -9999.0 -9999.0 -9999.0 8.3 9.4 9.8 20.9 23.4 22.7 23.4 34.2 61.0 46.4 64.1 53.5 47.1 48.6 51.6 53.7 54.5 61.7 65.9 63.3 81.9 67.6 78.3 84.1 98.0 87.5 92.9 96.1 112.4 109.9 126.6 122.2 144.3 141.5 128.7 149.1 138.6 129.8 116.1 112.7 105.8 115.0 97.4 91.3 100.6 131.2 132.5 132.4 125.4 118.2 113.8 116.2 115.2 106.7 81.7 75.8 73.9 71.1 64.8 71.8 69.2 83.8 99.4 102.7 94.5
-9999.0 -9999.0 -9999.0 -9999.0 -9999.0 -9999.0 -9999.0 -9999.0 -9999.0 -9999.0 -9999.0 15.1 7.5 23.4 21.5 28.4 30.3 32.2 34.9 41.9 52.2 47.3 51.5 49.1 64.4 59.1 66.0 68.5 68.9 68.0 71.5 88.5 80.9 88.2 88.4 120.1 103.5 110.9 165.9 126.0 150.4 139.1 133.5 131.3 183.6 139.8 181.1 139.3 139.7 120.9 93.1 89.2 90.5 105.6 125.5 125.9 127.3 121.0 110.6 105.6 106.1 104.2 96.7 85.1 83.6 77.9 71.6 73.4 79.4 84.9 91.5 100.6 97.2 87.6
-9999.0 -9999.0 -9999.0 -9999.0 -9999.0 -9999.0 -9999.0 -9999.0 -9999.0 -9999.0 -9999.0 -9999.0 7.2 9.5 21.9 20.4 39.0 32.9 36.8 53.5 37.5 43.9 47.6 46.7 77.3 55.5 53.8 66.2 66.4 81.9 74.1 76.4 82.2 99.9 108.5 109.2 146.1 122.8 114.8 110.1 114.0 124.4 135.9 162.3 164.1 171.5 179.9 137.8 134.5 125.7 135.0 119.1 101.9 100.2 111.3 118.8 118.4 116.5 101.5 99.1 93.8 95.1 92.6 83.3 75.2 88.3 86.4 94.3 101.5 106.4 99.8 84.3 77.6 79.7
-9999.0 -9999.0 -9999.0 -9999.0 -9999.0 -9999.0 -9999.0 -9999.0 -9999.0 -9999.0 -9999.0 -9999.0 15.6 6.9 8.0 20.5 16.6 24.0 38.2 39.3 41.8 48.8 49.5 46.6 44.3 51.5 54.9 53.3 61.7 61.4 73.1 88.3 87.9 94.1 108.6 111.6 141.4 149.4 141.3 134.8 124.6 131.2 171.3 155.6 184.0 201.9 168.6 149.6 118.8 134.0 124.1 124.4 108.7 113.9 107.2 113.0 106.3 103.0 92.1 86.0 79.6 75.2 82.5 92.6 65.5 80.4 92.1 113.7 129.6 132.9 132.9 145.1 151.7 133.8
-9999.0 -9999.0 -9999.0 -9999.0 -9999.0 -9999.0 -9999.0 -9999.0 -9999.0 -9999.0 -9999.0 -9999.0 -9999.0 9.5 19.4 11.0 21.2 21.4 24.9 29.9 37.3 36.9 47.9 42.8 47.6 61.4 64.7 74.3 70.5 72.2 70.9 75.2 95.1 106.3 102.2 116.6 131.3 149.6 202.3 171.6 163.3 175.0 177.3 204.6 190.0 177.4 184.9 183.9 173.0 156.2 145.2 126.9 121.4 149.0 130.6 117.5 103.6 100.2 107.9 90.2 83.2 70.9 78.0 56.4 57.9 71.1 96.7 135.2 161.3 166.1 144.2 134.0 148.9 163.4
-9999.0 -9999.0 -9999.0 -9999.0 -9999.0 -9999.0 -9999.0 -9999.0 -9999.0 -9999.0 -9999.0 -9999.0 6.3 14.7 16.2 13.5 27.2 26.2 30.4 27.2 31.8 36.5 43.0 45.2 47.6 60.8 62.0 62.9 67.0 73.4 76.3 76.7 99.4 100.9 117.5 125.9 156.8 150.7 158.5 166.8 200.0 220.0 233.0 189.3 199.9 197.7 179.2 155.9 155.6 152.2 164.9 173.2 145.4 149.8 132.6 121.2 119.8 88.3 93.9 81.9 80.8 89.4 79.2 99.2 71.6 73.6 144.1 165.9 182.1 189.0 187.6 169.1 161.7 172.2
-9999.0 -9999.0 -9999.0 -9999.0 -9999.0 -9999.0 -9999.0 -9999.0 -9999.0 -9999.0 -9999.0 -9999.0 8.3 4.6 9.0 26.1 27.5 20.8 25.2 34.7 32.5 41.6 45.3 48.8 50.3 53.8 59.4 64.4 69.8 73.0 77.3 84.4 100.7 100.7 114.5 135.4 146.2 165.6 172.7 164.1 169.9 169.3 176.0 185.6 189.1 189.2 195.8 178.1 163.5 129.4 137.3 165.1 151.6 146.4 141.0 125.3 119.5 114.5 97.3 110.1 117.5 130.3 71.5 56.0 61.4 123.6 127.1 190.0 195.7 186.3 173.0 162.0 177.2 235.3
-9999.0 -9999.0 -9999.0 -9999.0 -9999.0 -9999.0 -9999.0 -9999.0 -9999.0 -9999.0 -9999.0 -9999.0 1.8 8.4 6.6 11.8 15.8 30.3 29.1 34.3 46.3 51.3 47.6 55.2 56.7 66.8 69.1 80.0 77.4 83.0 88.0 100.5 100.3 107.9 122.8 144.3 162.1 177.8 179.4 186.9 175.2 163.1 187.8 159.3 171.3 184.8 182.8 151.5 118.6 121.7 137.7 140.2 204.6 209.5 175.7 137.6 133.0 130.3 128.7 103.7 102.5 105.6 179.6 66.5 75.3 237.3 217.3 207.1 201.0 178.0 156.4 188.3 212.2 278.1
-9999.0 -9999.0 -9999.0 -9999.0 -9999.0 -9999.0 -9999.0 -9999.0 -9999.0 -9999.0 -9999.0 -9999.0 -9999.0 13.0 14.5 11.5 17.4 20.9 31.1 38.1 52.4 46.3 54.2 60.7 58.7 66.0 72.1 78.8 88.8 94.2 104.5 109.8 118.1 123.9 140.9 173.8 190.5 191.0 197.9 189.1 179.5 193.5 193.0 174.3 147.8 139.5 145.0 98.0 129.1 125.1 114.0 169.4 174.1 162.3 193.3 184.3 138.4 130.2 142.0 184.4 165.1 276.6 177.7 60.2 215.0 239.6 220.4 209.5 200.6 188.8 161.0 146.5 220.5 186.6
-9999.0 -9999.0 -9999.0 -9999.0 -9999.0 -9999.0 -9999.0 -9999.0 -9999.0 -9999.0 -9999.0 -9999.0 -9999.0 1.9 11.7 10.7 21.8 19.7 25.9 33.6 47.7 51.8 57.3 59.2 57.9 67.4 76.6 84.8 96.7 114.1 121.8 130.2 135.9 145.7 166.9 185.5 193.0 204.7 215.5 226.3 193.2 179.1 166.3 155.9 172.7 131.8 119.5 83.2 89.1 96.4 133.6 118.8 173.3 206.3 220.8 195.1 154.8 150.1 173.6 121.9 197.1 115.2 92.5 174.3 197.6 193.0 175.1 180.2 191.3 174.7 157.2 155.3 167.7 245.0
-9999.0 -9999.0 -9999.0 -9999.0 -9999.0 -9999.0 -9999.0 -9999.0 -9999.0 -9999.0 -9999.0 -9999.0 -9999.0 -9999.0 -9999.0 9.7 12.9 20.2 23.7 27.6 39.9 41.4 46.0 53.1 61.3 68.6 85.3 91.5 108.6 120.1 135.0 148.4 161.8 172.5 179.7 206.7 224.2 201.9 215.3 210.3 201.3 184.3 162.5 143.1 120.8 101.4 98.7 64.3 84.0 58.3 97.9 175.9 160.0 182.4 140.8 184.2 180.6 134.7 214.5 247.3 126.1 124.5 189.9 182.5 179.3 154.2 127.9 129.2 145.7 173.0 170.5 158.9 252.3 292.4
-9999.0 -9999.0 -9999.0 -9999.0 -9999.0 -9999.0 -9999.0 -9999.0 -9999.0 -9999.0 -9999.0 -9999.0 -9999.0 -9999.0 -9999.0 -9999.0 -9999.0 4.2 12.6 -9999.0 24.8 37.5 38.7 45.1 57.0 64.8 82.4 91.2 106.4 125.2 146.0 168.1 174.9 183.3 175.4 190.2 221.6 173.2 204.8 198.2 183.4 172.8 149.0 130.7 134.1 103.0 111.6 102.9 61.8 83.2 61.4 105.5 91.2 174.8 193.7 201.0 166.3 226.0 231.7 261.5 122.7 165.0 195.4 184.8 163.0 138.6 114.6 108.4 109.5 140.9 129.1 241.6 269.3 237.8
-9999.0 -9999.0 -9999.0 -9999.0 -9999.0 -9999.0 -9999.0 -9999.0 -9999.0 -9999.0 -9999.0 -9999.0 -9999.0 -9999.0 -9999.0 -9999.0 -9999.0 -9999.0 -9999.0 -9999.0 -9999.0 27.3 35.1 47.6 49.8 54.6 67.0 82.7 102.0 126.5 150.1 178.4 188.3 185.4 168.5 176.8 173.2 168.8 156.8 138.4 134.1 149.5 137.7 122.6 134.9 99.9 129.4 72.9 110.3 257.6 89.3 172.5 182.9 116.1 156.8 210.1 226.2 200.0 320.8 253.7 144.5 164.2 188.0 171.3 153.9 144.3 129.2 113.6 89.4 110.9 153.1 216.0 218.8 196.4
-9999.0 -9999.0 -9999.0 -9999.0 -9999.0 -9999.0 -9999.0 -9999.0 -9999.0 -9999.0 -9999.0 -9999.0 -9999.0 -9999.0 -9999.0 -9999.0 -9999.0 -9999.0 -9999.0 -9999.0 -9999.0 -9999.0 -9999.0 26.7 37.8 45.8 57.0 72.2 91.8 113.2 136.7 156.1 165.4 170.7 172.8 167.3 171.3 142.4 148.3 139.9 125.8 125.1 109.7 108.8 127.6 141.0 106.8 84.8 78.5 74.3 70.1 135.0 88.1 117.6 115.1 101.5 197.8 266.1 150.2 264.9 173.7 207.9 232.7 190.5 183.7 166.4 150.6 132.8 153.3 132.2 194.6 193.1 197.4 214.0
-9999.0 -9999.0 -9999.0 -9999.0 -9999.0 -9999.0 -9999.0 -9999.0 -9999.0 -9999.0 -9999.0 -9999.0 -9999.0 -9999.0 -9999.0 -9999.0 -9999.0 -9999.0 -9999.0 -9999.0 -9999.0 -9999.0 -9999.0 -9999.0 -9999.0 31.5 43.3 68.3 79.9 101.1 114.2 132.6 141.0 142.3 127.9 140.6 153.8 108.7 114.1 88.2 99.6 85.7 98.0 107.9 127.7 135.5 125.0 138.8 86.8 81.4 124.8 109.3 147.3 146.2 102.6 115.0 180.6 178.7 266.8 261.3 246.8 252.5 375.3 201.4 208.5 199.3 194.4 216.2 221.9 221.6 189.0 183.1 188.8 206.9
-9999.0 -9999.0 -9999.0 -9999.0 -9999.0 -9999.0 -9999.0 -9999.0 -9999.0 -9999.0 -9999.0 -9999.0 -9999.0 -9999.0 -9999.0 -9999.0 -9999.0 -9999.0 -9999.0 -9999.0 -9999.0 -9999.0 -9999.0 -9999.0 -9999.0 -9999.0 -9999.0 37.2 47.0 69.4 85.1 96.5 113.7 90.6 100.2 57.7 69.5 59.1 46.0 50.0 57.9 59.9 84.3 106.8 118.1 127.5 135.1 138.7 139.8 110.1 130.5 136.3 118.5 122.2 128.3 158.1 145.9 161.0 241.9 219.2 247.8 267.8 250.8 247.9 260.9 253.4 238.4 227.8 230.7 227.4 202.6 193.7 189.3 191.3
-9999.0 -9999.0 -9999.0 -9999.0 -9999.0 -9999.0 -9999.0 -9999.0 -9999.0 -9999.0 -9999.0 -9999.0 -9999.0 -9999.0 -9999.0 -9999.0 -9999.0 -9999.0 -9999.0 -9999.0 -9999.0 -9999.0 -9999.0 -9999.0 -9999.0 -9999.0 -9999.0 -9999.0 -9999.0 -9999.0 -9999.0 -9999.0 -9999.0 50.3 60.0 -9999.0 -9999.0 -9999.0 35.8 32.1 42.1 58.0 67.1 96.0 110.2 119.6 -9999.0 -9999.0 -9999.0 -9999.0 -9999.0 -9999.0 147.9 164.3 157.8 159.1 166.6 182.9 204.8 240.6 258.3 265.8 241.5 232.9 240.3 254.1 256.1 257.3 265.0 248.3 212.8 191.2 172.1 177.0
-9999.0 -9999.0 -9999.0 -9999.0 -9999.0 -9999.0 -9999.0 -9999.0 -9999.0 -9999.0 -9999.0 -9999.0 -9999.0 -9999.0 -9999.0 -9999.0 -9999.0 -9999.0 -9999.0 -9999.0 -9999.0 -9999.0 -9999.0 -9999.0 -9999.0 -9999.0 -9999.0 -9999.0 -9999.0 -9999.0 -9999.0 -9999.0 -9999.0 -9999.0 -9999.0 -9999.0 -9999.0 -9999.0 -9999.0 45.9 53.1 63.3 75.0 87.0 -9999.0 -9999.0 -9999.0 -9999.0 -9999.0 -9999.0 -9999.0 -9999.0 169.7 201.2 186.3 176.8 182.6 201.9 233.4 262.3 269.8 255.8 239.8 210.6 223.4 241.2 261.1 283.4 288.4 273.1 235.8 195.1 173.3 155.1
-9999.0 -9999.0 -9999.0 -9999.0 -9999.0 -9999.0 -9999.0 -9999.0 -9999.0 -9999.0 -9999.0 -9999.0 -9999.0 -9999.0 -9999.0 -9999.0 -9999.0 -9999.0 -9999.0 -9999.0 -9999.0 -9999.0 -9999.0 -9999.0 -9999.0 -9999.0 -9999.0 -9999.0 -9999.0 -9999.0 -9999.0 -9999.0 -9999.0 -9999.0 -9999.0 -9999.0 -9999.0 -9999.0 -9999.0 -9999.0 -9999.0 -9999.0 -9999.0 -9999.0 -9999.0 -9999.0 -9999.0 -9999.0 -9999.0 -9999.0 -9999.0 -9999.0 141.3 233.6 208.6 222.8 193.6 204.2 225.7 250.8 250.5 238.3 356.5 214.1 228.0 244.7 279.3 303.9 304.8 285.6 253.2 216.2 182.1 167.9
-9999.0 -9999.0 -9999.0 -9999.0 -9999.0 -9999.0 -9999.0 -9999.0 -9999.0 -9999.0 -9999.0 -9999.0 -9999.0 -9999.0 -9999.0 -9999.0 -9999.0 -9999.0 -9999.0 -9999.0 -9999.0 -9999.0 -9999.0 -9999.0 -9999.0 -9999.0 -9999.0 -9999.0 -9999.0 -9999.0 -9999.0 -9999.0 -9999.0 -9999.0 -9999.0 -9999.0 -9999.0 -9999.0 -9999.0 -9999.0 -9999.0 -9999.0 -9999.0 -9999.0 -9999.0 -9999.0 -9999.0 -9999.0 -9999.0 -9999.0 -9999.0 167.8 201.2 249.7 184.2 204.8 199.9 219.8 219.4 201.3 294.7 288.7 223.0 231.5 232.4 242.3 260.6 244.5 291.9 278.2 271.8 254.7 238.0 233.5
-9999.0 -9999.0 -9999.0 -9999.0 -9999.0 -9999.0 -9999.0 -9999.0 -9999.0 -9999.0 -9999.0 -9999.0 -9999.0 -9999.0 -9999.0 -9999.0 -9999.0 -9999.0 -9999.0 -9999.0 -9999.0 -9999.0 -9999.0 -9999.0 -9999.0 -9999.0 -9999.0 -9999.0 -9999.0 -9999.0 -9999.0 -9999.0 -9999.0 -9999.0 -9999.0 -9999.0 -9999.0 -9999.0 -9999.0 -9999.0 -9999.0 -9999.0 -9999.0 -9999.0 -9999.0 -9999.0 -9999.0 -9999.0 -9999.0 -9999.0 158.1 227.9 254.4 264.4 222.7 224.9 198.8 192.2 214.0 272.9 261.4 328.1 257.6 255.2 217.1 205.8 234.7 244.6 276.0 262.9 289.5 303.9 296.4 249.9
-9999.0 -9999.0 -9999.0 -9999.0 -9999.0 -9999.0 -9999.0 -9999.0 -9999.0 -9999.0 -9999.0 -9999.0 -9999.0 -9999.0 -9999.0 -9999.0 -9999.0 -9999.0 -9999.0 -9999.0 -9999.0 -9999.0 -9999.0 -9999.0 -9999.0 -9999.0 -9999.0 -9999.0 -9999.0 -9999.0 -9999.0 -9999.0 -9999.0 -9999.0 -9999.0 -9999.0 -9999.0 -9999.0 -9999.0 -9999.0 -9999.0 -9999.0 -9999.0 -9999.0 -9999.0 -9999.0 -9999.0 -9999.0 -9999.0 -9999.0 174.0 280.5 253.7 280.6 268.0 232.0 188.9 242.9 264.1 249.6 229.9 260.4 222.5 218.6 189.5 161.5 196.1 221.3 251.2 265.5 304.1 334.6 329.8 289.9
-9999.0 -9999.0 -9999.0 -9999.0 -9999.0 -9999.0 -9999.0 -9999.0 -9999.0 -9999.0 -9999.0 -9999.0 -9999.0 -9999.0 -9999.0 -9999.0 -9999.0 -9999.0 -9999.0 -9999.0 -9999.0 -9999.0 -9999.0 -9999.0 -9999.0 -9999.0 -9999.0 -9999.0 -9999.0 -9999.0 -9999.0 -9999.0 -9999.0 -9999.0 -9999.0 -9999.0 -9999.0 -9999.0 -9999.0 -9999.0 -9999.0 -9999.0 -9999.0 -9999.0 -9999.0 -9999.0 -9999.0 -9999.0 -9999.0 -9999.0 181.8 247.6 259.5 326.7 259.1 229.1 284.5 248.1 288.2 209.1 240.7 258.4 226.7 169.5 172.1 165.2 188.0 218.5 240.1 274.4 298.5 316.3 339.9 282.8
-9999.0 -9999.0 -9999.0 -9999.0 -9999.0 -9999.0 -9999.0 -9999.0 -9999.0 -9999.0 -9999.0 -9999.0 -9999.0 -9999.0 -9999.0 -9999.0 -9999.0 -9999.0 -9999.0 -9999.0 -9999.0 -9999.0 -9999.0 -9999.0 -9999.0 -9999.0 -9999.0 -9999.0 -9999.0 -9999.0 -9999.0 -9999.0 -9999.0 -9999.0 -9999.0 -9999.0 -9999.0 -9999.0 -9999.0 -9999.0 -9999.0 -9999.0 -9999.0 -9999.0 -9999.0 -9999.0 -9999.0 -9999.0 -9999.0 -9999.0 236.2 305.7 312.6 322.4 294.5 295.0 222.4 265.6 279.2 227.0 260.1 227.2 150.2 169.2 185.9 191.7 217.2 237.8 256.9 234.8 266.3 295.2 301.9 264.3
-9999.0 -9999.0 -9999.0 -9999.0 -9999.0 -9999.0 -9999.0 -9999.0 -9999.0 -9999.0 -9999.0 -9999.0 -9999.0 -9999.0 -9999.0 -9999.0 -9999.0 -9999.0 -9999.0 -9999.0 -9999.0 -9999.0 -9999.0 -9999.0 -9999.0 -9999.0 -9999.0 -9999.0 -9999.0 -9999.0 -9999.0 -9999.0 -9999.0 -9999.0 -9999.0 -9999.0 -9999.0 -9999.0 -9999.0 -9999.0 -9999.0 -9999.0 -9999.0 -9999.0 -9999.0 -9999.0 -9999.0 -9999.0 -9999.0 -9999.0 -9999.0 -9999.0 -9999.0 318.5 297.3 272.0 273.8 303.9 270.9 285.0 424.3 233.0 286.8 219.7 219.9 224.8 250.3 241.5 244.3 229.4 227.5 247.7 258.8 244.6
-9999.0 -9999.0 -9999.0 -9999.0 -9999.0 -9999.0 -9999.0 -9999.0 -9999.0 -9999.0 -9999.0 -9999.0 -9999.0 -9999.0 -9999.0 -9999.0 -9999.0 -9999.0 -9999.0 -9999.0 -9999.0 -9999.0 -9999.0 -9999.0 -9999.0 -9999.0 -9999.0 -9999.0 -9999.0 -9999.0 -9999.0 -9999.0 -9999.0 -9999.0 -9999.0 -9999.0 -9999.0 -9999.0 -9999.0 -9999.0 -9999.0 -9999.0 -9999.0 -9999.0 -9999.0 -9999.0 -9999.0 -9999.0 -9999.0 -9999.0 -9999.0 -9999.0 -9999.0 327.3 307.9 354.9 297.9 300.2 351.5 457.9 394.3 321.5 385.4 283.0 271.2 263.1 233.9 263.8 219.0 206.7 210.5 241.3 263.3 267.1
-9999.0 -9999.0 -9999.0 -9999.0 -9999.0 -9999.0 -9999.0 -9999.0 -9999.0 -9999.0 -9999.0 -9999.0 -9999.0 -9999.0 -9999.0 -9999.0 -9999.0 -9999.0 -9999.0 -9999.0 -9999.0 -9999.0 -9999.0 -9999.0 -9999.0 -9999.0 -9999.0 -9999.0 -9999.0 -9999.0 -9999.0 -9999.0 -9999.0 -9999.0 -9999.0 -9999.0 -9999.0 -9999.0 -9999.0 -9999.0 -9999.0 -9999.0 -9999.0 -9999.0 -9999.0 -9999.0 -9999.0 -9999.0 -9999.0 -9999.0 -9999.0 -9999.0 -9999.0 327.8 295.4 333.6 327.6 333.5 388.8 428.6 498.8 464.3 491.3 443.0 296.1 -9999.0 -9999.0 -9999.0 231.7 214.6 237.2 288.7 352.6 382.4
-9999.0 -9999.0 -9999.0 -9999.0 -9999.0 -9999.0 -9999.0 -9999.0 -9999.0 -9999.0 -9999.0 -9999.0 -9999.0 -9999.0 -9999.0 -9999.0 -9999.0 -9999.0 -9999.0 -9999.0 -9999.0 -9999.0 -9999.0 -9999.0 -9999.0 -9999.0 -9999.0 -9999.0 -9999.0 -9999.0 -9999.0 -9999.0 -9999.0 -9999.0 -9999.0 -9999.0 -9999.0 -9999.0 -9999.0 -9999.0 -9999.0 -9999.0 -9999.0 -9999.0 -9999.0 -9999.0 -9999.0 -9999.0 -9999.0 -9999.0 -9999.0 -9999.0 -9999.0 -9999.0 321.7 322.3 298.8 310.4 401.1 496.6 407.0 -9999.0 -9999.0 -9999.0 -9999.0 -9999.0 -9999.0 -9999.0 230.5 240.2 275.9 349.7 449.7 483.8
-9999.0 -9999.0 -9999.0 -9999.0 -9999.0 -9999.0 -9999.0 -9999.0 -9999.0 -9999.0 -9999.0 -9999.0 -9999.0 -9999.0 -9999.0 -9999.0 -9999.0 -9999.0 -9999.0 -9999.0 -9999.0 -9999.0 -9999.0 -9999.0 -9999.0 -9999.0 -9999.0 -9999.0 -9999.0 -9999.0 -9999.0 -9999.0 -9999.0 -9999.0 -9999.0 -9999.0 -9999.0 -9999.0 -9999.0 -9999.0 -9999.0 -9999.0 -9999.0 -9999.0 -9999.0 -9999.0 -9999.0 -9999.0 -9999.0 -9999.0 -9999.0 -9999.0 -9999.0 -9999.0 -9999.0 297.6 366.5 332.4 341.1 415.4 423.4 -9999.0 -9999.0 -9999.0 -9999.0 -9999.0 -9999.0 -9999.0 -9999.0 -9999.0 291.8 -9999.0 -9999.0 -9999.0
