program/excelProcessViaJava/data/SURF_CLI_CHN_PRE_MON_GRID_0.5-200204.txt
NCOLS      128
NROWS       72
XLLCORNER    72.000000000000    
YLLCORNER    18.000000000000    
CELLSIZE    0.50000000000000    
NODATA_VALUE   -9999.000    
[rows 34 to 67 of 72, columns 0 to 76 of 128]
-9999.0 -9999.0 -9999.0 -9999.0 0.2 0.3 0.3 0.5 0.6 0.8 1.2 1.3 1.6 1.8 2.2 2.2 1.7 1.1 0.7 0.6 0.4 0.5 0.8 1.7 2.5 3.3 5.8 8.2 11.1 13.9 16.5 19.0 19.8 20.0 20.3 17.3 19.2 20.7 12.5 5.5 10.5 1.4 1.2 1.0 2.4 4.7 7.2 9.4 12.2 17.1 21.0 20.6 8.6 6.6 7.2 11.4 22.7 37.4 47.3 45.7 34.9 25.4 20.5 19.9 19.2 15.5 17.4 17.6 21.4 25.7 37.6 42.2 41.5 37.0 31.6 27.3 23.8
-9999.0 -9999.0 -9999.0 -9999.0 -9999.0 -9999.0 -9999.0 0.4 0.4 0.7 0.5 0.7 1.2 1.2 1.2 2.2 1.4 1.2 0.9 0.7 0.7 0.8 1.2 1.8 2.9 4.5 6.4 8.8 11.6 14.3 17.1 19.3 20.5 21.3 22.1 19.2 21.1 17.8 20.8 20.8 7.9 23.1 21.0 13.6 8.2 5.7 10.5 10.7 14.3 13.8 16.4 18.1 12.8 2.5 2.8 12.8 22.8 35.7 35.4 51.2 31.3 27.8 26.0 29.8 28.7 22.2 18.8 18.0 22.1 32.2 47.5 51.6 46.4 39.2 32.3 27.6 23.9
-9999.0 -9999.0 -9999.0 -9999.0 -9999.0 -9999.0 -9999.0 0.2 0.6 0.5 0.5 0.8 0.7 0.5 0.8 0.4 0.8 0.7 0.5 0.7 0.8 0.9 1.4 2.1 3.3 4.9 7.1 9.1 12.3 15.1 17.3 19.3 20.5 21.8 20.3 19.5 17.2 18.0 16.5 14.5 15.2 15.6 18.3 27.2 16.3 11.1 15.6 17.0 20.7 16.9 12.8 8.3 8.9 4.9 2.0 10.7 18.4 24.4 23.0 22.1 32.3 32.8 32.2 37.2 34.4 25.3 18.3 16.7 22.5 40.5 52.9 52.4 44.6 36.6 28.5 26.6 23.3
-9999.0 -9999.0 -9999.0 -9999.0 -9999.0 -9999.0 -9999.0 -9999.0 -9999.0 0.5 0.6 0.9 0.5 0.6 0.8 0.9 0.6 0.3 0.5 0.4 0.6 1.1 1.6 2.4 3.6 5.4 7.3 9.8 12.7 14.6 17.4 19.0 19.9 20.5 18.6 17.3 15.3 15.1 12.6 13.0 11.4 13.9 14.3 14.3 19.4 20.8 22.0 21.4 20.2 17.1 12.9 8.5 6.1 5.3 2.3 7.9 15.2 17.9 12.0 15.2 18.7 17.8 20.6 32.6 31.1 23.2 15.7 15.3 24.4 43.0 51.3 45.4 36.0 30.2 27.4 21.2 20.2
-9999.0 -9999.0 -9999.0 -9999.0 -9999.0 -9999.0 -9999.0 -9999.0 -9999.0 -9999.0 -9999.0 0.5 1.5 0.5 0.7 0.6 0.6 0.7 0.7 0.6 0.6 1.0 1.5 2.5 3.0 5.0 6.7 9.1 11.8 14.6 16.8 18.1 19.2 19.3 18.1 19.1 15.3 13.7 17.7 11.3 12.9 11.1 10.9 12.2 20.9 18.7 25.7 22.7 21.8 17.8 12.8 9.1 6.4 4.4 2.7 4.1 7.9 7.3 9.1 10.6 10.0 15.3 20.8 26.1 25.6 16.2 11.7 16.6 28.5 42.3 47.9 39.6 27.6 20.7 15.6 17.5 18.4
-9999.0 -9999.0 -9999.0 -9999.0 -9999.0 -9999.0 -9999.0 -9999.0 -9999.0 -9999.0 -9999.0 -9999.0 1.8 1.8 0.7 1.0 0.3 0.6 0.6 0.3 1.0 1.1 1.5 2.5 1.7 4.8 7.2 8.2 10.8 12.0 15.4 17.2 18.1 18.6 18.4 17.0 18.2 13.7 10.4 7.9 7.0 7.5 8.9 13.2 15.8 19.7 23.4 20.5 20.0 17.5 14.7 10.3 7.7 7.2 6.1 4.8 4.6 3.5 11.6 6.5 8.9 8.9 12.9 20.9 21.6 25.4 17.1 25.4 37.2 46.7 46.6 28.8 20.5 17.9 21.9 31.8 26.7
-9999.0 -9999.0 -9999.0 -9999.0 -9999.0 -9999.0 -9999.0 -9999.0 -9999.0 -9999.0 -9999.0 -9999.0 0.7 3.1 3.3 1.0 1.9 1.2 0.5 0.6 0.7 0.7 1.2 2.2 3.8 4.6 6.1 8.6 9.8 12.4 13.5 14.6 16.4 16.9 16.8 15.6 16.2 15.0 12.0 9.2 6.7 6.6 10.9 10.1 15.4 20.3 19.3 18.8 15.1 15.9 13.2 11.1 9.5 8.4 10.4 7.4 8.4 7.2 12.9 12.1 11.8 14.0 15.9 19.9 21.9 27.4 26.7 44.2 57.8 61.4 59.5 58.8 56.8 48.6 45.2 40.9 39.7
-9999.0 -9999.0 -9999.0 -9999.0 -9999.0 -9999.0 -9999.0 -9999.0 -9999.0 -9999.0 -9999.0 -9999.0 -9999.0 2.8 1.1 3.7 1.4 1.7 1.5 1.2 0.8 1.3 0.9 2.3 2.8 2.3 3.3 3.8 6.4 8.7 11.6 13.5 13.9 14.7 14.7 14.1 13.4 13.3 16.4 11.9 9.6 10.2 10.3 14.5 14.4 15.5 18.8 20.0 18.5 15.4 12.7 10.4 10.4 7.9 7.8 8.0 9.4 8.0 5.2 9.6 11.1 18.1 23.3 37.6 25.3 32.9 44.8 67.7 79.7 79.7 61.9 58.6 66.8 66.4 65.0 58.6 55.5
-9999.0 -9999.0 -9999.0 -9999.0 -9999.0 -9999.0 -9999.0 -9999.0 -9999.0 -9999.0 -9999.0 -9999.0 4.7 1.8 2.0 3.6 0.8 1.2 0.9 1.7 1.3 1.2 1.0 1.5 2.2 1.4 2.4 3.8 5.0 6.2 8.5 11.3 11.1 12.7 12.7 12.2 12.8 11.4 10.7 10.1 13.3 15.9 18.3 12.7 15.9 17.9 17.7 16.3 15.6 13.5 12.9 11.8 10.8 10.3 11.2 10.6 7.3 17.3 11.7 15.5 17.1 20.9 36.4 42.3 57.1 53.2 75.3 95.3 96.6 93.3 92.2 83.2 70.2 58.1 62.4 65.5 65.1
-9999.0 -9999.0 -9999.0 -9999.0 -9999.0 -9999.0 -9999.0 -9999.0 -9999.0 -9999.0 -9999.0 -9999.0 4.8 11.0 7.1 0.9 1.0 3.1 2.2 0.7 1.2 0.5 0.5 0.6 1.2 1.7 1.9 2.4 3.1 4.8 6.7 8.3 8.7 11.0 10.6 9.9 9.6 10.2 10.3 8.8 9.5 10.2 12.2 15.1 17.6 19.7 21.6 19.6 17.0 12.3 10.7 11.3 11.5 14.1 15.9 18.8 13.0 12.0 17.1 15.9 19.4 25.5 59.6 70.6 66.7 62.3 75.6 101.6 104.6 99.2 90.0 81.1 81.6 103.3 106.3 90.9 80.8
-9999.0 -9999.0 -9999.0 -9999.0 -9999.0 -9999.0 -9999.0 -9999.0 -9999.0 -9999.0 -9999.0 -9999.0 21.9 8.2 14.0 8.7 6.6 1.0 1.5 0.7 0.1 0.1 0.2 0.1 0.3 0.1 0.3 0.2 1.2 2.1 3.7 4.0 7.9 9.6 9.0 7.9 7.8 8.8 9.4 10.9 11.5 12.9 20.3 17.7 22.0 25.0 24.3 20.2 16.5 13.6 11.7 11.0 12.5 12.3 15.3 28.3 20.8 18.6 20.2 29.5 38.1 50.3 47.7 74.2 53.2 70.9 82.7 89.7 92.3 88.7 82.0 96.8 108.0 130.7 133.7 127.9 118.9
-9999.0 -9999.0 -9999.0 -9999.0 -9999.0 -9999.0 -9999.0 -9999.0 -9999.0 -9999.0 -9999.0 -9999.0 -9999.0 5.8 6.1 12.0 7.2 5.7 1.2 0.4 0.0 0.1 0.0 0.0 0.1 0.1 0.1 0.2 0.2 0.9 0.8 2.5 4.3 7.2 6.9 6.1 6.9 8.4 10.5 12.4 15.6 24.2 29.9 31.1 29.1 28.3 26.5 22.8 18.8 15.1 12.2 13.0 14.4 20.1 19.7 21.8 31.5 30.8 31.3 31.6 44.5 39.3 68.8 52.7 59.5 64.7 81.9 89.3 90.5 88.5 85.8 88.2 121.2 116.9 162.3 168.2 165.2
-9999.0 -9999.0 -9999.0 -9999.0 -9999.0 -9999.0 -9999.0 -9999.0 -9999.0 -9999.0 -9999.0 -9999.0 -9999.0 44.0 11.0 17.0 4.5 8.7 4.0 0.9 0.0 0.0 0.0 0.0 0.0 0.0 0.0 0.1 0.1 0.0 0.1 0.4 2.4 4.2 4.4 5.2 6.6 9.0 12.7 19.4 22.5 29.8 36.2 38.8 39.3 35.0 30.8 27.5 21.1 16.5 14.5 14.2 17.1 20.7 23.3 28.6 34.6 37.3 40.7 52.1 58.7 64.7 46.7 68.2 62.5 66.4 85.9 98.9 98.7 97.3 96.2 105.5 123.8 160.2 200.2 225.0 219.4
-9999.0 -9999.0 -9999.0 -9999.0 -9999.0 -9999.0 -9999.0 -9999.0 -9999.0 -9999.0 -9999.0 -9999.0 -9999.0 -9999.0 -9999.0 22.9 19.7 8.6 6.2 3.7 0.2 0.1 0.0 0.0 0.0 0.0 0.0 0.0 0.0 0.0 0.0 0.1 0.3 1.3 3.4 4.5 7.2 9.9 14.5 20.3 28.3 35.3 40.5 42.8 44.0 47.9 36.5 41.4 25.5 26.8 17.2 19.5 21.6 26.9 30.0 34.4 37.4 37.1 47.0 54.4 60.1 41.1 69.1 68.9 67.7 74.1 91.7 111.6 118.3 111.1 113.2 125.6 162.1 192.7 232.6 264.0 278.9
-9999.0 -9999.0 -9999.0 -9999.0 -9999.0 -9999.0 -9999.0 -9999.0 -9999.0 -9999.0 -9999.0 -9999.0 -9999.0 -9999.0 -9999.0 -9999.0 -9999.0 101.4 39.3 -9999.0 8.6 0.2 0.3 0.1 0.0 0.0 0.0 0.0 0.0 0.0 0.0 0.1 0.1 2.0 5.5 5.1 8.1 10.3 15.8 22.0 28.6 37.0 39.3 41.0 64.1 57.3 135.1 36.3 41.1 28.3 45.8 26.7 43.9 33.8 35.2 35.5 34.7 41.1 49.5 60.0 32.2 42.0 65.6 70.9 65.0 66.1 83.7 109.8 133.8 126.6 126.3 147.5 179.2 203.7 250.9 289.0 311.0
-9999.0 -9999.0 -9999.0 -9999.0 -9999.0 -9999.0 -9999.0 -9999.0 -9999.0 -9999.0 -9999.0 -9999.0 -9999.0 -9999.0 -9999.0 -9999.0 -9999.0 -9999.0 -9999.0 -9999.0 -9999.0 4.7 0.8 0.1 0.2 1.9 1.3 0.5 0.1 0.1 0.0 0.5 0.8 2.2 6.1 6.3 8.6 11.9 15.6 18.3 20.0 35.9 39.2 39.1 65.6 49.4 190.9 72.7 40.8 39.1 42.0 36.7 39.1 44.3 38.3 35.1 33.9 34.6 43.5 57.1 25.5 29.7 50.2 54.6 54.4 54.4 72.2 102.3 138.4 131.4 117.8 144.7 171.4 185.7 220.6 260.3 282.6
-9999.0 -9999.0 -9999.0 -9999.0 -9999.0 -9999.0 -9999.0 -9999.0 -9999.0 -9999.0 -9999.0 -9999.0 -9999.0 -9999.0 -9999.0 -9999.0 -9999.0 -9999.0 -9999.0 -9999.0 -9999.0 -9999.0 -9999.0 45.4 8.9 11.7 11.5 5.5 0.2 0.5 0.1 0.1 0.2 1.9 5.0 9.9 15.7 18.6 27.8 33.9 33.0 39.1 29.3 31.5 68.2 189.7 123.0 117.0 157.4 173.4 98.2 56.4 78.7 58.8 39.5 17.4 26.0 31.5 26.7 47.2 28.4 30.7 28.2 25.6 29.6 39.9 60.1 83.1 88.4 103.6 119.0 135.0 153.4 186.2 177.7 199.0 246.9
-9999.0 -9999.0 -9999.0 -9999.0 -9999.0 -9999.0 -9999.0 -9999.0 -9999.0 -9999.0 -9999.0 -9999.0 -9999.0 -9999.0 -9999.0 -9999.0 -9999.0 -9999.0 -9999.0 -9999.0 -9999.0 -9999.0 -9999.0 -9999.0 -9999.0 184.4 83.9 1.6 1.6 0.3 0.6 3.4 6.1 7.3 15.4 19.1 28.8 33.1 44.4 40.1 48.8 30.5 45.5 52.2 137.5 194.9 199.0 267.3 99.1 174.3 77.3 93.9 73.6 64.6 43.3 20.8 19.1 16.9 28.4 36.1 41.1 36.9 57.9 16.6 19.6 29.7 40.3 61.3 87.2 111.3 110.0 122.0 119.7 178.4 196.9 173.5 192.0
-9999.0 -9999.0 -9999.0 -9999.0 -9999.0 -9999.0 -9999.0 -9999.0 -9999.0 -9999.0 -9999.0 -9999.0 -9999.0 -9999.0 -9999.0 -9999.0 -9999.0 -9999.0 -9999.0 -9999.0 -9999.0 -9999.0 -9999.0 -9999.0 -9999.0 -9999.0 -9999.0 289.1 260.7 94.6 59.1 45.1 11.0 49.2 31.3 73.6 46.8 50.0 43.8 47.4 52.1 29.7 63.8 120.6 151.4 188.8 220.3 249.2 278.4 259.7 314.0 297.7 122.1 96.7 50.4 23.9 13.1 11.4 19.3 22.6 22.8 36.3 18.6 13.8 19.7 26.4 35.9 38.6 62.5 91.9 102.4 133.1 111.0 167.3 165.5 169.1 231.5
-9999.0 -9999.0 -9999.0 -9999.0 -9999.0 -9999.0 -9999.0 -9999.0 -9999.0 -9999.0 -9999.0 -9999.0 -9999.0 -9999.0 -9999.0 -9999.0 -9999.0 -9999.0 -9999.0 -9999.0 -9999.0 -9999.0 -9999.0 -9999.0 -9999.0 -9999.0 -9999.0 -9999.0 -9999.0 -9999.0 -9999.0 -9999.0 -9999.0 143.6 72.8 -9999.0 -9999.0 -9999.0 78.5 59.8 58.3 71.4 68.9 129.4 153.8 174.4 -9999.0 -9999.0 -9999.0 -9999.0 -9999.0 -9999.0 181.0 77.6 70.1 32.5 13.2 10.4 10.6 14.8 21.6 29.6 20.5 13.7 12.2 18.7 36.3 64.3 84.8 92.3 94.8 125.4 151.3 151.7 207.2 191.5 239.6
-9999.0 -9999.0 -9999.0 -9999.0 -9999.0 -9999.0 -9999.0 -9999.0 -9999.0 -9999.0 -9999.0 -9999.0 -9999.0 -9999.0 -9999.0 -9999.0 -9999.0 -9999.0 -9999.0 -9999.0 -9999.0 -9999.0 -9999.0 -9999.0 -9999.0 -9999.0 -9999.0 -9999.0 -9999.0 -9999.0 -9999.0 -9999.0 -9999.0 -9999.0 -9999.0 -9999.0 -9999.0 -9999.0 -9999.0 130.5 122.5 121.1 124.3 131.2 -9999.0 -9999.0 -9999.0 -9999.0 -9999.0 -9999.0 -9999.0 -9999.0 149.4 72.3 45.6 24.5 11.1 6.9 7.6 11.1 16.8 23.6 24.4 16.9 15.6 18.6 34.2 54.1 82.2 124.0 136.3 129.3 126.2 166.1 176.4 209.0 214.7
-9999.0 -9999.0 -9999.0 -9999.0 -9999.0 -9999.0 -9999.0 -9999.0 -9999.0 -9999.0 -9999.0 -9999.0 -9999.0 -9999.0 -9999.0 -9999.0 -9999.0 -9999.0 -9999.0 -9999.0 -9999.0 -9999.0 -9999.0 -9999.0 -9999.0 -9999.0 -9999.0 -9999.0 -9999.0 -9999.0 -9999.0 -9999.0 -9999.0 -9999.0 -9999.0 -9999.0 -9999.0 -9999.0 -9999.0 -9999.0 -9999.0 -9999.0 -9999.0 -9999.0 -9999.0 -9999.0 -9999.0 -9999.0 -9999.0 -9999.0 -9999.0 -9999.0 108.9 70.3 38.4 20.0 6.6 4.5 5.9 10.0 15.7 23.3 28.4 24.9 22.1 18.6 24.4 43.7 76.0 111.8 126.1 125.0 149.7 145.2 169.0 194.7 219.8
-9999.0 -9999.0 -9999.0 -9999.0 -9999.0 -9999.0 -9999.0 -9999.0 -9999.0 -9999.0 -9999.0 -9999.0 -9999.0 -9999.0 -9999.0 -9999.0 -9999.0 -9999.0 -9999.0 -9999.0 -9999.0 -9999.0 -9999.0 -9999.0 -9999.0 -9999.0 -9999.0 -9999.0 -9999.0 -9999.0 -9999.0 -9999.0 -9999.0 -9999.0 -9999.0 -9999.0 -9999.0 -9999.0 -9999.0 -9999.0 -9999.0 -9999.0 -9999.0 -9999.0 -9999.0 -9999.0 -9999.0 -9999.0 -9999.0 -9999.0 -9999.0 94.6 96.0 72.4 33.1 18.0 9.3 8.9 9.0 6.6 16.6 21.4 28.2 32.0 31.7 29.7 31.7 44.3 64.8 83.2 95.3 105.5 111.3 120.1 141.7 177.8 210.7
-9999.0 -9999.0 -9999.0 -9999.0 -9999.0 -9999.0 -9999.0 -9999.0 -9999.0 -9999.0 -9999.0 -9999.0 -9999.0 -9999.0 -9999.0 -9999.0 -9999.0 -9999.0 -9999.0 -9999.0 -9999.0 -9999.0 -9999.0 -9999.0 -9999.0 -9999.0 -9999.0 -9999.0 -9999.0 -9999.0 -9999.0 -9999.0 -9999.0 -9999.0 -9999.0 -9999.0 -9999.0 -9999.0 -9999.0 -9999.0 -9999.0 -9999.0 -9999.0 -9999.0 -9999.0 -9999.0 -9999.0 -9999.0 -9999.0 -9999.0 53.4 109.6 108.4 84.5 53.4 34.9 22.3 15.3 15.3 16.0 14.8 16.4 21.7 31.3 41.1 44.1 45.3 51.7 58.3 65.3 72.8 86.2 92.7 95.2 113.0 143.7 182.0
-9999.0 -9999.0 -9999.0 -9999.0 -9999.0 -9999.0 -9999.0 -9999.0 -9999.0 -9999.0 -9999.0 -9999.0 -9999.0 -9999.0 -9999.0 -9999.0 -9999.0 -9999.0 -9999.0 -9999.0 -9999.0 -9999.0 -9999.0 -9999.0 -9999.0 -9999.0 -9999.0 -9999.0 -9999.0 -9999.0 -9999.0 -9999.0 -9999.0 -9999.0 -9999.0 -9999.0 -9999.0 -9999.0 -9999.0 -9999.0 -9999.0 -9999.0 -9999.0 -9999.0 -9999.0 -9999.0 -9999.0 -9999.0 -9999.0 -9999.0 41.2 132.1 75.9 105.8 82.0 58.8 28.2 34.2 26.5 18.0 12.1 11.0 13.4 25.2 40.2 45.6 47.0 54.7 52.6 54.9 55.5 63.7 72.7 82.4 102.0 127.0 138.7
-9999.0 -9999.0 -9999.0 -9999.0 -9999.0 -9999.0 -9999.0 -9999.0 -9999.0 -9999.0 -9999.0 -9999.0 -9999.0 -9999.0 -9999.0 -9999.0 -9999.0 -9999.0 -9999.0 -9999.0 -9999.0 -9999.0 -9999.0 -9999.0 -9999.0 -9999.0 -9999.0 -9999.0 -9999.0 -9999.0 -9999.0 -9999.0 -9999.0 -9999.0 -9999.0 -9999.0 -9999.0 -9999.0 -9999.0 -9999.0 -9999.0 -9999.0 -9999.0 -9999.0 -9999.0 -9999.0 -9999.0 -9999.0 -9999.0 -9999.0 31.4 61.7 49.7 120.2 80.7 62.1 55.9 40.9 32.8 16.9 16.1 14.1 15.6 25.2 33.1 36.6 38.7 44.8 47.4 36.3 43.5 43.2 76.6 76.4 100.8 102.6 97.8
-9999.0 -9999.0 -9999.0 -9999.0 -9999.0 -9999.0 -9999.0 -9999.0 -9999.0 -9999.0 -9999.0 -9999.0 -9999.0 -9999.0 -9999.0 -9999.0 -9999.0 -9999.0 -9999.0 -9999.0 -9999.0 -9999.0 -9999.0 -9999.0 -9999.0 -9999.0 -9999.0 -9999.0 -9999.0 -9999.0 -9999.0 -9999.0 -9999.0 -9999.0 -9999.0 -9999.0 -9999.0 -9999.0 -9999.0 -9999.0 -9999.0 -9999.0 -9999.0 -9999.0 -9999.0 -9999.0 -9999.0 -9999.0 -9999.0 -9999.0 66.7 101.6 83.6 93.6 77.6 67.6 34.4 37.8 32.2 22.7 27.3 28.5 38.2 37.1 33.6 29.6 24.8 25.7 23.0 43.3 34.2 51.6 72.4 76.3 92.1 78.2 73.4
-9999.0 -9999.0 -9999.0 -9999.0 -9999.0 -9999.0 -9999.0 -9999.0 -9999.0 -9999.0 -9999.0 -9999.0 -9999.0 -9999.0 -9999.0 -9999.0 -9999.0 -9999.0 -9999.0 -9999.0 -9999.0 -9999.0 -9999.0 -9999.0 -9999.0 -9999.0 -9999.0 -9999.0 -9999.0 -9999.0 -9999.0 -9999.0 -9999.0 -9999.0 -9999.0 -9999.0 -9999.0 -9999.0 -9999.0 -9999.0 -9999.0 -9999.0 -9999.0 -9999.0 -9999.0 -9999.0 -9999.0 -9999.0 -9999.0 -9999.0 -9999.0 -9999.0 -9999.0 56.2 45.0 36.8 33.1 32.0 27.7 33.5 45.7 59.7 60.3 67.7 49.4 34.5 22.5 24.1 18.1 17.3 23.2 43.3 64.4 71.2 72.3 73.1 68.7
-9999.0 -9999.0 -9999.0 -9999.0 -9999.0 -9999.0 -9999.0 -9999.0 -9999.0 -9999.0 -9999.0 -9999.0 -9999.0 -9999.0 -9999.0 -9999.0 -9999.0 -9999.0 -9999.0 -9999.0 -9999.0 -9999.0 -9999.0 -9999.0 -9999.0 -9999.0 -9999.0 -9999.0 -9999.0 -9999.0 -9999.0 -9999.0 -9999.0 -9999.0 -9999.0 -9999.0 -9999.0 -9999.0 -9999.0 -9999.0 -9999.0 -9999.0 -9999.0 -9999.0 -9999.0 -9999.0 -9999.0 -9999.0 -9999.0 -9999.0 -9999.0 -9999.0 -9999.0 48.8 37.1 40.4 27.7 29.0 35.2 51.3 74.3 95.7 116.4 104.8 78.3 51.3 43.0 19.5 20.7 16.9 23.4 42.2 55.3 61.3 68.7 79.2 91.1
-9999.0 -9999.0 -9999.0 -9999.0 -9999.0 -9999.0 -9999.0 -9999.0 -9999.0 -9999.0 -9999.0 -9999.0 -9999.0 -9999.0 -9999.0 -9999.0 -9999.0 -9999.0 -9999.0 -9999.0 -9999.0 -9999.0 -9999.0 -9999.0 -9999.0 -9999.0 -9999.0 -9999.0 -9999.0 -9999.0 -9999.0 -9999.0 -9999.0 -9999.0 -9999.0 -9999.0 -9999.0 -9999.0 -9999.0 -9999.0 -9999.0 -9999.0 -9999.0 -9999.0 -9999.0 -9999.0 -9999.0 -9999.0 -9999.0 -9999.0 -9999.0 -9999.0 -9999.0 47.2 37.1 32.5 28.8 34.8 45.5 67.3 99.4 136.2 150.0 129.5 93.8 -9999.0 -9999.0 -9999.0 21.6 26.2 35.1 51.0 67.7 75.1 79.9 97.2 118.2
-9999.0 -9999.0 -9999.0 -9999.0 -9999.0 -9999.0 -9999.0 -9999.0 -9999.0 -9999.0 -9999.0 -9999.0 -9999.0 -9999.0 -9999.0 -9999.0 -9999.0 -9999.0 -9999.0 -9999.0 -9999.0 -9999.0 -9999.0 -9999.0 -9999.0 -9999.0 -9999.0 -9999.0 -9999.0 -9999.0 -9999.0 -9999.0 -9999.0 -9999.0 -9999.0 -9999.0 -9999.0 -9999.0 -9999.0 -9999.0 -9999.0 -9999.0 -9999.0 -9999.0 -9999.0 -9999.0 -9999.0 -9999.0 -9999.0 -9999.0 -9999.0 -9999.0 -9999.0 -9999.0 40.3 34.9 38.9 49.9 55.1 75.7 111.6 -9999.0 -9999.0 -9999.0 -9999.0 -9999.0 -9999.0 -9999.0 39.6 37.4 40.0 73.5 84.8 72.5 70.7 94.0 111.3
-9999.0 -9999.0 -9999.0 -9999.0 -9999.0 -9999.0 -9999.0 -9999.0 -9999.0 -9999.0 -9999.0 -9999.0 -9999.0 -9999.0 -9999.0 -9999.0 -9999.0 -9999.0 -9999.0 -9999.0 -9999.0 -9999.0 -9999.0 -9999.0 -9999.0 -9999.0 -9999.0 -9999.0 -9999.0 -9999.0 -9999.0 -9999.0 -9999.0 -9999.0 -9999.0 -9999.0 -9999.0 -9999.0 -9999.0 -9999.0 -9999.0 -9999.0 -9999.0 -9999.0 -9999.0 -9999.0 -9999.0 -9999.0 -9999.0 -9999.0 -9999.0 -9999.0 -9999.0 -9999.0 -9999.0 40.1 35.6 49.4 68.8 87.1 116.8 -9999.0 -9999.0 -9999.0 -9999.0 -9999.0 -9999.0 -9999.0 -9999.0 -9999.0 63.3 -9999.0 -9999.0 -9999.0 -9999.0 -9999.0 78.8
-9999.0 -9999.0 -9999.0 -9999.0 -9999.0 -9999.0 -9999.0 -9999.0 -9999.0 -9999.0 -9999.0 -9999.0 -9999.0 -9999.0 -9999.0 -9999.0 -9999.0 -9999.0 -9999.0 -9999.0 -9999.0 -9999.0 -9999.0 -9999.0 -9999.0 -9999.0 -9999.0 -9999.0 -9999.0 -9999.0 -9999.0 -9999.0 -9999.0 -9999.0 -9999.0 -9999.0 -9999.0 -9999.0 -9999.0 -9999.0 -9999.0 -9999.0 -9999.0 -9999.0 -9999.0 -9999.0 -9999.0 -9999.0 -9999.0 -9999.0 -9999.0 -9999.0 -9999.0 -9999.0 -9999.0 -9999.0 -9999.0 -9999.0 68.5 91.8 -9999.0 -9999.0 -9999.0 -9999.0 -9999.0 -9999.0 -9999.0 -9999.0 -9999.0 -9999.0 -9999.0 -9999.0 -9999.0 -9999.0 -9999.0 29.5 40.9
-9999.0 -9999.0 -9999.0 -9999.0 -9999.0 -9999.0 -9999.0 -9999.0 -9999.0 -9999.0 -9999.0 -9999.0 -9999.0 -9999.0 -9999.0 -9999.0 -9999.0 -9999.0 -9999.0 -9999.0 -9999.0 -9999.0 -9999.0 -9999.0 -9999.0 -9999.0 -9999.0 -9999.0 -9999.0 -9999.0 -9999.0 -9999.0 -9999.0 -9999.0 -9999.0 -9999.0 -9999.0 -9999.0 -9999.0 -9999.0 -9999.0 -9999.0 -9999.0 -9999.0 -9999.0 -9999.0 -9999.0 -9999.0 -9999.0 -9999.0 -9999.0 -9999.0 -9999.0 -9999.0 -9999.0 -9999.0 -9999.0 -9999.0 -9999.0 -9999.0 -9999.0 -9999.0 -9999.0 -9999.0 -9999.0 -9999.0 -9999.0 -9999.0 -9999.0 -9999.0 -9999.0 -9999.0 -9999.0 -9999.0 -9999.0 -9999.0 -9999.0
