program/excelProcessViaJava/data/SURF_CLI_CHN_PRE_MON_GRID_0.5-200305.txt
NCOLS      128
NROWS       72
XLLCORNER    72.000000000000    
YLLCORNER    18.000000000000    
CELLSIZE    0.50000000000000    
NODATA_VALUE   -9999.000    
[rows 34 to 67 of 72, columns 0 to 76 of 128]
-9999.0 -9999.0 -9999.0 -9999.0 2.3 2.3 0.3 1.1 0.0 0.0 2.0 0.1 0.5 0.5 13.4 12.0 9.5 13.8 16.4 16.2 11.7 10.1 8.0 0.9 0.0 0.0 0.0 0.1 0.2 0.4 0.9 1.3 3.8 5.9 7.8 10.5 12.6 16.4 15.9 12.3 19.2 6.8 5.4 3.4 3.4 3.5 3.5 3.6 4.3 6.8 10.0 15.0 33.1 31.9 30.8 34.0 36.0 45.9 65.8 83.3 97.6 88.5 74.5 62.7 49.4 43.0 42.1 41.1 46.1 50.9 50.8 47.5 44.0 42.8 43.8 43.0 36.9
-9999.0 -9999.0 -9999.0 -9999.0 -9999.0 -9999.0 -9999.0 0.5 0.1 0.3 0.0 0.0 0.2 0.1 0.1 11.7 1.5 6.5 7.4 2.1 0.1 0.0 0.0 0.0 0.0 0.0 0.0 0.1 0.2 0.3 0.7 1.8 3.9 5.8 8.0 11.7 14.7 18.0 24.1 29.6 21.1 40.6 38.5 24.5 11.4 4.4 5.9 4.5 6.9 5.4 7.0 12.3 23.9 34.9 39.0 37.2 37.2 44.7 63.9 93.1 89.0 96.6 80.7 70.6 61.7 52.7 51.3 53.7 60.8 61.1 55.5 46.6 39.9 38.6 41.8 42.0 36.5
-9999.0 -9999.0 -9999.0 -9999.0 -9999.0 -9999.0 -9999.0 0.0 0.6 0.1 0.0 0.1 0.0 0.0 0.0 0.0 0.0 0.0 0.0 0.0 0.0 0.0 0.0 0.0 0.0 0.1 0.1 0.1 0.4 1.0 1.1 2.5 4.6 6.1 10.0 12.9 16.2 20.1 24.2 27.9 33.3 37.1 39.6 46.0 23.6 10.5 11.1 10.9 19.1 17.6 28.0 28.4 27.9 35.0 36.2 50.5 55.6 61.6 63.3 66.7 92.4 106.7 94.4 82.3 64.7 57.7 57.2 62.6 66.8 68.6 58.6 44.9 35.8 34.6 43.0 43.0 43.0
-9999.0 -9999.0 -9999.0 -9999.0 -9999.0 -9999.0 -9999.0 -9999.0 -9999.0 0.1 0.1 0.1 0.0 0.0 0.0 0.0 0.0 0.0 0.0 0.0 0.0 0.0 0.0 0.0 0.1 0.2 0.2 0.3 0.8 0.7 3.3 4.3 6.3 8.1 12.2 14.9 17.5 20.5 23.3 27.9 31.0 37.2 37.1 31.0 29.6 23.4 19.6 17.7 19.8 22.8 27.8 28.3 30.2 35.5 36.0 55.3 68.0 71.2 58.8 63.5 72.2 72.7 79.4 84.7 78.0 65.2 59.5 65.2 71.6 73.5 63.2 47.9 36.2 34.4 39.7 55.4 52.2
-9999.0 -9999.0 -9999.0 -9999.0 -9999.0 -9999.0 -9999.0 -9999.0 -9999.0 -9999.0 -9999.0 0.0 0.3 0.0 0.0 0.0 0.0 0.0 0.0 0.0 0.0 0.0 0.0 0.1 0.0 0.1 0.1 0.3 0.6 1.7 3.2 3.5 7.5 10.1 13.6 15.1 18.7 21.2 26.8 26.5 32.0 33.4 33.2 30.3 34.7 23.6 28.3 22.7 27.1 30.2 31.0 32.9 33.8 35.0 34.4 44.1 61.7 60.0 61.9 62.7 58.7 70.2 82.6 93.6 89.1 62.1 54.1 68.3 77.9 79.2 71.8 56.0 42.4 39.2 47.9 55.7 57.2
-9999.0 -9999.0 -9999.0 -9999.0 -9999.0 -9999.0 -9999.0 -9999.0 -9999.0 -9999.0 -9999.0 -9999.0 0.2 0.2 0.0 0.0 0.0 0.0 0.0 0.0 0.1 0.0 0.0 0.1 0.0 0.2 0.6 0.4 0.9 0.8 3.1 5.5 8.1 9.6 13.0 17.0 19.7 22.6 23.7 24.0 25.4 28.5 31.6 34.9 32.5 30.8 31.2 26.7 32.8 39.9 45.5 43.6 40.5 40.6 40.3 41.4 46.9 46.3 76.3 58.4 63.3 57.0 61.4 79.7 95.3 91.4 71.7 81.8 88.9 89.3 80.0 63.6 48.8 43.8 48.2 52.0 50.5
-9999.0 -9999.0 -9999.0 -9999.0 -9999.0 -9999.0 -9999.0 -9999.0 -9999.0 -9999.0 -9999.0 -9999.0 0.0 0.4 0.6 0.0 0.2 0.1 0.0 0.0 0.0 0.0 0.0 0.2 0.7 0.5 0.7 1.9 1.6 3.6 3.5 4.0 7.8 11.4 14.4 18.8 21.5 25.0 26.7 27.1 27.1 30.0 37.5 36.7 40.0 41.6 36.9 38.0 42.2 53.3 57.0 54.0 49.3 44.4 48.0 45.4 57.0 61.6 85.2 86.5 82.5 76.7 69.1 70.1 93.4 99.8 72.5 85.9 95.5 99.3 94.0 83.6 73.9 59.4 58.6 54.8 50.6
-9999.0 -9999.0 -9999.0 -9999.0 -9999.0 -9999.0 -9999.0 -9999.0 -9999.0 -9999.0 -9999.0 -9999.0 -9999.0 0.1 0.0 0.5 0.0 0.2 0.2 0.2 0.1 0.4 0.1 0.8 0.7 0.2 0.3 0.2 0.8 1.8 4.5 7.1 7.1 10.5 17.0 20.6 24.4 27.8 32.8 33.1 34.3 39.0 43.3 50.0 49.5 48.6 51.0 55.1 60.6 65.6 66.3 61.8 56.6 45.8 45.5 49.9 63.1 68.9 64.5 86.5 90.6 94.7 86.5 97.3 72.4 94.3 109.6 114.6 118.3 109.5 89.7 78.3 76.5 76.2 78.7 69.1 63.2
-9999.0 -9999.0 -9999.0 -9999.0 -9999.0 -9999.0 -9999.0 -9999.0 -9999.0 -9999.0 -9999.0 -9999.0 0.1 0.0 0.0 0.2 0.0 0.1 0.1 0.7 0.8 0.8 0.6 1.0 1.7 0.3 0.6 1.3 1.7 2.0 3.8 7.9 6.8 12.5 16.0 21.9 25.6 31.7 34.7 36.8 43.5 51.7 59.4 59.3 63.0 63.7 63.4 65.5 68.8 70.3 67.0 60.5 57.9 53.0 56.4 61.1 61.5 99.9 94.6 116.0 117.3 108.9 112.2 104.9 109.3 109.0 117.0 124.3 136.7 137.5 128.6 113.0 101.4 91.8 83.9 77.8 74.0
-9999.0 -9999.0 -9999.0 -9999.0 -9999.0 -9999.0 -9999.0 -9999.0 -9999.0 -9999.0 -9999.0 -9999.0 0.0 1.2 0.4 0.0 0.0 0.5 0.6 0.2 1.5 0.5 0.7 1.0 2.4 3.1 2.4 2.3 2.3 3.8 5.4 6.9 7.1 14.6 18.8 22.6 29.5 34.9 39.3 41.7 46.5 55.4 65.9 73.6 76.1 74.5 71.9 69.2 67.6 66.4 61.1 56.5 56.1 59.9 64.1 74.8 75.1 81.5 103.5 104.7 112.3 115.9 141.7 124.4 112.3 108.9 135.5 132.5 121.9 131.6 142.2 145.1 143.5 142.9 138.0 118.2 101.2
-9999.0 -9999.0 -9999.0 -9999.0 -9999.0 -9999.0 -9999.0 -9999.0 -9999.0 -9999.0 -9999.0 -9999.0 4.4 0.1 2.2 0.7 0.8 0.0 0.3 0.4 0.1 0.1 0.8 0.5 1.1 0.3 0.6 0.3 1.8 2.5 4.0 3.3 9.8 15.7 19.5 23.2 29.9 37.3 43.6 47.5 54.7 69.6 80.5 91.6 87.4 80.4 72.8 64.5 58.8 52.1 46.8 43.8 47.4 48.1 53.7 71.1 72.6 77.9 88.9 114.2 134.9 150.1 138.9 136.3 87.2 126.0 153.9 149.4 137.1 145.4 163.5 175.4 183.7 183.9 196.6 177.6 194.4
-9999.0 -9999.0 -9999.0 -9999.0 -9999.0 -9999.0 -9999.0 -9999.0 -9999.0 -9999.0 -9999.0 -9999.0 -9999.0 0.0 0.1 1.2 0.7 1.3 0.3 0.2 0.0 0.5 0.2 0.2 1.3 0.8 0.8 1.1 0.5 2.3 1.1 3.4 6.1 13.0 16.8 19.7 28.4 40.5 48.9 56.3 66.4 80.6 91.7 96.8 93.4 80.1 66.8 54.8 45.8 37.7 29.0 35.0 36.4 40.4 47.8 52.8 60.9 67.1 80.1 95.9 123.2 126.9 163.5 108.4 94.3 126.7 162.9 169.1 163.3 159.2 174.8 190.8 202.6 200.2 203.1 197.9 195.2
-9999.0 -9999.0 -9999.0 -9999.0 -9999.0 -9999.0 -9999.0 -9999.0 -9999.0 -9999.0 -9999.0 -9999.0 -9999.0 15.3 0.2 2.4 0.2 3.0 2.3 1.0 0.1 0.1 0.1 0.3 3.0 0.9 0.5 1.0 0.6 0.1 0.3 1.0 5.0 9.2 12.7 19.8 30.5 42.9 53.6 64.5 75.6 89.3 99.1 97.9 87.8 72.5 57.4 43.4 32.0 24.0 23.6 16.1 27.4 36.8 42.9 44.9 45.4 52.6 70.1 85.4 122.8 144.1 111.0 91.5 87.2 108.3 146.1 175.0 182.2 186.2 190.3 198.9 207.6 213.8 215.2 225.7 248.9
-9999.0 -9999.0 -9999.0 -9999.0 -9999.0 -9999.0 -9999.0 -9999.0 -9999.0 -9999.0 -9999.0 -9999.0 -9999.0 -9999.0 -9999.0 4.0 6.1 2.4 4.6 7.2 0.7 2.4 2.9 1.6 0.7 0.6 0.1 0.1 0.0 0.2 0.2 0.7 1.4 5.1 11.8 18.6 29.5 41.6 54.3 65.3 76.5 85.4 89.4 85.0 73.5 66.2 46.8 42.7 25.2 19.5 12.9 24.8 20.1 27.5 16.9 33.9 37.5 36.1 65.9 92.6 109.7 108.8 106.4 90.7 75.2 84.6 117.1 162.0 193.6 195.1 201.6 203.7 212.3 225.4 226.4 256.5 268.2
-9999.0 -9999.0 -9999.0 -9999.0 -9999.0 -9999.0 -9999.0 -9999.0 -9999.0 -9999.0 -9999.0 -9999.0 -9999.0 -9999.0 -9999.0 -9999.0 -9999.0 135.7 54.5 -9999.0 32.3 4.5 13.0 10.4 1.7 1.3 0.1 0.1 0.2 0.0 0.1 0.7 0.9 7.1 14.0 17.3 29.7 30.4 46.6 56.8 65.2 73.7 69.7 61.4 68.3 53.3 143.5 31.7 25.6 16.2 17.6 10.9 10.0 25.6 30.1 31.7 25.7 46.2 62.4 92.3 80.0 88.0 92.4 76.8 62.4 63.9 87.8 126.2 166.8 184.3 205.0 189.9 210.0 224.1 241.7 268.7 278.8
-9999.0 -9999.0 -9999.0 -9999.0 -9999.0 -9999.0 -9999.0 -9999.0 -9999.0 -9999.0 -9999.0 -9999.0 -9999.0 -9999.0 -9999.0 -9999.0 -9999.0 -9999.0 -9999.0 -9999.0 -9999.0 26.7 13.0 2.1 5.4 14.0 6.7 2.2 0.4 0.4 0.2 2.5 4.0 7.1 12.2 15.3 20.6 25.6 28.6 32.1 36.3 55.2 52.8 42.6 46.6 31.9 185.1 41.2 26.0 58.8 15.8 28.4 30.2 16.6 23.5 32.7 36.4 36.5 77.4 93.1 67.0 86.3 79.0 65.5 54.5 58.2 77.1 104.7 141.0 153.8 160.3 168.8 186.7 199.8 217.7 243.1 261.5
-9999.0 -9999.0 -9999.0 -9999.0 -9999.0 -9999.0 -9999.0 -9999.0 -9999.0 -9999.0 -9999.0 -9999.0 -9999.0 -9999.0 -9999.0 -9999.0 -9999.0 -9999.0 -9999.0 -9999.0 -9999.0 -9999.0 -9999.0 103.4 28.4 24.7 16.0 5.7 0.5 0.6 0.3 0.6 1.7 6.1 12.3 18.8 28.6 25.2 38.2 43.4 38.1 42.7 24.1 16.9 35.5 204.4 71.4 60.7 85.6 83.4 31.8 28.9 22.8 25.5 18.9 9.7 31.4 54.6 51.7 100.1 108.3 132.4 123.6 71.4 62.7 65.2 83.2 96.0 92.6 116.1 130.7 144.4 157.7 183.5 201.4 231.5 258.5
-9999.0 -9999.0 -9999.0 -9999.0 -9999.0 -9999.0 -9999.0 -9999.0 -9999.0 -9999.0 -9999.0 -9999.0 -9999.0 -9999.0 -9999.0 -9999.0 -9999.0 -9999.0 -9999.0 -9999.0 -9999.0 -9999.0 -9999.0 -9999.0 -9999.0 194.3 67.3 1.8 1.3 0.6 0.8 3.6 7.7 11.2 17.2 26.1 42.7 30.1 43.3 29.4 40.0 17.5 27.9 23.9 128.0 217.5 157.0 271.4 38.5 75.9 38.2 39.0 43.7 41.3 19.2 17.7 34.9 42.3 80.0 108.5 146.1 162.2 198.2 67.7 68.4 75.7 78.2 76.1 94.5 116.9 122.5 135.0 149.3 181.6 207.4 235.8 262.4
-9999.0 -9999.0 -9999.0 -9999.0 -9999.0 -9999.0 -9999.0 -9999.0 -9999.0 -9999.0 -9999.0 -9999.0 -9999.0 -9999.0 -9999.0 -9999.0 -9999.0 -9999.0 -9999.0 -9999.0 -9999.0 -9999.0 -9999.0 -9999.0 -9999.0 -9999.0 -9999.0 226.0 192.1 46.1 29.9 26.4 12.5 33.9 28.2 48.0 28.9 26.6 19.3 20.0 23.4 8.4 39.4 125.9 165.3 226.6 279.6 297.7 295.1 152.1 194.8 150.6 56.3 45.1 35.5 41.2 37.5 51.4 88.8 108.6 111.9 161.8 94.9 80.3 80.8 71.1 78.6 74.4 92.3 122.2 137.9 158.0 181.9 200.0 224.2 251.1 235.1
-9999.0 -9999.0 -9999.0 -9999.0 -9999.0 -9999.0 -9999.0 -9999.0 -9999.0 -9999.0 -9999.0 -9999.0 -9999.0 -9999.0 -9999.0 -9999.0 -9999.0 -9999.0 -9999.0 -9999.0 -9999.0 -9999.0 -9999.0 -9999.0 -9999.0 -9999.0 -9999.0 -9999.0 -9999.0 -9999.0 -9999.0 -9999.0 -9999.0 85.0 44.6 -9999.0 -9999.0 -9999.0 43.1 20.0 24.7 43.0 33.9 153.6 216.4 246.5 -9999.0 -9999.0 -9999.0 -9999.0 -9999.0 -9999.0 97.8 74.1 56.1 54.9 64.6 72.3 89.1 98.0 113.5 130.0 86.3 71.3 65.4 71.1 88.0 112.5 135.0 153.1 165.9 183.1 197.8 223.3 219.1 258.0 215.3
-9999.0 -9999.0 -9999.0 -9999.0 -9999.0 -9999.0 -9999.0 -9999.0 -9999.0 -9999.0 -9999.0 -9999.0 -9999.0 -9999.0 -9999.0 -9999.0 -9999.0 -9999.0 -9999.0 -9999.0 -9999.0 -9999.0 -9999.0 -9999.0 -9999.0 -9999.0 -9999.0 -9999.0 -9999.0 -9999.0 -9999.0 -9999.0 -9999.0 -9999.0 -9999.0 -9999.0 -9999.0 -9999.0 -9999.0 130.8 130.5 142.2 160.6 182.7 -9999.0 -9999.0 -9999.0 -9999.0 -9999.0 -9999.0 -9999.0 -9999.0 123.4 107.9 94.8 88.4 90.1 89.7 89.8 90.2 86.8 86.4 77.3 61.2 73.9 91.0 115.3 135.6 169.2 207.0 210.5 200.7 208.9 199.4 249.2 258.6 252.6
-9999.0 -9999.0 -9999.0 -9999.0 -9999.0 -9999.0 -9999.0 -9999.0 -9999.0 -9999.0 -9999.0 -9999.0 -9999.0 -9999.0 -9999.0 -9999.0 -9999.0 -9999.0 -9999.0 -9999.0 -9999.0 -9999.0 -9999.0 -9999.0 -9999.0 -9999.0 -9999.0 -9999.0 -9999.0 -9999.0 -9999.0 -9999.0 -9999.0 -9999.0 -9999.0 -9999.0 -9999.0 -9999.0 -9999.0 -9999.0 -9999.0 -9999.0 -9999.0 -9999.0 -9999.0 -9999.0 -9999.0 -9999.0 -9999.0 -9999.0 -9999.0 -9999.0 187.7 144.0 128.6 137.5 114.2 102.0 98.7 99.2 84.4 75.5 147.2 78.6 95.7 108.8 124.1 158.6 204.9 238.1 228.1 201.5 191.9 179.8 202.4 328.4 297.4
-9999.0 -9999.0 -9999.0 -9999.0 -9999.0 -9999.0 -9999.0 -9999.0 -9999.0 -9999.0 -9999.0 -9999.0 -9999.0 -9999.0 -9999.0 -9999.0 -9999.0 -9999.0 -9999.0 -9999.0 -9999.0 -9999.0 -9999.0 -9999.0 -9999.0 -9999.0 -9999.0 -9999.0 -9999.0 -9999.0 -9999.0 -9999.0 -9999.0 -9999.0 -9999.0 -9999.0 -9999.0 -9999.0 -9999.0 -9999.0 -9999.0 -9999.0 -9999.0 -9999.0 -9999.0 -9999.0 -9999.0 -9999.0 -9999.0 -9999.0 -9999.0 258.1 181.3 167.3 100.3 120.9 108.9 126.0 109.2 81.2 111.2 103.3 107.5 129.7 140.8 140.2 150.4 181.1 240.8 252.5 225.3 193.2 176.3 209.1 251.4 382.0 314.5
-9999.0 -9999.0 -9999.0 -9999.0 -9999.0 -9999.0 -9999.0 -9999.0 -9999.0 -9999.0 -9999.0 -9999.0 -9999.0 -9999.0 -9999.0 -9999.0 -9999.0 -9999.0 -9999.0 -9999.0 -9999.0 -9999.0 -9999.0 -9999.0 -9999.0 -9999.0 -9999.0 -9999.0 -9999.0 -9999.0 -9999.0 -9999.0 -9999.0 -9999.0 -9999.0 -9999.0 -9999.0 -9999.0 -9999.0 -9999.0 -9999.0 -9999.0 -9999.0 -9999.0 -9999.0 -9999.0 -9999.0 -9999.0 -9999.0 -9999.0 280.5 250.3 198.6 170.4 111.2 116.0 79.9 66.7 98.5 119.7 102.3 118.4 133.7 164.2 170.9 158.1 178.2 216.0 283.4 269.3 247.9 195.2 175.0 165.4 193.7 240.5 448.0
-9999.0 -9999.0 -9999.0 -9999.0 -9999.0 -9999.0 -9999.0 -9999.0 -9999.0 -9999.0 -9999.0 -9999.0 -9999.0 -9999.0 -9999.0 -9999.0 -9999.0 -9999.0 -9999.0 -9999.0 -9999.0 -9999.0 -9999.0 -9999.0 -9999.0 -9999.0 -9999.0 -9999.0 -9999.0 -9999.0 -9999.0 -9999.0 -9999.0 -9999.0 -9999.0 -9999.0 -9999.0 -9999.0 -9999.0 -9999.0 -9999.0 -9999.0 -9999.0 -9999.0 -9999.0 -9999.0 -9999.0 -9999.0 -9999.0 -9999.0 242.4 246.0 226.2 171.8 142.2 104.4 67.6 111.5 118.7 98.3 85.4 96.5 111.7 142.1 150.1 129.0 160.0 193.9 266.0 267.2 266.3 234.0 198.0 177.2 202.3 262.1 242.3
-9999.0 -9999.0 -9999.0 -9999.0 -9999.0 -9999.0 -9999.0 -9999.0 -9999.0 -9999.0 -9999.0 -9999.0 -9999.0 -9999.0 -9999.0 -9999.0 -9999.0 -9999.0 -9999.0 -9999.0 -9999.0 -9999.0 -9999.0 -9999.0 -9999.0 -9999.0 -9999.0 -9999.0 -9999.0 -9999.0 -9999.0 -9999.0 -9999.0 -9999.0 -9999.0 -9999.0 -9999.0 -9999.0 -9999.0 -9999.0 -9999.0 -9999.0 -9999.0 -9999.0 -9999.0 -9999.0 -9999.0 -9999.0 -9999.0 -9999.0 183.3 207.6 191.1 202.9 136.6 106.5 144.0 103.9 120.5 72.4 85.8 94.2 101.4 101.8 114.6 104.5 118.3 155.1 196.7 284.2 263.0 291.3 266.4 210.6 203.3 199.7 176.3
-9999.0 -9999.0 -9999.0 -9999.0 -9999.0 -9999.0 -9999.0 -9999.0 -9999.0 -9999.0 -9999.0 -9999.0 -9999.0 -9999.0 -9999.0 -9999.0 -9999.0 -9999.0 -9999.0 -9999.0 -9999.0 -9999.0 -9999.0 -9999.0 -9999.0 -9999.0 -9999.0 -9999.0 -9999.0 -9999.0 -9999.0 -9999.0 -9999.0 -9999.0 -9999.0 -9999.0 -9999.0 -9999.0 -9999.0 -9999.0 -9999.0 -9999.0 -9999.0 -9999.0 -9999.0 -9999.0 -9999.0 -9999.0 -9999.0 -9999.0 163.4 199.8 183.4 182.4 154.1 152.0 88.1 106.3 101.5 74.8 112.0 111.0 88.8 93.8 105.5 104.3 130.4 159.2 230.6 140.7 216.8 274.2 306.7 252.5 212.1 182.8 169.3
-9999.0 -9999.0 -9999.0 -9999.0 -9999.0 -9999.0 -9999.0 -9999.0 -9999.0 -9999.0 -9999.0 -9999.0 -9999.0 -9999.0 -9999.0 -9999.0 -9999.0 -9999.0 -9999.0 -9999.0 -9999.0 -9999.0 -9999.0 -9999.0 -9999.0 -9999.0 -9999.0 -9999.0 -9999.0 -9999.0 -9999.0 -9999.0 -9999.0 -9999.0 -9999.0 -9999.0 -9999.0 -9999.0 -9999.0 -9999.0 -9999.0 -9999.0 -9999.0 -9999.0 -9999.0 -9999.0 -9999.0 -9999.0 -9999.0 -9999.0 -9999.0 -9999.0 -9999.0 146.5 130.2 113.8 110.6 118.0 70.2 87.2 229.8 126.8 167.9 113.1 110.8 112.2 159.9 141.7 196.2 178.0 153.5 200.6 252.0 241.0 213.2 198.7 177.2
-9999.0 -9999.0 -9999.0 -9999.0 -9999.0 -9999.0 -9999.0 -9999.0 -9999.0 -9999.0 -9999.0 -9999.0 -9999.0 -9999.0 -9999.0 -9999.0 -9999.0 -9999.0 -9999.0 -9999.0 -9999.0 -9999.0 -9999.0 -9999.0 -9999.0 -9999.0 -9999.0 -9999.0 -9999.0 -9999.0 -9999.0 -9999.0 -9999.0 -9999.0 -9999.0 -9999.0 -9999.0 -9999.0 -9999.0 -9999.0 -9999.0 -9999.0 -9999.0 -9999.0 -9999.0 -9999.0 -9999.0 -9999.0 -9999.0 -9999.0 -9999.0 -9999.0 -9999.0 136.2 119.8 170.7 104.5 81.5 94.7 188.3 151.6 132.8 208.1 122.5 121.6 130.1 115.4 216.7 160.4 142.7 121.5 164.4 199.8 201.7 203.7 203.4 184.4
-9999.0 -9999.0 -9999.0 -9999.0 -9999.0 -9999.0 -9999.0 -9999.0 -9999.0 -9999.0 -9999.0 -9999.0 -9999.0 -9999.0 -9999.0 -9999.0 -9999.0 -9999.0 -9999.0 -9999.0 -9999.0 -9999.0 -9999.0 -9999.0 -9999.0 -9999.0 -9999.0 -9999.0 -9999.0 -9999.0 -9999.0 -9999.0 -9999.0 -9999.0 -9999.0 -9999.0 -9999.0 -9999.0 -9999.0 -9999.0 -9999.0 -9999.0 -9999.0 -9999.0 -9999.0 -9999.0 -9999.0 -9999.0 -9999.0 -9999.0 -9999.0 -9999.0 -9999.0 130.1 96.8 129.6 107.2 82.2 92.8 102.9 176.7 180.0 247.3 244.1 134.0 -9999.0 -9999.0 -9999.0 253.9 212.3 215.3 236.8 219.4 180.0 176.6 195.8 182.9
-9999.0 -9999.0 -9999.0 -9999.0 -9999.0 -9999.0 -9999.0 -9999.0 -9999.0 -9999.0 -9999.0 -9999.0 -9999.0 -9999.0 -9999.0 -9999.0 -9999.0 -9999.0 -9999.0 -9999.0 -9999.0 -9999.0 -9999.0 -9999.0 -9999.0 -9999.0 -9999.0 -9999.0 -9999.0 -9999.0 -9999.0 -9999.0 -9999.0 -9999.0 -9999.0 -9999.0 -9999.0 -9999.0 -9999.0 -9999.0 -9999.0 -9999.0 -9999.0 -9999.0 -9999.0 -9999.0 -9999.0 -9999.0 -9999.0 -9999.0 -9999.0 -9999.0 -9999.0 -9999.0 117.6 107.3 67.6 54.2 95.7 155.5 96.8 -9999.0 -9999.0 -9999.0 -9999.0 -9999.0 -9999.0 -9999.0 320.4 366.3 396.4 366.5 265.6 155.5 125.3 151.8 163.0
-9999.0 -9999.0 -9999.0 -9999.0 -9999.0 -9999.0 -9999.0 -9999.0 -9999.0 -9999.0 -9999.0 -9999.0 -9999.0 -9999.0 -9999.0 -9999.0 -9999.0 -9999.0 -9999.0 -9999.0 -9999.0 -9999.0 -9999.0 -9999.0 -9999.0 -9999.0 -9999.0 -9999.0 -9999.0 -9999.0 -9999.0 -9999.0 -9999.0 -9999.0 -9999.0 -9999.0 -9999.0 -9999.0 -9999.0 -9999.0 -9999.0 -9999.0 -9999.0 -9999.0 -9999.0 -9999.0 -9999.0 -9999.0 -9999.0 -9999.0 -9999.0 -9999.0 -9999.0 -9999.0 -9999.0 83.3 128.9 74.0 64.0 105.1 114.7 -9999.0 -9999.0 -9999.0 -9999.0 -9999.0 -9999.0 -9999.0 -9999.0 -9999.0 478.3 -9999.0 -9999.0 -9999.0 -9999.0 -9999.0 157.1
-9999.0 -9999.0 -9999.0 -9999.0 -9999.0 -9999.0 -9999.0 -9999.0 -9999.0 -9999.0 -9999.0 -9999.0 -9999.0 -9999.0 -9999.0 -9999.0 -9999.0 -9999.0 -9999.0 -9999.0 -9999.0 -9999.0 -9999.0 -9999.0 -9999.0 -9999.0 -9999.0 -9999.0 -9999.0 -9999.0 -9999.0 -9999.0 -9999.0 -9999.0 -9999.0 -9999.0 -9999.0 -9999.0 -9999.0 -9999.0 -9999.0 -9999.0 -9999.0 -9999.0 -9999.0 -9999.0 -9999.0 -9999.0 -9999.0 -9999.0 -9999.0 -9999.0 -9999.0 -9999.0 -9999.0 -9999.0 -9999.0 -9999.0 83.8 77.8 -9999.0 -9999.0 -9999.0 -9999.0 -9999.0 -9999.0 -9999.0 -9999.0 -9999.0 -9999.0 -9999.0 -9999.0 -9999.0 -9999.0 -9999.0 108.5 165.1
-9999.0 -9999.0 -9999.0 -9999.0 -9999.0 -9999.0 -9999.0 -9999.0 -9999.0 -9999.0 -9999.0 -9999.0 -9999.0 -9999.0 -9999.0 -9999.0 -9999.0 -9999.0 -9999.0 -9999.0 -9999.0 -9999.0 -9999.0 -9999.0 -9999.0 -9999.0 -9999.0 -9999.0 -9999.0 -9999.0 -9999.0 -9999.0 -9999.0 -9999.0 -9999.0 -9999.0 -9999.0 -9999.0 -9999.0 -9999.0 -9999.0 -9999.0 -9999.0 -9999.0 -9999.0 -9999.0 -9999.0 -9999.0 -9999.0 -9999.0 -9999.0 -9999.0 -9999.0 -9999.0 -9999.0 -9999.0 -9999.0 -9999.0 -9999.0 -9999.0 -9999.0 -9999.0 -9999.0 -9999.0 -9999.0 -9999.0 -9999.0 -9999.0 -9999.0 -9999.0 -9999.0 -9999.0 -9999.0 -9999.0 -9999.0 -9999.0 -9999.0
