program/excelProcessViaJava/data/SURF_CLI_CHN_PRE_MON_GRID_0.5-201411.txt
NCOLS      128
NROWS       72
XLLCORNER    72.000000000000    
YLLCORNER    18.000000000000    
CELLSIZE    0.50000000000000    
NODATA_VALUE   -9999.000    
[rows 35 to 69 of 72, columns 0 to 79 of 128]
-9999.0 -9999.0 -9999.0 -9999.0 -9999.0 0.1 0.0 0.0 0.0 0.0 0.0 0.0 0.0 0.0 0.0 0.1 0.0 0.1 0.1 0.0 0.0 0.0 0.0 0.0 0.0 0.0 0.0 0.0 0.0 0.0 0.0 0.0 0.0 0.0 0.0 0.1 0.1 0.1 0.0 0.0 0.2 0.0 0.0 0.2 1.7 4.2 3.2 2.7 2.4 2.4 3.1 4.5 4.6 2.3 2.0 0.9 1.4 3.4 8.3 8.0 10.8 5.1 3.2 3.2 5.8 5.5 10.2 13.1 9.6 8.6 6.4 5.8 6.5 7.2 7.3 7.9 7.8 10.3 12.8 9.1
-9999.0 -9999.0 -9999.0 -9999.0 -9999.0 -9999.0 -9999.0 0.0 0.0 0.0 0.0 0.0 0.0 0.0 0.0 0.0 0.0 0.0 0.0 0.0 0.0 0.0 0.0 0.0 0.0 0.0 0.0 0.0 0.0 0.0 0.0 0.0 0.0 0.0 0.1 0.1 0.2 0.2 0.2 0.2 0.1 0.1 0.1 0.1 0.8 2.8 2.7 2.9 2.8 3.4 3.0 3.1 3.7 2.6 2.4 1.0 1.1 2.9 6.8 9.2 7.8 5.9 2.4 3.4 4.1 6.5 10.3 12.3 13.9 6.8 5.7 5.5 6.5 7.4 6.5 7.5 8.4 9.2 9.0 10.8
-9999.0 -9999.0 -9999.0 -9999.0 -9999.0 -9999.0 -9999.0 0.0 0.0 0.0 0.0 0.0 0.0 0.0 0.0 0.0 0.0 0.0 0.0 0.0 0.0 0.0 0.0 0.0 0.0 0.0 0.0 0.0 0.0 0.0 0.0 0.0 0.0 0.1 0.2 0.4 0.6 0.6 0.8 0.7 0.7 0.4 0.4 0.8 1.0 1.8 2.6 3.3 3.6 3.8 3.6 3.2 2.8 2.6 3.1 2.2 1.6 3.0 7.2 8.1 8.2 9.3 9.9 3.0 5.7 7.1 10.2 13.1 16.0 10.5 9.0 8.4 9.2 10.3 10.8 8.9 9.3 10.6 12.1 13.8
-9999.0 -9999.0 -9999.0 -9999.0 -9999.0 -9999.0 -9999.0 -9999.0 -9999.0 -9999.0 0.0 0.0 0.0 0.0 0.0 0.0 0.0 0.0 0.0 0.0 0.0 0.0 0.0 0.0 0.0 0.0 0.0 0.0 0.0 0.0 0.0 0.0 0.1 0.2 0.3 0.2 0.8 1.1 0.5 1.6 1.3 1.5 1.5 1.7 1.5 2.7 3.1 4.1 4.5 4.4 3.7 3.2 2.9 3.2 4.1 4.9 5.2 6.6 6.9 6.8 7.6 7.8 8.0 7.7 11.1 6.0 9.4 15.6 18.1 17.2 15.6 15.6 16.0 17.0 16.2 16.0 15.7 18.7 19.6 21.8
-9999.0 -9999.0 -9999.0 -9999.0 -9999.0 -9999.0 -9999.0 -9999.0 -9999.0 -9999.0 -9999.0 0.0 0.0 0.0 0.0 0.0 0.0 0.0 0.0 0.0 0.0 0.0 0.0 0.0 0.0 0.0 0.0 0.0 0.0 0.0 0.0 0.1 0.1 0.1 0.2 0.4 0.3 1.1 2.1 3.3 3.9 3.6 3.0 2.4 2.7 3.2 4.0 4.6 4.7 4.5 4.8 4.2 3.6 3.7 4.6 5.6 6.4 6.8 5.0 5.9 5.3 6.7 8.8 11.3 9.3 16.9 12.4 18.8 22.9 24.5 23.7 23.2 23.8 25.8 30.3 31.6 37.8 36.6 33.2 40.8
-9999.0 -9999.0 -9999.0 -9999.0 -9999.0 -9999.0 -9999.0 -9999.0 -9999.0 -9999.0 -9999.0 -9999.0 0.0 0.0 0.1 0.0 0.1 0.0 0.0 0.0 0.0 0.0 0.0 0.0 0.0 0.0 0.0 0.0 0.0 0.1 0.1 0.1 0.1 0.2 0.3 0.5 0.4 0.7 1.4 2.5 3.8 4.0 3.0 3.2 3.1 3.6 4.1 4.3 3.3 4.0 3.8 4.4 3.9 4.5 4.4 4.8 4.8 4.8 4.3 3.9 3.9 5.4 8.2 12.5 9.8 15.1 9.4 16.3 24.1 30.8 34.8 36.8 38.2 42.9 46.5 49.6 49.9 51.6 53.0 52.6
-9999.0 -9999.0 -9999.0 -9999.0 -9999.0 -9999.0 -9999.0 -9999.0 -9999.0 -9999.0 -9999.0 -9999.0 0.0 0.0 0.0 0.1 0.0 0.1 0.1 0.1 0.0 0.1 0.0 0.1 0.0 0.0 0.0 0.0 0.0 0.1 0.1 0.2 0.1 0.2 0.5 0.5 0.6 0.6 0.4 1.1 2.0 2.5 2.9 3.0 3.2 3.4 4.0 4.6 4.8 4.3 4.2 3.7 4.1 5.5 4.4 3.5 2.8 2.8 3.1 3.6 4.1 6.2 9.5 14.7 7.5 11.9 16.5 19.8 29.6 37.0 39.1 43.7 48.3 51.3 53.3 55.9 57.5 58.2 55.1 52.3
-9999.0 -9999.0 -9999.0 -9999.0 -9999.0 -9999.0 -9999.0 -9999.0 -9999.0 -9999.0 -9999.0 0.0 0.0 0.0 0.0 0.1 0.0 0.0 0.0 0.2 0.1 0.1 0.1 0.1 0.1 0.0 0.1 0.1 0.1 0.1 0.1 0.3 0.2 0.3 0.3 0.4 0.3 0.4 0.5 0.7 1.0 1.6 2.4 2.9 3.3 3.7 3.7 3.4 3.9 4.0 5.3 6.3 4.9 4.9 3.7 2.5 1.8 2.4 2.5 4.0 5.2 7.4 12.8 17.3 22.0 18.9 13.3 18.4 30.4 39.9 45.8 49.2 47.5 43.9 47.4 52.2 56.7 60.2 59.9 57.9
-9999.0 -9999.0 -9999.0 -9999.0 -9999.0 -9999.0 -9999.0 -9999.0 -9999.0 -9999.0 -9999.0 0.0 0.0 0.1 0.1 0.0 0.0 0.1 0.1 0.1 0.2 0.1 0.1 0.1 0.2 0.2 0.2 0.2 0.2 0.2 0.3 0.3 0.2 0.4 0.5 0.4 0.4 0.3 0.2 0.4 0.7 1.3 2.1 2.9 3.5 4.1 5.2 5.3 5.4 3.3 3.5 5.4 4.2 3.8 3.4 2.9 1.7 1.7 3.1 3.8 5.9 9.1 18.0 22.2 22.2 17.4 18.9 13.8 14.9 24.3 36.0 43.8 47.0 52.0 55.1 51.7 54.0 55.0 58.8 61.4
-9999.0 -9999.0 -9999.0 -9999.0 -9999.0 -9999.0 -9999.0 -9999.0 -9999.0 -9999.0 -9999.0 -9999.0 0.1 0.0 0.2 0.1 0.1 0.0 0.1 0.1 0.0 0.0 0.1 0.1 0.1 0.1 0.1 0.1 0.2 0.2 0.2 0.1 0.3 0.5 0.5 0.4 0.4 0.2 0.2 0.2 0.5 1.4 2.9 2.8 4.0 5.6 6.4 5.5 4.1 4.1 4.2 3.0 6.2 5.0 3.1 3.9 2.3 2.1 3.0 5.8 8.8 13.2 17.0 21.4 16.7 14.4 11.9 11.1 13.6 20.6 32.2 45.8 51.0 55.4 71.1 57.4 67.9 49.7 57.0 64.0
-9999.0 -9999.0 -9999.0 -9999.0 -9999.0 -9999.0 -9999.0 -9999.0 -9999.0 -9999.0 -9999.0 -9999.0 0.0 0.0 0.0 0.1 0.1 0.1 0.0 0.0 0.0 0.1 0.0 0.0 0.1 0.1 0.1 0.2 0.1 0.2 0.1 0.2 0.2 0.3 0.3 0.2 0.2 0.3 0.2 0.3 0.7 2.3 4.3 5.6 4.7 5.0 6.2 3.7 6.3 5.5 2.8 5.2 3.7 2.3 2.8 2.2 3.0 3.1 3.9 5.9 10.1 14.7 20.5 14.2 16.3 12.6 11.1 12.6 18.1 28.3 40.9 51.1 56.0 55.1 57.0 52.9 51.7 54.9 66.6 68.6
-9999.0 -9999.0 -9999.0 -9999.0 -9999.0 -9999.0 -9999.0 -9999.0 -9999.0 -9999.0 -9999.0 -9999.0 -9999.0 0.2 0.0 0.1 0.0 0.1 0.1 0.0 0.0 0.0 0.0 0.0 0.2 0.1 0.1 0.2 0.2 0.0 0.1 0.1 0.2 0.2 0.1 0.2 0.3 0.3 0.3 0.6 1.3 3.1 5.5 6.9 8.4 6.6 6.2 3.9 4.4 4.0 4.8 1.3 3.0 3.3 2.8 1.9 1.9 2.7 4.5 8.2 13.1 14.8 15.0 23.6 16.8 12.9 13.9 19.6 29.2 42.8 54.5 61.3 64.5 64.7 67.3 74.6 87.6 69.5 69.3 76.9
-9999.0 -9999.0 -9999.0 -9999.0 -9999.0 -9999.0 -9999.0 -9999.0 -9999.0 -9999.0 -9999.0 -9999.0 -9999.0 -9999.0 3.6 0.0 0.1 0.0 0.1 0.1 0.0 0.1 0.1 0.1 0.1 0.1 0.0 0.1 0.0 0.1 0.1 0.1 0.1 0.1 0.1 0.1 0.1 0.4 0.5 0.9 1.9 3.8 5.9 6.9 5.1 4.2 5.4 3.1 4.3 1.1 2.3 5.3 2.1 1.8 0.5 1.3 1.6 2.4 5.7 10.3 15.7 16.9 32.3 27.4 19.9 17.1 22.8 34.9 47.6 56.4 65.1 69.2 70.0 75.3 81.3 104.4 112.3 127.9 97.3 91.4
-9999.0 -9999.0 -9999.0 -9999.0 -9999.0 -9999.0 -9999.0 -9999.0 -9999.0 -9999.0 -9999.0 -9999.0 -9999.0 -9999.0 -9999.0 -9999.0 -9999.0 3.2 0.6 0.6 0.3 0.0 0.2 0.2 0.1 0.1 0.0 0.1 0.1 0.1 0.1 0.1 0.0 0.1 0.2 0.1 0.1 0.6 0.6 1.1 2.0 3.7 4.9 5.1 2.9 3.2 6.1 5.9 2.3 3.0 0.3 1.3 0.2 1.7 1.7 1.8 1.5 4.0 7.0 12.6 13.0 19.0 30.4 31.7 25.0 24.4 36.1 52.2 65.5 69.2 75.5 72.1 81.7 83.5 101.8 129.2 133.1 127.5 120.0 112.8
-9999.0 -9999.0 -9999.0 -9999.0 -9999.0 -9999.0 -9999.0 -9999.0 -9999.0 -9999.0 -9999.0 -9999.0 -9999.0 -9999.0 -9999.0 -9999.0 -9999.0 -9999.0 -9999.0 -9999.0 1.9 0.2 0.1 0.0 0.1 0.3 0.2 0.2 0.2 0.2 0.1 0.2 0.1 0.1 0.1 0.1 0.2 0.5 1.2 2.4 2.3 2.9 3.8 3.8 1.7 2.7 6.5 2.3 5.2 12.9 1.8 5.0 3.8 0.7 1.3 2.5 3.3 3.9 9.8 13.1 7.9 11.0 19.9 25.5 29.7 33.3 49.5 66.7 79.5 76.4 72.2 77.3 86.2 85.3 98.3 119.3 125.1 106.8 114.9 129.7
-9999.0 -9999.0 -9999.0 -9999.0 -9999.0 -9999.0 -9999.0 -9999.0 -9999.0 -9999.0 -9999.0 -9999.0 -9999.0 -9999.0 -9999.0 -9999.0 -9999.0 -9999.0 -9999.0 -9999.0 -9999.0 -9999.0 0.1 1.4 0.3 0.3 0.3 0.2 0.1 0.2 0.1 0.1 0.0 0.1 0.1 0.1 0.2 0.5 0.8 1.3 1.6 2.3 1.6 1.0 1.0 7.4 1.8 1.5 1.3 0.8 0.5 2.9 0.7 1.2 0.9 0.4 2.7 5.8 2.0 12.0 6.2 10.1 10.4 10.7 17.8 34.3 56.3 73.5 66.6 70.8 68.4 79.1 87.5 102.7 96.6 111.8 141.0 134.8 123.9 128.2
-9999.0 -9999.0 -9999.0 -9999.0 -9999.0 -9999.0 -9999.0 -9999.0 -9999.0 -9999.0 -9999.0 -9999.0 -9999.0 -9999.0 -9999.0 -9999.0 -9999.0 -9999.0 -9999.0 -9999.0 -9999.0 -9999.0 -9999.0 -9999.0 6.7 4.2 1.1 0.1 0.1 0.0 0.1 0.1 0.1 0.1 0.1 0.1 0.2 0.7 1.0 1.4 1.7 1.0 1.4 0.7 4.0 7.3 3.5 9.5 1.2 0.7 2.8 1.5 2.4 1.8 0.7 0.4 1.5 1.4 6.7 9.4 12.2 13.9 34.4 8.8 16.1 32.2 48.7 47.6 52.1 58.2 63.6 73.5 70.6 107.0 124.7 118.8 124.4 145.9 188.2 134.6
-9999.0 -9999.0 -9999.0 -9999.0 -9999.0 -9999.0 -9999.0 -9999.0 -9999.0 -9999.0 -9999.0 -9999.0 -9999.0 -9999.0 -9999.0 -9999.0 -9999.0 -9999.0 -9999.0 -9999.0 -9999.0 -9999.0 -9999.0 -9999.0 -9999.0 8.1 5.3 6.2 5.7 1.1 0.7 0.5 0.1 0.7 0.2 3.5 0.8 1.3 2.6 1.6 1.3 0.7 1.9 4.8 5.4 7.2 9.4 10.4 11.1 2.6 8.5 9.4 1.4 1.4 0.6 0.5 0.2 0.2 3.7 3.3 2.2 18.4 5.4 9.7 19.5 24.5 39.5 51.7 51.6 53.1 58.4 77.2 61.8 99.7 101.3 112.1 172.3 173.6 129.4 122.1
-9999.0 -9999.0 -9999.0 -9999.0 -9999.0 -9999.0 -9999.0 -9999.0 -9999.0 -9999.0 -9999.0 -9999.0 -9999.0 -9999.0 -9999.0 -9999.0 -9999.0 -9999.0 -9999.0 -9999.0 -9999.0 -9999.0 -9999.0 -9999.0 -9999.0 -9999.0 -9999.0 11.5 10.5 5.5 9.1 7.1 6.8 3.8 0.7 1.1 -9999.0 4.3 4.9 2.2 2.5 3.0 1.6 6.1 7.8 8.0 8.5 -9999.0 -9999.0 7.4 12.6 14.8 4.1 1.3 1.5 0.5 0.2 0.2 0.5 2.0 7.7 19.8 15.5 18.0 21.6 28.9 38.0 45.8 50.3 53.1 56.4 78.6 101.5 89.1 130.5 111.7 183.6 137.8 124.6 121.4
-9999.0 -9999.0 -9999.0 -9999.0 -9999.0 -9999.0 -9999.0 -9999.0 -9999.0 -9999.0 -9999.0 -9999.0 -9999.0 -9999.0 -9999.0 -9999.0 -9999.0 -9999.0 -9999.0 -9999.0 -9999.0 -9999.0 -9999.0 -9999.0 -9999.0 -9999.0 -9999.0 -9999.0 -9999.0 -9999.0 -9999.0 -9999.0 -9999.0 12.5 11.7 -9999.0 -9999.0 -9999.0 -9999.0 10.4 9.4 8.8 8.4 7.9 7.5 -9999.0 -9999.0 -9999.0 -9999.0 -9999.0 -9999.0 -9999.0 3.9 2.0 1.0 1.0 0.9 1.0 2.1 5.5 12.1 20.3 25.5 23.7 30.7 37.8 46.4 51.4 54.8 65.5 80.6 95.9 97.2 133.7 107.5 128.4 148.8 125.0 141.3 107.7
-9999.0 -9999.0 -9999.0 -9999.0 -9999.0 -9999.0 -9999.0 -9999.0 -9999.0 -9999.0 -9999.0 -9999.0 -9999.0 -9999.0 -9999.0 -9999.0 -9999.0 -9999.0 -9999.0 -9999.0 -9999.0 -9999.0 -9999.0 -9999.0 -9999.0 -9999.0 -9999.0 -9999.0 -9999.0 -9999.0 -9999.0 -9999.0 -9999.0 -9999.0 -9999.0 -9999.0 -9999.0 -9999.0 -9999.0 11.2 10.4 9.2 7.8 8.2 -9999.0 -9999.0 -9999.0 -9999.0 -9999.0 -9999.0 -9999.0 -9999.0 10.5 3.6 2.2 2.0 2.3 3.3 5.5 10.7 17.6 23.3 37.4 29.3 36.3 43.4 50.1 55.7 62.2 74.6 91.7 114.2 163.8 152.9 156.0 132.7 151.8 118.9 101.7 104.9
-9999.0 -9999.0 -9999.0 -9999.0 -9999.0 -9999.0 -9999.0 -9999.0 -9999.0 -9999.0 -9999.0 -9999.0 -9999.0 -9999.0 -9999.0 -9999.0 -9999.0 -9999.0 -9999.0 -9999.0 -9999.0 -9999.0 -9999.0 -9999.0 -9999.0 -9999.0 -9999.0 -9999.0 -9999.0 -9999.0 -9999.0 -9999.0 -9999.0 -9999.0 -9999.0 -9999.0 -9999.0 -9999.0 -9999.0 -9999.0 -9999.0 -9999.0 -9999.0 -9999.0 -9999.0 -9999.0 -9999.0 -9999.0 -9999.0 -9999.0 -9999.0 8.3 8.1 6.7 6.8 5.8 6.5 7.8 10.8 13.0 24.6 30.4 30.0 33.3 39.6 48.0 53.0 52.5 67.5 78.0 94.5 118.8 127.2 128.4 143.5 136.5 149.9 108.3 120.5 117.8
-9999.0 -9999.0 -9999.0 -9999.0 -9999.0 -9999.0 -9999.0 -9999.0 -9999.0 -9999.0 -9999.0 -9999.0 -9999.0 -9999.0 -9999.0 -9999.0 -9999.0 -9999.0 -9999.0 -9999.0 -9999.0 -9999.0 -9999.0 -9999.0 -9999.0 -9999.0 -9999.0 -9999.0 -9999.0 -9999.0 -9999.0 -9999.0 -9999.0 -9999.0 -9999.0 -9999.0 -9999.0 -9999.0 -9999.0 -9999.0 -9999.0 -9999.0 -9999.0 -9999.0 -9999.0 -9999.0 -9999.0 -9999.0 -9999.0 -9999.0 8.1 11.1 12.6 13.1 12.4 12.6 12.8 13.7 17.3 23.5 27.8 33.8 34.8 37.8 43.2 50.5 59.0 61.8 77.9 82.6 101.8 108.4 121.5 141.1 147.3 146.3 112.5 133.1 112.2 119.2
-9999.0 -9999.0 -9999.0 -9999.0 -9999.0 -9999.0 -9999.0 -9999.0 -9999.0 -9999.0 -9999.0 -9999.0 -9999.0 -9999.0 -9999.0 -9999.0 -9999.0 -9999.0 -9999.0 -9999.0 -9999.0 -9999.0 -9999.0 -9999.0 -9999.0 -9999.0 -9999.0 -9999.0 -9999.0 -9999.0 -9999.0 -9999.0 -9999.0 -9999.0 -9999.0 -9999.0 -9999.0 -9999.0 -9999.0 -9999.0 -9999.0 -9999.0 -9999.0 -9999.0 -9999.0 -9999.0 -9999.0 -9999.0 -9999.0 -9999.0 10.0 20.5 14.7 21.0 22.1 20.0 12.7 22.6 25.8 27.1 27.3 30.7 31.4 37.5 44.8 47.4 57.5 64.3 81.7 92.5 110.3 121.7 127.1 125.3 118.5 110.6 114.5 113.0 120.6 120.7
-9999.0 -9999.0 -9999.0 -9999.0 -9999.0 -9999.0 -9999.0 -9999.0 -9999.0 -9999.0 -9999.0 -9999.0 -9999.0 -9999.0 -9999.0 -9999.0 -9999.0 -9999.0 -9999.0 -9999.0 -9999.0 -9999.0 -9999.0 -9999.0 -9999.0 -9999.0 -9999.0 -9999.0 -9999.0 -9999.0 -9999.0 -9999.0 -9999.0 -9999.0 -9999.0 -9999.0 -9999.0 -9999.0 -9999.0 -9999.0 -9999.0 -9999.0 -9999.0 -9999.0 -9999.0 -9999.0 -9999.0 -9999.0 -9999.0 -9999.0 13.2 19.4 15.8 37.3 22.4 20.5 32.7 27.0 31.8 26.4 29.0 30.5 31.7 35.4 45.0 50.6 58.0 70.3 86.3 115.2 124.4 144.3 129.0 128.3 112.6 105.7 105.0 112.3 117.3 121.1
-9999.0 -9999.0 -9999.0 -9999.0 -9999.0 -9999.0 -9999.0 -9999.0 -9999.0 -9999.0 -9999.0 -9999.0 -9999.0 -9999.0 -9999.0 -9999.0 -9999.0 -9999.0 -9999.0 -9999.0 -9999.0 -9999.0 -9999.0 -9999.0 -9999.0 -9999.0 -9999.0 -9999.0 -9999.0 -9999.0 -9999.0 -9999.0 -9999.0 -9999.0 -9999.0 -9999.0 -9999.0 -9999.0 -9999.0 -9999.0 -9999.0 -9999.0 -9999.0 -9999.0 -9999.0 -9999.0 -9999.0 -9999.0 -9999.0 -9999.0 32.4 42.5 33.6 40.0 39.3 44.7 21.6 32.7 34.1 31.4 35.4 34.4 33.4 41.0 51.0 58.4 69.3 84.0 107.3 108.1 134.6 138.5 133.8 124.3 112.0 102.9 94.8 99.4 91.7 97.9
-9999.0 -9999.0 -9999.0 -9999.0 -9999.0 -9999.0 -9999.0 -9999.0 -9999.0 -9999.0 -9999.0 -9999.0 -9999.0 -9999.0 -9999.0 -9999.0 -9999.0 -9999.0 -9999.0 -9999.0 -9999.0 -9999.0 -9999.0 -9999.0 -9999.0 -9999.0 -9999.0 -9999.0 -9999.0 -9999.0 -9999.0 -9999.0 -9999.0 -9999.0 -9999.0 -9999.0 -9999.0 -9999.0 -9999.0 -9999.0 -9999.0 -9999.0 -9999.0 -9999.0 -9999.0 -9999.0 -9999.0 -9999.0 -9999.0 -9999.0 66.1 32.8 57.3 43.7 44.6 43.3 42.8 46.3 37.2 47.4 62.7 55.1 58.6 62.4 67.1 71.9 82.2 92.7 113.7 129.1 134.1 127.9 117.8 109.4 104.4 100.3 90.0 81.9 71.7 64.9
-9999.0 -9999.0 -9999.0 -9999.0 -9999.0 -9999.0 -9999.0 -9999.0 -9999.0 -9999.0 -9999.0 -9999.0 -9999.0 -9999.0 -9999.0 -9999.0 -9999.0 -9999.0 -9999.0 -9999.0 -9999.0 -9999.0 -9999.0 -9999.0 -9999.0 -9999.0 -9999.0 -9999.0 -9999.0 -9999.0 -9999.0 -9999.0 -9999.0 -9999.0 -9999.0 -9999.0 -9999.0 -9999.0 -9999.0 -9999.0 -9999.0 -9999.0 -9999.0 -9999.0 -9999.0 -9999.0 -9999.0 -9999.0 -9999.0 -9999.0 -9999.0 -9999.0 -9999.0 65.9 56.7 90.1 52.9 44.1 61.2 89.5 93.3 85.2 103.8 90.0 90.6 90.1 86.4 103.5 108.8 117.0 114.5 102.7 90.1 84.5 88.8 87.8 83.4 58.4 44.3 35.9
-9999.0 -9999.0 -9999.0 -9999.0 -9999.0 -9999.0 -9999.0 -9999.0 -9999.0 -9999.0 -9999.0 -9999.0 -9999.0 -9999.0 -9999.0 -9999.0 -9999.0 -9999.0 -9999.0 -9999.0 -9999.0 -9999.0 -9999.0 -9999.0 -9999.0 -9999.0 -9999.0 -9999.0 -9999.0 -9999.0 -9999.0 -9999.0 -9999.0 -9999.0 -9999.0 -9999.0 -9999.0 -9999.0 -9999.0 -9999.0 -9999.0 -9999.0 -9999.0 -9999.0 -9999.0 -9999.0 -9999.0 -9999.0 -9999.0 -9999.0 -9999.0 -9999.0 -9999.0 85.8 53.4 83.4 68.2 57.0 76.9 99.5 133.3 137.6 147.4 136.8 99.4 97.4 -9999.0 100.3 100.9 96.0 89.3 74.7 59.0 56.0 68.5 72.9 74.0 47.4 15.5 19.6
-9999.0 -9999.0 -9999.0 -9999.0 -9999.0 -9999.0 -9999.0 -9999.0 -9999.0 -9999.0 -9999.0 -9999.0 -9999.0 -9999.0 -9999.0 -9999.0 -9999.0 -9999.0 -9999.0 -9999.0 -9999.0 -9999.0 -9999.0 -9999.0 -9999.0 -9999.0 -9999.0 -9999.0 -9999.0 -9999.0 -9999.0 -9999.0 -9999.0 -9999.0 -9999.0 -9999.0 -9999.0 -9999.0 -9999.0 -9999.0 -9999.0 -9999.0 -9999.0 -9999.0 -9999.0 -9999.0 -9999.0 -9999.0 -9999.0 -9999.0 -9999.0 -9999.0 -9999.0 111.2 91.6 81.6 51.9 47.4 89.9 131.6 110.7 152.1 148.1 -9999.0 -9999.0 -9999.0 -9999.0 -9999.0 82.7 74.9 63.3 51.6 40.3 39.2 53.4 67.4 63.2 41.0 22.2 18.1
-9999.0 -9999.0 -9999.0 -9999.0 -9999.0 -9999.0 -9999.0 -9999.0 -9999.0 -9999.0 -9999.0 -9999.0 -9999.0 -9999.0 -9999.0 -9999.0 -9999.0 -9999.0 -9999.0 -9999.0 -9999.0 -9999.0 -9999.0 -9999.0 -9999.0 -9999.0 -9999.0 -9999.0 -9999.0 -9999.0 -9999.0 -9999.0 -9999.0 -9999.0 -9999.0 -9999.0 -9999.0 -9999.0 -9999.0 -9999.0 -9999.0 -9999.0 -9999.0 -9999.0 -9999.0 -9999.0 -9999.0 -9999.0 -9999.0 -9999.0 -9999.0 -9999.0 -9999.0 -9999.0 -9999.0 76.6 106.1 73.7 75.4 113.5 125.2 -9999.0 -9999.0 -9999.0 -9999.0 -9999.0 -9999.0 -9999.0 -9999.0 55.7 45.0 38.8 32.6 34.1 43.2 50.5 45.7 32.7 21.4 18.1
-9999.0 -9999.0 -9999.0 -9999.0 -9999.0 -9999.0 -9999.0 -9999.0 -9999.0 -9999.0 -9999.0 -9999.0 -9999.0 -9999.0 -9999.0 -9999.0 -9999.0 -9999.0 -9999.0 -9999.0 -9999.0 -9999.0 -9999.0 -9999.0 -9999.0 -9999.0 -9999.0 -9999.0 -9999.0 -9999.0 -9999.0 -9999.0 -9999.0 -9999.0 -9999.0 -9999.0 -9999.0 -9999.0 -9999.0 -9999.0 -9999.0 -9999.0 -9999.0 -9999.0 -9999.0 -9999.0 -9999.0 -9999.0 -9999.0 -9999.0 -9999.0 -9999.0 -9999.0 -9999.0 -9999.0 -9999.0 33.9 68.3 91.4 93.7 117.7 -9999.0 -9999.0 -9999.0 -9999.0 -9999.0 -9999.0 -9999.0 -9999.0 -9999.0 -9999.0 -9999.0 25.7 28.6 34.7 38.3 35.5 33.4 29.1 -9999.0
-9999.0 -9999.0 -9999.0 -9999.0 -9999.0 -9999.0 -9999.0 -9999.0 -9999.0 -9999.0 -9999.0 -9999.0 -9999.0 -9999.0 -9999.0 -9999.0 -9999.0 -9999.0 -9999.0 -9999.0 -9999.0 -9999.0 -9999.0 -9999.0 -9999.0 -9999.0 -9999.0 -9999.0 -9999.0 -9999.0 -9999.0 -9999.0 -9999.0 -9999.0 -9999.0 -9999.0 -9999.0 -9999.0 -9999.0 -9999.0 -9999.0 -9999.0 -9999.0 -9999.0 -9999.0 -9999.0 -9999.0 -9999.0 -9999.0 -9999.0 -9999.0 -9999.0 -9999.0 -9999.0 -9999.0 -9999.0 -9999.0 -9999.0 -9999.0 -9999.0 -9999.0 -9999.0 -9999.0 -9999.0 -9999.0 -9999.0 -9999.0 -9999.0 -9999.0 -9999.0 -9999.0 -9999.0 -9999.0 22.3 29.4 38.2 45.9 50.3 53.5 57.1
-9999.0 -9999.0 -9999.0 -9999.0 -9999.0 -9999.0 -9999.0 -9999.0 -9999.0 -9999.0 -9999.0 -9999.0 -9999.0 -9999.0 -9999.0 -9999.0 -9999.0 -9999.0 -9999.0 -9999.0 -9999.0 -9999.0 -9999.0 -9999.0 -9999.0 -9999.0 -9999.0 -9999.0 -9999.0 -9999.0 -9999.0 -9999.0 -9999.0 -9999.0 -9999.0 -9999.0 -9999.0 -9999.0 -9999.0 -9999.0 -9999.0 -9999.0 -9999.0 -9999.0 -9999.0 -9999.0 -9999.0 -9999.0 -9999.0 -9999.0 -9999.0 -9999.0 -9999.0 -9999.0 -9999.0 -9999.0 -9999.0 -9999.0 -9999.0 -9999.0 -9999.0 -9999.0 -9999.0 -9999.0 -9999.0 -9999.0 -9999.0 -9999.0 -9999.0 -9999.0 -9999.0 -9999.0 12.7 17.9 29.5 43.7 72.2 93.3 108.6 117.1
-9999.0 -9999.0 -9999.0 -9999.0 -9999.0 -9999.0 -9999.0 -9999.0 -9999.0 -9999.0 -9999.0 -9999.0 -9999.0 -9999.0 -9999.0 -9999.0 -9999.0 -9999.0 -9999.0 -9999.0 -9999.0 -9999.0 -9999.0 -9999.0 -9999.0 -9999.0 -9999.0 -9999.0 -9999.0 -9999.0 -9999.0 -9999.0 -9999.0 -9999.0 -9999.0 -9999.0 -9999.0 -9999.0 -9999.0 -9999.0 -9999.0 -9999.0 -9999.0 -9999.0 -9999.0 -9999.0 -9999.0 -9999.0 -9999.0 -9999.0 -9999.0 -9999.0 -9999.0 -9999.0 -9999.0 -9999.0 -9999.0 -9999.0 -9999.0 -9999.0 -9999.0 -9999.0 -9999.0 -9999.0 -9999.0 -9999.0 -9999.0 -9999.0 -9999.0 -9999.0 -9999.0 -9999.0 8.7 15.2 11.9 55.9 102.4 183.9 207.2 -9999.0
