program/excelProcessViaJava/data/SURF_CLI_CHN_PRE_MON_GRID_0.5-199205.txt
NCOLS      128
NROWS       72
XLLCORNER    72.000000000000    
YLLCORNER    18.000000000000    
CELLSIZE    0.50000000000000    
NODATA_VALUE   -9999.000    
[rows 34 to 67 of 72, columns 0 to 76 of 128]
-9999.0 -9999.0 -9999.0 -9999.0 22.0 15.6 20.2 11.6 19.6 17.9 10.4 16.5 16.1 17.1 17.8 18.4 16.5 11.7 7.8 6.5 7.0 7.1 6.8 5.5 4.3 4.6 5.1 6.0 7.0 8.4 9.8 12.3 12.6 13.6 15.0 13.8 17.1 20.3 14.0 8.8 14.8 5.4 5.2 4.4 4.8 4.9 4.3 3.7 4.2 7.9 13.7 21.5 42.7 32.5 29.6 37.3 49.4 67.2 85.2 78.6 96.2 83.0 66.9 50.2 28.7 19.9 29.4 29.7 34.5 39.2 28.8 27.8 30.8 36.9 41.9 44.1 42.3
-9999.0 -9999.0 -9999.0 -9999.0 -9999.0 -9999.0 -9999.0 9.6 11.6 9.7 13.1 12.7 11.9 12.3 12.2 14.7 12.8 11.9 9.9 8.6 6.2 4.5 3.9 3.9 4.0 4.4 4.9 5.9 7.2 9.1 10.8 12.5 13.8 15.6 17.8 16.2 19.7 18.0 22.8 24.6 13.1 31.3 30.4 21.7 13.9 7.9 10.1 7.7 11.4 9.3 13.5 21.9 30.9 55.2 48.2 32.7 40.3 50.9 76.1 71.3 81.0 75.6 63.1 52.9 40.2 26.3 27.3 33.5 35.4 37.1 30.5 29.6 37.6 47.1 51.6 54.3 53.8
-9999.0 -9999.0 -9999.0 -9999.0 -9999.0 -9999.0 -9999.0 12.0 5.6 8.2 8.8 8.1 8.5 8.3 8.3 6.8 7.4 6.7 4.8 5.0 4.4 3.4 3.4 3.4 3.6 4.0 4.7 5.7 7.0 8.6 10.8 12.7 14.4 17.2 16.7 17.4 16.5 18.7 18.6 17.9 20.3 22.8 27.5 40.1 25.3 16.8 20.4 21.8 36.3 32.9 53.2 51.2 38.0 42.3 52.7 37.8 45.3 60.1 72.5 73.6 65.8 69.1 71.9 64.4 43.2 28.5 27.0 33.2 44.1 40.2 37.3 37.7 46.8 58.5 51.8 59.3 64.1
-9999.0 -9999.0 -9999.0 -9999.0 -9999.0 -9999.0 -9999.0 -9999.0 -9999.0 5.5 5.4 5.5 5.9 5.8 5.9 5.9 4.9 3.4 3.6 2.6 2.8 2.9 2.9 2.9 3.2 3.8 4.4 5.5 7.0 8.8 10.4 12.5 14.4 16.6 16.1 16.4 15.8 16.6 15.0 16.3 16.0 20.5 22.8 24.0 30.1 31.7 33.3 33.7 36.6 39.2 46.5 45.9 44.8 43.3 52.9 46.3 51.7 63.7 73.8 67.7 59.2 57.5 58.7 68.4 52.5 36.5 34.4 40.2 53.8 50.6 47.3 44.3 52.6 65.0 67.8 39.2 38.9
-9999.0 -9999.0 -9999.0 -9999.0 -9999.0 -9999.0 -9999.0 -9999.0 -9999.0 -9999.0 -9999.0 4.2 4.0 3.9 4.0 3.6 3.5 3.3 3.0 2.5 1.9 2.1 2.1 2.4 2.3 3.1 3.8 5.1 6.7 8.7 10.8 13.5 15.0 16.8 17.3 20.6 17.5 16.6 22.2 14.9 17.4 16.9 18.9 22.1 33.2 30.8 42.0 38.6 42.2 41.8 39.4 42.9 46.0 50.1 56.0 56.3 61.5 71.8 73.3 65.5 59.4 53.3 57.7 68.0 63.0 52.1 42.8 51.9 62.7 63.4 55.5 51.9 55.8 60.6 44.2 32.5 27.6
-9999.0 -9999.0 -9999.0 -9999.0 -9999.0 -9999.0 -9999.0 -9999.0 -9999.0 -9999.0 -9999.0 -9999.0 2.8 3.1 2.6 2.8 2.0 2.2 1.9 1.3 2.0 1.7 1.7 2.0 1.6 2.7 3.8 4.7 6.4 8.4 11.0 13.5 15.9 18.8 20.6 20.7 24.4 19.3 15.6 12.7 11.9 13.7 17.4 24.2 28.8 34.7 41.1 38.8 40.7 41.0 46.7 48.0 48.2 50.0 55.0 61.1 68.3 76.0 73.4 71.4 59.9 59.5 60.9 66.8 79.9 78.2 70.0 77.8 81.7 79.0 63.6 55.7 54.2 54.9 52.1 92.4 49.9
-9999.0 -9999.0 -9999.0 -9999.0 -9999.0 -9999.0 -9999.0 -9999.0 -9999.0 -9999.0 -9999.0 -9999.0 2.0 2.3 2.7 1.9 2.5 2.0 1.3 1.3 1.2 1.1 1.2 1.7 2.4 2.6 3.4 5.0 6.3 8.7 10.9 13.9 16.7 19.2 21.8 22.5 25.5 25.0 21.1 17.3 14.2 15.1 22.0 23.6 31.6 39.3 40.2 42.4 40.2 42.9 42.9 47.8 50.2 56.2 60.2 66.4 74.2 81.3 83.3 73.0 62.4 60.7 66.2 73.1 84.7 98.0 71.4 81.2 85.1 89.7 91.0 103.4 107.9 87.0 81.8 59.0 47.5
-9999.0 -9999.0 -9999.0 -9999.0 -9999.0 -9999.0 -9999.0 -9999.0 -9999.0 -9999.0 -9999.0 -9999.0 -9999.0 1.6 1.4 2.2 1.5 1.8 1.8 1.6 1.2 1.5 1.0 1.8 1.9 1.7 2.5 3.4 5.5 7.9 10.9 13.9 17.1 20.4 21.9 24.1 25.9 27.4 33.6 25.9 22.5 23.9 25.8 33.2 35.3 39.0 45.7 51.2 53.3 51.7 50.7 51.3 56.7 64.3 67.5 72.9 81.4 86.6 85.7 83.0 72.1 65.6 70.0 74.2 67.5 99.1 125.6 121.8 115.2 101.7 84.9 84.0 91.8 94.6 99.8 74.9 66.6
-9999.0 -9999.0 -9999.0 -9999.0 -9999.0 -9999.0 -9999.0 -9999.0 -9999.0 -9999.0 -9999.0 -9999.0 1.2 1.1 1.2 1.6 1.0 1.2 1.1 1.8 1.7 1.5 1.3 1.6 2.0 1.6 2.5 3.9 5.6 7.6 10.5 13.9 16.8 19.8 22.9 25.1 29.7 29.3 29.3 28.4 33.2 37.7 42.1 37.2 43.0 47.8 52.0 58.0 61.6 60.9 60.5 62.4 64.2 68.4 74.7 80.2 82.0 101.7 94.0 90.0 78.3 74.5 75.2 87.5 97.0 117.0 98.7 115.8 143.8 157.7 146.3 127.7 105.3 81.9 72.4 60.0 46.3
-9999.0 -9999.0 -9999.0 -9999.0 -9999.0 -9999.0 -9999.0 -9999.0 -9999.0 -9999.0 -9999.0 -9999.0 1.1 1.5 1.4 0.8 0.8 1.6 1.6 1.0 1.8 1.1 1.2 1.4 2.1 2.7 3.3 4.3 5.6 8.1 10.7 13.3 16.0 18.9 21.2 24.1 26.7 30.8 32.3 30.4 32.1 35.0 40.4 46.2 50.9 54.9 59.7 63.1 66.2 69.8 65.3 64.0 67.8 75.3 81.6 92.2 88.9 90.9 99.4 92.5 89.7 91.1 85.7 87.6 102.3 107.1 151.8 131.0 127.1 144.3 162.4 162.6 145.0 135.3 126.6 96.6 68.1
-9999.0 -9999.0 -9999.0 -9999.0 -9999.0 -9999.0 -9999.0 -9999.0 -9999.0 -9999.0 -9999.0 -9999.0 1.4 1.1 1.7 1.6 1.7 0.8 1.2 1.2 0.7 0.7 1.3 1.1 1.6 1.4 2.3 2.5 5.4 7.4 9.9 11.6 15.3 17.7 19.2 21.3 24.6 29.0 31.7 35.0 37.3 43.7 52.7 56.8 58.5 60.2 60.5 60.0 63.6 61.9 58.9 59.4 62.5 65.1 69.3 92.4 86.8 87.6 92.0 101.5 101.7 102.9 118.0 104.1 96.6 107.8 136.3 156.5 175.0 190.3 210.0 217.0 194.8 176.5 202.0 148.7 174.2
-9999.0 -9999.0 -9999.0 -9999.0 -9999.0 -9999.0 -9999.0 -9999.0 -9999.0 -9999.0 -9999.0 -9999.0 -9999.0 1.0 1.1 1.8 1.6 1.9 1.2 1.0 0.6 1.2 0.9 0.9 1.9 2.0 2.7 3.9 4.2 7.4 7.7 10.7 13.2 15.7 16.8 20.1 23.4 26.9 32.2 36.6 43.3 54.7 62.3 64.7 62.8 57.6 53.4 47.6 46.1 43.6 40.8 47.2 49.9 55.8 58.5 61.9 77.2 81.9 85.9 95.4 107.6 131.9 134.5 108.2 88.1 104.6 137.1 177.1 209.5 248.0 261.5 246.4 222.2 183.9 185.4 165.5 154.8
-9999.0 -9999.0 -9999.0 -9999.0 -9999.0 -9999.0 -9999.0 -9999.0 -9999.0 -9999.0 -9999.0 -9999.0 -9999.0 2.5 1.4 2.2 1.3 2.6 2.4 1.9 0.9 1.0 1.0 1.3 3.2 2.6 2.7 4.2 4.6 3.6 5.7 8.3 11.4 13.1 14.9 17.2 19.8 25.4 32.8 43.6 48.3 58.1 65.4 65.8 62.8 51.4 42.4 30.3 25.9 23.4 28.5 23.9 36.1 44.0 48.4 47.6 50.1 58.5 72.6 81.2 111.3 114.4 130.0 108.5 97.5 107.4 141.9 185.8 230.9 259.3 266.0 238.0 206.1 202.9 209.2 212.9 216.7
-9999.0 -9999.0 -9999.0 -9999.0 -9999.0 -9999.0 -9999.0 -9999.0 -9999.0 -9999.0 -9999.0 -9999.0 -9999.0 -9999.0 -9999.0 2.8 3.4 2.8 3.5 4.3 2.1 3.0 3.2 2.8 2.5 2.7 1.6 2.6 2.3 4.4 5.0 7.1 8.8 11.1 12.5 17.3 22.6 23.8 31.7 39.6 48.4 55.6 59.6 58.4 52.3 43.0 30.2 18.0 15.1 6.5 11.0 27.8 23.3 29.1 21.8 31.4 34.2 31.9 64.8 91.7 79.8 129.5 154.8 133.5 116.9 117.8 142.2 178.5 217.2 256.3 247.4 199.1 203.7 207.8 206.8 236.0 231.9
-9999.0 -9999.0 -9999.0 -9999.0 -9999.0 -9999.0 -9999.0 -9999.0 -9999.0 -9999.0 -9999.0 -9999.0 -9999.0 -9999.0 -9999.0 -9999.0 -9999.0 20.8 13.7 -9999.0 11.5 4.6 7.6 7.3 4.0 4.3 2.3 2.9 4.2 3.2 4.8 7.5 8.0 10.2 11.4 13.1 22.0 23.2 29.3 35.6 41.1 47.7 47.3 44.6 61.8 36.1 75.0 19.1 6.3 6.9 4.0 8.1 9.6 22.9 26.4 27.7 21.6 44.0 60.1 89.9 74.9 133.6 155.4 148.0 136.4 132.2 148.2 182.3 215.8 248.8 219.8 221.4 210.8 184.2 210.4 234.9 229.9
-9999.0 -9999.0 -9999.0 -9999.0 -9999.0 -9999.0 -9999.0 -9999.0 -9999.0 -9999.0 -9999.0 -9999.0 -9999.0 -9999.0 -9999.0 -9999.0 -9999.0 -9999.0 -9999.0 -9999.0 -9999.0 12.5 9.1 5.1 7.3 12.5 10.2 8.0 5.7 7.1 6.2 12.5 11.5 11.5 12.7 13.9 16.5 21.2 26.8 31.8 30.7 36.3 36.4 32.1 53.4 22.8 122.5 12.2 13.9 50.9 5.9 22.2 24.6 13.0 19.2 29.0 34.7 35.5 83.0 89.6 75.7 110.8 136.7 144.6 138.7 135.7 153.7 188.6 220.6 253.9 246.3 220.1 191.7 165.4 179.6 205.9 220.3
-9999.0 -9999.0 -9999.0 -9999.0 -9999.0 -9999.0 -9999.0 -9999.0 -9999.0 -9999.0 -9999.0 -9999.0 -9999.0 -9999.0 -9999.0 -9999.0 -9999.0 -9999.0 -9999.0 -9999.0 -9999.0 -9999.0 -9999.0 41.7 18.7 19.1 17.1 12.3 6.6 8.6 7.6 8.9 11.3 14.2 17.5 19.7 24.0 23.4 28.1 29.7 26.5 29.1 20.6 21.1 47.7 176.6 42.6 22.4 28.2 29.5 8.5 16.6 13.1 17.7 14.7 9.8 30.7 56.5 43.6 101.8 87.0 122.5 137.6 110.6 108.7 121.3 152.5 190.7 228.7 260.4 252.6 225.1 190.4 187.2 179.8 208.3 242.1
-9999.0 -9999.0 -9999.0 -9999.0 -9999.0 -9999.0 -9999.0 -9999.0 -9999.0 -9999.0 -9999.0 -9999.0 -9999.0 -9999.0 -9999.0 -9999.0 -9999.0 -9999.0 -9999.0 -9999.0 -9999.0 -9999.0 -9999.0 -9999.0 -9999.0 86.1 43.5 10.2 10.0 9.6 10.8 17.0 21.1 22.1 25.6 28.5 36.4 29.4 33.2 25.4 28.5 16.3 48.4 42.1 135.2 197.9 120.6 221.5 13.0 28.9 17.0 17.6 24.5 24.9 14.2 13.2 29.9 41.1 82.7 111.1 133.0 139.6 207.8 74.3 73.9 97.4 139.3 176.5 212.4 234.8 245.7 225.1 184.5 199.8 213.8 230.5 259.0
-9999.0 -9999.0 -9999.0 -9999.0 -9999.0 -9999.0 -9999.0 -9999.0 -9999.0 -9999.0 -9999.0 -9999.0 -9999.0 -9999.0 -9999.0 -9999.0 -9999.0 -9999.0 -9999.0 -9999.0 -9999.0 -9999.0 -9999.0 -9999.0 -9999.0 -9999.0 -9999.0 118.1 113.9 49.2 42.2 41.7 27.4 48.4 38.7 69.1 38.9 36.4 37.5 26.0 22.9 17.9 67.1 150.0 173.6 212.3 246.0 252.0 245.7 94.4 161.2 138.2 28.2 25.7 17.2 20.2 21.9 40.0 81.8 100.2 75.6 136.7 74.9 61.6 74.3 73.0 128.1 185.9 226.9 235.7 227.2 212.4 192.8 208.7 223.8 246.5 261.8
-9999.0 -9999.0 -9999.0 -9999.0 -9999.0 -9999.0 -9999.0 -9999.0 -9999.0 -9999.0 -9999.0 -9999.0 -9999.0 -9999.0 -9999.0 -9999.0 -9999.0 -9999.0 -9999.0 -9999.0 -9999.0 -9999.0 -9999.0 -9999.0 -9999.0 -9999.0 -9999.0 -9999.0 -9999.0 -9999.0 -9999.0 -9999.0 -9999.0 95.7 59.7 -9999.0 -9999.0 -9999.0 77.5 38.1 51.6 77.3 61.9 179.3 222.6 233.7 -9999.0 -9999.0 -9999.0 -9999.0 -9999.0 -9999.0 64.5 26.8 23.9 16.2 20.4 35.7 62.4 68.0 81.6 110.6 70.0 56.1 49.4 68.5 128.0 200.7 235.7 227.9 207.3 193.8 199.9 211.8 237.2 248.3 237.2
-9999.0 -9999.0 -9999.0 -9999.0 -9999.0 -9999.0 -9999.0 -9999.0 -9999.0 -9999.0 -9999.0 -9999.0 -9999.0 -9999.0 -9999.0 -9999.0 -9999.0 -9999.0 -9999.0 -9999.0 -9999.0 -9999.0 -9999.0 -9999.0 -9999.0 -9999.0 -9999.0 -9999.0 -9999.0 -9999.0 -9999.0 -9999.0 -9999.0 -9999.0 -9999.0 -9999.0 -9999.0 -9999.0 -9999.0 173.2 175.1 184.7 196.9 208.3 -9999.0 -9999.0 -9999.0 -9999.0 -9999.0 -9999.0 -9999.0 -9999.0 62.4 31.4 18.8 11.9 12.8 23.3 36.2 45.7 53.3 73.9 79.8 57.8 70.6 91.0 140.9 209.6 242.2 235.5 213.6 202.0 201.7 219.9 236.6 244.4 227.3
-9999.0 -9999.0 -9999.0 -9999.0 -9999.0 -9999.0 -9999.0 -9999.0 -9999.0 -9999.0 -9999.0 -9999.0 -9999.0 -9999.0 -9999.0 -9999.0 -9999.0 -9999.0 -9999.0 -9999.0 -9999.0 -9999.0 -9999.0 -9999.0 -9999.0 -9999.0 -9999.0 -9999.0 -9999.0 -9999.0 -9999.0 -9999.0 -9999.0 -9999.0 -9999.0 -9999.0 -9999.0 -9999.0 -9999.0 -9999.0 -9999.0 -9999.0 -9999.0 -9999.0 -9999.0 -9999.0 -9999.0 -9999.0 -9999.0 -9999.0 -9999.0 -9999.0 107.0 37.8 20.4 18.9 10.4 19.9 35.2 48.5 51.5 60.0 135.4 72.7 83.1 93.7 139.9 204.2 247.8 258.3 248.8 242.6 257.7 239.9 249.5 276.0 264.6
-9999.0 -9999.0 -9999.0 -9999.0 -9999.0 -9999.0 -9999.0 -9999.0 -9999.0 -9999.0 -9999.0 -9999.0 -9999.0 -9999.0 -9999.0 -9999.0 -9999.0 -9999.0 -9999.0 -9999.0 -9999.0 -9999.0 -9999.0 -9999.0 -9999.0 -9999.0 -9999.0 -9999.0 -9999.0 -9999.0 -9999.0 -9999.0 -9999.0 -9999.0 -9999.0 -9999.0 -9999.0 -9999.0 -9999.0 -9999.0 -9999.0 -9999.0 -9999.0 -9999.0 -9999.0 -9999.0 -9999.0 -9999.0 -9999.0 -9999.0 -9999.0 115.9 74.3 45.2 24.4 15.7 16.1 31.7 46.4 54.9 67.4 70.9 73.8 85.7 92.7 99.1 126.5 143.3 227.6 261.7 283.9 297.0 278.7 260.3 296.1 349.8 336.6
-9999.0 -9999.0 -9999.0 -9999.0 -9999.0 -9999.0 -9999.0 -9999.0 -9999.0 -9999.0 -9999.0 -9999.0 -9999.0 -9999.0 -9999.0 -9999.0 -9999.0 -9999.0 -9999.0 -9999.0 -9999.0 -9999.0 -9999.0 -9999.0 -9999.0 -9999.0 -9999.0 -9999.0 -9999.0 -9999.0 -9999.0 -9999.0 -9999.0 -9999.0 -9999.0 -9999.0 -9999.0 -9999.0 -9999.0 -9999.0 -9999.0 -9999.0 -9999.0 -9999.0 -9999.0 -9999.0 -9999.0 -9999.0 -9999.0 -9999.0 144.8 105.5 79.9 60.6 40.7 34.9 33.0 40.1 57.6 67.3 61.8 71.7 76.3 94.9 107.4 109.4 118.1 128.0 201.0 238.8 311.1 324.6 329.8 354.7 380.9 399.7 442.3
-9999.0 -9999.0 -9999.0 -9999.0 -9999.0 -9999.0 -9999.0 -9999.0 -9999.0 -9999.0 -9999.0 -9999.0 -9999.0 -9999.0 -9999.0 -9999.0 -9999.0 -9999.0 -9999.0 -9999.0 -9999.0 -9999.0 -9999.0 -9999.0 -9999.0 -9999.0 -9999.0 -9999.0 -9999.0 -9999.0 -9999.0 -9999.0 -9999.0 -9999.0 -9999.0 -9999.0 -9999.0 -9999.0 -9999.0 -9999.0 -9999.0 -9999.0 -9999.0 -9999.0 -9999.0 -9999.0 -9999.0 -9999.0 -9999.0 -9999.0 135.3 117.5 89.1 83.0 74.4 65.5 50.8 69.8 74.2 67.6 60.9 59.8 69.7 91.8 114.6 115.6 117.1 105.9 160.4 208.3 298.3 351.8 380.3 404.9 425.8 438.2 408.2
-9999.0 -9999.0 -9999.0 -9999.0 -9999.0 -9999.0 -9999.0 -9999.0 -9999.0 -9999.0 -9999.0 -9999.0 -9999.0 -9999.0 -9999.0 -9999.0 -9999.0 -9999.0 -9999.0 -9999.0 -9999.0 -9999.0 -9999.0 -9999.0 -9999.0 -9999.0 -9999.0 -9999.0 -9999.0 -9999.0 -9999.0 -9999.0 -9999.0 -9999.0 -9999.0 -9999.0 -9999.0 -9999.0 -9999.0 -9999.0 -9999.0 -9999.0 -9999.0 -9999.0 -9999.0 -9999.0 -9999.0 -9999.0 -9999.0 -9999.0 128.5 120.8 99.0 121.7 100.0 97.6 106.6 85.0 87.1 66.6 68.1 65.1 69.1 86.6 109.5 128.5 132.6 125.0 138.0 249.3 263.0 401.4 355.0 419.9 396.2 407.3 375.9
-9999.0 -9999.0 -9999.0 -9999.0 -9999.0 -9999.0 -9999.0 -9999.0 -9999.0 -9999.0 -9999.0 -9999.0 -9999.0 -9999.0 -9999.0 -9999.0 -9999.0 -9999.0 -9999.0 -9999.0 -9999.0 -9999.0 -9999.0 -9999.0 -9999.0 -9999.0 -9999.0 -9999.0 -9999.0 -9999.0 -9999.0 -9999.0 -9999.0 -9999.0 -9999.0 -9999.0 -9999.0 -9999.0 -9999.0 -9999.0 -9999.0 -9999.0 -9999.0 -9999.0 -9999.0 -9999.0 -9999.0 -9999.0 -9999.0 -9999.0 141.5 145.8 130.5 137.6 138.2 142.2 99.8 98.4 87.4 76.7 90.4 88.2 98.4 99.6 116.3 142.8 184.6 206.6 260.4 107.8 215.1 265.3 323.7 361.3 336.1 376.4 370.8
-9999.0 -9999.0 -9999.0 -9999.0 -9999.0 -9999.0 -9999.0 -9999.0 -9999.0 -9999.0 -9999.0 -9999.0 -9999.0 -9999.0 -9999.0 -9999.0 -9999.0 -9999.0 -9999.0 -9999.0 -9999.0 -9999.0 -9999.0 -9999.0 -9999.0 -9999.0 -9999.0 -9999.0 -9999.0 -9999.0 -9999.0 -9999.0 -9999.0 -9999.0 -9999.0 -9999.0 -9999.0 -9999.0 -9999.0 -9999.0 -9999.0 -9999.0 -9999.0 -9999.0 -9999.0 -9999.0 -9999.0 -9999.0 -9999.0 -9999.0 -9999.0 -9999.0 -9999.0 131.8 132.0 128.2 117.8 105.9 79.9 91.4 152.9 138.4 149.8 144.5 141.0 159.7 220.6 199.3 252.3 216.9 170.2 180.4 219.7 252.7 283.0 318.5 358.2
-9999.0 -9999.0 -9999.0 -9999.0 -9999.0 -9999.0 -9999.0 -9999.0 -9999.0 -9999.0 -9999.0 -9999.0 -9999.0 -9999.0 -9999.0 -9999.0 -9999.0 -9999.0 -9999.0 -9999.0 -9999.0 -9999.0 -9999.0 -9999.0 -9999.0 -9999.0 -9999.0 -9999.0 -9999.0 -9999.0 -9999.0 -9999.0 -9999.0 -9999.0 -9999.0 -9999.0 -9999.0 -9999.0 -9999.0 -9999.0 -9999.0 -9999.0 -9999.0 -9999.0 -9999.0 -9999.0 -9999.0 -9999.0 -9999.0 -9999.0 -9999.0 -9999.0 -9999.0 123.1 111.0 148.2 103.6 87.9 92.3 141.0 153.8 177.3 233.9 192.1 176.2 173.9 123.1 261.0 149.5 134.5 109.5 134.1 175.3 197.9 218.4 275.6 303.4
-9999.0 -9999.0 -9999.0 -9999.0 -9999.0 -9999.0 -9999.0 -9999.0 -9999.0 -9999.0 -9999.0 -9999.0 -9999.0 -9999.0 -9999.0 -9999.0 -9999.0 -9999.0 -9999.0 -9999.0 -9999.0 -9999.0 -9999.0 -9999.0 -9999.0 -9999.0 -9999.0 -9999.0 -9999.0 -9999.0 -9999.0 -9999.0 -9999.0 -9999.0 -9999.0 -9999.0 -9999.0 -9999.0 -9999.0 -9999.0 -9999.0 -9999.0 -9999.0 -9999.0 -9999.0 -9999.0 -9999.0 -9999.0 -9999.0 -9999.0 -9999.0 -9999.0 -9999.0 106.3 79.9 105.8 98.6 92.4 102.4 123.8 187.4 231.4 290.1 282.2 162.5 -9999.0 -9999.0 -9999.0 177.5 109.3 131.1 179.6 187.3 165.2 173.9 234.9 262.4
-9999.0 -9999.0 -9999.0 -9999.0 -9999.0 -9999.0 -9999.0 -9999.0 -9999.0 -9999.0 -9999.0 -9999.0 -9999.0 -9999.0 -9999.0 -9999.0 -9999.0 -9999.0 -9999.0 -9999.0 -9999.0 -9999.0 -9999.0 -9999.0 -9999.0 -9999.0 -9999.0 -9999.0 -9999.0 -9999.0 -9999.0 -9999.0 -9999.0 -9999.0 -9999.0 -9999.0 -9999.0 -9999.0 -9999.0 -9999.0 -9999.0 -9999.0 -9999.0 -9999.0 -9999.0 -9999.0 -9999.0 -9999.0 -9999.0 -9999.0 -9999.0 -9999.0 -9999.0 -9999.0 85.6 85.9 78.8 85.5 112.0 156.2 151.8 -9999.0 -9999.0 -9999.0 -9999.0 -9999.0 -9999.0 -9999.0 123.7 165.9 258.1 236.4 202.4 155.1 142.9 181.6 254.1
-9999.0 -9999.0 -9999.0 -9999.0 -9999.0 -9999.0 -9999.0 -9999.0 -9999.0 -9999.0 -9999.0 -9999.0 -9999.0 -9999.0 -9999.0 -9999.0 -9999.0 -9999.0 -9999.0 -9999.0 -9999.0 -9999.0 -9999.0 -9999.0 -9999.0 -9999.0 -9999.0 -9999.0 -9999.0 -9999.0 -9999.0 -9999.0 -9999.0 -9999.0 -9999.0 -9999.0 -9999.0 -9999.0 -9999.0 -9999.0 -9999.0 -9999.0 -9999.0 -9999.0 -9999.0 -9999.0 -9999.0 -9999.0 -9999.0 -9999.0 -9999.0 -9999.0 -9999.0 -9999.0 -9999.0 68.9 101.7 88.6 95.3 131.8 154.8 -9999.0 -9999.0 -9999.0 -9999.0 -9999.0 -9999.0 -9999.0 -9999.0 -9999.0 237.2 -9999.0 -9999.0 -9999.0 -9999.0 -9999.0 247.7
-9999.0 -9999.0 -9999.0 -9999.0 -9999.0 -9999.0 -9999.0 -9999.0 -9999.0 -9999.0 -9999.0 -9999.0 -9999.0 -9999.0 -9999.0 -9999.0 -9999.0 -9999.0 -9999.0 -9999.0 -9999.0 -9999.0 -9999.0 -9999.0 -9999.0 -9999.0 -9999.0 -9999.0 -9999.0 -9999.0 -9999.0 -9999.0 -9999.0 -9999.0 -9999.0 -9999.0 -9999.0 -9999.0 -9999.0 -9999.0 -9999.0 -9999.0 -9999.0 -9999.0 -9999.0 -9999.0 -9999.0 -9999.0 -9999.0 -9999.0 -9999.0 -9999.0 -9999.0 -9999.0 -9999.0 -9999.0 -9999.0 -9999.0 94.8 101.0 -9999.0 -9999.0 -9999.0 -9999.0 -9999.0 -9999.0 -9999.0 -9999.0 -9999.0 -9999.0 -9999.0 -9999.0 -9999.0 -9999.0 -9999.0 172.8 234.0
-9999.0 -9999.0 -9999.0 -9999.0 -9999.0 -9999.0 -9999.0 -9999.0 -9999.0 -9999.0 -9999.0 -9999.0 -9999.0 -9999.0 -9999.0 -9999.0 -9999.0 -9999.0 -9999.0 -9999.0 -9999.0 -9999.0 -9999.0 -9999.0 -9999.0 -9999.0 -9999.0 -9999.0 -9999.0 -9999.0 -9999.0 -9999.0 -9999.0 -9999.0 -9999.0 -9999.0 -9999.0 -9999.0 -9999.0 -9999.0 -9999.0 -9999.0 -9999.0 -9999.0 -9999.0 -9999.0 -9999.0 -9999.0 -9999.0 -9999.0 -9999.0 -9999.0 -9999.0 -9999.0 -9999.0 -9999.0 -9999.0 -9999.0 -9999.0 -9999.0 -9999.0 -9999.0 -9999.0 -9999.0 -9999.0 -9999.0 -9999.0 -9999.0 -9999.0 -9999.0 -9999.0 -9999.0 -9999.0 -9999.0 -9999.0 -9999.0 -9999.0
