program/excelProcessViaJava/data/SURF_CLI_CHN_PRE_MON_GRID_0.5-199105.txt
NCOLS      128
NROWS       72
XLLCORNER    72.000000000000    
YLLCORNER    18.000000000000    
CELLSIZE    0.50000000000000    
NODATA_VALUE   -9999.000    
[rows 34 to 67 of 72, columns 0 to 76 of 128]
-9999.0 -9999.0 -9999.0 -9999.0 0.2 0.3 0.1 0.7 0.2 0.4 4.7 1.8 4.6 5.5 6.1 5.8 6.5 5.8 6.4 8.2 10.6 11.9 13.2 13.6 11.3 10.9 12.3 13.0 13.5 14.2 14.7 16.7 15.2 15.0 15.6 12.7 15.4 17.1 9.4 4.0 6.5 1.1 0.8 0.6 0.6 0.6 0.6 0.6 0.8 1.6 3.9 8.6 16.9 21.2 25.4 31.1 37.8 48.7 62.9 53.3 67.5 44.6 33.4 28.4 22.7 25.5 51.8 69.6 85.3 94.5 93.4 93.0 92.5 92.5 94.6 92.1 83.0
-9999.0 -9999.0 -9999.0 -9999.0 -9999.0 -9999.0 -9999.0 0.3 0.2 0.6 0.2 0.4 2.0 2.1 2.9 5.4 6.6 7.5 8.8 10.1 8.8 7.3 7.4 8.2 8.9 9.6 10.1 11.0 12.1 13.7 15.0 16.0 16.5 17.9 19.7 16.9 20.1 16.8 19.6 18.3 6.4 15.8 11.6 5.3 2.2 1.1 1.4 1.3 2.1 3.2 6.9 13.3 20.3 27.5 31.4 33.6 34.9 39.1 53.4 58.1 60.9 44.4 33.4 30.7 36.0 38.1 58.8 80.7 94.0 95.6 90.6 91.1 94.6 97.0 93.2 81.3 66.1
-9999.0 -9999.0 -9999.0 -9999.0 -9999.0 -9999.0 -9999.0 0.0 0.3 0.1 0.2 0.5 0.5 0.4 1.2 0.6 2.5 3.3 2.3 4.6 5.3 4.6 5.6 6.0 6.7 7.3 8.1 8.8 10.1 11.2 13.2 14.9 16.3 19.3 18.4 19.2 17.8 19.6 17.8 14.7 13.6 11.8 11.3 15.5 6.2 3.2 4.0 4.5 8.1 8.7 16.2 19.7 24.8 30.5 34.9 36.3 36.3 40.0 49.4 56.9 62.6 61.8 55.0 54.4 51.3 54.8 65.6 81.8 92.8 87.6 88.2 92.1 100.3 105.9 91.8 77.6 60.6
-9999.0 -9999.0 -9999.0 -9999.0 -9999.0 -9999.0 -9999.0 -9999.0 -9999.0 0.1 0.2 0.4 0.2 0.4 0.8 1.5 1.2 0.5 1.7 1.2 2.4 3.6 4.1 4.5 5.0 5.6 6.1 7.0 8.3 9.7 10.9 12.9 14.8 17.3 17.0 17.8 17.7 18.6 16.0 15.4 12.0 12.0 10.0 8.2 9.5 9.1 9.1 9.3 10.8 13.3 18.4 23.2 29.6 35.4 39.1 37.2 35.7 40.0 51.5 62.2 66.3 61.7 59.8 79.8 77.0 71.2 72.7 82.0 89.4 91.4 95.1 102.4 111.0 114.5 102.7 63.8 50.1
-9999.0 -9999.0 -9999.0 -9999.0 -9999.0 -9999.0 -9999.0 -9999.0 -9999.0 -9999.0 -9999.0 0.1 0.7 0.2 0.5 0.5 0.8 1.3 1.7 1.6 1.4 2.2 2.4 3.1 2.6 3.6 4.1 5.0 6.3 7.8 9.5 11.9 13.5 15.6 16.9 21.4 19.2 19.0 24.5 15.6 15.4 11.0 8.8 8.3 12.9 10.6 15.3 13.8 16.1 18.2 21.9 28.9 36.4 42.6 45.2 42.2 39.5 46.5 60.3 75.5 78.1 79.7 83.9 101.1 90.0 81.4 73.3 85.7 92.4 96.0 101.6 108.8 114.2 108.3 75.4 58.9 50.4
-9999.0 -9999.0 -9999.0 -9999.0 -9999.0 -9999.0 -9999.0 -9999.0 -9999.0 -9999.0 -9999.0 -9999.0 0.5 0.7 0.3 0.7 0.3 0.8 0.9 0.5 1.8 1.6 1.7 2.1 1.1 2.4 3.2 3.5 4.6 5.8 7.7 9.7 11.9 14.9 17.6 19.1 24.2 20.6 17.0 12.9 10.1 8.5 8.1 10.3 11.6 14.6 18.1 17.5 20.0 23.2 30.4 38.0 45.8 50.5 50.3 46.9 46.3 52.3 73.5 82.6 96.1 84.3 78.8 93.4 119.8 90.2 87.7 94.2 95.9 94.8 93.5 87.8 87.8 82.8 80.3 87.4 81.8
-9999.0 -9999.0 -9999.0 -9999.0 -9999.0 -9999.0 -9999.0 -9999.0 -9999.0 -9999.0 -9999.0 -9999.0 0.1 1.0 1.6 0.5 1.6 1.3 0.6 0.9 1.0 0.8 1.0 1.5 2.0 1.8 2.1 2.9 3.4 4.7 5.9 7.7 9.9 12.2 15.1 17.2 21.8 23.2 20.3 15.6 10.1 7.9 10.6 8.8 13.6 19.2 20.7 23.3 24.9 29.8 36.8 47.5 56.3 59.2 53.9 50.2 50.0 57.7 77.6 95.9 106.2 103.9 84.5 71.4 118.7 107.0 96.2 110.1 102.8 91.9 89.4 84.8 84.6 94.6 91.4 89.8 90.1
-9999.0 -9999.0 -9999.0 -9999.0 -9999.0 -9999.0 -9999.0 -9999.0 -9999.0 -9999.0 -9999.0 -9999.0 -9999.0 0.6 0.3 2.0 1.0 1.7 1.9 1.7 1.2 1.6 0.8 1.5 1.3 0.8 0.9 1.1 1.9 2.8 4.3 5.8 7.4 9.7 11.5 14.3 17.5 20.8 27.1 19.9 14.2 12.3 10.1 13.9 14.3 18.6 25.8 31.0 34.4 38.3 46.2 57.4 66.4 65.7 61.0 54.6 53.5 57.8 60.3 72.9 78.4 85.9 77.2 106.0 85.1 103.4 116.3 137.5 117.7 93.7 82.4 93.7 99.7 96.0 88.9 91.9 96.1
-9999.0 -9999.0 -9999.0 -9999.0 -9999.0 -9999.0 -9999.0 -9999.0 -9999.0 -9999.0 -9999.0 -9999.0 0.6 0.3 0.5 1.7 0.6 1.2 1.3 2.7 2.3 1.9 1.3 1.2 1.2 0.6 0.7 1.0 1.3 1.8 2.8 4.3 5.0 6.7 8.4 10.5 15.0 16.8 17.8 16.4 19.4 20.9 22.0 11.6 16.7 22.8 28.7 33.6 38.1 43.3 52.4 62.0 70.1 68.8 63.2 56.7 53.5 58.7 57.7 61.6 62.6 60.4 66.5 61.5 85.3 100.8 142.4 172.3 133.3 104.8 99.6 114.5 134.9 121.7 100.3 89.4 82.7
-9999.0 -9999.0 -9999.0 -9999.0 -9999.0 -9999.0 -9999.0 -9999.0 -9999.0 -9999.0 -9999.0 -9999.0 0.5 3.1 2.5 0.4 0.7 3.2 3.2 1.7 3.1 1.5 1.3 1.1 1.2 1.1 0.9 0.9 1.0 1.5 2.2 2.8 3.2 4.6 5.2 6.4 8.7 12.7 15.0 12.4 11.7 10.1 10.5 13.5 18.4 25.5 34.3 37.9 41.0 43.0 49.7 58.9 65.8 67.8 62.8 57.5 52.2 50.8 51.5 50.3 49.9 49.4 68.1 82.6 88.8 85.0 127.1 189.1 179.3 152.0 149.4 168.5 174.1 133.5 105.9 106.0 92.1
-9999.0 -9999.0 -9999.0 -9999.0 -9999.0 -9999.0 -9999.0 -9999.0 -9999.0 -9999.0 -9999.0 -9999.0 5.5 1.8 5.7 4.7 5.0 1.6 3.1 2.8 1.1 0.8 1.5 0.8 0.8 0.4 0.4 0.3 0.6 0.8 1.3 1.3 2.6 3.4 3.2 3.3 4.9 8.2 10.9 13.5 13.0 12.0 21.8 14.2 23.0 33.7 38.7 37.4 37.2 39.1 42.8 47.9 57.1 58.8 56.0 57.3 51.1 49.8 49.7 51.7 54.2 59.6 53.0 90.9 77.4 82.8 126.6 157.8 162.8 171.6 197.6 185.4 183.4 135.1 72.7 107.2 98.6
-9999.0 -9999.0 -9999.0 -9999.0 -9999.0 -9999.0 -9999.0 -9999.0 -9999.0 -9999.0 -9999.0 -9999.0 -9999.0 1.2 2.2 7.0 6.1 7.1 3.9 2.8 0.9 2.3 1.1 0.6 1.1 0.6 0.5 0.5 0.3 0.6 0.5 0.9 1.3 2.2 1.8 1.8 3.0 5.9 10.1 13.6 17.6 30.7 39.0 37.7 31.7 34.9 39.5 34.9 37.1 34.6 31.3 39.9 42.5 48.8 50.2 50.6 54.8 55.5 54.9 54.3 59.8 52.5 73.0 108.9 54.2 75.1 95.6 116.8 133.4 167.0 217.8 250.2 194.2 233.2 160.8 153.6 138.6
-9999.0 -9999.0 -9999.0 -9999.0 -9999.0 -9999.0 -9999.0 -9999.0 -9999.0 -9999.0 -9999.0 -9999.0 -9999.0 16.8 4.9 10.7 5.1 11.4 9.7 6.8 2.3 2.0 1.3 1.2 2.4 0.9 0.5 0.5 0.3 0.1 0.2 0.3 0.8 1.1 0.9 1.2 2.4 5.4 10.9 22.1 27.5 38.6 47.8 51.2 59.5 47.3 43.8 36.6 31.8 27.2 28.8 24.1 33.0 42.2 48.1 48.8 54.6 59.9 61.8 83.4 74.8 112.9 111.4 56.2 70.0 88.4 100.3 115.4 142.8 191.5 240.1 240.4 227.6 199.1 183.9 170.3 164.1
-9999.0 -9999.0 -9999.0 -9999.0 -9999.0 -9999.0 -9999.0 -9999.0 -9999.0 -9999.0 -9999.0 -9999.0 -9999.0 -9999.0 -9999.0 15.5 17.8 13.5 15.2 15.9 6.8 7.9 6.6 4.0 2.0 1.2 0.3 0.2 0.1 0.1 0.1 0.2 0.3 0.5 0.8 1.1 2.7 6.1 12.0 21.6 35.7 49.4 58.5 60.8 56.2 59.2 49.6 48.9 34.0 28.5 20.5 34.4 26.9 34.5 44.0 47.1 53.2 74.1 67.1 73.9 119.8 117.5 76.8 83.7 105.6 130.9 142.7 155.6 190.4 220.4 232.6 209.8 146.0 155.8 190.4 182.7 213.8
-9999.0 -9999.0 -9999.0 -9999.0 -9999.0 -9999.0 -9999.0 -9999.0 -9999.0 -9999.0 -9999.0 -9999.0 -9999.0 -9999.0 -9999.0 -9999.0 -9999.0 63.4 46.1 -9999.0 32.7 13.0 16.5 12.3 4.5 2.9 0.5 0.4 0.3 0.1 0.1 0.2 0.2 1.0 2.7 1.3 3.0 7.0 11.6 21.8 34.8 52.1 58.5 60.6 84.8 74.5 189.6 54.6 45.1 32.1 40.7 23.2 44.6 37.3 44.8 49.8 51.0 62.2 72.0 83.8 100.1 102.2 95.6 106.6 143.8 179.5 185.1 190.3 214.1 227.6 228.9 143.0 132.1 162.0 179.4 203.0 244.8
-9999.0 -9999.0 -9999.0 -9999.0 -9999.0 -9999.0 -9999.0 -9999.0 -9999.0 -9999.0 -9999.0 -9999.0 -9999.0 -9999.0 -9999.0 -9999.0 -9999.0 -9999.0 -9999.0 -9999.0 -9999.0 33.2 21.4 9.6 10.4 13.0 6.8 2.7 0.6 0.4 0.2 0.7 1.0 1.6 3.5 1.8 2.7 5.0 9.8 15.5 20.7 48.9 59.7 61.7 90.1 70.7 280.6 88.0 62.5 107.7 40.6 55.4 53.9 42.4 48.0 57.1 59.6 60.3 76.8 90.5 85.6 96.7 102.0 116.7 138.3 165.3 165.9 163.1 170.2 188.4 179.4 145.3 146.4 167.8 176.0 201.5 236.6
-9999.0 -9999.0 -9999.0 -9999.0 -9999.0 -9999.0 -9999.0 -9999.0 -9999.0 -9999.0 -9999.0 -9999.0 -9999.0 -9999.0 -9999.0 -9999.0 -9999.0 -9999.0 -9999.0 -9999.0 -9999.0 -9999.0 -9999.0 67.8 29.8 24.0 16.0 7.3 1.4 1.0 0.4 0.4 0.6 1.5 2.3 3.3 5.5 6.7 15.3 26.4 33.3 50.5 43.3 47.6 96.8 294.7 166.9 146.7 184.5 188.7 89.7 70.8 70.1 66.0 53.3 35.1 58.9 72.1 70.2 91.2 86.2 93.2 94.6 93.5 108.2 117.1 113.7 103.2 124.1 132.4 138.6 143.3 152.2 164.4 162.7 178.5 220.0
-9999.0 -9999.0 -9999.0 -9999.0 -9999.0 -9999.0 -9999.0 -9999.0 -9999.0 -9999.0 -9999.0 -9999.0 -9999.0 -9999.0 -9999.0 -9999.0 -9999.0 -9999.0 -9999.0 -9999.0 -9999.0 -9999.0 -9999.0 -9999.0 -9999.0 98.8 48.6 7.5 4.8 2.6 1.8 3.1 4.9 5.2 8.1 8.6 16.7 13.6 26.1 26.5 46.9 35.3 56.8 72.9 207.1 309.7 295.1 423.9 126.4 193.7 108.0 107.5 104.3 96.5 56.6 45.6 61.3 61.4 81.3 91.7 101.1 92.7 101.4 54.3 65.9 72.5 77.0 88.7 93.0 99.1 115.0 131.7 138.4 161.1 168.0 154.9 164.7
-9999.0 -9999.0 -9999.0 -9999.0 -9999.0 -9999.0 -9999.0 -9999.0 -9999.0 -9999.0 -9999.0 -9999.0 -9999.0 -9999.0 -9999.0 -9999.0 -9999.0 -9999.0 -9999.0 -9999.0 -9999.0 -9999.0 -9999.0 -9999.0 -9999.0 -9999.0 -9999.0 107.1 92.4 34.0 23.2 20.1 9.8 24.9 17.2 35.2 20.4 22.0 21.6 28.5 43.2 29.9 79.5 174.6 234.9 307.8 371.0 419.7 456.8 339.3 426.2 373.9 139.6 107.5 73.4 68.3 50.8 59.1 80.6 87.0 66.3 87.9 43.2 45.9 61.4 72.2 60.7 51.1 61.0 73.7 92.5 116.8 122.2 149.9 138.6 132.3 164.6
-9999.0 -9999.0 -9999.0 -9999.0 -9999.0 -9999.0 -9999.0 -9999.0 -9999.0 -9999.0 -9999.0 -9999.0 -9999.0 -9999.0 -9999.0 -9999.0 -9999.0 -9999.0 -9999.0 -9999.0 -9999.0 -9999.0 -9999.0 -9999.0 -9999.0 -9999.0 -9999.0 -9999.0 -9999.0 -9999.0 -9999.0 -9999.0 -9999.0 56.5 36.1 -9999.0 -9999.0 -9999.0 43.8 35.8 45.4 72.6 83.4 185.9 243.2 293.8 -9999.0 -9999.0 -9999.0 -9999.0 -9999.0 -9999.0 213.0 126.0 79.6 52.6 49.3 53.9 67.5 70.4 73.5 73.6 43.1 37.0 49.4 66.8 64.0 53.2 52.9 64.4 83.7 111.2 135.4 132.9 153.4 133.1 155.7
-9999.0 -9999.0 -9999.0 -9999.0 -9999.0 -9999.0 -9999.0 -9999.0 -9999.0 -9999.0 -9999.0 -9999.0 -9999.0 -9999.0 -9999.0 -9999.0 -9999.0 -9999.0 -9999.0 -9999.0 -9999.0 -9999.0 -9999.0 -9999.0 -9999.0 -9999.0 -9999.0 -9999.0 -9999.0 -9999.0 -9999.0 -9999.0 -9999.0 -9999.0 -9999.0 -9999.0 -9999.0 -9999.0 -9999.0 87.2 100.0 120.3 147.7 181.7 -9999.0 -9999.0 -9999.0 -9999.0 -9999.0 -9999.0 -9999.0 -9999.0 209.9 139.7 78.7 42.4 33.0 35.4 43.0 52.7 58.4 56.8 44.1 33.4 37.9 56.9 66.6 65.6 66.1 76.6 105.3 130.7 134.3 153.4 140.1 151.5 149.7
-9999.0 -9999.0 -9999.0 -9999.0 -9999.0 -9999.0 -9999.0 -9999.0 -9999.0 -9999.0 -9999.0 -9999.0 -9999.0 -9999.0 -9999.0 -9999.0 -9999.0 -9999.0 -9999.0 -9999.0 -9999.0 -9999.0 -9999.0 -9999.0 -9999.0 -9999.0 -9999.0 -9999.0 -9999.0 -9999.0 -9999.0 -9999.0 -9999.0 -9999.0 -9999.0 -9999.0 -9999.0 -9999.0 -9999.0 -9999.0 -9999.0 -9999.0 -9999.0 -9999.0 -9999.0 -9999.0 -9999.0 -9999.0 -9999.0 -9999.0 -9999.0 -9999.0 217.0 149.3 74.5 56.0 20.8 21.0 29.6 41.9 46.7 46.4 49.4 30.6 35.0 65.2 82.6 88.4 102.7 125.0 151.6 167.6 176.5 168.7 169.3 178.8 175.4
-9999.0 -9999.0 -9999.0 -9999.0 -9999.0 -9999.0 -9999.0 -9999.0 -9999.0 -9999.0 -9999.0 -9999.0 -9999.0 -9999.0 -9999.0 -9999.0 -9999.0 -9999.0 -9999.0 -9999.0 -9999.0 -9999.0 -9999.0 -9999.0 -9999.0 -9999.0 -9999.0 -9999.0 -9999.0 -9999.0 -9999.0 -9999.0 -9999.0 -9999.0 -9999.0 -9999.0 -9999.0 -9999.0 -9999.0 -9999.0 -9999.0 -9999.0 -9999.0 -9999.0 -9999.0 -9999.0 -9999.0 -9999.0 -9999.0 -9999.0 -9999.0 242.0 202.6 147.6 54.3 29.3 15.2 21.5 24.4 29.3 40.8 38.3 35.6 33.0 41.2 65.1 67.6 41.4 110.7 143.3 174.2 183.6 170.3 173.0 189.3 207.6 196.3
-9999.0 -9999.0 -9999.0 -9999.0 -9999.0 -9999.0 -9999.0 -9999.0 -9999.0 -9999.0 -9999.0 -9999.0 -9999.0 -9999.0 -9999.0 -9999.0 -9999.0 -9999.0 -9999.0 -9999.0 -9999.0 -9999.0 -9999.0 -9999.0 -9999.0 -9999.0 -9999.0 -9999.0 -9999.0 -9999.0 -9999.0 -9999.0 -9999.0 -9999.0 -9999.0 -9999.0 -9999.0 -9999.0 -9999.0 -9999.0 -9999.0 -9999.0 -9999.0 -9999.0 -9999.0 -9999.0 -9999.0 -9999.0 -9999.0 -9999.0 184.2 261.5 218.9 154.1 71.2 40.3 17.1 14.4 23.9 34.2 32.2 34.2 32.0 35.6 45.1 50.2 54.0 38.0 84.2 99.7 146.7 147.4 163.7 184.1 188.2 190.4 218.6
-9999.0 -9999.0 -9999.0 -9999.0 -9999.0 -9999.0 -9999.0 -9999.0 -9999.0 -9999.0 -9999.0 -9999.0 -9999.0 -9999.0 -9999.0 -9999.0 -9999.0 -9999.0 -9999.0 -9999.0 -9999.0 -9999.0 -9999.0 -9999.0 -9999.0 -9999.0 -9999.0 -9999.0 -9999.0 -9999.0 -9999.0 -9999.0 -9999.0 -9999.0 -9999.0 -9999.0 -9999.0 -9999.0 -9999.0 -9999.0 -9999.0 -9999.0 -9999.0 -9999.0 -9999.0 -9999.0 -9999.0 -9999.0 -9999.0 -9999.0 149.3 289.7 188.5 173.5 112.9 60.0 38.1 37.6 41.9 41.4 36.7 31.4 30.5 37.4 45.1 26.7 27.6 17.6 44.0 67.5 110.3 142.5 162.7 165.6 158.4 160.2 174.6
-9999.0 -9999.0 -9999.0 -9999.0 -9999.0 -9999.0 -9999.0 -9999.0 -9999.0 -9999.0 -9999.0 -9999.0 -9999.0 -9999.0 -9999.0 -9999.0 -9999.0 -9999.0 -9999.0 -9999.0 -9999.0 -9999.0 -9999.0 -9999.0 -9999.0 -9999.0 -9999.0 -9999.0 -9999.0 -9999.0 -9999.0 -9999.0 -9999.0 -9999.0 -9999.0 -9999.0 -9999.0 -9999.0 -9999.0 -9999.0 -9999.0 -9999.0 -9999.0 -9999.0 -9999.0 -9999.0 -9999.0 -9999.0 -9999.0 -9999.0 105.9 173.6 148.0 221.6 131.6 88.7 87.3 66.5 75.6 71.7 57.9 44.4 39.7 43.8 53.6 47.7 30.9 27.5 40.4 82.6 98.3 145.3 141.2 149.0 138.8 147.0 158.8
-9999.0 -9999.0 -9999.0 -9999.0 -9999.0 -9999.0 -9999.0 -9999.0 -9999.0 -9999.0 -9999.0 -9999.0 -9999.0 -9999.0 -9999.0 -9999.0 -9999.0 -9999.0 -9999.0 -9999.0 -9999.0 -9999.0 -9999.0 -9999.0 -9999.0 -9999.0 -9999.0 -9999.0 -9999.0 -9999.0 -9999.0 -9999.0 -9999.0 -9999.0 -9999.0 -9999.0 -9999.0 -9999.0 -9999.0 -9999.0 -9999.0 -9999.0 -9999.0 -9999.0 -9999.0 -9999.0 -9999.0 -9999.0 -9999.0 -9999.0 158.6 231.3 192.6 198.6 159.8 143.3 92.1 111.7 128.1 121.9 101.4 73.6 62.5 67.8 74.7 73.5 75.3 67.7 83.8 68.5 101.8 113.4 117.8 121.5 134.0 165.7 178.1
-9999.0 -9999.0 -9999.0 -9999.0 -9999.0 -9999.0 -9999.0 -9999.0 -9999.0 -9999.0 -9999.0 -9999.0 -9999.0 -9999.0 -9999.0 -9999.0 -9999.0 -9999.0 -9999.0 -9999.0 -9999.0 -9999.0 -9999.0 -9999.0 -9999.0 -9999.0 -9999.0 -9999.0 -9999.0 -9999.0 -9999.0 -9999.0 -9999.0 -9999.0 -9999.0 -9999.0 -9999.0 -9999.0 -9999.0 -9999.0 -9999.0 -9999.0 -9999.0 -9999.0 -9999.0 -9999.0 -9999.0 -9999.0 -9999.0 -9999.0 -9999.0 -9999.0 -9999.0 145.1 129.8 124.5 133.6 161.3 157.0 172.3 188.9 123.1 137.1 122.1 105.4 93.1 101.2 81.1 97.2 107.8 110.2 93.5 75.6 80.7 120.0 182.3 213.0
-9999.0 -9999.0 -9999.0 -9999.0 -9999.0 -9999.0 -9999.0 -9999.0 -9999.0 -9999.0 -9999.0 -9999.0 -9999.0 -9999.0 -9999.0 -9999.0 -9999.0 -9999.0 -9999.0 -9999.0 -9999.0 -9999.0 -9999.0 -9999.0 -9999.0 -9999.0 -9999.0 -9999.0 -9999.0 -9999.0 -9999.0 -9999.0 -9999.0 -9999.0 -9999.0 -9999.0 -9999.0 -9999.0 -9999.0 -9999.0 -9999.0 -9999.0 -9999.0 -9999.0 -9999.0 -9999.0 -9999.0 -9999.0 -9999.0 -9999.0 -9999.0 -9999.0 -9999.0 133.1 116.6 201.5 143.3 152.2 202.3 266.1 226.5 194.0 254.1 171.6 141.3 115.3 77.4 113.8 93.2 105.5 103.5 78.2 55.0 59.2 103.5 170.7 207.3
-9999.0 -9999.0 -9999.0 -9999.0 -9999.0 -9999.0 -9999.0 -9999.0 -9999.0 -9999.0 -9999.0 -9999.0 -9999.0 -9999.0 -9999.0 -9999.0 -9999.0 -9999.0 -9999.0 -9999.0 -9999.0 -9999.0 -9999.0 -9999.0 -9999.0 -9999.0 -9999.0 -9999.0 -9999.0 -9999.0 -9999.0 -9999.0 -9999.0 -9999.0 -9999.0 -9999.0 -9999.0 -9999.0 -9999.0 -9999.0 -9999.0 -9999.0 -9999.0 -9999.0 -9999.0 -9999.0 -9999.0 -9999.0 -9999.0 -9999.0 -9999.0 -9999.0 -9999.0 128.7 89.7 154.2 151.9 157.7 206.3 238.0 302.6 308.3 350.8 305.9 141.3 -9999.0 -9999.0 -9999.0 103.7 91.4 95.3 84.4 63.2 62.1 98.7 160.4 189.0
-9999.0 -9999.0 -9999.0 -9999.0 -9999.0 -9999.0 -9999.0 -9999.0 -9999.0 -9999.0 -9999.0 -9999.0 -9999.0 -9999.0 -9999.0 -9999.0 -9999.0 -9999.0 -9999.0 -9999.0 -9999.0 -9999.0 -9999.0 -9999.0 -9999.0 -9999.0 -9999.0 -9999.0 -9999.0 -9999.0 -9999.0 -9999.0 -9999.0 -9999.0 -9999.0 -9999.0 -9999.0 -9999.0 -9999.0 -9999.0 -9999.0 -9999.0 -9999.0 -9999.0 -9999.0 -9999.0 -9999.0 -9999.0 -9999.0 -9999.0 -9999.0 -9999.0 -9999.0 -9999.0 124.7 129.1 105.2 119.5 204.3 289.6 232.3 -9999.0 -9999.0 -9999.0 -9999.0 -9999.0 -9999.0 -9999.0 85.1 93.6 108.7 89.2 69.8 63.0 85.7 139.9 167.8
-9999.0 -9999.0 -9999.0 -9999.0 -9999.0 -9999.0 -9999.0 -9999.0 -9999.0 -9999.0 -9999.0 -9999.0 -9999.0 -9999.0 -9999.0 -9999.0 -9999.0 -9999.0 -9999.0 -9999.0 -9999.0 -9999.0 -9999.0 -9999.0 -9999.0 -9999.0 -9999.0 -9999.0 -9999.0 -9999.0 -9999.0 -9999.0 -9999.0 -9999.0 -9999.0 -9999.0 -9999.0 -9999.0 -9999.0 -9999.0 -9999.0 -9999.0 -9999.0 -9999.0 -9999.0 -9999.0 -9999.0 -9999.0 -9999.0 -9999.0 -9999.0 -9999.0 -9999.0 -9999.0 -9999.0 101.1 175.2 137.7 152.5 228.1 248.1 -9999.0 -9999.0 -9999.0 -9999.0 -9999.0 -9999.0 -9999.0 -9999.0 -9999.0 89.5 -9999.0 -9999.0 -9999.0 -9999.0 -9999.0 145.0
-9999.0 -9999.0 -9999.0 -9999.0 -9999.0 -9999.0 -9999.0 -9999.0 -9999.0 -9999.0 -9999.0 -9999.0 -9999.0 -9999.0 -9999.0 -9999.0 -9999.0 -9999.0 -9999.0 -9999.0 -9999.0 -9999.0 -9999.0 -9999.0 -9999.0 -9999.0 -9999.0 -9999.0 -9999.0 -9999.0 -9999.0 -9999.0 -9999.0 -9999.0 -9999.0 -9999.0 -9999.0 -9999.0 -9999.0 -9999.0 -9999.0 -9999.0 -9999.0 -9999.0 -9999.0 -9999.0 -9999.0 -9999.0 -9999.0 -9999.0 -9999.0 -9999.0 -9999.0 -9999.0 -9999.0 -9999.0 -9999.0 -9999.0 160.3 167.5 -9999.0 -9999.0 -9999.0 -9999.0 -9999.0 -9999.0 -9999.0 -9999.0 -9999.0 -9999.0 -9999.0 -9999.0 -9999.0 -9999.0 -9999.0 114.9 138.6
-9999.0 -9999.0 -9999.0 -9999.0 -9999.0 -9999.0 -9999.0 -9999.0 -9999.0 -9999.0 -9999.0 -9999.0 -9999.0 -9999.0 -9999.0 -9999.0 -9999.0 -9999.0 -9999.0 -9999.0 -9999.0 -9999.0 -9999.0 -9999.0 -9999.0 -9999.0 -9999.0 -9999.0 -9999.0 -9999.0 -9999.0 -9999.0 -9999.0 -9999.0 -9999.0 -9999.0 -9999.0 -9999.0 -9999.0 -9999.0 -9999.0 -9999.0 -9999.0 -9999.0 -9999.0 -9999.0 -9999.0 -9999.0 -9999.0 -9999.0 -9999.0 -9999.0 -9999.0 -9999.0 -9999.0 -9999.0 -9999.0 -9999.0 -9999.0 -9999.0 -9999.0 -9999.0 -9999.0 -9999.0 -9999.0 -9999.0 -9999.0 -9999.0 -9999.0 -9999.0 -9999.0 -9999.0 -9999.0 -9999.0 -9999.0 -9999.0 -9999.0
