program/excelProcessViaJava/data/SURF_CLI_CHN_PRE_MON_GRID_0.5-200406.txt
NCOLS      128
NROWS       72
XLLCORNER    72.000000000000    
YLLCORNER    18.000000000000    
CELLSIZE    0.50000000000000    
NODATA_VALUE   -9999.000    
[rows 33 to 65 of 72, columns 0 to 74 of 128]
-9999.0 -9999.0 -9999.0 -9999.0 34.7 37.9 38.5 26.2 22.1 9.8 11.9 10.2 8.8 6.9 6.8 7.4 8.0 9.5 12.1 14.4 14.1 13.0 13.0 14.4 16.0 19.0 22.4 51.1 37.6 40.5 42.6 40.3 38.7 39.7 32.8 29.7 24.7 32.8 25.3 13.2 5.3 3.1 3.0 3.5 5.3 8.2 13.0 21.6 30.2 28.0 29.9 45.5 57.9 72.2 50.0 58.7 64.8 77.1 73.0 71.0 57.0 39.8 29.7 20.7 13.7 16.4 21.9 26.9 44.4 48.3 44.8 44.2 48.0 55.9 66.4
-9999.0 -9999.0 -9999.0 -9999.0 37.0 28.9 34.2 21.8 31.5 27.8 14.3 22.3 18.0 18.4 11.5 12.9 15.0 14.7 16.6 18.8 19.6 18.9 20.0 28.6 41.9 49.4 43.6 45.0 44.6 45.0 44.9 46.9 43.8 42.5 41.6 37.0 38.1 39.4 27.6 17.0 21.5 7.7 6.4 5.3 6.2 7.8 10.3 13.5 16.6 20.1 21.6 24.6 50.6 41.9 44.5 58.4 70.1 79.5 80.5 52.4 54.4 29.0 21.0 19.4 16.9 16.2 29.3 39.9 52.6 54.9 47.7 45.1 48.9 60.0 75.3
-9999.0 -9999.0 -9999.0 -9999.0 -9999.0 -9999.0 -9999.0 21.9 24.4 19.4 26.6 25.5 19.3 21.5 22.6 14.6 21.6 21.3 23.7 27.9 34.0 39.9 42.7 43.6 44.4 45.4 47.9 49.3 50.1 52.1 51.7 51.1 50.0 49.8 50.1 45.9 48.5 44.3 49.0 49.0 27.3 50.8 44.5 28.7 17.5 11.6 17.4 18.3 24.6 20.1 19.3 22.2 33.0 79.9 74.7 60.5 69.7 74.7 87.3 61.6 61.9 27.4 19.4 19.2 23.9 25.7 38.8 53.6 64.3 62.5 50.1 45.5 53.2 67.6 83.0
-9999.0 -9999.0 -9999.0 -9999.0 -9999.0 -9999.0 -9999.0 30.7 16.2 21.6 23.0 19.7 21.8 26.0 23.9 30.9 27.8 30.1 36.1 35.9 38.4 42.9 44.2 46.5 47.8 49.6 50.8 53.9 53.2 53.5 55.4 55.4 54.9 55.9 53.2 52.8 50.9 53.4 52.9 50.6 51.1 49.6 51.1 68.5 40.1 26.7 34.1 38.0 58.8 49.2 78.5 69.2 43.6 58.3 85.5 69.7 79.6 88.1 91.1 85.3 62.6 46.5 30.7 31.4 31.8 38.3 49.7 62.4 72.2 57.7 48.2 46.6 56.5 70.7 78.9
-9999.0 -9999.0 -9999.0 -9999.0 -9999.0 -9999.0 -9999.0 -9999.0 -9999.0 19.0 18.1 17.2 22.0 22.5 22.6 24.0 28.4 35.5 35.3 40.5 41.8 43.7 46.4 49.1 51.4 53.2 55.5 57.1 57.7 59.6 58.8 59.2 58.8 58.8 57.0 56.4 55.9 57.9 57.4 60.3 58.2 60.8 57.3 52.5 59.2 59.2 61.2 61.6 64.9 65.1 72.7 64.3 59.6 62.1 89.5 78.2 82.5 89.1 98.2 91.6 83.3 81.9 74.8 46.5 52.3 52.4 56.5 61.2 73.1 54.8 48.2 44.6 53.7 66.1 75.5
-9999.0 -9999.0 -9999.0 -9999.0 -9999.0 -9999.0 -9999.0 -9999.0 -9999.0 -9999.0 -9999.0 19.9 15.0 22.1 21.9 25.0 27.3 30.2 33.7 37.9 42.4 45.5 49.3 52.3 56.0 58.1 60.3 61.9 63.0 63.8 64.1 63.9 63.4 62.5 61.6 62.9 61.6 63.2 73.3 68.7 74.4 70.5 65.8 62.7 78.8 67.5 87.6 77.7 83.2 78.4 65.8 65.6 68.7 82.4 103.4 99.6 94.8 104.5 104.7 103.3 109.5 99.3 87.6 80.4 83.6 59.8 48.4 57.0 63.9 58.5 48.1 48.0 52.4 60.6 61.6
-9999.0 -9999.0 -9999.0 -9999.0 -9999.0 -9999.0 -9999.0 -9999.0 -9999.0 -9999.0 -9999.0 -9999.0 14.2 15.8 21.1 22.1 27.9 29.4 33.2 38.4 41.6 46.3 50.8 55.0 57.8 61.7 64.5 65.5 67.1 66.9 68.3 68.3 67.5 65.9 65.2 65.0 68.4 68.1 69.8 71.9 74.4 75.7 75.5 80.5 80.7 85.8 94.2 82.9 85.4 84.1 93.3 88.5 81.7 85.1 102.8 118.1 124.2 136.2 109.4 132.1 128.7 141.5 138.8 119.7 96.8 101.1 64.8 66.3 65.9 62.2 47.7 51.2 61.5 68.5 70.8
-9999.0 -9999.0 -9999.0 -9999.0 -9999.0 -9999.0 -9999.0 -9999.0 -9999.0 -9999.0 -9999.0 -9999.0 17.3 13.4 15.1 20.5 22.2 26.6 31.7 36.0 40.9 46.0 51.2 56.9 62.4 65.2 67.9 71.4 71.4 73.7 72.0 69.9 70.3 69.2 67.5 67.3 68.8 72.0 75.1 78.6 80.3 82.4 91.8 85.6 94.8 104.3 95.9 92.7 81.6 89.8 85.6 89.9 86.0 103.5 109.1 133.0 133.4 142.8 128.7 131.8 137.6 147.9 162.0 159.3 103.9 102.5 58.8 59.5 58.9 58.8 61.6 65.2 66.1 73.7 77.2
-9999.0 -9999.0 -9999.0 -9999.0 -9999.0 -9999.0 -9999.0 -9999.0 -9999.0 -9999.0 -9999.0 -9999.0 -9999.0 13.1 17.2 16.4 20.8 24.1 28.7 34.0 39.5 46.2 50.9 59.0 63.7 63.6 66.3 66.2 70.3 72.6 76.2 76.9 71.8 70.2 71.6 69.7 70.0 72.8 84.2 85.1 89.2 96.1 98.7 109.2 105.0 103.1 110.3 114.6 112.7 104.9 98.7 89.5 93.9 135.7 142.2 151.6 151.9 163.0 183.3 166.3 164.1 158.4 168.2 129.7 88.4 88.1 83.2 75.1 70.4 63.6 65.0 67.8 72.7 80.3 80.1
-9999.0 -9999.0 -9999.0 -9999.0 -9999.0 -9999.0 -9999.0 -9999.0 -9999.0 -9999.0 -9999.0 -9999.0 10.1 13.7 14.3 14.8 19.4 21.9 26.1 31.7 38.1 45.0 51.1 58.4 64.9 63.1 67.1 71.1 72.9 73.3 76.6 81.8 73.4 75.7 72.2 72.4 71.3 76.2 80.6 86.5 100.6 115.2 127.4 113.4 121.0 124.3 121.1 115.7 115.9 111.9 116.2 123.7 111.9 133.1 141.8 156.2 179.1 148.6 173.6 161.5 162.9 173.1 162.2 166.2 123.6 94.0 92.7 93.5 78.5 71.1 67.2 70.5 85.4 102.7 100.0
-9999.0 -9999.0 -9999.0 -9999.0 -9999.0 -9999.0 -9999.0 -9999.0 -9999.0 -9999.0 -9999.0 -9999.0 10.1 8.1 10.3 15.8 17.1 18.7 23.1 28.0 35.5 41.0 48.2 55.2 63.1 68.2 69.6 71.1 72.3 77.3 81.5 82.7 76.9 84.7 81.5 76.6 80.2 82.5 88.1 94.2 101.2 109.9 119.2 128.4 135.0 140.1 147.3 141.8 134.9 118.3 114.2 123.6 120.6 129.1 141.7 146.4 170.4 185.0 175.4 192.6 196.1 199.7 149.4 122.4 104.1 85.5 84.5 106.4 103.1 89.9 86.4 94.8 106.3 100.4 102.8
-9999.0 -9999.0 -9999.0 -9999.0 -9999.0 -9999.0 -9999.0 -9999.0 -9999.0 -9999.0 -9999.0 -9999.0 5.2 8.6 8.2 10.4 12.8 17.1 20.1 24.9 29.5 34.7 44.0 47.7 55.0 53.1 57.5 53.8 66.1 70.3 76.9 73.0 88.7 94.6 90.7 84.5 87.3 94.1 103.3 108.0 117.0 129.1 146.7 144.1 152.6 161.7 161.2 147.5 135.3 128.3 123.7 121.1 153.1 168.2 161.5 142.2 166.5 186.7 197.9 182.1 182.1 179.1 210.0 125.6 90.0 115.0 108.1 106.7 108.4 123.8 133.1 113.4 120.4 113.9 121.1
-9999.0 -9999.0 -9999.0 -9999.0 -9999.0 -9999.0 -9999.0 -9999.0 -9999.0 -9999.0 -9999.0 -9999.0 -9999.0 10.3 9.9 9.0 11.3 13.9 17.8 22.0 26.4 32.7 36.6 39.8 49.2 49.7 51.6 54.1 51.6 63.8 60.8 72.9 79.8 94.1 90.9 81.9 90.1 110.7 121.3 131.3 140.8 159.3 175.4 178.6 170.3 164.5 160.1 142.1 137.6 126.5 116.5 126.9 129.4 135.0 161.9 175.5 154.7 170.7 197.5 230.4 218.0 264.0 201.5 119.6 150.1 130.9 117.2 109.9 127.3 141.8 167.7 181.0 149.5 194.4 154.3
-9999.0 -9999.0 -9999.0 -9999.0 -9999.0 -9999.0 -9999.0 -9999.0 -9999.0 -9999.0 -9999.0 -9999.0 -9999.0 5.0 8.7 8.2 11.7 12.6 16.1 20.4 24.3 28.2 31.7 36.0 46.2 43.3 41.5 45.0 43.3 35.7 43.7 55.1 75.4 84.2 81.4 87.4 105.0 123.6 135.3 146.0 161.8 177.9 191.0 193.3 194.9 171.5 154.8 131.4 116.9 105.2 106.8 99.8 117.4 142.2 165.5 168.8 162.9 179.1 208.2 195.6 229.1 190.8 175.3 192.0 167.9 143.0 125.0 123.0 139.5 181.4 205.3 202.3 201.7 188.2 178.1
-9999.0 -9999.0 -9999.0 -9999.0 -9999.0 -9999.0 -9999.0 -9999.0 -9999.0 -9999.0 -9999.0 -9999.0 -9999.0 -9999.0 -9999.0 8.2 9.8 12.5 15.8 20.6 23.7 29.4 34.2 36.0 35.6 35.4 28.0 28.7 24.7 30.3 32.9 44.3 49.7 63.0 78.2 81.5 95.8 125.6 140.1 153.0 168.4 183.9 193.1 191.9 179.5 167.8 141.8 121.3 99.7 81.1 75.2 106.1 97.2 116.9 129.2 150.1 167.2 171.9 215.0 237.0 206.6 192.9 196.4 179.4 167.7 155.5 149.0 155.3 171.6 185.2 206.7 210.7 171.2 184.7 204.8
-9999.0 -9999.0 -9999.0 -9999.0 -9999.0 -9999.0 -9999.0 -9999.0 -9999.0 -9999.0 -9999.0 -9999.0 -9999.0 -9999.0 -9999.0 -9999.0 -9999.0 27.0 22.7 -9999.0 32.3 29.5 38.5 41.2 34.1 33.1 24.5 22.6 22.2 18.4 22.4 35.2 37.8 65.7 81.7 76.4 90.3 96.3 119.8 135.9 152.7 172.9 175.0 170.9 185.6 157.9 233.8 114.8 81.3 68.3 70.9 60.8 97.8 100.8 122.2 141.1 142.7 185.2 202.8 224.9 174.6 162.8 144.1 137.0 140.8 151.0 168.7 173.0 180.9 189.8 229.3 161.6 167.1 201.8 218.5
-9999.0 -9999.0 -9999.0 -9999.0 -9999.0 -9999.0 -9999.0 -9999.0 -9999.0 -9999.0 -9999.0 -9999.0 -9999.0 -9999.0 -9999.0 -9999.0 -9999.0 -9999.0 -9999.0 -9999.0 -9999.0 37.9 37.5 32.7 36.3 44.3 36.3 27.3 18.6 17.7 16.0 32.6 43.1 51.9 59.5 57.5 64.3 72.1 75.6 78.4 93.0 146.6 153.9 147.0 159.3 127.6 257.8 103.2 91.5 176.7 52.3 86.5 89.0 74.5 93.6 127.1 146.9 149.4 211.5 199.7 146.8 136.3 99.9 92.9 104.9 132.8 169.0 176.5 183.1 182.9 187.4 169.3 185.6 229.7 253.8
-9999.0 -9999.0 -9999.0 -9999.0 -9999.0 -9999.0 -9999.0 -9999.0 -9999.0 -9999.0 -9999.0 -9999.0 -9999.0 -9999.0 -9999.0 -9999.0 -9999.0 -9999.0 -9999.0 -9999.0 -9999.0 -9999.0 -9999.0 78.8 50.8 49.5 42.1 29.4 16.5 14.8 12.5 16.6 25.7 34.4 43.3 49.0 62.6 55.8 81.2 98.2 102.6 124.1 106.2 102.5 131.7 235.8 147.5 116.4 127.5 127.4 62.5 65.7 63.2 67.8 67.7 62.8 113.7 155.5 127.3 177.5 154.5 156.3 139.2 88.2 89.8 107.6 142.4 159.5 149.5 170.4 159.3 180.8 205.0 211.0 253.5
-9999.0 -9999.0 -9999.0 -9999.0 -9999.0 -9999.0 -9999.0 -9999.0 -9999.0 -9999.0 -9999.0 -9999.0 -9999.0 -9999.0 -9999.0 -9999.0 -9999.0 -9999.0 -9999.0 -9999.0 -9999.0 -9999.0 -9999.0 -9999.0 -9999.0 121.9 73.2 25.5 20.1 19.3 14.7 19.5 27.4 32.6 35.8 48.1 74.3 50.1 76.6 64.9 97.4 74.9 78.8 90.8 159.5 205.5 190.2 253.6 76.8 104.9 70.5 63.6 74.4 75.3 60.7 61.7 94.9 104.6 149.0 156.5 161.4 159.8 184.5 88.8 91.0 100.2 116.2 126.6 129.7 130.1 161.4 187.8 223.9 182.4 188.0
-9999.0 -9999.0 -9999.0 -9999.0 -9999.0 -9999.0 -9999.0 -9999.0 -9999.0 -9999.0 -9999.0 -9999.0 -9999.0 -9999.0 -9999.0 -9999.0 -9999.0 -9999.0 -9999.0 -9999.0 -9999.0 -9999.0 -9999.0 -9999.0 -9999.0 -9999.0 -9999.0 133.5 122.4 51.1 39.1 37.1 31.2 42.3 39.6 42.7 33.8 33.2 26.0 39.9 60.8 41.4 68.7 115.1 141.4 171.8 198.6 219.4 237.1 171.2 232.9 223.6 82.9 82.3 73.0 82.0 90.4 104.2 133.9 134.3 152.9 153.6 125.1 106.7 113.5 117.4 118.0 122.6 125.3 123.9 143.1 136.0 178.4 142.9 165.4
-9999.0 -9999.0 -9999.0 -9999.0 -9999.0 -9999.0 -9999.0 -9999.0 -9999.0 -9999.0 -9999.0 -9999.0 -9999.0 -9999.0 -9999.0 -9999.0 -9999.0 -9999.0 -9999.0 -9999.0 -9999.0 -9999.0 -9999.0 -9999.0 -9999.0 -9999.0 -9999.0 -9999.0 -9999.0 -9999.0 -9999.0 -9999.0 -9999.0 59.1 41.8 -9999.0 -9999.0 -9999.0 30.6 27.7 32.1 46.5 53.3 97.5 121.1 140.3 -9999.0 -9999.0 -9999.0 -9999.0 -9999.0 -9999.0 143.8 99.9 109.6 118.2 127.0 126.9 128.3 138.4 155.9 149.0 130.3 111.2 121.5 142.2 148.1 130.6 100.4 99.6 122.4 107.3 104.8 118.7 116.3
-9999.0 -9999.0 -9999.0 -9999.0 -9999.0 -9999.0 -9999.0 -9999.0 -9999.0 -9999.0 -9999.0 -9999.0 -9999.0 -9999.0 -9999.0 -9999.0 -9999.0 -9999.0 -9999.0 -9999.0 -9999.0 -9999.0 -9999.0 -9999.0 -9999.0 -9999.0 -9999.0 -9999.0 -9999.0 -9999.0 -9999.0 -9999.0 -9999.0 -9999.0 -9999.0 -9999.0 -9999.0 -9999.0 -9999.0 50.0 52.4 59.1 68.5 80.2 -9999.0 -9999.0 -9999.0 -9999.0 -9999.0 -9999.0 -9999.0 -9999.0 161.3 134.8 135.2 147.7 150.4 130.3 121.8 145.1 174.7 160.7 131.9 120.3 126.1 156.9 164.0 119.2 82.8 67.0 76.6 103.3 121.0 109.2 151.5
-9999.0 -9999.0 -9999.0 -9999.0 -9999.0 -9999.0 -9999.0 -9999.0 -9999.0 -9999.0 -9999.0 -9999.0 -9999.0 -9999.0 -9999.0 -9999.0 -9999.0 -9999.0 -9999.0 -9999.0 -9999.0 -9999.0 -9999.0 -9999.0 -9999.0 -9999.0 -9999.0 -9999.0 -9999.0 -9999.0 -9999.0 -9999.0 -9999.0 -9999.0 -9999.0 -9999.0 -9999.0 -9999.0 -9999.0 -9999.0 -9999.0 -9999.0 -9999.0 -9999.0 -9999.0 -9999.0 -9999.0 -9999.0 -9999.0 -9999.0 -9999.0 -9999.0 173.7 177.9 169.9 171.9 144.7 122.0 120.4 156.9 193.3 190.1 147.3 121.9 126.2 157.4 149.4 112.2 86.0 80.0 96.6 127.4 125.1 144.9 168.2
-9999.0 -9999.0 -9999.0 -9999.0 -9999.0 -9999.0 -9999.0 -9999.0 -9999.0 -9999.0 -9999.0 -9999.0 -9999.0 -9999.0 -9999.0 -9999.0 -9999.0 -9999.0 -9999.0 -9999.0 -9999.0 -9999.0 -9999.0 -9999.0 -9999.0 -9999.0 -9999.0 -9999.0 -9999.0 -9999.0 -9999.0 -9999.0 -9999.0 -9999.0 -9999.0 -9999.0 -9999.0 -9999.0 -9999.0 -9999.0 -9999.0 -9999.0 -9999.0 -9999.0 -9999.0 -9999.0 -9999.0 -9999.0 -9999.0 -9999.0 -9999.0 182.3 226.1 223.3 168.1 157.1 126.5 130.8 120.7 124.5 194.1 185.3 159.8 125.4 126.6 148.4 149.9 148.2 119.9 127.3 143.9 163.8 175.1 186.5 223.7
-9999.0 -9999.0 -9999.0 -9999.0 -9999.0 -9999.0 -9999.0 -9999.0 -9999.0 -9999.0 -9999.0 -9999.0 -9999.0 -9999.0 -9999.0 -9999.0 -9999.0 -9999.0 -9999.0 -9999.0 -9999.0 -9999.0 -9999.0 -9999.0 -9999.0 -9999.0 -9999.0 -9999.0 -9999.0 -9999.0 -9999.0 -9999.0 -9999.0 -9999.0 -9999.0 -9999.0 -9999.0 -9999.0 -9999.0 -9999.0 -9999.0 -9999.0 -9999.0 -9999.0 -9999.0 -9999.0 -9999.0 -9999.0 -9999.0 -9999.0 107.7 246.9 281.2 265.4 198.2 166.6 108.7 86.9 116.5 171.1 200.7 179.3 152.6 133.2 141.2 156.8 162.0 163.2 162.3 189.6 195.1 199.6 182.4 184.3 204.7
-9999.0 -9999.0 -9999.0 -9999.0 -9999.0 -9999.0 -9999.0 -9999.0 -9999.0 -9999.0 -9999.0 -9999.0 -9999.0 -9999.0 -9999.0 -9999.0 -9999.0 -9999.0 -9999.0 -9999.0 -9999.0 -9999.0 -9999.0 -9999.0 -9999.0 -9999.0 -9999.0 -9999.0 -9999.0 -9999.0 -9999.0 -9999.0 -9999.0 -9999.0 -9999.0 -9999.0 -9999.0 -9999.0 -9999.0 -9999.0 -9999.0 -9999.0 -9999.0 -9999.0 -9999.0 -9999.0 -9999.0 -9999.0 -9999.0 -9999.0 103.3 316.8 251.5 303.2 249.2 170.3 89.4 137.3 152.2 163.0 166.1 160.2 133.4 141.8 159.3 140.8 152.0 165.6 195.2 223.0 227.4 202.3 168.7 151.8 154.5
-9999.0 -9999.0 -9999.0 -9999.0 -9999.0 -9999.0 -9999.0 -9999.0 -9999.0 -9999.0 -9999.0 -9999.0 -9999.0 -9999.0 -9999.0 -9999.0 -9999.0 -9999.0 -9999.0 -9999.0 -9999.0 -9999.0 -9999.0 -9999.0 -9999.0 -9999.0 -9999.0 -9999.0 -9999.0 -9999.0 -9999.0 -9999.0 -9999.0 -9999.0 -9999.0 -9999.0 -9999.0 -9999.0 -9999.0 -9999.0 -9999.0 -9999.0 -9999.0 -9999.0 -9999.0 -9999.0 -9999.0 -9999.0 -9999.0 -9999.0 93.8 202.8 209.7 361.7 238.8 165.0 196.4 153.8 177.7 138.9 158.4 153.3 138.4 139.3 166.6 150.2 129.8 147.5 185.1 223.6 225.1 210.3 148.1 134.8 111.0
-9999.0 -9999.0 -9999.0 -9999.0 -9999.0 -9999.0 -9999.0 -9999.0 -9999.0 -9999.0 -9999.0 -9999.0 -9999.0 -9999.0 -9999.0 -9999.0 -9999.0 -9999.0 -9999.0 -9999.0 -9999.0 -9999.0 -9999.0 -9999.0 -9999.0 -9999.0 -9999.0 -9999.0 -9999.0 -9999.0 -9999.0 -9999.0 -9999.0 -9999.0 -9999.0 -9999.0 -9999.0 -9999.0 -9999.0 -9999.0 -9999.0 -9999.0 -9999.0 -9999.0 -9999.0 -9999.0 -9999.0 -9999.0 -9999.0 -9999.0 189.6 320.3 314.4 341.1 276.9 245.1 137.3 179.8 184.1 135.3 163.0 144.8 102.5 139.3 164.4 155.0 154.8 154.0 195.3 178.6 199.0 177.5 151.0 130.5 102.3
-9999.0 -9999.0 -9999.0 -9999.0 -9999.0 -9999.0 -9999.0 -9999.0 -9999.0 -9999.0 -9999.0 -9999.0 -9999.0 -9999.0 -9999.0 -9999.0 -9999.0 -9999.0 -9999.0 -9999.0 -9999.0 -9999.0 -9999.0 -9999.0 -9999.0 -9999.0 -9999.0 -9999.0 -9999.0 -9999.0 -9999.0 -9999.0 -9999.0 -9999.0 -9999.0 -9999.0 -9999.0 -9999.0 -9999.0 -9999.0 -9999.0 -9999.0 -9999.0 -9999.0 -9999.0 -9999.0 -9999.0 -9999.0 -9999.0 -9999.0 -9999.0 -9999.0 -9999.0 285.2 240.8 198.3 198.1 218.4 167.8 155.0 247.7 130.7 188.3 152.9 149.7 140.8 162.6 148.5 189.3 193.0 171.5 163.6 158.7 139.7 120.6
-9999.0 -9999.0 -9999.0 -9999.0 -9999.0 -9999.0 -9999.0 -9999.0 -9999.0 -9999.0 -9999.0 -9999.0 -9999.0 -9999.0 -9999.0 -9999.0 -9999.0 -9999.0 -9999.0 -9999.0 -9999.0 -9999.0 -9999.0 -9999.0 -9999.0 -9999.0 -9999.0 -9999.0 -9999.0 -9999.0 -9999.0 -9999.0 -9999.0 -9999.0 -9999.0 -9999.0 -9999.0 -9999.0 -9999.0 -9999.0 -9999.0 -9999.0 -9999.0 -9999.0 -9999.0 -9999.0 -9999.0 -9999.0 -9999.0 -9999.0 -9999.0 -9999.0 -9999.0 283.8 241.5 293.2 222.6 216.4 222.6 257.4 196.8 171.6 228.9 182.0 165.5 151.9 144.2 183.9 170.7 167.5 151.8 166.9 184.4 167.6 138.3
-9999.0 -9999.0 -9999.0 -9999.0 -9999.0 -9999.0 -9999.0 -9999.0 -9999.0 -9999.0 -9999.0 -9999.0 -9999.0 -9999.0 -9999.0 -9999.0 -9999.0 -9999.0 -9999.0 -9999.0 -9999.0 -9999.0 -9999.0 -9999.0 -9999.0 -9999.0 -9999.0 -9999.0 -9999.0 -9999.0 -9999.0 -9999.0 -9999.0 -9999.0 -9999.0 -9999.0 -9999.0 -9999.0 -9999.0 -9999.0 -9999.0 -9999.0 -9999.0 -9999.0 -9999.0 -9999.0 -9999.0 -9999.0 -9999.0 -9999.0 -9999.0 -9999.0 -9999.0 281.4 223.6 258.6 237.6 224.8 222.5 203.7 230.5 226.2 261.2 244.3 198.1 -9999.0 -9999.0 -9999.0 193.2 171.9 172.1 190.3 196.5 170.2 143.3
-9999.0 -9999.0 -9999.0 -9999.0 -9999.0 -9999.0 -9999.0 -9999.0 -9999.0 -9999.0 -9999.0 -9999.0 -9999.0 -9999.0 -9999.0 -9999.0 -9999.0 -9999.0 -9999.0 -9999.0 -9999.0 -9999.0 -9999.0 -9999.0 -9999.0 -9999.0 -9999.0 -9999.0 -9999.0 -9999.0 -9999.0 -9999.0 -9999.0 -9999.0 -9999.0 -9999.0 -9999.0 -9999.0 -9999.0 -9999.0 -9999.0 -9999.0 -9999.0 -9999.0 -9999.0 -9999.0 -9999.0 -9999.0 -9999.0 -9999.0 -9999.0 -9999.0 -9999.0 -9999.0 251.5 231.6 194.6 179.5 191.9 211.4 156.3 -9999.0 -9999.0 -9999.0 -9999.0 -9999.0 -9999.0 -9999.0 178.3 188.5 205.7 186.4 167.5 137.3 110.8
-9999.0 -9999.0 -9999.0 -9999.0 -9999.0 -9999.0 -9999.0 -9999.0 -9999.0 -9999.0 -9999.0 -9999.0 -9999.0 -9999.0 -9999.0 -9999.0 -9999.0 -9999.0 -9999.0 -9999.0 -9999.0 -9999.0 -9999.0 -9999.0 -9999.0 -9999.0 -9999.0 -9999.0 -9999.0 -9999.0 -9999.0 -9999.0 -9999.0 -9999.0 -9999.0 -9999.0 -9999.0 -9999.0 -9999.0 -9999.0 -9999.0 -9999.0 -9999.0 -9999.0 -9999.0 -9999.0 -9999.0 -9999.0 -9999.0 -9999.0 -9999.0 -9999.0 -9999.0 -9999.0 -9999.0 189.5 207.6 153.5 125.4 136.7 135.9 -9999.0 -9999.0 -9999.0 -9999.0 -9999.0 -9999.0 -9999.0 -9999.0 -9999.0 161.3 -9999.0 -9999.0 -9999.0 -9999.0
