program/excelProcessViaJava/data/SURF_CLI_CHN_PRE_MON_GRID_0.5-201006.txt
NCOLS      128
NROWS       72
XLLCORNER    72.000000000000    
YLLCORNER    18.000000000000    
CELLSIZE    0.50000000000000    
NODATA_VALUE   -9999.000    
[rows 34 to 67 of 72, columns 0 to 75 of 128]
-9999.0 -9999.0 -9999.0 -9999.0 9.7 13.6 5.1 14.8 3.2 4.6 22.4 9.9 18.5 21.4 34.4 40.9 52.0 67.8 82.0 89.2 87.4 78.7 68.1 55.3 36.9 28.3 34.0 33.2 34.3 35.5 37.4 38.9 41.1 42.4 43.8 42.0 46.8 53.4 40.9 27.8 41.4 16.7 15.6 13.9 18.3 25.9 36.6 49.2 60.4 70.9 75.7 87.6 135.0 123.8 106.3 99.1 84.6 79.5 81.1 49.9 90.3 50.3 42.2 44.9 28.8 18.3 40.5 35.7 44.0 53.1 50.1 43.9 40.5 44.4 47.3 41.9
-9999.0 -9999.0 -9999.0 -9999.0 -9999.0 -9999.0 -9999.0 6.7 3.4 6.9 1.6 2.4 10.1 10.2 13.6 41.7 41.0 65.3 81.5 75.7 51.9 36.3 33.3 34.3 34.1 33.2 30.5 30.1 31.0 31.6 34.7 38.1 41.6 45.0 49.5 50.2 58.3 58.2 70.8 76.9 46.8 90.8 85.8 63.2 45.7 37.6 59.2 70.5 90.3 91.0 94.2 107.7 127.3 130.4 136.7 118.1 96.1 78.2 91.7 62.9 88.3 43.4 35.8 41.6 55.4 37.1 47.5 50.1 46.5 51.3 48.5 39.8 39.1 45.3 50.2 49.8
-9999.0 -9999.0 -9999.0 -9999.0 -9999.0 -9999.0 -9999.0 0.3 5.2 1.3 1.0 3.0 2.7 1.6 6.3 2.5 14.2 20.5 13.4 30.2 34.3 26.3 30.9 30.0 30.5 29.2 29.0 25.8 29.7 32.1 32.6 36.4 40.9 45.9 50.4 55.6 59.1 68.3 73.1 74.8 80.9 83.6 90.3 117.2 79.6 63.8 82.0 94.1 114.2 109.1 112.8 102.7 113.7 116.1 118.7 138.4 119.9 99.6 94.4 90.1 66.8 55.5 42.8 52.1 52.1 53.6 52.9 46.8 51.9 46.7 46.2 39.5 39.0 44.9 41.5 50.4
-9999.0 -9999.0 -9999.0 -9999.0 -9999.0 -9999.0 -9999.0 -9999.0 -9999.0 0.7 0.9 1.8 0.7 1.3 3.9 8.0 7.0 2.3 10.8 7.3 16.6 25.7 27.6 27.3 27.1 27.4 24.8 24.7 27.6 25.6 32.5 34.9 39.4 44.8 50.6 56.5 62.1 70.7 74.5 83.4 83.9 92.6 90.9 86.2 97.7 99.6 104.6 107.9 111.4 107.3 99.3 85.2 83.3 98.6 105.1 134.1 125.2 103.8 102.1 88.4 74.2 74.2 71.9 39.8 51.7 52.0 47.6 42.9 52.8 46.9 46.2 38.2 38.9 44.6 48.9 31.1
-9999.0 -9999.0 -9999.0 -9999.0 -9999.0 -9999.0 -9999.0 -9999.0 -9999.0 -9999.0 -9999.0 0.2 2.4 0.4 1.4 1.7 4.0 7.6 11.5 12.1 10.3 17.7 18.0 22.4 14.9 19.0 17.3 18.1 20.3 23.7 26.8 28.8 36.3 42.7 50.1 60.0 65.7 73.7 93.9 88.6 100.1 96.4 92.1 89.9 111.9 98.8 121.2 113.4 118.2 110.5 94.0 80.3 75.2 84.7 100.1 120.7 128.8 121.1 110.4 98.1 93.5 72.7 56.1 45.4 56.4 35.4 32.3 44.8 54.7 57.1 53.2 48.8 44.2 40.8 24.1 27.2
-9999.0 -9999.0 -9999.0 -9999.0 -9999.0 -9999.0 -9999.0 -9999.0 -9999.0 -9999.0 -9999.0 -9999.0 0.9 1.4 0.4 1.8 0.5 3.1 5.0 2.4 15.0 14.0 14.8 18.4 5.6 15.5 17.9 13.5 15.6 14.4 20.5 25.5 31.4 38.0 47.5 57.3 71.0 76.4 81.0 84.3 88.5 92.4 94.6 102.8 102.9 108.5 117.9 110.3 116.7 115.6 110.4 92.7 84.1 96.9 114.1 128.3 135.6 133.9 123.2 122.2 109.8 106.8 95.4 69.8 40.4 65.2 48.7 63.0 71.7 73.6 64.9 46.7 36.3 34.6 48.0 51.9
-9999.0 -9999.0 -9999.0 -9999.0 -9999.0 -9999.0 -9999.0 -9999.0 -9999.0 -9999.0 -9999.0 -9999.0 0.0 1.3 3.5 0.7 5.2 4.5 1.8 4.3 6.7 6.2 8.8 13.8 18.5 13.7 12.7 15.1 12.4 15.3 15.1 17.3 24.8 33.2 42.9 53.9 66.9 78.2 84.4 88.4 88.7 92.3 107.3 99.1 109.4 118.7 110.7 112.8 109.8 120.3 112.3 103.2 98.9 109.4 137.7 146.5 158.3 152.5 146.2 134.2 123.7 113.3 110.7 104.1 42.7 58.7 45.3 66.9 84.8 91.8 85.7 70.4 60.9 73.2 78.6 91.6
-9999.0 -9999.0 -9999.0 -9999.0 -9999.0 -9999.0 -9999.0 -9999.0 -9999.0 -9999.0 -9999.0 -9999.0 -9999.0 0.2 0.1 2.9 0.9 3.9 6.6 8.0 6.8 12.4 6.6 14.5 12.1 4.9 4.7 3.3 5.4 7.0 10.8 14.7 17.7 25.9 37.9 49.0 60.7 72.3 91.9 91.7 94.7 103.7 107.1 119.3 112.2 108.2 117.0 127.0 132.4 129.0 120.0 107.5 110.7 121.2 135.7 154.9 171.5 166.6 152.8 147.9 138.8 128.9 122.5 83.5 37.9 55.6 75.9 95.8 112.6 109.7 76.6 73.8 79.0 78.5 75.1 92.8
-9999.0 -9999.0 -9999.0 -9999.0 -9999.0 -9999.0 -9999.0 -9999.0 -9999.0 -9999.0 -9999.0 -9999.0 0.1 0.0 0.1 0.7 0.1 0.8 1.4 9.2 10.6 11.0 8.5 10.1 10.7 3.2 3.6 4.3 4.0 3.8 5.7 10.1 11.6 20.6 30.5 43.2 56.1 65.3 72.7 80.1 99.9 117.8 131.8 115.3 121.1 121.3 118.7 122.2 130.9 130.0 128.7 126.4 119.9 129.9 146.4 160.8 163.3 193.9 171.0 163.8 146.9 137.7 131.3 124.7 98.1 80.9 92.4 113.8 131.6 122.0 111.3 95.3 79.0 73.9 80.3 90.4
-9999.0 -9999.0 -9999.0 -9999.0 -9999.0 -9999.0 -9999.0 -9999.0 -9999.0 -9999.0 -9999.0 -9999.0 0.0 0.7 0.4 0.0 0.0 2.0 3.5 1.6 8.8 4.4 5.2 5.7 7.8 7.3 4.7 3.4 2.5 3.1 4.0 5.3 7.2 16.1 25.6 36.8 49.2 59.5 66.2 68.7 79.4 93.0 109.3 121.8 125.6 125.7 131.6 130.4 132.6 128.5 121.3 123.4 124.1 136.9 148.5 162.0 165.0 170.3 177.4 165.7 157.1 150.7 143.8 120.6 100.3 97.6 107.0 111.9 120.6 141.3 132.3 109.2 91.6 74.1 68.4 86.3
-9999.0 -9999.0 -9999.0 -9999.0 -9999.0 -9999.0 -9999.0 -9999.0 -9999.0 -9999.0 -9999.0 -9999.0 0.9 0.0 1.0 0.7 1.1 0.1 0.9 1.3 0.4 0.4 2.8 1.3 2.4 0.6 0.8 0.3 1.0 1.1 1.5 1.4 5.4 11.9 20.2 30.8 43.3 53.6 59.5 67.5 76.2 93.6 124.8 123.8 129.7 133.2 129.5 116.4 113.6 114.1 111.9 110.7 130.8 138.0 140.4 151.5 159.1 169.8 176.3 178.9 173.4 166.4 159.8 129.0 88.7 97.7 95.5 87.8 98.1 117.9 131.2 113.0 96.5 72.0 49.1 68.5
-9999.0 -9999.0 -9999.0 -9999.0 -9999.0 -9999.0 -9999.0 -9999.0 -9999.0 -9999.0 -9999.0 -9999.0 -9999.0 0.0 0.0 0.6 0.5 1.2 0.4 0.3 0.0 0.8 0.4 0.3 1.3 0.7 0.6 0.6 0.2 0.7 0.3 0.8 1.9 6.8 13.5 23.2 37.0 49.3 58.2 64.6 78.4 114.3 138.9 144.5 129.3 115.8 110.7 86.0 95.8 92.1 84.7 103.8 108.2 115.1 135.7 147.7 154.8 171.9 185.3 191.1 191.0 186.8 174.4 108.0 94.4 89.8 76.4 69.3 77.3 97.7 117.2 129.7 103.1 135.3 88.8 94.4
-9999.0 -9999.0 -9999.0 -9999.0 -9999.0 -9999.0 -9999.0 -9999.0 -9999.0 -9999.0 -9999.0 -9999.0 -9999.0 4.4 0.0 0.6 0.0 1.5 1.4 0.7 0.1 0.1 0.1 0.2 1.6 0.5 0.2 0.4 0.2 0.0 0.1 0.3 1.1 3.5 8.5 18.2 31.2 45.0 57.9 79.7 86.4 112.6 136.0 142.7 145.8 113.3 94.3 66.9 63.6 61.8 74.1 62.4 90.6 114.6 133.5 141.6 151.4 174.5 195.8 195.0 211.1 178.4 126.9 107.6 102.7 90.9 75.3 70.4 76.2 86.7 98.8 111.3 124.7 115.8 101.5 82.6
-9999.0 -9999.0 -9999.0 -9999.0 -9999.0 -9999.0 -9999.0 -9999.0 -9999.0 -9999.0 -9999.0 -9999.0 -9999.0 -9999.0 -9999.0 0.5 1.4 0.6 1.6 3.6 0.2 0.9 1.0 0.6 0.3 0.2 0.0 0.0 0.0 0.1 0.1 0.2 0.5 2.0 6.7 15.7 29.0 37.6 51.5 65.4 89.4 111.2 126.2 128.5 111.8 96.9 78.8 57.7 52.0 37.3 43.2 81.0 67.7 85.3 70.0 120.1 145.5 150.5 202.5 221.7 189.8 150.0 134.7 130.8 127.0 114.4 102.3 100.4 99.5 87.2 85.5 97.6 96.8 104.3 113.6 89.2
-9999.0 -9999.0 -9999.0 -9999.0 -9999.0 -9999.0 -9999.0 -9999.0 -9999.0 -9999.0 -9999.0 -9999.0 -9999.0 -9999.0 -9999.0 -9999.0 -9999.0 116.6 39.5 -9999.0 20.4 0.9 5.0 3.5 0.3 0.3 0.0 0.0 0.1 0.0 0.1 0.5 0.5 3.8 8.9 12.2 27.1 27.0 41.7 54.3 71.2 96.5 102.4 102.5 127.6 94.9 199.9 69.1 41.8 39.5 29.5 33.4 27.5 68.1 87.6 106.8 110.5 165.9 198.7 229.2 149.7 144.7 137.8 147.5 156.7 157.6 159.6 156.0 145.7 118.8 112.3 111.6 116.3 132.8 125.9 115.1
-9999.0 -9999.0 -9999.0 -9999.0 -9999.0 -9999.0 -9999.0 -9999.0 -9999.0 -9999.0 -9999.0 -9999.0 -9999.0 -9999.0 -9999.0 -9999.0 -9999.0 -9999.0 -9999.0 -9999.0 -9999.0 10.9 3.0 0.2 0.8 4.6 1.7 0.7 0.2 0.5 0.3 4.0 5.1 7.1 11.1 12.8 17.5 23.1 27.0 31.0 36.9 74.7 85.5 84.2 119.7 77.7 292.5 69.0 65.9 146.7 35.0 75.2 74.4 28.2 53.8 95.6 118.8 133.4 199.8 228.6 139.7 133.9 120.1 127.9 156.1 188.1 216.9 216.1 209.4 184.6 169.2 163.3 167.9 180.8 173.0 164.7
-9999.0 -9999.0 -9999.0 -9999.0 -9999.0 -9999.0 -9999.0 -9999.0 -9999.0 -9999.0 -9999.0 -9999.0 -9999.0 -9999.0 -9999.0 -9999.0 -9999.0 -9999.0 -9999.0 -9999.0 -9999.0 -9999.0 -9999.0 70.6 10.6 9.9 6.5 2.2 0.3 0.9 0.8 1.9 3.6 10.6 16.5 22.0 30.1 26.1 37.6 45.4 46.2 63.3 52.8 59.0 118.6 368.9 148.6 108.5 121.3 107.7 42.0 61.0 27.1 36.7 31.7 24.9 92.9 148.5 150.6 219.4 175.8 172.5 148.5 111.0 123.4 173.9 220.6 229.1 212.1 234.3 219.0 229.2 228.4 221.0 231.2 245.0
-9999.0 -9999.0 -9999.0 -9999.0 -9999.0 -9999.0 -9999.0 -9999.0 -9999.0 -9999.0 -9999.0 -9999.0 -9999.0 -9999.0 -9999.0 -9999.0 -9999.0 -9999.0 -9999.0 -9999.0 -9999.0 -9999.0 -9999.0 -9999.0 -9999.0 170.4 47.3 0.6 0.9 0.7 2.9 13.6 24.2 27.5 35.9 39.3 52.8 37.6 48.4 35.5 53.6 37.5 93.0 99.8 286.5 411.9 309.5 468.7 86.1 116.9 82.8 66.7 80.9 74.0 36.5 45.5 93.3 111.2 173.8 205.2 226.6 218.3 229.1 109.2 115.6 146.5 168.5 153.0 167.9 188.3 242.2 255.4 254.5 242.3 256.3 306.9
-9999.0 -9999.0 -9999.0 -9999.0 -9999.0 -9999.0 -9999.0 -9999.0 -9999.0 -9999.0 -9999.0 -9999.0 -9999.0 -9999.0 -9999.0 -9999.0 -9999.0 -9999.0 -9999.0 -9999.0 -9999.0 -9999.0 -9999.0 -9999.0 -9999.0 -9999.0 -9999.0 239.8 221.4 65.5 57.9 63.4 34.1 85.1 66.7 106.2 57.1 48.9 46.8 36.9 42.7 39.5 133.8 294.1 359.8 444.6 509.4 526.0 513.6 272.7 350.0 283.9 103.7 92.5 84.3 103.1 86.8 97.0 162.8 170.9 219.1 240.2 187.7 147.8 122.0 112.2 134.0 151.5 165.4 186.0 215.3 215.5 226.2 232.5 271.2 322.7
-9999.0 -9999.0 -9999.0 -9999.0 -9999.0 -9999.0 -9999.0 -9999.0 -9999.0 -9999.0 -9999.0 -9999.0 -9999.0 -9999.0 -9999.0 -9999.0 -9999.0 -9999.0 -9999.0 -9999.0 -9999.0 -9999.0 -9999.0 -9999.0 -9999.0 -9999.0 -9999.0 -9999.0 -9999.0 -9999.0 -9999.0 -9999.0 -9999.0 174.3 114.5 -9999.0 -9999.0 -9999.0 115.0 60.2 88.1 141.9 135.5 347.6 437.6 482.0 -9999.0 -9999.0 -9999.0 -9999.0 -9999.0 -9999.0 208.7 162.3 127.5 108.4 111.3 91.7 116.0 151.4 219.7 251.0 237.9 182.2 142.5 132.5 141.4 152.4 161.5 182.0 207.6 205.7 214.7 222.3 255.9 303.1
-9999.0 -9999.0 -9999.0 -9999.0 -9999.0 -9999.0 -9999.0 -9999.0 -9999.0 -9999.0 -9999.0 -9999.0 -9999.0 -9999.0 -9999.0 -9999.0 -9999.0 -9999.0 -9999.0 -9999.0 -9999.0 -9999.0 -9999.0 -9999.0 -9999.0 -9999.0 -9999.0 -9999.0 -9999.0 -9999.0 -9999.0 -9999.0 -9999.0 -9999.0 -9999.0 -9999.0 -9999.0 -9999.0 -9999.0 276.5 285.7 312.7 349.2 390.1 -9999.0 -9999.0 -9999.0 -9999.0 -9999.0 -9999.0 -9999.0 -9999.0 262.4 229.2 189.1 126.0 98.8 83.5 88.1 130.7 205.9 263.2 262.0 220.0 173.5 163.8 176.5 217.7 220.9 206.2 221.1 250.1 258.3 265.5 291.5 306.1
-9999.0 -9999.0 -9999.0 -9999.0 -9999.0 -9999.0 -9999.0 -9999.0 -9999.0 -9999.0 -9999.0 -9999.0 -9999.0 -9999.0 -9999.0 -9999.0 -9999.0 -9999.0 -9999.0 -9999.0 -9999.0 -9999.0 -9999.0 -9999.0 -9999.0 -9999.0 -9999.0 -9999.0 -9999.0 -9999.0 -9999.0 -9999.0 -9999.0 -9999.0 -9999.0 -9999.0 -9999.0 -9999.0 -9999.0 -9999.0 -9999.0 -9999.0 -9999.0 -9999.0 -9999.0 -9999.0 -9999.0 -9999.0 -9999.0 -9999.0 -9999.0 -9999.0 295.4 284.0 210.9 196.6 104.6 80.5 78.7 112.2 162.3 245.8 242.8 262.7 221.4 233.7 280.8 316.0 325.4 308.2 308.6 332.4 339.8 344.9 349.4 372.5
-9999.0 -9999.0 -9999.0 -9999.0 -9999.0 -9999.0 -9999.0 -9999.0 -9999.0 -9999.0 -9999.0 -9999.0 -9999.0 -9999.0 -9999.0 -9999.0 -9999.0 -9999.0 -9999.0 -9999.0 -9999.0 -9999.0 -9999.0 -9999.0 -9999.0 -9999.0 -9999.0 -9999.0 -9999.0 -9999.0 -9999.0 -9999.0 -9999.0 -9999.0 -9999.0 -9999.0 -9999.0 -9999.0 -9999.0 -9999.0 -9999.0 -9999.0 -9999.0 -9999.0 -9999.0 -9999.0 -9999.0 -9999.0 -9999.0 -9999.0 -9999.0 464.8 345.0 303.2 114.2 120.1 85.0 91.2 71.2 50.6 151.9 214.8 288.5 321.3 301.7 295.1 319.0 365.1 419.0 426.3 407.0 403.7 392.9 386.1 410.6 452.7
-9999.0 -9999.0 -9999.0 -9999.0 -9999.0 -9999.0 -9999.0 -9999.0 -9999.0 -9999.0 -9999.0 -9999.0 -9999.0 -9999.0 -9999.0 -9999.0 -9999.0 -9999.0 -9999.0 -9999.0 -9999.0 -9999.0 -9999.0 -9999.0 -9999.0 -9999.0 -9999.0 -9999.0 -9999.0 -9999.0 -9999.0 -9999.0 -9999.0 -9999.0 -9999.0 -9999.0 -9999.0 -9999.0 -9999.0 -9999.0 -9999.0 -9999.0 -9999.0 -9999.0 -9999.0 -9999.0 -9999.0 -9999.0 -9999.0 -9999.0 464.2 504.6 395.2 295.5 149.8 113.7 56.5 42.1 53.0 77.7 91.8 175.2 248.6 317.0 334.7 295.4 273.6 331.4 404.5 474.1 474.6 429.2 402.9 417.5 428.9 445.5
-9999.0 -9999.0 -9999.0 -9999.0 -9999.0 -9999.0 -9999.0 -9999.0 -9999.0 -9999.0 -9999.0 -9999.0 -9999.0 -9999.0 -9999.0 -9999.0 -9999.0 -9999.0 -9999.0 -9999.0 -9999.0 -9999.0 -9999.0 -9999.0 -9999.0 -9999.0 -9999.0 -9999.0 -9999.0 -9999.0 -9999.0 -9999.0 -9999.0 -9999.0 -9999.0 -9999.0 -9999.0 -9999.0 -9999.0 -9999.0 -9999.0 -9999.0 -9999.0 -9999.0 -9999.0 -9999.0 -9999.0 -9999.0 -9999.0 -9999.0 402.0 501.2 397.7 290.0 191.7 100.4 47.9 72.5 69.9 60.7 67.3 109.5 162.9 240.2 267.8 207.3 213.4 256.8 352.1 433.9 483.7 466.9 433.1 414.3 402.7 423.6
-9999.0 -9999.0 -9999.0 -9999.0 -9999.0 -9999.0 -9999.0 -9999.0 -9999.0 -9999.0 -9999.0 -9999.0 -9999.0 -9999.0 -9999.0 -9999.0 -9999.0 -9999.0 -9999.0 -9999.0 -9999.0 -9999.0 -9999.0 -9999.0 -9999.0 -9999.0 -9999.0 -9999.0 -9999.0 -9999.0 -9999.0 -9999.0 -9999.0 -9999.0 -9999.0 -9999.0 -9999.0 -9999.0 -9999.0 -9999.0 -9999.0 -9999.0 -9999.0 -9999.0 -9999.0 -9999.0 -9999.0 -9999.0 -9999.0 -9999.0 290.6 364.1 308.7 318.9 171.0 104.6 125.4 96.5 103.4 87.6 81.5 91.2 110.4 136.1 176.2 166.2 162.2 204.5 284.2 417.5 470.1 530.5 471.7 452.6 397.5 399.0
-9999.0 -9999.0 -9999.0 -9999.0 -9999.0 -9999.0 -9999.0 -9999.0 -9999.0 -9999.0 -9999.0 -9999.0 -9999.0 -9999.0 -9999.0 -9999.0 -9999.0 -9999.0 -9999.0 -9999.0 -9999.0 -9999.0 -9999.0 -9999.0 -9999.0 -9999.0 -9999.0 -9999.0 -9999.0 -9999.0 -9999.0 -9999.0 -9999.0 -9999.0 -9999.0 -9999.0 -9999.0 -9999.0 -9999.0 -9999.0 -9999.0 -9999.0 -9999.0 -9999.0 -9999.0 -9999.0 -9999.0 -9999.0 -9999.0 -9999.0 292.6 359.5 303.0 281.0 214.5 180.9 122.8 149.6 169.3 147.7 133.8 94.4 63.3 88.4 120.7 136.2 168.5 215.6 320.1 285.3 420.2 469.4 482.0 444.1 404.1 420.8
-9999.0 -9999.0 -9999.0 -9999.0 -9999.0 -9999.0 -9999.0 -9999.0 -9999.0 -9999.0 -9999.0 -9999.0 -9999.0 -9999.0 -9999.0 -9999.0 -9999.0 -9999.0 -9999.0 -9999.0 -9999.0 -9999.0 -9999.0 -9999.0 -9999.0 -9999.0 -9999.0 -9999.0 -9999.0 -9999.0 -9999.0 -9999.0 -9999.0 -9999.0 -9999.0 -9999.0 -9999.0 -9999.0 -9999.0 -9999.0 -9999.0 -9999.0 -9999.0 -9999.0 -9999.0 -9999.0 -9999.0 -9999.0 -9999.0 -9999.0 -9999.0 -9999.0 -9999.0 237.0 219.8 189.8 180.5 206.7 199.4 218.6 267.2 123.8 130.7 99.4 103.2 119.1 172.7 204.9 308.8 344.7 332.5 338.2 337.2 334.9 369.6 427.9
-9999.0 -9999.0 -9999.0 -9999.0 -9999.0 -9999.0 -9999.0 -9999.0 -9999.0 -9999.0 -9999.0 -9999.0 -9999.0 -9999.0 -9999.0 -9999.0 -9999.0 -9999.0 -9999.0 -9999.0 -9999.0 -9999.0 -9999.0 -9999.0 -9999.0 -9999.0 -9999.0 -9999.0 -9999.0 -9999.0 -9999.0 -9999.0 -9999.0 -9999.0 -9999.0 -9999.0 -9999.0 -9999.0 -9999.0 -9999.0 -9999.0 -9999.0 -9999.0 -9999.0 -9999.0 -9999.0 -9999.0 -9999.0 -9999.0 -9999.0 -9999.0 -9999.0 -9999.0 213.5 195.8 249.5 189.9 192.2 258.2 377.4 305.4 200.4 235.2 153.8 137.1 137.9 135.4 239.7 228.2 246.5 231.8 239.6 237.9 254.6 323.9 415.7
-9999.0 -9999.0 -9999.0 -9999.0 -9999.0 -9999.0 -9999.0 -9999.0 -9999.0 -9999.0 -9999.0 -9999.0 -9999.0 -9999.0 -9999.0 -9999.0 -9999.0 -9999.0 -9999.0 -9999.0 -9999.0 -9999.0 -9999.0 -9999.0 -9999.0 -9999.0 -9999.0 -9999.0 -9999.0 -9999.0 -9999.0 -9999.0 -9999.0 -9999.0 -9999.0 -9999.0 -9999.0 -9999.0 -9999.0 -9999.0 -9999.0 -9999.0 -9999.0 -9999.0 -9999.0 -9999.0 -9999.0 -9999.0 -9999.0 -9999.0 -9999.0 -9999.0 -9999.0 176.0 130.9 191.5 184.5 193.4 263.3 317.9 403.6 354.5 348.2 274.4 176.1 -9999.0 -9999.0 -9999.0 231.1 206.0 232.2 261.4 254.7 253.1 302.8 383.3
-9999.0 -9999.0 -9999.0 -9999.0 -9999.0 -9999.0 -9999.0 -9999.0 -9999.0 -9999.0 -9999.0 -9999.0 -9999.0 -9999.0 -9999.0 -9999.0 -9999.0 -9999.0 -9999.0 -9999.0 -9999.0 -9999.0 -9999.0 -9999.0 -9999.0 -9999.0 -9999.0 -9999.0 -9999.0 -9999.0 -9999.0 -9999.0 -9999.0 -9999.0 -9999.0 -9999.0 -9999.0 -9999.0 -9999.0 -9999.0 -9999.0 -9999.0 -9999.0 -9999.0 -9999.0 -9999.0 -9999.0 -9999.0 -9999.0 -9999.0 -9999.0 -9999.0 -9999.0 -9999.0 138.3 142.3 123.1 144.9 254.1 372.1 286.8 -9999.0 -9999.0 -9999.0 -9999.0 -9999.0 -9999.0 -9999.0 193.3 232.4 291.1 317.0 302.2 260.7 259.8 310.7
-9999.0 -9999.0 -9999.0 -9999.0 -9999.0 -9999.0 -9999.0 -9999.0 -9999.0 -9999.0 -9999.0 -9999.0 -9999.0 -9999.0 -9999.0 -9999.0 -9999.0 -9999.0 -9999.0 -9999.0 -9999.0 -9999.0 -9999.0 -9999.0 -9999.0 -9999.0 -9999.0 -9999.0 -9999.0 -9999.0 -9999.0 -9999.0 -9999.0 -9999.0 -9999.0 -9999.0 -9999.0 -9999.0 -9999.0 -9999.0 -9999.0 -9999.0 -9999.0 -9999.0 -9999.0 -9999.0 -9999.0 -9999.0 -9999.0 -9999.0 -9999.0 -9999.0 -9999.0 -9999.0 -9999.0 97.1 168.2 151.7 181.5 276.2 300.6 -9999.0 -9999.0 -9999.0 -9999.0 -9999.0 -9999.0 -9999.0 -9999.0 -9999.0 279.1 -9999.0 -9999.0 -9999.0 -9999.0 -9999.0
-9999.0 -9999.0 -9999.0 -9999.0 -9999.0 -9999.0 -9999.0 -9999.0 -9999.0 -9999.0 -9999.0 -9999.0 -9999.0 -9999.0 -9999.0 -9999.0 -9999.0 -9999.0 -9999.0 -9999.0 -9999.0 -9999.0 -9999.0 -9999.0 -9999.0 -9999.0 -9999.0 -9999.0 -9999.0 -9999.0 -9999.0 -9999.0 -9999.0 -9999.0 -9999.0 -9999.0 -9999.0 -9999.0 -9999.0 -9999.0 -9999.0 -9999.0 -9999.0 -9999.0 -9999.0 -9999.0 -9999.0 -9999.0 -9999.0 -9999.0 -9999.0 -9999.0 -9999.0 -9999.0 -9999.0 -9999.0 -9999.0 -9999.0 170.3 192.3 -9999.0 -9999.0 -9999.0 -9999.0 -9999.0 -9999.0 -9999.0 -9999.0 -9999.0 -9999.0 -9999.0 -9999.0 -9999.0 -9999.0 -9999.0 116.6
-9999.0 -9999.0 -9999.0 -9999.0 -9999.0 -9999.0 -9999.0 -9999.0 -9999.0 -9999.0 -9999.0 -9999.0 -9999.0 -9999.0 -9999.0 -9999.0 -9999.0 -9999.0 -9999.0 -9999.0 -9999.0 -9999.0 -9999.0 -9999.0 -9999.0 -9999.0 -9999.0 -9999.0 -9999.0 -9999.0 -9999.0 -9999.0 -9999.0 -9999.0 -9999.0 -9999.0 -9999.0 -9999.0 -9999.0 -9999.0 -9999.0 -9999.0 -9999.0 -9999.0 -9999.0 -9999.0 -9999.0 -9999.0 -9999.0 -9999.0 -9999.0 -9999.0 -9999.0 -9999.0 -9999.0 -9999.0 -9999.0 -9999.0 -9999.0 -9999.0 -9999.0 -9999.0 -9999.0 -9999.0 -9999.0 -9999.0 -9999.0 -9999.0 -9999.0 -9999.0 -9999.0 -9999.0 -9999.0 -9999.0 -9999.0 -9999.0
