program/excelProcessViaJava/data/SURF_CLI_CHN_PRE_MON_GRID_0.5-198405.txt
NCOLS      128
NROWS       72
XLLCORNER    72.000000000000    
YLLCORNER    18.000000000000    
CELLSIZE    0.50000000000000    
NODATA_VALUE   -9999.000    
[rows 34 to 67 of 72, columns 0 to 76 of 128]
-9999.0 -9999.0 -9999.0 -9999.0 0.1 0.1 0.5 0.3 1.9 2.2 0.6 2.3 1.6 1.9 2.0 2.2 1.7 1.2 0.7 0.5 0.4 0.3 0.3 0.3 0.5 0.8 0.8 1.2 1.8 2.7 3.9 5.3 6.7 7.8 8.8 8.8 9.6 10.4 7.3 4.6 5.7 2.2 1.7 1.2 0.9 0.7 0.6 0.7 1.1 2.6 5.0 9.7 31.7 35.0 42.3 58.3 70.2 85.1 96.6 62.5 80.0 48.3 40.9 37.5 38.6 45.3 59.5 60.0 64.4 80.8 73.6 69.5 59.6 51.6 43.8 44.9 47.1
-9999.0 -9999.0 -9999.0 -9999.0 -9999.0 -9999.0 -9999.0 0.2 0.4 0.4 1.7 2.0 1.0 1.5 1.5 1.0 0.8 0.5 0.4 0.3 0.3 0.4 0.4 0.4 0.4 0.5 0.7 1.0 1.6 2.5 3.6 5.0 6.4 7.7 9.1 9.2 10.7 10.0 11.9 12.3 6.1 13.8 11.9 6.9 3.5 1.7 2.2 1.9 3.3 2.6 3.7 7.3 18.3 54.6 63.7 59.9 69.5 78.6 107.3 87.6 92.8 60.1 52.4 51.8 59.1 64.8 75.1 79.9 78.6 82.4 77.1 70.9 73.1 70.6 65.4 74.3 72.6
-9999.0 -9999.0 -9999.0 -9999.0 -9999.0 -9999.0 -9999.0 0.3 0.1 0.4 0.6 0.6 0.9 1.7 1.2 2.1 0.9 0.7 0.8 0.4 0.4 0.4 0.3 0.3 0.4 0.4 0.6 0.9 1.4 2.2 3.3 4.5 5.9 7.6 8.4 9.2 9.3 10.6 10.6 10.1 10.9 11.3 13.1 21.3 10.9 6.2 8.4 9.5 19.3 15.2 32.9 31.0 21.9 38.3 63.1 69.5 89.2 107.1 111.8 106.4 93.5 78.7 64.8 67.0 71.0 79.3 82.8 80.1 80.9 81.4 80.5 83.2 93.5 97.3 90.0 113.1 116.7
-9999.0 -9999.0 -9999.0 -9999.0 -9999.0 -9999.0 -9999.0 -9999.0 -9999.0 0.2 0.3 0.3 0.7 0.8 0.7 0.7 0.8 1.2 0.6 0.6 0.4 0.3 0.3 0.3 0.3 0.4 0.5 0.7 1.2 1.9 3.0 4.1 5.4 6.8 7.6 8.3 8.6 9.3 8.9 10.0 9.6 11.9 12.7 13.1 18.2 20.2 22.5 23.3 25.5 25.9 31.2 27.6 28.2 36.3 59.1 67.9 90.1 107.2 104.0 100.7 93.7 88.8 86.0 72.1 85.7 88.6 83.2 77.5 73.5 79.2 81.7 84.6 97.7 108.3 117.4 99.1 90.6
-9999.0 -9999.0 -9999.0 -9999.0 -9999.0 -9999.0 -9999.0 -9999.0 -9999.0 -9999.0 -9999.0 0.4 0.3 0.7 0.6 0.7 0.6 0.5 0.5 0.4 0.4 0.3 0.3 0.3 0.3 0.4 0.5 0.6 1.0 1.7 2.6 3.6 4.9 6.1 7.1 8.8 8.3 8.5 12.8 9.1 11.5 11.0 11.8 14.0 25.9 23.9 39.3 35.3 40.1 37.1 28.4 28.7 32.4 44.9 60.7 64.0 72.6 82.9 90.6 92.5 92.2 88.1 83.9 87.7 99.9 82.9 82.4 81.2 74.1 74.4 77.1 82.5 85.9 89.6 79.9 73.0 63.2
-9999.0 -9999.0 -9999.0 -9999.0 -9999.0 -9999.0 -9999.0 -9999.0 -9999.0 -9999.0 -9999.0 -9999.0 0.3 0.4 0.6 0.5 0.7 0.5 0.5 0.5 0.3 0.3 0.3 0.3 0.3 0.4 0.5 0.6 0.9 1.3 2.2 3.2 4.4 5.6 6.9 7.6 10.0 8.3 7.2 6.5 6.8 8.3 11.0 17.7 23.6 32.8 44.1 40.0 44.0 43.7 50.5 46.0 41.1 45.1 57.1 64.2 66.9 72.3 82.1 83.9 91.1 94.4 96.0 94.3 88.6 101.3 87.5 87.8 81.7 77.6 73.3 66.5 65.2 65.9 71.0 115.4 88.3
-9999.0 -9999.0 -9999.0 -9999.0 -9999.0 -9999.0 -9999.0 -9999.0 -9999.0 -9999.0 -9999.0 -9999.0 0.3 0.3 0.4 0.5 0.5 0.5 0.5 0.4 0.3 0.3 0.3 0.3 0.4 0.4 0.5 0.7 0.8 1.4 1.8 2.5 3.7 4.9 6.1 6.8 8.5 9.0 7.8 6.9 5.9 7.0 14.2 15.2 27.3 41.9 43.5 46.6 40.0 49.1 45.7 48.4 44.0 54.7 57.5 67.1 68.2 71.3 77.2 85.0 92.3 94.3 97.7 101.8 74.4 86.2 80.7 95.2 96.3 86.0 88.0 101.5 108.9 90.5 85.3 76.0 74.4
-9999.0 -9999.0 -9999.0 -9999.0 -9999.0 -9999.0 -9999.0 -9999.0 -9999.0 -9999.0 -9999.0 -9999.0 -9999.0 0.3 0.5 0.5 0.5 0.5 0.5 0.4 0.4 0.3 0.3 0.3 0.3 0.3 0.3 0.4 0.6 0.9 1.7 2.5 3.0 4.2 5.2 6.0 6.5 7.3 13.0 8.9 8.1 11.1 13.6 24.6 28.0 35.0 50.0 61.5 65.0 60.7 55.9 46.9 48.6 74.5 73.3 75.2 77.5 80.8 84.5 86.2 93.6 97.3 98.6 81.3 61.0 71.8 85.9 98.9 102.9 97.1 94.5 95.5 97.4 90.3 94.4 84.6 91.2
-9999.0 -9999.0 -9999.0 -9999.0 -9999.0 -9999.0 -9999.0 -9999.0 -9999.0 -9999.0 -9999.0 -9999.0 0.1 0.3 0.4 0.5 0.5 0.5 0.5 0.5 0.4 0.4 0.3 0.4 0.4 0.3 0.4 0.5 0.6 0.8 1.3 2.3 2.4 3.6 4.5 5.3 6.6 5.5 5.4 6.0 12.8 21.3 30.8 20.7 32.6 43.6 49.9 52.9 60.6 61.6 68.5 74.8 61.6 73.4 75.0 81.0 88.5 96.0 96.1 101.8 103.7 106.9 104.3 109.7 91.0 84.4 95.6 102.2 110.5 115.2 116.3 115.5 101.6 81.4 79.5 82.3 84.7
-9999.0 -9999.0 -9999.0 -9999.0 -9999.0 -9999.0 -9999.0 -9999.0 -9999.0 -9999.0 -9999.0 -9999.0 0.1 0.2 0.3 0.4 0.4 0.5 0.5 0.4 0.5 0.4 0.3 0.4 0.5 0.5 0.6 0.6 0.7 1.2 1.7 1.9 2.0 3.5 4.1 4.6 4.6 4.7 4.6 4.0 6.2 9.1 14.8 24.0 34.6 47.1 64.7 67.8 69.1 56.1 57.6 71.7 65.9 70.4 78.6 83.6 92.0 100.2 107.3 114.4 122.0 130.8 117.9 105.5 99.4 103.9 108.1 113.3 106.2 105.9 114.2 118.6 113.1 108.8 105.9 107.6 109.7
-9999.0 -9999.0 -9999.0 -9999.0 -9999.0 -9999.0 -9999.0 -9999.0 -9999.0 -9999.0 -9999.0 -9999.0 0.1 0.1 0.3 0.4 0.5 0.4 0.4 0.4 0.3 0.2 0.3 0.2 0.3 0.2 0.3 0.2 0.8 1.1 1.5 1.1 2.5 3.6 4.0 4.1 4.1 3.9 3.7 6.0 8.1 11.5 30.9 22.4 40.3 61.8 71.8 62.7 53.0 56.4 62.0 60.8 98.4 105.2 94.1 83.7 94.2 105.2 116.8 124.8 136.5 146.0 169.9 131.7 111.7 132.7 134.8 132.2 125.0 117.7 119.4 133.4 127.8 121.6 162.2 125.5 166.6
-9999.0 -9999.0 -9999.0 -9999.0 -9999.0 -9999.0 -9999.0 -9999.0 -9999.0 -9999.0 -9999.0 -9999.0 -9999.0 0.1 0.2 0.3 0.3 0.4 0.3 0.3 0.2 0.3 0.2 0.2 0.3 0.3 0.4 0.6 0.5 1.5 0.8 1.4 1.7 3.1 3.4 3.8 4.4 3.9 4.9 7.2 13.5 35.7 55.0 59.3 48.4 53.3 65.9 43.3 63.7 60.7 51.9 78.2 79.6 75.6 99.0 102.2 86.0 98.1 121.3 151.2 165.1 207.8 195.7 141.3 116.4 111.2 139.0 156.0 153.0 154.0 153.0 146.6 140.3 130.5 127.6 132.3 134.8
-9999.0 -9999.0 -9999.0 -9999.0 -9999.0 -9999.0 -9999.0 -9999.0 -9999.0 -9999.0 -9999.0 -9999.0 -9999.0 0.1 0.1 0.2 0.2 0.4 0.4 0.3 0.2 0.1 0.1 0.1 0.4 0.3 0.3 0.6 0.7 0.2 0.5 0.9 2.2 2.7 2.9 3.8 4.5 5.1 8.5 22.6 26.8 45.7 64.7 75.2 96.1 72.0 66.4 44.5 47.1 47.7 62.8 50.8 77.1 95.9 106.6 99.4 85.7 98.5 129.1 139.9 188.2 190.0 179.5 170.1 123.7 113.5 151.8 185.3 190.6 197.0 204.9 183.2 151.4 136.1 140.8 154.7 176.0
-9999.0 -9999.0 -9999.0 -9999.0 -9999.0 -9999.0 -9999.0 -9999.0 -9999.0 -9999.0 -9999.0 -9999.0 -9999.0 -9999.0 -9999.0 0.1 0.2 0.2 0.3 0.4 0.2 0.2 0.3 0.2 0.2 0.2 0.1 0.2 0.1 0.6 0.7 1.5 1.3 2.2 3.7 5.2 8.2 8.4 12.9 22.9 42.4 63.2 79.4 85.7 71.5 61.1 65.0 40.9 48.5 30.6 43.3 80.4 67.3 78.3 58.6 82.7 88.2 81.8 135.3 174.0 183.8 195.6 236.0 198.9 156.6 148.3 178.0 209.5 209.5 221.9 232.1 194.3 158.7 141.7 147.7 179.8 187.1
-9999.0 -9999.0 -9999.0 -9999.0 -9999.0 -9999.0 -9999.0 -9999.0 -9999.0 -9999.0 -9999.0 -9999.0 -9999.0 -9999.0 -9999.0 -9999.0 -9999.0 2.3 1.0 -9999.0 0.9 0.2 0.5 0.5 0.2 0.2 0.1 0.2 0.5 0.4 1.1 4.2 1.7 6.4 9.7 7.0 11.2 17.1 19.5 29.7 44.8 68.1 78.3 82.2 82.9 70.2 98.8 72.3 39.0 43.5 34.7 42.5 46.4 69.2 74.2 75.7 64.8 101.2 127.3 172.9 172.3 210.7 236.2 216.8 185.3 176.0 195.1 206.9 200.9 204.9 200.1 197.4 179.0 142.2 159.0 194.0 192.0
-9999.0 -9999.0 -9999.0 -9999.0 -9999.0 -9999.0 -9999.0 -9999.0 -9999.0 -9999.0 -9999.0 -9999.0 -9999.0 -9999.0 -9999.0 -9999.0 -9999.0 -9999.0 -9999.0 -9999.0 -9999.0 0.5 0.3 0.1 0.2 0.9 0.8 0.8 0.7 2.8 3.0 14.3 12.2 10.3 12.8 10.2 14.1 19.0 24.7 29.6 31.6 62.4 76.3 79.1 91.6 74.7 166.7 56.6 72.7 163.4 41.6 76.3 72.6 43.3 49.8 64.5 71.0 72.0 141.0 163.6 181.7 208.8 214.8 204.7 197.6 195.8 209.3 206.1 202.1 192.0 187.1 196.3 173.9 146.3 149.4 165.3 172.9
-9999.0 -9999.0 -9999.0 -9999.0 -9999.0 -9999.0 -9999.0 -9999.0 -9999.0 -9999.0 -9999.0 -9999.0 -9999.0 -9999.0 -9999.0 -9999.0 -9999.0 -9999.0 -9999.0 -9999.0 -9999.0 -9999.0 -9999.0 7.5 0.9 1.3 1.5 1.2 0.5 2.7 3.5 5.4 5.1 9.9 11.9 15.2 20.3 23.3 30.4 38.2 41.8 58.9 52.0 57.8 96.2 235.8 104.0 79.9 87.7 88.3 46.6 57.3 38.7 38.8 31.5 29.9 47.4 83.5 98.8 155.9 209.4 246.8 246.7 182.9 177.4 197.2 219.8 214.5 182.9 195.0 210.7 207.5 191.7 187.9 170.0 175.9 204.2
-9999.0 -9999.0 -9999.0 -9999.0 -9999.0 -9999.0 -9999.0 -9999.0 -9999.0 -9999.0 -9999.0 -9999.0 -9999.0 -9999.0 -9999.0 -9999.0 -9999.0 -9999.0 -9999.0 -9999.0 -9999.0 -9999.0 -9999.0 -9999.0 -9999.0 35.7 9.6 0.4 0.6 1.0 3.3 12.9 19.4 18.1 23.4 24.2 34.4 30.3 39.0 33.1 49.3 36.5 73.0 81.5 198.5 280.0 203.4 315.4 70.1 88.6 65.8 50.1 54.1 43.8 25.6 25.8 40.0 54.4 102.4 149.0 220.1 275.8 326.8 168.9 176.9 194.7 205.9 188.2 188.4 203.1 214.5 226.2 223.7 224.8 225.3 229.3 245.8
-9999.0 -9999.0 -9999.0 -9999.0 -9999.0 -9999.0 -9999.0 -9999.0 -9999.0 -9999.0 -9999.0 -9999.0 -9999.0 -9999.0 -9999.0 -9999.0 -9999.0 -9999.0 -9999.0 -9999.0 -9999.0 -9999.0 -9999.0 -9999.0 -9999.0 -9999.0 -9999.0 71.2 79.2 26.8 29.1 35.6 17.7 51.4 35.0 79.4 38.5 37.3 39.3 31.8 38.1 32.7 102.2 216.7 258.6 315.9 362.6 368.7 352.6 172.2 222.0 173.6 46.8 34.7 27.2 33.7 40.1 61.4 97.1 146.4 223.2 284.6 254.4 239.5 253.0 223.0 214.6 207.6 197.6 201.9 221.9 236.1 255.0 249.6 263.2 290.5 311.3
-9999.0 -9999.0 -9999.0 -9999.0 -9999.0 -9999.0 -9999.0 -9999.0 -9999.0 -9999.0 -9999.0 -9999.0 -9999.0 -9999.0 -9999.0 -9999.0 -9999.0 -9999.0 -9999.0 -9999.0 -9999.0 -9999.0 -9999.0 -9999.0 -9999.0 -9999.0 -9999.0 -9999.0 -9999.0 -9999.0 -9999.0 -9999.0 -9999.0 97.8 56.0 -9999.0 -9999.0 -9999.0 86.4 44.7 66.6 108.4 102.3 266.6 336.5 361.1 -9999.0 -9999.0 -9999.0 -9999.0 -9999.0 -9999.0 81.3 48.9 34.8 39.5 53.2 77.0 99.9 155.2 222.8 270.8 284.6 258.1 232.6 238.1 250.1 247.3 224.0 217.4 238.7 240.4 251.5 271.2 285.0 337.6 345.0
-9999.0 -9999.0 -9999.0 -9999.0 -9999.0 -9999.0 -9999.0 -9999.0 -9999.0 -9999.0 -9999.0 -9999.0 -9999.0 -9999.0 -9999.0 -9999.0 -9999.0 -9999.0 -9999.0 -9999.0 -9999.0 -9999.0 -9999.0 -9999.0 -9999.0 -9999.0 -9999.0 -9999.0 -9999.0 -9999.0 -9999.0 -9999.0 -9999.0 -9999.0 -9999.0 -9999.0 -9999.0 -9999.0 -9999.0 219.4 231.6 256.8 287.3 317.4 -9999.0 -9999.0 -9999.0 -9999.0 -9999.0 -9999.0 -9999.0 -9999.0 97.9 71.6 52.6 52.3 63.7 75.1 98.4 143.3 200.5 240.9 247.4 222.8 208.8 232.1 264.3 261.5 239.5 231.1 234.4 250.2 272.6 274.8 341.9 371.0 369.8
-9999.0 -9999.0 -9999.0 -9999.0 -9999.0 -9999.0 -9999.0 -9999.0 -9999.0 -9999.0 -9999.0 -9999.0 -9999.0 -9999.0 -9999.0 -9999.0 -9999.0 -9999.0 -9999.0 -9999.0 -9999.0 -9999.0 -9999.0 -9999.0 -9999.0 -9999.0 -9999.0 -9999.0 -9999.0 -9999.0 -9999.0 -9999.0 -9999.0 -9999.0 -9999.0 -9999.0 -9999.0 -9999.0 -9999.0 -9999.0 -9999.0 -9999.0 -9999.0 -9999.0 -9999.0 -9999.0 -9999.0 -9999.0 -9999.0 -9999.0 -9999.0 -9999.0 157.7 101.3 77.1 78.3 62.2 60.7 74.8 110.3 149.2 184.8 206.5 185.3 186.5 220.2 239.2 244.9 241.3 240.9 252.8 266.4 269.9 290.5 335.4 441.9 408.1
-9999.0 -9999.0 -9999.0 -9999.0 -9999.0 -9999.0 -9999.0 -9999.0 -9999.0 -9999.0 -9999.0 -9999.0 -9999.0 -9999.0 -9999.0 -9999.0 -9999.0 -9999.0 -9999.0 -9999.0 -9999.0 -9999.0 -9999.0 -9999.0 -9999.0 -9999.0 -9999.0 -9999.0 -9999.0 -9999.0 -9999.0 -9999.0 -9999.0 -9999.0 -9999.0 -9999.0 -9999.0 -9999.0 -9999.0 -9999.0 -9999.0 -9999.0 -9999.0 -9999.0 -9999.0 -9999.0 -9999.0 -9999.0 -9999.0 -9999.0 -9999.0 234.4 164.8 131.3 79.8 73.3 56.3 64.1 59.7 66.1 120.2 140.3 153.7 167.3 187.0 215.8 204.4 190.9 221.6 249.2 278.6 284.6 296.5 338.6 379.0 450.1 383.2
-9999.0 -9999.0 -9999.0 -9999.0 -9999.0 -9999.0 -9999.0 -9999.0 -9999.0 -9999.0 -9999.0 -9999.0 -9999.0 -9999.0 -9999.0 -9999.0 -9999.0 -9999.0 -9999.0 -9999.0 -9999.0 -9999.0 -9999.0 -9999.0 -9999.0 -9999.0 -9999.0 -9999.0 -9999.0 -9999.0 -9999.0 -9999.0 -9999.0 -9999.0 -9999.0 -9999.0 -9999.0 -9999.0 -9999.0 -9999.0 -9999.0 -9999.0 -9999.0 -9999.0 -9999.0 -9999.0 -9999.0 -9999.0 -9999.0 -9999.0 331.8 240.8 189.5 156.6 102.7 86.8 50.3 37.9 54.7 83.7 88.1 114.0 129.7 159.5 204.0 220.1 207.0 177.9 213.8 265.8 297.9 301.9 281.7 274.0 288.4 300.7 374.6
-9999.0 -9999.0 -9999.0 -9999.0 -9999.0 -9999.0 -9999.0 -9999.0 -9999.0 -9999.0 -9999.0 -9999.0 -9999.0 -9999.0 -9999.0 -9999.0 -9999.0 -9999.0 -9999.0 -9999.0 -9999.0 -9999.0 -9999.0 -9999.0 -9999.0 -9999.0 -9999.0 -9999.0 -9999.0 -9999.0 -9999.0 -9999.0 -9999.0 -9999.0 -9999.0 -9999.0 -9999.0 -9999.0 -9999.0 -9999.0 -9999.0 -9999.0 -9999.0 -9999.0 -9999.0 -9999.0 -9999.0 -9999.0 -9999.0 -9999.0 328.0 255.5 207.4 168.0 139.0 95.9 54.0 82.6 89.3 82.5 78.0 90.8 109.3 150.1 201.6 197.2 193.1 180.4 216.0 273.9 310.1 286.9 243.9 222.0 217.7 229.8 234.3
-9999.0 -9999.0 -9999.0 -9999.0 -9999.0 -9999.0 -9999.0 -9999.0 -9999.0 -9999.0 -9999.0 -9999.0 -9999.0 -9999.0 -9999.0 -9999.0 -9999.0 -9999.0 -9999.0 -9999.0 -9999.0 -9999.0 -9999.0 -9999.0 -9999.0 -9999.0 -9999.0 -9999.0 -9999.0 -9999.0 -9999.0 -9999.0 -9999.0 -9999.0 -9999.0 -9999.0 -9999.0 -9999.0 -9999.0 -9999.0 -9999.0 -9999.0 -9999.0 -9999.0 -9999.0 -9999.0 -9999.0 -9999.0 -9999.0 -9999.0 313.1 268.4 231.5 214.0 139.1 106.8 138.3 100.4 117.1 72.0 86.4 87.1 89.4 117.5 164.0 192.2 191.4 193.0 215.5 272.4 291.0 277.2 213.6 187.5 166.8 173.5 198.7
-9999.0 -9999.0 -9999.0 -9999.0 -9999.0 -9999.0 -9999.0 -9999.0 -9999.0 -9999.0 -9999.0 -9999.0 -9999.0 -9999.0 -9999.0 -9999.0 -9999.0 -9999.0 -9999.0 -9999.0 -9999.0 -9999.0 -9999.0 -9999.0 -9999.0 -9999.0 -9999.0 -9999.0 -9999.0 -9999.0 -9999.0 -9999.0 -9999.0 -9999.0 -9999.0 -9999.0 -9999.0 -9999.0 -9999.0 -9999.0 -9999.0 -9999.0 -9999.0 -9999.0 -9999.0 -9999.0 -9999.0 -9999.0 -9999.0 -9999.0 285.4 274.1 242.9 216.4 179.6 173.7 89.1 114.9 115.3 75.6 106.3 87.7 79.9 98.6 132.1 166.7 202.5 226.5 258.6 198.5 239.9 222.5 200.6 180.9 158.9 177.4 209.4
-9999.0 -9999.0 -9999.0 -9999.0 -9999.0 -9999.0 -9999.0 -9999.0 -9999.0 -9999.0 -9999.0 -9999.0 -9999.0 -9999.0 -9999.0 -9999.0 -9999.0 -9999.0 -9999.0 -9999.0 -9999.0 -9999.0 -9999.0 -9999.0 -9999.0 -9999.0 -9999.0 -9999.0 -9999.0 -9999.0 -9999.0 -9999.0 -9999.0 -9999.0 -9999.0 -9999.0 -9999.0 -9999.0 -9999.0 -9999.0 -9999.0 -9999.0 -9999.0 -9999.0 -9999.0 -9999.0 -9999.0 -9999.0 -9999.0 -9999.0 -9999.0 -9999.0 -9999.0 228.5 185.4 143.4 127.8 137.7 75.8 101.7 224.9 136.9 139.6 145.3 143.2 161.4 203.8 208.7 239.6 224.7 193.8 180.0 183.8 180.6 160.6 183.6 230.8
-9999.0 -9999.0 -9999.0 -9999.0 -9999.0 -9999.0 -9999.0 -9999.0 -9999.0 -9999.0 -9999.0 -9999.0 -9999.0 -9999.0 -9999.0 -9999.0 -9999.0 -9999.0 -9999.0 -9999.0 -9999.0 -9999.0 -9999.0 -9999.0 -9999.0 -9999.0 -9999.0 -9999.0 -9999.0 -9999.0 -9999.0 -9999.0 -9999.0 -9999.0 -9999.0 -9999.0 -9999.0 -9999.0 -9999.0 -9999.0 -9999.0 -9999.0 -9999.0 -9999.0 -9999.0 -9999.0 -9999.0 -9999.0 -9999.0 -9999.0 -9999.0 -9999.0 -9999.0 225.8 178.4 244.0 134.4 102.7 140.0 275.9 244.6 236.6 320.6 265.4 225.3 198.8 160.3 231.5 162.4 158.3 151.0 167.5 198.6 196.3 165.1 188.6 227.2
-9999.0 -9999.0 -9999.0 -9999.0 -9999.0 -9999.0 -9999.0 -9999.0 -9999.0 -9999.0 -9999.0 -9999.0 -9999.0 -9999.0 -9999.0 -9999.0 -9999.0 -9999.0 -9999.0 -9999.0 -9999.0 -9999.0 -9999.0 -9999.0 -9999.0 -9999.0 -9999.0 -9999.0 -9999.0 -9999.0 -9999.0 -9999.0 -9999.0 -9999.0 -9999.0 -9999.0 -9999.0 -9999.0 -9999.0 -9999.0 -9999.0 -9999.0 -9999.0 -9999.0 -9999.0 -9999.0 -9999.0 -9999.0 -9999.0 -9999.0 -9999.0 -9999.0 -9999.0 215.4 144.5 197.6 176.4 147.7 187.7 232.8 382.4 428.8 502.7 429.1 253.6 -9999.0 -9999.0 -9999.0 181.9 139.7 178.5 241.1 277.1 255.7 216.9 235.7 259.3
-9999.0 -9999.0 -9999.0 -9999.0 -9999.0 -9999.0 -9999.0 -9999.0 -9999.0 -9999.0 -9999.0 -9999.0 -9999.0 -9999.0 -9999.0 -9999.0 -9999.0 -9999.0 -9999.0 -9999.0 -9999.0 -9999.0 -9999.0 -9999.0 -9999.0 -9999.0 -9999.0 -9999.0 -9999.0 -9999.0 -9999.0 -9999.0 -9999.0 -9999.0 -9999.0 -9999.0 -9999.0 -9999.0 -9999.0 -9999.0 -9999.0 -9999.0 -9999.0 -9999.0 -9999.0 -9999.0 -9999.0 -9999.0 -9999.0 -9999.0 -9999.0 -9999.0 -9999.0 -9999.0 192.8 189.1 137.2 126.9 239.5 375.9 265.8 -9999.0 -9999.0 -9999.0 -9999.0 -9999.0 -9999.0 -9999.0 153.6 203.1 309.5 338.3 354.4 304.5 238.4 236.4 282.9
-9999.0 -9999.0 -9999.0 -9999.0 -9999.0 -9999.0 -9999.0 -9999.0 -9999.0 -9999.0 -9999.0 -9999.0 -9999.0 -9999.0 -9999.0 -9999.0 -9999.0 -9999.0 -9999.0 -9999.0 -9999.0 -9999.0 -9999.0 -9999.0 -9999.0 -9999.0 -9999.0 -9999.0 -9999.0 -9999.0 -9999.0 -9999.0 -9999.0 -9999.0 -9999.0 -9999.0 -9999.0 -9999.0 -9999.0 -9999.0 -9999.0 -9999.0 -9999.0 -9999.0 -9999.0 -9999.0 -9999.0 -9999.0 -9999.0 -9999.0 -9999.0 -9999.0 -9999.0 -9999.0 -9999.0 165.2 288.0 195.5 179.1 289.8 315.6 -9999.0 -9999.0 -9999.0 -9999.0 -9999.0 -9999.0 -9999.0 -9999.0 -9999.0 306.7 -9999.0 -9999.0 -9999.0 -9999.0 -9999.0 193.1
-9999.0 -9999.0 -9999.0 -9999.0 -9999.0 -9999.0 -9999.0 -9999.0 -9999.0 -9999.0 -9999.0 -9999.0 -9999.0 -9999.0 -9999.0 -9999.0 -9999.0 -9999.0 -9999.0 -9999.0 -9999.0 -9999.0 -9999.0 -9999.0 -9999.0 -9999.0 -9999.0 -9999.0 -9999.0 -9999.0 -9999.0 -9999.0 -9999.0 -9999.0 -9999.0 -9999.0 -9999.0 -9999.0 -9999.0 -9999.0 -9999.0 -9999.0 -9999.0 -9999.0 -9999.0 -9999.0 -9999.0 -9999.0 -9999.0 -9999.0 -9999.0 -9999.0 -9999.0 -9999.0 -9999.0 -9999.0 -9999.0 -9999.0 221.1 201.5 -9999.0 -9999.0 -9999.0 -9999.0 -9999.0 -9999.0 -9999.0 -9999.0 -9999.0 -9999.0 -9999.0 -9999.0 -9999.0 -9999.0 -9999.0 116.1 130.5
-9999.0 -9999.0 -9999.0 -9999.0 -9999.0 -9999.0 -9999.0 -9999.0 -9999.0 -9999.0 -9999.0 -9999.0 -9999.0 -9999.0 -9999.0 -9999.0 -9999.0 -9999.0 -9999.0 -9999.0 -9999.0 -9999.0 -9999.0 -9999.0 -9999.0 -9999.0 -9999.0 -9999.0 -9999.0 -9999.0 -9999.0 -9999.0 -9999.0 -9999.0 -9999.0 -9999.0 -9999.0 -9999.0 -9999.0 -9999.0 -9999.0 -9999.0 -9999.0 -9999.0 -9999.0 -9999.0 -9999.0 -9999.0 -9999.0 -9999.0 -9999.0 -9999.0 -9999.0 -9999.0 -9999.0 -9999.0 -9999.0 -9999.0 -9999.0 -9999.0 -9999.0 -9999.0 -9999.0 -9999.0 -9999.0 -9999.0 -9999.0 -9999.0 -9999.0 -9999.0 -9999.0 -9999.0 -9999.0 -9999.0 -9999.0 -9999.0 -9999.0
