program/excelProcessViaJava/data/SURF_CLI_CHN_PRE_MON_GRID_0.5-201407.txt
NCOLS      128
NROWS       72
XLLCORNER    72.000000000000    
YLLCORNER    18.000000000000    
CELLSIZE    0.50000000000000    
NODATA_VALUE   -9999.000    
[rows 33 to 65 of 72, columns 0 to 74 of 128]
-9999.0 -9999.0 -9999.0 33.8 31.3 50.8 69.8 53.5 54.6 13.0 27.8 25.1 23.0 15.6 14.9 15.1 12.9 11.6 12.6 16.0 18.5 19.8 20.5 25.1 30.2 40.6 49.2 166.1 97.4 104.9 110.7 94.8 85.0 95.8 60.1 55.1 43.5 100.7 77.1 33.2 6.9 2.2 2.0 1.7 2.4 3.6 6.2 12.7 19.0 12.6 16.9 52.5 88.6 126.2 81.1 94.6 104.8 154.7 155.1 185.1 162.6 117.4 90.9 62.6 50.9 60.6 70.2 51.2 78.7 75.7 82.4 101.7 114.2 123.1 135.1
-9999.0 -9999.0 -9999.0 -9999.0 36.8 35.0 60.6 41.8 89.4 95.4 43.6 103.9 88.1 97.6 40.4 42.1 43.3 23.6 17.3 20.2 33.3 41.3 50.4 86.0 135.9 158.2 125.3 123.0 113.7 108.9 102.7 111.5 93.0 88.2 90.1 73.4 92.3 108.7 64.3 29.7 56.1 8.3 5.6 2.7 3.9 5.7 7.1 8.0 9.1 13.1 18.0 31.2 91.0 77.2 71.3 86.5 99.9 125.0 143.2 78.0 127.8 76.5 68.3 67.9 62.3 55.8 75.4 72.2 74.1 96.2 87.2 101.8 109.8 116.9 128.0
-9999.0 -9999.0 -9999.0 -9999.0 -9999.0 3.3 68.0 43.3 64.8 59.3 102.4 111.5 89.5 107.7 115.0 41.3 81.6 51.9 47.8 74.2 115.4 139.6 142.2 135.4 128.8 123.1 124.5 121.9 118.2 122.4 116.7 111.6 105.3 108.0 116.1 98.6 121.0 106.7 133.0 135.4 55.9 141.4 118.7 67.4 33.1 15.9 28.0 24.5 33.2 22.4 23.0 35.7 64.5 142.5 134.1 79.5 75.5 76.6 141.7 89.8 135.4 77.6 75.2 74.6 71.2 59.9 67.9 79.1 70.3 70.6 63.8 74.7 103.3 119.9 120.1
-9999.0 -9999.0 -9999.0 -9999.0 -9999.0 -9999.0 -9999.0 64.6 36.0 66.5 83.4 79.2 96.7 121.0 111.7 144.2 119.8 120.4 143.9 124.2 123.7 135.9 128.8 127.1 121.8 118.9 114.2 119.4 107.8 102.7 110.7 109.8 108.2 120.8 109.0 113.2 108.3 125.5 124.4 115.4 118.5 114.8 120.4 166.0 86.3 50.5 65.0 67.9 101.4 80.9 126.7 111.8 75.7 95.8 136.9 90.8 89.4 104.9 131.0 137.9 112.4 98.3 87.8 84.3 68.5 54.9 53.5 56.9 66.1 38.4 37.7 52.0 88.6 113.8 95.5
-9999.0 -9999.0 -9999.0 -9999.0 -9999.0 -9999.0 -9999.0 32.7 7.8 54.4 60.2 63.3 90.4 96.3 95.6 96.4 113.0 139.4 125.0 138.3 127.4 119.1 117.5 116.3 113.6 109.4 109.2 106.9 100.6 108.2 95.4 100.0 102.2 111.4 103.3 107.5 109.9 122.8 117.9 127.2 116.0 125.6 115.8 102.9 119.2 115.1 113.4 107.1 106.4 101.2 109.1 93.3 83.5 83.4 120.9 94.2 83.8 92.5 121.1 113.8 108.9 114.0 110.5 86.4 69.7 49.6 41.6 42.5 53.2 32.0 32.0 38.0 66.7 94.0 98.3
-9999.0 -9999.0 -9999.0 -9999.0 -9999.0 -9999.0 -9999.0 -9999.0 -9999.0 -9999.0 46.6 69.9 52.2 87.5 85.7 96.3 98.8 100.7 103.3 109.6 116.5 111.3 112.1 108.1 113.1 107.0 106.5 104.0 100.8 97.4 97.0 105.0 100.4 105.7 107.3 132.3 122.4 129.3 172.3 136.6 149.6 129.4 114.3 106.6 145.5 114.4 150.2 123.0 125.6 111.4 87.6 83.2 81.3 93.2 117.1 106.6 96.9 107.1 99.0 92.0 99.7 96.7 97.2 92.7 86.5 44.0 38.3 39.8 43.3 41.9 34.4 39.5 47.1 58.5 64.9
-9999.0 -9999.0 -9999.0 -9999.0 -9999.0 -9999.0 -9999.0 -9999.0 -9999.0 -9999.0 -9999.0 41.5 46.2 53.0 76.7 75.3 96.6 91.4 95.2 106.8 95.8 99.9 101.1 99.6 108.5 99.0 96.1 97.3 95.1 98.4 94.8 95.5 99.0 110.3 119.3 124.8 154.2 142.9 136.9 128.7 123.8 120.6 117.1 128.6 124.7 130.8 141.5 113.2 113.0 107.0 119.7 109.0 90.1 79.9 89.8 102.6 109.1 122.6 75.4 93.6 82.7 102.4 112.7 107.1 80.8 88.7 42.6 48.2 54.9 59.7 33.3 23.6 29.8 41.9 54.6
-9999.0 -9999.0 -9999.0 -9999.0 -9999.0 -9999.0 -9999.0 -9999.0 -9999.0 -9999.0 -9999.0 -9999.0 54.8 39.3 42.6 65.8 60.9 71.8 85.0 86.5 88.8 92.4 92.9 92.2 91.9 92.3 91.5 90.4 89.5 88.6 89.7 94.0 96.4 102.4 114.1 122.9 147.3 160.0 158.2 150.5 132.7 124.3 143.8 116.2 131.9 144.9 119.1 108.4 86.6 103.5 100.3 109.4 92.4 97.9 77.2 96.1 92.4 103.1 78.6 72.0 73.6 88.2 116.7 139.2 79.2 76.9 68.0 72.2 65.3 64.2 82.8 115.7 122.3 71.4 69.0
-9999.0 -9999.0 -9999.0 -9999.0 -9999.0 -9999.0 -9999.0 -9999.0 -9999.0 -9999.0 -9999.0 -9999.0 29.9 38.1 52.9 42.4 57.8 59.4 64.7 70.7 76.9 79.4 83.7 85.5 87.1 86.3 86.0 84.9 84.8 84.6 85.4 86.7 90.8 98.2 104.7 118.3 134.8 153.8 189.4 173.1 159.9 156.8 142.7 153.5 129.0 113.5 122.6 128.6 126.5 118.9 118.7 107.8 104.3 152.2 125.5 110.7 100.4 113.9 139.9 110.3 105.6 104.4 129.6 103.0 81.3 72.3 77.5 102.4 91.3 77.9 63.1 67.2 83.7 84.2 93.6
-9999.0 -9999.0 -9999.0 -9999.0 -9999.0 -9999.0 -9999.0 -9999.0 -9999.0 -9999.0 -9999.0 19.4 23.9 36.7 39.8 38.3 52.4 53.8 58.8 60.6 66.7 72.1 76.4 80.3 83.8 81.0 82.6 84.3 83.6 81.5 81.9 84.7 83.2 89.3 98.4 111.2 132.7 144.7 155.7 160.2 178.7 188.1 191.2 135.6 138.4 134.4 118.6 102.2 110.3 116.4 144.7 169.4 136.2 147.1 120.2 114.7 136.3 97.6 126.7 112.8 121.8 146.6 144.6 166.9 107.7 79.8 243.1 159.5 95.8 92.1 100.3 107.1 109.3 97.2 92.7
-9999.0 -9999.0 -9999.0 -9999.0 -9999.0 -9999.0 -9999.0 -9999.0 -9999.0 -9999.0 -9999.0 14.5 20.3 15.5 23.5 39.4 42.3 41.2 47.2 54.6 59.7 65.0 70.0 74.8 81.1 85.8 86.9 87.5 86.3 87.8 86.8 82.9 77.4 86.0 91.8 101.6 117.9 136.4 149.1 146.7 146.8 139.3 135.5 137.0 138.5 142.7 158.5 146.9 137.4 100.6 114.7 160.1 136.5 120.8 116.8 102.0 127.0 144.5 135.3 165.7 183.8 206.3 135.8 98.2 78.3 222.9 116.6 160.3 99.1 73.9 87.6 117.0 137.3 146.1 136.2
-9999.0 -9999.0 -9999.0 -9999.0 -9999.0 -9999.0 -9999.0 -9999.0 -9999.0 -9999.0 -9999.0 -9999.0 5.1 15.5 14.3 21.4 27.0 36.7 40.3 46.2 50.9 55.1 63.5 66.1 73.7 71.4 78.0 72.6 89.1 89.4 89.1 74.6 84.3 88.6 89.6 93.8 107.2 123.6 136.8 144.9 143.7 135.9 156.6 122.3 142.2 168.3 176.4 149.6 113.0 114.2 132.1 125.9 224.8 231.1 175.4 100.1 130.5 154.0 171.5 150.8 160.6 169.8 253.5 87.1 100.3 349.6 227.5 117.6 61.2 68.9 87.4 106.9 139.3 152.5 161.8
-9999.0 -9999.0 -9999.0 -9999.0 -9999.0 -9999.0 -9999.0 -9999.0 -9999.0 -9999.0 -9999.0 -9999.0 4.9 13.1 15.3 15.4 21.1 26.2 32.7 38.0 41.4 49.4 52.7 56.2 70.0 73.2 80.1 88.4 83.3 101.2 81.5 84.0 78.1 86.2 82.9 80.3 93.7 114.9 128.6 139.7 145.3 160.7 172.3 165.6 144.4 149.4 167.7 123.4 158.8 149.2 121.9 190.7 182.6 141.0 198.2 188.4 115.9 129.7 171.3 240.7 225.3 352.0 224.6 56.7 348.6 260.0 156.5 79.3 64.3 53.3 76.0 93.7 110.7 119.0 141.9
-9999.0 -9999.0 -9999.0 -9999.0 -9999.0 -9999.0 -9999.0 -9999.0 -9999.0 -9999.0 -9999.0 -9999.0 -9999.0 1.9 9.0 10.2 16.4 19.7 25.6 31.2 33.8 38.6 42.9 50.4 69.7 70.9 75.2 92.1 93.6 65.3 73.8 77.1 88.1 82.7 73.3 78.3 95.4 111.3 122.5 136.3 148.7 156.8 162.7 165.5 191.0 165.1 163.9 130.5 136.7 138.8 176.9 138.3 198.9 231.4 242.8 201.5 142.3 148.6 196.8 144.9 243.4 136.8 112.3 353.3 276.7 167.0 87.3 66.0 65.7 80.1 76.2 73.0 82.7 102.5 130.2
-9999.0 -9999.0 -9999.0 -9999.0 -9999.0 -9999.0 -9999.0 -9999.0 -9999.0 -9999.0 -9999.0 -9999.0 -9999.0 -9999.0 0.2 6.2 9.5 14.2 19.5 26.3 28.4 36.9 44.5 49.4 53.5 61.9 52.4 69.9 60.4 92.3 84.0 91.0 69.5 71.9 80.2 74.0 83.6 123.8 128.3 137.9 143.8 154.8 161.4 161.5 146.9 134.5 152.2 115.6 146.3 103.3 152.2 237.6 204.8 217.4 153.0 196.9 188.4 130.1 235.5 277.5 155.3 129.1 284.3 265.1 203.7 128.1 85.0 89.9 101.6 68.8 61.7 63.5 72.5 95.4 122.2
-9999.0 -9999.0 -9999.0 -9999.0 -9999.0 -9999.0 -9999.0 -9999.0 -9999.0 -9999.0 -9999.0 -9999.0 -9999.0 -9999.0 -9999.0 -9999.0 -9999.0 7.1 16.7 25.9 32.9 30.1 44.7 53.0 48.7 58.4 48.0 64.1 90.1 75.1 96.0 123.5 69.3 115.1 129.1 92.8 83.9 156.4 129.5 134.3 137.9 144.2 149.5 149.0 142.4 129.6 130.1 167.7 121.4 152.9 115.0 174.1 142.8 234.6 241.0 235.1 188.9 244.4 250.0 281.9 146.8 162.4 225.1 217.5 146.1 92.2 79.5 84.1 96.0 74.3 84.2 64.2 83.8 102.1 129.0
-9999.0 -9999.0 -9999.0 -9999.0 -9999.0 -9999.0 -9999.0 -9999.0 -9999.0 -9999.0 -9999.0 -9999.0 -9999.0 -9999.0 -9999.0 -9999.0 -9999.0 -9999.0 -9999.0 -9999.0 36.7 31.6 33.9 30.4 45.4 74.5 82.3 89.9 92.3 124.4 119.6 181.2 158.1 130.3 133.1 98.3 113.0 131.6 150.5 172.7 163.3 128.9 134.9 135.8 137.3 128.6 148.6 118.4 179.8 315.6 168.2 255.1 264.6 200.2 229.7 260.3 260.7 228.8 328.6 271.6 158.3 156.2 168.9 151.3 118.4 83.8 81.5 89.8 112.5 101.4 90.2 95.4 115.8 156.3 188.5
-9999.0 -9999.0 -9999.0 -9999.0 -9999.0 -9999.0 -9999.0 -9999.0 -9999.0 -9999.0 -9999.0 -9999.0 -9999.0 -9999.0 -9999.0 -9999.0 -9999.0 -9999.0 -9999.0 -9999.0 -9999.0 -9999.0 23.9 74.7 54.7 69.4 81.3 85.4 71.2 112.5 112.1 109.2 73.5 94.1 81.9 88.0 91.0 118.3 107.9 107.2 109.5 113.4 114.7 118.1 131.3 180.2 122.0 117.6 120.7 124.5 143.3 223.1 179.9 216.7 210.3 183.9 249.7 288.4 194.4 276.4 203.3 203.4 175.5 118.2 99.4 89.3 98.0 116.4 127.4 146.0 147.3 169.2 204.4 230.9 321.0
-9999.0 -9999.0 -9999.0 -9999.0 -9999.0 -9999.0 -9999.0 -9999.0 -9999.0 -9999.0 -9999.0 -9999.0 -9999.0 -9999.0 -9999.0 -9999.0 -9999.0 -9999.0 -9999.0 -9999.0 -9999.0 -9999.0 -9999.0 -9999.0 127.4 146.4 109.2 39.5 53.1 45.9 80.2 130.2 136.6 103.5 112.4 84.8 78.9 105.4 96.6 101.9 97.5 98.2 157.9 134.2 177.4 186.7 147.5 169.8 132.0 131.6 196.5 194.6 237.2 242.6 201.4 212.9 247.0 231.8 277.8 266.6 251.4 234.7 320.7 128.7 125.1 124.7 137.8 164.7 190.9 211.8 240.5 283.5 366.1 331.9 364.6
-9999.0 -9999.0 -9999.0 -9999.0 -9999.0 -9999.0 -9999.0 -9999.0 -9999.0 -9999.0 -9999.0 -9999.0 -9999.0 -9999.0 -9999.0 -9999.0 -9999.0 -9999.0 -9999.0 -9999.0 -9999.0 -9999.0 -9999.0 -9999.0 -9999.0 146.6 169.2 211.4 242.7 165.4 170.2 177.9 79.6 190.7 106.5 258.8 117.5 118.5 156.2 105.2 90.8 108.4 163.4 198.5 190.1 189.3 187.4 178.6 169.5 140.9 153.6 161.4 201.2 214.1 231.7 249.6 236.7 225.4 255.4 228.4 225.3 246.0 178.1 171.7 191.4 183.7 194.8 210.8 229.9 268.7 317.1 342.5 437.9 381.0 418.2
-9999.0 -9999.0 -9999.0 -9999.0 -9999.0 -9999.0 -9999.0 -9999.0 -9999.0 -9999.0 -9999.0 -9999.0 -9999.0 -9999.0 -9999.0 -9999.0 -9999.0 -9999.0 -9999.0 -9999.0 -9999.0 -9999.0 -9999.0 -9999.0 -9999.0 -9999.0 -9999.0 191.1 226.9 237.8 283.8 295.3 304.1 262.8 137.0 136.5 -9999.0 205.8 213.3 127.1 155.6 173.8 144.1 204.2 205.2 194.3 185.7 -9999.0 -9999.0 156.4 164.0 165.4 196.1 236.4 246.1 259.3 258.2 239.9 228.5 238.0 247.3 244.6 211.4 205.7 221.6 243.3 266.6 287.6 290.2 302.8 341.5 359.3 333.9 312.2 243.0
-9999.0 -9999.0 -9999.0 -9999.0 -9999.0 -9999.0 -9999.0 -9999.0 -9999.0 -9999.0 -9999.0 -9999.0 -9999.0 -9999.0 -9999.0 -9999.0 -9999.0 -9999.0 -9999.0 -9999.0 -9999.0 -9999.0 -9999.0 -9999.0 -9999.0 -9999.0 -9999.0 -9999.0 -9999.0 -9999.0 -9999.0 -9999.0 -9999.0 287.9 291.1 -9999.0 -9999.0 -9999.0 -9999.0 254.7 240.4 228.7 217.9 207.3 196.9 -9999.0 -9999.0 -9999.0 -9999.0 -9999.0 -9999.0 -9999.0 198.2 238.6 248.2 254.1 251.9 236.1 235.4 255.6 269.5 248.4 229.5 227.6 260.3 306.7 348.0 350.0 339.8 362.6 354.6 324.4 264.4 199.2 154.2
-9999.0 -9999.0 -9999.0 -9999.0 -9999.0 -9999.0 -9999.0 -9999.0 -9999.0 -9999.0 -9999.0 -9999.0 -9999.0 -9999.0 -9999.0 -9999.0 -9999.0 -9999.0 -9999.0 -9999.0 -9999.0 -9999.0 -9999.0 -9999.0 -9999.0 -9999.0 -9999.0 -9999.0 -9999.0 -9999.0 -9999.0 -9999.0 -9999.0 -9999.0 -9999.0 -9999.0 -9999.0 -9999.0 -9999.0 227.9 219.3 207.9 195.0 194.2 -9999.0 -9999.0 -9999.0 -9999.0 -9999.0 -9999.0 -9999.0 -9999.0 197.9 234.4 234.8 250.3 228.4 210.2 213.4 244.2 266.9 252.9 256.1 226.9 271.8 343.3 374.5 367.0 359.1 366.9 346.2 295.6 261.2 157.2 118.1
-9999.0 -9999.0 -9999.0 -9999.0 -9999.0 -9999.0 -9999.0 -9999.0 -9999.0 -9999.0 -9999.0 -9999.0 -9999.0 -9999.0 -9999.0 -9999.0 -9999.0 -9999.0 -9999.0 -9999.0 -9999.0 -9999.0 -9999.0 -9999.0 -9999.0 -9999.0 -9999.0 -9999.0 -9999.0 -9999.0 -9999.0 -9999.0 -9999.0 -9999.0 -9999.0 -9999.0 -9999.0 -9999.0 -9999.0 -9999.0 -9999.0 -9999.0 -9999.0 -9999.0 -9999.0 -9999.0 -9999.0 -9999.0 -9999.0 -9999.0 -9999.0 205.8 203.8 224.5 215.1 218.7 201.4 198.8 187.0 182.4 239.1 228.2 206.3 208.9 268.7 360.9 382.1 281.6 330.5 316.3 310.3 276.8 190.5 132.9 123.2
-9999.0 -9999.0 -9999.0 -9999.0 -9999.0 -9999.0 -9999.0 -9999.0 -9999.0 -9999.0 -9999.0 -9999.0 -9999.0 -9999.0 -9999.0 -9999.0 -9999.0 -9999.0 -9999.0 -9999.0 -9999.0 -9999.0 -9999.0 -9999.0 -9999.0 -9999.0 -9999.0 -9999.0 -9999.0 -9999.0 -9999.0 -9999.0 -9999.0 -9999.0 -9999.0 -9999.0 -9999.0 -9999.0 -9999.0 -9999.0 -9999.0 -9999.0 -9999.0 -9999.0 -9999.0 -9999.0 -9999.0 -9999.0 -9999.0 -9999.0 216.0 214.0 218.0 229.6 228.1 223.5 189.0 160.7 171.3 208.1 221.7 213.5 189.0 201.8 273.3 367.2 407.4 334.7 339.3 276.7 302.0 255.5 204.6 170.6 152.9
-9999.0 -9999.0 -9999.0 -9999.0 -9999.0 -9999.0 -9999.0 -9999.0 -9999.0 -9999.0 -9999.0 -9999.0 -9999.0 -9999.0 -9999.0 -9999.0 -9999.0 -9999.0 -9999.0 -9999.0 -9999.0 -9999.0 -9999.0 -9999.0 -9999.0 -9999.0 -9999.0 -9999.0 -9999.0 -9999.0 -9999.0 -9999.0 -9999.0 -9999.0 -9999.0 -9999.0 -9999.0 -9999.0 -9999.0 -9999.0 -9999.0 -9999.0 -9999.0 -9999.0 -9999.0 -9999.0 -9999.0 -9999.0 -9999.0 -9999.0 237.0 242.7 269.2 260.0 260.8 241.7 170.5 216.6 211.6 197.5 188.5 195.7 177.6 203.0 263.2 315.8 357.6 312.4 310.6 288.7 316.5 307.7 254.4 190.8 150.5
-9999.0 -9999.0 -9999.0 -9999.0 -9999.0 -9999.0 -9999.0 -9999.0 -9999.0 -9999.0 -9999.0 -9999.0 -9999.0 -9999.0 -9999.0 -9999.0 -9999.0 -9999.0 -9999.0 -9999.0 -9999.0 -9999.0 -9999.0 -9999.0 -9999.0 -9999.0 -9999.0 -9999.0 -9999.0 -9999.0 -9999.0 -9999.0 -9999.0 -9999.0 -9999.0 -9999.0 -9999.0 -9999.0 -9999.0 -9999.0 -9999.0 -9999.0 -9999.0 -9999.0 -9999.0 -9999.0 -9999.0 -9999.0 -9999.0 -9999.0 253.5 306.2 322.5 317.5 299.5 266.5 303.6 268.1 272.2 188.7 205.6 217.0 198.3 190.2 235.7 279.4 309.7 305.8 292.4 333.1 339.4 369.1 284.8 227.3 150.9
-9999.0 -9999.0 -9999.0 -9999.0 -9999.0 -9999.0 -9999.0 -9999.0 -9999.0 -9999.0 -9999.0 -9999.0 -9999.0 -9999.0 -9999.0 -9999.0 -9999.0 -9999.0 -9999.0 -9999.0 -9999.0 -9999.0 -9999.0 -9999.0 -9999.0 -9999.0 -9999.0 -9999.0 -9999.0 -9999.0 -9999.0 -9999.0 -9999.0 -9999.0 -9999.0 -9999.0 -9999.0 -9999.0 -9999.0 -9999.0 -9999.0 -9999.0 -9999.0 -9999.0 -9999.0 -9999.0 -9999.0 -9999.0 -9999.0 -9999.0 319.7 364.5 396.3 399.4 382.5 384.2 299.0 361.3 350.0 237.7 253.3 228.2 158.8 219.3 256.4 280.3 308.3 311.9 315.3 266.6 325.7 341.0 312.0 245.6 170.1
-9999.0 -9999.0 -9999.0 -9999.0 -9999.0 -9999.0 -9999.0 -9999.0 -9999.0 -9999.0 -9999.0 -9999.0 -9999.0 -9999.0 -9999.0 -9999.0 -9999.0 -9999.0 -9999.0 -9999.0 -9999.0 -9999.0 -9999.0 -9999.0 -9999.0 -9999.0 -9999.0 -9999.0 -9999.0 -9999.0 -9999.0 -9999.0 -9999.0 -9999.0 -9999.0 -9999.0 -9999.0 -9999.0 -9999.0 -9999.0 -9999.0 -9999.0 -9999.0 -9999.0 -9999.0 -9999.0 -9999.0 -9999.0 -9999.0 -9999.0 363.9 355.9 451.1 455.0 438.6 425.0 445.4 489.9 356.1 335.2 458.5 216.8 372.3 329.6 339.3 335.7 348.8 302.7 288.6 282.2 294.6 300.0 279.7 241.6 214.3
-9999.0 -9999.0 -9999.0 -9999.0 -9999.0 -9999.0 -9999.0 -9999.0 -9999.0 -9999.0 -9999.0 -9999.0 -9999.0 -9999.0 -9999.0 -9999.0 -9999.0 -9999.0 -9999.0 -9999.0 -9999.0 -9999.0 -9999.0 -9999.0 -9999.0 -9999.0 -9999.0 -9999.0 -9999.0 -9999.0 -9999.0 -9999.0 -9999.0 -9999.0 -9999.0 -9999.0 -9999.0 -9999.0 -9999.0 -9999.0 -9999.0 -9999.0 -9999.0 -9999.0 -9999.0 -9999.0 -9999.0 -9999.0 -9999.0 -9999.0 -9999.0 -9999.0 -9999.0 468.3 446.8 557.0 480.8 448.5 524.7 632.9 460.6 324.6 571.9 422.1 447.2 425.9 341.9 373.8 291.7 281.3 277.8 289.3 297.8 290.6 273.9
-9999.0 -9999.0 -9999.0 -9999.0 -9999.0 -9999.0 -9999.0 -9999.0 -9999.0 -9999.0 -9999.0 -9999.0 -9999.0 -9999.0 -9999.0 -9999.0 -9999.0 -9999.0 -9999.0 -9999.0 -9999.0 -9999.0 -9999.0 -9999.0 -9999.0 -9999.0 -9999.0 -9999.0 -9999.0 -9999.0 -9999.0 -9999.0 -9999.0 -9999.0 -9999.0 -9999.0 -9999.0 -9999.0 -9999.0 -9999.0 -9999.0 -9999.0 -9999.0 -9999.0 -9999.0 -9999.0 -9999.0 -9999.0 -9999.0 -9999.0 -9999.0 -9999.0 -9999.0 437.5 355.3 485.6 475.3 444.4 519.0 526.8 642.8 606.7 771.0 763.9 454.6 450.2 -9999.0 419.8 390.8 343.2 349.0 392.9 417.3 398.4 359.4
-9999.0 -9999.0 -9999.0 -9999.0 -9999.0 -9999.0 -9999.0 -9999.0 -9999.0 -9999.0 -9999.0 -9999.0 -9999.0 -9999.0 -9999.0 -9999.0 -9999.0 -9999.0 -9999.0 -9999.0 -9999.0 -9999.0 -9999.0 -9999.0 -9999.0 -9999.0 -9999.0 -9999.0 -9999.0 -9999.0 -9999.0 -9999.0 -9999.0 -9999.0 -9999.0 -9999.0 -9999.0 -9999.0 -9999.0 -9999.0 -9999.0 -9999.0 -9999.0 -9999.0 -9999.0 -9999.0 -9999.0 -9999.0 -9999.0 -9999.0 -9999.0 -9999.0 -9999.0 393.9 373.1 374.2 284.6 263.9 454.8 625.5 380.2 622.4 637.4 -9999.0 -9999.0 -9999.0 -9999.0 -9999.0 443.9 477.5 550.8 543.6 547.9 508.9 409.8
-9999.0 -9999.0 -9999.0 -9999.0 -9999.0 -9999.0 -9999.0 -9999.0 -9999.0 -9999.0 -9999.0 -9999.0 -9999.0 -9999.0 -9999.0 -9999.0 -9999.0 -9999.0 -9999.0 -9999.0 -9999.0 -9999.0 -9999.0 -9999.0 -9999.0 -9999.0 -9999.0 -9999.0 -9999.0 -9999.0 -9999.0 -9999.0 -9999.0 -9999.0 -9999.0 -9999.0 -9999.0 -9999.0 -9999.0 -9999.0 -9999.0 -9999.0 -9999.0 -9999.0 -9999.0 -9999.0 -9999.0 -9999.0 -9999.0 -9999.0 -9999.0 -9999.0 -9999.0 -9999.0 -9999.0 240.5 379.3 265.3 241.1 383.7 397.4 -9999.0 -9999.0 -9999.0 -9999.0 -9999.0 -9999.0 -9999.0 -9999.0 538.5 605.9 610.7 625.6 562.3 451.8
