program/excelProcessViaJava/data/SURF_CLI_CHN_PRE_MON_GRID_0.5-199509.txt
NCOLS      128
NROWS       72
XLLCORNER    72.000000000000    
YLLCORNER    18.000000000000    
CELLSIZE    0.50000000000000    
NODATA_VALUE   -9999.000    
[rows 34 to 67 of 72, columns 0 to 76 of 128]
-9999.0 -9999.0 -9999.0 -9999.0 0.0 0.1 0.0 0.4 0.0 0.0 4.7 0.3 3.6 5.9 20.2 26.8 35.7 48.4 59.3 61.5 51.2 39.3 30.4 22.4 12.2 8.0 12.2 12.5 13.9 15.3 17.1 19.6 21.4 23.7 26.9 27.4 34.2 41.8 34.8 24.6 37.8 13.5 10.6 6.4 5.4 4.5 3.8 3.5 4.5 8.4 14.1 20.7 36.2 36.9 45.6 64.7 85.3 103.5 110.1 91.0 98.2 88.2 81.8 77.0 60.3 47.3 65.7 53.0 45.9 46.8 36.2 32.9 32.5 35.3 31.6 35.1 38.5
-9999.0 -9999.0 -9999.0 -9999.0 -9999.0 -9999.0 -9999.0 0.0 0.0 0.2 0.0 0.0 1.0 1.1 2.7 27.7 24.0 43.4 53.0 42.7 22.2 11.2 9.2 9.8 10.1 10.1 9.3 9.8 11.0 12.1 14.4 17.0 19.7 22.8 27.0 29.0 36.8 39.7 51.7 60.0 40.4 75.6 70.3 45.5 22.1 8.5 9.6 6.3 8.8 7.2 10.5 17.1 27.2 52.5 55.1 53.4 62.8 70.1 81.3 73.2 78.9 69.4 67.8 69.8 70.9 52.7 54.4 50.9 37.7 31.5 21.9 16.6 20.5 23.8 19.3 22.5 22.0
-9999.0 -9999.0 -9999.0 -9999.0 -9999.0 -9999.0 -9999.0 0.0 0.1 0.0 0.0 0.1 0.1 0.0 0.6 0.0 3.7 6.9 1.9 10.5 11.8 6.3 8.4 7.8 8.2 7.9 8.4 7.4 9.8 11.5 12.4 14.7 17.5 20.8 24.0 28.2 32.0 40.5 47.6 53.8 64.0 70.9 76.8 91.2 51.4 25.2 25.1 22.0 34.1 26.7 46.0 43.6 33.2 43.0 56.2 48.8 51.1 54.5 59.7 62.9 62.3 67.4 65.2 69.4 58.1 45.8 38.6 33.7 32.4 17.4 11.9 10.2 14.6 20.4 13.2 22.3 23.2
-9999.0 -9999.0 -9999.0 -9999.0 -9999.0 -9999.0 -9999.0 -9999.0 -9999.0 0.0 0.0 0.1 0.0 0.1 0.5 2.1 1.1 0.1 1.7 0.5 3.1 6.9 7.4 7.0 7.0 7.5 6.8 7.2 9.2 8.5 12.3 13.7 16.0 18.6 21.7 25.2 29.4 36.5 42.4 53.4 60.7 74.6 77.2 70.1 71.4 60.5 51.0 42.2 39.7 38.8 45.4 43.7 43.6 45.1 56.4 49.9 45.0 44.2 51.4 52.8 57.2 65.3 71.6 53.1 51.4 37.2 29.2 28.7 33.2 19.1 13.7 9.1 13.7 22.7 27.5 13.7 17.3
-9999.0 -9999.0 -9999.0 -9999.0 -9999.0 -9999.0 -9999.0 -9999.0 -9999.0 -9999.0 -9999.0 0.0 0.5 0.0 0.2 0.2 0.6 1.8 3.1 2.5 1.2 3.8 3.6 5.5 2.4 4.4 4.1 4.9 6.6 8.8 10.5 11.1 14.8 17.4 20.5 24.8 28.4 34.1 48.8 50.8 65.7 71.8 75.1 73.8 88.6 66.7 75.8 56.5 55.2 50.1 44.1 47.9 51.4 56.2 61.7 59.4 56.9 55.8 51.7 51.8 57.7 59.4 59.6 54.7 55.9 26.3 25.6 35.6 42.1 38.4 26.0 20.6 19.7 22.4 15.4 16.7 20.6
-9999.0 -9999.0 -9999.0 -9999.0 -9999.0 -9999.0 -9999.0 -9999.0 -9999.0 -9999.0 -9999.0 -9999.0 0.2 0.4 0.0 0.4 0.0 0.5 0.7 0.1 4.1 3.0 3.0 4.7 0.4 3.9 5.9 3.9 5.6 4.8 8.8 11.4 13.8 15.5 18.9 23.0 29.1 33.5 38.9 45.2 53.9 65.1 75.0 86.6 85.5 84.2 82.7 62.6 59.9 58.1 66.9 67.1 63.8 61.5 63.6 66.4 68.2 68.2 56.8 60.4 58.7 64.4 67.0 61.1 40.9 59.7 41.4 58.9 71.3 75.1 44.7 25.6 24.5 27.1 33.0 46.8 35.9
-9999.0 -9999.0 -9999.0 -9999.0 -9999.0 -9999.0 -9999.0 -9999.0 -9999.0 -9999.0 -9999.0 -9999.0 0.0 0.6 2.4 0.1 2.9 1.5 0.2 0.6 0.9 0.6 1.2 3.5 6.6 4.5 4.7 7.5 6.2 8.9 8.2 8.2 12.3 15.6 18.3 22.6 27.5 34.5 41.7 49.7 57.0 67.5 87.5 85.7 96.8 102.1 85.9 75.4 61.5 69.7 71.3 79.4 77.2 78.8 72.9 75.2 76.7 76.3 69.0 62.3 57.7 57.0 66.5 76.3 39.7 57.7 59.8 77.9 89.6 103.6 121.9 131.9 122.3 88.3 73.3 54.5 42.8
-9999.0 -9999.0 -9999.0 -9999.0 -9999.0 -9999.0 -9999.0 -9999.0 -9999.0 -9999.0 -9999.0 -9999.0 -9999.0 0.0 0.0 2.1 0.3 1.6 2.6 2.6 1.3 3.9 0.9 5.4 4.5 1.0 1.3 0.8 2.9 4.9 8.9 11.6 10.6 13.7 20.0 23.3 27.9 34.8 47.9 57.7 69.2 83.6 92.8 107.0 103.5 98.4 101.2 100.2 96.0 91.7 93.7 94.3 97.3 105.4 95.8 90.2 89.4 87.9 84.9 74.9 66.6 58.2 66.7 51.2 48.6 65.8 95.6 120.3 134.4 126.8 89.7 107.0 129.6 117.5 104.7 73.4 55.1
-9999.0 -9999.0 -9999.0 -9999.0 -9999.0 -9999.0 -9999.0 -9999.0 -9999.0 -9999.0 -9999.0 -9999.0 0.0 0.0 0.0 0.3 0.0 0.1 0.2 3.7 3.9 3.9 2.4 4.0 5.5 0.9 1.9 3.8 4.6 4.8 7.6 13.2 9.7 16.2 19.0 24.6 28.3 37.5 48.3 62.4 81.2 99.0 113.4 106.2 112.3 113.1 106.8 97.9 100.6 103.8 116.6 126.1 120.7 120.0 111.3 105.5 102.4 101.8 92.8 79.8 68.8 70.7 68.4 88.1 77.3 87.8 117.3 126.7 160.7 191.5 190.8 165.2 134.2 92.2 74.0 58.5 42.9
-9999.0 -9999.0 -9999.0 -9999.0 -9999.0 -9999.0 -9999.0 -9999.0 -9999.0 -9999.0 -9999.0 -9999.0 0.0 0.2 0.1 0.0 0.0 0.5 0.8 0.2 3.1 0.7 1.3 2.1 5.1 6.9 5.9 5.9 5.9 8.9 11.4 12.5 10.6 20.7 24.3 26.7 33.9 41.3 54.4 71.8 88.2 99.7 106.1 110.2 112.2 114.3 120.5 116.9 115.2 103.6 114.0 132.2 130.0 128.3 124.6 119.1 112.3 108.3 99.6 96.6 94.0 98.9 65.0 61.7 74.5 133.9 130.0 123.6 113.6 120.1 134.9 139.2 131.0 138.0 137.3 86.9 48.6
-9999.0 -9999.0 -9999.0 -9999.0 -9999.0 -9999.0 -9999.0 -9999.0 -9999.0 -9999.0 -9999.0 -9999.0 0.3 0.0 0.3 0.1 0.2 0.0 0.1 0.1 0.0 0.0 0.6 0.3 1.3 0.3 1.0 0.3 5.4 7.0 10.0 6.2 17.7 25.4 28.3 30.1 36.1 45.1 61.2 79.3 99.4 109.1 116.4 103.6 108.2 115.8 117.9 108.8 99.4 107.2 118.8 120.8 147.1 146.8 134.5 124.9 120.1 117.4 114.8 97.1 89.7 87.8 136.0 66.4 88.8 142.9 120.2 108.4 105.3 97.4 103.7 146.2 147.8 167.4 223.9 149.0 150.7
-9999.0 -9999.0 -9999.0 -9999.0 -9999.0 -9999.0 -9999.0 -9999.0 -9999.0 -9999.0 -9999.0 -9999.0 -9999.0 0.0 0.0 0.0 0.0 0.1 0.0 0.0 0.0 0.0 0.0 0.0 0.9 0.7 1.4 3.1 1.4 8.6 3.4 8.3 11.3 22.9 25.5 23.2 31.9 47.2 62.5 85.8 106.0 111.0 116.3 114.4 100.1 94.9 100.3 80.9 104.4 108.6 103.7 129.8 129.0 120.6 135.9 134.3 119.7 117.5 124.3 146.0 134.4 196.0 138.1 61.5 127.3 103.8 91.1 91.3 93.9 105.3 108.8 119.0 153.1 128.0 151.6 122.2 98.2
-9999.0 -9999.0 -9999.0 -9999.0 -9999.0 -9999.0 -9999.0 -9999.0 -9999.0 -9999.0 -9999.0 -9999.0 -9999.0 1.4 0.0 0.0 0.0 0.1 0.0 0.0 0.0 0.0 0.0 0.0 1.9 0.6 0.5 3.0 2.2 0.0 0.5 2.2 11.1 16.2 16.5 23.4 36.7 47.3 59.5 70.8 99.5 109.3 110.9 106.0 106.2 90.4 85.8 70.5 80.7 89.8 109.0 94.1 118.3 133.0 141.6 133.0 120.3 125.5 144.0 114.2 161.1 100.3 110.0 152.7 106.1 78.7 75.8 88.8 102.6 111.6 121.4 127.0 131.6 139.7 141.6 144.7 144.1
-9999.0 -9999.0 -9999.0 -9999.0 -9999.0 -9999.0 -9999.0 -9999.0 -9999.0 -9999.0 -9999.0 -9999.0 -9999.0 -9999.0 -9999.0 0.0 0.0 0.0 0.0 0.2 0.0 0.0 0.1 0.1 0.0 0.1 0.0 0.1 0.0 0.6 0.4 2.0 1.2 5.7 16.8 16.8 24.9 53.8 61.7 75.9 82.8 91.6 96.6 94.0 86.0 77.8 73.9 64.2 76.7 70.7 87.9 124.1 104.1 110.0 81.7 119.7 129.0 109.7 168.5 193.4 120.7 129.7 185.7 135.6 93.2 72.6 76.9 96.5 105.2 112.8 117.0 104.5 120.8 122.6 101.6 134.9 112.9
-9999.0 -9999.0 -9999.0 -9999.0 -9999.0 -9999.0 -9999.0 -9999.0 -9999.0 -9999.0 -9999.0 -9999.0 -9999.0 -9999.0 -9999.0 -9999.0 -9999.0 131.3 29.0 -9999.0 13.1 0.0 2.6 2.9 0.1 0.2 0.0 0.0 0.4 0.0 0.4 4.6 0.4 16.4 35.4 29.2 24.7 69.6 61.5 69.1 74.2 75.3 80.5 80.5 113.5 83.7 165.5 81.8 74.8 85.7 87.5 91.9 77.2 108.0 119.8 130.4 115.7 165.2 178.5 203.8 98.0 118.3 134.3 111.0 78.9 65.0 73.2 86.1 89.0 85.6 78.6 100.2 105.9 69.3 76.3 93.9 71.5
-9999.0 -9999.0 -9999.0 -9999.0 -9999.0 -9999.0 -9999.0 -9999.0 -9999.0 -9999.0 -9999.0 -9999.0 -9999.0 -9999.0 -9999.0 -9999.0 -9999.0 -9999.0 -9999.0 -9999.0 -9999.0 5.4 0.6 0.0 0.3 12.5 7.2 3.3 0.6 3.3 1.1 20.3 17.0 18.5 35.6 32.2 48.9 60.6 69.8 85.0 85.0 60.4 63.6 66.6 117.8 74.4 238.9 95.8 98.9 162.7 105.7 140.0 140.3 88.7 108.3 145.6 160.1 147.3 231.6 194.8 82.9 79.5 87.4 80.3 72.3 64.4 70.3 72.9 71.9 62.0 57.1 78.2 70.2 45.1 37.9 37.8 33.7
-9999.0 -9999.0 -9999.0 -9999.0 -9999.0 -9999.0 -9999.0 -9999.0 -9999.0 -9999.0 -9999.0 -9999.0 -9999.0 -9999.0 -9999.0 -9999.0 -9999.0 -9999.0 -9999.0 -9999.0 -9999.0 -9999.0 -9999.0 128.2 15.7 20.6 17.0 6.0 0.1 2.3 0.8 1.1 0.4 7.5 11.8 25.7 32.8 54.7 46.8 45.0 46.0 47.2 52.3 67.0 124.3 279.5 157.9 144.3 180.9 191.8 139.9 145.6 119.0 120.0 101.2 68.2 149.2 197.1 113.0 196.2 117.3 104.0 76.8 55.6 54.0 66.1 74.5 71.3 65.7 58.3 77.5 79.3 73.4 63.6 38.6 28.7 28.2
-9999.0 -9999.0 -9999.0 -9999.0 -9999.0 -9999.0 -9999.0 -9999.0 -9999.0 -9999.0 -9999.0 -9999.0 -9999.0 -9999.0 -9999.0 -9999.0 -9999.0 -9999.0 -9999.0 -9999.0 -9999.0 -9999.0 -9999.0 -9999.0 -9999.0 353.8 108.3 0.0 0.0 0.0 0.2 10.3 20.2 16.1 36.7 26.1 22.0 49.2 39.9 41.7 37.3 39.7 122.4 116.6 238.2 298.9 260.4 334.0 144.9 205.3 165.9 169.6 177.8 167.7 104.0 98.3 148.1 137.3 200.3 191.1 171.4 140.5 222.6 74.6 63.4 74.3 76.5 81.9 91.8 93.0 83.9 97.1 88.2 78.6 56.1 33.1 24.4
-9999.0 -9999.0 -9999.0 -9999.0 -9999.0 -9999.0 -9999.0 -9999.0 -9999.0 -9999.0 -9999.0 -9999.0 -9999.0 -9999.0 -9999.0 -9999.0 -9999.0 -9999.0 -9999.0 -9999.0 -9999.0 -9999.0 -9999.0 -9999.0 -9999.0 -9999.0 -9999.0 482.4 444.5 111.4 80.7 76.1 5.0 105.2 44.4 187.8 67.8 65.4 88.5 48.3 37.2 59.0 150.4 245.9 271.9 306.5 331.1 341.3 347.2 291.1 329.0 305.7 197.1 169.1 145.9 156.9 124.2 127.1 185.2 161.9 196.4 166.1 99.0 68.6 79.8 83.5 91.6 88.7 81.4 80.3 91.1 108.1 95.6 84.0 56.6 40.5 51.9
-9999.0 -9999.0 -9999.0 -9999.0 -9999.0 -9999.0 -9999.0 -9999.0 -9999.0 -9999.0 -9999.0 -9999.0 -9999.0 -9999.0 -9999.0 -9999.0 -9999.0 -9999.0 -9999.0 -9999.0 -9999.0 -9999.0 -9999.0 -9999.0 -9999.0 -9999.0 -9999.0 -9999.0 -9999.0 -9999.0 -9999.0 -9999.0 -9999.0 266.4 96.6 -9999.0 -9999.0 -9999.0 173.7 81.5 119.7 162.2 143.1 271.5 302.8 311.8 -9999.0 -9999.0 -9999.0 -9999.0 -9999.0 -9999.0 253.0 218.2 172.5 152.5 149.9 146.2 154.7 178.5 189.6 176.2 128.5 103.9 112.9 133.6 147.9 144.2 106.8 85.1 91.0 99.1 98.3 84.5 79.0 61.4 81.9
-9999.0 -9999.0 -9999.0 -9999.0 -9999.0 -9999.0 -9999.0 -9999.0 -9999.0 -9999.0 -9999.0 -9999.0 -9999.0 -9999.0 -9999.0 -9999.0 -9999.0 -9999.0 -9999.0 -9999.0 -9999.0 -9999.0 -9999.0 -9999.0 -9999.0 -9999.0 -9999.0 -9999.0 -9999.0 -9999.0 -9999.0 -9999.0 -9999.0 -9999.0 -9999.0 -9999.0 -9999.0 -9999.0 -9999.0 320.2 300.3 293.9 292.8 293.7 -9999.0 -9999.0 -9999.0 -9999.0 -9999.0 -9999.0 -9999.0 -9999.0 273.0 255.3 202.9 170.6 161.7 155.3 162.5 184.5 197.3 181.3 168.7 164.7 191.1 220.6 231.8 173.4 124.5 111.5 104.2 97.7 92.0 97.7 90.9 90.7 97.4
-9999.0 -9999.0 -9999.0 -9999.0 -9999.0 -9999.0 -9999.0 -9999.0 -9999.0 -9999.0 -9999.0 -9999.0 -9999.0 -9999.0 -9999.0 -9999.0 -9999.0 -9999.0 -9999.0 -9999.0 -9999.0 -9999.0 -9999.0 -9999.0 -9999.0 -9999.0 -9999.0 -9999.0 -9999.0 -9999.0 -9999.0 -9999.0 -9999.0 -9999.0 -9999.0 -9999.0 -9999.0 -9999.0 -9999.0 -9999.0 -9999.0 -9999.0 -9999.0 -9999.0 -9999.0 -9999.0 -9999.0 -9999.0 -9999.0 -9999.0 -9999.0 -9999.0 263.9 288.3 222.2 219.7 170.7 157.9 161.7 179.6 190.4 186.9 252.8 209.9 249.6 267.7 228.1 188.5 158.2 141.5 131.1 121.1 129.8 113.6 112.8 101.0 105.6
-9999.0 -9999.0 -9999.0 -9999.0 -9999.0 -9999.0 -9999.0 -9999.0 -9999.0 -9999.0 -9999.0 -9999.0 -9999.0 -9999.0 -9999.0 -9999.0 -9999.0 -9999.0 -9999.0 -9999.0 -9999.0 -9999.0 -9999.0 -9999.0 -9999.0 -9999.0 -9999.0 -9999.0 -9999.0 -9999.0 -9999.0 -9999.0 -9999.0 -9999.0 -9999.0 -9999.0 -9999.0 -9999.0 -9999.0 -9999.0 -9999.0 -9999.0 -9999.0 -9999.0 -9999.0 -9999.0 -9999.0 -9999.0 -9999.0 -9999.0 -9999.0 260.1 292.4 305.2 207.7 198.1 174.2 182.3 169.5 164.5 200.0 190.6 180.1 204.3 252.8 273.5 229.7 182.1 187.4 176.8 174.8 167.9 146.4 118.1 108.8 99.5 112.2
-9999.0 -9999.0 -9999.0 -9999.0 -9999.0 -9999.0 -9999.0 -9999.0 -9999.0 -9999.0 -9999.0 -9999.0 -9999.0 -9999.0 -9999.0 -9999.0 -9999.0 -9999.0 -9999.0 -9999.0 -9999.0 -9999.0 -9999.0 -9999.0 -9999.0 -9999.0 -9999.0 -9999.0 -9999.0 -9999.0 -9999.0 -9999.0 -9999.0 -9999.0 -9999.0 -9999.0 -9999.0 -9999.0 -9999.0 -9999.0 -9999.0 -9999.0 -9999.0 -9999.0 -9999.0 -9999.0 -9999.0 -9999.0 -9999.0 -9999.0 211.1 314.6 337.2 324.3 240.8 222.8 171.3 147.5 164.4 192.5 181.7 198.4 167.2 183.3 224.0 241.8 236.7 208.1 215.8 205.3 214.7 198.4 158.0 128.2 113.4 117.5 88.1
-9999.0 -9999.0 -9999.0 -9999.0 -9999.0 -9999.0 -9999.0 -9999.0 -9999.0 -9999.0 -9999.0 -9999.0 -9999.0 -9999.0 -9999.0 -9999.0 -9999.0 -9999.0 -9999.0 -9999.0 -9999.0 -9999.0 -9999.0 -9999.0 -9999.0 -9999.0 -9999.0 -9999.0 -9999.0 -9999.0 -9999.0 -9999.0 -9999.0 -9999.0 -9999.0 -9999.0 -9999.0 -9999.0 -9999.0 -9999.0 -9999.0 -9999.0 -9999.0 -9999.0 -9999.0 -9999.0 -9999.0 -9999.0 -9999.0 -9999.0 211.9 396.5 274.4 340.5 305.9 236.6 163.2 196.6 189.3 167.5 160.4 169.3 162.4 173.5 197.2 199.1 201.1 198.8 213.1 213.2 225.7 209.2 162.4 110.5 81.4 77.2 116.1
-9999.0 -9999.0 -9999.0 -9999.0 -9999.0 -9999.0 -9999.0 -9999.0 -9999.0 -9999.0 -9999.0 -9999.0 -9999.0 -9999.0 -9999.0 -9999.0 -9999.0 -9999.0 -9999.0 -9999.0 -9999.0 -9999.0 -9999.0 -9999.0 -9999.0 -9999.0 -9999.0 -9999.0 -9999.0 -9999.0 -9999.0 -9999.0 -9999.0 -9999.0 -9999.0 -9999.0 -9999.0 -9999.0 -9999.0 -9999.0 -9999.0 -9999.0 -9999.0 -9999.0 -9999.0 -9999.0 -9999.0 -9999.0 -9999.0 -9999.0 216.7 288.6 254.5 429.3 285.7 235.1 273.1 197.6 201.5 139.2 155.3 162.7 154.6 161.5 173.3 170.3 171.9 184.1 192.8 233.9 221.7 246.9 166.1 141.3 88.4 94.2 155.7
-9999.0 -9999.0 -9999.0 -9999.0 -9999.0 -9999.0 -9999.0 -9999.0 -9999.0 -9999.0 -9999.0 -9999.0 -9999.0 -9999.0 -9999.0 -9999.0 -9999.0 -9999.0 -9999.0 -9999.0 -9999.0 -9999.0 -9999.0 -9999.0 -9999.0 -9999.0 -9999.0 -9999.0 -9999.0 -9999.0 -9999.0 -9999.0 -9999.0 -9999.0 -9999.0 -9999.0 -9999.0 -9999.0 -9999.0 -9999.0 -9999.0 -9999.0 -9999.0 -9999.0 -9999.0 -9999.0 -9999.0 -9999.0 -9999.0 -9999.0 342.0 431.0 375.9 391.8 341.1 328.7 186.1 209.8 194.6 140.1 154.8 139.0 133.3 144.8 152.4 152.7 166.6 189.2 222.7 144.4 190.8 198.2 194.9 172.0 123.1 138.6 173.0
-9999.0 -9999.0 -9999.0 -9999.0 -9999.0 -9999.0 -9999.0 -9999.0 -9999.0 -9999.0 -9999.0 -9999.0 -9999.0 -9999.0 -9999.0 -9999.0 -9999.0 -9999.0 -9999.0 -9999.0 -9999.0 -9999.0 -9999.0 -9999.0 -9999.0 -9999.0 -9999.0 -9999.0 -9999.0 -9999.0 -9999.0 -9999.0 -9999.0 -9999.0 -9999.0 -9999.0 -9999.0 -9999.0 -9999.0 -9999.0 -9999.0 -9999.0 -9999.0 -9999.0 -9999.0 -9999.0 -9999.0 -9999.0 -9999.0 -9999.0 -9999.0 -9999.0 -9999.0 330.9 288.4 255.7 240.1 243.2 179.4 174.3 240.3 131.1 151.8 145.6 141.6 141.7 164.5 164.4 190.9 169.5 143.1 156.8 179.1 181.8 176.1 167.9 175.8
-9999.0 -9999.0 -9999.0 -9999.0 -9999.0 -9999.0 -9999.0 -9999.0 -9999.0 -9999.0 -9999.0 -9999.0 -9999.0 -9999.0 -9999.0 -9999.0 -9999.0 -9999.0 -9999.0 -9999.0 -9999.0 -9999.0 -9999.0 -9999.0 -9999.0 -9999.0 -9999.0 -9999.0 -9999.0 -9999.0 -9999.0 -9999.0 -9999.0 -9999.0 -9999.0 -9999.0 -9999.0 -9999.0 -9999.0 -9999.0 -9999.0 -9999.0 -9999.0 -9999.0 -9999.0 -9999.0 -9999.0 -9999.0 -9999.0 -9999.0 -9999.0 -9999.0 -9999.0 322.4 261.2 370.0 239.9 220.8 250.9 297.9 220.8 166.2 193.0 160.8 148.0 138.6 115.8 166.3 115.9 103.5 97.9 136.9 183.2 207.0 216.0 229.6 195.1
-9999.0 -9999.0 -9999.0 -9999.0 -9999.0 -9999.0 -9999.0 -9999.0 -9999.0 -9999.0 -9999.0 -9999.0 -9999.0 -9999.0 -9999.0 -9999.0 -9999.0 -9999.0 -9999.0 -9999.0 -9999.0 -9999.0 -9999.0 -9999.0 -9999.0 -9999.0 -9999.0 -9999.0 -9999.0 -9999.0 -9999.0 -9999.0 -9999.0 -9999.0 -9999.0 -9999.0 -9999.0 -9999.0 -9999.0 -9999.0 -9999.0 -9999.0 -9999.0 -9999.0 -9999.0 -9999.0 -9999.0 -9999.0 -9999.0 -9999.0 -9999.0 -9999.0 -9999.0 304.0 206.1 269.9 240.7 228.9 255.5 253.3 267.0 223.4 227.4 199.0 135.9 -9999.0 -9999.0 -9999.0 115.9 90.6 119.7 178.6 216.5 219.9 227.7 248.8 210.3
-9999.0 -9999.0 -9999.0 -9999.0 -9999.0 -9999.0 -9999.0 -9999.0 -9999.0 -9999.0 -9999.0 -9999.0 -9999.0 -9999.0 -9999.0 -9999.0 -9999.0 -9999.0 -9999.0 -9999.0 -9999.0 -9999.0 -9999.0 -9999.0 -9999.0 -9999.0 -9999.0 -9999.0 -9999.0 -9999.0 -9999.0 -9999.0 -9999.0 -9999.0 -9999.0 -9999.0 -9999.0 -9999.0 -9999.0 -9999.0 -9999.0 -9999.0 -9999.0 -9999.0 -9999.0 -9999.0 -9999.0 -9999.0 -9999.0 -9999.0 -9999.0 -9999.0 -9999.0 -9999.0 237.3 212.2 166.3 164.2 210.6 248.0 157.0 -9999.0 -9999.0 -9999.0 -9999.0 -9999.0 -9999.0 -9999.0 104.6 132.2 195.1 241.9 246.7 209.1 194.0 208.9 204.7
-9999.0 -9999.0 -9999.0 -9999.0 -9999.0 -9999.0 -9999.0 -9999.0 -9999.0 -9999.0 -9999.0 -9999.0 -9999.0 -9999.0 -9999.0 -9999.0 -9999.0 -9999.0 -9999.0 -9999.0 -9999.0 -9999.0 -9999.0 -9999.0 -9999.0 -9999.0 -9999.0 -9999.0 -9999.0 -9999.0 -9999.0 -9999.0 -9999.0 -9999.0 -9999.0 -9999.0 -9999.0 -9999.0 -9999.0 -9999.0 -9999.0 -9999.0 -9999.0 -9999.0 -9999.0 -9999.0 -9999.0 -9999.0 -9999.0 -9999.0 -9999.0 -9999.0 -9999.0 -9999.0 -9999.0 151.7 197.0 134.5 113.5 137.0 126.2 -9999.0 -9999.0 -9999.0 -9999.0 -9999.0 -9999.0 -9999.0 -9999.0 -9999.0 232.7 -9999.0 -9999.0 -9999.0 -9999.0 -9999.0 187.2
-9999.0 -9999.0 -9999.0 -9999.0 -9999.0 -9999.0 -9999.0 -9999.0 -9999.0 -9999.0 -9999.0 -9999.0 -9999.0 -9999.0 -9999.0 -9999.0 -9999.0 -9999.0 -9999.0 -9999.0 -9999.0 -9999.0 -9999.0 -9999.0 -9999.0 -9999.0 -9999.0 -9999.0 -9999.0 -9999.0 -9999.0 -9999.0 -9999.0 -9999.0 -9999.0 -9999.0 -9999.0 -9999.0 -9999.0 -9999.0 -9999.0 -9999.0 -9999.0 -9999.0 -9999.0 -9999.0 -9999.0 -9999.0 -9999.0 -9999.0 -9999.0 -9999.0 -9999.0 -9999.0 -9999.0 -9999.0 -9999.0 -9999.0 83.7 66.3 -9999.0 -9999.0 -9999.0 -9999.0 -9999.0 -9999.0 -9999.0 -9999.0 -9999.0 -9999.0 -9999.0 -9999.0 -9999.0 -9999.0 -9999.0 161.9 186.4
-9999.0 -9999.0 -9999.0 -9999.0 -9999.0 -9999.0 -9999.0 -9999.0 -9999.0 -9999.0 -9999.0 -9999.0 -9999.0 -9999.0 -9999.0 -9999.0 -9999.0 -9999.0 -9999.0 -9999.0 -9999.0 -9999.0 -9999.0 -9999.0 -9999.0 -9999.0 -9999.0 -9999.0 -9999.0 -9999.0 -9999.0 -9999.0 -9999.0 -9999.0 -9999.0 -9999.0 -9999.0 -9999.0 -9999.0 -9999.0 -9999.0 -9999.0 -9999.0 -9999.0 -9999.0 -9999.0 -9999.0 -9999.0 -9999.0 -9999.0 -9999.0 -9999.0 -9999.0 -9999.0 -9999.0 -9999.0 -9999.0 -9999.0 -9999.0 -9999.0 -9999.0 -9999.0 -9999.0 -9999.0 -9999.0 -9999.0 -9999.0 -9999.0 -9999.0 -9999.0 -9999.0 -9999.0 -9999.0 -9999.0 -9999.0 -9999.0 -9999.0
