program/excelProcessViaJava/data/SURF_CLI_CHN_PRE_MON_GRID_0.5-201106.txt
NCOLS      128
NROWS       72
XLLCORNER    72.000000000000    
YLLCORNER    18.000000000000    
CELLSIZE    0.50000000000000    
NODATA_VALUE   -9999.000    
[rows 34 to 67 of 72, columns 0 to 74 of 128]
-9999.0 -9999.0 -9999.0 -9999.0 7.7 9.1 14.4 14.6 20.7 22.9 18.9 24.8 22.1 21.5 8.6 7.9 8.2 5.4 5.9 8.7 13.7 17.9 23.8 35.1 40.2 40.4 46.0 48.2 50.3 51.3 51.5 51.7 49.0 46.6 45.2 39.9 42.5 44.9 34.9 24.8 34.4 16.8 15.6 12.7 12.8 13.8 16.3 20.9 27.4 38.0 47.4 60.9 97.5 88.0 78.8 80.5 80.2 87.5 96.9 65.1 95.4 60.5 51.9 49.0 39.4 29.2 33.3 22.9 23.4 34.8 30.2 33.3 35.8 38.3 32.1
-9999.0 -9999.0 -9999.0 -9999.0 -9999.0 -9999.0 -9999.0 12.9 16.0 17.8 19.3 20.5 20.6 21.1 21.0 9.2 16.1 11.8 12.7 19.3 26.7 29.8 32.4 35.9 39.7 43.6 46.4 49.5 52.4 54.1 56.1 56.8 56.2 55.4 54.8 50.2 52.3 48.5 53.0 54.0 36.1 58.4 54.7 40.3 25.9 16.1 24.3 27.5 41.1 41.2 46.9 60.4 80.1 103.9 101.3 77.3 73.6 74.8 102.8 82.1 97.7 60.1 50.5 49.2 50.0 41.4 37.2 33.0 28.1 31.5 27.9 26.9 31.7 33.9 30.0
-9999.0 -9999.0 -9999.0 -9999.0 -9999.0 -9999.0 -9999.0 9.6 12.8 14.5 15.6 17.4 17.8 17.3 18.7 17.2 19.6 20.4 20.6 23.5 25.9 27.5 31.4 34.9 39.5 43.7 48.4 50.6 56.5 60.1 61.4 63.1 63.6 63.7 61.4 59.8 56.6 57.7 56.4 54.4 55.8 56.0 57.8 68.5 46.1 32.0 41.0 48.7 70.7 72.7 91.0 91.5 84.2 89.1 97.0 85.1 87.8 98.4 108.8 108.9 91.3 72.8 55.0 53.0 52.5 50.8 43.9 34.7 38.3 27.0 26.5 26.3 27.6 28.3 23.5
-9999.0 -9999.0 -9999.0 -9999.0 -9999.0 -9999.0 -9999.0 -9999.0 -9999.0 11.7 13.4 14.9 14.2 15.2 16.4 17.2 17.3 14.6 18.8 18.0 22.5 26.9 30.6 34.7 39.5 45.2 49.6 54.8 61.3 62.9 69.6 71.3 72.3 72.4 70.4 68.1 65.3 64.7 61.6 62.5 60.4 63.6 61.6 56.7 60.4 59.7 62.5 67.0 75.3 82.0 88.3 86.8 84.8 84.7 91.7 90.3 94.8 105.8 116.8 112.1 99.2 88.1 74.9 54.3 56.8 57.9 51.1 41.4 46.9 34.8 34.4 29.0 27.4 27.9 31.5
-9999.0 -9999.0 -9999.0 -9999.0 -9999.0 -9999.0 -9999.0 -9999.0 -9999.0 -9999.0 -9999.0 10.5 14.2 11.9 14.0 14.1 15.4 16.8 18.4 19.4 20.0 24.8 28.0 34.0 34.9 43.4 48.2 55.1 62.8 70.5 75.9 77.5 82.4 83.1 82.3 81.4 77.8 75.2 78.7 71.9 74.4 71.5 68.6 65.6 75.3 67.0 79.8 78.8 87.0 90.5 89.1 87.3 84.8 85.8 91.1 96.7 105.0 118.0 124.4 119.4 109.3 89.4 73.1 61.9 63.9 60.3 49.9 49.6 52.7 54.4 50.8 45.7 36.1 31.0 24.9
-9999.0 -9999.0 -9999.0 -9999.0 -9999.0 -9999.0 -9999.0 -9999.0 -9999.0 -9999.0 -9999.0 -9999.0 12.3 13.3 11.3 13.7 10.6 14.4 15.7 13.8 21.8 23.7 27.3 33.5 27.7 44.0 53.6 56.6 66.1 68.8 81.2 88.1 92.3 92.8 93.7 93.4 91.3 88.6 84.6 81.0 79.5 80.1 80.9 83.6 81.6 82.7 87.4 86.4 94.0 98.4 98.3 92.5 87.6 88.0 93.2 102.5 114.9 127.8 133.6 134.2 118.5 107.3 94.6 79.3 66.1 75.7 64.2 65.9 71.0 79.7 71.0 53.8 43.3 39.7 43.8
-9999.0 -9999.0 -9999.0 -9999.0 -9999.0 -9999.0 -9999.0 -9999.0 -9999.0 -9999.0 -9999.0 -9999.0 6.6 12.6 14.2 11.5 15.5 15.3 12.9 15.6 18.3 19.7 24.4 32.3 41.7 45.9 53.5 65.7 71.1 83.0 87.2 90.3 100.0 104.7 105.4 106.3 103.2 102.0 100.3 98.3 96.5 97.4 102.6 97.9 98.9 99.4 94.7 97.1 100.4 106.1 103.0 94.8 90.7 91.6 101.9 111.4 125.9 139.1 147.3 140.8 125.7 113.0 105.3 98.9 72.3 77.7 57.3 60.8 72.9 96.5 120.7 136.2 137.3 107.0 101.8
-9999.0 -9999.0 -9999.0 -9999.0 -9999.0 -9999.0 -9999.0 -9999.0 -9999.0 -9999.0 -9999.0 -9999.0 -9999.0 9.3 7.2 14.2 11.9 14.9 16.6 18.0 18.5 24.1 23.4 34.3 39.3 38.0 45.9 50.1 65.9 78.5 93.9 104.1 104.1 109.8 119.0 118.5 116.9 114.8 111.0 114.9 117.4 120.8 123.0 123.4 117.7 110.1 108.6 110.2 111.8 110.3 103.6 95.5 92.5 92.2 103.7 119.2 135.3 145.1 146.2 145.9 132.0 120.1 113.3 98.8 68.4 74.7 83.4 86.2 105.9 125.8 119.3 125.5 144.2 144.8 153.2
-9999.0 -9999.0 -9999.0 -9999.0 -9999.0 -9999.0 -9999.0 -9999.0 -9999.0 -9999.0 -9999.0 -9999.0 6.7 4.7 6.5 11.1 7.0 10.7 12.1 18.6 21.0 23.8 25.8 32.5 40.2 37.3 48.0 61.0 71.3 80.0 93.8 110.3 106.5 120.6 122.9 127.3 122.5 127.1 127.7 129.8 131.2 135.3 138.9 145.1 139.0 130.4 122.2 118.6 116.6 110.6 100.1 91.4 91.3 96.5 112.6 127.3 134.8 147.0 147.2 139.7 129.1 122.3 119.5 115.5 104.6 92.3 102.9 129.2 154.0 179.0 197.8 193.7 161.5 127.7 131.9
-9999.0 -9999.0 -9999.0 -9999.0 -9999.0 -9999.0 -9999.0 -9999.0 -9999.0 -9999.0 -9999.0 -9999.0 3.6 9.5 9.0 3.1 4.9 12.4 14.0 12.2 20.0 18.8 23.3 29.0 39.0 48.2 54.9 63.8 72.8 87.4 100.0 108.9 108.9 128.2 132.3 131.2 134.0 132.4 135.0 142.9 149.9 160.7 167.3 165.7 157.4 144.9 131.9 122.8 114.0 105.8 95.2 88.3 92.6 105.7 117.7 131.3 136.0 138.3 139.3 134.3 129.3 125.5 129.2 117.9 104.2 103.1 122.9 185.2 211.2 214.6 210.8 198.3 182.5 203.0 214.9
-9999.0 -9999.0 -9999.0 -9999.0 -9999.0 -9999.0 -9999.0 -9999.0 -9999.0 -9999.0 -9999.0 -9999.0 8.5 4.3 9.7 8.9 10.0 4.8 9.5 10.9 7.9 9.6 20.2 20.9 30.8 29.3 41.3 40.7 68.4 80.0 93.1 91.1 116.0 128.0 130.9 129.3 129.8 130.1 136.1 140.2 155.5 175.2 168.6 185.9 166.6 144.2 128.1 116.5 103.1 88.9 80.3 78.2 83.2 89.0 101.6 116.9 120.9 124.2 127.3 130.5 132.8 134.4 129.0 119.8 87.5 118.6 156.0 197.2 207.5 180.0 168.8 201.9 203.6 224.0 230.7
-9999.0 -9999.0 -9999.0 -9999.0 -9999.0 -9999.0 -9999.0 -9999.0 -9999.0 -9999.0 -9999.0 -9999.0 -9999.0 1.1 2.0 7.2 6.8 9.0 6.2 6.2 3.1 11.5 11.3 12.9 27.8 31.1 39.8 51.1 52.4 75.8 71.2 87.1 95.4 112.6 113.9 104.4 108.7 119.3 123.8 137.1 151.9 149.1 152.5 160.3 161.0 139.0 114.8 96.1 81.1 68.6 56.1 67.2 72.4 80.4 90.3 96.6 100.2 107.4 118.4 125.7 134.7 128.7 138.4 96.5 87.2 111.1 135.7 147.8 139.4 135.6 132.4 149.5 194.0 183.5 220.7
-9999.0 -9999.0 -9999.0 -9999.0 -9999.0 -9999.0 -9999.0 -9999.0 -9999.0 -9999.0 -9999.0 -9999.0 -9999.0 9.6 1.8 6.0 2.2 8.2 8.4 7.4 2.9 4.5 5.9 11.1 28.9 27.8 31.0 45.6 48.9 31.9 47.1 60.6 80.9 87.2 83.8 87.4 97.2 101.4 103.7 103.5 128.6 139.2 144.9 141.3 118.9 111.0 90.7 66.9 52.6 43.3 47.6 38.0 59.8 73.1 81.1 83.9 84.1 97.3 114.9 133.1 142.9 147.0 100.8 69.3 79.0 104.7 125.1 121.5 111.6 97.7 108.0 142.9 169.9 189.4 207.4
-9999.0 -9999.0 -9999.0 -9999.0 -9999.0 -9999.0 -9999.0 -9999.0 -9999.0 -9999.0 -9999.0 -9999.0 -9999.0 -9999.0 -9999.0 4.8 6.8 4.9 7.7 11.3 4.5 10.1 13.7 14.4 14.7 19.3 10.3 22.0 16.2 37.7 37.5 48.4 44.0 54.3 66.8 61.6 65.0 88.8 88.9 94.9 97.9 105.0 111.5 111.3 107.0 92.4 66.2 46.7 36.5 20.5 26.2 48.4 47.1 59.3 42.6 71.3 80.0 85.4 116.6 133.3 156.8 123.0 76.3 61.7 73.9 109.4 142.0 140.3 121.2 116.0 125.2 149.6 174.2 171.1 186.4
-9999.0 -9999.0 -9999.0 -9999.0 -9999.0 -9999.0 -9999.0 -9999.0 -9999.0 -9999.0 -9999.0 -9999.0 -9999.0 -9999.0 -9999.0 -9999.0 -9999.0 42.5 28.3 -9999.0 26.8 8.8 21.5 23.9 13.3 17.4 7.2 14.5 26.3 18.0 28.6 43.3 27.7 53.7 66.9 58.8 51.7 85.7 71.7 74.1 77.3 79.5 82.6 81.2 104.0 73.8 129.0 40.1 24.6 22.1 16.4 23.6 19.9 52.9 63.0 70.9 73.5 99.8 122.4 143.6 136.7 117.8 80.0 61.4 75.8 116.0 160.2 167.0 146.1 135.5 133.6 174.8 171.1 148.8 163.4
-9999.0 -9999.0 -9999.0 -9999.0 -9999.0 -9999.0 -9999.0 -9999.0 -9999.0 -9999.0 -9999.0 -9999.0 -9999.0 -9999.0 -9999.0 -9999.0 -9999.0 -9999.0 -9999.0 -9999.0 -9999.0 22.3 15.3 5.4 14.6 35.7 32.4 28.5 22.2 31.5 26.7 51.1 45.3 44.4 56.2 50.3 57.5 62.6 65.7 67.9 62.5 59.6 59.6 56.9 84.0 48.1 160.7 38.5 29.1 45.7 20.4 39.8 47.0 31.8 51.2 72.0 85.4 102.9 118.6 155.8 147.6 143.7 101.1 77.4 82.4 119.0 164.2 175.5 158.8 149.9 166.2 188.2 175.9 154.8 177.2
-9999.0 -9999.0 -9999.0 -9999.0 -9999.0 -9999.0 -9999.0 -9999.0 -9999.0 -9999.0 -9999.0 -9999.0 -9999.0 -9999.0 -9999.0 -9999.0 -9999.0 -9999.0 -9999.0 -9999.0 -9999.0 -9999.0 -9999.0 83.2 33.3 38.1 36.7 27.4 11.6 22.8 19.0 19.8 14.5 27.8 30.8 40.0 42.9 54.2 49.9 49.3 47.5 47.7 42.5 43.5 74.1 186.0 80.2 55.9 65.3 62.3 26.6 33.5 27.9 37.8 41.8 45.9 85.9 106.7 147.1 154.7 186.2 173.4 144.4 102.2 95.1 113.7 149.4 166.0 165.2 174.8 208.4 215.3 205.2 195.7 219.5
-9999.0 -9999.0 -9999.0 -9999.0 -9999.0 -9999.0 -9999.0 -9999.0 -9999.0 -9999.0 -9999.0 -9999.0 -9999.0 -9999.0 -9999.0 -9999.0 -9999.0 -9999.0 -9999.0 -9999.0 -9999.0 -9999.0 -9999.0 -9999.0 -9999.0 160.4 80.7 4.1 6.3 2.8 10.5 27.7 35.3 31.7 46.9 38.6 36.2 54.2 50.3 49.8 46.9 39.3 75.9 67.8 153.4 194.5 150.9 206.9 34.4 60.2 32.7 35.4 44.5 50.8 50.8 65.2 91.8 115.2 129.9 151.7 167.4 158.1 137.4 104.7 102.1 113.4 133.0 138.3 158.1 193.9 236.1 245.6 239.1 247.9 264.2
-9999.0 -9999.0 -9999.0 -9999.0 -9999.0 -9999.0 -9999.0 -9999.0 -9999.0 -9999.0 -9999.0 -9999.0 -9999.0 -9999.0 -9999.0 -9999.0 -9999.0 -9999.0 -9999.0 -9999.0 -9999.0 -9999.0 -9999.0 -9999.0 -9999.0 -9999.0 -9999.0 201.6 196.4 79.9 66.2 64.7 19.1 83.4 50.1 133.6 70.6 71.2 80.8 58.8 51.0 47.8 97.9 163.0 179.3 201.6 215.7 219.0 217.8 128.2 177.1 161.6 57.9 67.2 71.1 83.7 101.9 128.3 133.6 163.9 198.5 145.5 126.0 102.8 109.1 129.3 143.1 152.7 168.6 203.5 237.6 257.2 263.6 279.4 280.9
-9999.0 -9999.0 -9999.0 -9999.0 -9999.0 -9999.0 -9999.0 -9999.0 -9999.0 -9999.0 -9999.0 -9999.0 -9999.0 -9999.0 -9999.0 -9999.0 -9999.0 -9999.0 -9999.0 -9999.0 -9999.0 -9999.0 -9999.0 -9999.0 -9999.0 -9999.0 -9999.0 -9999.0 -9999.0 -9999.0 -9999.0 -9999.0 -9999.0 158.0 82.3 -9999.0 -9999.0 -9999.0 131.5 81.8 95.4 116.5 99.1 185.4 205.6 212.3 -9999.0 -9999.0 -9999.0 -9999.0 -9999.0 -9999.0 113.9 74.3 97.3 96.9 105.7 134.1 154.7 190.3 192.4 155.2 137.7 117.6 136.8 166.3 184.4 185.3 177.3 193.9 228.7 255.0 276.7 262.0 250.7
-9999.0 -9999.0 -9999.0 -9999.0 -9999.0 -9999.0 -9999.0 -9999.0 -9999.0 -9999.0 -9999.0 -9999.0 -9999.0 -9999.0 -9999.0 -9999.0 -9999.0 -9999.0 -9999.0 -9999.0 -9999.0 -9999.0 -9999.0 -9999.0 -9999.0 -9999.0 -9999.0 -9999.0 -9999.0 -9999.0 -9999.0 -9999.0 -9999.0 -9999.0 -9999.0 -9999.0 -9999.0 -9999.0 -9999.0 199.1 196.1 197.4 201.0 205.7 -9999.0 -9999.0 -9999.0 -9999.0 -9999.0 -9999.0 -9999.0 -9999.0 120.3 84.9 92.3 95.6 99.6 118.3 148.2 188.1 216.7 190.1 165.0 161.4 178.7 206.4 228.9 236.6 208.5 194.1 214.3 256.9 268.1 243.1 197.8
-9999.0 -9999.0 -9999.0 -9999.0 -9999.0 -9999.0 -9999.0 -9999.0 -9999.0 -9999.0 -9999.0 -9999.0 -9999.0 -9999.0 -9999.0 -9999.0 -9999.0 -9999.0 -9999.0 -9999.0 -9999.0 -9999.0 -9999.0 -9999.0 -9999.0 -9999.0 -9999.0 -9999.0 -9999.0 -9999.0 -9999.0 -9999.0 -9999.0 -9999.0 -9999.0 -9999.0 -9999.0 -9999.0 -9999.0 -9999.0 -9999.0 -9999.0 -9999.0 -9999.0 -9999.0 -9999.0 -9999.0 -9999.0 -9999.0 -9999.0 -9999.0 -9999.0 157.4 95.8 95.2 93.0 92.1 100.9 123.0 160.3 194.2 203.2 146.7 176.5 193.7 243.6 286.7 282.5 247.9 219.8 228.0 258.6 247.0 224.1 194.1
-9999.0 -9999.0 -9999.0 -9999.0 -9999.0 -9999.0 -9999.0 -9999.0 -9999.0 -9999.0 -9999.0 -9999.0 -9999.0 -9999.0 -9999.0 -9999.0 -9999.0 -9999.0 -9999.0 -9999.0 -9999.0 -9999.0 -9999.0 -9999.0 -9999.0 -9999.0 -9999.0 -9999.0 -9999.0 -9999.0 -9999.0 -9999.0 -9999.0 -9999.0 -9999.0 -9999.0 -9999.0 -9999.0 -9999.0 -9999.0 -9999.0 -9999.0 -9999.0 -9999.0 -9999.0 -9999.0 -9999.0 -9999.0 -9999.0 -9999.0 -9999.0 176.3 143.2 110.3 91.1 88.7 86.8 95.5 104.1 104.3 149.5 159.3 164.8 158.6 190.7 254.3 279.9 233.0 253.5 234.5 239.0 254.5 255.9 244.2 246.6
-9999.0 -9999.0 -9999.0 -9999.0 -9999.0 -9999.0 -9999.0 -9999.0 -9999.0 -9999.0 -9999.0 -9999.0 -9999.0 -9999.0 -9999.0 -9999.0 -9999.0 -9999.0 -9999.0 -9999.0 -9999.0 -9999.0 -9999.0 -9999.0 -9999.0 -9999.0 -9999.0 -9999.0 -9999.0 -9999.0 -9999.0 -9999.0 -9999.0 -9999.0 -9999.0 -9999.0 -9999.0 -9999.0 -9999.0 -9999.0 -9999.0 -9999.0 -9999.0 -9999.0 -9999.0 -9999.0 -9999.0 -9999.0 -9999.0 -9999.0 201.8 193.0 161.3 129.4 104.4 94.4 87.6 85.0 91.2 108.6 118.3 133.2 135.1 143.5 187.2 228.5 234.1 204.0 209.4 221.2 239.2 272.7 280.6 270.0 265.2
-9999.0 -9999.0 -9999.0 -9999.0 -9999.0 -9999.0 -9999.0 -9999.0 -9999.0 -9999.0 -9999.0 -9999.0 -9999.0 -9999.0 -9999.0 -9999.0 -9999.0 -9999.0 -9999.0 -9999.0 -9999.0 -9999.0 -9999.0 -9999.0 -9999.0 -9999.0 -9999.0 -9999.0 -9999.0 -9999.0 -9999.0 -9999.0 -9999.0 -9999.0 -9999.0 -9999.0 -9999.0 -9999.0 -9999.0 -9999.0 -9999.0 -9999.0 -9999.0 -9999.0 -9999.0 -9999.0 -9999.0 -9999.0 -9999.0 -9999.0 225.3 228.2 208.8 167.9 131.5 111.3 102.4 104.1 102.4 97.8 99.7 113.8 119.0 138.9 170.8 156.1 162.9 153.1 168.8 200.5 247.1 290.8 310.4 306.5 297.2
-9999.0 -9999.0 -9999.0 -9999.0 -9999.0 -9999.0 -9999.0 -9999.0 -9999.0 -9999.0 -9999.0 -9999.0 -9999.0 -9999.0 -9999.0 -9999.0 -9999.0 -9999.0 -9999.0 -9999.0 -9999.0 -9999.0 -9999.0 -9999.0 -9999.0 -9999.0 -9999.0 -9999.0 -9999.0 -9999.0 -9999.0 -9999.0 -9999.0 -9999.0 -9999.0 -9999.0 -9999.0 -9999.0 -9999.0 -9999.0 -9999.0 -9999.0 -9999.0 -9999.0 -9999.0 -9999.0 -9999.0 -9999.0 -9999.0 -9999.0 251.6 277.3 259.5 206.2 179.3 146.3 134.7 131.6 129.4 107.8 117.0 128.4 129.5 129.0 149.9 153.5 151.9 163.8 177.1 215.6 265.5 304.4 345.8 313.6 284.0
-9999.0 -9999.0 -9999.0 -9999.0 -9999.0 -9999.0 -9999.0 -9999.0 -9999.0 -9999.0 -9999.0 -9999.0 -9999.0 -9999.0 -9999.0 -9999.0 -9999.0 -9999.0 -9999.0 -9999.0 -9999.0 -9999.0 -9999.0 -9999.0 -9999.0 -9999.0 -9999.0 -9999.0 -9999.0 -9999.0 -9999.0 -9999.0 -9999.0 -9999.0 -9999.0 -9999.0 -9999.0 -9999.0 -9999.0 -9999.0 -9999.0 -9999.0 -9999.0 -9999.0 -9999.0 -9999.0 -9999.0 -9999.0 -9999.0 -9999.0 338.9 346.9 337.3 288.4 231.4 189.6 174.2 176.1 175.8 146.1 163.4 160.4 128.3 151.8 170.1 186.5 220.4 248.4 273.0 202.9 276.2 328.2 351.0 314.7 276.1
-9999.0 -9999.0 -9999.0 -9999.0 -9999.0 -9999.0 -9999.0 -9999.0 -9999.0 -9999.0 -9999.0 -9999.0 -9999.0 -9999.0 -9999.0 -9999.0 -9999.0 -9999.0 -9999.0 -9999.0 -9999.0 -9999.0 -9999.0 -9999.0 -9999.0 -9999.0 -9999.0 -9999.0 -9999.0 -9999.0 -9999.0 -9999.0 -9999.0 -9999.0 -9999.0 -9999.0 -9999.0 -9999.0 -9999.0 -9999.0 -9999.0 -9999.0 -9999.0 -9999.0 -9999.0 -9999.0 -9999.0 -9999.0 -9999.0 -9999.0 -9999.0 -9999.0 -9999.0 359.6 304.5 247.9 220.4 224.5 185.1 198.9 271.2 178.9 252.7 214.9 220.6 238.8 293.1 293.7 327.3 292.9 264.2 286.6 305.0 296.7 293.8
-9999.0 -9999.0 -9999.0 -9999.0 -9999.0 -9999.0 -9999.0 -9999.0 -9999.0 -9999.0 -9999.0 -9999.0 -9999.0 -9999.0 -9999.0 -9999.0 -9999.0 -9999.0 -9999.0 -9999.0 -9999.0 -9999.0 -9999.0 -9999.0 -9999.0 -9999.0 -9999.0 -9999.0 -9999.0 -9999.0 -9999.0 -9999.0 -9999.0 -9999.0 -9999.0 -9999.0 -9999.0 -9999.0 -9999.0 -9999.0 -9999.0 -9999.0 -9999.0 -9999.0 -9999.0 -9999.0 -9999.0 -9999.0 -9999.0 -9999.0 -9999.0 -9999.0 -9999.0 378.2 318.2 280.2 227.7 201.7 245.6 330.3 292.0 230.1 350.5 234.1 247.6 265.3 202.8 357.3 254.1 238.6 226.7 267.8 301.9 316.9 330.3
-9999.0 -9999.0 -9999.0 -9999.0 -9999.0 -9999.0 -9999.0 -9999.0 -9999.0 -9999.0 -9999.0 -9999.0 -9999.0 -9999.0 -9999.0 -9999.0 -9999.0 -9999.0 -9999.0 -9999.0 -9999.0 -9999.0 -9999.0 -9999.0 -9999.0 -9999.0 -9999.0 -9999.0 -9999.0 -9999.0 -9999.0 -9999.0 -9999.0 -9999.0 -9999.0 -9999.0 -9999.0 -9999.0 -9999.0 -9999.0 -9999.0 -9999.0 -9999.0 -9999.0 -9999.0 -9999.0 -9999.0 -9999.0 -9999.0 -9999.0 -9999.0 -9999.0 -9999.0 363.2 275.1 263.0 219.5 200.5 250.3 291.5 375.1 362.6 433.2 420.0 191.6 -9999.0 -9999.0 -9999.0 262.4 204.1 253.5 340.3 391.5 388.9 364.1
-9999.0 -9999.0 -9999.0 -9999.0 -9999.0 -9999.0 -9999.0 -9999.0 -9999.0 -9999.0 -9999.0 -9999.0 -9999.0 -9999.0 -9999.0 -9999.0 -9999.0 -9999.0 -9999.0 -9999.0 -9999.0 -9999.0 -9999.0 -9999.0 -9999.0 -9999.0 -9999.0 -9999.0 -9999.0 -9999.0 -9999.0 -9999.0 -9999.0 -9999.0 -9999.0 -9999.0 -9999.0 -9999.0 -9999.0 -9999.0 -9999.0 -9999.0 -9999.0 -9999.0 -9999.0 -9999.0 -9999.0 -9999.0 -9999.0 -9999.0 -9999.0 -9999.0 -9999.0 -9999.0 275.6 225.3 162.9 155.0 247.1 348.3 256.7 -9999.0 -9999.0 -9999.0 -9999.0 -9999.0 -9999.0 -9999.0 182.2 237.3 347.5 409.5 447.5 401.3 330.2
-9999.0 -9999.0 -9999.0 -9999.0 -9999.0 -9999.0 -9999.0 -9999.0 -9999.0 -9999.0 -9999.0 -9999.0 -9999.0 -9999.0 -9999.0 -9999.0 -9999.0 -9999.0 -9999.0 -9999.0 -9999.0 -9999.0 -9999.0 -9999.0 -9999.0 -9999.0 -9999.0 -9999.0 -9999.0 -9999.0 -9999.0 -9999.0 -9999.0 -9999.0 -9999.0 -9999.0 -9999.0 -9999.0 -9999.0 -9999.0 -9999.0 -9999.0 -9999.0 -9999.0 -9999.0 -9999.0 -9999.0 -9999.0 -9999.0 -9999.0 -9999.0 -9999.0 -9999.0 -9999.0 -9999.0 186.3 218.1 175.9 186.0 267.7 276.2 -9999.0 -9999.0 -9999.0 -9999.0 -9999.0 -9999.0 -9999.0 -9999.0 -9999.0 307.4 -9999.0 -9999.0 -9999.0 -9999.0
-9999.0 -9999.0 -9999.0 -9999.0 -9999.0 -9999.0 -9999.0 -9999.0 -9999.0 -9999.0 -9999.0 -9999.0 -9999.0 -9999.0 -9999.0 -9999.0 -9999.0 -9999.0 -9999.0 -9999.0 -9999.0 -9999.0 -9999.0 -9999.0 -9999.0 -9999.0 -9999.0 -9999.0 -9999.0 -9999.0 -9999.0 -9999.0 -9999.0 -9999.0 -9999.0 -9999.0 -9999.0 -9999.0 -9999.0 -9999.0 -9999.0 -9999.0 -9999.0 -9999.0 -9999.0 -9999.0 -9999.0 -9999.0 -9999.0 -9999.0 -9999.0 -9999.0 -9999.0 -9999.0 -9999.0 -9999.0 -9999.0 -9999.0 190.4 188.9 -9999.0 -9999.0 -9999.0 -9999.0 -9999.0 -9999.0 -9999.0 -9999.0 -9999.0 -9999.0 -9999.0 -9999.0 -9999.0 -9999.0 -9999.0
-9999.0 -9999.0 -9999.0 -9999.0 -9999.0 -9999.0 -9999.0 -9999.0 -9999.0 -9999.0 -9999.0 -9999.0 -9999.0 -9999.0 -9999.0 -9999.0 -9999.0 -9999.0 -9999.0 -9999.0 -9999.0 -9999.0 -9999.0 -9999.0 -9999.0 -9999.0 -9999.0 -9999.0 -9999.0 -9999.0 -9999.0 -9999.0 -9999.0 -9999.0 -9999.0 -9999.0 -9999.0 -9999.0 -9999.0 -9999.0 -9999.0 -9999.0 -9999.0 -9999.0 -9999.0 -9999.0 -9999.0 -9999.0 -9999.0 -9999.0 -9999.0 -9999.0 -9999.0 -9999.0 -9999.0 -9999.0 -9999.0 -9999.0 -9999.0 -9999.0 -9999.0 -9999.0 -9999.0 -9999.0 -9999.0 -9999.0 -9999.0 -9999.0 -9999.0 -9999.0 -9999.0 -9999.0 -9999.0 -9999.0 -9999.0
