program/excelProcessViaJava/data/SURF_CLI_CHN_PRE_MON_GRID_0.5-198108.txt
NCOLS      128
NROWS       72
XLLCORNER    72.000000000000    
YLLCORNER    18.000000000000    
CELLSIZE    0.50000000000000    
NODATA_VALUE   -9999.000    
[rows 33 to 65 of 72, columns 0 to 74 of 128]
-9999.0 -9999.0 -9999.0 -9999.0 2.3 2.5 3.4 8.1 11.6 20.7 20.4 21.0 20.3 18.9 18.8 18.4 16.6 14.4 12.9 12.2 11.9 11.2 10.0 9.2 9.1 10.3 12.5 38.9 26.5 32.0 37.4 38.2 39.9 44.9 39.5 38.8 35.2 44.4 36.7 24.5 15.7 12.7 12.5 13.3 15.2 17.1 18.9 21.7 25.1 25.3 30.5 45.1 62.2 86.2 80.1 100.9 120.6 165.6 179.0 205.0 188.1 135.4 85.2 33.7 21.1 29.2 38.8 38.5 61.9 70.4 81.5 98.7 112.5 123.9 132.9
-9999.0 -9999.0 -9999.0 -9999.0 1.1 2.3 2.4 5.9 5.5 8.0 13.3 13.7 16.2 17.9 16.4 16.4 15.8 12.8 10.8 10.3 11.3 11.6 11.7 15.6 25.8 33.6 27.9 30.6 31.9 34.9 37.7 44.1 43.7 45.9 48.5 45.7 49.2 50.9 38.9 28.2 31.7 18.7 17.3 16.5 17.5 18.3 18.2 17.7 18.1 21.4 26.6 33.7 55.1 57.7 67.0 87.3 109.6 139.0 163.3 115.9 151.8 75.5 53.8 46.4 35.4 31.8 54.9 61.4 80.7 115.3 118.1 136.3 152.4 168.6 182.1
-9999.0 -9999.0 -9999.0 -9999.0 -9999.0 -9999.0 -9999.0 3.7 4.6 6.9 8.2 10.6 12.8 14.9 16.8 13.3 16.0 13.3 12.3 14.7 19.9 24.7 26.4 26.2 26.4 27.2 30.6 33.3 36.1 41.7 44.4 47.4 49.9 54.1 58.6 56.0 61.2 56.9 60.6 58.2 38.1 53.9 47.6 36.8 29.3 24.1 26.0 23.4 25.5 23.9 28.3 35.3 44.8 79.1 86.7 79.6 93.3 109.8 150.1 128.6 147.9 82.5 64.7 59.7 64.4 56.0 75.7 102.7 121.1 148.6 155.0 169.0 187.6 202.2 216.3
-9999.0 -9999.0 -9999.0 -9999.0 -9999.0 -9999.0 -9999.0 2.0 4.2 5.0 6.8 8.8 11.0 13.9 15.2 19.7 18.6 19.7 24.3 21.9 22.5 26.4 26.0 27.3 27.8 29.5 31.1 36.7 36.6 39.4 46.8 51.0 54.9 62.3 62.1 65.3 65.1 69.0 67.5 63.2 61.0 57.3 56.6 66.1 48.8 39.7 42.4 42.0 50.7 44.9 59.0 57.1 50.8 63.2 88.7 83.1 95.8 115.0 138.8 149.3 128.4 110.0 95.1 92.8 86.2 86.6 99.1 122.7 173.5 176.8 193.3 202.9 210.4 216.0 226.5
-9999.0 -9999.0 -9999.0 -9999.0 -9999.0 -9999.0 -9999.0 -9999.0 -9999.0 4.3 5.9 7.6 10.1 12.2 13.9 15.4 18.6 24.5 23.3 28.0 26.7 25.8 26.8 28.2 29.5 30.6 33.9 36.8 38.1 46.1 45.3 52.1 57.6 64.9 65.9 70.1 72.7 77.0 75.7 77.0 72.2 71.7 67.3 63.8 67.8 67.2 66.5 63.9 62.3 59.8 61.5 58.6 59.6 66.2 88.4 90.4 99.1 114.6 140.8 143.9 136.4 132.3 123.3 110.2 110.0 107.9 113.7 140.9 207.6 227.4 246.6 237.7 232.5 225.5 214.7
-9999.0 -9999.0 -9999.0 -9999.0 -9999.0 -9999.0 -9999.0 -9999.0 -9999.0 -9999.0 -9999.0 7.5 8.6 12.2 13.9 16.7 18.6 20.3 22.1 25.0 28.7 28.4 30.5 30.6 36.1 35.6 39.0 41.4 43.7 46.1 50.6 59.4 61.6 68.1 72.5 84.0 83.2 87.1 99.4 91.1 93.8 87.1 81.4 78.9 88.6 81.9 90.3 83.2 81.6 76.0 69.0 67.4 69.1 78.3 95.8 105.8 116.7 136.1 147.3 151.7 154.0 133.1 116.7 113.5 122.4 104.8 113.4 166.0 242.9 305.8 317.5 292.9 257.0 235.7 225.4
-9999.0 -9999.0 -9999.0 -9999.0 -9999.0 -9999.0 -9999.0 -9999.0 -9999.0 -9999.0 -9999.0 -9999.0 8.8 10.8 14.7 16.2 21.7 22.2 24.7 30.3 27.3 30.4 32.6 33.3 43.4 38.1 38.6 44.3 46.3 53.8 54.8 59.6 66.0 75.8 82.9 87.6 99.9 98.2 98.7 98.9 99.5 98.6 96.7 99.7 99.2 101.8 104.8 98.2 96.5 92.4 90.7 86.4 83.7 87.0 98.2 114.7 133.1 156.2 155.7 176.1 166.3 163.4 149.3 126.9 113.1 147.4 137.6 212.9 314.9 398.1 398.4 305.3 254.6 224.3 195.5
-9999.0 -9999.0 -9999.0 -9999.0 -9999.0 -9999.0 -9999.0 -9999.0 -9999.0 -9999.0 -9999.0 -9999.0 10.8 11.1 12.9 17.9 18.3 22.1 27.8 29.6 31.9 35.5 37.0 36.9 36.6 40.1 42.2 42.4 47.2 49.3 56.8 65.6 70.2 77.2 86.3 91.9 103.5 109.0 110.3 111.2 109.2 109.1 116.3 109.2 115.3 120.0 114.9 113.8 110.5 110.8 105.9 101.9 98.3 101.0 105.5 120.2 135.4 157.2 169.6 176.7 169.4 155.0 155.6 160.8 112.8 140.0 182.1 295.1 427.7 508.7 493.5 426.8 356.2 245.5 186.0
-9999.0 -9999.0 -9999.0 -9999.0 -9999.0 -9999.0 -9999.0 -9999.0 -9999.0 -9999.0 -9999.0 -9999.0 -9999.0 13.4 17.8 17.2 22.4 23.9 26.5 29.7 33.9 34.9 40.4 39.0 41.6 47.3 48.7 52.6 52.2 54.5 56.6 62.0 73.3 81.6 85.4 94.1 101.8 109.6 124.8 120.6 120.5 124.2 123.9 130.4 125.7 123.3 128.3 131.4 131.2 127.9 122.8 116.4 111.8 119.2 120.1 127.2 139.0 160.4 187.5 191.5 186.1 161.3 157.9 122.8 134.1 156.5 223.0 376.9 525.0 589.5 469.6 389.9 320.4 234.4 192.4
-9999.0 -9999.0 -9999.0 -9999.0 -9999.0 -9999.0 -9999.0 -9999.0 -9999.0 -9999.0 -9999.0 -9999.0 12.6 17.0 19.8 21.0 27.6 29.1 32.3 32.1 35.4 38.6 42.6 44.0 44.9 50.3 49.9 49.4 51.0 54.5 57.6 60.9 73.6 78.9 88.7 94.9 106.1 105.7 109.5 114.5 128.1 137.4 143.9 131.0 136.2 137.8 135.4 134.0 136.9 135.3 132.6 129.7 121.2 123.1 123.2 130.2 148.0 155.2 177.6 180.9 178.1 178.1 156.7 171.8 156.0 196.6 386.5 502.7 570.5 557.4 522.5 404.6 275.0 197.7 156.8
-9999.0 -9999.0 -9999.0 -9999.0 -9999.0 -9999.0 -9999.0 -9999.0 -9999.0 -9999.0 -9999.0 -9999.0 15.9 16.5 20.6 29.0 32.0 30.9 34.2 40.2 40.0 45.8 48.2 49.9 49.5 49.3 49.7 49.7 50.6 51.3 54.3 60.3 70.9 75.1 84.1 93.6 97.5 103.0 105.3 104.3 111.4 116.6 124.5 133.2 139.0 143.3 149.0 145.0 139.9 127.3 124.2 127.2 120.6 120.5 125.3 132.0 146.2 165.1 173.9 192.4 198.9 203.8 146.4 146.7 176.6 339.0 365.3 541.5 567.9 510.7 413.2 309.2 234.8 202.1 184.0
-9999.0 -9999.0 -9999.0 -9999.0 -9999.0 -9999.0 -9999.0 -9999.0 -9999.0 -9999.0 -9999.0 -9999.0 16.0 22.2 23.0 27.8 31.5 40.7 41.5 45.6 53.1 56.6 54.8 58.2 56.9 59.1 56.1 57.8 51.4 51.7 53.6 62.0 64.6 71.7 81.2 90.6 95.6 98.3 97.6 103.9 105.8 107.6 132.3 118.8 136.8 149.2 150.3 137.5 118.9 112.9 112.6 107.0 137.9 145.2 137.6 135.5 152.1 171.1 186.4 175.4 171.6 168.7 221.3 162.4 255.6 407.1 456.3 489.2 468.2 365.0 278.9 261.7 217.2 212.9 279.7
-9999.0 -9999.0 -9999.0 -9999.0 -9999.0 -9999.0 -9999.0 -9999.0 -9999.0 -9999.0 -9999.0 -9999.0 -9999.0 29.6 33.1 33.1 38.4 41.7 49.6 55.1 64.0 61.4 65.7 67.7 63.0 62.2 59.0 55.2 54.8 50.7 55.5 57.8 64.6 70.4 80.3 92.3 96.7 93.7 95.0 95.1 100.5 124.7 138.0 138.5 126.4 129.3 135.7 105.8 118.1 106.1 86.7 114.4 113.0 108.0 140.7 154.3 151.9 166.1 185.9 218.7 203.5 274.7 204.0 191.8 297.3 345.1 382.7 383.3 326.8 267.0 201.6 174.4 195.4 185.7 223.2
-9999.0 -9999.0 -9999.0 -9999.0 -9999.0 -9999.0 -9999.0 -9999.0 -9999.0 -9999.0 -9999.0 -9999.0 -9999.0 27.0 38.9 39.6 49.7 48.6 54.4 61.3 71.9 74.7 77.1 75.7 69.3 68.6 65.4 58.7 55.6 62.3 58.8 59.8 61.9 69.9 80.8 88.1 89.7 90.4 94.6 109.9 103.8 114.5 124.2 129.6 146.8 125.6 118.9 89.0 87.0 81.4 96.0 73.3 105.2 129.1 149.4 152.7 151.6 167.0 193.3 152.1 206.1 153.7 222.9 261.8 269.6 291.9 307.7 285.9 234.7 171.1 141.9 143.6 158.9 194.2 235.7
-9999.0 -9999.0 -9999.0 -9999.0 -9999.0 -9999.0 -9999.0 -9999.0 -9999.0 -9999.0 -9999.0 -9999.0 -9999.0 -9999.0 -9999.0 47.9 52.0 60.2 63.9 67.8 79.6 80.2 81.9 83.5 83.1 79.1 80.7 70.0 70.4 57.5 58.4 58.4 68.2 73.1 77.8 88.1 93.9 85.2 88.8 94.2 107.7 116.9 120.3 118.2 96.8 82.5 98.5 61.9 79.3 45.8 69.3 112.3 92.8 106.2 90.2 135.9 155.0 126.4 202.4 224.3 140.2 234.5 306.3 275.1 272.1 276.3 262.8 219.4 168.2 147.2 127.4 123.8 173.6 192.9 209.2
-9999.0 -9999.0 -9999.0 -9999.0 -9999.0 -9999.0 -9999.0 -9999.0 -9999.0 -9999.0 -9999.0 -9999.0 -9999.0 -9999.0 -9999.0 -9999.0 -9999.0 49.9 64.3 -9999.0 79.5 93.6 91.6 92.6 95.3 90.4 91.5 80.3 68.4 67.9 60.5 57.5 71.9 68.8 75.0 80.8 90.5 80.4 84.9 88.9 96.1 109.7 107.7 101.5 64.2 68.9 54.8 97.4 54.7 69.2 47.2 70.1 64.9 99.7 117.6 136.0 130.7 182.3 194.2 212.4 184.3 272.3 300.4 286.7 274.5 267.6 239.8 194.0 148.0 131.8 103.5 163.7 174.3 160.7 176.1
-9999.0 -9999.0 -9999.0 -9999.0 -9999.0 -9999.0 -9999.0 -9999.0 -9999.0 -9999.0 -9999.0 -9999.0 -9999.0 -9999.0 -9999.0 -9999.0 -9999.0 -9999.0 -9999.0 -9999.0 -9999.0 103.0 109.6 116.1 109.9 100.8 94.8 86.9 79.0 68.1 64.3 60.1 65.1 71.5 75.9 79.2 79.4 77.8 74.5 69.0 68.0 97.5 102.1 96.3 59.1 76.7 64.3 55.3 97.0 182.4 70.7 113.9 111.9 76.4 96.3 134.4 155.6 151.5 228.3 189.3 192.3 203.3 256.6 255.7 256.4 245.2 214.4 172.3 127.3 117.6 121.4 144.0 138.5 112.4 99.3
-9999.0 -9999.0 -9999.0 -9999.0 -9999.0 -9999.0 -9999.0 -9999.0 -9999.0 -9999.0 -9999.0 -9999.0 -9999.0 -9999.0 -9999.0 -9999.0 -9999.0 -9999.0 -9999.0 -9999.0 -9999.0 -9999.0 -9999.0 115.3 124.1 119.3 112.5 104.3 98.5 83.3 77.4 75.9 85.4 80.6 84.1 82.6 83.3 74.8 77.7 80.3 80.1 90.6 79.9 68.9 58.2 74.0 58.4 58.2 61.4 69.0 68.2 96.7 76.4 82.7 85.0 93.6 134.8 180.6 132.1 183.5 140.6 139.4 149.9 187.6 198.1 209.1 183.8 145.3 137.6 107.5 125.0 113.6 99.5 94.7 58.7
-9999.0 -9999.0 -9999.0 -9999.0 -9999.0 -9999.0 -9999.0 -9999.0 -9999.0 -9999.0 -9999.0 -9999.0 -9999.0 -9999.0 -9999.0 -9999.0 -9999.0 -9999.0 -9999.0 -9999.0 -9999.0 -9999.0 -9999.0 -9999.0 -9999.0 122.3 130.4 136.2 123.1 121.6 100.8 88.3 86.7 89.3 86.0 88.9 95.7 75.2 78.7 68.5 81.2 71.4 57.4 59.2 71.0 83.2 75.5 95.1 77.6 78.2 101.9 90.1 104.1 100.9 96.0 104.3 131.4 139.8 182.5 174.8 149.1 131.9 195.2 161.9 168.0 173.9 160.1 149.8 130.3 112.7 85.8 74.7 51.4 70.9 64.2
-9999.0 -9999.0 -9999.0 -9999.0 -9999.0 -9999.0 -9999.0 -9999.0 -9999.0 -9999.0 -9999.0 -9999.0 -9999.0 -9999.0 -9999.0 -9999.0 -9999.0 -9999.0 -9999.0 -9999.0 -9999.0 -9999.0 -9999.0 -9999.0 -9999.0 -9999.0 -9999.0 127.7 122.8 121.5 111.9 105.1 112.4 97.2 97.7 87.0 81.4 73.6 65.9 63.4 69.0 60.9 65.4 79.2 85.1 93.8 102.2 106.4 108.4 96.9 104.8 106.2 99.0 102.5 109.5 125.6 139.7 153.1 174.5 153.1 141.3 132.8 126.0 139.5 163.6 165.4 144.2 108.4 83.2 65.0 51.4 59.4 35.4 53.7 40.3
-9999.0 -9999.0 -9999.0 -9999.0 -9999.0 -9999.0 -9999.0 -9999.0 -9999.0 -9999.0 -9999.0 -9999.0 -9999.0 -9999.0 -9999.0 -9999.0 -9999.0 -9999.0 -9999.0 -9999.0 -9999.0 -9999.0 -9999.0 -9999.0 -9999.0 -9999.0 -9999.0 -9999.0 -9999.0 -9999.0 -9999.0 -9999.0 -9999.0 109.8 107.2 -9999.0 -9999.0 -9999.0 78.5 68.8 69.9 74.7 74.5 94.4 103.5 108.3 -9999.0 -9999.0 -9999.0 -9999.0 -9999.0 -9999.0 109.8 125.2 125.4 145.4 165.4 181.0 174.6 156.5 135.1 131.6 118.1 133.4 149.5 157.0 141.7 111.3 73.5 42.8 31.9 45.1 58.6 44.6 65.3
-9999.0 -9999.0 -9999.0 -9999.0 -9999.0 -9999.0 -9999.0 -9999.0 -9999.0 -9999.0 -9999.0 -9999.0 -9999.0 -9999.0 -9999.0 -9999.0 -9999.0 -9999.0 -9999.0 -9999.0 -9999.0 -9999.0 -9999.0 -9999.0 -9999.0 -9999.0 -9999.0 -9999.0 -9999.0 -9999.0 -9999.0 -9999.0 -9999.0 -9999.0 -9999.0 -9999.0 -9999.0 -9999.0 -9999.0 100.4 100.7 103.1 107.1 111.8 -9999.0 -9999.0 -9999.0 -9999.0 -9999.0 -9999.0 -9999.0 -9999.0 122.6 152.7 145.2 150.5 171.2 181.5 173.4 151.4 126.9 124.0 125.3 120.9 147.5 166.4 160.1 107.9 66.4 51.1 44.7 49.7 49.9 75.3 50.3
-9999.0 -9999.0 -9999.0 -9999.0 -9999.0 -9999.0 -9999.0 -9999.0 -9999.0 -9999.0 -9999.0 -9999.0 -9999.0 -9999.0 -9999.0 -9999.0 -9999.0 -9999.0 -9999.0 -9999.0 -9999.0 -9999.0 -9999.0 -9999.0 -9999.0 -9999.0 -9999.0 -9999.0 -9999.0 -9999.0 -9999.0 -9999.0 -9999.0 -9999.0 -9999.0 -9999.0 -9999.0 -9999.0 -9999.0 -9999.0 -9999.0 -9999.0 -9999.0 -9999.0 -9999.0 -9999.0 -9999.0 -9999.0 -9999.0 -9999.0 -9999.0 -9999.0 113.8 180.4 159.8 181.4 166.2 172.3 170.8 159.4 128.2 117.8 194.0 122.1 146.1 161.2 140.4 108.1 76.0 57.6 53.8 64.4 110.4 90.5 92.3
-9999.0 -9999.0 -9999.0 -9999.0 -9999.0 -9999.0 -9999.0 -9999.0 -9999.0 -9999.0 -9999.0 -9999.0 -9999.0 -9999.0 -9999.0 -9999.0 -9999.0 -9999.0 -9999.0 -9999.0 -9999.0 -9999.0 -9999.0 -9999.0 -9999.0 -9999.0 -9999.0 -9999.0 -9999.0 -9999.0 -9999.0 -9999.0 -9999.0 -9999.0 -9999.0 -9999.0 -9999.0 -9999.0 -9999.0 -9999.0 -9999.0 -9999.0 -9999.0 -9999.0 -9999.0 -9999.0 -9999.0 -9999.0 -9999.0 -9999.0 -9999.0 160.9 163.0 197.3 139.5 157.9 154.4 174.9 168.6 124.4 165.4 149.9 116.6 130.2 148.5 159.3 127.4 67.6 82.5 64.5 65.2 77.1 72.7 63.2 79.0
-9999.0 -9999.0 -9999.0 -9999.0 -9999.0 -9999.0 -9999.0 -9999.0 -9999.0 -9999.0 -9999.0 -9999.0 -9999.0 -9999.0 -9999.0 -9999.0 -9999.0 -9999.0 -9999.0 -9999.0 -9999.0 -9999.0 -9999.0 -9999.0 -9999.0 -9999.0 -9999.0 -9999.0 -9999.0 -9999.0 -9999.0 -9999.0 -9999.0 -9999.0 -9999.0 -9999.0 -9999.0 -9999.0 -9999.0 -9999.0 -9999.0 -9999.0 -9999.0 -9999.0 -9999.0 -9999.0 -9999.0 -9999.0 -9999.0 -9999.0 197.2 223.4 222.3 220.7 179.6 174.7 142.7 134.7 151.0 163.6 141.3 159.4 127.4 143.3 152.7 147.4 139.3 86.3 94.0 70.3 79.6 71.7 74.2 99.5 123.2
-9999.0 -9999.0 -9999.0 -9999.0 -9999.0 -9999.0 -9999.0 -9999.0 -9999.0 -9999.0 -9999.0 -9999.0 -9999.0 -9999.0 -9999.0 -9999.0 -9999.0 -9999.0 -9999.0 -9999.0 -9999.0 -9999.0 -9999.0 -9999.0 -9999.0 -9999.0 -9999.0 -9999.0 -9999.0 -9999.0 -9999.0 -9999.0 -9999.0 -9999.0 -9999.0 -9999.0 -9999.0 -9999.0 -9999.0 -9999.0 -9999.0 -9999.0 -9999.0 -9999.0 -9999.0 -9999.0 -9999.0 -9999.0 -9999.0 -9999.0 235.5 293.0 252.8 253.5 232.8 190.2 139.9 170.5 164.3 138.5 114.9 118.1 105.3 131.2 150.2 108.7 106.4 76.5 84.7 81.6 90.7 94.9 95.2 90.8 89.0
-9999.0 -9999.0 -9999.0 -9999.0 -9999.0 -9999.0 -9999.0 -9999.0 -9999.0 -9999.0 -9999.0 -9999.0 -9999.0 -9999.0 -9999.0 -9999.0 -9999.0 -9999.0 -9999.0 -9999.0 -9999.0 -9999.0 -9999.0 -9999.0 -9999.0 -9999.0 -9999.0 -9999.0 -9999.0 -9999.0 -9999.0 -9999.0 -9999.0 -9999.0 -9999.0 -9999.0 -9999.0 -9999.0 -9999.0 -9999.0 -9999.0 -9999.0 -9999.0 -9999.0 -9999.0 -9999.0 -9999.0 -9999.0 -9999.0 -9999.0 256.8 300.6 275.9 318.5 236.4 200.6 231.8 187.8 184.1 127.8 122.3 127.8 125.4 121.7 148.4 130.9 100.3 88.6 92.9 115.6 109.3 146.0 98.0 120.2 82.1
-9999.0 -9999.0 -9999.0 -9999.0 -9999.0 -9999.0 -9999.0 -9999.0 -9999.0 -9999.0 -9999.0 -9999.0 -9999.0 -9999.0 -9999.0 -9999.0 -9999.0 -9999.0 -9999.0 -9999.0 -9999.0 -9999.0 -9999.0 -9999.0 -9999.0 -9999.0 -9999.0 -9999.0 -9999.0 -9999.0 -9999.0 -9999.0 -9999.0 -9999.0 -9999.0 -9999.0 -9999.0 -9999.0 -9999.0 -9999.0 -9999.0 -9999.0 -9999.0 -9999.0 -9999.0 -9999.0 -9999.0 -9999.0 -9999.0 -9999.0 335.1 366.8 329.2 314.5 275.5 275.6 185.1 216.5 202.3 145.1 151.9 140.6 109.7 149.1 172.7 161.1 150.9 124.6 134.7 112.8 128.6 121.2 113.7 115.4 76.0
-9999.0 -9999.0 -9999.0 -9999.0 -9999.0 -9999.0 -9999.0 -9999.0 -9999.0 -9999.0 -9999.0 -9999.0 -9999.0 -9999.0 -9999.0 -9999.0 -9999.0 -9999.0 -9999.0 -9999.0 -9999.0 -9999.0 -9999.0 -9999.0 -9999.0 -9999.0 -9999.0 -9999.0 -9999.0 -9999.0 -9999.0 -9999.0 -9999.0 -9999.0 -9999.0 -9999.0 -9999.0 -9999.0 -9999.0 -9999.0 -9999.0 -9999.0 -9999.0 -9999.0 -9999.0 -9999.0 -9999.0 -9999.0 -9999.0 -9999.0 -9999.0 -9999.0 -9999.0 280.6 239.6 220.5 232.4 253.7 193.8 189.8 286.5 167.5 252.3 219.2 215.1 194.1 194.8 148.6 153.7 153.2 141.5 114.4 89.9 78.3 79.1
-9999.0 -9999.0 -9999.0 -9999.0 -9999.0 -9999.0 -9999.0 -9999.0 -9999.0 -9999.0 -9999.0 -9999.0 -9999.0 -9999.0 -9999.0 -9999.0 -9999.0 -9999.0 -9999.0 -9999.0 -9999.0 -9999.0 -9999.0 -9999.0 -9999.0 -9999.0 -9999.0 -9999.0 -9999.0 -9999.0 -9999.0 -9999.0 -9999.0 -9999.0 -9999.0 -9999.0 -9999.0 -9999.0 -9999.0 -9999.0 -9999.0 -9999.0 -9999.0 -9999.0 -9999.0 -9999.0 -9999.0 -9999.0 -9999.0 -9999.0 -9999.0 -9999.0 -9999.0 271.0 219.6 330.8 234.6 228.8 269.3 345.6 290.6 269.7 361.3 320.2 305.7 269.8 226.7 222.3 180.7 168.5 143.8 112.8 91.9 82.5 85.2
-9999.0 -9999.0 -9999.0 -9999.0 -9999.0 -9999.0 -9999.0 -9999.0 -9999.0 -9999.0 -9999.0 -9999.0 -9999.0 -9999.0 -9999.0 -9999.0 -9999.0 -9999.0 -9999.0 -9999.0 -9999.0 -9999.0 -9999.0 -9999.0 -9999.0 -9999.0 -9999.0 -9999.0 -9999.0 -9999.0 -9999.0 -9999.0 -9999.0 -9999.0 -9999.0 -9999.0 -9999.0 -9999.0 -9999.0 -9999.0 -9999.0 -9999.0 -9999.0 -9999.0 -9999.0 -9999.0 -9999.0 -9999.0 -9999.0 -9999.0 -9999.0 -9999.0 -9999.0 269.4 188.2 268.4 267.6 267.7 316.6 344.8 421.5 433.3 501.6 499.9 424.8 -9999.0 -9999.0 -9999.0 249.9 201.5 176.2 155.2 125.9 103.5 113.1
-9999.0 -9999.0 -9999.0 -9999.0 -9999.0 -9999.0 -9999.0 -9999.0 -9999.0 -9999.0 -9999.0 -9999.0 -9999.0 -9999.0 -9999.0 -9999.0 -9999.0 -9999.0 -9999.0 -9999.0 -9999.0 -9999.0 -9999.0 -9999.0 -9999.0 -9999.0 -9999.0 -9999.0 -9999.0 -9999.0 -9999.0 -9999.0 -9999.0 -9999.0 -9999.0 -9999.0 -9999.0 -9999.0 -9999.0 -9999.0 -9999.0 -9999.0 -9999.0 -9999.0 -9999.0 -9999.0 -9999.0 -9999.0 -9999.0 -9999.0 -9999.0 -9999.0 -9999.0 -9999.0 260.3 263.0 232.6 252.0 364.9 467.9 406.0 -9999.0 -9999.0 -9999.0 -9999.0 -9999.0 -9999.0 -9999.0 299.9 275.2 275.3 204.1 159.7 140.5 136.0
-9999.0 -9999.0 -9999.0 -9999.0 -9999.0 -9999.0 -9999.0 -9999.0 -9999.0 -9999.0 -9999.0 -9999.0 -9999.0 -9999.0 -9999.0 -9999.0 -9999.0 -9999.0 -9999.0 -9999.0 -9999.0 -9999.0 -9999.0 -9999.0 -9999.0 -9999.0 -9999.0 -9999.0 -9999.0 -9999.0 -9999.0 -9999.0 -9999.0 -9999.0 -9999.0 -9999.0 -9999.0 -9999.0 -9999.0 -9999.0 -9999.0 -9999.0 -9999.0 -9999.0 -9999.0 -9999.0 -9999.0 -9999.0 -9999.0 -9999.0 -9999.0 -9999.0 -9999.0 -9999.0 -9999.0 261.6 383.6 326.4 341.0 447.0 491.4 -9999.0 -9999.0 -9999.0 -9999.0 -9999.0 -9999.0 -9999.0 -9999.0 -9999.0 299.8 -9999.0 -9999.0 -9999.0 -9999.0
