program/excelProcessViaJava/data/SURF_CLI_CHN_PRE_MON_GRID_0.5-199908.txt
NCOLS      128
NROWS       72
XLLCORNER    72.000000000000    
YLLCORNER    18.000000000000    
CELLSIZE    0.50000000000000    
NODATA_VALUE   -9999.000    
[rows 33 to 65 of 72, columns 0 to 74 of 128]
-9999.0 -9999.0 -9999.0 -9999.0 54.1 76.9 97.5 57.7 51.8 17.6 25.7 22.7 20.8 17.6 18.1 18.2 15.8 12.9 10.5 9.2 8.8 9.1 10.1 11.5 13.2 15.4 18.0 68.2 32.3 37.0 41.2 36.5 34.3 39.5 27.4 26.3 22.9 52.4 44.6 25.0 11.4 8.6 10.1 11.0 13.0 14.9 17.9 24.4 29.7 23.3 26.6 57.1 93.4 134.1 99.2 108.1 103.7 123.4 108.3 120.8 99.8 67.8 46.6 21.8 13.7 19.4 27.0 24.2 39.5 43.4 48.9 54.6 50.1 41.3 36.0
-9999.0 -9999.0 -9999.0 -9999.0 83.3 65.8 102.3 59.0 122.2 112.5 45.4 92.3 66.5 65.5 30.9 28.4 24.8 15.3 10.4 8.7 9.2 9.9 11.4 19.0 42.1 62.0 39.8 40.8 38.1 37.8 36.8 42.0 35.5 34.8 36.9 32.1 42.7 55.5 38.3 25.3 46.5 18.4 18.1 15.0 15.6 15.8 15.4 14.8 14.4 15.6 17.3 24.9 76.6 75.4 83.2 102.9 110.0 117.9 121.6 87.2 100.5 62.5 40.2 28.9 19.0 16.7 29.4 28.2 31.8 47.4 45.7 53.3 52.1 45.9 39.6
-9999.0 -9999.0 -9999.0 -9999.0 -9999.0 -9999.0 -9999.0 78.4 102.4 81.7 135.5 130.6 83.9 91.0 85.9 31.0 42.7 23.9 17.5 21.3 36.0 50.7 51.5 45.4 41.2 38.9 42.0 42.3 41.8 45.9 43.5 41.6 39.4 41.5 46.6 40.5 54.2 51.6 72.5 83.1 46.4 108.4 100.9 67.2 39.0 21.6 25.4 19.9 21.6 14.0 12.8 17.9 38.1 123.5 125.8 91.9 93.1 94.8 129.0 102.6 111.3 68.6 44.8 32.9 31.2 24.8 31.8 36.0 30.8 34.6 35.3 42.5 50.8 52.6 50.5
-9999.0 -9999.0 -9999.0 -9999.0 -9999.0 -9999.0 -9999.0 156.1 76.2 115.9 130.4 105.2 115.5 138.9 103.3 142.2 84.2 72.4 92.3 57.2 50.1 59.0 48.3 46.0 41.7 40.7 39.0 45.0 38.1 36.4 41.7 41.4 40.6 47.2 41.6 44.6 44.6 56.7 62.2 65.8 77.7 86.0 96.7 130.0 70.7 39.9 42.0 37.7 55.6 38.5 76.5 67.3 40.4 69.0 119.9 92.1 97.3 106.8 119.6 119.0 95.6 79.9 57.5 47.1 37.3 35.2 35.5 32.4 37.1 24.3 28.8 35.6 44.2 54.2 54.3
-9999.0 -9999.0 -9999.0 -9999.0 -9999.0 -9999.0 -9999.0 -9999.0 -9999.0 119.1 113.9 103.5 134.5 124.6 104.2 88.9 97.5 134.5 87.6 101.7 71.2 53.0 47.6 44.8 42.1 39.2 40.9 40.5 37.0 43.6 35.4 37.9 38.5 42.5 38.2 40.2 42.3 50.5 52.6 64.1 67.5 83.2 85.1 78.4 85.4 75.8 66.9 56.0 51.5 46.7 54.6 46.7 45.8 54.9 99.7 84.7 83.5 90.1 110.4 101.6 91.5 91.0 83.4 54.5 49.7 42.7 36.8 31.2 39.0 28.2 32.7 35.3 38.9 51.5 74.3
-9999.0 -9999.0 -9999.0 -9999.0 -9999.0 -9999.0 -9999.0 -9999.0 -9999.0 -9999.0 -9999.0 146.0 91.2 140.6 114.1 114.7 100.0 86.1 75.7 73.9 77.2 59.2 56.1 47.0 56.1 46.7 47.9 46.2 43.5 40.6 40.1 44.9 40.0 41.1 40.3 51.5 45.5 49.4 75.6 60.3 75.0 73.5 73.4 72.3 96.8 71.0 90.2 64.2 63.0 52.2 37.2 37.8 43.1 62.0 94.2 92.1 86.3 100.3 97.3 91.8 97.1 81.1 71.9 64.0 62.5 44.6 30.3 30.1 35.2 36.9 39.1 42.6 38.3 41.3 49.6
-9999.0 -9999.0 -9999.0 -9999.0 -9999.0 -9999.0 -9999.0 -9999.0 -9999.0 -9999.0 -9999.0 -9999.0 100.1 95.9 126.5 101.0 132.2 96.0 86.8 102.2 60.4 59.8 56.2 48.8 74.5 48.1 43.9 49.1 46.5 51.9 45.2 43.8 43.8 48.1 49.6 48.8 63.3 54.0 51.6 50.5 53.3 59.6 66.5 80.0 80.4 83.4 87.1 61.8 58.6 53.1 62.1 56.2 48.0 49.9 69.0 90.6 104.3 128.2 83.9 113.8 96.3 108.2 100.7 77.1 61.0 66.5 38.1 35.8 38.1 42.2 38.6 32.8 30.2 37.4 57.3
-9999.0 -9999.0 -9999.0 -9999.0 -9999.0 -9999.0 -9999.0 -9999.0 -9999.0 -9999.0 -9999.0 -9999.0 154.2 88.2 77.5 108.3 76.2 79.8 95.4 80.7 71.4 71.1 62.5 52.2 45.7 48.8 48.9 46.2 49.0 47.2 49.8 53.3 50.2 49.9 52.7 52.4 62.7 65.9 62.6 59.7 55.1 58.2 79.0 71.5 88.5 101.8 82.7 71.9 53.9 61.1 54.6 57.5 48.7 61.0 58.9 85.6 90.9 112.5 95.5 94.6 91.0 90.3 106.9 115.3 63.6 60.9 36.4 31.0 32.3 40.6 56.1 83.9 100.4 74.3 92.0
-9999.0 -9999.0 -9999.0 -9999.0 -9999.0 -9999.0 -9999.0 -9999.0 -9999.0 -9999.0 -9999.0 -9999.0 -9999.0 107.3 131.4 75.8 93.4 75.0 67.7 64.3 65.8 55.2 63.0 50.4 51.7 61.4 60.8 65.0 59.5 58.0 55.6 55.0 58.4 59.1 55.9 58.6 62.6 69.1 94.7 78.8 74.1 80.1 81.4 101.1 95.0 92.6 104.1 108.7 103.0 89.8 79.7 63.6 59.1 102.0 92.5 93.5 95.0 121.8 170.1 145.8 137.8 108.5 115.8 67.5 76.8 61.6 55.2 46.5 50.1 52.4 41.7 44.3 62.7 75.0 107.3
-9999.0 -9999.0 -9999.0 -9999.0 -9999.0 -9999.0 -9999.0 -9999.0 -9999.0 -9999.0 -9999.0 -9999.0 109.0 137.9 120.2 86.2 113.8 88.3 80.6 58.1 55.8 54.7 57.1 54.4 53.8 64.2 62.8 62.4 64.1 66.0 65.8 65.0 67.4 65.2 66.9 68.2 77.2 76.4 79.1 81.5 100.4 116.3 129.9 97.0 113.7 124.6 122.7 113.6 117.9 114.0 121.2 125.6 90.0 99.4 86.0 89.7 121.6 91.7 139.5 130.8 142.6 161.4 123.6 139.8 81.3 74.3 83.9 66.6 74.0 88.5 91.5 78.2 55.3 41.6 52.0
-9999.0 -9999.0 -9999.0 -9999.0 -9999.0 -9999.0 -9999.0 -9999.0 -9999.0 -9999.0 -9999.0 -9999.0 125.3 73.9 82.9 136.0 114.2 69.9 64.7 72.5 54.9 61.9 59.9 59.1 57.5 59.8 64.7 69.1 73.4 76.5 78.8 79.1 78.5 78.4 78.6 80.8 85.4 91.9 95.2 90.5 91.0 89.2 94.4 108.4 126.0 147.5 177.3 177.4 171.1 134.3 131.3 144.5 112.8 95.3 88.6 78.3 103.3 134.2 135.6 187.6 214.1 234.9 107.7 81.6 84.4 136.4 94.4 82.8 74.8 81.4 84.0 74.8 62.3 71.7 82.6
-9999.0 -9999.0 -9999.0 -9999.0 -9999.0 -9999.0 -9999.0 -9999.0 -9999.0 -9999.0 -9999.0 -9999.0 58.3 100.0 63.9 71.3 67.4 96.6 71.3 68.3 81.9 79.3 62.0 67.7 65.0 74.5 75.3 84.2 85.1 91.1 95.7 94.8 98.1 99.7 98.3 97.9 103.2 110.2 113.2 114.5 108.0 98.8 126.6 102.9 139.3 185.8 212.9 202.9 178.7 178.8 178.2 153.3 210.9 206.3 145.7 85.0 110.5 145.2 177.6 155.0 163.4 167.1 281.9 101.4 125.1 166.5 114.3 83.7 74.1 68.7 70.2 90.0 80.5 83.5 159.5
-9999.0 -9999.0 -9999.0 -9999.0 -9999.0 -9999.0 -9999.0 -9999.0 -9999.0 -9999.0 -9999.0 -9999.0 -9999.0 130.6 108.8 65.5 68.8 60.5 74.0 75.8 97.0 66.9 73.1 76.5 66.7 73.6 79.4 87.3 97.1 108.3 111.5 117.1 116.9 121.7 118.3 115.9 122.3 133.0 136.9 133.7 127.5 146.7 162.1 159.5 147.7 173.8 216.7 185.4 237.2 228.6 193.2 223.5 191.2 140.7 179.7 173.0 111.5 130.8 180.5 274.0 246.3 437.0 247.9 116.7 166.7 118.6 88.9 72.9 65.8 76.0 80.4 80.2 89.8 60.2 63.8
-9999.0 -9999.0 -9999.0 -9999.0 -9999.0 -9999.0 -9999.0 -9999.0 -9999.0 -9999.0 -9999.0 -9999.0 -9999.0 34.8 91.6 57.7 86.7 52.2 54.3 60.8 85.9 80.7 80.6 74.0 63.9 74.5 84.2 93.7 107.4 118.7 126.7 134.3 144.7 143.4 136.2 137.3 146.2 154.9 157.7 165.9 152.9 153.4 159.3 170.6 225.2 201.8 218.7 190.7 215.1 219.9 242.9 182.6 211.6 228.0 238.2 197.1 146.4 158.8 215.1 141.0 263.3 148.8 173.7 231.4 160.3 104.4 82.4 77.3 84.0 96.7 109.9 112.6 101.1 87.6 76.5
-9999.0 -9999.0 -9999.0 -9999.0 -9999.0 -9999.0 -9999.0 -9999.0 -9999.0 -9999.0 -9999.0 -9999.0 -9999.0 -9999.0 -9999.0 51.1 44.5 54.4 47.0 42.8 65.9 55.6 56.1 62.6 70.7 76.4 97.5 100.1 117.0 130.5 142.9 157.2 152.7 155.6 159.3 152.5 156.9 170.3 170.0 168.1 173.1 178.8 179.6 180.7 163.9 156.2 205.9 153.0 215.1 148.9 202.3 277.2 207.4 205.1 141.2 194.6 199.1 127.8 264.6 316.2 138.6 186.3 306.5 262.8 199.0 141.2 111.4 108.5 125.9 150.5 161.5 152.3 143.9 123.4 107.4
-9999.0 -9999.0 -9999.0 -9999.0 -9999.0 -9999.0 -9999.0 -9999.0 -9999.0 -9999.0 -9999.0 -9999.0 -9999.0 -9999.0 -9999.0 -9999.0 -9999.0 6.9 16.5 -9999.0 26.4 50.4 41.9 47.8 65.3 71.5 95.4 100.1 114.6 132.5 153.7 181.2 162.7 196.0 199.1 166.2 160.6 165.2 164.1 164.4 167.4 183.7 180.9 179.7 152.4 156.0 119.2 243.1 158.4 201.1 128.6 178.7 139.8 211.8 226.1 235.6 190.8 274.9 277.2 311.8 152.2 230.2 306.9 308.4 249.3 189.2 156.0 152.1 174.8 192.7 188.0 188.1 175.4 153.6 148.2
-9999.0 -9999.0 -9999.0 -9999.0 -9999.0 -9999.0 -9999.0 -9999.0 -9999.0 -9999.0 -9999.0 -9999.0 -9999.0 -9999.0 -9999.0 -9999.0 -9999.0 -9999.0 -9999.0 -9999.0 -9999.0 28.9 40.4 62.7 55.8 54.4 68.9 87.0 108.7 134.5 157.3 195.5 207.3 199.3 190.8 157.6 148.3 143.6 140.3 136.7 136.8 172.6 185.6 186.6 160.8 180.8 137.2 144.5 258.5 497.7 183.8 291.7 271.1 165.3 200.7 263.9 282.7 238.1 409.4 284.1 175.8 199.0 272.4 301.5 284.8 221.6 185.5 177.9 193.7 202.6 198.7 196.3 180.0 156.6 151.1
-9999.0 -9999.0 -9999.0 -9999.0 -9999.0 -9999.0 -9999.0 -9999.0 -9999.0 -9999.0 -9999.0 -9999.0 -9999.0 -9999.0 -9999.0 -9999.0 -9999.0 -9999.0 -9999.0 -9999.0 -9999.0 -9999.0 -9999.0 19.1 36.4 44.2 56.7 74.9 98.8 119.4 141.6 156.8 152.6 158.4 146.6 136.7 132.1 120.0 127.1 134.8 139.0 162.3 155.8 158.7 160.7 159.8 143.3 138.3 127.9 130.8 145.0 235.9 156.9 181.5 177.6 167.6 256.7 339.5 174.2 298.8 184.8 198.5 205.5 234.7 238.6 221.7 188.8 175.8 175.6 188.6 201.4 191.5 168.3 156.3 128.4
-9999.0 -9999.0 -9999.0 -9999.0 -9999.0 -9999.0 -9999.0 -9999.0 -9999.0 -9999.0 -9999.0 -9999.0 -9999.0 -9999.0 -9999.0 -9999.0 -9999.0 -9999.0 -9999.0 -9999.0 -9999.0 -9999.0 -9999.0 -9999.0 -9999.0 23.4 37.5 81.3 88.8 111.6 116.7 134.3 142.6 133.0 123.7 115.7 127.2 98.3 110.6 102.1 130.6 124.8 134.3 146.9 156.9 165.6 154.5 172.9 178.9 148.7 243.4 198.3 241.1 227.3 175.9 187.9 250.9 236.6 332.9 301.2 252.7 227.5 371.4 240.6 232.5 215.0 174.0 160.0 173.5 194.2 195.0 183.9 143.7 148.0 136.6
-9999.0 -9999.0 -9999.0 -9999.0 -9999.0 -9999.0 -9999.0 -9999.0 -9999.0 -9999.0 -9999.0 -9999.0 -9999.0 -9999.0 -9999.0 -9999.0 -9999.0 -9999.0 -9999.0 -9999.0 -9999.0 -9999.0 -9999.0 -9999.0 -9999.0 -9999.0 -9999.0 34.2 48.7 69.1 87.8 102.1 106.8 107.9 94.1 100.1 76.0 71.9 74.5 76.9 95.9 99.8 126.7 148.1 157.4 166.9 176.5 181.8 185.1 170.1 184.1 190.1 195.9 192.7 202.5 241.2 220.4 226.8 312.3 252.1 230.5 256.5 211.2 205.7 207.4 195.0 171.6 152.8 163.6 186.8 195.0 201.0 144.3 145.3 134.9
-9999.0 -9999.0 -9999.0 -9999.0 -9999.0 -9999.0 -9999.0 -9999.0 -9999.0 -9999.0 -9999.0 -9999.0 -9999.0 -9999.0 -9999.0 -9999.0 -9999.0 -9999.0 -9999.0 -9999.0 -9999.0 -9999.0 -9999.0 -9999.0 -9999.0 -9999.0 -9999.0 -9999.0 -9999.0 -9999.0 -9999.0 -9999.0 -9999.0 76.8 67.3 -9999.0 -9999.0 -9999.0 74.6 65.2 82.6 103.3 115.2 142.9 157.2 166.4 -9999.0 -9999.0 -9999.0 -9999.0 -9999.0 -9999.0 207.0 253.9 217.3 226.2 246.0 251.6 265.0 259.6 258.3 274.1 220.9 209.1 203.7 194.5 174.3 165.8 181.4 197.6 193.4 205.6 190.3 154.3 174.2
-9999.0 -9999.0 -9999.0 -9999.0 -9999.0 -9999.0 -9999.0 -9999.0 -9999.0 -9999.0 -9999.0 -9999.0 -9999.0 -9999.0 -9999.0 -9999.0 -9999.0 -9999.0 -9999.0 -9999.0 -9999.0 -9999.0 -9999.0 -9999.0 -9999.0 -9999.0 -9999.0 -9999.0 -9999.0 -9999.0 -9999.0 -9999.0 -9999.0 -9999.0 -9999.0 -9999.0 -9999.0 -9999.0 -9999.0 91.1 99.5 110.8 123.3 136.0 -9999.0 -9999.0 -9999.0 -9999.0 -9999.0 -9999.0 -9999.0 -9999.0 233.4 308.1 267.0 246.5 257.6 272.6 278.3 272.7 261.8 275.1 269.7 224.1 228.5 212.9 197.7 189.4 204.2 226.8 237.4 216.4 179.9 201.7 198.0
-9999.0 -9999.0 -9999.0 -9999.0 -9999.0 -9999.0 -9999.0 -9999.0 -9999.0 -9999.0 -9999.0 -9999.0 -9999.0 -9999.0 -9999.0 -9999.0 -9999.0 -9999.0 -9999.0 -9999.0 -9999.0 -9999.0 -9999.0 -9999.0 -9999.0 -9999.0 -9999.0 -9999.0 -9999.0 -9999.0 -9999.0 -9999.0 -9999.0 -9999.0 -9999.0 -9999.0 -9999.0 -9999.0 -9999.0 -9999.0 -9999.0 -9999.0 -9999.0 -9999.0 -9999.0 -9999.0 -9999.0 -9999.0 -9999.0 -9999.0 -9999.0 -9999.0 211.7 357.9 301.5 337.9 289.6 295.2 297.0 298.2 261.7 262.4 437.1 259.5 260.0 237.9 228.4 227.2 234.6 246.8 246.8 228.1 262.1 230.6 254.3
-9999.0 -9999.0 -9999.0 -9999.0 -9999.0 -9999.0 -9999.0 -9999.0 -9999.0 -9999.0 -9999.0 -9999.0 -9999.0 -9999.0 -9999.0 -9999.0 -9999.0 -9999.0 -9999.0 -9999.0 -9999.0 -9999.0 -9999.0 -9999.0 -9999.0 -9999.0 -9999.0 -9999.0 -9999.0 -9999.0 -9999.0 -9999.0 -9999.0 -9999.0 -9999.0 -9999.0 -9999.0 -9999.0 -9999.0 -9999.0 -9999.0 -9999.0 -9999.0 -9999.0 -9999.0 -9999.0 -9999.0 -9999.0 -9999.0 -9999.0 -9999.0 255.2 288.0 376.5 268.3 311.9 311.7 349.6 327.0 225.9 362.4 338.0 262.3 284.2 284.0 272.4 256.1 234.6 256.4 254.4 246.5 232.4 203.4 207.3 257.9
-9999.0 -9999.0 -9999.0 -9999.0 -9999.0 -9999.0 -9999.0 -9999.0 -9999.0 -9999.0 -9999.0 -9999.0 -9999.0 -9999.0 -9999.0 -9999.0 -9999.0 -9999.0 -9999.0 -9999.0 -9999.0 -9999.0 -9999.0 -9999.0 -9999.0 -9999.0 -9999.0 -9999.0 -9999.0 -9999.0 -9999.0 -9999.0 -9999.0 -9999.0 -9999.0 -9999.0 -9999.0 -9999.0 -9999.0 -9999.0 -9999.0 -9999.0 -9999.0 -9999.0 -9999.0 -9999.0 -9999.0 -9999.0 -9999.0 -9999.0 236.1 342.2 376.0 400.5 332.0 351.0 306.5 286.8 329.5 379.6 319.8 372.7 290.4 307.0 290.4 272.6 265.3 248.4 269.0 249.2 249.1 210.2 202.8 238.9 289.6
-9999.0 -9999.0 -9999.0 -9999.0 -9999.0 -9999.0 -9999.0 -9999.0 -9999.0 -9999.0 -9999.0 -9999.0 -9999.0 -9999.0 -9999.0 -9999.0 -9999.0 -9999.0 -9999.0 -9999.0 -9999.0 -9999.0 -9999.0 -9999.0 -9999.0 -9999.0 -9999.0 -9999.0 -9999.0 -9999.0 -9999.0 -9999.0 -9999.0 -9999.0 -9999.0 -9999.0 -9999.0 -9999.0 -9999.0 -9999.0 -9999.0 -9999.0 -9999.0 -9999.0 -9999.0 -9999.0 -9999.0 -9999.0 -9999.0 -9999.0 252.9 440.5 376.7 430.5 420.4 358.9 254.2 388.8 405.7 350.6 293.0 302.7 259.4 277.6 272.3 225.8 234.6 231.2 256.1 248.8 249.9 240.4 235.0 240.6 271.1
-9999.0 -9999.0 -9999.0 -9999.0 -9999.0 -9999.0 -9999.0 -9999.0 -9999.0 -9999.0 -9999.0 -9999.0 -9999.0 -9999.0 -9999.0 -9999.0 -9999.0 -9999.0 -9999.0 -9999.0 -9999.0 -9999.0 -9999.0 -9999.0 -9999.0 -9999.0 -9999.0 -9999.0 -9999.0 -9999.0 -9999.0 -9999.0 -9999.0 -9999.0 -9999.0 -9999.0 -9999.0 -9999.0 -9999.0 -9999.0 -9999.0 -9999.0 -9999.0 -9999.0 -9999.0 -9999.0 -9999.0 -9999.0 -9999.0 -9999.0 244.6 363.5 363.4 537.3 392.6 338.3 462.1 383.4 433.2 290.1 319.9 325.1 287.9 238.8 248.3 220.4 212.2 229.0 253.4 299.1 270.0 318.2 265.8 286.8 276.7
-9999.0 -9999.0 -9999.0 -9999.0 -9999.0 -9999.0 -9999.0 -9999.0 -9999.0 -9999.0 -9999.0 -9999.0 -9999.0 -9999.0 -9999.0 -9999.0 -9999.0 -9999.0 -9999.0 -9999.0 -9999.0 -9999.0 -9999.0 -9999.0 -9999.0 -9999.0 -9999.0 -9999.0 -9999.0 -9999.0 -9999.0 -9999.0 -9999.0 -9999.0 -9999.0 -9999.0 -9999.0 -9999.0 -9999.0 -9999.0 -9999.0 -9999.0 -9999.0 -9999.0 -9999.0 -9999.0 -9999.0 -9999.0 -9999.0 -9999.0 349.0 477.1 455.8 490.8 449.2 475.9 301.9 393.3 397.2 287.1 337.2 300.9 207.1 242.6 258.0 243.1 255.2 267.9 324.1 262.5 295.6 295.9 300.2 295.8 275.1
-9999.0 -9999.0 -9999.0 -9999.0 -9999.0 -9999.0 -9999.0 -9999.0 -9999.0 -9999.0 -9999.0 -9999.0 -9999.0 -9999.0 -9999.0 -9999.0 -9999.0 -9999.0 -9999.0 -9999.0 -9999.0 -9999.0 -9999.0 -9999.0 -9999.0 -9999.0 -9999.0 -9999.0 -9999.0 -9999.0 -9999.0 -9999.0 -9999.0 -9999.0 -9999.0 -9999.0 -9999.0 -9999.0 -9999.0 -9999.0 -9999.0 -9999.0 -9999.0 -9999.0 -9999.0 -9999.0 -9999.0 -9999.0 -9999.0 -9999.0 -9999.0 -9999.0 -9999.0 407.1 373.7 362.4 383.9 426.7 304.6 316.7 522.0 276.1 383.1 295.2 285.5 272.2 309.3 289.9 349.6 348.7 306.5 275.9 256.6 249.7 265.3
-9999.0 -9999.0 -9999.0 -9999.0 -9999.0 -9999.0 -9999.0 -9999.0 -9999.0 -9999.0 -9999.0 -9999.0 -9999.0 -9999.0 -9999.0 -9999.0 -9999.0 -9999.0 -9999.0 -9999.0 -9999.0 -9999.0 -9999.0 -9999.0 -9999.0 -9999.0 -9999.0 -9999.0 -9999.0 -9999.0 -9999.0 -9999.0 -9999.0 -9999.0 -9999.0 -9999.0 -9999.0 -9999.0 -9999.0 -9999.0 -9999.0 -9999.0 -9999.0 -9999.0 -9999.0 -9999.0 -9999.0 -9999.0 -9999.0 -9999.0 -9999.0 -9999.0 -9999.0 397.0 346.2 564.2 373.1 329.9 388.6 532.8 417.7 351.0 475.9 346.3 331.4 316.4 276.8 367.9 323.0 319.1 284.6 263.1 249.5 253.4 277.9
-9999.0 -9999.0 -9999.0 -9999.0 -9999.0 -9999.0 -9999.0 -9999.0 -9999.0 -9999.0 -9999.0 -9999.0 -9999.0 -9999.0 -9999.0 -9999.0 -9999.0 -9999.0 -9999.0 -9999.0 -9999.0 -9999.0 -9999.0 -9999.0 -9999.0 -9999.0 -9999.0 -9999.0 -9999.0 -9999.0 -9999.0 -9999.0 -9999.0 -9999.0 -9999.0 -9999.0 -9999.0 -9999.0 -9999.0 -9999.0 -9999.0 -9999.0 -9999.0 -9999.0 -9999.0 -9999.0 -9999.0 -9999.0 -9999.0 -9999.0 -9999.0 -9999.0 -9999.0 403.7 287.3 441.9 403.9 351.3 402.6 427.7 530.8 509.5 590.6 561.9 361.5 -9999.0 -9999.0 -9999.0 360.3 310.6 312.7 326.9 332.6 340.8 352.8
-9999.0 -9999.0 -9999.0 -9999.0 -9999.0 -9999.0 -9999.0 -9999.0 -9999.0 -9999.0 -9999.0 -9999.0 -9999.0 -9999.0 -9999.0 -9999.0 -9999.0 -9999.0 -9999.0 -9999.0 -9999.0 -9999.0 -9999.0 -9999.0 -9999.0 -9999.0 -9999.0 -9999.0 -9999.0 -9999.0 -9999.0 -9999.0 -9999.0 -9999.0 -9999.0 -9999.0 -9999.0 -9999.0 -9999.0 -9999.0 -9999.0 -9999.0 -9999.0 -9999.0 -9999.0 -9999.0 -9999.0 -9999.0 -9999.0 -9999.0 -9999.0 -9999.0 -9999.0 -9999.0 404.2 398.2 294.6 272.1 420.5 551.9 395.5 -9999.0 -9999.0 -9999.0 -9999.0 -9999.0 -9999.0 -9999.0 350.7 367.9 414.9 414.3 444.3 460.8 438.9
-9999.0 -9999.0 -9999.0 -9999.0 -9999.0 -9999.0 -9999.0 -9999.0 -9999.0 -9999.0 -9999.0 -9999.0 -9999.0 -9999.0 -9999.0 -9999.0 -9999.0 -9999.0 -9999.0 -9999.0 -9999.0 -9999.0 -9999.0 -9999.0 -9999.0 -9999.0 -9999.0 -9999.0 -9999.0 -9999.0 -9999.0 -9999.0 -9999.0 -9999.0 -9999.0 -9999.0 -9999.0 -9999.0 -9999.0 -9999.0 -9999.0 -9999.0 -9999.0 -9999.0 -9999.0 -9999.0 -9999.0 -9999.0 -9999.0 -9999.0 -9999.0 -9999.0 -9999.0 -9999.0 -9999.0 347.5 516.2 355.9 326.4 441.2 449.8 -9999.0 -9999.0 -9999.0 -9999.0 -9999.0 -9999.0 -9999.0 -9999.0 -9999.0 448.6 -9999.0 -9999.0 -9999.0 -9999.0
