program/excelProcessViaJava/data/SURF_CLI_CHN_PRE_MON_GRID_0.5-198406.txt
NCOLS      128
NROWS       72
XLLCORNER    72.000000000000    
YLLCORNER    18.000000000000    
CELLSIZE    0.50000000000000    
NODATA_VALUE   -9999.000    
[rows 34 to 67 of 72, columns 0 to 74 of 128]
-9999.0 -9999.0 -9999.0 -9999.0 1.3 1.0 5.5 2.3 12.3 12.6 5.4 12.9 10.8 11.8 8.1 8.9 9.5 8.7 8.5 8.5 8.3 7.9 7.9 8.2 8.4 8.9 8.3 8.5 9.0 9.7 10.5 10.8 12.3 12.9 13.0 13.4 12.7 13.0 11.9 10.7 13.0 10.5 11.6 12.5 13.8 15.0 16.1 17.9 21.9 30.7 41.0 50.5 66.0 62.5 61.2 65.1 65.8 69.0 73.4 70.4 77.2 67.1 56.4 46.6 37.5 35.0 45.0 45.9 54.2 77.5 80.5 88.1 89.6 92.3 93.8
-9999.0 -9999.0 -9999.0 -9999.0 -9999.0 -9999.0 -9999.0 2.1 5.4 4.7 12.7 13.3 8.6 10.4 10.7 6.5 8.1 7.3 7.3 7.6 8.1 8.6 8.4 7.8 7.6 7.5 7.6 7.7 8.0 8.2 8.8 9.5 10.4 10.8 11.1 11.9 12.1 12.5 14.4 16.8 15.7 26.6 30.8 30.1 27.2 23.0 27.5 26.9 33.9 34.1 42.3 52.5 59.1 76.9 77.1 65.7 60.9 59.1 75.1 71.5 83.3 70.5 58.8 53.3 55.9 49.2 56.9 66.2 71.6 83.5 86.5 90.9 99.5 105.7 106.6
-9999.0 -9999.0 -9999.0 -9999.0 -9999.0 -9999.0 -9999.0 7.1 1.4 5.2 7.9 6.3 8.3 12.0 8.7 14.0 8.3 7.9 10.0 7.5 7.3 7.9 7.3 7.2 7.1 7.1 7.2 7.1 7.7 8.3 8.1 8.7 9.4 9.6 10.8 11.4 12.2 13.0 14.5 17.0 21.5 27.8 36.5 51.6 47.6 43.0 50.4 53.8 68.8 61.6 75.1 68.3 62.2 68.8 82.1 77.7 76.0 77.2 83.5 90.3 94.7 100.2 86.7 86.6 80.0 76.5 76.7 80.8 93.9 88.3 91.4 95.3 103.9 113.7 115.2
-9999.0 -9999.0 -9999.0 -9999.0 -9999.0 -9999.0 -9999.0 -9999.0 -9999.0 3.2 3.6 3.6 7.2 7.0 6.0 5.5 7.0 11.7 7.7 9.6 7.5 6.7 6.7 6.8 6.9 7.1 7.1 7.2 7.8 7.2 9.0 9.0 9.6 9.8 11.7 12.5 13.5 14.3 16.2 19.3 24.3 32.8 42.8 52.2 64.7 73.4 80.2 82.3 82.4 77.9 76.1 67.6 66.0 73.2 88.2 89.2 88.5 90.5 97.7 105.3 119.0 135.5 146.9 121.1 120.3 107.5 99.9 103.1 111.2 104.7 102.8 99.7 104.9 116.8 127.5
-9999.0 -9999.0 -9999.0 -9999.0 -9999.0 -9999.0 -9999.0 -9999.0 -9999.0 -9999.0 -9999.0 5.1 2.0 6.3 4.7 5.7 5.4 5.2 5.4 6.1 7.1 6.6 6.8 6.9 7.2 7.1 7.0 7.1 7.3 7.9 8.3 7.9 9.8 10.8 12.7 12.4 15.4 17.1 19.4 22.7 28.8 38.0 50.4 63.2 80.3 87.5 103.9 102.7 102.4 92.6 77.9 72.1 73.4 85.9 102.4 106.5 104.0 107.4 113.0 125.8 145.0 165.6 178.3 166.2 156.6 124.4 124.5 130.3 130.0 126.4 115.6 107.7 107.0 118.2 141.7
-9999.0 -9999.0 -9999.0 -9999.0 -9999.0 -9999.0 -9999.0 -9999.0 -9999.0 -9999.0 -9999.0 -9999.0 1.4 1.7 4.3 3.3 7.1 4.9 5.4 7.9 5.7 6.5 7.0 7.3 8.3 7.7 8.0 7.4 7.6 7.0 8.2 9.1 10.2 10.5 12.3 15.5 16.6 21.3 25.4 29.9 36.0 46.4 60.8 76.0 90.0 102.7 113.8 112.3 109.1 99.9 96.1 87.6 85.7 97.8 115.8 125.6 126.1 130.0 130.9 147.7 168.0 185.5 194.5 185.3 146.9 156.9 143.5 149.4 148.1 142.9 117.4 113.0 124.1 136.1 130.5
-9999.0 -9999.0 -9999.0 -9999.0 -9999.0 -9999.0 -9999.0 -9999.0 -9999.0 -9999.0 -9999.0 -9999.0 4.1 1.0 1.0 3.0 2.1 3.2 5.7 5.9 6.4 7.4 7.7 8.0 8.7 8.7 8.8 9.6 8.8 9.7 8.8 8.3 10.3 12.5 14.5 19.3 21.2 26.3 32.8 39.5 49.0 61.0 73.9 90.6 102.4 112.9 115.2 114.2 102.4 100.2 90.8 89.8 92.0 111.2 128.8 141.8 138.9 140.4 147.7 166.8 184.5 194.2 194.9 190.3 128.9 138.1 134.5 142.5 138.4 134.2 144.0 166.8 172.5 137.4 128.8
-9999.0 -9999.0 -9999.0 -9999.0 -9999.0 -9999.0 -9999.0 -9999.0 -9999.0 -9999.0 -9999.0 -9999.0 -9999.0 1.3 3.6 1.1 2.8 2.8 3.7 4.9 6.5 7.2 8.6 9.2 9.8 9.5 9.2 8.6 8.8 9.0 10.4 11.5 10.4 12.5 19.5 24.2 30.3 36.1 39.1 50.7 62.5 75.4 92.2 104.8 115.1 116.6 116.5 115.9 110.8 100.6 92.1 85.7 94.9 127.9 142.6 153.3 150.6 153.7 171.8 178.3 190.1 187.2 180.7 133.4 101.6 114.9 135.3 146.3 146.5 132.8 122.2 148.0 163.6 157.2 148.8
-9999.0 -9999.0 -9999.0 -9999.0 -9999.0 -9999.0 -9999.0 -9999.0 -9999.0 -9999.0 -9999.0 -9999.0 1.0 3.5 2.9 1.5 5.0 4.1 5.2 5.1 6.6 8.1 9.5 10.6 11.5 11.0 11.1 11.4 11.2 10.6 11.3 14.1 11.3 16.2 19.7 28.9 32.9 50.3 60.9 69.3 74.7 88.2 103.9 125.8 128.8 125.9 117.3 107.6 102.2 95.2 96.6 104.2 102.1 127.0 144.7 158.0 169.0 152.9 171.6 182.1 187.9 188.4 162.8 162.3 115.5 110.9 130.3 137.7 158.5 178.0 185.5 195.2 212.2 196.2 155.4
-9999.0 -9999.0 -9999.0 -9999.0 -9999.0 -9999.0 -9999.0 -9999.0 -9999.0 -9999.0 -9999.0 -9999.0 2.2 0.6 1.1 7.6 6.5 3.5 4.8 7.6 7.7 10.0 11.2 12.2 13.2 14.1 14.3 14.4 14.1 15.2 15.9 15.7 13.6 21.8 27.6 33.5 49.1 59.3 73.0 91.3 101.9 122.1 138.4 145.4 143.7 134.6 126.1 115.6 105.9 90.7 86.8 99.3 104.6 124.3 145.7 156.4 168.5 177.7 175.8 198.2 207.6 211.6 138.7 104.7 99.1 130.5 130.4 135.4 143.4 169.1 196.6 223.5 234.0 210.6 184.7
-9999.0 -9999.0 -9999.0 -9999.0 -9999.0 -9999.0 -9999.0 -9999.0 -9999.0 -9999.0 -9999.0 -9999.0 0.2 2.0 0.8 1.9 2.9 8.9 7.4 9.2 13.5 14.5 13.1 14.3 14.6 14.8 14.9 14.1 16.8 17.4 18.5 14.5 21.3 28.2 33.5 39.0 51.9 65.7 84.7 91.2 114.2 149.7 139.4 180.7 155.2 138.7 128.8 113.4 98.9 90.3 88.2 89.0 133.9 157.0 157.3 148.8 168.6 184.5 197.4 182.3 182.1 174.0 222.9 105.6 107.8 154.2 135.9 127.8 138.6 155.1 182.4 226.4 237.1 229.5 279.1
-9999.0 -9999.0 -9999.0 -9999.0 -9999.0 -9999.0 -9999.0 -9999.0 -9999.0 -9999.0 -9999.0 -9999.0 -9999.0 8.3 6.8 2.8 5.0 6.1 11.0 13.9 21.0 15.4 17.3 18.0 16.3 16.8 17.3 18.5 18.1 22.7 18.6 20.6 20.5 28.5 31.5 30.3 42.5 68.9 82.9 104.8 124.0 120.4 133.3 149.0 159.8 140.5 123.3 105.9 99.3 89.4 77.2 100.9 107.5 111.8 157.5 175.7 144.8 159.8 194.0 246.1 222.6 317.7 197.1 94.6 151.2 144.0 120.4 113.5 125.4 154.8 178.6 208.0 239.0 241.4 230.6
-9999.0 -9999.0 -9999.0 -9999.0 -9999.0 -9999.0 -9999.0 -9999.0 -9999.0 -9999.0 -9999.0 -9999.0 -9999.0 0.3 7.4 3.8 12.4 7.6 10.7 14.7 23.7 23.2 23.4 20.8 17.7 18.9 19.7 21.5 23.0 20.8 21.4 22.3 27.1 28.1 26.8 33.0 50.8 67.3 75.7 79.5 110.7 124.8 136.8 142.0 136.4 128.5 114.7 96.1 83.6 74.8 83.1 67.3 100.0 136.7 170.0 167.1 140.7 159.0 207.7 149.8 230.1 130.9 117.0 164.3 157.5 139.3 113.9 110.0 132.8 162.5 193.4 226.5 248.7 249.2 243.6
-9999.0 -9999.0 -9999.0 -9999.0 -9999.0 -9999.0 -9999.0 -9999.0 -9999.0 -9999.0 -9999.0 -9999.0 -9999.0 -9999.0 -9999.0 5.5 6.6 12.3 13.0 13.8 23.4 20.2 20.1 21.5 22.6 22.4 27.5 25.0 27.6 29.3 29.5 31.4 27.2 27.6 32.0 32.3 39.6 74.1 78.4 88.0 92.8 105.1 116.8 124.0 132.6 129.6 103.7 91.8 77.7 58.1 60.7 106.3 85.2 105.9 74.7 137.9 157.1 104.0 234.1 271.9 120.4 120.6 196.9 183.5 172.1 151.0 124.4 118.6 146.8 189.9 224.4 253.1 263.2 258.7 247.3
-9999.0 -9999.0 -9999.0 -9999.0 -9999.0 -9999.0 -9999.0 -9999.0 -9999.0 -9999.0 -9999.0 -9999.0 -9999.0 -9999.0 -9999.0 -9999.0 -9999.0 0.6 5.0 -9999.0 12.1 23.9 18.9 20.0 26.1 25.8 34.6 31.5 32.9 36.6 40.2 46.8 36.9 45.1 53.3 40.2 42.8 83.7 70.1 76.7 82.5 91.9 97.1 101.8 150.9 119.0 201.9 95.4 70.4 66.2 56.9 57.4 57.8 100.7 127.6 151.5 127.2 219.7 237.8 268.8 93.1 141.6 187.2 187.0 175.7 158.6 129.7 119.8 146.8 192.4 226.1 250.4 265.1 260.9 257.0
-9999.0 -9999.0 -9999.0 -9999.0 -9999.0 -9999.0 -9999.0 -9999.0 -9999.0 -9999.0 -9999.0 -9999.0 -9999.0 -9999.0 -9999.0 -9999.0 -9999.0 -9999.0 -9999.0 -9999.0 -9999.0 18.0 24.4 37.7 29.1 23.3 27.3 32.7 39.9 47.8 54.3 68.4 64.7 54.3 51.6 40.6 47.0 57.4 67.4 75.0 69.7 77.1 83.4 83.7 126.9 91.6 242.5 94.9 100.3 241.4 67.2 125.3 126.2 65.9 99.9 166.8 200.1 183.4 334.8 249.6 100.5 108.2 153.2 162.2 165.8 147.8 111.3 91.6 106.3 150.9 196.2 225.0 243.3 242.0 239.8
-9999.0 -9999.0 -9999.0 -9999.0 -9999.0 -9999.0 -9999.0 -9999.0 -9999.0 -9999.0 -9999.0 -9999.0 -9999.0 -9999.0 -9999.0 -9999.0 -9999.0 -9999.0 -9999.0 -9999.0 -9999.0 -9999.0 -9999.0 12.2 24.3 25.8 30.1 38.4 53.2 57.4 67.4 71.9 71.7 62.0 55.6 48.3 51.3 50.0 56.7 61.6 59.5 70.5 57.5 61.9 109.3 249.5 142.4 123.0 142.0 142.7 86.4 110.3 73.6 85.5 80.4 68.5 177.6 269.6 144.4 263.9 111.4 105.2 94.3 118.9 135.6 127.7 87.9 60.9 81.6 103.5 152.5 175.9 193.0 224.4 225.8
-9999.0 -9999.0 -9999.0 -9999.0 -9999.0 -9999.0 -9999.0 -9999.0 -9999.0 -9999.0 -9999.0 -9999.0 -9999.0 -9999.0 -9999.0 -9999.0 -9999.0 -9999.0 -9999.0 -9999.0 -9999.0 -9999.0 -9999.0 -9999.0 -9999.0 15.7 26.1 77.9 77.0 100.7 89.1 91.0 92.0 84.7 69.6 70.4 86.9 56.2 67.2 53.4 68.8 46.8 73.0 78.4 178.1 238.0 209.0 279.1 114.9 147.3 135.2 116.7 141.8 135.3 86.0 100.6 180.0 190.4 288.8 269.2 208.0 146.5 238.5 111.9 109.3 99.9 68.8 58.2 78.1 104.1 112.3 125.5 120.9 192.7 229.6
-9999.0 -9999.0 -9999.0 -9999.0 -9999.0 -9999.0 -9999.0 -9999.0 -9999.0 -9999.0 -9999.0 -9999.0 -9999.0 -9999.0 -9999.0 -9999.0 -9999.0 -9999.0 -9999.0 -9999.0 -9999.0 -9999.0 -9999.0 -9999.0 -9999.0 -9999.0 -9999.0 29.3 41.8 67.4 87.0 101.4 129.6 101.7 101.0 89.2 68.6 60.4 51.2 47.9 55.2 36.7 79.9 150.5 182.1 221.8 254.8 272.2 280.7 224.6 254.8 234.4 145.2 130.1 126.6 166.9 162.4 189.8 274.5 222.0 157.9 188.3 96.5 78.0 59.7 51.7 52.7 53.4 62.5 81.7 94.6 128.1 97.7 157.5 161.2
-9999.0 -9999.0 -9999.0 -9999.0 -9999.0 -9999.0 -9999.0 -9999.0 -9999.0 -9999.0 -9999.0 -9999.0 -9999.0 -9999.0 -9999.0 -9999.0 -9999.0 -9999.0 -9999.0 -9999.0 -9999.0 -9999.0 -9999.0 -9999.0 -9999.0 -9999.0 -9999.0 -9999.0 -9999.0 -9999.0 -9999.0 -9999.0 -9999.0 96.1 116.4 -9999.0 -9999.0 -9999.0 66.6 49.2 52.2 70.4 70.8 147.8 184.7 208.5 -9999.0 -9999.0 -9999.0 -9999.0 -9999.0 -9999.0 212.7 199.6 156.6 160.7 190.0 213.0 225.9 221.5 211.6 204.8 122.3 88.4 69.8 59.6 57.1 65.7 80.5 91.4 97.6 136.8 161.3 126.5 156.7
-9999.0 -9999.0 -9999.0 -9999.0 -9999.0 -9999.0 -9999.0 -9999.0 -9999.0 -9999.0 -9999.0 -9999.0 -9999.0 -9999.0 -9999.0 -9999.0 -9999.0 -9999.0 -9999.0 -9999.0 -9999.0 -9999.0 -9999.0 -9999.0 -9999.0 -9999.0 -9999.0 -9999.0 -9999.0 -9999.0 -9999.0 -9999.0 -9999.0 -9999.0 -9999.0 -9999.0 -9999.0 -9999.0 -9999.0 91.0 97.0 108.2 123.5 141.8 -9999.0 -9999.0 -9999.0 -9999.0 -9999.0 -9999.0 -9999.0 -9999.0 270.9 269.8 211.6 179.0 189.6 208.0 225.2 234.0 224.0 201.0 164.8 115.7 100.8 92.4 94.1 102.3 112.7 132.9 154.7 167.3 141.6 165.7 105.7
-9999.0 -9999.0 -9999.0 -9999.0 -9999.0 -9999.0 -9999.0 -9999.0 -9999.0 -9999.0 -9999.0 -9999.0 -9999.0 -9999.0 -9999.0 -9999.0 -9999.0 -9999.0 -9999.0 -9999.0 -9999.0 -9999.0 -9999.0 -9999.0 -9999.0 -9999.0 -9999.0 -9999.0 -9999.0 -9999.0 -9999.0 -9999.0 -9999.0 -9999.0 -9999.0 -9999.0 -9999.0 -9999.0 -9999.0 -9999.0 -9999.0 -9999.0 -9999.0 -9999.0 -9999.0 -9999.0 -9999.0 -9999.0 -9999.0 -9999.0 -9999.0 -9999.0 281.4 341.9 259.8 254.5 184.6 180.1 190.7 208.9 205.6 190.6 308.4 160.4 162.2 173.1 175.3 159.2 155.2 165.0 176.8 185.1 244.8 171.3 152.2
-9999.0 -9999.0 -9999.0 -9999.0 -9999.0 -9999.0 -9999.0 -9999.0 -9999.0 -9999.0 -9999.0 -9999.0 -9999.0 -9999.0 -9999.0 -9999.0 -9999.0 -9999.0 -9999.0 -9999.0 -9999.0 -9999.0 -9999.0 -9999.0 -9999.0 -9999.0 -9999.0 -9999.0 -9999.0 -9999.0 -9999.0 -9999.0 -9999.0 -9999.0 -9999.0 -9999.0 -9999.0 -9999.0 -9999.0 -9999.0 -9999.0 -9999.0 -9999.0 -9999.0 -9999.0 -9999.0 -9999.0 -9999.0 -9999.0 -9999.0 -9999.0 327.0 405.6 400.3 293.0 236.5 185.2 182.7 160.8 156.7 223.3 220.1 184.2 209.5 238.4 269.3 241.5 180.0 182.2 170.7 168.0 169.2 136.1 119.1 151.7
-9999.0 -9999.0 -9999.0 -9999.0 -9999.0 -9999.0 -9999.0 -9999.0 -9999.0 -9999.0 -9999.0 -9999.0 -9999.0 -9999.0 -9999.0 -9999.0 -9999.0 -9999.0 -9999.0 -9999.0 -9999.0 -9999.0 -9999.0 -9999.0 -9999.0 -9999.0 -9999.0 -9999.0 -9999.0 -9999.0 -9999.0 -9999.0 -9999.0 -9999.0 -9999.0 -9999.0 -9999.0 -9999.0 -9999.0 -9999.0 -9999.0 -9999.0 -9999.0 -9999.0 -9999.0 -9999.0 -9999.0 -9999.0 -9999.0 -9999.0 260.4 416.6 474.1 459.9 353.3 286.5 196.4 157.5 151.7 187.6 177.3 237.5 204.3 244.0 274.1 284.3 263.7 197.7 187.5 160.7 163.1 131.0 129.9 182.2 221.3
-9999.0 -9999.0 -9999.0 -9999.0 -9999.0 -9999.0 -9999.0 -9999.0 -9999.0 -9999.0 -9999.0 -9999.0 -9999.0 -9999.0 -9999.0 -9999.0 -9999.0 -9999.0 -9999.0 -9999.0 -9999.0 -9999.0 -9999.0 -9999.0 -9999.0 -9999.0 -9999.0 -9999.0 -9999.0 -9999.0 -9999.0 -9999.0 -9999.0 -9999.0 -9999.0 -9999.0 -9999.0 -9999.0 -9999.0 -9999.0 -9999.0 -9999.0 -9999.0 -9999.0 -9999.0 -9999.0 -9999.0 -9999.0 -9999.0 -9999.0 262.7 496.5 396.3 478.9 431.6 321.3 219.3 230.3 211.9 178.5 161.4 184.9 184.2 225.7 249.4 202.4 204.7 170.1 168.3 162.2 170.7 168.6 175.8 189.6 178.3
-9999.0 -9999.0 -9999.0 -9999.0 -9999.0 -9999.0 -9999.0 -9999.0 -9999.0 -9999.0 -9999.0 -9999.0 -9999.0 -9999.0 -9999.0 -9999.0 -9999.0 -9999.0 -9999.0 -9999.0 -9999.0 -9999.0 -9999.0 -9999.0 -9999.0 -9999.0 -9999.0 -9999.0 -9999.0 -9999.0 -9999.0 -9999.0 -9999.0 -9999.0 -9999.0 -9999.0 -9999.0 -9999.0 -9999.0 -9999.0 -9999.0 -9999.0 -9999.0 -9999.0 -9999.0 -9999.0 -9999.0 -9999.0 -9999.0 -9999.0 257.7 362.0 378.4 577.8 408.9 338.9 387.5 283.6 275.6 185.0 188.8 211.3 212.4 197.1 220.8 204.1 181.9 178.0 178.6 208.4 197.3 273.8 211.9 261.9 176.7
-9999.0 -9999.0 -9999.0 -9999.0 -9999.0 -9999.0 -9999.0 -9999.0 -9999.0 -9999.0 -9999.0 -9999.0 -9999.0 -9999.0 -9999.0 -9999.0 -9999.0 -9999.0 -9999.0 -9999.0 -9999.0 -9999.0 -9999.0 -9999.0 -9999.0 -9999.0 -9999.0 -9999.0 -9999.0 -9999.0 -9999.0 -9999.0 -9999.0 -9999.0 -9999.0 -9999.0 -9999.0 -9999.0 -9999.0 -9999.0 -9999.0 -9999.0 -9999.0 -9999.0 -9999.0 -9999.0 -9999.0 -9999.0 -9999.0 -9999.0 348.6 490.1 483.8 534.7 499.1 502.3 324.1 355.5 315.0 220.8 228.5 221.3 188.5 216.7 239.8 242.6 266.2 257.3 286.1 182.2 231.1 252.1 282.6 295.9 198.4
-9999.0 -9999.0 -9999.0 -9999.0 -9999.0 -9999.0 -9999.0 -9999.0 -9999.0 -9999.0 -9999.0 -9999.0 -9999.0 -9999.0 -9999.0 -9999.0 -9999.0 -9999.0 -9999.0 -9999.0 -9999.0 -9999.0 -9999.0 -9999.0 -9999.0 -9999.0 -9999.0 -9999.0 -9999.0 -9999.0 -9999.0 -9999.0 -9999.0 -9999.0 -9999.0 -9999.0 -9999.0 -9999.0 -9999.0 -9999.0 -9999.0 -9999.0 -9999.0 -9999.0 -9999.0 -9999.0 -9999.0 -9999.0 -9999.0 -9999.0 -9999.0 -9999.0 -9999.0 505.2 480.6 445.3 438.6 444.0 308.6 270.1 405.1 216.3 329.5 269.2 274.5 282.9 346.6 303.7 347.0 324.8 282.2 269.7 275.5 261.2 218.1
-9999.0 -9999.0 -9999.0 -9999.0 -9999.0 -9999.0 -9999.0 -9999.0 -9999.0 -9999.0 -9999.0 -9999.0 -9999.0 -9999.0 -9999.0 -9999.0 -9999.0 -9999.0 -9999.0 -9999.0 -9999.0 -9999.0 -9999.0 -9999.0 -9999.0 -9999.0 -9999.0 -9999.0 -9999.0 -9999.0 -9999.0 -9999.0 -9999.0 -9999.0 -9999.0 -9999.0 -9999.0 -9999.0 -9999.0 -9999.0 -9999.0 -9999.0 -9999.0 -9999.0 -9999.0 -9999.0 -9999.0 -9999.0 -9999.0 -9999.0 -9999.0 -9999.0 -9999.0 496.7 453.0 630.1 442.5 387.6 393.9 445.5 304.7 253.4 382.5 292.7 309.4 326.7 287.8 432.9 346.3 341.5 304.0 293.3 310.9 291.2 233.5
-9999.0 -9999.0 -9999.0 -9999.0 -9999.0 -9999.0 -9999.0 -9999.0 -9999.0 -9999.0 -9999.0 -9999.0 -9999.0 -9999.0 -9999.0 -9999.0 -9999.0 -9999.0 -9999.0 -9999.0 -9999.0 -9999.0 -9999.0 -9999.0 -9999.0 -9999.0 -9999.0 -9999.0 -9999.0 -9999.0 -9999.0 -9999.0 -9999.0 -9999.0 -9999.0 -9999.0 -9999.0 -9999.0 -9999.0 -9999.0 -9999.0 -9999.0 -9999.0 -9999.0 -9999.0 -9999.0 -9999.0 -9999.0 -9999.0 -9999.0 -9999.0 -9999.0 -9999.0 459.5 350.1 472.8 427.8 369.0 371.4 328.4 367.1 339.3 442.0 466.9 307.5 -9999.0 -9999.0 -9999.0 441.9 366.8 370.5 397.6 400.8 358.1 311.3
-9999.0 -9999.0 -9999.0 -9999.0 -9999.0 -9999.0 -9999.0 -9999.0 -9999.0 -9999.0 -9999.0 -9999.0 -9999.0 -9999.0 -9999.0 -9999.0 -9999.0 -9999.0 -9999.0 -9999.0 -9999.0 -9999.0 -9999.0 -9999.0 -9999.0 -9999.0 -9999.0 -9999.0 -9999.0 -9999.0 -9999.0 -9999.0 -9999.0 -9999.0 -9999.0 -9999.0 -9999.0 -9999.0 -9999.0 -9999.0 -9999.0 -9999.0 -9999.0 -9999.0 -9999.0 -9999.0 -9999.0 -9999.0 -9999.0 -9999.0 -9999.0 -9999.0 -9999.0 -9999.0 386.6 365.3 266.7 235.9 321.5 383.5 228.0 -9999.0 -9999.0 -9999.0 -9999.0 -9999.0 -9999.0 -9999.0 397.2 451.4 542.7 459.6 438.5 417.9 369.2
-9999.0 -9999.0 -9999.0 -9999.0 -9999.0 -9999.0 -9999.0 -9999.0 -9999.0 -9999.0 -9999.0 -9999.0 -9999.0 -9999.0 -9999.0 -9999.0 -9999.0 -9999.0 -9999.0 -9999.0 -9999.0 -9999.0 -9999.0 -9999.0 -9999.0 -9999.0 -9999.0 -9999.0 -9999.0 -9999.0 -9999.0 -9999.0 -9999.0 -9999.0 -9999.0 -9999.0 -9999.0 -9999.0 -9999.0 -9999.0 -9999.0 -9999.0 -9999.0 -9999.0 -9999.0 -9999.0 -9999.0 -9999.0 -9999.0 -9999.0 -9999.0 -9999.0 -9999.0 -9999.0 -9999.0 258.8 382.8 232.8 186.5 240.4 224.8 -9999.0 -9999.0 -9999.0 -9999.0 -9999.0 -9999.0 -9999.0 -9999.0 -9999.0 467.9 -9999.0 -9999.0 -9999.0 -9999.0
-9999.0 -9999.0 -9999.0 -9999.0 -9999.0 -9999.0 -9999.0 -9999.0 -9999.0 -9999.0 -9999.0 -9999.0 -9999.0 -9999.0 -9999.0 -9999.0 -9999.0 -9999.0 -9999.0 -9999.0 -9999.0 -9999.0 -9999.0 -9999.0 -9999.0 -9999.0 -9999.0 -9999.0 -9999.0 -9999.0 -9999.0 -9999.0 -9999.0 -9999.0 -9999.0 -9999.0 -9999.0 -9999.0 -9999.0 -9999.0 -9999.0 -9999.0 -9999.0 -9999.0 -9999.0 -9999.0 -9999.0 -9999.0 -9999.0 -9999.0 -9999.0 -9999.0 -9999.0 -9999.0 -9999.0 -9999.0 -9999.0 -9999.0 181.0 144.2 -9999.0 -9999.0 -9999.0 -9999.0 -9999.0 -9999.0 -9999.0 -9999.0 -9999.0 -9999.0 -9999.0 -9999.0 -9999.0 -9999.0 -9999.0
-9999.0 -9999.0 -9999.0 -9999.0 -9999.0 -9999.0 -9999.0 -9999.0 -9999.0 -9999.0 -9999.0 -9999.0 -9999.0 -9999.0 -9999.0 -9999.0 -9999.0 -9999.0 -9999.0 -9999.0 -9999.0 -9999.0 -9999.0 -9999.0 -9999.0 -9999.0 -9999.0 -9999.0 -9999.0 -9999.0 -9999.0 -9999.0 -9999.0 -9999.0 -9999.0 -9999.0 -9999.0 -9999.0 -9999.0 -9999.0 -9999.0 -9999.0 -9999.0 -9999.0 -9999.0 -9999.0 -9999.0 -9999.0 -9999.0 -9999.0 -9999.0 -9999.0 -9999.0 -9999.0 -9999.0 -9999.0 -9999.0 -9999.0 -9999.0 -9999.0 -9999.0 -9999.0 -9999.0 -9999.0 -9999.0 -9999.0 -9999.0 -9999.0 -9999.0 -9999.0 -9999.0 -9999.0 -9999.0 -9999.0 -9999.0
