program/excelProcessViaJava/data/SURF_CLI_CHN_PRE_MON_GRID_0.5-201203.txt
NCOLS      128
NROWS       72
XLLCORNER    72.000000000000    
YLLCORNER    18.000000000000    
CELLSIZE    0.50000000000000    
NODATA_VALUE   -9999.000    
[rows 34 to 67 of 72, columns 0 to 77 of 128]
-9999.0 -9999.0 -9999.0 -9999.0 37.8 28.0 37.7 20.2 31.3 23.0 8.4 10.1 5.2 3.2 5.4 4.1 1.8 1.1 0.4 0.2 0.1 0.0 0.0 0.0 0.0 0.1 0.0 0.0 0.1 0.1 0.1 0.2 0.2 0.3 0.4 0.4 0.9 1.7 1.0 0.6 1.6 0.3 0.3 0.2 0.2 0.2 0.2 0.3 0.6 1.3 2.5 3.6 3.7 4.2 4.9 6.0 8.1 10.8 13.3 11.2 13.9 9.1 7.3 7.1 4.0 2.3 7.0 7.7 11.5 16.2 13.1 11.9 10.7 10.8 10.3 12.2 12.8 17.4
-9999.0 -9999.0 -9999.0 -9999.0 -9999.0 -9999.0 -9999.0 22.3 23.7 15.4 19.1 13.5 5.8 3.8 2.0 3.4 0.3 0.3 0.1 0.0 0.0 0.0 0.0 0.0 0.0 0.0 0.1 0.1 0.1 0.2 0.2 0.3 0.3 0.4 0.7 0.5 1.1 1.1 2.5 3.4 1.5 5.6 4.8 2.1 0.6 0.3 0.3 0.4 0.7 1.7 3.3 4.5 4.5 5.7 5.5 5.6 8.1 10.9 14.0 13.6 15.3 9.1 7.2 8.8 12.1 8.2 11.3 13.8 15.6 17.4 14.8 12.3 13.2 14.2 14.4 18.0 18.1 20.9
-9999.0 -9999.0 -9999.0 -9999.0 -9999.0 -9999.0 -9999.0 38.4 15.6 18.9 16.6 9.6 7.4 6.5 2.4 2.9 0.4 0.1 0.2 0.0 0.0 0.0 0.0 0.0 0.0 0.1 0.1 0.2 0.2 0.2 0.3 0.3 0.3 0.6 0.4 0.5 0.5 1.1 1.5 2.0 3.2 4.4 5.3 7.1 2.7 1.1 1.0 1.1 2.1 2.8 5.0 5.8 6.0 6.0 7.5 5.7 8.2 12.2 15.4 16.9 16.5 16.0 14.6 18.8 17.6 17.0 17.1 17.8 19.9 19.4 18.2 16.6 17.1 18.7 17.8 26.1 28.4 26.7
-9999.0 -9999.0 -9999.0 -9999.0 -9999.0 -9999.0 -9999.0 -9999.0 -9999.0 17.3 12.7 8.4 8.3 5.0 2.3 1.0 0.6 1.3 0.2 0.3 0.1 0.1 0.1 0.1 0.1 0.1 0.2 0.2 0.2 0.4 0.3 0.3 0.3 0.4 0.3 0.3 0.3 0.6 0.8 1.6 2.5 4.5 5.6 5.2 5.1 4.0 3.2 3.0 3.8 5.4 7.5 9.1 9.8 9.4 10.6 8.1 9.8 13.7 17.4 18.9 18.5 18.7 20.1 21.5 23.1 21.6 21.3 22.4 24.3 24.0 22.7 19.0 19.6 22.7 27.0 21.6 25.3 27.9
-9999.0 -9999.0 -9999.0 -9999.0 -9999.0 -9999.0 -9999.0 -9999.0 -9999.0 -9999.0 -9999.0 11.8 4.6 5.8 2.5 1.6 0.7 0.3 0.2 0.2 0.2 0.1 0.2 0.2 0.4 0.3 0.5 0.6 0.6 0.5 0.5 0.6 0.4 0.4 0.3 0.5 0.3 0.4 1.7 1.3 2.8 4.1 5.7 6.6 8.1 6.2 6.7 5.7 7.1 9.4 12.7 15.3 16.3 16.3 16.9 14.9 14.2 17.5 20.4 21.7 22.3 20.6 20.6 20.9 21.2 19.9 21.2 26.1 28.5 28.1 24.6 21.9 19.9 20.8 15.6 16.0 19.3 26.7
-9999.0 -9999.0 -9999.0 -9999.0 -9999.0 -9999.0 -9999.0 -9999.0 -9999.0 -9999.0 -9999.0 -9999.0 4.5 2.8 3.0 1.2 2.0 0.5 0.3 0.8 0.2 0.3 0.3 0.4 1.5 0.7 0.7 1.0 0.9 1.2 0.8 0.7 0.5 0.6 0.5 0.4 0.9 0.5 0.6 1.0 1.9 3.8 6.5 9.3 10.3 10.3 10.0 9.3 11.3 15.0 18.8 22.7 25.1 24.4 23.1 22.4 22.3 24.9 23.5 27.9 27.0 27.6 25.8 21.5 17.5 20.7 24.9 29.3 30.9 30.0 21.2 10.7 9.6 12.9 20.3 37.9 30.9 29.8
-9999.0 -9999.0 -9999.0 -9999.0 -9999.0 -9999.0 -9999.0 -9999.0 -9999.0 -9999.0 -9999.0 -9999.0 9.0 2.4 1.4 1.5 0.5 0.4 0.8 0.5 0.5 0.8 0.9 0.9 1.0 1.2 1.3 1.2 1.3 1.1 1.1 1.2 0.8 0.6 0.6 0.4 0.8 1.0 1.1 1.7 2.7 5.1 9.3 12.0 14.6 15.5 14.7 14.6 17.5 21.0 26.8 31.1 34.2 33.3 29.8 28.8 26.6 28.4 28.6 31.0 31.7 31.0 30.6 28.3 17.1 20.0 22.4 26.1 27.2 27.3 28.9 34.1 37.5 34.0 35.4 30.9 28.6 30.6
-9999.0 -9999.0 -9999.0 -9999.0 -9999.0 -9999.0 -9999.0 -9999.0 -9999.0 -9999.0 -9999.0 -9999.0 -9999.0 3.4 4.0 0.9 1.0 0.6 0.5 0.6 0.9 1.0 1.6 1.6 1.9 2.5 2.5 2.7 2.1 1.8 1.4 1.1 1.3 1.1 0.6 0.6 0.7 1.2 4.0 3.7 5.5 8.9 12.6 16.9 19.0 20.2 19.9 19.2 19.9 23.4 29.1 35.8 38.8 38.3 36.5 33.3 30.2 32.1 37.4 38.7 40.2 37.3 35.1 22.5 17.0 19.8 24.8 28.3 27.4 22.2 12.1 15.6 27.5 33.1 37.2 30.6 28.2 29.9
-9999.0 -9999.0 -9999.0 -9999.0 -9999.0 -9999.0 -9999.0 -9999.0 -9999.0 -9999.0 -9999.0 -9999.0 5.7 7.0 4.1 1.5 2.8 1.5 1.4 1.1 1.4 1.9 2.5 2.8 3.0 3.5 3.1 2.6 2.3 2.1 1.7 1.3 1.7 1.1 1.0 0.8 1.5 1.6 2.8 5.2 10.2 15.4 19.7 20.2 22.4 22.9 21.8 19.6 19.0 21.4 26.6 32.0 35.9 36.6 34.1 31.6 32.7 28.0 35.3 38.6 42.2 43.8 38.3 35.6 23.6 20.6 25.1 26.3 28.0 30.6 29.6 25.0 22.2 17.6 18.5 20.5 24.4 29.6
-9999.0 -9999.0 -9999.0 -9999.0 -9999.0 -9999.0 -9999.0 -9999.0 -9999.0 -9999.0 -9999.0 -9999.0 9.4 3.5 3.0 7.2 4.6 1.8 2.0 2.8 2.7 3.6 4.1 4.5 4.4 4.1 3.6 2.9 2.4 1.9 1.6 1.5 1.8 1.2 1.0 1.1 1.4 2.5 4.5 7.7 12.2 16.6 20.4 22.9 23.5 22.4 20.9 18.0 16.4 15.1 18.7 24.4 26.2 26.4 26.0 23.8 26.3 29.5 32.0 39.8 45.3 48.6 38.9 28.8 22.5 20.8 23.6 24.9 22.3 21.3 21.8 22.5 23.9 32.1 35.4 23.7 20.8 17.8
-9999.0 -9999.0 -9999.0 -9999.0 -9999.0 -9999.0 -9999.0 -9999.0 -9999.0 -9999.0 -9999.0 -9999.0 5.6 7.7 3.9 3.7 3.3 6.0 4.2 4.8 6.9 7.5 6.4 6.9 6.2 6.0 4.6 4.1 2.4 1.9 1.5 1.9 1.4 1.2 1.2 1.3 1.9 3.4 6.2 11.1 15.9 20.0 24.2 23.7 22.4 21.5 19.1 13.8 10.2 10.4 12.1 12.6 22.0 24.4 21.0 15.9 19.9 24.4 30.2 34.0 40.9 45.2 51.7 32.1 17.5 18.6 19.5 22.2 24.6 24.9 26.0 33.9 37.2 45.9 63.9 39.8 41.3 16.4
-9999.0 -9999.0 -9999.0 -9999.0 -9999.0 -9999.0 -9999.0 -9999.0 -9999.0 -9999.0 -9999.0 -9999.0 -9999.0 18.0 12.6 6.4 6.6 6.2 8.2 9.3 13.7 9.7 10.6 10.5 8.2 6.9 5.1 3.4 2.5 1.5 1.5 1.3 1.5 1.3 1.4 2.5 3.2 4.1 7.8 12.6 17.9 24.9 28.1 25.3 20.1 16.5 14.8 8.5 9.8 8.3 5.8 9.8 9.0 7.0 14.0 15.8 13.1 17.0 25.0 37.0 42.6 57.6 50.1 26.8 20.7 16.4 16.6 20.9 26.6 32.6 37.0 40.1 51.1 44.1 55.7 45.7 36.0 28.2
-9999.0 -9999.0 -9999.0 -9999.0 -9999.0 -9999.0 -9999.0 -9999.0 -9999.0 -9999.0 -9999.0 -9999.0 -9999.0 10.3 16.5 10.6 15.3 10.5 11.4 13.0 18.3 17.4 16.8 14.1 10.6 8.6 6.1 3.6 2.0 2.8 1.6 1.3 1.0 1.2 2.1 2.7 2.8 4.7 9.4 20.1 19.2 23.1 24.7 23.8 28.2 17.0 13.2 8.0 6.6 5.2 5.7 2.1 4.7 8.5 12.0 10.7 10.0 14.3 22.5 30.4 41.4 46.7 34.2 30.4 22.4 17.6 17.7 22.1 28.2 36.7 44.6 52.1 59.5 70.4 77.6 77.3 73.2 53.4
-9999.0 -9999.0 -9999.0 -9999.0 -9999.0 -9999.0 -9999.0 -9999.0 -9999.0 -9999.0 -9999.0 -9999.0 -9999.0 -9999.0 -9999.0 17.1 16.4 18.4 18.0 18.3 22.8 20.4 19.3 17.9 15.5 11.6 11.0 5.1 4.6 1.0 0.9 0.6 1.9 2.0 1.7 5.4 8.8 4.0 8.4 14.0 23.6 27.6 25.9 22.3 17.2 17.2 13.6 12.1 8.0 6.1 3.3 8.1 2.8 3.8 1.9 6.3 8.6 12.3 20.8 31.0 44.4 38.0 39.1 32.0 24.5 21.0 21.9 25.3 29.7 36.4 46.5 57.3 75.3 86.7 91.6 104.0 99.3 100.3
-9999.0 -9999.0 -9999.0 -9999.0 -9999.0 -9999.0 -9999.0 -9999.0 -9999.0 -9999.0 -9999.0 -9999.0 -9999.0 -9999.0 -9999.0 -9999.0 -9999.0 41.0 28.1 -9999.0 28.0 29.5 26.4 23.8 21.2 15.8 14.7 7.1 2.4 1.9 0.5 0.2 2.6 0.3 0.4 2.1 11.4 2.4 8.2 13.4 19.8 30.4 24.3 19.7 27.3 22.2 76.7 18.4 14.3 9.7 13.5 4.9 7.9 6.0 7.2 7.8 5.5 12.8 17.3 26.8 32.7 34.8 37.5 31.8 24.2 21.0 22.8 26.1 31.8 37.2 46.5 62.3 79.6 80.7 95.9 114.7 110.1 107.8
-9999.0 -9999.0 -9999.0 -9999.0 -9999.0 -9999.0 -9999.0 -9999.0 -9999.0 -9999.0 -9999.0 -9999.0 -9999.0 -9999.0 -9999.0 -9999.0 -9999.0 -9999.0 -9999.0 -9999.0 -9999.0 38.8 37.7 38.6 29.3 21.8 14.7 8.2 3.6 0.9 0.3 0.2 0.2 0.4 0.5 2.5 3.2 3.9 3.4 2.2 3.5 31.0 31.9 24.8 28.4 23.4 117.8 35.4 27.2 64.6 18.6 23.0 19.7 13.1 10.5 11.6 10.9 7.8 24.0 21.5 23.8 27.5 31.7 27.3 23.1 21.0 23.5 28.3 37.6 42.1 45.8 57.5 70.0 67.3 74.8 89.5 97.0 100.5
-9999.0 -9999.0 -9999.0 -9999.0 -9999.0 -9999.0 -9999.0 -9999.0 -9999.0 -9999.0 -9999.0 -9999.0 -9999.0 -9999.0 -9999.0 -9999.0 -9999.0 -9999.0 -9999.0 -9999.0 -9999.0 -9999.0 -9999.0 52.6 40.2 32.2 23.1 14.1 9.0 2.5 1.2 1.2 7.2 4.0 8.9 9.8 17.2 9.1 22.9 32.2 29.9 41.9 21.6 15.7 32.1 118.4 70.8 69.4 95.2 103.0 59.1 38.9 46.3 33.6 19.4 4.3 9.0 14.7 5.7 18.7 17.5 21.5 20.2 19.8 18.9 22.3 28.5 34.7 32.2 40.3 40.3 51.9 64.0 81.3 76.1 91.6 120.2 131.2
-9999.0 -9999.0 -9999.0 -9999.0 -9999.0 -9999.0 -9999.0 -9999.0 -9999.0 -9999.0 -9999.0 -9999.0 -9999.0 -9999.0 -9999.0 -9999.0 -9999.0 -9999.0 -9999.0 -9999.0 -9999.0 -9999.0 -9999.0 -9999.0 -9999.0 66.4 40.2 36.4 22.8 26.7 8.8 3.5 3.9 8.7 8.2 24.5 54.4 23.8 48.0 32.6 59.1 29.1 15.2 22.7 75.0 121.0 119.7 169.4 72.5 114.8 68.1 75.1 63.5 53.4 25.1 8.2 8.6 4.4 14.1 16.3 19.8 20.8 40.6 19.0 19.0 24.4 30.5 25.7 26.8 31.3 35.7 47.5 57.6 95.5 116.3 120.0 141.3 159.6
-9999.0 -9999.0 -9999.0 -9999.0 -9999.0 -9999.0 -9999.0 -9999.0 -9999.0 -9999.0 -9999.0 -9999.0 -9999.0 -9999.0 -9999.0 -9999.0 -9999.0 -9999.0 -9999.0 -9999.0 -9999.0 -9999.0 -9999.0 -9999.0 -9999.0 -9999.0 -9999.0 68.9 54.6 21.6 14.1 11.0 27.1 10.5 24.0 10.0 24.0 25.4 10.8 30.9 53.2 16.4 24.2 60.4 84.8 116.1 143.5 160.6 171.8 160.2 173.0 157.8 100.6 70.1 34.2 17.5 2.5 1.2 10.5 8.5 5.2 22.1 11.6 13.8 16.8 19.4 27.1 32.1 27.8 28.9 36.2 56.3 60.2 101.9 113.3 133.0 172.6 170.1
-9999.0 -9999.0 -9999.0 -9999.0 -9999.0 -9999.0 -9999.0 -9999.0 -9999.0 -9999.0 -9999.0 -9999.0 -9999.0 -9999.0 -9999.0 -9999.0 -9999.0 -9999.0 -9999.0 -9999.0 -9999.0 -9999.0 -9999.0 -9999.0 -9999.0 -9999.0 -9999.0 -9999.0 -9999.0 -9999.0 -9999.0 -9999.0 -9999.0 24.1 32.5 -9999.0 -9999.0 -9999.0 16.8 26.2 18.7 24.3 29.3 66.5 92.1 109.0 -9999.0 -9999.0 -9999.0 -9999.0 -9999.0 -9999.0 115.4 77.3 34.8 9.5 2.4 0.5 2.0 2.2 6.9 20.8 14.2 16.4 18.5 22.8 27.6 30.7 30.9 33.0 39.5 59.6 82.4 87.5 128.9 125.9 162.1 143.0
-9999.0 -9999.0 -9999.0 -9999.0 -9999.0 -9999.0 -9999.0 -9999.0 -9999.0 -9999.0 -9999.0 -9999.0 -9999.0 -9999.0 -9999.0 -9999.0 -9999.0 -9999.0 -9999.0 -9999.0 -9999.0 -9999.0 -9999.0 -9999.0 -9999.0 -9999.0 -9999.0 -9999.0 -9999.0 -9999.0 -9999.0 -9999.0 -9999.0 -9999.0 -9999.0 -9999.0 -9999.0 -9999.0 -9999.0 45.2 46.6 52.4 60.7 70.4 -9999.0 -9999.0 -9999.0 -9999.0 -9999.0 -9999.0 -9999.0 -9999.0 103.2 81.2 41.2 12.7 2.7 0.8 0.5 1.0 3.7 16.9 27.4 23.1 29.6 33.5 38.8 37.4 36.1 44.9 55.1 61.6 63.2 91.0 91.6 111.5 125.9 127.9
-9999.0 -9999.0 -9999.0 -9999.0 -9999.0 -9999.0 -9999.0 -9999.0 -9999.0 -9999.0 -9999.0 -9999.0 -9999.0 -9999.0 -9999.0 -9999.0 -9999.0 -9999.0 -9999.0 -9999.0 -9999.0 -9999.0 -9999.0 -9999.0 -9999.0 -9999.0 -9999.0 -9999.0 -9999.0 -9999.0 -9999.0 -9999.0 -9999.0 -9999.0 -9999.0 -9999.0 -9999.0 -9999.0 -9999.0 -9999.0 -9999.0 -9999.0 -9999.0 -9999.0 -9999.0 -9999.0 -9999.0 -9999.0 -9999.0 -9999.0 -9999.0 -9999.0 63.0 81.7 45.4 30.5 10.6 4.6 3.0 5.2 7.7 18.9 58.8 38.3 43.8 41.7 39.1 37.3 37.6 44.6 53.4 60.0 87.7 80.5 92.1 103.2 118.8 132.3
-9999.0 -9999.0 -9999.0 -9999.0 -9999.0 -9999.0 -9999.0 -9999.0 -9999.0 -9999.0 -9999.0 -9999.0 -9999.0 -9999.0 -9999.0 -9999.0 -9999.0 -9999.0 -9999.0 -9999.0 -9999.0 -9999.0 -9999.0 -9999.0 -9999.0 -9999.0 -9999.0 -9999.0 -9999.0 -9999.0 -9999.0 -9999.0 -9999.0 -9999.0 -9999.0 -9999.0 -9999.0 -9999.0 -9999.0 -9999.0 -9999.0 -9999.0 -9999.0 -9999.0 -9999.0 -9999.0 -9999.0 -9999.0 -9999.0 -9999.0 -9999.0 52.0 56.2 72.3 36.0 35.2 24.8 20.1 14.1 6.6 31.2 40.3 37.4 48.3 48.6 42.6 30.3 18.5 29.3 34.2 45.0 55.6 60.5 71.4 87.1 111.1 126.5 161.4
-9999.0 -9999.0 -9999.0 -9999.0 -9999.0 -9999.0 -9999.0 -9999.0 -9999.0 -9999.0 -9999.0 -9999.0 -9999.0 -9999.0 -9999.0 -9999.0 -9999.0 -9999.0 -9999.0 -9999.0 -9999.0 -9999.0 -9999.0 -9999.0 -9999.0 -9999.0 -9999.0 -9999.0 -9999.0 -9999.0 -9999.0 -9999.0 -9999.0 -9999.0 -9999.0 -9999.0 -9999.0 -9999.0 -9999.0 -9999.0 -9999.0 -9999.0 -9999.0 -9999.0 -9999.0 -9999.0 -9999.0 -9999.0 -9999.0 -9999.0 34.3 43.3 51.4 59.1 44.0 47.9 38.1 27.5 28.8 36.1 37.0 43.6 38.4 45.2 36.8 26.4 24.6 15.6 23.3 24.9 39.0 47.5 59.1 72.8 88.4 108.5 158.8 143.9
-9999.0 -9999.0 -9999.0 -9999.0 -9999.0 -9999.0 -9999.0 -9999.0 -9999.0 -9999.0 -9999.0 -9999.0 -9999.0 -9999.0 -9999.0 -9999.0 -9999.0 -9999.0 -9999.0 -9999.0 -9999.0 -9999.0 -9999.0 -9999.0 -9999.0 -9999.0 -9999.0 -9999.0 -9999.0 -9999.0 -9999.0 -9999.0 -9999.0 -9999.0 -9999.0 -9999.0 -9999.0 -9999.0 -9999.0 -9999.0 -9999.0 -9999.0 -9999.0 -9999.0 -9999.0 -9999.0 -9999.0 -9999.0 -9999.0 -9999.0 21.8 42.6 24.1 44.7 54.3 53.2 33.3 52.5 47.4 37.4 28.6 25.7 16.7 21.2 21.2 10.9 12.1 10.8 16.3 22.7 35.9 49.0 61.2 74.8 91.9 116.8 133.2 171.1
-9999.0 -9999.0 -9999.0 -9999.0 -9999.0 -9999.0 -9999.0 -9999.0 -9999.0 -9999.0 -9999.0 -9999.0 -9999.0 -9999.0 -9999.0 -9999.0 -9999.0 -9999.0 -9999.0 -9999.0 -9999.0 -9999.0 -9999.0 -9999.0 -9999.0 -9999.0 -9999.0 -9999.0 -9999.0 -9999.0 -9999.0 -9999.0 -9999.0 -9999.0 -9999.0 -9999.0 -9999.0 -9999.0 -9999.0 -9999.0 -9999.0 -9999.0 -9999.0 -9999.0 -9999.0 -9999.0 -9999.0 -9999.0 -9999.0 -9999.0 15.2 16.8 17.5 52.5 41.5 46.9 62.9 49.6 45.9 19.8 19.6 16.1 12.1 9.4 13.1 11.2 9.8 11.5 16.4 28.9 37.5 55.3 66.6 79.9 98.5 110.0 113.0 157.6
-9999.0 -9999.0 -9999.0 -9999.0 -9999.0 -9999.0 -9999.0 -9999.0 -9999.0 -9999.0 -9999.0 -9999.0 -9999.0 -9999.0 -9999.0 -9999.0 -9999.0 -9999.0 -9999.0 -9999.0 -9999.0 -9999.0 -9999.0 -9999.0 -9999.0 -9999.0 -9999.0 -9999.0 -9999.0 -9999.0 -9999.0 -9999.0 -9999.0 -9999.0 -9999.0 -9999.0 -9999.0 -9999.0 -9999.0 -9999.0 -9999.0 -9999.0 -9999.0 -9999.0 -9999.0 -9999.0 -9999.0 -9999.0 -9999.0 -9999.0 15.1 23.8 23.6 35.5 42.4 52.1 28.7 35.9 27.6 11.3 13.0 9.5 5.7 8.4 11.9 13.0 16.1 18.1 27.0 25.4 38.2 51.8 69.8 85.9 106.0 104.7 105.5 140.0
-9999.0 -9999.0 -9999.0 -9999.0 -9999.0 -9999.0 -9999.0 -9999.0 -9999.0 -9999.0 -9999.0 -9999.0 -9999.0 -9999.0 -9999.0 -9999.0 -9999.0 -9999.0 -9999.0 -9999.0 -9999.0 -9999.0 -9999.0 -9999.0 -9999.0 -9999.0 -9999.0 -9999.0 -9999.0 -9999.0 -9999.0 -9999.0 -9999.0 -9999.0 -9999.0 -9999.0 -9999.0 -9999.0 -9999.0 -9999.0 -9999.0 -9999.0 -9999.0 -9999.0 -9999.0 -9999.0 -9999.0 -9999.0 -9999.0 -9999.0 -9999.0 -9999.0 -9999.0 23.2 24.8 25.0 24.3 23.4 9.4 9.2 20.9 8.3 14.5 12.2 13.3 14.3 20.1 21.3 30.4 33.6 35.5 46.8 66.4 89.7 106.2 107.8 101.7 117.4
-9999.0 -9999.0 -9999.0 -9999.0 -9999.0 -9999.0 -9999.0 -9999.0 -9999.0 -9999.0 -9999.0 -9999.0 -9999.0 -9999.0 -9999.0 -9999.0 -9999.0 -9999.0 -9999.0 -9999.0 -9999.0 -9999.0 -9999.0 -9999.0 -9999.0 -9999.0 -9999.0 -9999.0 -9999.0 -9999.0 -9999.0 -9999.0 -9999.0 -9999.0 -9999.0 -9999.0 -9999.0 -9999.0 -9999.0 -9999.0 -9999.0 -9999.0 -9999.0 -9999.0 -9999.0 -9999.0 -9999.0 -9999.0 -9999.0 -9999.0 -9999.0 -9999.0 -9999.0 18.2 16.0 25.5 12.1 8.2 11.3 19.3 16.4 17.3 22.1 21.9 21.0 20.5 22.0 28.5 27.8 29.1 31.7 43.8 60.8 83.4 101.8 87.8 84.1 69.2
-9999.0 -9999.0 -9999.0 -9999.0 -9999.0 -9999.0 -9999.0 -9999.0 -9999.0 -9999.0 -9999.0 -9999.0 -9999.0 -9999.0 -9999.0 -9999.0 -9999.0 -9999.0 -9999.0 -9999.0 -9999.0 -9999.0 -9999.0 -9999.0 -9999.0 -9999.0 -9999.0 -9999.0 -9999.0 -9999.0 -9999.0 -9999.0 -9999.0 -9999.0 -9999.0 -9999.0 -9999.0 -9999.0 -9999.0 -9999.0 -9999.0 -9999.0 -9999.0 -9999.0 -9999.0 -9999.0 -9999.0 -9999.0 -9999.0 -9999.0 -9999.0 -9999.0 -9999.0 14.6 10.2 11.4 8.0 7.2 12.6 20.0 28.2 32.7 34.8 34.2 37.0 -9999.0 -9999.0 -9999.0 30.1 29.3 35.1 46.3 60.2 75.2 80.0 61.8 56.5 43.6
-9999.0 -9999.0 -9999.0 -9999.0 -9999.0 -9999.0 -9999.0 -9999.0 -9999.0 -9999.0 -9999.0 -9999.0 -9999.0 -9999.0 -9999.0 -9999.0 -9999.0 -9999.0 -9999.0 -9999.0 -9999.0 -9999.0 -9999.0 -9999.0 -9999.0 -9999.0 -9999.0 -9999.0 -9999.0 -9999.0 -9999.0 -9999.0 -9999.0 -9999.0 -9999.0 -9999.0 -9999.0 -9999.0 -9999.0 -9999.0 -9999.0 -9999.0 -9999.0 -9999.0 -9999.0 -9999.0 -9999.0 -9999.0 -9999.0 -9999.0 -9999.0 -9999.0 -9999.0 -9999.0 10.1 7.7 5.4 7.9 16.7 28.6 40.0 -9999.0 -9999.0 -9999.0 -9999.0 -9999.0 -9999.0 -9999.0 32.3 32.9 37.3 51.8 61.6 61.1 55.4 44.7 33.9 30.5
-9999.0 -9999.0 -9999.0 -9999.0 -9999.0 -9999.0 -9999.0 -9999.0 -9999.0 -9999.0 -9999.0 -9999.0 -9999.0 -9999.0 -9999.0 -9999.0 -9999.0 -9999.0 -9999.0 -9999.0 -9999.0 -9999.0 -9999.0 -9999.0 -9999.0 -9999.0 -9999.0 -9999.0 -9999.0 -9999.0 -9999.0 -9999.0 -9999.0 -9999.0 -9999.0 -9999.0 -9999.0 -9999.0 -9999.0 -9999.0 -9999.0 -9999.0 -9999.0 -9999.0 -9999.0 -9999.0 -9999.0 -9999.0 -9999.0 -9999.0 -9999.0 -9999.0 -9999.0 -9999.0 -9999.0 7.4 10.2 12.3 23.1 36.9 51.2 -9999.0 -9999.0 -9999.0 -9999.0 -9999.0 -9999.0 -9999.0 -9999.0 -9999.0 40.5 -9999.0 -9999.0 -9999.0 -9999.0 -9999.0 19.1 -9999.0
-9999.0 -9999.0 -9999.0 -9999.0 -9999.0 -9999.0 -9999.0 -9999.0 -9999.0 -9999.0 -9999.0 -9999.0 -9999.0 -9999.0 -9999.0 -9999.0 -9999.0 -9999.0 -9999.0 -9999.0 -9999.0 -9999.0 -9999.0 -9999.0 -9999.0 -9999.0 -9999.0 -9999.0 -9999.0 -9999.0 -9999.0 -9999.0 -9999.0 -9999.0 -9999.0 -9999.0 -9999.0 -9999.0 -9999.0 -9999.0 -9999.0 -9999.0 -9999.0 -9999.0 -9999.0 -9999.0 -9999.0 -9999.0 -9999.0 -9999.0 -9999.0 -9999.0 -9999.0 -9999.0 -9999.0 -9999.0 -9999.0 -9999.0 28.5 45.0 -9999.0 -9999.0 -9999.0 -9999.0 -9999.0 -9999.0 -9999.0 -9999.0 -9999.0 -9999.0 -9999.0 -9999.0 -9999.0 -9999.0 -9999.0 13.0 12.3 -9999.0
-9999.0 -9999.0 -9999.0 -9999.0 -9999.0 -9999.0 -9999.0 -9999.0 -9999.0 -9999.0 -9999.0 -9999.0 -9999.0 -9999.0 -9999.0 -9999.0 -9999.0 -9999.0 -9999.0 -9999.0 -9999.0 -9999.0 -9999.0 -9999.0 -9999.0 -9999.0 -9999.0 -9999.0 -9999.0 -9999.0 -9999.0 -9999.0 -9999.0 -9999.0 -9999.0 -9999.0 -9999.0 -9999.0 -9999.0 -9999.0 -9999.0 -9999.0 -9999.0 -9999.0 -9999.0 -9999.0 -9999.0 -9999.0 -9999.0 -9999.0 -9999.0 -9999.0 -9999.0 -9999.0 -9999.0 -9999.0 -9999.0 -9999.0 -9999.0 -9999.0 -9999.0 -9999.0 -9999.0 -9999.0 -9999.0 -9999.0 -9999.0 -9999.0 -9999.0 -9999.0 -9999.0 -9999.0 -9999.0 -9999.0 -9999.0 -9999.0 -9999.0 -9999.0
