program/excelProcessViaJava/data/SURF_CLI_CHN_PRE_MON_GRID_0.5-198002.txt
NCOLS      128
NROWS       72
XLLCORNER    72.000000000000    
YLLCORNER    18.000000000000    
CELLSIZE    0.50000000000000    
NODATA_VALUE   -9999.000    
[rows 35 to 69 of 72, columns 0 to 79 of 128]
-9999.0 -9999.0 -9999.0 -9999.0 -9999.0 -9999.0 -9999.0 0.6 0.3 1.9 0.4 0.8 3.1 2.4 2.2 3.2 1.9 1.4 1.0 0.5 0.3 0.3 0.2 0.2 0.2 0.3 0.5 0.7 1.0 1.6 2.0 2.4 2.7 3.3 4.1 3.2 4.3 3.2 4.2 3.9 0.7 3.9 2.9 1.3 0.5 0.2 0.4 0.3 1.3 2.4 6.8 11.0 8.1 4.1 1.9 1.5 3.2 5.3 8.9 8.0 11.4 4.0 3.1 4.9 6.7 3.0 3.5 4.1 3.3 4.7 3.4 2.4 2.6 2.1 1.1 1.6 1.5 2.6 3.3 1.5
-9999.0 -9999.0 -9999.0 -9999.0 -9999.0 -9999.0 -9999.0 0.0 2.1 0.5 0.4 1.6 1.2 0.6 1.2 0.4 0.8 0.6 0.3 0.2 0.2 0.1 0.1 0.1 0.1 0.1 0.2 0.5 0.6 0.8 1.5 2.1 2.5 3.6 3.2 3.4 3.0 3.5 3.0 2.2 2.1 1.8 2.2 5.2 1.7 0.7 1.5 2.2 5.6 6.1 9.0 8.2 7.2 3.4 1.9 0.7 1.6 4.3 8.4 11.5 10.6 8.7 5.8 8.5 7.8 6.2 4.7 3.4 6.4 2.4 2.8 2.7 2.3 2.1 1.1 2.8 3.1 2.1 1.4 1.5
-9999.0 -9999.0 -9999.0 -9999.0 -9999.0 -9999.0 -9999.0 -9999.0 -9999.0 0.5 1.0 1.8 0.5 0.7 1.0 1.0 0.4 0.1 0.1 0.1 0.1 0.1 0.1 0.1 0.1 0.1 0.1 0.2 0.3 0.8 0.9 1.5 2.0 2.7 2.5 2.6 2.5 2.8 2.1 2.1 1.4 1.6 1.4 1.3 2.5 3.0 3.6 4.0 5.0 6.1 7.5 7.4 5.9 3.1 1.8 0.5 1.0 3.1 7.9 10.8 10.4 10.7 11.7 6.8 8.4 6.5 3.6 2.0 5.0 2.0 2.3 1.2 1.0 1.5 2.6 2.3 1.9 1.2 0.7 0.5
-9999.0 -9999.0 -9999.0 -9999.0 -9999.0 -9999.0 -9999.0 -9999.0 -9999.0 -9999.0 -9999.0 0.3 2.7 0.3 0.5 0.3 0.2 0.2 0.1 0.1 0.0 0.0 0.0 0.0 0.0 0.0 0.1 0.1 0.2 0.5 0.8 1.5 1.7 2.1 2.3 3.6 2.6 2.5 4.7 2.0 2.3 1.3 1.0 1.0 3.2 2.3 5.0 4.0 4.8 5.2 5.9 6.4 5.3 3.3 2.5 1.2 1.1 3.4 7.1 9.5 10.7 9.0 8.5 6.8 8.9 3.0 1.1 1.8 2.7 2.9 1.4 0.6 0.2 0.6 2.6 2.6 1.5 0.9 0.4 0.3
-9999.0 -9999.0 -9999.0 -9999.0 -9999.0 -9999.0 -9999.0 -9999.0 -9999.0 -9999.0 -9999.0 -9999.0 2.1 1.8 0.2 0.4 0.0 0.1 0.1 0.0 0.0 0.0 0.0 0.0 0.0 0.0 0.1 0.1 0.1 0.4 0.6 1.0 1.4 2.2 2.7 2.7 4.3 2.7 1.9 1.3 1.0 0.8 0.8 1.5 1.9 2.7 3.7 2.4 3.1 4.0 5.6 6.0 5.1 3.5 2.7 2.9 3.5 5.9 6.1 10.0 9.8 11.9 12.6 10.0 4.4 12.2 3.7 4.9 5.2 4.5 0.4 0.1 0.2 0.9 1.9 6.1 2.3 1.7 0.7 5.2
-9999.0 -9999.0 -9999.0 -9999.0 -9999.0 -9999.0 -9999.0 -9999.0 -9999.0 -9999.0 -9999.0 -9999.0 0.1 2.7 2.9 0.3 0.8 0.2 0.0 0.0 0.0 0.0 0.0 0.0 0.0 0.0 0.0 0.1 0.1 0.2 0.4 0.8 1.2 1.6 2.2 2.3 3.4 3.5 2.7 1.8 1.0 0.7 1.7 0.9 2.3 3.8 2.4 1.9 1.9 3.6 4.8 6.0 5.4 5.2 4.2 5.4 5.7 7.5 7.4 8.3 8.8 9.4 13.5 18.5 5.6 10.7 3.9 4.2 3.6 2.7 3.9 8.7 9.1 2.0 2.9 2.8 2.1 5.9 4.8 4.6
-9999.0 -9999.0 -9999.0 -9999.0 -9999.0 -9999.0 -9999.0 -9999.0 -9999.0 -9999.0 -9999.0 -9999.0 -9999.0 1.2 0.1 2.2 0.3 0.4 0.3 0.1 0.0 0.1 0.0 0.0 0.0 0.0 0.0 0.0 0.1 0.1 0.3 0.5 0.9 1.4 1.5 1.8 2.2 2.8 6.2 3.4 2.2 2.3 1.7 3.3 2.5 2.5 3.7 4.2 4.4 4.9 6.1 6.2 5.9 9.6 8.3 8.1 8.6 10.3 12.6 11.9 12.6 12.1 16.0 11.4 5.3 10.6 14.9 9.8 7.2 2.9 1.4 1.2 2.0 3.3 7.0 5.2 5.0 3.9 3.3 2.7
-9999.0 -9999.0 -9999.0 -9999.0 -9999.0 -9999.0 -9999.0 -9999.0 -9999.0 -9999.0 -9999.0 -9999.0 1.7 0.2 0.3 1.4 0.1 0.2 0.1 0.5 0.3 0.2 0.1 0.1 0.1 0.0 0.0 0.0 0.1 0.1 0.2 0.4 0.6 0.9 1.3 1.4 2.4 1.9 2.1 2.3 5.0 7.1 8.4 2.3 4.0 5.2 4.8 3.3 4.0 5.4 8.9 11.6 8.2 9.7 8.1 8.4 10.1 9.6 11.2 10.8 12.1 16.1 18.5 26.7 23.8 19.9 3.7 5.1 11.8 15.7 10.4 4.8 3.7 3.3 3.3 4.3 4.6 4.9 4.8 2.5
-9999.0 -9999.0 -9999.0 -9999.0 -9999.0 -9999.0 -9999.0 -9999.0 -9999.0 -9999.0 -9999.0 -9999.0 0.9 6.5 3.2 0.1 0.1 1.4 1.0 0.2 0.9 0.1 0.1 0.1 0.2 0.2 0.1 0.1 0.1 0.1 0.1 0.2 0.3 0.6 0.8 1.0 1.1 1.6 2.0 1.7 2.1 1.8 2.0 3.0 4.6 7.1 10.9 9.6 8.4 4.2 6.7 11.6 8.1 6.7 7.3 7.0 8.0 8.9 8.5 10.4 13.1 18.4 17.4 21.5 24.3 11.5 17.2 5.7 6.2 8.9 9.2 7.8 8.0 11.7 16.3 11.1 8.6 12.1 9.1 3.7
-9999.0 -9999.0 -9999.0 -9999.0 -9999.0 -9999.0 -9999.0 -9999.0 -9999.0 -9999.0 -9999.0 -9999.0 14.7 2.4 8.3 4.3 3.5 0.2 0.9 0.6 0.1 0.0 0.3 0.1 0.2 0.0 0.0 0.0 0.1 0.1 0.1 0.1 0.2 0.4 0.5 0.5 0.8 1.3 1.7 3.2 3.1 2.2 7.0 1.6 5.7 12.5 15.5 11.3 6.6 8.0 10.5 8.3 19.2 18.3 11.3 7.3 7.4 7.1 6.9 5.5 6.9 11.4 25.6 23.1 14.8 9.2 8.3 9.2 11.9 12.0 12.8 16.2 17.3 23.4 58.9 29.0 48.6 16.2 16.9 9.3
-9999.0 -9999.0 -9999.0 -9999.0 -9999.0 -9999.0 -9999.0 -9999.0 -9999.0 -9999.0 -9999.0 -9999.0 -9999.0 0.8 1.3 6.4 3.9 4.3 1.1 0.6 0.0 0.6 0.2 0.1 0.5 0.1 0.1 0.1 0.0 0.1 0.0 0.0 0.1 0.2 0.2 0.5 0.8 1.0 2.2 3.3 4.9 11.9 15.7 12.5 6.6 8.7 14.1 7.1 14.8 14.1 10.0 15.7 11.7 6.3 11.6 10.1 7.0 5.1 4.1 6.9 7.2 22.5 20.6 17.6 10.1 8.6 8.6 11.2 12.7 15.5 15.5 16.8 22.9 18.4 23.1 19.0 18.4 18.8 23.3 15.4
-9999.0 -9999.0 -9999.0 -9999.0 -9999.0 -9999.0 -9999.0 -9999.0 -9999.0 -9999.0 -9999.0 -9999.0 -9999.0 33.2 3.6 10.0 2.2 8.3 6.1 3.3 0.4 0.4 0.2 0.4 2.5 0.6 0.1 0.2 0.0 0.0 0.0 0.0 0.0 0.1 0.1 0.2 0.4 1.0 3.1 10.1 9.0 12.7 14.9 15.0 24.6 13.2 12.9 6.9 9.3 9.9 13.2 4.7 9.3 12.4 13.0 8.4 4.9 3.0 2.5 2.0 5.1 10.5 15.0 12.4 8.5 6.7 7.9 10.9 12.6 12.7 14.6 17.9 20.3 22.2 22.5 24.9 34.2 17.8 19.0 23.4
-9999.0 -9999.0 -9999.0 -9999.0 -9999.0 -9999.0 -9999.0 -9999.0 -9999.0 -9999.0 -9999.0 -9999.0 -9999.0 -9999.0 -9999.0 14.6 16.3 9.2 11.3 13.2 3.4 5.7 5.6 3.3 1.5 0.9 0.0 0.0 0.0 0.0 0.0 0.0 0.0 0.0 0.0 0.2 1.2 0.5 2.4 6.1 13.6 18.4 18.7 15.7 7.7 5.7 9.4 3.7 7.4 1.5 4.1 14.8 4.4 4.9 0.6 4.3 3.3 0.6 1.7 2.8 6.3 9.5 16.7 12.6 7.2 4.3 5.8 9.3 10.9 13.4 15.1 17.0 25.0 25.0 20.9 30.2 27.0 36.4 24.9 32.6
-9999.0 -9999.0 -9999.0 -9999.0 -9999.0 -9999.0 -9999.0 -9999.0 -9999.0 -9999.0 -9999.0 -9999.0 -9999.0 -9999.0 -9999.0 -9999.0 -9999.0 176.4 71.3 -9999.0 42.0 10.8 19.6 15.8 4.3 3.0 0.1 0.0 0.0 0.0 0.0 0.0 0.0 0.0 0.0 0.1 1.1 0.1 1.8 5.2 10.3 18.3 15.9 11.7 8.0 5.1 28.9 12.2 2.2 3.7 0.2 0.8 0.1 3.4 4.5 3.9 0.6 1.8 0.9 1.6 2.2 8.3 16.5 15.1 8.9 4.8 6.1 10.4 13.2 14.2 15.3 24.6 28.0 20.0 22.8 29.7 26.5 27.2 33.3 39.8
-9999.0 -9999.0 -9999.0 -9999.0 -9999.0 -9999.0 -9999.0 -9999.0 -9999.0 -9999.0 -9999.0 -9999.0 -9999.0 -9999.0 -9999.0 -9999.0 -9999.0 -9999.0 -9999.0 -9999.0 -9999.0 40.4 23.5 7.5 11.5 21.2 11.0 3.6 0.2 0.1 0.0 0.1 0.0 0.0 0.0 0.1 0.1 0.1 0.2 0.5 2.1 14.1 15.5 10.9 6.8 5.0 64.2 4.0 12.8 60.7 2.3 15.9 12.2 0.5 2.1 4.8 3.1 0.3 5.1 1.4 2.6 7.9 15.4 17.8 15.2 11.6 13.4 16.7 18.4 15.9 14.5 20.0 19.9 17.2 19.9 25.4 31.5 38.5 45.2 50.4
-9999.0 -9999.0 -9999.0 -9999.0 -9999.0 -9999.0 -9999.0 -9999.0 -9999.0 -9999.0 -9999.0 -9999.0 -9999.0 -9999.0 -9999.0 -9999.0 -9999.0 -9999.0 -9999.0 -9999.0 -9999.0 -9999.0 -9999.0 129.5 42.8 36.9 24.6 9.3 0.2 0.2 0.0 0.0 0.0 0.0 0.1 0.2 1.1 0.5 3.4 7.1 7.5 13.0 5.3 2.4 6.7 93.4 14.6 9.8 17.9 21.6 4.3 11.9 3.9 5.4 2.5 0.2 2.2 4.0 0.5 2.5 3.9 6.9 10.2 13.6 15.2 20.7 25.8 25.9 21.5 15.3 16.6 15.2 16.3 20.6 23.5 32.4 44.8 55.1 61.8 70.6
-9999.0 -9999.0 -9999.0 -9999.0 -9999.0 -9999.0 -9999.0 -9999.0 -9999.0 -9999.0 -9999.0 -9999.0 -9999.0 -9999.0 -9999.0 -9999.0 -9999.0 -9999.0 -9999.0 -9999.0 -9999.0 -9999.0 -9999.0 -9999.0 -9999.0 237.0 87.4 2.8 1.0 0.0 0.0 0.1 0.2 0.1 0.6 1.4 6.0 2.4 7.7 4.7 12.3 3.9 6.8 5.4 52.7 109.0 63.7 163.2 9.7 24.3 18.7 16.8 22.8 20.4 8.7 4.1 4.5 1.8 4.3 4.0 4.5 4.6 14.4 6.7 11.5 22.2 29.6 29.4 29.3 25.2 12.9 12.6 15.4 25.4 34.2 46.8 63.9 79.8 105.0 106.0
-9999.0 -9999.0 -9999.0 -9999.0 -9999.0 -9999.0 -9999.0 -9999.0 -9999.0 -9999.0 -9999.0 -9999.0 -9999.0 -9999.0 -9999.0 -9999.0 -9999.0 -9999.0 -9999.0 -9999.0 -9999.0 -9999.0 -9999.0 -9999.0 -9999.0 -9999.0 -9999.0 271.2 220.9 46.3 22.7 13.5 0.7 10.4 2.9 21.0 3.8 3.6 2.7 3.6 7.0 1.2 13.0 56.8 76.8 114.8 156.9 179.7 196.8 89.0 178.3 178.0 41.9 41.1 26.1 16.9 6.0 2.7 5.7 3.5 1.4 4.5 1.9 3.4 8.1 10.2 24.1 26.6 21.3 16.0 12.4 18.7 19.4 32.6 44.5 64.6 88.3 108.4 114.9 130.0
-9999.0 -9999.0 -9999.0 -9999.0 -9999.0 -9999.0 -9999.0 -9999.0 -9999.0 -9999.0 -9999.0 -9999.0 -9999.0 -9999.0 -9999.0 -9999.0 -9999.0 -9999.0 -9999.0 -9999.0 -9999.0 -9999.0 -9999.0 -9999.0 -9999.0 -9999.0 -9999.0 -9999.0 -9999.0 -9999.0 -9999.0 -9999.0 -9999.0 59.9 12.1 -9999.0 -9999.0 -9999.0 18.7 5.1 7.8 16.4 11.1 73.7 110.0 123.4 -9999.0 -9999.0 -9999.0 -9999.0 -9999.0 -9999.0 112.2 54.0 52.1 23.5 9.1 2.5 2.7 1.9 2.6 4.5 2.5 3.0 3.4 7.4 20.4 30.8 24.0 15.9 14.6 23.7 35.1 40.4 61.1 79.0 104.0 118.3 129.8 141.5
-9999.0 -9999.0 -9999.0 -9999.0 -9999.0 -9999.0 -9999.0 -9999.0 -9999.0 -9999.0 -9999.0 -9999.0 -9999.0 -9999.0 -9999.0 -9999.0 -9999.0 -9999.0 -9999.0 -9999.0 -9999.0 -9999.0 -9999.0 -9999.0 -9999.0 -9999.0 -9999.0 -9999.0 -9999.0 -9999.0 -9999.0 -9999.0 -9999.0 -9999.0 -9999.0 -9999.0 -9999.0 -9999.0 -9999.0 94.4 84.6 84.5 87.9 92.2 -9999.0 -9999.0 -9999.0 -9999.0 -9999.0 -9999.0 -9999.0 -9999.0 113.2 65.7 49.7 22.8 5.8 0.9 0.4 0.8 2.0 3.5 4.5 2.6 7.1 14.5 28.4 30.2 23.5 26.3 29.6 34.2 38.9 59.1 67.5 90.4 109.8 123.4 143.4 133.1
-9999.0 -9999.0 -9999.0 -9999.0 -9999.0 -9999.0 -9999.0 -9999.0 -9999.0 -9999.0 -9999.0 -9999.0 -9999.0 -9999.0 -9999.0 -9999.0 -9999.0 -9999.0 -9999.0 -9999.0 -9999.0 -9999.0 -9999.0 -9999.0 -9999.0 -9999.0 -9999.0 -9999.0 -9999.0 -9999.0 -9999.0 -9999.0 -9999.0 -9999.0 -9999.0 -9999.0 -9999.0 -9999.0 -9999.0 -9999.0 -9999.0 -9999.0 -9999.0 -9999.0 -9999.0 -9999.0 -9999.0 -9999.0 -9999.0 -9999.0 -9999.0 -9999.0 81.9 70.5 48.2 28.8 4.5 0.6 0.2 0.7 1.3 2.2 11.4 3.4 7.4 14.8 25.6 28.8 25.2 27.7 35.2 43.9 69.6 70.2 86.2 104.0 122.9 134.5 141.6 149.4
-9999.0 -9999.0 -9999.0 -9999.0 -9999.0 -9999.0 -9999.0 -9999.0 -9999.0 -9999.0 -9999.0 -9999.0 -9999.0 -9999.0 -9999.0 -9999.0 -9999.0 -9999.0 -9999.0 -9999.0 -9999.0 -9999.0 -9999.0 -9999.0 -9999.0 -9999.0 -9999.0 -9999.0 -9999.0 -9999.0 -9999.0 -9999.0 -9999.0 -9999.0 -9999.0 -9999.0 -9999.0 -9999.0 -9999.0 -9999.0 -9999.0 -9999.0 -9999.0 -9999.0 -9999.0 -9999.0 -9999.0 -9999.0 -9999.0 -9999.0 -9999.0 49.9 66.0 67.4 27.1 16.6 5.2 3.3 1.0 0.3 2.4 3.0 3.0 5.1 9.3 18.2 27.9 23.8 24.1 24.1 32.9 44.4 48.9 60.3 86.5 116.1 136.0 154.3 151.9 155.3
-9999.0 -9999.0 -9999.0 -9999.0 -9999.0 -9999.0 -9999.0 -9999.0 -9999.0 -9999.0 -9999.0 -9999.0 -9999.0 -9999.0 -9999.0 -9999.0 -9999.0 -9999.0 -9999.0 -9999.0 -9999.0 -9999.0 -9999.0 -9999.0 -9999.0 -9999.0 -9999.0 -9999.0 -9999.0 -9999.0 -9999.0 -9999.0 -9999.0 -9999.0 -9999.0 -9999.0 -9999.0 -9999.0 -9999.0 -9999.0 -9999.0 -9999.0 -9999.0 -9999.0 -9999.0 -9999.0 -9999.0 -9999.0 -9999.0 -9999.0 28.8 40.9 54.6 55.5 31.7 21.5 10.3 7.0 4.1 3.6 2.3 3.4 4.3 7.5 13.2 22.1 26.9 25.6 24.4 20.8 30.0 32.1 42.7 65.2 85.3 106.7 134.5 125.0 128.7 116.8
-9999.0 -9999.0 -9999.0 -9999.0 -9999.0 -9999.0 -9999.0 -9999.0 -9999.0 -9999.0 -9999.0 -9999.0 -9999.0 -9999.0 -9999.0 -9999.0 -9999.0 -9999.0 -9999.0 -9999.0 -9999.0 -9999.0 -9999.0 -9999.0 -9999.0 -9999.0 -9999.0 -9999.0 -9999.0 -9999.0 -9999.0 -9999.0 -9999.0 -9999.0 -9999.0 -9999.0 -9999.0 -9999.0 -9999.0 -9999.0 -9999.0 -9999.0 -9999.0 -9999.0 -9999.0 -9999.0 -9999.0 -9999.0 -9999.0 -9999.0 16.0 36.3 15.2 39.5 36.6 24.6 10.7 13.7 10.0 6.2 3.9 3.9 4.1 6.8 12.0 18.8 22.6 20.3 20.7 22.8 33.4 42.0 48.3 54.8 59.6 69.1 87.1 85.9 79.1 77.8
-9999.0 -9999.0 -9999.0 -9999.0 -9999.0 -9999.0 -9999.0 -9999.0 -9999.0 -9999.0 -9999.0 -9999.0 -9999.0 -9999.0 -9999.0 -9999.0 -9999.0 -9999.0 -9999.0 -9999.0 -9999.0 -9999.0 -9999.0 -9999.0 -9999.0 -9999.0 -9999.0 -9999.0 -9999.0 -9999.0 -9999.0 -9999.0 -9999.0 -9999.0 -9999.0 -9999.0 -9999.0 -9999.0 -9999.0 -9999.0 -9999.0 -9999.0 -9999.0 -9999.0 -9999.0 -9999.0 -9999.0 -9999.0 -9999.0 -9999.0 11.8 9.6 8.1 32.6 22.6 16.9 17.0 11.3 11.1 4.9 5.8 4.5 3.1 2.7 6.3 10.8 13.5 13.7 17.9 34.3 46.7 67.3 55.0 60.0 48.1 51.9 65.4 65.4 59.2 60.1
-9999.0 -9999.0 -9999.0 -9999.0 -9999.0 -9999.0 -9999.0 -9999.0 -9999.0 -9999.0 -9999.0 -9999.0 -9999.0 -9999.0 -9999.0 -9999.0 -9999.0 -9999.0 -9999.0 -9999.0 -9999.0 -9999.0 -9999.0 -9999.0 -9999.0 -9999.0 -9999.0 -9999.0 -9999.0 -9999.0 -9999.0 -9999.0 -9999.0 -9999.0 -9999.0 -9999.0 -9999.0 -9999.0 -9999.0 -9999.0 -9999.0 -9999.0 -9999.0 -9999.0 -9999.0 -9999.0 -9999.0 -9999.0 -9999.0 -9999.0 8.0 10.4 10.3 13.9 12.9 10.4 4.5 6.7 8.2 6.2 6.1 2.8 0.3 1.5 4.3 7.6 11.8 13.7 26.4 23.1 48.6 61.0 64.6 59.8 48.6 54.4 62.2 71.3 63.7 68.9
-9999.0 -9999.0 -9999.0 -9999.0 -9999.0 -9999.0 -9999.0 -9999.0 -9999.0 -9999.0 -9999.0 -9999.0 -9999.0 -9999.0 -9999.0 -9999.0 -9999.0 -9999.0 -9999.0 -9999.0 -9999.0 -9999.0 -9999.0 -9999.0 -9999.0 -9999.0 -9999.0 -9999.0 -9999.0 -9999.0 -9999.0 -9999.0 -9999.0 -9999.0 -9999.0 -9999.0 -9999.0 -9999.0 -9999.0 -9999.0 -9999.0 -9999.0 -9999.0 -9999.0 -9999.0 -9999.0 -9999.0 -9999.0 -9999.0 -9999.0 -9999.0 -9999.0 -9999.0 4.5 3.0 1.8 2.6 4.9 6.8 8.4 10.9 5.9 7.1 7.9 8.9 10.2 15.9 13.5 28.3 39.6 45.1 49.9 50.5 48.0 48.4 54.9 64.9 74.8 75.4 73.6
-9999.0 -9999.0 -9999.0 -9999.0 -9999.0 -9999.0 -9999.0 -9999.0 -9999.0 -9999.0 -9999.0 -9999.0 -9999.0 -9999.0 -9999.0 -9999.0 -9999.0 -9999.0 -9999.0 -9999.0 -9999.0 -9999.0 -9999.0 -9999.0 -9999.0 -9999.0 -9999.0 -9999.0 -9999.0 -9999.0 -9999.0 -9999.0 -9999.0 -9999.0 -9999.0 -9999.0 -9999.0 -9999.0 -9999.0 -9999.0 -9999.0 -9999.0 -9999.0 -9999.0 -9999.0 -9999.0 -9999.0 -9999.0 -9999.0 -9999.0 -9999.0 -9999.0 -9999.0 1.2 1.2 0.4 3.5 7.4 10.1 16.3 21.1 23.1 35.5 31.0 26.6 21.5 13.9 29.1 24.5 32.7 36.1 39.7 41.1 40.7 43.1 49.1 53.7 54.3 59.0 64.7
-9999.0 -9999.0 -9999.0 -9999.0 -9999.0 -9999.0 -9999.0 -9999.0 -9999.0 -9999.0 -9999.0 -9999.0 -9999.0 -9999.0 -9999.0 -9999.0 -9999.0 -9999.0 -9999.0 -9999.0 -9999.0 -9999.0 -9999.0 -9999.0 -9999.0 -9999.0 -9999.0 -9999.0 -9999.0 -9999.0 -9999.0 -9999.0 -9999.0 -9999.0 -9999.0 -9999.0 -9999.0 -9999.0 -9999.0 -9999.0 -9999.0 -9999.0 -9999.0 -9999.0 -9999.0 -9999.0 -9999.0 -9999.0 -9999.0 -9999.0 -9999.0 -9999.0 -9999.0 0.3 1.8 1.7 7.5 13.1 15.8 21.0 38.0 54.3 72.5 71.1 41.3 -9999.0 -9999.0 -9999.0 37.4 31.9 38.2 44.0 41.6 37.8 39.1 43.0 44.8 41.7 43.6 56.3
-9999.0 -9999.0 -9999.0 -9999.0 -9999.0 -9999.0 -9999.0 -9999.0 -9999.0 -9999.0 -9999.0 -9999.0 -9999.0 -9999.0 -9999.0 -9999.0 -9999.0 -9999.0 -9999.0 -9999.0 -9999.0 -9999.0 -9999.0 -9999.0 -9999.0 -9999.0 -9999.0 -9999.0 -9999.0 -9999.0 -9999.0 -9999.0 -9999.0 -9999.0 -9999.0 -9999.0 -9999.0 -9999.0 -9999.0 -9999.0 -9999.0 -9999.0 -9999.0 -9999.0 -9999.0 -9999.0 -9999.0 -9999.0 -9999.0 -9999.0 -9999.0 -9999.0 -9999.0 -9999.0 1.0 4.6 12.5 14.3 19.4 29.8 27.5 -9999.0 -9999.0 -9999.0 -9999.0 -9999.0 -9999.0 -9999.0 38.1 45.5 57.8 49.0 42.9 37.0 33.8 35.9 39.8 38.2 41.3 -9999.0
-9999.0 -9999.0 -9999.0 -9999.0 -9999.0 -9999.0 -9999.0 -9999.0 -9999.0 -9999.0 -9999.0 -9999.0 -9999.0 -9999.0 -9999.0 -9999.0 -9999.0 -9999.0 -9999.0 -9999.0 -9999.0 -9999.0 -9999.0 -9999.0 -9999.0 -9999.0 -9999.0 -9999.0 -9999.0 -9999.0 -9999.0 -9999.0 -9999.0 -9999.0 -9999.0 -9999.0 -9999.0 -9999.0 -9999.0 -9999.0 -9999.0 -9999.0 -9999.0 -9999.0 -9999.0 -9999.0 -9999.0 -9999.0 -9999.0 -9999.0 -9999.0 -9999.0 -9999.0 -9999.0 -9999.0 5.9 11.7 15.7 12.9 21.5 30.5 -9999.0 -9999.0 -9999.0 -9999.0 -9999.0 -9999.0 -9999.0 -9999.0 -9999.0 55.1 -9999.0 -9999.0 -9999.0 -9999.0 -9999.0 25.3 -9999.0 -9999.0 -9999.0
-9999.0 -9999.0 -9999.0 -9999.0 -9999.0 -9999.0 -9999.0 -9999.0 -9999.0 -9999.0 -9999.0 -9999.0 -9999.0 -9999.0 -9999.0 -9999.0 -9999.0 -9999.0 -9999.0 -9999.0 -9999.0 -9999.0 -9999.0 -9999.0 -9999.0 -9999.0 -9999.0 -9999.0 -9999.0 -9999.0 -9999.0 -9999.0 -9999.0 -9999.0 -9999.0 -9999.0 -9999.0 -9999.0 -9999.0 -9999.0 -9999.0 -9999.0 -9999.0 -9999.0 -9999.0 -9999.0 -9999.0 -9999.0 -9999.0 -9999.0 -9999.0 -9999.0 -9999.0 -9999.0 -9999.0 -9999.0 -9999.0 -9999.0 14.4 14.4 -9999.0 -9999.0 -9999.0 -9999.0 -9999.0 -9999.0 -9999.0 -9999.0 -9999.0 -9999.0 -9999.0 -9999.0 -9999.0 -9999.0 -9999.0 14.5 15.0 -9999.0 -9999.0 -9999.0
-9999.0 -9999.0 -9999.0 -9999.0 -9999.0 -9999.0 -9999.0 -9999.0 -9999.0 -9999.0 -9999.0 -9999.0 -9999.0 -9999.0 -9999.0 -9999.0 -9999.0 -9999.0 -9999.0 -9999.0 -9999.0 -9999.0 -9999.0 -9999.0 -9999.0 -9999.0 -9999.0 -9999.0 -9999.0 -9999.0 -9999.0 -9999.0 -9999.0 -9999.0 -9999.0 -9999.0 -9999.0 -9999.0 -9999.0 -9999.0 -9999.0 -9999.0 -9999.0 -9999.0 -9999.0 -9999.0 -9999.0 -9999.0 -9999.0 -9999.0 -9999.0 -9999.0 -9999.0 -9999.0 -9999.0 -9999.0 -9999.0 -9999.0 -9999.0 -9999.0 -9999.0 -9999.0 -9999.0 -9999.0 -9999.0 -9999.0 -9999.0 -9999.0 -9999.0 -9999.0 -9999.0 -9999.0 -9999.0 -9999.0 -9999.0 -9999.0 -9999.0 -9999.0 -9999.0 -9999.0
-9999.0 -9999.0 -9999.0 -9999.0 -9999.0 -9999.0 -9999.0 -9999.0 -9999.0 -9999.0 -9999.0 -9999.0 -9999.0 -9999.0 -9999.0 -9999.0 -9999.0 -9999.0 -9999.0 -9999.0 -9999.0 -9999.0 -9999.0 -9999.0 -9999.0 -9999.0 -9999.0 -9999.0 -9999.0 -9999.0 -9999.0 -9999.0 -9999.0 -9999.0 -9999.0 -9999.0 -9999.0 -9999.0 -9999.0 -9999.0 -9999.0 -9999.0 -9999.0 -9999.0 -9999.0 -9999.0 -9999.0 -9999.0 -9999.0 -9999.0 -9999.0 -9999.0 -9999.0 -9999.0 -9999.0 -9999.0 -9999.0 -9999.0 -9999.0 -9999.0 -9999.0 -9999.0 -9999.0 -9999.0 -9999.0 -9999.0 -9999.0 -9999.0 -9999.0 -9999.0 -9999.0 -9999.0 -9999.0 -9999.0 -9999.0 14.6 17.1 22.6 -9999.0 -9999.0
-9999.0 -9999.0 -9999.0 -9999.0 -9999.0 -9999.0 -9999.0 -9999.0 -9999.0 -9999.0 -9999.0 -9999.0 -9999.0 -9999.0 -9999.0 -9999.0 -9999.0 -9999.0 -9999.0 -9999.0 -9999.0 -9999.0 -9999.0 -9999.0 -9999.0 -9999.0 -9999.0 -9999.0 -9999.0 -9999.0 -9999.0 -9999.0 -9999.0 -9999.0 -9999.0 -9999.0 -9999.0 -9999.0 -9999.0 -9999.0 -9999.0 -9999.0 -9999.0 -9999.0 -9999.0 -9999.0 -9999.0 -9999.0 -9999.0 -9999.0 -9999.0 -9999.0 -9999.0 -9999.0 -9999.0 -9999.0 -9999.0 -9999.0 -9999.0 -9999.0 -9999.0 -9999.0 -9999.0 -9999.0 -9999.0 -9999.0 -9999.0 -9999.0 -9999.0 -9999.0 -9999.0 -9999.0 -9999.0 17.7 15.8 14.1 17.4 -9999.0 -9999.0 -9999.0
