program/excelProcessViaJava/data/SURF_CLI_CHN_PRE_MON_GRID_0.5-200405.txt
NCOLS      128
NROWS       72
XLLCORNER    72.000000000000    
YLLCORNER    18.000000000000    
CELLSIZE    0.50000000000000    
NODATA_VALUE   -9999.000    
[rows 34 to 67 of 72, columns 0 to 76 of 128]
-9999.0 -9999.0 -9999.0 -9999.0 0.0 0.0 0.0 0.1 0.0 0.0 2.4 0.0 0.2 0.2 10.5 8.9 7.2 12.4 12.8 8.4 2.8 1.0 0.4 0.0 0.0 0.0 0.0 0.0 0.0 0.1 0.2 0.3 0.7 1.5 2.5 3.8 5.5 8.1 8.4 7.6 12.4 6.9 7.1 6.2 6.3 7.1 9.4 13.6 19.9 29.3 36.3 42.0 61.1 47.4 38.8 39.9 43.8 55.3 69.3 65.2 71.3 50.4 40.0 37.9 33.4 31.3 39.6 39.5 41.1 46.3 43.5 47.0 43.7 34.6 24.7 20.8 18.5
-9999.0 -9999.0 -9999.0 -9999.0 -9999.0 -9999.0 -9999.0 0.0 0.0 0.0 0.0 0.0 0.0 0.0 0.0 10.4 0.8 4.9 4.8 0.6 0.0 0.0 0.0 0.0 0.0 0.0 0.0 0.0 0.0 0.0 0.1 0.3 0.7 1.3 2.4 4.0 6.1 8.3 12.5 16.8 13.6 27.4 29.3 23.3 15.3 8.9 14.8 17.3 27.9 28.0 31.8 39.1 50.2 68.9 60.8 40.9 41.5 49.6 63.7 74.7 65.0 56.1 46.2 48.5 51.3 44.8 45.2 47.3 46.0 48.6 47.6 48.1 44.0 33.4 24.1 23.1 22.5
-9999.0 -9999.0 -9999.0 -9999.0 -9999.0 -9999.0 -9999.0 0.0 0.0 0.0 0.0 0.0 0.0 0.0 0.0 0.0 0.0 0.0 0.0 0.0 0.0 0.0 0.0 0.0 0.0 0.0 0.0 0.0 0.0 0.1 0.2 0.4 0.8 1.4 2.8 4.3 6.3 9.1 12.2 15.6 20.5 25.1 30.3 41.3 28.4 19.1 25.7 31.2 48.9 50.0 67.7 69.0 59.6 64.1 67.3 52.5 51.4 56.7 58.5 57.0 64.4 66.0 61.1 63.3 60.9 53.7 47.5 44.1 50.9 40.2 45.2 45.4 38.1 30.2 22.5 30.0 32.7
-9999.0 -9999.0 -9999.0 -9999.0 -9999.0 -9999.0 -9999.0 -9999.0 -9999.0 0.0 0.0 0.0 0.0 0.0 0.0 0.0 0.0 0.0 0.0 0.0 0.0 0.0 0.0 0.0 0.0 0.0 0.0 0.0 0.1 0.1 0.4 0.6 1.2 1.9 3.6 5.1 6.9 9.4 12.1 16.3 20.0 26.2 29.7 30.3 35.8 37.0 39.4 41.8 47.3 52.7 61.2 64.1 66.4 67.7 71.6 66.8 62.2 62.1 55.8 53.3 53.4 49.1 49.2 65.2 63.2 56.5 46.1 38.5 47.9 39.9 44.7 38.0 29.3 25.7 29.6 29.0 39.3
-9999.0 -9999.0 -9999.0 -9999.0 -9999.0 -9999.0 -9999.0 -9999.0 -9999.0 -9999.0 -9999.0 0.0 0.0 0.0 0.0 0.0 0.0 0.0 0.0 0.0 0.0 0.0 0.0 0.0 0.0 0.0 0.0 0.0 0.1 0.2 0.5 0.6 1.8 2.9 4.5 5.6 8.0 10.3 15.1 16.9 22.7 26.0 29.1 31.4 42.2 38.1 49.2 46.1 50.7 52.4 53.3 59.5 65.9 71.9 74.5 77.3 77.9 70.0 61.0 54.6 48.0 47.8 48.8 55.7 55.7 51.6 37.8 35.5 41.0 46.2 45.4 39.4 26.6 20.9 22.4 31.8 41.5
-9999.0 -9999.0 -9999.0 -9999.0 -9999.0 -9999.0 -9999.0 -9999.0 -9999.0 -9999.0 -9999.0 -9999.0 0.0 0.0 0.0 0.0 0.0 0.0 0.0 0.0 0.0 0.0 0.0 0.0 0.0 0.0 0.1 0.0 0.2 0.2 0.6 1.5 2.6 3.4 5.1 7.3 9.4 12.1 14.7 17.4 20.8 25.4 30.2 37.1 40.5 45.0 49.9 46.2 48.5 49.9 55.3 58.8 63.6 70.7 77.0 80.0 80.1 72.7 73.2 59.8 54.5 47.9 46.2 49.6 53.9 55.2 40.2 40.5 45.9 53.7 43.2 32.6 28.9 28.0 33.8 70.9 57.4
-9999.0 -9999.0 -9999.0 -9999.0 -9999.0 -9999.0 -9999.0 -9999.0 -9999.0 -9999.0 -9999.0 -9999.0 0.0 0.1 0.4 0.0 0.1 0.0 0.0 0.0 0.0 0.0 0.0 0.0 0.1 0.1 0.1 0.4 0.4 1.1 1.3 1.6 3.5 5.5 7.1 9.7 11.7 15.0 18.4 21.8 24.7 28.8 37.2 38.1 45.8 52.1 50.3 50.1 46.9 49.6 50.2 54.6 60.2 67.6 77.3 79.9 85.2 82.7 84.7 78.5 70.9 63.6 59.4 60.3 50.0 50.6 37.1 38.9 42.9 52.4 70.5 92.8 98.9 72.7 73.7 65.2 57.1
-9999.0 -9999.0 -9999.0 -9999.0 -9999.0 -9999.0 -9999.0 -9999.0 -9999.0 -9999.0 -9999.0 -9999.0 -9999.0 0.0 0.0 0.3 0.0 0.1 0.1 0.1 0.0 0.1 0.0 0.1 0.1 0.0 0.1 0.1 0.4 1.0 3.0 4.9 4.7 6.7 11.2 13.3 15.9 19.1 24.7 28.9 33.3 38.9 42.5 49.5 49.9 51.5 56.1 57.9 56.5 53.3 51.7 52.8 58.5 62.3 68.7 75.2 82.6 84.9 83.3 91.3 91.1 88.7 84.0 73.0 45.5 43.4 45.7 50.1 57.3 58.3 47.8 58.2 86.9 99.8 112.4 90.9 77.1
-9999.0 -9999.0 -9999.0 -9999.0 -9999.0 -9999.0 -9999.0 -9999.0 -9999.0 -9999.0 -9999.0 -9999.0 0.0 0.0 0.0 0.1 0.0 0.0 0.0 0.3 0.3 0.2 0.1 0.2 0.4 0.1 0.3 0.8 1.5 2.2 4.3 8.6 6.7 11.6 13.7 18.0 19.6 25.4 30.2 36.0 43.9 51.3 57.0 52.2 56.0 58.6 59.4 59.4 58.8 55.8 53.8 53.9 57.1 61.5 69.2 73.9 76.1 94.0 98.2 110.0 115.7 116.4 114.9 107.9 82.0 53.6 69.3 70.1 73.2 91.2 102.9 101.5 99.5 88.9 90.4 86.9 78.7
-9999.0 -9999.0 -9999.0 -9999.0 -9999.0 -9999.0 -9999.0 -9999.0 -9999.0 -9999.0 -9999.0 -9999.0 0.0 0.3 0.1 0.0 0.0 0.2 0.2 0.0 0.5 0.1 0.2 0.3 0.9 1.7 2.1 3.0 4.0 7.1 9.9 11.6 10.6 18.9 22.1 23.9 29.2 32.6 38.7 45.8 51.6 54.9 56.5 58.1 59.5 61.3 63.5 62.1 59.9 56.8 53.6 53.1 58.0 66.8 72.6 78.9 78.5 87.6 103.5 116.1 128.2 135.3 137.1 105.6 75.6 64.8 61.6 86.6 82.8 83.7 98.7 117.7 136.3 173.0 178.3 131.6 103.1
-9999.0 -9999.0 -9999.0 -9999.0 -9999.0 -9999.0 -9999.0 -9999.0 -9999.0 -9999.0 -9999.0 -9999.0 0.6 0.0 0.4 0.1 0.2 0.0 0.0 0.0 0.0 0.0 0.2 0.1 0.5 0.3 1.0 0.6 6.2 8.9 12.7 10.0 20.4 27.2 29.9 31.2 35.5 40.3 47.5 53.8 60.7 62.6 66.9 59.9 62.1 63.9 62.4 58.5 55.7 52.6 50.0 51.4 54.7 59.7 68.1 81.9 82.2 91.4 106.3 120.6 138.9 152.6 155.8 110.5 54.4 114.3 106.4 91.4 89.6 103.4 126.0 171.8 199.6 225.7 247.8 193.7 194.7
-9999.0 -9999.0 -9999.0 -9999.0 -9999.0 -9999.0 -9999.0 -9999.0 -9999.0 -9999.0 -9999.0 -9999.0 -9999.0 0.0 0.0 0.1 0.0 0.1 0.0 0.0 0.0 0.0 0.0 0.0 0.7 0.9 2.4 5.3 4.8 13.9 9.8 15.9 19.0 29.4 31.5 28.8 35.3 45.7 50.7 57.5 63.4 67.7 70.3 69.1 63.1 59.2 56.8 50.3 49.2 45.6 42.2 47.0 52.3 65.5 69.4 78.7 81.1 88.8 109.8 132.2 150.2 157.2 166.2 77.1 113.7 109.2 99.5 86.8 99.3 132.2 169.1 196.0 233.9 189.9 215.8 171.5 155.8
-9999.0 -9999.0 -9999.0 -9999.0 -9999.0 -9999.0 -9999.0 -9999.0 -9999.0 -9999.0 -9999.0 -9999.0 -9999.0 3.0 0.0 0.0 0.0 0.2 0.1 0.0 0.0 0.0 0.0 0.0 2.1 1.5 2.1 7.2 8.3 2.1 6.5 11.7 22.5 26.9 26.3 31.5 41.7 46.4 47.5 49.7 57.1 63.4 67.4 66.5 62.9 56.3 50.6 43.3 39.6 36.9 39.3 40.3 49.2 59.1 69.7 81.5 85.4 94.6 117.8 119.9 158.4 147.3 94.0 119.0 101.5 88.2 83.2 90.1 117.2 163.1 202.6 227.2 236.5 240.9 235.9 236.5 240.5
-9999.0 -9999.0 -9999.0 -9999.0 -9999.0 -9999.0 -9999.0 -9999.0 -9999.0 -9999.0 -9999.0 -9999.0 -9999.0 -9999.0 -9999.0 0.0 0.1 0.0 0.1 0.4 0.0 0.1 0.3 0.3 0.3 0.8 0.1 1.7 0.7 8.3 8.0 13.8 11.1 17.5 27.7 25.7 30.1 47.6 42.8 42.1 46.0 51.2 56.1 58.1 59.2 56.0 44.9 40.6 35.6 31.3 33.7 44.6 48.0 57.7 69.5 79.8 91.3 77.7 122.8 143.0 153.6 107.2 123.1 111.8 95.1 92.5 101.5 124.0 152.6 189.9 221.4 233.9 259.5 266.6 258.7 285.2 272.3
-9999.0 -9999.0 -9999.0 -9999.0 -9999.0 -9999.0 -9999.0 -9999.0 -9999.0 -9999.0 -9999.0 -9999.0 -9999.0 -9999.0 -9999.0 -9999.0 -9999.0 87.8 18.4 -9999.0 7.2 0.1 1.8 2.4 0.4 1.1 0.1 1.2 6.6 3.2 8.9 19.0 8.0 28.8 42.7 33.7 27.2 53.9 36.5 32.9 34.1 38.4 42.9 47.6 87.3 58.1 116.9 39.5 36.3 35.3 48.7 46.0 75.2 59.6 67.3 75.5 77.1 98.8 116.3 139.5 124.3 108.9 117.6 124.4 119.2 129.2 156.1 174.6 188.9 209.1 217.8 251.5 269.0 263.1 290.1 306.3 287.3
-9999.0 -9999.0 -9999.0 -9999.0 -9999.0 -9999.0 -9999.0 -9999.0 -9999.0 -9999.0 -9999.0 -9999.0 -9999.0 -9999.0 -9999.0 -9999.0 -9999.0 -9999.0 -9999.0 -9999.0 -9999.0 2.3 0.5 0.0 0.6 9.0 8.8 8.7 7.2 14.9 12.3 31.5 28.0 26.9 37.3 30.7 39.1 42.3 41.4 49.8 47.1 27.2 30.8 35.6 92.7 45.2 197.8 53.0 42.1 57.5 50.7 56.7 62.7 74.2 67.0 70.2 74.5 77.1 105.2 128.7 130.1 142.6 121.6 142.5 168.0 186.3 214.8 220.4 210.5 210.0 222.8 247.9 259.8 260.3 281.3 286.9 264.6
-9999.0 -9999.0 -9999.0 -9999.0 -9999.0 -9999.0 -9999.0 -9999.0 -9999.0 -9999.0 -9999.0 -9999.0 -9999.0 -9999.0 -9999.0 -9999.0 -9999.0 -9999.0 -9999.0 -9999.0 -9999.0 -9999.0 -9999.0 42.4 6.3 9.9 11.2 8.7 2.6 10.9 9.0 8.7 4.2 11.8 13.1 20.0 22.6 34.6 24.9 20.6 18.9 19.7 24.8 42.5 101.4 282.9 108.6 87.6 116.0 132.5 90.6 73.5 104.1 90.4 74.1 49.0 58.3 73.6 83.9 108.1 166.1 185.6 170.7 144.5 153.9 185.8 205.0 211.1 198.6 190.4 214.7 239.4 254.3 266.0 251.8 245.6 252.6
-9999.0 -9999.0 -9999.0 -9999.0 -9999.0 -9999.0 -9999.0 -9999.0 -9999.0 -9999.0 -9999.0 -9999.0 -9999.0 -9999.0 -9999.0 -9999.0 -9999.0 -9999.0 -9999.0 -9999.0 -9999.0 -9999.0 -9999.0 -9999.0 -9999.0 115.0 35.4 0.1 0.5 0.2 2.6 12.4 15.6 11.0 19.3 13.9 12.2 26.4 19.1 20.4 15.2 17.6 125.0 106.8 249.2 324.6 235.7 353.0 80.6 142.1 84.7 108.0 101.2 100.1 83.3 55.5 51.9 49.8 70.2 87.2 120.7 150.5 131.1 131.6 131.1 141.4 149.4 164.2 177.2 187.9 192.1 227.2 216.3 238.8 226.9 206.6 211.3
-9999.0 -9999.0 -9999.0 -9999.0 -9999.0 -9999.0 -9999.0 -9999.0 -9999.0 -9999.0 -9999.0 -9999.0 -9999.0 -9999.0 -9999.0 -9999.0 -9999.0 -9999.0 -9999.0 -9999.0 -9999.0 -9999.0 -9999.0 -9999.0 -9999.0 -9999.0 -9999.0 156.3 151.7 39.7 32.2 30.8 2.9 42.4 13.9 116.5 29.8 34.1 67.8 28.7 17.4 43.9 157.9 277.2 305.0 350.3 387.8 397.1 394.7 245.9 314.1 279.8 147.3 130.4 94.3 68.1 49.9 45.9 58.2 67.4 89.0 110.0 107.1 100.9 92.8 106.8 125.1 137.0 150.3 165.6 194.5 248.7 179.3 197.4 171.5 174.8 212.6
-9999.0 -9999.0 -9999.0 -9999.0 -9999.0 -9999.0 -9999.0 -9999.0 -9999.0 -9999.0 -9999.0 -9999.0 -9999.0 -9999.0 -9999.0 -9999.0 -9999.0 -9999.0 -9999.0 -9999.0 -9999.0 -9999.0 -9999.0 -9999.0 -9999.0 -9999.0 -9999.0 -9999.0 -9999.0 -9999.0 -9999.0 -9999.0 -9999.0 106.9 24.6 -9999.0 -9999.0 -9999.0 137.3 55.8 105.9 161.4 137.8 307.3 357.7 373.6 -9999.0 -9999.0 -9999.0 -9999.0 -9999.0 -9999.0 198.7 131.6 113.7 84.9 63.4 53.6 47.3 51.3 68.5 82.2 86.2 82.2 87.0 105.2 132.9 165.9 188.0 192.0 205.4 267.0 255.3 174.6 184.7 175.2 227.1
-9999.0 -9999.0 -9999.0 -9999.0 -9999.0 -9999.0 -9999.0 -9999.0 -9999.0 -9999.0 -9999.0 -9999.0 -9999.0 -9999.0 -9999.0 -9999.0 -9999.0 -9999.0 -9999.0 -9999.0 -9999.0 -9999.0 -9999.0 -9999.0 -9999.0 -9999.0 -9999.0 -9999.0 -9999.0 -9999.0 -9999.0 -9999.0 -9999.0 -9999.0 -9999.0 -9999.0 -9999.0 -9999.0 -9999.0 270.5 276.1 291.0 308.3 325.0 -9999.0 -9999.0 -9999.0 -9999.0 -9999.0 -9999.0 -9999.0 -9999.0 205.1 146.3 121.4 105.8 88.1 65.7 49.2 47.9 60.2 69.7 70.8 78.0 81.3 113.7 165.7 217.6 232.6 271.1 304.4 300.1 235.3 235.4 184.0 212.0 250.4
-9999.0 -9999.0 -9999.0 -9999.0 -9999.0 -9999.0 -9999.0 -9999.0 -9999.0 -9999.0 -9999.0 -9999.0 -9999.0 -9999.0 -9999.0 -9999.0 -9999.0 -9999.0 -9999.0 -9999.0 -9999.0 -9999.0 -9999.0 -9999.0 -9999.0 -9999.0 -9999.0 -9999.0 -9999.0 -9999.0 -9999.0 -9999.0 -9999.0 -9999.0 -9999.0 -9999.0 -9999.0 -9999.0 -9999.0 -9999.0 -9999.0 -9999.0 -9999.0 -9999.0 -9999.0 -9999.0 -9999.0 -9999.0 -9999.0 -9999.0 -9999.0 -9999.0 293.2 170.0 143.3 124.2 110.5 83.3 61.9 57.4 62.3 70.9 78.0 78.4 92.3 141.6 202.5 245.8 264.0 280.3 295.7 298.0 333.0 255.5 239.9 253.7 314.4
-9999.0 -9999.0 -9999.0 -9999.0 -9999.0 -9999.0 -9999.0 -9999.0 -9999.0 -9999.0 -9999.0 -9999.0 -9999.0 -9999.0 -9999.0 -9999.0 -9999.0 -9999.0 -9999.0 -9999.0 -9999.0 -9999.0 -9999.0 -9999.0 -9999.0 -9999.0 -9999.0 -9999.0 -9999.0 -9999.0 -9999.0 -9999.0 -9999.0 -9999.0 -9999.0 -9999.0 -9999.0 -9999.0 -9999.0 -9999.0 -9999.0 -9999.0 -9999.0 -9999.0 -9999.0 -9999.0 -9999.0 -9999.0 -9999.0 -9999.0 -9999.0 332.3 258.5 203.0 160.4 151.0 131.0 108.2 80.5 64.8 74.3 75.2 81.3 86.5 102.9 139.5 162.0 127.4 209.3 217.2 233.1 245.2 224.8 219.5 246.9 284.7 348.2
-9999.0 -9999.0 -9999.0 -9999.0 -9999.0 -9999.0 -9999.0 -9999.0 -9999.0 -9999.0 -9999.0 -9999.0 -9999.0 -9999.0 -9999.0 -9999.0 -9999.0 -9999.0 -9999.0 -9999.0 -9999.0 -9999.0 -9999.0 -9999.0 -9999.0 -9999.0 -9999.0 -9999.0 -9999.0 -9999.0 -9999.0 -9999.0 -9999.0 -9999.0 -9999.0 -9999.0 -9999.0 -9999.0 -9999.0 -9999.0 -9999.0 -9999.0 -9999.0 -9999.0 -9999.0 -9999.0 -9999.0 -9999.0 -9999.0 -9999.0 319.5 332.7 288.4 245.8 200.1 183.4 148.5 112.4 97.0 93.1 84.3 92.8 90.9 100.2 111.9 114.6 118.1 104.2 146.3 154.0 182.2 174.3 187.1 227.6 266.0 311.2 322.8
-9999.0 -9999.0 -9999.0 -9999.0 -9999.0 -9999.0 -9999.0 -9999.0 -9999.0 -9999.0 -9999.0 -9999.0 -9999.0 -9999.0 -9999.0 -9999.0 -9999.0 -9999.0 -9999.0 -9999.0 -9999.0 -9999.0 -9999.0 -9999.0 -9999.0 -9999.0 -9999.0 -9999.0 -9999.0 -9999.0 -9999.0 -9999.0 -9999.0 -9999.0 -9999.0 -9999.0 -9999.0 -9999.0 -9999.0 -9999.0 -9999.0 -9999.0 -9999.0 -9999.0 -9999.0 -9999.0 -9999.0 -9999.0 -9999.0 -9999.0 279.5 351.2 320.9 301.9 265.7 228.5 183.3 164.0 136.0 112.1 102.1 104.5 103.0 119.2 125.9 91.6 81.1 84.0 105.0 131.2 155.5 168.6 187.0 218.5 253.9 292.9 346.3
-9999.0 -9999.0 -9999.0 -9999.0 -9999.0 -9999.0 -9999.0 -9999.0 -9999.0 -9999.0 -9999.0 -9999.0 -9999.0 -9999.0 -9999.0 -9999.0 -9999.0 -9999.0 -9999.0 -9999.0 -9999.0 -9999.0 -9999.0 -9999.0 -9999.0 -9999.0 -9999.0 -9999.0 -9999.0 -9999.0 -9999.0 -9999.0 -9999.0 -9999.0 -9999.0 -9999.0 -9999.0 -9999.0 -9999.0 -9999.0 -9999.0 -9999.0 -9999.0 -9999.0 -9999.0 -9999.0 -9999.0 -9999.0 -9999.0 -9999.0 221.9 286.6 273.2 356.4 298.0 268.2 257.5 203.3 181.4 140.8 139.9 138.5 132.3 136.8 146.5 116.2 100.0 110.8 121.6 135.2 153.6 185.9 208.0 238.7 258.1 297.7 355.2
-9999.0 -9999.0 -9999.0 -9999.0 -9999.0 -9999.0 -9999.0 -9999.0 -9999.0 -9999.0 -9999.0 -9999.0 -9999.0 -9999.0 -9999.0 -9999.0 -9999.0 -9999.0 -9999.0 -9999.0 -9999.0 -9999.0 -9999.0 -9999.0 -9999.0 -9999.0 -9999.0 -9999.0 -9999.0 -9999.0 -9999.0 -9999.0 -9999.0 -9999.0 -9999.0 -9999.0 -9999.0 -9999.0 -9999.0 -9999.0 -9999.0 -9999.0 -9999.0 -9999.0 -9999.0 -9999.0 -9999.0 -9999.0 -9999.0 -9999.0 242.6 321.5 310.3 343.2 323.3 318.1 218.7 232.4 215.4 183.0 190.7 167.6 134.2 154.9 159.2 139.5 131.7 149.3 149.0 143.4 152.1 183.6 221.7 239.7 249.5 284.8 335.4
-9999.0 -9999.0 -9999.0 -9999.0 -9999.0 -9999.0 -9999.0 -9999.0 -9999.0 -9999.0 -9999.0 -9999.0 -9999.0 -9999.0 -9999.0 -9999.0 -9999.0 -9999.0 -9999.0 -9999.0 -9999.0 -9999.0 -9999.0 -9999.0 -9999.0 -9999.0 -9999.0 -9999.0 -9999.0 -9999.0 -9999.0 -9999.0 -9999.0 -9999.0 -9999.0 -9999.0 -9999.0 -9999.0 -9999.0 -9999.0 -9999.0 -9999.0 -9999.0 -9999.0 -9999.0 -9999.0 -9999.0 -9999.0 -9999.0 -9999.0 -9999.0 -9999.0 -9999.0 272.2 258.4 239.8 239.5 249.6 222.2 246.1 304.8 216.6 225.9 194.9 171.4 162.0 161.9 203.9 182.1 153.8 136.8 152.5 176.9 197.4 224.9 251.5 290.4
-9999.0 -9999.0 -9999.0 -9999.0 -9999.0 -9999.0 -9999.0 -9999.0 -9999.0 -9999.0 -9999.0 -9999.0 -9999.0 -9999.0 -9999.0 -9999.0 -9999.0 -9999.0 -9999.0 -9999.0 -9999.0 -9999.0 -9999.0 -9999.0 -9999.0 -9999.0 -9999.0 -9999.0 -9999.0 -9999.0 -9999.0 -9999.0 -9999.0 -9999.0 -9999.0 -9999.0 -9999.0 -9999.0 -9999.0 -9999.0 -9999.0 -9999.0 -9999.0 -9999.0 -9999.0 -9999.0 -9999.0 -9999.0 -9999.0 -9999.0 -9999.0 -9999.0 -9999.0 252.9 230.5 311.8 226.1 223.2 280.9 373.9 363.7 325.6 334.9 302.0 261.1 238.3 269.4 219.1 201.5 155.7 126.8 129.8 139.0 159.3 195.7 242.4 270.8
-9999.0 -9999.0 -9999.0 -9999.0 -9999.0 -9999.0 -9999.0 -9999.0 -9999.0 -9999.0 -9999.0 -9999.0 -9999.0 -9999.0 -9999.0 -9999.0 -9999.0 -9999.0 -9999.0 -9999.0 -9999.0 -9999.0 -9999.0 -9999.0 -9999.0 -9999.0 -9999.0 -9999.0 -9999.0 -9999.0 -9999.0 -9999.0 -9999.0 -9999.0 -9999.0 -9999.0 -9999.0 -9999.0 -9999.0 -9999.0 -9999.0 -9999.0 -9999.0 -9999.0 -9999.0 -9999.0 -9999.0 -9999.0 -9999.0 -9999.0 -9999.0 -9999.0 -9999.0 237.2 193.7 253.7 240.5 244.5 306.9 374.1 452.5 450.0 438.6 370.0 375.3 -9999.0 -9999.0 -9999.0 229.0 184.0 159.3 154.5 149.5 147.0 165.4 219.3 260.7
-9999.0 -9999.0 -9999.0 -9999.0 -9999.0 -9999.0 -9999.0 -9999.0 -9999.0 -9999.0 -9999.0 -9999.0 -9999.0 -9999.0 -9999.0 -9999.0 -9999.0 -9999.0 -9999.0 -9999.0 -9999.0 -9999.0 -9999.0 -9999.0 -9999.0 -9999.0 -9999.0 -9999.0 -9999.0 -9999.0 -9999.0 -9999.0 -9999.0 -9999.0 -9999.0 -9999.0 -9999.0 -9999.0 -9999.0 -9999.0 -9999.0 -9999.0 -9999.0 -9999.0 -9999.0 -9999.0 -9999.0 -9999.0 -9999.0 -9999.0 -9999.0 -9999.0 -9999.0 -9999.0 222.4 225.1 201.3 216.0 301.2 399.2 370.4 -9999.0 -9999.0 -9999.0 -9999.0 -9999.0 -9999.0 -9999.0 261.8 232.0 218.7 199.7 167.7 133.2 121.1 148.5 220.1
-9999.0 -9999.0 -9999.0 -9999.0 -9999.0 -9999.0 -9999.0 -9999.0 -9999.0 -9999.0 -9999.0 -9999.0 -9999.0 -9999.0 -9999.0 -9999.0 -9999.0 -9999.0 -9999.0 -9999.0 -9999.0 -9999.0 -9999.0 -9999.0 -9999.0 -9999.0 -9999.0 -9999.0 -9999.0 -9999.0 -9999.0 -9999.0 -9999.0 -9999.0 -9999.0 -9999.0 -9999.0 -9999.0 -9999.0 -9999.0 -9999.0 -9999.0 -9999.0 -9999.0 -9999.0 -9999.0 -9999.0 -9999.0 -9999.0 -9999.0 -9999.0 -9999.0 -9999.0 -9999.0 -9999.0 185.3 247.7 217.7 231.6 311.4 353.6 -9999.0 -9999.0 -9999.0 -9999.0 -9999.0 -9999.0 -9999.0 -9999.0 -9999.0 244.5 -9999.0 -9999.0 -9999.0 -9999.0 -9999.0 178.0
-9999.0 -9999.0 -9999.0 -9999.0 -9999.0 -9999.0 -9999.0 -9999.0 -9999.0 -9999.0 -9999.0 -9999.0 -9999.0 -9999.0 -9999.0 -9999.0 -9999.0 -9999.0 -9999.0 -9999.0 -9999.0 -9999.0 -9999.0 -9999.0 -9999.0 -9999.0 -9999.0 -9999.0 -9999.0 -9999.0 -9999.0 -9999.0 -9999.0 -9999.0 -9999.0 -9999.0 -9999.0 -9999.0 -9999.0 -9999.0 -9999.0 -9999.0 -9999.0 -9999.0 -9999.0 -9999.0 -9999.0 -9999.0 -9999.0 -9999.0 -9999.0 -9999.0 -9999.0 -9999.0 -9999.0 -9999.0 -9999.0 -9999.0 217.8 234.1 -9999.0 -9999.0 -9999.0 -9999.0 -9999.0 -9999.0 -9999.0 -9999.0 -9999.0 -9999.0 -9999.0 -9999.0 -9999.0 -9999.0 -9999.0 113.1 179.8
-9999.0 -9999.0 -9999.0 -9999.0 -9999.0 -9999.0 -9999.0 -9999.0 -9999.0 -9999.0 -9999.0 -9999.0 -9999.0 -9999.0 -9999.0 -9999.0 -9999.0 -9999.0 -9999.0 -9999.0 -9999.0 -9999.0 -9999.0 -9999.0 -9999.0 -9999.0 -9999.0 -9999.0 -9999.0 -9999.0 -9999.0 -9999.0 -9999.0 -9999.0 -9999.0 -9999.0 -9999.0 -9999.0 -9999.0 -9999.0 -9999.0 -9999.0 -9999.0 -9999.0 -9999.0 -9999.0 -9999.0 -9999.0 -9999.0 -9999.0 -9999.0 -9999.0 -9999.0 -9999.0 -9999.0 -9999.0 -9999.0 -9999.0 -9999.0 -9999.0 -9999.0 -9999.0 -9999.0 -9999.0 -9999.0 -9999.0 -9999.0 -9999.0 -9999.0 -9999.0 -9999.0 -9999.0 -9999.0 -9999.0 -9999.0 -9999.0 -9999.0
