program/excelProcessViaJava/data/SURF_CLI_CHN_PRE_MON_GRID_0.5-198509.txt
NCOLS      128
NROWS       72
XLLCORNER    72.000000000000    
YLLCORNER    18.000000000000    
CELLSIZE    0.50000000000000    
NODATA_VALUE   -9999.000    
[rows 33 to 65 of 72, columns 0 to 74 of 128]
-9999.0 -9999.0 -9999.0 -9999.0 0.1 0.1 0.1 0.5 0.7 1.0 1.7 1.8 1.6 0.9 0.7 0.6 0.6 0.5 0.6 0.8 1.5 2.6 3.6 5.4 7.5 10.9 13.8 26.9 24.0 25.2 25.6 22.9 20.4 20.5 14.0 12.0 9.3 14.7 11.0 5.6 2.4 1.5 1.3 1.2 1.1 1.0 0.9 1.0 1.2 1.0 1.8 11.3 33.3 66.2 56.1 70.2 72.4 100.5 93.3 110.2 91.5 58.7 40.4 23.8 24.5 34.7 47.4 51.4 82.9 100.1 118.3 143.7 163.2 179.2 195.8
-9999.0 -9999.0 -9999.0 -9999.0 0.0 0.1 0.1 0.4 0.1 0.3 1.5 1.3 2.7 3.6 2.4 2.5 2.6 1.3 0.9 1.3 3.8 6.8 10.5 18.4 24.6 26.2 28.5 30.0 30.4 30.4 29.5 29.8 26.2 23.8 22.3 18.1 19.0 19.4 12.9 7.9 10.6 4.3 3.6 2.8 2.5 2.3 2.1 1.9 1.8 1.9 2.7 6.6 36.1 41.3 48.5 63.3 70.2 80.6 88.9 49.7 74.6 36.7 34.2 39.9 46.5 57.1 75.3 86.9 105.0 139.7 143.4 162.6 172.3 178.1 185.2
-9999.0 -9999.0 -9999.0 -9999.0 -9999.0 -9999.0 -9999.0 0.2 0.2 0.5 0.3 0.6 2.0 2.7 3.8 3.0 5.7 4.3 4.4 8.6 14.6 17.8 20.8 24.2 27.4 30.2 32.5 34.5 35.9 36.9 36.9 36.0 34.0 32.5 31.3 26.9 27.6 24.1 26.1 25.8 15.4 26.8 24.1 16.4 10.2 6.6 7.3 6.3 7.1 5.2 5.3 9.3 25.6 89.1 94.4 60.7 59.2 59.8 93.5 64.6 83.7 46.7 47.7 56.4 67.4 78.5 95.4 117.5 129.7 144.5 142.5 150.3 163.6 166.0 164.5
-9999.0 -9999.0 -9999.0 -9999.0 -9999.0 -9999.0 -9999.0 0.0 0.3 0.2 0.3 0.8 1.1 1.1 3.0 2.4 5.9 7.8 8.5 12.5 15.6 18.1 22.3 26.1 30.1 33.7 37.0 39.2 41.7 42.8 43.6 43.3 42.1 41.4 37.8 35.7 32.6 32.8 31.4 29.8 30.7 31.2 33.4 42.4 28.5 20.2 22.2 21.9 32.3 27.3 54.3 57.6 42.6 69.4 111.3 75.8 75.5 83.8 97.2 99.4 79.7 70.2 67.5 74.9 80.7 88.2 102.7 120.9 145.5 127.4 128.7 132.3 138.5 142.8 132.3
-9999.0 -9999.0 -9999.0 -9999.0 -9999.0 -9999.0 -9999.0 -9999.0 -9999.0 0.2 0.4 0.7 0.7 1.2 2.6 4.2 5.0 4.2 8.5 9.3 14.3 19.3 23.7 28.2 32.9 37.7 41.4 45.1 48.5 49.9 51.5 51.7 50.9 49.7 46.2 43.6 40.9 40.0 37.9 38.9 38.4 42.2 43.5 43.7 49.2 49.4 49.0 46.6 46.9 47.9 59.3 61.6 67.6 78.2 118.1 93.2 84.0 90.2 108.7 104.1 100.8 107.5 111.8 95.0 98.7 95.6 100.9 117.7 142.7 127.4 123.1 111.6 115.1 124.4 129.2
-9999.0 -9999.0 -9999.0 -9999.0 -9999.0 -9999.0 -9999.0 -9999.0 -9999.0 -9999.0 -9999.0 0.3 1.1 0.7 1.9 2.7 4.4 6.5 8.9 11.2 13.4 18.9 23.3 29.7 32.3 39.7 44.2 49.4 54.4 58.5 60.8 60.9 61.5 60.0 57.5 55.9 51.9 49.7 52.9 48.4 51.9 52.6 55.1 59.0 72.6 68.8 80.0 70.8 71.4 67.6 61.2 69.4 82.8 106.5 133.6 125.4 110.7 118.8 116.7 117.5 126.8 127.5 134.1 132.3 130.9 89.4 93.1 115.2 134.3 136.5 120.4 109.7 106.1 113.2 111.6
-9999.0 -9999.0 -9999.0 -9999.0 -9999.0 -9999.0 -9999.0 -9999.0 -9999.0 -9999.0 -9999.0 -9999.0 0.7 1.2 1.1 2.7 2.2 5.1 7.3 7.7 15.1 18.8 23.9 30.9 28.5 42.9 51.0 54.1 60.8 62.3 69.4 72.1 72.7 70.8 69.1 66.7 64.4 61.1 58.1 56.3 57.1 61.0 67.5 78.8 87.6 96.4 102.0 90.2 85.6 81.1 91.8 96.4 99.8 108.1 126.8 137.9 139.7 149.2 122.1 142.7 143.4 154.6 159.1 154.4 118.2 133.7 92.5 118.2 140.0 147.2 114.2 93.4 100.3 117.5 135.2
-9999.0 -9999.0 -9999.0 -9999.0 -9999.0 -9999.0 -9999.0 -9999.0 -9999.0 -9999.0 -9999.0 -9999.0 0.2 1.0 1.9 1.7 4.2 5.3 5.6 8.8 12.7 16.1 22.4 31.3 41.1 46.8 54.2 64.0 68.3 76.3 78.1 78.4 82.7 83.1 80.7 78.8 74.8 72.6 70.3 68.5 67.7 71.2 83.0 90.6 107.9 122.7 122.6 114.4 94.7 94.3 90.9 102.2 106.0 125.5 123.5 140.7 137.3 145.7 135.8 141.9 149.1 154.6 160.4 163.1 96.2 103.2 90.9 119.1 140.6 151.0 168.2 196.9 204.8 186.3 185.0
-9999.0 -9999.0 -9999.0 -9999.0 -9999.0 -9999.0 -9999.0 -9999.0 -9999.0 -9999.0 -9999.0 -9999.0 -9999.0 0.5 0.5 2.2 2.3 4.6 6.8 9.6 12.4 19.1 22.0 33.8 41.1 42.6 50.7 55.0 67.9 77.2 87.6 93.2 90.1 90.9 94.7 91.3 87.7 84.0 81.4 80.6 80.5 84.8 91.8 107.9 121.8 136.7 146.5 142.7 129.5 114.0 107.8 105.9 116.1 151.7 152.0 150.9 146.6 155.4 172.9 160.0 159.0 150.4 150.3 108.1 69.2 75.9 100.6 139.1 170.7 181.5 173.0 194.1 222.9 228.6 218.5
-9999.0 -9999.0 -9999.0 -9999.0 -9999.0 -9999.0 -9999.0 -9999.0 -9999.0 -9999.0 -9999.0 -9999.0 0.1 0.1 0.3 1.1 0.8 2.4 4.1 9.0 13.1 18.5 24.0 33.3 43.5 43.8 54.9 66.9 75.5 81.8 91.6 102.9 96.2 104.1 101.9 102.7 95.7 98.2 94.9 91.5 92.2 98.2 107.9 111.3 130.6 149.0 158.0 148.5 133.9 120.5 123.7 134.3 131.7 147.8 149.2 151.7 163.3 143.1 159.4 151.9 154.9 159.5 136.9 139.5 87.7 76.2 144.0 155.4 199.5 237.2 271.3 298.4 279.6 195.5 161.4
-9999.0 -9999.0 -9999.0 -9999.0 -9999.0 -9999.0 -9999.0 -9999.0 -9999.0 -9999.0 -9999.0 -9999.0 0.0 0.3 0.4 0.2 0.4 2.2 3.9 5.0 11.8 14.8 22.3 31.4 44.2 55.7 63.6 72.1 79.6 91.1 100.4 106.1 102.8 116.8 116.6 112.2 114.7 111.1 109.0 107.1 102.3 101.6 105.0 115.6 132.4 149.8 159.6 155.2 140.8 115.9 114.1 129.4 134.5 144.5 149.2 146.4 153.4 161.7 156.9 174.2 181.0 184.8 112.9 71.7 61.2 140.3 124.6 173.2 200.5 256.6 319.1 349.4 313.6 272.0 219.4
-9999.0 -9999.0 -9999.0 -9999.0 -9999.0 -9999.0 -9999.0 -9999.0 -9999.0 -9999.0 -9999.0 -9999.0 0.1 0.1 0.3 0.4 0.7 0.5 1.9 3.9 4.6 8.3 20.3 25.3 38.6 40.0 53.3 52.7 77.8 86.8 96.9 93.5 114.6 123.7 123.8 120.0 122.3 124.1 127.1 118.6 117.5 117.7 118.3 119.5 133.1 147.2 152.2 144.2 123.4 112.0 112.2 116.9 144.9 155.8 151.5 140.5 147.1 159.0 170.6 160.6 161.3 153.8 195.5 69.2 82.9 265.1 217.1 197.5 217.4 262.2 309.0 341.3 305.9 250.2 241.2
-9999.0 -9999.0 -9999.0 -9999.0 -9999.0 -9999.0 -9999.0 -9999.0 -9999.0 -9999.0 -9999.0 -9999.0 -9999.0 0.0 0.0 0.2 0.3 0.7 0.9 1.9 2.0 9.8 13.6 19.0 38.1 44.4 54.6 65.3 64.5 84.0 78.0 91.6 98.6 115.0 114.8 102.7 111.1 133.9 136.8 140.2 136.4 125.4 128.1 132.6 135.8 138.8 138.1 122.0 117.6 105.2 94.5 113.4 119.0 126.5 140.0 146.2 130.7 140.8 166.0 204.3 197.9 258.2 179.2 60.5 303.6 292.1 242.9 208.2 218.4 238.5 264.2 255.0 228.0 137.1 129.1
-9999.0 -9999.0 -9999.0 -9999.0 -9999.0 -9999.0 -9999.0 -9999.0 -9999.0 -9999.0 -9999.0 -9999.0 -9999.0 0.1 0.0 0.1 0.1 0.6 1.2 2.3 2.1 5.3 9.5 18.9 43.0 44.5 48.6 62.8 62.6 42.7 55.0 66.2 85.5 92.4 88.3 94.2 115.6 131.6 131.7 115.2 138.9 137.2 137.1 136.3 133.6 130.9 123.1 104.4 92.1 82.6 89.0 81.2 99.9 116.7 130.9 130.0 123.2 138.8 172.8 157.1 211.8 141.3 121.4 309.0 308.6 272.8 223.6 202.5 188.5 181.6 175.4 164.7 135.3 109.4 94.9
-9999.0 -9999.0 -9999.0 -9999.0 -9999.0 -9999.0 -9999.0 -9999.0 -9999.0 -9999.0 -9999.0 -9999.0 -9999.0 -9999.0 -9999.0 0.1 0.3 0.4 1.2 4.2 3.6 11.4 20.1 26.1 30.5 38.8 25.8 39.7 29.3 48.0 44.2 52.3 48.1 58.1 72.9 67.4 73.7 125.5 127.4 128.7 118.7 121.6 127.6 130.4 135.1 130.0 108.5 90.4 79.4 57.8 62.6 89.4 77.6 87.3 81.4 104.9 120.3 120.3 182.3 218.5 170.1 147.8 264.6 276.8 274.8 245.3 217.8 205.8 163.5 123.8 110.6 104.3 110.6 93.2 82.4
-9999.0 -9999.0 -9999.0 -9999.0 -9999.0 -9999.0 -9999.0 -9999.0 -9999.0 -9999.0 -9999.0 -9999.0 -9999.0 -9999.0 -9999.0 -9999.0 -9999.0 21.6 11.3 -9999.0 21.8 13.0 33.5 43.8 33.8 42.1 24.2 33.7 43.7 28.5 34.2 43.9 30.7 55.6 72.9 65.7 56.9 107.1 98.7 103.2 104.0 102.7 110.6 116.0 157.2 125.3 156.1 89.0 63.8 59.2 44.4 50.7 52.7 71.9 84.4 97.7 99.3 148.4 180.4 220.1 164.4 159.3 205.6 243.6 222.6 191.4 189.3 171.4 132.6 96.3 85.7 107.1 105.1 83.2 88.5
-9999.0 -9999.0 -9999.0 -9999.0 -9999.0 -9999.0 -9999.0 -9999.0 -9999.0 -9999.0 -9999.0 -9999.0 -9999.0 -9999.0 -9999.0 -9999.0 -9999.0 -9999.0 -9999.0 -9999.0 -9999.0 32.4 32.4 21.6 42.9 79.6 73.2 61.4 43.9 45.4 32.1 49.1 42.7 43.6 57.7 50.5 57.5 65.7 77.0 87.6 87.9 81.4 87.2 93.3 142.9 99.3 164.2 80.2 77.0 124.5 49.0 78.2 76.7 48.6 64.4 93.9 114.2 129.7 192.0 215.9 171.5 154.0 137.1 165.2 190.2 175.7 180.0 159.6 131.4 93.2 84.0 98.1 93.6 79.2 76.6
-9999.0 -9999.0 -9999.0 -9999.0 -9999.0 -9999.0 -9999.0 -9999.0 -9999.0 -9999.0 -9999.0 -9999.0 -9999.0 -9999.0 -9999.0 -9999.0 -9999.0 -9999.0 -9999.0 -9999.0 -9999.0 -9999.0 -9999.0 143.6 84.7 96.5 92.8 70.4 34.1 41.1 27.2 22.8 16.5 26.5 27.8 33.8 34.7 44.5 45.9 51.2 55.7 62.3 66.2 81.1 124.0 176.2 113.8 86.2 75.7 63.5 44.7 66.4 47.5 57.0 55.4 56.7 99.7 140.1 170.5 200.7 216.4 195.3 149.0 99.2 112.4 151.4 175.8 161.5 112.4 94.5 92.0 89.8 84.2 80.6 60.0
-9999.0 -9999.0 -9999.0 -9999.0 -9999.0 -9999.0 -9999.0 -9999.0 -9999.0 -9999.0 -9999.0 -9999.0 -9999.0 -9999.0 -9999.0 -9999.0 -9999.0 -9999.0 -9999.0 -9999.0 -9999.0 -9999.0 -9999.0 -9999.0 -9999.0 275.1 177.8 29.1 29.5 15.0 21.8 34.2 36.3 29.7 40.3 29.0 27.0 36.5 37.3 40.8 45.7 45.0 93.7 97.0 152.5 168.2 136.3 155.9 69.8 65.6 75.8 67.4 81.4 81.6 70.1 76.5 99.6 117.9 150.8 171.8 188.6 179.8 199.3 88.2 100.2 132.2 144.5 108.9 94.5 87.4 78.0 72.3 58.1 68.7 57.5
-9999.0 -9999.0 -9999.0 -9999.0 -9999.0 -9999.0 -9999.0 -9999.0 -9999.0 -9999.0 -9999.0 -9999.0 -9999.0 -9999.0 -9999.0 -9999.0 -9999.0 -9999.0 -9999.0 -9999.0 -9999.0 -9999.0 -9999.0 -9999.0 -9999.0 -9999.0 -9999.0 330.1 306.7 140.9 101.4 82.8 24.2 80.3 41.4 113.1 46.5 44.2 55.3 39.5 39.5 45.3 99.0 147.9 155.1 162.1 163.3 155.6 145.2 98.2 118.8 123.1 95.1 103.0 104.0 106.5 119.0 131.5 131.6 137.8 175.5 148.8 114.4 97.4 100.9 106.7 121.7 116.3 88.7 69.9 58.5 59.0 42.0 52.0 28.9
-9999.0 -9999.0 -9999.0 -9999.0 -9999.0 -9999.0 -9999.0 -9999.0 -9999.0 -9999.0 -9999.0 -9999.0 -9999.0 -9999.0 -9999.0 -9999.0 -9999.0 -9999.0 -9999.0 -9999.0 -9999.0 -9999.0 -9999.0 -9999.0 -9999.0 -9999.0 -9999.0 -9999.0 -9999.0 -9999.0 -9999.0 -9999.0 -9999.0 163.9 70.5 -9999.0 -9999.0 -9999.0 99.7 53.6 73.2 98.3 90.4 155.8 167.3 163.6 -9999.0 -9999.0 -9999.0 -9999.0 -9999.0 -9999.0 139.6 138.8 152.8 156.7 150.7 163.8 133.4 148.1 142.8 123.1 115.2 102.3 103.6 113.5 111.1 91.7 70.7 53.5 41.5 42.6 49.6 39.7 41.5
-9999.0 -9999.0 -9999.0 -9999.0 -9999.0 -9999.0 -9999.0 -9999.0 -9999.0 -9999.0 -9999.0 -9999.0 -9999.0 -9999.0 -9999.0 -9999.0 -9999.0 -9999.0 -9999.0 -9999.0 -9999.0 -9999.0 -9999.0 -9999.0 -9999.0 -9999.0 -9999.0 -9999.0 -9999.0 -9999.0 -9999.0 -9999.0 -9999.0 -9999.0 -9999.0 -9999.0 -9999.0 -9999.0 -9999.0 183.6 174.8 172.6 171.9 170.2 -9999.0 -9999.0 -9999.0 -9999.0 -9999.0 -9999.0 -9999.0 -9999.0 166.4 180.3 182.7 179.9 178.2 176.8 173.8 167.5 153.3 116.0 97.7 96.5 98.9 112.2 113.7 100.4 67.1 43.3 36.8 39.1 39.7 52.0 34.2
-9999.0 -9999.0 -9999.0 -9999.0 -9999.0 -9999.0 -9999.0 -9999.0 -9999.0 -9999.0 -9999.0 -9999.0 -9999.0 -9999.0 -9999.0 -9999.0 -9999.0 -9999.0 -9999.0 -9999.0 -9999.0 -9999.0 -9999.0 -9999.0 -9999.0 -9999.0 -9999.0 -9999.0 -9999.0 -9999.0 -9999.0 -9999.0 -9999.0 -9999.0 -9999.0 -9999.0 -9999.0 -9999.0 -9999.0 -9999.0 -9999.0 -9999.0 -9999.0 -9999.0 -9999.0 -9999.0 -9999.0 -9999.0 -9999.0 -9999.0 -9999.0 -9999.0 118.3 223.3 212.5 204.6 180.3 172.3 165.7 152.9 139.6 116.5 108.2 98.8 110.7 141.9 156.4 124.1 77.9 49.7 44.1 50.1 75.4 62.7 58.4
-9999.0 -9999.0 -9999.0 -9999.0 -9999.0 -9999.0 -9999.0 -9999.0 -9999.0 -9999.0 -9999.0 -9999.0 -9999.0 -9999.0 -9999.0 -9999.0 -9999.0 -9999.0 -9999.0 -9999.0 -9999.0 -9999.0 -9999.0 -9999.0 -9999.0 -9999.0 -9999.0 -9999.0 -9999.0 -9999.0 -9999.0 -9999.0 -9999.0 -9999.0 -9999.0 -9999.0 -9999.0 -9999.0 -9999.0 -9999.0 -9999.0 -9999.0 -9999.0 -9999.0 -9999.0 -9999.0 -9999.0 -9999.0 -9999.0 -9999.0 -9999.0 147.2 186.3 256.4 175.4 200.3 182.7 179.0 162.2 114.7 126.1 116.3 115.9 125.4 143.3 171.0 180.1 139.1 104.7 78.1 73.0 77.5 73.4 66.0 72.3
-9999.0 -9999.0 -9999.0 -9999.0 -9999.0 -9999.0 -9999.0 -9999.0 -9999.0 -9999.0 -9999.0 -9999.0 -9999.0 -9999.0 -9999.0 -9999.0 -9999.0 -9999.0 -9999.0 -9999.0 -9999.0 -9999.0 -9999.0 -9999.0 -9999.0 -9999.0 -9999.0 -9999.0 -9999.0 -9999.0 -9999.0 -9999.0 -9999.0 -9999.0 -9999.0 -9999.0 -9999.0 -9999.0 -9999.0 -9999.0 -9999.0 -9999.0 -9999.0 -9999.0 -9999.0 -9999.0 -9999.0 -9999.0 -9999.0 -9999.0 158.5 215.0 249.0 272.6 214.4 216.8 178.6 161.3 159.5 144.5 127.9 127.5 136.4 153.2 172.5 184.2 178.9 153.9 137.3 115.6 114.5 99.6 97.2 119.4 131.3
-9999.0 -9999.0 -9999.0 -9999.0 -9999.0 -9999.0 -9999.0 -9999.0 -9999.0 -9999.0 -9999.0 -9999.0 -9999.0 -9999.0 -9999.0 -9999.0 -9999.0 -9999.0 -9999.0 -9999.0 -9999.0 -9999.0 -9999.0 -9999.0 -9999.0 -9999.0 -9999.0 -9999.0 -9999.0 -9999.0 -9999.0 -9999.0 -9999.0 -9999.0 -9999.0 -9999.0 -9999.0 -9999.0 -9999.0 -9999.0 -9999.0 -9999.0 -9999.0 -9999.0 -9999.0 -9999.0 -9999.0 -9999.0 -9999.0 -9999.0 191.7 299.6 216.2 279.6 270.1 213.8 125.0 193.4 174.3 147.0 129.5 134.1 136.7 158.3 170.4 151.3 156.1 143.7 152.7 146.4 152.4 148.3 139.0 122.9 102.3
-9999.0 -9999.0 -9999.0 -9999.0 -9999.0 -9999.0 -9999.0 -9999.0 -9999.0 -9999.0 -9999.0 -9999.0 -9999.0 -9999.0 -9999.0 -9999.0 -9999.0 -9999.0 -9999.0 -9999.0 -9999.0 -9999.0 -9999.0 -9999.0 -9999.0 -9999.0 -9999.0 -9999.0 -9999.0 -9999.0 -9999.0 -9999.0 -9999.0 -9999.0 -9999.0 -9999.0 -9999.0 -9999.0 -9999.0 -9999.0 -9999.0 -9999.0 -9999.0 -9999.0 -9999.0 -9999.0 -9999.0 -9999.0 -9999.0 -9999.0 229.6 262.9 237.5 363.2 237.5 185.5 238.0 197.0 196.6 165.3 153.3 149.4 148.4 139.9 153.7 142.6 135.1 140.2 154.5 200.2 190.6 247.9 151.6 166.7 90.4
-9999.0 -9999.0 -9999.0 -9999.0 -9999.0 -9999.0 -9999.0 -9999.0 -9999.0 -9999.0 -9999.0 -9999.0 -9999.0 -9999.0 -9999.0 -9999.0 -9999.0 -9999.0 -9999.0 -9999.0 -9999.0 -9999.0 -9999.0 -9999.0 -9999.0 -9999.0 -9999.0 -9999.0 -9999.0 -9999.0 -9999.0 -9999.0 -9999.0 -9999.0 -9999.0 -9999.0 -9999.0 -9999.0 -9999.0 -9999.0 -9999.0 -9999.0 -9999.0 -9999.0 -9999.0 -9999.0 -9999.0 -9999.0 -9999.0 -9999.0 337.0 390.2 354.0 356.1 300.8 277.2 162.9 216.2 231.9 203.9 181.7 155.7 115.5 146.7 167.1 165.3 170.4 168.7 206.6 156.9 216.0 219.5 204.4 183.1 107.1
-9999.0 -9999.0 -9999.0 -9999.0 -9999.0 -9999.0 -9999.0 -9999.0 -9999.0 -9999.0 -9999.0 -9999.0 -9999.0 -9999.0 -9999.0 -9999.0 -9999.0 -9999.0 -9999.0 -9999.0 -9999.0 -9999.0 -9999.0 -9999.0 -9999.0 -9999.0 -9999.0 -9999.0 -9999.0 -9999.0 -9999.0 -9999.0 -9999.0 -9999.0 -9999.0 -9999.0 -9999.0 -9999.0 -9999.0 -9999.0 -9999.0 -9999.0 -9999.0 -9999.0 -9999.0 -9999.0 -9999.0 -9999.0 -9999.0 -9999.0 -9999.0 -9999.0 -9999.0 361.5 293.1 234.7 224.8 247.0 235.2 231.6 216.3 144.7 193.5 183.7 202.6 200.4 218.1 171.7 207.9 222.8 225.2 220.4 200.2 170.4 175.7
-9999.0 -9999.0 -9999.0 -9999.0 -9999.0 -9999.0 -9999.0 -9999.0 -9999.0 -9999.0 -9999.0 -9999.0 -9999.0 -9999.0 -9999.0 -9999.0 -9999.0 -9999.0 -9999.0 -9999.0 -9999.0 -9999.0 -9999.0 -9999.0 -9999.0 -9999.0 -9999.0 -9999.0 -9999.0 -9999.0 -9999.0 -9999.0 -9999.0 -9999.0 -9999.0 -9999.0 -9999.0 -9999.0 -9999.0 -9999.0 -9999.0 -9999.0 -9999.0 -9999.0 -9999.0 -9999.0 -9999.0 -9999.0 -9999.0 -9999.0 -9999.0 -9999.0 -9999.0 404.9 328.5 346.9 255.6 244.5 260.7 264.6 215.6 166.1 232.5 190.4 211.8 211.7 143.5 229.4 169.0 187.5 195.2 209.8 222.6 213.6 228.1
-9999.0 -9999.0 -9999.0 -9999.0 -9999.0 -9999.0 -9999.0 -9999.0 -9999.0 -9999.0 -9999.0 -9999.0 -9999.0 -9999.0 -9999.0 -9999.0 -9999.0 -9999.0 -9999.0 -9999.0 -9999.0 -9999.0 -9999.0 -9999.0 -9999.0 -9999.0 -9999.0 -9999.0 -9999.0 -9999.0 -9999.0 -9999.0 -9999.0 -9999.0 -9999.0 -9999.0 -9999.0 -9999.0 -9999.0 -9999.0 -9999.0 -9999.0 -9999.0 -9999.0 -9999.0 -9999.0 -9999.0 -9999.0 -9999.0 -9999.0 -9999.0 -9999.0 -9999.0 436.5 340.6 335.7 288.2 256.0 247.5 226.9 227.7 213.7 260.6 288.3 164.0 -9999.0 -9999.0 -9999.0 190.8 163.4 196.3 240.0 239.5 218.1 265.3
-9999.0 -9999.0 -9999.0 -9999.0 -9999.0 -9999.0 -9999.0 -9999.0 -9999.0 -9999.0 -9999.0 -9999.0 -9999.0 -9999.0 -9999.0 -9999.0 -9999.0 -9999.0 -9999.0 -9999.0 -9999.0 -9999.0 -9999.0 -9999.0 -9999.0 -9999.0 -9999.0 -9999.0 -9999.0 -9999.0 -9999.0 -9999.0 -9999.0 -9999.0 -9999.0 -9999.0 -9999.0 -9999.0 -9999.0 -9999.0 -9999.0 -9999.0 -9999.0 -9999.0 -9999.0 -9999.0 -9999.0 -9999.0 -9999.0 -9999.0 -9999.0 -9999.0 -9999.0 -9999.0 389.0 333.6 264.3 222.2 221.2 220.9 151.8 -9999.0 -9999.0 -9999.0 -9999.0 -9999.0 -9999.0 -9999.0 137.0 178.7 261.3 233.7 208.9 204.5 246.5
-9999.0 -9999.0 -9999.0 -9999.0 -9999.0 -9999.0 -9999.0 -9999.0 -9999.0 -9999.0 -9999.0 -9999.0 -9999.0 -9999.0 -9999.0 -9999.0 -9999.0 -9999.0 -9999.0 -9999.0 -9999.0 -9999.0 -9999.0 -9999.0 -9999.0 -9999.0 -9999.0 -9999.0 -9999.0 -9999.0 -9999.0 -9999.0 -9999.0 -9999.0 -9999.0 -9999.0 -9999.0 -9999.0 -9999.0 -9999.0 -9999.0 -9999.0 -9999.0 -9999.0 -9999.0 -9999.0 -9999.0 -9999.0 -9999.0 -9999.0 -9999.0 -9999.0 -9999.0 -9999.0 -9999.0 304.1 294.1 210.1 158.0 154.0 133.4 -9999.0 -9999.0 -9999.0 -9999.0 -9999.0 -9999.0 -9999.0 -9999.0 -9999.0 183.1 -9999.0 -9999.0 -9999.0 -9999.0
