program/excelProcessViaJava/data/SURF_CLI_CHN_PRE_MON_GRID_0.5-199203.txt
NCOLS      128
NROWS       72
XLLCORNER    72.000000000000    
YLLCORNER    18.000000000000    
CELLSIZE    0.50000000000000    
NODATA_VALUE   -9999.000    
[rows 34 to 67 of 72, columns 0 to 77 of 128]
-9999.0 -9999.0 -9999.0 -9999.0 0.0 0.9 0.0 4.3 0.1 0.3 13.8 1.7 4.4 3.4 8.5 4.8 2.0 0.7 0.3 0.2 0.2 0.2 0.3 0.2 0.2 0.5 0.5 0.9 1.3 1.8 2.4 3.3 3.3 3.6 3.8 3.1 3.5 3.6 1.6 0.6 0.7 0.2 0.2 0.2 0.3 0.4 0.4 0.3 0.4 1.1 2.7 4.2 7.9 6.6 6.7 8.3 9.2 9.6 12.3 10.0 18.9 13.2 11.3 10.3 8.1 9.0 13.1 12.7 14.1 20.7 20.1 21.9 21.2 20.7 19.4 18.0 15.5 20.0
-9999.0 -9999.0 -9999.0 -9999.0 -9999.0 -9999.0 -9999.0 2.0 0.5 3.0 0.2 0.2 2.4 1.2 0.9 5.8 1.2 0.9 0.4 0.2 0.1 0.1 0.1 0.2 0.2 0.4 0.8 1.2 1.8 2.7 3.4 4.0 4.4 4.8 5.3 4.3 4.8 3.4 3.9 3.2 0.6 2.6 1.7 0.7 0.5 0.6 0.7 0.6 1.1 1.6 3.6 5.9 7.3 13.3 11.3 7.7 8.6 8.7 11.7 10.8 18.7 8.1 7.2 9.4 12.0 11.0 13.3 16.0 16.8 22.5 26.3 28.8 29.8 29.7 28.3 27.0 21.7 24.3
-9999.0 -9999.0 -9999.0 -9999.0 -9999.0 -9999.0 -9999.0 0.0 5.2 0.5 0.2 1.2 0.6 0.2 0.4 0.1 0.2 0.2 0.1 0.1 0.1 0.1 0.1 0.2 0.3 0.5 0.9 1.5 2.1 2.8 3.8 4.5 5.0 6.0 5.3 5.1 4.2 4.2 3.3 2.2 1.8 1.4 1.6 4.1 1.6 1.3 2.1 2.8 6.8 6.6 13.2 12.6 9.6 10.6 13.4 7.7 7.4 8.3 11.5 16.0 19.2 18.0 10.9 14.0 12.9 11.7 11.7 13.2 20.2 23.6 32.6 37.6 36.8 36.6 34.7 37.1 34.5 28.2
-9999.0 -9999.0 -9999.0 -9999.0 -9999.0 -9999.0 -9999.0 -9999.0 -9999.0 0.7 1.1 1.8 0.2 0.3 0.4 0.4 0.1 0.1 0.1 0.1 0.1 0.1 0.1 0.2 0.3 0.6 1.0 1.6 2.3 3.2 3.9 4.6 5.2 5.9 5.4 5.1 4.4 4.1 3.0 2.5 1.7 1.6 1.5 1.6 3.1 4.2 5.6 6.7 8.6 10.1 12.9 12.3 11.9 11.7 14.7 9.3 6.9 7.5 12.3 16.8 21.3 23.3 22.9 16.1 15.3 12.0 10.2 11.4 18.7 24.0 33.1 37.7 37.5 39.2 43.1 37.9 33.2 30.4
-9999.0 -9999.0 -9999.0 -9999.0 -9999.0 -9999.0 -9999.0 -9999.0 -9999.0 -9999.0 -9999.0 0.2 3.3 0.2 0.3 0.1 0.1 0.1 0.1 0.1 0.1 0.1 0.1 0.2 0.3 0.6 1.0 1.5 2.3 3.1 4.0 5.0 5.4 5.9 5.8 6.5 5.0 4.3 5.8 2.9 2.8 1.9 1.7 2.0 4.9 4.9 9.7 9.5 12.0 12.5 11.6 12.4 13.2 15.4 18.1 14.9 11.2 11.9 13.6 17.7 21.3 23.8 23.2 20.1 17.6 12.8 10.5 11.9 16.1 22.1 29.9 35.9 39.2 43.5 50.7 46.7 41.3 41.8
-9999.0 -9999.0 -9999.0 -9999.0 -9999.0 -9999.0 -9999.0 -9999.0 -9999.0 -9999.0 -9999.0 -9999.0 2.7 2.1 0.2 0.3 0.1 0.1 0.1 0.0 0.1 0.1 0.1 0.2 0.3 0.5 1.0 1.4 2.1 3.0 3.8 4.7 5.4 6.2 6.4 6.0 7.1 4.9 3.6 2.6 2.0 1.8 1.9 3.1 4.3 6.7 9.9 9.4 11.1 12.2 15.4 15.4 14.7 15.4 17.8 18.5 17.3 17.3 14.5 18.0 21.1 21.4 21.5 21.7 19.5 19.9 15.6 16.5 18.6 22.4 33.3 51.5 58.8 63.0 60.8 66.4 61.4 63.9
-9999.0 -9999.0 -9999.0 -9999.0 -9999.0 -9999.0 -9999.0 -9999.0 -9999.0 -9999.0 -9999.0 -9999.0 0.2 3.8 3.6 0.3 0.8 0.2 0.1 0.1 0.1 0.1 0.1 0.2 0.4 0.5 0.8 1.4 1.9 2.7 3.4 4.3 5.0 5.6 6.0 5.8 6.4 5.8 4.4 3.1 2.1 1.8 2.9 2.7 5.0 8.2 8.3 8.8 7.7 10.4 11.1 13.3 13.5 17.1 17.1 20.1 18.5 18.2 16.2 18.4 21.4 22.8 21.9 22.8 23.3 23.2 17.7 22.0 25.7 28.6 32.3 42.7 52.9 59.8 65.2 67.2 71.4 83.8
-9999.0 -9999.0 -9999.0 -9999.0 -9999.0 -9999.0 -9999.0 -9999.0 -9999.0 -9999.0 -9999.0 -9999.0 -9999.0 2.0 0.3 2.7 0.4 0.5 0.4 0.2 0.1 0.2 0.1 0.3 0.3 0.3 0.5 0.8 1.3 2.0 2.8 3.6 4.4 5.1 5.1 5.2 5.1 5.0 7.6 4.1 2.8 2.8 2.6 4.6 4.7 5.7 8.1 9.6 9.7 9.2 9.8 9.8 12.0 22.1 22.4 22.9 21.8 21.9 23.2 20.0 21.0 23.8 24.8 28.8 19.2 23.1 27.6 32.6 38.3 41.5 51.8 54.0 56.7 63.6 70.4 70.3 76.6 87.5
-9999.0 -9999.0 -9999.0 -9999.0 -9999.0 -9999.0 -9999.0 -9999.0 -9999.0 -9999.0 -9999.0 -9999.0 3.6 0.7 0.8 2.0 0.2 0.4 0.2 0.6 0.4 0.3 0.2 0.3 0.4 0.3 0.4 0.7 1.0 1.4 2.0 2.8 3.5 3.9 4.3 4.3 4.9 3.9 3.3 2.8 4.5 6.1 7.5 3.1 5.0 6.6 6.6 5.4 5.6 6.2 9.8 14.4 12.6 19.0 21.0 24.1 28.0 23.6 25.5 24.9 26.6 28.4 30.9 32.1 30.1 26.3 20.9 30.2 43.9 45.0 45.1 44.0 49.7 57.3 56.0 56.1 65.9 81.0
-9999.0 -9999.0 -9999.0 -9999.0 -9999.0 -9999.0 -9999.0 -9999.0 -9999.0 -9999.0 -9999.0 -9999.0 2.7 10.4 5.0 0.4 0.4 1.7 1.2 0.4 0.8 0.3 0.3 0.3 0.5 0.6 0.5 0.6 0.7 1.0 1.5 1.9 2.4 2.9 3.2 3.2 3.1 3.1 2.7 1.8 1.7 1.6 2.1 3.2 4.7 6.7 9.9 8.7 7.3 3.7 5.3 11.2 11.6 15.3 20.5 23.5 28.6 31.8 31.2 35.5 38.0 40.2 38.4 31.8 26.5 21.0 26.5 23.4 28.7 36.6 39.3 40.5 49.4 64.8 73.7 59.2 61.7 77.7
-9999.0 -9999.0 -9999.0 -9999.0 -9999.0 -9999.0 -9999.0 -9999.0 -9999.0 -9999.0 -9999.0 -9999.0 24.0 5.1 11.6 5.9 4.4 0.7 1.2 0.8 0.3 0.2 0.4 0.3 0.3 0.2 0.2 0.2 0.4 0.5 0.7 1.0 1.5 2.0 2.2 2.1 2.2 2.3 2.0 2.1 1.8 1.9 4.8 3.0 5.5 10.5 12.9 9.1 5.6 5.7 7.3 8.0 24.9 31.4 27.0 21.8 29.3 35.6 40.9 41.1 46.7 49.1 53.6 31.9 16.0 20.0 18.3 20.8 28.1 36.8 46.7 56.9 67.3 83.6 124.9 91.4 119.6 78.6
-9999.0 -9999.0 -9999.0 -9999.0 -9999.0 -9999.0 -9999.0 -9999.0 -9999.0 -9999.0 -9999.0 -9999.0 -9999.0 3.5 3.8 8.6 5.1 4.6 1.7 1.0 0.5 0.7 0.4 0.3 0.5 0.3 0.2 0.2 0.2 0.3 0.2 0.4 0.7 1.0 1.2 1.6 1.8 1.7 2.0 2.0 2.5 7.0 10.7 9.5 7.2 9.1 13.1 9.7 13.0 11.4 8.4 16.0 15.9 14.9 29.3 34.1 21.7 28.5 44.1 61.6 62.1 77.2 59.3 21.2 20.4 16.0 16.3 22.2 32.5 49.0 64.2 72.5 83.9 74.5 90.9 82.8 84.8 90.3
-9999.0 -9999.0 -9999.0 -9999.0 -9999.0 -9999.0 -9999.0 -9999.0 -9999.0 -9999.0 -9999.0 -9999.0 -9999.0 43.4 7.8 12.8 4.5 8.1 5.4 3.1 1.3 1.1 0.9 0.7 1.0 0.4 0.2 0.2 0.1 0.1 0.1 0.2 0.2 0.4 0.7 1.0 1.0 1.4 2.4 7.4 4.6 7.4 10.3 12.2 22.9 14.7 16.2 14.6 14.6 13.4 16.3 10.3 17.7 28.6 38.3 33.8 23.0 31.0 52.6 46.2 72.9 51.8 31.8 35.7 23.7 17.9 20.7 31.2 45.9 63.1 79.6 84.7 83.8 92.3 101.2 112.8 129.9 107.8
-9999.0 -9999.0 -9999.0 -9999.0 -9999.0 -9999.0 -9999.0 -9999.0 -9999.0 -9999.0 -9999.0 -9999.0 -9999.0 -9999.0 -9999.0 18.2 16.9 9.9 9.4 8.7 3.8 3.8 3.1 2.1 1.3 0.8 0.4 0.2 0.2 0.1 0.1 0.1 0.2 0.3 0.3 1.4 3.0 0.9 1.9 3.8 9.7 14.0 14.8 14.3 11.8 16.0 18.9 23.4 20.4 18.3 15.2 32.4 18.1 21.4 10.0 25.9 31.4 15.8 63.7 80.5 56.7 40.2 57.5 44.3 32.9 28.5 34.3 48.2 59.8 74.6 84.8 81.0 94.5 105.9 106.0 138.9 140.3 157.1
-9999.0 -9999.0 -9999.0 -9999.0 -9999.0 -9999.0 -9999.0 -9999.0 -9999.0 -9999.0 -9999.0 -9999.0 -9999.0 -9999.0 -9999.0 -9999.0 -9999.0 130.0 44.8 -9999.0 20.4 7.5 8.4 6.3 3.1 2.0 1.3 0.4 0.2 0.1 0.0 0.0 0.3 0.1 0.1 0.2 3.8 0.5 2.0 4.6 9.1 18.6 15.5 13.1 22.9 18.7 114.1 32.4 28.2 26.7 33.3 20.7 24.7 27.2 32.2 35.4 21.1 55.1 65.9 82.7 36.7 48.2 58.6 53.2 43.2 41.1 49.6 60.8 66.8 74.0 70.9 82.3 94.9 94.3 117.8 147.7 153.9 165.6
-9999.0 -9999.0 -9999.0 -9999.0 -9999.0 -9999.0 -9999.0 -9999.0 -9999.0 -9999.0 -9999.0 -9999.0 -9999.0 -9999.0 -9999.0 -9999.0 -9999.0 -9999.0 -9999.0 -9999.0 -9999.0 20.1 13.2 8.9 7.4 7.4 4.1 1.8 0.5 0.2 0.1 0.1 0.1 0.1 0.1 0.3 0.4 0.8 1.2 3.9 7.1 20.6 22.5 16.9 22.0 17.8 223.5 43.2 51.3 140.8 42.4 70.9 66.0 22.5 30.0 50.7 53.6 40.8 93.7 76.5 33.0 38.2 50.0 51.3 51.9 54.3 63.9 68.6 66.1 66.1 63.9 70.2 75.9 77.6 98.8 132.2 165.5 201.3
-9999.0 -9999.0 -9999.0 -9999.0 -9999.0 -9999.0 -9999.0 -9999.0 -9999.0 -9999.0 -9999.0 -9999.0 -9999.0 -9999.0 -9999.0 -9999.0 -9999.0 -9999.0 -9999.0 -9999.0 -9999.0 -9999.0 -9999.0 47.3 19.2 15.4 10.6 5.8 2.9 1.2 0.5 0.5 2.9 1.4 3.4 3.6 8.2 4.3 15.0 23.5 21.9 31.3 13.3 8.2 26.1 271.2 77.2 81.2 146.1 188.5 95.1 88.5 68.8 60.6 36.6 8.9 51.0 77.1 27.5 69.5 28.1 31.5 31.5 38.0 45.4 62.5 75.4 70.2 67.7 57.2 61.7 59.2 62.8 83.9 96.1 134.1 186.0 236.9
-9999.0 -9999.0 -9999.0 -9999.0 -9999.0 -9999.0 -9999.0 -9999.0 -9999.0 -9999.0 -9999.0 -9999.0 -9999.0 -9999.0 -9999.0 -9999.0 -9999.0 -9999.0 -9999.0 -9999.0 -9999.0 -9999.0 -9999.0 -9999.0 -9999.0 90.6 32.8 17.0 11.8 14.5 6.0 3.8 4.1 6.4 5.9 16.6 42.2 19.3 41.7 31.8 51.4 21.7 31.0 25.1 153.9 298.9 220.8 474.3 90.0 191.6 123.4 136.4 143.0 134.2 71.3 49.8 66.7 43.7 70.7 55.6 36.6 27.9 55.0 35.8 41.8 61.6 72.0 65.5 65.4 63.5 53.0 53.1 54.6 92.2 120.5 145.6 195.0 255.5
-9999.0 -9999.0 -9999.0 -9999.0 -9999.0 -9999.0 -9999.0 -9999.0 -9999.0 -9999.0 -9999.0 -9999.0 -9999.0 -9999.0 -9999.0 -9999.0 -9999.0 -9999.0 -9999.0 -9999.0 -9999.0 -9999.0 -9999.0 -9999.0 -9999.0 -9999.0 -9999.0 122.5 103.2 29.7 22.0 19.0 25.5 19.8 24.4 36.3 27.4 32.2 27.3 40.3 53.2 19.1 51.4 150.4 202.4 297.0 403.0 476.4 542.3 363.3 573.4 577.6 230.5 221.3 165.3 127.5 58.3 27.1 53.3 18.3 9.0 24.4 23.5 25.7 32.4 40.0 52.1 46.3 43.1 46.8 50.5 69.4 70.5 107.4 127.3 159.0 214.2 257.1
-9999.0 -9999.0 -9999.0 -9999.0 -9999.0 -9999.0 -9999.0 -9999.0 -9999.0 -9999.0 -9999.0 -9999.0 -9999.0 -9999.0 -9999.0 -9999.0 -9999.0 -9999.0 -9999.0 -9999.0 -9999.0 -9999.0 -9999.0 -9999.0 -9999.0 -9999.0 -9999.0 -9999.0 -9999.0 -9999.0 -9999.0 -9999.0 -9999.0 66.0 47.2 -9999.0 -9999.0 -9999.0 60.9 47.4 45.9 61.7 49.9 174.9 250.6 291.3 -9999.0 -9999.0 -9999.0 -9999.0 -9999.0 -9999.0 397.7 243.6 245.1 133.3 61.3 17.0 9.2 3.7 8.3 19.5 20.9 23.7 25.1 30.2 38.1 43.4 41.5 42.4 53.3 80.7 104.2 121.0 160.0 181.4 230.7 249.5
-9999.0 -9999.0 -9999.0 -9999.0 -9999.0 -9999.0 -9999.0 -9999.0 -9999.0 -9999.0 -9999.0 -9999.0 -9999.0 -9999.0 -9999.0 -9999.0 -9999.0 -9999.0 -9999.0 -9999.0 -9999.0 -9999.0 -9999.0 -9999.0 -9999.0 -9999.0 -9999.0 -9999.0 -9999.0 -9999.0 -9999.0 -9999.0 -9999.0 -9999.0 -9999.0 -9999.0 -9999.0 -9999.0 -9999.0 163.8 159.1 165.7 177.7 192.1 -9999.0 -9999.0 -9999.0 -9999.0 -9999.0 -9999.0 -9999.0 -9999.0 318.7 228.7 181.0 100.2 35.7 8.3 1.6 1.8 6.3 14.5 20.3 18.9 25.3 29.8 37.4 39.3 40.4 52.1 68.4 83.2 97.3 127.9 161.8 206.3 243.1 268.5
-9999.0 -9999.0 -9999.0 -9999.0 -9999.0 -9999.0 -9999.0 -9999.0 -9999.0 -9999.0 -9999.0 -9999.0 -9999.0 -9999.0 -9999.0 -9999.0 -9999.0 -9999.0 -9999.0 -9999.0 -9999.0 -9999.0 -9999.0 -9999.0 -9999.0 -9999.0 -9999.0 -9999.0 -9999.0 -9999.0 -9999.0 -9999.0 -9999.0 -9999.0 -9999.0 -9999.0 -9999.0 -9999.0 -9999.0 -9999.0 -9999.0 -9999.0 -9999.0 -9999.0 -9999.0 -9999.0 -9999.0 -9999.0 -9999.0 -9999.0 -9999.0 -9999.0 198.4 177.2 112.0 81.0 21.6 5.1 1.3 2.8 5.4 10.2 36.2 15.7 22.1 25.6 32.7 40.2 46.0 54.3 64.5 73.5 96.4 110.2 151.3 214.7 257.0 286.4
-9999.0 -9999.0 -9999.0 -9999.0 -9999.0 -9999.0 -9999.0 -9999.0 -9999.0 -9999.0 -9999.0 -9999.0 -9999.0 -9999.0 -9999.0 -9999.0 -9999.0 -9999.0 -9999.0 -9999.0 -9999.0 -9999.0 -9999.0 -9999.0 -9999.0 -9999.0 -9999.0 -9999.0 -9999.0 -9999.0 -9999.0 -9999.0 -9999.0 -9999.0 -9999.0 -9999.0 -9999.0 -9999.0 -9999.0 -9999.0 -9999.0 -9999.0 -9999.0 -9999.0 -9999.0 -9999.0 -9999.0 -9999.0 -9999.0 -9999.0 -9999.0 84.5 79.9 98.8 37.1 29.4 15.1 10.3 4.1 0.8 13.9 14.5 8.5 12.2 18.5 26.8 35.6 32.9 45.4 46.4 52.1 58.9 65.7 88.8 132.0 191.9 229.3 269.4
-9999.0 -9999.0 -9999.0 -9999.0 -9999.0 -9999.0 -9999.0 -9999.0 -9999.0 -9999.0 -9999.0 -9999.0 -9999.0 -9999.0 -9999.0 -9999.0 -9999.0 -9999.0 -9999.0 -9999.0 -9999.0 -9999.0 -9999.0 -9999.0 -9999.0 -9999.0 -9999.0 -9999.0 -9999.0 -9999.0 -9999.0 -9999.0 -9999.0 -9999.0 -9999.0 -9999.0 -9999.0 -9999.0 -9999.0 -9999.0 -9999.0 -9999.0 -9999.0 -9999.0 -9999.0 -9999.0 -9999.0 -9999.0 -9999.0 -9999.0 39.1 34.8 37.7 40.5 20.6 21.7 16.5 11.1 9.0 13.8 12.0 16.1 9.0 11.6 17.9 27.8 38.5 35.2 38.3 30.2 36.2 39.2 47.6 65.2 96.0 138.3 185.2 215.4
-9999.0 -9999.0 -9999.0 -9999.0 -9999.0 -9999.0 -9999.0 -9999.0 -9999.0 -9999.0 -9999.0 -9999.0 -9999.0 -9999.0 -9999.0 -9999.0 -9999.0 -9999.0 -9999.0 -9999.0 -9999.0 -9999.0 -9999.0 -9999.0 -9999.0 -9999.0 -9999.0 -9999.0 -9999.0 -9999.0 -9999.0 -9999.0 -9999.0 -9999.0 -9999.0 -9999.0 -9999.0 -9999.0 -9999.0 -9999.0 -9999.0 -9999.0 -9999.0 -9999.0 -9999.0 -9999.0 -9999.0 -9999.0 -9999.0 -9999.0 10.9 19.9 4.8 14.5 17.6 18.1 18.9 20.6 18.3 13.5 9.8 10.1 7.1 9.4 15.0 18.1 24.7 21.1 21.1 19.8 26.3 32.8 39.0 49.5 68.4 96.2 136.2 181.0
-9999.0 -9999.0 -9999.0 -9999.0 -9999.0 -9999.0 -9999.0 -9999.0 -9999.0 -9999.0 -9999.0 -9999.0 -9999.0 -9999.0 -9999.0 -9999.0 -9999.0 -9999.0 -9999.0 -9999.0 -9999.0 -9999.0 -9999.0 -9999.0 -9999.0 -9999.0 -9999.0 -9999.0 -9999.0 -9999.0 -9999.0 -9999.0 -9999.0 -9999.0 -9999.0 -9999.0 -9999.0 -9999.0 -9999.0 -9999.0 -9999.0 -9999.0 -9999.0 -9999.0 -9999.0 -9999.0 -9999.0 -9999.0 -9999.0 -9999.0 3.0 1.1 0.6 12.0 7.5 12.3 18.3 16.1 15.5 5.7 7.7 7.7 5.9 5.2 8.2 10.5 11.7 11.7 11.9 18.2 27.3 36.0 43.1 51.9 66.0 82.3 112.0 145.2
-9999.0 -9999.0 -9999.0 -9999.0 -9999.0 -9999.0 -9999.0 -9999.0 -9999.0 -9999.0 -9999.0 -9999.0 -9999.0 -9999.0 -9999.0 -9999.0 -9999.0 -9999.0 -9999.0 -9999.0 -9999.0 -9999.0 -9999.0 -9999.0 -9999.0 -9999.0 -9999.0 -9999.0 -9999.0 -9999.0 -9999.0 -9999.0 -9999.0 -9999.0 -9999.0 -9999.0 -9999.0 -9999.0 -9999.0 -9999.0 -9999.0 -9999.0 -9999.0 -9999.0 -9999.0 -9999.0 -9999.0 -9999.0 -9999.0 -9999.0 0.8 1.5 0.7 2.1 3.3 6.9 3.7 5.9 4.7 1.4 3.0 2.7 1.9 2.8 4.4 5.9 8.2 9.3 12.4 15.3 27.1 38.8 48.8 58.9 75.3 86.3 99.2 115.4
-9999.0 -9999.0 -9999.0 -9999.0 -9999.0 -9999.0 -9999.0 -9999.0 -9999.0 -9999.0 -9999.0 -9999.0 -9999.0 -9999.0 -9999.0 -9999.0 -9999.0 -9999.0 -9999.0 -9999.0 -9999.0 -9999.0 -9999.0 -9999.0 -9999.0 -9999.0 -9999.0 -9999.0 -9999.0 -9999.0 -9999.0 -9999.0 -9999.0 -9999.0 -9999.0 -9999.0 -9999.0 -9999.0 -9999.0 -9999.0 -9999.0 -9999.0 -9999.0 -9999.0 -9999.0 -9999.0 -9999.0 -9999.0 -9999.0 -9999.0 -9999.0 -9999.0 -9999.0 0.2 0.2 0.4 0.9 1.3 0.2 0.3 3.4 1.5 2.8 3.3 4.0 5.2 7.9 10.0 13.4 17.7 24.1 32.9 42.9 55.2 70.8 87.1 94.9 99.0
-9999.0 -9999.0 -9999.0 -9999.0 -9999.0 -9999.0 -9999.0 -9999.0 -9999.0 -9999.0 -9999.0 -9999.0 -9999.0 -9999.0 -9999.0 -9999.0 -9999.0 -9999.0 -9999.0 -9999.0 -9999.0 -9999.0 -9999.0 -9999.0 -9999.0 -9999.0 -9999.0 -9999.0 -9999.0 -9999.0 -9999.0 -9999.0 -9999.0 -9999.0 -9999.0 -9999.0 -9999.0 -9999.0 -9999.0 -9999.0 -9999.0 -9999.0 -9999.0 -9999.0 -9999.0 -9999.0 -9999.0 -9999.0 -9999.0 -9999.0 -9999.0 -9999.0 -9999.0 0.1 0.1 0.7 0.2 0.1 0.2 0.9 1.2 3.2 5.5 7.6 8.6 10.4 16.4 16.9 23.5 24.6 23.3 24.2 28.8 39.0 55.0 71.3 84.8 82.2
-9999.0 -9999.0 -9999.0 -9999.0 -9999.0 -9999.0 -9999.0 -9999.0 -9999.0 -9999.0 -9999.0 -9999.0 -9999.0 -9999.0 -9999.0 -9999.0 -9999.0 -9999.0 -9999.0 -9999.0 -9999.0 -9999.0 -9999.0 -9999.0 -9999.0 -9999.0 -9999.0 -9999.0 -9999.0 -9999.0 -9999.0 -9999.0 -9999.0 -9999.0 -9999.0 -9999.0 -9999.0 -9999.0 -9999.0 -9999.0 -9999.0 -9999.0 -9999.0 -9999.0 -9999.0 -9999.0 -9999.0 -9999.0 -9999.0 -9999.0 -9999.0 -9999.0 -9999.0 0.2 0.2 0.3 0.2 0.2 0.3 0.9 2.9 6.6 10.7 13.4 19.6 -9999.0 -9999.0 -9999.0 37.4 36.6 24.9 16.8 16.8 24.6 37.8 50.0 61.8 59.8
-9999.0 -9999.0 -9999.0 -9999.0 -9999.0 -9999.0 -9999.0 -9999.0 -9999.0 -9999.0 -9999.0 -9999.0 -9999.0 -9999.0 -9999.0 -9999.0 -9999.0 -9999.0 -9999.0 -9999.0 -9999.0 -9999.0 -9999.0 -9999.0 -9999.0 -9999.0 -9999.0 -9999.0 -9999.0 -9999.0 -9999.0 -9999.0 -9999.0 -9999.0 -9999.0 -9999.0 -9999.0 -9999.0 -9999.0 -9999.0 -9999.0 -9999.0 -9999.0 -9999.0 -9999.0 -9999.0 -9999.0 -9999.0 -9999.0 -9999.0 -9999.0 -9999.0 -9999.0 -9999.0 0.9 0.7 0.4 0.4 0.9 2.7 5.9 -9999.0 -9999.0 -9999.0 -9999.0 -9999.0 -9999.0 -9999.0 53.6 41.9 23.4 11.4 9.4 14.3 22.6 29.7 31.6 29.5
-9999.0 -9999.0 -9999.0 -9999.0 -9999.0 -9999.0 -9999.0 -9999.0 -9999.0 -9999.0 -9999.0 -9999.0 -9999.0 -9999.0 -9999.0 -9999.0 -9999.0 -9999.0 -9999.0 -9999.0 -9999.0 -9999.0 -9999.0 -9999.0 -9999.0 -9999.0 -9999.0 -9999.0 -9999.0 -9999.0 -9999.0 -9999.0 -9999.0 -9999.0 -9999.0 -9999.0 -9999.0 -9999.0 -9999.0 -9999.0 -9999.0 -9999.0 -9999.0 -9999.0 -9999.0 -9999.0 -9999.0 -9999.0 -9999.0 -9999.0 -9999.0 -9999.0 -9999.0 -9999.0 -9999.0 2.2 2.5 1.9 2.8 5.6 11.1 -9999.0 -9999.0 -9999.0 -9999.0 -9999.0 -9999.0 -9999.0 -9999.0 -9999.0 22.7 -9999.0 -9999.0 -9999.0 -9999.0 -9999.0 10.8 -9999.0
-9999.0 -9999.0 -9999.0 -9999.0 -9999.0 -9999.0 -9999.0 -9999.0 -9999.0 -9999.0 -9999.0 -9999.0 -9999.0 -9999.0 -9999.0 -9999.0 -9999.0 -9999.0 -9999.0 -9999.0 -9999.0 -9999.0 -9999.0 -9999.0 -9999.0 -9999.0 -9999.0 -9999.0 -9999.0 -9999.0 -9999.0 -9999.0 -9999.0 -9999.0 -9999.0 -9999.0 -9999.0 -9999.0 -9999.0 -9999.0 -9999.0 -9999.0 -9999.0 -9999.0 -9999.0 -9999.0 -9999.0 -9999.0 -9999.0 -9999.0 -9999.0 -9999.0 -9999.0 -9999.0 -9999.0 -9999.0 -9999.0 -9999.0 8.1 12.7 -9999.0 -9999.0 -9999.0 -9999.0 -9999.0 -9999.0 -9999.0 -9999.0 -9999.0 -9999.0 -9999.0 -9999.0 -9999.0 -9999.0 -9999.0 5.0 5.0 -9999.0
-9999.0 -9999.0 -9999.0 -9999.0 -9999.0 -9999.0 -9999.0 -9999.0 -9999.0 -9999.0 -9999.0 -9999.0 -9999.0 -9999.0 -9999.0 -9999.0 -9999.0 -9999.0 -9999.0 -9999.0 -9999.0 -9999.0 -9999.0 -9999.0 -9999.0 -9999.0 -9999.0 -9999.0 -9999.0 -9999.0 -9999.0 -9999.0 -9999.0 -9999.0 -9999.0 -9999.0 -9999.0 -9999.0 -9999.0 -9999.0 -9999.0 -9999.0 -9999.0 -9999.0 -9999.0 -9999.0 -9999.0 -9999.0 -9999.0 -9999.0 -9999.0 -9999.0 -9999.0 -9999.0 -9999.0 -9999.0 -9999.0 -9999.0 -9999.0 -9999.0 -9999.0 -9999.0 -9999.0 -9999.0 -9999.0 -9999.0 -9999.0 -9999.0 -9999.0 -9999.0 -9999.0 -9999.0 -9999.0 -9999.0 -9999.0 -9999.0 -9999.0 -9999.0
