program/excelProcessViaJava/data/SURF_CLI_CHN_PRE_MON_GRID_0.5-201209.txt
NCOLS      128
NROWS       72
XLLCORNER    72.000000000000    
YLLCORNER    18.000000000000    
CELLSIZE    0.50000000000000    
NODATA_VALUE   -9999.000    
[rows 34 to 67 of 72, columns 0 to 75 of 128]
-9999.0 -9999.0 -9999.0 -9999.0 3.7 4.2 3.1 4.8 3.7 4.8 6.9 7.5 8.5 9.4 3.8 3.8 4.4 2.4 1.8 1.9 2.7 2.9 3.7 10.3 23.1 31.6 24.1 25.4 24.2 24.1 23.0 26.8 20.5 18.8 19.0 13.6 18.8 23.5 11.4 4.4 10.6 1.5 1.2 0.7 0.7 0.7 0.7 0.7 0.9 1.5 2.3 3.8 14.6 11.4 11.9 18.3 28.5 49.4 73.7 68.2 99.1 86.3 78.7 73.4 54.1 46.0 67.4 66.5 71.4 78.8 83.6 94.0 103.8 111.9 117.4 120.4
-9999.0 -9999.0 -9999.0 -9999.0 -9999.0 -9999.0 -9999.0 2.7 2.8 4.0 4.0 5.2 7.0 8.4 9.8 4.6 9.4 6.6 6.3 9.6 15.4 20.2 22.1 22.2 22.3 22.7 25.5 27.0 27.8 31.5 30.6 29.3 26.9 27.6 30.1 22.7 29.9 24.3 32.6 33.0 11.0 35.1 28.5 14.1 5.1 1.2 2.5 1.8 3.3 1.6 1.5 2.5 6.8 31.7 27.5 15.2 21.1 34.3 66.9 75.6 92.8 80.8 64.0 63.7 72.1 56.6 68.0 76.2 79.9 86.9 92.0 98.8 106.6 112.0 110.8 109.2
-9999.0 -9999.0 -9999.0 -9999.0 -9999.0 -9999.0 -9999.0 1.0 2.3 2.3 2.9 4.3 5.4 6.6 8.4 10.4 11.8 13.3 16.5 16.1 17.0 20.3 20.2 21.4 21.8 23.1 23.9 28.8 26.1 25.8 31.3 31.7 31.0 36.4 29.6 30.1 26.7 32.2 30.9 27.5 28.7 27.9 29.9 44.9 18.9 7.8 11.2 12.2 25.1 18.4 37.8 32.8 14.8 22.0 34.1 21.5 30.7 48.6 61.4 70.5 87.6 98.5 79.2 82.4 74.0 69.0 70.3 77.1 91.9 95.5 101.1 107.0 113.1 116.9 104.4 106.3
-9999.0 -9999.0 -9999.0 -9999.0 -9999.0 -9999.0 -9999.0 -9999.0 -9999.0 1.5 2.3 3.2 4.0 5.4 7.0 8.6 10.6 13.2 14.5 17.5 18.0 18.0 18.9 20.2 21.2 21.8 24.5 26.2 25.4 32.5 26.3 30.0 31.2 35.5 29.2 29.3 28.4 32.1 28.9 31.9 28.0 31.6 28.9 25.1 30.9 29.8 30.0 28.9 30.7 31.4 38.3 34.7 30.8 27.9 37.6 30.3 38.2 51.8 54.2 62.2 75.2 84.7 95.2 88.3 88.6 75.4 69.8 79.0 99.4 110.0 116.0 118.5 121.3 123.2 119.6 88.9
-9999.0 -9999.0 -9999.0 -9999.0 -9999.0 -9999.0 -9999.0 -9999.0 -9999.0 -9999.0 -9999.0 2.0 3.4 4.2 5.8 7.4 9.2 10.9 12.6 14.6 17.0 17.6 19.4 19.7 24.4 24.0 27.1 28.9 29.8 29.8 31.3 38.5 34.0 35.8 33.7 45.4 35.2 35.5 53.7 35.6 40.7 33.5 29.2 27.5 43.6 32.7 49.1 40.1 44.0 41.5 35.7 38.9 40.9 43.0 44.3 40.0 44.1 48.3 52.4 57.4 62.4 77.8 91.2 97.0 93.9 64.6 56.7 79.5 104.2 121.1 129.3 130.5 127.4 118.9 100.5 93.4
-9999.0 -9999.0 -9999.0 -9999.0 -9999.0 -9999.0 -9999.0 -9999.0 -9999.0 -9999.0 -9999.0 -9999.0 2.6 3.7 4.7 6.3 7.9 9.8 11.6 14.2 14.5 16.5 18.2 19.1 27.1 23.5 23.9 29.4 30.6 38.1 35.3 36.2 38.2 45.5 47.2 44.1 57.8 43.2 36.5 31.8 30.6 31.0 31.7 38.6 39.2 44.1 51.1 41.6 44.2 44.9 54.3 55.0 51.3 47.4 46.5 45.5 46.4 47.2 60.2 53.8 60.8 63.9 72.4 85.3 85.7 90.5 63.7 85.7 111.6 129.9 138.4 126.3 114.0 104.7 101.6 139.6
-9999.0 -9999.0 -9999.0 -9999.0 -9999.0 -9999.0 -9999.0 -9999.0 -9999.0 -9999.0 -9999.0 -9999.0 1.6 3.0 4.1 5.3 6.8 8.5 10.5 12.3 14.1 16.4 18.0 18.9 19.3 22.4 24.7 25.0 29.5 30.1 36.7 44.7 43.8 45.1 49.8 47.0 57.8 56.7 48.3 41.9 34.5 33.8 46.2 37.5 47.7 56.5 47.6 45.6 39.0 49.1 52.2 60.3 59.6 60.2 55.4 52.8 55.5 57.2 68.2 68.8 69.8 71.8 72.6 78.4 78.0 83.7 54.7 83.2 119.2 144.5 154.9 167.5 174.1 145.9 132.2 112.5
-9999.0 -9999.0 -9999.0 -9999.0 -9999.0 -9999.0 -9999.0 -9999.0 -9999.0 -9999.0 -9999.0 -9999.0 -9999.0 2.2 2.9 4.6 5.9 7.5 9.1 10.8 12.8 14.3 17.2 17.8 20.1 25.1 28.0 33.1 33.7 35.9 35.9 38.2 49.1 53.3 46.0 48.9 50.8 54.8 77.3 57.2 50.0 52.7 50.6 61.0 53.2 49.0 56.0 61.2 62.5 62.1 66.0 69.2 74.2 75.9 68.3 63.3 65.3 65.6 63.0 72.3 76.3 81.5 80.9 83.1 61.3 72.4 89.0 108.4 142.9 159.6 142.1 153.4 169.1 163.2 165.2 136.9
-9999.0 -9999.0 -9999.0 -9999.0 -9999.0 -9999.0 -9999.0 -9999.0 -9999.0 -9999.0 -9999.0 -9999.0 1.0 1.4 2.3 3.8 4.8 6.5 8.2 9.9 11.8 13.8 16.2 18.1 20.0 24.6 26.7 28.4 31.3 35.5 37.8 37.6 51.0 48.7 53.8 50.8 61.6 48.9 47.9 49.9 67.7 78.2 84.7 59.5 65.9 67.1 62.0 57.4 64.0 69.8 82.3 90.8 91.2 89.0 84.5 77.9 70.8 89.9 81.3 91.2 94.6 93.8 94.0 94.4 89.7 91.2 99.7 128.6 174.4 200.4 208.6 194.5 170.5 147.4 148.1 139.8
-9999.0 -9999.0 -9999.0 -9999.0 -9999.0 -9999.0 -9999.0 -9999.0 -9999.0 -9999.0 -9999.0 -9999.0 0.7 1.4 2.1 2.6 3.9 5.8 7.5 9.3 11.4 13.8 16.2 18.6 20.7 22.9 25.4 27.9 30.7 32.4 34.7 39.0 48.9 43.7 46.0 50.6 45.8 48.8 47.3 41.2 47.5 50.9 58.7 68.1 74.4 79.5 88.3 84.6 82.7 73.4 84.3 98.4 104.4 109.2 104.2 101.1 86.6 84.9 95.3 97.3 103.2 106.9 102.2 86.3 85.9 118.4 139.4 161.8 166.7 186.4 198.2 191.3 187.3 213.3 211.4 163.8
-9999.0 -9999.0 -9999.0 -9999.0 -9999.0 -9999.0 -9999.0 -9999.0 -9999.0 -9999.0 -9999.0 -9999.0 0.7 0.9 1.7 2.5 3.7 4.7 6.6 8.7 10.9 13.6 16.4 19.3 22.0 25.4 27.7 32.1 31.6 33.8 35.9 44.3 41.1 40.7 43.3 47.5 46.3 45.5 41.0 48.9 48.6 50.0 79.1 66.0 83.8 98.1 101.1 90.8 80.0 83.5 92.0 98.7 107.9 105.8 103.7 116.7 101.5 99.0 104.5 118.8 123.5 121.4 125.4 85.5 87.0 152.0 181.2 203.9 209.8 187.0 187.7 229.0 224.3 228.9 235.4 189.2
-9999.0 -9999.0 -9999.0 -9999.0 -9999.0 -9999.0 -9999.0 -9999.0 -9999.0 -9999.0 -9999.0 -9999.0 -9999.0 0.6 1.0 2.0 3.0 4.5 5.9 7.9 10.2 13.4 16.4 19.6 22.9 25.8 28.5 30.7 33.6 34.1 39.4 41.0 45.2 43.2 47.3 59.9 57.0 42.9 43.3 42.2 49.6 80.6 96.6 98.1 90.2 92.8 98.3 80.3 91.8 89.1 83.8 99.5 102.7 107.2 106.3 105.0 117.0 119.8 122.2 127.6 136.6 145.7 132.2 67.3 125.1 165.1 212.3 228.5 206.2 204.5 198.1 206.9 227.2 166.8 173.7 137.1
-9999.0 -9999.0 -9999.0 -9999.0 -9999.0 -9999.0 -9999.0 -9999.0 -9999.0 -9999.0 -9999.0 -9999.0 -9999.0 0.8 0.8 1.7 2.3 4.1 5.8 7.8 9.8 12.8 16.1 19.8 24.4 27.0 29.7 32.2 34.1 39.8 41.8 44.4 44.0 47.4 56.0 57.6 48.0 43.7 49.2 72.1 60.8 77.1 92.4 101.3 114.0 99.3 93.6 75.9 76.0 75.3 83.9 73.7 92.4 102.3 106.6 107.1 114.5 125.9 135.0 143.5 153.6 112.6 79.6 111.7 114.1 146.4 198.9 209.4 189.7 175.8 194.6 219.4 211.9 185.9 169.6 180.4
-9999.0 -9999.0 -9999.0 -9999.0 -9999.0 -9999.0 -9999.0 -9999.0 -9999.0 -9999.0 -9999.0 -9999.0 -9999.0 -9999.0 -9999.0 1.4 2.4 3.5 5.5 8.2 9.9 13.8 17.7 21.0 24.2 27.7 29.7 32.6 35.6 37.1 40.5 43.2 52.0 55.6 54.5 66.2 69.4 40.6 46.4 53.9 72.8 85.2 93.9 99.2 98.0 95.0 86.6 72.8 71.8 60.7 64.6 88.8 79.4 89.1 68.8 102.0 112.6 126.1 146.1 163.4 133.8 96.6 126.8 108.3 98.1 118.5 160.5 173.5 164.8 193.2 214.3 213.5 195.6 175.1 187.8 217.1
-9999.0 -9999.0 -9999.0 -9999.0 -9999.0 -9999.0 -9999.0 -9999.0 -9999.0 -9999.0 -9999.0 -9999.0 -9999.0 -9999.0 -9999.0 -9999.0 -9999.0 6.7 7.9 -9999.0 13.7 14.1 20.1 24.1 25.2 28.9 29.5 32.7 35.7 37.1 40.0 43.0 52.9 49.1 47.7 56.1 70.1 41.0 51.1 56.7 66.3 81.3 85.7 91.3 136.4 107.5 203.3 84.1 72.5 67.6 74.0 63.0 59.5 86.1 95.8 103.6 106.4 134.0 155.8 179.0 110.9 104.4 116.8 108.9 100.5 122.1 163.6 176.0 181.4 198.0 192.2 178.9 164.1 156.1 197.1 242.6
-9999.0 -9999.0 -9999.0 -9999.0 -9999.0 -9999.0 -9999.0 -9999.0 -9999.0 -9999.0 -9999.0 -9999.0 -9999.0 -9999.0 -9999.0 -9999.0 -9999.0 -9999.0 -9999.0 -9999.0 -9999.0 17.4 19.8 20.6 26.8 35.2 36.7 37.3 36.6 39.6 40.5 46.8 48.6 52.9 55.5 61.6 58.5 54.4 53.3 61.1 66.9 72.0 78.3 82.7 153.3 96.5 308.2 111.2 85.6 125.2 76.1 92.5 94.5 74.1 89.0 107.7 119.9 131.7 173.0 191.7 120.4 110.5 110.3 110.2 137.3 181.5 226.0 216.8 204.4 181.7 155.7 134.4 122.5 121.4 174.8 233.7
-9999.0 -9999.0 -9999.0 -9999.0 -9999.0 -9999.0 -9999.0 -9999.0 -9999.0 -9999.0 -9999.0 -9999.0 -9999.0 -9999.0 -9999.0 -9999.0 -9999.0 -9999.0 -9999.0 -9999.0 -9999.0 -9999.0 -9999.0 38.3 33.0 37.8 40.1 39.1 35.1 39.1 40.0 44.2 51.6 57.8 65.3 69.2 71.1 64.2 65.1 64.0 60.7 66.1 65.7 86.4 170.0 359.7 212.6 179.8 223.3 230.6 128.8 96.9 96.1 91.4 84.9 77.1 115.4 149.0 159.5 204.5 181.5 168.8 137.5 123.5 149.6 234.7 286.1 248.5 165.2 144.2 111.5 97.2 91.0 112.9 130.6 161.3
-9999.0 -9999.0 -9999.0 -9999.0 -9999.0 -9999.0 -9999.0 -9999.0 -9999.0 -9999.0 -9999.0 -9999.0 -9999.0 -9999.0 -9999.0 -9999.0 -9999.0 -9999.0 -9999.0 -9999.0 -9999.0 -9999.0 -9999.0 -9999.0 -9999.0 60.7 52.8 31.5 34.0 35.7 38.9 46.5 52.6 58.3 66.0 70.9 76.1 69.9 69.0 61.4 62.1 55.2 150.3 156.6 312.3 386.7 358.9 431.7 144.2 232.7 116.3 121.7 114.2 108.8 79.8 81.9 114.1 132.6 181.4 214.0 238.8 224.7 239.9 176.0 191.6 243.2 239.7 145.2 117.2 103.7 86.9 78.4 72.7 110.7 134.1 128.2
-9999.0 -9999.0 -9999.0 -9999.0 -9999.0 -9999.0 -9999.0 -9999.0 -9999.0 -9999.0 -9999.0 -9999.0 -9999.0 -9999.0 -9999.0 -9999.0 -9999.0 -9999.0 -9999.0 -9999.0 -9999.0 -9999.0 -9999.0 -9999.0 -9999.0 -9999.0 -9999.0 73.9 76.4 57.4 54.8 56.1 49.7 65.9 65.0 84.1 73.0 72.3 79.6 64.4 58.2 74.2 181.6 294.5 343.3 391.4 419.1 430.5 429.1 344.9 361.6 296.5 135.5 107.1 87.2 99.1 95.0 123.2 181.5 214.3 259.0 249.4 181.4 154.8 131.7 157.6 176.6 154.0 114.2 92.2 79.2 89.8 80.5 120.3 120.9 126.2
-9999.0 -9999.0 -9999.0 -9999.0 -9999.0 -9999.0 -9999.0 -9999.0 -9999.0 -9999.0 -9999.0 -9999.0 -9999.0 -9999.0 -9999.0 -9999.0 -9999.0 -9999.0 -9999.0 -9999.0 -9999.0 -9999.0 -9999.0 -9999.0 -9999.0 -9999.0 -9999.0 -9999.0 -9999.0 -9999.0 -9999.0 -9999.0 -9999.0 81.5 67.1 -9999.0 -9999.0 -9999.0 113.4 81.0 115.9 166.5 168.5 303.4 348.2 377.8 -9999.0 -9999.0 -9999.0 -9999.0 -9999.0 -9999.0 175.2 123.3 87.1 80.5 97.0 123.4 164.7 212.6 242.3 242.3 177.3 142.5 138.5 141.5 133.8 120.5 108.8 90.9 76.2 95.8 125.3 131.7 157.1 146.4
-9999.0 -9999.0 -9999.0 -9999.0 -9999.0 -9999.0 -9999.0 -9999.0 -9999.0 -9999.0 -9999.0 -9999.0 -9999.0 -9999.0 -9999.0 -9999.0 -9999.0 -9999.0 -9999.0 -9999.0 -9999.0 -9999.0 -9999.0 -9999.0 -9999.0 -9999.0 -9999.0 -9999.0 -9999.0 -9999.0 -9999.0 -9999.0 -9999.0 -9999.0 -9999.0 -9999.0 -9999.0 -9999.0 -9999.0 181.2 203.7 231.7 262.4 293.3 -9999.0 -9999.0 -9999.0 -9999.0 -9999.0 -9999.0 -9999.0 -9999.0 177.5 142.4 107.6 93.1 104.2 125.6 156.6 190.0 206.9 210.7 185.6 137.4 128.0 118.1 115.0 118.4 110.5 102.0 93.9 95.5 105.2 141.5 124.1 143.9
-9999.0 -9999.0 -9999.0 -9999.0 -9999.0 -9999.0 -9999.0 -9999.0 -9999.0 -9999.0 -9999.0 -9999.0 -9999.0 -9999.0 -9999.0 -9999.0 -9999.0 -9999.0 -9999.0 -9999.0 -9999.0 -9999.0 -9999.0 -9999.0 -9999.0 -9999.0 -9999.0 -9999.0 -9999.0 -9999.0 -9999.0 -9999.0 -9999.0 -9999.0 -9999.0 -9999.0 -9999.0 -9999.0 -9999.0 -9999.0 -9999.0 -9999.0 -9999.0 -9999.0 -9999.0 -9999.0 -9999.0 -9999.0 -9999.0 -9999.0 -9999.0 -9999.0 174.2 165.7 131.3 139.4 124.6 130.2 147.6 176.6 178.4 177.9 255.0 141.5 128.6 114.4 119.1 113.5 107.2 98.6 83.2 79.9 115.5 102.8 107.4 112.1
-9999.0 -9999.0 -9999.0 -9999.0 -9999.0 -9999.0 -9999.0 -9999.0 -9999.0 -9999.0 -9999.0 -9999.0 -9999.0 -9999.0 -9999.0 -9999.0 -9999.0 -9999.0 -9999.0 -9999.0 -9999.0 -9999.0 -9999.0 -9999.0 -9999.0 -9999.0 -9999.0 -9999.0 -9999.0 -9999.0 -9999.0 -9999.0 -9999.0 -9999.0 -9999.0 -9999.0 -9999.0 -9999.0 -9999.0 -9999.0 -9999.0 -9999.0 -9999.0 -9999.0 -9999.0 -9999.0 -9999.0 -9999.0 -9999.0 -9999.0 -9999.0 192.8 187.6 185.8 123.8 142.9 137.0 158.4 151.5 125.0 217.9 208.9 154.8 148.7 128.6 115.2 112.1 98.7 93.3 79.1 64.0 63.2 59.3 61.5 80.4 101.3
-9999.0 -9999.0 -9999.0 -9999.0 -9999.0 -9999.0 -9999.0 -9999.0 -9999.0 -9999.0 -9999.0 -9999.0 -9999.0 -9999.0 -9999.0 -9999.0 -9999.0 -9999.0 -9999.0 -9999.0 -9999.0 -9999.0 -9999.0 -9999.0 -9999.0 -9999.0 -9999.0 -9999.0 -9999.0 -9999.0 -9999.0 -9999.0 -9999.0 -9999.0 -9999.0 -9999.0 -9999.0 -9999.0 -9999.0 -9999.0 -9999.0 -9999.0 -9999.0 -9999.0 -9999.0 -9999.0 -9999.0 -9999.0 -9999.0 -9999.0 149.5 203.8 201.8 196.6 150.1 160.5 119.4 98.0 140.7 194.9 177.5 216.0 165.3 161.0 135.3 120.1 106.0 94.1 91.2 75.8 72.4 68.1 67.9 73.8 90.0 109.6
-9999.0 -9999.0 -9999.0 -9999.0 -9999.0 -9999.0 -9999.0 -9999.0 -9999.0 -9999.0 -9999.0 -9999.0 -9999.0 -9999.0 -9999.0 -9999.0 -9999.0 -9999.0 -9999.0 -9999.0 -9999.0 -9999.0 -9999.0 -9999.0 -9999.0 -9999.0 -9999.0 -9999.0 -9999.0 -9999.0 -9999.0 -9999.0 -9999.0 -9999.0 -9999.0 -9999.0 -9999.0 -9999.0 -9999.0 -9999.0 -9999.0 -9999.0 -9999.0 -9999.0 -9999.0 -9999.0 -9999.0 -9999.0 -9999.0 -9999.0 117.6 209.8 118.5 171.9 175.8 144.8 60.3 165.3 181.1 158.2 135.4 151.5 134.6 145.5 140.0 126.7 113.0 102.2 99.5 100.9 106.8 106.0 95.1 83.6 92.8 112.3
-9999.0 -9999.0 -9999.0 -9999.0 -9999.0 -9999.0 -9999.0 -9999.0 -9999.0 -9999.0 -9999.0 -9999.0 -9999.0 -9999.0 -9999.0 -9999.0 -9999.0 -9999.0 -9999.0 -9999.0 -9999.0 -9999.0 -9999.0 -9999.0 -9999.0 -9999.0 -9999.0 -9999.0 -9999.0 -9999.0 -9999.0 -9999.0 -9999.0 -9999.0 -9999.0 -9999.0 -9999.0 -9999.0 -9999.0 -9999.0 -9999.0 -9999.0 -9999.0 -9999.0 -9999.0 -9999.0 -9999.0 -9999.0 -9999.0 -9999.0 85.3 107.6 76.1 189.5 106.5 106.1 195.0 160.5 186.1 106.0 121.8 134.2 129.3 126.9 135.3 132.8 123.7 111.4 106.6 118.0 136.0 123.5 105.9 85.5 77.6 93.0
-9999.0 -9999.0 -9999.0 -9999.0 -9999.0 -9999.0 -9999.0 -9999.0 -9999.0 -9999.0 -9999.0 -9999.0 -9999.0 -9999.0 -9999.0 -9999.0 -9999.0 -9999.0 -9999.0 -9999.0 -9999.0 -9999.0 -9999.0 -9999.0 -9999.0 -9999.0 -9999.0 -9999.0 -9999.0 -9999.0 -9999.0 -9999.0 -9999.0 -9999.0 -9999.0 -9999.0 -9999.0 -9999.0 -9999.0 -9999.0 -9999.0 -9999.0 -9999.0 -9999.0 -9999.0 -9999.0 -9999.0 -9999.0 -9999.0 -9999.0 109.5 137.9 109.8 127.4 130.6 172.6 128.9 180.0 171.3 102.6 106.7 98.5 98.7 122.0 128.4 125.5 117.6 108.5 101.4 98.8 116.5 113.3 89.4 66.0 50.3 66.7
-9999.0 -9999.0 -9999.0 -9999.0 -9999.0 -9999.0 -9999.0 -9999.0 -9999.0 -9999.0 -9999.0 -9999.0 -9999.0 -9999.0 -9999.0 -9999.0 -9999.0 -9999.0 -9999.0 -9999.0 -9999.0 -9999.0 -9999.0 -9999.0 -9999.0 -9999.0 -9999.0 -9999.0 -9999.0 -9999.0 -9999.0 -9999.0 -9999.0 -9999.0 -9999.0 -9999.0 -9999.0 -9999.0 -9999.0 -9999.0 -9999.0 -9999.0 -9999.0 -9999.0 -9999.0 -9999.0 -9999.0 -9999.0 -9999.0 -9999.0 -9999.0 -9999.0 -9999.0 97.9 111.5 141.1 182.2 210.5 163.6 129.7 163.4 96.4 126.5 142.2 135.8 121.5 105.4 94.4 79.2 73.1 76.0 76.2 61.7 44.4 39.6 48.8
-9999.0 -9999.0 -9999.0 -9999.0 -9999.0 -9999.0 -9999.0 -9999.0 -9999.0 -9999.0 -9999.0 -9999.0 -9999.0 -9999.0 -9999.0 -9999.0 -9999.0 -9999.0 -9999.0 -9999.0 -9999.0 -9999.0 -9999.0 -9999.0 -9999.0 -9999.0 -9999.0 -9999.0 -9999.0 -9999.0 -9999.0 -9999.0 -9999.0 -9999.0 -9999.0 -9999.0 -9999.0 -9999.0 -9999.0 -9999.0 -9999.0 -9999.0 -9999.0 -9999.0 -9999.0 -9999.0 -9999.0 -9999.0 -9999.0 -9999.0 -9999.0 -9999.0 -9999.0 93.5 103.2 188.1 186.2 200.9 213.2 212.9 166.1 162.1 176.5 228.9 201.2 154.8 137.1 82.0 60.9 50.6 54.5 63.7 60.5 50.5 47.0 66.8
-9999.0 -9999.0 -9999.0 -9999.0 -9999.0 -9999.0 -9999.0 -9999.0 -9999.0 -9999.0 -9999.0 -9999.0 -9999.0 -9999.0 -9999.0 -9999.0 -9999.0 -9999.0 -9999.0 -9999.0 -9999.0 -9999.0 -9999.0 -9999.0 -9999.0 -9999.0 -9999.0 -9999.0 -9999.0 -9999.0 -9999.0 -9999.0 -9999.0 -9999.0 -9999.0 -9999.0 -9999.0 -9999.0 -9999.0 -9999.0 -9999.0 -9999.0 -9999.0 -9999.0 -9999.0 -9999.0 -9999.0 -9999.0 -9999.0 -9999.0 -9999.0 -9999.0 -9999.0 85.2 78.7 149.9 183.1 202.6 226.3 227.0 234.7 240.1 238.9 223.5 293.5 -9999.0 -9999.0 -9999.0 59.1 51.8 64.1 86.0 97.4 89.1 78.7 94.6
-9999.0 -9999.0 -9999.0 -9999.0 -9999.0 -9999.0 -9999.0 -9999.0 -9999.0 -9999.0 -9999.0 -9999.0 -9999.0 -9999.0 -9999.0 -9999.0 -9999.0 -9999.0 -9999.0 -9999.0 -9999.0 -9999.0 -9999.0 -9999.0 -9999.0 -9999.0 -9999.0 -9999.0 -9999.0 -9999.0 -9999.0 -9999.0 -9999.0 -9999.0 -9999.0 -9999.0 -9999.0 -9999.0 -9999.0 -9999.0 -9999.0 -9999.0 -9999.0 -9999.0 -9999.0 -9999.0 -9999.0 -9999.0 -9999.0 -9999.0 -9999.0 -9999.0 -9999.0 -9999.0 94.0 124.1 137.7 161.6 217.4 250.4 233.9 -9999.0 -9999.0 -9999.0 -9999.0 -9999.0 -9999.0 -9999.0 79.5 71.8 90.0 135.0 156.6 141.5 115.5 105.2
-9999.0 -9999.0 -9999.0 -9999.0 -9999.0 -9999.0 -9999.0 -9999.0 -9999.0 -9999.0 -9999.0 -9999.0 -9999.0 -9999.0 -9999.0 -9999.0 -9999.0 -9999.0 -9999.0 -9999.0 -9999.0 -9999.0 -9999.0 -9999.0 -9999.0 -9999.0 -9999.0 -9999.0 -9999.0 -9999.0 -9999.0 -9999.0 -9999.0 -9999.0 -9999.0 -9999.0 -9999.0 -9999.0 -9999.0 -9999.0 -9999.0 -9999.0 -9999.0 -9999.0 -9999.0 -9999.0 -9999.0 -9999.0 -9999.0 -9999.0 -9999.0 -9999.0 -9999.0 -9999.0 -9999.0 96.0 158.3 156.5 169.0 212.8 238.6 -9999.0 -9999.0 -9999.0 -9999.0 -9999.0 -9999.0 -9999.0 -9999.0 -9999.0 132.2 -9999.0 -9999.0 -9999.0 -9999.0 -9999.0
-9999.0 -9999.0 -9999.0 -9999.0 -9999.0 -9999.0 -9999.0 -9999.0 -9999.0 -9999.0 -9999.0 -9999.0 -9999.0 -9999.0 -9999.0 -9999.0 -9999.0 -9999.0 -9999.0 -9999.0 -9999.0 -9999.0 -9999.0 -9999.0 -9999.0 -9999.0 -9999.0 -9999.0 -9999.0 -9999.0 -9999.0 -9999.0 -9999.0 -9999.0 -9999.0 -9999.0 -9999.0 -9999.0 -9999.0 -9999.0 -9999.0 -9999.0 -9999.0 -9999.0 -9999.0 -9999.0 -9999.0 -9999.0 -9999.0 -9999.0 -9999.0 -9999.0 -9999.0 -9999.0 -9999.0 -9999.0 -9999.0 -9999.0 156.0 173.1 -9999.0 -9999.0 -9999.0 -9999.0 -9999.0 -9999.0 -9999.0 -9999.0 -9999.0 -9999.0 -9999.0 -9999.0 -9999.0 -9999.0 -9999.0 128.2
-9999.0 -9999.0 -9999.0 -9999.0 -9999.0 -9999.0 -9999.0 -9999.0 -9999.0 -9999.0 -9999.0 -9999.0 -9999.0 -9999.0 -9999.0 -9999.0 -9999.0 -9999.0 -9999.0 -9999.0 -9999.0 -9999.0 -9999.0 -9999.0 -9999.0 -9999.0 -9999.0 -9999.0 -9999.0 -9999.0 -9999.0 -9999.0 -9999.0 -9999.0 -9999.0 -9999.0 -9999.0 -9999.0 -9999.0 -9999.0 -9999.0 -9999.0 -9999.0 -9999.0 -9999.0 -9999.0 -9999.0 -9999.0 -9999.0 -9999.0 -9999.0 -9999.0 -9999.0 -9999.0 -9999.0 -9999.0 -9999.0 -9999.0 -9999.0 -9999.0 -9999.0 -9999.0 -9999.0 -9999.0 -9999.0 -9999.0 -9999.0 -9999.0 -9999.0 -9999.0 -9999.0 -9999.0 -9999.0 -9999.0 -9999.0 -9999.0
