program/excelProcessViaJava/data/SURF_CLI_CHN_PRE_MON_GRID_0.5-200006.txt
NCOLS      128
NROWS       72
XLLCORNER    72.000000000000    
YLLCORNER    18.000000000000    
CELLSIZE    0.50000000000000    
NODATA_VALUE   -9999.000    
[rows 33 to 65 of 72, columns 0 to 74 of 128]
-9999.0 -9999.0 -9999.0 -9999.0 2.0 0.3 0.0 0.5 0.5 3.1 1.8 2.0 2.2 2.7 4.0 5.7 7.0 7.7 8.2 9.2 11.3 14.6 19.1 25.8 33.2 40.3 45.5 5.9 36.0 35.0 34.5 42.9 46.5 42.1 46.7 41.9 36.0 32.2 28.7 19.6 9.1 5.1 4.5 4.3 5.3 6.8 9.9 17.1 26.9 28.9 39.3 67.4 83.8 100.4 81.3 96.4 100.1 126.0 120.3 130.5 122.3 108.9 98.0 59.6 32.6 51.6 66.5 38.0 73.2 63.8 62.4 71.7 76.8 80.7 80.3
-9999.0 -9999.0 -9999.0 -9999.0 0.4 0.6 0.0 0.4 0.0 0.0 0.6 0.0 0.2 0.3 2.7 4.0 5.1 7.0 7.5 8.5 11.5 15.5 20.5 20.1 6.9 2.3 14.0 17.2 24.4 29.7 35.9 34.4 44.2 46.1 44.7 44.7 40.3 37.6 32.9 22.9 26.8 10.5 7.9 5.0 4.7 4.8 5.2 6.4 9.3 17.0 26.9 41.4 75.7 68.0 61.8 72.4 76.5 84.7 92.8 56.0 93.1 73.1 73.6 76.0 59.6 47.4 91.2 79.7 82.2 109.2 83.9 85.4 84.3 87.3 82.7
-9999.0 -9999.0 -9999.0 -9999.0 -9999.0 -9999.0 -9999.0 0.1 0.0 0.1 0.0 0.0 0.1 0.0 0.1 3.2 1.5 4.8 6.6 6.3 2.9 1.0 1.2 3.0 5.8 9.2 10.1 13.3 17.8 18.8 25.9 32.9 40.0 42.2 42.4 46.9 44.0 44.1 43.5 44.0 32.1 46.9 44.4 31.0 16.6 7.1 10.7 9.8 16.9 15.8 21.2 35.0 55.8 85.3 87.6 53.0 44.2 41.2 80.8 52.3 83.0 67.5 75.3 83.4 93.7 79.2 103.4 124.1 119.1 122.9 105.1 98.2 104.8 105.0 95.2
-9999.0 -9999.0 -9999.0 -9999.0 -9999.0 -9999.0 -9999.0 0.0 0.2 0.0 0.0 0.0 0.0 0.0 0.0 0.0 0.1 0.2 0.0 0.5 0.9 0.5 1.4 2.4 4.9 7.2 11.1 9.8 19.8 27.0 26.1 32.3 39.2 39.4 48.9 50.7 52.2 51.1 50.7 49.5 50.5 51.3 52.9 59.6 37.8 20.9 24.8 26.8 44.0 43.1 63.6 65.8 58.2 68.2 84.7 56.7 51.1 60.1 75.8 80.1 72.0 84.9 96.1 107.2 97.8 94.9 101.1 110.5 133.4 115.7 120.3 120.1 118.4 115.3 91.6
-9999.0 -9999.0 -9999.0 -9999.0 -9999.0 -9999.0 -9999.0 -9999.0 -9999.0 0.0 0.0 0.0 0.0 0.0 0.0 0.1 0.0 0.0 0.0 0.0 0.2 0.9 1.7 2.9 4.9 8.4 9.6 12.9 21.1 18.1 34.7 37.2 43.1 45.9 56.2 59.1 60.2 59.4 57.4 57.0 55.1 59.2 58.4 52.8 54.9 50.4 48.1 47.0 51.4 56.2 65.2 64.6 64.7 67.5 85.2 69.3 56.4 63.3 83.4 81.3 83.0 92.0 101.5 102.3 101.9 95.2 91.7 92.3 114.0 114.2 125.6 118.6 109.2 106.1 107.6
-9999.0 -9999.0 -9999.0 -9999.0 -9999.0 -9999.0 -9999.0 -9999.0 -9999.0 -9999.0 -9999.0 0.0 0.2 0.0 0.0 0.0 0.0 0.1 0.2 0.2 0.1 0.7 0.9 2.9 1.3 4.9 5.8 9.1 14.8 22.9 29.5 29.5 44.4 51.6 60.9 60.6 69.0 69.4 69.1 64.6 66.1 63.8 62.8 61.2 73.3 60.9 72.7 64.8 71.4 73.4 70.2 72.6 75.5 85.4 98.1 98.7 90.9 96.6 93.4 91.5 93.4 93.0 95.5 94.2 91.9 91.1 78.5 86.0 97.8 111.0 118.1 114.7 96.7 85.3 76.0
-9999.0 -9999.0 -9999.0 -9999.0 -9999.0 -9999.0 -9999.0 -9999.0 -9999.0 -9999.0 -9999.0 -9999.0 0.2 0.2 0.0 0.1 0.0 0.1 0.1 0.0 1.0 1.0 1.5 3.8 0.2 5.8 11.3 8.6 14.3 12.3 25.5 34.9 43.7 48.0 58.8 71.6 73.1 82.1 79.3 71.8 66.3 66.8 70.9 79.6 81.0 83.9 88.3 79.4 86.3 92.4 102.6 101.6 98.3 100.9 112.7 120.9 122.6 121.3 105.5 109.8 102.8 95.6 90.2 87.8 88.3 89.3 93.5 97.0 103.6 111.3 111.1 102.4 101.2 103.0 108.5
-9999.0 -9999.0 -9999.0 -9999.0 -9999.0 -9999.0 -9999.0 -9999.0 -9999.0 -9999.0 -9999.0 -9999.0 0.0 0.8 1.6 0.1 1.3 0.8 0.1 0.4 0.7 0.6 1.3 4.6 10.3 8.9 10.9 18.4 17.2 25.6 24.8 25.6 39.9 52.7 63.4 80.0 86.4 95.6 98.0 91.6 81.6 79.8 92.0 90.3 101.8 109.7 103.8 102.7 98.2 114.7 117.9 122.6 119.2 128.8 131.3 142.1 140.8 138.5 130.3 123.9 113.6 102.7 94.0 87.8 93.1 99.5 82.7 88.8 102.8 118.2 126.4 127.9 130.7 151.8 157.1
-9999.0 -9999.0 -9999.0 -9999.0 -9999.0 -9999.0 -9999.0 -9999.0 -9999.0 -9999.0 -9999.0 -9999.0 -9999.0 0.5 0.1 3.6 0.8 2.6 3.7 3.9 2.7 6.5 2.6 10.2 10.1 3.8 5.2 4.0 10.6 16.2 27.1 35.3 34.5 46.3 71.0 86.6 102.2 112.9 108.4 114.0 107.3 106.5 108.1 118.5 120.1 121.1 128.4 133.5 137.0 138.7 140.0 135.4 137.1 151.1 155.0 158.0 157.6 154.8 142.9 139.4 124.5 112.4 103.6 103.8 84.7 103.7 114.4 109.2 119.3 133.7 129.2 171.0 206.3 215.5 197.4
-9999.0 -9999.0 -9999.0 -9999.0 -9999.0 -9999.0 -9999.0 -9999.0 -9999.0 -9999.0 -9999.0 -9999.0 0.9 0.1 0.3 3.5 0.3 1.7 2.4 11.3 11.8 11.8 9.3 12.5 15.7 5.8 9.3 14.5 16.7 17.4 24.1 36.9 31.1 50.6 64.3 87.8 102.3 126.8 133.0 128.4 124.7 124.8 128.7 128.8 136.4 140.5 140.1 137.0 140.9 143.2 149.7 153.9 151.5 159.4 162.5 165.9 165.7 172.0 167.0 160.4 138.7 120.0 116.8 109.0 115.4 117.6 108.1 119.9 161.7 193.2 225.7 269.2 298.8 288.3 280.7
-9999.0 -9999.0 -9999.0 -9999.0 -9999.0 -9999.0 -9999.0 -9999.0 -9999.0 -9999.0 -9999.0 -9999.0 0.6 12.3 7.9 0.1 0.5 11.6 13.3 6.4 18.8 10.4 11.9 13.7 19.8 22.8 21.3 21.8 21.9 27.9 32.3 34.2 31.3 53.9 67.9 83.5 107.9 127.2 136.6 129.3 125.1 123.6 129.0 136.4 140.7 142.1 142.4 139.3 136.6 126.4 130.8 145.3 145.7 151.0 160.2 164.8 173.6 177.1 182.5 164.1 145.2 127.5 128.7 116.2 113.3 138.7 155.0 171.8 232.7 328.5 362.1 360.1 351.9 324.1 271.2
-9999.0 -9999.0 -9999.0 -9999.0 -9999.0 -9999.0 -9999.0 -9999.0 -9999.0 -9999.0 -9999.0 -9999.0 27.8 4.8 24.2 17.7 19.6 2.4 12.1 12.2 2.9 2.8 14.2 9.0 15.2 7.3 12.7 6.5 24.2 27.1 31.6 22.4 42.0 55.3 64.9 76.7 96.5 115.8 125.1 125.7 121.0 118.7 134.3 126.7 134.1 132.6 127.0 116.3 102.4 103.9 113.2 116.8 145.0 152.9 161.6 159.1 177.4 184.9 184.9 181.7 164.5 147.4 128.0 109.1 96.5 146.6 174.6 215.6 292.7 346.2 351.7 356.1 337.4 294.3 203.1
-9999.0 -9999.0 -9999.0 -9999.0 -9999.0 -9999.0 -9999.0 -9999.0 -9999.0 -9999.0 -9999.0 -9999.0 -9999.0 0.8 3.1 26.8 21.8 28.7 12.3 8.6 0.7 11.9 6.3 4.5 18.4 15.2 18.3 23.5 17.5 34.6 21.3 29.7 32.2 48.9 54.5 56.6 77.2 102.0 112.8 113.6 113.8 125.3 129.6 130.1 118.0 107.5 101.0 73.4 85.9 85.1 81.7 113.4 124.0 126.8 155.3 167.7 172.9 190.1 196.3 181.4 176.1 138.0 147.0 79.0 94.0 127.9 154.8 209.4 272.1 307.9 276.5 254.4 275.0 229.0 226.3
-9999.0 -9999.0 -9999.0 -9999.0 -9999.0 -9999.0 -9999.0 -9999.0 -9999.0 -9999.0 -9999.0 -9999.0 -9999.0 73.9 10.3 38.7 9.4 42.9 36.5 23.6 2.6 3.4 2.9 6.8 28.1 18.6 16.5 27.7 25.5 5.2 13.0 20.4 37.2 41.4 39.9 51.2 72.8 89.6 100.2 101.9 111.7 117.8 121.6 118.5 110.6 93.1 78.0 52.0 53.1 58.0 79.6 76.1 110.2 132.3 148.4 163.6 177.0 197.5 206.1 197.0 194.4 150.1 106.6 81.5 95.7 119.7 141.1 175.1 210.7 197.0 174.3 179.9 198.2 210.9 198.3
-9999.0 -9999.0 -9999.0 -9999.0 -9999.0 -9999.0 -9999.0 -9999.0 -9999.0 -9999.0 -9999.0 -9999.0 -9999.0 -9999.0 -9999.0 49.5 59.6 38.6 48.5 55.3 13.8 25.5 25.8 18.6 12.9 14.4 2.0 10.5 3.2 22.3 18.3 27.7 17.4 26.5 41.7 37.5 47.9 78.5 89.1 97.0 102.3 108.0 111.1 106.5 89.8 74.1 63.2 42.7 47.6 39.3 59.7 94.7 97.0 114.3 105.2 153.5 178.8 200.2 211.1 210.8 190.9 177.1 135.8 116.5 117.4 130.5 139.1 137.0 125.6 122.0 115.0 134.2 194.0 210.9 192.4
-9999.0 -9999.0 -9999.0 -9999.0 -9999.0 -9999.0 -9999.0 -9999.0 -9999.0 -9999.0 -9999.0 -9999.0 -9999.0 -9999.0 -9999.0 -9999.0 -9999.0 181.3 149.6 -9999.0 105.7 29.5 53.6 45.6 16.4 18.2 2.4 9.2 23.6 11.1 24.4 46.7 14.5 57.5 68.4 48.1 40.8 61.3 74.5 83.9 92.0 96.2 100.5 96.5 97.0 80.1 132.4 60.6 46.5 54.0 51.2 72.8 61.0 105.7 124.1 144.4 164.6 191.0 214.0 224.9 200.6 205.5 159.7 134.3 147.1 160.9 147.2 126.7 91.4 82.7 82.1 165.2 199.0 218.0 216.0
-9999.0 -9999.0 -9999.0 -9999.0 -9999.0 -9999.0 -9999.0 -9999.0 -9999.0 -9999.0 -9999.0 -9999.0 -9999.0 -9999.0 -9999.0 -9999.0 -9999.0 -9999.0 -9999.0 -9999.0 -9999.0 80.7 44.5 9.8 24.4 53.6 43.6 36.7 28.6 45.2 38.9 80.8 74.4 63.9 65.4 43.9 46.7 51.7 56.8 59.4 68.4 86.8 91.2 92.2 105.7 81.8 165.0 76.8 68.8 78.5 72.2 96.2 104.7 80.0 104.4 133.2 153.2 180.1 186.7 235.5 222.3 238.7 195.2 177.6 159.9 164.6 142.5 126.7 88.6 85.8 115.2 186.2 225.1 242.4 217.9
-9999.0 -9999.0 -9999.0 -9999.0 -9999.0 -9999.0 -9999.0 -9999.0 -9999.0 -9999.0 -9999.0 -9999.0 -9999.0 -9999.0 -9999.0 -9999.0 -9999.0 -9999.0 -9999.0 -9999.0 -9999.0 -9999.0 -9999.0 161.4 64.2 62.8 55.4 41.4 17.6 41.3 36.2 34.8 14.4 33.6 27.4 32.5 33.9 43.6 49.9 58.9 70.6 78.3 89.9 96.1 121.2 169.5 143.9 121.5 126.4 112.7 82.9 100.2 79.1 90.6 84.9 78.5 134.1 161.8 216.2 227.7 275.9 292.7 293.2 269.9 244.7 187.2 147.6 141.1 163.1 147.6 200.8 231.1 258.9 253.8 236.4
-9999.0 -9999.0 -9999.0 -9999.0 -9999.0 -9999.0 -9999.0 -9999.0 -9999.0 -9999.0 -9999.0 -9999.0 -9999.0 -9999.0 -9999.0 -9999.0 -9999.0 -9999.0 -9999.0 -9999.0 -9999.0 -9999.0 -9999.0 -9999.0 -9999.0 211.9 115.2 4.9 9.7 2.2 19.5 51.2 56.6 37.4 43.7 26.6 21.1 37.6 41.4 53.0 61.8 80.1 104.8 122.2 169.7 184.1 208.5 201.9 117.8 135.5 112.6 111.7 115.8 110.3 77.5 84.7 120.9 146.7 178.4 217.7 267.5 292.5 241.5 268.7 254.7 222.6 206.2 196.3 184.7 205.9 262.9 275.6 272.0 244.0 229.1
-9999.0 -9999.0 -9999.0 -9999.0 -9999.0 -9999.0 -9999.0 -9999.0 -9999.0 -9999.0 -9999.0 -9999.0 -9999.0 -9999.0 -9999.0 -9999.0 -9999.0 -9999.0 -9999.0 -9999.0 -9999.0 -9999.0 -9999.0 -9999.0 -9999.0 -9999.0 -9999.0 211.7 198.1 110.4 96.1 90.7 20.3 84.0 38.4 77.9 38.9 40.2 52.2 54.3 64.7 90.8 126.8 158.8 184.9 198.6 199.1 209.3 219.4 217.8 227.9 211.4 129.5 112.5 97.5 105.1 111.8 148.1 172.3 226.4 299.7 265.9 240.0 209.7 180.7 216.5 237.2 219.0 215.3 249.7 293.9 279.2 262.2 220.0 216.0
-9999.0 -9999.0 -9999.0 -9999.0 -9999.0 -9999.0 -9999.0 -9999.0 -9999.0 -9999.0 -9999.0 -9999.0 -9999.0 -9999.0 -9999.0 -9999.0 -9999.0 -9999.0 -9999.0 -9999.0 -9999.0 -9999.0 -9999.0 -9999.0 -9999.0 -9999.0 -9999.0 -9999.0 -9999.0 -9999.0 -9999.0 -9999.0 -9999.0 115.2 57.2 -9999.0 -9999.0 -9999.0 76.0 69.3 94.4 121.8 144.5 168.1 175.5 199.8 -9999.0 -9999.0 -9999.0 -9999.0 -9999.0 -9999.0 187.8 141.1 119.3 110.2 120.9 166.2 192.4 254.7 268.2 244.3 192.3 166.3 191.1 213.8 209.0 183.7 194.0 264.3 320.1 296.0 243.3 202.4 174.6
-9999.0 -9999.0 -9999.0 -9999.0 -9999.0 -9999.0 -9999.0 -9999.0 -9999.0 -9999.0 -9999.0 -9999.0 -9999.0 -9999.0 -9999.0 -9999.0 -9999.0 -9999.0 -9999.0 -9999.0 -9999.0 -9999.0 -9999.0 -9999.0 -9999.0 -9999.0 -9999.0 -9999.0 -9999.0 -9999.0 -9999.0 -9999.0 -9999.0 -9999.0 -9999.0 -9999.0 -9999.0 -9999.0 -9999.0 87.8 102.2 118.5 138.3 162.6 -9999.0 -9999.0 -9999.0 -9999.0 -9999.0 -9999.0 -9999.0 -9999.0 219.2 169.3 142.2 122.1 128.3 162.3 213.2 252.0 257.4 231.8 202.7 188.8 218.6 228.8 219.6 262.7 269.2 263.7 325.0 341.7 288.2 211.0 218.0
-9999.0 -9999.0 -9999.0 -9999.0 -9999.0 -9999.0 -9999.0 -9999.0 -9999.0 -9999.0 -9999.0 -9999.0 -9999.0 -9999.0 -9999.0 -9999.0 -9999.0 -9999.0 -9999.0 -9999.0 -9999.0 -9999.0 -9999.0 -9999.0 -9999.0 -9999.0 -9999.0 -9999.0 -9999.0 -9999.0 -9999.0 -9999.0 -9999.0 -9999.0 -9999.0 -9999.0 -9999.0 -9999.0 -9999.0 -9999.0 -9999.0 -9999.0 -9999.0 -9999.0 -9999.0 -9999.0 -9999.0 -9999.0 -9999.0 -9999.0 -9999.0 -9999.0 178.8 199.9 165.8 148.4 125.1 139.2 176.8 219.6 228.1 213.5 200.7 200.3 234.6 302.7 389.6 404.8 389.0 390.7 429.6 425.0 303.0 284.1 267.0
-9999.0 -9999.0 -9999.0 -9999.0 -9999.0 -9999.0 -9999.0 -9999.0 -9999.0 -9999.0 -9999.0 -9999.0 -9999.0 -9999.0 -9999.0 -9999.0 -9999.0 -9999.0 -9999.0 -9999.0 -9999.0 -9999.0 -9999.0 -9999.0 -9999.0 -9999.0 -9999.0 -9999.0 -9999.0 -9999.0 -9999.0 -9999.0 -9999.0 -9999.0 -9999.0 -9999.0 -9999.0 -9999.0 -9999.0 -9999.0 -9999.0 -9999.0 -9999.0 -9999.0 -9999.0 -9999.0 -9999.0 -9999.0 -9999.0 -9999.0 -9999.0 272.6 259.0 228.4 146.4 139.0 120.1 138.6 151.0 126.6 224.2 201.3 158.8 177.5 234.4 327.7 417.8 364.3 426.5 456.3 499.3 489.4 448.2 429.1 423.9
-9999.0 -9999.0 -9999.0 -9999.0 -9999.0 -9999.0 -9999.0 -9999.0 -9999.0 -9999.0 -9999.0 -9999.0 -9999.0 -9999.0 -9999.0 -9999.0 -9999.0 -9999.0 -9999.0 -9999.0 -9999.0 -9999.0 -9999.0 -9999.0 -9999.0 -9999.0 -9999.0 -9999.0 -9999.0 -9999.0 -9999.0 -9999.0 -9999.0 -9999.0 -9999.0 -9999.0 -9999.0 -9999.0 -9999.0 -9999.0 -9999.0 -9999.0 -9999.0 -9999.0 -9999.0 -9999.0 -9999.0 -9999.0 -9999.0 -9999.0 238.5 327.9 281.8 237.8 164.8 147.8 114.4 104.7 128.2 178.6 177.0 182.4 125.4 141.5 217.7 298.7 296.9 275.1 306.7 337.7 413.9 430.6 421.7 403.1 387.9
-9999.0 -9999.0 -9999.0 -9999.0 -9999.0 -9999.0 -9999.0 -9999.0 -9999.0 -9999.0 -9999.0 -9999.0 -9999.0 -9999.0 -9999.0 -9999.0 -9999.0 -9999.0 -9999.0 -9999.0 -9999.0 -9999.0 -9999.0 -9999.0 -9999.0 -9999.0 -9999.0 -9999.0 -9999.0 -9999.0 -9999.0 -9999.0 -9999.0 -9999.0 -9999.0 -9999.0 -9999.0 -9999.0 -9999.0 -9999.0 -9999.0 -9999.0 -9999.0 -9999.0 -9999.0 -9999.0 -9999.0 -9999.0 -9999.0 -9999.0 235.8 343.7 238.2 225.3 191.7 149.8 108.6 141.6 143.8 130.6 120.2 127.6 113.4 129.9 182.1 196.8 178.7 146.5 180.2 229.1 311.5 357.6 352.1 325.5 308.1
-9999.0 -9999.0 -9999.0 -9999.0 -9999.0 -9999.0 -9999.0 -9999.0 -9999.0 -9999.0 -9999.0 -9999.0 -9999.0 -9999.0 -9999.0 -9999.0 -9999.0 -9999.0 -9999.0 -9999.0 -9999.0 -9999.0 -9999.0 -9999.0 -9999.0 -9999.0 -9999.0 -9999.0 -9999.0 -9999.0 -9999.0 -9999.0 -9999.0 -9999.0 -9999.0 -9999.0 -9999.0 -9999.0 -9999.0 -9999.0 -9999.0 -9999.0 -9999.0 -9999.0 -9999.0 -9999.0 -9999.0 -9999.0 -9999.0 -9999.0 193.8 254.6 195.6 260.5 171.4 152.8 175.6 147.4 143.2 89.9 106.2 120.1 114.6 127.9 138.6 136.7 117.0 112.8 136.8 208.5 275.5 327.8 299.5 278.3 218.4
-9999.0 -9999.0 -9999.0 -9999.0 -9999.0 -9999.0 -9999.0 -9999.0 -9999.0 -9999.0 -9999.0 -9999.0 -9999.0 -9999.0 -9999.0 -9999.0 -9999.0 -9999.0 -9999.0 -9999.0 -9999.0 -9999.0 -9999.0 -9999.0 -9999.0 -9999.0 -9999.0 -9999.0 -9999.0 -9999.0 -9999.0 -9999.0 -9999.0 -9999.0 -9999.0 -9999.0 -9999.0 -9999.0 -9999.0 -9999.0 -9999.0 -9999.0 -9999.0 -9999.0 -9999.0 -9999.0 -9999.0 -9999.0 -9999.0 -9999.0 275.5 308.2 248.3 243.9 217.4 211.9 156.6 157.1 135.1 93.9 114.2 119.0 111.3 127.3 119.1 108.8 106.9 121.4 152.4 145.5 222.2 252.5 252.4 222.1 163.1
-9999.0 -9999.0 -9999.0 -9999.0 -9999.0 -9999.0 -9999.0 -9999.0 -9999.0 -9999.0 -9999.0 -9999.0 -9999.0 -9999.0 -9999.0 -9999.0 -9999.0 -9999.0 -9999.0 -9999.0 -9999.0 -9999.0 -9999.0 -9999.0 -9999.0 -9999.0 -9999.0 -9999.0 -9999.0 -9999.0 -9999.0 -9999.0 -9999.0 -9999.0 -9999.0 -9999.0 -9999.0 -9999.0 -9999.0 -9999.0 -9999.0 -9999.0 -9999.0 -9999.0 -9999.0 -9999.0 -9999.0 -9999.0 -9999.0 -9999.0 -9999.0 -9999.0 -9999.0 245.7 233.9 218.5 199.3 182.7 139.8 142.3 219.6 153.1 192.8 176.2 143.3 122.8 119.4 131.3 151.1 151.6 141.1 139.8 132.5 123.1 122.7
-9999.0 -9999.0 -9999.0 -9999.0 -9999.0 -9999.0 -9999.0 -9999.0 -9999.0 -9999.0 -9999.0 -9999.0 -9999.0 -9999.0 -9999.0 -9999.0 -9999.0 -9999.0 -9999.0 -9999.0 -9999.0 -9999.0 -9999.0 -9999.0 -9999.0 -9999.0 -9999.0 -9999.0 -9999.0 -9999.0 -9999.0 -9999.0 -9999.0 -9999.0 -9999.0 -9999.0 -9999.0 -9999.0 -9999.0 -9999.0 -9999.0 -9999.0 -9999.0 -9999.0 -9999.0 -9999.0 -9999.0 -9999.0 -9999.0 -9999.0 -9999.0 -9999.0 -9999.0 293.9 270.5 314.6 233.5 193.3 215.3 293.7 292.5 256.0 337.0 281.0 236.8 187.6 142.9 155.1 111.7 93.3 73.5 72.6 71.7 77.4 99.5
-9999.0 -9999.0 -9999.0 -9999.0 -9999.0 -9999.0 -9999.0 -9999.0 -9999.0 -9999.0 -9999.0 -9999.0 -9999.0 -9999.0 -9999.0 -9999.0 -9999.0 -9999.0 -9999.0 -9999.0 -9999.0 -9999.0 -9999.0 -9999.0 -9999.0 -9999.0 -9999.0 -9999.0 -9999.0 -9999.0 -9999.0 -9999.0 -9999.0 -9999.0 -9999.0 -9999.0 -9999.0 -9999.0 -9999.0 -9999.0 -9999.0 -9999.0 -9999.0 -9999.0 -9999.0 -9999.0 -9999.0 -9999.0 -9999.0 -9999.0 -9999.0 -9999.0 -9999.0 348.0 278.3 339.3 295.6 253.8 287.7 341.1 445.6 459.1 493.6 423.3 301.3 -9999.0 -9999.0 -9999.0 125.0 77.4 77.8 90.9 84.5 77.7 103.5
-9999.0 -9999.0 -9999.0 -9999.0 -9999.0 -9999.0 -9999.0 -9999.0 -9999.0 -9999.0 -9999.0 -9999.0 -9999.0 -9999.0 -9999.0 -9999.0 -9999.0 -9999.0 -9999.0 -9999.0 -9999.0 -9999.0 -9999.0 -9999.0 -9999.0 -9999.0 -9999.0 -9999.0 -9999.0 -9999.0 -9999.0 -9999.0 -9999.0 -9999.0 -9999.0 -9999.0 -9999.0 -9999.0 -9999.0 -9999.0 -9999.0 -9999.0 -9999.0 -9999.0 -9999.0 -9999.0 -9999.0 -9999.0 -9999.0 -9999.0 -9999.0 -9999.0 -9999.0 -9999.0 389.1 369.5 289.8 255.6 349.4 460.6 366.8 -9999.0 -9999.0 -9999.0 -9999.0 -9999.0 -9999.0 -9999.0 117.7 118.0 152.3 144.4 122.6 100.2 102.8
-9999.0 -9999.0 -9999.0 -9999.0 -9999.0 -9999.0 -9999.0 -9999.0 -9999.0 -9999.0 -9999.0 -9999.0 -9999.0 -9999.0 -9999.0 -9999.0 -9999.0 -9999.0 -9999.0 -9999.0 -9999.0 -9999.0 -9999.0 -9999.0 -9999.0 -9999.0 -9999.0 -9999.0 -9999.0 -9999.0 -9999.0 -9999.0 -9999.0 -9999.0 -9999.0 -9999.0 -9999.0 -9999.0 -9999.0 -9999.0 -9999.0 -9999.0 -9999.0 -9999.0 -9999.0 -9999.0 -9999.0 -9999.0 -9999.0 -9999.0 -9999.0 -9999.0 -9999.0 -9999.0 -9999.0 379.3 452.5 347.9 315.1 413.7 437.7 -9999.0 -9999.0 -9999.0 -9999.0 -9999.0 -9999.0 -9999.0 -9999.0 -9999.0 168.9 -9999.0 -9999.0 -9999.0 -9999.0
