program/excelProcessViaJava/data/SURF_CLI_CHN_PRE_MON_GRID_0.5-198306.txt
NCOLS      128
NROWS       72
XLLCORNER    72.000000000000    
YLLCORNER    18.000000000000    
CELLSIZE    0.50000000000000    
NODATA_VALUE   -9999.000    
[rows 33 to 65 of 72, columns 0 to 74 of 128]
-9999.0 -9999.0 -9999.0 -9999.0 22.8 46.2 69.0 34.5 31.3 11.7 15.8 13.9 11.6 7.4 4.4 3.2 3.6 5.4 7.9 8.5 5.7 3.2 2.4 2.7 3.9 6.5 10.3 66.8 32.8 42.8 52.1 49.0 47.7 54.3 37.8 33.6 25.5 42.6 28.2 10.7 2.9 1.7 2.2 3.6 6.2 8.9 11.1 15.0 19.1 14.7 20.4 54.8 94.0 135.5 96.0 102.3 100.8 129.0 119.3 132.5 108.0 68.2 42.2 22.5 21.1 33.5 46.7 52.1 52.8 46.3 42.1 39.5 35.8 37.5 49.4
-9999.0 -9999.0 -9999.0 -9999.0 39.9 29.2 60.7 29.0 77.9 68.0 22.3 47.9 29.4 26.9 9.0 7.6 8.1 7.9 10.4 11.2 8.1 5.3 4.7 9.7 30.5 54.1 37.6 43.9 45.7 49.8 51.8 61.1 52.9 50.7 49.8 39.2 42.2 43.4 22.5 10.1 15.1 4.1 4.3 4.9 6.9 8.3 7.6 5.9 5.0 7.4 12.7 23.2 74.4 70.1 71.1 85.0 91.1 102.8 108.1 58.2 80.0 37.5 28.2 26.1 22.8 24.9 43.1 50.0 59.2 69.5 63.0 57.4 50.5 53.5 71.9
-9999.0 -9999.0 -9999.0 -9999.0 -9999.0 -9999.0 -9999.0 35.0 50.8 36.8 70.7 64.5 33.1 35.5 32.2 9.0 14.7 11.3 12.1 12.9 18.4 28.7 32.8 32.2 33.2 35.9 44.7 50.9 55.8 66.0 66.3 65.3 61.7 61.6 62.3 48.2 52.6 40.3 45.4 41.7 15.2 40.0 33.2 20.8 14.6 10.9 12.0 8.5 10.4 7.8 11.9 21.9 41.1 103.4 105.9 75.9 77.6 79.9 112.6 71.7 86.0 37.9 31.2 32.5 40.7 34.8 48.9 64.2 77.1 91.4 92.3 85.9 83.8 86.2 97.0
-9999.0 -9999.0 -9999.0 -9999.0 -9999.0 -9999.0 -9999.0 80.3 28.3 49.3 56.3 39.4 43.5 56.8 36.0 60.9 29.5 26.7 40.9 25.8 25.3 34.5 31.8 34.8 36.2 41.0 44.9 58.7 55.1 57.0 68.3 68.9 66.5 71.6 58.1 53.9 45.0 46.2 40.4 33.5 32.3 30.6 33.3 52.6 28.3 19.6 22.5 22.5 38.6 31.1 61.8 57.7 43.8 62.9 96.7 86.1 98.0 112.0 119.0 109.5 78.7 60.0 48.0 54.1 54.3 56.1 59.1 67.5 93.2 103.2 114.6 118.7 119.7 113.6 98.3
-9999.0 -9999.0 -9999.0 -9999.0 -9999.0 -9999.0 -9999.0 -9999.0 -9999.0 43.4 38.8 32.1 46.9 40.8 31.0 25.5 32.0 58.1 35.2 49.5 36.4 30.5 31.7 35.0 38.3 41.2 49.6 55.6 56.0 71.3 60.5 65.9 65.4 67.3 54.7 49.9 44.3 43.8 37.6 38.2 33.5 36.5 35.3 34.5 42.2 42.9 43.5 42.0 43.6 44.2 52.1 47.3 47.4 56.0 84.3 92.2 110.2 123.9 126.7 110.7 91.6 83.4 78.2 65.6 73.8 69.2 59.3 64.3 89.8 105.1 121.8 124.0 126.1 119.4 110.3
-9999.0 -9999.0 -9999.0 -9999.0 -9999.0 -9999.0 -9999.0 -9999.0 -9999.0 -9999.0 -9999.0 47.8 21.4 43.4 30.7 33.0 29.1 26.7 26.3 30.5 38.5 33.6 37.8 37.1 52.7 50.4 59.5 64.5 67.0 67.2 69.4 79.1 68.2 65.7 57.7 64.9 49.1 45.9 62.2 43.8 49.3 44.2 42.7 44.3 61.8 53.1 71.2 60.7 65.0 60.8 51.2 51.1 53.5 65.2 85.8 96.5 115.5 128.9 128.3 115.9 104.6 86.4 77.3 77.9 84.6 59.0 48.6 63.4 82.7 102.3 114.6 122.3 114.6 100.4 76.8
-9999.0 -9999.0 -9999.0 -9999.0 -9999.0 -9999.0 -9999.0 -9999.0 -9999.0 -9999.0 -9999.0 -9999.0 21.1 19.3 32.5 23.2 42.3 28.2 29.1 44.9 27.2 32.9 37.1 38.0 71.3 51.4 52.7 67.7 70.0 85.3 76.7 74.9 73.1 76.4 70.9 60.7 70.2 52.1 46.2 44.4 46.9 51.2 55.8 66.0 70.4 77.8 86.9 76.9 80.1 79.8 87.3 81.3 73.3 74.5 86.4 102.5 117.3 129.6 130.9 126.9 113.9 105.4 95.6 86.6 80.4 89.2 58.5 72.0 91.5 109.3 110.9 100.9 95.0 90.7 103.1
-9999.0 -9999.0 -9999.0 -9999.0 -9999.0 -9999.0 -9999.0 -9999.0 -9999.0 -9999.0 -9999.0 -9999.0 42.5 14.9 12.4 23.7 14.9 19.2 31.6 30.4 32.0 39.4 40.9 39.7 39.8 49.5 56.0 56.9 68.0 68.5 79.1 88.7 80.3 74.5 71.9 61.6 67.4 64.0 57.7 56.9 57.6 64.3 82.7 80.7 95.9 109.6 103.7 104.2 98.7 108.1 105.6 106.8 98.4 101.1 102.4 113.2 122.9 131.6 137.3 135.2 127.6 115.2 106.9 103.6 89.0 84.9 50.9 73.2 110.7 135.4 149.4 173.3 188.2 164.9 168.5
-9999.0 -9999.0 -9999.0 -9999.0 -9999.0 -9999.0 -9999.0 -9999.0 -9999.0 -9999.0 -9999.0 -9999.0 -9999.0 20.0 31.1 11.9 19.6 16.5 18.0 21.6 28.2 28.3 40.4 36.6 43.4 61.4 67.6 81.2 77.9 80.0 76.9 77.1 87.6 84.0 66.4 61.9 58.7 61.3 90.6 75.9 79.9 94.4 102.7 122.6 120.5 122.2 134.7 144.9 149.5 147.6 144.1 134.3 128.4 139.8 128.9 126.7 130.6 138.1 146.4 147.7 147.2 139.0 124.8 113.7 99.0 86.5 84.2 90.2 136.4 180.7 182.4 174.2 178.7 183.5 200.1
-9999.0 -9999.0 -9999.0 -9999.0 -9999.0 -9999.0 -9999.0 -9999.0 -9999.0 -9999.0 -9999.0 -9999.0 22.0 34.9 27.1 15.1 30.1 22.3 24.1 19.4 23.4 28.2 35.6 38.8 42.4 59.6 61.7 63.1 68.8 76.9 78.5 74.3 89.7 77.0 73.6 62.6 68.2 56.5 61.4 74.7 109.7 139.1 161.4 138.2 151.2 156.5 156.2 159.3 169.5 172.5 176.1 175.3 154.6 149.8 137.4 134.5 140.2 152.1 156.4 167.8 170.8 161.8 146.9 131.9 120.4 113.7 70.4 106.3 175.4 219.0 248.2 243.0 195.1 140.0 125.4
-9999.0 -9999.0 -9999.0 -9999.0 -9999.0 -9999.0 -9999.0 -9999.0 -9999.0 -9999.0 -9999.0 -9999.0 33.0 12.7 15.3 43.6 34.7 17.2 19.4 28.6 24.9 34.7 38.7 42.5 43.5 46.2 51.5 56.0 61.5 63.4 67.1 73.0 84.3 69.1 63.7 61.1 54.1 58.2 65.2 74.5 98.8 121.2 144.4 163.1 171.6 175.9 186.5 183.2 184.3 177.3 170.8 171.1 151.5 139.7 137.3 138.0 143.0 155.2 171.2 180.4 184.0 178.1 170.5 153.3 141.2 113.9 130.5 144.1 210.7 284.9 298.2 263.6 226.4 230.1 223.9
-9999.0 -9999.0 -9999.0 -9999.0 -9999.0 -9999.0 -9999.0 -9999.0 -9999.0 -9999.0 -9999.0 -9999.0 12.5 27.1 13.6 16.8 17.5 37.1 27.4 31.4 48.3 53.5 43.5 52.5 50.5 61.9 58.6 70.5 55.9 58.6 61.4 77.5 66.8 60.9 57.4 55.6 53.5 58.0 65.5 90.1 110.8 131.3 185.8 165.0 184.8 197.6 193.1 169.8 159.6 158.7 151.6 134.4 163.7 162.9 142.6 136.6 149.7 166.0 182.2 198.9 204.9 197.4 177.6 165.9 146.9 104.3 129.7 177.4 238.6 250.9 249.9 291.6 279.8 278.5 313.2
-9999.0 -9999.0 -9999.0 -9999.0 -9999.0 -9999.0 -9999.0 -9999.0 -9999.0 -9999.0 -9999.0 -9999.0 -9999.0 58.1 44.4 21.7 25.8 25.1 38.4 46.3 73.5 50.8 61.2 67.2 53.5 56.3 54.0 50.4 55.4 46.6 60.3 60.0 64.9 56.3 54.6 63.5 60.4 55.3 69.8 86.8 116.5 183.7 221.2 218.7 182.7 168.6 166.2 123.7 136.5 123.5 101.9 116.3 104.9 91.3 127.5 141.0 142.8 166.6 189.2 202.0 204.2 201.0 182.7 163.7 95.4 100.8 133.5 182.3 204.4 239.1 227.7 242.2 299.1 272.5 263.7
-9999.0 -9999.0 -9999.0 -9999.0 -9999.0 -9999.0 -9999.0 -9999.0 -9999.0 -9999.0 -9999.0 -9999.0 -9999.0 17.2 49.1 28.8 52.7 31.8 37.6 48.1 79.3 79.2 82.4 73.9 55.0 58.1 56.2 45.6 43.8 67.6 57.8 55.5 48.2 49.1 54.4 51.6 43.0 48.9 70.7 125.4 126.6 170.9 204.6 212.0 232.1 166.2 137.2 91.5 81.7 69.7 73.7 45.5 66.5 90.6 113.1 119.5 128.4 158.5 186.9 194.8 202.8 187.7 151.5 112.9 111.3 123.3 154.6 174.0 187.1 183.3 209.3 261.3 304.3 309.2 290.3
-9999.0 -9999.0 -9999.0 -9999.0 -9999.0 -9999.0 -9999.0 -9999.0 -9999.0 -9999.0 -9999.0 -9999.0 -9999.0 -9999.0 -9999.0 40.6 38.8 51.0 49.3 50.1 79.3 70.3 70.7 74.5 76.1 68.5 84.6 57.8 67.5 37.0 40.5 36.6 52.7 48.2 37.3 53.1 60.8 30.3 50.4 78.0 133.8 173.8 190.6 184.0 138.2 112.7 102.3 61.6 52.9 24.8 24.2 56.3 29.9 40.9 34.6 78.1 108.6 119.7 171.1 189.5 174.7 139.5 129.2 142.6 155.3 169.0 170.8 147.6 137.0 184.6 217.6 257.7 286.7 285.8 307.1
-9999.0 -9999.0 -9999.0 -9999.0 -9999.0 -9999.0 -9999.0 -9999.0 -9999.0 -9999.0 -9999.0 -9999.0 -9999.0 -9999.0 -9999.0 -9999.0 -9999.0 42.5 44.6 -9999.0 59.1 89.6 76.0 76.4 88.1 76.7 92.4 62.7 38.0 42.5 27.4 18.3 46.0 18.7 13.4 19.9 49.2 11.8 33.2 57.2 93.6 149.9 147.8 133.7 106.5 89.1 164.3 73.6 24.6 18.7 10.7 6.4 16.1 20.0 34.0 51.5 56.4 108.6 138.8 167.9 139.8 136.6 146.6 165.6 192.7 210.7 186.2 154.4 130.1 167.3 163.9 249.6 251.9 264.7 282.3
-9999.0 -9999.0 -9999.0 -9999.0 -9999.0 -9999.0 -9999.0 -9999.0 -9999.0 -9999.0 -9999.0 -9999.0 -9999.0 -9999.0 -9999.0 -9999.0 -9999.0 -9999.0 -9999.0 -9999.0 -9999.0 91.0 104.8 131.5 102.5 75.5 64.0 50.0 38.0 20.6 16.8 8.7 10.1 12.7 10.1 13.1 8.8 8.6 10.9 13.4 22.1 112.4 128.6 110.0 79.8 70.0 209.9 38.7 47.6 181.4 6.0 29.3 22.1 4.2 9.2 30.1 46.4 56.2 119.3 145.1 169.3 188.5 164.8 172.4 178.5 182.6 159.2 143.5 116.0 156.0 201.0 230.6 229.8 235.3 267.1
-9999.0 -9999.0 -9999.0 -9999.0 -9999.0 -9999.0 -9999.0 -9999.0 -9999.0 -9999.0 -9999.0 -9999.0 -9999.0 -9999.0 -9999.0 -9999.0 -9999.0 -9999.0 -9999.0 -9999.0 -9999.0 -9999.0 -9999.0 97.6 108.9 95.0 79.1 62.7 57.1 26.4 20.0 19.3 42.2 23.7 30.0 22.4 27.5 10.9 33.2 56.3 62.8 100.7 62.4 44.9 62.6 224.2 79.6 50.8 59.5 58.2 9.7 12.5 6.4 4.7 2.6 2.2 16.7 52.5 89.8 124.0 238.8 253.7 221.6 156.4 137.7 133.2 118.0 117.6 193.7 179.4 227.2 223.2 216.9 216.9 226.6
-9999.0 -9999.0 -9999.0 -9999.0 -9999.0 -9999.0 -9999.0 -9999.0 -9999.0 -9999.0 -9999.0 -9999.0 -9999.0 -9999.0 -9999.0 -9999.0 -9999.0 -9999.0 -9999.0 -9999.0 -9999.0 -9999.0 -9999.0 -9999.0 -9999.0 103.2 95.1 136.0 95.1 109.7 45.8 20.8 18.8 27.2 20.4 38.4 79.7 23.6 56.2 39.9 88.6 47.1 33.7 41.0 139.3 226.2 163.0 289.6 27.6 44.2 22.3 12.2 15.3 11.1 5.5 3.0 10.3 23.2 64.6 111.3 189.2 237.5 170.4 123.3 102.5 98.4 110.8 178.7 202.0 198.2 201.5 202.4 194.0 202.4 200.8
-9999.0 -9999.0 -9999.0 -9999.0 -9999.0 -9999.0 -9999.0 -9999.0 -9999.0 -9999.0 -9999.0 -9999.0 -9999.0 -9999.0 -9999.0 -9999.0 -9999.0 -9999.0 -9999.0 -9999.0 -9999.0 -9999.0 -9999.0 -9999.0 -9999.0 -9999.0 -9999.0 99.5 82.4 53.5 38.1 29.6 65.5 22.9 38.5 19.4 26.1 25.1 14.5 32.0 60.1 21.0 47.1 126.0 167.5 225.8 278.8 300.0 301.7 125.1 197.3 161.2 23.4 20.2 10.9 9.8 13.7 33.1 61.3 127.5 219.6 202.1 172.9 123.1 114.9 112.6 117.0 123.2 145.3 149.7 148.7 165.1 159.8 181.4 176.0
-9999.0 -9999.0 -9999.0 -9999.0 -9999.0 -9999.0 -9999.0 -9999.0 -9999.0 -9999.0 -9999.0 -9999.0 -9999.0 -9999.0 -9999.0 -9999.0 -9999.0 -9999.0 -9999.0 -9999.0 -9999.0 -9999.0 -9999.0 -9999.0 -9999.0 -9999.0 -9999.0 -9999.0 -9999.0 -9999.0 -9999.0 -9999.0 -9999.0 40.7 46.7 -9999.0 -9999.0 -9999.0 31.1 31.3 31.3 49.3 51.5 150.0 207.3 238.0 -9999.0 -9999.0 -9999.0 -9999.0 -9999.0 -9999.0 66.7 29.8 26.1 23.4 29.3 56.0 83.5 136.8 176.0 172.0 151.0 117.7 114.9 131.9 146.5 147.1 129.2 113.5 113.3 143.6 171.3 158.1 183.8
-9999.0 -9999.0 -9999.0 -9999.0 -9999.0 -9999.0 -9999.0 -9999.0 -9999.0 -9999.0 -9999.0 -9999.0 -9999.0 -9999.0 -9999.0 -9999.0 -9999.0 -9999.0 -9999.0 -9999.0 -9999.0 -9999.0 -9999.0 -9999.0 -9999.0 -9999.0 -9999.0 -9999.0 -9999.0 -9999.0 -9999.0 -9999.0 -9999.0 -9999.0 -9999.0 -9999.0 -9999.0 -9999.0 -9999.0 98.8 108.7 127.3 150.9 176.8 -9999.0 -9999.0 -9999.0 -9999.0 -9999.0 -9999.0 -9999.0 -9999.0 81.8 54.8 36.3 33.8 46.8 61.4 80.4 113.9 148.9 151.2 137.2 130.2 146.2 180.4 194.2 158.6 130.7 134.5 154.8 182.3 180.1 215.8 190.5
-9999.0 -9999.0 -9999.0 -9999.0 -9999.0 -9999.0 -9999.0 -9999.0 -9999.0 -9999.0 -9999.0 -9999.0 -9999.0 -9999.0 -9999.0 -9999.0 -9999.0 -9999.0 -9999.0 -9999.0 -9999.0 -9999.0 -9999.0 -9999.0 -9999.0 -9999.0 -9999.0 -9999.0 -9999.0 -9999.0 -9999.0 -9999.0 -9999.0 -9999.0 -9999.0 -9999.0 -9999.0 -9999.0 -9999.0 -9999.0 -9999.0 -9999.0 -9999.0 -9999.0 -9999.0 -9999.0 -9999.0 -9999.0 -9999.0 -9999.0 -9999.0 -9999.0 176.7 92.7 62.7 62.5 60.3 67.1 74.6 99.3 126.8 137.7 129.7 155.2 193.5 248.8 227.5 185.2 169.1 188.8 231.9 274.1 320.9 291.6 304.2
-9999.0 -9999.0 -9999.0 -9999.0 -9999.0 -9999.0 -9999.0 -9999.0 -9999.0 -9999.0 -9999.0 -9999.0 -9999.0 -9999.0 -9999.0 -9999.0 -9999.0 -9999.0 -9999.0 -9999.0 -9999.0 -9999.0 -9999.0 -9999.0 -9999.0 -9999.0 -9999.0 -9999.0 -9999.0 -9999.0 -9999.0 -9999.0 -9999.0 -9999.0 -9999.0 -9999.0 -9999.0 -9999.0 -9999.0 -9999.0 -9999.0 -9999.0 -9999.0 -9999.0 -9999.0 -9999.0 -9999.0 -9999.0 -9999.0 -9999.0 -9999.0 267.8 198.3 141.9 103.4 89.2 89.2 92.3 84.4 82.6 115.8 127.2 135.8 174.9 239.7 300.9 262.1 173.3 221.7 253.5 317.4 363.9 322.4 292.6 370.9
-9999.0 -9999.0 -9999.0 -9999.0 -9999.0 -9999.0 -9999.0 -9999.0 -9999.0 -9999.0 -9999.0 -9999.0 -9999.0 -9999.0 -9999.0 -9999.0 -9999.0 -9999.0 -9999.0 -9999.0 -9999.0 -9999.0 -9999.0 -9999.0 -9999.0 -9999.0 -9999.0 -9999.0 -9999.0 -9999.0 -9999.0 -9999.0 -9999.0 -9999.0 -9999.0 -9999.0 -9999.0 -9999.0 -9999.0 -9999.0 -9999.0 -9999.0 -9999.0 -9999.0 -9999.0 -9999.0 -9999.0 -9999.0 -9999.0 -9999.0 311.0 318.0 265.6 213.6 162.0 143.6 136.2 134.8 111.5 101.2 107.3 111.2 121.4 165.6 247.6 306.9 303.0 245.3 276.4 291.6 373.7 364.9 332.7 349.4 389.5
-9999.0 -9999.0 -9999.0 -9999.0 -9999.0 -9999.0 -9999.0 -9999.0 -9999.0 -9999.0 -9999.0 -9999.0 -9999.0 -9999.0 -9999.0 -9999.0 -9999.0 -9999.0 -9999.0 -9999.0 -9999.0 -9999.0 -9999.0 -9999.0 -9999.0 -9999.0 -9999.0 -9999.0 -9999.0 -9999.0 -9999.0 -9999.0 -9999.0 -9999.0 -9999.0 -9999.0 -9999.0 -9999.0 -9999.0 -9999.0 -9999.0 -9999.0 -9999.0 -9999.0 -9999.0 -9999.0 -9999.0 -9999.0 -9999.0 -9999.0 320.8 392.2 356.0 292.8 242.6 198.3 171.6 175.3 139.4 108.2 85.0 79.6 81.5 129.4 200.0 241.7 265.8 237.6 279.7 318.5 399.7 415.1 359.7 294.8 281.6
-9999.0 -9999.0 -9999.0 -9999.0 -9999.0 -9999.0 -9999.0 -9999.0 -9999.0 -9999.0 -9999.0 -9999.0 -9999.0 -9999.0 -9999.0 -9999.0 -9999.0 -9999.0 -9999.0 -9999.0 -9999.0 -9999.0 -9999.0 -9999.0 -9999.0 -9999.0 -9999.0 -9999.0 -9999.0 -9999.0 -9999.0 -9999.0 -9999.0 -9999.0 -9999.0 -9999.0 -9999.0 -9999.0 -9999.0 -9999.0 -9999.0 -9999.0 -9999.0 -9999.0 -9999.0 -9999.0 -9999.0 -9999.0 -9999.0 -9999.0 302.6 379.0 358.4 399.3 267.6 219.2 251.7 219.4 173.3 115.4 80.7 69.9 67.8 84.6 130.7 174.7 203.4 216.0 257.1 374.5 413.3 486.1 348.0 321.7 237.9
-9999.0 -9999.0 -9999.0 -9999.0 -9999.0 -9999.0 -9999.0 -9999.0 -9999.0 -9999.0 -9999.0 -9999.0 -9999.0 -9999.0 -9999.0 -9999.0 -9999.0 -9999.0 -9999.0 -9999.0 -9999.0 -9999.0 -9999.0 -9999.0 -9999.0 -9999.0 -9999.0 -9999.0 -9999.0 -9999.0 -9999.0 -9999.0 -9999.0 -9999.0 -9999.0 -9999.0 -9999.0 -9999.0 -9999.0 -9999.0 -9999.0 -9999.0 -9999.0 -9999.0 -9999.0 -9999.0 -9999.0 -9999.0 -9999.0 -9999.0 394.7 484.2 423.4 407.4 332.6 325.9 200.7 237.4 196.8 111.1 93.8 70.8 46.0 70.5 90.9 112.8 152.6 201.8 287.8 229.7 335.7 344.8 329.2 291.7 217.4
-9999.0 -9999.0 -9999.0 -9999.0 -9999.0 -9999.0 -9999.0 -9999.0 -9999.0 -9999.0 -9999.0 -9999.0 -9999.0 -9999.0 -9999.0 -9999.0 -9999.0 -9999.0 -9999.0 -9999.0 -9999.0 -9999.0 -9999.0 -9999.0 -9999.0 -9999.0 -9999.0 -9999.0 -9999.0 -9999.0 -9999.0 -9999.0 -9999.0 -9999.0 -9999.0 -9999.0 -9999.0 -9999.0 -9999.0 -9999.0 -9999.0 -9999.0 -9999.0 -9999.0 -9999.0 -9999.0 -9999.0 -9999.0 -9999.0 -9999.0 -9999.0 -9999.0 -9999.0 367.0 289.1 240.1 240.2 238.3 150.8 120.6 175.4 79.0 118.7 99.9 99.5 108.4 141.2 183.3 261.1 281.9 240.3 209.9 204.0 195.6 179.5
-9999.0 -9999.0 -9999.0 -9999.0 -9999.0 -9999.0 -9999.0 -9999.0 -9999.0 -9999.0 -9999.0 -9999.0 -9999.0 -9999.0 -9999.0 -9999.0 -9999.0 -9999.0 -9999.0 -9999.0 -9999.0 -9999.0 -9999.0 -9999.0 -9999.0 -9999.0 -9999.0 -9999.0 -9999.0 -9999.0 -9999.0 -9999.0 -9999.0 -9999.0 -9999.0 -9999.0 -9999.0 -9999.0 -9999.0 -9999.0 -9999.0 -9999.0 -9999.0 -9999.0 -9999.0 -9999.0 -9999.0 -9999.0 -9999.0 -9999.0 -9999.0 -9999.0 -9999.0 402.3 298.4 437.3 225.3 171.7 170.5 224.5 187.5 158.4 201.6 198.5 189.0 175.5 176.7 217.7 201.8 195.0 150.2 129.8 152.3 168.3 153.2
-9999.0 -9999.0 -9999.0 -9999.0 -9999.0 -9999.0 -9999.0 -9999.0 -9999.0 -9999.0 -9999.0 -9999.0 -9999.0 -9999.0 -9999.0 -9999.0 -9999.0 -9999.0 -9999.0 -9999.0 -9999.0 -9999.0 -9999.0 -9999.0 -9999.0 -9999.0 -9999.0 -9999.0 -9999.0 -9999.0 -9999.0 -9999.0 -9999.0 -9999.0 -9999.0 -9999.0 -9999.0 -9999.0 -9999.0 -9999.0 -9999.0 -9999.0 -9999.0 -9999.0 -9999.0 -9999.0 -9999.0 -9999.0 -9999.0 -9999.0 -9999.0 -9999.0 -9999.0 453.4 276.2 348.6 250.6 180.0 187.3 214.4 292.2 301.3 318.8 291.5 301.9 -9999.0 -9999.0 -9999.0 223.8 164.3 148.7 156.4 179.9 187.6 161.4
-9999.0 -9999.0 -9999.0 -9999.0 -9999.0 -9999.0 -9999.0 -9999.0 -9999.0 -9999.0 -9999.0 -9999.0 -9999.0 -9999.0 -9999.0 -9999.0 -9999.0 -9999.0 -9999.0 -9999.0 -9999.0 -9999.0 -9999.0 -9999.0 -9999.0 -9999.0 -9999.0 -9999.0 -9999.0 -9999.0 -9999.0 -9999.0 -9999.0 -9999.0 -9999.0 -9999.0 -9999.0 -9999.0 -9999.0 -9999.0 -9999.0 -9999.0 -9999.0 -9999.0 -9999.0 -9999.0 -9999.0 -9999.0 -9999.0 -9999.0 -9999.0 -9999.0 -9999.0 -9999.0 420.9 336.6 202.6 162.9 225.2 305.5 271.3 -9999.0 -9999.0 -9999.0 -9999.0 -9999.0 -9999.0 -9999.0 201.5 200.0 225.2 197.7 204.6 189.7 144.2
-9999.0 -9999.0 -9999.0 -9999.0 -9999.0 -9999.0 -9999.0 -9999.0 -9999.0 -9999.0 -9999.0 -9999.0 -9999.0 -9999.0 -9999.0 -9999.0 -9999.0 -9999.0 -9999.0 -9999.0 -9999.0 -9999.0 -9999.0 -9999.0 -9999.0 -9999.0 -9999.0 -9999.0 -9999.0 -9999.0 -9999.0 -9999.0 -9999.0 -9999.0 -9999.0 -9999.0 -9999.0 -9999.0 -9999.0 -9999.0 -9999.0 -9999.0 -9999.0 -9999.0 -9999.0 -9999.0 -9999.0 -9999.0 -9999.0 -9999.0 -9999.0 -9999.0 -9999.0 -9999.0 -9999.0 328.8 389.7 238.2 216.3 293.0 333.9 -9999.0 -9999.0 -9999.0 -9999.0 -9999.0 -9999.0 -9999.0 -9999.0 -9999.0 199.6 -9999.0 -9999.0 -9999.0 -9999.0
