program/excelProcessViaJava/data/SURF_CLI_CHN_PRE_MON_GRID_0.5-198512.txt
NCOLS      128
NROWS       72
XLLCORNER    72.000000000000    
YLLCORNER    18.000000000000    
CELLSIZE    0.50000000000000    
NODATA_VALUE   -9999.000    
[rows 35 to 69 of 72, columns 0 to 79 of 128]
-9999.0 -9999.0 -9999.0 -9999.0 -9999.0 -9999.0 -9999.0 40.2 40.2 27.3 32.7 25.2 12.2 9.9 6.6 1.2 1.1 0.4 0.2 0.1 0.1 0.1 0.1 0.1 0.1 0.1 0.2 0.4 0.7 1.3 2.0 2.9 3.9 4.7 5.2 5.5 5.3 4.7 4.2 3.5 2.3 2.4 1.9 1.3 0.8 0.4 0.7 1.2 2.8 4.2 5.8 6.2 4.3 3.2 2.0 1.8 2.5 3.1 3.5 4.4 5.0 3.0 1.6 1.3 1.6 0.7 1.5 2.3 1.6 1.5 0.7 0.4 0.5 0.4 0.2 0.3 0.1 0.4 0.8 0.1
-9999.0 -9999.0 -9999.0 -9999.0 -9999.0 -9999.0 -9999.0 62.2 32.3 35.6 31.1 19.9 16.5 14.8 7.7 8.0 2.6 1.3 1.1 0.2 0.1 0.1 0.1 0.1 0.1 0.1 0.2 0.4 0.9 1.5 2.2 3.2 4.2 4.9 5.6 5.8 5.6 5.0 4.3 3.5 2.7 2.1 1.8 2.3 1.2 0.6 1.0 1.7 3.8 4.4 6.1 5.5 4.0 2.8 2.5 1.3 1.7 2.4 3.1 3.8 4.2 3.8 2.9 3.6 2.6 1.8 1.7 1.7 3.0 1.1 0.9 0.7 0.6 0.4 0.1 0.7 0.7 0.2 0.1 0.2
-9999.0 -9999.0 -9999.0 -9999.0 -9999.0 -9999.0 -9999.0 -9999.0 -9999.0 35.7 27.0 18.8 18.1 12.2 7.0 3.9 2.7 2.8 0.7 0.5 0.1 0.1 0.1 0.1 0.1 0.1 0.2 0.5 1.0 1.5 2.8 3.6 4.6 5.3 6.2 6.3 6.0 5.3 4.6 3.8 3.0 2.4 1.9 1.5 1.7 1.7 2.0 2.5 3.4 4.4 5.5 5.1 4.2 2.9 2.8 1.2 1.3 1.9 2.6 3.1 3.1 3.2 3.0 4.6 3.6 2.4 1.7 1.4 2.9 1.5 1.5 0.8 0.6 0.7 1.1 0.1 0.1 0.2 0.5 0.7
-9999.0 -9999.0 -9999.0 -9999.0 -9999.0 -9999.0 -9999.0 -9999.0 -9999.0 -9999.0 -9999.0 24.6 11.6 12.9 7.1 4.6 2.4 1.0 0.4 0.2 0.1 0.1 0.0 0.1 0.1 0.1 0.2 0.4 0.9 1.7 2.7 3.3 4.9 5.7 6.5 6.0 6.2 5.6 5.0 4.2 3.7 3.0 2.4 2.1 2.7 2.1 3.4 3.0 4.0 4.4 4.2 4.4 4.2 3.9 3.8 2.3 1.3 1.8 2.4 2.7 3.1 2.5 2.1 2.1 2.2 1.7 0.8 1.3 2.0 2.4 1.8 1.4 1.0 0.9 0.9 0.6 0.5 0.8 1.7 2.2
-9999.0 -9999.0 -9999.0 -9999.0 -9999.0 -9999.0 -9999.0 -9999.0 -9999.0 -9999.0 -9999.0 -9999.0 12.2 8.1 7.2 3.5 2.9 0.9 0.3 0.2 0.1 0.0 0.0 0.0 0.0 0.1 0.3 0.3 0.8 1.1 2.4 3.6 4.8 5.3 5.9 6.4 5.8 5.7 5.2 4.7 4.1 3.7 3.3 3.4 3.3 3.5 4.0 3.0 3.4 3.8 4.8 4.6 4.1 3.8 4.0 3.8 3.1 3.6 2.5 3.9 3.4 4.0 3.8 2.5 1.3 3.0 1.7 2.3 2.9 3.5 1.8 2.0 2.6 3.1 2.6 12.5 2.4 2.6 3.5 8.5
-9999.0 -9999.0 -9999.0 -9999.0 -9999.0 -9999.0 -9999.0 -9999.0 -9999.0 -9999.0 -9999.0 -9999.0 17.7 7.3 4.2 3.3 1.3 0.6 0.3 0.1 0.0 0.0 0.0 0.0 0.1 0.1 0.2 0.7 0.8 1.8 2.1 2.7 4.3 5.5 5.9 6.5 5.8 5.5 5.1 4.8 4.6 4.4 4.6 4.3 4.9 5.4 4.4 3.5 2.4 3.0 2.9 3.3 3.1 4.4 4.6 5.3 4.1 4.3 3.9 4.0 3.7 3.9 5.0 6.2 1.3 2.6 0.8 1.5 2.3 3.3 5.2 10.4 13.1 6.3 6.4 4.4 3.2 7.2 6.4 7.5
-9999.0 -9999.0 -9999.0 -9999.0 -9999.0 -9999.0 -9999.0 -9999.0 -9999.0 -9999.0 -9999.0 -9999.0 -9999.0 8.4 6.5 2.4 1.3 0.5 0.2 0.1 0.0 0.1 0.0 0.1 0.1 0.1 0.1 0.1 0.4 0.9 2.0 3.3 3.4 4.5 6.5 6.5 6.1 5.4 5.1 4.7 4.7 5.0 5.3 6.1 6.1 5.8 5.7 5.1 4.2 3.0 2.5 1.9 2.4 5.9 6.5 6.7 5.5 5.8 7.9 6.9 6.2 5.2 6.6 3.5 0.5 1.7 3.4 3.5 5.0 5.2 7.6 6.3 5.5 6.8 9.4 6.2 5.0 5.5 10.1 13.1
-9999.0 -9999.0 -9999.0 -9999.0 -9999.0 -9999.0 -9999.0 -9999.0 -9999.0 -9999.0 -9999.0 -9999.0 13.4 10.9 5.9 2.5 1.6 0.5 0.1 0.1 0.1 0.1 0.1 0.2 0.3 0.1 0.1 0.3 0.5 0.6 1.3 3.0 2.6 4.7 5.4 6.2 5.3 5.3 4.6 4.3 4.9 5.8 6.9 6.3 6.9 7.0 5.9 4.1 3.2 2.4 2.8 3.6 2.8 4.9 5.9 6.7 7.9 5.2 7.4 6.7 6.8 8.1 7.9 10.6 6.6 3.9 0.6 2.4 6.8 8.6 7.0 4.6 5.9 12.3 12.2 9.7 9.9 10.8 12.9 16.3
-9999.0 -9999.0 -9999.0 -9999.0 -9999.0 -9999.0 -9999.0 -9999.0 -9999.0 -9999.0 -9999.0 -9999.0 16.3 7.9 4.9 4.3 1.7 0.5 0.3 0.1 0.2 0.1 0.2 0.3 0.7 0.9 0.7 0.6 0.5 0.9 1.4 2.0 2.0 4.8 5.9 5.8 6.0 4.9 4.2 4.0 4.0 4.6 5.4 6.2 6.7 6.8 7.0 5.5 4.0 1.7 1.6 2.9 2.9 4.1 5.5 5.6 7.2 8.4 8.0 10.0 10.9 12.4 7.5 5.6 5.3 1.3 4.1 2.2 3.3 4.6 4.6 4.8 7.5 9.0 9.6 8.1 13.1 7.0 9.3 16.1
-9999.0 -9999.0 -9999.0 -9999.0 -9999.0 -9999.0 -9999.0 -9999.0 -9999.0 -9999.0 -9999.0 -9999.0 13.8 10.7 5.8 3.2 1.7 0.9 0.4 0.2 0.1 0.1 0.5 0.3 0.7 0.1 0.2 0.0 0.4 0.4 0.6 0.4 2.2 4.2 5.2 5.2 5.2 4.5 3.9 3.5 3.6 4.1 5.5 5.2 5.9 7.0 7.0 4.7 2.6 2.2 2.2 2.0 6.7 8.4 7.0 4.1 6.5 8.4 9.7 8.3 8.9 9.5 16.2 6.3 2.2 3.4 3.9 4.6 6.1 7.9 8.7 7.5 9.8 12.9 39.5 13.8 26.5 8.8 8.9 13.2
-9999.0 -9999.0 -9999.0 -9999.0 -9999.0 -9999.0 -9999.0 -9999.0 -9999.0 -9999.0 -9999.0 -9999.0 -9999.0 17.1 9.7 4.6 2.7 1.6 1.0 0.7 0.6 0.9 0.7 0.5 1.8 1.0 0.8 0.6 0.1 0.3 0.0 0.1 0.4 2.0 2.8 2.6 3.3 3.7 3.3 3.1 3.1 4.7 6.0 5.8 4.8 4.7 5.4 2.7 4.2 3.3 1.8 4.1 3.9 3.2 6.8 7.6 3.5 4.8 7.9 12.5 11.3 21.3 12.9 4.1 5.3 7.5 7.9 9.3 12.6 13.2 13.2 13.4 13.5 20.3 18.2 19.4 17.4 14.2 14.0 16.9
-9999.0 -9999.0 -9999.0 -9999.0 -9999.0 -9999.0 -9999.0 -9999.0 -9999.0 -9999.0 -9999.0 -9999.0 -9999.0 18.5 13.1 7.7 5.8 3.8 3.1 2.8 2.2 2.1 1.9 2.3 6.2 2.9 1.2 1.2 0.1 0.0 0.0 0.0 0.1 0.3 0.6 1.3 2.3 2.6 2.8 4.0 3.0 3.6 4.3 4.9 8.1 5.1 4.8 2.8 2.9 2.6 3.5 1.4 3.4 5.8 7.6 6.0 3.0 3.8 7.1 3.6 9.6 5.4 4.9 7.7 9.9 11.5 11.9 14.4 17.2 17.9 16.3 15.2 16.5 20.1 25.1 28.7 34.1 23.0 24.7 22.9
-9999.0 -9999.0 -9999.0 -9999.0 -9999.0 -9999.0 -9999.0 -9999.0 -9999.0 -9999.0 -9999.0 -9999.0 -9999.0 -9999.0 -9999.0 13.7 10.9 8.5 8.3 9.7 7.3 9.7 11.1 9.7 6.9 5.3 0.4 0.3 0.0 0.0 0.0 0.0 0.0 0.0 0.1 0.4 1.2 1.6 2.0 2.4 3.8 4.6 4.4 4.2 3.5 4.3 4.6 3.6 3.7 2.0 2.1 6.0 2.4 2.7 0.2 2.8 3.2 0.3 6.3 8.6 3.2 4.2 11.5 13.6 14.0 14.6 16.2 19.3 19.4 17.1 16.1 16.4 22.0 26.2 31.1 42.0 40.4 44.3 27.0 27.7
-9999.0 -9999.0 -9999.0 -9999.0 -9999.0 -9999.0 -9999.0 -9999.0 -9999.0 -9999.0 -9999.0 -9999.0 -9999.0 -9999.0 -9999.0 -9999.0 -9999.0 92.7 42.1 -9999.0 38.3 21.5 32.8 32.3 16.9 13.7 2.5 1.1 0.4 0.0 0.0 0.0 0.0 0.0 0.1 0.1 0.9 0.7 1.4 2.0 2.7 5.1 3.8 3.3 7.7 6.0 27.6 7.6 4.9 4.4 3.9 2.0 1.0 2.1 2.5 2.7 0.6 3.9 3.9 5.4 1.9 6.4 12.8 15.4 15.8 16.3 19.0 20.7 19.6 17.7 18.0 25.1 31.6 30.4 39.5 49.8 45.9 39.9 34.9 33.5
-9999.0 -9999.0 -9999.0 -9999.0 -9999.0 -9999.0 -9999.0 -9999.0 -9999.0 -9999.0 -9999.0 -9999.0 -9999.0 -9999.0 -9999.0 -9999.0 -9999.0 -9999.0 -9999.0 -9999.0 -9999.0 60.7 50.2 31.2 37.9 54.2 34.9 16.4 3.0 0.6 0.0 0.0 0.0 0.0 0.1 0.1 0.3 0.5 0.5 0.2 0.1 5.2 5.8 4.6 9.4 6.5 53.7 11.7 11.4 34.7 5.9 10.3 7.5 0.5 1.0 3.2 3.1 1.0 7.7 2.8 4.2 9.7 11.5 13.7 15.8 18.9 22.7 23.4 23.1 20.8 21.0 28.4 32.9 36.7 46.0 52.1 52.2 49.4 46.4 43.7
-9999.0 -9999.0 -9999.0 -9999.0 -9999.0 -9999.0 -9999.0 -9999.0 -9999.0 -9999.0 -9999.0 -9999.0 -9999.0 -9999.0 -9999.0 -9999.0 -9999.0 -9999.0 -9999.0 -9999.0 -9999.0 -9999.0 -9999.0 196.2 102.1 94.6 71.6 36.8 6.5 3.1 0.0 0.0 0.0 0.0 0.0 0.3 1.5 1.4 4.2 6.3 5.3 8.2 3.0 2.6 12.3 66.0 29.2 26.2 37.6 40.4 15.8 11.0 5.1 2.9 1.3 0.4 2.6 5.0 1.7 2.8 9.3 14.5 17.3 12.5 15.0 20.5 26.2 26.7 20.6 22.6 27.1 31.9 37.5 46.2 52.2 56.6 57.7 57.7 59.3 56.7
-9999.0 -9999.0 -9999.0 -9999.0 -9999.0 -9999.0 -9999.0 -9999.0 -9999.0 -9999.0 -9999.0 -9999.0 -9999.0 -9999.0 -9999.0 -9999.0 -9999.0 -9999.0 -9999.0 -9999.0 -9999.0 -9999.0 -9999.0 -9999.0 -9999.0 351.1 191.7 28.4 16.1 4.6 1.2 1.1 0.7 0.3 1.1 2.4 8.1 5.3 11.3 7.8 14.2 5.2 6.2 9.0 45.6 76.1 66.0 101.8 25.5 44.2 21.5 17.6 15.7 12.1 7.2 6.9 6.7 4.6 5.1 3.7 5.2 10.6 11.1 7.2 12.1 19.5 24.3 20.5 20.6 24.9 27.2 33.2 38.7 48.1 52.1 52.1 52.3 56.2 64.7 60.2
-9999.0 -9999.0 -9999.0 -9999.0 -9999.0 -9999.0 -9999.0 -9999.0 -9999.0 -9999.0 -9999.0 -9999.0 -9999.0 -9999.0 -9999.0 -9999.0 -9999.0 -9999.0 -9999.0 -9999.0 -9999.0 -9999.0 -9999.0 -9999.0 -9999.0 -9999.0 -9999.0 392.8 326.4 107.3 55.4 31.7 4.6 20.0 7.0 30.4 9.7 10.3 7.1 10.0 14.9 4.3 15.2 45.4 60.7 80.9 97.5 106.0 110.4 80.9 97.0 82.6 28.7 25.7 21.8 19.5 13.2 8.4 6.5 3.9 5.5 6.7 4.6 6.1 11.7 14.7 20.6 21.2 19.8 21.9 25.7 34.4 33.7 40.3 40.6 42.7 50.5 53.2 51.6 52.1
-9999.0 -9999.0 -9999.0 -9999.0 -9999.0 -9999.0 -9999.0 -9999.0 -9999.0 -9999.0 -9999.0 -9999.0 -9999.0 -9999.0 -9999.0 -9999.0 -9999.0 -9999.0 -9999.0 -9999.0 -9999.0 -9999.0 -9999.0 -9999.0 -9999.0 -9999.0 -9999.0 -9999.0 -9999.0 -9999.0 -9999.0 -9999.0 -9999.0 91.8 27.7 -9999.0 -9999.0 -9999.0 25.3 14.8 14.3 20.9 19.7 57.4 74.8 83.7 -9999.0 -9999.0 -9999.0 -9999.0 -9999.0 -9999.0 53.9 35.6 30.6 19.2 12.3 4.9 3.3 2.4 3.0 3.9 3.1 4.3 7.1 11.5 16.6 20.0 20.2 20.2 21.5 29.1 33.9 29.3 34.3 35.7 49.6 44.7 44.0 45.2
-9999.0 -9999.0 -9999.0 -9999.0 -9999.0 -9999.0 -9999.0 -9999.0 -9999.0 -9999.0 -9999.0 -9999.0 -9999.0 -9999.0 -9999.0 -9999.0 -9999.0 -9999.0 -9999.0 -9999.0 -9999.0 -9999.0 -9999.0 -9999.0 -9999.0 -9999.0 -9999.0 -9999.0 -9999.0 -9999.0 -9999.0 -9999.0 -9999.0 -9999.0 -9999.0 -9999.0 -9999.0 -9999.0 -9999.0 73.1 64.3 62.4 63.7 66.8 -9999.0 -9999.0 -9999.0 -9999.0 -9999.0 -9999.0 -9999.0 -9999.0 50.2 41.0 28.9 13.7 5.3 1.9 1.1 1.4 2.0 2.0 2.7 3.1 8.3 13.2 17.7 17.0 17.3 21.3 24.6 25.9 24.5 31.8 28.4 35.0 42.2 43.6 46.0 43.8
-9999.0 -9999.0 -9999.0 -9999.0 -9999.0 -9999.0 -9999.0 -9999.0 -9999.0 -9999.0 -9999.0 -9999.0 -9999.0 -9999.0 -9999.0 -9999.0 -9999.0 -9999.0 -9999.0 -9999.0 -9999.0 -9999.0 -9999.0 -9999.0 -9999.0 -9999.0 -9999.0 -9999.0 -9999.0 -9999.0 -9999.0 -9999.0 -9999.0 -9999.0 -9999.0 -9999.0 -9999.0 -9999.0 -9999.0 -9999.0 -9999.0 -9999.0 -9999.0 -9999.0 -9999.0 -9999.0 -9999.0 -9999.0 -9999.0 -9999.0 -9999.0 -9999.0 33.5 39.6 21.4 16.5 3.4 0.8 0.4 0.9 1.7 1.8 9.1 3.8 8.7 12.2 13.0 13.6 15.1 17.9 20.8 24.1 38.3 33.7 36.8 36.1 41.7 43.6 44.7 43.4
-9999.0 -9999.0 -9999.0 -9999.0 -9999.0 -9999.0 -9999.0 -9999.0 -9999.0 -9999.0 -9999.0 -9999.0 -9999.0 -9999.0 -9999.0 -9999.0 -9999.0 -9999.0 -9999.0 -9999.0 -9999.0 -9999.0 -9999.0 -9999.0 -9999.0 -9999.0 -9999.0 -9999.0 -9999.0 -9999.0 -9999.0 -9999.0 -9999.0 -9999.0 -9999.0 -9999.0 -9999.0 -9999.0 -9999.0 -9999.0 -9999.0 -9999.0 -9999.0 -9999.0 -9999.0 -9999.0 -9999.0 -9999.0 -9999.0 -9999.0 -9999.0 33.9 24.9 29.0 7.5 6.3 2.4 1.4 0.5 0.6 3.1 3.6 3.6 6.2 11.4 15.4 14.5 14.0 13.8 15.0 17.8 22.5 25.4 28.9 34.5 35.2 38.8 38.3 38.6 37.7
-9999.0 -9999.0 -9999.0 -9999.0 -9999.0 -9999.0 -9999.0 -9999.0 -9999.0 -9999.0 -9999.0 -9999.0 -9999.0 -9999.0 -9999.0 -9999.0 -9999.0 -9999.0 -9999.0 -9999.0 -9999.0 -9999.0 -9999.0 -9999.0 -9999.0 -9999.0 -9999.0 -9999.0 -9999.0 -9999.0 -9999.0 -9999.0 -9999.0 -9999.0 -9999.0 -9999.0 -9999.0 -9999.0 -9999.0 -9999.0 -9999.0 -9999.0 -9999.0 -9999.0 -9999.0 -9999.0 -9999.0 -9999.0 -9999.0 -9999.0 26.4 29.6 23.3 19.4 7.8 6.0 2.3 1.1 1.1 3.0 4.1 6.4 6.6 10.1 17.6 21.2 17.9 14.9 13.9 13.6 17.2 19.6 23.9 30.8 33.6 33.6 28.1 31.8 28.4 29.8
-9999.0 -9999.0 -9999.0 -9999.0 -9999.0 -9999.0 -9999.0 -9999.0 -9999.0 -9999.0 -9999.0 -9999.0 -9999.0 -9999.0 -9999.0 -9999.0 -9999.0 -9999.0 -9999.0 -9999.0 -9999.0 -9999.0 -9999.0 -9999.0 -9999.0 -9999.0 -9999.0 -9999.0 -9999.0 -9999.0 -9999.0 -9999.0 -9999.0 -9999.0 -9999.0 -9999.0 -9999.0 -9999.0 -9999.0 -9999.0 -9999.0 -9999.0 -9999.0 -9999.0 -9999.0 -9999.0 -9999.0 -9999.0 -9999.0 -9999.0 15.5 28.3 14.6 14.3 10.9 5.9 2.9 3.8 4.1 4.2 4.5 6.1 7.5 12.3 19.0 19.0 15.8 12.1 10.5 10.3 14.7 19.1 22.3 23.2 21.6 20.7 22.9 23.0 23.8 25.3
-9999.0 -9999.0 -9999.0 -9999.0 -9999.0 -9999.0 -9999.0 -9999.0 -9999.0 -9999.0 -9999.0 -9999.0 -9999.0 -9999.0 -9999.0 -9999.0 -9999.0 -9999.0 -9999.0 -9999.0 -9999.0 -9999.0 -9999.0 -9999.0 -9999.0 -9999.0 -9999.0 -9999.0 -9999.0 -9999.0 -9999.0 -9999.0 -9999.0 -9999.0 -9999.0 -9999.0 -9999.0 -9999.0 -9999.0 -9999.0 -9999.0 -9999.0 -9999.0 -9999.0 -9999.0 -9999.0 -9999.0 -9999.0 -9999.0 -9999.0 5.9 10.0 7.1 18.2 7.4 5.2 7.8 5.2 6.7 4.7 5.5 5.9 6.0 7.8 10.8 10.3 8.7 6.6 4.9 9.3 10.5 20.7 15.7 17.2 12.1 15.3 20.5 21.5 22.0 22.2
-9999.0 -9999.0 -9999.0 -9999.0 -9999.0 -9999.0 -9999.0 -9999.0 -9999.0 -9999.0 -9999.0 -9999.0 -9999.0 -9999.0 -9999.0 -9999.0 -9999.0 -9999.0 -9999.0 -9999.0 -9999.0 -9999.0 -9999.0 -9999.0 -9999.0 -9999.0 -9999.0 -9999.0 -9999.0 -9999.0 -9999.0 -9999.0 -9999.0 -9999.0 -9999.0 -9999.0 -9999.0 -9999.0 -9999.0 -9999.0 -9999.0 -9999.0 -9999.0 -9999.0 -9999.0 -9999.0 -9999.0 -9999.0 -9999.0 -9999.0 6.0 11.9 7.8 10.2 8.4 8.7 4.0 5.9 7.3 6.4 6.6 4.5 3.0 4.0 5.6 5.7 5.9 5.5 7.6 1.3 6.8 9.8 10.7 9.7 7.4 14.5 20.0 21.3 19.2 16.3
-9999.0 -9999.0 -9999.0 -9999.0 -9999.0 -9999.0 -9999.0 -9999.0 -9999.0 -9999.0 -9999.0 -9999.0 -9999.0 -9999.0 -9999.0 -9999.0 -9999.0 -9999.0 -9999.0 -9999.0 -9999.0 -9999.0 -9999.0 -9999.0 -9999.0 -9999.0 -9999.0 -9999.0 -9999.0 -9999.0 -9999.0 -9999.0 -9999.0 -9999.0 -9999.0 -9999.0 -9999.0 -9999.0 -9999.0 -9999.0 -9999.0 -9999.0 -9999.0 -9999.0 -9999.0 -9999.0 -9999.0 -9999.0 -9999.0 -9999.0 -9999.0 -9999.0 -9999.0 3.7 3.9 4.0 4.3 5.7 6.7 8.3 12.5 3.9 4.9 3.2 4.0 4.2 6.2 3.2 5.7 5.7 4.9 3.8 2.7 3.7 8.5 15.5 19.9 17.7 13.4 8.7
-9999.0 -9999.0 -9999.0 -9999.0 -9999.0 -9999.0 -9999.0 -9999.0 -9999.0 -9999.0 -9999.0 -9999.0 -9999.0 -9999.0 -9999.0 -9999.0 -9999.0 -9999.0 -9999.0 -9999.0 -9999.0 -9999.0 -9999.0 -9999.0 -9999.0 -9999.0 -9999.0 -9999.0 -9999.0 -9999.0 -9999.0 -9999.0 -9999.0 -9999.0 -9999.0 -9999.0 -9999.0 -9999.0 -9999.0 -9999.0 -9999.0 -9999.0 -9999.0 -9999.0 -9999.0 -9999.0 -9999.0 -9999.0 -9999.0 -9999.0 -9999.0 -9999.0 -9999.0 2.3 2.0 7.4 2.7 3.1 6.3 12.5 9.9 4.4 6.4 2.0 2.2 2.4 0.4 5.6 1.8 2.8 2.6 1.8 1.5 4.2 12.1 17.5 15.2 12.2 6.9 3.6
-9999.0 -9999.0 -9999.0 -9999.0 -9999.0 -9999.0 -9999.0 -9999.0 -9999.0 -9999.0 -9999.0 -9999.0 -9999.0 -9999.0 -9999.0 -9999.0 -9999.0 -9999.0 -9999.0 -9999.0 -9999.0 -9999.0 -9999.0 -9999.0 -9999.0 -9999.0 -9999.0 -9999.0 -9999.0 -9999.0 -9999.0 -9999.0 -9999.0 -9999.0 -9999.0 -9999.0 -9999.0 -9999.0 -9999.0 -9999.0 -9999.0 -9999.0 -9999.0 -9999.0 -9999.0 -9999.0 -9999.0 -9999.0 -9999.0 -9999.0 -9999.0 -9999.0 -9999.0 1.4 0.3 2.2 1.4 1.6 4.3 7.5 10.4 7.0 7.9 6.9 0.2 -9999.0 -9999.0 -9999.0 2.7 1.5 3.2 5.5 6.8 10.2 15.2 16.4 11.5 8.9 14.7 3.2
-9999.0 -9999.0 -9999.0 -9999.0 -9999.0 -9999.0 -9999.0 -9999.0 -9999.0 -9999.0 -9999.0 -9999.0 -9999.0 -9999.0 -9999.0 -9999.0 -9999.0 -9999.0 -9999.0 -9999.0 -9999.0 -9999.0 -9999.0 -9999.0 -9999.0 -9999.0 -9999.0 -9999.0 -9999.0 -9999.0 -9999.0 -9999.0 -9999.0 -9999.0 -9999.0 -9999.0 -9999.0 -9999.0 -9999.0 -9999.0 -9999.0 -9999.0 -9999.0 -9999.0 -9999.0 -9999.0 -9999.0 -9999.0 -9999.0 -9999.0 -9999.0 -9999.0 -9999.0 -9999.0 0.6 0.4 0.1 0.2 2.0 5.8 2.3 -9999.0 -9999.0 -9999.0 -9999.0 -9999.0 -9999.0 -9999.0 0.5 3.0 10.3 10.8 14.1 16.8 14.9 11.5 10.2 9.5 8.2 -9999.0
-9999.0 -9999.0 -9999.0 -9999.0 -9999.0 -9999.0 -9999.0 -9999.0 -9999.0 -9999.0 -9999.0 -9999.0 -9999.0 -9999.0 -9999.0 -9999.0 -9999.0 -9999.0 -9999.0 -9999.0 -9999.0 -9999.0 -9999.0 -9999.0 -9999.0 -9999.0 -9999.0 -9999.0 -9999.0 -9999.0 -9999.0 -9999.0 -9999.0 -9999.0 -9999.0 -9999.0 -9999.0 -9999.0 -9999.0 -9999.0 -9999.0 -9999.0 -9999.0 -9999.0 -9999.0 -9999.0 -9999.0 -9999.0 -9999.0 -9999.0 -9999.0 -9999.0 -9999.0 -9999.0 -9999.0 0.0 0.4 0.1 0.1 0.9 0.9 -9999.0 -9999.0 -9999.0 -9999.0 -9999.0 -9999.0 -9999.0 -9999.0 -9999.0 7.4 -9999.0 -9999.0 -9999.0 -9999.0 -9999.0 7.3 -9999.0 -9999.0 -9999.0
-9999.0 -9999.0 -9999.0 -9999.0 -9999.0 -9999.0 -9999.0 -9999.0 -9999.0 -9999.0 -9999.0 -9999.0 -9999.0 -9999.0 -9999.0 -9999.0 -9999.0 -9999.0 -9999.0 -9999.0 -9999.0 -9999.0 -9999.0 -9999.0 -9999.0 -9999.0 -9999.0 -9999.0 -9999.0 -9999.0 -9999.0 -9999.0 -9999.0 -9999.0 -9999.0 -9999.0 -9999.0 -9999.0 -9999.0 -9999.0 -9999.0 -9999.0 -9999.0 -9999.0 -9999.0 -9999.0 -9999.0 -9999.0 -9999.0 -9999.0 -9999.0 -9999.0 -9999.0 -9999.0 -9999.0 -9999.0 -9999.0 -9999.0 0.0 0.0 -9999.0 -9999.0 -9999.0 -9999.0 -9999.0 -9999.0 -9999.0 -9999.0 -9999.0 -9999.0 -9999.0 -9999.0 -9999.0 -9999.0 -9999.0 4.9 5.4 -9999.0 -9999.0 -9999.0
-9999.0 -9999.0 -9999.0 -9999.0 -9999.0 -9999.0 -9999.0 -9999.0 -9999.0 -9999.0 -9999.0 -9999.0 -9999.0 -9999.0 -9999.0 -9999.0 -9999.0 -9999.0 -9999.0 -9999.0 -9999.0 -9999.0 -9999.0 -9999.0 -9999.0 -9999.0 -9999.0 -9999.0 -9999.0 -9999.0 -9999.0 -9999.0 -9999.0 -9999.0 -9999.0 -9999.0 -9999.0 -9999.0 -9999.0 -9999.0 -9999.0 -9999.0 -9999.0 -9999.0 -9999.0 -9999.0 -9999.0 -9999.0 -9999.0 -9999.0 -9999.0 -9999.0 -9999.0 -9999.0 -9999.0 -9999.0 -9999.0 -9999.0 -9999.0 -9999.0 -9999.0 -9999.0 -9999.0 -9999.0 -9999.0 -9999.0 -9999.0 -9999.0 -9999.0 -9999.0 -9999.0 -9999.0 -9999.0 -9999.0 -9999.0 -9999.0 -9999.0 -9999.0 -9999.0 -9999.0
-9999.0 -9999.0 -9999.0 -9999.0 -9999.0 -9999.0 -9999.0 -9999.0 -9999.0 -9999.0 -9999.0 -9999.0 -9999.0 -9999.0 -9999.0 -9999.0 -9999.0 -9999.0 -9999.0 -9999.0 -9999.0 -9999.0 -9999.0 -9999.0 -9999.0 -9999.0 -9999.0 -9999.0 -9999.0 -9999.0 -9999.0 -9999.0 -9999.0 -9999.0 -9999.0 -9999.0 -9999.0 -9999.0 -9999.0 -9999.0 -9999.0 -9999.0 -9999.0 -9999.0 -9999.0 -9999.0 -9999.0 -9999.0 -9999.0 -9999.0 -9999.0 -9999.0 -9999.0 -9999.0 -9999.0 -9999.0 -9999.0 -9999.0 -9999.0 -9999.0 -9999.0 -9999.0 -9999.0 -9999.0 -9999.0 -9999.0 -9999.0 -9999.0 -9999.0 -9999.0 -9999.0 -9999.0 -9999.0 -9999.0 -9999.0 10.0 13.2 22.0 -9999.0 -9999.0
-9999.0 -9999.0 -9999.0 -9999.0 -9999.0 -9999.0 -9999.0 -9999.0 -9999.0 -9999.0 -9999.0 -9999.0 -9999.0 -9999.0 -9999.0 -9999.0 -9999.0 -9999.0 -9999.0 -9999.0 -9999.0 -9999.0 -9999.0 -9999.0 -9999.0 -9999.0 -9999.0 -9999.0 -9999.0 -9999.0 -9999.0 -9999.0 -9999.0 -9999.0 -9999.0 -9999.0 -9999.0 -9999.0 -9999.0 -9999.0 -9999.0 -9999.0 -9999.0 -9999.0 -9999.0 -9999.0 -9999.0 -9999.0 -9999.0 -9999.0 -9999.0 -9999.0 -9999.0 -9999.0 -9999.0 -9999.0 -9999.0 -9999.0 -9999.0 -9999.0 -9999.0 -9999.0 -9999.0 -9999.0 -9999.0 -9999.0 -9999.0 -9999.0 -9999.0 -9999.0 -9999.0 -9999.0 -9999.0 1.8 11.4 15.5 26.7 -9999.0 -9999.0 -9999.0
