program/excelProcessViaJava/data/SURF_CLI_CHN_PRE_MON_GRID_0.5-199603.txt
NCOLS      128
NROWS       72
XLLCORNER    72.000000000000    
YLLCORNER    18.000000000000    
CELLSIZE    0.50000000000000    
NODATA_VALUE   -9999.000    
[rows 34 to 67 of 72, columns 0 to 77 of 128]
-9999.0 -9999.0 -9999.0 -9999.0 0.0 0.1 0.0 0.3 0.0 0.0 4.1 0.3 1.9 2.1 9.9 8.9 7.7 10.2 10.0 7.4 3.8 2.1 1.0 0.1 0.0 0.1 0.1 0.2 0.5 1.1 2.0 3.5 4.3 5.5 7.0 7.2 9.8 12.6 9.4 6.4 10.5 4.2 4.1 3.5 3.7 3.2 2.0 1.0 0.8 1.9 5.3 8.8 11.9 9.4 7.9 9.1 10.7 12.8 14.7 11.8 18.2 18.8 15.1 12.1 7.5 6.8 11.2 11.1 10.1 13.2 9.2 8.3 7.8 9.4 10.8 11.8 9.8 10.9
-9999.0 -9999.0 -9999.0 -9999.0 -9999.0 -9999.0 -9999.0 0.1 0.0 0.1 0.0 0.0 0.5 0.3 0.4 8.9 2.6 5.8 5.7 1.8 0.1 0.0 0.0 0.0 0.1 0.1 0.2 0.4 0.8 1.7 2.7 3.8 4.9 6.4 8.2 8.1 10.9 10.8 14.7 16.5 9.2 20.4 18.5 12.0 6.7 3.2 2.6 1.2 2.0 3.0 8.6 15.5 15.8 16.9 13.9 7.3 7.1 7.8 15.8 14.2 19.2 15.1 15.0 16.8 16.4 12.0 13.5 15.9 15.1 14.9 11.6 9.7 11.5 13.5 13.0 12.3 8.4 8.8
-9999.0 -9999.0 -9999.0 -9999.0 -9999.0 -9999.0 -9999.0 0.0 0.2 0.0 0.0 0.1 0.0 0.0 0.1 0.0 0.1 0.1 0.0 0.1 0.1 0.0 0.0 0.1 0.1 0.1 0.2 0.5 1.0 1.8 2.9 4.1 5.1 6.9 7.0 7.9 8.1 10.2 11.0 11.4 13.2 14.3 15.9 21.5 10.7 5.2 5.0 4.6 9.6 10.3 18.0 19.4 19.4 16.1 15.5 8.2 8.0 11.7 16.1 17.1 18.2 21.6 22.3 26.6 21.0 15.6 13.4 13.7 16.3 12.8 13.6 14.4 16.5 18.2 13.4 14.7 11.1 7.2
-9999.0 -9999.0 -9999.0 -9999.0 -9999.0 -9999.0 -9999.0 -9999.0 -9999.0 0.0 0.0 0.1 0.0 0.0 0.1 0.1 0.0 0.0 0.0 0.0 0.0 0.1 0.1 0.1 0.1 0.2 0.3 0.7 1.3 2.1 3.0 4.0 4.9 5.9 5.8 6.1 6.3 7.4 7.6 9.3 9.7 12.1 12.4 11.3 12.2 10.4 8.9 8.0 9.3 12.1 16.7 19.1 19.2 15.8 14.9 10.2 9.2 12.0 16.5 14.8 12.9 13.9 18.0 24.5 22.5 17.1 14.1 12.8 13.9 14.3 18.0 18.7 17.9 18.8 20.5 13.0 10.2 7.5
-9999.0 -9999.0 -9999.0 -9999.0 -9999.0 -9999.0 -9999.0 -9999.0 -9999.0 -9999.0 -9999.0 0.0 0.3 0.0 0.0 0.0 0.0 0.1 0.1 0.0 0.0 0.0 0.1 0.1 0.1 0.2 0.4 0.8 1.4 2.3 3.2 4.3 4.8 5.3 5.2 6.6 5.3 5.5 9.6 6.9 9.2 9.1 9.4 9.6 13.4 9.4 12.3 8.8 10.3 11.6 13.7 16.7 16.8 14.8 14.5 13.1 13.6 17.4 16.6 13.0 11.5 10.4 14.4 19.0 19.3 18.8 18.7 16.3 15.1 18.3 22.0 24.0 19.1 17.1 22.7 19.7 15.1 10.9
-9999.0 -9999.0 -9999.0 -9999.0 -9999.0 -9999.0 -9999.0 -9999.0 -9999.0 -9999.0 -9999.0 -9999.0 0.2 0.3 0.0 0.1 0.0 0.0 0.0 0.0 0.1 0.1 0.1 0.1 0.1 0.2 0.6 0.8 1.5 2.4 3.4 4.2 4.8 5.4 5.5 4.9 6.5 4.5 3.9 3.9 4.5 5.8 7.3 9.8 10.4 10.9 11.2 7.7 8.1 9.4 12.9 14.5 14.0 12.0 11.4 13.9 18.1 23.9 15.6 18.0 11.0 13.3 15.7 17.2 16.7 20.3 22.1 22.6 22.9 25.0 21.4 24.4 30.3 30.7 26.5 36.6 24.9 19.0
-9999.0 -9999.0 -9999.0 -9999.0 -9999.0 -9999.0 -9999.0 -9999.0 -9999.0 -9999.0 -9999.0 -9999.0 0.0 0.9 1.6 0.1 0.7 0.2 0.0 0.1 0.1 0.1 0.1 0.2 0.4 0.4 0.6 1.3 1.7 2.7 3.5 4.5 4.9 4.9 4.8 4.0 4.7 4.5 3.7 3.4 3.4 4.4 7.7 7.7 10.8 12.8 10.0 7.9 5.9 7.5 9.1 11.7 12.0 12.0 10.7 14.3 17.9 24.8 20.6 14.7 10.3 12.0 18.4 23.4 15.5 21.0 23.2 27.5 28.5 28.1 29.5 35.4 37.0 23.8 26.9 26.2 23.8 30.3
-9999.0 -9999.0 -9999.0 -9999.0 -9999.0 -9999.0 -9999.0 -9999.0 -9999.0 -9999.0 -9999.0 -9999.0 -9999.0 0.3 0.0 1.9 0.2 0.7 0.7 0.5 0.2 0.4 0.1 0.5 0.5 0.2 0.4 0.7 1.5 2.5 3.6 4.5 5.1 5.2 4.1 3.4 2.9 3.0 7.0 4.3 4.2 5.7 6.6 10.1 10.3 10.9 11.3 9.9 8.0 7.0 8.2 9.9 11.7 16.0 15.4 16.5 19.0 26.5 34.5 26.5 18.9 15.0 21.2 17.6 9.9 18.2 26.6 31.3 33.3 27.1 20.8 16.5 15.8 20.1 29.6 26.1 25.8 22.6
-9999.0 -9999.0 -9999.0 -9999.0 -9999.0 -9999.0 -9999.0 -9999.0 -9999.0 -9999.0 -9999.0 -9999.0 0.7 0.1 0.2 1.4 0.1 0.4 0.4 1.9 1.5 1.1 0.6 0.8 1.0 0.3 0.6 1.1 1.7 2.4 3.5 4.7 5.3 5.0 4.4 3.2 3.3 2.0 2.1 2.9 6.6 10.1 12.8 7.7 10.3 11.7 10.8 7.7 5.9 5.7 8.5 12.3 12.7 15.3 15.2 16.8 23.8 17.3 27.6 20.1 18.9 22.9 23.8 30.9 25.3 20.6 13.8 19.9 31.2 34.5 27.1 15.7 13.8 17.9 18.9 21.4 22.9 21.4
-9999.0 -9999.0 -9999.0 -9999.0 -9999.0 -9999.0 -9999.0 -9999.0 -9999.0 -9999.0 -9999.0 -9999.0 0.5 6.5 3.5 0.1 0.2 2.9 2.8 1.0 3.0 1.1 1.1 1.1 1.5 1.6 1.4 1.5 1.8 2.6 3.6 4.6 5.3 5.1 4.1 3.1 2.1 2.1 2.3 2.5 3.7 4.5 5.6 7.4 9.3 10.9 12.1 9.6 7.2 4.5 6.4 10.8 12.7 14.6 15.5 14.7 20.5 27.1 25.5 31.8 32.5 34.6 25.1 22.9 21.2 12.0 20.0 13.7 14.7 17.5 19.9 21.4 26.0 32.3 38.6 32.5 36.2 36.2
-9999.0 -9999.0 -9999.0 -9999.0 -9999.0 -9999.0 -9999.0 -9999.0 -9999.0 -9999.0 -9999.0 -9999.0 16.3 2.9 10.8 6.6 6.3 1.0 2.8 2.5 0.7 0.6 1.9 1.0 1.4 0.6 0.8 0.6 1.5 2.0 2.9 3.8 5.2 5.4 4.4 3.1 2.4 2.3 2.6 4.2 4.8 5.2 9.4 6.8 8.9 12.0 12.3 8.8 6.3 6.3 7.5 9.6 18.1 22.8 20.9 14.6 21.5 29.0 33.8 27.8 28.8 30.6 42.2 25.5 12.2 14.9 15.2 17.5 25.5 37.2 46.6 48.5 55.0 60.6 108.1 65.4 98.9 53.9
-9999.0 -9999.0 -9999.0 -9999.0 -9999.0 -9999.0 -9999.0 -9999.0 -9999.0 -9999.0 -9999.0 -9999.0 -9999.0 2.0 3.1 10.6 7.8 9.0 4.0 2.9 1.0 3.0 1.7 1.2 2.5 1.5 1.3 1.2 0.8 1.5 1.6 2.9 4.4 5.2 4.6 4.6 3.9 3.0 3.8 4.6 6.2 12.1 15.0 12.3 9.4 9.5 10.4 9.0 8.8 8.3 8.5 11.1 12.5 14.3 22.7 27.7 19.1 24.5 34.6 45.7 40.7 56.1 39.2 21.8 14.2 14.3 19.2 31.1 53.9 74.6 87.8 92.1 85.7 89.8 81.4 73.9 71.5 75.9
-9999.0 -9999.0 -9999.0 -9999.0 -9999.0 -9999.0 -9999.0 -9999.0 -9999.0 -9999.0 -9999.0 -9999.0 -9999.0 44.2 8.0 17.2 6.7 16.0 12.9 8.8 3.5 3.4 2.8 3.0 5.7 2.8 1.5 1.4 0.7 0.4 0.6 1.4 2.8 4.2 5.1 5.1 3.9 4.0 5.8 12.9 8.8 11.5 13.2 13.0 18.4 10.9 10.2 10.1 9.2 8.8 9.1 8.6 11.3 18.8 27.2 28.7 24.5 29.1 39.5 29.2 42.8 33.0 33.1 23.8 18.4 18.1 26.4 45.1 74.7 101.7 112.5 106.6 101.0 99.7 99.8 104.0 123.3 95.5
-9999.0 -9999.0 -9999.0 -9999.0 -9999.0 -9999.0 -9999.0 -9999.0 -9999.0 -9999.0 -9999.0 -9999.0 -9999.0 -9999.0 -9999.0 25.6 28.2 19.2 21.7 23.6 10.5 13.0 12.0 8.6 5.5 3.9 1.1 0.7 0.2 0.1 0.1 0.4 1.8 3.3 4.3 7.7 10.1 4.2 5.7 7.8 14.1 16.5 15.0 12.5 11.1 16.6 11.0 21.2 11.0 19.2 8.8 15.0 10.0 13.9 11.0 24.1 29.8 15.6 41.5 45.8 34.1 33.8 37.6 32.4 28.7 28.7 34.8 48.7 69.5 92.9 100.1 88.5 93.9 102.2 103.4 129.9 127.9 145.2
-9999.0 -9999.0 -9999.0 -9999.0 -9999.0 -9999.0 -9999.0 -9999.0 -9999.0 -9999.0 -9999.0 -9999.0 -9999.0 -9999.0 -9999.0 -9999.0 -9999.0 209.1 92.3 -9999.0 56.2 21.9 29.2 23.6 10.9 7.9 2.5 1.2 0.4 0.1 0.0 0.1 1.2 1.4 3.1 5.3 13.0 3.9 6.8 8.8 11.8 18.5 13.1 9.8 34.0 22.0 176.7 15.7 23.4 14.8 31.5 11.9 21.2 17.2 22.5 26.1 18.1 33.5 35.0 39.7 23.4 34.1 40.9 42.4 41.3 38.8 39.0 45.0 55.7 72.8 69.3 85.9 95.2 89.3 106.7 129.4 121.3 113.9
-9999.0 -9999.0 -9999.0 -9999.0 -9999.0 -9999.0 -9999.0 -9999.0 -9999.0 -9999.0 -9999.0 -9999.0 -9999.0 -9999.0 -9999.0 -9999.0 -9999.0 -9999.0 -9999.0 -9999.0 -9999.0 56.0 37.5 20.4 21.6 26.4 15.0 6.2 1.2 0.2 0.0 0.1 0.2 1.3 3.7 6.8 7.7 7.2 5.7 6.2 6.8 18.2 16.8 11.0 33.1 13.8 293.6 46.9 25.7 71.7 26.0 35.9 36.4 23.0 24.3 31.0 28.8 18.6 41.9 32.1 25.9 35.4 37.4 43.5 44.7 38.7 35.6 38.2 43.6 55.3 59.1 71.3 72.4 69.5 78.8 92.9 100.9 100.0
-9999.0 -9999.0 -9999.0 -9999.0 -9999.0 -9999.0 -9999.0 -9999.0 -9999.0 -9999.0 -9999.0 -9999.0 -9999.0 -9999.0 -9999.0 -9999.0 -9999.0 -9999.0 -9999.0 -9999.0 -9999.0 -9999.0 -9999.0 130.3 54.0 44.3 29.9 13.8 3.0 0.9 0.1 0.1 2.3 3.3 9.4 14.0 21.6 15.8 25.1 28.4 21.6 25.5 9.1 6.4 38.7 339.9 107.5 97.2 156.5 170.5 74.0 56.0 64.1 58.4 39.2 11.2 24.4 32.4 18.9 28.6 37.5 42.6 38.3 25.1 27.2 30.5 30.0 32.3 44.0 47.7 62.0 56.2 55.0 70.6 67.5 79.9 100.2 107.8
-9999.0 -9999.0 -9999.0 -9999.0 -9999.0 -9999.0 -9999.0 -9999.0 -9999.0 -9999.0 -9999.0 -9999.0 -9999.0 -9999.0 -9999.0 -9999.0 -9999.0 -9999.0 -9999.0 -9999.0 -9999.0 -9999.0 -9999.0 -9999.0 -9999.0 209.6 84.1 16.9 9.6 7.5 2.1 1.7 3.1 7.3 12.8 26.8 50.9 34.2 50.5 35.6 46.1 17.6 39.7 34.5 210.5 375.1 282.0 527.5 77.7 169.1 85.5 106.3 107.0 107.3 68.8 42.0 36.4 23.3 30.3 28.0 31.5 36.4 34.6 13.6 17.7 24.4 28.1 35.0 43.7 54.2 49.6 43.2 39.1 70.4 84.0 84.0 96.3 114.7
-9999.0 -9999.0 -9999.0 -9999.0 -9999.0 -9999.0 -9999.0 -9999.0 -9999.0 -9999.0 -9999.0 -9999.0 -9999.0 -9999.0 -9999.0 -9999.0 -9999.0 -9999.0 -9999.0 -9999.0 -9999.0 -9999.0 -9999.0 -9999.0 -9999.0 -9999.0 -9999.0 233.5 188.5 44.3 24.7 18.2 14.8 24.5 26.7 55.3 42.2 46.6 39.2 44.2 48.7 20.4 73.1 211.1 279.2 387.9 493.6 554.2 595.5 355.9 537.3 505.3 193.1 177.6 126.8 89.7 49.4 33.7 33.5 27.4 29.1 32.6 23.9 18.5 23.6 22.7 29.5 33.7 38.4 43.7 43.6 55.2 46.4 77.5 86.2 98.7 125.5 132.9
-9999.0 -9999.0 -9999.0 -9999.0 -9999.0 -9999.0 -9999.0 -9999.0 -9999.0 -9999.0 -9999.0 -9999.0 -9999.0 -9999.0 -9999.0 -9999.0 -9999.0 -9999.0 -9999.0 -9999.0 -9999.0 -9999.0 -9999.0 -9999.0 -9999.0 -9999.0 -9999.0 -9999.0 -9999.0 -9999.0 -9999.0 -9999.0 -9999.0 86.6 47.7 -9999.0 -9999.0 -9999.0 83.3 56.8 61.8 90.1 75.7 256.1 351.9 402.9 -9999.0 -9999.0 -9999.0 -9999.0 -9999.0 -9999.0 338.9 195.1 166.1 99.8 63.3 42.8 32.7 29.9 32.6 33.2 29.7 23.5 21.2 23.9 31.4 37.1 36.4 42.1 49.7 70.1 90.6 90.9 120.3 123.5 147.6 144.9
-9999.0 -9999.0 -9999.0 -9999.0 -9999.0 -9999.0 -9999.0 -9999.0 -9999.0 -9999.0 -9999.0 -9999.0 -9999.0 -9999.0 -9999.0 -9999.0 -9999.0 -9999.0 -9999.0 -9999.0 -9999.0 -9999.0 -9999.0 -9999.0 -9999.0 -9999.0 -9999.0 -9999.0 -9999.0 -9999.0 -9999.0 -9999.0 -9999.0 -9999.0 -9999.0 -9999.0 -9999.0 -9999.0 -9999.0 221.4 223.0 239.9 264.6 293.1 -9999.0 -9999.0 -9999.0 -9999.0 -9999.0 -9999.0 -9999.0 -9999.0 325.6 202.0 148.6 91.1 54.9 35.4 28.0 30.7 38.0 37.9 35.2 29.6 32.1 33.3 38.6 42.0 43.2 51.2 76.8 99.4 99.7 124.2 119.8 142.0 158.2 168.8
-9999.0 -9999.0 -9999.0 -9999.0 -9999.0 -9999.0 -9999.0 -9999.0 -9999.0 -9999.0 -9999.0 -9999.0 -9999.0 -9999.0 -9999.0 -9999.0 -9999.0 -9999.0 -9999.0 -9999.0 -9999.0 -9999.0 -9999.0 -9999.0 -9999.0 -9999.0 -9999.0 -9999.0 -9999.0 -9999.0 -9999.0 -9999.0 -9999.0 -9999.0 -9999.0 -9999.0 -9999.0 -9999.0 -9999.0 -9999.0 -9999.0 -9999.0 -9999.0 -9999.0 -9999.0 -9999.0 -9999.0 -9999.0 -9999.0 -9999.0 -9999.0 -9999.0 337.2 197.5 132.3 96.0 46.0 27.6 23.0 29.9 37.3 42.9 47.3 37.4 38.4 38.7 48.7 59.6 68.8 81.7 104.1 120.8 141.8 125.8 131.5 150.3 176.3 193.4
-9999.0 -9999.0 -9999.0 -9999.0 -9999.0 -9999.0 -9999.0 -9999.0 -9999.0 -9999.0 -9999.0 -9999.0 -9999.0 -9999.0 -9999.0 -9999.0 -9999.0 -9999.0 -9999.0 -9999.0 -9999.0 -9999.0 -9999.0 -9999.0 -9999.0 -9999.0 -9999.0 -9999.0 -9999.0 -9999.0 -9999.0 -9999.0 -9999.0 -9999.0 -9999.0 -9999.0 -9999.0 -9999.0 -9999.0 -9999.0 -9999.0 -9999.0 -9999.0 -9999.0 -9999.0 -9999.0 -9999.0 -9999.0 -9999.0 -9999.0 -9999.0 281.6 253.2 183.3 117.9 75.7 46.9 38.8 26.9 16.0 40.9 43.1 46.7 49.2 53.1 59.8 76.4 92.2 96.5 105.5 114.0 113.6 97.8 101.1 131.2 180.0 199.9 228.4
-9999.0 -9999.0 -9999.0 -9999.0 -9999.0 -9999.0 -9999.0 -9999.0 -9999.0 -9999.0 -9999.0 -9999.0 -9999.0 -9999.0 -9999.0 -9999.0 -9999.0 -9999.0 -9999.0 -9999.0 -9999.0 -9999.0 -9999.0 -9999.0 -9999.0 -9999.0 -9999.0 -9999.0 -9999.0 -9999.0 -9999.0 -9999.0 -9999.0 -9999.0 -9999.0 -9999.0 -9999.0 -9999.0 -9999.0 -9999.0 -9999.0 -9999.0 -9999.0 -9999.0 -9999.0 -9999.0 -9999.0 -9999.0 -9999.0 -9999.0 208.8 224.8 204.1 168.0 115.8 90.0 62.6 40.5 34.8 40.1 38.9 45.9 50.8 63.3 78.9 91.8 101.3 108.3 103.1 98.1 99.5 88.5 95.2 124.2 167.6 208.3 290.9 192.0
-9999.0 -9999.0 -9999.0 -9999.0 -9999.0 -9999.0 -9999.0 -9999.0 -9999.0 -9999.0 -9999.0 -9999.0 -9999.0 -9999.0 -9999.0 -9999.0 -9999.0 -9999.0 -9999.0 -9999.0 -9999.0 -9999.0 -9999.0 -9999.0 -9999.0 -9999.0 -9999.0 -9999.0 -9999.0 -9999.0 -9999.0 -9999.0 -9999.0 -9999.0 -9999.0 -9999.0 -9999.0 -9999.0 -9999.0 -9999.0 -9999.0 -9999.0 -9999.0 -9999.0 -9999.0 -9999.0 -9999.0 -9999.0 -9999.0 -9999.0 149.7 194.9 139.5 148.8 130.1 107.1 72.2 73.1 56.5 43.2 40.0 45.2 56.7 78.8 101.2 105.5 109.9 106.4 96.9 90.2 94.4 105.1 126.8 168.3 240.3 304.8 249.4 236.4
-9999.0 -9999.0 -9999.0 -9999.0 -9999.0 -9999.0 -9999.0 -9999.0 -9999.0 -9999.0 -9999.0 -9999.0 -9999.0 -9999.0 -9999.0 -9999.0 -9999.0 -9999.0 -9999.0 -9999.0 -9999.0 -9999.0 -9999.0 -9999.0 -9999.0 -9999.0 -9999.0 -9999.0 -9999.0 -9999.0 -9999.0 -9999.0 -9999.0 -9999.0 -9999.0 -9999.0 -9999.0 -9999.0 -9999.0 -9999.0 -9999.0 -9999.0 -9999.0 -9999.0 -9999.0 -9999.0 -9999.0 -9999.0 -9999.0 -9999.0 107.4 116.4 102.0 154.7 116.7 107.0 108.2 78.8 66.0 42.6 47.1 49.2 60.8 87.4 111.9 110.6 101.3 100.8 99.7 104.4 114.4 140.2 181.6 208.8 264.4 262.6 178.3 166.0
-9999.0 -9999.0 -9999.0 -9999.0 -9999.0 -9999.0 -9999.0 -9999.0 -9999.0 -9999.0 -9999.0 -9999.0 -9999.0 -9999.0 -9999.0 -9999.0 -9999.0 -9999.0 -9999.0 -9999.0 -9999.0 -9999.0 -9999.0 -9999.0 -9999.0 -9999.0 -9999.0 -9999.0 -9999.0 -9999.0 -9999.0 -9999.0 -9999.0 -9999.0 -9999.0 -9999.0 -9999.0 -9999.0 -9999.0 -9999.0 -9999.0 -9999.0 -9999.0 -9999.0 -9999.0 -9999.0 -9999.0 -9999.0 -9999.0 -9999.0 104.0 123.5 105.9 115.1 109.2 114.7 61.5 67.8 55.6 39.5 50.2 52.2 63.7 91.8 115.1 116.9 116.0 117.1 132.2 124.0 147.9 181.6 215.4 219.7 212.8 163.1 116.3 101.9
-9999.0 -9999.0 -9999.0 -9999.0 -9999.0 -9999.0 -9999.0 -9999.0 -9999.0 -9999.0 -9999.0 -9999.0 -9999.0 -9999.0 -9999.0 -9999.0 -9999.0 -9999.0 -9999.0 -9999.0 -9999.0 -9999.0 -9999.0 -9999.0 -9999.0 -9999.0 -9999.0 -9999.0 -9999.0 -9999.0 -9999.0 -9999.0 -9999.0 -9999.0 -9999.0 -9999.0 -9999.0 -9999.0 -9999.0 -9999.0 -9999.0 -9999.0 -9999.0 -9999.0 -9999.0 -9999.0 -9999.0 -9999.0 -9999.0 -9999.0 -9999.0 -9999.0 -9999.0 72.2 64.1 61.9 60.0 57.2 31.7 39.0 65.2 64.6 83.9 105.5 119.2 122.8 136.9 138.8 167.2 173.1 171.3 187.8 201.1 185.0 147.8 105.8 79.2 78.9
-9999.0 -9999.0 -9999.0 -9999.0 -9999.0 -9999.0 -9999.0 -9999.0 -9999.0 -9999.0 -9999.0 -9999.0 -9999.0 -9999.0 -9999.0 -9999.0 -9999.0 -9999.0 -9999.0 -9999.0 -9999.0 -9999.0 -9999.0 -9999.0 -9999.0 -9999.0 -9999.0 -9999.0 -9999.0 -9999.0 -9999.0 -9999.0 -9999.0 -9999.0 -9999.0 -9999.0 -9999.0 -9999.0 -9999.0 -9999.0 -9999.0 -9999.0 -9999.0 -9999.0 -9999.0 -9999.0 -9999.0 -9999.0 -9999.0 -9999.0 -9999.0 -9999.0 -9999.0 60.1 48.0 86.6 44.3 34.5 41.5 61.4 67.5 84.2 119.0 117.2 126.0 132.3 125.5 174.9 171.7 174.9 164.0 165.5 162.5 140.8 113.3 97.8 88.5 86.4
-9999.0 -9999.0 -9999.0 -9999.0 -9999.0 -9999.0 -9999.0 -9999.0 -9999.0 -9999.0 -9999.0 -9999.0 -9999.0 -9999.0 -9999.0 -9999.0 -9999.0 -9999.0 -9999.0 -9999.0 -9999.0 -9999.0 -9999.0 -9999.0 -9999.0 -9999.0 -9999.0 -9999.0 -9999.0 -9999.0 -9999.0 -9999.0 -9999.0 -9999.0 -9999.0 -9999.0 -9999.0 -9999.0 -9999.0 -9999.0 -9999.0 -9999.0 -9999.0 -9999.0 -9999.0 -9999.0 -9999.0 -9999.0 -9999.0 -9999.0 -9999.0 -9999.0 -9999.0 59.1 39.1 55.1 44.4 38.5 48.7 62.9 90.8 117.8 150.1 164.6 121.3 -9999.0 -9999.0 -9999.0 181.9 161.3 153.7 148.3 134.5 115.9 105.6 108.0 106.2 101.2
-9999.0 -9999.0 -9999.0 -9999.0 -9999.0 -9999.0 -9999.0 -9999.0 -9999.0 -9999.0 -9999.0 -9999.0 -9999.0 -9999.0 -9999.0 -9999.0 -9999.0 -9999.0 -9999.0 -9999.0 -9999.0 -9999.0 -9999.0 -9999.0 -9999.0 -9999.0 -9999.0 -9999.0 -9999.0 -9999.0 -9999.0 -9999.0 -9999.0 -9999.0 -9999.0 -9999.0 -9999.0 -9999.0 -9999.0 -9999.0 -9999.0 -9999.0 -9999.0 -9999.0 -9999.0 -9999.0 -9999.0 -9999.0 -9999.0 -9999.0 -9999.0 -9999.0 -9999.0 -9999.0 55.8 49.6 36.4 39.6 61.0 87.1 97.2 -9999.0 -9999.0 -9999.0 -9999.0 -9999.0 -9999.0 -9999.0 150.0 153.2 153.8 125.8 109.3 98.9 96.2 99.9 99.0 93.6
-9999.0 -9999.0 -9999.0 -9999.0 -9999.0 -9999.0 -9999.0 -9999.0 -9999.0 -9999.0 -9999.0 -9999.0 -9999.0 -9999.0 -9999.0 -9999.0 -9999.0 -9999.0 -9999.0 -9999.0 -9999.0 -9999.0 -9999.0 -9999.0 -9999.0 -9999.0 -9999.0 -9999.0 -9999.0 -9999.0 -9999.0 -9999.0 -9999.0 -9999.0 -9999.0 -9999.0 -9999.0 -9999.0 -9999.0 -9999.0 -9999.0 -9999.0 -9999.0 -9999.0 -9999.0 -9999.0 -9999.0 -9999.0 -9999.0 -9999.0 -9999.0 -9999.0 -9999.0 -9999.0 -9999.0 49.8 67.1 56.0 68.3 96.0 117.1 -9999.0 -9999.0 -9999.0 -9999.0 -9999.0 -9999.0 -9999.0 -9999.0 -9999.0 112.9 -9999.0 -9999.0 -9999.0 -9999.0 -9999.0 84.7 -9999.0
-9999.0 -9999.0 -9999.0 -9999.0 -9999.0 -9999.0 -9999.0 -9999.0 -9999.0 -9999.0 -9999.0 -9999.0 -9999.0 -9999.0 -9999.0 -9999.0 -9999.0 -9999.0 -9999.0 -9999.0 -9999.0 -9999.0 -9999.0 -9999.0 -9999.0 -9999.0 -9999.0 -9999.0 -9999.0 -9999.0 -9999.0 -9999.0 -9999.0 -9999.0 -9999.0 -9999.0 -9999.0 -9999.0 -9999.0 -9999.0 -9999.0 -9999.0 -9999.0 -9999.0 -9999.0 -9999.0 -9999.0 -9999.0 -9999.0 -9999.0 -9999.0 -9999.0 -9999.0 -9999.0 -9999.0 -9999.0 -9999.0 -9999.0 85.6 100.8 -9999.0 -9999.0 -9999.0 -9999.0 -9999.0 -9999.0 -9999.0 -9999.0 -9999.0 -9999.0 -9999.0 -9999.0 -9999.0 -9999.0 -9999.0 64.8 70.8 -9999.0
-9999.0 -9999.0 -9999.0 -9999.0 -9999.0 -9999.0 -9999.0 -9999.0 -9999.0 -9999.0 -9999.0 -9999.0 -9999.0 -9999.0 -9999.0 -9999.0 -9999.0 -9999.0 -9999.0 -9999.0 -9999.0 -9999.0 -9999.0 -9999.0 -9999.0 -9999.0 -9999.0 -9999.0 -9999.0 -9999.0 -9999.0 -9999.0 -9999.0 -9999.0 -9999.0 -9999.0 -9999.0 -9999.0 -9999.0 -9999.0 -9999.0 -9999.0 -9999.0 -9999.0 -9999.0 -9999.0 -9999.0 -9999.0 -9999.0 -9999.0 -9999.0 -9999.0 -9999.0 -9999.0 -9999.0 -9999.0 -9999.0 -9999.0 -9999.0 -9999.0 -9999.0 -9999.0 -9999.0 -9999.0 -9999.0 -9999.0 -9999.0 -9999.0 -9999.0 -9999.0 -9999.0 -9999.0 -9999.0 -9999.0 -9999.0 -9999.0 -9999.0 -9999.0
