program/excelProcessViaJava/data/SURF_CLI_CHN_PRE_MON_GRID_0.5-198804.txt
NCOLS      128
NROWS       72
XLLCORNER    72.000000000000    
YLLCORNER    18.000000000000    
CELLSIZE    0.50000000000000    
NODATA_VALUE   -9999.000    
[rows 35 to 69 of 72, columns 0 to 77 of 128]
-9999.0 -9999.0 -9999.0 -9999.0 -9999.0 -9999.0 -9999.0 0.0 0.0 0.4 0.1 0.4 3.5 3.5 4.2 9.6 5.6 4.2 2.4 1.8 1.5 1.4 1.3 1.1 1.0 0.9 1.1 1.2 1.3 1.7 1.8 1.9 2.0 2.2 2.6 2.2 2.8 2.4 3.2 3.3 1.3 3.6 2.9 1.6 1.0 0.8 0.8 0.8 0.7 0.7 0.7 0.8 1.2 3.3 4.3 3.9 4.5 5.1 9.9 6.8 14.0 5.5 4.4 4.2 4.8 2.1 3.3 5.1 7.1 9.8 8.9 8.4 10.0 11.0 9.4 9.4 9.3 8.2
-9999.0 -9999.0 -9999.0 -9999.0 -9999.0 -9999.0 -9999.0 0.0 0.2 0.1 0.1 1.0 1.2 1.1 2.7 1.8 3.1 2.9 2.4 2.2 1.8 1.8 1.6 1.5 1.4 1.5 1.5 1.9 1.7 1.7 2.2 2.3 2.4 2.9 2.4 2.5 2.2 2.6 2.5 2.3 2.5 2.7 3.0 4.9 2.3 1.6 1.8 1.8 2.4 1.6 2.5 2.0 1.5 2.6 4.9 4.3 5.0 6.4 8.8 11.6 12.8 15.7 12.4 13.4 10.0 8.7 8.9 10.9 16.8 19.5 18.5 17.4 19.7 21.5 20.3 19.3 16.2 13.2
-9999.0 -9999.0 -9999.0 -9999.0 -9999.0 -9999.0 -9999.0 -9999.0 -9999.0 0.1 0.2 0.9 0.6 1.3 2.3 2.9 2.5 2.2 2.4 2.4 2.2 2.0 1.9 1.9 1.9 1.9 2.1 2.2 2.1 2.7 2.2 2.5 2.6 2.8 2.3 2.3 2.1 2.3 2.1 2.4 2.4 3.0 3.1 3.2 4.1 4.3 4.5 4.4 4.2 3.7 3.5 2.7 2.6 3.4 6.3 5.9 6.0 7.0 10.2 12.0 16.2 21.9 24.9 18.0 18.9 15.9 14.7 16.3 23.2 29.2 30.9 32.1 34.9 37.0 36.1 31.6 25.6 21.3
-9999.0 -9999.0 -9999.0 -9999.0 -9999.0 -9999.0 -9999.0 -9999.0 -9999.0 -9999.0 -9999.0 0.2 1.8 0.8 1.6 1.8 2.2 2.3 2.3 2.3 2.5 2.3 2.4 2.4 2.9 2.7 3.0 3.0 3.0 2.9 3.0 3.5 3.0 3.0 2.7 3.4 2.5 2.4 4.0 2.6 3.4 3.3 3.5 4.0 6.5 6.0 8.7 7.8 8.1 7.1 5.4 4.8 5.0 6.9 10.0 10.6 10.5 12.9 13.5 14.9 19.8 22.8 23.7 23.6 24.8 16.5 12.6 18.1 25.1 32.6 38.0 41.7 45.1 46.0 39.1 35.5 31.0 29.2
-9999.0 -9999.0 -9999.0 -9999.0 -9999.0 -9999.0 -9999.0 -9999.0 -9999.0 -9999.0 -9999.0 -9999.0 1.0 1.5 1.1 1.8 1.7 2.1 2.2 2.6 2.3 2.5 2.8 2.8 4.3 3.3 3.2 3.7 3.6 4.2 3.7 3.6 3.6 4.0 3.9 3.4 4.4 3.0 2.7 2.6 2.9 3.5 4.4 6.1 7.3 9.2 11.4 10.8 11.5 11.2 11.7 10.7 10.0 11.0 13.6 16.0 18.6 22.8 19.0 24.6 23.9 29.1 31.3 29.2 25.6 30.1 17.8 21.8 26.6 31.7 34.0 34.4 29.8 28.0 36.1 45.9 40.1 39.4
-9999.0 -9999.0 -9999.0 -9999.0 -9999.0 -9999.0 -9999.0 -9999.0 -9999.0 -9999.0 -9999.0 -9999.0 0.2 1.3 1.9 1.3 1.9 1.9 2.1 2.3 2.5 3.0 3.2 3.3 3.3 3.6 3.7 3.5 3.8 3.6 4.1 4.8 4.4 4.4 4.5 4.0 4.8 4.6 4.1 4.0 4.0 4.7 7.1 7.3 10.2 13.5 13.5 14.4 13.9 15.8 15.7 16.1 15.6 17.3 18.0 21.4 24.9 30.9 31.7 29.8 28.4 31.3 37.1 40.1 28.8 31.4 13.7 17.3 21.2 24.5 30.4 37.8 41.2 38.3 40.5 37.7 37.6 46.9
-9999.0 -9999.0 -9999.0 -9999.0 -9999.0 -9999.0 -9999.0 -9999.0 -9999.0 -9999.0 -9999.0 -9999.0 -9999.0 0.5 0.6 1.4 1.4 1.6 1.7 2.0 2.4 2.6 3.5 3.4 3.8 4.7 4.8 5.3 4.6 4.5 4.1 4.3 5.4 5.7 4.8 4.9 5.0 5.4 9.3 7.1 7.3 8.8 9.6 12.9 13.3 14.8 18.1 20.6 21.5 21.4 21.6 20.9 21.4 25.4 25.2 26.8 31.2 38.7 44.9 45.2 41.5 38.1 42.4 36.3 22.4 27.3 28.2 21.5 22.5 20.9 20.3 20.4 24.8 29.3 35.9 34.4 38.0 43.1
-9999.0 -9999.0 -9999.0 -9999.0 -9999.0 -9999.0 -9999.0 -9999.0 -9999.0 -9999.0 -9999.0 -9999.0 0.2 0.3 0.5 0.9 1.1 1.3 1.6 1.7 2.1 2.6 3.4 3.8 4.1 5.0 4.8 4.3 4.2 4.3 4.3 4.2 5.9 5.7 6.4 6.3 7.5 6.5 7.2 8.8 13.4 17.3 20.3 14.9 18.4 21.4 22.6 22.5 23.7 24.4 27.4 29.5 27.0 28.4 28.3 29.9 34.7 41.2 47.8 46.3 45.1 47.8 46.1 50.5 43.1 33.9 5.4 11.6 23.4 29.1 27.0 23.0 19.5 16.3 18.4 22.9 28.2 33.2
-9999.0 -9999.0 -9999.0 -9999.0 -9999.0 -9999.0 -9999.0 -9999.0 -9999.0 -9999.0 -9999.0 -9999.0 0.1 0.3 0.4 0.8 1.0 1.0 1.2 1.9 2.0 3.0 3.7 4.4 4.6 4.5 4.4 4.0 3.7 3.4 3.4 4.0 5.6 5.5 6.5 7.7 8.0 9.1 10.4 11.9 14.4 15.6 16.9 19.4 22.9 27.2 32.5 32.5 30.9 25.2 26.5 30.6 29.3 30.4 31.8 34.3 35.7 42.7 48.9 55.1 57.8 60.2 47.7 43.9 40.7 10.9 20.1 10.1 14.4 21.2 24.9 24.0 21.3 22.3 24.8 22.7 22.7 30.9
-9999.0 -9999.0 -9999.0 -9999.0 -9999.0 -9999.0 -9999.0 -9999.0 -9999.0 -9999.0 -9999.0 -9999.0 0.2 0.2 0.3 0.4 0.6 1.3 1.2 1.8 3.4 4.5 4.3 5.5 5.5 6.2 5.3 5.5 3.4 3.0 2.9 4.3 4.0 4.9 6.6 8.5 10.1 11.9 13.9 17.9 19.9 19.9 25.9 21.5 27.1 34.7 38.3 35.6 30.6 28.7 28.8 27.5 38.2 39.4 34.6 39.3 40.3 46.9 55.4 57.7 58.7 58.9 70.9 48.2 25.4 8.0 9.3 13.1 18.0 21.2 27.2 33.8 30.2 28.2 41.6 27.2 38.7 24.2
-9999.0 -9999.0 -9999.0 -9999.0 -9999.0 -9999.0 -9999.0 -9999.0 -9999.0 -9999.0 -9999.0 -9999.0 -9999.0 0.3 0.4 0.3 0.5 0.7 1.5 2.6 5.7 4.5 6.4 7.7 6.5 6.5 5.5 4.1 3.6 2.2 2.8 2.7 3.8 4.4 6.5 10.6 12.7 13.7 17.3 20.7 24.0 32.0 35.8 33.0 29.3 32.4 36.6 31.7 33.9 30.6 25.3 31.8 29.6 27.2 35.9 39.2 43.4 51.7 62.1 74.5 75.7 92.6 72.7 43.4 13.8 12.7 12.7 16.0 18.7 29.7 39.0 43.0 43.0 27.2 25.3 20.0 19.8 21.3
-9999.0 -9999.0 -9999.0 -9999.0 -9999.0 -9999.0 -9999.0 -9999.0 -9999.0 -9999.0 -9999.0 -9999.0 -9999.0 0.2 0.4 0.3 1.2 0.7 1.3 2.7 6.8 8.2 9.9 9.8 7.9 8.0 6.8 4.5 3.1 5.0 3.1 2.7 2.3 3.6 6.8 9.4 10.7 13.9 19.3 30.5 27.6 31.3 33.3 33.9 44.6 33.6 32.9 25.6 25.1 23.9 27.8 19.3 27.6 35.6 41.4 38.8 40.2 53.6 70.1 73.0 87.3 68.6 50.6 18.6 15.1 14.7 16.0 19.4 28.1 40.2 56.7 65.2 56.7 42.8 31.2 27.1 30.1 19.6
-9999.0 -9999.0 -9999.0 -9999.0 -9999.0 -9999.0 -9999.0 -9999.0 -9999.0 -9999.0 -9999.0 -9999.0 -9999.0 -9999.0 -9999.0 0.5 0.7 1.5 2.0 2.9 7.6 8.1 9.9 11.8 12.8 11.6 13.3 7.7 7.9 2.4 2.1 1.5 3.9 4.5 4.7 11.0 16.1 11.5 17.1 22.7 32.5 36.8 35.4 32.3 27.2 29.7 28.3 25.1 23.9 20.0 19.8 38.5 25.1 28.4 15.2 32.2 39.8 44.3 76.3 93.3 74.3 60.0 29.8 21.7 15.5 13.0 15.5 23.3 40.4 67.9 84.8 87.6 76.5 55.8 37.7 36.3 31.8 35.7
-9999.0 -9999.0 -9999.0 -9999.0 -9999.0 -9999.0 -9999.0 -9999.0 -9999.0 -9999.0 -9999.0 -9999.0 -9999.0 -9999.0 -9999.0 -9999.0 -9999.0 3.3 2.3 -9999.0 6.0 12.6 12.9 15.0 18.2 16.4 18.6 11.5 5.4 4.9 1.8 0.6 4.7 1.2 1.7 5.0 16.0 9.3 15.5 21.0 27.0 37.3 31.7 27.0 42.7 32.6 132.5 35.0 26.0 25.8 30.5 23.7 24.3 34.2 36.6 37.3 29.9 58.3 76.8 97.3 56.0 47.0 32.0 25.5 22.3 18.8 21.9 37.6 62.7 92.0 94.7 99.5 82.1 55.4 44.5 42.2 35.0 29.3
-9999.0 -9999.0 -9999.0 -9999.0 -9999.0 -9999.0 -9999.0 -9999.0 -9999.0 -9999.0 -9999.0 -9999.0 -9999.0 -9999.0 -9999.0 -9999.0 -9999.0 -9999.0 -9999.0 -9999.0 -9999.0 15.3 21.2 29.4 25.9 21.5 18.3 13.4 8.6 3.4 1.7 0.4 0.5 1.1 1.7 4.6 6.3 9.2 11.8 13.0 13.4 34.1 35.3 28.7 41.4 28.2 198.3 46.0 47.5 126.1 39.0 65.8 63.8 33.3 35.4 44.8 46.5 45.2 87.7 94.8 47.9 54.2 37.9 39.6 35.8 32.6 36.5 55.1 77.3 104.3 113.4 103.5 80.4 49.5 39.3 36.4 31.3 23.5
-9999.0 -9999.0 -9999.0 -9999.0 -9999.0 -9999.0 -9999.0 -9999.0 -9999.0 -9999.0 -9999.0 -9999.0 -9999.0 -9999.0 -9999.0 -9999.0 -9999.0 -9999.0 -9999.0 -9999.0 -9999.0 -9999.0 -9999.0 28.1 34.0 32.5 28.5 22.4 18.3 7.9 4.6 3.6 10.1 5.3 9.4 10.0 16.2 12.5 23.5 31.1 29.7 38.7 22.3 17.8 43.1 196.5 90.6 82.8 120.6 133.3 73.0 76.9 65.4 61.4 34.7 9.6 35.3 59.4 48.3 86.0 68.7 76.0 67.9 48.3 51.5 51.6 54.0 67.8 90.5 106.2 115.6 104.4 78.2 56.5 36.3 30.8 35.2 33.3
-9999.0 -9999.0 -9999.0 -9999.0 -9999.0 -9999.0 -9999.0 -9999.0 -9999.0 -9999.0 -9999.0 -9999.0 -9999.0 -9999.0 -9999.0 -9999.0 -9999.0 -9999.0 -9999.0 -9999.0 -9999.0 -9999.0 -9999.0 -9999.0 -9999.0 39.0 41.3 50.7 37.0 40.2 17.0 7.1 5.9 9.5 8.6 20.2 42.3 21.9 38.2 29.9 46.5 25.6 28.4 31.8 117.5 190.2 171.2 270.8 76.5 127.9 96.4 99.6 103.8 88.0 28.9 13.8 27.9 27.6 60.1 71.1 74.4 66.0 81.4 41.4 50.7 62.3 68.2 78.9 93.5 108.0 109.1 99.6 68.7 57.9 45.9 36.3 38.0 49.8
-9999.0 -9999.0 -9999.0 -9999.0 -9999.0 -9999.0 -9999.0 -9999.0 -9999.0 -9999.0 -9999.0 -9999.0 -9999.0 -9999.0 -9999.0 -9999.0 -9999.0 -9999.0 -9999.0 -9999.0 -9999.0 -9999.0 -9999.0 -9999.0 -9999.0 -9999.0 -9999.0 42.4 37.1 28.2 19.7 14.6 29.3 12.0 20.4 16.6 22.1 25.0 19.6 29.2 40.0 18.6 38.7 92.5 125.2 170.1 211.9 242.0 266.3 200.5 268.4 251.6 104.4 68.0 33.3 26.4 10.5 16.0 43.8 44.4 30.8 50.2 25.0 25.3 29.9 46.7 67.9 68.1 75.9 91.3 90.2 89.8 58.6 55.3 48.2 54.5 85.8 99.4
-9999.0 -9999.0 -9999.0 -9999.0 -9999.0 -9999.0 -9999.0 -9999.0 -9999.0 -9999.0 -9999.0 -9999.0 -9999.0 -9999.0 -9999.0 -9999.0 -9999.0 -9999.0 -9999.0 -9999.0 -9999.0 -9999.0 -9999.0 -9999.0 -9999.0 -9999.0 -9999.0 -9999.0 -9999.0 -9999.0 -9999.0 -9999.0 -9999.0 23.9 28.1 -9999.0 -9999.0 -9999.0 27.0 28.4 26.7 35.9 37.2 91.0 122.9 146.1 -9999.0 -9999.0 -9999.0 -9999.0 -9999.0 -9999.0 120.0 73.0 27.3 11.1 9.2 13.9 22.9 27.2 32.5 37.6 20.5 17.8 23.7 38.0 59.2 83.4 95.5 82.5 67.5 72.7 71.1 56.1 71.8 87.0 132.9 137.5
-9999.0 -9999.0 -9999.0 -9999.0 -9999.0 -9999.0 -9999.0 -9999.0 -9999.0 -9999.0 -9999.0 -9999.0 -9999.0 -9999.0 -9999.0 -9999.0 -9999.0 -9999.0 -9999.0 -9999.0 -9999.0 -9999.0 -9999.0 -9999.0 -9999.0 -9999.0 -9999.0 -9999.0 -9999.0 -9999.0 -9999.0 -9999.0 -9999.0 -9999.0 -9999.0 -9999.0 -9999.0 -9999.0 -9999.0 47.7 52.3 60.2 70.6 83.0 -9999.0 -9999.0 -9999.0 -9999.0 -9999.0 -9999.0 -9999.0 -9999.0 91.1 69.5 24.1 8.3 6.7 9.8 14.9 22.0 28.5 30.9 27.3 20.8 27.4 40.8 62.0 76.6 89.9 111.0 93.7 78.9 69.1 85.8 86.4 116.7 151.1 161.7
-9999.0 -9999.0 -9999.0 -9999.0 -9999.0 -9999.0 -9999.0 -9999.0 -9999.0 -9999.0 -9999.0 -9999.0 -9999.0 -9999.0 -9999.0 -9999.0 -9999.0 -9999.0 -9999.0 -9999.0 -9999.0 -9999.0 -9999.0 -9999.0 -9999.0 -9999.0 -9999.0 -9999.0 -9999.0 -9999.0 -9999.0 -9999.0 -9999.0 -9999.0 -9999.0 -9999.0 -9999.0 -9999.0 -9999.0 -9999.0 -9999.0 -9999.0 -9999.0 -9999.0 -9999.0 -9999.0 -9999.0 -9999.0 -9999.0 -9999.0 -9999.0 -9999.0 67.7 64.4 21.7 16.6 5.7 8.4 14.5 24.2 29.1 31.8 61.1 30.8 37.9 51.0 56.6 58.0 66.7 81.1 87.1 93.6 124.5 110.1 119.4 128.9 153.6 154.9
-9999.0 -9999.0 -9999.0 -9999.0 -9999.0 -9999.0 -9999.0 -9999.0 -9999.0 -9999.0 -9999.0 -9999.0 -9999.0 -9999.0 -9999.0 -9999.0 -9999.0 -9999.0 -9999.0 -9999.0 -9999.0 -9999.0 -9999.0 -9999.0 -9999.0 -9999.0 -9999.0 -9999.0 -9999.0 -9999.0 -9999.0 -9999.0 -9999.0 -9999.0 -9999.0 -9999.0 -9999.0 -9999.0 -9999.0 -9999.0 -9999.0 -9999.0 -9999.0 -9999.0 -9999.0 -9999.0 -9999.0 -9999.0 -9999.0 -9999.0 -9999.0 47.2 49.2 52.4 17.4 10.9 7.9 12.4 16.7 18.9 35.4 39.2 38.0 43.7 52.8 65.1 59.7 53.4 49.5 56.7 73.3 93.6 100.1 106.2 124.3 133.2 154.4 135.6
-9999.0 -9999.0 -9999.0 -9999.0 -9999.0 -9999.0 -9999.0 -9999.0 -9999.0 -9999.0 -9999.0 -9999.0 -9999.0 -9999.0 -9999.0 -9999.0 -9999.0 -9999.0 -9999.0 -9999.0 -9999.0 -9999.0 -9999.0 -9999.0 -9999.0 -9999.0 -9999.0 -9999.0 -9999.0 -9999.0 -9999.0 -9999.0 -9999.0 -9999.0 -9999.0 -9999.0 -9999.0 -9999.0 -9999.0 -9999.0 -9999.0 -9999.0 -9999.0 -9999.0 -9999.0 -9999.0 -9999.0 -9999.0 -9999.0 -9999.0 26.6 47.0 54.2 51.2 28.6 21.5 14.3 13.4 16.2 23.6 27.1 42.0 41.8 51.7 62.3 73.7 66.9 61.2 54.7 57.8 74.1 87.4 100.2 114.3 128.2 144.0 121.6 167.7
-9999.0 -9999.0 -9999.0 -9999.0 -9999.0 -9999.0 -9999.0 -9999.0 -9999.0 -9999.0 -9999.0 -9999.0 -9999.0 -9999.0 -9999.0 -9999.0 -9999.0 -9999.0 -9999.0 -9999.0 -9999.0 -9999.0 -9999.0 -9999.0 -9999.0 -9999.0 -9999.0 -9999.0 -9999.0 -9999.0 -9999.0 -9999.0 -9999.0 -9999.0 -9999.0 -9999.0 -9999.0 -9999.0 -9999.0 -9999.0 -9999.0 -9999.0 -9999.0 -9999.0 -9999.0 -9999.0 -9999.0 -9999.0 -9999.0 -9999.0 17.9 65.7 31.3 57.2 52.0 37.1 28.7 22.0 19.6 18.3 22.7 31.4 37.1 48.2 58.3 80.3 76.2 73.7 63.9 68.5 83.6 98.7 102.0 96.3 100.4 110.7 133.3 117.6
-9999.0 -9999.0 -9999.0 -9999.0 -9999.0 -9999.0 -9999.0 -9999.0 -9999.0 -9999.0 -9999.0 -9999.0 -9999.0 -9999.0 -9999.0 -9999.0 -9999.0 -9999.0 -9999.0 -9999.0 -9999.0 -9999.0 -9999.0 -9999.0 -9999.0 -9999.0 -9999.0 -9999.0 -9999.0 -9999.0 -9999.0 -9999.0 -9999.0 -9999.0 -9999.0 -9999.0 -9999.0 -9999.0 -9999.0 -9999.0 -9999.0 -9999.0 -9999.0 -9999.0 -9999.0 -9999.0 -9999.0 -9999.0 -9999.0 -9999.0 15.3 30.2 30.1 90.5 62.7 53.6 48.5 31.3 27.9 26.9 29.3 38.7 41.6 41.8 48.3 58.1 67.4 63.4 61.1 71.7 88.2 99.8 84.5 86.3 80.2 95.9 132.5 111.2
-9999.0 -9999.0 -9999.0 -9999.0 -9999.0 -9999.0 -9999.0 -9999.0 -9999.0 -9999.0 -9999.0 -9999.0 -9999.0 -9999.0 -9999.0 -9999.0 -9999.0 -9999.0 -9999.0 -9999.0 -9999.0 -9999.0 -9999.0 -9999.0 -9999.0 -9999.0 -9999.0 -9999.0 -9999.0 -9999.0 -9999.0 -9999.0 -9999.0 -9999.0 -9999.0 -9999.0 -9999.0 -9999.0 -9999.0 -9999.0 -9999.0 -9999.0 -9999.0 -9999.0 -9999.0 -9999.0 -9999.0 -9999.0 -9999.0 -9999.0 38.7 71.0 65.2 86.5 84.4 78.4 52.5 44.7 42.3 48.6 52.5 54.9 45.9 43.2 42.3 42.5 45.4 46.1 52.9 52.7 68.9 69.8 66.6 70.7 65.3 80.7 106.4 101.3
-9999.0 -9999.0 -9999.0 -9999.0 -9999.0 -9999.0 -9999.0 -9999.0 -9999.0 -9999.0 -9999.0 -9999.0 -9999.0 -9999.0 -9999.0 -9999.0 -9999.0 -9999.0 -9999.0 -9999.0 -9999.0 -9999.0 -9999.0 -9999.0 -9999.0 -9999.0 -9999.0 -9999.0 -9999.0 -9999.0 -9999.0 -9999.0 -9999.0 -9999.0 -9999.0 -9999.0 -9999.0 -9999.0 -9999.0 -9999.0 -9999.0 -9999.0 -9999.0 -9999.0 -9999.0 -9999.0 -9999.0 -9999.0 -9999.0 -9999.0 -9999.0 -9999.0 -9999.0 73.3 72.3 66.0 58.0 54.6 59.4 71.7 111.7 77.0 88.4 53.9 41.0 35.6 38.3 36.2 42.3 45.7 45.4 46.1 50.4 58.9 64.1 60.9 70.8 81.2
-9999.0 -9999.0 -9999.0 -9999.0 -9999.0 -9999.0 -9999.0 -9999.0 -9999.0 -9999.0 -9999.0 -9999.0 -9999.0 -9999.0 -9999.0 -9999.0 -9999.0 -9999.0 -9999.0 -9999.0 -9999.0 -9999.0 -9999.0 -9999.0 -9999.0 -9999.0 -9999.0 -9999.0 -9999.0 -9999.0 -9999.0 -9999.0 -9999.0 -9999.0 -9999.0 -9999.0 -9999.0 -9999.0 -9999.0 -9999.0 -9999.0 -9999.0 -9999.0 -9999.0 -9999.0 -9999.0 -9999.0 -9999.0 -9999.0 -9999.0 -9999.0 -9999.0 -9999.0 74.8 64.3 94.3 54.0 48.1 62.7 107.9 110.1 105.6 111.1 80.9 58.1 43.3 42.8 37.6 32.8 31.5 28.7 34.1 47.5 62.1 66.8 66.9 55.9 80.9
-9999.0 -9999.0 -9999.0 -9999.0 -9999.0 -9999.0 -9999.0 -9999.0 -9999.0 -9999.0 -9999.0 -9999.0 -9999.0 -9999.0 -9999.0 -9999.0 -9999.0 -9999.0 -9999.0 -9999.0 -9999.0 -9999.0 -9999.0 -9999.0 -9999.0 -9999.0 -9999.0 -9999.0 -9999.0 -9999.0 -9999.0 -9999.0 -9999.0 -9999.0 -9999.0 -9999.0 -9999.0 -9999.0 -9999.0 -9999.0 -9999.0 -9999.0 -9999.0 -9999.0 -9999.0 -9999.0 -9999.0 -9999.0 -9999.0 -9999.0 -9999.0 -9999.0 -9999.0 77.5 50.9 71.9 58.7 51.5 69.6 96.7 135.8 135.3 137.6 108.1 87.7 -9999.0 -9999.0 -9999.0 34.7 26.6 25.7 33.4 46.7 58.5 63.1 69.4 57.9 75.0
-9999.0 -9999.0 -9999.0 -9999.0 -9999.0 -9999.0 -9999.0 -9999.0 -9999.0 -9999.0 -9999.0 -9999.0 -9999.0 -9999.0 -9999.0 -9999.0 -9999.0 -9999.0 -9999.0 -9999.0 -9999.0 -9999.0 -9999.0 -9999.0 -9999.0 -9999.0 -9999.0 -9999.0 -9999.0 -9999.0 -9999.0 -9999.0 -9999.0 -9999.0 -9999.0 -9999.0 -9999.0 -9999.0 -9999.0 -9999.0 -9999.0 -9999.0 -9999.0 -9999.0 -9999.0 -9999.0 -9999.0 -9999.0 -9999.0 -9999.0 -9999.0 -9999.0 -9999.0 -9999.0 75.5 68.8 49.2 49.9 84.0 128.0 118.4 -9999.0 -9999.0 -9999.0 -9999.0 -9999.0 -9999.0 -9999.0 28.6 27.6 34.1 27.1 33.2 43.6 47.5 53.7 69.2 79.5
-9999.0 -9999.0 -9999.0 -9999.0 -9999.0 -9999.0 -9999.0 -9999.0 -9999.0 -9999.0 -9999.0 -9999.0 -9999.0 -9999.0 -9999.0 -9999.0 -9999.0 -9999.0 -9999.0 -9999.0 -9999.0 -9999.0 -9999.0 -9999.0 -9999.0 -9999.0 -9999.0 -9999.0 -9999.0 -9999.0 -9999.0 -9999.0 -9999.0 -9999.0 -9999.0 -9999.0 -9999.0 -9999.0 -9999.0 -9999.0 -9999.0 -9999.0 -9999.0 -9999.0 -9999.0 -9999.0 -9999.0 -9999.0 -9999.0 -9999.0 -9999.0 -9999.0 -9999.0 -9999.0 -9999.0 67.7 104.1 74.7 81.0 117.6 129.8 -9999.0 -9999.0 -9999.0 -9999.0 -9999.0 -9999.0 -9999.0 -9999.0 -9999.0 19.7 -9999.0 -9999.0 -9999.0 -9999.0 -9999.0 67.8 -9999.0
-9999.0 -9999.0 -9999.0 -9999.0 -9999.0 -9999.0 -9999.0 -9999.0 -9999.0 -9999.0 -9999.0 -9999.0 -9999.0 -9999.0 -9999.0 -9999.0 -9999.0 -9999.0 -9999.0 -9999.0 -9999.0 -9999.0 -9999.0 -9999.0 -9999.0 -9999.0 -9999.0 -9999.0 -9999.0 -9999.0 -9999.0 -9999.0 -9999.0 -9999.0 -9999.0 -9999.0 -9999.0 -9999.0 -9999.0 -9999.0 -9999.0 -9999.0 -9999.0 -9999.0 -9999.0 -9999.0 -9999.0 -9999.0 -9999.0 -9999.0 -9999.0 -9999.0 -9999.0 -9999.0 -9999.0 -9999.0 -9999.0 -9999.0 104.3 107.3 -9999.0 -9999.0 -9999.0 -9999.0 -9999.0 -9999.0 -9999.0 -9999.0 -9999.0 -9999.0 -9999.0 -9999.0 -9999.0 -9999.0 -9999.0 51.3 75.2 -9999.0
-9999.0 -9999.0 -9999.0 -9999.0 -9999.0 -9999.0 -9999.0 -9999.0 -9999.0 -9999.0 -9999.0 -9999.0 -9999.0 -9999.0 -9999.0 -9999.0 -9999.0 -9999.0 -9999.0 -9999.0 -9999.0 -9999.0 -9999.0 -9999.0 -9999.0 -9999.0 -9999.0 -9999.0 -9999.0 -9999.0 -9999.0 -9999.0 -9999.0 -9999.0 -9999.0 -9999.0 -9999.0 -9999.0 -9999.0 -9999.0 -9999.0 -9999.0 -9999.0 -9999.0 -9999.0 -9999.0 -9999.0 -9999.0 -9999.0 -9999.0 -9999.0 -9999.0 -9999.0 -9999.0 -9999.0 -9999.0 -9999.0 -9999.0 -9999.0 -9999.0 -9999.0 -9999.0 -9999.0 -9999.0 -9999.0 -9999.0 -9999.0 -9999.0 -9999.0 -9999.0 -9999.0 -9999.0 -9999.0 -9999.0 -9999.0 -9999.0 -9999.0 -9999.0
-9999.0 -9999.0 -9999.0 -9999.0 -9999.0 -9999.0 -9999.0 -9999.0 -9999.0 -9999.0 -9999.0 -9999.0 -9999.0 -9999.0 -9999.0 -9999.0 -9999.0 -9999.0 -9999.0 -9999.0 -9999.0 -9999.0 -9999.0 -9999.0 -9999.0 -9999.0 -9999.0 -9999.0 -9999.0 -9999.0 -9999.0 -9999.0 -9999.0 -9999.0 -9999.0 -9999.0 -9999.0 -9999.0 -9999.0 -9999.0 -9999.0 -9999.0 -9999.0 -9999.0 -9999.0 -9999.0 -9999.0 -9999.0 -9999.0 -9999.0 -9999.0 -9999.0 -9999.0 -9999.0 -9999.0 -9999.0 -9999.0 -9999.0 -9999.0 -9999.0 -9999.0 -9999.0 -9999.0 -9999.0 -9999.0 -9999.0 -9999.0 -9999.0 -9999.0 -9999.0 -9999.0 -9999.0 -9999.0 -9999.0 -9999.0 140.5 148.0 144.9
-9999.0 -9999.0 -9999.0 -9999.0 -9999.0 -9999.0 -9999.0 -9999.0 -9999.0 -9999.0 -9999.0 -9999.0 -9999.0 -9999.0 -9999.0 -9999.0 -9999.0 -9999.0 -9999.0 -9999.0 -9999.0 -9999.0 -9999.0 -9999.0 -9999.0 -9999.0 -9999.0 -9999.0 -9999.0 -9999.0 -9999.0 -9999.0 -9999.0 -9999.0 -9999.0 -9999.0 -9999.0 -9999.0 -9999.0 -9999.0 -9999.0 -9999.0 -9999.0 -9999.0 -9999.0 -9999.0 -9999.0 -9999.0 -9999.0 -9999.0 -9999.0 -9999.0 -9999.0 -9999.0 -9999.0 -9999.0 -9999.0 -9999.0 -9999.0 -9999.0 -9999.0 -9999.0 -9999.0 -9999.0 -9999.0 -9999.0 -9999.0 -9999.0 -9999.0 -9999.0 -9999.0 -9999.0 -9999.0 53.8 164.2 180.7 197.8 -9999.0
