program/excelProcessViaJava/data/SURF_CLI_CHN_PRE_MON_GRID_0.5-200008.txt
NCOLS      128
NROWS       72
XLLCORNER    72.000000000000    
YLLCORNER    18.000000000000    
CELLSIZE    0.50000000000000    
NODATA_VALUE   -9999.000    
[rows 33 to 65 of 72, columns 0 to 74 of 128]
-9999.0 -9999.0 -9999.0 -9999.0 13.1 12.7 12.2 15.5 16.4 15.0 15.8 13.5 9.7 4.3 2.1 1.6 1.8 2.5 3.7 5.3 6.5 7.5 8.5 11.1 14.2 19.8 25.5 51.1 45.1 48.3 50.2 47.7 45.2 45.5 35.7 31.2 24.5 31.9 23.1 10.8 3.2 1.5 1.3 1.2 1.3 1.6 2.4 4.7 7.9 9.1 12.6 19.7 26.1 37.0 33.5 50.2 68.7 96.9 113.1 135.2 142.0 136.7 119.8 65.0 35.7 49.9 60.2 55.9 64.6 55.8 49.2 54.5 67.3 78.9 88.6
-9999.0 -9999.0 -9999.0 -9999.0 8.8 10.7 9.3 12.8 9.5 10.8 14.2 12.6 13.1 12.6 5.9 5.1 5.6 4.3 4.6 6.0 9.5 12.3 15.9 26.3 37.1 40.9 41.5 43.4 44.2 45.1 45.2 46.6 43.9 42.2 40.9 35.4 35.7 34.8 22.8 12.1 14.2 3.6 2.3 1.5 1.5 1.7 2.0 2.5 3.5 5.7 8.0 11.0 23.4 21.0 25.7 40.0 57.3 77.7 97.9 87.8 122.5 106.1 92.3 83.7 63.9 55.5 79.8 75.2 72.2 65.3 59.6 66.6 80.3 89.7 93.8
-9999.0 -9999.0 -9999.0 -9999.0 -9999.0 -9999.0 -9999.0 9.2 8.4 10.1 7.6 8.3 10.4 10.3 10.8 5.6 10.0 8.1 9.1 14.4 21.4 26.0 29.3 32.1 34.6 36.8 39.0 40.6 41.8 43.0 43.6 43.9 43.7 43.9 44.4 41.0 42.5 37.8 38.9 35.7 18.0 29.6 23.1 13.0 6.7 3.5 5.1 4.9 7.3 6.0 6.7 9.3 15.7 47.3 45.9 33.8 44.0 54.8 86.7 80.6 104.4 94.6 87.6 88.8 99.0 89.6 99.8 97.2 86.2 79.9 76.4 77.5 88.6 100.5 104.1
-9999.0 -9999.0 -9999.0 -9999.0 -9999.0 -9999.0 -9999.0 3.4 7.9 6.1 5.8 7.3 7.2 6.8 8.5 8.3 11.0 12.9 14.8 18.1 21.3 24.4 27.8 30.8 33.5 35.6 37.3 38.4 39.5 40.2 41.1 41.9 42.7 44.5 44.4 45.3 44.3 45.8 43.7 39.3 36.3 32.0 30.0 36.1 20.1 12.2 14.9 16.2 26.8 23.7 42.7 42.1 26.2 37.0 59.1 37.8 45.2 60.1 76.6 85.0 80.8 87.3 94.2 104.9 110.2 115.0 117.2 113.6 109.2 110.5 102.3 91.8 97.5 115.0 116.6
-9999.0 -9999.0 -9999.0 -9999.0 -9999.0 -9999.0 -9999.0 -9999.0 -9999.0 4.3 4.9 5.7 4.8 5.6 6.9 8.2 9.3 9.4 13.5 15.1 19.8 24.0 27.6 30.8 33.5 35.8 37.0 38.0 39.0 38.8 40.0 40.7 41.9 44.0 45.6 47.8 49.6 52.2 51.1 51.0 46.1 44.3 39.1 34.0 35.9 34.5 34.5 34.2 36.7 39.1 47.9 47.8 46.9 46.6 69.0 49.8 46.9 56.5 74.9 74.5 75.4 85.9 97.5 105.8 121.2 123.8 124.2 132.6 138.5 145.7 130.5 108.0 108.0 128.6 143.5
-9999.0 -9999.0 -9999.0 -9999.0 -9999.0 -9999.0 -9999.0 -9999.0 -9999.0 -9999.0 -9999.0 2.8 5.1 3.8 5.3 6.2 8.1 10.4 13.3 16.2 18.8 23.8 27.4 31.7 32.3 36.0 36.8 37.7 38.5 39.3 39.6 39.5 41.9 44.5 48.0 53.2 57.1 61.3 68.2 64.7 65.4 59.0 52.7 48.4 55.9 48.5 58.5 53.0 56.7 56.2 52.3 57.5 63.0 73.2 87.8 79.8 70.3 78.1 75.3 74.2 82.7 82.7 93.0 112.4 131.1 112.9 118.7 146.8 168.0 172.2 157.3 133.9 122.0 123.2 103.8
-9999.0 -9999.0 -9999.0 -9999.0 -9999.0 -9999.0 -9999.0 -9999.0 -9999.0 -9999.0 -9999.0 -9999.0 3.7 4.4 3.9 5.9 5.7 9.3 12.3 13.3 21.3 24.9 29.0 33.9 29.4 38.5 41.2 39.1 39.8 37.2 39.4 40.3 41.9 44.2 49.3 56.4 64.0 71.5 76.0 77.2 76.2 73.4 70.0 70.7 69.4 71.8 76.4 70.5 72.1 72.3 82.2 85.0 82.6 80.8 90.9 100.3 103.3 111.0 77.0 96.8 92.6 107.9 116.9 123.1 126.6 147.4 129.1 155.7 179.0 186.5 175.3 134.1 113.5 108.1 126.3
-9999.0 -9999.0 -9999.0 -9999.0 -9999.0 -9999.0 -9999.0 -9999.0 -9999.0 -9999.0 -9999.0 -9999.0 1.5 4.0 5.3 4.9 8.3 10.3 11.3 15.9 20.8 24.3 30.0 36.9 43.0 43.6 44.7 47.2 44.1 44.5 40.7 38.4 41.1 44.7 50.0 59.1 68.3 79.5 89.1 93.9 93.2 90.6 92.4 86.4 90.9 96.8 94.9 95.1 88.7 94.2 93.1 100.7 96.7 107.2 98.4 116.6 113.3 120.1 99.9 101.5 106.8 114.1 135.7 153.6 120.0 136.9 131.9 159.9 186.6 196.5 189.4 181.9 178.1 177.4 174.3
-9999.0 -9999.0 -9999.0 -9999.0 -9999.0 -9999.0 -9999.0 -9999.0 -9999.0 -9999.0 -9999.0 -9999.0 -9999.0 2.5 2.3 6.3 6.8 10.9 15.2 19.8 23.7 31.6 33.0 43.5 46.9 42.8 44.3 41.3 44.4 44.0 44.9 43.8 39.9 42.6 51.6 60.5 72.9 86.1 93.1 105.6 109.1 109.2 107.2 109.6 109.1 111.9 120.8 128.2 131.0 128.5 126.0 119.0 118.1 152.0 145.5 142.6 138.2 150.6 173.4 159.1 161.3 147.9 159.5 121.5 104.9 120.0 135.1 155.7 175.7 189.5 190.2 187.2 191.3 190.8 184.9
-9999.0 -9999.0 -9999.0 -9999.0 -9999.0 -9999.0 -9999.0 -9999.0 -9999.0 -9999.0 -9999.0 -9999.0 1.4 1.3 2.1 5.1 4.7 9.2 13.5 23.0 29.1 35.4 40.0 47.7 54.5 48.9 53.5 56.9 55.3 50.5 48.6 49.3 40.2 44.9 48.9 60.2 70.7 91.2 105.9 114.4 115.9 118.2 120.8 119.9 125.4 133.5 142.0 149.1 156.4 157.9 163.4 170.6 154.0 164.3 153.7 155.9 178.5 149.5 185.8 183.5 193.5 205.0 178.2 190.4 137.0 120.8 171.1 168.2 165.3 178.4 189.8 197.7 190.2 158.4 147.7
-9999.0 -9999.0 -9999.0 -9999.0 -9999.0 -9999.0 -9999.0 -9999.0 -9999.0 -9999.0 -9999.0 -9999.0 0.8 2.7 3.2 1.7 3.8 11.8 17.1 19.4 31.6 34.2 42.0 50.0 60.6 68.1 70.3 71.3 68.9 68.5 63.8 55.4 44.3 50.8 53.5 59.2 74.9 90.3 107.0 120.3 124.9 127.5 127.6 129.4 135.6 146.1 160.0 172.0 181.0 175.5 175.0 189.2 173.4 161.4 158.5 146.6 176.8 201.1 202.8 237.8 252.8 260.4 158.2 112.8 107.9 144.6 139.0 188.1 185.5 173.0 180.3 189.6 184.3 187.3 182.2
-9999.0 -9999.0 -9999.0 -9999.0 -9999.0 -9999.0 -9999.0 -9999.0 -9999.0 -9999.0 -9999.0 -9999.0 1.8 1.2 3.8 5.0 8.0 6.2 14.4 19.9 19.3 24.9 41.9 45.3 58.4 56.4 68.0 61.6 82.9 81.4 77.1 56.3 61.5 61.3 59.5 61.1 71.9 86.6 105.4 115.2 128.5 140.1 131.8 142.3 142.6 152.1 165.1 176.3 179.2 184.7 192.5 184.0 234.4 239.9 210.0 143.3 181.1 212.6 237.2 222.1 224.7 216.8 281.1 110.1 87.4 206.5 207.8 204.5 198.1 196.4 188.3 189.9 187.8 194.4 228.7
-9999.0 -9999.0 -9999.0 -9999.0 -9999.0 -9999.0 -9999.0 -9999.0 -9999.0 -9999.0 -9999.0 -9999.0 -9999.0 0.3 0.9 4.2 6.1 11.1 11.2 14.4 11.6 28.5 31.3 36.7 59.2 66.0 78.2 91.4 87.9 107.5 82.8 80.0 67.3 69.7 62.8 55.2 64.2 84.6 98.9 119.6 134.7 124.6 128.2 138.2 149.0 151.4 159.9 158.1 182.5 191.4 180.0 226.4 223.2 186.9 231.9 227.7 169.0 191.4 235.8 291.8 276.1 351.4 250.0 76.1 163.0 192.6 202.9 200.1 210.4 197.0 189.5 175.2 183.5 139.4 174.8
-9999.0 -9999.0 -9999.0 -9999.0 -9999.0 -9999.0 -9999.0 -9999.0 -9999.0 -9999.0 -9999.0 -9999.0 -9999.0 2.1 0.7 3.1 2.0 9.9 13.3 15.2 10.4 16.1 21.5 33.6 60.9 66.5 77.2 103.0 111.4 75.8 88.4 88.9 94.6 81.6 65.6 65.0 76.9 86.6 93.4 92.0 126.5 134.0 138.4 140.4 133.6 145.0 149.3 143.2 156.7 171.2 207.8 181.4 234.9 255.7 262.5 237.5 196.2 209.5 252.2 195.8 278.5 162.2 111.1 190.4 187.4 182.1 174.6 178.1 182.7 185.2 173.0 162.7 157.9 173.4 186.2
-9999.0 -9999.0 -9999.0 -9999.0 -9999.0 -9999.0 -9999.0 -9999.0 -9999.0 -9999.0 -9999.0 -9999.0 -9999.0 -9999.0 -9999.0 1.8 4.4 5.0 10.1 16.5 10.8 20.8 28.6 34.3 41.1 55.5 48.2 81.1 73.6 128.1 119.6 126.4 88.8 85.9 90.3 69.2 67.8 106.8 105.6 113.3 107.0 113.7 126.9 137.8 158.6 153.2 137.4 125.3 148.7 123.8 179.6 245.1 232.7 239.9 169.4 225.5 226.5 185.9 269.9 296.9 178.2 163.9 284.5 259.0 233.1 205.2 182.2 176.3 168.4 152.4 149.5 147.6 201.8 221.3 197.4
-9999.0 -9999.0 -9999.0 -9999.0 -9999.0 -9999.0 -9999.0 -9999.0 -9999.0 -9999.0 -9999.0 -9999.0 -9999.0 -9999.0 -9999.0 -9999.0 -9999.0 13.5 16.5 -9999.0 23.1 13.5 27.3 34.8 32.9 47.9 41.8 73.4 120.5 112.2 152.0 188.6 101.5 161.2 165.9 114.6 77.4 149.5 115.1 115.0 112.4 101.1 119.8 136.2 218.0 157.8 182.9 136.9 124.2 155.6 119.2 191.3 138.1 237.2 238.8 235.5 207.7 253.3 262.9 283.2 180.7 219.8 298.1 311.7 254.0 205.8 190.8 173.3 160.2 137.9 133.0 189.3 234.8 232.6 235.0
-9999.0 -9999.0 -9999.0 -9999.0 -9999.0 -9999.0 -9999.0 -9999.0 -9999.0 -9999.0 -9999.0 -9999.0 -9999.0 -9999.0 -9999.0 -9999.0 -9999.0 -9999.0 -9999.0 -9999.0 -9999.0 14.4 13.8 10.2 24.7 51.8 69.3 93.4 118.3 177.1 191.8 261.8 234.7 195.9 190.8 137.7 138.2 140.0 153.5 195.7 198.4 91.4 95.2 111.4 217.0 129.0 201.4 121.6 142.5 181.5 164.0 224.6 238.8 182.2 203.8 227.9 232.0 220.5 281.9 258.5 204.7 193.2 239.1 258.0 258.6 213.7 208.8 194.7 183.3 143.1 134.5 193.3 232.1 222.2 187.9
-9999.0 -9999.0 -9999.0 -9999.0 -9999.0 -9999.0 -9999.0 -9999.0 -9999.0 -9999.0 -9999.0 -9999.0 -9999.0 -9999.0 -9999.0 -9999.0 -9999.0 -9999.0 -9999.0 -9999.0 -9999.0 -9999.0 -9999.0 31.1 22.8 36.1 53.5 73.8 81.5 151.3 173.6 177.2 112.5 147.1 117.3 118.3 100.7 128.5 94.2 80.5 82.2 71.5 100.2 140.0 203.4 248.4 152.2 121.9 111.5 101.7 118.4 188.9 150.4 177.1 166.7 159.8 198.6 231.1 213.7 240.1 217.7 191.7 158.6 158.3 163.6 196.9 218.4 215.3 156.8 149.9 171.1 201.9 232.1 249.6 182.8
-9999.0 -9999.0 -9999.0 -9999.0 -9999.0 -9999.0 -9999.0 -9999.0 -9999.0 -9999.0 -9999.0 -9999.0 -9999.0 -9999.0 -9999.0 -9999.0 -9999.0 -9999.0 -9999.0 -9999.0 -9999.0 -9999.0 -9999.0 -9999.0 -9999.0 58.8 48.4 21.1 44.5 41.3 105.9 179.0 187.4 143.9 152.5 96.9 60.0 102.8 69.6 80.8 54.6 75.8 231.8 198.5 250.9 243.6 178.2 192.4 105.3 99.2 147.2 148.9 178.4 178.0 157.7 162.0 180.4 187.5 216.6 217.4 209.5 188.5 211.1 169.8 160.6 184.6 179.3 144.7 155.9 174.2 177.9 208.8 218.4 249.8 223.7
-9999.0 -9999.0 -9999.0 -9999.0 -9999.0 -9999.0 -9999.0 -9999.0 -9999.0 -9999.0 -9999.0 -9999.0 -9999.0 -9999.0 -9999.0 -9999.0 -9999.0 -9999.0 -9999.0 -9999.0 -9999.0 -9999.0 -9999.0 -9999.0 -9999.0 -9999.0 -9999.0 94.3 124.7 118.3 149.8 174.3 84.4 192.8 114.2 235.9 115.3 108.4 155.1 85.9 56.3 112.9 219.1 263.2 246.8 235.2 223.0 201.0 178.0 105.8 124.9 128.5 141.2 155.3 166.8 173.5 192.7 204.9 201.6 202.2 241.4 179.7 156.5 129.3 117.8 136.5 157.3 154.0 144.5 158.4 176.4 221.3 210.6 234.2 215.7
-9999.0 -9999.0 -9999.0 -9999.0 -9999.0 -9999.0 -9999.0 -9999.0 -9999.0 -9999.0 -9999.0 -9999.0 -9999.0 -9999.0 -9999.0 -9999.0 -9999.0 -9999.0 -9999.0 -9999.0 -9999.0 -9999.0 -9999.0 -9999.0 -9999.0 -9999.0 -9999.0 -9999.0 -9999.0 -9999.0 -9999.0 -9999.0 -9999.0 197.7 114.0 -9999.0 -9999.0 -9999.0 203.2 108.2 161.3 200.4 168.0 252.1 252.8 233.3 -9999.0 -9999.0 -9999.0 -9999.0 -9999.0 -9999.0 143.3 167.8 201.7 230.8 234.5 250.7 225.2 236.1 216.8 180.8 160.0 136.8 137.6 160.6 188.9 207.4 189.8 165.0 164.8 205.2 218.6 203.6 204.8
-9999.0 -9999.0 -9999.0 -9999.0 -9999.0 -9999.0 -9999.0 -9999.0 -9999.0 -9999.0 -9999.0 -9999.0 -9999.0 -9999.0 -9999.0 -9999.0 -9999.0 -9999.0 -9999.0 -9999.0 -9999.0 -9999.0 -9999.0 -9999.0 -9999.0 -9999.0 -9999.0 -9999.0 -9999.0 -9999.0 -9999.0 -9999.0 -9999.0 -9999.0 -9999.0 -9999.0 -9999.0 -9999.0 -9999.0 263.1 261.0 259.8 255.5 246.3 -9999.0 -9999.0 -9999.0 -9999.0 -9999.0 -9999.0 -9999.0 -9999.0 152.1 182.1 220.8 265.2 281.1 273.5 261.6 246.6 226.0 197.4 170.6 156.1 151.0 183.5 233.4 252.9 230.7 234.3 218.7 203.7 177.4 175.1 165.6
-9999.0 -9999.0 -9999.0 -9999.0 -9999.0 -9999.0 -9999.0 -9999.0 -9999.0 -9999.0 -9999.0 -9999.0 -9999.0 -9999.0 -9999.0 -9999.0 -9999.0 -9999.0 -9999.0 -9999.0 -9999.0 -9999.0 -9999.0 -9999.0 -9999.0 -9999.0 -9999.0 -9999.0 -9999.0 -9999.0 -9999.0 -9999.0 -9999.0 -9999.0 -9999.0 -9999.0 -9999.0 -9999.0 -9999.0 -9999.0 -9999.0 -9999.0 -9999.0 -9999.0 -9999.0 -9999.0 -9999.0 -9999.0 -9999.0 -9999.0 -9999.0 -9999.0 186.5 198.7 244.9 270.1 282.9 264.4 245.3 234.7 209.5 203.6 199.8 182.6 188.3 227.0 261.3 272.0 264.1 246.0 218.5 203.8 211.4 142.6 113.2
-9999.0 -9999.0 -9999.0 -9999.0 -9999.0 -9999.0 -9999.0 -9999.0 -9999.0 -9999.0 -9999.0 -9999.0 -9999.0 -9999.0 -9999.0 -9999.0 -9999.0 -9999.0 -9999.0 -9999.0 -9999.0 -9999.0 -9999.0 -9999.0 -9999.0 -9999.0 -9999.0 -9999.0 -9999.0 -9999.0 -9999.0 -9999.0 -9999.0 -9999.0 -9999.0 -9999.0 -9999.0 -9999.0 -9999.0 -9999.0 -9999.0 -9999.0 -9999.0 -9999.0 -9999.0 -9999.0 -9999.0 -9999.0 -9999.0 -9999.0 -9999.0 185.4 180.3 215.7 228.3 268.4 263.2 273.4 238.2 137.9 241.0 223.3 200.9 211.4 228.4 253.0 253.1 197.5 245.5 217.0 198.8 195.5 163.0 124.5 105.9
-9999.0 -9999.0 -9999.0 -9999.0 -9999.0 -9999.0 -9999.0 -9999.0 -9999.0 -9999.0 -9999.0 -9999.0 -9999.0 -9999.0 -9999.0 -9999.0 -9999.0 -9999.0 -9999.0 -9999.0 -9999.0 -9999.0 -9999.0 -9999.0 -9999.0 -9999.0 -9999.0 -9999.0 -9999.0 -9999.0 -9999.0 -9999.0 -9999.0 -9999.0 -9999.0 -9999.0 -9999.0 -9999.0 -9999.0 -9999.0 -9999.0 -9999.0 -9999.0 -9999.0 -9999.0 -9999.0 -9999.0 -9999.0 -9999.0 -9999.0 220.3 184.2 198.2 226.3 241.7 262.3 228.2 190.1 218.0 251.1 213.1 233.2 212.3 230.3 256.0 256.0 238.2 195.8 219.0 192.1 205.0 194.4 171.4 140.6 118.0
-9999.0 -9999.0 -9999.0 -9999.0 -9999.0 -9999.0 -9999.0 -9999.0 -9999.0 -9999.0 -9999.0 -9999.0 -9999.0 -9999.0 -9999.0 -9999.0 -9999.0 -9999.0 -9999.0 -9999.0 -9999.0 -9999.0 -9999.0 -9999.0 -9999.0 -9999.0 -9999.0 -9999.0 -9999.0 -9999.0 -9999.0 -9999.0 -9999.0 -9999.0 -9999.0 -9999.0 -9999.0 -9999.0 -9999.0 -9999.0 -9999.0 -9999.0 -9999.0 -9999.0 -9999.0 -9999.0 -9999.0 -9999.0 -9999.0 -9999.0 236.7 196.4 250.4 246.5 260.9 255.7 191.4 270.0 270.7 220.4 177.0 198.7 196.0 230.6 251.1 205.3 191.4 154.3 172.2 179.1 206.5 207.3 184.7 156.9 139.1
-9999.0 -9999.0 -9999.0 -9999.0 -9999.0 -9999.0 -9999.0 -9999.0 -9999.0 -9999.0 -9999.0 -9999.0 -9999.0 -9999.0 -9999.0 -9999.0 -9999.0 -9999.0 -9999.0 -9999.0 -9999.0 -9999.0 -9999.0 -9999.0 -9999.0 -9999.0 -9999.0 -9999.0 -9999.0 -9999.0 -9999.0 -9999.0 -9999.0 -9999.0 -9999.0 -9999.0 -9999.0 -9999.0 -9999.0 -9999.0 -9999.0 -9999.0 -9999.0 -9999.0 -9999.0 -9999.0 -9999.0 -9999.0 -9999.0 -9999.0 260.2 264.0 294.2 264.7 280.3 261.2 301.9 275.5 286.4 156.2 186.4 205.9 204.4 198.1 213.9 191.2 162.2 145.6 147.1 197.6 195.4 220.8 180.7 162.0 136.7
-9999.0 -9999.0 -9999.0 -9999.0 -9999.0 -9999.0 -9999.0 -9999.0 -9999.0 -9999.0 -9999.0 -9999.0 -9999.0 -9999.0 -9999.0 -9999.0 -9999.0 -9999.0 -9999.0 -9999.0 -9999.0 -9999.0 -9999.0 -9999.0 -9999.0 -9999.0 -9999.0 -9999.0 -9999.0 -9999.0 -9999.0 -9999.0 -9999.0 -9999.0 -9999.0 -9999.0 -9999.0 -9999.0 -9999.0 -9999.0 -9999.0 -9999.0 -9999.0 -9999.0 -9999.0 -9999.0 -9999.0 -9999.0 -9999.0 -9999.0 254.8 263.3 304.1 305.4 302.1 302.5 258.8 285.5 258.3 140.3 191.1 183.7 123.3 177.1 187.1 174.6 178.2 177.4 202.8 119.8 164.6 165.4 159.6 141.9 116.1
-9999.0 -9999.0 -9999.0 -9999.0 -9999.0 -9999.0 -9999.0 -9999.0 -9999.0 -9999.0 -9999.0 -9999.0 -9999.0 -9999.0 -9999.0 -9999.0 -9999.0 -9999.0 -9999.0 -9999.0 -9999.0 -9999.0 -9999.0 -9999.0 -9999.0 -9999.0 -9999.0 -9999.0 -9999.0 -9999.0 -9999.0 -9999.0 -9999.0 -9999.0 -9999.0 -9999.0 -9999.0 -9999.0 -9999.0 -9999.0 -9999.0 -9999.0 -9999.0 -9999.0 -9999.0 -9999.0 -9999.0 -9999.0 -9999.0 -9999.0 -9999.0 -9999.0 -9999.0 328.4 316.6 299.8 295.5 299.9 184.6 161.2 327.5 145.3 263.3 204.3 183.7 169.9 188.3 173.5 197.5 170.5 130.1 115.8 110.4 104.6 95.3
-9999.0 -9999.0 -9999.0 -9999.0 -9999.0 -9999.0 -9999.0 -9999.0 -9999.0 -9999.0 -9999.0 -9999.0 -9999.0 -9999.0 -9999.0 -9999.0 -9999.0 -9999.0 -9999.0 -9999.0 -9999.0 -9999.0 -9999.0 -9999.0 -9999.0 -9999.0 -9999.0 -9999.0 -9999.0 -9999.0 -9999.0 -9999.0 -9999.0 -9999.0 -9999.0 -9999.0 -9999.0 -9999.0 -9999.0 -9999.0 -9999.0 -9999.0 -9999.0 -9999.0 -9999.0 -9999.0 -9999.0 -9999.0 -9999.0 -9999.0 -9999.0 -9999.0 -9999.0 323.2 312.9 320.1 283.5 248.2 259.5 342.7 269.0 238.7 360.3 289.5 256.3 218.4 178.5 211.4 146.5 123.3 100.3 106.8 114.9 117.7 111.9
-9999.0 -9999.0 -9999.0 -9999.0 -9999.0 -9999.0 -9999.0 -9999.0 -9999.0 -9999.0 -9999.0 -9999.0 -9999.0 -9999.0 -9999.0 -9999.0 -9999.0 -9999.0 -9999.0 -9999.0 -9999.0 -9999.0 -9999.0 -9999.0 -9999.0 -9999.0 -9999.0 -9999.0 -9999.0 -9999.0 -9999.0 -9999.0 -9999.0 -9999.0 -9999.0 -9999.0 -9999.0 -9999.0 -9999.0 -9999.0 -9999.0 -9999.0 -9999.0 -9999.0 -9999.0 -9999.0 -9999.0 -9999.0 -9999.0 -9999.0 -9999.0 -9999.0 -9999.0 306.2 288.2 292.2 274.8 258.1 294.6 324.7 417.2 441.5 495.7 443.2 364.8 -9999.0 -9999.0 -9999.0 169.1 119.3 135.2 180.4 217.3 225.0 196.7
-9999.0 -9999.0 -9999.0 -9999.0 -9999.0 -9999.0 -9999.0 -9999.0 -9999.0 -9999.0 -9999.0 -9999.0 -9999.0 -9999.0 -9999.0 -9999.0 -9999.0 -9999.0 -9999.0 -9999.0 -9999.0 -9999.0 -9999.0 -9999.0 -9999.0 -9999.0 -9999.0 -9999.0 -9999.0 -9999.0 -9999.0 -9999.0 -9999.0 -9999.0 -9999.0 -9999.0 -9999.0 -9999.0 -9999.0 -9999.0 -9999.0 -9999.0 -9999.0 -9999.0 -9999.0 -9999.0 -9999.0 -9999.0 -9999.0 -9999.0 -9999.0 -9999.0 -9999.0 -9999.0 277.5 266.4 234.5 239.4 340.8 453.4 429.8 -9999.0 -9999.0 -9999.0 -9999.0 -9999.0 -9999.0 -9999.0 174.7 181.2 241.7 303.7 375.0 382.3 321.4
-9999.0 -9999.0 -9999.0 -9999.0 -9999.0 -9999.0 -9999.0 -9999.0 -9999.0 -9999.0 -9999.0 -9999.0 -9999.0 -9999.0 -9999.0 -9999.0 -9999.0 -9999.0 -9999.0 -9999.0 -9999.0 -9999.0 -9999.0 -9999.0 -9999.0 -9999.0 -9999.0 -9999.0 -9999.0 -9999.0 -9999.0 -9999.0 -9999.0 -9999.0 -9999.0 -9999.0 -9999.0 -9999.0 -9999.0 -9999.0 -9999.0 -9999.0 -9999.0 -9999.0 -9999.0 -9999.0 -9999.0 -9999.0 -9999.0 -9999.0 -9999.0 -9999.0 -9999.0 -9999.0 -9999.0 249.1 296.4 296.1 349.2 468.9 541.7 -9999.0 -9999.0 -9999.0 -9999.0 -9999.0 -9999.0 -9999.0 -9999.0 -9999.0 311.6 -9999.0 -9999.0 -9999.0 -9999.0
