program/excelProcessViaJava/data/SURF_CLI_CHN_PRE_MON_GRID_0.5-201404.txt
NCOLS      128
NROWS       72
XLLCORNER    72.000000000000    
YLLCORNER    18.000000000000    
CELLSIZE    0.50000000000000    
NODATA_VALUE   -9999.000    
[rows 35 to 69 of 72, columns 0 to 77 of 128]
-9999.0 -9999.0 -9999.0 -9999.0 -9999.0 1.5 35.6 8.9 10.4 4.5 7.9 4.4 0.7 0.3 0.1 0.2 0.0 0.1 0.1 0.0 0.0 0.0 0.0 0.0 0.0 0.0 0.0 0.0 0.0 0.1 0.2 0.4 0.9 1.6 2.7 3.1 4.6 4.7 6.9 8.1 3.7 11.3 10.7 6.8 3.8 2.1 2.6 1.6 1.9 0.7 0.7 1.6 5.2 16.0 15.9 16.6 26.3 38.4 48.5 56.0 56.5 61.2 68.3 71.9 70.8 58.1 62.6 67.1 67.6 71.5 70.7 66.8 66.7 71.9 73.9 74.2 64.0 70.8
-9999.0 -9999.0 -9999.0 -9999.0 -9999.0 -9999.0 -9999.0 23.7 5.0 7.4 6.0 2.2 1.4 1.0 0.2 0.2 0.0 0.0 0.0 0.0 0.0 0.0 0.0 0.0 0.0 0.0 0.0 0.0 0.0 0.1 0.3 0.7 1.4 2.5 3.2 4.0 4.3 5.3 5.6 5.7 6.9 8.1 9.8 14.0 8.0 4.9 5.5 5.3 9.2 7.5 15.0 14.5 9.4 14.0 19.4 19.9 28.7 39.1 43.9 47.6 57.0 68.4 77.7 83.5 74.5 69.7 71.5 75.2 83.5 81.2 82.2 80.0 78.8 82.4 73.5 80.2 75.1 68.8
-9999.0 -9999.0 -9999.0 -9999.0 -9999.0 -9999.0 -9999.0 10.5 2.0 7.0 4.1 2.0 1.9 0.7 0.2 0.1 0.0 0.0 0.0 0.0 0.0 0.0 0.0 0.0 0.0 0.0 0.0 0.0 0.1 0.2 0.5 1.2 2.1 3.2 3.9 4.5 4.6 5.0 4.6 5.1 5.1 6.9 7.8 7.8 9.3 9.1 9.0 8.9 10.0 11.4 15.2 15.8 16.3 17.5 22.8 22.9 28.5 35.9 38.4 44.0 52.3 60.9 72.3 74.5 72.8 67.4 68.5 74.2 84.7 83.2 87.0 89.5 86.8 86.3 87.0 67.2 69.3 70.5
-9999.0 -9999.0 -9999.0 -9999.0 -9999.0 -9999.0 -9999.0 -9999.0 -9999.0 -9999.0 4.0 4.1 1.0 1.1 0.3 0.2 0.1 0.0 0.0 0.0 0.0 0.0 0.0 0.0 0.0 0.0 0.0 0.1 0.2 0.4 0.9 1.8 3.0 4.2 5.1 6.1 5.6 5.2 6.5 4.2 4.9 4.8 5.5 6.3 9.3 8.0 11.4 10.4 13.0 14.8 15.7 19.3 22.4 25.8 28.2 27.4 28.7 31.9 35.3 39.7 45.9 57.8 67.8 69.7 71.2 54.7 58.1 69.2 76.3 78.9 84.2 91.8 92.0 80.2 65.3 72.4 78.0 77.4
-9999.0 -9999.0 -9999.0 -9999.0 -9999.0 -9999.0 -9999.0 -9999.0 -9999.0 -9999.0 -9999.0 2.7 1.5 0.8 0.5 0.2 0.2 0.1 0.0 0.0 0.0 0.0 0.0 0.0 0.0 0.0 0.1 0.1 0.3 0.5 1.3 2.5 4.0 5.3 6.5 7.0 7.6 6.0 4.5 3.2 2.7 3.0 4.0 5.8 6.9 8.4 10.5 10.2 13.2 17.0 24.1 28.5 30.5 31.0 32.0 31.6 31.2 32.1 33.7 36.4 41.6 50.2 60.0 66.1 59.0 70.9 59.2 68.0 72.9 73.7 82.1 105.4 105.8 84.2 72.5 92.7 92.4 88.2
-9999.0 -9999.0 -9999.0 -9999.0 -9999.0 -9999.0 -9999.0 -9999.0 -9999.0 -9999.0 -9999.0 -9999.0 3.6 1.1 0.7 0.3 0.2 0.1 0.1 0.0 0.0 0.0 0.0 0.0 0.0 0.1 0.1 0.2 0.4 1.0 1.7 2.9 4.7 6.3 7.5 8.2 8.3 7.4 5.6 3.8 2.7 2.7 4.1 4.8 6.9 9.3 9.6 11.1 12.8 19.7 26.2 34.1 37.0 39.2 35.8 34.7 32.6 33.2 33.7 34.4 38.2 47.1 57.9 67.4 59.1 65.2 56.9 68.7 76.5 75.6 72.5 77.3 81.4 74.5 76.9 85.2 95.2 96.7
-9999.0 -9999.0 -9999.0 -9999.0 -9999.0 -9999.0 -9999.0 -9999.0 -9999.0 -9999.0 -9999.0 -9999.0 3.1 2.0 1.4 0.7 0.3 0.2 0.2 0.1 0.1 0.1 0.0 0.1 0.1 0.1 0.1 0.2 0.3 0.9 2.1 3.6 4.9 6.6 8.5 9.2 9.1 8.2 7.9 5.2 3.8 3.8 4.4 6.4 7.6 8.9 11.3 14.4 18.3 23.6 31.1 37.7 42.3 44.9 40.9 36.1 32.7 32.9 35.4 36.9 40.5 47.1 58.3 61.6 62.7 65.1 69.9 78.8 88.4 88.2 86.4 78.4 70.3 69.9 81.3 85.1 94.5 97.1
-9999.0 -9999.0 -9999.0 -9999.0 -9999.0 -9999.0 -9999.0 -9999.0 -9999.0 -9999.0 -9999.0 6.7 4.6 3.8 2.1 1.2 0.6 0.3 0.2 0.3 0.2 0.2 0.1 0.1 0.2 0.1 0.1 0.3 0.5 0.9 1.9 3.8 4.6 6.8 8.1 9.3 9.3 9.0 7.5 5.6 5.5 6.4 8.0 7.7 10.1 12.3 13.5 14.4 18.1 23.9 33.5 41.6 44.0 44.0 38.9 33.7 31.6 30.4 33.3 35.2 41.8 52.3 60.6 72.2 72.6 73.1 69.4 81.5 92.7 88.5 85.1 79.3 73.7 74.2 73.8 82.8 95.7 101.2
-9999.0 -9999.0 -9999.0 -9999.0 -9999.0 -9999.0 -9999.0 -9999.0 -9999.0 -9999.0 -9999.0 9.7 7.5 4.6 3.2 2.5 1.3 1.0 0.7 0.3 0.4 0.2 0.2 0.2 0.2 0.3 0.3 0.3 0.5 1.0 1.9 3.1 4.0 6.4 7.7 8.3 9.0 8.7 7.7 6.5 5.8 6.8 8.9 11.6 14.5 17.0 19.8 20.8 22.1 20.9 27.0 36.5 37.7 36.8 33.6 29.2 27.6 29.5 33.5 40.4 49.0 59.6 61.9 66.6 71.0 71.0 70.5 64.6 75.8 88.6 93.6 95.1 96.1 97.7 104.4 97.7 101.3 96.6
-9999.0 -9999.0 -9999.0 -9999.0 -9999.0 -9999.0 -9999.0 -9999.0 -9999.0 -9999.0 -9999.0 -9999.0 9.0 7.3 5.6 4.0 3.0 1.6 1.2 0.8 0.4 0.3 0.3 0.2 0.2 0.1 0.2 0.2 0.4 0.6 1.2 1.6 3.5 5.2 6.1 6.4 6.9 7.2 7.5 6.8 8.0 12.6 13.8 21.6 21.9 24.4 26.4 24.8 21.2 20.9 23.6 24.2 35.9 35.7 29.8 25.2 25.6 29.2 35.6 44.0 52.3 61.3 77.5 69.4 59.1 42.6 39.7 47.2 62.0 84.3 105.4 111.8 121.3 125.6 158.8 134.8 158.3 102.4
-9999.0 -9999.0 -9999.0 -9999.0 -9999.0 -9999.0 -9999.0 -9999.0 -9999.0 -9999.0 -9999.0 -9999.0 13.1 12.8 8.9 6.6 4.9 4.0 2.4 1.6 1.0 0.8 0.5 0.3 0.4 0.3 0.2 0.3 0.2 0.4 0.4 0.9 1.7 3.0 3.5 3.6 4.3 5.8 7.1 9.7 13.2 15.9 21.4 26.5 32.9 33.7 32.6 29.6 26.9 22.3 15.1 23.4 22.2 18.4 23.9 22.8 23.4 29.6 36.9 47.2 59.0 75.1 81.0 65.1 39.0 33.1 34.1 42.8 60.1 84.1 112.5 132.5 133.4 150.5 144.6 142.2 131.3 118.2
-9999.0 -9999.0 -9999.0 -9999.0 -9999.0 -9999.0 -9999.0 -9999.0 -9999.0 -9999.0 -9999.0 -9999.0 -9999.0 17.2 13.4 10.8 8.3 7.3 5.6 4.0 2.5 1.7 1.1 0.8 1.1 0.4 0.3 0.3 0.2 0.1 0.2 0.3 0.6 1.1 1.5 2.1 3.0 4.7 7.4 12.5 18.2 24.4 30.8 36.3 40.4 41.3 39.3 34.3 24.6 16.5 16.2 6.8 15.0 19.4 20.6 17.5 17.4 24.7 35.1 49.0 63.0 68.1 71.3 56.4 40.5 34.3 38.8 48.5 63.1 89.4 114.0 127.2 136.4 138.5 145.6 156.9 174.6 129.8
-9999.0 -9999.0 -9999.0 -9999.0 -9999.0 -9999.0 -9999.0 -9999.0 -9999.0 -9999.0 -9999.0 -9999.0 -9999.0 -9999.0 43.8 16.8 14.7 11.7 10.3 9.3 5.8 5.1 4.0 2.6 1.4 0.8 0.3 0.2 0.1 0.1 0.1 0.1 0.3 0.4 0.7 1.9 3.7 4.8 9.2 16.4 23.9 31.8 38.2 43.6 50.8 56.4 44.3 39.1 24.0 7.3 6.6 16.3 8.7 10.8 4.3 10.7 12.8 14.8 31.9 47.8 56.2 65.6 89.0 72.6 49.1 40.0 46.8 59.3 71.7 85.9 102.8 113.9 113.2 121.8 136.6 169.2 174.5 185.6
-9999.0 -9999.0 -9999.0 -9999.0 -9999.0 -9999.0 -9999.0 -9999.0 -9999.0 -9999.0 -9999.0 -9999.0 -9999.0 -9999.0 -9999.0 -9999.0 -9999.0 52.1 29.4 27.3 19.6 10.1 10.5 7.9 3.7 2.2 0.7 0.3 0.1 0.1 0.0 0.1 0.2 0.2 0.4 0.8 4.9 5.0 9.8 18.5 28.0 40.0 42.9 45.9 64.3 59.7 99.8 39.4 21.6 12.6 4.0 3.3 2.5 8.3 8.9 8.9 7.3 17.5 28.2 45.5 37.4 62.2 86.2 76.8 56.5 48.3 56.5 71.0 82.1 90.8 105.7 105.3 115.0 110.8 132.0 164.4 163.5 145.8
-9999.0 -9999.0 -9999.0 -9999.0 -9999.0 -9999.0 -9999.0 -9999.0 -9999.0 -9999.0 -9999.0 -9999.0 -9999.0 -9999.0 -9999.0 -9999.0 -9999.0 -9999.0 -9999.0 -9999.0 51.9 23.5 16.9 10.8 9.0 9.0 4.7 1.7 0.3 0.2 0.1 0.2 0.2 0.2 0.4 1.1 2.0 3.7 5.8 7.2 11.8 46.0 52.2 50.3 57.9 52.9 124.7 46.2 33.4 55.8 8.3 15.5 11.7 3.6 4.8 7.7 9.7 12.2 30.1 42.0 29.3 47.9 67.6 66.1 56.2 53.2 62.5 77.3 90.9 98.9 105.6 110.2 116.2 110.6 115.4 126.2 123.8 106.3
-9999.0 -9999.0 -9999.0 -9999.0 -9999.0 -9999.0 -9999.0 -9999.0 -9999.0 -9999.0 -9999.0 -9999.0 -9999.0 -9999.0 -9999.0 -9999.0 -9999.0 -9999.0 -9999.0 -9999.0 -9999.0 -9999.0 27.3 49.5 23.6 18.7 12.3 5.7 1.7 0.6 0.3 0.4 2.3 2.1 5.1 6.5 12.7 8.3 24.5 39.7 43.3 61.3 41.5 35.5 54.0 125.1 82.6 67.1 72.2 65.7 21.2 13.0 8.5 5.2 3.1 2.2 6.4 14.9 15.0 39.0 32.7 49.6 60.0 51.4 52.4 53.6 64.3 79.5 85.8 99.8 103.6 116.5 124.5 128.5 106.9 99.1 105.6 101.0
-9999.0 -9999.0 -9999.0 -9999.0 -9999.0 -9999.0 -9999.0 -9999.0 -9999.0 -9999.0 -9999.0 -9999.0 -9999.0 -9999.0 -9999.0 -9999.0 -9999.0 -9999.0 -9999.0 -9999.0 -9999.0 -9999.0 -9999.0 -9999.0 107.9 81.7 38.7 14.1 9.0 9.8 4.2 3.6 5.2 9.2 10.5 23.7 50.8 27.3 57.6 46.0 82.5 48.4 25.7 37.0 88.7 124.8 123.3 155.2 49.1 70.0 25.9 19.0 13.2 8.3 5.7 3.2 5.2 8.9 21.6 34.4 44.4 48.3 77.8 37.2 45.9 54.1 66.7 75.3 79.0 87.5 102.5 115.6 118.8 127.4 116.1 91.9 83.5 95.1
-9999.0 -9999.0 -9999.0 -9999.0 -9999.0 -9999.0 -9999.0 -9999.0 -9999.0 -9999.0 -9999.0 -9999.0 -9999.0 -9999.0 -9999.0 -9999.0 -9999.0 -9999.0 -9999.0 -9999.0 -9999.0 -9999.0 -9999.0 -9999.0 -9999.0 130.2 102.8 96.6 81.5 31.2 22.7 20.5 28.3 23.0 35.2 21.8 36.0 37.6 17.8 48.1 83.0 27.9 35.7 72.3 95.2 120.0 138.2 149.7 155.9 123.6 136.9 111.5 27.9 21.5 9.7 4.4 4.4 6.5 17.7 23.7 16.5 39.5 30.4 39.9 57.8 62.2 68.7 79.0 84.3 88.1 97.7 112.0 112.7 120.3 109.5 99.2 107.8 112.2
-9999.0 -9999.0 -9999.0 -9999.0 -9999.0 -9999.0 -9999.0 -9999.0 -9999.0 -9999.0 -9999.0 -9999.0 -9999.0 -9999.0 -9999.0 -9999.0 -9999.0 -9999.0 -9999.0 -9999.0 -9999.0 -9999.0 -9999.0 -9999.0 -9999.0 -9999.0 -9999.0 144.2 127.5 92.2 95.9 76.9 66.0 50.2 60.6 60.4 -9999.0 32.4 29.4 44.4 31.2 37.1 44.1 77.1 96.9 112.2 126.2 -9999.0 -9999.0 147.2 142.8 131.7 69.8 20.0 27.1 11.8 4.9 3.8 8.4 9.0 14.6 26.2 25.5 36.1 47.9 59.0 63.6 63.7 68.0 79.4 89.3 106.4 118.5 115.6 122.7 125.6 127.7 114.9
-9999.0 -9999.0 -9999.0 -9999.0 -9999.0 -9999.0 -9999.0 -9999.0 -9999.0 -9999.0 -9999.0 -9999.0 -9999.0 -9999.0 -9999.0 -9999.0 -9999.0 -9999.0 -9999.0 -9999.0 -9999.0 -9999.0 -9999.0 -9999.0 -9999.0 -9999.0 -9999.0 -9999.0 -9999.0 -9999.0 -9999.0 -9999.0 -9999.0 88.9 77.2 -9999.0 -9999.0 -9999.0 -9999.0 54.6 56.0 61.0 68.6 78.2 89.1 -9999.0 -9999.0 -9999.0 -9999.0 -9999.0 -9999.0 -9999.0 69.8 24.6 20.3 13.1 4.5 1.9 1.5 2.6 5.9 13.2 22.4 32.2 49.0 57.7 58.3 52.3 54.1 62.6 81.9 99.2 102.0 114.1 125.2 143.3 142.4 142.7
-9999.0 -9999.0 -9999.0 -9999.0 -9999.0 -9999.0 -9999.0 -9999.0 -9999.0 -9999.0 -9999.0 -9999.0 -9999.0 -9999.0 -9999.0 -9999.0 -9999.0 -9999.0 -9999.0 -9999.0 -9999.0 -9999.0 -9999.0 -9999.0 -9999.0 -9999.0 -9999.0 -9999.0 -9999.0 -9999.0 -9999.0 -9999.0 -9999.0 -9999.0 -9999.0 -9999.0 -9999.0 -9999.0 -9999.0 63.2 62.9 64.5 68.5 74.6 -9999.0 -9999.0 -9999.0 -9999.0 -9999.0 -9999.0 -9999.0 -9999.0 62.2 28.3 20.9 10.3 4.6 2.1 1.4 2.6 3.8 8.4 40.9 38.7 58.2 62.6 56.9 50.0 50.2 61.8 77.9 92.7 113.3 103.2 115.1 146.6 159.1 175.7
-9999.0 -9999.0 -9999.0 -9999.0 -9999.0 -9999.0 -9999.0 -9999.0 -9999.0 -9999.0 -9999.0 -9999.0 -9999.0 -9999.0 -9999.0 -9999.0 -9999.0 -9999.0 -9999.0 -9999.0 -9999.0 -9999.0 -9999.0 -9999.0 -9999.0 -9999.0 -9999.0 -9999.0 -9999.0 -9999.0 -9999.0 -9999.0 -9999.0 -9999.0 -9999.0 -9999.0 -9999.0 -9999.0 -9999.0 -9999.0 -9999.0 -9999.0 -9999.0 -9999.0 -9999.0 -9999.0 -9999.0 -9999.0 -9999.0 -9999.0 -9999.0 55.1 45.0 29.8 16.4 10.2 5.8 4.2 2.8 1.5 9.9 16.2 23.2 51.6 71.6 75.4 73.6 75.1 65.8 77.4 87.4 96.7 91.4 95.7 120.8 157.3 172.7 205.7
-9999.0 -9999.0 -9999.0 -9999.0 -9999.0 -9999.0 -9999.0 -9999.0 -9999.0 -9999.0 -9999.0 -9999.0 -9999.0 -9999.0 -9999.0 -9999.0 -9999.0 -9999.0 -9999.0 -9999.0 -9999.0 -9999.0 -9999.0 -9999.0 -9999.0 -9999.0 -9999.0 -9999.0 -9999.0 -9999.0 -9999.0 -9999.0 -9999.0 -9999.0 -9999.0 -9999.0 -9999.0 -9999.0 -9999.0 -9999.0 -9999.0 -9999.0 -9999.0 -9999.0 -9999.0 -9999.0 -9999.0 -9999.0 -9999.0 -9999.0 38.9 44.1 34.6 25.2 13.9 10.5 8.0 5.6 3.8 5.9 8.0 21.3 29.1 55.6 72.5 86.2 99.1 107.3 107.1 113.3 122.7 117.9 115.3 124.0 142.5 164.1 212.3 188.1
-9999.0 -9999.0 -9999.0 -9999.0 -9999.0 -9999.0 -9999.0 -9999.0 -9999.0 -9999.0 -9999.0 -9999.0 -9999.0 -9999.0 -9999.0 -9999.0 -9999.0 -9999.0 -9999.0 -9999.0 -9999.0 -9999.0 -9999.0 -9999.0 -9999.0 -9999.0 -9999.0 -9999.0 -9999.0 -9999.0 -9999.0 -9999.0 -9999.0 -9999.0 -9999.0 -9999.0 -9999.0 -9999.0 -9999.0 -9999.0 -9999.0 -9999.0 -9999.0 -9999.0 -9999.0 -9999.0 -9999.0 -9999.0 -9999.0 -9999.0 26.1 38.4 21.1 19.9 15.1 10.7 4.5 7.0 5.5 5.1 7.5 14.6 23.3 43.4 63.2 97.0 122.3 127.3 135.7 137.6 154.6 155.4 149.6 157.2 183.8 213.7 203.1 214.8
-9999.0 -9999.0 -9999.0 -9999.0 -9999.0 -9999.0 -9999.0 -9999.0 -9999.0 -9999.0 -9999.0 -9999.0 -9999.0 -9999.0 -9999.0 -9999.0 -9999.0 -9999.0 -9999.0 -9999.0 -9999.0 -9999.0 -9999.0 -9999.0 -9999.0 -9999.0 -9999.0 -9999.0 -9999.0 -9999.0 -9999.0 -9999.0 -9999.0 -9999.0 -9999.0 -9999.0 -9999.0 -9999.0 -9999.0 -9999.0 -9999.0 -9999.0 -9999.0 -9999.0 -9999.0 -9999.0 -9999.0 -9999.0 -9999.0 -9999.0 16.5 20.0 16.1 21.7 13.8 10.1 10.2 7.1 7.2 9.1 11.1 14.9 22.1 34.6 54.5 81.5 109.7 108.5 101.2 128.6 144.0 152.8 157.8 165.2 197.5 212.4 183.0 202.7
-9999.0 -9999.0 -9999.0 -9999.0 -9999.0 -9999.0 -9999.0 -9999.0 -9999.0 -9999.0 -9999.0 -9999.0 -9999.0 -9999.0 -9999.0 -9999.0 -9999.0 -9999.0 -9999.0 -9999.0 -9999.0 -9999.0 -9999.0 -9999.0 -9999.0 -9999.0 -9999.0 -9999.0 -9999.0 -9999.0 -9999.0 -9999.0 -9999.0 -9999.0 -9999.0 -9999.0 -9999.0 -9999.0 -9999.0 -9999.0 -9999.0 -9999.0 -9999.0 -9999.0 -9999.0 -9999.0 -9999.0 -9999.0 -9999.0 -9999.0 19.5 24.3 20.8 20.0 15.8 13.0 7.3 9.2 12.9 23.6 20.8 19.9 24.8 32.7 47.0 64.2 78.3 83.7 83.3 59.7 89.7 109.2 122.7 138.8 173.0 182.0 172.4 186.0
-9999.0 -9999.0 -9999.0 -9999.0 -9999.0 -9999.0 -9999.0 -9999.0 -9999.0 -9999.0 -9999.0 -9999.0 -9999.0 -9999.0 -9999.0 -9999.0 -9999.0 -9999.0 -9999.0 -9999.0 -9999.0 -9999.0 -9999.0 -9999.0 -9999.0 -9999.0 -9999.0 -9999.0 -9999.0 -9999.0 -9999.0 -9999.0 -9999.0 -9999.0 -9999.0 -9999.0 -9999.0 -9999.0 -9999.0 -9999.0 -9999.0 -9999.0 -9999.0 -9999.0 -9999.0 -9999.0 -9999.0 -9999.0 -9999.0 -9999.0 27.6 12.9 20.1 17.3 13.6 11.0 10.3 12.5 25.0 41.4 23.6 38.4 27.8 39.4 49.7 62.0 68.3 67.9 59.6 50.8 51.7 62.8 73.8 97.6 136.4 164.9 168.5 175.9
-9999.0 -9999.0 -9999.0 -9999.0 -9999.0 -9999.0 -9999.0 -9999.0 -9999.0 -9999.0 -9999.0 -9999.0 -9999.0 -9999.0 -9999.0 -9999.0 -9999.0 -9999.0 -9999.0 -9999.0 -9999.0 -9999.0 -9999.0 -9999.0 -9999.0 -9999.0 -9999.0 -9999.0 -9999.0 -9999.0 -9999.0 -9999.0 -9999.0 -9999.0 -9999.0 -9999.0 -9999.0 -9999.0 -9999.0 -9999.0 -9999.0 -9999.0 -9999.0 -9999.0 -9999.0 -9999.0 -9999.0 -9999.0 -9999.0 -9999.0 -9999.0 -9999.0 -9999.0 16.0 14.0 13.5 13.4 19.0 31.7 39.4 59.9 55.1 46.0 69.6 79.5 86.9 102.8 83.6 80.4 68.7 61.8 59.8 60.9 83.8 128.3 155.2 169.5 161.5
-9999.0 -9999.0 -9999.0 -9999.0 -9999.0 -9999.0 -9999.0 -9999.0 -9999.0 -9999.0 -9999.0 -9999.0 -9999.0 -9999.0 -9999.0 -9999.0 -9999.0 -9999.0 -9999.0 -9999.0 -9999.0 -9999.0 -9999.0 -9999.0 -9999.0 -9999.0 -9999.0 -9999.0 -9999.0 -9999.0 -9999.0 -9999.0 -9999.0 -9999.0 -9999.0 -9999.0 -9999.0 -9999.0 -9999.0 -9999.0 -9999.0 -9999.0 -9999.0 -9999.0 -9999.0 -9999.0 -9999.0 -9999.0 -9999.0 -9999.0 -9999.0 -9999.0 -9999.0 17.6 17.7 17.9 20.6 28.8 42.8 63.4 70.8 78.2 69.6 73.9 133.3 144.4 -9999.0 141.0 138.5 139.6 118.2 101.2 100.2 118.6 143.6 156.2 165.9 157.8
-9999.0 -9999.0 -9999.0 -9999.0 -9999.0 -9999.0 -9999.0 -9999.0 -9999.0 -9999.0 -9999.0 -9999.0 -9999.0 -9999.0 -9999.0 -9999.0 -9999.0 -9999.0 -9999.0 -9999.0 -9999.0 -9999.0 -9999.0 -9999.0 -9999.0 -9999.0 -9999.0 -9999.0 -9999.0 -9999.0 -9999.0 -9999.0 -9999.0 -9999.0 -9999.0 -9999.0 -9999.0 -9999.0 -9999.0 -9999.0 -9999.0 -9999.0 -9999.0 -9999.0 -9999.0 -9999.0 -9999.0 -9999.0 -9999.0 -9999.0 -9999.0 -9999.0 -9999.0 21.4 22.7 25.8 33.7 44.9 54.8 66.5 93.6 101.5 117.4 -9999.0 -9999.0 -9999.0 -9999.0 -9999.0 220.8 210.0 177.0 166.2 157.5 151.4 142.0 138.3 140.9 141.3
-9999.0 -9999.0 -9999.0 -9999.0 -9999.0 -9999.0 -9999.0 -9999.0 -9999.0 -9999.0 -9999.0 -9999.0 -9999.0 -9999.0 -9999.0 -9999.0 -9999.0 -9999.0 -9999.0 -9999.0 -9999.0 -9999.0 -9999.0 -9999.0 -9999.0 -9999.0 -9999.0 -9999.0 -9999.0 -9999.0 -9999.0 -9999.0 -9999.0 -9999.0 -9999.0 -9999.0 -9999.0 -9999.0 -9999.0 -9999.0 -9999.0 -9999.0 -9999.0 -9999.0 -9999.0 -9999.0 -9999.0 -9999.0 -9999.0 -9999.0 -9999.0 -9999.0 -9999.0 -9999.0 -9999.0 33.7 36.7 52.6 70.4 84.5 105.1 -9999.0 -9999.0 -9999.0 -9999.0 -9999.0 -9999.0 -9999.0 -9999.0 248.8 225.5 199.7 173.3 143.6 113.6 93.9 92.8 105.3
-9999.0 -9999.0 -9999.0 -9999.0 -9999.0 -9999.0 -9999.0 -9999.0 -9999.0 -9999.0 -9999.0 -9999.0 -9999.0 -9999.0 -9999.0 -9999.0 -9999.0 -9999.0 -9999.0 -9999.0 -9999.0 -9999.0 -9999.0 -9999.0 -9999.0 -9999.0 -9999.0 -9999.0 -9999.0 -9999.0 -9999.0 -9999.0 -9999.0 -9999.0 -9999.0 -9999.0 -9999.0 -9999.0 -9999.0 -9999.0 -9999.0 -9999.0 -9999.0 -9999.0 -9999.0 -9999.0 -9999.0 -9999.0 -9999.0 -9999.0 -9999.0 -9999.0 -9999.0 -9999.0 -9999.0 -9999.0 49.8 60.7 72.8 93.3 109.5 -9999.0 -9999.0 -9999.0 -9999.0 -9999.0 -9999.0 -9999.0 -9999.0 -9999.0 -9999.0 -9999.0 155.9 127.3 100.0 78.6 73.6 85.0
-9999.0 -9999.0 -9999.0 -9999.0 -9999.0 -9999.0 -9999.0 -9999.0 -9999.0 -9999.0 -9999.0 -9999.0 -9999.0 -9999.0 -9999.0 -9999.0 -9999.0 -9999.0 -9999.0 -9999.0 -9999.0 -9999.0 -9999.0 -9999.0 -9999.0 -9999.0 -9999.0 -9999.0 -9999.0 -9999.0 -9999.0 -9999.0 -9999.0 -9999.0 -9999.0 -9999.0 -9999.0 -9999.0 -9999.0 -9999.0 -9999.0 -9999.0 -9999.0 -9999.0 -9999.0 -9999.0 -9999.0 -9999.0 -9999.0 -9999.0 -9999.0 -9999.0 -9999.0 -9999.0 -9999.0 -9999.0 -9999.0 -9999.0 -9999.0 -9999.0 -9999.0 -9999.0 -9999.0 -9999.0 -9999.0 -9999.0 -9999.0 -9999.0 -9999.0 -9999.0 -9999.0 -9999.0 -9999.0 117.7 113.8 104.7 94.7 92.4
-9999.0 -9999.0 -9999.0 -9999.0 -9999.0 -9999.0 -9999.0 -9999.0 -9999.0 -9999.0 -9999.0 -9999.0 -9999.0 -9999.0 -9999.0 -9999.0 -9999.0 -9999.0 -9999.0 -9999.0 -9999.0 -9999.0 -9999.0 -9999.0 -9999.0 -9999.0 -9999.0 -9999.0 -9999.0 -9999.0 -9999.0 -9999.0 -9999.0 -9999.0 -9999.0 -9999.0 -9999.0 -9999.0 -9999.0 -9999.0 -9999.0 -9999.0 -9999.0 -9999.0 -9999.0 -9999.0 -9999.0 -9999.0 -9999.0 -9999.0 -9999.0 -9999.0 -9999.0 -9999.0 -9999.0 -9999.0 -9999.0 -9999.0 -9999.0 -9999.0 -9999.0 -9999.0 -9999.0 -9999.0 -9999.0 -9999.0 -9999.0 -9999.0 -9999.0 -9999.0 -9999.0 -9999.0 84.2 100.5 129.3 147.0 129.1 108.6
-9999.0 -9999.0 -9999.0 -9999.0 -9999.0 -9999.0 -9999.0 -9999.0 -9999.0 -9999.0 -9999.0 -9999.0 -9999.0 -9999.0 -9999.0 -9999.0 -9999.0 -9999.0 -9999.0 -9999.0 -9999.0 -9999.0 -9999.0 -9999.0 -9999.0 -9999.0 -9999.0 -9999.0 -9999.0 -9999.0 -9999.0 -9999.0 -9999.0 -9999.0 -9999.0 -9999.0 -9999.0 -9999.0 -9999.0 -9999.0 -9999.0 -9999.0 -9999.0 -9999.0 -9999.0 -9999.0 -9999.0 -9999.0 -9999.0 -9999.0 -9999.0 -9999.0 -9999.0 -9999.0 -9999.0 -9999.0 -9999.0 -9999.0 -9999.0 -9999.0 -9999.0 -9999.0 -9999.0 -9999.0 -9999.0 -9999.0 -9999.0 -9999.0 -9999.0 -9999.0 -9999.0 -9999.0 42.2 65.8 123.8 146.6 137.1 104.1
