program/excelProcessViaJava/data/SURF_CLI_CHN_PRE_MON_GRID_0.5-200705.txt
NCOLS      128
NROWS       72
XLLCORNER    72.000000000000    
YLLCORNER    18.000000000000    
CELLSIZE    0.50000000000000    
NODATA_VALUE   -9999.000    
[rows 34 to 67 of 72, columns 0 to 75 of 128]
-9999.0 -9999.0 -9999.0 -9999.0 35.7 25.8 43.9 20.7 47.9 40.0 10.3 25.2 14.1 12.5 3.9 4.1 4.3 4.2 3.3 1.9 1.0 0.7 0.7 1.2 4.3 8.4 5.7 7.1 8.1 9.5 10.7 13.5 13.0 13.7 14.9 13.6 16.7 19.6 13.8 8.9 12.8 4.9 3.9 2.9 2.6 2.1 1.4 0.8 0.7 1.3 3.3 8.3 24.4 22.7 21.1 23.3 26.9 36.7 48.6 47.5 49.7 31.6 24.6 23.0 14.7 7.1 9.3 5.7 5.8 11.4 14.4 28.2 41.5 45.5 42.5 36.2
-9999.0 -9999.0 -9999.0 -9999.0 -9999.0 -9999.0 -9999.0 26.5 34.8 23.3 41.6 36.1 17.3 17.9 15.3 3.9 5.7 3.6 2.7 2.3 3.8 6.4 7.1 6.7 6.9 7.6 9.8 11.5 13.1 16.1 17.0 17.9 18.2 19.5 21.5 19.2 23.0 21.3 25.8 26.7 15.6 27.8 23.5 14.5 8.0 4.9 4.2 2.8 3.6 3.6 6.5 13.3 24.5 42.7 40.3 26.0 26.5 35.3 50.3 60.4 57.3 40.1 30.1 29.0 24.7 9.4 7.6 8.6 7.1 10.6 15.5 29.8 43.6 46.0 40.5 33.5
-9999.0 -9999.0 -9999.0 -9999.0 -9999.0 -9999.0 -9999.0 58.9 20.4 33.8 36.3 24.0 25.3 31.1 18.7 29.3 13.2 10.7 15.7 8.4 7.5 10.5 9.1 9.9 10.3 11.8 13.2 17.2 16.7 17.8 21.5 22.6 23.1 25.9 23.5 24.0 23.1 25.9 26.3 26.1 27.8 28.1 28.3 32.1 19.1 12.2 11.8 11.4 18.2 18.8 33.6 37.8 36.6 43.0 50.0 38.1 36.6 43.6 55.1 61.7 66.6 66.0 51.8 48.4 30.7 14.6 9.0 9.4 16.4 12.6 20.8 34.5 44.2 44.1 35.2 32.8
-9999.0 -9999.0 -9999.0 -9999.0 -9999.0 -9999.0 -9999.0 -9999.0 -9999.0 32.2 27.2 21.0 29.8 24.8 17.8 13.6 16.4 28.1 15.9 21.5 14.7 11.4 11.7 12.9 14.1 15.2 18.3 20.4 20.8 25.9 23.2 25.6 26.4 28.1 25.3 25.2 24.8 26.6 26.5 29.1 29.7 32.8 32.2 29.2 28.7 25.6 23.8 23.2 25.9 30.6 39.4 44.6 49.2 52.2 58.2 51.4 47.6 53.0 63.1 69.4 71.1 67.1 64.1 55.5 41.4 23.0 15.9 17.3 28.1 24.3 31.7 37.1 40.4 39.4 37.3 27.5
-9999.0 -9999.0 -9999.0 -9999.0 -9999.0 -9999.0 -9999.0 -9999.0 -9999.0 -9999.0 -9999.0 34.8 13.9 29.2 19.8 20.4 17.0 14.6 13.6 15.3 19.1 15.9 17.7 17.0 23.9 22.6 26.0 27.6 28.3 28.4 29.5 33.3 30.4 30.5 28.7 32.1 27.7 27.7 34.2 30.2 34.1 34.8 35.3 34.6 36.8 32.2 35.0 33.1 37.4 42.0 46.9 54.5 60.5 65.5 68.6 66.0 63.5 67.7 73.8 78.7 75.6 72.2 68.7 64.3 53.0 34.5 29.6 36.2 44.7 49.3 46.8 46.1 38.1 31.3 26.5 28.0
-9999.0 -9999.0 -9999.0 -9999.0 -9999.0 -9999.0 -9999.0 -9999.0 -9999.0 -9999.0 -9999.0 -9999.0 15.5 13.6 23.5 15.9 28.3 18.1 17.9 27.1 15.3 18.6 20.8 20.8 37.1 26.9 26.7 32.6 32.9 38.4 35.1 34.7 34.6 36.5 35.0 31.8 34.7 28.9 27.4 27.9 30.5 34.2 37.5 40.1 40.1 40.0 41.0 41.2 45.9 52.5 61.9 68.9 73.1 74.8 76.2 76.4 76.8 78.6 87.5 84.7 83.5 73.2 67.7 67.2 62.1 64.0 55.8 67.0 77.5 83.5 58.8 39.8 35.3 32.8 34.6 58.6
-9999.0 -9999.0 -9999.0 -9999.0 -9999.0 -9999.0 -9999.0 -9999.0 -9999.0 -9999.0 -9999.0 -9999.0 35.8 10.9 8.3 18.4 10.0 13.3 22.5 20.9 21.5 26.1 26.6 25.0 24.1 29.0 31.2 30.1 34.3 33.7 38.0 41.9 39.0 37.2 36.4 32.2 33.0 30.5 27.7 27.5 29.4 33.8 39.2 42.5 44.4 45.7 46.8 50.3 56.2 63.1 70.9 78.6 82.0 83.8 81.9 83.4 86.6 89.8 98.3 98.5 92.9 83.0 76.6 79.2 70.8 78.6 59.1 71.6 86.2 101.9 118.8 133.2 126.3 84.2 71.1 54.2
-9999.0 -9999.0 -9999.0 -9999.0 -9999.0 -9999.0 -9999.0 -9999.0 -9999.0 -9999.0 -9999.0 -9999.0 -9999.0 17.5 27.4 8.6 16.1 12.3 13.0 15.5 20.8 19.9 29.1 24.9 28.8 38.6 39.7 44.3 40.3 39.7 37.5 37.7 42.5 41.4 34.5 31.9 28.8 27.1 32.0 26.9 28.4 33.3 38.8 43.5 47.1 49.8 51.4 55.5 61.9 69.6 76.9 82.5 84.3 86.4 83.7 83.6 89.5 94.7 93.7 97.5 94.5 93.3 92.9 97.7 60.6 75.7 92.2 92.5 110.8 109.7 78.1 96.1 120.6 111.9 109.6 83.2
-9999.0 -9999.0 -9999.0 -9999.0 -9999.0 -9999.0 -9999.0 -9999.0 -9999.0 -9999.0 -9999.0 -9999.0 20.9 33.3 25.5 12.9 27.2 19.2 20.1 14.0 17.0 20.7 26.6 27.9 29.0 39.1 37.3 35.0 35.5 37.8 37.6 35.6 43.1 38.4 36.8 31.2 29.9 22.9 21.0 22.0 27.6 33.3 38.7 44.6 47.8 49.7 53.0 59.4 63.9 69.1 73.1 77.9 78.0 77.6 73.5 75.3 82.2 104.4 102.7 107.7 105.6 106.8 115.3 124.0 118.5 95.0 48.3 70.8 122.8 165.1 172.5 157.2 133.0 101.4 91.0 85.7
-9999.0 -9999.0 -9999.0 -9999.0 -9999.0 -9999.0 -9999.0 -9999.0 -9999.0 -9999.0 -9999.0 -9999.0 33.2 10.0 13.3 41.4 32.6 13.8 15.1 23.9 18.1 27.1 29.4 31.1 29.4 28.7 29.5 29.3 29.9 29.0 30.1 33.4 39.7 34.1 32.2 29.7 23.7 20.4 18.1 18.1 22.1 29.6 38.5 45.0 48.0 48.1 47.4 49.8 53.9 61.6 61.3 64.2 61.0 56.9 57.3 60.2 71.7 86.1 101.5 108.2 116.4 127.1 134.5 125.3 109.1 52.6 74.1 60.8 83.5 114.9 144.3 160.4 163.6 171.5 166.3 141.4
-9999.0 -9999.0 -9999.0 -9999.0 -9999.0 -9999.0 -9999.0 -9999.0 -9999.0 -9999.0 -9999.0 -9999.0 8.2 26.4 9.8 13.7 13.8 34.1 22.9 25.7 40.7 43.5 32.4 38.3 33.7 39.3 32.9 37.1 24.7 24.5 25.4 34.1 30.2 29.4 28.8 26.8 22.0 18.0 15.3 16.6 20.2 30.7 35.8 52.8 47.6 43.8 42.6 41.9 44.4 44.6 45.5 44.4 61.5 65.9 56.9 47.8 62.9 80.6 97.6 108.3 121.3 135.7 165.2 122.7 55.8 35.2 38.5 63.4 97.4 121.5 145.9 185.1 196.8 200.1 219.0 191.6
-9999.0 -9999.0 -9999.0 -9999.0 -9999.0 -9999.0 -9999.0 -9999.0 -9999.0 -9999.0 -9999.0 -9999.0 -9999.0 57.3 42.9 17.0 21.0 18.8 32.2 38.4 61.0 38.6 45.7 47.9 32.9 32.1 27.0 21.6 22.9 16.4 23.9 24.5 28.7 26.9 27.6 29.8 23.8 15.9 14.5 15.4 20.4 28.4 35.7 41.4 48.1 43.6 38.6 37.2 35.1 35.0 33.7 44.2 43.9 37.0 56.1 62.2 56.0 72.5 96.6 127.8 138.8 188.0 171.3 73.6 44.2 33.1 43.5 80.2 113.6 132.7 152.4 175.1 194.0 204.9 201.1 204.8
-9999.0 -9999.0 -9999.0 -9999.0 -9999.0 -9999.0 -9999.0 -9999.0 -9999.0 -9999.0 -9999.0 -9999.0 -9999.0 7.1 45.0 21.3 46.4 21.8 26.5 35.8 63.3 60.4 60.1 49.5 29.3 29.9 26.0 16.6 14.8 29.0 23.1 23.0 21.5 24.8 28.9 26.3 18.5 15.0 16.0 23.7 22.3 29.5 36.9 41.9 43.9 41.6 38.3 35.8 32.5 32.8 38.8 35.6 45.6 57.3 68.0 67.3 64.0 78.8 106.9 95.3 149.7 113.4 69.4 67.1 42.4 28.8 38.2 73.2 98.1 115.0 137.3 160.5 180.7 189.0 191.8 189.3
-9999.0 -9999.0 -9999.0 -9999.0 -9999.0 -9999.0 -9999.0 -9999.0 -9999.0 -9999.0 -9999.0 -9999.0 -9999.0 -9999.0 -9999.0 28.7 24.8 36.7 32.2 30.0 57.8 45.8 43.1 44.1 43.0 34.4 45.1 24.1 30.3 11.3 14.7 14.8 27.1 27.6 23.7 30.7 29.9 12.8 15.7 19.8 27.4 33.3 38.2 42.8 50.8 57.3 43.5 52.1 41.3 51.1 46.1 59.9 54.2 58.6 47.3 71.1 83.2 71.4 126.6 155.8 100.4 81.1 93.8 69.1 42.5 25.8 29.2 50.2 67.4 86.2 111.8 139.6 146.1 158.7 178.2 172.8
-9999.0 -9999.0 -9999.0 -9999.0 -9999.0 -9999.0 -9999.0 -9999.0 -9999.0 -9999.0 -9999.0 -9999.0 -9999.0 -9999.0 -9999.0 -9999.0 -9999.0 1.3 10.9 -9999.0 23.5 55.6 38.0 36.6 47.1 36.3 48.9 26.7 11.1 16.1 9.2 6.8 27.5 14.5 12.7 17.9 31.5 10.1 17.2 21.9 28.0 37.1 39.7 44.3 80.4 69.6 153.7 55.1 66.5 62.6 82.0 72.6 69.7 76.3 81.6 88.8 85.5 120.1 138.5 166.8 94.3 101.2 102.8 78.4 48.0 31.9 34.5 45.8 58.7 72.2 105.9 113.4 128.0 145.4 155.0 156.9
-9999.0 -9999.0 -9999.0 -9999.0 -9999.0 -9999.0 -9999.0 -9999.0 -9999.0 -9999.0 -9999.0 -9999.0 -9999.0 -9999.0 -9999.0 -9999.0 -9999.0 -9999.0 -9999.0 -9999.0 -9999.0 42.5 55.4 79.4 51.7 26.9 21.1 14.9 11.0 4.0 4.7 2.6 7.2 12.8 11.5 16.6 14.0 13.0 12.9 14.8 20.2 39.1 44.8 48.0 83.8 65.3 203.6 98.0 79.1 119.8 97.6 102.7 105.4 92.3 91.4 103.0 112.1 114.3 171.3 171.8 113.2 108.9 104.4 78.5 55.4 45.4 53.1 60.5 68.7 72.0 85.0 103.1 120.3 153.0 160.8 150.2
-9999.0 -9999.0 -9999.0 -9999.0 -9999.0 -9999.0 -9999.0 -9999.0 -9999.0 -9999.0 -9999.0 -9999.0 -9999.0 -9999.0 -9999.0 -9999.0 -9999.0 -9999.0 -9999.0 -9999.0 -9999.0 -9999.0 -9999.0 22.6 44.0 34.4 26.5 20.9 24.2 7.5 7.9 11.8 34.8 24.9 33.1 28.5 32.3 17.6 27.4 32.7 33.9 45.0 41.9 50.0 89.4 212.5 142.8 140.6 167.7 170.0 138.5 128.8 129.9 121.8 101.8 79.2 105.6 137.6 128.9 180.1 142.7 143.7 126.0 73.6 57.9 56.0 71.2 76.2 74.7 72.4 87.0 99.2 122.0 133.2 162.6 151.9
-9999.0 -9999.0 -9999.0 -9999.0 -9999.0 -9999.0 -9999.0 -9999.0 -9999.0 -9999.0 -9999.0 -9999.0 -9999.0 -9999.0 -9999.0 -9999.0 -9999.0 -9999.0 -9999.0 -9999.0 -9999.0 -9999.0 -9999.0 -9999.0 -9999.0 12.5 24.8 78.2 52.5 70.8 28.6 13.8 17.5 30.9 25.5 44.1 66.5 27.0 40.1 28.7 46.7 38.4 53.7 70.2 155.6 225.2 211.2 295.2 141.7 180.3 149.3 158.8 152.3 140.9 108.5 90.3 102.5 112.4 154.1 177.4 190.3 178.5 237.7 70.9 61.9 65.9 77.8 97.0 107.8 102.7 83.4 94.9 127.8 119.8 131.6 156.0
-9999.0 -9999.0 -9999.0 -9999.0 -9999.0 -9999.0 -9999.0 -9999.0 -9999.0 -9999.0 -9999.0 -9999.0 -9999.0 -9999.0 -9999.0 -9999.0 -9999.0 -9999.0 -9999.0 -9999.0 -9999.0 -9999.0 -9999.0 -9999.0 -9999.0 -9999.0 -9999.0 10.0 9.2 16.0 15.2 16.4 60.8 19.5 44.4 12.2 27.7 24.1 16.0 26.3 40.5 34.8 66.7 132.1 176.3 231.2 282.3 314.7 332.1 239.5 280.1 252.4 172.5 151.7 121.4 104.9 103.0 117.6 144.6 160.7 160.1 182.9 117.6 94.7 116.2 94.9 86.9 78.1 78.7 77.9 77.7 90.6 107.7 106.4 138.5 163.0
-9999.0 -9999.0 -9999.0 -9999.0 -9999.0 -9999.0 -9999.0 -9999.0 -9999.0 -9999.0 -9999.0 -9999.0 -9999.0 -9999.0 -9999.0 -9999.0 -9999.0 -9999.0 -9999.0 -9999.0 -9999.0 -9999.0 -9999.0 -9999.0 -9999.0 -9999.0 -9999.0 -9999.0 -9999.0 -9999.0 -9999.0 -9999.0 -9999.0 16.5 43.5 -9999.0 -9999.0 -9999.0 23.2 27.9 34.8 55.1 68.5 143.1 195.3 236.7 -9999.0 -9999.0 -9999.0 -9999.0 -9999.0 -9999.0 202.2 157.5 147.9 133.1 124.4 134.4 139.6 150.8 160.3 160.5 120.6 101.2 100.9 111.8 121.5 120.7 93.3 70.6 74.8 92.2 98.7 103.4 113.2 156.6
-9999.0 -9999.0 -9999.0 -9999.0 -9999.0 -9999.0 -9999.0 -9999.0 -9999.0 -9999.0 -9999.0 -9999.0 -9999.0 -9999.0 -9999.0 -9999.0 -9999.0 -9999.0 -9999.0 -9999.0 -9999.0 -9999.0 -9999.0 -9999.0 -9999.0 -9999.0 -9999.0 -9999.0 -9999.0 -9999.0 -9999.0 -9999.0 -9999.0 -9999.0 -9999.0 -9999.0 -9999.0 -9999.0 -9999.0 50.1 65.7 87.6 115.5 148.5 -9999.0 -9999.0 -9999.0 -9999.0 -9999.0 -9999.0 -9999.0 -9999.0 202.6 166.3 149.7 149.3 146.5 139.8 134.5 139.6 144.0 130.7 115.2 98.6 118.4 143.8 158.3 116.3 87.1 87.5 92.0 107.3 111.4 113.2 136.7 146.8
-9999.0 -9999.0 -9999.0 -9999.0 -9999.0 -9999.0 -9999.0 -9999.0 -9999.0 -9999.0 -9999.0 -9999.0 -9999.0 -9999.0 -9999.0 -9999.0 -9999.0 -9999.0 -9999.0 -9999.0 -9999.0 -9999.0 -9999.0 -9999.0 -9999.0 -9999.0 -9999.0 -9999.0 -9999.0 -9999.0 -9999.0 -9999.0 -9999.0 -9999.0 -9999.0 -9999.0 -9999.0 -9999.0 -9999.0 -9999.0 -9999.0 -9999.0 -9999.0 -9999.0 -9999.0 -9999.0 -9999.0 -9999.0 -9999.0 -9999.0 -9999.0 -9999.0 272.0 174.5 157.7 150.3 149.8 141.5 132.9 130.5 125.3 112.2 139.4 94.6 112.5 132.4 125.7 107.1 89.9 85.4 93.9 118.5 149.0 137.4 140.9 155.3
-9999.0 -9999.0 -9999.0 -9999.0 -9999.0 -9999.0 -9999.0 -9999.0 -9999.0 -9999.0 -9999.0 -9999.0 -9999.0 -9999.0 -9999.0 -9999.0 -9999.0 -9999.0 -9999.0 -9999.0 -9999.0 -9999.0 -9999.0 -9999.0 -9999.0 -9999.0 -9999.0 -9999.0 -9999.0 -9999.0 -9999.0 -9999.0 -9999.0 -9999.0 -9999.0 -9999.0 -9999.0 -9999.0 -9999.0 -9999.0 -9999.0 -9999.0 -9999.0 -9999.0 -9999.0 -9999.0 -9999.0 -9999.0 -9999.0 -9999.0 -9999.0 292.9 213.9 177.6 148.6 149.8 146.6 144.3 132.1 114.4 102.9 91.4 93.4 93.4 109.1 129.5 123.9 95.4 93.8 82.9 90.6 115.2 134.0 155.1 169.2 163.3
-9999.0 -9999.0 -9999.0 -9999.0 -9999.0 -9999.0 -9999.0 -9999.0 -9999.0 -9999.0 -9999.0 -9999.0 -9999.0 -9999.0 -9999.0 -9999.0 -9999.0 -9999.0 -9999.0 -9999.0 -9999.0 -9999.0 -9999.0 -9999.0 -9999.0 -9999.0 -9999.0 -9999.0 -9999.0 -9999.0 -9999.0 -9999.0 -9999.0 -9999.0 -9999.0 -9999.0 -9999.0 -9999.0 -9999.0 -9999.0 -9999.0 -9999.0 -9999.0 -9999.0 -9999.0 -9999.0 -9999.0 -9999.0 -9999.0 -9999.0 301.0 252.2 208.0 181.3 160.9 154.6 144.5 135.6 128.3 109.5 94.5 82.1 86.0 91.2 107.3 124.5 135.7 113.4 107.0 91.8 104.2 124.8 153.5 175.3 179.9 167.7
-9999.0 -9999.0 -9999.0 -9999.0 -9999.0 -9999.0 -9999.0 -9999.0 -9999.0 -9999.0 -9999.0 -9999.0 -9999.0 -9999.0 -9999.0 -9999.0 -9999.0 -9999.0 -9999.0 -9999.0 -9999.0 -9999.0 -9999.0 -9999.0 -9999.0 -9999.0 -9999.0 -9999.0 -9999.0 -9999.0 -9999.0 -9999.0 -9999.0 -9999.0 -9999.0 -9999.0 -9999.0 -9999.0 -9999.0 -9999.0 -9999.0 -9999.0 -9999.0 -9999.0 -9999.0 -9999.0 -9999.0 -9999.0 -9999.0 -9999.0 261.8 233.2 250.2 196.7 178.6 167.0 160.3 145.8 128.9 110.3 98.1 88.4 86.9 86.5 98.1 108.5 123.5 106.0 103.5 103.7 128.9 163.0 191.5 199.9 191.3 172.4
-9999.0 -9999.0 -9999.0 -9999.0 -9999.0 -9999.0 -9999.0 -9999.0 -9999.0 -9999.0 -9999.0 -9999.0 -9999.0 -9999.0 -9999.0 -9999.0 -9999.0 -9999.0 -9999.0 -9999.0 -9999.0 -9999.0 -9999.0 -9999.0 -9999.0 -9999.0 -9999.0 -9999.0 -9999.0 -9999.0 -9999.0 -9999.0 -9999.0 -9999.0 -9999.0 -9999.0 -9999.0 -9999.0 -9999.0 -9999.0 -9999.0 -9999.0 -9999.0 -9999.0 -9999.0 -9999.0 -9999.0 -9999.0 -9999.0 -9999.0 212.9 235.6 245.3 212.8 203.4 186.3 174.2 154.0 137.3 116.4 107.3 100.9 90.2 80.1 90.0 112.3 112.8 98.6 95.3 124.8 148.9 199.1 215.5 221.3 197.3 184.7
-9999.0 -9999.0 -9999.0 -9999.0 -9999.0 -9999.0 -9999.0 -9999.0 -9999.0 -9999.0 -9999.0 -9999.0 -9999.0 -9999.0 -9999.0 -9999.0 -9999.0 -9999.0 -9999.0 -9999.0 -9999.0 -9999.0 -9999.0 -9999.0 -9999.0 -9999.0 -9999.0 -9999.0 -9999.0 -9999.0 -9999.0 -9999.0 -9999.0 -9999.0 -9999.0 -9999.0 -9999.0 -9999.0 -9999.0 -9999.0 -9999.0 -9999.0 -9999.0 -9999.0 -9999.0 -9999.0 -9999.0 -9999.0 -9999.0 -9999.0 193.3 224.6 234.8 235.1 219.9 205.5 166.7 157.0 140.8 118.7 127.3 121.8 104.1 97.2 104.1 124.2 147.1 128.1 141.0 108.2 162.8 198.3 218.1 220.4 193.9 195.9
-9999.0 -9999.0 -9999.0 -9999.0 -9999.0 -9999.0 -9999.0 -9999.0 -9999.0 -9999.0 -9999.0 -9999.0 -9999.0 -9999.0 -9999.0 -9999.0 -9999.0 -9999.0 -9999.0 -9999.0 -9999.0 -9999.0 -9999.0 -9999.0 -9999.0 -9999.0 -9999.0 -9999.0 -9999.0 -9999.0 -9999.0 -9999.0 -9999.0 -9999.0 -9999.0 -9999.0 -9999.0 -9999.0 -9999.0 -9999.0 -9999.0 -9999.0 -9999.0 -9999.0 -9999.0 -9999.0 -9999.0 -9999.0 -9999.0 -9999.0 -9999.0 -9999.0 -9999.0 240.6 231.2 205.2 179.2 163.3 119.7 129.2 198.7 156.0 182.8 158.9 143.7 142.9 170.8 125.2 151.0 165.3 179.4 184.4 181.2 181.3 183.8 177.4
-9999.0 -9999.0 -9999.0 -9999.0 -9999.0 -9999.0 -9999.0 -9999.0 -9999.0 -9999.0 -9999.0 -9999.0 -9999.0 -9999.0 -9999.0 -9999.0 -9999.0 -9999.0 -9999.0 -9999.0 -9999.0 -9999.0 -9999.0 -9999.0 -9999.0 -9999.0 -9999.0 -9999.0 -9999.0 -9999.0 -9999.0 -9999.0 -9999.0 -9999.0 -9999.0 -9999.0 -9999.0 -9999.0 -9999.0 -9999.0 -9999.0 -9999.0 -9999.0 -9999.0 -9999.0 -9999.0 -9999.0 -9999.0 -9999.0 -9999.0 -9999.0 -9999.0 -9999.0 232.4 217.9 253.8 181.4 142.1 149.2 214.1 204.5 212.5 301.7 225.5 197.5 172.6 123.0 190.0 150.1 172.0 175.0 167.3 164.7 170.9 178.5 201.1
-9999.0 -9999.0 -9999.0 -9999.0 -9999.0 -9999.0 -9999.0 -9999.0 -9999.0 -9999.0 -9999.0 -9999.0 -9999.0 -9999.0 -9999.0 -9999.0 -9999.0 -9999.0 -9999.0 -9999.0 -9999.0 -9999.0 -9999.0 -9999.0 -9999.0 -9999.0 -9999.0 -9999.0 -9999.0 -9999.0 -9999.0 -9999.0 -9999.0 -9999.0 -9999.0 -9999.0 -9999.0 -9999.0 -9999.0 -9999.0 -9999.0 -9999.0 -9999.0 -9999.0 -9999.0 -9999.0 -9999.0 -9999.0 -9999.0 -9999.0 -9999.0 -9999.0 -9999.0 228.8 186.7 238.0 212.2 174.6 181.0 197.3 281.8 322.0 407.5 387.3 201.5 -9999.0 -9999.0 -9999.0 193.8 167.3 172.9 181.7 184.3 188.9 200.2 241.8
-9999.0 -9999.0 -9999.0 -9999.0 -9999.0 -9999.0 -9999.0 -9999.0 -9999.0 -9999.0 -9999.0 -9999.0 -9999.0 -9999.0 -9999.0 -9999.0 -9999.0 -9999.0 -9999.0 -9999.0 -9999.0 -9999.0 -9999.0 -9999.0 -9999.0 -9999.0 -9999.0 -9999.0 -9999.0 -9999.0 -9999.0 -9999.0 -9999.0 -9999.0 -9999.0 -9999.0 -9999.0 -9999.0 -9999.0 -9999.0 -9999.0 -9999.0 -9999.0 -9999.0 -9999.0 -9999.0 -9999.0 -9999.0 -9999.0 -9999.0 -9999.0 -9999.0 -9999.0 -9999.0 238.8 239.9 191.6 168.7 226.0 295.0 224.9 -9999.0 -9999.0 -9999.0 -9999.0 -9999.0 -9999.0 -9999.0 154.9 178.5 221.1 166.1 169.1 196.9 206.5 228.7
-9999.0 -9999.0 -9999.0 -9999.0 -9999.0 -9999.0 -9999.0 -9999.0 -9999.0 -9999.0 -9999.0 -9999.0 -9999.0 -9999.0 -9999.0 -9999.0 -9999.0 -9999.0 -9999.0 -9999.0 -9999.0 -9999.0 -9999.0 -9999.0 -9999.0 -9999.0 -9999.0 -9999.0 -9999.0 -9999.0 -9999.0 -9999.0 -9999.0 -9999.0 -9999.0 -9999.0 -9999.0 -9999.0 -9999.0 -9999.0 -9999.0 -9999.0 -9999.0 -9999.0 -9999.0 -9999.0 -9999.0 -9999.0 -9999.0 -9999.0 -9999.0 -9999.0 -9999.0 -9999.0 -9999.0 233.0 319.2 234.6 204.7 266.4 272.7 -9999.0 -9999.0 -9999.0 -9999.0 -9999.0 -9999.0 -9999.0 -9999.0 -9999.0 141.8 -9999.0 -9999.0 -9999.0 -9999.0 -9999.0
-9999.0 -9999.0 -9999.0 -9999.0 -9999.0 -9999.0 -9999.0 -9999.0 -9999.0 -9999.0 -9999.0 -9999.0 -9999.0 -9999.0 -9999.0 -9999.0 -9999.0 -9999.0 -9999.0 -9999.0 -9999.0 -9999.0 -9999.0 -9999.0 -9999.0 -9999.0 -9999.0 -9999.0 -9999.0 -9999.0 -9999.0 -9999.0 -9999.0 -9999.0 -9999.0 -9999.0 -9999.0 -9999.0 -9999.0 -9999.0 -9999.0 -9999.0 -9999.0 -9999.0 -9999.0 -9999.0 -9999.0 -9999.0 -9999.0 -9999.0 -9999.0 -9999.0 -9999.0 -9999.0 -9999.0 -9999.0 -9999.0 -9999.0 263.9 230.9 -9999.0 -9999.0 -9999.0 -9999.0 -9999.0 -9999.0 -9999.0 -9999.0 -9999.0 -9999.0 -9999.0 -9999.0 -9999.0 -9999.0 -9999.0 166.3
-9999.0 -9999.0 -9999.0 -9999.0 -9999.0 -9999.0 -9999.0 -9999.0 -9999.0 -9999.0 -9999.0 -9999.0 -9999.0 -9999.0 -9999.0 -9999.0 -9999.0 -9999.0 -9999.0 -9999.0 -9999.0 -9999.0 -9999.0 -9999.0 -9999.0 -9999.0 -9999.0 -9999.0 -9999.0 -9999.0 -9999.0 -9999.0 -9999.0 -9999.0 -9999.0 -9999.0 -9999.0 -9999.0 -9999.0 -9999.0 -9999.0 -9999.0 -9999.0 -9999.0 -9999.0 -9999.0 -9999.0 -9999.0 -9999.0 -9999.0 -9999.0 -9999.0 -9999.0 -9999.0 -9999.0 -9999.0 -9999.0 -9999.0 -9999.0 -9999.0 -9999.0 -9999.0 -9999.0 -9999.0 -9999.0 -9999.0 -9999.0 -9999.0 -9999.0 -9999.0 -9999.0 -9999.0 -9999.0 -9999.0 -9999.0 -9999.0
