program/excelProcessViaJava/data/SURF_CLI_CHN_PRE_MON_GRID_0.5-198710.txt
NCOLS      128
NROWS       72
XLLCORNER    72.000000000000    
YLLCORNER    18.000000000000    
CELLSIZE    0.50000000000000    
NODATA_VALUE   -9999.000    
[rows 34 to 67 of 72, columns 0 to 76 of 128]
-9999.0 -9999.0 -9999.0 -9999.0 24.3 23.8 19.8 21.1 13.5 10.6 14.9 5.8 5.2 3.3 9.0 8.3 7.5 12.5 15.1 14.9 11.6 10.0 7.2 1.5 0.3 0.3 0.6 1.2 2.2 3.6 5.5 7.5 9.4 10.8 11.7 11.1 10.8 10.0 6.1 3.3 2.8 1.2 0.8 0.6 0.5 0.5 0.6 0.8 1.6 3.8 5.8 6.1 8.5 3.4 2.4 4.3 7.1 10.1 10.8 5.9 9.5 8.6 8.2 7.6 5.8 4.4 11.9 9.2 12.9 28.3 25.7 37.0 48.4 59.8 65.2 68.4 64.3
-9999.0 -9999.0 -9999.0 -9999.0 -9999.0 -9999.0 -9999.0 20.0 14.4 13.0 6.8 4.4 4.1 2.1 1.2 8.7 2.3 6.1 7.4 3.1 0.4 0.1 0.1 0.2 0.3 0.5 0.7 1.4 2.5 4.1 6.3 8.8 11.2 13.1 14.5 14.2 14.1 11.8 10.7 8.4 3.4 5.2 3.7 2.1 1.3 0.7 1.4 1.6 4.1 3.7 4.7 5.9 6.3 17.0 11.0 3.5 4.4 5.5 10.6 7.2 10.3 7.8 8.0 8.7 12.3 10.2 15.7 20.9 21.2 30.4 33.5 41.5 56.7 66.1 66.9 68.9 61.7
-9999.0 -9999.0 -9999.0 -9999.0 -9999.0 -9999.0 -9999.0 16.5 18.6 10.6 6.7 5.2 2.7 1.1 0.8 0.3 0.4 0.3 0.1 0.2 0.2 0.1 0.2 0.2 0.4 0.5 0.9 1.4 3.1 5.1 7.2 9.9 12.8 15.1 16.7 17.2 16.3 15.1 12.5 9.1 6.5 4.5 3.9 7.3 3.8 2.6 5.2 8.1 19.0 17.6 30.9 26.0 11.6 12.1 17.5 5.3 5.5 7.9 10.4 10.8 10.5 12.5 14.2 17.9 18.6 19.9 21.2 22.4 34.3 36.4 45.0 51.9 59.9 67.2 59.4 72.4 67.2
-9999.0 -9999.0 -9999.0 -9999.0 -9999.0 -9999.0 -9999.0 -9999.0 -9999.0 10.8 7.7 5.5 2.2 1.1 0.7 0.5 0.2 0.1 0.1 0.0 0.1 0.1 0.2 0.2 0.4 0.6 0.9 1.8 3.6 5.0 8.7 11.4 14.4 16.9 19.1 19.9 19.4 18.0 15.2 12.3 8.5 6.3 4.7 4.5 7.1 9.8 13.9 17.8 22.9 26.0 31.0 26.2 20.1 14.9 20.8 9.2 6.8 8.5 11.4 10.8 10.9 12.0 15.2 23.9 26.4 26.5 23.8 24.7 37.5 45.7 54.5 53.0 52.9 60.5 71.2 60.5 69.1
-9999.0 -9999.0 -9999.0 -9999.0 -9999.0 -9999.0 -9999.0 -9999.0 -9999.0 -9999.0 -9999.0 3.8 4.3 0.9 0.6 0.3 0.2 0.1 0.1 0.1 0.0 0.1 0.1 0.2 0.2 0.4 0.7 1.5 3.1 5.7 8.6 11.2 15.5 18.5 21.1 22.0 22.4 21.2 20.3 15.9 13.1 9.1 6.7 6.5 11.6 12.3 23.3 24.7 31.2 31.8 26.6 25.7 23.5 23.9 26.4 18.3 13.0 14.3 13.0 12.1 11.9 12.8 17.1 22.8 25.2 24.7 20.8 25.9 35.0 46.2 55.2 54.8 47.6 46.6 49.1 64.8 76.9
-9999.0 -9999.0 -9999.0 -9999.0 -9999.0 -9999.0 -9999.0 -9999.0 -9999.0 -9999.0 -9999.0 -9999.0 3.7 2.1 0.5 0.4 0.1 0.1 0.1 0.0 0.1 0.1 0.1 0.2 0.1 0.4 0.9 1.3 2.9 4.4 8.2 12.0 15.6 18.3 21.1 23.3 23.6 23.3 21.3 18.1 14.6 11.3 9.1 10.0 12.1 17.3 25.2 25.5 29.8 31.2 37.3 34.1 26.1 20.3 21.3 22.2 21.6 23.0 15.2 16.4 14.2 13.9 15.0 19.4 24.5 29.2 25.7 29.9 36.2 45.1 55.7 55.4 50.4 54.6 70.9 101.4 85.6
-9999.0 -9999.0 -9999.0 -9999.0 -9999.0 -9999.0 -9999.0 -9999.0 -9999.0 -9999.0 -9999.0 -9999.0 2.0 2.8 2.0 0.3 0.4 0.1 0.0 0.0 0.0 0.0 0.0 0.1 0.3 0.4 0.7 1.9 2.9 5.6 7.7 10.2 14.5 18.0 20.4 22.8 23.1 23.2 21.8 19.0 15.2 12.0 11.7 10.3 14.3 21.0 23.2 25.7 22.2 28.2 27.0 29.1 22.0 23.4 16.3 21.9 21.0 24.3 20.5 19.7 18.5 17.5 17.7 21.2 23.2 27.3 23.1 33.1 40.7 48.4 60.0 80.9 97.3 99.8 113.4 110.3 95.4
-9999.0 -9999.0 -9999.0 -9999.0 -9999.0 -9999.0 -9999.0 -9999.0 -9999.0 -9999.0 -9999.0 -9999.0 -9999.0 1.8 0.5 0.9 0.2 0.2 0.1 0.1 0.0 0.1 0.0 0.2 0.2 0.2 0.4 0.6 1.8 3.8 7.2 10.7 12.5 15.4 19.3 20.7 21.4 21.1 20.0 17.4 14.2 12.2 10.7 13.0 14.0 17.1 23.7 29.1 31.1 29.5 28.1 22.3 19.6 34.6 26.6 23.4 23.0 28.9 34.3 29.3 26.4 23.3 23.5 24.7 15.8 22.2 31.3 45.3 57.1 65.6 69.7 77.5 99.7 122.1 135.2 128.7 110.9
-9999.0 -9999.0 -9999.0 -9999.0 -9999.0 -9999.0 -9999.0 -9999.0 -9999.0 -9999.0 -9999.0 -9999.0 4.3 1.4 0.6 0.6 0.1 0.1 0.1 0.1 0.1 0.1 0.1 0.2 0.3 0.2 0.4 0.9 1.9 3.2 5.8 9.6 10.3 13.8 15.1 16.8 16.5 17.7 16.0 13.2 12.3 12.7 13.8 10.0 13.7 18.3 21.4 22.0 24.8 26.0 32.0 36.6 23.8 26.2 19.1 19.4 27.9 23.3 33.5 32.1 32.8 33.6 30.9 33.7 30.1 28.2 45.6 65.0 75.0 82.0 95.0 107.0 109.7 97.0 106.6 112.2 106.6
-9999.0 -9999.0 -9999.0 -9999.0 -9999.0 -9999.0 -9999.0 -9999.0 -9999.0 -9999.0 -9999.0 -9999.0 4.9 5.5 2.0 0.4 0.2 0.3 0.2 0.1 0.2 0.1 0.1 0.2 0.4 0.6 0.7 1.2 1.8 3.4 5.5 7.6 8.5 12.1 12.8 12.4 13.4 12.9 11.7 9.4 7.4 6.6 7.1 9.1 12.7 17.9 25.3 27.9 29.0 22.7 24.3 31.7 21.9 15.6 13.8 11.5 20.2 29.2 31.9 40.9 44.3 46.4 33.6 30.0 29.8 37.8 44.3 76.4 93.3 101.6 106.6 109.1 107.3 129.8 140.8 112.1 87.5
-9999.0 -9999.0 -9999.0 -9999.0 -9999.0 -9999.0 -9999.0 -9999.0 -9999.0 -9999.0 -9999.0 -9999.0 15.7 4.5 4.8 1.7 0.8 0.2 0.2 0.1 0.1 0.1 0.2 0.2 0.4 0.3 0.5 0.5 1.6 2.4 3.9 4.4 7.9 10.0 9.8 8.6 8.8 8.9 8.6 6.5 5.7 6.7 8.7 10.1 13.8 21.3 27.5 27.8 26.2 28.3 30.8 26.5 44.9 43.6 26.1 9.3 17.8 28.0 37.0 35.1 38.6 41.0 56.8 32.5 31.9 61.6 61.1 67.8 79.0 83.7 85.4 105.7 109.0 128.8 148.7 123.5 125.5
-9999.0 -9999.0 -9999.0 -9999.0 -9999.0 -9999.0 -9999.0 -9999.0 -9999.0 -9999.0 -9999.0 -9999.0 -9999.0 7.3 3.9 3.2 1.3 0.9 0.4 0.3 0.2 0.3 0.3 0.4 0.8 0.8 1.0 1.3 1.0 2.2 1.9 3.3 4.6 6.5 5.8 4.2 4.6 6.7 6.6 6.4 6.3 8.1 11.8 14.5 18.1 22.3 27.8 29.0 34.7 36.2 34.0 41.1 34.5 20.4 30.9 28.9 15.3 22.5 36.6 55.8 53.7 80.0 55.3 30.1 56.5 55.1 47.5 48.3 57.1 67.3 70.0 70.3 95.2 61.6 99.7 77.2 65.1
-9999.0 -9999.0 -9999.0 -9999.0 -9999.0 -9999.0 -9999.0 -9999.0 -9999.0 -9999.0 -9999.0 -9999.0 -9999.0 29.4 8.8 7.2 3.1 3.1 2.0 1.3 1.0 1.1 1.2 1.5 3.6 2.6 2.1 2.5 1.7 0.9 1.1 1.6 2.8 3.3 2.7 2.7 3.9 5.4 5.3 5.6 7.0 9.4 13.5 18.1 24.5 27.0 30.9 34.0 35.0 36.7 41.7 34.6 38.7 41.2 41.9 32.2 23.1 29.8 45.6 37.1 61.6 39.6 39.6 57.4 51.6 42.3 33.7 36.8 47.8 56.0 60.6 67.9 71.3 82.1 92.6 104.2 111.1
-9999.0 -9999.0 -9999.0 -9999.0 -9999.0 -9999.0 -9999.0 -9999.0 -9999.0 -9999.0 -9999.0 -9999.0 -9999.0 -9999.0 -9999.0 15.4 12.4 7.9 7.4 8.1 5.6 7.1 8.2 8.0 7.2 6.8 4.0 3.3 1.9 1.4 1.0 1.0 1.4 1.6 1.7 1.9 2.4 6.0 5.8 6.1 7.1 10.2 14.5 20.1 31.6 42.7 34.2 43.2 36.4 34.6 36.5 48.7 38.6 36.1 22.0 30.6 34.0 33.0 59.1 73.7 49.5 50.2 67.0 56.4 45.5 36.3 33.6 41.6 54.0 62.8 69.1 75.9 100.0 101.7 95.4 127.6 127.1
-9999.0 -9999.0 -9999.0 -9999.0 -9999.0 -9999.0 -9999.0 -9999.0 -9999.0 -9999.0 -9999.0 -9999.0 -9999.0 -9999.0 -9999.0 -9999.0 -9999.0 143.6 52.5 -9999.0 36.7 21.3 29.4 29.7 21.2 19.6 12.4 9.3 6.5 2.9 1.6 1.3 1.8 1.7 2.8 1.8 2.7 8.4 4.9 5.5 6.6 10.0 13.4 19.7 67.6 51.3 120.3 36.4 36.9 34.3 31.0 33.1 28.2 34.7 34.1 35.0 32.7 53.7 68.0 84.5 56.5 58.5 60.3 51.8 40.0 34.8 40.3 52.6 68.6 76.5 80.4 104.6 117.6 107.1 118.1 144.3 147.4
-9999.0 -9999.0 -9999.0 -9999.0 -9999.0 -9999.0 -9999.0 -9999.0 -9999.0 -9999.0 -9999.0 -9999.0 -9999.0 -9999.0 -9999.0 -9999.0 -9999.0 -9999.0 -9999.0 -9999.0 -9999.0 63.8 56.6 47.1 51.3 62.7 49.3 34.0 18.9 12.1 5.3 6.5 4.3 3.7 4.7 3.1 3.6 5.0 7.2 9.8 8.2 8.9 12.4 16.6 66.8 34.2 150.0 46.8 36.0 70.1 28.9 41.6 38.6 20.7 23.5 33.6 41.5 49.8 81.6 95.0 55.3 49.7 45.4 39.1 37.5 40.4 52.9 67.4 84.0 91.8 100.8 120.7 133.2 122.5 120.3 138.0 150.2
-9999.0 -9999.0 -9999.0 -9999.0 -9999.0 -9999.0 -9999.0 -9999.0 -9999.0 -9999.0 -9999.0 -9999.0 -9999.0 -9999.0 -9999.0 -9999.0 -9999.0 -9999.0 -9999.0 -9999.0 -9999.0 -9999.0 -9999.0 198.2 124.3 120.3 103.8 75.2 43.6 32.4 18.9 14.1 15.6 12.5 12.0 9.9 9.2 7.9 7.9 8.1 7.1 9.8 8.9 17.1 60.0 163.1 75.8 55.3 58.7 51.7 23.5 27.1 16.5 15.6 12.7 13.3 31.1 55.3 67.1 97.7 68.9 62.1 47.6 28.1 30.0 44.3 65.0 80.5 87.2 102.8 119.0 142.6 160.2 168.4 151.3 157.6 183.6
-9999.0 -9999.0 -9999.0 -9999.0 -9999.0 -9999.0 -9999.0 -9999.0 -9999.0 -9999.0 -9999.0 -9999.0 -9999.0 -9999.0 -9999.0 -9999.0 -9999.0 -9999.0 -9999.0 -9999.0 -9999.0 -9999.0 -9999.0 -9999.0 -9999.0 382.8 240.6 114.0 93.8 77.6 56.4 50.6 47.2 41.2 38.6 31.3 32.5 19.9 18.7 12.6 14.0 7.7 39.9 40.3 117.0 156.0 112.6 161.5 26.5 35.4 22.4 16.2 18.0 14.3 9.0 10.1 23.5 37.1 68.1 89.5 95.2 75.5 93.9 23.6 28.7 44.2 64.6 79.1 96.4 113.5 132.0 159.0 168.6 194.2 199.3 191.6 202.2
-9999.0 -9999.0 -9999.0 -9999.0 -9999.0 -9999.0 -9999.0 -9999.0 -9999.0 -9999.0 -9999.0 -9999.0 -9999.0 -9999.0 -9999.0 -9999.0 -9999.0 -9999.0 -9999.0 -9999.0 -9999.0 -9999.0 -9999.0 -9999.0 -9999.0 -9999.0 -9999.0 501.5 448.3 236.7 182.8 153.2 105.3 129.7 92.3 136.6 62.0 47.5 44.5 23.7 18.2 13.8 54.1 112.6 124.2 142.5 155.6 152.7 143.5 57.5 86.8 70.4 10.7 10.0 8.1 11.7 16.6 29.0 57.4 69.8 54.8 73.3 36.8 33.3 42.6 45.6 65.7 87.5 104.3 117.2 131.8 163.7 152.9 184.0 178.4 199.7 248.7
-9999.0 -9999.0 -9999.0 -9999.0 -9999.0 -9999.0 -9999.0 -9999.0 -9999.0 -9999.0 -9999.0 -9999.0 -9999.0 -9999.0 -9999.0 -9999.0 -9999.0 -9999.0 -9999.0 -9999.0 -9999.0 -9999.0 -9999.0 -9999.0 -9999.0 -9999.0 -9999.0 -9999.0 -9999.0 -9999.0 -9999.0 -9999.0 -9999.0 280.5 182.9 -9999.0 -9999.0 -9999.0 109.1 49.2 52.7 65.8 48.0 120.1 137.3 133.9 -9999.0 -9999.0 -9999.0 -9999.0 -9999.0 -9999.0 23.5 9.1 15.0 17.2 21.5 33.1 45.3 50.4 54.8 57.4 40.0 34.4 33.4 44.8 72.4 108.9 130.3 125.1 121.5 153.9 173.1 136.4 167.5 181.8 233.3
-9999.0 -9999.0 -9999.0 -9999.0 -9999.0 -9999.0 -9999.0 -9999.0 -9999.0 -9999.0 -9999.0 -9999.0 -9999.0 -9999.0 -9999.0 -9999.0 -9999.0 -9999.0 -9999.0 -9999.0 -9999.0 -9999.0 -9999.0 -9999.0 -9999.0 -9999.0 -9999.0 -9999.0 -9999.0 -9999.0 -9999.0 -9999.0 -9999.0 -9999.0 -9999.0 -9999.0 -9999.0 -9999.0 -9999.0 203.0 172.2 153.5 140.0 128.7 -9999.0 -9999.0 -9999.0 -9999.0 -9999.0 -9999.0 -9999.0 -9999.0 21.6 11.7 14.1 25.3 33.1 36.8 37.7 40.2 42.5 40.6 32.7 26.0 28.0 40.9 72.9 119.6 153.1 175.7 170.6 161.8 129.3 146.3 104.8 148.4 186.5
-9999.0 -9999.0 -9999.0 -9999.0 -9999.0 -9999.0 -9999.0 -9999.0 -9999.0 -9999.0 -9999.0 -9999.0 -9999.0 -9999.0 -9999.0 -9999.0 -9999.0 -9999.0 -9999.0 -9999.0 -9999.0 -9999.0 -9999.0 -9999.0 -9999.0 -9999.0 -9999.0 -9999.0 -9999.0 -9999.0 -9999.0 -9999.0 -9999.0 -9999.0 -9999.0 -9999.0 -9999.0 -9999.0 -9999.0 -9999.0 -9999.0 -9999.0 -9999.0 -9999.0 -9999.0 -9999.0 -9999.0 -9999.0 -9999.0 -9999.0 -9999.0 -9999.0 55.9 16.1 21.2 26.3 39.5 40.9 40.2 44.2 44.5 39.7 43.1 22.8 25.6 40.7 74.9 122.8 172.6 194.2 181.5 167.3 210.2 135.5 123.9 130.2 160.1
-9999.0 -9999.0 -9999.0 -9999.0 -9999.0 -9999.0 -9999.0 -9999.0 -9999.0 -9999.0 -9999.0 -9999.0 -9999.0 -9999.0 -9999.0 -9999.0 -9999.0 -9999.0 -9999.0 -9999.0 -9999.0 -9999.0 -9999.0 -9999.0 -9999.0 -9999.0 -9999.0 -9999.0 -9999.0 -9999.0 -9999.0 -9999.0 -9999.0 -9999.0 -9999.0 -9999.0 -9999.0 -9999.0 -9999.0 -9999.0 -9999.0 -9999.0 -9999.0 -9999.0 -9999.0 -9999.0 -9999.0 -9999.0 -9999.0 -9999.0 -9999.0 46.1 34.4 23.3 36.1 38.2 43.3 48.2 47.3 38.5 51.2 42.1 38.5 30.3 35.1 53.1 78.9 84.1 152.6 156.2 144.9 137.8 99.8 80.9 110.2 140.7 167.9
-9999.0 -9999.0 -9999.0 -9999.0 -9999.0 -9999.0 -9999.0 -9999.0 -9999.0 -9999.0 -9999.0 -9999.0 -9999.0 -9999.0 -9999.0 -9999.0 -9999.0 -9999.0 -9999.0 -9999.0 -9999.0 -9999.0 -9999.0 -9999.0 -9999.0 -9999.0 -9999.0 -9999.0 -9999.0 -9999.0 -9999.0 -9999.0 -9999.0 -9999.0 -9999.0 -9999.0 -9999.0 -9999.0 -9999.0 -9999.0 -9999.0 -9999.0 -9999.0 -9999.0 -9999.0 -9999.0 -9999.0 -9999.0 -9999.0 -9999.0 44.2 34.0 32.5 32.5 38.0 41.6 40.5 38.7 52.1 62.3 62.2 46.3 43.9 39.7 52.9 67.6 81.4 84.4 117.9 102.9 115.2 90.0 91.2 122.0 144.6 166.4 152.1
-9999.0 -9999.0 -9999.0 -9999.0 -9999.0 -9999.0 -9999.0 -9999.0 -9999.0 -9999.0 -9999.0 -9999.0 -9999.0 -9999.0 -9999.0 -9999.0 -9999.0 -9999.0 -9999.0 -9999.0 -9999.0 -9999.0 -9999.0 -9999.0 -9999.0 -9999.0 -9999.0 -9999.0 -9999.0 -9999.0 -9999.0 -9999.0 -9999.0 -9999.0 -9999.0 -9999.0 -9999.0 -9999.0 -9999.0 -9999.0 -9999.0 -9999.0 -9999.0 -9999.0 -9999.0 -9999.0 -9999.0 -9999.0 -9999.0 -9999.0 34.5 32.0 46.0 40.9 42.7 42.8 32.8 57.6 67.5 68.2 61.1 51.0 43.0 44.4 54.1 53.0 59.5 57.7 72.1 80.9 103.0 114.3 120.4 122.0 112.4 105.8 132.6
-9999.0 -9999.0 -9999.0 -9999.0 -9999.0 -9999.0 -9999.0 -9999.0 -9999.0 -9999.0 -9999.0 -9999.0 -9999.0 -9999.0 -9999.0 -9999.0 -9999.0 -9999.0 -9999.0 -9999.0 -9999.0 -9999.0 -9999.0 -9999.0 -9999.0 -9999.0 -9999.0 -9999.0 -9999.0 -9999.0 -9999.0 -9999.0 -9999.0 -9999.0 -9999.0 -9999.0 -9999.0 -9999.0 -9999.0 -9999.0 -9999.0 -9999.0 -9999.0 -9999.0 -9999.0 -9999.0 -9999.0 -9999.0 -9999.0 -9999.0 29.4 34.8 48.3 48.2 46.7 43.1 64.0 62.8 78.2 61.0 59.3 46.6 35.8 32.6 39.3 40.0 42.0 47.2 54.9 82.9 106.8 143.9 119.9 131.6 90.0 90.3 125.8
-9999.0 -9999.0 -9999.0 -9999.0 -9999.0 -9999.0 -9999.0 -9999.0 -9999.0 -9999.0 -9999.0 -9999.0 -9999.0 -9999.0 -9999.0 -9999.0 -9999.0 -9999.0 -9999.0 -9999.0 -9999.0 -9999.0 -9999.0 -9999.0 -9999.0 -9999.0 -9999.0 -9999.0 -9999.0 -9999.0 -9999.0 -9999.0 -9999.0 -9999.0 -9999.0 -9999.0 -9999.0 -9999.0 -9999.0 -9999.0 -9999.0 -9999.0 -9999.0 -9999.0 -9999.0 -9999.0 -9999.0 -9999.0 -9999.0 -9999.0 28.0 39.9 48.9 55.9 56.4 65.0 45.6 69.9 77.8 55.5 59.2 41.8 23.5 31.4 38.6 39.8 44.2 48.8 59.5 56.7 91.4 109.0 111.9 107.9 79.6 99.2 115.2
-9999.0 -9999.0 -9999.0 -9999.0 -9999.0 -9999.0 -9999.0 -9999.0 -9999.0 -9999.0 -9999.0 -9999.0 -9999.0 -9999.0 -9999.0 -9999.0 -9999.0 -9999.0 -9999.0 -9999.0 -9999.0 -9999.0 -9999.0 -9999.0 -9999.0 -9999.0 -9999.0 -9999.0 -9999.0 -9999.0 -9999.0 -9999.0 -9999.0 -9999.0 -9999.0 -9999.0 -9999.0 -9999.0 -9999.0 -9999.0 -9999.0 -9999.0 -9999.0 -9999.0 -9999.0 -9999.0 -9999.0 -9999.0 -9999.0 -9999.0 -9999.0 -9999.0 -9999.0 63.2 63.9 62.7 69.4 84.2 54.1 57.6 105.3 44.1 69.6 59.3 60.3 57.0 60.5 50.5 53.7 58.1 68.9 78.5 77.1 72.3 78.1 93.2 107.8
-9999.0 -9999.0 -9999.0 -9999.0 -9999.0 -9999.0 -9999.0 -9999.0 -9999.0 -9999.0 -9999.0 -9999.0 -9999.0 -9999.0 -9999.0 -9999.0 -9999.0 -9999.0 -9999.0 -9999.0 -9999.0 -9999.0 -9999.0 -9999.0 -9999.0 -9999.0 -9999.0 -9999.0 -9999.0 -9999.0 -9999.0 -9999.0 -9999.0 -9999.0 -9999.0 -9999.0 -9999.0 -9999.0 -9999.0 -9999.0 -9999.0 -9999.0 -9999.0 -9999.0 -9999.0 -9999.0 -9999.0 -9999.0 -9999.0 -9999.0 -9999.0 -9999.0 -9999.0 75.6 74.4 111.4 80.7 68.1 82.2 126.1 90.2 78.2 141.8 99.0 98.0 87.6 61.6 74.0 51.4 52.8 60.1 71.0 73.0 70.6 77.9 109.4 102.8
-9999.0 -9999.0 -9999.0 -9999.0 -9999.0 -9999.0 -9999.0 -9999.0 -9999.0 -9999.0 -9999.0 -9999.0 -9999.0 -9999.0 -9999.0 -9999.0 -9999.0 -9999.0 -9999.0 -9999.0 -9999.0 -9999.0 -9999.0 -9999.0 -9999.0 -9999.0 -9999.0 -9999.0 -9999.0 -9999.0 -9999.0 -9999.0 -9999.0 -9999.0 -9999.0 -9999.0 -9999.0 -9999.0 -9999.0 -9999.0 -9999.0 -9999.0 -9999.0 -9999.0 -9999.0 -9999.0 -9999.0 -9999.0 -9999.0 -9999.0 -9999.0 -9999.0 -9999.0 94.6 77.2 113.8 107.8 90.0 100.5 104.0 152.3 166.1 229.6 226.9 116.5 -9999.0 -9999.0 -9999.0 80.9 73.2 88.8 107.7 107.0 93.4 93.6 115.8 96.1
-9999.0 -9999.0 -9999.0 -9999.0 -9999.0 -9999.0 -9999.0 -9999.0 -9999.0 -9999.0 -9999.0 -9999.0 -9999.0 -9999.0 -9999.0 -9999.0 -9999.0 -9999.0 -9999.0 -9999.0 -9999.0 -9999.0 -9999.0 -9999.0 -9999.0 -9999.0 -9999.0 -9999.0 -9999.0 -9999.0 -9999.0 -9999.0 -9999.0 -9999.0 -9999.0 -9999.0 -9999.0 -9999.0 -9999.0 -9999.0 -9999.0 -9999.0 -9999.0 -9999.0 -9999.0 -9999.0 -9999.0 -9999.0 -9999.0 -9999.0 -9999.0 -9999.0 -9999.0 -9999.0 125.4 128.3 95.8 82.6 133.2 186.0 125.6 -9999.0 -9999.0 -9999.0 -9999.0 -9999.0 -9999.0 -9999.0 114.5 127.6 157.4 170.9 157.1 125.1 103.7 96.1 81.7
-9999.0 -9999.0 -9999.0 -9999.0 -9999.0 -9999.0 -9999.0 -9999.0 -9999.0 -9999.0 -9999.0 -9999.0 -9999.0 -9999.0 -9999.0 -9999.0 -9999.0 -9999.0 -9999.0 -9999.0 -9999.0 -9999.0 -9999.0 -9999.0 -9999.0 -9999.0 -9999.0 -9999.0 -9999.0 -9999.0 -9999.0 -9999.0 -9999.0 -9999.0 -9999.0 -9999.0 -9999.0 -9999.0 -9999.0 -9999.0 -9999.0 -9999.0 -9999.0 -9999.0 -9999.0 -9999.0 -9999.0 -9999.0 -9999.0 -9999.0 -9999.0 -9999.0 -9999.0 -9999.0 -9999.0 141.3 204.7 143.9 127.2 179.1 188.4 -9999.0 -9999.0 -9999.0 -9999.0 -9999.0 -9999.0 -9999.0 -9999.0 -9999.0 211.1 -9999.0 -9999.0 -9999.0 -9999.0 -9999.0 75.3
-9999.0 -9999.0 -9999.0 -9999.0 -9999.0 -9999.0 -9999.0 -9999.0 -9999.0 -9999.0 -9999.0 -9999.0 -9999.0 -9999.0 -9999.0 -9999.0 -9999.0 -9999.0 -9999.0 -9999.0 -9999.0 -9999.0 -9999.0 -9999.0 -9999.0 -9999.0 -9999.0 -9999.0 -9999.0 -9999.0 -9999.0 -9999.0 -9999.0 -9999.0 -9999.0 -9999.0 -9999.0 -9999.0 -9999.0 -9999.0 -9999.0 -9999.0 -9999.0 -9999.0 -9999.0 -9999.0 -9999.0 -9999.0 -9999.0 -9999.0 -9999.0 -9999.0 -9999.0 -9999.0 -9999.0 -9999.0 -9999.0 -9999.0 197.3 183.0 -9999.0 -9999.0 -9999.0 -9999.0 -9999.0 -9999.0 -9999.0 -9999.0 -9999.0 -9999.0 -9999.0 -9999.0 -9999.0 -9999.0 -9999.0 92.1 79.6
-9999.0 -9999.0 -9999.0 -9999.0 -9999.0 -9999.0 -9999.0 -9999.0 -9999.0 -9999.0 -9999.0 -9999.0 -9999.0 -9999.0 -9999.0 -9999.0 -9999.0 -9999.0 -9999.0 -9999.0 -9999.0 -9999.0 -9999.0 -9999.0 -9999.0 -9999.0 -9999.0 -9999.0 -9999.0 -9999.0 -9999.0 -9999.0 -9999.0 -9999.0 -9999.0 -9999.0 -9999.0 -9999.0 -9999.0 -9999.0 -9999.0 -9999.0 -9999.0 -9999.0 -9999.0 -9999.0 -9999.0 -9999.0 -9999.0 -9999.0 -9999.0 -9999.0 -9999.0 -9999.0 -9999.0 -9999.0 -9999.0 -9999.0 -9999.0 -9999.0 -9999.0 -9999.0 -9999.0 -9999.0 -9999.0 -9999.0 -9999.0 -9999.0 -9999.0 -9999.0 -9999.0 -9999.0 -9999.0 -9999.0 -9999.0 -9999.0 -9999.0
