program/excelProcessViaJava/data/SURF_CLI_CHN_PRE_MON_GRID_0.5-198603.txt
NCOLS      128
NROWS       72
XLLCORNER    72.000000000000    
YLLCORNER    18.000000000000    
CELLSIZE    0.50000000000000    
NODATA_VALUE   -9999.000    
[rows 35 to 69 of 72, columns 0 to 77 of 128]
-9999.0 -9999.0 -9999.0 -9999.0 -9999.0 -9999.0 -9999.0 0.0 0.0 0.0 0.0 0.0 0.1 0.1 0.1 0.9 0.4 0.6 0.5 0.3 0.1 0.0 0.0 0.0 0.1 0.1 0.2 0.3 0.6 1.2 2.0 2.8 3.6 4.5 5.3 4.9 5.5 4.5 4.7 3.9 2.0 2.6 1.6 0.8 0.6 0.5 0.2 0.1 0.3 0.9 2.6 3.5 3.0 7.3 5.0 1.1 1.5 2.8 8.9 10.5 15.5 9.0 7.4 5.3 4.0 2.5 3.3 4.7 4.7 8.5 11.5 15.3 19.6 21.4 20.9 18.7 14.4 12.9
-9999.0 -9999.0 -9999.0 -9999.0 -9999.0 -9999.0 -9999.0 0.0 0.0 0.0 0.0 0.0 0.0 0.0 0.0 0.0 0.1 0.1 0.0 0.1 0.1 0.0 0.1 0.1 0.1 0.1 0.2 0.4 0.8 1.4 2.3 3.3 4.2 5.4 5.4 5.6 5.1 5.0 4.1 3.0 2.4 1.7 1.4 1.9 0.5 0.3 0.2 0.3 1.5 2.3 6.3 7.3 5.5 5.5 7.9 1.7 1.6 3.5 8.1 12.7 16.6 17.4 16.8 16.0 10.8 7.9 7.7 8.1 12.5 10.7 16.1 20.6 22.1 21.5 17.7 19.9 17.9 14.6
-9999.0 -9999.0 -9999.0 -9999.0 -9999.0 -9999.0 -9999.0 -9999.0 -9999.0 0.0 0.0 0.0 0.0 0.0 0.0 0.1 0.0 0.0 0.0 0.0 0.0 0.1 0.1 0.1 0.1 0.2 0.3 0.5 1.0 1.6 2.6 3.5 4.5 5.5 5.5 5.5 5.0 4.6 3.5 2.8 1.9 1.5 1.1 0.7 0.8 0.7 0.8 1.0 1.8 3.3 6.1 7.6 8.1 7.0 9.5 3.1 1.6 2.9 7.6 11.2 13.7 14.0 13.4 20.3 15.8 13.6 13.6 14.0 21.1 17.9 21.5 19.5 18.6 18.7 20.2 15.5 15.9 14.8
-9999.0 -9999.0 -9999.0 -9999.0 -9999.0 -9999.0 -9999.0 -9999.0 -9999.0 -9999.0 -9999.0 0.0 0.0 0.0 0.0 0.0 0.0 0.1 0.1 0.1 0.0 0.1 0.1 0.1 0.1 0.2 0.3 0.5 1.0 1.8 2.7 3.8 4.8 5.6 5.8 6.7 5.2 4.3 5.4 2.5 2.2 1.2 0.8 0.7 1.3 0.8 2.1 1.7 2.9 4.1 5.3 7.6 9.3 10.9 12.6 7.8 3.9 5.4 7.2 10.1 12.6 11.9 10.9 12.8 14.3 16.5 15.4 19.8 25.7 27.4 23.7 19.5 14.2 13.2 14.4 16.9 18.0 17.2
-9999.0 -9999.0 -9999.0 -9999.0 -9999.0 -9999.0 -9999.0 -9999.0 -9999.0 -9999.0 -9999.0 -9999.0 0.0 0.1 0.0 0.1 0.0 0.0 0.1 0.0 0.1 0.1 0.1 0.2 0.1 0.2 0.5 0.5 1.0 1.6 2.6 3.8 4.8 6.0 6.5 6.1 7.1 4.4 2.7 1.6 1.0 0.7 0.6 1.0 1.1 1.7 2.6 2.1 3.0 4.2 7.3 9.3 10.1 10.2 10.8 10.3 8.8 10.3 6.9 11.5 12.6 14.8 15.8 15.1 16.1 24.6 23.0 29.5 34.2 35.2 21.8 13.8 12.3 14.5 18.0 47.4 27.7 26.2
-9999.0 -9999.0 -9999.0 -9999.0 -9999.0 -9999.0 -9999.0 -9999.0 -9999.0 -9999.0 -9999.0 -9999.0 0.0 0.2 0.4 0.1 0.4 0.2 0.1 0.1 0.1 0.1 0.1 0.2 0.5 0.4 0.5 1.0 1.1 1.9 2.4 3.4 4.6 5.6 6.3 5.8 6.3 5.2 3.1 1.7 0.8 0.5 1.2 0.8 2.0 3.7 3.1 3.2 2.8 4.5 5.7 8.4 9.0 11.4 8.9 10.5 8.3 9.5 8.4 10.3 12.4 15.1 20.8 28.4 21.6 29.9 20.0 25.3 30.2 34.0 38.4 51.3 54.1 30.6 34.3 31.7 30.7 43.8
-9999.0 -9999.0 -9999.0 -9999.0 -9999.0 -9999.0 -9999.0 -9999.0 -9999.0 -9999.0 -9999.0 -9999.0 -9999.0 0.1 0.0 0.9 0.2 0.6 0.7 0.6 0.3 0.6 0.2 0.7 0.6 0.2 0.2 0.3 0.6 1.2 2.1 3.1 4.1 5.3 5.4 5.3 4.7 4.1 7.1 2.8 1.5 1.7 1.5 3.4 3.1 3.8 5.8 7.0 7.1 6.6 7.1 7.2 8.3 16.2 13.8 11.8 9.7 11.3 15.3 12.9 14.3 17.5 26.9 31.3 23.8 31.1 38.9 35.3 39.8 36.9 30.6 26.6 28.7 34.3 48.3 41.6 41.5 40.9
-9999.0 -9999.0 -9999.0 -9999.0 -9999.0 -9999.0 -9999.0 -9999.0 -9999.0 -9999.0 -9999.0 -9999.0 0.1 0.0 0.1 0.7 0.1 0.4 0.4 1.9 1.7 1.5 0.9 1.1 1.2 0.3 0.4 0.6 0.7 0.8 1.4 2.5 3.2 4.3 5.0 4.7 5.1 2.7 1.8 1.5 4.2 7.1 9.8 3.5 6.3 8.5 8.7 7.7 8.0 7.9 10.4 13.4 9.8 12.7 10.7 10.3 13.0 8.2 11.7 11.0 13.5 21.6 32.1 49.0 53.1 45.5 23.1 27.3 44.9 56.0 49.6 36.7 29.3 26.2 29.3 34.5 39.1 44.7
-9999.0 -9999.0 -9999.0 -9999.0 -9999.0 -9999.0 -9999.0 -9999.0 -9999.0 -9999.0 -9999.0 -9999.0 0.1 1.9 1.3 0.1 0.1 2.2 2.4 1.0 3.2 1.5 1.5 1.5 2.0 1.9 1.2 0.9 0.7 0.9 1.2 1.6 2.1 3.2 3.7 3.8 2.7 2.1 1.3 0.6 1.0 1.5 3.0 6.0 9.6 13.6 18.8 16.9 14.3 8.0 8.0 11.7 8.9 8.3 8.6 7.3 9.4 11.4 10.1 15.2 20.6 30.8 34.0 44.4 49.2 32.3 40.9 24.4 22.0 28.0 33.3 33.7 33.4 43.4 55.9 46.5 42.5 46.2
-9999.0 -9999.0 -9999.0 -9999.0 -9999.0 -9999.0 -9999.0 -9999.0 -9999.0 -9999.0 -9999.0 -9999.0 4.7 0.6 4.7 3.4 3.9 0.6 2.3 2.3 0.7 0.7 2.4 1.3 1.8 0.4 0.5 0.1 0.5 0.4 0.6 0.5 1.4 2.2 2.5 2.6 2.0 1.3 0.7 1.5 1.6 1.9 12.0 5.7 14.6 25.1 27.8 20.4 13.1 11.0 10.1 7.5 20.9 22.6 13.7 6.1 8.3 10.8 13.2 10.8 15.5 24.8 52.8 42.2 28.5 41.4 33.6 25.3 22.5 22.9 28.5 39.5 42.9 56.0 105.1 66.6 84.6 42.8
-9999.0 -9999.0 -9999.0 -9999.0 -9999.0 -9999.0 -9999.0 -9999.0 -9999.0 -9999.0 -9999.0 -9999.0 -9999.0 0.2 0.8 5.4 4.5 6.1 2.9 2.4 0.7 3.2 1.8 1.2 3.1 1.7 1.1 0.8 0.2 0.3 0.1 0.2 0.4 1.0 1.4 2.2 2.1 0.9 1.0 1.2 2.9 17.4 29.0 28.0 19.2 22.7 28.4 16.1 20.3 14.6 7.4 13.3 10.5 7.0 15.1 14.8 5.7 6.5 12.1 25.9 26.3 62.9 48.7 25.5 28.0 30.0 27.8 24.6 22.1 25.2 30.3 36.1 46.0 43.2 55.1 51.1 45.8 41.8
-9999.0 -9999.0 -9999.0 -9999.0 -9999.0 -9999.0 -9999.0 -9999.0 -9999.0 -9999.0 -9999.0 -9999.0 -9999.0 19.5 2.7 9.0 3.2 10.8 9.7 7.3 2.4 2.7 2.3 2.9 7.5 3.3 1.4 1.2 0.2 0.0 0.0 0.0 0.1 0.2 0.6 1.1 0.8 0.7 2.1 12.8 9.2 19.3 29.9 35.7 54.9 33.0 28.8 15.5 13.3 9.4 10.8 3.4 9.4 16.5 21.3 15.1 7.1 8.0 16.0 10.0 30.3 22.6 18.3 21.1 18.4 17.9 21.0 25.1 25.5 25.4 30.1 36.6 41.4 47.6 54.4 60.1 65.1 43.2
-9999.0 -9999.0 -9999.0 -9999.0 -9999.0 -9999.0 -9999.0 -9999.0 -9999.0 -9999.0 -9999.0 -9999.0 -9999.0 -9999.0 -9999.0 13.8 17.4 12.6 16.4 20.2 8.6 12.9 13.2 9.7 6.0 4.2 0.3 0.3 0.0 0.0 0.0 0.0 0.0 0.1 0.2 1.1 2.9 0.4 1.9 6.4 21.8 35.2 40.4 38.6 23.0 20.7 25.5 14.0 12.6 4.2 3.6 16.5 6.7 10.3 4.8 11.6 11.7 3.7 23.0 33.9 18.3 16.4 24.7 19.3 14.4 12.8 18.5 28.2 27.4 27.3 30.3 34.5 45.2 48.6 52.9 65.5 62.2 63.9
-9999.0 -9999.0 -9999.0 -9999.0 -9999.0 -9999.0 -9999.0 -9999.0 -9999.0 -9999.0 -9999.0 -9999.0 -9999.0 -9999.0 -9999.0 -9999.0 -9999.0 150.6 75.1 -9999.0 55.3 21.1 33.2 28.7 11.9 9.0 1.1 0.5 0.3 0.0 0.0 0.0 0.0 0.1 0.4 0.4 3.3 0.5 3.1 8.8 19.6 41.7 37.8 30.8 19.0 20.5 78.9 28.9 9.7 7.3 5.9 2.5 7.0 11.7 15.5 16.3 8.0 21.9 25.0 34.9 12.7 18.6 24.0 22.8 16.7 13.6 19.4 27.6 27.2 27.1 27.5 43.0 47.2 42.2 51.3 62.8 62.1 57.1
-9999.0 -9999.0 -9999.0 -9999.0 -9999.0 -9999.0 -9999.0 -9999.0 -9999.0 -9999.0 -9999.0 -9999.0 -9999.0 -9999.0 -9999.0 -9999.0 -9999.0 -9999.0 -9999.0 -9999.0 -9999.0 58.5 39.8 18.3 23.9 36.1 21.1 8.9 1.3 0.3 0.0 0.1 0.0 0.1 1.1 0.9 1.2 1.6 2.3 1.7 1.9 40.3 45.9 34.5 16.7 22.4 135.6 23.3 29.4 110.7 7.3 26.2 23.4 7.3 11.9 21.3 22.2 14.8 45.0 32.0 12.8 16.2 20.0 24.0 26.6 25.6 29.6 32.2 30.0 28.8 30.9 39.8 39.4 37.5 43.1 51.6 56.9 58.4
-9999.0 -9999.0 -9999.0 -9999.0 -9999.0 -9999.0 -9999.0 -9999.0 -9999.0 -9999.0 -9999.0 -9999.0 -9999.0 -9999.0 -9999.0 -9999.0 -9999.0 -9999.0 -9999.0 -9999.0 -9999.0 -9999.0 -9999.0 159.9 66.2 57.9 40.7 18.5 2.1 1.1 0.0 0.0 0.0 0.1 1.0 3.0 7.2 6.6 19.0 32.1 32.8 50.1 21.2 8.8 17.3 154.7 52.1 45.6 70.2 78.5 24.7 24.0 17.4 16.5 10.2 2.3 16.7 30.1 8.3 30.2 14.7 21.3 24.3 18.1 26.0 39.2 44.7 41.0 42.1 33.8 40.4 38.0 37.8 39.9 40.3 45.9 54.7 60.1
-9999.0 -9999.0 -9999.0 -9999.0 -9999.0 -9999.0 -9999.0 -9999.0 -9999.0 -9999.0 -9999.0 -9999.0 -9999.0 -9999.0 -9999.0 -9999.0 -9999.0 -9999.0 -9999.0 -9999.0 -9999.0 -9999.0 -9999.0 -9999.0 -9999.0 266.5 116.2 10.0 5.0 1.0 0.2 0.5 0.8 1.1 4.6 9.0 26.1 20.8 43.6 36.6 64.3 26.9 8.3 10.8 85.9 173.2 131.0 258.9 39.0 77.4 40.3 36.8 40.3 35.8 16.7 8.9 15.4 9.8 25.1 22.8 19.9 20.6 46.7 13.1 23.1 39.4 47.2 49.0 51.0 47.8 37.5 38.1 40.6 43.9 45.5 50.1 57.9 66.6
-9999.0 -9999.0 -9999.0 -9999.0 -9999.0 -9999.0 -9999.0 -9999.0 -9999.0 -9999.0 -9999.0 -9999.0 -9999.0 -9999.0 -9999.0 -9999.0 -9999.0 -9999.0 -9999.0 -9999.0 -9999.0 -9999.0 -9999.0 -9999.0 -9999.0 -9999.0 -9999.0 292.1 239.3 58.9 29.6 18.1 2.7 19.5 10.6 41.4 26.1 31.9 20.4 37.2 56.0 10.4 21.7 84.7 121.2 180.8 240.7 271.9 288.3 166.5 239.5 213.9 67.7 60.3 36.5 23.9 7.2 2.8 14.1 5.7 3.3 14.5 6.9 10.9 20.7 23.9 34.4 37.3 35.8 34.0 34.7 43.0 46.4 50.0 53.2 65.1 81.2 91.0
-9999.0 -9999.0 -9999.0 -9999.0 -9999.0 -9999.0 -9999.0 -9999.0 -9999.0 -9999.0 -9999.0 -9999.0 -9999.0 -9999.0 -9999.0 -9999.0 -9999.0 -9999.0 -9999.0 -9999.0 -9999.0 -9999.0 -9999.0 -9999.0 -9999.0 -9999.0 -9999.0 -9999.0 -9999.0 -9999.0 -9999.0 -9999.0 -9999.0 81.6 28.8 -9999.0 -9999.0 -9999.0 41.0 34.4 24.6 32.2 27.8 112.5 166.2 192.6 -9999.0 -9999.0 -9999.0 -9999.0 -9999.0 -9999.0 139.8 68.0 64.6 26.4 7.2 1.0 0.7 0.4 1.8 7.7 5.7 8.1 10.9 16.3 23.1 28.4 28.1 27.5 34.9 46.9 57.1 58.9 68.7 87.1 106.9 115.9
-9999.0 -9999.0 -9999.0 -9999.0 -9999.0 -9999.0 -9999.0 -9999.0 -9999.0 -9999.0 -9999.0 -9999.0 -9999.0 -9999.0 -9999.0 -9999.0 -9999.0 -9999.0 -9999.0 -9999.0 -9999.0 -9999.0 -9999.0 -9999.0 -9999.0 -9999.0 -9999.0 -9999.0 -9999.0 -9999.0 -9999.0 -9999.0 -9999.0 -9999.0 -9999.0 -9999.0 -9999.0 -9999.0 -9999.0 122.4 114.5 118.2 127.9 140.4 -9999.0 -9999.0 -9999.0 -9999.0 -9999.0 -9999.0 -9999.0 -9999.0 131.1 73.6 50.7 24.1 6.0 1.0 0.2 0.2 0.4 3.0 6.6 5.4 12.2 20.4 28.2 22.1 23.0 29.8 39.6 54.8 64.9 76.4 85.6 108.1 127.4 133.4
-9999.0 -9999.0 -9999.0 -9999.0 -9999.0 -9999.0 -9999.0 -9999.0 -9999.0 -9999.0 -9999.0 -9999.0 -9999.0 -9999.0 -9999.0 -9999.0 -9999.0 -9999.0 -9999.0 -9999.0 -9999.0 -9999.0 -9999.0 -9999.0 -9999.0 -9999.0 -9999.0 -9999.0 -9999.0 -9999.0 -9999.0 -9999.0 -9999.0 -9999.0 -9999.0 -9999.0 -9999.0 -9999.0 -9999.0 -9999.0 -9999.0 -9999.0 -9999.0 -9999.0 -9999.0 -9999.0 -9999.0 -9999.0 -9999.0 -9999.0 -9999.0 -9999.0 118.8 70.4 41.6 22.4 6.0 2.1 1.2 1.0 0.9 1.7 19.4 4.9 10.8 15.2 15.1 19.2 26.7 35.1 46.9 61.1 75.5 85.3 101.3 121.1 129.4 130.8
-9999.0 -9999.0 -9999.0 -9999.0 -9999.0 -9999.0 -9999.0 -9999.0 -9999.0 -9999.0 -9999.0 -9999.0 -9999.0 -9999.0 -9999.0 -9999.0 -9999.0 -9999.0 -9999.0 -9999.0 -9999.0 -9999.0 -9999.0 -9999.0 -9999.0 -9999.0 -9999.0 -9999.0 -9999.0 -9999.0 -9999.0 -9999.0 -9999.0 -9999.0 -9999.0 -9999.0 -9999.0 -9999.0 -9999.0 -9999.0 -9999.0 -9999.0 -9999.0 -9999.0 -9999.0 -9999.0 -9999.0 -9999.0 -9999.0 -9999.0 -9999.0 92.2 74.8 57.2 29.6 15.4 7.8 5.1 4.4 3.6 3.6 3.4 1.9 3.7 8.3 14.5 16.2 16.1 31.3 37.1 46.7 52.2 55.7 73.3 94.6 112.5 112.7 118.5
-9999.0 -9999.0 -9999.0 -9999.0 -9999.0 -9999.0 -9999.0 -9999.0 -9999.0 -9999.0 -9999.0 -9999.0 -9999.0 -9999.0 -9999.0 -9999.0 -9999.0 -9999.0 -9999.0 -9999.0 -9999.0 -9999.0 -9999.0 -9999.0 -9999.0 -9999.0 -9999.0 -9999.0 -9999.0 -9999.0 -9999.0 -9999.0 -9999.0 -9999.0 -9999.0 -9999.0 -9999.0 -9999.0 -9999.0 -9999.0 -9999.0 -9999.0 -9999.0 -9999.0 -9999.0 -9999.0 -9999.0 -9999.0 -9999.0 -9999.0 75.2 61.7 51.8 40.8 22.3 15.2 10.1 8.5 7.7 6.4 4.5 4.7 2.3 4.3 8.5 16.1 31.8 26.3 32.7 23.5 27.9 26.1 35.1 50.6 63.2 72.0 92.2 78.6
-9999.0 -9999.0 -9999.0 -9999.0 -9999.0 -9999.0 -9999.0 -9999.0 -9999.0 -9999.0 -9999.0 -9999.0 -9999.0 -9999.0 -9999.0 -9999.0 -9999.0 -9999.0 -9999.0 -9999.0 -9999.0 -9999.0 -9999.0 -9999.0 -9999.0 -9999.0 -9999.0 -9999.0 -9999.0 -9999.0 -9999.0 -9999.0 -9999.0 -9999.0 -9999.0 -9999.0 -9999.0 -9999.0 -9999.0 -9999.0 -9999.0 -9999.0 -9999.0 -9999.0 -9999.0 -9999.0 -9999.0 -9999.0 -9999.0 -9999.0 46.5 46.9 24.6 26.2 21.0 14.2 11.1 10.0 8.9 6.9 5.0 4.0 2.4 4.0 8.6 9.8 20.7 17.7 17.0 12.0 13.9 17.5 22.3 27.3 32.7 41.0 45.4 58.0
-9999.0 -9999.0 -9999.0 -9999.0 -9999.0 -9999.0 -9999.0 -9999.0 -9999.0 -9999.0 -9999.0 -9999.0 -9999.0 -9999.0 -9999.0 -9999.0 -9999.0 -9999.0 -9999.0 -9999.0 -9999.0 -9999.0 -9999.0 -9999.0 -9999.0 -9999.0 -9999.0 -9999.0 -9999.0 -9999.0 -9999.0 -9999.0 -9999.0 -9999.0 -9999.0 -9999.0 -9999.0 -9999.0 -9999.0 -9999.0 -9999.0 -9999.0 -9999.0 -9999.0 -9999.0 -9999.0 -9999.0 -9999.0 -9999.0 -9999.0 29.4 20.5 13.8 25.9 13.7 12.1 13.5 9.0 9.2 5.0 5.8 5.5 3.7 2.5 6.5 8.6 9.1 9.1 7.7 9.1 9.8 12.9 12.9 12.5 14.4 18.8 22.0 38.5
-9999.0 -9999.0 -9999.0 -9999.0 -9999.0 -9999.0 -9999.0 -9999.0 -9999.0 -9999.0 -9999.0 -9999.0 -9999.0 -9999.0 -9999.0 -9999.0 -9999.0 -9999.0 -9999.0 -9999.0 -9999.0 -9999.0 -9999.0 -9999.0 -9999.0 -9999.0 -9999.0 -9999.0 -9999.0 -9999.0 -9999.0 -9999.0 -9999.0 -9999.0 -9999.0 -9999.0 -9999.0 -9999.0 -9999.0 -9999.0 -9999.0 -9999.0 -9999.0 -9999.0 -9999.0 -9999.0 -9999.0 -9999.0 -9999.0 -9999.0 19.4 19.9 13.3 14.9 13.9 14.4 8.6 8.3 7.5 4.3 6.3 4.3 0.7 2.5 6.3 8.4 10.6 7.5 7.9 4.9 6.9 8.3 8.5 8.3 10.9 15.0 20.1 36.4
-9999.0 -9999.0 -9999.0 -9999.0 -9999.0 -9999.0 -9999.0 -9999.0 -9999.0 -9999.0 -9999.0 -9999.0 -9999.0 -9999.0 -9999.0 -9999.0 -9999.0 -9999.0 -9999.0 -9999.0 -9999.0 -9999.0 -9999.0 -9999.0 -9999.0 -9999.0 -9999.0 -9999.0 -9999.0 -9999.0 -9999.0 -9999.0 -9999.0 -9999.0 -9999.0 -9999.0 -9999.0 -9999.0 -9999.0 -9999.0 -9999.0 -9999.0 -9999.0 -9999.0 -9999.0 -9999.0 -9999.0 -9999.0 -9999.0 -9999.0 -9999.0 -9999.0 -9999.0 10.1 10.6 10.6 9.7 9.3 6.1 5.6 16.0 3.7 8.3 5.8 8.4 9.1 11.5 5.1 5.4 4.7 5.4 7.9 11.3 15.2 20.5 30.1 36.1 47.0
-9999.0 -9999.0 -9999.0 -9999.0 -9999.0 -9999.0 -9999.0 -9999.0 -9999.0 -9999.0 -9999.0 -9999.0 -9999.0 -9999.0 -9999.0 -9999.0 -9999.0 -9999.0 -9999.0 -9999.0 -9999.0 -9999.0 -9999.0 -9999.0 -9999.0 -9999.0 -9999.0 -9999.0 -9999.0 -9999.0 -9999.0 -9999.0 -9999.0 -9999.0 -9999.0 -9999.0 -9999.0 -9999.0 -9999.0 -9999.0 -9999.0 -9999.0 -9999.0 -9999.0 -9999.0 -9999.0 -9999.0 -9999.0 -9999.0 -9999.0 -9999.0 -9999.0 -9999.0 10.2 10.1 16.0 10.8 9.6 9.9 15.6 11.8 11.1 17.2 15.9 16.4 14.5 10.5 10.0 5.9 5.3 6.6 11.6 19.2 29.3 40.5 43.8 53.0 48.4
-9999.0 -9999.0 -9999.0 -9999.0 -9999.0 -9999.0 -9999.0 -9999.0 -9999.0 -9999.0 -9999.0 -9999.0 -9999.0 -9999.0 -9999.0 -9999.0 -9999.0 -9999.0 -9999.0 -9999.0 -9999.0 -9999.0 -9999.0 -9999.0 -9999.0 -9999.0 -9999.0 -9999.0 -9999.0 -9999.0 -9999.0 -9999.0 -9999.0 -9999.0 -9999.0 -9999.0 -9999.0 -9999.0 -9999.0 -9999.0 -9999.0 -9999.0 -9999.0 -9999.0 -9999.0 -9999.0 -9999.0 -9999.0 -9999.0 -9999.0 -9999.0 -9999.0 -9999.0 11.0 9.7 13.4 13.1 12.7 13.6 14.9 20.7 23.6 30.6 32.3 30.3 -9999.0 -9999.0 -9999.0 10.4 9.3 11.4 17.5 28.2 41.8 51.4 49.2 53.6 48.5
-9999.0 -9999.0 -9999.0 -9999.0 -9999.0 -9999.0 -9999.0 -9999.0 -9999.0 -9999.0 -9999.0 -9999.0 -9999.0 -9999.0 -9999.0 -9999.0 -9999.0 -9999.0 -9999.0 -9999.0 -9999.0 -9999.0 -9999.0 -9999.0 -9999.0 -9999.0 -9999.0 -9999.0 -9999.0 -9999.0 -9999.0 -9999.0 -9999.0 -9999.0 -9999.0 -9999.0 -9999.0 -9999.0 -9999.0 -9999.0 -9999.0 -9999.0 -9999.0 -9999.0 -9999.0 -9999.0 -9999.0 -9999.0 -9999.0 -9999.0 -9999.0 -9999.0 -9999.0 -9999.0 12.7 13.6 13.3 14.1 16.6 21.8 21.4 -9999.0 -9999.0 -9999.0 -9999.0 -9999.0 -9999.0 -9999.0 16.3 15.1 16.9 25.1 36.5 45.9 48.6 43.0 36.6 35.9
-9999.0 -9999.0 -9999.0 -9999.0 -9999.0 -9999.0 -9999.0 -9999.0 -9999.0 -9999.0 -9999.0 -9999.0 -9999.0 -9999.0 -9999.0 -9999.0 -9999.0 -9999.0 -9999.0 -9999.0 -9999.0 -9999.0 -9999.0 -9999.0 -9999.0 -9999.0 -9999.0 -9999.0 -9999.0 -9999.0 -9999.0 -9999.0 -9999.0 -9999.0 -9999.0 -9999.0 -9999.0 -9999.0 -9999.0 -9999.0 -9999.0 -9999.0 -9999.0 -9999.0 -9999.0 -9999.0 -9999.0 -9999.0 -9999.0 -9999.0 -9999.0 -9999.0 -9999.0 -9999.0 -9999.0 13.4 18.2 15.5 15.7 20.1 24.7 -9999.0 -9999.0 -9999.0 -9999.0 -9999.0 -9999.0 -9999.0 -9999.0 -9999.0 23.0 -9999.0 -9999.0 -9999.0 -9999.0 -9999.0 17.4 -9999.0
-9999.0 -9999.0 -9999.0 -9999.0 -9999.0 -9999.0 -9999.0 -9999.0 -9999.0 -9999.0 -9999.0 -9999.0 -9999.0 -9999.0 -9999.0 -9999.0 -9999.0 -9999.0 -9999.0 -9999.0 -9999.0 -9999.0 -9999.0 -9999.0 -9999.0 -9999.0 -9999.0 -9999.0 -9999.0 -9999.0 -9999.0 -9999.0 -9999.0 -9999.0 -9999.0 -9999.0 -9999.0 -9999.0 -9999.0 -9999.0 -9999.0 -9999.0 -9999.0 -9999.0 -9999.0 -9999.0 -9999.0 -9999.0 -9999.0 -9999.0 -9999.0 -9999.0 -9999.0 -9999.0 -9999.0 -9999.0 -9999.0 -9999.0 17.1 18.8 -9999.0 -9999.0 -9999.0 -9999.0 -9999.0 -9999.0 -9999.0 -9999.0 -9999.0 -9999.0 -9999.0 -9999.0 -9999.0 -9999.0 -9999.0 13.5 9.3 -9999.0
-9999.0 -9999.0 -9999.0 -9999.0 -9999.0 -9999.0 -9999.0 -9999.0 -9999.0 -9999.0 -9999.0 -9999.0 -9999.0 -9999.0 -9999.0 -9999.0 -9999.0 -9999.0 -9999.0 -9999.0 -9999.0 -9999.0 -9999.0 -9999.0 -9999.0 -9999.0 -9999.0 -9999.0 -9999.0 -9999.0 -9999.0 -9999.0 -9999.0 -9999.0 -9999.0 -9999.0 -9999.0 -9999.0 -9999.0 -9999.0 -9999.0 -9999.0 -9999.0 -9999.0 -9999.0 -9999.0 -9999.0 -9999.0 -9999.0 -9999.0 -9999.0 -9999.0 -9999.0 -9999.0 -9999.0 -9999.0 -9999.0 -9999.0 -9999.0 -9999.0 -9999.0 -9999.0 -9999.0 -9999.0 -9999.0 -9999.0 -9999.0 -9999.0 -9999.0 -9999.0 -9999.0 -9999.0 -9999.0 -9999.0 -9999.0 -9999.0 -9999.0 -9999.0
-9999.0 -9999.0 -9999.0 -9999.0 -9999.0 -9999.0 -9999.0 -9999.0 -9999.0 -9999.0 -9999.0 -9999.0 -9999.0 -9999.0 -9999.0 -9999.0 -9999.0 -9999.0 -9999.0 -9999.0 -9999.0 -9999.0 -9999.0 -9999.0 -9999.0 -9999.0 -9999.0 -9999.0 -9999.0 -9999.0 -9999.0 -9999.0 -9999.0 -9999.0 -9999.0 -9999.0 -9999.0 -9999.0 -9999.0 -9999.0 -9999.0 -9999.0 -9999.0 -9999.0 -9999.0 -9999.0 -9999.0 -9999.0 -9999.0 -9999.0 -9999.0 -9999.0 -9999.0 -9999.0 -9999.0 -9999.0 -9999.0 -9999.0 -9999.0 -9999.0 -9999.0 -9999.0 -9999.0 -9999.0 -9999.0 -9999.0 -9999.0 -9999.0 -9999.0 -9999.0 -9999.0 -9999.0 -9999.0 -9999.0 -9999.0 8.8 13.1 20.7
-9999.0 -9999.0 -9999.0 -9999.0 -9999.0 -9999.0 -9999.0 -9999.0 -9999.0 -9999.0 -9999.0 -9999.0 -9999.0 -9999.0 -9999.0 -9999.0 -9999.0 -9999.0 -9999.0 -9999.0 -9999.0 -9999.0 -9999.0 -9999.0 -9999.0 -9999.0 -9999.0 -9999.0 -9999.0 -9999.0 -9999.0 -9999.0 -9999.0 -9999.0 -9999.0 -9999.0 -9999.0 -9999.0 -9999.0 -9999.0 -9999.0 -9999.0 -9999.0 -9999.0 -9999.0 -9999.0 -9999.0 -9999.0 -9999.0 -9999.0 -9999.0 -9999.0 -9999.0 -9999.0 -9999.0 -9999.0 -9999.0 -9999.0 -9999.0 -9999.0 -9999.0 -9999.0 -9999.0 -9999.0 -9999.0 -9999.0 -9999.0 -9999.0 -9999.0 -9999.0 -9999.0 -9999.0 -9999.0 3.5 3.3 6.4 12.3 -9999.0
