program/excelProcessViaJava/data/SURF_CLI_CHN_PRE_MON_GRID_0.5-199611.txt
NCOLS      128
NROWS       72
XLLCORNER    72.000000000000    
YLLCORNER    18.000000000000    
CELLSIZE    0.50000000000000    
NODATA_VALUE   -9999.000    
[rows 35 to 69 of 72, columns 0 to 78 of 128]
-9999.0 -9999.0 -9999.0 -9999.0 -9999.0 -9999.0 -9999.0 2.6 4.1 2.4 6.1 5.4 2.0 2.3 1.9 0.3 0.4 0.2 0.2 0.2 0.4 0.8 0.9 0.7 0.6 0.6 0.8 0.9 1.0 1.4 1.4 1.3 1.2 1.5 2.0 1.4 2.5 2.1 3.8 4.5 1.3 6.1 5.2 2.6 1.1 0.4 0.6 0.3 0.4 0.3 0.5 1.0 1.5 2.3 1.3 0.4 0.3 0.6 2.3 2.3 4.4 2.2 1.5 1.6 2.3 2.0 3.9 6.9 10.0 14.7 17.4 20.3 22.9 24.1 23.8 25.0 24.9 28.1 31.3
-9999.0 -9999.0 -9999.0 -9999.0 -9999.0 -9999.0 -9999.0 8.2 1.6 3.7 4.5 2.6 3.1 4.6 2.3 4.9 1.4 1.1 2.1 0.8 0.6 1.0 0.7 0.7 0.6 0.7 0.7 1.1 0.8 0.8 1.3 1.4 1.3 2.1 1.4 1.6 1.5 2.4 2.6 2.6 3.4 3.8 4.7 7.9 3.2 1.4 1.7 1.6 3.0 2.1 4.4 3.6 1.9 1.7 1.9 0.6 0.6 1.1 2.5 3.7 3.2 3.2 2.1 2.9 3.1 4.0 5.5 7.6 13.3 18.0 24.4 29.5 33.8 37.8 36.2 37.8 36.4 35.8 36.1
-9999.0 -9999.0 -9999.0 -9999.0 -9999.0 -9999.0 -9999.0 -9999.0 -9999.0 3.1 2.5 1.9 3.5 2.9 1.8 1.2 1.7 4.2 1.6 2.7 1.2 0.7 0.6 0.6 0.6 0.5 0.7 0.8 0.6 1.3 0.7 1.0 1.1 1.5 1.0 1.0 1.0 1.5 1.5 2.2 2.2 3.4 3.6 3.4 4.5 4.3 4.1 3.6 3.7 3.7 4.5 3.8 2.9 1.9 2.1 1.0 1.0 1.6 3.2 3.4 3.7 5.4 6.9 3.7 5.4 6.4 7.4 8.4 14.3 21.7 32.9 43.9 48.2 52.1 54.2 47.3 44.8 42.9 39.8
-9999.0 -9999.0 -9999.0 -9999.0 -9999.0 -9999.0 -9999.0 -9999.0 -9999.0 -9999.0 -9999.0 3.7 1.0 3.3 1.8 2.0 1.4 1.1 0.8 1.0 1.3 0.7 0.8 0.5 1.1 0.7 0.9 1.0 0.9 0.8 0.9 1.5 1.0 1.1 0.9 2.0 1.1 1.2 3.5 1.7 2.8 2.5 2.5 2.8 5.7 4.0 6.6 4.8 5.2 4.7 3.8 3.8 3.4 2.8 2.9 2.0 1.8 2.8 3.1 3.0 4.1 4.4 5.4 5.8 8.3 8.4 8.1 9.7 14.4 24.1 40.4 55.0 61.4 62.3 62.3 60.2 57.3 53.9 48.8
-9999.0 -9999.0 -9999.0 -9999.0 -9999.0 -9999.0 -9999.0 -9999.0 -9999.0 -9999.0 -9999.0 -9999.0 1.0 0.8 2.1 1.1 2.8 1.2 1.0 2.1 0.5 0.6 0.6 0.5 2.1 0.6 0.5 0.9 0.9 1.6 1.1 1.0 1.1 1.7 1.7 1.3 2.7 1.2 0.8 0.7 0.8 1.2 1.7 3.2 3.9 5.0 6.3 4.4 4.6 4.6 5.9 5.4 4.2 3.0 2.8 3.1 3.5 4.7 2.2 4.1 3.4 5.9 8.0 8.4 7.7 14.4 11.7 14.9 20.1 29.4 46.1 63.2 67.9 67.9 68.8 71.3 70.4 68.8 64.9
-9999.0 -9999.0 -9999.0 -9999.0 -9999.0 -9999.0 -9999.0 -9999.0 -9999.0 -9999.0 -9999.0 -9999.0 3.4 0.5 0.3 1.1 0.3 0.5 1.2 0.8 0.7 0.9 0.7 0.4 0.3 0.4 0.5 0.4 0.6 0.6 1.0 1.7 1.4 1.4 1.6 1.2 2.0 1.8 1.2 0.9 0.6 0.7 2.3 1.9 4.0 6.3 5.2 4.6 3.2 4.5 4.6 5.5 4.8 5.1 4.2 4.8 4.1 4.5 2.9 2.5 2.6 3.8 8.1 13.8 8.0 14.4 11.1 18.7 26.5 35.7 48.3 63.4 70.7 64.4 67.9 71.5 77.0 78.5 80.0
-9999.0 -9999.0 -9999.0 -9999.0 -9999.0 -9999.0 -9999.0 -9999.0 -9999.0 -9999.0 -9999.0 -9999.0 -9999.0 0.9 2.0 0.2 0.6 0.3 0.3 0.3 0.4 0.3 0.6 0.3 0.3 0.8 0.8 1.3 1.0 1.0 0.8 0.9 1.8 2.0 1.1 1.2 1.1 1.3 4.1 1.7 1.3 1.8 1.8 3.8 3.6 4.1 6.1 7.1 6.8 5.9 5.9 5.7 6.4 9.6 8.6 7.8 6.1 6.2 8.7 6.3 5.8 5.3 9.3 7.4 5.5 12.5 22.8 33.1 46.5 48.9 39.7 43.2 53.2 58.0 67.1 66.6 74.2 86.2 97.5
-9999.0 -9999.0 -9999.0 -9999.0 -9999.0 -9999.0 -9999.0 -9999.0 -9999.0 -9999.0 -9999.0 -9999.0 1.0 2.4 1.5 0.4 1.5 0.6 0.5 0.2 0.2 0.2 0.3 0.3 0.2 0.6 0.5 0.5 0.5 0.8 0.8 0.7 1.9 1.5 1.8 1.3 2.1 0.8 0.7 1.0 3.0 4.8 6.2 2.2 4.1 5.8 6.2 5.3 5.9 6.0 8.2 10.3 9.2 11.2 11.0 10.4 10.4 5.4 7.6 6.2 7.2 10.6 11.4 19.3 16.4 18.5 20.1 41.0 68.0 78.0 75.7 60.3 47.9 45.4 49.7 58.4 75.7 96.8 112.1
-9999.0 -9999.0 -9999.0 -9999.0 -9999.0 -9999.0 -9999.0 -9999.0 -9999.0 -9999.0 -9999.0 -9999.0 2.0 0.2 0.4 3.0 1.8 0.3 0.2 0.5 0.2 0.3 0.3 0.3 0.2 0.2 0.2 0.3 0.4 0.4 0.4 0.7 1.5 1.0 1.2 1.5 1.0 1.0 0.9 0.6 0.9 0.8 1.1 2.0 3.6 6.2 10.0 9.8 8.8 5.0 6.1 9.8 10.0 11.8 13.3 12.8 11.9 11.4 9.4 12.5 15.2 19.8 11.6 11.0 14.6 17.4 33.2 47.2 62.6 72.7 72.6 66.1 60.6 65.1 71.4 63.6 81.5 91.1 114.1
-9999.0 -9999.0 -9999.0 -9999.0 -9999.0 -9999.0 -9999.0 -9999.0 -9999.0 -9999.0 -9999.0 -9999.0 0.2 1.1 0.2 0.3 0.3 1.5 0.5 0.5 1.2 1.2 0.4 0.6 0.3 0.7 0.4 0.9 0.3 0.3 0.4 1.1 0.7 0.7 1.0 1.5 1.3 1.1 0.8 1.5 1.2 0.5 3.1 0.5 3.4 8.8 11.9 10.0 6.5 6.3 7.2 7.0 14.1 15.4 14.1 13.7 13.4 13.3 14.1 12.0 13.6 16.2 32.8 13.4 10.4 25.7 35.0 50.1 66.4 71.5 77.1 92.5 91.2 99.7 152.4 103.0 127.6 106.1 116.0
-9999.0 -9999.0 -9999.0 -9999.0 -9999.0 -9999.0 -9999.0 -9999.0 -9999.0 -9999.0 -9999.0 -9999.0 -9999.0 4.3 2.5 0.4 0.5 0.4 0.9 1.1 3.0 0.7 1.1 1.2 0.4 0.4 0.3 0.3 0.4 0.2 0.6 0.6 0.9 0.8 1.3 2.8 2.5 1.1 1.2 1.1 1.3 4.5 6.3 5.1 3.1 5.7 10.3 6.5 10.3 8.4 4.9 8.8 8.1 7.6 11.6 12.7 10.5 10.9 14.3 22.3 22.6 46.2 30.0 9.4 18.9 25.9 32.9 45.6 60.2 79.9 91.7 102.2 121.8 124.7 136.4 140.6 137.4 128.1 123.3
-9999.0 -9999.0 -9999.0 -9999.0 -9999.0 -9999.0 -9999.0 -9999.0 -9999.0 -9999.0 -9999.0 -9999.0 -9999.0 0.1 2.3 0.5 2.2 0.4 0.5 0.8 2.8 2.3 2.2 1.3 0.3 0.4 0.5 0.3 0.3 1.4 1.0 0.9 0.6 0.9 1.9 2.2 1.3 1.0 1.6 4.9 2.4 3.3 4.1 5.1 11.9 7.9 9.2 6.1 6.6 5.4 6.2 2.2 4.8 7.4 9.6 8.5 7.2 9.3 14.9 13.8 25.1 16.7 13.6 20.3 21.2 24.3 30.0 42.7 62.4 82.0 102.4 120.8 138.0 160.2 178.0 178.6 166.1 141.0 137.0
-9999.0 -9999.0 -9999.0 -9999.0 -9999.0 -9999.0 -9999.0 -9999.0 -9999.0 -9999.0 -9999.0 -9999.0 -9999.0 -9999.0 -9999.0 0.8 0.5 1.1 0.7 0.5 2.0 1.0 0.8 0.9 1.0 0.8 2.0 0.8 1.6 0.4 0.7 0.6 1.7 1.7 1.3 2.9 3.4 0.4 0.9 1.7 4.1 5.5 5.5 5.1 2.9 2.9 7.0 3.2 5.5 1.0 1.9 6.0 1.7 2.1 0.8 3.6 5.2 5.8 15.2 23.5 17.0 17.4 30.6 26.6 25.2 26.7 33.4 48.1 68.5 95.7 115.9 128.6 164.6 180.6 187.1 190.1 164.7 150.8 113.9
-9999.0 -9999.0 -9999.0 -9999.0 -9999.0 -9999.0 -9999.0 -9999.0 -9999.0 -9999.0 -9999.0 -9999.0 -9999.0 -9999.0 -9999.0 -9999.0 -9999.0 0.1 0.1 -9999.0 0.2 1.4 0.5 0.5 1.2 0.9 2.3 1.0 0.4 0.9 0.5 0.3 1.8 0.5 0.4 0.8 2.7 0.2 0.7 1.4 2.6 5.5 4.7 3.9 0.9 2.2 1.1 8.4 1.9 2.4 0.2 0.3 0.1 1.0 1.8 2.8 2.1 8.6 13.0 20.8 9.8 18.7 29.9 32.2 30.0 31.9 43.0 60.5 82.7 107.2 117.7 164.6 182.8 172.9 179.3 176.1 144.8 117.9 101.8
-9999.0 -9999.0 -9999.0 -9999.0 -9999.0 -9999.0 -9999.0 -9999.0 -9999.0 -9999.0 -9999.0 -9999.0 -9999.0 -9999.0 -9999.0 -9999.0 -9999.0 -9999.0 -9999.0 -9999.0 -9999.0 0.6 1.2 3.2 1.3 0.4 0.4 0.3 0.4 0.2 0.3 0.2 0.2 0.4 0.4 0.7 0.4 0.3 0.3 0.3 0.3 4.1 5.2 4.4 0.7 3.3 0.7 1.7 7.7 36.2 0.8 5.5 3.5 0.2 0.7 3.4 5.2 4.6 21.6 15.9 5.1 8.4 20.7 27.6 35.7 42.7 58.3 75.8 97.0 118.1 137.1 168.8 173.2 164.1 157.4 143.2 124.0 107.1 91.9
-9999.0 -9999.0 -9999.0 -9999.0 -9999.0 -9999.0 -9999.0 -9999.0 -9999.0 -9999.0 -9999.0 -9999.0 -9999.0 -9999.0 -9999.0 -9999.0 -9999.0 -9999.0 -9999.0 -9999.0 -9999.0 -9999.0 -9999.0 0.2 0.6 0.5 0.4 0.4 0.9 0.3 0.3 0.4 1.5 0.8 1.2 0.9 1.0 0.3 0.8 1.5 1.7 3.8 2.0 1.1 0.5 0.5 0.9 1.1 0.7 0.5 0.4 2.9 0.3 0.8 0.8 0.4 4.1 11.4 2.1 14.0 3.2 6.2 9.2 14.4 24.1 46.3 68.7 85.0 104.7 127.1 159.4 166.6 164.9 159.2 139.8 120.9 102.6 86.7 75.6
-9999.0 -9999.0 -9999.0 -9999.0 -9999.0 -9999.0 -9999.0 -9999.0 -9999.0 -9999.0 -9999.0 -9999.0 -9999.0 -9999.0 -9999.0 -9999.0 -9999.0 -9999.0 -9999.0 -9999.0 -9999.0 -9999.0 -9999.0 -9999.0 -9999.0 0.1 0.2 3.8 2.0 3.9 0.8 0.2 0.2 0.5 0.4 1.0 3.0 0.4 1.2 0.6 2.5 1.2 0.2 0.3 0.3 0.5 0.5 0.5 2.4 0.9 5.5 2.5 5.2 4.9 1.7 2.3 5.9 4.0 13.4 12.3 9.9 10.3 36.3 15.0 22.9 42.6 60.1 72.4 100.0 129.4 142.1 143.0 131.2 127.8 109.2 86.1 67.7 61.0 73.9
-9999.0 -9999.0 -9999.0 -9999.0 -9999.0 -9999.0 -9999.0 -9999.0 -9999.0 -9999.0 -9999.0 -9999.0 -9999.0 -9999.0 -9999.0 -9999.0 -9999.0 -9999.0 -9999.0 -9999.0 -9999.0 -9999.0 -9999.0 -9999.0 -9999.0 -9999.0 -9999.0 0.2 0.2 0.2 0.1 0.1 1.1 0.2 0.4 0.2 0.3 0.3 0.2 0.3 1.0 0.3 0.2 0.5 0.5 0.6 0.6 0.5 0.4 0.7 0.6 1.0 4.0 3.9 5.7 9.9 3.2 1.6 11.4 5.3 6.1 16.5 12.7 14.4 23.2 32.9 52.1 65.9 80.3 97.8 101.6 105.8 83.5 82.7 64.6 50.0 56.2 53.8 40.1
-9999.0 -9999.0 -9999.0 -9999.0 -9999.0 -9999.0 -9999.0 -9999.0 -9999.0 -9999.0 -9999.0 -9999.0 -9999.0 -9999.0 -9999.0 -9999.0 -9999.0 -9999.0 -9999.0 -9999.0 -9999.0 -9999.0 -9999.0 -9999.0 -9999.0 -9999.0 -9999.0 -9999.0 -9999.0 -9999.0 -9999.0 -9999.0 -9999.0 0.3 0.2 -9999.0 -9999.0 -9999.0 0.4 0.3 0.4 0.5 0.5 1.1 1.4 1.1 -9999.0 -9999.0 -9999.0 -9999.0 -9999.0 -9999.0 3.4 12.5 4.6 3.9 4.3 1.9 3.8 7.1 14.8 24.5 21.9 22.9 29.3 40.2 54.7 68.3 72.8 70.2 64.1 65.9 66.5 50.0 51.9 35.7 57.4 38.9 37.5
-9999.0 -9999.0 -9999.0 -9999.0 -9999.0 -9999.0 -9999.0 -9999.0 -9999.0 -9999.0 -9999.0 -9999.0 -9999.0 -9999.0 -9999.0 -9999.0 -9999.0 -9999.0 -9999.0 -9999.0 -9999.0 -9999.0 -9999.0 -9999.0 -9999.0 -9999.0 -9999.0 -9999.0 -9999.0 -9999.0 -9999.0 -9999.0 -9999.0 -9999.0 -9999.0 -9999.0 -9999.0 -9999.0 -9999.0 3.5 3.4 3.4 3.3 3.0 -9999.0 -9999.0 -9999.0 -9999.0 -9999.0 -9999.0 -9999.0 -9999.0 5.6 19.2 12.2 6.6 5.7 6.4 10.8 20.2 31.8 38.3 42.1 41.5 54.0 63.6 73.9 73.2 69.2 70.2 65.3 58.6 46.7 54.9 40.2 41.0 47.2 39.8 50.7
-9999.0 -9999.0 -9999.0 -9999.0 -9999.0 -9999.0 -9999.0 -9999.0 -9999.0 -9999.0 -9999.0 -9999.0 -9999.0 -9999.0 -9999.0 -9999.0 -9999.0 -9999.0 -9999.0 -9999.0 -9999.0 -9999.0 -9999.0 -9999.0 -9999.0 -9999.0 -9999.0 -9999.0 -9999.0 -9999.0 -9999.0 -9999.0 -9999.0 -9999.0 -9999.0 -9999.0 -9999.0 -9999.0 -9999.0 -9999.0 -9999.0 -9999.0 -9999.0 -9999.0 -9999.0 -9999.0 -9999.0 -9999.0 -9999.0 -9999.0 -9999.0 -9999.0 2.0 24.7 16.5 21.4 15.2 16.7 24.0 38.3 55.8 64.0 85.9 64.5 73.0 76.0 80.5 80.6 73.7 70.1 69.3 69.5 91.1 62.0 54.5 43.4 53.9 37.5 26.0
-9999.0 -9999.0 -9999.0 -9999.0 -9999.0 -9999.0 -9999.0 -9999.0 -9999.0 -9999.0 -9999.0 -9999.0 -9999.0 -9999.0 -9999.0 -9999.0 -9999.0 -9999.0 -9999.0 -9999.0 -9999.0 -9999.0 -9999.0 -9999.0 -9999.0 -9999.0 -9999.0 -9999.0 -9999.0 -9999.0 -9999.0 -9999.0 -9999.0 -9999.0 -9999.0 -9999.0 -9999.0 -9999.0 -9999.0 -9999.0 -9999.0 -9999.0 -9999.0 -9999.0 -9999.0 -9999.0 -9999.0 -9999.0 -9999.0 -9999.0 -9999.0 1.9 8.3 25.6 19.1 25.9 28.8 32.9 41.3 53.5 74.1 84.0 82.3 77.6 79.4 82.7 87.8 83.6 78.1 71.7 72.3 74.2 62.7 52.2 51.2 42.6 54.6 18.9 24.9
-9999.0 -9999.0 -9999.0 -9999.0 -9999.0 -9999.0 -9999.0 -9999.0 -9999.0 -9999.0 -9999.0 -9999.0 -9999.0 -9999.0 -9999.0 -9999.0 -9999.0 -9999.0 -9999.0 -9999.0 -9999.0 -9999.0 -9999.0 -9999.0 -9999.0 -9999.0 -9999.0 -9999.0 -9999.0 -9999.0 -9999.0 -9999.0 -9999.0 -9999.0 -9999.0 -9999.0 -9999.0 -9999.0 -9999.0 -9999.0 -9999.0 -9999.0 -9999.0 -9999.0 -9999.0 -9999.0 -9999.0 -9999.0 -9999.0 -9999.0 7.8 10.8 20.3 30.4 32.0 39.5 47.6 59.0 61.7 71.7 87.3 94.0 85.5 80.0 74.3 76.9 83.6 85.0 82.6 72.8 72.8 60.9 53.8 56.1 56.6 58.6 16.0 40.8 4.4
-9999.0 -9999.0 -9999.0 -9999.0 -9999.0 -9999.0 -9999.0 -9999.0 -9999.0 -9999.0 -9999.0 -9999.0 -9999.0 -9999.0 -9999.0 -9999.0 -9999.0 -9999.0 -9999.0 -9999.0 -9999.0 -9999.0 -9999.0 -9999.0 -9999.0 -9999.0 -9999.0 -9999.0 -9999.0 -9999.0 -9999.0 -9999.0 -9999.0 -9999.0 -9999.0 -9999.0 -9999.0 -9999.0 -9999.0 -9999.0 -9999.0 -9999.0 -9999.0 -9999.0 -9999.0 -9999.0 -9999.0 -9999.0 -9999.0 -9999.0 25.0 34.5 27.5 41.5 48.0 54.9 85.8 68.8 72.7 78.6 79.1 80.0 69.4 67.3 64.0 68.1 74.3 81.6 80.0 71.8 66.7 58.9 47.0 32.1 23.4 16.7 25.1 3.2 1.6
-9999.0 -9999.0 -9999.0 -9999.0 -9999.0 -9999.0 -9999.0 -9999.0 -9999.0 -9999.0 -9999.0 -9999.0 -9999.0 -9999.0 -9999.0 -9999.0 -9999.0 -9999.0 -9999.0 -9999.0 -9999.0 -9999.0 -9999.0 -9999.0 -9999.0 -9999.0 -9999.0 -9999.0 -9999.0 -9999.0 -9999.0 -9999.0 -9999.0 -9999.0 -9999.0 -9999.0 -9999.0 -9999.0 -9999.0 -9999.0 -9999.0 -9999.0 -9999.0 -9999.0 -9999.0 -9999.0 -9999.0 -9999.0 -9999.0 -9999.0 61.7 63.5 64.9 66.5 68.2 71.8 67.1 82.0 79.2 82.0 73.7 74.0 67.4 57.2 58.0 57.3 68.4 79.2 79.8 81.9 60.4 72.2 29.4 28.7 8.9 9.6 33.4 2.0 3.5
-9999.0 -9999.0 -9999.0 -9999.0 -9999.0 -9999.0 -9999.0 -9999.0 -9999.0 -9999.0 -9999.0 -9999.0 -9999.0 -9999.0 -9999.0 -9999.0 -9999.0 -9999.0 -9999.0 -9999.0 -9999.0 -9999.0 -9999.0 -9999.0 -9999.0 -9999.0 -9999.0 -9999.0 -9999.0 -9999.0 -9999.0 -9999.0 -9999.0 -9999.0 -9999.0 -9999.0 -9999.0 -9999.0 -9999.0 -9999.0 -9999.0 -9999.0 -9999.0 -9999.0 -9999.0 -9999.0 -9999.0 -9999.0 -9999.0 -9999.0 119.7 114.2 108.9 94.1 81.0 70.0 78.0 73.9 78.6 76.3 76.9 74.0 60.9 64.3 65.2 63.8 72.7 84.6 96.8 57.9 52.1 34.0 22.9 17.6 2.9 6.5 17.8 2.4 14.3
-9999.0 -9999.0 -9999.0 -9999.0 -9999.0 -9999.0 -9999.0 -9999.0 -9999.0 -9999.0 -9999.0 -9999.0 -9999.0 -9999.0 -9999.0 -9999.0 -9999.0 -9999.0 -9999.0 -9999.0 -9999.0 -9999.0 -9999.0 -9999.0 -9999.0 -9999.0 -9999.0 -9999.0 -9999.0 -9999.0 -9999.0 -9999.0 -9999.0 -9999.0 -9999.0 -9999.0 -9999.0 -9999.0 -9999.0 -9999.0 -9999.0 -9999.0 -9999.0 -9999.0 -9999.0 -9999.0 -9999.0 -9999.0 -9999.0 -9999.0 -9999.0 -9999.0 -9999.0 118.0 90.9 68.6 56.5 56.1 60.4 70.3 110.9 79.7 109.9 89.0 83.3 82.0 95.6 96.9 103.1 81.2 44.1 18.7 7.2 3.6 2.1 0.4 2.0 1.6 3.1
-9999.0 -9999.0 -9999.0 -9999.0 -9999.0 -9999.0 -9999.0 -9999.0 -9999.0 -9999.0 -9999.0 -9999.0 -9999.0 -9999.0 -9999.0 -9999.0 -9999.0 -9999.0 -9999.0 -9999.0 -9999.0 -9999.0 -9999.0 -9999.0 -9999.0 -9999.0 -9999.0 -9999.0 -9999.0 -9999.0 -9999.0 -9999.0 -9999.0 -9999.0 -9999.0 -9999.0 -9999.0 -9999.0 -9999.0 -9999.0 -9999.0 -9999.0 -9999.0 -9999.0 -9999.0 -9999.0 -9999.0 -9999.0 -9999.0 -9999.0 -9999.0 -9999.0 -9999.0 124.3 86.7 75.1 44.7 37.6 50.4 92.2 101.2 107.2 145.5 129.6 123.3 116.4 107.2 125.1 88.4 63.6 29.9 11.6 5.1 3.2 2.1 4.5 0.4 10.0 8.6
-9999.0 -9999.0 -9999.0 -9999.0 -9999.0 -9999.0 -9999.0 -9999.0 -9999.0 -9999.0 -9999.0 -9999.0 -9999.0 -9999.0 -9999.0 -9999.0 -9999.0 -9999.0 -9999.0 -9999.0 -9999.0 -9999.0 -9999.0 -9999.0 -9999.0 -9999.0 -9999.0 -9999.0 -9999.0 -9999.0 -9999.0 -9999.0 -9999.0 -9999.0 -9999.0 -9999.0 -9999.0 -9999.0 -9999.0 -9999.0 -9999.0 -9999.0 -9999.0 -9999.0 -9999.0 -9999.0 -9999.0 -9999.0 -9999.0 -9999.0 -9999.0 -9999.0 -9999.0 128.3 79.0 67.2 48.6 39.9 55.8 85.5 133.5 155.3 191.3 192.2 155.3 -9999.0 -9999.0 -9999.0 103.5 55.4 34.7 24.2 13.5 6.1 4.1 8.9 0.6 5.6 124.4
-9999.0 -9999.0 -9999.0 -9999.0 -9999.0 -9999.0 -9999.0 -9999.0 -9999.0 -9999.0 -9999.0 -9999.0 -9999.0 -9999.0 -9999.0 -9999.0 -9999.0 -9999.0 -9999.0 -9999.0 -9999.0 -9999.0 -9999.0 -9999.0 -9999.0 -9999.0 -9999.0 -9999.0 -9999.0 -9999.0 -9999.0 -9999.0 -9999.0 -9999.0 -9999.0 -9999.0 -9999.0 -9999.0 -9999.0 -9999.0 -9999.0 -9999.0 -9999.0 -9999.0 -9999.0 -9999.0 -9999.0 -9999.0 -9999.0 -9999.0 -9999.0 -9999.0 -9999.0 -9999.0 100.7 75.1 49.9 45.6 77.4 125.3 124.5 -9999.0 -9999.0 -9999.0 -9999.0 -9999.0 -9999.0 -9999.0 77.8 70.9 80.2 35.4 19.1 12.6 5.7 1.7 1.1 1.6 5.9
-9999.0 -9999.0 -9999.0 -9999.0 -9999.0 -9999.0 -9999.0 -9999.0 -9999.0 -9999.0 -9999.0 -9999.0 -9999.0 -9999.0 -9999.0 -9999.0 -9999.0 -9999.0 -9999.0 -9999.0 -9999.0 -9999.0 -9999.0 -9999.0 -9999.0 -9999.0 -9999.0 -9999.0 -9999.0 -9999.0 -9999.0 -9999.0 -9999.0 -9999.0 -9999.0 -9999.0 -9999.0 -9999.0 -9999.0 -9999.0 -9999.0 -9999.0 -9999.0 -9999.0 -9999.0 -9999.0 -9999.0 -9999.0 -9999.0 -9999.0 -9999.0 -9999.0 -9999.0 -9999.0 -9999.0 88.8 109.8 81.1 87.1 131.0 154.6 -9999.0 -9999.0 -9999.0 -9999.0 -9999.0 -9999.0 -9999.0 -9999.0 -9999.0 53.1 -9999.0 -9999.0 -9999.0 -9999.0 -9999.0 5.8 -9999.0 -9999.0
-9999.0 -9999.0 -9999.0 -9999.0 -9999.0 -9999.0 -9999.0 -9999.0 -9999.0 -9999.0 -9999.0 -9999.0 -9999.0 -9999.0 -9999.0 -9999.0 -9999.0 -9999.0 -9999.0 -9999.0 -9999.0 -9999.0 -9999.0 -9999.0 -9999.0 -9999.0 -9999.0 -9999.0 -9999.0 -9999.0 -9999.0 -9999.0 -9999.0 -9999.0 -9999.0 -9999.0 -9999.0 -9999.0 -9999.0 -9999.0 -9999.0 -9999.0 -9999.0 -9999.0 -9999.0 -9999.0 -9999.0 -9999.0 -9999.0 -9999.0 -9999.0 -9999.0 -9999.0 -9999.0 -9999.0 -9999.0 -9999.0 -9999.0 127.6 133.7 -9999.0 -9999.0 -9999.0 -9999.0 -9999.0 -9999.0 -9999.0 -9999.0 -9999.0 -9999.0 -9999.0 -9999.0 -9999.0 -9999.0 -9999.0 24.1 23.5 -9999.0 -9999.0
-9999.0 -9999.0 -9999.0 -9999.0 -9999.0 -9999.0 -9999.0 -9999.0 -9999.0 -9999.0 -9999.0 -9999.0 -9999.0 -9999.0 -9999.0 -9999.0 -9999.0 -9999.0 -9999.0 -9999.0 -9999.0 -9999.0 -9999.0 -9999.0 -9999.0 -9999.0 -9999.0 -9999.0 -9999.0 -9999.0 -9999.0 -9999.0 -9999.0 -9999.0 -9999.0 -9999.0 -9999.0 -9999.0 -9999.0 -9999.0 -9999.0 -9999.0 -9999.0 -9999.0 -9999.0 -9999.0 -9999.0 -9999.0 -9999.0 -9999.0 -9999.0 -9999.0 -9999.0 -9999.0 -9999.0 -9999.0 -9999.0 -9999.0 -9999.0 -9999.0 -9999.0 -9999.0 -9999.0 -9999.0 -9999.0 -9999.0 -9999.0 -9999.0 -9999.0 -9999.0 -9999.0 -9999.0 -9999.0 -9999.0 -9999.0 -9999.0 -9999.0 -9999.0 -9999.0
-9999.0 -9999.0 -9999.0 -9999.0 -9999.0 -9999.0 -9999.0 -9999.0 -9999.0 -9999.0 -9999.0 -9999.0 -9999.0 -9999.0 -9999.0 -9999.0 -9999.0 -9999.0 -9999.0 -9999.0 -9999.0 -9999.0 -9999.0 -9999.0 -9999.0 -9999.0 -9999.0 -9999.0 -9999.0 -9999.0 -9999.0 -9999.0 -9999.0 -9999.0 -9999.0 -9999.0 -9999.0 -9999.0 -9999.0 -9999.0 -9999.0 -9999.0 -9999.0 -9999.0 -9999.0 -9999.0 -9999.0 -9999.0 -9999.0 -9999.0 -9999.0 -9999.0 -9999.0 -9999.0 -9999.0 -9999.0 -9999.0 -9999.0 -9999.0 -9999.0 -9999.0 -9999.0 -9999.0 -9999.0 -9999.0 -9999.0 -9999.0 -9999.0 -9999.0 -9999.0 -9999.0 -9999.0 -9999.0 -9999.0 -9999.0 121.5 109.3 97.1 -9999.0
-9999.0 -9999.0 -9999.0 -9999.0 -9999.0 -9999.0 -9999.0 -9999.0 -9999.0 -9999.0 -9999.0 -9999.0 -9999.0 -9999.0 -9999.0 -9999.0 -9999.0 -9999.0 -9999.0 -9999.0 -9999.0 -9999.0 -9999.0 -9999.0 -9999.0 -9999.0 -9999.0 -9999.0 -9999.0 -9999.0 -9999.0 -9999.0 -9999.0 -9999.0 -9999.0 -9999.0 -9999.0 -9999.0 -9999.0 -9999.0 -9999.0 -9999.0 -9999.0 -9999.0 -9999.0 -9999.0 -9999.0 -9999.0 -9999.0 -9999.0 -9999.0 -9999.0 -9999.0 -9999.0 -9999.0 -9999.0 -9999.0 -9999.0 -9999.0 -9999.0 -9999.0 -9999.0 -9999.0 -9999.0 -9999.0 -9999.0 -9999.0 -9999.0 -9999.0 -9999.0 -9999.0 -9999.0 -9999.0 43.2 203.3 207.5 243.6 -9999.0 -9999.0
