program/excelProcessViaJava/data/SURF_CLI_CHN_PRE_MON_GRID_0.5-198304.txt
NCOLS      128
NROWS       72
XLLCORNER    72.000000000000    
YLLCORNER    18.000000000000    
CELLSIZE    0.50000000000000    
NODATA_VALUE   -9999.000    
[rows 34 to 67 of 72, columns 0 to 76 of 128]
-9999.0 -9999.0 -9999.0 -9999.0 0.1 0.1 0.1 0.1 0.2 0.3 0.2 0.4 0.3 0.5 0.6 0.9 1.1 1.7 1.8 1.7 1.4 1.4 1.0 0.5 2.0 6.6 2.0 2.5 2.2 2.4 2.4 4.4 2.7 2.8 3.6 2.4 5.2 8.5 3.1 1.0 3.2 0.5 0.4 0.4 0.4 0.4 0.4 0.4 0.4 0.6 0.8 1.1 6.2 3.5 3.4 5.6 8.6 13.9 21.7 29.4 31.8 25.5 25.0 27.6 26.0 24.8 24.0 25.5 29.2 32.7 37.2 37.2 35.7 35.8 35.8 36.3 34.5
-9999.0 -9999.0 -9999.0 -9999.0 -9999.0 -9999.0 -9999.0 0.0 0.1 0.1 0.3 0.4 0.2 0.4 0.5 0.6 0.5 0.7 0.8 0.6 0.8 1.8 2.2 1.9 1.7 1.6 2.4 2.9 3.3 5.2 5.0 4.9 4.5 5.7 7.8 5.2 9.7 7.5 13.0 13.9 2.9 16.4 12.7 5.4 2.1 0.8 1.4 1.0 1.6 0.6 0.4 0.6 1.8 17.6 13.1 5.9 9.4 15.7 26.7 31.0 35.5 24.4 28.1 35.3 37.7 33.3 30.8 30.5 35.1 42.3 49.0 48.5 50.1 50.7 47.4 47.9 44.5
-9999.0 -9999.0 -9999.0 -9999.0 -9999.0 -9999.0 -9999.0 0.1 0.0 0.0 0.1 0.1 0.2 0.7 0.4 2.5 0.7 0.8 2.3 0.9 0.9 1.9 1.4 1.6 1.5 1.7 1.7 3.4 2.4 2.4 4.7 5.3 5.5 9.0 6.5 7.5 6.9 10.3 10.3 9.1 10.0 9.9 11.8 24.5 8.6 3.9 6.3 6.9 15.8 9.1 23.7 16.4 3.9 8.0 19.3 9.7 15.0 24.4 33.3 38.1 38.5 38.7 41.0 53.7 53.0 47.0 42.7 43.6 46.1 56.4 59.8 61.4 64.9 65.7 51.9 59.6 55.7
-9999.0 -9999.0 -9999.0 -9999.0 -9999.0 -9999.0 -9999.0 -9999.0 -9999.0 0.0 0.0 0.0 0.2 0.3 0.3 0.3 0.6 3.5 1.3 3.2 1.6 1.0 1.0 1.1 1.2 1.2 1.7 2.1 1.9 4.4 2.5 4.0 4.9 7.3 5.5 6.3 6.7 9.1 8.4 10.4 8.9 10.9 10.2 9.6 14.7 16.2 18.1 17.9 18.5 16.9 19.8 13.4 9.7 9.3 21.4 14.4 19.3 29.3 37.6 40.9 42.5 46.0 52.2 65.8 66.1 59.4 57.4 61.9 61.0 66.5 67.3 63.9 66.4 69.6 69.2 44.6 42.9
-9999.0 -9999.0 -9999.0 -9999.0 -9999.0 -9999.0 -9999.0 -9999.0 -9999.0 -9999.0 -9999.0 0.1 0.1 0.3 0.3 0.4 0.5 0.5 0.6 0.9 1.5 1.0 1.2 1.0 2.3 1.6 2.4 2.7 2.9 2.9 3.5 6.7 5.2 6.5 6.4 12.4 8.7 9.8 20.9 11.6 14.9 11.5 9.8 10.1 21.5 16.6 31.5 24.9 27.9 23.1 14.1 13.0 13.2 18.4 27.2 22.6 22.4 30.3 36.1 39.7 42.4 45.2 53.4 64.2 63.2 66.1 69.8 71.7 71.1 71.2 68.0 65.3 58.8 53.1 40.0 39.3 37.7
-9999.0 -9999.0 -9999.0 -9999.0 -9999.0 -9999.0 -9999.0 -9999.0 -9999.0 -9999.0 -9999.0 -9999.0 0.1 0.1 0.3 0.3 1.2 0.6 0.7 2.2 0.6 0.8 1.0 0.8 4.7 1.3 1.2 2.6 2.7 5.7 4.3 4.9 6.0 9.7 11.1 10.5 18.7 12.3 10.5 9.6 9.7 10.0 10.4 14.5 16.4 21.8 29.9 23.3 25.0 23.4 29.5 25.5 19.0 17.0 21.9 25.5 26.7 32.3 30.8 37.2 38.9 41.6 44.4 50.5 59.6 57.4 62.6 66.5 69.7 72.6 62.6 50.5 47.0 46.8 49.3 86.9 51.6
-9999.0 -9999.0 -9999.0 -9999.0 -9999.0 -9999.0 -9999.0 -9999.0 -9999.0 -9999.0 -9999.0 -9999.0 0.3 0.1 0.2 0.4 0.3 0.4 1.1 1.0 1.0 1.4 1.2 0.9 0.7 1.0 1.3 1.1 2.0 2.2 4.2 7.8 7.5 8.5 11.1 10.6 16.8 17.7 15.0 13.4 10.8 10.5 16.4 11.9 18.7 27.3 23.0 22.8 16.7 23.0 21.1 24.6 19.1 23.7 18.2 24.0 21.6 25.6 26.8 31.8 35.1 36.5 39.3 44.4 49.3 51.2 52.0 53.8 58.2 67.5 81.5 101.8 109.9 85.6 81.1 67.4 59.5
-9999.0 -9999.0 -9999.0 -9999.0 -9999.0 -9999.0 -9999.0 -9999.0 -9999.0 -9999.0 -9999.0 -9999.0 -9999.0 0.3 0.7 0.4 0.6 0.6 0.6 0.7 1.0 0.9 1.4 0.9 1.0 2.1 2.4 4.0 3.1 3.5 3.4 4.4 9.0 11.2 8.7 10.5 12.3 15.4 31.6 20.4 17.5 18.8 16.6 22.8 18.2 17.4 24.7 31.4 33.2 29.9 27.9 21.6 20.7 41.2 31.3 25.2 20.6 24.3 33.9 32.9 36.4 36.1 37.9 37.5 45.3 44.9 50.4 51.5 59.8 69.0 71.0 85.1 96.9 98.5 101.4 86.0 80.1
-9999.0 -9999.0 -9999.0 -9999.0 -9999.0 -9999.0 -9999.0 -9999.0 -9999.0 -9999.0 -9999.0 -9999.0 0.5 1.1 1.1 0.8 1.8 1.4 1.5 1.2 1.3 1.4 1.5 1.4 1.3 2.2 1.9 1.7 2.0 2.9 3.5 3.6 9.0 8.3 10.8 10.5 16.2 12.4 13.8 16.4 27.6 35.1 39.1 17.5 21.7 24.5 23.7 22.3 27.8 29.7 38.3 45.2 28.7 33.2 24.5 21.7 26.1 17.9 26.4 30.2 36.8 42.4 40.0 45.0 38.6 42.0 39.8 41.3 67.2 95.7 111.4 117.7 112.2 93.3 88.9 87.4 86.2
-9999.0 -9999.0 -9999.0 -9999.0 -9999.0 -9999.0 -9999.0 -9999.0 -9999.0 -9999.0 -9999.0 -9999.0 1.8 1.6 1.7 4.3 3.6 2.2 2.4 2.9 2.6 2.9 2.8 2.6 2.2 1.8 1.6 1.5 1.6 1.6 2.0 3.3 7.2 5.9 7.4 9.8 9.8 12.4 14.1 13.6 16.3 15.6 16.0 18.6 22.0 27.8 40.3 40.5 39.9 25.5 26.4 38.0 26.2 21.8 20.6 16.8 20.1 24.3 24.9 36.3 45.4 54.0 40.7 37.5 37.8 46.5 47.0 37.9 51.1 84.6 111.5 119.9 114.6 114.0 111.2 95.5 88.5
-9999.0 -9999.0 -9999.0 -9999.0 -9999.0 -9999.0 -9999.0 -9999.0 -9999.0 -9999.0 -9999.0 -9999.0 4.5 3.9 4.2 4.1 4.4 6.5 5.2 5.5 7.8 8.1 5.6 5.9 4.5 5.0 3.4 4.2 1.6 1.5 1.7 4.3 3.5 4.2 5.9 8.1 9.6 11.7 12.9 18.0 17.8 15.1 26.9 14.6 23.6 39.8 49.0 41.2 31.4 30.7 31.0 22.9 56.5 55.9 32.6 17.2 20.5 25.4 31.0 29.8 37.6 45.9 70.7 43.3 41.3 37.4 30.5 37.1 58.3 74.6 90.9 118.5 114.2 117.1 153.4 108.3 123.7
-9999.0 -9999.0 -9999.0 -9999.0 -9999.0 -9999.0 -9999.0 -9999.0 -9999.0 -9999.0 -9999.0 -9999.0 -9999.0 11.4 10.2 8.5 8.9 9.1 10.8 12.1 18.1 12.0 13.0 12.9 8.5 7.1 5.0 3.1 2.5 1.1 2.1 2.1 3.6 3.6 5.6 11.4 12.4 10.6 13.7 15.5 18.3 32.9 40.4 34.2 25.0 30.3 43.2 30.1 45.2 38.8 22.3 38.9 29.8 18.8 34.6 32.8 19.1 20.7 29.7 51.0 51.7 96.3 69.6 47.5 50.4 26.0 21.1 32.3 51.2 79.6 85.9 87.9 104.6 89.8 100.5 93.3 87.4
-9999.0 -9999.0 -9999.0 -9999.0 -9999.0 -9999.0 -9999.0 -9999.0 -9999.0 -9999.0 -9999.0 -9999.0 -9999.0 20.3 17.3 15.9 19.4 17.0 17.8 19.6 26.9 26.2 25.8 21.5 15.4 12.7 9.3 5.0 2.7 5.8 3.0 2.4 1.8 3.1 6.7 8.7 7.6 9.4 14.7 31.4 21.9 27.5 32.0 35.1 58.2 38.9 40.7 29.2 30.8 26.9 32.7 12.3 25.9 37.7 44.0 31.9 20.8 22.4 34.1 26.7 56.9 50.6 70.2 91.9 49.2 22.7 18.9 30.1 54.9 74.6 85.2 87.9 88.7 95.9 102.3 108.9 118.5
-9999.0 -9999.0 -9999.0 -9999.0 -9999.0 -9999.0 -9999.0 -9999.0 -9999.0 -9999.0 -9999.0 -9999.0 -9999.0 -9999.0 -9999.0 27.9 28.8 30.3 31.2 32.7 38.0 35.8 34.8 33.2 29.9 23.7 24.1 11.9 11.5 2.2 1.8 1.0 4.2 4.5 3.9 11.6 16.8 6.4 10.9 16.2 29.2 36.3 36.6 35.3 30.3 32.1 35.8 25.4 29.0 11.7 15.1 43.4 18.9 22.5 13.4 23.6 24.5 14.3 41.1 58.2 46.8 64.7 107.0 89.7 54.1 27.6 23.0 34.8 60.9 90.8 96.9 89.5 106.2 110.9 113.3 133.4 130.3
-9999.0 -9999.0 -9999.0 -9999.0 -9999.0 -9999.0 -9999.0 -9999.0 -9999.0 -9999.0 -9999.0 -9999.0 -9999.0 -9999.0 -9999.0 -9999.0 -9999.0 128.2 68.4 -9999.0 61.0 58.2 56.6 53.4 48.8 39.6 37.5 21.3 8.8 6.3 1.5 0.3 4.8 0.6 1.0 3.6 15.9 5.3 10.0 15.1 22.5 37.5 33.4 31.4 57.9 37.8 123.7 45.6 21.0 22.0 13.4 11.6 18.2 23.5 27.5 27.7 15.1 34.9 40.2 57.6 52.8 69.6 86.5 87.0 64.3 41.9 39.2 57.4 84.9 105.0 100.1 117.9 125.5 122.4 140.7 156.4 149.7
-9999.0 -9999.0 -9999.0 -9999.0 -9999.0 -9999.0 -9999.0 -9999.0 -9999.0 -9999.0 -9999.0 -9999.0 -9999.0 -9999.0 -9999.0 -9999.0 -9999.0 -9999.0 -9999.0 -9999.0 -9999.0 89.7 87.3 88.1 75.6 64.8 48.5 31.4 16.7 5.6 1.6 0.3 0.3 0.6 1.4 3.6 4.6 6.4 9.0 14.9 17.9 34.2 38.6 34.4 65.1 35.3 246.0 38.5 53.3 177.9 23.1 59.7 51.3 17.7 21.9 33.6 32.6 21.3 66.9 54.4 55.0 60.0 61.5 76.5 75.9 62.2 65.5 88.5 111.6 120.0 113.5 120.9 126.3 137.8 158.4 172.9 173.3
-9999.0 -9999.0 -9999.0 -9999.0 -9999.0 -9999.0 -9999.0 -9999.0 -9999.0 -9999.0 -9999.0 -9999.0 -9999.0 -9999.0 -9999.0 -9999.0 -9999.0 -9999.0 -9999.0 -9999.0 -9999.0 -9999.0 -9999.0 152.0 115.5 101.0 80.1 55.1 35.3 14.6 5.8 3.1 9.5 4.1 8.4 9.2 15.3 11.5 21.9 29.7 28.8 40.3 26.0 28.0 74.3 343.8 98.9 73.6 103.4 119.2 47.2 57.1 42.8 38.8 24.7 10.5 24.6 43.6 23.5 54.4 55.6 65.8 64.6 56.7 68.6 71.7 83.8 111.0 119.9 127.9 121.1 121.9 131.1 156.7 178.6 199.9 214.1
-9999.0 -9999.0 -9999.0 -9999.0 -9999.0 -9999.0 -9999.0 -9999.0 -9999.0 -9999.0 -9999.0 -9999.0 -9999.0 -9999.0 -9999.0 -9999.0 -9999.0 -9999.0 -9999.0 -9999.0 -9999.0 -9999.0 -9999.0 -9999.0 -9999.0 214.7 137.4 98.9 67.1 60.8 22.8 8.2 5.5 7.9 8.2 19.3 43.4 23.3 39.8 33.0 49.2 28.9 77.0 71.5 241.0 385.2 263.6 510.0 69.3 126.8 84.5 81.3 88.8 78.3 45.5 24.2 27.0 18.7 42.7 48.2 58.8 64.7 104.4 39.7 52.2 63.8 80.3 92.2 101.4 107.1 112.6 117.8 129.7 161.2 196.1 221.6 235.9
-9999.0 -9999.0 -9999.0 -9999.0 -9999.0 -9999.0 -9999.0 -9999.0 -9999.0 -9999.0 -9999.0 -9999.0 -9999.0 -9999.0 -9999.0 -9999.0 -9999.0 -9999.0 -9999.0 -9999.0 -9999.0 -9999.0 -9999.0 -9999.0 -9999.0 -9999.0 -9999.0 233.2 189.4 74.3 43.4 26.8 29.2 19.9 19.5 51.0 27.3 33.3 40.8 40.6 47.8 35.2 108.3 245.3 300.6 393.5 490.4 542.0 577.2 305.2 503.9 483.1 145.7 133.1 82.5 52.8 20.6 12.3 31.7 26.5 27.0 57.1 32.8 35.1 50.7 52.7 66.6 86.2 94.8 97.0 104.0 110.5 127.2 154.6 186.5 217.7 235.1
-9999.0 -9999.0 -9999.0 -9999.0 -9999.0 -9999.0 -9999.0 -9999.0 -9999.0 -9999.0 -9999.0 -9999.0 -9999.0 -9999.0 -9999.0 -9999.0 -9999.0 -9999.0 -9999.0 -9999.0 -9999.0 -9999.0 -9999.0 -9999.0 -9999.0 -9999.0 -9999.0 -9999.0 -9999.0 -9999.0 -9999.0 -9999.0 -9999.0 77.3 34.9 -9999.0 -9999.0 -9999.0 88.9 55.0 74.4 111.9 98.7 274.0 360.2 397.4 -9999.0 -9999.0 -9999.0 -9999.0 -9999.0 -9999.0 300.6 153.5 135.5 60.0 22.1 9.2 9.0 11.4 22.7 41.4 30.5 29.8 33.0 43.8 59.9 74.8 82.6 94.3 108.6 110.8 128.3 143.6 176.3 196.7 211.5
-9999.0 -9999.0 -9999.0 -9999.0 -9999.0 -9999.0 -9999.0 -9999.0 -9999.0 -9999.0 -9999.0 -9999.0 -9999.0 -9999.0 -9999.0 -9999.0 -9999.0 -9999.0 -9999.0 -9999.0 -9999.0 -9999.0 -9999.0 -9999.0 -9999.0 -9999.0 -9999.0 -9999.0 -9999.0 -9999.0 -9999.0 -9999.0 -9999.0 -9999.0 -9999.0 -9999.0 -9999.0 -9999.0 -9999.0 233.8 235.2 250.7 271.0 291.6 -9999.0 -9999.0 -9999.0 -9999.0 -9999.0 -9999.0 -9999.0 -9999.0 296.3 177.9 127.1 61.2 17.7 5.4 3.1 5.1 11.5 23.2 30.3 23.2 34.3 44.3 59.0 71.3 85.6 95.1 110.2 126.6 138.1 158.2 163.9 184.3 185.3
-9999.0 -9999.0 -9999.0 -9999.0 -9999.0 -9999.0 -9999.0 -9999.0 -9999.0 -9999.0 -9999.0 -9999.0 -9999.0 -9999.0 -9999.0 -9999.0 -9999.0 -9999.0 -9999.0 -9999.0 -9999.0 -9999.0 -9999.0 -9999.0 -9999.0 -9999.0 -9999.0 -9999.0 -9999.0 -9999.0 -9999.0 -9999.0 -9999.0 -9999.0 -9999.0 -9999.0 -9999.0 -9999.0 -9999.0 -9999.0 -9999.0 -9999.0 -9999.0 -9999.0 -9999.0 -9999.0 -9999.0 -9999.0 -9999.0 -9999.0 -9999.0 -9999.0 277.3 189.1 127.5 72.6 18.3 5.4 2.7 3.8 5.8 10.9 46.9 21.1 29.3 32.9 45.1 67.9 92.1 116.1 142.0 156.6 166.6 177.0 192.0 185.9 181.8
-9999.0 -9999.0 -9999.0 -9999.0 -9999.0 -9999.0 -9999.0 -9999.0 -9999.0 -9999.0 -9999.0 -9999.0 -9999.0 -9999.0 -9999.0 -9999.0 -9999.0 -9999.0 -9999.0 -9999.0 -9999.0 -9999.0 -9999.0 -9999.0 -9999.0 -9999.0 -9999.0 -9999.0 -9999.0 -9999.0 -9999.0 -9999.0 -9999.0 -9999.0 -9999.0 -9999.0 -9999.0 -9999.0 -9999.0 -9999.0 -9999.0 -9999.0 -9999.0 -9999.0 -9999.0 -9999.0 -9999.0 -9999.0 -9999.0 -9999.0 -9999.0 205.8 207.5 181.4 97.5 56.7 23.5 13.0 5.9 3.2 9.1 12.2 11.7 18.7 24.0 28.1 38.9 63.4 92.5 129.5 164.5 176.9 166.5 159.2 176.9 177.1 180.4
-9999.0 -9999.0 -9999.0 -9999.0 -9999.0 -9999.0 -9999.0 -9999.0 -9999.0 -9999.0 -9999.0 -9999.0 -9999.0 -9999.0 -9999.0 -9999.0 -9999.0 -9999.0 -9999.0 -9999.0 -9999.0 -9999.0 -9999.0 -9999.0 -9999.0 -9999.0 -9999.0 -9999.0 -9999.0 -9999.0 -9999.0 -9999.0 -9999.0 -9999.0 -9999.0 -9999.0 -9999.0 -9999.0 -9999.0 -9999.0 -9999.0 -9999.0 -9999.0 -9999.0 -9999.0 -9999.0 -9999.0 -9999.0 -9999.0 -9999.0 129.6 155.1 164.8 151.7 92.8 63.5 32.5 19.8 13.0 10.6 9.4 14.1 15.8 22.3 25.4 29.2 39.9 58.0 85.8 112.4 142.4 142.2 134.8 139.9 153.4 169.2 149.2
-9999.0 -9999.0 -9999.0 -9999.0 -9999.0 -9999.0 -9999.0 -9999.0 -9999.0 -9999.0 -9999.0 -9999.0 -9999.0 -9999.0 -9999.0 -9999.0 -9999.0 -9999.0 -9999.0 -9999.0 -9999.0 -9999.0 -9999.0 -9999.0 -9999.0 -9999.0 -9999.0 -9999.0 -9999.0 -9999.0 -9999.0 -9999.0 -9999.0 -9999.0 -9999.0 -9999.0 -9999.0 -9999.0 -9999.0 -9999.0 -9999.0 -9999.0 -9999.0 -9999.0 -9999.0 -9999.0 -9999.0 -9999.0 -9999.0 -9999.0 73.5 129.4 77.7 110.2 97.6 66.7 37.5 35.5 24.1 18.7 18.9 19.7 23.2 28.7 33.1 36.3 43.9 58.3 74.6 84.4 100.7 113.7 114.1 105.8 113.0 129.3 157.9
-9999.0 -9999.0 -9999.0 -9999.0 -9999.0 -9999.0 -9999.0 -9999.0 -9999.0 -9999.0 -9999.0 -9999.0 -9999.0 -9999.0 -9999.0 -9999.0 -9999.0 -9999.0 -9999.0 -9999.0 -9999.0 -9999.0 -9999.0 -9999.0 -9999.0 -9999.0 -9999.0 -9999.0 -9999.0 -9999.0 -9999.0 -9999.0 -9999.0 -9999.0 -9999.0 -9999.0 -9999.0 -9999.0 -9999.0 -9999.0 -9999.0 -9999.0 -9999.0 -9999.0 -9999.0 -9999.0 -9999.0 -9999.0 -9999.0 -9999.0 41.9 47.3 44.2 110.4 68.8 62.2 64.2 42.5 32.5 22.9 25.6 27.3 31.5 36.4 41.4 42.7 47.0 55.1 62.2 75.1 73.7 114.7 108.4 118.1 110.5 125.9 159.9
-9999.0 -9999.0 -9999.0 -9999.0 -9999.0 -9999.0 -9999.0 -9999.0 -9999.0 -9999.0 -9999.0 -9999.0 -9999.0 -9999.0 -9999.0 -9999.0 -9999.0 -9999.0 -9999.0 -9999.0 -9999.0 -9999.0 -9999.0 -9999.0 -9999.0 -9999.0 -9999.0 -9999.0 -9999.0 -9999.0 -9999.0 -9999.0 -9999.0 -9999.0 -9999.0 -9999.0 -9999.0 -9999.0 -9999.0 -9999.0 -9999.0 -9999.0 -9999.0 -9999.0 -9999.0 -9999.0 -9999.0 -9999.0 -9999.0 -9999.0 35.2 57.9 52.7 71.3 73.4 77.6 44.0 41.9 31.5 20.4 26.9 29.6 30.7 43.0 47.7 47.4 49.8 54.0 63.3 42.0 56.8 80.9 108.6 114.8 104.3 119.6 140.0
-9999.0 -9999.0 -9999.0 -9999.0 -9999.0 -9999.0 -9999.0 -9999.0 -9999.0 -9999.0 -9999.0 -9999.0 -9999.0 -9999.0 -9999.0 -9999.0 -9999.0 -9999.0 -9999.0 -9999.0 -9999.0 -9999.0 -9999.0 -9999.0 -9999.0 -9999.0 -9999.0 -9999.0 -9999.0 -9999.0 -9999.0 -9999.0 -9999.0 -9999.0 -9999.0 -9999.0 -9999.0 -9999.0 -9999.0 -9999.0 -9999.0 -9999.0 -9999.0 -9999.0 -9999.0 -9999.0 -9999.0 -9999.0 -9999.0 -9999.0 -9999.0 -9999.0 -9999.0 53.2 58.1 56.5 48.7 39.2 18.5 19.0 34.8 27.9 44.1 52.8 57.3 57.2 59.8 62.6 67.4 62.4 53.8 59.4 71.3 75.7 80.5 95.9 117.7
-9999.0 -9999.0 -9999.0 -9999.0 -9999.0 -9999.0 -9999.0 -9999.0 -9999.0 -9999.0 -9999.0 -9999.0 -9999.0 -9999.0 -9999.0 -9999.0 -9999.0 -9999.0 -9999.0 -9999.0 -9999.0 -9999.0 -9999.0 -9999.0 -9999.0 -9999.0 -9999.0 -9999.0 -9999.0 -9999.0 -9999.0 -9999.0 -9999.0 -9999.0 -9999.0 -9999.0 -9999.0 -9999.0 -9999.0 -9999.0 -9999.0 -9999.0 -9999.0 -9999.0 -9999.0 -9999.0 -9999.0 -9999.0 -9999.0 -9999.0 -9999.0 -9999.0 -9999.0 51.4 51.0 72.9 41.5 25.7 22.7 31.7 30.1 35.5 54.9 66.8 76.9 80.3 86.4 86.7 86.1 76.7 59.1 48.5 49.3 52.5 62.2 103.2 126.0
-9999.0 -9999.0 -9999.0 -9999.0 -9999.0 -9999.0 -9999.0 -9999.0 -9999.0 -9999.0 -9999.0 -9999.0 -9999.0 -9999.0 -9999.0 -9999.0 -9999.0 -9999.0 -9999.0 -9999.0 -9999.0 -9999.0 -9999.0 -9999.0 -9999.0 -9999.0 -9999.0 -9999.0 -9999.0 -9999.0 -9999.0 -9999.0 -9999.0 -9999.0 -9999.0 -9999.0 -9999.0 -9999.0 -9999.0 -9999.0 -9999.0 -9999.0 -9999.0 -9999.0 -9999.0 -9999.0 -9999.0 -9999.0 -9999.0 -9999.0 -9999.0 -9999.0 -9999.0 50.0 39.5 53.6 40.9 27.0 24.3 26.2 38.8 49.7 67.7 82.1 97.4 -9999.0 -9999.0 -9999.0 119.7 105.4 81.8 63.4 54.1 55.3 74.5 118.7 137.1
-9999.0 -9999.0 -9999.0 -9999.0 -9999.0 -9999.0 -9999.0 -9999.0 -9999.0 -9999.0 -9999.0 -9999.0 -9999.0 -9999.0 -9999.0 -9999.0 -9999.0 -9999.0 -9999.0 -9999.0 -9999.0 -9999.0 -9999.0 -9999.0 -9999.0 -9999.0 -9999.0 -9999.0 -9999.0 -9999.0 -9999.0 -9999.0 -9999.0 -9999.0 -9999.0 -9999.0 -9999.0 -9999.0 -9999.0 -9999.0 -9999.0 -9999.0 -9999.0 -9999.0 -9999.0 -9999.0 -9999.0 -9999.0 -9999.0 -9999.0 -9999.0 -9999.0 -9999.0 -9999.0 48.3 44.5 29.5 22.1 27.2 35.2 34.3 -9999.0 -9999.0 -9999.0 -9999.0 -9999.0 -9999.0 -9999.0 141.9 131.8 115.3 88.0 75.4 80.6 102.4 132.1 147.0
-9999.0 -9999.0 -9999.0 -9999.0 -9999.0 -9999.0 -9999.0 -9999.0 -9999.0 -9999.0 -9999.0 -9999.0 -9999.0 -9999.0 -9999.0 -9999.0 -9999.0 -9999.0 -9999.0 -9999.0 -9999.0 -9999.0 -9999.0 -9999.0 -9999.0 -9999.0 -9999.0 -9999.0 -9999.0 -9999.0 -9999.0 -9999.0 -9999.0 -9999.0 -9999.0 -9999.0 -9999.0 -9999.0 -9999.0 -9999.0 -9999.0 -9999.0 -9999.0 -9999.0 -9999.0 -9999.0 -9999.0 -9999.0 -9999.0 -9999.0 -9999.0 -9999.0 -9999.0 -9999.0 -9999.0 36.0 44.3 27.3 22.9 30.9 38.8 -9999.0 -9999.0 -9999.0 -9999.0 -9999.0 -9999.0 -9999.0 -9999.0 -9999.0 123.3 -9999.0 -9999.0 -9999.0 -9999.0 -9999.0 161.1
-9999.0 -9999.0 -9999.0 -9999.0 -9999.0 -9999.0 -9999.0 -9999.0 -9999.0 -9999.0 -9999.0 -9999.0 -9999.0 -9999.0 -9999.0 -9999.0 -9999.0 -9999.0 -9999.0 -9999.0 -9999.0 -9999.0 -9999.0 -9999.0 -9999.0 -9999.0 -9999.0 -9999.0 -9999.0 -9999.0 -9999.0 -9999.0 -9999.0 -9999.0 -9999.0 -9999.0 -9999.0 -9999.0 -9999.0 -9999.0 -9999.0 -9999.0 -9999.0 -9999.0 -9999.0 -9999.0 -9999.0 -9999.0 -9999.0 -9999.0 -9999.0 -9999.0 -9999.0 -9999.0 -9999.0 -9999.0 -9999.0 -9999.0 26.9 27.6 -9999.0 -9999.0 -9999.0 -9999.0 -9999.0 -9999.0 -9999.0 -9999.0 -9999.0 -9999.0 -9999.0 -9999.0 -9999.0 -9999.0 -9999.0 146.9 152.8
-9999.0 -9999.0 -9999.0 -9999.0 -9999.0 -9999.0 -9999.0 -9999.0 -9999.0 -9999.0 -9999.0 -9999.0 -9999.0 -9999.0 -9999.0 -9999.0 -9999.0 -9999.0 -9999.0 -9999.0 -9999.0 -9999.0 -9999.0 -9999.0 -9999.0 -9999.0 -9999.0 -9999.0 -9999.0 -9999.0 -9999.0 -9999.0 -9999.0 -9999.0 -9999.0 -9999.0 -9999.0 -9999.0 -9999.0 -9999.0 -9999.0 -9999.0 -9999.0 -9999.0 -9999.0 -9999.0 -9999.0 -9999.0 -9999.0 -9999.0 -9999.0 -9999.0 -9999.0 -9999.0 -9999.0 -9999.0 -9999.0 -9999.0 -9999.0 -9999.0 -9999.0 -9999.0 -9999.0 -9999.0 -9999.0 -9999.0 -9999.0 -9999.0 -9999.0 -9999.0 -9999.0 -9999.0 -9999.0 -9999.0 -9999.0 -9999.0 -9999.0
