program/excelProcessViaJava/data/SURF_CLI_CHN_PRE_MON_GRID_0.5-198901.txt
NCOLS      128
NROWS       72
XLLCORNER    72.000000000000    
YLLCORNER    18.000000000000    
CELLSIZE    0.50000000000000    
NODATA_VALUE   -9999.000    
[rows 35 to 69 of 72, columns 0 to 78 of 128]
-9999.0 -9999.0 -9999.0 -9999.0 -9999.0 -9999.0 -9999.0 0.2 0.1 0.1 0.2 0.2 0.2 0.2 0.2 0.2 0.1 0.1 0.1 0.1 0.1 0.1 0.1 0.2 0.3 0.4 0.7 1.1 1.7 2.4 3.2 3.9 4.6 5.1 5.5 5.4 5.5 5.0 5.3 5.1 3.1 5.0 4.1 2.4 1.1 0.5 0.5 0.6 1.5 3.0 5.8 7.1 4.5 2.7 1.5 0.6 0.8 1.0 2.2 1.9 2.9 2.2 2.3 2.9 4.1 3.8 5.9 7.9 7.5 8.1 7.1 8.2 11.7 15.5 18.3 19.2 15.7 15.7 19.2
-9999.0 -9999.0 -9999.0 -9999.0 -9999.0 -9999.0 -9999.0 0.2 0.3 0.2 0.2 0.3 0.3 0.4 0.4 0.4 0.4 0.3 0.2 0.2 0.2 0.2 0.2 0.3 0.4 0.6 0.9 1.3 2.0 2.7 3.2 3.9 4.4 4.7 4.7 4.5 4.2 4.0 3.6 3.2 3.1 3.0 3.0 4.5 1.5 0.5 0.5 0.7 2.2 2.4 4.3 3.7 3.1 1.9 1.7 0.8 0.9 1.5 2.3 2.8 2.5 2.8 3.0 4.5 4.6 5.0 5.7 6.6 8.4 5.9 7.7 10.8 14.7 19.0 20.5 22.0 19.9 17.1 17.3
-9999.0 -9999.0 -9999.0 -9999.0 -9999.0 -9999.0 -9999.0 -9999.0 -9999.0 0.3 0.4 0.6 0.5 0.6 0.7 0.7 0.6 0.3 0.3 0.2 0.2 0.3 0.3 0.4 0.6 0.9 1.1 1.6 2.4 2.6 3.8 4.1 4.3 4.3 4.2 3.7 3.2 2.7 2.3 2.3 2.0 2.3 2.1 1.7 1.9 1.5 1.2 1.1 1.5 2.1 3.0 2.7 2.2 1.7 1.8 1.1 1.1 1.6 2.7 2.7 2.4 3.0 4.0 3.7 5.4 5.7 5.8 7.3 8.9 7.3 9.5 12.2 16.4 21.2 23.7 20.8 18.7 19.4 25.1
-9999.0 -9999.0 -9999.0 -9999.0 -9999.0 -9999.0 -9999.0 -9999.0 -9999.0 -9999.0 -9999.0 0.6 1.3 0.8 1.0 0.9 0.9 0.8 0.6 0.4 0.3 0.4 0.4 0.6 0.4 0.9 1.0 1.5 2.1 3.0 3.6 3.5 4.2 4.0 3.7 3.0 2.4 1.9 2.2 1.5 1.8 1.7 1.7 1.6 3.0 1.5 3.0 1.5 2.2 2.3 2.0 2.3 2.2 2.2 2.5 1.8 1.7 2.5 2.9 2.9 3.3 2.8 3.1 3.7 6.0 5.1 7.3 9.2 9.4 9.4 10.5 12.9 16.4 21.0 23.8 23.7 23.2 23.9 31.4
-9999.0 -9999.0 -9999.0 -9999.0 -9999.0 -9999.0 -9999.0 -9999.0 -9999.0 -9999.0 -9999.0 -9999.0 1.7 2.0 1.2 1.6 0.7 0.9 0.7 0.3 0.7 0.5 0.5 0.8 0.2 1.1 1.7 1.5 2.1 2.0 3.2 3.8 3.9 3.4 3.0 2.5 2.0 1.3 1.0 0.8 0.9 1.2 1.7 2.7 3.0 3.4 3.8 1.7 2.0 2.4 4.3 4.2 3.2 2.6 2.6 2.6 2.7 3.8 3.2 4.8 4.2 5.5 6.1 5.5 3.7 9.5 9.4 11.3 10.8 10.9 11.0 14.7 18.1 22.9 25.1 25.1 24.3 27.1 35.2
-9999.0 -9999.0 -9999.0 -9999.0 -9999.0 -9999.0 -9999.0 -9999.0 -9999.0 -9999.0 -9999.0 -9999.0 1.1 3.1 3.7 1.7 2.7 1.7 0.6 0.6 0.5 0.3 0.5 1.0 1.9 1.6 1.8 2.9 2.5 3.5 3.0 2.7 3.4 3.4 2.7 2.1 1.5 1.1 0.8 0.7 0.8 1.3 3.0 3.2 5.5 7.4 5.0 3.3 1.4 3.0 3.5 5.1 4.3 4.7 3.1 3.4 3.2 4.3 4.9 5.5 5.3 5.6 8.1 11.1 2.7 7.7 7.0 9.9 9.2 10.6 14.2 21.1 24.5 20.0 23.1 26.1 30.5 31.0 35.7
-9999.0 -9999.0 -9999.0 -9999.0 -9999.0 -9999.0 -9999.0 -9999.0 -9999.0 -9999.0 -9999.0 -9999.0 -9999.0 2.6 1.4 4.3 2.0 2.4 2.0 1.4 0.9 1.4 0.6 2.1 2.0 0.7 0.8 0.5 1.3 1.9 3.1 3.6 2.7 2.7 3.0 2.1 1.2 0.8 1.4 1.0 1.3 2.5 3.9 7.3 8.0 8.2 9.5 9.0 7.3 5.8 5.9 5.4 6.0 10.4 7.7 6.0 5.2 6.4 9.3 9.9 10.1 8.6 10.7 5.0 0.9 5.0 12.5 17.0 17.5 16.2 22.0 19.6 17.7 20.8 26.7 28.0 33.1 41.9 57.4
-9999.0 -9999.0 -9999.0 -9999.0 -9999.0 -9999.0 -9999.0 -9999.0 -9999.0 -9999.0 -9999.0 -9999.0 2.7 1.4 1.7 3.4 0.9 1.3 1.0 2.4 2.2 2.2 1.8 2.6 3.4 0.9 1.3 1.9 1.8 1.5 2.2 3.6 2.1 3.1 2.6 2.1 1.2 0.7 0.5 0.8 2.5 5.5 9.3 7.6 11.3 13.4 12.0 7.9 7.0 6.5 9.9 13.2 9.9 11.6 9.5 8.8 9.5 9.0 11.2 12.0 12.5 14.5 13.2 17.8 10.7 9.1 14.0 18.8 24.3 26.2 24.1 21.0 21.0 22.6 24.1 31.1 45.1 55.5 63.6
-9999.0 -9999.0 -9999.0 -9999.0 -9999.0 -9999.0 -9999.0 -9999.0 -9999.0 -9999.0 -9999.0 -9999.0 1.9 5.7 4.0 0.5 0.6 2.5 2.1 0.8 2.9 1.5 2.2 2.9 4.9 5.5 4.0 3.1 2.2 2.6 2.7 2.6 1.7 3.7 3.4 2.3 1.6 0.9 0.7 0.9 1.8 3.1 5.4 8.8 12.2 15.2 18.3 15.2 11.7 4.8 6.1 11.9 9.8 9.8 11.0 11.4 12.1 13.0 13.8 16.2 18.6 22.0 12.1 8.2 8.4 13.3 17.8 19.5 19.2 20.0 22.6 25.0 25.8 28.9 34.4 27.3 36.9 39.9 48.7
-9999.0 -9999.0 -9999.0 -9999.0 -9999.0 -9999.0 -9999.0 -9999.0 -9999.0 -9999.0 -9999.0 -9999.0 9.2 2.6 6.2 3.8 3.1 0.3 1.0 1.0 0.2 0.3 2.7 1.7 3.6 1.0 1.5 0.1 1.8 1.4 1.4 0.4 2.3 3.6 3.4 2.5 1.9 1.3 1.1 1.7 2.7 3.4 9.5 5.7 12.0 18.7 20.3 13.8 6.6 6.4 7.9 6.7 17.8 18.0 13.6 11.1 12.9 13.7 15.1 13.6 14.4 15.9 30.5 9.0 6.7 20.2 22.0 22.9 24.2 27.4 30.9 34.4 36.2 43.7 95.3 48.8 77.7 33.2 39.8
-9999.0 -9999.0 -9999.0 -9999.0 -9999.0 -9999.0 -9999.0 -9999.0 -9999.0 -9999.0 -9999.0 -9999.0 -9999.0 1.1 1.2 3.7 2.1 2.4 0.7 0.5 0.1 1.8 1.2 1.0 5.7 3.6 3.0 2.5 0.3 1.3 0.1 0.2 0.4 1.6 1.8 1.1 1.4 1.6 1.7 2.4 3.7 9.3 14.4 14.8 10.0 11.6 15.8 5.8 12.2 9.5 5.1 11.1 9.0 5.7 11.3 11.5 7.7 8.5 11.7 18.8 18.8 39.8 25.0 5.2 13.3 13.8 22.9 30.3 36.1 38.4 42.1 42.2 44.6 33.2 40.8 31.8 30.2 32.8 41.6
-9999.0 -9999.0 -9999.0 -9999.0 -9999.0 -9999.0 -9999.0 -9999.0 -9999.0 -9999.0 -9999.0 -9999.0 -9999.0 19.6 2.0 4.7 0.9 3.8 3.2 2.4 0.5 0.9 1.1 2.7 13.7 6.6 3.1 3.8 0.6 0.0 0.0 0.0 0.1 0.1 0.2 0.4 1.1 1.4 2.2 5.2 5.8 9.0 12.2 14.2 22.9 13.9 12.7 5.3 6.2 5.5 7.9 2.3 5.9 8.6 10.0 7.1 3.8 4.6 8.9 4.9 16.9 7.6 10.2 22.7 12.9 11.3 22.1 36.1 42.9 47.8 48.8 46.3 41.8 41.7 43.7 52.1 71.2 35.5 39.6
-9999.0 -9999.0 -9999.0 -9999.0 -9999.0 -9999.0 -9999.0 -9999.0 -9999.0 -9999.0 -9999.0 -9999.0 -9999.0 -9999.0 -9999.0 7.2 8.0 4.4 6.9 11.5 4.3 10.8 14.9 13.0 9.0 7.7 0.1 0.3 0.0 0.0 0.0 0.0 0.0 0.0 0.0 0.1 0.3 1.0 2.0 3.8 7.9 11.7 13.3 12.6 6.0 3.6 8.6 1.9 5.4 0.6 2.4 8.8 2.6 2.7 0.3 2.3 2.5 0.4 7.5 13.6 4.3 7.2 32.8 25.9 16.5 14.2 22.9 37.7 44.0 43.5 44.8 41.9 48.3 49.7 43.4 72.1 67.5 80.4 44.5
-9999.0 -9999.0 -9999.0 -9999.0 -9999.0 -9999.0 -9999.0 -9999.0 -9999.0 -9999.0 -9999.0 -9999.0 -9999.0 -9999.0 -9999.0 -9999.0 -9999.0 215.2 75.9 -9999.0 62.5 21.5 48.4 49.4 20.0 17.9 0.8 0.7 0.5 0.0 0.0 0.0 0.0 0.0 0.1 0.0 0.1 0.6 1.4 3.2 5.9 11.1 10.5 8.4 1.0 2.1 1.3 10.0 1.4 2.8 0.3 0.9 0.4 1.7 2.1 2.1 0.5 3.7 5.2 10.2 0.7 9.5 28.0 30.2 21.0 16.3 22.7 31.9 36.9 35.8 36.2 40.4 46.8 36.3 47.5 69.1 62.0 54.7 53.2
-9999.0 -9999.0 -9999.0 -9999.0 -9999.0 -9999.0 -9999.0 -9999.0 -9999.0 -9999.0 -9999.0 -9999.0 -9999.0 -9999.0 -9999.0 -9999.0 -9999.0 -9999.0 -9999.0 -9999.0 -9999.0 83.7 61.5 26.4 46.0 87.5 55.6 25.3 3.7 1.1 0.0 0.1 0.0 0.0 0.0 0.0 0.1 0.3 0.5 0.4 0.4 8.4 10.1 7.9 0.6 3.6 3.3 1.2 9.1 38.7 1.8 8.3 5.8 0.7 1.0 2.5 2.6 1.0 11.6 7.0 0.5 4.9 18.8 26.5 27.1 23.0 27.6 31.7 35.1 29.9 25.7 28.7 28.7 23.6 28.9 39.9 46.4 47.8 59.6
-9999.0 -9999.0 -9999.0 -9999.0 -9999.0 -9999.0 -9999.0 -9999.0 -9999.0 -9999.0 -9999.0 -9999.0 -9999.0 -9999.0 -9999.0 -9999.0 -9999.0 -9999.0 -9999.0 -9999.0 -9999.0 -9999.0 -9999.0 358.6 151.4 146.7 111.9 53.8 4.9 3.9 0.0 0.0 0.0 0.0 0.0 0.0 0.2 0.5 1.8 3.6 4.2 7.6 3.4 1.0 0.4 5.6 1.0 1.3 2.2 3.9 2.3 5.4 2.7 2.6 1.2 0.1 1.3 4.6 0.2 7.0 2.4 8.3 12.1 13.9 17.3 25.4 32.2 33.5 25.7 23.6 21.6 19.6 18.7 22.7 21.8 29.2 47.3 58.8 74.2
-9999.0 -9999.0 -9999.0 -9999.0 -9999.0 -9999.0 -9999.0 -9999.0 -9999.0 -9999.0 -9999.0 -9999.0 -9999.0 -9999.0 -9999.0 -9999.0 -9999.0 -9999.0 -9999.0 -9999.0 -9999.0 -9999.0 -9999.0 -9999.0 -9999.0 708.4 336.5 18.9 10.4 0.2 0.2 1.5 1.1 0.1 1.1 0.5 1.5 2.0 3.9 2.9 6.6 2.5 0.1 0.1 2.5 7.3 3.3 12.2 3.0 4.4 7.1 5.5 7.2 5.8 1.5 0.5 1.3 0.6 5.0 6.4 9.3 13.3 32.8 10.7 12.8 22.2 26.6 23.2 23.9 23.0 16.1 13.5 12.2 20.1 26.8 31.5 46.7 74.1 116.5
-9999.0 -9999.0 -9999.0 -9999.0 -9999.0 -9999.0 -9999.0 -9999.0 -9999.0 -9999.0 -9999.0 -9999.0 -9999.0 -9999.0 -9999.0 -9999.0 -9999.0 -9999.0 -9999.0 -9999.0 -9999.0 -9999.0 -9999.0 -9999.0 -9999.0 -9999.0 -9999.0 828.5 692.5 199.6 104.3 61.8 1.8 40.9 7.6 58.0 8.4 6.5 5.1 3.2 4.4 0.4 0.8 4.9 5.4 8.3 11.9 13.0 13.9 9.0 16.8 19.5 6.8 4.7 2.3 2.2 0.3 0.2 3.2 2.4 1.4 13.8 3.8 3.3 6.2 8.7 20.2 23.7 21.6 17.5 12.6 14.4 11.1 20.7 30.1 46.2 89.0 115.2 115.4
-9999.0 -9999.0 -9999.0 -9999.0 -9999.0 -9999.0 -9999.0 -9999.0 -9999.0 -9999.0 -9999.0 -9999.0 -9999.0 -9999.0 -9999.0 -9999.0 -9999.0 -9999.0 -9999.0 -9999.0 -9999.0 -9999.0 -9999.0 -9999.0 -9999.0 -9999.0 -9999.0 -9999.0 -9999.0 -9999.0 -9999.0 -9999.0 -9999.0 191.3 42.3 -9999.0 -9999.0 -9999.0 26.8 6.6 4.6 4.2 1.3 10.0 13.0 10.8 -9999.0 -9999.0 -9999.0 -9999.0 -9999.0 -9999.0 8.0 5.6 1.2 0.4 0.4 0.2 0.4 0.5 2.4 8.5 3.0 2.4 3.3 8.0 16.5 22.4 19.7 13.9 10.5 14.3 22.1 29.7 56.1 76.7 128.5 135.7 134.1
-9999.0 -9999.0 -9999.0 -9999.0 -9999.0 -9999.0 -9999.0 -9999.0 -9999.0 -9999.0 -9999.0 -9999.0 -9999.0 -9999.0 -9999.0 -9999.0 -9999.0 -9999.0 -9999.0 -9999.0 -9999.0 -9999.0 -9999.0 -9999.0 -9999.0 -9999.0 -9999.0 -9999.0 -9999.0 -9999.0 -9999.0 -9999.0 -9999.0 -9999.0 -9999.0 -9999.0 -9999.0 -9999.0 -9999.0 87.8 57.1 39.5 27.7 19.1 -9999.0 -9999.0 -9999.0 -9999.0 -9999.0 -9999.0 -9999.0 -9999.0 5.0 5.7 1.6 0.3 0.3 0.2 0.2 0.2 0.6 2.6 4.3 2.8 8.5 15.4 22.4 19.7 14.0 14.0 16.8 20.6 26.1 54.0 76.7 105.6 133.7 143.7 151.9
-9999.0 -9999.0 -9999.0 -9999.0 -9999.0 -9999.0 -9999.0 -9999.0 -9999.0 -9999.0 -9999.0 -9999.0 -9999.0 -9999.0 -9999.0 -9999.0 -9999.0 -9999.0 -9999.0 -9999.0 -9999.0 -9999.0 -9999.0 -9999.0 -9999.0 -9999.0 -9999.0 -9999.0 -9999.0 -9999.0 -9999.0 -9999.0 -9999.0 -9999.0 -9999.0 -9999.0 -9999.0 -9999.0 -9999.0 -9999.0 -9999.0 -9999.0 -9999.0 -9999.0 -9999.0 -9999.0 -9999.0 -9999.0 -9999.0 -9999.0 -9999.0 -9999.0 1.6 5.5 1.9 2.0 0.8 0.4 0.2 0.4 0.6 1.0 16.2 5.7 13.6 21.2 21.5 15.7 10.4 11.7 19.2 29.7 58.0 68.5 95.3 107.5 128.1 134.2 135.1
-9999.0 -9999.0 -9999.0 -9999.0 -9999.0 -9999.0 -9999.0 -9999.0 -9999.0 -9999.0 -9999.0 -9999.0 -9999.0 -9999.0 -9999.0 -9999.0 -9999.0 -9999.0 -9999.0 -9999.0 -9999.0 -9999.0 -9999.0 -9999.0 -9999.0 -9999.0 -9999.0 -9999.0 -9999.0 -9999.0 -9999.0 -9999.0 -9999.0 -9999.0 -9999.0 -9999.0 -9999.0 -9999.0 -9999.0 -9999.0 -9999.0 -9999.0 -9999.0 -9999.0 -9999.0 -9999.0 -9999.0 -9999.0 -9999.0 -9999.0 -9999.0 0.6 2.9 5.2 3.8 3.4 2.5 1.5 0.7 1.0 1.2 1.9 3.0 8.5 17.7 25.9 21.2 11.6 9.0 10.6 20.4 33.3 41.9 56.8 82.9 99.3 123.5 126.7 147.0
-9999.0 -9999.0 -9999.0 -9999.0 -9999.0 -9999.0 -9999.0 -9999.0 -9999.0 -9999.0 -9999.0 -9999.0 -9999.0 -9999.0 -9999.0 -9999.0 -9999.0 -9999.0 -9999.0 -9999.0 -9999.0 -9999.0 -9999.0 -9999.0 -9999.0 -9999.0 -9999.0 -9999.0 -9999.0 -9999.0 -9999.0 -9999.0 -9999.0 -9999.0 -9999.0 -9999.0 -9999.0 -9999.0 -9999.0 -9999.0 -9999.0 -9999.0 -9999.0 -9999.0 -9999.0 -9999.0 -9999.0 -9999.0 -9999.0 -9999.0 0.1 1.2 4.3 6.7 7.7 7.4 6.0 3.7 2.2 2.1 2.1 3.0 4.7 10.9 18.6 23.5 21.8 13.0 11.6 10.8 20.5 28.9 42.1 60.9 81.3 103.3 109.0 143.6 145.7
-9999.0 -9999.0 -9999.0 -9999.0 -9999.0 -9999.0 -9999.0 -9999.0 -9999.0 -9999.0 -9999.0 -9999.0 -9999.0 -9999.0 -9999.0 -9999.0 -9999.0 -9999.0 -9999.0 -9999.0 -9999.0 -9999.0 -9999.0 -9999.0 -9999.0 -9999.0 -9999.0 -9999.0 -9999.0 -9999.0 -9999.0 -9999.0 -9999.0 -9999.0 -9999.0 -9999.0 -9999.0 -9999.0 -9999.0 -9999.0 -9999.0 -9999.0 -9999.0 -9999.0 -9999.0 -9999.0 -9999.0 -9999.0 -9999.0 -9999.0 0.1 2.0 1.3 7.2 9.6 9.6 4.9 6.5 5.6 5.0 4.5 4.9 5.8 10.6 15.3 17.6 18.1 14.1 12.8 14.0 24.0 39.9 55.0 64.1 77.1 96.4 120.4 141.3 152.3
-9999.0 -9999.0 -9999.0 -9999.0 -9999.0 -9999.0 -9999.0 -9999.0 -9999.0 -9999.0 -9999.0 -9999.0 -9999.0 -9999.0 -9999.0 -9999.0 -9999.0 -9999.0 -9999.0 -9999.0 -9999.0 -9999.0 -9999.0 -9999.0 -9999.0 -9999.0 -9999.0 -9999.0 -9999.0 -9999.0 -9999.0 -9999.0 -9999.0 -9999.0 -9999.0 -9999.0 -9999.0 -9999.0 -9999.0 -9999.0 -9999.0 -9999.0 -9999.0 -9999.0 -9999.0 -9999.0 -9999.0 -9999.0 -9999.0 -9999.0 0.1 0.2 0.5 6.4 5.5 5.3 8.0 5.5 8.3 5.5 9.7 12.2 12.4 9.7 13.0 13.4 16.3 17.0 18.0 27.5 36.4 61.7 73.6 84.8 93.4 108.5 127.0 146.3 146.7
-9999.0 -9999.0 -9999.0 -9999.0 -9999.0 -9999.0 -9999.0 -9999.0 -9999.0 -9999.0 -9999.0 -9999.0 -9999.0 -9999.0 -9999.0 -9999.0 -9999.0 -9999.0 -9999.0 -9999.0 -9999.0 -9999.0 -9999.0 -9999.0 -9999.0 -9999.0 -9999.0 -9999.0 -9999.0 -9999.0 -9999.0 -9999.0 -9999.0 -9999.0 -9999.0 -9999.0 -9999.0 -9999.0 -9999.0 -9999.0 -9999.0 -9999.0 -9999.0 -9999.0 -9999.0 -9999.0 -9999.0 -9999.0 -9999.0 -9999.0 0.1 0.5 0.8 2.1 2.6 3.7 0.9 3.2 6.2 5.4 15.9 18.6 6.9 14.8 18.2 17.5 21.2 25.3 35.5 33.9 51.4 71.4 91.3 102.2 109.7 116.9 124.0 129.4 125.0
-9999.0 -9999.0 -9999.0 -9999.0 -9999.0 -9999.0 -9999.0 -9999.0 -9999.0 -9999.0 -9999.0 -9999.0 -9999.0 -9999.0 -9999.0 -9999.0 -9999.0 -9999.0 -9999.0 -9999.0 -9999.0 -9999.0 -9999.0 -9999.0 -9999.0 -9999.0 -9999.0 -9999.0 -9999.0 -9999.0 -9999.0 -9999.0 -9999.0 -9999.0 -9999.0 -9999.0 -9999.0 -9999.0 -9999.0 -9999.0 -9999.0 -9999.0 -9999.0 -9999.0 -9999.0 -9999.0 -9999.0 -9999.0 -9999.0 -9999.0 -9999.0 -9999.0 -9999.0 0.4 0.3 0.3 0.6 2.4 4.1 8.4 44.0 10.1 47.8 25.5 26.6 26.8 35.6 38.0 51.7 58.6 62.8 75.1 91.1 105.4 116.0 119.0 116.3 112.7 107.9
-9999.0 -9999.0 -9999.0 -9999.0 -9999.0 -9999.0 -9999.0 -9999.0 -9999.0 -9999.0 -9999.0 -9999.0 -9999.0 -9999.0 -9999.0 -9999.0 -9999.0 -9999.0 -9999.0 -9999.0 -9999.0 -9999.0 -9999.0 -9999.0 -9999.0 -9999.0 -9999.0 -9999.0 -9999.0 -9999.0 -9999.0 -9999.0 -9999.0 -9999.0 -9999.0 -9999.0 -9999.0 -9999.0 -9999.0 -9999.0 -9999.0 -9999.0 -9999.0 -9999.0 -9999.0 -9999.0 -9999.0 -9999.0 -9999.0 -9999.0 -9999.0 -9999.0 -9999.0 0.2 0.2 0.4 0.7 3.0 9.0 28.4 26.7 20.3 56.2 30.1 35.7 40.4 44.6 60.9 62.7 66.9 66.7 74.6 87.3 102.7 114.9 112.7 107.0 101.7 103.8
-9999.0 -9999.0 -9999.0 -9999.0 -9999.0 -9999.0 -9999.0 -9999.0 -9999.0 -9999.0 -9999.0 -9999.0 -9999.0 -9999.0 -9999.0 -9999.0 -9999.0 -9999.0 -9999.0 -9999.0 -9999.0 -9999.0 -9999.0 -9999.0 -9999.0 -9999.0 -9999.0 -9999.0 -9999.0 -9999.0 -9999.0 -9999.0 -9999.0 -9999.0 -9999.0 -9999.0 -9999.0 -9999.0 -9999.0 -9999.0 -9999.0 -9999.0 -9999.0 -9999.0 -9999.0 -9999.0 -9999.0 -9999.0 -9999.0 -9999.0 -9999.0 -9999.0 -9999.0 0.2 0.8 0.4 1.5 5.9 14.1 25.6 41.7 43.0 67.4 71.9 48.1 -9999.0 -9999.0 -9999.0 78.9 75.1 75.8 81.9 91.9 103.7 107.3 97.8 88.9 86.5 94.0
-9999.0 -9999.0 -9999.0 -9999.0 -9999.0 -9999.0 -9999.0 -9999.0 -9999.0 -9999.0 -9999.0 -9999.0 -9999.0 -9999.0 -9999.0 -9999.0 -9999.0 -9999.0 -9999.0 -9999.0 -9999.0 -9999.0 -9999.0 -9999.0 -9999.0 -9999.0 -9999.0 -9999.0 -9999.0 -9999.0 -9999.0 -9999.0 -9999.0 -9999.0 -9999.0 -9999.0 -9999.0 -9999.0 -9999.0 -9999.0 -9999.0 -9999.0 -9999.0 -9999.0 -9999.0 -9999.0 -9999.0 -9999.0 -9999.0 -9999.0 -9999.0 -9999.0 -9999.0 -9999.0 0.3 0.7 3.7 8.8 14.1 28.1 27.3 -9999.0 -9999.0 -9999.0 -9999.0 -9999.0 -9999.0 -9999.0 79.4 83.8 89.0 87.2 96.3 103.9 96.1 77.4 63.8 62.2 74.3
-9999.0 -9999.0 -9999.0 -9999.0 -9999.0 -9999.0 -9999.0 -9999.0 -9999.0 -9999.0 -9999.0 -9999.0 -9999.0 -9999.0 -9999.0 -9999.0 -9999.0 -9999.0 -9999.0 -9999.0 -9999.0 -9999.0 -9999.0 -9999.0 -9999.0 -9999.0 -9999.0 -9999.0 -9999.0 -9999.0 -9999.0 -9999.0 -9999.0 -9999.0 -9999.0 -9999.0 -9999.0 -9999.0 -9999.0 -9999.0 -9999.0 -9999.0 -9999.0 -9999.0 -9999.0 -9999.0 -9999.0 -9999.0 -9999.0 -9999.0 -9999.0 -9999.0 -9999.0 -9999.0 -9999.0 0.8 1.6 5.2 9.6 16.7 23.8 -9999.0 -9999.0 -9999.0 -9999.0 -9999.0 -9999.0 -9999.0 -9999.0 -9999.0 82.5 -9999.0 -9999.0 -9999.0 -9999.0 -9999.0 43.8 -9999.0 -9999.0
-9999.0 -9999.0 -9999.0 -9999.0 -9999.0 -9999.0 -9999.0 -9999.0 -9999.0 -9999.0 -9999.0 -9999.0 -9999.0 -9999.0 -9999.0 -9999.0 -9999.0 -9999.0 -9999.0 -9999.0 -9999.0 -9999.0 -9999.0 -9999.0 -9999.0 -9999.0 -9999.0 -9999.0 -9999.0 -9999.0 -9999.0 -9999.0 -9999.0 -9999.0 -9999.0 -9999.0 -9999.0 -9999.0 -9999.0 -9999.0 -9999.0 -9999.0 -9999.0 -9999.0 -9999.0 -9999.0 -9999.0 -9999.0 -9999.0 -9999.0 -9999.0 -9999.0 -9999.0 -9999.0 -9999.0 -9999.0 -9999.0 -9999.0 5.5 9.2 -9999.0 -9999.0 -9999.0 -9999.0 -9999.0 -9999.0 -9999.0 -9999.0 -9999.0 -9999.0 -9999.0 -9999.0 -9999.0 -9999.0 -9999.0 53.6 45.3 -9999.0 -9999.0
-9999.0 -9999.0 -9999.0 -9999.0 -9999.0 -9999.0 -9999.0 -9999.0 -9999.0 -9999.0 -9999.0 -9999.0 -9999.0 -9999.0 -9999.0 -9999.0 -9999.0 -9999.0 -9999.0 -9999.0 -9999.0 -9999.0 -9999.0 -9999.0 -9999.0 -9999.0 -9999.0 -9999.0 -9999.0 -9999.0 -9999.0 -9999.0 -9999.0 -9999.0 -9999.0 -9999.0 -9999.0 -9999.0 -9999.0 -9999.0 -9999.0 -9999.0 -9999.0 -9999.0 -9999.0 -9999.0 -9999.0 -9999.0 -9999.0 -9999.0 -9999.0 -9999.0 -9999.0 -9999.0 -9999.0 -9999.0 -9999.0 -9999.0 -9999.0 -9999.0 -9999.0 -9999.0 -9999.0 -9999.0 -9999.0 -9999.0 -9999.0 -9999.0 -9999.0 -9999.0 -9999.0 -9999.0 -9999.0 -9999.0 -9999.0 -9999.0 -9999.0 -9999.0 -9999.0
-9999.0 -9999.0 -9999.0 -9999.0 -9999.0 -9999.0 -9999.0 -9999.0 -9999.0 -9999.0 -9999.0 -9999.0 -9999.0 -9999.0 -9999.0 -9999.0 -9999.0 -9999.0 -9999.0 -9999.0 -9999.0 -9999.0 -9999.0 -9999.0 -9999.0 -9999.0 -9999.0 -9999.0 -9999.0 -9999.0 -9999.0 -9999.0 -9999.0 -9999.0 -9999.0 -9999.0 -9999.0 -9999.0 -9999.0 -9999.0 -9999.0 -9999.0 -9999.0 -9999.0 -9999.0 -9999.0 -9999.0 -9999.0 -9999.0 -9999.0 -9999.0 -9999.0 -9999.0 -9999.0 -9999.0 -9999.0 -9999.0 -9999.0 -9999.0 -9999.0 -9999.0 -9999.0 -9999.0 -9999.0 -9999.0 -9999.0 -9999.0 -9999.0 -9999.0 -9999.0 -9999.0 -9999.0 -9999.0 -9999.0 -9999.0 62.6 88.2 106.5 -9999.0
-9999.0 -9999.0 -9999.0 -9999.0 -9999.0 -9999.0 -9999.0 -9999.0 -9999.0 -9999.0 -9999.0 -9999.0 -9999.0 -9999.0 -9999.0 -9999.0 -9999.0 -9999.0 -9999.0 -9999.0 -9999.0 -9999.0 -9999.0 -9999.0 -9999.0 -9999.0 -9999.0 -9999.0 -9999.0 -9999.0 -9999.0 -9999.0 -9999.0 -9999.0 -9999.0 -9999.0 -9999.0 -9999.0 -9999.0 -9999.0 -9999.0 -9999.0 -9999.0 -9999.0 -9999.0 -9999.0 -9999.0 -9999.0 -9999.0 -9999.0 -9999.0 -9999.0 -9999.0 -9999.0 -9999.0 -9999.0 -9999.0 -9999.0 -9999.0 -9999.0 -9999.0 -9999.0 -9999.0 -9999.0 -9999.0 -9999.0 -9999.0 -9999.0 -9999.0 -9999.0 -9999.0 -9999.0 -9999.0 22.9 28.1 48.3 75.9 -9999.0 -9999.0
