program/excelProcessViaJava/data/SURF_CLI_CHN_PRE_MON_GRID_0.5-198904.txt
NCOLS      128
NROWS       72
XLLCORNER    72.000000000000    
YLLCORNER    18.000000000000    
CELLSIZE    0.50000000000000    
NODATA_VALUE   -9999.000    
[rows 34 to 67 of 72, columns 0 to 76 of 128]
-9999.0 -9999.0 -9999.0 -9999.0 6.3 4.1 11.5 4.2 15.7 13.1 2.8 8.3 4.8 4.4 2.7 3.6 4.2 5.8 7.1 6.5 3.4 1.5 0.5 0.1 0.0 0.2 0.1 0.2 0.3 0.7 1.6 3.9 4.8 6.9 9.7 10.1 14.5 18.8 12.4 7.4 10.6 3.5 2.5 1.6 1.1 0.8 0.7 1.0 2.3 6.1 13.8 25.5 46.7 52.5 53.0 51.5 47.5 46.3 49.1 39.9 49.3 41.4 43.8 44.8 38.7 37.0 44.6 47.8 50.9 51.7 51.4 49.3 48.2 47.6 42.9 36.1 28.0
-9999.0 -9999.0 -9999.0 -9999.0 -9999.0 -9999.0 -9999.0 4.7 8.2 5.0 12.2 10.4 4.5 4.6 3.8 3.4 2.6 3.9 4.2 1.7 0.3 0.2 0.1 0.1 0.1 0.1 0.2 0.3 0.7 1.9 3.1 4.8 6.5 9.3 13.0 12.5 17.9 16.6 22.1 22.6 8.9 22.5 16.8 7.2 2.3 0.6 0.8 0.8 2.4 3.7 9.0 18.9 34.1 58.5 60.6 53.4 50.2 46.0 52.3 41.9 50.4 41.4 45.9 49.1 47.9 38.6 40.4 41.3 43.7 47.9 52.1 50.9 48.9 47.9 43.5 37.5 30.6
-9999.0 -9999.0 -9999.0 -9999.0 -9999.0 -9999.0 -9999.0 15.0 2.8 7.0 8.3 4.9 5.4 6.9 3.6 5.5 2.0 1.3 1.2 0.5 0.3 0.3 0.2 0.2 0.2 0.2 0.3 0.6 0.9 1.7 3.7 5.5 7.5 11.5 11.5 13.6 13.8 17.3 17.2 15.4 15.3 13.7 13.6 22.7 6.5 1.9 3.0 3.9 13.7 12.2 33.4 34.2 29.9 43.8 60.4 54.8 54.4 53.7 54.7 52.9 45.9 49.0 54.8 60.8 49.8 40.6 38.7 40.3 43.1 60.7 62.2 56.7 50.6 48.9 44.3 42.4 38.7
-9999.0 -9999.0 -9999.0 -9999.0 -9999.0 -9999.0 -9999.0 -9999.0 -9999.0 5.4 4.5 3.3 5.5 4.2 2.7 1.9 1.8 2.9 1.0 1.0 0.4 0.3 0.2 0.2 0.2 0.3 0.4 0.8 1.3 2.9 3.4 5.4 7.3 10.1 10.0 11.1 11.7 13.6 12.5 13.6 11.2 11.8 9.5 7.3 9.7 9.3 10.0 10.6 14.0 17.4 26.4 26.6 29.7 37.8 56.5 53.0 51.4 51.3 56.5 50.2 45.5 48.4 55.1 63.3 59.2 47.1 42.2 47.0 53.0 71.7 70.0 63.3 55.5 53.4 52.3 42.4 41.7
-9999.0 -9999.0 -9999.0 -9999.0 -9999.0 -9999.0 -9999.0 -9999.0 -9999.0 -9999.0 -9999.0 5.7 1.7 4.2 2.4 2.1 1.4 1.0 0.7 0.5 0.4 0.3 0.3 0.3 0.4 0.4 0.7 1.2 1.9 2.9 4.3 7.1 7.6 9.2 9.6 13.8 10.9 11.1 18.8 10.9 12.6 8.9 6.5 5.7 13.2 8.4 19.5 15.0 20.9 22.0 19.2 23.5 29.5 41.9 57.1 56.0 53.0 56.3 52.6 46.5 44.6 43.0 52.6 64.3 62.8 48.0 43.9 55.8 67.7 73.2 73.8 66.1 60.7 57.4 49.5 46.6 46.5
-9999.0 -9999.0 -9999.0 -9999.0 -9999.0 -9999.0 -9999.0 -9999.0 -9999.0 -9999.0 -9999.0 -9999.0 1.6 1.4 2.4 1.3 2.2 0.9 0.7 0.8 0.4 0.3 0.3 0.3 0.8 0.5 0.7 1.5 2.3 4.4 5.1 6.5 7.9 10.3 11.2 10.4 14.9 9.8 7.5 5.9 5.1 4.6 4.4 6.8 8.0 11.8 18.1 13.7 18.2 22.1 33.8 35.1 33.8 37.7 48.0 54.9 57.0 62.0 45.0 49.9 40.6 41.2 43.0 51.4 59.9 61.3 56.9 68.6 77.0 77.6 80.7 70.5 61.1 57.5 58.0 75.9 56.0
-9999.0 -9999.0 -9999.0 -9999.0 -9999.0 -9999.0 -9999.0 -9999.0 -9999.0 -9999.0 -9999.0 -9999.0 4.5 1.0 0.8 1.2 0.7 0.6 0.7 0.5 0.4 0.4 0.3 0.4 0.4 0.6 0.9 1.5 2.4 3.5 5.3 7.8 8.4 8.9 9.8 8.6 10.9 10.1 7.2 5.1 3.0 2.5 5.4 3.4 8.4 16.0 14.1 14.7 11.7 21.6 25.3 33.6 33.3 42.9 41.7 50.6 49.1 53.8 46.6 42.6 38.1 37.0 41.0 47.9 53.2 61.8 56.0 77.6 94.3 95.5 84.9 81.9 83.8 78.5 79.5 71.6 63.0
-9999.0 -9999.0 -9999.0 -9999.0 -9999.0 -9999.0 -9999.0 -9999.0 -9999.0 -9999.0 -9999.0 -9999.0 -9999.0 1.4 2.2 0.7 0.7 0.5 0.5 0.4 0.4 0.4 0.4 0.4 0.5 0.8 1.2 2.1 2.8 3.9 5.0 6.3 8.6 9.4 7.3 6.8 6.2 6.2 13.9 6.1 3.8 4.1 3.4 7.7 7.0 9.1 16.6 22.6 25.3 25.8 29.1 29.3 34.6 58.6 54.9 52.7 49.3 55.2 67.8 57.8 52.3 44.9 47.1 47.9 39.7 57.1 76.0 92.6 105.4 108.5 105.2 95.1 87.8 90.8 97.4 92.7 88.4
-9999.0 -9999.0 -9999.0 -9999.0 -9999.0 -9999.0 -9999.0 -9999.0 -9999.0 -9999.0 -9999.0 -9999.0 1.9 3.3 1.9 0.8 1.3 0.6 0.5 0.5 0.5 0.4 0.4 0.5 0.7 0.8 1.1 1.6 2.4 3.6 4.9 5.8 8.1 7.4 7.3 5.6 6.4 3.3 2.6 2.5 7.0 11.4 15.1 3.5 7.9 13.0 15.4 14.9 18.9 22.7 34.7 46.6 40.8 51.3 50.4 52.1 60.7 49.6 63.2 61.7 66.2 70.8 63.9 70.5 64.9 71.1 71.5 93.5 113.1 117.6 113.5 106.2 102.2 103.9 108.0 114.3 122.3
-9999.0 -9999.0 -9999.0 -9999.0 -9999.0 -9999.0 -9999.0 -9999.0 -9999.0 -9999.0 -9999.0 -9999.0 3.8 1.1 1.1 3.4 1.8 0.7 0.6 0.6 0.6 0.5 0.6 0.7 0.9 1.1 1.3 1.7 2.2 3.1 4.2 5.3 6.8 6.0 5.2 4.4 3.0 2.6 2.1 1.1 1.4 1.2 1.6 3.6 7.5 14.4 26.1 27.2 27.1 18.7 24.5 38.6 38.6 44.0 49.6 52.0 59.0 69.1 73.0 91.6 103.1 111.6 86.6 78.2 79.3 67.9 95.5 98.9 104.5 109.6 114.6 115.8 114.9 119.0 129.2 132.3 138.2
-9999.0 -9999.0 -9999.0 -9999.0 -9999.0 -9999.0 -9999.0 -9999.0 -9999.0 -9999.0 -9999.0 -9999.0 1.6 3.0 1.4 1.3 1.1 1.8 0.9 0.9 1.2 1.1 0.9 1.0 1.0 1.1 1.2 1.6 1.9 2.5 3.3 4.6 5.0 5.0 4.3 3.5 2.7 2.4 1.9 2.7 2.3 1.6 8.8 2.7 10.2 25.3 34.2 29.1 24.3 26.1 28.8 29.5 54.6 62.8 54.5 51.5 61.8 77.1 94.6 101.1 116.5 127.0 156.4 108.3 74.7 60.4 80.5 101.7 113.3 114.4 121.4 133.9 135.8 145.6 180.7 155.9 172.2
-9999.0 -9999.0 -9999.0 -9999.0 -9999.0 -9999.0 -9999.0 -9999.0 -9999.0 -9999.0 -9999.0 -9999.0 -9999.0 9.6 5.7 2.2 2.1 1.7 2.0 2.0 3.6 1.7 1.9 1.9 1.7 1.5 1.5 1.5 1.4 1.9 2.2 2.9 3.8 3.9 3.6 4.4 3.9 2.8 3.4 3.6 4.9 16.7 25.8 22.7 16.8 24.0 35.6 31.9 37.8 33.7 27.0 32.4 30.4 31.1 48.6 58.4 50.8 67.4 98.9 142.4 154.5 214.1 178.9 108.5 50.2 52.4 66.5 90.6 106.6 123.3 134.4 145.5 163.4 146.6 159.2 139.7 132.3
-9999.0 -9999.0 -9999.0 -9999.0 -9999.0 -9999.0 -9999.0 -9999.0 -9999.0 -9999.0 -9999.0 -9999.0 -9999.0 4.7 7.9 4.1 6.2 3.4 3.3 3.5 5.6 4.8 4.5 3.4 3.2 2.4 1.9 1.6 1.2 1.7 1.5 1.8 2.0 2.5 3.3 3.5 2.9 3.7 6.2 18.2 12.8 20.4 28.3 33.6 56.3 40.5 43.4 42.7 38.3 30.4 26.1 16.1 20.6 33.6 48.4 48.0 42.8 61.7 102.9 102.0 169.0 145.3 112.9 73.0 55.4 51.0 61.3 81.7 103.9 121.2 143.3 164.5 176.7 185.6 178.8 172.7 178.9
-9999.0 -9999.0 -9999.0 -9999.0 -9999.0 -9999.0 -9999.0 -9999.0 -9999.0 -9999.0 -9999.0 -9999.0 -9999.0 -9999.0 -9999.0 7.8 7.0 7.3 6.7 6.8 8.2 7.1 6.8 6.2 5.3 4.1 3.9 1.8 1.8 0.6 0.6 0.6 1.8 2.1 1.8 5.3 8.6 3.9 6.9 11.9 25.9 36.9 41.3 42.5 40.3 53.0 50.3 62.3 39.5 34.1 15.0 27.1 11.5 16.4 13.1 29.6 41.5 27.3 104.5 150.6 105.5 106.4 120.2 95.5 70.8 59.7 66.4 83.8 101.3 131.9 160.2 180.2 224.5 230.8 194.8 211.6 194.6
-9999.0 -9999.0 -9999.0 -9999.0 -9999.0 -9999.0 -9999.0 -9999.0 -9999.0 -9999.0 -9999.0 -9999.0 -9999.0 -9999.0 -9999.0 -9999.0 -9999.0 46.9 20.4 -9999.0 17.0 13.9 14.0 12.9 10.2 7.8 6.8 3.1 1.2 0.7 0.3 0.3 1.7 0.4 0.7 1.7 9.9 4.4 8.1 14.2 24.1 44.1 42.0 41.1 73.9 65.5 229.9 57.6 48.8 27.7 37.2 8.7 27.8 15.5 23.0 30.0 20.8 64.7 89.0 132.7 56.0 96.7 124.6 111.8 90.7 79.3 84.6 99.5 113.8 144.5 170.1 229.9 253.0 233.0 229.9 237.0 221.6
-9999.0 -9999.0 -9999.0 -9999.0 -9999.0 -9999.0 -9999.0 -9999.0 -9999.0 -9999.0 -9999.0 -9999.0 -9999.0 -9999.0 -9999.0 -9999.0 -9999.0 -9999.0 -9999.0 -9999.0 -9999.0 26.1 24.0 23.8 18.9 17.8 11.9 6.4 2.4 0.9 0.3 0.4 0.3 0.4 0.8 2.0 3.1 5.0 7.4 11.4 13.8 43.0 50.1 45.0 74.5 54.6 355.0 86.9 60.5 167.4 26.2 43.4 36.4 18.2 19.1 33.9 41.1 33.2 119.0 101.4 36.5 59.1 101.5 106.2 101.1 99.6 109.4 120.8 134.2 161.0 199.2 234.9 249.4 233.6 228.0 242.0 260.9
-9999.0 -9999.0 -9999.0 -9999.0 -9999.0 -9999.0 -9999.0 -9999.0 -9999.0 -9999.0 -9999.0 -9999.0 -9999.0 -9999.0 -9999.0 -9999.0 -9999.0 -9999.0 -9999.0 -9999.0 -9999.0 -9999.0 -9999.0 64.3 36.7 31.8 23.8 13.8 6.6 2.4 0.9 0.8 4.5 2.5 6.3 7.6 14.7 10.8 24.9 36.5 35.3 52.4 29.0 26.9 77.0 392.2 159.4 141.7 202.6 220.8 86.3 53.1 59.8 44.4 25.0 5.0 25.3 59.5 15.9 84.0 27.0 42.5 52.6 61.0 71.8 95.2 118.4 130.7 139.3 164.4 194.2 221.6 237.3 248.1 249.3 276.7 309.5
-9999.0 -9999.0 -9999.0 -9999.0 -9999.0 -9999.0 -9999.0 -9999.0 -9999.0 -9999.0 -9999.0 -9999.0 -9999.0 -9999.0 -9999.0 -9999.0 -9999.0 -9999.0 -9999.0 -9999.0 -9999.0 -9999.0 -9999.0 -9999.0 -9999.0 124.6 59.0 32.9 20.0 23.0 7.0 4.0 4.5 7.7 9.3 22.5 54.6 28.1 53.2 40.4 66.9 31.3 55.6 57.0 244.4 409.7 323.1 557.5 106.5 205.0 93.6 98.9 92.1 81.5 38.6 13.7 21.4 15.4 56.9 63.3 56.4 44.9 135.1 33.4 41.3 66.0 91.7 97.9 111.8 134.2 160.9 185.3 199.9 226.7 244.5 270.6 308.4
-9999.0 -9999.0 -9999.0 -9999.0 -9999.0 -9999.0 -9999.0 -9999.0 -9999.0 -9999.0 -9999.0 -9999.0 -9999.0 -9999.0 -9999.0 -9999.0 -9999.0 -9999.0 -9999.0 -9999.0 -9999.0 -9999.0 -9999.0 -9999.0 -9999.0 -9999.0 -9999.0 163.5 141.5 42.5 27.9 22.2 26.1 25.1 27.8 54.4 36.8 42.1 37.8 45.9 60.2 25.6 83.8 224.7 292.5 397.4 497.9 549.3 576.5 359.1 488.0 434.2 159.4 126.7 65.2 35.5 7.9 4.8 35.0 23.6 9.4 43.4 14.7 18.0 36.9 37.9 59.0 74.0 82.1 97.2 119.2 144.3 154.3 184.3 194.0 209.9 246.0
-9999.0 -9999.0 -9999.0 -9999.0 -9999.0 -9999.0 -9999.0 -9999.0 -9999.0 -9999.0 -9999.0 -9999.0 -9999.0 -9999.0 -9999.0 -9999.0 -9999.0 -9999.0 -9999.0 -9999.0 -9999.0 -9999.0 -9999.0 -9999.0 -9999.0 -9999.0 -9999.0 -9999.0 -9999.0 -9999.0 -9999.0 -9999.0 -9999.0 84.5 52.3 -9999.0 -9999.0 -9999.0 80.8 55.2 60.3 89.4 78.5 251.2 342.9 385.9 -9999.0 -9999.0 -9999.0 -9999.0 -9999.0 -9999.0 259.3 132.8 98.1 33.6 8.3 2.2 5.3 6.2 13.0 30.4 15.3 16.9 19.3 26.3 36.9 44.5 49.9 65.2 84.5 103.6 127.5 142.6 167.5 156.5 187.5
-9999.0 -9999.0 -9999.0 -9999.0 -9999.0 -9999.0 -9999.0 -9999.0 -9999.0 -9999.0 -9999.0 -9999.0 -9999.0 -9999.0 -9999.0 -9999.0 -9999.0 -9999.0 -9999.0 -9999.0 -9999.0 -9999.0 -9999.0 -9999.0 -9999.0 -9999.0 -9999.0 -9999.0 -9999.0 -9999.0 -9999.0 -9999.0 -9999.0 -9999.0 -9999.0 -9999.0 -9999.0 -9999.0 -9999.0 214.1 213.4 227.5 248.2 270.8 -9999.0 -9999.0 -9999.0 -9999.0 -9999.0 -9999.0 -9999.0 -9999.0 224.9 138.3 80.5 34.7 8.4 2.1 1.4 2.7 6.0 14.0 19.8 14.0 27.3 35.0 39.0 31.2 31.4 40.6 60.6 79.2 91.8 125.5 134.5 136.6 138.4
-9999.0 -9999.0 -9999.0 -9999.0 -9999.0 -9999.0 -9999.0 -9999.0 -9999.0 -9999.0 -9999.0 -9999.0 -9999.0 -9999.0 -9999.0 -9999.0 -9999.0 -9999.0 -9999.0 -9999.0 -9999.0 -9999.0 -9999.0 -9999.0 -9999.0 -9999.0 -9999.0 -9999.0 -9999.0 -9999.0 -9999.0 -9999.0 -9999.0 -9999.0 -9999.0 -9999.0 -9999.0 -9999.0 -9999.0 -9999.0 -9999.0 -9999.0 -9999.0 -9999.0 -9999.0 -9999.0 -9999.0 -9999.0 -9999.0 -9999.0 -9999.0 -9999.0 195.7 133.2 71.5 40.5 11.5 3.9 2.2 3.1 3.7 5.9 49.5 13.5 24.6 31.0 30.0 26.3 24.7 32.4 51.2 70.8 102.0 109.7 128.5 129.4 141.1
-9999.0 -9999.0 -9999.0 -9999.0 -9999.0 -9999.0 -9999.0 -9999.0 -9999.0 -9999.0 -9999.0 -9999.0 -9999.0 -9999.0 -9999.0 -9999.0 -9999.0 -9999.0 -9999.0 -9999.0 -9999.0 -9999.0 -9999.0 -9999.0 -9999.0 -9999.0 -9999.0 -9999.0 -9999.0 -9999.0 -9999.0 -9999.0 -9999.0 -9999.0 -9999.0 -9999.0 -9999.0 -9999.0 -9999.0 -9999.0 -9999.0 -9999.0 -9999.0 -9999.0 -9999.0 -9999.0 -9999.0 -9999.0 -9999.0 -9999.0 -9999.0 133.0 111.2 108.4 50.5 32.1 15.9 9.1 4.5 1.4 6.1 6.6 4.9 10.8 19.9 30.1 30.5 36.5 27.8 39.8 59.9 77.0 87.3 93.2 119.2 145.5 174.1
-9999.0 -9999.0 -9999.0 -9999.0 -9999.0 -9999.0 -9999.0 -9999.0 -9999.0 -9999.0 -9999.0 -9999.0 -9999.0 -9999.0 -9999.0 -9999.0 -9999.0 -9999.0 -9999.0 -9999.0 -9999.0 -9999.0 -9999.0 -9999.0 -9999.0 -9999.0 -9999.0 -9999.0 -9999.0 -9999.0 -9999.0 -9999.0 -9999.0 -9999.0 -9999.0 -9999.0 -9999.0 -9999.0 -9999.0 -9999.0 -9999.0 -9999.0 -9999.0 -9999.0 -9999.0 -9999.0 -9999.0 -9999.0 -9999.0 -9999.0 101.9 88.1 84.9 79.9 43.4 34.0 17.4 8.0 5.3 4.7 2.7 5.0 4.1 8.7 14.3 23.1 30.6 33.2 32.5 56.7 75.7 102.9 108.1 120.9 151.8 190.8 202.6
-9999.0 -9999.0 -9999.0 -9999.0 -9999.0 -9999.0 -9999.0 -9999.0 -9999.0 -9999.0 -9999.0 -9999.0 -9999.0 -9999.0 -9999.0 -9999.0 -9999.0 -9999.0 -9999.0 -9999.0 -9999.0 -9999.0 -9999.0 -9999.0 -9999.0 -9999.0 -9999.0 -9999.0 -9999.0 -9999.0 -9999.0 -9999.0 -9999.0 -9999.0 -9999.0 -9999.0 -9999.0 -9999.0 -9999.0 -9999.0 -9999.0 -9999.0 -9999.0 -9999.0 -9999.0 -9999.0 -9999.0 -9999.0 -9999.0 -9999.0 59.9 82.4 39.0 55.0 50.9 32.3 14.0 15.4 9.0 3.9 2.7 3.2 3.0 5.0 8.6 15.1 23.8 31.9 35.5 57.7 84.5 112.2 130.9 143.9 162.6 192.4 235.2
-9999.0 -9999.0 -9999.0 -9999.0 -9999.0 -9999.0 -9999.0 -9999.0 -9999.0 -9999.0 -9999.0 -9999.0 -9999.0 -9999.0 -9999.0 -9999.0 -9999.0 -9999.0 -9999.0 -9999.0 -9999.0 -9999.0 -9999.0 -9999.0 -9999.0 -9999.0 -9999.0 -9999.0 -9999.0 -9999.0 -9999.0 -9999.0 -9999.0 -9999.0 -9999.0 -9999.0 -9999.0 -9999.0 -9999.0 -9999.0 -9999.0 -9999.0 -9999.0 -9999.0 -9999.0 -9999.0 -9999.0 -9999.0 -9999.0 -9999.0 40.3 34.3 27.5 76.6 32.5 26.9 38.9 17.0 13.9 5.6 6.6 7.1 5.7 4.0 6.5 11.5 20.0 25.7 29.4 38.1 68.5 97.2 131.5 147.1 142.5 168.1 225.9
-9999.0 -9999.0 -9999.0 -9999.0 -9999.0 -9999.0 -9999.0 -9999.0 -9999.0 -9999.0 -9999.0 -9999.0 -9999.0 -9999.0 -9999.0 -9999.0 -9999.0 -9999.0 -9999.0 -9999.0 -9999.0 -9999.0 -9999.0 -9999.0 -9999.0 -9999.0 -9999.0 -9999.0 -9999.0 -9999.0 -9999.0 -9999.0 -9999.0 -9999.0 -9999.0 -9999.0 -9999.0 -9999.0 -9999.0 -9999.0 -9999.0 -9999.0 -9999.0 -9999.0 -9999.0 -9999.0 -9999.0 -9999.0 -9999.0 -9999.0 39.6 57.0 42.4 52.6 47.4 54.6 17.7 21.9 18.1 12.1 16.1 14.4 8.7 9.1 11.3 15.6 22.1 25.6 27.2 34.3 53.6 87.2 113.1 119.9 100.9 117.9 159.4
-9999.0 -9999.0 -9999.0 -9999.0 -9999.0 -9999.0 -9999.0 -9999.0 -9999.0 -9999.0 -9999.0 -9999.0 -9999.0 -9999.0 -9999.0 -9999.0 -9999.0 -9999.0 -9999.0 -9999.0 -9999.0 -9999.0 -9999.0 -9999.0 -9999.0 -9999.0 -9999.0 -9999.0 -9999.0 -9999.0 -9999.0 -9999.0 -9999.0 -9999.0 -9999.0 -9999.0 -9999.0 -9999.0 -9999.0 -9999.0 -9999.0 -9999.0 -9999.0 -9999.0 -9999.0 -9999.0 -9999.0 -9999.0 -9999.0 -9999.0 -9999.0 -9999.0 -9999.0 44.6 38.8 32.8 30.4 30.5 18.5 23.3 48.1 28.3 37.0 30.6 29.3 31.6 35.8 36.8 34.3 37.1 50.5 71.4 84.6 83.4 76.8 72.5 94.1
-9999.0 -9999.0 -9999.0 -9999.0 -9999.0 -9999.0 -9999.0 -9999.0 -9999.0 -9999.0 -9999.0 -9999.0 -9999.0 -9999.0 -9999.0 -9999.0 -9999.0 -9999.0 -9999.0 -9999.0 -9999.0 -9999.0 -9999.0 -9999.0 -9999.0 -9999.0 -9999.0 -9999.0 -9999.0 -9999.0 -9999.0 -9999.0 -9999.0 -9999.0 -9999.0 -9999.0 -9999.0 -9999.0 -9999.0 -9999.0 -9999.0 -9999.0 -9999.0 -9999.0 -9999.0 -9999.0 -9999.0 -9999.0 -9999.0 -9999.0 -9999.0 -9999.0 -9999.0 55.8 41.5 88.3 32.3 23.8 32.1 59.7 56.3 59.0 84.8 74.0 71.2 67.7 70.2 60.8 57.9 56.2 58.7 63.6 66.9 67.4 68.6 83.4 90.6
-9999.0 -9999.0 -9999.0 -9999.0 -9999.0 -9999.0 -9999.0 -9999.0 -9999.0 -9999.0 -9999.0 -9999.0 -9999.0 -9999.0 -9999.0 -9999.0 -9999.0 -9999.0 -9999.0 -9999.0 -9999.0 -9999.0 -9999.0 -9999.0 -9999.0 -9999.0 -9999.0 -9999.0 -9999.0 -9999.0 -9999.0 -9999.0 -9999.0 -9999.0 -9999.0 -9999.0 -9999.0 -9999.0 -9999.0 -9999.0 -9999.0 -9999.0 -9999.0 -9999.0 -9999.0 -9999.0 -9999.0 -9999.0 -9999.0 -9999.0 -9999.0 -9999.0 -9999.0 70.3 37.7 62.1 44.3 33.4 43.1 56.8 90.9 109.2 138.9 136.4 115.9 -9999.0 -9999.0 -9999.0 92.6 86.3 74.7 65.7 59.1 57.7 68.0 92.3 100.5
-9999.0 -9999.0 -9999.0 -9999.0 -9999.0 -9999.0 -9999.0 -9999.0 -9999.0 -9999.0 -9999.0 -9999.0 -9999.0 -9999.0 -9999.0 -9999.0 -9999.0 -9999.0 -9999.0 -9999.0 -9999.0 -9999.0 -9999.0 -9999.0 -9999.0 -9999.0 -9999.0 -9999.0 -9999.0 -9999.0 -9999.0 -9999.0 -9999.0 -9999.0 -9999.0 -9999.0 -9999.0 -9999.0 -9999.0 -9999.0 -9999.0 -9999.0 -9999.0 -9999.0 -9999.0 -9999.0 -9999.0 -9999.0 -9999.0 -9999.0 -9999.0 -9999.0 -9999.0 -9999.0 75.0 62.6 36.8 34.0 57.8 91.4 83.8 -9999.0 -9999.0 -9999.0 -9999.0 -9999.0 -9999.0 -9999.0 122.6 107.7 89.2 66.3 52.9 52.6 63.6 79.6 94.7
-9999.0 -9999.0 -9999.0 -9999.0 -9999.0 -9999.0 -9999.0 -9999.0 -9999.0 -9999.0 -9999.0 -9999.0 -9999.0 -9999.0 -9999.0 -9999.0 -9999.0 -9999.0 -9999.0 -9999.0 -9999.0 -9999.0 -9999.0 -9999.0 -9999.0 -9999.0 -9999.0 -9999.0 -9999.0 -9999.0 -9999.0 -9999.0 -9999.0 -9999.0 -9999.0 -9999.0 -9999.0 -9999.0 -9999.0 -9999.0 -9999.0 -9999.0 -9999.0 -9999.0 -9999.0 -9999.0 -9999.0 -9999.0 -9999.0 -9999.0 -9999.0 -9999.0 -9999.0 -9999.0 -9999.0 66.1 98.9 58.3 56.9 87.1 107.2 -9999.0 -9999.0 -9999.0 -9999.0 -9999.0 -9999.0 -9999.0 -9999.0 -9999.0 82.9 -9999.0 -9999.0 -9999.0 -9999.0 -9999.0 88.8
-9999.0 -9999.0 -9999.0 -9999.0 -9999.0 -9999.0 -9999.0 -9999.0 -9999.0 -9999.0 -9999.0 -9999.0 -9999.0 -9999.0 -9999.0 -9999.0 -9999.0 -9999.0 -9999.0 -9999.0 -9999.0 -9999.0 -9999.0 -9999.0 -9999.0 -9999.0 -9999.0 -9999.0 -9999.0 -9999.0 -9999.0 -9999.0 -9999.0 -9999.0 -9999.0 -9999.0 -9999.0 -9999.0 -9999.0 -9999.0 -9999.0 -9999.0 -9999.0 -9999.0 -9999.0 -9999.0 -9999.0 -9999.0 -9999.0 -9999.0 -9999.0 -9999.0 -9999.0 -9999.0 -9999.0 -9999.0 -9999.0 -9999.0 85.6 89.4 -9999.0 -9999.0 -9999.0 -9999.0 -9999.0 -9999.0 -9999.0 -9999.0 -9999.0 -9999.0 -9999.0 -9999.0 -9999.0 -9999.0 -9999.0 68.3 90.9
-9999.0 -9999.0 -9999.0 -9999.0 -9999.0 -9999.0 -9999.0 -9999.0 -9999.0 -9999.0 -9999.0 -9999.0 -9999.0 -9999.0 -9999.0 -9999.0 -9999.0 -9999.0 -9999.0 -9999.0 -9999.0 -9999.0 -9999.0 -9999.0 -9999.0 -9999.0 -9999.0 -9999.0 -9999.0 -9999.0 -9999.0 -9999.0 -9999.0 -9999.0 -9999.0 -9999.0 -9999.0 -9999.0 -9999.0 -9999.0 -9999.0 -9999.0 -9999.0 -9999.0 -9999.0 -9999.0 -9999.0 -9999.0 -9999.0 -9999.0 -9999.0 -9999.0 -9999.0 -9999.0 -9999.0 -9999.0 -9999.0 -9999.0 -9999.0 -9999.0 -9999.0 -9999.0 -9999.0 -9999.0 -9999.0 -9999.0 -9999.0 -9999.0 -9999.0 -9999.0 -9999.0 -9999.0 -9999.0 -9999.0 -9999.0 -9999.0 -9999.0
