program/excelProcessViaJava/data/SURF_CLI_CHN_PRE_MON_GRID_0.5-198004.txt
NCOLS      128
NROWS       72
XLLCORNER    72.000000000000    
YLLCORNER    18.000000000000    
CELLSIZE    0.50000000000000    
NODATA_VALUE   -9999.000    
[rows 35 to 69 of 72, columns 0 to 77 of 128]
-9999.0 -9999.0 -9999.0 -9999.0 -9999.0 -9999.0 -9999.0 0.2 0.2 0.1 0.3 0.2 0.1 0.1 0.0 0.1 0.0 0.1 0.1 0.0 0.0 0.0 0.0 0.0 0.0 0.0 0.0 0.0 0.1 0.2 0.4 0.8 1.5 2.1 2.4 3.0 2.5 2.5 1.9 1.4 1.4 0.8 0.6 0.6 0.8 1.1 0.9 1.2 1.8 3.2 5.1 6.1 5.0 3.4 3.1 2.2 2.8 4.9 12.4 13.9 18.8 12.4 14.1 16.1 17.2 13.5 13.6 13.1 12.7 13.9 13.8 15.0 19.1 22.4 24.0 26.1 24.4 27.4
-9999.0 -9999.0 -9999.0 -9999.0 -9999.0 -9999.0 -9999.0 0.5 0.1 0.1 0.1 0.1 0.0 0.0 0.0 0.0 0.0 0.0 0.0 0.0 0.0 0.0 0.0 0.0 0.0 0.0 0.1 0.1 0.3 0.6 0.9 1.5 2.3 2.6 3.5 3.7 3.8 3.2 2.8 2.3 1.8 1.3 1.0 1.0 1.0 1.3 1.4 1.8 2.5 3.4 3.7 4.0 4.8 3.7 3.6 2.9 4.0 7.2 11.8 14.3 13.5 11.9 15.9 19.6 19.4 17.8 15.7 13.4 15.2 14.7 15.8 18.2 23.6 27.6 25.0 29.5 28.3 25.3
-9999.0 -9999.0 -9999.0 -9999.0 -9999.0 -9999.0 -9999.0 -9999.0 -9999.0 0.1 0.1 0.0 0.0 0.0 0.0 0.0 0.0 0.0 0.0 0.0 0.0 0.0 0.0 0.0 0.1 0.1 0.2 0.3 0.7 0.9 2.2 2.7 3.5 3.8 4.9 5.0 4.9 4.3 4.1 3.4 2.9 2.2 1.9 1.8 1.8 2.1 2.5 3.1 3.9 4.6 5.0 5.2 5.1 4.6 4.6 4.2 5.6 8.9 12.4 13.8 11.7 10.1 10.7 21.8 22.2 21.5 17.3 13.9 16.7 16.4 18.4 18.3 21.5 26.1 30.1 25.4 27.2 28.7
-9999.0 -9999.0 -9999.0 -9999.0 -9999.0 -9999.0 -9999.0 -9999.0 -9999.0 -9999.0 -9999.0 0.1 0.0 0.0 0.0 0.0 0.0 0.0 0.0 0.0 0.0 0.0 0.0 0.1 0.1 0.2 0.2 0.4 0.9 1.8 2.7 3.1 4.5 5.1 5.7 4.9 5.5 5.2 4.2 4.4 3.7 3.4 3.0 2.9 2.8 3.4 4.1 4.9 5.8 6.4 7.0 7.1 6.9 6.8 7.1 6.8 7.5 10.3 13.6 14.9 14.1 12.8 14.2 20.8 25.4 25.4 19.6 19.5 21.0 23.5 23.0 21.2 18.8 20.3 24.9 28.7 31.5 34.0
-9999.0 -9999.0 -9999.0 -9999.0 -9999.0 -9999.0 -9999.0 -9999.0 -9999.0 -9999.0 -9999.0 -9999.0 0.0 0.0 0.0 0.0 0.0 0.0 0.0 0.0 0.0 0.0 0.1 0.1 0.1 0.3 0.6 0.7 1.4 1.8 3.2 4.4 5.2 5.2 5.4 5.7 4.9 5.4 5.5 5.5 5.2 4.5 4.0 3.6 3.9 4.6 5.7 6.7 7.7 8.5 9.4 10.0 10.2 10.2 10.5 10.8 11.3 13.1 16.1 17.5 19.4 21.5 24.7 29.4 38.5 42.6 39.2 38.3 37.5 38.0 29.7 23.5 23.8 27.4 31.0 49.0 38.5 40.6
-9999.0 -9999.0 -9999.0 -9999.0 -9999.0 -9999.0 -9999.0 -9999.0 -9999.0 -9999.0 -9999.0 -9999.0 0.1 0.0 0.0 0.0 0.0 0.0 0.0 0.0 0.0 0.1 0.1 0.2 0.4 0.5 0.9 1.8 2.1 3.4 3.8 4.2 5.4 5.9 5.7 5.9 5.1 5.0 5.1 5.3 5.4 4.9 4.2 4.2 4.5 5.5 6.7 7.9 8.6 9.9 11.2 12.9 13.6 14.6 14.7 15.3 15.4 16.6 19.6 22.9 27.8 34.2 38.3 43.3 51.8 58.2 43.7 46.4 48.1 50.2 47.2 48.0 48.0 38.1 42.6 42.0 40.7 55.6
-9999.0 -9999.0 -9999.0 -9999.0 -9999.0 -9999.0 -9999.0 -9999.0 -9999.0 -9999.0 -9999.0 -9999.0 -9999.0 0.1 0.1 0.1 0.0 0.1 0.1 0.1 0.1 0.2 0.2 0.5 0.6 0.4 0.7 0.9 1.8 2.8 4.3 5.4 5.2 5.5 6.1 5.6 5.1 4.7 4.7 4.7 4.8 4.5 4.2 4.2 4.5 5.5 6.8 8.2 9.4 10.6 12.4 13.9 15.4 18.5 18.0 17.7 18.1 19.5 21.5 25.2 30.9 41.5 49.3 59.3 45.1 60.0 70.3 65.7 63.7 54.5 42.4 41.6 40.8 45.3 52.9 51.3 50.9 49.6
-9999.0 -9999.0 -9999.0 -9999.0 -9999.0 -9999.0 -9999.0 -9999.0 -9999.0 -9999.0 -9999.0 -9999.0 0.2 0.2 0.1 0.1 0.1 0.1 0.1 0.3 0.4 0.5 0.5 0.7 1.1 0.6 1.0 1.6 2.2 2.7 3.9 5.4 4.9 5.7 5.2 4.9 4.2 4.3 4.4 4.6 4.8 5.1 5.1 3.9 4.4 5.3 6.3 6.9 8.0 9.5 12.9 16.5 16.2 18.2 17.1 16.8 17.9 22.1 23.7 28.8 34.5 43.2 55.5 65.6 72.3 70.8 48.3 53.3 64.7 66.1 54.7 43.7 46.3 49.5 48.9 49.1 47.2 47.7
-9999.0 -9999.0 -9999.0 -9999.0 -9999.0 -9999.0 -9999.0 -9999.0 -9999.0 -9999.0 -9999.0 -9999.0 0.4 0.4 0.3 0.3 0.3 0.4 0.5 0.4 1.0 0.7 0.8 1.0 1.5 1.7 1.6 1.8 2.0 2.9 3.8 4.5 4.6 5.5 4.9 4.0 3.7 3.5 4.0 4.8 5.0 4.8 4.2 3.9 4.3 5.3 7.0 7.7 8.4 6.9 8.7 13.8 13.4 13.9 14.5 14.2 15.5 18.9 24.3 29.9 38.0 49.1 60.7 68.3 71.6 58.0 65.4 46.5 38.6 36.9 37.4 39.7 44.6 50.7 60.9 58.3 49.7 60.6
-9999.0 -9999.0 -9999.0 -9999.0 -9999.0 -9999.0 -9999.0 -9999.0 -9999.0 -9999.0 -9999.0 -9999.0 1.8 1.2 1.5 1.2 1.3 0.9 1.1 1.2 0.9 0.9 1.5 1.1 1.3 0.8 0.9 0.7 1.4 1.8 2.5 2.8 4.2 4.6 3.9 3.0 2.7 2.9 3.9 4.8 5.8 6.3 5.5 5.4 5.1 6.8 8.4 8.0 7.0 7.3 8.7 8.7 19.6 20.8 16.0 13.4 14.4 18.4 24.5 31.9 41.6 53.5 71.3 70.0 56.0 57.7 52.4 43.7 36.1 32.8 36.0 44.0 49.6 59.4 96.6 71.4 93.1 57.9
-9999.0 -9999.0 -9999.0 -9999.0 -9999.0 -9999.0 -9999.0 -9999.0 -9999.0 -9999.0 -9999.0 -9999.0 -9999.0 3.8 3.2 3.4 3.2 3.5 2.7 2.5 2.0 2.4 1.8 1.4 1.8 1.2 0.9 0.8 0.6 1.0 1.0 1.8 2.5 3.0 2.6 2.3 2.2 2.4 3.6 5.6 7.2 7.7 8.3 7.5 7.5 8.1 9.7 9.5 11.3 10.9 8.2 14.8 14.4 12.9 17.1 16.4 15.1 18.8 26.1 39.1 49.5 73.0 77.0 58.1 44.7 46.4 48.1 46.4 41.6 40.1 45.9 56.7 64.5 66.6 64.1 54.1 49.5 53.2
-9999.0 -9999.0 -9999.0 -9999.0 -9999.0 -9999.0 -9999.0 -9999.0 -9999.0 -9999.0 -9999.0 -9999.0 -9999.0 10.4 7.2 7.6 6.5 7.8 7.4 6.3 4.7 4.1 3.3 2.7 3.2 1.6 0.8 0.6 0.3 0.3 0.3 0.6 1.2 1.6 1.7 1.7 1.5 2.1 3.9 7.5 8.1 9.3 10.0 10.4 13.6 12.2 13.6 14.6 14.3 13.8 16.2 11.4 17.3 21.5 22.8 18.1 16.2 20.8 30.4 38.0 57.4 59.6 52.7 51.2 41.8 41.6 50.9 58.5 57.2 58.3 66.2 78.8 87.6 84.2 74.1 69.8 79.8 50.1
-9999.0 -9999.0 -9999.0 -9999.0 -9999.0 -9999.0 -9999.0 -9999.0 -9999.0 -9999.0 -9999.0 -9999.0 -9999.0 -9999.0 -9999.0 14.5 15.1 13.5 14.0 14.3 10.1 9.8 8.3 5.9 3.7 2.1 0.9 0.3 0.2 0.1 0.1 0.2 0.7 1.1 1.0 2.5 3.9 1.9 4.1 6.8 10.3 12.2 12.8 13.7 18.8 26.6 20.6 30.1 23.1 26.5 20.9 30.1 22.6 23.2 15.8 19.1 19.7 24.6 37.3 52.9 52.4 51.7 76.4 66.4 52.3 48.7 60.7 76.7 81.8 85.8 94.5 104.7 112.2 108.0 90.4 99.7 93.0 107.6
-9999.0 -9999.0 -9999.0 -9999.0 -9999.0 -9999.0 -9999.0 -9999.0 -9999.0 -9999.0 -9999.0 -9999.0 -9999.0 -9999.0 -9999.0 -9999.0 -9999.0 64.2 39.4 -9999.0 29.6 17.1 17.6 13.6 7.2 4.3 2.0 0.6 0.2 0.1 0.1 0.1 0.7 0.3 0.3 0.9 5.6 1.8 5.0 8.0 10.9 15.0 14.6 16.6 56.8 42.8 147.6 34.4 44.5 37.9 55.2 35.1 43.2 34.7 31.9 28.0 21.6 33.4 43.1 59.4 45.6 68.0 92.2 87.6 69.9 60.7 71.6 91.9 109.3 119.1 124.2 134.7 137.8 119.0 115.4 125.6 114.1 104.2
-9999.0 -9999.0 -9999.0 -9999.0 -9999.0 -9999.0 -9999.0 -9999.0 -9999.0 -9999.0 -9999.0 -9999.0 -9999.0 -9999.0 -9999.0 -9999.0 -9999.0 -9999.0 -9999.0 -9999.0 -9999.0 35.2 26.3 18.3 14.4 12.8 6.4 2.2 0.4 0.1 0.1 0.2 0.2 0.4 0.4 1.4 2.0 3.3 4.8 8.1 10.1 16.9 19.0 20.2 67.4 39.1 242.8 79.0 56.0 87.1 63.2 66.6 63.9 47.3 41.0 39.9 37.0 34.0 59.1 63.1 56.5 70.0 96.2 98.1 87.6 77.6 86.2 106.0 128.4 140.1 138.5 138.4 136.1 115.0 102.8 106.9 112.0 103.5
-9999.0 -9999.0 -9999.0 -9999.0 -9999.0 -9999.0 -9999.0 -9999.0 -9999.0 -9999.0 -9999.0 -9999.0 -9999.0 -9999.0 -9999.0 -9999.0 -9999.0 -9999.0 -9999.0 -9999.0 -9999.0 -9999.0 -9999.0 65.4 32.5 24.7 15.6 7.1 2.4 0.6 0.3 0.7 5.2 4.4 8.5 8.8 13.9 8.6 16.4 19.8 17.5 22.8 16.3 23.7 76.2 252.4 143.6 138.4 193.8 221.3 129.2 92.1 98.2 75.8 51.8 31.1 38.3 49.5 40.2 64.9 54.2 54.2 50.8 77.1 77.4 83.1 94.0 109.8 121.7 126.2 123.4 119.6 123.6 134.5 108.0 109.1 145.1 156.5
-9999.0 -9999.0 -9999.0 -9999.0 -9999.0 -9999.0 -9999.0 -9999.0 -9999.0 -9999.0 -9999.0 -9999.0 -9999.0 -9999.0 -9999.0 -9999.0 -9999.0 -9999.0 -9999.0 -9999.0 -9999.0 -9999.0 -9999.0 -9999.0 -9999.0 101.7 46.7 20.8 12.9 15.5 6.6 5.9 9.1 15.2 14.8 27.7 46.6 22.8 34.6 22.9 33.2 18.0 44.7 55.2 166.8 252.1 247.7 365.9 128.9 219.9 122.5 133.0 115.8 98.5 61.6 35.7 38.0 34.2 54.6 61.7 59.9 44.1 66.5 62.3 59.8 71.4 83.6 88.8 104.6 114.8 100.2 101.3 109.4 151.7 165.4 148.1 159.7 203.8
-9999.0 -9999.0 -9999.0 -9999.0 -9999.0 -9999.0 -9999.0 -9999.0 -9999.0 -9999.0 -9999.0 -9999.0 -9999.0 -9999.0 -9999.0 -9999.0 -9999.0 -9999.0 -9999.0 -9999.0 -9999.0 -9999.0 -9999.0 -9999.0 -9999.0 -9999.0 -9999.0 120.5 101.8 38.0 29.2 28.3 40.4 32.6 45.5 31.7 35.3 32.0 21.6 26.9 33.2 19.6 59.2 130.1 173.5 229.1 281.7 328.0 374.0 327.3 427.2 415.2 155.1 119.7 66.3 43.7 22.5 22.4 45.9 46.6 25.0 39.6 23.2 21.8 19.1 34.3 62.2 82.3 90.3 94.4 93.2 113.0 115.6 163.4 169.8 181.9 254.9 273.2
-9999.0 -9999.0 -9999.0 -9999.0 -9999.0 -9999.0 -9999.0 -9999.0 -9999.0 -9999.0 -9999.0 -9999.0 -9999.0 -9999.0 -9999.0 -9999.0 -9999.0 -9999.0 -9999.0 -9999.0 -9999.0 -9999.0 -9999.0 -9999.0 -9999.0 -9999.0 -9999.0 -9999.0 -9999.0 -9999.0 -9999.0 -9999.0 -9999.0 66.9 73.9 -9999.0 -9999.0 -9999.0 41.2 34.3 35.9 52.1 55.6 125.1 162.7 193.9 -9999.0 -9999.0 -9999.0 -9999.0 -9999.0 -9999.0 217.1 106.1 70.5 29.2 15.0 11.9 22.6 23.8 26.0 30.8 15.7 13.1 16.2 27.5 46.7 65.3 77.7 85.8 92.9 114.4 145.7 151.4 204.4 204.4 284.0 259.4
-9999.0 -9999.0 -9999.0 -9999.0 -9999.0 -9999.0 -9999.0 -9999.0 -9999.0 -9999.0 -9999.0 -9999.0 -9999.0 -9999.0 -9999.0 -9999.0 -9999.0 -9999.0 -9999.0 -9999.0 -9999.0 -9999.0 -9999.0 -9999.0 -9999.0 -9999.0 -9999.0 -9999.0 -9999.0 -9999.0 -9999.0 -9999.0 -9999.0 -9999.0 -9999.0 -9999.0 -9999.0 -9999.0 -9999.0 77.3 78.7 85.7 96.6 110.6 -9999.0 -9999.0 -9999.0 -9999.0 -9999.0 -9999.0 -9999.0 -9999.0 169.5 99.6 49.9 16.2 4.9 3.5 6.4 10.7 14.2 20.0 19.2 14.6 17.0 29.5 50.7 70.0 74.9 82.9 100.6 122.1 129.0 161.5 154.1 198.6 244.6 252.8
-9999.0 -9999.0 -9999.0 -9999.0 -9999.0 -9999.0 -9999.0 -9999.0 -9999.0 -9999.0 -9999.0 -9999.0 -9999.0 -9999.0 -9999.0 -9999.0 -9999.0 -9999.0 -9999.0 -9999.0 -9999.0 -9999.0 -9999.0 -9999.0 -9999.0 -9999.0 -9999.0 -9999.0 -9999.0 -9999.0 -9999.0 -9999.0 -9999.0 -9999.0 -9999.0 -9999.0 -9999.0 -9999.0 -9999.0 -9999.0 -9999.0 -9999.0 -9999.0 -9999.0 -9999.0 -9999.0 -9999.0 -9999.0 -9999.0 -9999.0 -9999.0 -9999.0 95.4 91.1 39.5 21.1 2.0 1.3 3.2 6.5 9.1 13.7 29.0 16.3 20.4 36.9 66.6 82.8 81.7 88.5 113.6 140.6 178.5 160.6 170.0 187.5 244.1 259.4
-9999.0 -9999.0 -9999.0 -9999.0 -9999.0 -9999.0 -9999.0 -9999.0 -9999.0 -9999.0 -9999.0 -9999.0 -9999.0 -9999.0 -9999.0 -9999.0 -9999.0 -9999.0 -9999.0 -9999.0 -9999.0 -9999.0 -9999.0 -9999.0 -9999.0 -9999.0 -9999.0 -9999.0 -9999.0 -9999.0 -9999.0 -9999.0 -9999.0 -9999.0 -9999.0 -9999.0 -9999.0 -9999.0 -9999.0 -9999.0 -9999.0 -9999.0 -9999.0 -9999.0 -9999.0 -9999.0 -9999.0 -9999.0 -9999.0 -9999.0 -9999.0 71.3 86.1 78.5 22.4 9.7 2.4 2.8 3.1 3.2 6.5 8.7 11.5 13.6 18.7 35.8 71.3 80.5 92.9 103.2 137.1 168.4 174.9 172.7 190.8 221.0 273.3 292.6
-9999.0 -9999.0 -9999.0 -9999.0 -9999.0 -9999.0 -9999.0 -9999.0 -9999.0 -9999.0 -9999.0 -9999.0 -9999.0 -9999.0 -9999.0 -9999.0 -9999.0 -9999.0 -9999.0 -9999.0 -9999.0 -9999.0 -9999.0 -9999.0 -9999.0 -9999.0 -9999.0 -9999.0 -9999.0 -9999.0 -9999.0 -9999.0 -9999.0 -9999.0 -9999.0 -9999.0 -9999.0 -9999.0 -9999.0 -9999.0 -9999.0 -9999.0 -9999.0 -9999.0 -9999.0 -9999.0 -9999.0 -9999.0 -9999.0 -9999.0 27.4 74.5 86.5 73.7 37.6 19.8 7.8 6.3 4.6 3.3 2.4 4.2 6.2 9.2 13.0 28.9 65.2 80.5 96.1 105.4 146.5 188.0 222.1 247.5 259.0 273.8 289.7 314.1
-9999.0 -9999.0 -9999.0 -9999.0 -9999.0 -9999.0 -9999.0 -9999.0 -9999.0 -9999.0 -9999.0 -9999.0 -9999.0 -9999.0 -9999.0 -9999.0 -9999.0 -9999.0 -9999.0 -9999.0 -9999.0 -9999.0 -9999.0 -9999.0 -9999.0 -9999.0 -9999.0 -9999.0 -9999.0 -9999.0 -9999.0 -9999.0 -9999.0 -9999.0 -9999.0 -9999.0 -9999.0 -9999.0 -9999.0 -9999.0 -9999.0 -9999.0 -9999.0 -9999.0 -9999.0 -9999.0 -9999.0 -9999.0 -9999.0 -9999.0 13.5 82.5 43.3 73.4 57.8 35.3 16.0 15.3 9.0 4.3 2.6 3.0 4.4 5.8 9.3 18.6 42.1 54.6 73.6 91.7 137.1 193.0 239.4 262.3 262.5 259.3 264.9 260.0
-9999.0 -9999.0 -9999.0 -9999.0 -9999.0 -9999.0 -9999.0 -9999.0 -9999.0 -9999.0 -9999.0 -9999.0 -9999.0 -9999.0 -9999.0 -9999.0 -9999.0 -9999.0 -9999.0 -9999.0 -9999.0 -9999.0 -9999.0 -9999.0 -9999.0 -9999.0 -9999.0 -9999.0 -9999.0 -9999.0 -9999.0 -9999.0 -9999.0 -9999.0 -9999.0 -9999.0 -9999.0 -9999.0 -9999.0 -9999.0 -9999.0 -9999.0 -9999.0 -9999.0 -9999.0 -9999.0 -9999.0 -9999.0 -9999.0 -9999.0 6.3 24.2 26.5 82.1 54.1 41.3 36.4 24.9 17.5 10.2 7.1 5.9 6.1 7.2 10.9 18.7 28.9 40.8 54.2 86.4 111.5 168.6 174.3 203.4 184.7 192.6 215.4 215.6
-9999.0 -9999.0 -9999.0 -9999.0 -9999.0 -9999.0 -9999.0 -9999.0 -9999.0 -9999.0 -9999.0 -9999.0 -9999.0 -9999.0 -9999.0 -9999.0 -9999.0 -9999.0 -9999.0 -9999.0 -9999.0 -9999.0 -9999.0 -9999.0 -9999.0 -9999.0 -9999.0 -9999.0 -9999.0 -9999.0 -9999.0 -9999.0 -9999.0 -9999.0 -9999.0 -9999.0 -9999.0 -9999.0 -9999.0 -9999.0 -9999.0 -9999.0 -9999.0 -9999.0 -9999.0 -9999.0 -9999.0 -9999.0 -9999.0 -9999.0 18.5 46.4 45.2 60.1 54.6 49.4 22.8 27.6 25.5 16.8 16.3 12.1 13.3 14.0 18.2 26.9 41.1 49.5 68.7 47.9 79.8 99.1 114.0 126.7 109.7 128.0 162.1 190.8
-9999.0 -9999.0 -9999.0 -9999.0 -9999.0 -9999.0 -9999.0 -9999.0 -9999.0 -9999.0 -9999.0 -9999.0 -9999.0 -9999.0 -9999.0 -9999.0 -9999.0 -9999.0 -9999.0 -9999.0 -9999.0 -9999.0 -9999.0 -9999.0 -9999.0 -9999.0 -9999.0 -9999.0 -9999.0 -9999.0 -9999.0 -9999.0 -9999.0 -9999.0 -9999.0 -9999.0 -9999.0 -9999.0 -9999.0 -9999.0 -9999.0 -9999.0 -9999.0 -9999.0 -9999.0 -9999.0 -9999.0 -9999.0 -9999.0 -9999.0 -9999.0 -9999.0 -9999.0 37.9 34.3 27.5 23.2 23.2 12.6 16.4 30.3 17.2 23.0 31.6 36.0 43.0 56.0 52.7 66.8 68.3 66.8 71.9 76.3 82.0 88.2 95.7 129.6 181.6
-9999.0 -9999.0 -9999.0 -9999.0 -9999.0 -9999.0 -9999.0 -9999.0 -9999.0 -9999.0 -9999.0 -9999.0 -9999.0 -9999.0 -9999.0 -9999.0 -9999.0 -9999.0 -9999.0 -9999.0 -9999.0 -9999.0 -9999.0 -9999.0 -9999.0 -9999.0 -9999.0 -9999.0 -9999.0 -9999.0 -9999.0 -9999.0 -9999.0 -9999.0 -9999.0 -9999.0 -9999.0 -9999.0 -9999.0 -9999.0 -9999.0 -9999.0 -9999.0 -9999.0 -9999.0 -9999.0 -9999.0 -9999.0 -9999.0 -9999.0 -9999.0 -9999.0 -9999.0 31.6 25.9 30.6 14.4 9.5 13.9 31.3 27.0 35.2 50.6 76.4 79.2 76.2 66.3 80.6 59.7 59.3 58.1 63.7 71.6 79.5 90.3 112.5 133.0 185.8
-9999.0 -9999.0 -9999.0 -9999.0 -9999.0 -9999.0 -9999.0 -9999.0 -9999.0 -9999.0 -9999.0 -9999.0 -9999.0 -9999.0 -9999.0 -9999.0 -9999.0 -9999.0 -9999.0 -9999.0 -9999.0 -9999.0 -9999.0 -9999.0 -9999.0 -9999.0 -9999.0 -9999.0 -9999.0 -9999.0 -9999.0 -9999.0 -9999.0 -9999.0 -9999.0 -9999.0 -9999.0 -9999.0 -9999.0 -9999.0 -9999.0 -9999.0 -9999.0 -9999.0 -9999.0 -9999.0 -9999.0 -9999.0 -9999.0 -9999.0 -9999.0 -9999.0 -9999.0 26.9 18.3 18.1 11.0 8.1 12.9 21.9 42.3 62.6 83.8 96.2 126.8 -9999.0 -9999.0 -9999.0 80.6 60.8 64.1 73.6 76.9 78.2 89.0 115.1 131.5 172.1
-9999.0 -9999.0 -9999.0 -9999.0 -9999.0 -9999.0 -9999.0 -9999.0 -9999.0 -9999.0 -9999.0 -9999.0 -9999.0 -9999.0 -9999.0 -9999.0 -9999.0 -9999.0 -9999.0 -9999.0 -9999.0 -9999.0 -9999.0 -9999.0 -9999.0 -9999.0 -9999.0 -9999.0 -9999.0 -9999.0 -9999.0 -9999.0 -9999.0 -9999.0 -9999.0 -9999.0 -9999.0 -9999.0 -9999.0 -9999.0 -9999.0 -9999.0 -9999.0 -9999.0 -9999.0 -9999.0 -9999.0 -9999.0 -9999.0 -9999.0 -9999.0 -9999.0 -9999.0 -9999.0 18.5 12.9 7.0 7.0 15.4 32.9 49.0 -9999.0 -9999.0 -9999.0 -9999.0 -9999.0 -9999.0 -9999.0 81.3 80.1 92.5 78.0 73.0 71.5 72.9 84.1 109.1 139.2
-9999.0 -9999.0 -9999.0 -9999.0 -9999.0 -9999.0 -9999.0 -9999.0 -9999.0 -9999.0 -9999.0 -9999.0 -9999.0 -9999.0 -9999.0 -9999.0 -9999.0 -9999.0 -9999.0 -9999.0 -9999.0 -9999.0 -9999.0 -9999.0 -9999.0 -9999.0 -9999.0 -9999.0 -9999.0 -9999.0 -9999.0 -9999.0 -9999.0 -9999.0 -9999.0 -9999.0 -9999.0 -9999.0 -9999.0 -9999.0 -9999.0 -9999.0 -9999.0 -9999.0 -9999.0 -9999.0 -9999.0 -9999.0 -9999.0 -9999.0 -9999.0 -9999.0 -9999.0 -9999.0 -9999.0 10.3 12.3 10.5 17.8 36.3 62.4 -9999.0 -9999.0 -9999.0 -9999.0 -9999.0 -9999.0 -9999.0 -9999.0 -9999.0 82.3 -9999.0 -9999.0 -9999.0 -9999.0 -9999.0 77.2 -9999.0
-9999.0 -9999.0 -9999.0 -9999.0 -9999.0 -9999.0 -9999.0 -9999.0 -9999.0 -9999.0 -9999.0 -9999.0 -9999.0 -9999.0 -9999.0 -9999.0 -9999.0 -9999.0 -9999.0 -9999.0 -9999.0 -9999.0 -9999.0 -9999.0 -9999.0 -9999.0 -9999.0 -9999.0 -9999.0 -9999.0 -9999.0 -9999.0 -9999.0 -9999.0 -9999.0 -9999.0 -9999.0 -9999.0 -9999.0 -9999.0 -9999.0 -9999.0 -9999.0 -9999.0 -9999.0 -9999.0 -9999.0 -9999.0 -9999.0 -9999.0 -9999.0 -9999.0 -9999.0 -9999.0 -9999.0 -9999.0 -9999.0 -9999.0 24.0 41.3 -9999.0 -9999.0 -9999.0 -9999.0 -9999.0 -9999.0 -9999.0 -9999.0 -9999.0 -9999.0 -9999.0 -9999.0 -9999.0 -9999.0 -9999.0 47.2 61.2 -9999.0
-9999.0 -9999.0 -9999.0 -9999.0 -9999.0 -9999.0 -9999.0 -9999.0 -9999.0 -9999.0 -9999.0 -9999.0 -9999.0 -9999.0 -9999.0 -9999.0 -9999.0 -9999.0 -9999.0 -9999.0 -9999.0 -9999.0 -9999.0 -9999.0 -9999.0 -9999.0 -9999.0 -9999.0 -9999.0 -9999.0 -9999.0 -9999.0 -9999.0 -9999.0 -9999.0 -9999.0 -9999.0 -9999.0 -9999.0 -9999.0 -9999.0 -9999.0 -9999.0 -9999.0 -9999.0 -9999.0 -9999.0 -9999.0 -9999.0 -9999.0 -9999.0 -9999.0 -9999.0 -9999.0 -9999.0 -9999.0 -9999.0 -9999.0 -9999.0 -9999.0 -9999.0 -9999.0 -9999.0 -9999.0 -9999.0 -9999.0 -9999.0 -9999.0 -9999.0 -9999.0 -9999.0 -9999.0 -9999.0 -9999.0 -9999.0 -9999.0 -9999.0 -9999.0
-9999.0 -9999.0 -9999.0 -9999.0 -9999.0 -9999.0 -9999.0 -9999.0 -9999.0 -9999.0 -9999.0 -9999.0 -9999.0 -9999.0 -9999.0 -9999.0 -9999.0 -9999.0 -9999.0 -9999.0 -9999.0 -9999.0 -9999.0 -9999.0 -9999.0 -9999.0 -9999.0 -9999.0 -9999.0 -9999.0 -9999.0 -9999.0 -9999.0 -9999.0 -9999.0 -9999.0 -9999.0 -9999.0 -9999.0 -9999.0 -9999.0 -9999.0 -9999.0 -9999.0 -9999.0 -9999.0 -9999.0 -9999.0 -9999.0 -9999.0 -9999.0 -9999.0 -9999.0 -9999.0 -9999.0 -9999.0 -9999.0 -9999.0 -9999.0 -9999.0 -9999.0 -9999.0 -9999.0 -9999.0 -9999.0 -9999.0 -9999.0 -9999.0 -9999.0 -9999.0 -9999.0 -9999.0 -9999.0 -9999.0 -9999.0 45.9 53.9 61.9
-9999.0 -9999.0 -9999.0 -9999.0 -9999.0 -9999.0 -9999.0 -9999.0 -9999.0 -9999.0 -9999.0 -9999.0 -9999.0 -9999.0 -9999.0 -9999.0 -9999.0 -9999.0 -9999.0 -9999.0 -9999.0 -9999.0 -9999.0 -9999.0 -9999.0 -9999.0 -9999.0 -9999.0 -9999.0 -9999.0 -9999.0 -9999.0 -9999.0 -9999.0 -9999.0 -9999.0 -9999.0 -9999.0 -9999.0 -9999.0 -9999.0 -9999.0 -9999.0 -9999.0 -9999.0 -9999.0 -9999.0 -9999.0 -9999.0 -9999.0 -9999.0 -9999.0 -9999.0 -9999.0 -9999.0 -9999.0 -9999.0 -9999.0 -9999.0 -9999.0 -9999.0 -9999.0 -9999.0 -9999.0 -9999.0 -9999.0 -9999.0 -9999.0 -9999.0 -9999.0 -9999.0 -9999.0 -9999.0 21.5 35.2 33.7 39.0 -9999.0
