program/excelProcessViaJava/data/SURF_CLI_CHN_PRE_MON_GRID_0.5-199405.txt
NCOLS      128
NROWS       72
XLLCORNER    72.000000000000    
YLLCORNER    18.000000000000    
CELLSIZE    0.50000000000000    
NODATA_VALUE   -9999.000    
[rows 34 to 67 of 72, columns 0 to 76 of 128]
-9999.0 -9999.0 -9999.0 -9999.0 3.4 3.9 4.9 5.2 7.4 9.0 6.5 12.0 11.3 12.4 3.1 3.3 3.9 1.9 1.6 2.5 5.3 8.1 11.5 16.7 18.2 17.4 15.8 14.5 12.9 11.4 9.9 9.3 7.5 6.5 6.3 5.0 6.8 9.3 6.3 3.9 9.1 2.7 2.5 1.6 1.4 1.2 1.1 1.2 1.5 2.6 4.2 6.1 13.5 13.1 16.2 24.0 33.7 45.7 53.3 23.8 37.9 10.2 8.2 9.3 8.2 7.3 7.4 5.5 4.9 6.2 6.8 8.4 9.6 11.6 12.8 14.0 10.9
-9999.0 -9999.0 -9999.0 -9999.0 -9999.0 -9999.0 -9999.0 3.7 5.0 5.5 7.7 9.1 8.8 10.6 11.6 2.6 8.2 4.7 4.8 9.4 15.6 18.1 18.4 18.2 17.7 16.8 15.6 14.2 12.7 11.4 10.0 8.8 7.6 7.0 7.2 5.9 7.9 7.6 11.9 15.1 8.3 23.8 22.9 13.7 5.6 1.7 2.3 1.8 2.9 2.9 4.6 7.3 10.7 22.7 25.4 26.1 35.4 45.0 61.4 45.5 50.6 12.2 7.1 9.2 11.8 9.5 8.0 6.8 6.1 6.3 6.1 6.0 7.5 10.0 11.5 12.7 7.4
-9999.0 -9999.0 -9999.0 -9999.0 -9999.0 -9999.0 -9999.0 2.9 2.6 4.2 5.3 5.7 7.1 8.9 9.1 11.6 11.0 11.9 14.5 14.2 15.2 16.8 17.2 17.4 17.1 16.4 15.3 13.7 12.3 10.7 9.4 8.2 7.2 7.1 6.0 6.1 5.9 7.8 9.1 10.5 14.4 18.0 21.8 29.6 13.7 5.5 6.1 6.0 11.5 9.7 17.8 16.9 14.4 19.3 28.0 32.3 44.1 58.5 68.7 69.5 58.6 38.9 17.3 18.6 16.4 12.5 9.4 8.3 8.2 6.6 6.1 5.8 6.7 9.4 8.6 11.7 9.3
-9999.0 -9999.0 -9999.0 -9999.0 -9999.0 -9999.0 -9999.0 -9999.0 -9999.0 2.7 3.2 3.6 5.2 6.0 6.5 7.1 9.1 11.4 11.9 13.6 14.4 15.2 16.1 16.6 16.6 16.1 14.9 13.4 12.0 10.2 8.9 7.6 6.7 6.3 5.4 5.3 5.3 6.4 6.8 9.4 11.3 16.8 19.0 17.4 18.6 15.5 13.5 12.2 13.4 14.9 18.1 17.7 18.6 22.2 29.6 37.9 51.2 65.1 72.4 75.3 69.9 61.1 52.0 29.7 26.3 17.1 12.1 11.3 12.0 10.1 9.0 6.5 7.1 10.0 11.8 5.3 4.7
-9999.0 -9999.0 -9999.0 -9999.0 -9999.0 -9999.0 -9999.0 -9999.0 -9999.0 -9999.0 -9999.0 3.1 2.5 4.6 5.0 6.3 7.2 8.3 9.7 11.4 13.1 14.3 15.3 16.1 15.5 15.3 14.0 12.7 11.2 9.9 8.5 7.3 6.5 6.0 5.7 6.6 5.9 6.4 10.9 8.6 12.6 14.4 16.7 17.6 23.9 17.1 22.1 17.5 20.3 21.3 20.9 21.8 23.1 26.6 31.9 39.5 52.9 63.3 73.3 76.3 71.5 67.1 61.0 49.1 38.7 20.2 14.2 15.6 17.8 18.2 14.9 11.5 8.6 7.8 3.6 3.9 4.7
-9999.0 -9999.0 -9999.0 -9999.0 -9999.0 -9999.0 -9999.0 -9999.0 -9999.0 -9999.0 -9999.0 -9999.0 1.9 2.3 4.0 4.4 6.5 7.2 8.7 10.5 11.7 13.4 14.7 15.7 13.9 15.1 14.4 12.1 10.7 8.7 7.9 7.1 6.4 6.2 6.4 6.8 8.8 8.2 8.1 8.2 9.5 13.1 17.8 23.4 24.3 25.0 26.2 22.2 25.7 29.1 32.2 30.5 28.9 30.8 34.5 39.5 47.5 54.4 73.6 69.4 70.1 64.8 61.4 57.5 41.9 36.9 20.3 22.1 25.8 28.7 19.6 6.1 2.9 3.6 6.7 13.5 8.9
-9999.0 -9999.0 -9999.0 -9999.0 -9999.0 -9999.0 -9999.0 -9999.0 -9999.0 -9999.0 -9999.0 -9999.0 2.1 1.5 1.8 3.7 3.9 5.7 7.9 9.4 11.1 12.7 14.1 15.4 16.3 15.2 13.9 13.0 10.5 9.4 7.5 6.3 6.2 6.4 7.0 8.0 10.1 12.2 13.2 14.0 14.7 18.5 27.3 28.9 34.2 37.1 33.0 33.0 34.4 39.9 40.2 37.2 34.6 33.9 38.0 39.9 48.9 55.7 69.8 71.7 69.7 66.7 63.2 59.6 45.2 41.7 22.5 25.7 30.1 35.2 40.0 40.6 36.3 23.8 19.3 14.6 12.9
-9999.0 -9999.0 -9999.0 -9999.0 -9999.0 -9999.0 -9999.0 -9999.0 -9999.0 -9999.0 -9999.0 -9999.0 -9999.0 1.6 2.7 2.3 4.0 4.9 6.5 8.5 10.7 12.7 13.9 15.8 15.9 13.5 12.2 9.8 9.0 7.8 7.3 6.7 5.8 6.3 8.0 9.9 12.8 16.5 22.9 24.9 27.9 34.0 39.5 47.3 47.6 46.7 48.1 49.8 51.3 51.7 48.9 43.8 40.1 36.2 37.0 40.8 49.0 54.0 54.9 64.3 66.4 69.3 68.2 67.5 37.8 40.7 39.4 36.9 41.1 39.9 25.7 24.8 32.4 31.7 30.8 24.7 21.0
-9999.0 -9999.0 -9999.0 -9999.0 -9999.0 -9999.0 -9999.0 -9999.0 -9999.0 -9999.0 -9999.0 -9999.0 1.0 1.8 2.2 2.4 4.1 5.0 6.6 8.2 10.5 12.7 14.4 15.8 16.3 13.4 12.3 11.1 9.2 7.3 6.5 6.8 5.4 6.9 8.3 11.8 15.9 23.0 29.6 35.7 44.1 53.3 61.7 63.1 66.1 65.6 63.4 62.8 63.0 60.8 54.6 47.3 43.7 40.7 43.6 46.6 47.3 67.6 63.1 70.7 71.3 71.0 76.8 74.4 71.9 54.6 31.9 39.8 49.1 57.2 56.3 44.4 35.2 34.6 38.7 37.4 29.8
-9999.0 -9999.0 -9999.0 -9999.0 -9999.0 -9999.0 -9999.0 -9999.0 -9999.0 -9999.0 -9999.0 -9999.0 1.2 0.9 1.6 3.2 4.0 4.6 6.3 8.4 10.6 12.5 14.2 15.4 16.3 15.7 13.5 11.3 9.0 7.9 7.1 6.3 5.3 8.1 10.3 13.5 20.9 29.1 39.0 48.3 57.4 67.6 77.1 83.1 83.9 81.0 77.2 73.1 69.7 68.3 60.5 50.6 49.3 51.8 53.5 60.8 56.8 59.2 68.9 67.4 69.8 71.9 88.0 83.6 71.1 32.5 42.2 30.6 36.2 48.1 54.5 53.6 54.7 63.0 66.1 60.6 46.5
-9999.0 -9999.0 -9999.0 -9999.0 -9999.0 -9999.0 -9999.0 -9999.0 -9999.0 -9999.0 -9999.0 -9999.0 0.6 1.5 1.4 2.4 3.4 5.2 6.6 8.5 9.9 11.3 14.0 13.9 14.6 11.8 10.9 7.5 8.2 6.8 6.2 4.4 6.9 9.6 12.1 15.3 22.8 33.0 45.7 56.1 69.3 82.9 92.3 100.2 97.9 90.8 83.4 76.4 73.3 66.6 57.6 53.3 45.1 44.1 48.6 68.3 63.3 64.0 67.7 77.5 81.8 85.8 79.4 83.1 42.4 14.4 14.7 18.6 33.1 54.3 74.8 89.0 93.5 100.4 100.6 90.3 77.2
-9999.0 -9999.0 -9999.0 -9999.0 -9999.0 -9999.0 -9999.0 -9999.0 -9999.0 -9999.0 -9999.0 -9999.0 -9999.0 2.2 2.6 2.8 4.0 5.3 7.1 8.8 9.5 12.2 12.5 12.3 14.1 12.2 10.6 9.1 6.2 6.7 4.1 4.7 5.1 8.9 11.1 11.9 19.7 34.9 46.4 60.1 73.8 85.1 95.7 103.8 103.7 94.1 82.9 75.4 64.8 57.1 51.2 44.0 42.8 49.3 47.9 53.2 66.5 70.5 72.8 72.8 80.8 76.2 87.4 63.0 20.4 15.2 11.7 17.7 37.8 73.5 105.0 126.1 139.1 138.1 143.4 132.8 113.1
-9999.0 -9999.0 -9999.0 -9999.0 -9999.0 -9999.0 -9999.0 -9999.0 -9999.0 -9999.0 -9999.0 -9999.0 -9999.0 1.2 3.0 3.4 5.0 6.1 8.0 9.7 10.3 11.3 11.7 12.4 14.7 11.9 9.5 8.6 6.1 2.6 2.5 2.9 5.1 7.1 7.9 12.3 23.3 33.8 41.5 49.0 67.4 82.2 94.7 99.7 93.5 88.1 77.1 67.7 56.9 47.7 40.1 35.7 35.3 39.2 44.4 51.2 59.8 67.9 73.7 87.3 85.5 95.0 67.8 30.3 23.8 19.0 16.3 24.2 48.6 83.2 121.2 149.9 164.1 173.4 171.4 160.9 141.5
-9999.0 -9999.0 -9999.0 -9999.0 -9999.0 -9999.0 -9999.0 -9999.0 -9999.0 -9999.0 -9999.0 -9999.0 -9999.0 -9999.0 -9999.0 4.4 5.7 7.4 9.3 11.5 11.9 13.9 14.9 14.2 12.5 11.0 6.5 5.9 3.1 3.5 2.3 2.7 2.3 3.9 8.5 8.9 13.5 35.0 37.2 44.2 54.3 67.0 78.5 84.8 86.0 84.4 68.4 65.6 47.5 44.9 30.1 31.1 26.6 30.8 30.7 44.8 54.2 63.2 72.4 79.3 102.1 93.3 51.5 38.8 27.6 21.3 22.2 32.7 51.9 88.7 126.4 148.6 180.6 185.1 159.3 169.2 157.4
-9999.0 -9999.0 -9999.0 -9999.0 -9999.0 -9999.0 -9999.0 -9999.0 -9999.0 -9999.0 -9999.0 -9999.0 -9999.0 -9999.0 -9999.0 -9999.0 -9999.0 8.0 11.9 -9999.0 17.0 15.4 18.1 17.8 13.5 11.9 6.9 5.8 5.2 2.5 2.3 3.4 1.7 8.1 19.2 14.4 11.4 37.9 28.6 32.8 40.6 51.9 59.7 65.1 86.5 75.6 130.3 49.8 45.4 31.4 37.3 19.4 26.3 24.5 31.3 39.2 43.5 59.0 69.2 79.4 102.1 87.2 60.9 44.6 34.1 26.9 30.2 44.6 62.6 95.9 120.8 172.0 185.6 153.3 146.4 155.9 147.4
-9999.0 -9999.0 -9999.0 -9999.0 -9999.0 -9999.0 -9999.0 -9999.0 -9999.0 -9999.0 -9999.0 -9999.0 -9999.0 -9999.0 -9999.0 -9999.0 -9999.0 -9999.0 -9999.0 -9999.0 -9999.0 20.5 19.1 15.1 15.9 17.9 14.1 10.1 6.3 5.6 3.4 6.6 6.8 8.6 18.1 13.8 19.5 23.2 25.3 26.6 25.7 38.0 45.3 49.1 74.7 55.2 162.5 57.8 37.0 53.4 21.8 24.8 23.2 16.1 22.2 34.7 43.3 48.4 67.8 76.6 93.0 100.8 69.7 54.7 38.0 31.4 39.6 62.2 87.9 118.7 151.7 179.4 174.3 131.2 109.8 113.2 126.9
-9999.0 -9999.0 -9999.0 -9999.0 -9999.0 -9999.0 -9999.0 -9999.0 -9999.0 -9999.0 -9999.0 -9999.0 -9999.0 -9999.0 -9999.0 -9999.0 -9999.0 -9999.0 -9999.0 -9999.0 -9999.0 -9999.0 -9999.0 33.6 23.2 21.5 18.0 12.8 6.7 6.7 4.2 3.2 2.1 4.4 5.2 8.5 9.9 17.0 16.7 20.1 23.1 30.2 29.8 35.5 67.1 178.2 87.5 70.6 83.3 81.6 33.0 20.4 19.0 16.6 15.5 13.4 33.5 50.3 49.9 71.3 100.8 112.9 100.6 59.9 42.0 32.7 46.7 78.6 100.3 144.6 175.6 194.9 182.9 159.4 121.8 120.9 142.0
-9999.0 -9999.0 -9999.0 -9999.0 -9999.0 -9999.0 -9999.0 -9999.0 -9999.0 -9999.0 -9999.0 -9999.0 -9999.0 -9999.0 -9999.0 -9999.0 -9999.0 -9999.0 -9999.0 -9999.0 -9999.0 -9999.0 -9999.0 -9999.0 -9999.0 49.7 30.8 10.1 8.0 4.8 4.7 6.8 7.8 6.5 11.6 8.2 9.2 15.7 16.7 19.1 23.6 21.5 50.1 52.1 134.3 185.3 143.5 204.1 40.4 63.1 25.8 22.0 21.7 20.7 14.3 14.5 28.3 32.9 55.2 66.6 85.1 99.3 97.7 42.0 35.5 32.4 44.7 63.6 96.4 139.8 188.3 208.9 188.2 175.4 153.2 145.9 164.6
-9999.0 -9999.0 -9999.0 -9999.0 -9999.0 -9999.0 -9999.0 -9999.0 -9999.0 -9999.0 -9999.0 -9999.0 -9999.0 -9999.0 -9999.0 -9999.0 -9999.0 -9999.0 -9999.0 -9999.0 -9999.0 -9999.0 -9999.0 -9999.0 -9999.0 -9999.0 -9999.0 64.2 62.6 26.4 21.0 19.2 6.1 26.5 12.4 59.8 21.8 23.8 33.3 23.0 23.3 24.7 68.0 136.8 159.2 188.3 207.1 205.1 192.4 100.0 124.0 97.0 23.9 20.7 17.2 22.4 20.0 25.4 50.4 57.3 60.0 89.2 50.3 44.9 53.8 46.2 53.0 77.8 111.6 152.8 191.2 210.5 186.5 177.7 158.5 167.2 192.0
-9999.0 -9999.0 -9999.0 -9999.0 -9999.0 -9999.0 -9999.0 -9999.0 -9999.0 -9999.0 -9999.0 -9999.0 -9999.0 -9999.0 -9999.0 -9999.0 -9999.0 -9999.0 -9999.0 -9999.0 -9999.0 -9999.0 -9999.0 -9999.0 -9999.0 -9999.0 -9999.0 -9999.0 -9999.0 -9999.0 -9999.0 -9999.0 -9999.0 62.7 25.4 -9999.0 -9999.0 -9999.0 68.1 36.1 51.7 75.7 67.6 160.2 191.2 197.4 -9999.0 -9999.0 -9999.0 -9999.0 -9999.0 -9999.0 34.5 24.3 19.1 19.2 23.8 25.2 38.0 49.9 68.0 82.7 54.8 48.8 54.7 69.2 89.5 113.9 137.7 166.5 188.5 203.9 205.1 176.5 181.8 185.3 208.1
-9999.0 -9999.0 -9999.0 -9999.0 -9999.0 -9999.0 -9999.0 -9999.0 -9999.0 -9999.0 -9999.0 -9999.0 -9999.0 -9999.0 -9999.0 -9999.0 -9999.0 -9999.0 -9999.0 -9999.0 -9999.0 -9999.0 -9999.0 -9999.0 -9999.0 -9999.0 -9999.0 -9999.0 -9999.0 -9999.0 -9999.0 -9999.0 -9999.0 -9999.0 -9999.0 -9999.0 -9999.0 -9999.0 -9999.0 151.8 155.5 165.1 176.0 185.0 -9999.0 -9999.0 -9999.0 -9999.0 -9999.0 -9999.0 -9999.0 -9999.0 26.4 30.6 23.2 21.5 24.7 28.4 37.7 55.2 70.7 79.3 78.0 65.3 90.0 114.7 139.6 157.1 173.9 190.5 204.7 213.0 204.8 216.5 204.9 219.5 224.2
-9999.0 -9999.0 -9999.0 -9999.0 -9999.0 -9999.0 -9999.0 -9999.0 -9999.0 -9999.0 -9999.0 -9999.0 -9999.0 -9999.0 -9999.0 -9999.0 -9999.0 -9999.0 -9999.0 -9999.0 -9999.0 -9999.0 -9999.0 -9999.0 -9999.0 -9999.0 -9999.0 -9999.0 -9999.0 -9999.0 -9999.0 -9999.0 -9999.0 -9999.0 -9999.0 -9999.0 -9999.0 -9999.0 -9999.0 -9999.0 -9999.0 -9999.0 -9999.0 -9999.0 -9999.0 -9999.0 -9999.0 -9999.0 -9999.0 -9999.0 -9999.0 -9999.0 26.3 37.2 25.7 37.2 30.3 34.5 47.0 69.0 81.7 84.9 116.8 96.3 122.1 150.3 178.4 199.6 210.2 215.1 220.9 231.2 252.4 251.3 262.9 272.4 262.9
-9999.0 -9999.0 -9999.0 -9999.0 -9999.0 -9999.0 -9999.0 -9999.0 -9999.0 -9999.0 -9999.0 -9999.0 -9999.0 -9999.0 -9999.0 -9999.0 -9999.0 -9999.0 -9999.0 -9999.0 -9999.0 -9999.0 -9999.0 -9999.0 -9999.0 -9999.0 -9999.0 -9999.0 -9999.0 -9999.0 -9999.0 -9999.0 -9999.0 -9999.0 -9999.0 -9999.0 -9999.0 -9999.0 -9999.0 -9999.0 -9999.0 -9999.0 -9999.0 -9999.0 -9999.0 -9999.0 -9999.0 -9999.0 -9999.0 -9999.0 -9999.0 41.3 19.5 37.0 12.7 28.5 32.8 46.7 54.5 62.1 90.4 99.7 99.8 122.7 150.9 181.1 209.6 238.6 234.8 239.9 242.1 250.1 261.5 274.1 295.6 315.1 286.1
-9999.0 -9999.0 -9999.0 -9999.0 -9999.0 -9999.0 -9999.0 -9999.0 -9999.0 -9999.0 -9999.0 -9999.0 -9999.0 -9999.0 -9999.0 -9999.0 -9999.0 -9999.0 -9999.0 -9999.0 -9999.0 -9999.0 -9999.0 -9999.0 -9999.0 -9999.0 -9999.0 -9999.0 -9999.0 -9999.0 -9999.0 -9999.0 -9999.0 -9999.0 -9999.0 -9999.0 -9999.0 -9999.0 -9999.0 -9999.0 -9999.0 -9999.0 -9999.0 -9999.0 -9999.0 -9999.0 -9999.0 -9999.0 -9999.0 -9999.0 86.3 49.0 36.4 40.0 27.4 39.3 35.8 39.5 54.1 69.8 80.7 99.7 109.1 138.9 171.8 202.3 213.4 247.5 241.9 278.8 284.6 315.5 319.2 301.8 303.8 305.2 315.9
-9999.0 -9999.0 -9999.0 -9999.0 -9999.0 -9999.0 -9999.0 -9999.0 -9999.0 -9999.0 -9999.0 -9999.0 -9999.0 -9999.0 -9999.0 -9999.0 -9999.0 -9999.0 -9999.0 -9999.0 -9999.0 -9999.0 -9999.0 -9999.0 -9999.0 -9999.0 -9999.0 -9999.0 -9999.0 -9999.0 -9999.0 -9999.0 -9999.0 -9999.0 -9999.0 -9999.0 -9999.0 -9999.0 -9999.0 -9999.0 -9999.0 -9999.0 -9999.0 -9999.0 -9999.0 -9999.0 -9999.0 -9999.0 -9999.0 -9999.0 96.1 78.3 46.1 51.2 56.9 54.0 51.9 65.0 65.2 63.7 69.4 83.3 100.1 138.9 178.1 216.3 232.9 267.4 272.1 320.4 350.3 379.6 374.8 338.6 317.6 315.3 287.4
-9999.0 -9999.0 -9999.0 -9999.0 -9999.0 -9999.0 -9999.0 -9999.0 -9999.0 -9999.0 -9999.0 -9999.0 -9999.0 -9999.0 -9999.0 -9999.0 -9999.0 -9999.0 -9999.0 -9999.0 -9999.0 -9999.0 -9999.0 -9999.0 -9999.0 -9999.0 -9999.0 -9999.0 -9999.0 -9999.0 -9999.0 -9999.0 -9999.0 -9999.0 -9999.0 -9999.0 -9999.0 -9999.0 -9999.0 -9999.0 -9999.0 -9999.0 -9999.0 -9999.0 -9999.0 -9999.0 -9999.0 -9999.0 -9999.0 -9999.0 105.2 89.3 59.0 96.3 61.1 71.6 102.7 92.8 93.0 79.4 85.5 98.0 112.2 137.2 172.4 204.7 235.1 259.1 283.9 284.8 372.0 332.4 393.7 318.9 301.0 283.5 263.3
-9999.0 -9999.0 -9999.0 -9999.0 -9999.0 -9999.0 -9999.0 -9999.0 -9999.0 -9999.0 -9999.0 -9999.0 -9999.0 -9999.0 -9999.0 -9999.0 -9999.0 -9999.0 -9999.0 -9999.0 -9999.0 -9999.0 -9999.0 -9999.0 -9999.0 -9999.0 -9999.0 -9999.0 -9999.0 -9999.0 -9999.0 -9999.0 -9999.0 -9999.0 -9999.0 -9999.0 -9999.0 -9999.0 -9999.0 -9999.0 -9999.0 -9999.0 -9999.0 -9999.0 -9999.0 -9999.0 -9999.0 -9999.0 -9999.0 -9999.0 140.0 130.6 93.2 93.8 95.1 126.4 102.2 130.1 133.1 110.1 138.0 138.5 124.5 149.8 165.9 179.5 191.3 211.7 215.6 316.0 330.8 355.1 328.7 276.1 254.5 238.2 240.5
-9999.0 -9999.0 -9999.0 -9999.0 -9999.0 -9999.0 -9999.0 -9999.0 -9999.0 -9999.0 -9999.0 -9999.0 -9999.0 -9999.0 -9999.0 -9999.0 -9999.0 -9999.0 -9999.0 -9999.0 -9999.0 -9999.0 -9999.0 -9999.0 -9999.0 -9999.0 -9999.0 -9999.0 -9999.0 -9999.0 -9999.0 -9999.0 -9999.0 -9999.0 -9999.0 -9999.0 -9999.0 -9999.0 -9999.0 -9999.0 -9999.0 -9999.0 -9999.0 -9999.0 -9999.0 -9999.0 -9999.0 -9999.0 -9999.0 -9999.0 -9999.0 -9999.0 -9999.0 89.1 87.4 108.2 139.3 168.7 134.3 153.1 275.5 157.3 224.8 175.2 161.7 160.3 164.1 192.2 193.5 220.8 265.2 292.3 276.0 231.2 195.7 195.5 210.8
-9999.0 -9999.0 -9999.0 -9999.0 -9999.0 -9999.0 -9999.0 -9999.0 -9999.0 -9999.0 -9999.0 -9999.0 -9999.0 -9999.0 -9999.0 -9999.0 -9999.0 -9999.0 -9999.0 -9999.0 -9999.0 -9999.0 -9999.0 -9999.0 -9999.0 -9999.0 -9999.0 -9999.0 -9999.0 -9999.0 -9999.0 -9999.0 -9999.0 -9999.0 -9999.0 -9999.0 -9999.0 -9999.0 -9999.0 -9999.0 -9999.0 -9999.0 -9999.0 -9999.0 -9999.0 -9999.0 -9999.0 -9999.0 -9999.0 -9999.0 -9999.0 -9999.0 -9999.0 114.5 100.0 208.9 148.3 149.0 194.8 310.9 256.6 194.4 287.6 185.0 170.7 161.3 181.6 158.0 188.3 202.0 227.3 236.6 212.4 170.2 140.0 137.2 167.6
-9999.0 -9999.0 -9999.0 -9999.0 -9999.0 -9999.0 -9999.0 -9999.0 -9999.0 -9999.0 -9999.0 -9999.0 -9999.0 -9999.0 -9999.0 -9999.0 -9999.0 -9999.0 -9999.0 -9999.0 -9999.0 -9999.0 -9999.0 -9999.0 -9999.0 -9999.0 -9999.0 -9999.0 -9999.0 -9999.0 -9999.0 -9999.0 -9999.0 -9999.0 -9999.0 -9999.0 -9999.0 -9999.0 -9999.0 -9999.0 -9999.0 -9999.0 -9999.0 -9999.0 -9999.0 -9999.0 -9999.0 -9999.0 -9999.0 -9999.0 -9999.0 -9999.0 -9999.0 149.7 103.2 179.6 181.5 180.5 229.1 260.5 343.0 308.7 341.4 280.1 182.9 -9999.0 -9999.0 -9999.0 169.2 192.0 196.7 184.0 154.1 117.1 96.4 102.8 138.1
-9999.0 -9999.0 -9999.0 -9999.0 -9999.0 -9999.0 -9999.0 -9999.0 -9999.0 -9999.0 -9999.0 -9999.0 -9999.0 -9999.0 -9999.0 -9999.0 -9999.0 -9999.0 -9999.0 -9999.0 -9999.0 -9999.0 -9999.0 -9999.0 -9999.0 -9999.0 -9999.0 -9999.0 -9999.0 -9999.0 -9999.0 -9999.0 -9999.0 -9999.0 -9999.0 -9999.0 -9999.0 -9999.0 -9999.0 -9999.0 -9999.0 -9999.0 -9999.0 -9999.0 -9999.0 -9999.0 -9999.0 -9999.0 -9999.0 -9999.0 -9999.0 -9999.0 -9999.0 -9999.0 184.4 190.4 159.3 169.6 268.0 363.5 247.3 -9999.0 -9999.0 -9999.0 -9999.0 -9999.0 -9999.0 -9999.0 183.7 179.5 165.0 160.4 123.2 83.7 72.1 90.8 131.2
-9999.0 -9999.0 -9999.0 -9999.0 -9999.0 -9999.0 -9999.0 -9999.0 -9999.0 -9999.0 -9999.0 -9999.0 -9999.0 -9999.0 -9999.0 -9999.0 -9999.0 -9999.0 -9999.0 -9999.0 -9999.0 -9999.0 -9999.0 -9999.0 -9999.0 -9999.0 -9999.0 -9999.0 -9999.0 -9999.0 -9999.0 -9999.0 -9999.0 -9999.0 -9999.0 -9999.0 -9999.0 -9999.0 -9999.0 -9999.0 -9999.0 -9999.0 -9999.0 -9999.0 -9999.0 -9999.0 -9999.0 -9999.0 -9999.0 -9999.0 -9999.0 -9999.0 -9999.0 -9999.0 -9999.0 200.8 303.7 239.1 237.2 310.5 299.2 -9999.0 -9999.0 -9999.0 -9999.0 -9999.0 -9999.0 -9999.0 -9999.0 -9999.0 172.0 -9999.0 -9999.0 -9999.0 -9999.0 -9999.0 127.6
-9999.0 -9999.0 -9999.0 -9999.0 -9999.0 -9999.0 -9999.0 -9999.0 -9999.0 -9999.0 -9999.0 -9999.0 -9999.0 -9999.0 -9999.0 -9999.0 -9999.0 -9999.0 -9999.0 -9999.0 -9999.0 -9999.0 -9999.0 -9999.0 -9999.0 -9999.0 -9999.0 -9999.0 -9999.0 -9999.0 -9999.0 -9999.0 -9999.0 -9999.0 -9999.0 -9999.0 -9999.0 -9999.0 -9999.0 -9999.0 -9999.0 -9999.0 -9999.0 -9999.0 -9999.0 -9999.0 -9999.0 -9999.0 -9999.0 -9999.0 -9999.0 -9999.0 -9999.0 -9999.0 -9999.0 -9999.0 -9999.0 -9999.0 294.1 273.4 -9999.0 -9999.0 -9999.0 -9999.0 -9999.0 -9999.0 -9999.0 -9999.0 -9999.0 -9999.0 -9999.0 -9999.0 -9999.0 -9999.0 -9999.0 97.1 133.7
-9999.0 -9999.0 -9999.0 -9999.0 -9999.0 -9999.0 -9999.0 -9999.0 -9999.0 -9999.0 -9999.0 -9999.0 -9999.0 -9999.0 -9999.0 -9999.0 -9999.0 -9999.0 -9999.0 -9999.0 -9999.0 -9999.0 -9999.0 -9999.0 -9999.0 -9999.0 -9999.0 -9999.0 -9999.0 -9999.0 -9999.0 -9999.0 -9999.0 -9999.0 -9999.0 -9999.0 -9999.0 -9999.0 -9999.0 -9999.0 -9999.0 -9999.0 -9999.0 -9999.0 -9999.0 -9999.0 -9999.0 -9999.0 -9999.0 -9999.0 -9999.0 -9999.0 -9999.0 -9999.0 -9999.0 -9999.0 -9999.0 -9999.0 -9999.0 -9999.0 -9999.0 -9999.0 -9999.0 -9999.0 -9999.0 -9999.0 -9999.0 -9999.0 -9999.0 -9999.0 -9999.0 -9999.0 -9999.0 -9999.0 -9999.0 -9999.0 -9999.0
