program/excelProcessViaJava/data/SURF_CLI_CHN_PRE_MON_GRID_0.5-198910.txt
NCOLS      128
NROWS       72
XLLCORNER    72.000000000000    
YLLCORNER    18.000000000000    
CELLSIZE    0.50000000000000    
NODATA_VALUE   -9999.000    
[rows 35 to 69 of 72, columns 0 to 77 of 128]
-9999.0 -9999.0 -9999.0 -9999.0 -9999.0 -9999.0 -9999.0 0.0 0.0 0.0 0.0 0.0 0.0 0.0 0.0 0.1 0.0 0.1 0.1 0.1 0.0 0.0 0.0 0.0 0.0 0.0 0.0 0.0 0.1 0.1 0.2 0.4 0.8 1.5 2.4 3.3 4.5 5.1 6.5 7.1 3.9 7.3 5.9 3.0 1.2 0.4 0.7 0.6 1.4 0.8 0.7 2.3 13.0 51.2 54.5 35.9 35.5 39.3 49.6 50.3 45.2 46.4 47.3 45.2 41.4 34.8 34.0 33.6 30.3 32.7 32.2 28.7 25.1 23.9 29.6 32.7 27.0 29.4
-9999.0 -9999.0 -9999.0 -9999.0 -9999.0 -9999.0 -9999.0 0.0 0.0 0.0 0.0 0.0 0.0 0.0 0.0 0.0 0.0 0.0 0.0 0.0 0.0 0.0 0.0 0.0 0.0 0.0 0.0 0.0 0.1 0.2 0.3 0.5 1.1 1.8 2.7 3.9 5.0 6.5 7.4 7.7 8.2 7.9 7.9 10.8 4.9 2.3 3.0 3.6 9.7 9.3 25.3 29.1 19.5 34.6 51.6 37.2 36.5 39.9 43.3 43.2 46.4 49.8 50.1 52.3 45.8 38.2 31.8 28.2 29.7 28.1 33.3 35.3 31.7 28.6 29.5 31.4 30.0 24.0
-9999.0 -9999.0 -9999.0 -9999.0 -9999.0 -9999.0 -9999.0 -9999.0 -9999.0 0.0 0.0 0.0 0.0 0.0 0.0 0.0 0.0 0.0 0.0 0.0 0.0 0.0 0.0 0.0 0.0 0.0 0.1 0.1 0.2 0.2 0.4 0.8 1.3 2.1 3.1 4.3 5.6 7.3 8.4 9.8 9.9 10.7 9.8 8.5 9.5 9.0 9.1 9.4 11.5 14.4 22.4 25.0 27.3 30.4 45.7 36.9 33.3 36.3 41.4 42.3 45.4 46.7 49.8 51.9 48.3 38.4 31.4 30.1 28.4 26.7 30.4 30.1 27.4 24.8 25.1 22.7 19.6 17.6
-9999.0 -9999.0 -9999.0 -9999.0 -9999.0 -9999.0 -9999.0 -9999.0 -9999.0 -9999.0 -9999.0 0.0 0.0 0.0 0.0 0.0 0.0 0.0 0.1 0.0 0.0 0.0 0.0 0.0 0.0 0.1 0.1 0.1 0.2 0.3 0.6 0.9 1.6 2.4 3.4 5.0 6.3 8.2 12.2 12.0 14.3 13.5 12.3 11.5 15.6 12.1 17.6 14.6 17.6 18.8 18.1 23.2 28.6 36.2 44.9 42.8 41.3 44.5 43.8 43.9 42.7 45.5 50.7 53.1 47.1 36.9 37.9 35.9 29.6 26.8 25.3 24.2 20.1 18.4 19.2 17.8 15.0 17.9
-9999.0 -9999.0 -9999.0 -9999.0 -9999.0 -9999.0 -9999.0 -9999.0 -9999.0 -9999.0 -9999.0 -9999.0 0.0 0.1 0.0 0.1 0.0 0.1 0.1 0.0 0.1 0.1 0.1 0.1 0.0 0.1 0.1 0.2 0.3 0.4 0.7 1.2 1.8 2.6 3.7 5.1 7.7 9.3 11.4 13.1 14.6 15.4 15.6 17.4 17.4 19.1 21.7 17.7 19.5 21.4 30.1 33.6 33.1 33.0 39.3 46.5 51.1 54.3 49.4 47.4 41.7 34.8 33.5 40.3 40.9 39.1 34.3 34.6 31.1 27.3 20.1 16.1 15.8 17.0 19.2 28.0 24.4 23.3
-9999.0 -9999.0 -9999.0 -9999.0 -9999.0 -9999.0 -9999.0 -9999.0 -9999.0 -9999.0 -9999.0 -9999.0 0.0 0.2 0.3 0.2 0.3 0.2 0.1 0.1 0.1 0.1 0.1 0.1 0.1 0.1 0.2 0.3 0.4 0.6 0.9 1.3 1.9 2.7 3.7 5.0 7.6 10.7 13.6 16.3 17.5 18.4 22.3 19.4 23.4 27.8 25.1 24.3 20.8 26.9 29.5 37.3 36.8 43.1 41.3 52.1 56.7 61.8 59.1 52.0 41.4 33.0 28.7 30.3 33.2 33.8 18.9 22.3 23.0 22.7 26.5 34.5 35.2 24.7 26.1 27.2 25.6 30.5
-9999.0 -9999.0 -9999.0 -9999.0 -9999.0 -9999.0 -9999.0 -9999.0 -9999.0 -9999.0 -9999.0 -9999.0 -9999.0 0.2 0.2 0.5 0.3 0.4 0.3 0.2 0.2 0.2 0.1 0.2 0.2 0.1 0.2 0.2 0.4 0.6 1.1 1.6 2.0 2.7 3.4 4.7 6.8 10.4 18.1 20.5 23.2 25.9 25.6 29.6 27.6 28.4 34.1 38.3 40.3 40.7 43.4 43.6 46.1 63.2 60.7 62.7 66.6 72.0 69.9 58.7 43.7 34.1 31.0 39.9 21.3 22.7 24.2 18.3 20.1 18.4 12.3 18.2 28.9 31.8 36.5 34.1 32.6 26.9
-9999.0 -9999.0 -9999.0 -9999.0 -9999.0 -9999.0 -9999.0 -9999.0 -9999.0 -9999.0 -9999.0 -9999.0 0.3 0.2 0.3 0.6 0.3 0.4 0.3 0.3 0.3 0.2 0.2 0.2 0.2 0.2 0.2 0.3 0.5 0.8 1.2 1.9 2.1 2.6 3.1 4.0 6.6 9.6 14.8 21.1 29.9 36.2 40.0 29.0 33.0 37.2 40.0 42.0 47.9 52.2 61.0 68.1 61.0 65.8 62.9 68.0 78.4 77.6 78.5 65.1 52.0 43.8 42.0 42.2 44.0 31.4 8.6 10.6 22.6 37.6 41.5 39.4 35.8 29.6 33.6 35.3 31.1 30.6
-9999.0 -9999.0 -9999.0 -9999.0 -9999.0 -9999.0 -9999.0 -9999.0 -9999.0 -9999.0 -9999.0 -9999.0 0.3 0.7 0.7 0.4 0.4 0.5 0.4 0.3 0.3 0.2 0.2 0.2 0.2 0.3 0.3 0.4 0.6 1.0 1.6 2.0 2.2 2.7 2.8 3.2 4.8 8.7 15.0 21.4 27.8 29.2 29.3 31.0 34.6 41.4 52.9 58.6 64.3 61.4 64.5 71.9 63.6 58.7 59.9 62.2 78.7 87.9 87.0 80.5 70.5 62.9 61.1 57.7 47.7 22.3 24.2 13.9 15.0 25.2 37.1 45.4 53.6 68.6 67.8 60.3 55.1 60.8
-9999.0 -9999.0 -9999.0 -9999.0 -9999.0 -9999.0 -9999.0 -9999.0 -9999.0 -9999.0 -9999.0 -9999.0 0.8 0.6 0.8 0.7 0.6 0.4 0.3 0.3 0.2 0.2 0.2 0.2 0.2 0.2 0.3 0.3 0.6 0.9 1.5 1.7 2.6 2.9 2.5 2.4 3.7 7.4 14.0 23.9 30.1 28.9 38.2 25.9 35.8 49.9 60.0 63.7 69.3 75.2 74.5 65.4 82.2 82.3 69.0 54.3 73.7 88.9 95.5 90.7 85.3 80.8 79.7 66.4 35.7 30.5 24.0 20.0 21.3 22.8 33.0 71.9 89.0 102.8 123.1 100.6 119.4 98.7
-9999.0 -9999.0 -9999.0 -9999.0 -9999.0 -9999.0 -9999.0 -9999.0 -9999.0 -9999.0 -9999.0 -9999.0 -9999.0 0.7 0.7 0.6 0.5 0.4 0.3 0.3 0.3 0.2 0.2 0.2 0.3 0.3 0.3 0.3 0.4 0.8 1.0 1.8 2.3 2.7 2.1 2.3 3.3 5.9 12.8 21.5 29.2 40.5 45.8 42.4 36.0 44.0 58.6 62.6 77.5 80.3 70.6 72.4 62.1 49.6 66.4 70.8 64.8 83.1 100.6 110.5 108.4 112.0 98.6 56.0 26.7 24.2 23.4 24.9 25.4 40.5 53.4 72.4 117.9 105.7 132.6 135.6 142.5 144.1
-9999.0 -9999.0 -9999.0 -9999.0 -9999.0 -9999.0 -9999.0 -9999.0 -9999.0 -9999.0 -9999.0 -9999.0 -9999.0 0.7 0.9 0.6 0.7 0.4 0.3 0.3 0.5 0.4 0.4 0.3 0.3 0.3 0.3 0.3 0.3 0.4 0.6 1.2 2.1 2.2 1.9 1.9 2.2 4.7 11.3 24.7 27.7 34.2 38.1 40.8 57.0 49.9 58.3 64.1 72.1 71.4 68.4 47.3 54.0 63.9 72.2 66.8 66.8 86.4 108.4 117.2 126.9 108.9 79.1 43.8 30.5 27.7 33.0 41.0 53.7 70.3 96.6 119.7 132.5 147.4 160.4 182.0 206.5 171.1
-9999.0 -9999.0 -9999.0 -9999.0 -9999.0 -9999.0 -9999.0 -9999.0 -9999.0 -9999.0 -9999.0 -9999.0 -9999.0 -9999.0 -9999.0 0.7 0.5 0.5 0.4 0.3 0.6 0.5 0.5 0.6 0.5 0.4 0.4 0.3 0.3 0.3 0.4 0.7 1.3 1.7 1.5 2.6 4.5 3.2 8.1 15.2 26.2 33.5 35.7 36.5 35.5 45.9 55.8 66.2 66.3 59.1 49.2 68.6 44.2 49.1 42.3 58.0 69.4 92.0 113.1 131.3 124.0 101.3 85.2 61.9 47.9 48.7 58.5 72.7 93.9 125.7 147.8 150.2 161.7 165.1 163.1 208.1 224.8 241.2
-9999.0 -9999.0 -9999.0 -9999.0 -9999.0 -9999.0 -9999.0 -9999.0 -9999.0 -9999.0 -9999.0 -9999.0 -9999.0 -9999.0 -9999.0 -9999.0 -9999.0 0.5 0.4 -9999.0 0.6 1.1 1.1 1.2 1.1 0.9 0.9 0.4 0.3 0.2 0.2 0.5 1.2 1.5 1.5 1.0 4.5 2.1 5.9 10.8 16.9 27.5 26.9 27.6 42.3 47.2 119.2 68.0 63.5 58.2 52.5 37.1 44.9 55.2 63.3 67.5 58.6 92.6 110.5 131.9 79.7 78.5 75.6 64.7 64.9 77.2 91.7 108.8 126.6 139.5 134.0 150.5 158.9 148.3 164.9 200.7 207.0 199.5
-9999.0 -9999.0 -9999.0 -9999.0 -9999.0 -9999.0 -9999.0 -9999.0 -9999.0 -9999.0 -9999.0 -9999.0 -9999.0 -9999.0 -9999.0 -9999.0 -9999.0 -9999.0 -9999.0 -9999.0 -9999.0 1.8 2.3 3.0 2.4 2.3 1.6 0.9 0.4 0.2 0.2 0.5 1.1 1.4 1.1 0.8 0.8 1.6 2.8 3.3 3.6 18.8 23.9 24.6 39.2 41.1 161.7 74.7 81.6 167.5 60.3 97.3 94.4 55.1 67.4 86.9 88.8 78.8 133.0 124.1 59.7 62.8 61.5 61.5 69.3 89.6 106.4 117.4 120.2 119.4 113.8 132.1 139.6 138.2 144.0 156.2 162.5 148.4
-9999.0 -9999.0 -9999.0 -9999.0 -9999.0 -9999.0 -9999.0 -9999.0 -9999.0 -9999.0 -9999.0 -9999.0 -9999.0 -9999.0 -9999.0 -9999.0 -9999.0 -9999.0 -9999.0 -9999.0 -9999.0 -9999.0 -9999.0 5.6 4.9 4.6 3.6 2.2 1.1 0.4 0.3 0.4 1.8 1.4 2.2 1.9 3.5 1.8 5.4 8.5 8.3 15.9 9.6 11.6 38.3 155.2 98.6 104.4 141.2 155.9 100.6 114.5 94.5 106.4 81.4 40.3 93.7 121.5 91.0 127.0 102.3 102.1 85.8 58.8 68.6 90.3 103.2 104.9 107.0 99.7 112.8 121.3 136.0 149.5 149.2 147.9 160.1 161.7
-9999.0 -9999.0 -9999.0 -9999.0 -9999.0 -9999.0 -9999.0 -9999.0 -9999.0 -9999.0 -9999.0 -9999.0 -9999.0 -9999.0 -9999.0 -9999.0 -9999.0 -9999.0 -9999.0 -9999.0 -9999.0 -9999.0 -9999.0 -9999.0 -9999.0 11.1 8.9 7.0 4.2 5.5 1.6 1.1 1.6 2.2 1.7 4.2 12.0 3.0 8.1 3.9 12.0 4.5 11.7 19.8 94.9 164.8 171.2 267.9 118.0 177.4 154.4 164.3 188.2 189.3 102.9 94.8 126.4 114.2 142.9 143.5 153.4 147.1 139.5 60.5 65.1 85.3 94.7 93.6 94.4 98.7 99.1 111.7 125.4 136.1 139.9 137.9 139.4 150.0
-9999.0 -9999.0 -9999.0 -9999.0 -9999.0 -9999.0 -9999.0 -9999.0 -9999.0 -9999.0 -9999.0 -9999.0 -9999.0 -9999.0 -9999.0 -9999.0 -9999.0 -9999.0 -9999.0 -9999.0 -9999.0 -9999.0 -9999.0 -9999.0 -9999.0 -9999.0 -9999.0 13.3 12.8 6.5 4.4 3.8 6.3 3.8 4.3 3.8 2.3 2.0 1.0 1.8 5.1 1.6 19.1 70.6 111.4 166.9 223.2 276.1 328.2 299.1 387.4 383.2 243.5 212.7 187.1 195.3 152.5 156.9 170.3 176.7 210.5 174.4 97.5 62.8 52.5 65.2 82.0 74.9 70.6 75.7 78.9 90.1 86.5 97.8 102.2 103.3 108.0 111.2
-9999.0 -9999.0 -9999.0 -9999.0 -9999.0 -9999.0 -9999.0 -9999.0 -9999.0 -9999.0 -9999.0 -9999.0 -9999.0 -9999.0 -9999.0 -9999.0 -9999.0 -9999.0 -9999.0 -9999.0 -9999.0 -9999.0 -9999.0 -9999.0 -9999.0 -9999.0 -9999.0 -9999.0 -9999.0 -9999.0 -9999.0 -9999.0 -9999.0 7.1 5.8 -9999.0 -9999.0 -9999.0 3.8 1.8 4.1 13.6 18.8 77.8 120.9 164.2 -9999.0 -9999.0 -9999.0 -9999.0 -9999.0 -9999.0 344.8 300.1 223.6 197.8 201.0 206.1 209.5 244.4 239.1 181.1 117.8 70.1 55.7 60.9 66.3 68.6 70.5 64.8 58.5 62.6 63.3 60.3 67.5 68.1 70.7 61.0
-9999.0 -9999.0 -9999.0 -9999.0 -9999.0 -9999.0 -9999.0 -9999.0 -9999.0 -9999.0 -9999.0 -9999.0 -9999.0 -9999.0 -9999.0 -9999.0 -9999.0 -9999.0 -9999.0 -9999.0 -9999.0 -9999.0 -9999.0 -9999.0 -9999.0 -9999.0 -9999.0 -9999.0 -9999.0 -9999.0 -9999.0 -9999.0 -9999.0 -9999.0 -9999.0 -9999.0 -9999.0 -9999.0 -9999.0 17.0 24.1 36.1 54.1 78.8 -9999.0 -9999.0 -9999.0 -9999.0 -9999.0 -9999.0 -9999.0 -9999.0 396.5 343.2 273.6 227.4 225.7 232.3 251.1 269.2 252.4 173.1 110.5 79.1 61.8 62.8 66.4 67.8 69.8 78.3 71.8 60.6 49.9 51.7 50.8 48.1 46.2 39.1
-9999.0 -9999.0 -9999.0 -9999.0 -9999.0 -9999.0 -9999.0 -9999.0 -9999.0 -9999.0 -9999.0 -9999.0 -9999.0 -9999.0 -9999.0 -9999.0 -9999.0 -9999.0 -9999.0 -9999.0 -9999.0 -9999.0 -9999.0 -9999.0 -9999.0 -9999.0 -9999.0 -9999.0 -9999.0 -9999.0 -9999.0 -9999.0 -9999.0 -9999.0 -9999.0 -9999.0 -9999.0 -9999.0 -9999.0 -9999.0 -9999.0 -9999.0 -9999.0 -9999.0 -9999.0 -9999.0 -9999.0 -9999.0 -9999.0 -9999.0 -9999.0 -9999.0 461.2 365.8 291.1 265.2 222.8 217.2 220.2 219.6 189.8 144.2 155.7 98.1 98.0 99.1 79.5 66.0 68.3 76.0 77.2 76.4 75.6 57.8 45.2 40.0 35.4 29.5
-9999.0 -9999.0 -9999.0 -9999.0 -9999.0 -9999.0 -9999.0 -9999.0 -9999.0 -9999.0 -9999.0 -9999.0 -9999.0 -9999.0 -9999.0 -9999.0 -9999.0 -9999.0 -9999.0 -9999.0 -9999.0 -9999.0 -9999.0 -9999.0 -9999.0 -9999.0 -9999.0 -9999.0 -9999.0 -9999.0 -9999.0 -9999.0 -9999.0 -9999.0 -9999.0 -9999.0 -9999.0 -9999.0 -9999.0 -9999.0 -9999.0 -9999.0 -9999.0 -9999.0 -9999.0 -9999.0 -9999.0 -9999.0 -9999.0 -9999.0 -9999.0 411.8 474.4 370.7 333.1 241.4 201.0 195.9 178.8 114.4 167.4 141.5 107.3 122.6 132.8 120.7 77.9 63.9 68.4 78.5 85.6 91.2 89.8 78.9 52.8 33.0 24.3 15.9
-9999.0 -9999.0 -9999.0 -9999.0 -9999.0 -9999.0 -9999.0 -9999.0 -9999.0 -9999.0 -9999.0 -9999.0 -9999.0 -9999.0 -9999.0 -9999.0 -9999.0 -9999.0 -9999.0 -9999.0 -9999.0 -9999.0 -9999.0 -9999.0 -9999.0 -9999.0 -9999.0 -9999.0 -9999.0 -9999.0 -9999.0 -9999.0 -9999.0 -9999.0 -9999.0 -9999.0 -9999.0 -9999.0 -9999.0 -9999.0 -9999.0 -9999.0 -9999.0 -9999.0 -9999.0 -9999.0 -9999.0 -9999.0 -9999.0 -9999.0 249.6 400.6 421.3 366.1 295.8 222.0 162.4 138.8 135.6 140.5 115.1 149.1 118.4 135.7 133.7 107.0 78.1 65.1 77.2 89.8 93.3 89.7 75.5 55.5 39.8 28.1 12.4 18.5
-9999.0 -9999.0 -9999.0 -9999.0 -9999.0 -9999.0 -9999.0 -9999.0 -9999.0 -9999.0 -9999.0 -9999.0 -9999.0 -9999.0 -9999.0 -9999.0 -9999.0 -9999.0 -9999.0 -9999.0 -9999.0 -9999.0 -9999.0 -9999.0 -9999.0 -9999.0 -9999.0 -9999.0 -9999.0 -9999.0 -9999.0 -9999.0 -9999.0 -9999.0 -9999.0 -9999.0 -9999.0 -9999.0 -9999.0 -9999.0 -9999.0 -9999.0 -9999.0 -9999.0 -9999.0 -9999.0 -9999.0 -9999.0 -9999.0 -9999.0 211.2 371.6 305.4 311.2 249.7 177.3 132.0 143.8 132.7 109.5 95.7 111.4 98.4 114.7 112.4 80.0 70.3 70.1 83.4 86.6 76.6 58.9 40.3 27.2 27.2 27.2 18.1 7.6
-9999.0 -9999.0 -9999.0 -9999.0 -9999.0 -9999.0 -9999.0 -9999.0 -9999.0 -9999.0 -9999.0 -9999.0 -9999.0 -9999.0 -9999.0 -9999.0 -9999.0 -9999.0 -9999.0 -9999.0 -9999.0 -9999.0 -9999.0 -9999.0 -9999.0 -9999.0 -9999.0 -9999.0 -9999.0 -9999.0 -9999.0 -9999.0 -9999.0 -9999.0 -9999.0 -9999.0 -9999.0 -9999.0 -9999.0 -9999.0 -9999.0 -9999.0 -9999.0 -9999.0 -9999.0 -9999.0 -9999.0 -9999.0 -9999.0 -9999.0 176.6 247.5 232.0 277.5 171.8 137.5 167.1 154.3 146.2 111.8 110.7 120.2 105.9 83.7 95.5 84.6 71.1 69.0 76.4 80.6 51.9 49.8 20.9 16.8 16.6 21.6 23.3 8.0
-9999.0 -9999.0 -9999.0 -9999.0 -9999.0 -9999.0 -9999.0 -9999.0 -9999.0 -9999.0 -9999.0 -9999.0 -9999.0 -9999.0 -9999.0 -9999.0 -9999.0 -9999.0 -9999.0 -9999.0 -9999.0 -9999.0 -9999.0 -9999.0 -9999.0 -9999.0 -9999.0 -9999.0 -9999.0 -9999.0 -9999.0 -9999.0 -9999.0 -9999.0 -9999.0 -9999.0 -9999.0 -9999.0 -9999.0 -9999.0 -9999.0 -9999.0 -9999.0 -9999.0 -9999.0 -9999.0 -9999.0 -9999.0 -9999.0 -9999.0 230.7 276.8 237.9 212.7 175.0 179.6 176.8 182.8 166.4 105.8 116.3 96.4 53.8 79.5 104.7 107.7 101.7 79.6 84.4 56.7 42.8 27.0 17.8 12.5 7.4 11.9 18.8 8.0
-9999.0 -9999.0 -9999.0 -9999.0 -9999.0 -9999.0 -9999.0 -9999.0 -9999.0 -9999.0 -9999.0 -9999.0 -9999.0 -9999.0 -9999.0 -9999.0 -9999.0 -9999.0 -9999.0 -9999.0 -9999.0 -9999.0 -9999.0 -9999.0 -9999.0 -9999.0 -9999.0 -9999.0 -9999.0 -9999.0 -9999.0 -9999.0 -9999.0 -9999.0 -9999.0 -9999.0 -9999.0 -9999.0 -9999.0 -9999.0 -9999.0 -9999.0 -9999.0 -9999.0 -9999.0 -9999.0 -9999.0 -9999.0 -9999.0 -9999.0 -9999.0 -9999.0 -9999.0 188.6 177.8 190.0 209.0 209.9 159.2 110.2 202.8 65.1 120.7 104.8 135.0 141.3 141.7 89.4 87.2 71.5 46.5 26.2 13.4 6.6 4.2 3.1 8.3 9.4
-9999.0 -9999.0 -9999.0 -9999.0 -9999.0 -9999.0 -9999.0 -9999.0 -9999.0 -9999.0 -9999.0 -9999.0 -9999.0 -9999.0 -9999.0 -9999.0 -9999.0 -9999.0 -9999.0 -9999.0 -9999.0 -9999.0 -9999.0 -9999.0 -9999.0 -9999.0 -9999.0 -9999.0 -9999.0 -9999.0 -9999.0 -9999.0 -9999.0 -9999.0 -9999.0 -9999.0 -9999.0 -9999.0 -9999.0 -9999.0 -9999.0 -9999.0 -9999.0 -9999.0 -9999.0 -9999.0 -9999.0 -9999.0 -9999.0 -9999.0 -9999.0 -9999.0 -9999.0 188.9 179.8 254.6 224.0 207.2 181.3 206.5 128.9 91.9 155.2 153.6 182.1 179.4 127.5 140.1 86.5 71.2 50.0 32.4 20.1 11.1 5.6 9.4 8.0 35.4
-9999.0 -9999.0 -9999.0 -9999.0 -9999.0 -9999.0 -9999.0 -9999.0 -9999.0 -9999.0 -9999.0 -9999.0 -9999.0 -9999.0 -9999.0 -9999.0 -9999.0 -9999.0 -9999.0 -9999.0 -9999.0 -9999.0 -9999.0 -9999.0 -9999.0 -9999.0 -9999.0 -9999.0 -9999.0 -9999.0 -9999.0 -9999.0 -9999.0 -9999.0 -9999.0 -9999.0 -9999.0 -9999.0 -9999.0 -9999.0 -9999.0 -9999.0 -9999.0 -9999.0 -9999.0 -9999.0 -9999.0 -9999.0 -9999.0 -9999.0 -9999.0 -9999.0 -9999.0 185.8 149.3 223.8 223.1 199.4 179.2 147.8 167.5 148.0 204.5 232.7 191.0 -9999.0 -9999.0 -9999.0 112.4 73.7 66.4 64.2 50.7 31.1 19.8 29.7 18.2 46.4
-9999.0 -9999.0 -9999.0 -9999.0 -9999.0 -9999.0 -9999.0 -9999.0 -9999.0 -9999.0 -9999.0 -9999.0 -9999.0 -9999.0 -9999.0 -9999.0 -9999.0 -9999.0 -9999.0 -9999.0 -9999.0 -9999.0 -9999.0 -9999.0 -9999.0 -9999.0 -9999.0 -9999.0 -9999.0 -9999.0 -9999.0 -9999.0 -9999.0 -9999.0 -9999.0 -9999.0 -9999.0 -9999.0 -9999.0 -9999.0 -9999.0 -9999.0 -9999.0 -9999.0 -9999.0 -9999.0 -9999.0 -9999.0 -9999.0 -9999.0 -9999.0 -9999.0 -9999.0 -9999.0 179.1 189.1 160.6 139.5 155.1 172.3 82.8 -9999.0 -9999.0 -9999.0 -9999.0 -9999.0 -9999.0 -9999.0 85.5 92.6 126.2 91.6 77.7 66.6 49.0 40.9 45.2 42.1
-9999.0 -9999.0 -9999.0 -9999.0 -9999.0 -9999.0 -9999.0 -9999.0 -9999.0 -9999.0 -9999.0 -9999.0 -9999.0 -9999.0 -9999.0 -9999.0 -9999.0 -9999.0 -9999.0 -9999.0 -9999.0 -9999.0 -9999.0 -9999.0 -9999.0 -9999.0 -9999.0 -9999.0 -9999.0 -9999.0 -9999.0 -9999.0 -9999.0 -9999.0 -9999.0 -9999.0 -9999.0 -9999.0 -9999.0 -9999.0 -9999.0 -9999.0 -9999.0 -9999.0 -9999.0 -9999.0 -9999.0 -9999.0 -9999.0 -9999.0 -9999.0 -9999.0 -9999.0 -9999.0 -9999.0 135.4 196.0 119.2 75.7 86.3 70.2 -9999.0 -9999.0 -9999.0 -9999.0 -9999.0 -9999.0 -9999.0 -9999.0 -9999.0 87.9 -9999.0 -9999.0 -9999.0 -9999.0 -9999.0 108.0 -9999.0
-9999.0 -9999.0 -9999.0 -9999.0 -9999.0 -9999.0 -9999.0 -9999.0 -9999.0 -9999.0 -9999.0 -9999.0 -9999.0 -9999.0 -9999.0 -9999.0 -9999.0 -9999.0 -9999.0 -9999.0 -9999.0 -9999.0 -9999.0 -9999.0 -9999.0 -9999.0 -9999.0 -9999.0 -9999.0 -9999.0 -9999.0 -9999.0 -9999.0 -9999.0 -9999.0 -9999.0 -9999.0 -9999.0 -9999.0 -9999.0 -9999.0 -9999.0 -9999.0 -9999.0 -9999.0 -9999.0 -9999.0 -9999.0 -9999.0 -9999.0 -9999.0 -9999.0 -9999.0 -9999.0 -9999.0 -9999.0 -9999.0 -9999.0 59.5 29.7 -9999.0 -9999.0 -9999.0 -9999.0 -9999.0 -9999.0 -9999.0 -9999.0 -9999.0 -9999.0 -9999.0 -9999.0 -9999.0 -9999.0 -9999.0 207.4 212.6 -9999.0
-9999.0 -9999.0 -9999.0 -9999.0 -9999.0 -9999.0 -9999.0 -9999.0 -9999.0 -9999.0 -9999.0 -9999.0 -9999.0 -9999.0 -9999.0 -9999.0 -9999.0 -9999.0 -9999.0 -9999.0 -9999.0 -9999.0 -9999.0 -9999.0 -9999.0 -9999.0 -9999.0 -9999.0 -9999.0 -9999.0 -9999.0 -9999.0 -9999.0 -9999.0 -9999.0 -9999.0 -9999.0 -9999.0 -9999.0 -9999.0 -9999.0 -9999.0 -9999.0 -9999.0 -9999.0 -9999.0 -9999.0 -9999.0 -9999.0 -9999.0 -9999.0 -9999.0 -9999.0 -9999.0 -9999.0 -9999.0 -9999.0 -9999.0 -9999.0 -9999.0 -9999.0 -9999.0 -9999.0 -9999.0 -9999.0 -9999.0 -9999.0 -9999.0 -9999.0 -9999.0 -9999.0 -9999.0 -9999.0 -9999.0 -9999.0 -9999.0 -9999.0 -9999.0
-9999.0 -9999.0 -9999.0 -9999.0 -9999.0 -9999.0 -9999.0 -9999.0 -9999.0 -9999.0 -9999.0 -9999.0 -9999.0 -9999.0 -9999.0 -9999.0 -9999.0 -9999.0 -9999.0 -9999.0 -9999.0 -9999.0 -9999.0 -9999.0 -9999.0 -9999.0 -9999.0 -9999.0 -9999.0 -9999.0 -9999.0 -9999.0 -9999.0 -9999.0 -9999.0 -9999.0 -9999.0 -9999.0 -9999.0 -9999.0 -9999.0 -9999.0 -9999.0 -9999.0 -9999.0 -9999.0 -9999.0 -9999.0 -9999.0 -9999.0 -9999.0 -9999.0 -9999.0 -9999.0 -9999.0 -9999.0 -9999.0 -9999.0 -9999.0 -9999.0 -9999.0 -9999.0 -9999.0 -9999.0 -9999.0 -9999.0 -9999.0 -9999.0 -9999.0 -9999.0 -9999.0 -9999.0 -9999.0 -9999.0 -9999.0 521.1 487.6 434.3
-9999.0 -9999.0 -9999.0 -9999.0 -9999.0 -9999.0 -9999.0 -9999.0 -9999.0 -9999.0 -9999.0 -9999.0 -9999.0 -9999.0 -9999.0 -9999.0 -9999.0 -9999.0 -9999.0 -9999.0 -9999.0 -9999.0 -9999.0 -9999.0 -9999.0 -9999.0 -9999.0 -9999.0 -9999.0 -9999.0 -9999.0 -9999.0 -9999.0 -9999.0 -9999.0 -9999.0 -9999.0 -9999.0 -9999.0 -9999.0 -9999.0 -9999.0 -9999.0 -9999.0 -9999.0 -9999.0 -9999.0 -9999.0 -9999.0 -9999.0 -9999.0 -9999.0 -9999.0 -9999.0 -9999.0 -9999.0 -9999.0 -9999.0 -9999.0 -9999.0 -9999.0 -9999.0 -9999.0 -9999.0 -9999.0 -9999.0 -9999.0 -9999.0 -9999.0 -9999.0 -9999.0 -9999.0 -9999.0 135.7 616.0 718.1 836.7 -9999.0
