program/excelProcessViaJava/data/SURF_CLI_CHN_PRE_MON_GRID_0.5-201201.txt
NCOLS      128
NROWS       72
XLLCORNER    72.000000000000    
YLLCORNER    18.000000000000    
CELLSIZE    0.50000000000000    
NODATA_VALUE   -9999.000    
[rows 35 to 69 of 72, columns 0 to 78 of 128]
-9999.0 -9999.0 -9999.0 -9999.0 -9999.0 -9999.0 -9999.0 1.1 1.0 0.9 0.5 0.3 0.3 0.1 0.1 2.1 0.1 1.0 1.4 0.2 0.0 0.0 0.0 0.0 0.0 0.0 0.0 0.0 0.0 0.0 0.0 0.1 0.1 0.2 0.4 0.6 0.8 0.9 1.5 2.1 1.2 4.1 4.3 3.0 1.7 0.8 1.0 0.7 1.2 0.7 0.9 1.2 2.0 8.9 6.2 2.7 2.9 2.9 5.4 4.5 9.7 5.2 4.0 4.9 6.6 4.5 4.3 4.2 6.0 6.9 5.8 4.3 3.5 3.0 2.7 3.9 4.1 6.1 6.2
-9999.0 -9999.0 -9999.0 -9999.0 -9999.0 -9999.0 -9999.0 1.6 1.6 1.0 0.7 0.6 0.3 0.1 0.1 0.0 0.0 0.0 0.0 0.0 0.0 0.0 0.0 0.0 0.0 0.0 0.0 0.0 0.0 0.0 0.0 0.1 0.2 0.3 0.5 0.7 0.9 1.1 1.4 1.7 2.4 3.2 4.7 9.6 4.9 2.4 3.3 3.7 9.5 6.5 16.3 12.1 3.7 5.7 10.7 3.8 3.9 5.1 8.3 11.4 11.8 12.1 7.3 10.2 9.5 8.5 6.6 5.2 6.5 7.3 7.8 7.4 6.8 5.6 4.1 5.9 6.1 4.1 2.9
-9999.0 -9999.0 -9999.0 -9999.0 -9999.0 -9999.0 -9999.0 -9999.0 -9999.0 1.4 1.2 1.0 0.4 0.2 0.2 0.1 0.0 0.0 0.0 0.0 0.0 0.0 0.0 0.0 0.0 0.0 0.0 0.0 0.0 0.0 0.1 0.1 0.3 0.4 0.7 0.9 1.0 1.2 1.4 1.9 2.3 3.6 4.8 5.6 8.4 9.2 10.0 10.2 12.0 12.9 16.8 12.5 8.9 7.3 13.7 6.3 4.6 6.0 11.5 13.4 15.3 17.4 17.3 10.7 13.7 12.7 10.7 8.1 8.7 7.8 9.4 10.2 10.0 8.4 7.2 4.0 2.4 1.6 2.0
-9999.0 -9999.0 -9999.0 -9999.0 -9999.0 -9999.0 -9999.0 -9999.0 -9999.0 -9999.0 -9999.0 0.9 1.5 0.3 0.2 0.1 0.1 0.0 0.0 0.0 0.0 0.0 0.0 0.0 0.0 0.0 0.0 0.0 0.0 0.0 0.1 0.1 0.4 0.6 0.9 1.0 1.3 1.4 2.5 2.1 3.3 3.9 5.1 6.6 13.2 10.7 19.5 15.4 19.7 19.3 13.8 13.3 12.5 14.9 18.9 13.8 9.5 11.6 12.3 13.9 17.1 15.4 12.4 11.3 13.7 15.1 11.8 10.6 9.6 9.4 10.8 12.6 12.1 9.3 5.8 3.4 1.8 1.7 1.7
-9999.0 -9999.0 -9999.0 -9999.0 -9999.0 -9999.0 -9999.0 -9999.0 -9999.0 -9999.0 -9999.0 -9999.0 1.6 1.3 0.3 0.3 0.0 0.0 0.0 0.0 0.0 0.0 0.0 0.0 0.0 0.0 0.0 0.0 0.0 0.0 0.1 0.2 0.4 0.5 0.8 1.2 1.6 1.8 2.0 2.1 2.6 3.9 5.9 10.0 12.9 16.7 21.3 15.0 17.9 20.1 28.3 24.4 16.8 13.3 15.7 16.9 15.7 16.9 9.4 15.5 14.8 16.6 15.5 12.1 11.5 16.3 16.6 15.4 12.5 11.4 11.6 15.6 13.5 8.7 5.6 11.2 5.9 4.4 2.8
-9999.0 -9999.0 -9999.0 -9999.0 -9999.0 -9999.0 -9999.0 -9999.0 -9999.0 -9999.0 -9999.0 -9999.0 0.8 2.1 2.3 0.3 0.7 0.2 0.0 0.0 0.0 0.0 0.0 0.0 0.0 0.0 0.0 0.1 0.1 0.1 0.1 0.1 0.4 0.7 1.0 1.5 1.9 2.4 2.8 3.1 3.4 4.6 9.0 10.5 17.0 23.8 19.8 16.7 10.0 18.1 17.9 20.4 13.9 16.5 12.1 15.3 11.7 12.0 8.4 9.2 9.8 10.4 13.6 16.3 8.6 15.3 10.7 11.0 8.2 8.4 12.4 18.1 18.7 10.1 8.6 6.4 5.9 9.4 7.2
-9999.0 -9999.0 -9999.0 -9999.0 -9999.0 -9999.0 -9999.0 -9999.0 -9999.0 -9999.0 -9999.0 -9999.0 -9999.0 1.3 0.4 1.8 0.3 0.4 0.3 0.1 0.0 0.1 0.0 0.1 0.0 0.0 0.0 0.0 0.0 0.1 0.2 0.4 0.3 0.5 1.3 1.6 2.2 2.8 4.6 4.5 5.2 7.4 9.9 16.5 18.6 19.9 23.8 24.8 23.0 19.5 17.8 12.0 10.8 22.7 16.8 13.2 9.4 9.6 13.0 10.5 10.7 9.6 12.5 7.5 3.1 9.0 16.2 15.0 10.9 6.0 3.3 3.7 7.3 8.8 12.8 9.0 9.3 9.7 7.9
-9999.0 -9999.0 -9999.0 -9999.0 -9999.0 -9999.0 -9999.0 -9999.0 -9999.0 -9999.0 -9999.0 -9999.0 1.9 0.7 0.5 1.1 0.1 0.1 0.1 0.4 0.3 0.2 0.1 0.1 0.1 0.0 0.0 0.0 0.1 0.1 0.1 0.5 0.2 0.7 0.9 1.6 2.1 3.1 3.9 4.5 7.1 11.0 16.0 14.0 19.8 23.5 21.1 13.8 13.1 12.5 17.8 21.1 11.2 13.4 9.8 8.5 9.3 4.8 7.6 7.5 9.1 12.0 12.1 16.5 11.4 9.5 10.1 12.1 13.7 16.0 12.5 6.9 4.1 3.0 4.1 5.6 7.9 11.9 11.6
-9999.0 -9999.0 -9999.0 -9999.0 -9999.0 -9999.0 -9999.0 -9999.0 -9999.0 -9999.0 -9999.0 -9999.0 1.5 3.8 2.0 0.1 0.1 0.7 0.5 0.1 0.5 0.1 0.1 0.1 0.3 0.3 0.2 0.1 0.1 0.2 0.3 0.3 0.2 0.9 1.2 1.4 2.2 3.1 4.0 4.3 4.9 6.0 8.3 12.4 16.9 20.9 25.7 21.1 15.7 4.8 6.0 11.8 6.9 5.6 5.7 5.5 6.2 7.3 8.0 10.4 12.8 15.7 10.1 6.9 6.4 6.9 11.5 15.8 13.5 9.3 7.0 6.5 7.4 15.7 20.4 10.6 6.4 11.3 12.5
-9999.0 -9999.0 -9999.0 -9999.0 -9999.0 -9999.0 -9999.0 -9999.0 -9999.0 -9999.0 -9999.0 -9999.0 7.1 1.6 3.8 1.8 1.3 0.1 0.2 0.1 0.0 0.0 0.1 0.0 0.1 0.0 0.0 0.0 0.1 0.1 0.2 0.1 0.5 1.0 1.1 1.1 1.7 2.7 3.7 4.3 4.5 4.8 9.3 7.4 13.5 21.7 24.8 16.5 6.7 5.8 6.6 4.4 13.8 11.6 5.2 4.7 5.7 7.2 9.3 11.1 11.8 12.4 20.2 5.9 2.8 16.1 19.9 22.9 21.4 17.5 12.7 15.1 18.0 27.2 46.9 24.1 30.9 8.8 12.6
-9999.0 -9999.0 -9999.0 -9999.0 -9999.0 -9999.0 -9999.0 -9999.0 -9999.0 -9999.0 -9999.0 -9999.0 -9999.0 1.2 0.8 2.1 1.0 1.0 0.2 0.1 0.0 0.1 0.0 0.0 0.2 0.1 0.1 0.1 0.0 0.1 0.0 0.1 0.1 0.5 0.5 0.4 1.0 2.4 3.5 4.1 4.2 7.3 10.9 11.6 10.3 13.6 19.1 8.9 14.9 10.2 4.4 8.1 4.4 1.6 2.9 2.3 4.4 7.2 8.3 11.1 13.4 22.5 16.7 1.9 12.5 17.8 27.5 30.8 31.4 26.2 21.4 16.9 22.0 12.0 21.5 10.3 7.5 9.7 15.2
-9999.0 -9999.0 -9999.0 -9999.0 -9999.0 -9999.0 -9999.0 -9999.0 -9999.0 -9999.0 -9999.0 -9999.0 -9999.0 12.8 1.6 2.9 0.5 1.8 1.2 0.5 0.1 0.1 0.1 0.1 1.3 0.3 0.1 0.2 0.0 0.0 0.0 0.0 0.1 0.1 0.1 0.2 0.9 2.1 3.3 5.6 4.8 5.5 7.1 9.9 20.7 16.2 17.7 11.8 10.8 7.5 7.8 1.5 2.8 3.1 2.6 0.8 0.8 2.6 5.2 6.9 12.0 6.1 5.0 15.3 10.0 15.3 25.8 31.9 30.6 30.1 24.6 18.1 16.5 21.3 24.1 24.2 27.2 12.0 13.2
-9999.0 -9999.0 -9999.0 -9999.0 -9999.0 -9999.0 -9999.0 -9999.0 -9999.0 -9999.0 -9999.0 -9999.0 -9999.0 -9999.0 -9999.0 4.2 4.2 2.0 2.6 3.5 0.7 1.7 2.1 1.4 0.6 0.4 0.0 0.0 0.0 0.0 0.0 0.0 0.0 0.0 0.1 0.1 0.7 1.7 2.9 4.2 6.3 8.0 8.4 9.3 8.6 9.8 15.9 9.0 11.3 1.6 2.8 8.2 1.5 1.0 0.1 0.2 0.2 0.5 3.4 7.4 2.4 3.7 24.6 17.3 13.0 18.3 27.3 30.7 27.2 23.9 20.2 14.4 20.2 27.0 28.6 37.5 30.5 34.5 20.2
-9999.0 -9999.0 -9999.0 -9999.0 -9999.0 -9999.0 -9999.0 -9999.0 -9999.0 -9999.0 -9999.0 -9999.0 -9999.0 -9999.0 -9999.0 -9999.0 -9999.0 95.8 30.0 -9999.0 18.3 4.4 9.8 8.9 2.5 1.9 0.1 0.0 0.0 0.0 0.0 0.0 0.0 0.0 0.1 0.1 0.7 0.6 2.0 3.5 5.1 9.1 8.1 8.1 6.7 9.0 7.0 19.2 5.5 6.1 0.3 0.9 0.3 1.6 1.3 0.8 0.2 1.4 2.6 5.7 0.1 4.9 20.1 24.8 21.0 22.3 27.4 26.1 23.6 20.4 18.1 17.6 23.0 22.8 34.5 42.9 34.4 29.2 29.4
-9999.0 -9999.0 -9999.0 -9999.0 -9999.0 -9999.0 -9999.0 -9999.0 -9999.0 -9999.0 -9999.0 -9999.0 -9999.0 -9999.0 -9999.0 -9999.0 -9999.0 -9999.0 -9999.0 -9999.0 -9999.0 20.5 13.2 5.2 8.1 15.8 8.9 3.3 0.3 0.1 0.0 0.1 0.0 0.0 0.1 0.1 0.1 0.3 0.3 0.2 0.2 9.0 11.1 10.2 6.7 11.6 17.4 7.4 19.3 54.0 4.4 13.4 9.4 2.1 2.4 3.0 2.3 1.1 6.0 4.1 0.1 1.9 11.8 21.3 30.8 32.8 32.6 27.4 24.4 18.9 14.8 16.6 19.2 21.5 29.1 34.7 33.6 30.6 37.8
-9999.0 -9999.0 -9999.0 -9999.0 -9999.0 -9999.0 -9999.0 -9999.0 -9999.0 -9999.0 -9999.0 -9999.0 -9999.0 -9999.0 -9999.0 -9999.0 -9999.0 -9999.0 -9999.0 -9999.0 -9999.0 -9999.0 -9999.0 87.9 32.0 29.6 21.4 9.4 0.8 0.5 0.0 0.0 0.0 0.1 0.2 0.5 1.4 0.7 3.6 6.7 6.9 12.0 5.9 4.3 6.6 28.3 10.2 9.3 11.4 16.1 8.9 14.3 10.9 10.3 6.8 2.1 3.8 4.9 0.3 4.1 1.2 7.2 15.7 13.0 22.3 40.7 44.3 35.1 26.1 19.4 18.2 17.8 20.9 30.3 31.7 35.1 44.5 47.4 54.4
-9999.0 -9999.0 -9999.0 -9999.0 -9999.0 -9999.0 -9999.0 -9999.0 -9999.0 -9999.0 -9999.0 -9999.0 -9999.0 -9999.0 -9999.0 -9999.0 -9999.0 -9999.0 -9999.0 -9999.0 -9999.0 -9999.0 -9999.0 -9999.0 -9999.0 177.5 73.8 6.3 3.5 1.1 0.4 1.0 1.2 1.1 1.8 3.0 8.6 3.4 9.5 6.1 15.0 6.2 1.4 3.3 15.8 36.1 26.4 70.9 16.7 25.3 24.1 23.8 25.4 23.8 19.2 9.8 6.7 2.8 4.7 3.8 4.7 10.5 17.2 8.9 18.1 38.7 46.2 37.6 32.3 26.1 19.6 19.9 21.2 37.4 47.2 41.7 44.0 64.4 99.2
-9999.0 -9999.0 -9999.0 -9999.0 -9999.0 -9999.0 -9999.0 -9999.0 -9999.0 -9999.0 -9999.0 -9999.0 -9999.0 -9999.0 -9999.0 -9999.0 -9999.0 -9999.0 -9999.0 -9999.0 -9999.0 -9999.0 -9999.0 -9999.0 -9999.0 -9999.0 -9999.0 207.5 171.8 47.0 26.4 17.8 4.9 13.5 7.6 13.2 6.0 5.1 1.4 5.2 11.7 1.5 2.9 14.2 22.9 39.7 62.8 82.8 104.4 67.5 130.4 146.0 52.1 54.9 35.1 18.3 6.8 2.3 3.7 1.8 4.4 7.8 9.6 10.6 16.9 22.6 37.4 43.3 37.5 27.0 21.4 26.1 24.7 42.7 45.8 49.6 84.0 98.9 97.3
-9999.0 -9999.0 -9999.0 -9999.0 -9999.0 -9999.0 -9999.0 -9999.0 -9999.0 -9999.0 -9999.0 -9999.0 -9999.0 -9999.0 -9999.0 -9999.0 -9999.0 -9999.0 -9999.0 -9999.0 -9999.0 -9999.0 -9999.0 -9999.0 -9999.0 -9999.0 -9999.0 -9999.0 -9999.0 -9999.0 -9999.0 -9999.0 -9999.0 47.9 20.1 -9999.0 -9999.0 -9999.0 5.9 4.3 2.2 3.4 3.6 18.7 32.8 42.4 -9999.0 -9999.0 -9999.0 -9999.0 -9999.0 -9999.0 107.8 50.0 56.7 22.6 6.0 1.8 1.0 1.2 3.0 5.2 8.6 9.0 11.5 19.8 28.6 30.9 29.6 24.8 21.4 29.6 43.7 45.3 72.1 70.5 110.4 106.5 115.2
-9999.0 -9999.0 -9999.0 -9999.0 -9999.0 -9999.0 -9999.0 -9999.0 -9999.0 -9999.0 -9999.0 -9999.0 -9999.0 -9999.0 -9999.0 -9999.0 -9999.0 -9999.0 -9999.0 -9999.0 -9999.0 -9999.0 -9999.0 -9999.0 -9999.0 -9999.0 -9999.0 -9999.0 -9999.0 -9999.0 -9999.0 -9999.0 -9999.0 -9999.0 -9999.0 -9999.0 -9999.0 -9999.0 -9999.0 26.4 20.9 19.8 20.8 23.3 -9999.0 -9999.0 -9999.0 -9999.0 -9999.0 -9999.0 -9999.0 -9999.0 88.9 48.5 36.2 16.5 3.5 0.8 0.4 0.7 2.3 4.5 5.4 7.2 8.6 16.0 23.7 25.9 22.3 20.5 26.6 38.2 44.7 72.3 69.7 92.4 107.5 110.6 129.5
-9999.0 -9999.0 -9999.0 -9999.0 -9999.0 -9999.0 -9999.0 -9999.0 -9999.0 -9999.0 -9999.0 -9999.0 -9999.0 -9999.0 -9999.0 -9999.0 -9999.0 -9999.0 -9999.0 -9999.0 -9999.0 -9999.0 -9999.0 -9999.0 -9999.0 -9999.0 -9999.0 -9999.0 -9999.0 -9999.0 -9999.0 -9999.0 -9999.0 -9999.0 -9999.0 -9999.0 -9999.0 -9999.0 -9999.0 -9999.0 -9999.0 -9999.0 -9999.0 -9999.0 -9999.0 -9999.0 -9999.0 -9999.0 -9999.0 -9999.0 -9999.0 -9999.0 80.2 43.0 27.2 15.8 4.5 1.5 0.9 1.7 2.9 6.0 7.6 6.4 8.0 18.3 28.4 27.0 22.8 23.3 33.1 50.8 84.3 87.8 100.3 93.2 109.8 109.9 120.1
-9999.0 -9999.0 -9999.0 -9999.0 -9999.0 -9999.0 -9999.0 -9999.0 -9999.0 -9999.0 -9999.0 -9999.0 -9999.0 -9999.0 -9999.0 -9999.0 -9999.0 -9999.0 -9999.0 -9999.0 -9999.0 -9999.0 -9999.0 -9999.0 -9999.0 -9999.0 -9999.0 -9999.0 -9999.0 -9999.0 -9999.0 -9999.0 -9999.0 -9999.0 -9999.0 -9999.0 -9999.0 -9999.0 -9999.0 -9999.0 -9999.0 -9999.0 -9999.0 -9999.0 -9999.0 -9999.0 -9999.0 -9999.0 -9999.0 -9999.0 -9999.0 36.1 34.1 32.9 16.9 13.3 8.6 7.3 5.0 0.7 9.5 9.6 9.8 8.0 10.2 20.4 32.7 27.9 28.3 27.5 40.2 62.2 70.7 74.3 94.3 100.3 119.0 124.1 135.2
-9999.0 -9999.0 -9999.0 -9999.0 -9999.0 -9999.0 -9999.0 -9999.0 -9999.0 -9999.0 -9999.0 -9999.0 -9999.0 -9999.0 -9999.0 -9999.0 -9999.0 -9999.0 -9999.0 -9999.0 -9999.0 -9999.0 -9999.0 -9999.0 -9999.0 -9999.0 -9999.0 -9999.0 -9999.0 -9999.0 -9999.0 -9999.0 -9999.0 -9999.0 -9999.0 -9999.0 -9999.0 -9999.0 -9999.0 -9999.0 -9999.0 -9999.0 -9999.0 -9999.0 -9999.0 -9999.0 -9999.0 -9999.0 -9999.0 -9999.0 15.5 15.5 20.1 23.2 16.8 17.5 13.7 9.0 9.9 13.9 13.9 16.1 12.5 10.9 16.4 28.5 34.3 35.5 36.2 33.7 52.8 70.8 88.8 110.3 118.8 121.7 125.2 128.4 142.4
-9999.0 -9999.0 -9999.0 -9999.0 -9999.0 -9999.0 -9999.0 -9999.0 -9999.0 -9999.0 -9999.0 -9999.0 -9999.0 -9999.0 -9999.0 -9999.0 -9999.0 -9999.0 -9999.0 -9999.0 -9999.0 -9999.0 -9999.0 -9999.0 -9999.0 -9999.0 -9999.0 -9999.0 -9999.0 -9999.0 -9999.0 -9999.0 -9999.0 -9999.0 -9999.0 -9999.0 -9999.0 -9999.0 -9999.0 -9999.0 -9999.0 -9999.0 -9999.0 -9999.0 -9999.0 -9999.0 -9999.0 -9999.0 -9999.0 -9999.0 5.1 11.1 7.2 17.2 21.8 21.0 11.3 20.7 18.5 14.9 15.1 17.7 14.0 14.8 19.7 29.2 35.3 38.1 42.6 51.3 73.9 98.4 114.9 120.5 116.4 113.6 114.9 124.5 129.3
-9999.0 -9999.0 -9999.0 -9999.0 -9999.0 -9999.0 -9999.0 -9999.0 -9999.0 -9999.0 -9999.0 -9999.0 -9999.0 -9999.0 -9999.0 -9999.0 -9999.0 -9999.0 -9999.0 -9999.0 -9999.0 -9999.0 -9999.0 -9999.0 -9999.0 -9999.0 -9999.0 -9999.0 -9999.0 -9999.0 -9999.0 -9999.0 -9999.0 -9999.0 -9999.0 -9999.0 -9999.0 -9999.0 -9999.0 -9999.0 -9999.0 -9999.0 -9999.0 -9999.0 -9999.0 -9999.0 -9999.0 -9999.0 -9999.0 -9999.0 2.2 2.8 6.3 22.9 21.2 21.6 28.1 22.0 23.3 15.9 21.7 23.6 19.4 14.9 17.5 23.4 31.3 39.8 51.3 71.2 94.6 113.6 115.7 119.0 106.5 103.0 95.9 106.5 110.8
-9999.0 -9999.0 -9999.0 -9999.0 -9999.0 -9999.0 -9999.0 -9999.0 -9999.0 -9999.0 -9999.0 -9999.0 -9999.0 -9999.0 -9999.0 -9999.0 -9999.0 -9999.0 -9999.0 -9999.0 -9999.0 -9999.0 -9999.0 -9999.0 -9999.0 -9999.0 -9999.0 -9999.0 -9999.0 -9999.0 -9999.0 -9999.0 -9999.0 -9999.0 -9999.0 -9999.0 -9999.0 -9999.0 -9999.0 -9999.0 -9999.0 -9999.0 -9999.0 -9999.0 -9999.0 -9999.0 -9999.0 -9999.0 -9999.0 -9999.0 1.4 6.7 11.7 22.6 28.0 29.7 22.8 23.8 25.0 22.9 32.5 33.0 21.1 21.7 21.7 23.9 32.5 42.8 60.0 69.3 92.3 101.6 103.8 102.2 95.2 94.5 90.1 99.9 97.8
-9999.0 -9999.0 -9999.0 -9999.0 -9999.0 -9999.0 -9999.0 -9999.0 -9999.0 -9999.0 -9999.0 -9999.0 -9999.0 -9999.0 -9999.0 -9999.0 -9999.0 -9999.0 -9999.0 -9999.0 -9999.0 -9999.0 -9999.0 -9999.0 -9999.0 -9999.0 -9999.0 -9999.0 -9999.0 -9999.0 -9999.0 -9999.0 -9999.0 -9999.0 -9999.0 -9999.0 -9999.0 -9999.0 -9999.0 -9999.0 -9999.0 -9999.0 -9999.0 -9999.0 -9999.0 -9999.0 -9999.0 -9999.0 -9999.0 -9999.0 -9999.0 -9999.0 -9999.0 23.2 27.5 26.4 23.5 22.8 22.8 30.8 62.4 44.7 65.0 41.1 32.2 28.6 38.3 41.9 59.9 70.6 75.1 80.2 84.9 89.2 94.5 100.7 99.7 101.6 102.9
-9999.0 -9999.0 -9999.0 -9999.0 -9999.0 -9999.0 -9999.0 -9999.0 -9999.0 -9999.0 -9999.0 -9999.0 -9999.0 -9999.0 -9999.0 -9999.0 -9999.0 -9999.0 -9999.0 -9999.0 -9999.0 -9999.0 -9999.0 -9999.0 -9999.0 -9999.0 -9999.0 -9999.0 -9999.0 -9999.0 -9999.0 -9999.0 -9999.0 -9999.0 -9999.0 -9999.0 -9999.0 -9999.0 -9999.0 -9999.0 -9999.0 -9999.0 -9999.0 -9999.0 -9999.0 -9999.0 -9999.0 -9999.0 -9999.0 -9999.0 -9999.0 -9999.0 -9999.0 23.6 25.2 29.8 19.2 15.3 22.6 51.2 64.1 66.0 98.3 49.4 38.3 33.1 29.0 50.9 52.0 58.8 60.6 68.4 76.9 85.6 97.2 103.6 104.4 89.0 86.5
-9999.0 -9999.0 -9999.0 -9999.0 -9999.0 -9999.0 -9999.0 -9999.0 -9999.0 -9999.0 -9999.0 -9999.0 -9999.0 -9999.0 -9999.0 -9999.0 -9999.0 -9999.0 -9999.0 -9999.0 -9999.0 -9999.0 -9999.0 -9999.0 -9999.0 -9999.0 -9999.0 -9999.0 -9999.0 -9999.0 -9999.0 -9999.0 -9999.0 -9999.0 -9999.0 -9999.0 -9999.0 -9999.0 -9999.0 -9999.0 -9999.0 -9999.0 -9999.0 -9999.0 -9999.0 -9999.0 -9999.0 -9999.0 -9999.0 -9999.0 -9999.0 -9999.0 -9999.0 23.5 20.8 24.9 19.8 16.3 25.6 46.3 82.8 97.4 121.5 106.6 35.5 -9999.0 -9999.0 -9999.0 57.7 58.7 64.7 72.3 76.9 81.0 89.4 93.6 91.0 73.9 54.7
-9999.0 -9999.0 -9999.0 -9999.0 -9999.0 -9999.0 -9999.0 -9999.0 -9999.0 -9999.0 -9999.0 -9999.0 -9999.0 -9999.0 -9999.0 -9999.0 -9999.0 -9999.0 -9999.0 -9999.0 -9999.0 -9999.0 -9999.0 -9999.0 -9999.0 -9999.0 -9999.0 -9999.0 -9999.0 -9999.0 -9999.0 -9999.0 -9999.0 -9999.0 -9999.0 -9999.0 -9999.0 -9999.0 -9999.0 -9999.0 -9999.0 -9999.0 -9999.0 -9999.0 -9999.0 -9999.0 -9999.0 -9999.0 -9999.0 -9999.0 -9999.0 -9999.0 -9999.0 -9999.0 24.9 24.0 18.0 17.3 32.2 60.6 59.0 -9999.0 -9999.0 -9999.0 -9999.0 -9999.0 -9999.0 -9999.0 56.5 67.5 77.2 79.7 77.1 70.7 69.4 70.2 63.1 52.6 48.6
-9999.0 -9999.0 -9999.0 -9999.0 -9999.0 -9999.0 -9999.0 -9999.0 -9999.0 -9999.0 -9999.0 -9999.0 -9999.0 -9999.0 -9999.0 -9999.0 -9999.0 -9999.0 -9999.0 -9999.0 -9999.0 -9999.0 -9999.0 -9999.0 -9999.0 -9999.0 -9999.0 -9999.0 -9999.0 -9999.0 -9999.0 -9999.0 -9999.0 -9999.0 -9999.0 -9999.0 -9999.0 -9999.0 -9999.0 -9999.0 -9999.0 -9999.0 -9999.0 -9999.0 -9999.0 -9999.0 -9999.0 -9999.0 -9999.0 -9999.0 -9999.0 -9999.0 -9999.0 -9999.0 -9999.0 22.7 32.7 25.8 29.1 50.0 62.2 -9999.0 -9999.0 -9999.0 -9999.0 -9999.0 -9999.0 -9999.0 -9999.0 -9999.0 76.4 -9999.0 -9999.0 -9999.0 -9999.0 -9999.0 42.1 -9999.0 -9999.0
-9999.0 -9999.0 -9999.0 -9999.0 -9999.0 -9999.0 -9999.0 -9999.0 -9999.0 -9999.0 -9999.0 -9999.0 -9999.0 -9999.0 -9999.0 -9999.0 -9999.0 -9999.0 -9999.0 -9999.0 -9999.0 -9999.0 -9999.0 -9999.0 -9999.0 -9999.0 -9999.0 -9999.0 -9999.0 -9999.0 -9999.0 -9999.0 -9999.0 -9999.0 -9999.0 -9999.0 -9999.0 -9999.0 -9999.0 -9999.0 -9999.0 -9999.0 -9999.0 -9999.0 -9999.0 -9999.0 -9999.0 -9999.0 -9999.0 -9999.0 -9999.0 -9999.0 -9999.0 -9999.0 -9999.0 -9999.0 -9999.0 -9999.0 35.7 39.5 -9999.0 -9999.0 -9999.0 -9999.0 -9999.0 -9999.0 -9999.0 -9999.0 -9999.0 -9999.0 -9999.0 -9999.0 -9999.0 -9999.0 -9999.0 38.8 35.6 -9999.0 -9999.0
-9999.0 -9999.0 -9999.0 -9999.0 -9999.0 -9999.0 -9999.0 -9999.0 -9999.0 -9999.0 -9999.0 -9999.0 -9999.0 -9999.0 -9999.0 -9999.0 -9999.0 -9999.0 -9999.0 -9999.0 -9999.0 -9999.0 -9999.0 -9999.0 -9999.0 -9999.0 -9999.0 -9999.0 -9999.0 -9999.0 -9999.0 -9999.0 -9999.0 -9999.0 -9999.0 -9999.0 -9999.0 -9999.0 -9999.0 -9999.0 -9999.0 -9999.0 -9999.0 -9999.0 -9999.0 -9999.0 -9999.0 -9999.0 -9999.0 -9999.0 -9999.0 -9999.0 -9999.0 -9999.0 -9999.0 -9999.0 -9999.0 -9999.0 -9999.0 -9999.0 -9999.0 -9999.0 -9999.0 -9999.0 -9999.0 -9999.0 -9999.0 -9999.0 -9999.0 -9999.0 -9999.0 -9999.0 -9999.0 -9999.0 -9999.0 -9999.0 -9999.0 -9999.0 -9999.0
-9999.0 -9999.0 -9999.0 -9999.0 -9999.0 -9999.0 -9999.0 -9999.0 -9999.0 -9999.0 -9999.0 -9999.0 -9999.0 -9999.0 -9999.0 -9999.0 -9999.0 -9999.0 -9999.0 -9999.0 -9999.0 -9999.0 -9999.0 -9999.0 -9999.0 -9999.0 -9999.0 -9999.0 -9999.0 -9999.0 -9999.0 -9999.0 -9999.0 -9999.0 -9999.0 -9999.0 -9999.0 -9999.0 -9999.0 -9999.0 -9999.0 -9999.0 -9999.0 -9999.0 -9999.0 -9999.0 -9999.0 -9999.0 -9999.0 -9999.0 -9999.0 -9999.0 -9999.0 -9999.0 -9999.0 -9999.0 -9999.0 -9999.0 -9999.0 -9999.0 -9999.0 -9999.0 -9999.0 -9999.0 -9999.0 -9999.0 -9999.0 -9999.0 -9999.0 -9999.0 -9999.0 -9999.0 -9999.0 -9999.0 -9999.0 42.4 41.8 38.1 -9999.0
-9999.0 -9999.0 -9999.0 -9999.0 -9999.0 -9999.0 -9999.0 -9999.0 -9999.0 -9999.0 -9999.0 -9999.0 -9999.0 -9999.0 -9999.0 -9999.0 -9999.0 -9999.0 -9999.0 -9999.0 -9999.0 -9999.0 -9999.0 -9999.0 -9999.0 -9999.0 -9999.0 -9999.0 -9999.0 -9999.0 -9999.0 -9999.0 -9999.0 -9999.0 -9999.0 -9999.0 -9999.0 -9999.0 -9999.0 -9999.0 -9999.0 -9999.0 -9999.0 -9999.0 -9999.0 -9999.0 -9999.0 -9999.0 -9999.0 -9999.0 -9999.0 -9999.0 -9999.0 -9999.0 -9999.0 -9999.0 -9999.0 -9999.0 -9999.0 -9999.0 -9999.0 -9999.0 -9999.0 -9999.0 -9999.0 -9999.0 -9999.0 -9999.0 -9999.0 -9999.0 -9999.0 -9999.0 -9999.0 22.7 29.1 35.7 38.3 -9999.0 -9999.0
