program/excelProcessViaJava/data/SURF_CLI_CHN_PRE_MON_GRID_0.5-200105.txt
NCOLS      128
NROWS       72
XLLCORNER    72.000000000000    
YLLCORNER    18.000000000000    
CELLSIZE    0.50000000000000    
NODATA_VALUE   -9999.000    
[rows 34 to 67 of 72, columns 0 to 76 of 128]
-9999.0 -9999.0 -9999.0 -9999.0 16.4 16.6 32.8 23.9 48.8 51.7 27.1 52.6 43.5 43.1 15.3 13.2 11.3 4.3 2.0 1.9 3.9 5.3 6.4 8.5 9.4 7.9 6.0 4.9 4.1 3.7 3.4 3.1 3.3 3.4 3.3 3.7 3.3 3.1 3.8 4.3 3.6 4.3 4.2 4.8 4.9 4.8 4.3 3.8 3.9 4.8 7.0 10.5 15.4 21.9 24.3 27.0 29.3 35.4 44.9 37.5 50.1 27.6 21.6 22.9 18.7 13.5 20.8 13.6 10.6 11.2 8.8 8.7 9.3 11.6 14.5 14.5 9.7
-9999.0 -9999.0 -9999.0 -9999.0 -9999.0 -9999.0 -9999.0 22.9 34.5 32.3 48.7 50.2 40.7 43.4 41.3 12.1 22.1 10.6 7.5 11.4 16.6 16.7 14.1 11.4 9.2 7.5 6.2 5.2 4.5 3.9 3.6 3.6 3.7 3.7 3.7 4.4 4.1 4.8 4.7 5.2 7.0 5.5 5.3 5.1 5.3 6.9 4.5 4.5 4.1 6.5 9.1 12.6 17.1 13.7 21.5 27.8 28.2 31.2 43.7 42.7 49.3 25.6 19.3 20.1 23.6 15.9 18.6 17.4 11.7 9.8 8.0 8.2 10.4 14.1 18.8 19.4 13.2
-9999.0 -9999.0 -9999.0 -9999.0 -9999.0 -9999.0 -9999.0 30.4 18.4 32.5 38.4 35.8 39.6 43.0 37.4 39.7 31.1 27.0 26.8 20.4 17.3 15.9 13.1 11.0 9.2 7.7 6.6 5.5 5.2 4.9 4.4 4.3 4.5 4.3 5.2 5.5 6.4 6.7 7.7 9.2 10.2 11.1 10.6 8.3 7.9 7.8 5.7 5.1 4.7 6.4 6.2 8.1 15.8 18.3 18.9 32.0 34.2 37.8 42.3 46.0 49.6 46.9 30.0 28.9 21.8 18.3 16.4 14.1 13.6 8.1 7.2 8.1 10.6 14.0 17.5 19.2 17.1
-9999.0 -9999.0 -9999.0 -9999.0 -9999.0 -9999.0 -9999.0 -9999.0 -9999.0 25.1 27.0 27.2 34.3 33.7 30.6 27.5 27.9 27.9 22.9 21.0 17.2 14.2 12.2 10.6 9.2 8.1 7.1 6.4 6.2 5.3 6.1 5.9 6.1 6.0 7.3 8.0 9.0 9.8 11.7 13.2 15.7 17.2 17.8 16.5 13.5 10.9 9.1 8.8 9.7 11.3 11.8 12.5 14.8 20.5 21.4 35.6 38.8 40.4 42.1 46.5 52.8 55.4 55.6 33.1 30.3 20.9 15.4 14.3 15.2 11.0 10.3 10.2 12.2 14.6 16.8 15.3 13.4
-9999.0 -9999.0 -9999.0 -9999.0 -9999.0 -9999.0 -9999.0 -9999.0 -9999.0 -9999.0 -9999.0 27.0 19.6 28.7 26.0 25.9 23.5 21.0 18.7 17.2 15.7 13.3 11.8 10.4 9.1 8.4 7.5 7.0 6.8 7.0 7.2 6.6 7.9 8.3 9.5 9.0 11.7 13.3 13.5 17.9 20.4 24.0 25.8 25.0 21.9 18.8 17.1 16.6 19.1 22.2 24.0 22.3 21.4 23.2 25.4 36.0 44.6 43.9 45.1 47.9 49.5 56.1 56.5 49.3 41.9 20.1 15.5 17.9 18.6 17.8 16.7 16.6 16.0 15.1 10.7 13.3 13.3
-9999.0 -9999.0 -9999.0 -9999.0 -9999.0 -9999.0 -9999.0 -9999.0 -9999.0 -9999.0 -9999.0 -9999.0 16.2 17.0 22.1 19.6 21.7 18.5 16.9 16.2 13.3 12.4 11.3 10.4 8.7 9.0 8.9 8.0 8.2 7.3 8.6 9.3 9.9 9.7 10.8 12.8 12.8 17.0 20.6 24.3 28.2 32.3 35.4 35.9 34.1 31.3 29.6 28.8 34.3 40.8 40.8 36.3 33.6 36.4 39.4 41.6 43.6 40.2 52.0 45.5 50.0 47.0 47.9 51.4 45.9 39.0 25.4 24.5 24.9 25.7 23.3 16.6 13.0 12.3 19.2 25.5 33.0
-9999.0 -9999.0 -9999.0 -9999.0 -9999.0 -9999.0 -9999.0 -9999.0 -9999.0 -9999.0 -9999.0 -9999.0 17.9 11.5 10.9 16.5 13.0 14.0 15.0 13.6 12.6 11.9 11.1 10.6 10.5 10.1 10.0 10.6 10.3 11.3 10.8 10.3 12.1 13.4 14.2 16.9 17.5 20.8 25.6 30.8 36.7 42.8 47.9 51.1 51.5 50.4 47.0 47.3 52.1 62.3 63.3 54.3 48.1 45.1 52.9 49.6 52.5 48.3 56.8 57.7 57.9 57.4 50.3 45.7 62.5 49.4 31.2 25.5 27.3 32.7 36.2 33.6 32.1 35.9 39.7 46.5 46.7
-9999.0 -9999.0 -9999.0 -9999.0 -9999.0 -9999.0 -9999.0 -9999.0 -9999.0 -9999.0 -9999.0 -9999.0 -9999.0 11.0 14.3 9.2 12.5 11.1 10.9 11.0 11.3 10.9 11.0 11.1 11.2 10.4 10.4 9.8 11.2 12.2 14.3 15.7 14.5 15.7 20.1 22.0 24.8 27.9 29.5 38.4 46.7 55.7 64.9 71.6 73.9 71.7 71.0 71.9 75.0 77.8 74.6 64.1 55.8 45.1 47.2 50.3 53.4 48.3 39.7 50.6 53.8 62.8 57.5 79.1 86.1 65.9 49.2 34.5 36.9 41.0 36.9 43.6 51.8 55.1 55.6 63.5 62.2
-9999.0 -9999.0 -9999.0 -9999.0 -9999.0 -9999.0 -9999.0 -9999.0 -9999.0 -9999.0 -9999.0 -9999.0 7.1 10.6 10.5 8.4 11.6 10.5 10.5 9.2 9.9 10.6 11.3 11.8 12.4 11.8 12.6 13.8 14.7 15.3 17.2 20.5 18.1 22.1 23.5 27.8 29.1 37.4 43.3 50.0 58.6 70.6 83.3 95.3 99.8 98.7 92.8 85.2 84.8 83.0 77.2 65.4 56.9 51.6 54.6 55.1 46.6 66.5 54.1 66.0 65.5 59.8 69.6 60.6 74.8 70.8 34.3 35.3 49.1 58.4 66.0 73.7 77.3 75.8 81.3 77.5 61.8
-9999.0 -9999.0 -9999.0 -9999.0 -9999.0 -9999.0 -9999.0 -9999.0 -9999.0 -9999.0 -9999.0 -9999.0 6.3 3.2 5.2 9.9 9.6 7.3 7.9 9.6 9.5 11.1 12.0 12.9 14.0 15.1 15.9 17.0 18.1 20.6 23.1 24.8 23.8 30.4 32.9 34.7 41.4 46.7 54.0 62.7 74.2 90.5 107.7 120.3 124.2 120.9 115.0 104.0 93.3 75.8 70.0 64.2 56.3 56.8 60.5 69.4 58.6 53.7 65.3 56.7 57.0 56.3 92.7 93.0 80.8 51.8 52.8 41.3 51.5 70.3 85.8 96.4 104.1 105.8 96.0 94.9 73.5
-9999.0 -9999.0 -9999.0 -9999.0 -9999.0 -9999.0 -9999.0 -9999.0 -9999.0 -9999.0 -9999.0 -9999.0 0.7 4.3 2.5 4.1 4.9 8.2 7.8 8.9 10.7 11.6 13.0 13.9 15.4 15.2 16.8 16.1 20.9 23.4 26.7 26.0 34.1 39.2 41.6 43.3 49.6 57.7 67.3 75.3 89.3 106.8 132.1 131.4 142.6 139.0 126.7 105.7 80.9 71.5 64.7 54.3 53.3 46.6 50.0 79.8 66.6 59.5 59.8 82.4 88.8 91.7 66.5 89.8 56.5 35.0 38.7 49.5 65.3 78.8 94.1 113.3 120.6 112.6 78.4 96.2 83.5
-9999.0 -9999.0 -9999.0 -9999.0 -9999.0 -9999.0 -9999.0 -9999.0 -9999.0 -9999.0 -9999.0 -9999.0 -9999.0 4.8 4.8 3.1 4.5 5.0 7.7 9.4 11.1 12.7 14.1 15.1 17.8 18.5 19.7 21.4 21.7 26.9 27.0 32.6 36.3 44.5 46.2 43.8 52.5 69.7 80.6 91.8 106.1 131.7 152.0 163.5 147.6 135.1 124.2 82.6 85.6 69.1 50.1 54.3 48.5 49.8 46.7 47.6 78.4 77.9 69.4 58.9 79.0 55.5 91.6 66.9 31.5 29.9 36.7 52.6 71.6 94.0 109.3 121.7 127.7 126.1 117.8 108.8 97.9
-9999.0 -9999.0 -9999.0 -9999.0 -9999.0 -9999.0 -9999.0 -9999.0 -9999.0 -9999.0 -9999.0 -9999.0 -9999.0 0.2 3.5 2.4 5.5 4.4 6.4 9.2 12.0 13.8 15.4 17.6 21.4 21.5 21.8 23.8 24.6 21.3 26.2 31.8 41.7 46.3 45.1 49.5 62.5 76.7 88.8 98.8 122.7 145.3 164.6 170.2 166.5 139.8 115.6 73.6 63.5 51.4 50.8 33.4 42.9 43.5 41.0 43.9 61.2 68.4 66.4 106.1 90.8 113.2 68.3 39.2 28.9 27.2 35.9 55.2 82.6 109.9 128.9 137.3 136.8 127.2 118.8 115.0 112.2
-9999.0 -9999.0 -9999.0 -9999.0 -9999.0 -9999.0 -9999.0 -9999.0 -9999.0 -9999.0 -9999.0 -9999.0 -9999.0 -9999.0 -9999.0 2.2 2.8 5.3 6.7 9.0 13.4 16.6 19.8 22.0 22.8 23.8 20.5 23.0 21.0 26.5 28.3 34.5 34.6 40.7 48.4 45.3 51.3 73.3 88.1 104.8 125.4 147.4 163.1 162.5 125.0 96.8 101.2 54.7 57.2 25.1 32.2 46.8 37.0 40.0 40.6 40.8 44.4 80.4 62.0 74.3 112.1 80.3 61.3 46.1 32.0 28.0 37.8 62.9 98.9 124.0 139.5 142.4 123.1 117.0 115.1 121.6 123.6
-9999.0 -9999.0 -9999.0 -9999.0 -9999.0 -9999.0 -9999.0 -9999.0 -9999.0 -9999.0 -9999.0 -9999.0 -9999.0 -9999.0 -9999.0 -9999.0 -9999.0 0.1 3.4 -9999.0 13.3 19.4 24.4 27.8 26.9 27.8 23.4 24.9 26.4 25.2 29.0 36.2 33.7 50.0 54.5 46.9 46.6 48.4 69.8 89.1 111.7 136.8 146.2 139.1 68.8 84.1 64.3 86.2 40.9 39.6 20.0 26.8 23.1 39.2 38.5 37.1 42.3 48.4 67.2 87.9 84.5 76.6 70.2 55.9 42.1 36.4 48.5 77.6 113.7 127.3 136.6 114.8 113.8 112.6 113.5 126.5 125.2
-9999.0 -9999.0 -9999.0 -9999.0 -9999.0 -9999.0 -9999.0 -9999.0 -9999.0 -9999.0 -9999.0 -9999.0 -9999.0 -9999.0 -9999.0 -9999.0 -9999.0 -9999.0 -9999.0 -9999.0 -9999.0 23.3 27.8 27.4 31.9 35.8 33.9 31.3 28.7 28.7 29.6 35.6 42.2 46.3 45.9 37.8 32.8 33.4 37.1 33.2 42.1 117.4 132.0 128.0 59.0 95.3 61.4 59.6 73.7 92.8 36.0 52.7 48.3 34.2 38.6 40.6 43.4 57.0 66.0 107.6 91.7 95.1 81.0 69.3 56.2 53.2 69.1 96.9 125.2 124.3 114.1 110.0 114.0 108.5 102.7 106.9 103.0
-9999.0 -9999.0 -9999.0 -9999.0 -9999.0 -9999.0 -9999.0 -9999.0 -9999.0 -9999.0 -9999.0 -9999.0 -9999.0 -9999.0 -9999.0 -9999.0 -9999.0 -9999.0 -9999.0 -9999.0 -9999.0 -9999.0 -9999.0 35.5 40.3 40.9 39.1 35.5 31.1 30.6 30.8 33.9 35.0 39.4 36.9 32.7 31.4 24.6 40.8 59.6 75.2 101.8 94.6 75.7 54.0 50.1 71.8 69.8 66.5 61.9 46.8 55.8 42.7 46.5 42.0 37.9 53.1 65.4 109.3 122.0 138.1 134.6 109.4 73.2 64.0 66.9 86.6 111.0 106.7 116.5 105.3 114.5 124.1 130.3 118.1 115.1 131.9
-9999.0 -9999.0 -9999.0 -9999.0 -9999.0 -9999.0 -9999.0 -9999.0 -9999.0 -9999.0 -9999.0 -9999.0 -9999.0 -9999.0 -9999.0 -9999.0 -9999.0 -9999.0 -9999.0 -9999.0 -9999.0 -9999.0 -9999.0 -9999.0 -9999.0 34.3 46.0 35.7 35.3 33.1 34.9 37.2 40.3 40.7 37.0 33.1 37.1 24.1 39.2 40.3 71.4 69.0 23.3 39.4 43.8 53.6 74.8 72.9 80.1 80.3 77.1 70.2 72.5 69.2 54.2 58.2 70.7 87.7 105.7 138.4 165.6 153.0 163.9 67.3 63.3 71.8 87.4 95.9 101.2 104.1 114.5 132.0 153.5 162.1 167.8 156.4 164.4
-9999.0 -9999.0 -9999.0 -9999.0 -9999.0 -9999.0 -9999.0 -9999.0 -9999.0 -9999.0 -9999.0 -9999.0 -9999.0 -9999.0 -9999.0 -9999.0 -9999.0 -9999.0 -9999.0 -9999.0 -9999.0 -9999.0 -9999.0 -9999.0 -9999.0 -9999.0 -9999.0 30.5 31.2 42.6 41.2 41.2 43.8 37.2 39.9 14.9 22.8 19.1 11.1 26.9 50.6 34.0 25.1 34.2 48.0 60.4 69.6 79.9 88.8 110.4 105.1 103.0 95.5 89.6 85.7 88.7 91.3 109.8 127.8 157.3 146.8 163.6 85.3 68.2 76.7 77.8 93.9 104.2 110.1 112.7 124.3 135.7 180.8 188.3 193.8 188.6 204.5
-9999.0 -9999.0 -9999.0 -9999.0 -9999.0 -9999.0 -9999.0 -9999.0 -9999.0 -9999.0 -9999.0 -9999.0 -9999.0 -9999.0 -9999.0 -9999.0 -9999.0 -9999.0 -9999.0 -9999.0 -9999.0 -9999.0 -9999.0 -9999.0 -9999.0 -9999.0 -9999.0 -9999.0 -9999.0 -9999.0 -9999.0 -9999.0 -9999.0 26.3 39.8 -9999.0 -9999.0 -9999.0 9.7 19.6 17.4 21.5 34.5 41.1 52.8 68.0 -9999.0 -9999.0 -9999.0 -9999.0 -9999.0 -9999.0 129.0 122.5 114.1 107.9 112.5 135.3 152.3 172.0 172.2 168.7 107.1 82.0 77.1 90.5 112.5 128.3 126.4 121.0 127.9 127.5 142.0 181.6 191.1 193.2 184.6
-9999.0 -9999.0 -9999.0 -9999.0 -9999.0 -9999.0 -9999.0 -9999.0 -9999.0 -9999.0 -9999.0 -9999.0 -9999.0 -9999.0 -9999.0 -9999.0 -9999.0 -9999.0 -9999.0 -9999.0 -9999.0 -9999.0 -9999.0 -9999.0 -9999.0 -9999.0 -9999.0 -9999.0 -9999.0 -9999.0 -9999.0 -9999.0 -9999.0 -9999.0 -9999.0 -9999.0 -9999.0 -9999.0 -9999.0 13.2 18.2 25.6 35.8 49.1 -9999.0 -9999.0 -9999.0 -9999.0 -9999.0 -9999.0 -9999.0 -9999.0 157.8 152.3 143.5 134.7 140.3 163.0 185.6 190.9 180.5 171.5 151.3 108.2 113.5 123.1 140.0 145.4 141.7 131.8 113.8 103.8 120.1 131.4 170.6 170.1 155.3
-9999.0 -9999.0 -9999.0 -9999.0 -9999.0 -9999.0 -9999.0 -9999.0 -9999.0 -9999.0 -9999.0 -9999.0 -9999.0 -9999.0 -9999.0 -9999.0 -9999.0 -9999.0 -9999.0 -9999.0 -9999.0 -9999.0 -9999.0 -9999.0 -9999.0 -9999.0 -9999.0 -9999.0 -9999.0 -9999.0 -9999.0 -9999.0 -9999.0 -9999.0 -9999.0 -9999.0 -9999.0 -9999.0 -9999.0 -9999.0 -9999.0 -9999.0 -9999.0 -9999.0 -9999.0 -9999.0 -9999.0 -9999.0 -9999.0 -9999.0 -9999.0 -9999.0 147.7 181.6 172.9 169.7 174.2 187.5 199.6 200.7 185.0 174.9 212.7 149.8 148.6 147.3 150.7 156.0 154.8 139.8 113.6 93.0 94.0 111.5 134.3 156.2 147.8
-9999.0 -9999.0 -9999.0 -9999.0 -9999.0 -9999.0 -9999.0 -9999.0 -9999.0 -9999.0 -9999.0 -9999.0 -9999.0 -9999.0 -9999.0 -9999.0 -9999.0 -9999.0 -9999.0 -9999.0 -9999.0 -9999.0 -9999.0 -9999.0 -9999.0 -9999.0 -9999.0 -9999.0 -9999.0 -9999.0 -9999.0 -9999.0 -9999.0 -9999.0 -9999.0 -9999.0 -9999.0 -9999.0 -9999.0 -9999.0 -9999.0 -9999.0 -9999.0 -9999.0 -9999.0 -9999.0 -9999.0 -9999.0 -9999.0 -9999.0 -9999.0 186.1 201.0 209.2 202.8 207.0 210.8 214.9 215.5 185.8 217.1 208.6 179.4 183.9 179.8 174.0 163.4 156.6 159.1 142.6 121.4 107.1 121.5 152.5 155.7 168.8 158.1
-9999.0 -9999.0 -9999.0 -9999.0 -9999.0 -9999.0 -9999.0 -9999.0 -9999.0 -9999.0 -9999.0 -9999.0 -9999.0 -9999.0 -9999.0 -9999.0 -9999.0 -9999.0 -9999.0 -9999.0 -9999.0 -9999.0 -9999.0 -9999.0 -9999.0 -9999.0 -9999.0 -9999.0 -9999.0 -9999.0 -9999.0 -9999.0 -9999.0 -9999.0 -9999.0 -9999.0 -9999.0 -9999.0 -9999.0 -9999.0 -9999.0 -9999.0 -9999.0 -9999.0 -9999.0 -9999.0 -9999.0 -9999.0 -9999.0 -9999.0 199.5 223.1 226.5 231.0 229.0 235.6 235.0 230.9 237.4 241.9 210.2 226.5 198.9 208.1 198.5 184.1 177.2 167.4 162.0 151.8 145.1 160.4 185.2 187.8 187.7 185.5 218.3
-9999.0 -9999.0 -9999.0 -9999.0 -9999.0 -9999.0 -9999.0 -9999.0 -9999.0 -9999.0 -9999.0 -9999.0 -9999.0 -9999.0 -9999.0 -9999.0 -9999.0 -9999.0 -9999.0 -9999.0 -9999.0 -9999.0 -9999.0 -9999.0 -9999.0 -9999.0 -9999.0 -9999.0 -9999.0 -9999.0 -9999.0 -9999.0 -9999.0 -9999.0 -9999.0 -9999.0 -9999.0 -9999.0 -9999.0 -9999.0 -9999.0 -9999.0 -9999.0 -9999.0 -9999.0 -9999.0 -9999.0 -9999.0 -9999.0 -9999.0 229.9 247.5 227.5 237.3 245.6 246.2 223.9 275.4 284.8 259.9 215.0 201.9 178.6 193.9 192.7 167.6 167.7 167.5 167.2 174.2 188.7 219.6 251.8 265.2 257.6 249.6 227.0
-9999.0 -9999.0 -9999.0 -9999.0 -9999.0 -9999.0 -9999.0 -9999.0 -9999.0 -9999.0 -9999.0 -9999.0 -9999.0 -9999.0 -9999.0 -9999.0 -9999.0 -9999.0 -9999.0 -9999.0 -9999.0 -9999.0 -9999.0 -9999.0 -9999.0 -9999.0 -9999.0 -9999.0 -9999.0 -9999.0 -9999.0 -9999.0 -9999.0 -9999.0 -9999.0 -9999.0 -9999.0 -9999.0 -9999.0 -9999.0 -9999.0 -9999.0 -9999.0 -9999.0 -9999.0 -9999.0 -9999.0 -9999.0 -9999.0 -9999.0 250.9 262.4 245.8 257.5 233.8 237.8 288.4 287.4 315.7 248.2 250.0 227.1 196.1 171.1 177.5 163.6 155.9 161.7 177.1 194.5 227.0 243.0 292.9 287.0 282.3 271.3 242.2
-9999.0 -9999.0 -9999.0 -9999.0 -9999.0 -9999.0 -9999.0 -9999.0 -9999.0 -9999.0 -9999.0 -9999.0 -9999.0 -9999.0 -9999.0 -9999.0 -9999.0 -9999.0 -9999.0 -9999.0 -9999.0 -9999.0 -9999.0 -9999.0 -9999.0 -9999.0 -9999.0 -9999.0 -9999.0 -9999.0 -9999.0 -9999.0 -9999.0 -9999.0 -9999.0 -9999.0 -9999.0 -9999.0 -9999.0 -9999.0 -9999.0 -9999.0 -9999.0 -9999.0 -9999.0 -9999.0 -9999.0 -9999.0 -9999.0 -9999.0 293.6 286.3 270.4 259.6 255.6 277.0 252.0 299.1 313.8 255.9 285.4 244.2 182.9 185.9 185.6 173.3 169.7 169.3 194.1 207.1 236.2 264.1 287.8 296.7 295.5 297.0 271.5
-9999.0 -9999.0 -9999.0 -9999.0 -9999.0 -9999.0 -9999.0 -9999.0 -9999.0 -9999.0 -9999.0 -9999.0 -9999.0 -9999.0 -9999.0 -9999.0 -9999.0 -9999.0 -9999.0 -9999.0 -9999.0 -9999.0 -9999.0 -9999.0 -9999.0 -9999.0 -9999.0 -9999.0 -9999.0 -9999.0 -9999.0 -9999.0 -9999.0 -9999.0 -9999.0 -9999.0 -9999.0 -9999.0 -9999.0 -9999.0 -9999.0 -9999.0 -9999.0 -9999.0 -9999.0 -9999.0 -9999.0 -9999.0 -9999.0 -9999.0 -9999.0 -9999.0 -9999.0 282.0 275.0 279.5 300.2 334.9 300.9 311.1 411.6 274.6 297.3 243.9 220.5 200.2 199.5 188.8 214.0 222.9 223.7 247.1 282.8 310.7 327.3 335.0 310.0
-9999.0 -9999.0 -9999.0 -9999.0 -9999.0 -9999.0 -9999.0 -9999.0 -9999.0 -9999.0 -9999.0 -9999.0 -9999.0 -9999.0 -9999.0 -9999.0 -9999.0 -9999.0 -9999.0 -9999.0 -9999.0 -9999.0 -9999.0 -9999.0 -9999.0 -9999.0 -9999.0 -9999.0 -9999.0 -9999.0 -9999.0 -9999.0 -9999.0 -9999.0 -9999.0 -9999.0 -9999.0 -9999.0 -9999.0 -9999.0 -9999.0 -9999.0 -9999.0 -9999.0 -9999.0 -9999.0 -9999.0 -9999.0 -9999.0 -9999.0 -9999.0 -9999.0 -9999.0 311.4 308.4 343.7 339.6 354.6 402.3 483.4 437.2 371.5 398.0 338.1 297.3 255.6 219.1 228.6 204.3 200.0 197.9 233.8 289.8 334.8 356.1 360.5 330.9
-9999.0 -9999.0 -9999.0 -9999.0 -9999.0 -9999.0 -9999.0 -9999.0 -9999.0 -9999.0 -9999.0 -9999.0 -9999.0 -9999.0 -9999.0 -9999.0 -9999.0 -9999.0 -9999.0 -9999.0 -9999.0 -9999.0 -9999.0 -9999.0 -9999.0 -9999.0 -9999.0 -9999.0 -9999.0 -9999.0 -9999.0 -9999.0 -9999.0 -9999.0 -9999.0 -9999.0 -9999.0 -9999.0 -9999.0 -9999.0 -9999.0 -9999.0 -9999.0 -9999.0 -9999.0 -9999.0 -9999.0 -9999.0 -9999.0 -9999.0 -9999.0 -9999.0 -9999.0 334.3 325.3 361.2 380.4 401.9 453.5 486.9 537.5 500.2 493.8 435.4 346.4 -9999.0 -9999.0 -9999.0 210.4 178.6 189.9 235.9 296.8 341.0 353.8 353.1 316.8
-9999.0 -9999.0 -9999.0 -9999.0 -9999.0 -9999.0 -9999.0 -9999.0 -9999.0 -9999.0 -9999.0 -9999.0 -9999.0 -9999.0 -9999.0 -9999.0 -9999.0 -9999.0 -9999.0 -9999.0 -9999.0 -9999.0 -9999.0 -9999.0 -9999.0 -9999.0 -9999.0 -9999.0 -9999.0 -9999.0 -9999.0 -9999.0 -9999.0 -9999.0 -9999.0 -9999.0 -9999.0 -9999.0 -9999.0 -9999.0 -9999.0 -9999.0 -9999.0 -9999.0 -9999.0 -9999.0 -9999.0 -9999.0 -9999.0 -9999.0 -9999.0 -9999.0 -9999.0 -9999.0 351.3 365.5 362.5 374.2 450.8 524.5 430.5 -9999.0 -9999.0 -9999.0 -9999.0 -9999.0 -9999.0 -9999.0 171.1 173.3 205.9 214.0 258.7 297.0 295.7 278.5 260.5
-9999.0 -9999.0 -9999.0 -9999.0 -9999.0 -9999.0 -9999.0 -9999.0 -9999.0 -9999.0 -9999.0 -9999.0 -9999.0 -9999.0 -9999.0 -9999.0 -9999.0 -9999.0 -9999.0 -9999.0 -9999.0 -9999.0 -9999.0 -9999.0 -9999.0 -9999.0 -9999.0 -9999.0 -9999.0 -9999.0 -9999.0 -9999.0 -9999.0 -9999.0 -9999.0 -9999.0 -9999.0 -9999.0 -9999.0 -9999.0 -9999.0 -9999.0 -9999.0 -9999.0 -9999.0 -9999.0 -9999.0 -9999.0 -9999.0 -9999.0 -9999.0 -9999.0 -9999.0 -9999.0 -9999.0 340.0 395.7 369.6 358.8 414.2 410.6 -9999.0 -9999.0 -9999.0 -9999.0 -9999.0 -9999.0 -9999.0 -9999.0 -9999.0 149.8 -9999.0 -9999.0 -9999.0 -9999.0 -9999.0 216.1
-9999.0 -9999.0 -9999.0 -9999.0 -9999.0 -9999.0 -9999.0 -9999.0 -9999.0 -9999.0 -9999.0 -9999.0 -9999.0 -9999.0 -9999.0 -9999.0 -9999.0 -9999.0 -9999.0 -9999.0 -9999.0 -9999.0 -9999.0 -9999.0 -9999.0 -9999.0 -9999.0 -9999.0 -9999.0 -9999.0 -9999.0 -9999.0 -9999.0 -9999.0 -9999.0 -9999.0 -9999.0 -9999.0 -9999.0 -9999.0 -9999.0 -9999.0 -9999.0 -9999.0 -9999.0 -9999.0 -9999.0 -9999.0 -9999.0 -9999.0 -9999.0 -9999.0 -9999.0 -9999.0 -9999.0 -9999.0 -9999.0 -9999.0 330.8 308.0 -9999.0 -9999.0 -9999.0 -9999.0 -9999.0 -9999.0 -9999.0 -9999.0 -9999.0 -9999.0 -9999.0 -9999.0 -9999.0 -9999.0 -9999.0 208.9 213.0
-9999.0 -9999.0 -9999.0 -9999.0 -9999.0 -9999.0 -9999.0 -9999.0 -9999.0 -9999.0 -9999.0 -9999.0 -9999.0 -9999.0 -9999.0 -9999.0 -9999.0 -9999.0 -9999.0 -9999.0 -9999.0 -9999.0 -9999.0 -9999.0 -9999.0 -9999.0 -9999.0 -9999.0 -9999.0 -9999.0 -9999.0 -9999.0 -9999.0 -9999.0 -9999.0 -9999.0 -9999.0 -9999.0 -9999.0 -9999.0 -9999.0 -9999.0 -9999.0 -9999.0 -9999.0 -9999.0 -9999.0 -9999.0 -9999.0 -9999.0 -9999.0 -9999.0 -9999.0 -9999.0 -9999.0 -9999.0 -9999.0 -9999.0 -9999.0 -9999.0 -9999.0 -9999.0 -9999.0 -9999.0 -9999.0 -9999.0 -9999.0 -9999.0 -9999.0 -9999.0 -9999.0 -9999.0 -9999.0 -9999.0 -9999.0 -9999.0 -9999.0
