program/excelProcessViaJava/data/SURF_CLI_CHN_PRE_MON_GRID_0.5-200110.txt
NCOLS      128
NROWS       72
XLLCORNER    72.000000000000    
YLLCORNER    18.000000000000    
CELLSIZE    0.50000000000000    
NODATA_VALUE   -9999.000    
[rows 34 to 67 of 72, columns 0 to 77 of 128]
-9999.0 -9999.0 -9999.0 -9999.0 0.0 0.2 0.7 2.0 3.3 5.3 10.0 9.4 12.7 12.5 12.5 9.9 8.0 5.5 5.9 6.7 5.0 3.1 1.9 0.4 0.0 0.0 0.0 0.0 0.0 0.0 0.0 0.0 0.0 0.0 0.1 0.1 0.1 0.2 0.2 0.3 0.3 0.3 0.3 0.3 0.3 0.3 0.3 0.3 0.3 0.3 0.3 0.3 0.3 0.3 0.4 0.9 1.8 3.9 7.6 7.4 19.0 23.6 25.9 25.4 15.8 8.6 18.3 15.9 20.9 33.9 34.7 41.3 44.5 44.7 44.9 46.3 41.7 54.7
-9999.0 -9999.0 -9999.0 -9999.0 -9999.0 -9999.0 -9999.0 1.0 2.1 4.5 3.5 4.3 8.7 7.6 7.0 11.9 9.1 9.8 9.6 6.2 1.4 0.2 0.1 0.0 0.0 0.0 0.0 0.0 0.0 0.0 0.0 0.0 0.0 0.0 0.0 0.1 0.1 0.2 0.2 0.4 0.5 0.9 1.2 1.1 0.7 0.5 0.6 0.5 0.6 0.4 0.4 0.3 0.4 1.7 2.0 0.9 1.4 2.7 12.4 11.4 24.8 24.4 20.9 18.9 19.6 11.3 15.2 19.1 19.5 26.8 30.5 36.8 43.2 45.8 48.7 50.2 40.7 48.7
-9999.0 -9999.0 -9999.0 -9999.0 -9999.0 -9999.0 -9999.0 0.2 1.4 1.7 2.1 4.2 3.8 2.1 3.8 0.8 2.9 2.5 0.4 1.1 0.6 0.1 0.1 0.1 0.0 0.0 0.0 0.0 0.0 0.0 0.0 0.0 0.0 0.0 0.0 0.1 0.1 0.2 0.3 0.5 0.9 1.4 2.0 3.1 2.6 1.9 2.5 2.7 3.7 2.8 3.6 2.9 1.5 2.2 4.8 3.2 5.2 11.7 23.0 30.6 33.9 40.6 33.1 28.4 20.1 16.8 16.4 17.2 25.0 23.2 28.9 34.4 37.3 37.9 40.1 45.8 49.1 41.9
-9999.0 -9999.0 -9999.0 -9999.0 -9999.0 -9999.0 -9999.0 -9999.0 -9999.0 0.7 1.5 2.7 1.4 1.8 2.6 3.1 1.4 0.2 0.4 0.1 0.2 0.3 0.2 0.1 0.1 0.0 0.0 0.0 0.0 0.0 0.0 0.0 0.0 0.0 0.0 0.1 0.1 0.2 0.3 0.7 1.3 2.2 3.1 3.9 5.3 6.3 7.2 7.6 7.8 7.3 7.1 6.0 5.2 5.1 8.6 9.0 12.5 22.4 36.8 41.7 43.5 44.4 46.6 37.6 33.4 25.6 20.8 19.9 30.6 28.9 32.8 34.2 34.2 33.7 37.4 36.9 37.6 43.1
-9999.0 -9999.0 -9999.0 -9999.0 -9999.0 -9999.0 -9999.0 -9999.0 -9999.0 -9999.0 -9999.0 0.4 2.6 0.5 1.1 0.7 0.8 0.9 0.7 0.3 0.1 0.2 0.1 0.1 0.0 0.0 0.0 0.0 0.0 0.0 0.0 0.0 0.0 0.0 0.0 0.0 0.1 0.2 0.4 1.0 2.1 3.3 4.6 5.9 8.9 9.6 12.9 13.4 14.2 13.7 12.4 11.8 11.2 11.8 14.4 17.6 24.9 35.6 43.5 45.3 42.4 44.6 49.9 50.9 44.7 30.4 17.2 21.7 31.3 35.7 36.7 37.8 39.1 43.7 45.2 40.8 42.5 66.2
-9999.0 -9999.0 -9999.0 -9999.0 -9999.0 -9999.0 -9999.0 -9999.0 -9999.0 -9999.0 -9999.0 -9999.0 0.9 1.3 0.3 0.7 0.1 0.3 0.3 0.1 0.4 0.2 0.1 0.1 0.0 0.0 0.0 0.0 0.0 0.0 0.0 0.0 0.0 0.0 0.0 0.1 0.1 0.3 0.7 1.6 2.9 4.6 6.5 9.1 11.2 13.9 17.1 18.0 19.7 20.5 21.7 21.8 20.5 18.7 19.3 22.8 29.4 36.0 43.8 40.9 38.2 36.1 38.6 46.5 48.6 43.9 25.9 28.2 33.9 38.9 39.3 45.7 54.2 61.8 68.1 65.1 92.7 95.9
-9999.0 -9999.0 -9999.0 -9999.0 -9999.0 -9999.0 -9999.0 -9999.0 -9999.0 -9999.0 -9999.0 -9999.0 0.0 0.8 1.4 0.2 1.0 0.5 0.1 0.2 0.2 0.1 0.1 0.1 0.2 0.1 0.0 0.0 0.0 0.0 0.0 0.0 0.0 0.0 0.0 0.1 0.1 0.3 1.1 2.6 4.5 6.7 10.0 11.3 14.7 18.2 18.8 20.7 22.0 27.0 30.4 33.0 32.2 29.7 25.9 27.5 31.7 37.5 44.1 43.7 40.9 40.7 39.3 40.7 49.3 44.8 17.1 21.6 30.6 40.9 47.9 49.0 50.7 70.3 81.8 91.4 91.8 98.9
-9999.0 -9999.0 -9999.0 -9999.0 -9999.0 -9999.0 -9999.0 -9999.0 -9999.0 -9999.0 -9999.0 -9999.0 -9999.0 0.1 0.0 0.6 0.2 0.4 0.5 0.5 0.3 0.4 0.1 0.3 0.1 0.0 0.0 0.0 0.0 0.0 0.0 0.0 0.0 0.0 0.0 0.1 0.2 0.6 1.8 4.2 7.2 10.7 13.5 17.2 18.0 18.4 21.3 24.4 27.6 32.3 39.0 44.4 45.1 42.5 38.3 35.5 36.0 39.1 40.3 43.7 42.6 45.9 45.2 58.7 43.8 38.8 36.8 37.2 48.1 53.5 56.1 63.7 71.6 79.9 81.1 86.8 86.4 79.5
-9999.0 -9999.0 -9999.0 -9999.0 -9999.0 -9999.0 -9999.0 -9999.0 -9999.0 -9999.0 -9999.0 -9999.0 0.0 0.0 0.0 0.2 0.0 0.1 0.2 0.7 0.7 0.5 0.3 0.3 0.2 0.0 0.0 0.0 0.0 0.0 0.0 0.0 0.0 0.0 0.1 0.2 0.3 1.1 3.0 6.3 10.9 15.9 20.6 20.5 23.2 24.5 23.4 21.6 25.9 33.1 44.3 51.7 54.7 52.6 48.3 45.0 43.5 45.0 46.7 53.3 52.1 48.8 54.7 52.5 56.1 46.6 44.0 52.2 63.1 65.6 69.2 73.2 78.5 77.5 74.9 71.7 67.2 64.3
-9999.0 -9999.0 -9999.0 -9999.0 -9999.0 -9999.0 -9999.0 -9999.0 -9999.0 -9999.0 -9999.0 -9999.0 0.0 0.1 0.1 0.0 0.0 0.2 0.3 0.2 0.7 0.3 0.3 0.3 0.3 0.2 0.1 0.0 0.0 0.0 0.0 0.0 0.0 0.1 0.2 0.3 0.8 1.9 4.6 9.1 14.4 18.9 22.5 25.9 28.7 31.0 34.4 33.2 32.9 28.9 40.2 53.1 56.0 56.1 55.1 53.3 50.8 48.8 50.8 50.6 51.3 51.8 66.8 62.4 51.0 48.0 48.8 53.0 54.8 62.7 75.5 87.4 95.2 97.7 94.5 89.9 89.9 90.7
-9999.0 -9999.0 -9999.0 -9999.0 -9999.0 -9999.0 -9999.0 -9999.0 -9999.0 -9999.0 -9999.0 -9999.0 0.1 0.0 0.1 0.1 0.1 0.0 0.1 0.2 0.1 0.1 0.3 0.1 0.2 0.0 0.0 0.0 0.0 0.0 0.0 0.0 0.1 0.2 0.4 0.6 1.4 3.1 6.6 12.3 18.6 22.6 29.8 28.9 35.3 41.1 43.5 39.7 31.7 33.7 41.1 44.4 56.7 56.6 54.7 53.6 52.3 49.8 49.8 54.2 60.0 64.6 60.1 58.2 32.8 44.8 44.9 47.6 57.5 74.5 98.4 116.9 126.4 124.5 104.7 115.4 107.6 132.9
-9999.0 -9999.0 -9999.0 -9999.0 -9999.0 -9999.0 -9999.0 -9999.0 -9999.0 -9999.0 -9999.0 -9999.0 -9999.0 0.0 0.0 0.1 0.1 0.2 0.1 0.1 0.0 0.2 0.1 0.1 0.2 0.1 0.1 0.1 0.0 0.0 0.0 0.1 0.1 0.4 0.8 1.1 2.4 4.7 8.4 14.3 21.1 29.0 35.5 39.7 41.6 45.9 49.2 42.5 45.6 42.0 34.7 46.8 45.6 41.5 48.7 48.1 44.2 43.4 47.2 53.2 58.9 61.6 68.2 40.2 33.6 34.1 39.3 50.2 70.3 97.9 130.6 152.2 158.9 163.0 166.8 179.1 187.0 180.0
-9999.0 -9999.0 -9999.0 -9999.0 -9999.0 -9999.0 -9999.0 -9999.0 -9999.0 -9999.0 -9999.0 -9999.0 -9999.0 0.1 0.0 0.1 0.0 0.2 0.3 0.2 0.1 0.1 0.1 0.2 0.5 0.2 0.1 0.1 0.0 0.0 0.0 0.1 0.3 0.8 1.4 2.8 4.9 7.0 10.7 17.5 22.9 30.1 36.7 42.9 50.5 52.2 53.5 47.5 42.4 36.4 39.4 25.2 36.9 42.2 43.9 40.1 35.2 37.0 45.5 43.5 61.9 60.6 46.8 34.7 26.4 28.7 41.2 63.8 88.2 116.3 144.4 163.1 173.9 188.7 199.4 193.6 167.0 203.6
-9999.0 -9999.0 -9999.0 -9999.0 -9999.0 -9999.0 -9999.0 -9999.0 -9999.0 -9999.0 -9999.0 -9999.0 -9999.0 -9999.0 -9999.0 0.1 0.2 0.1 0.3 0.9 0.2 0.6 0.8 0.5 0.3 0.2 0.1 0.1 0.0 0.0 0.1 0.1 0.3 1.2 3.5 4.9 7.6 11.2 13.6 18.3 25.7 32.6 38.6 44.2 49.3 55.8 54.4 47.4 42.1 19.2 25.4 42.2 28.1 29.6 19.9 31.0 32.9 24.5 48.9 60.1 48.1 46.8 46.9 33.8 26.9 32.9 54.1 87.0 103.9 111.4 130.4 145.6 169.3 190.3 199.8 186.2 173.2 154.0
-9999.0 -9999.0 -9999.0 -9999.0 -9999.0 -9999.0 -9999.0 -9999.0 -9999.0 -9999.0 -9999.0 -9999.0 -9999.0 -9999.0 -9999.0 -9999.0 -9999.0 11.7 5.7 -9999.0 5.2 1.1 3.0 2.6 0.8 0.6 0.2 0.2 0.1 0.1 0.1 0.3 0.8 3.9 8.8 10.0 12.1 19.0 18.9 22.0 26.9 34.0 38.8 43.9 59.7 59.2 100.1 54.1 36.2 33.2 16.4 22.2 16.5 29.5 32.7 34.6 30.3 45.6 54.7 67.8 38.4 50.1 52.7 42.5 35.2 40.1 64.9 90.3 100.8 98.1 107.7 130.7 156.7 172.9 183.5 175.8 164.0 150.3
-9999.0 -9999.0 -9999.0 -9999.0 -9999.0 -9999.0 -9999.0 -9999.0 -9999.0 -9999.0 -9999.0 -9999.0 -9999.0 -9999.0 -9999.0 -9999.0 -9999.0 -9999.0 -9999.0 -9999.0 -9999.0 5.3 3.4 1.1 2.2 3.8 2.1 1.0 0.4 0.3 0.3 0.9 2.4 5.4 9.6 13.5 19.4 24.2 26.9 29.4 30.4 35.1 40.5 45.0 62.8 55.7 132.8 57.9 54.8 74.9 34.2 52.1 48.4 28.1 36.0 45.4 48.7 49.9 70.9 78.2 47.9 59.1 61.7 52.5 49.6 55.7 78.9 94.1 105.6 95.9 98.1 124.9 148.4 161.6 169.7 168.4 161.0 153.5
-9999.0 -9999.0 -9999.0 -9999.0 -9999.0 -9999.0 -9999.0 -9999.0 -9999.0 -9999.0 -9999.0 -9999.0 -9999.0 -9999.0 -9999.0 -9999.0 -9999.0 -9999.0 -9999.0 -9999.0 -9999.0 -9999.0 -9999.0 19.3 8.1 7.3 5.4 3.2 1.5 1.4 1.4 2.3 5.2 8.6 13.5 18.6 24.3 29.7 30.4 31.4 33.1 37.5 40.6 46.7 69.7 147.1 94.6 81.8 90.4 87.3 50.9 57.4 44.7 50.4 47.4 34.2 59.2 70.4 56.1 87.0 68.5 77.6 70.4 51.7 48.2 64.6 89.4 101.2 80.3 102.7 112.5 138.0 157.2 165.9 167.6 163.3 150.9 146.1
-9999.0 -9999.0 -9999.0 -9999.0 -9999.0 -9999.0 -9999.0 -9999.0 -9999.0 -9999.0 -9999.0 -9999.0 -9999.0 -9999.0 -9999.0 -9999.0 -9999.0 -9999.0 -9999.0 -9999.0 -9999.0 -9999.0 -9999.0 -9999.0 -9999.0 32.2 16.1 4.4 4.6 4.5 5.4 7.2 10.7 15.9 20.4 27.0 31.4 35.0 35.6 35.3 37.3 39.7 65.5 68.3 125.0 159.3 147.5 185.2 75.3 98.0 74.7 73.7 79.6 80.3 54.6 57.3 73.8 67.4 84.2 86.6 85.4 85.0 102.7 55.3 52.5 68.0 79.5 70.3 82.1 105.3 140.8 162.1 166.4 155.3 148.0 143.8 132.8 120.8
-9999.0 -9999.0 -9999.0 -9999.0 -9999.0 -9999.0 -9999.0 -9999.0 -9999.0 -9999.0 -9999.0 -9999.0 -9999.0 -9999.0 -9999.0 -9999.0 -9999.0 -9999.0 -9999.0 -9999.0 -9999.0 -9999.0 -9999.0 -9999.0 -9999.0 -9999.0 -9999.0 41.7 38.7 18.7 17.4 19.2 21.8 29.1 34.1 47.3 41.0 43.3 50.2 42.8 41.6 52.0 83.5 125.0 144.1 166.3 182.8 191.5 195.5 152.6 175.1 156.5 93.7 82.7 79.2 89.2 59.5 50.1 78.9 64.2 78.9 89.9 69.0 55.5 54.7 57.1 84.3 98.3 116.8 142.7 161.2 153.2 142.5 121.5 116.2 112.6 99.5 85.2
-9999.0 -9999.0 -9999.0 -9999.0 -9999.0 -9999.0 -9999.0 -9999.0 -9999.0 -9999.0 -9999.0 -9999.0 -9999.0 -9999.0 -9999.0 -9999.0 -9999.0 -9999.0 -9999.0 -9999.0 -9999.0 -9999.0 -9999.0 -9999.0 -9999.0 -9999.0 -9999.0 -9999.0 -9999.0 -9999.0 -9999.0 -9999.0 -9999.0 51.7 49.4 -9999.0 -9999.0 -9999.0 72.8 58.6 72.0 88.7 88.6 139.2 159.3 171.4 -9999.0 -9999.0 -9999.0 -9999.0 -9999.0 -9999.0 113.6 107.1 72.7 59.6 57.1 47.6 52.0 71.7 97.5 102.1 92.1 72.5 63.5 73.0 104.1 135.2 145.1 153.9 150.7 129.0 104.6 80.1 82.5 85.3 79.8 61.2
-9999.0 -9999.0 -9999.0 -9999.0 -9999.0 -9999.0 -9999.0 -9999.0 -9999.0 -9999.0 -9999.0 -9999.0 -9999.0 -9999.0 -9999.0 -9999.0 -9999.0 -9999.0 -9999.0 -9999.0 -9999.0 -9999.0 -9999.0 -9999.0 -9999.0 -9999.0 -9999.0 -9999.0 -9999.0 -9999.0 -9999.0 -9999.0 -9999.0 -9999.0 -9999.0 -9999.0 -9999.0 -9999.0 -9999.0 112.6 119.4 128.6 139.1 149.9 -9999.0 -9999.0 -9999.0 -9999.0 -9999.0 -9999.0 -9999.0 -9999.0 116.9 116.0 86.2 66.0 61.4 61.9 73.7 106.5 142.0 129.8 113.0 89.9 93.1 111.6 140.8 150.2 146.8 145.3 132.4 114.6 85.6 73.0 68.3 72.0 67.2 53.9
-9999.0 -9999.0 -9999.0 -9999.0 -9999.0 -9999.0 -9999.0 -9999.0 -9999.0 -9999.0 -9999.0 -9999.0 -9999.0 -9999.0 -9999.0 -9999.0 -9999.0 -9999.0 -9999.0 -9999.0 -9999.0 -9999.0 -9999.0 -9999.0 -9999.0 -9999.0 -9999.0 -9999.0 -9999.0 -9999.0 -9999.0 -9999.0 -9999.0 -9999.0 -9999.0 -9999.0 -9999.0 -9999.0 -9999.0 -9999.0 -9999.0 -9999.0 -9999.0 -9999.0 -9999.0 -9999.0 -9999.0 -9999.0 -9999.0 -9999.0 -9999.0 -9999.0 135.9 124.8 95.9 93.7 85.3 84.4 92.4 116.4 143.1 141.5 138.7 107.2 113.8 132.2 139.6 139.9 135.4 131.3 125.0 115.0 108.4 84.4 78.4 67.2 66.9 60.2
-9999.0 -9999.0 -9999.0 -9999.0 -9999.0 -9999.0 -9999.0 -9999.0 -9999.0 -9999.0 -9999.0 -9999.0 -9999.0 -9999.0 -9999.0 -9999.0 -9999.0 -9999.0 -9999.0 -9999.0 -9999.0 -9999.0 -9999.0 -9999.0 -9999.0 -9999.0 -9999.0 -9999.0 -9999.0 -9999.0 -9999.0 -9999.0 -9999.0 -9999.0 -9999.0 -9999.0 -9999.0 -9999.0 -9999.0 -9999.0 -9999.0 -9999.0 -9999.0 -9999.0 -9999.0 -9999.0 -9999.0 -9999.0 -9999.0 -9999.0 -9999.0 156.1 153.3 141.5 131.8 122.5 118.2 107.6 107.6 110.1 131.9 139.8 122.5 121.2 127.1 140.8 135.3 129.2 128.0 121.8 117.5 110.6 92.3 77.7 76.7 71.5 77.3 78.7
-9999.0 -9999.0 -9999.0 -9999.0 -9999.0 -9999.0 -9999.0 -9999.0 -9999.0 -9999.0 -9999.0 -9999.0 -9999.0 -9999.0 -9999.0 -9999.0 -9999.0 -9999.0 -9999.0 -9999.0 -9999.0 -9999.0 -9999.0 -9999.0 -9999.0 -9999.0 -9999.0 -9999.0 -9999.0 -9999.0 -9999.0 -9999.0 -9999.0 -9999.0 -9999.0 -9999.0 -9999.0 -9999.0 -9999.0 -9999.0 -9999.0 -9999.0 -9999.0 -9999.0 -9999.0 -9999.0 -9999.0 -9999.0 -9999.0 -9999.0 170.7 205.7 208.4 191.3 187.8 165.0 153.5 143.5 126.9 121.6 117.6 142.3 128.2 135.2 133.3 134.6 143.6 139.5 133.3 119.9 112.1 96.3 87.6 92.4 93.6 93.1 96.3 91.8
-9999.0 -9999.0 -9999.0 -9999.0 -9999.0 -9999.0 -9999.0 -9999.0 -9999.0 -9999.0 -9999.0 -9999.0 -9999.0 -9999.0 -9999.0 -9999.0 -9999.0 -9999.0 -9999.0 -9999.0 -9999.0 -9999.0 -9999.0 -9999.0 -9999.0 -9999.0 -9999.0 -9999.0 -9999.0 -9999.0 -9999.0 -9999.0 -9999.0 -9999.0 -9999.0 -9999.0 -9999.0 -9999.0 -9999.0 -9999.0 -9999.0 -9999.0 -9999.0 -9999.0 -9999.0 -9999.0 -9999.0 -9999.0 -9999.0 -9999.0 196.5 263.4 258.6 269.0 234.8 207.1 180.4 162.6 149.7 140.0 121.3 117.7 117.6 137.8 140.9 116.9 130.7 135.5 129.7 109.9 103.5 99.3 100.1 104.9 109.4 115.4 110.6 115.3
-9999.0 -9999.0 -9999.0 -9999.0 -9999.0 -9999.0 -9999.0 -9999.0 -9999.0 -9999.0 -9999.0 -9999.0 -9999.0 -9999.0 -9999.0 -9999.0 -9999.0 -9999.0 -9999.0 -9999.0 -9999.0 -9999.0 -9999.0 -9999.0 -9999.0 -9999.0 -9999.0 -9999.0 -9999.0 -9999.0 -9999.0 -9999.0 -9999.0 -9999.0 -9999.0 -9999.0 -9999.0 -9999.0 -9999.0 -9999.0 -9999.0 -9999.0 -9999.0 -9999.0 -9999.0 -9999.0 -9999.0 -9999.0 -9999.0 -9999.0 222.0 278.3 290.2 291.5 284.4 228.1 190.7 195.3 186.8 192.4 156.4 140.6 138.6 140.3 151.9 127.7 120.5 125.4 110.7 109.9 93.6 118.8 128.6 131.7 126.4 125.8 104.2 106.3
-9999.0 -9999.0 -9999.0 -9999.0 -9999.0 -9999.0 -9999.0 -9999.0 -9999.0 -9999.0 -9999.0 -9999.0 -9999.0 -9999.0 -9999.0 -9999.0 -9999.0 -9999.0 -9999.0 -9999.0 -9999.0 -9999.0 -9999.0 -9999.0 -9999.0 -9999.0 -9999.0 -9999.0 -9999.0 -9999.0 -9999.0 -9999.0 -9999.0 -9999.0 -9999.0 -9999.0 -9999.0 -9999.0 -9999.0 -9999.0 -9999.0 -9999.0 -9999.0 -9999.0 -9999.0 -9999.0 -9999.0 -9999.0 -9999.0 -9999.0 281.3 322.5 339.5 325.6 278.2 220.0 211.0 210.4 234.6 233.5 203.5 158.8 96.5 136.2 153.5 138.4 138.8 139.4 134.9 60.2 77.9 108.7 144.5 138.1 123.4 115.6 95.6 79.3
-9999.0 -9999.0 -9999.0 -9999.0 -9999.0 -9999.0 -9999.0 -9999.0 -9999.0 -9999.0 -9999.0 -9999.0 -9999.0 -9999.0 -9999.0 -9999.0 -9999.0 -9999.0 -9999.0 -9999.0 -9999.0 -9999.0 -9999.0 -9999.0 -9999.0 -9999.0 -9999.0 -9999.0 -9999.0 -9999.0 -9999.0 -9999.0 -9999.0 -9999.0 -9999.0 -9999.0 -9999.0 -9999.0 -9999.0 -9999.0 -9999.0 -9999.0 -9999.0 -9999.0 -9999.0 -9999.0 -9999.0 -9999.0 -9999.0 -9999.0 -9999.0 -9999.0 -9999.0 298.0 259.3 214.2 191.1 202.6 253.9 263.4 270.1 154.9 201.2 146.0 139.5 131.0 148.8 128.1 122.1 80.5 56.3 75.5 101.5 107.7 108.2 101.6 85.5 65.5
-9999.0 -9999.0 -9999.0 -9999.0 -9999.0 -9999.0 -9999.0 -9999.0 -9999.0 -9999.0 -9999.0 -9999.0 -9999.0 -9999.0 -9999.0 -9999.0 -9999.0 -9999.0 -9999.0 -9999.0 -9999.0 -9999.0 -9999.0 -9999.0 -9999.0 -9999.0 -9999.0 -9999.0 -9999.0 -9999.0 -9999.0 -9999.0 -9999.0 -9999.0 -9999.0 -9999.0 -9999.0 -9999.0 -9999.0 -9999.0 -9999.0 -9999.0 -9999.0 -9999.0 -9999.0 -9999.0 -9999.0 -9999.0 -9999.0 -9999.0 -9999.0 -9999.0 -9999.0 244.1 218.0 168.7 176.3 207.1 247.2 297.2 288.8 207.7 257.7 151.2 137.1 130.2 105.9 146.0 87.2 61.1 49.6 69.8 80.2 83.3 87.5 72.7 64.5 59.4
-9999.0 -9999.0 -9999.0 -9999.0 -9999.0 -9999.0 -9999.0 -9999.0 -9999.0 -9999.0 -9999.0 -9999.0 -9999.0 -9999.0 -9999.0 -9999.0 -9999.0 -9999.0 -9999.0 -9999.0 -9999.0 -9999.0 -9999.0 -9999.0 -9999.0 -9999.0 -9999.0 -9999.0 -9999.0 -9999.0 -9999.0 -9999.0 -9999.0 -9999.0 -9999.0 -9999.0 -9999.0 -9999.0 -9999.0 -9999.0 -9999.0 -9999.0 -9999.0 -9999.0 -9999.0 -9999.0 -9999.0 -9999.0 -9999.0 -9999.0 -9999.0 -9999.0 -9999.0 187.4 181.9 145.8 152.5 191.4 237.1 286.6 321.3 296.8 305.1 261.3 147.5 -9999.0 -9999.0 -9999.0 120.1 95.7 115.0 143.7 132.7 94.8 63.7 41.5 35.2 44.6
-9999.0 -9999.0 -9999.0 -9999.0 -9999.0 -9999.0 -9999.0 -9999.0 -9999.0 -9999.0 -9999.0 -9999.0 -9999.0 -9999.0 -9999.0 -9999.0 -9999.0 -9999.0 -9999.0 -9999.0 -9999.0 -9999.0 -9999.0 -9999.0 -9999.0 -9999.0 -9999.0 -9999.0 -9999.0 -9999.0 -9999.0 -9999.0 -9999.0 -9999.0 -9999.0 -9999.0 -9999.0 -9999.0 -9999.0 -9999.0 -9999.0 -9999.0 -9999.0 -9999.0 -9999.0 -9999.0 -9999.0 -9999.0 -9999.0 -9999.0 -9999.0 -9999.0 -9999.0 -9999.0 125.3 121.0 148.3 183.4 204.1 253.1 249.9 -9999.0 -9999.0 -9999.0 -9999.0 -9999.0 -9999.0 -9999.0 169.1 197.4 242.2 307.1 246.0 120.2 51.2 26.6 19.0 23.3
-9999.0 -9999.0 -9999.0 -9999.0 -9999.0 -9999.0 -9999.0 -9999.0 -9999.0 -9999.0 -9999.0 -9999.0 -9999.0 -9999.0 -9999.0 -9999.0 -9999.0 -9999.0 -9999.0 -9999.0 -9999.0 -9999.0 -9999.0 -9999.0 -9999.0 -9999.0 -9999.0 -9999.0 -9999.0 -9999.0 -9999.0 -9999.0 -9999.0 -9999.0 -9999.0 -9999.0 -9999.0 -9999.0 -9999.0 -9999.0 -9999.0 -9999.0 -9999.0 -9999.0 -9999.0 -9999.0 -9999.0 -9999.0 -9999.0 -9999.0 -9999.0 -9999.0 -9999.0 -9999.0 -9999.0 96.7 95.3 131.4 163.2 195.2 220.5 -9999.0 -9999.0 -9999.0 -9999.0 -9999.0 -9999.0 -9999.0 -9999.0 -9999.0 393.6 -9999.0 -9999.0 -9999.0 -9999.0 -9999.0 36.3 -9999.0
-9999.0 -9999.0 -9999.0 -9999.0 -9999.0 -9999.0 -9999.0 -9999.0 -9999.0 -9999.0 -9999.0 -9999.0 -9999.0 -9999.0 -9999.0 -9999.0 -9999.0 -9999.0 -9999.0 -9999.0 -9999.0 -9999.0 -9999.0 -9999.0 -9999.0 -9999.0 -9999.0 -9999.0 -9999.0 -9999.0 -9999.0 -9999.0 -9999.0 -9999.0 -9999.0 -9999.0 -9999.0 -9999.0 -9999.0 -9999.0 -9999.0 -9999.0 -9999.0 -9999.0 -9999.0 -9999.0 -9999.0 -9999.0 -9999.0 -9999.0 -9999.0 -9999.0 -9999.0 -9999.0 -9999.0 -9999.0 -9999.0 -9999.0 118.9 144.6 -9999.0 -9999.0 -9999.0 -9999.0 -9999.0 -9999.0 -9999.0 -9999.0 -9999.0 -9999.0 -9999.0 -9999.0 -9999.0 -9999.0 -9999.0 66.8 70.0 -9999.0
-9999.0 -9999.0 -9999.0 -9999.0 -9999.0 -9999.0 -9999.0 -9999.0 -9999.0 -9999.0 -9999.0 -9999.0 -9999.0 -9999.0 -9999.0 -9999.0 -9999.0 -9999.0 -9999.0 -9999.0 -9999.0 -9999.0 -9999.0 -9999.0 -9999.0 -9999.0 -9999.0 -9999.0 -9999.0 -9999.0 -9999.0 -9999.0 -9999.0 -9999.0 -9999.0 -9999.0 -9999.0 -9999.0 -9999.0 -9999.0 -9999.0 -9999.0 -9999.0 -9999.0 -9999.0 -9999.0 -9999.0 -9999.0 -9999.0 -9999.0 -9999.0 -9999.0 -9999.0 -9999.0 -9999.0 -9999.0 -9999.0 -9999.0 -9999.0 -9999.0 -9999.0 -9999.0 -9999.0 -9999.0 -9999.0 -9999.0 -9999.0 -9999.0 -9999.0 -9999.0 -9999.0 -9999.0 -9999.0 -9999.0 -9999.0 -9999.0 -9999.0 -9999.0
