program/excelProcessViaJava/data/SURF_CLI_CHN_PRE_MON_GRID_0.5-199307.txt
NCOLS      128
NROWS       72
XLLCORNER    72.000000000000    
YLLCORNER    18.000000000000    
CELLSIZE    0.50000000000000    
NODATA_VALUE   -9999.000    
[rows 33 to 65 of 72, columns 0 to 74 of 128]
-9999.0 -9999.0 -9999.0 -9999.0 41.4 54.1 62.7 58.8 56.7 19.0 26.2 18.0 12.0 6.5 7.0 8.7 8.9 9.7 12.6 15.9 15.6 13.0 10.3 9.5 10.2 12.7 15.7 25.4 24.7 29.3 34.4 38.9 43.3 47.9 48.3 48.2 44.9 47.6 39.1 25.9 15.7 10.9 8.7 7.7 7.2 7.1 7.7 10.7 14.6 12.1 15.3 35.2 58.4 85.0 61.2 74.0 89.0 118.9 135.1 158.7 169.6 177.7 184.2 119.5 62.9 68.6 62.6 38.1 56.1 55.9 60.2 70.0 74.1 78.3 91.4
-9999.0 -9999.0 -9999.0 -9999.0 47.1 49.4 61.3 52.3 68.2 66.8 36.3 58.8 46.4 44.7 17.6 18.6 20.0 14.2 14.6 18.6 22.0 20.8 19.1 20.1 21.3 22.9 22.9 25.3 28.5 32.7 37.4 42.5 47.2 51.0 53.3 53.1 52.1 50.3 39.5 28.7 26.2 15.0 11.4 8.7 6.7 5.4 4.6 4.4 4.7 6.5 9.2 15.1 51.6 45.4 52.7 71.0 89.3 109.8 124.6 109.8 144.6 147.4 152.7 136.2 85.0 59.3 76.3 61.2 68.0 98.0 95.4 109.4 115.3 123.5 133.4
-9999.0 -9999.0 -9999.0 -9999.0 -9999.0 -9999.0 -9999.0 51.7 57.9 49.9 60.7 57.4 43.7 44.3 41.6 16.7 28.8 22.3 23.3 28.0 28.2 26.2 24.5 23.5 23.3 24.0 25.6 28.2 31.7 35.8 40.7 45.9 51.1 55.0 57.7 58.5 58.2 53.9 52.5 48.0 29.9 41.3 34.1 21.5 12.7 6.8 8.3 7.0 10.8 7.5 9.1 15.5 33.3 102.1 94.6 80.7 95.0 102.7 114.4 101.8 118.1 127.8 118.5 104.1 102.9 74.1 86.2 101.3 105.9 129.6 135.4 145.8 163.4 170.0 172.9
-9999.0 -9999.0 -9999.0 -9999.0 -9999.0 -9999.0 -9999.0 59.7 40.3 50.5 51.0 42.7 42.8 44.3 36.9 39.7 32.0 30.1 30.1 27.7 26.6 25.3 24.8 24.5 25.2 26.4 28.7 30.9 35.7 40.8 44.5 49.8 55.1 58.4 62.9 64.2 63.6 61.4 57.0 50.2 44.7 39.0 37.6 53.1 29.4 18.1 23.9 27.9 56.6 47.0 97.2 89.2 54.6 78.0 111.7 99.8 114.2 115.5 103.6 93.5 83.7 101.9 110.6 100.3 83.4 83.8 97.4 118.9 164.2 147.2 162.9 173.7 179.1 175.9 153.9
-9999.0 -9999.0 -9999.0 -9999.0 -9999.0 -9999.0 -9999.0 -9999.0 -9999.0 42.2 38.3 33.3 37.7 34.1 29.4 26.5 27.4 29.3 25.7 25.4 24.3 24.4 24.8 25.5 26.9 29.3 31.5 35.0 40.6 42.7 52.1 56.0 61.0 64.0 70.4 72.1 72.0 69.4 65.3 60.6 53.1 49.2 44.2 40.9 48.8 52.4 58.4 62.7 71.7 77.7 96.7 89.5 84.6 86.5 116.0 109.2 122.2 117.9 98.8 80.4 73.4 84.8 98.5 84.2 90.3 95.9 113.0 146.4 206.5 181.2 183.3 153.8 143.5 141.5 144.5
-9999.0 -9999.0 -9999.0 -9999.0 -9999.0 -9999.0 -9999.0 -9999.0 -9999.0 -9999.0 -9999.0 34.2 21.1 29.1 24.1 23.7 22.0 21.2 21.1 21.5 21.8 22.8 23.7 26.0 26.3 30.1 32.7 36.8 42.3 49.0 54.8 56.6 66.1 70.5 76.4 74.5 79.9 79.3 78.1 73.1 70.3 62.9 57.2 55.3 74.5 67.6 100.1 92.7 107.2 105.6 90.9 95.3 99.3 110.7 126.3 116.7 118.7 117.4 102.3 86.1 85.7 79.4 81.7 90.5 113.0 113.4 135.7 177.3 219.6 222.4 183.4 148.1 104.1 85.9 80.7
-9999.0 -9999.0 -9999.0 -9999.0 -9999.0 -9999.0 -9999.0 -9999.0 -9999.0 -9999.0 -9999.0 -9999.0 17.1 15.7 19.9 16.7 19.9 17.4 17.7 18.9 19.8 21.1 23.0 26.2 24.8 32.0 38.0 39.4 45.7 46.8 56.9 63.8 69.2 69.9 74.8 81.7 80.3 87.5 88.9 86.5 82.1 77.7 75.0 80.3 85.2 98.3 118.3 108.1 117.7 120.4 141.3 134.1 116.4 107.8 116.0 124.8 129.6 137.0 116.9 116.6 103.6 111.5 117.2 115.3 122.9 167.9 176.6 213.4 237.9 240.0 154.6 92.1 69.7 67.7 83.0
-9999.0 -9999.0 -9999.0 -9999.0 -9999.0 -9999.0 -9999.0 -9999.0 -9999.0 -9999.0 -9999.0 -9999.0 20.5 10.1 8.9 13.1 10.9 12.6 14.6 15.4 17.0 18.7 21.3 25.7 31.9 34.8 39.9 49.0 51.4 60.5 60.5 59.9 68.7 74.6 77.1 85.6 84.3 89.9 95.8 97.5 96.4 93.8 98.8 95.7 110.7 131.7 127.8 129.5 113.8 135.5 131.9 140.1 122.4 130.1 119.0 135.2 139.6 149.2 140.9 128.2 117.4 117.0 136.1 163.8 140.9 172.9 179.9 184.1 180.4 192.2 226.9 275.9 266.7 160.1 145.2
-9999.0 -9999.0 -9999.0 -9999.0 -9999.0 -9999.0 -9999.0 -9999.0 -9999.0 -9999.0 -9999.0 -9999.0 -9999.0 9.3 11.8 6.6 9.1 9.2 10.7 12.8 14.9 18.4 20.1 26.8 31.1 31.4 36.7 39.2 48.7 56.1 66.7 72.4 65.4 68.4 83.4 86.7 91.3 94.1 91.4 101.0 104.9 108.8 113.1 127.3 129.9 134.3 155.0 173.4 179.9 172.7 166.2 145.8 140.3 188.6 167.0 160.6 161.5 171.4 182.2 154.0 137.6 129.2 150.4 139.6 151.0 163.3 190.5 185.2 176.6 155.7 117.0 132.7 172.7 172.5 195.7
-9999.0 -9999.0 -9999.0 -9999.0 -9999.0 -9999.0 -9999.0 -9999.0 -9999.0 -9999.0 -9999.0 -9999.0 7.3 10.0 7.9 5.3 8.2 7.6 8.7 10.5 13.4 16.7 20.0 25.4 32.2 32.3 40.4 50.2 57.0 60.3 67.3 78.6 63.1 73.4 72.8 82.8 78.9 98.2 103.2 104.1 106.2 119.3 136.7 134.2 150.8 165.8 171.0 169.4 185.9 192.7 215.2 229.1 184.6 195.3 177.2 178.4 195.2 175.2 176.8 149.1 140.7 158.7 163.4 206.1 169.2 157.5 188.4 155.5 166.2 210.4 209.9 179.5 143.9 90.8 78.5
-9999.0 -9999.0 -9999.0 -9999.0 -9999.0 -9999.0 -9999.0 -9999.0 -9999.0 -9999.0 -9999.0 -9999.0 7.1 2.5 3.3 7.7 6.5 5.0 6.4 8.4 11.4 13.8 17.9 23.1 31.5 40.8 48.5 57.2 64.2 75.0 81.1 79.0 64.8 81.1 80.6 76.5 89.0 90.6 97.2 107.0 108.7 119.4 130.4 143.8 159.8 179.7 211.3 222.2 229.5 198.1 207.8 240.4 207.6 193.1 191.1 184.6 197.5 203.2 182.5 195.7 206.0 233.7 170.9 149.3 141.6 204.9 152.0 161.8 155.4 153.4 157.3 155.8 141.5 166.8 214.6
-9999.0 -9999.0 -9999.0 -9999.0 -9999.0 -9999.0 -9999.0 -9999.0 -9999.0 -9999.0 -9999.0 -9999.0 1.2 3.5 1.6 2.3 2.7 5.1 5.2 6.8 8.8 10.9 15.5 19.1 26.8 30.0 40.9 42.5 67.2 76.0 82.7 64.9 82.6 87.8 81.4 72.3 76.2 81.1 93.5 90.6 106.9 132.3 135.4 150.1 161.6 191.6 217.4 216.7 205.0 221.2 238.4 222.8 303.9 301.2 244.7 194.6 206.2 216.3 221.7 193.4 200.3 218.0 342.1 157.0 121.8 285.2 213.4 170.5 162.7 175.7 171.7 174.5 177.6 219.6 379.4
-9999.0 -9999.0 -9999.0 -9999.0 -9999.0 -9999.0 -9999.0 -9999.0 -9999.0 -9999.0 -9999.0 -9999.0 -9999.0 5.3 3.6 1.6 2.2 2.7 4.2 5.6 7.8 9.5 12.1 15.5 24.5 31.1 41.9 55.9 59.6 84.8 69.6 75.7 67.9 77.4 64.8 42.5 47.1 72.2 78.5 96.9 112.0 111.2 132.8 150.6 152.2 157.7 183.5 156.4 216.1 227.5 208.3 271.6 256.1 216.0 261.0 252.3 206.7 208.6 233.8 306.7 298.0 485.6 354.0 107.3 217.7 205.0 187.1 168.1 185.2 177.2 185.9 205.4 214.0 233.2 232.0
-9999.0 -9999.0 -9999.0 -9999.0 -9999.0 -9999.0 -9999.0 -9999.0 -9999.0 -9999.0 -9999.0 -9999.0 -9999.0 0.4 2.3 1.2 2.7 1.9 2.9 4.2 6.3 7.7 9.9 13.4 22.9 28.5 37.0 55.3 65.0 46.0 56.7 60.7 71.8 61.6 40.9 36.7 50.8 61.3 60.9 57.2 96.5 112.8 128.5 137.0 155.0 139.5 142.2 113.7 139.2 160.6 214.4 170.3 238.2 269.4 281.0 247.1 215.0 222.1 264.5 215.8 347.3 235.9 169.2 228.2 169.6 136.5 132.0 147.8 162.5 185.2 200.1 231.4 272.3 266.3 255.6
-9999.0 -9999.0 -9999.0 -9999.0 -9999.0 -9999.0 -9999.0 -9999.0 -9999.0 -9999.0 -9999.0 -9999.0 -9999.0 -9999.0 -9999.0 1.0 1.1 1.7 2.1 2.9 4.6 6.1 8.6 11.9 16.0 22.8 24.2 38.2 37.3 65.9 61.7 66.8 41.9 38.1 40.4 22.5 20.9 70.4 63.9 70.5 69.5 86.0 103.9 111.7 106.3 93.2 96.1 63.2 99.9 58.0 122.3 232.8 190.4 206.0 162.3 207.3 216.0 203.5 295.1 369.9 216.4 212.5 322.1 231.7 156.6 118.1 117.7 143.9 154.5 143.3 174.3 232.4 219.9 232.3 256.0
-9999.0 -9999.0 -9999.0 -9999.0 -9999.0 -9999.0 -9999.0 -9999.0 -9999.0 -9999.0 -9999.0 -9999.0 -9999.0 -9999.0 -9999.0 -9999.0 -9999.0 0.4 1.1 -9999.0 3.1 4.6 7.0 10.4 13.1 19.3 21.2 32.4 52.9 48.6 65.7 84.8 35.9 68.6 83.8 37.6 16.6 103.3 53.3 57.5 60.6 65.1 77.3 81.0 129.5 75.4 184.3 91.9 43.6 74.9 43.5 99.9 84.1 165.9 180.3 188.7 169.3 246.0 284.8 362.4 163.9 236.3 306.4 248.8 158.3 112.2 119.2 132.4 138.3 126.7 181.8 168.8 193.2 210.1 220.7
-9999.0 -9999.0 -9999.0 -9999.0 -9999.0 -9999.0 -9999.0 -9999.0 -9999.0 -9999.0 -9999.0 -9999.0 -9999.0 -9999.0 -9999.0 -9999.0 -9999.0 -9999.0 -9999.0 -9999.0 -9999.0 3.1 4.8 7.3 10.5 19.2 27.6 38.3 48.4 74.4 76.4 116.7 95.8 72.7 81.8 38.0 40.8 52.0 79.1 118.5 99.3 46.9 53.8 55.5 111.2 50.0 287.0 42.0 89.5 302.5 63.2 165.5 164.0 84.6 113.0 161.1 184.7 182.3 350.0 323.2 167.9 197.3 264.4 227.3 176.9 145.1 160.4 167.1 175.9 142.7 139.3 159.4 185.0 231.0 281.2
-9999.0 -9999.0 -9999.0 -9999.0 -9999.0 -9999.0 -9999.0 -9999.0 -9999.0 -9999.0 -9999.0 -9999.0 -9999.0 -9999.0 -9999.0 -9999.0 -9999.0 -9999.0 -9999.0 -9999.0 -9999.0 -9999.0 -9999.0 8.4 8.8 14.4 22.1 30.9 34.1 60.2 65.1 61.6 33.2 40.8 26.0 23.8 17.3 35.5 25.2 27.1 31.1 34.5 34.7 42.0 102.4 413.6 98.3 60.6 76.0 76.9 39.2 97.0 51.8 67.9 62.7 69.2 126.5 215.3 177.4 305.1 216.2 221.4 204.5 181.4 158.5 169.5 211.3 227.2 177.9 170.0 153.6 173.7 211.9 249.8 367.5
-9999.0 -9999.0 -9999.0 -9999.0 -9999.0 -9999.0 -9999.0 -9999.0 -9999.0 -9999.0 -9999.0 -9999.0 -9999.0 -9999.0 -9999.0 -9999.0 -9999.0 -9999.0 -9999.0 -9999.0 -9999.0 -9999.0 -9999.0 -9999.0 -9999.0 29.6 22.4 18.5 25.2 26.6 42.1 69.3 71.5 46.4 53.4 22.7 15.6 30.4 23.0 32.1 27.7 26.7 137.1 103.3 324.6 453.7 261.0 449.9 45.8 67.0 80.4 60.4 86.8 74.9 47.2 56.7 99.6 132.4 233.8 277.9 287.7 248.7 430.8 181.9 161.8 176.2 204.8 189.7 192.3 185.1 182.7 201.9 263.3 294.3 361.3
-9999.0 -9999.0 -9999.0 -9999.0 -9999.0 -9999.0 -9999.0 -9999.0 -9999.0 -9999.0 -9999.0 -9999.0 -9999.0 -9999.0 -9999.0 -9999.0 -9999.0 -9999.0 -9999.0 -9999.0 -9999.0 -9999.0 -9999.0 -9999.0 -9999.0 -9999.0 -9999.0 68.8 94.8 63.9 77.7 89.9 36.9 114.1 47.3 219.4 57.7 59.2 110.6 48.1 32.9 49.7 184.8 378.5 413.6 481.2 531.5 511.1 457.9 161.1 227.5 174.0 58.1 55.0 52.7 69.5 97.8 146.6 208.6 244.9 276.2 254.3 176.0 162.8 176.8 168.4 190.7 239.8 242.2 217.3 199.8 201.9 254.7 311.5 386.6
-9999.0 -9999.0 -9999.0 -9999.0 -9999.0 -9999.0 -9999.0 -9999.0 -9999.0 -9999.0 -9999.0 -9999.0 -9999.0 -9999.0 -9999.0 -9999.0 -9999.0 -9999.0 -9999.0 -9999.0 -9999.0 -9999.0 -9999.0 -9999.0 -9999.0 -9999.0 -9999.0 -9999.0 -9999.0 -9999.0 -9999.0 -9999.0 -9999.0 183.7 77.2 -9999.0 -9999.0 -9999.0 218.6 90.1 145.3 212.9 164.3 440.3 525.6 531.3 -9999.0 -9999.0 -9999.0 -9999.0 -9999.0 -9999.0 98.7 80.3 86.0 108.3 134.0 181.7 216.3 268.4 270.3 237.7 182.3 166.0 168.7 178.5 182.3 192.7 229.5 237.1 212.8 205.7 248.6 296.1 329.1
-9999.0 -9999.0 -9999.0 -9999.0 -9999.0 -9999.0 -9999.0 -9999.0 -9999.0 -9999.0 -9999.0 -9999.0 -9999.0 -9999.0 -9999.0 -9999.0 -9999.0 -9999.0 -9999.0 -9999.0 -9999.0 -9999.0 -9999.0 -9999.0 -9999.0 -9999.0 -9999.0 -9999.0 -9999.0 -9999.0 -9999.0 -9999.0 -9999.0 -9999.0 -9999.0 -9999.0 -9999.0 -9999.0 -9999.0 422.4 431.0 452.8 477.1 496.7 -9999.0 -9999.0 -9999.0 -9999.0 -9999.0 -9999.0 -9999.0 -9999.0 121.4 123.0 110.6 134.4 162.4 178.4 208.6 252.8 266.0 218.0 172.3 150.6 152.4 162.6 174.8 223.4 255.5 251.5 254.3 275.2 289.4 315.5 332.8
-9999.0 -9999.0 -9999.0 -9999.0 -9999.0 -9999.0 -9999.0 -9999.0 -9999.0 -9999.0 -9999.0 -9999.0 -9999.0 -9999.0 -9999.0 -9999.0 -9999.0 -9999.0 -9999.0 -9999.0 -9999.0 -9999.0 -9999.0 -9999.0 -9999.0 -9999.0 -9999.0 -9999.0 -9999.0 -9999.0 -9999.0 -9999.0 -9999.0 -9999.0 -9999.0 -9999.0 -9999.0 -9999.0 -9999.0 -9999.0 -9999.0 -9999.0 -9999.0 -9999.0 -9999.0 -9999.0 -9999.0 -9999.0 -9999.0 -9999.0 -9999.0 -9999.0 206.8 175.9 141.8 159.2 144.6 137.7 154.0 204.0 234.3 202.6 222.6 132.7 151.3 205.9 271.6 290.0 292.8 309.1 346.0 390.4 417.2 382.5 343.4
-9999.0 -9999.0 -9999.0 -9999.0 -9999.0 -9999.0 -9999.0 -9999.0 -9999.0 -9999.0 -9999.0 -9999.0 -9999.0 -9999.0 -9999.0 -9999.0 -9999.0 -9999.0 -9999.0 -9999.0 -9999.0 -9999.0 -9999.0 -9999.0 -9999.0 -9999.0 -9999.0 -9999.0 -9999.0 -9999.0 -9999.0 -9999.0 -9999.0 -9999.0 -9999.0 -9999.0 -9999.0 -9999.0 -9999.0 -9999.0 -9999.0 -9999.0 -9999.0 -9999.0 -9999.0 -9999.0 -9999.0 -9999.0 -9999.0 -9999.0 -9999.0 347.9 217.5 212.9 108.1 125.3 107.0 111.4 103.3 125.8 204.9 189.9 138.2 124.3 169.2 259.6 329.9 318.2 353.7 379.1 420.0 451.8 461.5 527.2 510.9
-9999.0 -9999.0 -9999.0 -9999.0 -9999.0 -9999.0 -9999.0 -9999.0 -9999.0 -9999.0 -9999.0 -9999.0 -9999.0 -9999.0 -9999.0 -9999.0 -9999.0 -9999.0 -9999.0 -9999.0 -9999.0 -9999.0 -9999.0 -9999.0 -9999.0 -9999.0 -9999.0 -9999.0 -9999.0 -9999.0 -9999.0 -9999.0 -9999.0 -9999.0 -9999.0 -9999.0 -9999.0 -9999.0 -9999.0 -9999.0 -9999.0 -9999.0 -9999.0 -9999.0 -9999.0 -9999.0 -9999.0 -9999.0 -9999.0 -9999.0 468.4 399.3 300.4 243.7 136.8 123.1 80.1 72.1 73.7 124.6 178.3 184.1 140.2 129.2 190.3 277.3 321.2 341.9 416.6 420.1 470.5 431.1 499.1 570.4 516.2
-9999.0 -9999.0 -9999.0 -9999.0 -9999.0 -9999.0 -9999.0 -9999.0 -9999.0 -9999.0 -9999.0 -9999.0 -9999.0 -9999.0 -9999.0 -9999.0 -9999.0 -9999.0 -9999.0 -9999.0 -9999.0 -9999.0 -9999.0 -9999.0 -9999.0 -9999.0 -9999.0 -9999.0 -9999.0 -9999.0 -9999.0 -9999.0 -9999.0 -9999.0 -9999.0 -9999.0 -9999.0 -9999.0 -9999.0 -9999.0 -9999.0 -9999.0 -9999.0 -9999.0 -9999.0 -9999.0 -9999.0 -9999.0 -9999.0 -9999.0 447.0 490.1 371.5 284.6 211.7 128.2 108.9 91.0 85.7 98.2 136.0 162.5 145.1 149.8 194.4 216.6 270.3 286.8 406.2 444.1 521.2 536.4 546.5 545.6 477.5
-9999.0 -9999.0 -9999.0 -9999.0 -9999.0 -9999.0 -9999.0 -9999.0 -9999.0 -9999.0 -9999.0 -9999.0 -9999.0 -9999.0 -9999.0 -9999.0 -9999.0 -9999.0 -9999.0 -9999.0 -9999.0 -9999.0 -9999.0 -9999.0 -9999.0 -9999.0 -9999.0 -9999.0 -9999.0 -9999.0 -9999.0 -9999.0 -9999.0 -9999.0 -9999.0 -9999.0 -9999.0 -9999.0 -9999.0 -9999.0 -9999.0 -9999.0 -9999.0 -9999.0 -9999.0 -9999.0 -9999.0 -9999.0 -9999.0 -9999.0 371.4 414.6 327.9 431.5 209.1 147.7 186.0 128.1 120.7 115.5 125.1 146.9 138.2 139.7 180.5 204.1 215.6 259.6 342.7 563.0 568.2 660.0 512.3 430.1 303.2
-9999.0 -9999.0 -9999.0 -9999.0 -9999.0 -9999.0 -9999.0 -9999.0 -9999.0 -9999.0 -9999.0 -9999.0 -9999.0 -9999.0 -9999.0 -9999.0 -9999.0 -9999.0 -9999.0 -9999.0 -9999.0 -9999.0 -9999.0 -9999.0 -9999.0 -9999.0 -9999.0 -9999.0 -9999.0 -9999.0 -9999.0 -9999.0 -9999.0 -9999.0 -9999.0 -9999.0 -9999.0 -9999.0 -9999.0 -9999.0 -9999.0 -9999.0 -9999.0 -9999.0 -9999.0 -9999.0 -9999.0 -9999.0 -9999.0 -9999.0 434.9 530.2 398.7 389.6 304.4 304.9 163.8 185.3 176.1 151.1 147.2 128.1 92.2 120.0 164.6 200.8 271.5 328.7 483.8 292.1 485.3 479.6 404.7 276.3 170.0
-9999.0 -9999.0 -9999.0 -9999.0 -9999.0 -9999.0 -9999.0 -9999.0 -9999.0 -9999.0 -9999.0 -9999.0 -9999.0 -9999.0 -9999.0 -9999.0 -9999.0 -9999.0 -9999.0 -9999.0 -9999.0 -9999.0 -9999.0 -9999.0 -9999.0 -9999.0 -9999.0 -9999.0 -9999.0 -9999.0 -9999.0 -9999.0 -9999.0 -9999.0 -9999.0 -9999.0 -9999.0 -9999.0 -9999.0 -9999.0 -9999.0 -9999.0 -9999.0 -9999.0 -9999.0 -9999.0 -9999.0 -9999.0 -9999.0 -9999.0 -9999.0 -9999.0 -9999.0 325.1 270.5 254.1 254.1 261.4 215.2 211.9 305.8 139.3 171.4 136.9 151.9 178.3 283.9 254.4 394.4 395.7 319.3 252.1 181.5 123.8 111.1
-9999.0 -9999.0 -9999.0 -9999.0 -9999.0 -9999.0 -9999.0 -9999.0 -9999.0 -9999.0 -9999.0 -9999.0 -9999.0 -9999.0 -9999.0 -9999.0 -9999.0 -9999.0 -9999.0 -9999.0 -9999.0 -9999.0 -9999.0 -9999.0 -9999.0 -9999.0 -9999.0 -9999.0 -9999.0 -9999.0 -9999.0 -9999.0 -9999.0 -9999.0 -9999.0 -9999.0 -9999.0 -9999.0 -9999.0 -9999.0 -9999.0 -9999.0 -9999.0 -9999.0 -9999.0 -9999.0 -9999.0 -9999.0 -9999.0 -9999.0 -9999.0 -9999.0 -9999.0 405.4 323.4 604.2 302.7 253.1 294.8 411.6 312.0 219.8 291.3 165.1 150.2 153.5 96.6 306.6 194.2 198.2 147.0 118.4 90.3 76.8 98.0
-9999.0 -9999.0 -9999.0 -9999.0 -9999.0 -9999.0 -9999.0 -9999.0 -9999.0 -9999.0 -9999.0 -9999.0 -9999.0 -9999.0 -9999.0 -9999.0 -9999.0 -9999.0 -9999.0 -9999.0 -9999.0 -9999.0 -9999.0 -9999.0 -9999.0 -9999.0 -9999.0 -9999.0 -9999.0 -9999.0 -9999.0 -9999.0 -9999.0 -9999.0 -9999.0 -9999.0 -9999.0 -9999.0 -9999.0 -9999.0 -9999.0 -9999.0 -9999.0 -9999.0 -9999.0 -9999.0 -9999.0 -9999.0 -9999.0 -9999.0 -9999.0 -9999.0 -9999.0 529.4 335.9 509.0 389.1 308.7 352.6 379.6 462.5 398.4 438.1 372.2 122.6 -9999.0 -9999.0 -9999.0 186.0 112.1 120.4 136.0 118.5 105.5 126.8
-9999.0 -9999.0 -9999.0 -9999.0 -9999.0 -9999.0 -9999.0 -9999.0 -9999.0 -9999.0 -9999.0 -9999.0 -9999.0 -9999.0 -9999.0 -9999.0 -9999.0 -9999.0 -9999.0 -9999.0 -9999.0 -9999.0 -9999.0 -9999.0 -9999.0 -9999.0 -9999.0 -9999.0 -9999.0 -9999.0 -9999.0 -9999.0 -9999.0 -9999.0 -9999.0 -9999.0 -9999.0 -9999.0 -9999.0 -9999.0 -9999.0 -9999.0 -9999.0 -9999.0 -9999.0 -9999.0 -9999.0 -9999.0 -9999.0 -9999.0 -9999.0 -9999.0 -9999.0 -9999.0 594.5 517.1 328.3 288.1 414.1 540.7 341.8 -9999.0 -9999.0 -9999.0 -9999.0 -9999.0 -9999.0 -9999.0 89.6 132.1 216.2 181.5 172.1 156.6 148.3
-9999.0 -9999.0 -9999.0 -9999.0 -9999.0 -9999.0 -9999.0 -9999.0 -9999.0 -9999.0 -9999.0 -9999.0 -9999.0 -9999.0 -9999.0 -9999.0 -9999.0 -9999.0 -9999.0 -9999.0 -9999.0 -9999.0 -9999.0 -9999.0 -9999.0 -9999.0 -9999.0 -9999.0 -9999.0 -9999.0 -9999.0 -9999.0 -9999.0 -9999.0 -9999.0 -9999.0 -9999.0 -9999.0 -9999.0 -9999.0 -9999.0 -9999.0 -9999.0 -9999.0 -9999.0 -9999.0 -9999.0 -9999.0 -9999.0 -9999.0 -9999.0 -9999.0 -9999.0 -9999.0 -9999.0 511.3 684.0 413.0 358.5 454.3 411.4 -9999.0 -9999.0 -9999.0 -9999.0 -9999.0 -9999.0 -9999.0 -9999.0 -9999.0 157.7 -9999.0 -9999.0 -9999.0 -9999.0
