program/excelProcessViaJava/data/SURF_CLI_CHN_PRE_MON_GRID_0.5-198206.txt
NCOLS      128
NROWS       72
XLLCORNER    72.000000000000    
YLLCORNER    18.000000000000    
CELLSIZE    0.50000000000000    
NODATA_VALUE   -9999.000    
[rows 33 to 65 of 72, columns 0 to 75 of 128]
-9999.0 -9999.0 -9999.0 -9999.0 20.0 12.1 7.5 15.0 16.2 31.8 25.6 24.4 21.2 18.5 18.0 17.0 14.1 11.6 11.3 12.6 14.0 15.5 17.3 20.8 25.6 32.5 39.3 47.1 56.5 63.0 68.9 71.2 71.3 72.8 61.1 54.0 43.0 49.9 36.0 18.3 7.6 4.9 5.2 7.0 11.1 16.6 22.0 27.2 32.0 33.6 37.1 45.4 52.4 59.5 48.7 50.1 51.7 63.7 66.1 70.8 66.7 57.1 47.7 28.9 18.0 19.2 18.1 11.5 16.7 15.3 14.3 13.6 13.0 16.0 23.1 28.5
-9999.0 -9999.0 -9999.0 -9999.0 10.8 13.6 5.8 13.7 3.0 3.5 16.4 5.2 9.0 8.5 16.2 15.3 14.2 13.4 13.4 15.3 18.1 20.9 24.3 28.6 29.0 31.6 42.7 50.0 57.7 64.4 69.8 74.7 74.5 72.7 69.5 59.2 56.2 51.7 31.8 16.6 18.5 6.3 5.8 6.9 10.8 15.8 20.4 24.0 27.8 33.9 40.9 44.7 52.5 50.0 47.8 50.1 50.8 57.5 65.2 44.1 66.8 41.5 34.6 32.2 23.6 17.6 20.8 17.7 18.1 25.2 18.7 17.3 19.3 29.2 41.9 41.0
-9999.0 -9999.0 -9999.0 -9999.0 -9999.0 -9999.0 -9999.0 7.9 3.9 6.4 1.2 1.3 4.8 3.6 3.8 13.8 9.6 13.2 14.8 15.3 13.5 13.1 16.2 21.8 28.3 35.3 41.6 49.2 57.2 64.3 71.4 76.3 78.4 78.7 77.4 67.5 65.3 52.3 50.5 43.2 18.5 35.1 28.8 19.4 16.3 18.5 24.0 27.6 33.8 41.0 52.5 59.4 57.1 61.3 65.2 55.9 47.2 42.4 66.2 51.3 68.4 35.2 27.4 27.8 26.5 20.4 21.2 24.8 24.2 25.2 19.6 19.0 26.3 40.8 58.0 53.1
-9999.0 -9999.0 -9999.0 -9999.0 -9999.0 -9999.0 -9999.0 0.7 6.8 1.8 0.9 2.0 1.2 0.6 1.6 0.5 2.6 3.8 2.6 6.9 9.7 10.3 15.6 20.5 27.1 33.9 41.7 47.7 57.9 65.9 72.1 77.9 81.4 84.1 79.5 74.9 65.3 60.9 51.0 40.2 34.9 30.7 31.5 44.7 29.6 27.6 34.9 40.4 51.2 51.8 58.3 55.9 61.9 63.4 69.6 72.0 64.7 62.3 67.3 68.5 59.7 47.5 29.6 29.7 24.1 20.2 20.9 23.3 29.6 18.2 18.7 22.2 30.6 43.6 59.7 54.3
-9999.0 -9999.0 -9999.0 -9999.0 -9999.0 -9999.0 -9999.0 -9999.0 -9999.0 1.1 1.1 1.5 0.5 0.6 1.0 1.7 1.2 0.5 2.1 1.9 5.3 10.3 14.7 19.8 26.1 33.8 40.3 48.4 58.2 64.1 73.8 79.5 83.7 86.7 83.1 78.8 71.4 65.7 54.2 48.3 38.9 38.3 36.1 36.4 45.3 50.1 55.5 59.4 63.9 65.4 65.0 60.7 61.5 69.3 75.3 83.7 76.6 70.2 72.4 66.9 62.0 58.7 49.6 27.7 25.8 21.3 22.1 21.1 27.0 18.1 20.3 22.1 30.4 41.0 48.6 50.0
-9999.0 -9999.0 -9999.0 -9999.0 -9999.0 -9999.0 -9999.0 -9999.0 -9999.0 -9999.0 -9999.0 0.2 1.5 0.2 0.5 0.5 0.7 1.3 2.3 3.0 3.7 8.0 11.5 18.1 20.0 29.6 36.1 45.0 54.9 65.1 73.5 80.2 86.7 90.5 90.4 94.0 83.5 76.3 81.9 59.3 57.2 48.2 46.0 49.5 67.2 66.8 83.2 81.4 86.3 84.5 78.4 72.0 69.6 75.1 83.7 91.5 91.4 87.2 79.4 72.9 71.9 57.6 42.8 34.8 35.3 24.0 20.1 20.7 22.6 24.2 22.4 23.7 27.7 38.1 46.2 41.7
-9999.0 -9999.0 -9999.0 -9999.0 -9999.0 -9999.0 -9999.0 -9999.0 -9999.0 -9999.0 -9999.0 -9999.0 0.7 0.7 0.2 0.5 0.2 0.6 1.0 0.8 5.2 7.0 10.5 16.9 13.5 28.2 38.2 42.6 53.0 59.2 72.0 81.3 89.0 96.0 100.9 101.0 106.4 92.9 79.9 67.6 60.2 58.2 61.4 73.2 83.2 95.8 106.9 104.5 107.9 106.6 101.1 89.0 83.1 89.2 96.3 100.4 101.7 102.0 90.0 94.0 84.2 82.6 73.3 55.4 39.1 47.4 28.3 28.0 29.1 32.5 21.3 16.4 21.9 31.9 40.3 47.5
-9999.0 -9999.0 -9999.0 -9999.0 -9999.0 -9999.0 -9999.0 -9999.0 -9999.0 -9999.0 -9999.0 -9999.0 0.0 0.7 1.1 0.2 1.0 0.9 0.5 1.3 2.8 4.2 8.0 15.1 24.2 28.2 35.3 46.6 52.2 63.4 70.1 78.3 89.6 98.6 106.5 110.4 116.9 114.9 103.6 90.4 77.4 74.9 88.5 91.5 111.7 129.8 133.8 134.5 128.2 127.1 116.1 102.9 96.6 98.3 108.8 109.7 112.2 113.0 110.3 105.7 97.5 89.6 93.7 95.2 52.2 56.0 25.7 21.8 22.3 30.9 41.0 51.3 51.0 36.9 40.6 41.4
-9999.0 -9999.0 -9999.0 -9999.0 -9999.0 -9999.0 -9999.0 -9999.0 -9999.0 -9999.0 -9999.0 -9999.0 -9999.0 0.2 0.0 0.7 0.3 0.8 1.5 2.4 3.0 7.2 7.2 16.5 21.0 20.3 27.1 31.8 44.3 55.2 68.2 79.0 87.3 99.2 109.3 117.9 124.1 127.6 138.0 118.5 105.7 105.5 107.6 126.5 137.1 153.1 166.1 166.7 157.7 142.9 126.7 111.4 107.3 109.3 113.9 120.0 124.2 126.7 132.8 132.0 127.9 116.9 119.7 96.7 69.0 66.6 59.9 38.5 36.9 34.5 26.7 28.5 35.6 40.0 48.1 43.9
-9999.0 -9999.0 -9999.0 -9999.0 -9999.0 -9999.0 -9999.0 -9999.0 -9999.0 -9999.0 -9999.0 -9999.0 0.1 0.0 0.0 0.3 0.1 0.3 0.5 3.0 4.8 7.2 9.0 14.7 21.3 18.9 27.0 36.7 44.3 51.4 62.6 76.1 82.8 97.3 110.0 121.8 135.5 136.5 133.3 126.2 134.4 141.9 151.0 138.8 160.0 177.4 185.7 179.2 165.0 148.2 135.9 126.0 117.6 121.4 131.1 136.5 138.3 143.9 145.4 146.3 144.9 149.3 146.9 154.8 134.6 106.8 50.4 49.0 58.3 69.9 63.7 50.6 44.5 43.6 40.2 36.4
-9999.0 -9999.0 -9999.0 -9999.0 -9999.0 -9999.0 -9999.0 -9999.0 -9999.0 -9999.0 -9999.0 -9999.0 0.0 0.4 0.2 0.0 0.0 0.6 0.9 0.7 4.4 4.2 7.5 12.0 20.2 27.3 31.5 37.2 42.8 52.5 61.5 69.6 77.2 93.2 105.8 119.8 132.3 143.0 142.0 127.4 123.8 124.2 135.4 153.5 172.0 187.1 194.2 185.9 170.1 148.5 137.4 131.9 135.4 150.5 158.1 167.5 158.4 159.8 161.0 169.3 176.1 184.8 169.7 165.3 153.0 92.9 97.1 73.1 70.8 71.4 71.4 69.1 66.7 68.7 74.8 57.1
-9999.0 -9999.0 -9999.0 -9999.0 -9999.0 -9999.0 -9999.0 -9999.0 -9999.0 -9999.0 -9999.0 -9999.0 0.6 0.0 0.4 0.2 0.3 0.0 0.4 0.7 0.5 0.9 6.0 7.0 14.0 13.1 21.1 20.8 38.4 45.5 54.1 56.6 73.8 86.8 98.4 112.2 128.4 141.4 140.7 137.4 128.7 130.9 160.9 160.2 178.8 191.9 190.7 174.8 158.0 145.5 136.9 139.3 145.0 153.0 162.5 197.1 181.4 181.3 185.9 182.2 186.2 192.9 222.8 181.1 114.8 83.5 92.9 96.6 98.3 99.2 100.6 101.4 100.2 109.4 172.5 123.3
-9999.0 -9999.0 -9999.0 -9999.0 -9999.0 -9999.0 -9999.0 -9999.0 -9999.0 -9999.0 -9999.0 -9999.0 -9999.0 0.0 0.0 0.2 0.2 0.4 0.2 0.3 0.1 1.7 2.1 3.3 12.6 14.9 20.6 27.7 27.7 42.6 40.1 51.3 60.7 75.5 86.8 102.4 121.4 136.5 141.3 132.9 131.8 162.8 181.5 185.1 181.1 178.0 171.7 152.2 142.6 129.2 121.3 128.8 137.9 167.6 170.7 184.7 203.7 200.6 206.4 225.9 225.6 265.0 233.2 140.6 59.7 77.3 97.0 110.0 117.5 125.8 131.4 132.8 136.0 134.7 153.4 146.7
-9999.0 -9999.0 -9999.0 -9999.0 -9999.0 -9999.0 -9999.0 -9999.0 -9999.0 -9999.0 -9999.0 -9999.0 -9999.0 1.2 0.0 0.2 0.0 0.4 0.5 0.5 0.2 0.4 0.8 3.0 14.5 13.7 15.8 25.2 26.5 17.6 27.1 37.2 51.7 61.9 73.1 89.2 106.9 125.0 134.2 148.6 137.0 154.9 174.1 182.2 189.9 166.1 149.2 125.2 108.2 96.1 100.9 96.8 122.6 149.3 171.4 186.1 201.5 210.6 226.0 214.3 248.1 203.1 109.0 55.2 58.4 73.9 94.6 110.4 128.6 148.0 157.9 159.4 165.6 184.2 211.7 240.3
-9999.0 -9999.0 -9999.0 -9999.0 -9999.0 -9999.0 -9999.0 -9999.0 -9999.0 -9999.0 -9999.0 -9999.0 -9999.0 -9999.0 -9999.0 0.2 0.4 0.2 0.6 1.9 0.4 2.2 4.6 5.6 6.4 9.5 4.7 11.3 8.7 20.8 22.0 30.8 35.1 47.4 60.4 76.2 94.2 97.8 108.3 112.7 133.2 149.0 159.5 163.0 159.9 157.6 123.3 109.1 82.4 59.2 60.6 103.9 98.7 126.7 142.7 168.9 187.5 192.6 234.4 259.0 202.7 130.6 93.4 77.0 71.0 77.6 89.9 106.3 140.0 168.9 181.2 183.0 197.1 225.8 256.3 312.6
-9999.0 -9999.0 -9999.0 -9999.0 -9999.0 -9999.0 -9999.0 -9999.0 -9999.0 -9999.0 -9999.0 -9999.0 -9999.0 -9999.0 -9999.0 -9999.0 -9999.0 50.5 16.9 -9999.0 14.4 2.4 11.2 13.8 6.8 9.9 3.9 8.2 15.5 10.8 18.0 29.6 26.7 43.6 51.5 57.0 77.0 59.5 76.4 84.3 99.4 125.4 128.0 129.7 192.3 141.5 308.4 92.4 59.5 50.4 46.4 50.2 82.4 110.1 134.3 151.1 150.0 196.4 222.7 253.9 143.4 123.6 115.9 99.0 86.7 87.6 98.0 119.6 162.0 196.6 219.8 206.3 223.5 241.7 282.9 331.1
-9999.0 -9999.0 -9999.0 -9999.0 -9999.0 -9999.0 -9999.0 -9999.0 -9999.0 -9999.0 -9999.0 -9999.0 -9999.0 -9999.0 -9999.0 -9999.0 -9999.0 -9999.0 -9999.0 -9999.0 -9999.0 12.8 8.4 2.7 9.5 27.2 24.2 20.4 15.0 21.4 18.5 38.7 37.1 39.4 45.7 46.1 45.6 44.9 43.9 53.3 67.1 94.9 103.9 100.9 161.0 94.6 379.3 84.7 74.4 172.8 42.0 94.8 104.7 79.4 105.8 137.9 152.8 154.9 231.4 233.4 127.3 121.7 126.6 110.6 99.8 100.8 116.0 141.3 187.2 223.3 236.1 222.0 230.1 246.6 260.8 278.7
-9999.0 -9999.0 -9999.0 -9999.0 -9999.0 -9999.0 -9999.0 -9999.0 -9999.0 -9999.0 -9999.0 -9999.0 -9999.0 -9999.0 -9999.0 -9999.0 -9999.0 -9999.0 -9999.0 -9999.0 -9999.0 -9999.0 -9999.0 79.1 28.1 33.0 31.6 22.8 9.6 17.4 15.0 17.6 19.5 31.0 38.5 44.4 50.7 41.2 54.1 62.7 62.2 78.4 65.2 72.1 136.5 399.4 156.6 109.0 129.2 129.8 54.2 80.1 74.9 93.8 87.7 74.5 122.1 170.2 153.9 219.2 150.0 147.4 127.9 105.0 97.5 112.0 137.4 164.7 189.8 232.5 222.1 227.2 229.2 233.0 240.5 234.6
-9999.0 -9999.0 -9999.0 -9999.0 -9999.0 -9999.0 -9999.0 -9999.0 -9999.0 -9999.0 -9999.0 -9999.0 -9999.0 -9999.0 -9999.0 -9999.0 -9999.0 -9999.0 -9999.0 -9999.0 -9999.0 -9999.0 -9999.0 -9999.0 -9999.0 172.1 78.6 6.1 7.8 5.9 11.3 24.9 32.5 33.6 43.1 46.4 62.0 46.7 60.4 50.0 67.5 48.3 118.8 108.8 271.7 373.8 274.3 434.8 66.2 108.9 83.8 88.7 116.4 124.6 96.1 90.3 116.6 129.3 182.1 206.3 212.8 186.6 239.6 111.4 100.8 119.4 144.6 155.7 179.4 198.5 221.8 218.9 224.6 205.2 212.6 214.9
-9999.0 -9999.0 -9999.0 -9999.0 -9999.0 -9999.0 -9999.0 -9999.0 -9999.0 -9999.0 -9999.0 -9999.0 -9999.0 -9999.0 -9999.0 -9999.0 -9999.0 -9999.0 -9999.0 -9999.0 -9999.0 -9999.0 -9999.0 -9999.0 -9999.0 -9999.0 -9999.0 216.1 202.6 74.1 58.9 55.6 25.7 64.9 46.9 94.0 51.6 50.6 56.7 49.1 54.0 48.7 129.7 243.3 280.4 336.9 387.9 409.1 418.3 223.3 349.9 345.0 146.8 155.1 132.8 125.5 120.7 134.8 171.2 184.0 169.5 204.7 120.9 101.0 111.2 114.6 147.7 184.1 202.7 213.1 216.5 195.3 207.0 181.5 200.8 213.4
-9999.0 -9999.0 -9999.0 -9999.0 -9999.0 -9999.0 -9999.0 -9999.0 -9999.0 -9999.0 -9999.0 -9999.0 -9999.0 -9999.0 -9999.0 -9999.0 -9999.0 -9999.0 -9999.0 -9999.0 -9999.0 -9999.0 -9999.0 -9999.0 -9999.0 -9999.0 -9999.0 -9999.0 -9999.0 -9999.0 -9999.0 -9999.0 -9999.0 122.9 63.9 -9999.0 -9999.0 -9999.0 103.7 61.9 84.6 120.2 105.5 240.1 290.6 309.8 -9999.0 -9999.0 -9999.0 -9999.0 -9999.0 -9999.0 251.7 178.4 190.2 159.5 143.0 140.7 154.1 171.5 193.0 194.5 140.7 120.2 125.8 144.8 165.5 181.4 199.4 218.8 225.1 199.6 188.8 192.4 181.7 228.3
-9999.0 -9999.0 -9999.0 -9999.0 -9999.0 -9999.0 -9999.0 -9999.0 -9999.0 -9999.0 -9999.0 -9999.0 -9999.0 -9999.0 -9999.0 -9999.0 -9999.0 -9999.0 -9999.0 -9999.0 -9999.0 -9999.0 -9999.0 -9999.0 -9999.0 -9999.0 -9999.0 -9999.0 -9999.0 -9999.0 -9999.0 -9999.0 -9999.0 -9999.0 -9999.0 -9999.0 -9999.0 -9999.0 -9999.0 198.4 200.0 209.8 222.4 234.8 -9999.0 -9999.0 -9999.0 -9999.0 -9999.0 -9999.0 -9999.0 -9999.0 267.9 209.1 195.8 170.1 143.1 128.4 134.0 166.1 193.8 176.1 157.1 151.9 182.0 207.3 218.8 222.1 226.4 208.8 208.5 230.1 246.8 221.5 248.9 259.9
-9999.0 -9999.0 -9999.0 -9999.0 -9999.0 -9999.0 -9999.0 -9999.0 -9999.0 -9999.0 -9999.0 -9999.0 -9999.0 -9999.0 -9999.0 -9999.0 -9999.0 -9999.0 -9999.0 -9999.0 -9999.0 -9999.0 -9999.0 -9999.0 -9999.0 -9999.0 -9999.0 -9999.0 -9999.0 -9999.0 -9999.0 -9999.0 -9999.0 -9999.0 -9999.0 -9999.0 -9999.0 -9999.0 -9999.0 -9999.0 -9999.0 -9999.0 -9999.0 -9999.0 -9999.0 -9999.0 -9999.0 -9999.0 -9999.0 -9999.0 -9999.0 -9999.0 288.2 236.0 208.4 178.9 133.2 116.8 125.5 157.6 185.8 170.3 182.9 174.1 218.3 249.2 262.1 271.5 263.0 235.5 232.4 264.6 243.2 275.3 287.5 344.0
-9999.0 -9999.0 -9999.0 -9999.0 -9999.0 -9999.0 -9999.0 -9999.0 -9999.0 -9999.0 -9999.0 -9999.0 -9999.0 -9999.0 -9999.0 -9999.0 -9999.0 -9999.0 -9999.0 -9999.0 -9999.0 -9999.0 -9999.0 -9999.0 -9999.0 -9999.0 -9999.0 -9999.0 -9999.0 -9999.0 -9999.0 -9999.0 -9999.0 -9999.0 -9999.0 -9999.0 -9999.0 -9999.0 -9999.0 -9999.0 -9999.0 -9999.0 -9999.0 -9999.0 -9999.0 -9999.0 -9999.0 -9999.0 -9999.0 -9999.0 -9999.0 273.8 290.5 253.2 195.4 153.6 120.3 117.5 118.5 152.3 144.4 140.6 142.8 162.6 213.8 255.4 287.7 314.9 287.5 260.3 255.9 276.6 304.6 316.2 340.2 399.0
-9999.0 -9999.0 -9999.0 -9999.0 -9999.0 -9999.0 -9999.0 -9999.0 -9999.0 -9999.0 -9999.0 -9999.0 -9999.0 -9999.0 -9999.0 -9999.0 -9999.0 -9999.0 -9999.0 -9999.0 -9999.0 -9999.0 -9999.0 -9999.0 -9999.0 -9999.0 -9999.0 -9999.0 -9999.0 -9999.0 -9999.0 -9999.0 -9999.0 -9999.0 -9999.0 -9999.0 -9999.0 -9999.0 -9999.0 -9999.0 -9999.0 -9999.0 -9999.0 -9999.0 -9999.0 -9999.0 -9999.0 -9999.0 -9999.0 -9999.0 227.2 282.8 287.5 256.5 193.4 154.9 120.3 119.2 121.8 124.4 138.9 125.4 120.1 137.8 185.3 234.9 285.8 307.0 263.7 250.0 241.3 273.6 261.5 241.3 256.5 288.1
-9999.0 -9999.0 -9999.0 -9999.0 -9999.0 -9999.0 -9999.0 -9999.0 -9999.0 -9999.0 -9999.0 -9999.0 -9999.0 -9999.0 -9999.0 -9999.0 -9999.0 -9999.0 -9999.0 -9999.0 -9999.0 -9999.0 -9999.0 -9999.0 -9999.0 -9999.0 -9999.0 -9999.0 -9999.0 -9999.0 -9999.0 -9999.0 -9999.0 -9999.0 -9999.0 -9999.0 -9999.0 -9999.0 -9999.0 -9999.0 -9999.0 -9999.0 -9999.0 -9999.0 -9999.0 -9999.0 -9999.0 -9999.0 -9999.0 -9999.0 221.3 311.6 307.3 268.0 221.3 177.4 198.4 144.5 135.0 137.5 135.8 122.1 103.7 112.5 146.0 166.7 226.9 262.0 236.7 232.9 233.3 230.2 202.8 177.1 179.0 209.5
-9999.0 -9999.0 -9999.0 -9999.0 -9999.0 -9999.0 -9999.0 -9999.0 -9999.0 -9999.0 -9999.0 -9999.0 -9999.0 -9999.0 -9999.0 -9999.0 -9999.0 -9999.0 -9999.0 -9999.0 -9999.0 -9999.0 -9999.0 -9999.0 -9999.0 -9999.0 -9999.0 -9999.0 -9999.0 -9999.0 -9999.0 -9999.0 -9999.0 -9999.0 -9999.0 -9999.0 -9999.0 -9999.0 -9999.0 -9999.0 -9999.0 -9999.0 -9999.0 -9999.0 -9999.0 -9999.0 -9999.0 -9999.0 -9999.0 -9999.0 223.6 301.6 337.7 324.5 274.7 244.9 213.7 209.0 182.0 177.9 154.8 142.7 116.0 88.7 110.9 135.4 174.0 213.5 218.5 198.5 233.9 192.4 192.7 149.7 134.7 134.5
-9999.0 -9999.0 -9999.0 -9999.0 -9999.0 -9999.0 -9999.0 -9999.0 -9999.0 -9999.0 -9999.0 -9999.0 -9999.0 -9999.0 -9999.0 -9999.0 -9999.0 -9999.0 -9999.0 -9999.0 -9999.0 -9999.0 -9999.0 -9999.0 -9999.0 -9999.0 -9999.0 -9999.0 -9999.0 -9999.0 -9999.0 -9999.0 -9999.0 -9999.0 -9999.0 -9999.0 -9999.0 -9999.0 -9999.0 -9999.0 -9999.0 -9999.0 -9999.0 -9999.0 -9999.0 -9999.0 -9999.0 -9999.0 -9999.0 -9999.0 302.6 385.5 390.8 381.8 339.6 312.0 287.9 262.8 240.9 189.7 200.1 174.2 82.8 97.6 112.0 130.9 169.6 199.7 200.9 205.1 205.8 202.9 187.4 155.8 130.8 118.6
-9999.0 -9999.0 -9999.0 -9999.0 -9999.0 -9999.0 -9999.0 -9999.0 -9999.0 -9999.0 -9999.0 -9999.0 -9999.0 -9999.0 -9999.0 -9999.0 -9999.0 -9999.0 -9999.0 -9999.0 -9999.0 -9999.0 -9999.0 -9999.0 -9999.0 -9999.0 -9999.0 -9999.0 -9999.0 -9999.0 -9999.0 -9999.0 -9999.0 -9999.0 -9999.0 -9999.0 -9999.0 -9999.0 -9999.0 -9999.0 -9999.0 -9999.0 -9999.0 -9999.0 -9999.0 -9999.0 -9999.0 -9999.0 -9999.0 -9999.0 -9999.0 -9999.0 -9999.0 409.1 375.7 336.6 301.1 272.6 203.6 194.5 316.5 143.0 236.2 140.8 137.4 149.7 183.7 196.0 194.8 172.4 155.4 154.6 164.4 160.3 125.5 116.2
-9999.0 -9999.0 -9999.0 -9999.0 -9999.0 -9999.0 -9999.0 -9999.0 -9999.0 -9999.0 -9999.0 -9999.0 -9999.0 -9999.0 -9999.0 -9999.0 -9999.0 -9999.0 -9999.0 -9999.0 -9999.0 -9999.0 -9999.0 -9999.0 -9999.0 -9999.0 -9999.0 -9999.0 -9999.0 -9999.0 -9999.0 -9999.0 -9999.0 -9999.0 -9999.0 -9999.0 -9999.0 -9999.0 -9999.0 -9999.0 -9999.0 -9999.0 -9999.0 -9999.0 -9999.0 -9999.0 -9999.0 -9999.0 -9999.0 -9999.0 -9999.0 -9999.0 -9999.0 428.8 367.2 425.8 263.1 199.9 205.6 306.9 274.6 201.2 314.1 190.3 190.9 194.5 179.6 208.1 156.1 130.8 114.2 113.5 125.0 123.1 99.7 94.2
-9999.0 -9999.0 -9999.0 -9999.0 -9999.0 -9999.0 -9999.0 -9999.0 -9999.0 -9999.0 -9999.0 -9999.0 -9999.0 -9999.0 -9999.0 -9999.0 -9999.0 -9999.0 -9999.0 -9999.0 -9999.0 -9999.0 -9999.0 -9999.0 -9999.0 -9999.0 -9999.0 -9999.0 -9999.0 -9999.0 -9999.0 -9999.0 -9999.0 -9999.0 -9999.0 -9999.0 -9999.0 -9999.0 -9999.0 -9999.0 -9999.0 -9999.0 -9999.0 -9999.0 -9999.0 -9999.0 -9999.0 -9999.0 -9999.0 -9999.0 -9999.0 -9999.0 -9999.0 428.0 299.6 329.0 231.7 174.1 200.0 254.4 367.5 363.7 415.6 373.0 247.7 -9999.0 -9999.0 -9999.0 170.6 127.8 128.6 133.8 128.2 107.0 88.9 98.1
-9999.0 -9999.0 -9999.0 -9999.0 -9999.0 -9999.0 -9999.0 -9999.0 -9999.0 -9999.0 -9999.0 -9999.0 -9999.0 -9999.0 -9999.0 -9999.0 -9999.0 -9999.0 -9999.0 -9999.0 -9999.0 -9999.0 -9999.0 -9999.0 -9999.0 -9999.0 -9999.0 -9999.0 -9999.0 -9999.0 -9999.0 -9999.0 -9999.0 -9999.0 -9999.0 -9999.0 -9999.0 -9999.0 -9999.0 -9999.0 -9999.0 -9999.0 -9999.0 -9999.0 -9999.0 -9999.0 -9999.0 -9999.0 -9999.0 -9999.0 -9999.0 -9999.0 -9999.0 -9999.0 343.8 266.1 162.0 142.7 216.6 330.9 300.9 -9999.0 -9999.0 -9999.0 -9999.0 -9999.0 -9999.0 -9999.0 192.2 190.3 205.6 212.8 174.4 109.6 86.1 115.8
-9999.0 -9999.0 -9999.0 -9999.0 -9999.0 -9999.0 -9999.0 -9999.0 -9999.0 -9999.0 -9999.0 -9999.0 -9999.0 -9999.0 -9999.0 -9999.0 -9999.0 -9999.0 -9999.0 -9999.0 -9999.0 -9999.0 -9999.0 -9999.0 -9999.0 -9999.0 -9999.0 -9999.0 -9999.0 -9999.0 -9999.0 -9999.0 -9999.0 -9999.0 -9999.0 -9999.0 -9999.0 -9999.0 -9999.0 -9999.0 -9999.0 -9999.0 -9999.0 -9999.0 -9999.0 -9999.0 -9999.0 -9999.0 -9999.0 -9999.0 -9999.0 -9999.0 -9999.0 -9999.0 -9999.0 224.1 261.6 180.8 202.6 303.5 359.8 -9999.0 -9999.0 -9999.0 -9999.0 -9999.0 -9999.0 -9999.0 -9999.0 -9999.0 276.0 -9999.0 -9999.0 -9999.0 -9999.0 -9999.0
