program/excelProcessViaJava/data/SURF_CLI_CHN_PRE_MON_GRID_0.5-198208.txt
NCOLS      128
NROWS       72
XLLCORNER    72.000000000000    
YLLCORNER    18.000000000000    
CELLSIZE    0.50000000000000    
NODATA_VALUE   -9999.000    
[rows 33 to 65 of 72, columns 0 to 74 of 128]
-9999.0 -9999.0 -9999.0 -9999.0 2.2 3.4 5.3 6.4 8.5 10.3 12.2 13.2 12.7 9.5 6.7 5.4 5.5 6.6 7.9 8.7 8.2 7.3 7.1 8.5 11.1 15.4 19.3 43.5 30.0 32.3 34.0 30.6 28.1 30.2 21.7 20.4 18.0 32.3 27.6 18.0 11.2 9.8 10.5 11.0 11.7 12.6 13.9 17.1 23.2 28.4 34.3 44.8 56.5 72.8 57.0 67.5 74.7 94.4 94.5 108.3 100.2 79.5 60.5 34.1 24.2 30.5 37.0 35.2 42.6 38.1 34.9 39.2 46.8 57.7 70.5
-9999.0 -9999.0 -9999.0 -9999.0 1.5 2.1 3.5 4.2 7.6 9.5 8.7 12.9 12.6 13.6 7.5 6.9 7.3 6.4 7.0 7.9 8.7 8.8 9.7 15.3 25.7 33.4 28.2 30.0 30.1 30.8 30.6 33.2 29.7 28.9 29.7 26.6 31.8 36.9 28.3 21.2 28.8 15.9 14.6 12.7 12.1 11.8 12.5 14.6 18.4 24.0 29.7 34.4 53.3 48.1 49.7 60.0 67.2 75.5 82.1 63.1 81.8 59.9 49.6 42.2 32.2 29.3 39.1 40.2 43.9 52.7 46.8 50.8 57.4 69.9 83.7
-9999.0 -9999.0 -9999.0 -9999.0 -9999.0 -9999.0 -9999.0 3.0 4.7 5.5 9.5 11.2 9.8 11.7 12.6 5.6 9.3 7.4 7.9 10.3 14.6 19.1 20.8 21.1 21.7 22.8 25.5 27.4 29.0 32.0 32.5 32.7 32.5 34.0 36.7 34.2 40.6 39.6 47.7 50.7 34.3 54.5 47.9 32.4 20.4 14.4 15.7 16.6 22.0 25.0 30.4 36.2 44.5 82.6 79.1 57.3 56.0 55.4 77.0 62.7 80.8 61.9 54.2 48.4 44.9 36.1 42.2 51.7 55.9 65.3 66.8 71.7 86.3 104.8 122.2
-9999.0 -9999.0 -9999.0 -9999.0 -9999.0 -9999.0 -9999.0 3.6 2.9 4.9 6.8 7.0 8.9 12.2 10.9 16.4 12.1 12.4 16.7 13.6 14.1 17.1 16.8 17.9 18.7 20.3 21.8 25.4 25.6 27.0 30.7 32.4 33.7 37.8 36.7 39.2 40.3 46.5 49.7 51.5 55.0 55.3 55.2 63.8 38.3 25.1 27.2 29.4 45.1 44.8 70.8 70.8 56.3 67.2 88.1 65.5 62.2 64.3 73.6 78.6 72.8 74.4 67.6 62.2 49.6 43.2 46.5 56.7 79.7 82.7 96.3 109.6 128.9 155.4 173.1
-9999.0 -9999.0 -9999.0 -9999.0 -9999.0 -9999.0 -9999.0 -9999.0 -9999.0 3.9 4.7 5.4 8.0 8.8 8.6 8.7 10.9 16.5 13.2 16.6 14.5 13.5 14.2 15.2 16.3 17.5 19.8 22.0 23.5 27.8 27.9 31.1 33.7 37.3 37.5 40.2 43.0 48.5 52.0 58.5 60.8 65.1 62.2 55.1 54.6 49.2 47.0 47.0 52.8 59.6 72.0 71.8 70.2 70.1 88.0 73.8 65.0 64.9 77.9 76.1 77.9 86.2 89.4 67.4 59.5 49.0 49.0 62.4 97.7 109.9 132.6 145.4 167.9 199.4 231.9
-9999.0 -9999.0 -9999.0 -9999.0 -9999.0 -9999.0 -9999.0 -9999.0 -9999.0 -9999.0 -9999.0 6.3 4.9 8.5 8.0 9.4 9.6 9.8 10.3 11.5 13.2 12.6 13.5 13.7 16.6 16.9 19.2 21.3 23.5 25.8 28.8 33.4 35.0 38.2 40.4 46.3 46.9 51.3 62.9 63.2 71.5 72.5 69.9 64.9 71.4 57.7 68.5 60.7 69.0 73.2 71.9 75.7 76.5 80.9 90.5 85.4 82.0 85.9 81.6 80.2 87.6 87.2 88.0 79.7 76.0 47.4 46.3 64.2 99.5 135.0 159.7 178.1 187.2 198.7 187.1
-9999.0 -9999.0 -9999.0 -9999.0 -9999.0 -9999.0 -9999.0 -9999.0 -9999.0 -9999.0 -9999.0 -9999.0 5.1 5.7 8.4 7.9 11.6 10.0 10.5 13.4 10.6 11.6 12.4 12.8 17.7 15.6 17.0 20.2 22.7 27.2 29.6 33.2 37.0 41.5 44.8 47.0 53.0 53.6 57.6 63.2 70.0 75.5 77.5 79.6 75.7 74.1 76.3 66.9 74.0 81.6 95.8 94.4 83.7 74.5 76.4 82.9 89.8 100.5 84.0 98.1 94.1 103.9 105.6 93.9 68.9 83.9 53.2 72.5 108.1 152.2 170.3 159.2 151.0 151.7 173.7
-9999.0 -9999.0 -9999.0 -9999.0 -9999.0 -9999.0 -9999.0 -9999.0 -9999.0 -9999.0 -9999.0 -9999.0 8.2 5.8 6.1 8.7 7.8 9.0 11.3 11.2 11.5 12.4 12.6 12.7 13.3 14.9 16.7 18.8 22.0 25.5 30.1 35.3 39.5 43.6 47.2 49.3 52.7 55.3 58.3 64.0 70.8 78.0 87.1 84.5 88.1 90.8 80.3 77.1 73.0 89.0 92.9 96.8 83.0 79.4 65.4 74.1 78.7 92.7 94.9 99.2 99.9 101.3 112.1 121.5 71.6 76.5 74.3 94.1 124.0 166.7 207.3 239.5 248.0 199.8 192.0
-9999.0 -9999.0 -9999.0 -9999.0 -9999.0 -9999.0 -9999.0 -9999.0 -9999.0 -9999.0 -9999.0 -9999.0 -9999.0 8.0 10.5 8.2 10.1 10.0 10.5 11.1 11.9 12.0 13.1 13.0 13.9 15.8 17.3 20.2 22.5 26.2 30.9 36.3 42.0 47.0 50.7 52.6 53.1 53.9 62.0 62.9 70.3 80.5 88.6 97.5 95.5 90.3 92.6 96.5 99.8 101.4 103.0 93.4 83.8 99.7 80.6 72.3 73.4 90.8 116.7 121.3 124.7 114.5 120.6 86.9 78.2 81.2 93.8 131.6 171.6 207.9 203.4 177.8 179.6 171.8 188.1
-9999.0 -9999.0 -9999.0 -9999.0 -9999.0 -9999.0 -9999.0 -9999.0 -9999.0 -9999.0 -9999.0 -9999.0 9.5 12.5 12.4 11.2 14.3 13.3 13.6 13.2 13.6 14.0 14.3 14.6 15.2 16.3 17.5 19.5 22.4 26.5 31.8 38.5 44.4 51.0 55.4 57.6 56.5 54.5 54.3 58.4 69.3 82.1 94.6 95.9 101.3 101.8 95.8 88.4 94.0 98.9 111.7 117.9 92.3 89.0 70.2 66.0 79.7 78.8 106.3 120.5 131.4 143.0 129.2 146.0 105.4 98.7 173.3 204.3 204.6 214.0 224.3 197.4 142.3 105.6 111.0
-9999.0 -9999.0 -9999.0 -9999.0 -9999.0 -9999.0 -9999.0 -9999.0 -9999.0 -9999.0 -9999.0 -9999.0 14.6 12.5 14.0 19.6 18.7 16.2 16.7 17.6 17.4 17.5 17.4 17.3 17.6 18.2 19.0 20.6 23.2 27.5 33.2 40.0 46.8 56.4 62.7 64.5 63.5 58.2 55.2 57.4 63.1 73.1 84.1 93.4 98.7 101.2 107.4 103.6 100.8 82.9 88.4 105.5 85.1 70.6 64.3 58.2 69.5 87.5 102.2 134.3 158.4 180.5 120.8 97.3 100.0 130.0 144.4 214.5 220.0 196.5 181.4 162.9 145.1 164.5 172.6
-9999.0 -9999.0 -9999.0 -9999.0 -9999.0 -9999.0 -9999.0 -9999.0 -9999.0 -9999.0 -9999.0 -9999.0 16.3 20.0 18.9 20.5 21.3 24.6 23.1 23.2 24.3 23.7 22.1 21.5 20.9 20.5 20.6 21.6 24.1 27.8 33.5 39.6 50.4 61.2 69.1 72.5 71.0 64.8 60.1 57.4 61.0 70.6 79.2 84.5 89.8 99.0 103.7 91.9 74.5 77.4 86.3 78.7 124.5 121.9 87.9 60.5 71.8 89.7 112.1 119.4 136.9 150.7 226.7 108.7 91.4 148.4 170.2 182.3 172.8 152.2 140.7 166.7 173.6 196.8 254.7
-9999.0 -9999.0 -9999.0 -9999.0 -9999.0 -9999.0 -9999.0 -9999.0 -9999.0 -9999.0 -9999.0 -9999.0 -9999.0 32.9 31.8 28.9 30.3 30.8 32.2 32.4 34.7 30.4 29.4 28.0 26.2 24.7 23.9 24.1 24.6 28.8 32.2 39.9 49.1 61.4 70.1 72.4 73.0 70.4 63.7 60.5 60.7 66.3 75.1 78.5 74.4 74.7 83.6 58.5 83.4 81.4 67.8 103.1 94.4 71.2 97.5 93.8 71.4 81.7 108.0 161.5 169.3 281.7 214.0 86.1 134.6 155.5 160.9 151.8 136.6 128.2 126.0 134.4 181.0 158.1 204.9
-9999.0 -9999.0 -9999.0 -9999.0 -9999.0 -9999.0 -9999.0 -9999.0 -9999.0 -9999.0 -9999.0 -9999.0 -9999.0 35.9 42.7 40.5 45.2 42.7 43.3 43.4 45.3 42.8 40.4 36.8 34.5 31.1 28.5 27.6 26.8 28.7 31.6 38.0 48.1 58.2 65.7 71.4 73.7 70.6 64.9 63.9 58.9 60.2 63.2 66.3 82.5 67.1 66.4 46.8 55.2 61.2 85.8 63.9 95.3 112.2 119.3 99.2 77.5 84.3 114.7 89.1 172.2 116.0 85.2 146.1 160.9 162.3 148.9 132.1 121.8 115.9 120.3 139.6 164.3 202.5 231.5
-9999.0 -9999.0 -9999.0 -9999.0 -9999.0 -9999.0 -9999.0 -9999.0 -9999.0 -9999.0 -9999.0 -9999.0 -9999.0 -9999.0 -9999.0 56.3 57.5 59.4 59.4 59.3 59.0 55.9 53.0 49.1 44.7 40.1 37.3 31.8 31.4 28.8 31.3 36.9 45.5 54.0 61.8 67.2 69.8 65.2 62.1 58.6 59.0 59.6 58.3 56.1 46.0 37.5 49.6 28.1 50.9 30.5 60.9 113.7 89.2 94.9 61.4 90.6 92.0 61.9 131.6 172.1 87.0 93.8 174.3 188.2 185.5 164.1 137.1 118.3 117.6 133.2 138.8 148.6 202.8 225.4 239.7
-9999.0 -9999.0 -9999.0 -9999.0 -9999.0 -9999.0 -9999.0 -9999.0 -9999.0 -9999.0 -9999.0 -9999.0 -9999.0 -9999.0 -9999.0 -9999.0 -9999.0 93.3 85.5 -9999.0 82.6 75.7 73.4 68.3 60.3 53.6 48.7 40.4 34.8 32.9 32.2 36.9 46.1 52.6 58.2 58.3 66.4 52.9 55.0 53.4 52.7 57.2 51.7 46.8 39.5 31.3 36.0 60.7 31.4 53.3 36.2 65.9 49.5 94.8 101.9 105.1 80.7 127.3 135.9 169.0 88.0 135.6 202.4 219.2 192.2 156.2 126.5 118.1 129.7 155.8 149.0 203.3 216.7 215.5 242.2
-9999.0 -9999.0 -9999.0 -9999.0 -9999.0 -9999.0 -9999.0 -9999.0 -9999.0 -9999.0 -9999.0 -9999.0 -9999.0 -9999.0 -9999.0 -9999.0 -9999.0 -9999.0 -9999.0 -9999.0 -9999.0 103.8 96.9 90.4 81.8 77.3 66.1 54.8 44.6 39.1 35.6 42.6 47.1 51.1 52.0 51.0 48.7 46.0 42.4 42.2 43.3 52.5 52.5 46.3 39.2 36.0 62.9 29.1 74.9 201.0 62.4 121.4 119.8 62.1 82.0 117.4 128.5 110.8 207.4 160.0 114.6 137.5 193.6 204.7 180.6 141.9 115.3 117.2 133.6 172.4 193.1 207.5 206.4 212.9 229.9
-9999.0 -9999.0 -9999.0 -9999.0 -9999.0 -9999.0 -9999.0 -9999.0 -9999.0 -9999.0 -9999.0 -9999.0 -9999.0 -9999.0 -9999.0 -9999.0 -9999.0 -9999.0 -9999.0 -9999.0 -9999.0 -9999.0 -9999.0 141.8 114.7 104.7 91.5 75.3 60.9 50.7 44.8 45.6 56.1 53.8 58.1 55.4 58.3 45.0 51.6 52.9 48.4 54.2 41.7 37.1 43.4 97.1 41.5 39.1 48.4 58.4 56.5 99.0 59.8 70.3 64.1 57.5 119.0 168.2 109.2 175.1 126.3 134.8 140.6 159.9 158.2 132.4 109.8 116.6 170.4 189.6 215.9 208.0 207.5 219.5 238.6
-9999.0 -9999.0 -9999.0 -9999.0 -9999.0 -9999.0 -9999.0 -9999.0 -9999.0 -9999.0 -9999.0 -9999.0 -9999.0 -9999.0 -9999.0 -9999.0 -9999.0 -9999.0 -9999.0 -9999.0 -9999.0 -9999.0 -9999.0 -9999.0 -9999.0 181.1 138.2 105.7 88.6 87.4 65.9 60.0 61.0 62.6 57.9 66.0 82.2 51.6 61.1 47.6 59.5 43.8 56.6 51.7 91.8 119.9 88.2 135.3 63.1 72.3 102.4 87.5 108.6 100.0 66.7 80.5 124.4 131.4 182.2 178.7 159.3 138.3 247.1 146.9 149.1 139.7 132.9 174.8 200.2 209.3 206.7 202.6 216.3 207.2 219.2
-9999.0 -9999.0 -9999.0 -9999.0 -9999.0 -9999.0 -9999.0 -9999.0 -9999.0 -9999.0 -9999.0 -9999.0 -9999.0 -9999.0 -9999.0 -9999.0 -9999.0 -9999.0 -9999.0 -9999.0 -9999.0 -9999.0 -9999.0 -9999.0 -9999.0 -9999.0 -9999.0 199.3 181.9 118.8 100.2 90.3 89.0 80.6 75.4 79.7 58.2 53.0 49.3 48.3 54.6 45.7 72.9 111.2 122.5 141.8 160.2 166.7 167.6 116.0 136.8 124.7 95.3 89.7 94.2 119.2 122.2 139.7 172.6 147.1 119.1 136.3 97.3 112.0 136.2 155.5 166.1 169.5 185.0 192.9 194.7 181.9 205.7 183.5 204.5
-9999.0 -9999.0 -9999.0 -9999.0 -9999.0 -9999.0 -9999.0 -9999.0 -9999.0 -9999.0 -9999.0 -9999.0 -9999.0 -9999.0 -9999.0 -9999.0 -9999.0 -9999.0 -9999.0 -9999.0 -9999.0 -9999.0 -9999.0 -9999.0 -9999.0 -9999.0 -9999.0 -9999.0 -9999.0 -9999.0 -9999.0 -9999.0 -9999.0 119.5 92.3 -9999.0 -9999.0 -9999.0 80.5 60.2 69.5 85.4 80.6 136.6 158.8 168.2 -9999.0 -9999.0 -9999.0 -9999.0 -9999.0 -9999.0 125.4 130.9 115.4 118.1 129.7 141.3 141.5 129.7 116.9 121.3 89.4 104.2 135.1 164.9 185.4 191.9 182.6 181.0 190.8 171.6 157.9 169.7 151.0
-9999.0 -9999.0 -9999.0 -9999.0 -9999.0 -9999.0 -9999.0 -9999.0 -9999.0 -9999.0 -9999.0 -9999.0 -9999.0 -9999.0 -9999.0 -9999.0 -9999.0 -9999.0 -9999.0 -9999.0 -9999.0 -9999.0 -9999.0 -9999.0 -9999.0 -9999.0 -9999.0 -9999.0 -9999.0 -9999.0 -9999.0 -9999.0 -9999.0 -9999.0 -9999.0 -9999.0 -9999.0 -9999.0 -9999.0 139.7 139.8 145.1 152.9 161.7 -9999.0 -9999.0 -9999.0 -9999.0 -9999.0 -9999.0 -9999.0 -9999.0 155.5 165.2 141.3 123.5 118.5 124.7 127.0 120.3 107.3 103.1 103.2 107.7 142.2 175.6 196.2 196.3 175.4 155.8 157.0 168.9 171.7 142.3 145.3
-9999.0 -9999.0 -9999.0 -9999.0 -9999.0 -9999.0 -9999.0 -9999.0 -9999.0 -9999.0 -9999.0 -9999.0 -9999.0 -9999.0 -9999.0 -9999.0 -9999.0 -9999.0 -9999.0 -9999.0 -9999.0 -9999.0 -9999.0 -9999.0 -9999.0 -9999.0 -9999.0 -9999.0 -9999.0 -9999.0 -9999.0 -9999.0 -9999.0 -9999.0 -9999.0 -9999.0 -9999.0 -9999.0 -9999.0 -9999.0 -9999.0 -9999.0 -9999.0 -9999.0 -9999.0 -9999.0 -9999.0 -9999.0 -9999.0 -9999.0 -9999.0 -9999.0 197.7 193.8 154.8 150.3 110.7 107.2 111.2 116.9 111.6 103.6 183.8 119.4 155.8 199.4 221.5 203.9 174.1 158.2 169.2 182.3 157.7 145.6 132.9
-9999.0 -9999.0 -9999.0 -9999.0 -9999.0 -9999.0 -9999.0 -9999.0 -9999.0 -9999.0 -9999.0 -9999.0 -9999.0 -9999.0 -9999.0 -9999.0 -9999.0 -9999.0 -9999.0 -9999.0 -9999.0 -9999.0 -9999.0 -9999.0 -9999.0 -9999.0 -9999.0 -9999.0 -9999.0 -9999.0 -9999.0 -9999.0 -9999.0 -9999.0 -9999.0 -9999.0 -9999.0 -9999.0 -9999.0 -9999.0 -9999.0 -9999.0 -9999.0 -9999.0 -9999.0 -9999.0 -9999.0 -9999.0 -9999.0 -9999.0 -9999.0 253.0 216.0 206.0 141.0 124.6 103.7 105.8 102.6 105.5 137.2 134.0 116.2 134.2 172.8 215.8 229.9 223.5 186.2 192.6 212.4 212.0 192.7 155.4 136.9
-9999.0 -9999.0 -9999.0 -9999.0 -9999.0 -9999.0 -9999.0 -9999.0 -9999.0 -9999.0 -9999.0 -9999.0 -9999.0 -9999.0 -9999.0 -9999.0 -9999.0 -9999.0 -9999.0 -9999.0 -9999.0 -9999.0 -9999.0 -9999.0 -9999.0 -9999.0 -9999.0 -9999.0 -9999.0 -9999.0 -9999.0 -9999.0 -9999.0 -9999.0 -9999.0 -9999.0 -9999.0 -9999.0 -9999.0 -9999.0 -9999.0 -9999.0 -9999.0 -9999.0 -9999.0 -9999.0 -9999.0 -9999.0 -9999.0 -9999.0 272.4 278.4 246.8 217.8 158.5 135.0 102.5 97.1 101.7 123.9 135.4 158.4 139.6 156.0 192.9 224.4 217.4 209.8 192.1 225.2 238.2 247.9 214.6 185.0 189.5
-9999.0 -9999.0 -9999.0 -9999.0 -9999.0 -9999.0 -9999.0 -9999.0 -9999.0 -9999.0 -9999.0 -9999.0 -9999.0 -9999.0 -9999.0 -9999.0 -9999.0 -9999.0 -9999.0 -9999.0 -9999.0 -9999.0 -9999.0 -9999.0 -9999.0 -9999.0 -9999.0 -9999.0 -9999.0 -9999.0 -9999.0 -9999.0 -9999.0 -9999.0 -9999.0 -9999.0 -9999.0 -9999.0 -9999.0 -9999.0 -9999.0 -9999.0 -9999.0 -9999.0 -9999.0 -9999.0 -9999.0 -9999.0 -9999.0 -9999.0 272.8 310.9 274.7 235.9 199.5 152.2 128.0 127.7 125.0 121.9 127.3 147.9 154.5 182.7 210.9 221.1 213.4 210.2 208.7 233.0 250.2 255.1 236.9 214.6 228.7
-9999.0 -9999.0 -9999.0 -9999.0 -9999.0 -9999.0 -9999.0 -9999.0 -9999.0 -9999.0 -9999.0 -9999.0 -9999.0 -9999.0 -9999.0 -9999.0 -9999.0 -9999.0 -9999.0 -9999.0 -9999.0 -9999.0 -9999.0 -9999.0 -9999.0 -9999.0 -9999.0 -9999.0 -9999.0 -9999.0 -9999.0 -9999.0 -9999.0 -9999.0 -9999.0 -9999.0 -9999.0 -9999.0 -9999.0 -9999.0 -9999.0 -9999.0 -9999.0 -9999.0 -9999.0 -9999.0 -9999.0 -9999.0 -9999.0 -9999.0 250.2 290.5 270.6 299.0 215.3 184.0 204.9 174.4 168.1 143.6 142.8 164.5 182.0 205.2 227.3 225.6 219.1 217.3 220.6 229.1 246.0 258.7 244.3 245.3 243.0
-9999.0 -9999.0 -9999.0 -9999.0 -9999.0 -9999.0 -9999.0 -9999.0 -9999.0 -9999.0 -9999.0 -9999.0 -9999.0 -9999.0 -9999.0 -9999.0 -9999.0 -9999.0 -9999.0 -9999.0 -9999.0 -9999.0 -9999.0 -9999.0 -9999.0 -9999.0 -9999.0 -9999.0 -9999.0 -9999.0 -9999.0 -9999.0 -9999.0 -9999.0 -9999.0 -9999.0 -9999.0 -9999.0 -9999.0 -9999.0 -9999.0 -9999.0 -9999.0 -9999.0 -9999.0 -9999.0 -9999.0 -9999.0 -9999.0 -9999.0 290.7 337.7 305.7 306.5 279.4 286.3 224.0 248.1 233.7 190.4 182.7 183.6 195.9 244.2 256.8 242.8 235.4 237.4 241.5 226.4 244.1 248.0 242.9 236.9 210.1
-9999.0 -9999.0 -9999.0 -9999.0 -9999.0 -9999.0 -9999.0 -9999.0 -9999.0 -9999.0 -9999.0 -9999.0 -9999.0 -9999.0 -9999.0 -9999.0 -9999.0 -9999.0 -9999.0 -9999.0 -9999.0 -9999.0 -9999.0 -9999.0 -9999.0 -9999.0 -9999.0 -9999.0 -9999.0 -9999.0 -9999.0 -9999.0 -9999.0 -9999.0 -9999.0 -9999.0 -9999.0 -9999.0 -9999.0 -9999.0 -9999.0 -9999.0 -9999.0 -9999.0 -9999.0 -9999.0 -9999.0 -9999.0 -9999.0 -9999.0 -9999.0 -9999.0 -9999.0 300.0 288.4 291.8 317.5 341.9 293.5 279.5 318.0 247.9 307.3 325.7 319.7 291.4 277.4 263.4 263.3 254.7 245.3 238.9 225.0 199.8 182.2
-9999.0 -9999.0 -9999.0 -9999.0 -9999.0 -9999.0 -9999.0 -9999.0 -9999.0 -9999.0 -9999.0 -9999.0 -9999.0 -9999.0 -9999.0 -9999.0 -9999.0 -9999.0 -9999.0 -9999.0 -9999.0 -9999.0 -9999.0 -9999.0 -9999.0 -9999.0 -9999.0 -9999.0 -9999.0 -9999.0 -9999.0 -9999.0 -9999.0 -9999.0 -9999.0 -9999.0 -9999.0 -9999.0 -9999.0 -9999.0 -9999.0 -9999.0 -9999.0 -9999.0 -9999.0 -9999.0 -9999.0 -9999.0 -9999.0 -9999.0 -9999.0 -9999.0 -9999.0 327.2 307.5 456.7 367.5 367.9 417.4 465.9 412.2 367.5 435.8 410.5 400.9 359.4 288.5 305.8 245.8 239.3 240.6 252.9 258.9 231.7 193.7
-9999.0 -9999.0 -9999.0 -9999.0 -9999.0 -9999.0 -9999.0 -9999.0 -9999.0 -9999.0 -9999.0 -9999.0 -9999.0 -9999.0 -9999.0 -9999.0 -9999.0 -9999.0 -9999.0 -9999.0 -9999.0 -9999.0 -9999.0 -9999.0 -9999.0 -9999.0 -9999.0 -9999.0 -9999.0 -9999.0 -9999.0 -9999.0 -9999.0 -9999.0 -9999.0 -9999.0 -9999.0 -9999.0 -9999.0 -9999.0 -9999.0 -9999.0 -9999.0 -9999.0 -9999.0 -9999.0 -9999.0 -9999.0 -9999.0 -9999.0 -9999.0 -9999.0 -9999.0 357.0 287.0 421.0 423.7 422.7 483.4 508.6 567.2 538.6 576.0 564.6 410.1 -9999.0 -9999.0 -9999.0 275.0 239.9 277.0 334.7 361.7 329.4 282.7
-9999.0 -9999.0 -9999.0 -9999.0 -9999.0 -9999.0 -9999.0 -9999.0 -9999.0 -9999.0 -9999.0 -9999.0 -9999.0 -9999.0 -9999.0 -9999.0 -9999.0 -9999.0 -9999.0 -9999.0 -9999.0 -9999.0 -9999.0 -9999.0 -9999.0 -9999.0 -9999.0 -9999.0 -9999.0 -9999.0 -9999.0 -9999.0 -9999.0 -9999.0 -9999.0 -9999.0 -9999.0 -9999.0 -9999.0 -9999.0 -9999.0 -9999.0 -9999.0 -9999.0 -9999.0 -9999.0 -9999.0 -9999.0 -9999.0 -9999.0 -9999.0 -9999.0 -9999.0 -9999.0 392.2 409.6 360.1 372.8 512.2 617.0 481.9 -9999.0 -9999.0 -9999.0 -9999.0 -9999.0 -9999.0 -9999.0 257.6 291.4 378.2 414.8 449.1 430.4 359.8
-9999.0 -9999.0 -9999.0 -9999.0 -9999.0 -9999.0 -9999.0 -9999.0 -9999.0 -9999.0 -9999.0 -9999.0 -9999.0 -9999.0 -9999.0 -9999.0 -9999.0 -9999.0 -9999.0 -9999.0 -9999.0 -9999.0 -9999.0 -9999.0 -9999.0 -9999.0 -9999.0 -9999.0 -9999.0 -9999.0 -9999.0 -9999.0 -9999.0 -9999.0 -9999.0 -9999.0 -9999.0 -9999.0 -9999.0 -9999.0 -9999.0 -9999.0 -9999.0 -9999.0 -9999.0 -9999.0 -9999.0 -9999.0 -9999.0 -9999.0 -9999.0 -9999.0 -9999.0 -9999.0 -9999.0 379.9 532.0 433.2 420.2 522.1 517.7 -9999.0 -9999.0 -9999.0 -9999.0 -9999.0 -9999.0 -9999.0 -9999.0 -9999.0 360.7 -9999.0 -9999.0 -9999.0 -9999.0
