program/excelProcessViaJava/data/SURF_CLI_CHN_PRE_MON_GRID_0.5-198209.txt
NCOLS      128
NROWS       72
XLLCORNER    72.000000000000    
YLLCORNER    18.000000000000    
CELLSIZE    0.50000000000000    
NODATA_VALUE   -9999.000    
[rows 34 to 67 of 72, columns 0 to 75 of 128]
-9999.0 -9999.0 -9999.0 -9999.0 17.8 14.3 10.8 10.1 7.8 7.4 10.3 7.9 9.6 9.9 11.9 12.1 11.7 10.3 8.5 7.3 7.1 6.8 6.7 8.7 13.5 19.3 19.8 24.1 27.6 31.4 34.2 39.0 36.6 35.7 35.0 29.0 29.9 29.4 17.9 9.8 11.7 4.5 4.0 4.0 5.0 6.2 7.6 9.2 11.1 13.8 16.5 20.5 39.3 37.0 40.8 51.4 58.8 65.6 73.8 63.7 83.1 61.1 54.3 50.7 39.8 32.7 51.2 47.1 57.6 77.9 70.7 73.8 76.8 82.2 88.4 94.3
-9999.0 -9999.0 -9999.0 -9999.0 -9999.0 -9999.0 -9999.0 7.6 6.2 6.2 5.1 5.0 6.0 5.8 5.9 8.9 7.5 8.0 7.5 6.8 6.3 6.9 8.2 9.8 12.0 15.1 19.7 24.7 29.8 36.3 40.2 42.9 43.8 44.9 45.6 39.3 40.6 33.7 34.6 31.2 15.9 27.3 23.0 16.1 12.8 12.2 15.1 16.2 19.7 18.3 18.7 21.6 31.1 73.3 68.1 47.2 49.9 52.3 72.6 61.4 86.6 64.0 65.3 65.9 68.0 53.1 61.1 70.6 68.3 73.1 66.2 66.9 73.7 75.9 75.0 78.3
-9999.0 -9999.0 -9999.0 -9999.0 -9999.0 -9999.0 -9999.0 6.0 5.3 4.2 3.7 3.7 3.5 3.2 3.5 3.2 3.5 3.6 3.6 3.9 4.3 5.1 6.2 8.0 10.4 14.0 18.3 25.0 29.6 35.0 42.5 46.9 49.3 53.2 49.6 48.1 43.7 43.1 38.7 33.4 31.0 28.7 29.4 39.2 27.7 24.5 29.4 32.8 46.1 42.6 67.7 65.5 43.8 56.5 82.9 53.3 54.9 61.9 76.5 88.1 81.2 87.4 91.9 98.4 81.3 66.7 61.9 63.2 78.8 63.0 63.2 65.0 71.5 71.2 62.4 68.1
-9999.0 -9999.0 -9999.0 -9999.0 -9999.0 -9999.0 -9999.0 -9999.0 -9999.0 3.2 2.8 2.6 2.2 2.1 2.1 2.2 2.0 2.2 2.1 2.5 2.8 3.4 4.5 6.2 8.7 12.3 17.4 23.6 29.7 38.7 42.6 49.2 53.2 56.7 54.2 53.0 50.4 49.2 44.4 42.5 38.0 38.0 36.9 37.0 43.1 46.7 51.0 53.7 57.9 60.8 71.0 68.4 64.8 62.6 88.7 64.8 60.9 68.2 92.2 95.7 100.9 118.0 125.6 106.1 92.6 71.2 59.2 62.8 83.5 80.6 83.5 79.3 78.6 74.9 70.6 55.8
-9999.0 -9999.0 -9999.0 -9999.0 -9999.0 -9999.0 -9999.0 -9999.0 -9999.0 -9999.0 -9999.0 1.8 1.8 1.4 1.3 1.2 1.1 1.1 1.2 1.3 1.7 2.2 3.2 4.7 7.8 11.2 16.8 23.5 31.1 38.9 46.7 55.1 58.0 61.0 61.0 64.3 59.4 57.4 61.8 52.2 52.0 48.0 46.9 48.7 59.7 59.2 73.2 71.1 76.8 76.6 70.9 74.5 77.4 86.1 103.5 92.4 86.6 103.5 108.3 114.1 132.4 125.5 118.2 103.7 98.8 70.8 68.4 78.0 100.7 122.5 124.0 113.1 97.3 86.1 76.3 63.4
-9999.0 -9999.0 -9999.0 -9999.0 -9999.0 -9999.0 -9999.0 -9999.0 -9999.0 -9999.0 -9999.0 -9999.0 1.2 1.1 0.8 0.8 0.7 0.7 0.7 0.9 0.9 1.3 2.1 3.4 7.2 9.6 14.7 22.6 31.1 41.7 49.7 57.1 62.7 67.2 68.6 67.9 70.9 66.3 63.0 59.7 57.5 57.0 58.3 63.5 68.3 75.6 84.2 81.6 84.5 85.7 98.7 101.0 93.7 85.9 93.4 107.3 121.6 150.5 119.2 159.4 152.0 170.0 163.0 124.7 85.8 102.1 82.9 101.9 134.4 166.0 153.4 123.4 110.2 102.7 96.9 122.1
-9999.0 -9999.0 -9999.0 -9999.0 -9999.0 -9999.0 -9999.0 -9999.0 -9999.0 -9999.0 -9999.0 -9999.0 1.0 0.9 0.8 0.6 0.6 0.5 0.5 0.5 0.6 0.9 1.4 2.5 4.5 8.0 13.4 20.6 30.3 40.4 51.3 60.7 66.2 69.2 70.8 70.6 72.9 73.5 72.3 70.3 67.6 67.1 71.5 72.6 80.5 89.9 90.8 92.0 87.1 95.0 98.3 110.0 103.7 109.6 93.0 115.3 122.9 152.6 145.7 151.1 151.4 153.5 170.8 175.8 92.6 96.3 111.9 134.2 156.4 178.3 201.8 221.8 215.8 159.5 143.0 117.6
-9999.0 -9999.0 -9999.0 -9999.0 -9999.0 -9999.0 -9999.0 -9999.0 -9999.0 -9999.0 -9999.0 -9999.0 -9999.0 0.7 0.6 0.6 0.4 0.4 0.4 0.4 0.5 0.6 1.0 1.9 3.7 7.3 12.6 20.8 30.0 41.1 51.9 61.2 67.7 70.2 69.6 69.6 71.3 74.4 79.6 77.8 76.6 77.4 78.8 85.3 88.2 92.6 99.7 105.9 109.3 111.0 117.4 118.9 121.1 161.7 145.8 139.9 140.9 172.0 219.8 195.5 184.4 159.4 170.4 110.4 103.3 101.1 117.3 154.2 176.7 181.2 157.6 156.0 180.9 180.2 182.4 145.2
-9999.0 -9999.0 -9999.0 -9999.0 -9999.0 -9999.0 -9999.0 -9999.0 -9999.0 -9999.0 -9999.0 -9999.0 1.1 0.9 0.6 0.5 0.5 0.4 0.4 0.4 0.5 0.6 0.9 1.7 3.3 6.4 11.2 18.4 28.1 39.7 51.5 61.4 66.9 68.0 65.7 64.2 66.3 72.1 77.3 79.0 81.5 86.0 91.3 87.8 94.1 99.9 102.5 101.9 107.1 114.7 136.2 160.3 148.4 162.7 147.3 149.2 182.6 146.0 190.3 171.3 174.1 192.6 166.4 188.3 122.3 107.4 187.9 197.5 196.9 222.9 233.0 210.4 180.4 150.6 141.3 131.8
-9999.0 -9999.0 -9999.0 -9999.0 -9999.0 -9999.0 -9999.0 -9999.0 -9999.0 -9999.0 -9999.0 -9999.0 1.7 1.2 0.8 0.8 0.6 0.5 0.4 0.4 0.6 0.7 1.0 1.8 3.4 6.1 10.4 16.9 25.8 36.8 48.8 59.4 64.5 64.5 59.1 54.5 57.3 64.8 73.5 79.3 80.6 83.7 86.9 90.7 95.6 101.2 110.1 112.2 114.6 105.9 119.4 153.4 149.5 146.8 147.8 138.4 168.3 195.1 183.9 224.4 241.1 259.8 149.4 117.4 108.9 141.1 143.7 224.4 239.2 232.9 228.1 219.6 207.7 221.5 215.5 159.6
-9999.0 -9999.0 -9999.0 -9999.0 -9999.0 -9999.0 -9999.0 -9999.0 -9999.0 -9999.0 -9999.0 -9999.0 2.8 1.9 1.4 1.0 0.8 0.7 0.6 0.6 0.9 1.2 1.6 2.6 4.1 6.5 10.1 15.8 22.8 32.2 43.3 53.6 60.6 59.1 51.1 43.5 45.1 55.1 68.6 73.7 81.0 91.2 89.0 98.2 95.4 102.4 109.2 104.9 97.6 102.6 117.7 123.9 202.8 225.8 193.1 134.2 167.3 199.9 224.2 192.1 198.6 203.0 312.3 126.6 105.9 224.3 214.7 222.3 237.3 250.6 243.7 250.9 246.1 258.0 326.7 217.8
-9999.0 -9999.0 -9999.0 -9999.0 -9999.0 -9999.0 -9999.0 -9999.0 -9999.0 -9999.0 -9999.0 -9999.0 -9999.0 4.9 3.3 2.0 1.6 1.4 1.4 1.6 2.8 2.4 3.4 4.6 6.0 8.0 10.7 14.3 19.0 25.4 34.4 44.1 50.8 50.4 41.1 33.3 33.9 47.6 62.1 77.1 85.8 84.7 90.8 93.1 94.5 92.8 96.5 87.3 100.8 102.8 94.9 145.8 153.9 141.2 200.4 209.0 145.9 166.1 220.6 312.0 286.0 454.5 285.4 104.0 207.7 201.6 197.9 206.9 237.8 244.5 244.7 227.7 239.5 189.2 220.8 192.0
-9999.0 -9999.0 -9999.0 -9999.0 -9999.0 -9999.0 -9999.0 -9999.0 -9999.0 -9999.0 -9999.0 -9999.0 -9999.0 8.0 6.4 4.6 4.8 3.7 3.7 4.2 6.0 6.6 7.7 8.6 10.5 11.2 12.3 13.7 15.1 20.1 24.1 30.1 35.8 36.1 29.7 25.3 27.8 40.2 53.5 61.8 81.3 86.8 89.7 89.9 96.8 86.8 85.2 75.7 76.5 79.7 105.5 89.9 141.7 186.9 219.8 202.1 162.2 183.4 250.4 185.2 313.2 181.6 138.0 238.6 213.9 189.5 183.0 207.9 226.4 234.0 223.4 202.6 185.7 197.0 209.2 216.8
-9999.0 -9999.0 -9999.0 -9999.0 -9999.0 -9999.0 -9999.0 -9999.0 -9999.0 -9999.0 -9999.0 -9999.0 -9999.0 -9999.0 -9999.0 10.4 9.6 9.3 9.5 10.8 12.3 13.6 15.5 16.6 17.1 17.0 16.7 14.2 14.8 11.5 13.5 15.9 20.9 21.1 18.4 18.9 21.7 32.1 46.2 61.2 68.4 77.1 82.0 82.2 83.8 87.9 74.0 74.1 68.7 59.5 71.5 137.5 118.7 142.9 110.9 164.8 183.0 153.6 283.3 348.0 183.5 154.6 262.3 245.2 234.2 222.0 221.9 242.3 224.2 196.4 187.1 165.6 197.9 205.2 188.1 223.1
-9999.0 -9999.0 -9999.0 -9999.0 -9999.0 -9999.0 -9999.0 -9999.0 -9999.0 -9999.0 -9999.0 -9999.0 -9999.0 -9999.0 -9999.0 -9999.0 -9999.0 52.7 31.3 -9999.0 31.7 28.1 33.1 34.3 30.1 27.9 23.8 17.7 11.7 9.5 6.3 5.5 12.0 8.6 8.6 8.8 15.0 17.2 28.8 43.7 56.2 66.3 70.0 69.9 111.7 86.2 236.3 74.5 61.6 63.1 68.9 72.3 90.0 125.3 145.1 159.9 138.4 230.5 271.4 334.3 148.8 176.7 244.0 265.6 241.2 224.1 225.5 207.2 179.0 156.6 151.1 186.2 208.5 182.8 197.2 207.9
-9999.0 -9999.0 -9999.0 -9999.0 -9999.0 -9999.0 -9999.0 -9999.0 -9999.0 -9999.0 -9999.0 -9999.0 -9999.0 -9999.0 -9999.0 -9999.0 -9999.0 -9999.0 -9999.0 -9999.0 -9999.0 57.7 56.4 52.7 52.5 55.0 42.5 28.1 15.0 6.8 3.1 2.3 2.7 3.8 4.0 4.0 3.9 5.9 10.8 17.9 31.3 52.8 59.8 59.5 95.8 63.1 316.5 81.8 79.5 202.0 64.7 124.2 129.9 73.4 96.7 144.8 168.6 167.0 313.7 293.7 149.7 142.4 192.3 216.4 240.1 223.1 208.4 164.8 144.3 129.9 137.0 176.2 193.4 190.0 188.3 179.4
-9999.0 -9999.0 -9999.0 -9999.0 -9999.0 -9999.0 -9999.0 -9999.0 -9999.0 -9999.0 -9999.0 -9999.0 -9999.0 -9999.0 -9999.0 -9999.0 -9999.0 -9999.0 -9999.0 -9999.0 -9999.0 -9999.0 -9999.0 134.8 98.1 90.3 72.9 47.9 25.7 11.4 4.7 3.4 8.1 4.9 6.1 4.6 5.8 3.1 10.8 21.3 29.6 44.4 41.5 44.4 86.5 326.8 138.2 114.3 150.3 158.9 76.1 93.7 69.6 74.7 63.8 57.5 118.6 193.4 167.1 259.5 169.3 158.4 135.5 129.5 147.8 197.5 193.8 144.5 115.1 118.3 153.6 183.1 215.8 232.8 206.8 182.5
-9999.0 -9999.0 -9999.0 -9999.0 -9999.0 -9999.0 -9999.0 -9999.0 -9999.0 -9999.0 -9999.0 -9999.0 -9999.0 -9999.0 -9999.0 -9999.0 -9999.0 -9999.0 -9999.0 -9999.0 -9999.0 -9999.0 -9999.0 -9999.0 -9999.0 208.7 144.7 72.4 49.4 40.5 16.7 8.2 7.2 8.3 6.6 8.9 17.7 4.8 13.9 13.4 31.6 28.2 54.1 62.1 203.1 326.0 252.3 426.4 79.4 128.7 91.4 84.2 101.4 95.8 67.7 70.2 102.2 118.0 187.8 211.3 211.1 182.8 284.6 139.0 144.9 182.6 173.0 134.9 132.4 144.3 155.2 196.9 243.0 251.5 221.7 177.8
-9999.0 -9999.0 -9999.0 -9999.0 -9999.0 -9999.0 -9999.0 -9999.0 -9999.0 -9999.0 -9999.0 -9999.0 -9999.0 -9999.0 -9999.0 -9999.0 -9999.0 -9999.0 -9999.0 -9999.0 -9999.0 -9999.0 -9999.0 -9999.0 -9999.0 -9999.0 -9999.0 226.5 186.8 82.9 48.7 32.0 27.3 20.7 17.2 21.7 7.9 6.4 7.1 11.3 23.5 21.9 68.7 178.4 235.1 315.5 389.5 421.1 428.2 223.7 319.1 286.8 101.6 101.4 91.0 95.5 99.4 115.1 144.9 151.8 188.9 182.7 134.5 121.8 123.3 142.2 170.8 157.2 139.0 142.0 161.3 201.5 232.5 232.0 188.3 162.4
-9999.0 -9999.0 -9999.0 -9999.0 -9999.0 -9999.0 -9999.0 -9999.0 -9999.0 -9999.0 -9999.0 -9999.0 -9999.0 -9999.0 -9999.0 -9999.0 -9999.0 -9999.0 -9999.0 -9999.0 -9999.0 -9999.0 -9999.0 -9999.0 -9999.0 -9999.0 -9999.0 -9999.0 -9999.0 -9999.0 -9999.0 -9999.0 -9999.0 63.2 33.6 -9999.0 -9999.0 -9999.0 32.0 17.2 31.5 61.7 64.0 202.6 280.1 318.4 -9999.0 -9999.0 -9999.0 -9999.0 -9999.0 -9999.0 163.6 113.0 122.6 115.9 110.4 135.3 126.4 166.6 179.7 169.6 153.3 134.5 133.8 150.5 165.5 164.5 156.5 152.6 164.5 193.5 211.9 188.4 168.5 157.6
-9999.0 -9999.0 -9999.0 -9999.0 -9999.0 -9999.0 -9999.0 -9999.0 -9999.0 -9999.0 -9999.0 -9999.0 -9999.0 -9999.0 -9999.0 -9999.0 -9999.0 -9999.0 -9999.0 -9999.0 -9999.0 -9999.0 -9999.0 -9999.0 -9999.0 -9999.0 -9999.0 -9999.0 -9999.0 -9999.0 -9999.0 -9999.0 -9999.0 -9999.0 -9999.0 -9999.0 -9999.0 -9999.0 -9999.0 137.2 147.1 170.0 199.2 230.0 -9999.0 -9999.0 -9999.0 -9999.0 -9999.0 -9999.0 -9999.0 -9999.0 164.0 127.2 115.7 115.4 121.9 137.7 163.8 189.3 200.3 170.9 149.2 139.5 128.8 143.3 161.7 179.5 162.1 158.8 177.1 200.5 203.4 190.2 160.1 169.4
-9999.0 -9999.0 -9999.0 -9999.0 -9999.0 -9999.0 -9999.0 -9999.0 -9999.0 -9999.0 -9999.0 -9999.0 -9999.0 -9999.0 -9999.0 -9999.0 -9999.0 -9999.0 -9999.0 -9999.0 -9999.0 -9999.0 -9999.0 -9999.0 -9999.0 -9999.0 -9999.0 -9999.0 -9999.0 -9999.0 -9999.0 -9999.0 -9999.0 -9999.0 -9999.0 -9999.0 -9999.0 -9999.0 -9999.0 -9999.0 -9999.0 -9999.0 -9999.0 -9999.0 -9999.0 -9999.0 -9999.0 -9999.0 -9999.0 -9999.0 -9999.0 -9999.0 194.1 139.3 121.0 103.8 100.2 113.0 140.7 162.7 180.8 174.3 145.3 146.4 142.2 173.0 206.1 189.0 154.8 150.6 179.4 215.0 223.5 208.1 186.8 188.0
-9999.0 -9999.0 -9999.0 -9999.0 -9999.0 -9999.0 -9999.0 -9999.0 -9999.0 -9999.0 -9999.0 -9999.0 -9999.0 -9999.0 -9999.0 -9999.0 -9999.0 -9999.0 -9999.0 -9999.0 -9999.0 -9999.0 -9999.0 -9999.0 -9999.0 -9999.0 -9999.0 -9999.0 -9999.0 -9999.0 -9999.0 -9999.0 -9999.0 -9999.0 -9999.0 -9999.0 -9999.0 -9999.0 -9999.0 -9999.0 -9999.0 -9999.0 -9999.0 -9999.0 -9999.0 -9999.0 -9999.0 -9999.0 -9999.0 -9999.0 -9999.0 229.3 200.2 154.6 142.1 103.9 85.6 86.5 114.4 119.6 134.3 147.0 173.9 174.9 175.3 190.8 203.6 163.0 143.3 143.8 180.9 224.5 243.2 226.5 203.1 178.1
-9999.0 -9999.0 -9999.0 -9999.0 -9999.0 -9999.0 -9999.0 -9999.0 -9999.0 -9999.0 -9999.0 -9999.0 -9999.0 -9999.0 -9999.0 -9999.0 -9999.0 -9999.0 -9999.0 -9999.0 -9999.0 -9999.0 -9999.0 -9999.0 -9999.0 -9999.0 -9999.0 -9999.0 -9999.0 -9999.0 -9999.0 -9999.0 -9999.0 -9999.0 -9999.0 -9999.0 -9999.0 -9999.0 -9999.0 -9999.0 -9999.0 -9999.0 -9999.0 -9999.0 -9999.0 -9999.0 -9999.0 -9999.0 -9999.0 -9999.0 257.4 233.6 211.0 177.4 153.4 109.9 86.8 90.1 103.9 111.1 125.0 130.0 172.9 191.3 200.3 191.3 170.9 144.7 136.5 144.0 184.5 230.2 241.7 210.8 172.2 140.0
-9999.0 -9999.0 -9999.0 -9999.0 -9999.0 -9999.0 -9999.0 -9999.0 -9999.0 -9999.0 -9999.0 -9999.0 -9999.0 -9999.0 -9999.0 -9999.0 -9999.0 -9999.0 -9999.0 -9999.0 -9999.0 -9999.0 -9999.0 -9999.0 -9999.0 -9999.0 -9999.0 -9999.0 -9999.0 -9999.0 -9999.0 -9999.0 -9999.0 -9999.0 -9999.0 -9999.0 -9999.0 -9999.0 -9999.0 -9999.0 -9999.0 -9999.0 -9999.0 -9999.0 -9999.0 -9999.0 -9999.0 -9999.0 -9999.0 -9999.0 245.2 235.0 218.2 194.9 159.1 126.9 120.9 96.6 103.5 112.6 109.6 121.5 151.5 188.0 188.9 155.7 142.9 129.5 137.5 155.5 195.4 234.7 229.4 172.7 118.2 82.2
-9999.0 -9999.0 -9999.0 -9999.0 -9999.0 -9999.0 -9999.0 -9999.0 -9999.0 -9999.0 -9999.0 -9999.0 -9999.0 -9999.0 -9999.0 -9999.0 -9999.0 -9999.0 -9999.0 -9999.0 -9999.0 -9999.0 -9999.0 -9999.0 -9999.0 -9999.0 -9999.0 -9999.0 -9999.0 -9999.0 -9999.0 -9999.0 -9999.0 -9999.0 -9999.0 -9999.0 -9999.0 -9999.0 -9999.0 -9999.0 -9999.0 -9999.0 -9999.0 -9999.0 -9999.0 -9999.0 -9999.0 -9999.0 -9999.0 -9999.0 228.8 224.5 211.2 200.8 169.4 149.2 124.6 127.4 120.5 108.2 102.6 109.9 134.0 155.1 156.7 136.3 133.1 142.1 155.4 184.5 206.4 236.3 198.0 157.5 89.2 66.3
-9999.0 -9999.0 -9999.0 -9999.0 -9999.0 -9999.0 -9999.0 -9999.0 -9999.0 -9999.0 -9999.0 -9999.0 -9999.0 -9999.0 -9999.0 -9999.0 -9999.0 -9999.0 -9999.0 -9999.0 -9999.0 -9999.0 -9999.0 -9999.0 -9999.0 -9999.0 -9999.0 -9999.0 -9999.0 -9999.0 -9999.0 -9999.0 -9999.0 -9999.0 -9999.0 -9999.0 -9999.0 -9999.0 -9999.0 -9999.0 -9999.0 -9999.0 -9999.0 -9999.0 -9999.0 -9999.0 -9999.0 -9999.0 -9999.0 -9999.0 224.8 232.0 216.7 205.6 185.2 169.3 149.5 143.6 136.1 98.8 107.1 108.0 105.4 144.8 138.9 120.8 128.0 159.9 185.6 165.0 200.9 202.6 185.9 151.4 85.7 73.0
-9999.0 -9999.0 -9999.0 -9999.0 -9999.0 -9999.0 -9999.0 -9999.0 -9999.0 -9999.0 -9999.0 -9999.0 -9999.0 -9999.0 -9999.0 -9999.0 -9999.0 -9999.0 -9999.0 -9999.0 -9999.0 -9999.0 -9999.0 -9999.0 -9999.0 -9999.0 -9999.0 -9999.0 -9999.0 -9999.0 -9999.0 -9999.0 -9999.0 -9999.0 -9999.0 -9999.0 -9999.0 -9999.0 -9999.0 -9999.0 -9999.0 -9999.0 -9999.0 -9999.0 -9999.0 -9999.0 -9999.0 -9999.0 -9999.0 -9999.0 -9999.0 -9999.0 -9999.0 219.6 203.8 180.3 159.1 148.3 107.0 108.2 164.9 109.3 182.1 180.8 161.3 141.1 147.1 180.5 203.6 208.0 198.0 188.4 175.7 148.2 105.0 74.6
-9999.0 -9999.0 -9999.0 -9999.0 -9999.0 -9999.0 -9999.0 -9999.0 -9999.0 -9999.0 -9999.0 -9999.0 -9999.0 -9999.0 -9999.0 -9999.0 -9999.0 -9999.0 -9999.0 -9999.0 -9999.0 -9999.0 -9999.0 -9999.0 -9999.0 -9999.0 -9999.0 -9999.0 -9999.0 -9999.0 -9999.0 -9999.0 -9999.0 -9999.0 -9999.0 -9999.0 -9999.0 -9999.0 -9999.0 -9999.0 -9999.0 -9999.0 -9999.0 -9999.0 -9999.0 -9999.0 -9999.0 -9999.0 -9999.0 -9999.0 -9999.0 -9999.0 -9999.0 227.0 202.3 220.4 154.4 128.8 142.9 200.9 201.1 180.9 268.7 224.7 219.3 198.6 171.6 209.1 184.5 190.4 191.2 199.8 206.8 183.5 137.7 128.8
-9999.0 -9999.0 -9999.0 -9999.0 -9999.0 -9999.0 -9999.0 -9999.0 -9999.0 -9999.0 -9999.0 -9999.0 -9999.0 -9999.0 -9999.0 -9999.0 -9999.0 -9999.0 -9999.0 -9999.0 -9999.0 -9999.0 -9999.0 -9999.0 -9999.0 -9999.0 -9999.0 -9999.0 -9999.0 -9999.0 -9999.0 -9999.0 -9999.0 -9999.0 -9999.0 -9999.0 -9999.0 -9999.0 -9999.0 -9999.0 -9999.0 -9999.0 -9999.0 -9999.0 -9999.0 -9999.0 -9999.0 -9999.0 -9999.0 -9999.0 -9999.0 -9999.0 -9999.0 227.9 180.6 194.7 165.6 153.5 188.7 243.2 325.2 340.4 380.7 364.6 238.1 -9999.0 -9999.0 -9999.0 217.3 194.8 232.4 281.9 290.5 252.2 211.1 205.1
-9999.0 -9999.0 -9999.0 -9999.0 -9999.0 -9999.0 -9999.0 -9999.0 -9999.0 -9999.0 -9999.0 -9999.0 -9999.0 -9999.0 -9999.0 -9999.0 -9999.0 -9999.0 -9999.0 -9999.0 -9999.0 -9999.0 -9999.0 -9999.0 -9999.0 -9999.0 -9999.0 -9999.0 -9999.0 -9999.0 -9999.0 -9999.0 -9999.0 -9999.0 -9999.0 -9999.0 -9999.0 -9999.0 -9999.0 -9999.0 -9999.0 -9999.0 -9999.0 -9999.0 -9999.0 -9999.0 -9999.0 -9999.0 -9999.0 -9999.0 -9999.0 -9999.0 -9999.0 -9999.0 209.8 190.7 159.8 173.0 251.3 347.1 334.7 -9999.0 -9999.0 -9999.0 -9999.0 -9999.0 -9999.0 -9999.0 206.3 257.2 356.9 373.9 379.5 353.9 301.1 248.0
-9999.0 -9999.0 -9999.0 -9999.0 -9999.0 -9999.0 -9999.0 -9999.0 -9999.0 -9999.0 -9999.0 -9999.0 -9999.0 -9999.0 -9999.0 -9999.0 -9999.0 -9999.0 -9999.0 -9999.0 -9999.0 -9999.0 -9999.0 -9999.0 -9999.0 -9999.0 -9999.0 -9999.0 -9999.0 -9999.0 -9999.0 -9999.0 -9999.0 -9999.0 -9999.0 -9999.0 -9999.0 -9999.0 -9999.0 -9999.0 -9999.0 -9999.0 -9999.0 -9999.0 -9999.0 -9999.0 -9999.0 -9999.0 -9999.0 -9999.0 -9999.0 -9999.0 -9999.0 -9999.0 -9999.0 195.9 247.7 234.3 278.7 376.3 418.0 -9999.0 -9999.0 -9999.0 -9999.0 -9999.0 -9999.0 -9999.0 -9999.0 -9999.0 351.7 -9999.0 -9999.0 -9999.0 -9999.0 -9999.0
-9999.0 -9999.0 -9999.0 -9999.0 -9999.0 -9999.0 -9999.0 -9999.0 -9999.0 -9999.0 -9999.0 -9999.0 -9999.0 -9999.0 -9999.0 -9999.0 -9999.0 -9999.0 -9999.0 -9999.0 -9999.0 -9999.0 -9999.0 -9999.0 -9999.0 -9999.0 -9999.0 -9999.0 -9999.0 -9999.0 -9999.0 -9999.0 -9999.0 -9999.0 -9999.0 -9999.0 -9999.0 -9999.0 -9999.0 -9999.0 -9999.0 -9999.0 -9999.0 -9999.0 -9999.0 -9999.0 -9999.0 -9999.0 -9999.0 -9999.0 -9999.0 -9999.0 -9999.0 -9999.0 -9999.0 -9999.0 -9999.0 -9999.0 331.1 367.3 -9999.0 -9999.0 -9999.0 -9999.0 -9999.0 -9999.0 -9999.0 -9999.0 -9999.0 -9999.0 -9999.0 -9999.0 -9999.0 -9999.0 -9999.0 411.2
-9999.0 -9999.0 -9999.0 -9999.0 -9999.0 -9999.0 -9999.0 -9999.0 -9999.0 -9999.0 -9999.0 -9999.0 -9999.0 -9999.0 -9999.0 -9999.0 -9999.0 -9999.0 -9999.0 -9999.0 -9999.0 -9999.0 -9999.0 -9999.0 -9999.0 -9999.0 -9999.0 -9999.0 -9999.0 -9999.0 -9999.0 -9999.0 -9999.0 -9999.0 -9999.0 -9999.0 -9999.0 -9999.0 -9999.0 -9999.0 -9999.0 -9999.0 -9999.0 -9999.0 -9999.0 -9999.0 -9999.0 -9999.0 -9999.0 -9999.0 -9999.0 -9999.0 -9999.0 -9999.0 -9999.0 -9999.0 -9999.0 -9999.0 -9999.0 -9999.0 -9999.0 -9999.0 -9999.0 -9999.0 -9999.0 -9999.0 -9999.0 -9999.0 -9999.0 -9999.0 -9999.0 -9999.0 -9999.0 -9999.0 -9999.0 -9999.0
