program/excelProcessViaJava/data/SURF_CLI_CHN_PRE_MON_GRID_0.5-198502.txt
NCOLS      128
NROWS       72
XLLCORNER    72.000000000000    
YLLCORNER    18.000000000000    
CELLSIZE    0.50000000000000    
NODATA_VALUE   -9999.000    
[rows 35 to 69 of 72, columns 0 to 78 of 128]
-9999.0 -9999.0 -9999.0 -9999.0 -9999.0 -9999.0 -9999.0 0.4 1.1 0.5 2.6 2.3 0.6 0.8 0.7 0.2 0.2 0.4 0.7 0.5 0.3 0.3 0.3 0.2 0.1 0.1 0.1 0.1 0.1 0.1 0.1 0.1 0.1 0.2 0.2 0.3 0.4 0.4 0.7 0.8 0.4 1.0 0.8 0.5 0.3 0.1 0.1 0.1 0.2 0.3 0.7 1.1 0.8 0.4 0.2 0.1 0.2 0.2 0.5 0.2 1.0 0.2 0.1 0.1 0.2 0.1 0.3 0.8 0.7 0.9 0.9 1.0 1.5 3.0 5.9 7.0 5.1 5.2 7.7
-9999.0 -9999.0 -9999.0 -9999.0 -9999.0 -9999.0 -9999.0 2.5 0.2 0.9 1.5 0.7 1.1 2.0 1.0 2.3 0.8 0.7 1.1 0.6 0.5 0.5 0.4 0.3 0.2 0.2 0.2 0.2 0.1 0.1 0.1 0.2 0.2 0.2 0.3 0.3 0.4 0.5 0.6 0.7 0.8 0.9 1.0 1.5 0.7 0.4 0.5 0.5 0.7 0.6 0.9 0.9 1.1 0.8 0.7 0.4 0.7 1.1 1.4 1.6 1.3 1.1 0.4 0.3 0.1 0.1 0.3 1.2 2.4 1.5 1.5 1.8 2.5 4.4 6.5 7.2 5.7 3.8 4.6
-9999.0 -9999.0 -9999.0 -9999.0 -9999.0 -9999.0 -9999.0 -9999.0 -9999.0 0.6 0.5 0.4 1.2 1.1 0.8 0.7 1.0 1.9 1.0 1.2 0.8 0.6 0.6 0.5 0.4 0.3 0.3 0.2 0.2 0.2 0.2 0.2 0.2 0.3 0.3 0.3 0.4 0.5 0.6 0.8 0.9 1.1 1.1 1.1 1.3 1.3 1.3 1.2 1.1 1.1 1.2 1.5 1.6 1.5 1.4 1.2 1.9 2.7 2.7 2.7 3.0 4.2 4.7 0.7 0.6 0.3 0.7 3.6 5.7 3.5 2.7 2.7 3.6 5.3 7.1 5.1 3.8 3.3 4.1
-9999.0 -9999.0 -9999.0 -9999.0 -9999.0 -9999.0 -9999.0 -9999.0 -9999.0 -9999.0 -9999.0 0.9 0.2 1.0 0.7 0.9 0.8 0.8 0.8 0.8 0.8 0.7 0.7 0.6 0.5 0.4 0.4 0.3 0.3 0.3 0.3 0.3 0.3 0.3 0.3 0.4 0.4 0.5 0.8 0.8 1.2 1.3 1.4 1.4 2.0 1.8 2.2 1.9 1.7 1.5 1.6 1.9 2.2 2.3 2.4 2.1 2.5 3.3 3.6 3.6 4.5 5.1 4.9 3.1 3.2 1.1 3.7 7.8 9.2 6.5 4.0 4.1 4.9 5.7 5.2 4.5 3.9 3.9 4.9
-9999.0 -9999.0 -9999.0 -9999.0 -9999.0 -9999.0 -9999.0 -9999.0 -9999.0 -9999.0 -9999.0 -9999.0 0.2 0.3 0.6 0.5 1.0 0.7 0.7 0.9 0.8 0.8 0.7 0.8 0.5 0.6 0.6 0.4 0.3 0.3 0.3 0.3 0.3 0.3 0.3 0.3 0.5 0.4 0.5 0.7 1.0 1.3 1.5 1.8 2.0 2.3 2.6 2.3 2.0 1.7 1.9 2.3 2.7 2.6 2.6 2.8 3.3 4.2 3.8 4.6 4.9 6.3 6.6 4.9 2.5 4.8 4.5 9.0 10.9 8.7 4.8 4.8 5.1 5.3 5.9 12.0 6.8 6.4 7.0
-9999.0 -9999.0 -9999.0 -9999.0 -9999.0 -9999.0 -9999.0 -9999.0 -9999.0 -9999.0 -9999.0 -9999.0 0.4 0.2 0.2 0.4 0.4 0.5 0.6 0.6 0.6 0.6 0.7 0.8 1.0 0.7 0.6 0.7 0.4 0.4 0.3 0.3 0.3 0.3 0.3 0.3 0.3 0.4 0.4 0.6 0.8 1.2 1.7 1.8 2.2 2.7 2.4 2.3 2.1 2.1 2.2 2.8 3.0 3.2 2.4 3.2 3.7 4.8 4.3 4.4 4.6 4.5 5.4 6.2 1.9 3.4 4.0 8.5 10.4 8.9 9.2 13.5 15.2 9.6 9.7 8.0 7.5 10.3 9.8
-9999.0 -9999.0 -9999.0 -9999.0 -9999.0 -9999.0 -9999.0 -9999.0 -9999.0 -9999.0 -9999.0 -9999.0 -9999.0 0.1 0.2 0.2 0.2 0.3 0.4 0.5 0.5 0.8 0.6 1.1 1.0 0.5 0.4 0.3 0.3 0.2 0.3 0.3 0.3 0.3 0.4 0.3 0.3 0.2 0.6 0.5 0.7 1.2 1.6 2.3 2.2 2.1 2.5 2.7 2.8 2.9 3.3 3.5 3.3 5.5 4.3 3.8 4.3 6.1 7.9 6.8 6.5 4.5 4.2 0.8 1.0 1.7 4.2 8.8 12.4 10.5 4.9 3.7 6.7 8.4 11.9 8.8 9.0 11.2 13.2
-9999.0 -9999.0 -9999.0 -9999.0 -9999.0 -9999.0 -9999.0 -9999.0 -9999.0 -9999.0 -9999.0 -9999.0 0.0 0.1 0.1 0.1 0.1 0.1 0.2 0.5 0.6 0.8 0.8 1.1 1.2 0.5 0.5 0.5 0.3 0.2 0.2 0.3 0.2 0.3 0.4 0.4 0.3 0.2 0.2 0.3 0.8 1.7 2.6 2.0 2.6 2.8 2.5 2.1 2.7 3.6 5.3 6.8 4.6 5.2 3.5 3.4 5.4 3.8 7.0 7.3 7.6 7.5 4.0 5.0 1.2 1.6 5.2 8.7 14.0 15.9 13.8 7.3 3.6 3.1 4.3 6.0 9.7 16.7 18.7
-9999.0 -9999.0 -9999.0 -9999.0 -9999.0 -9999.0 -9999.0 -9999.0 -9999.0 -9999.0 -9999.0 -9999.0 0.0 0.0 0.0 0.1 0.1 0.1 0.1 0.1 0.5 0.4 0.6 0.9 1.3 1.4 0.9 0.6 0.3 0.3 0.2 0.2 0.2 0.4 0.5 0.5 0.4 0.2 0.1 0.2 0.5 0.9 1.4 2.2 2.8 3.5 4.9 4.8 4.9 3.2 4.4 7.4 4.4 2.7 2.7 2.1 3.6 5.5 5.9 10.7 13.4 14.9 3.9 1.1 1.1 6.2 4.9 11.0 16.1 17.5 12.7 7.5 5.9 9.5 13.0 9.5 13.8 15.2 19.6
-9999.0 -9999.0 -9999.0 -9999.0 -9999.0 -9999.0 -9999.0 -9999.0 -9999.0 -9999.0 -9999.0 -9999.0 0.0 0.0 0.0 0.0 0.0 0.0 0.1 0.1 0.1 0.1 0.5 0.4 0.8 0.3 0.4 0.1 0.3 0.2 0.1 0.1 0.2 0.4 0.6 0.7 0.5 0.3 0.2 0.3 0.6 1.0 2.0 2.1 3.3 5.5 7.2 6.3 4.3 5.1 6.6 4.5 15.5 15.6 8.5 2.8 4.5 6.6 9.7 9.9 13.3 14.1 23.3 3.7 4.3 18.4 12.9 12.5 16.3 18.7 15.9 13.6 12.9 17.7 46.7 21.9 37.2 17.6 20.3
-9999.0 -9999.0 -9999.0 -9999.0 -9999.0 -9999.0 -9999.0 -9999.0 -9999.0 -9999.0 -9999.0 -9999.0 -9999.0 0.0 0.0 0.0 0.0 0.0 0.0 0.0 0.0 0.1 0.2 0.2 0.8 0.5 0.5 0.4 0.1 0.2 0.0 0.1 0.1 0.2 0.4 0.7 0.8 0.4 0.4 0.5 0.8 2.0 3.3 3.6 3.6 4.9 7.6 4.8 9.9 9.8 5.7 13.8 10.9 4.2 12.8 11.6 5.7 6.5 12.1 23.2 25.0 43.0 26.6 5.8 14.2 11.8 9.7 10.9 15.7 18.3 18.1 16.0 17.6 17.5 23.3 24.4 25.2 24.5 27.4
-9999.0 -9999.0 -9999.0 -9999.0 -9999.0 -9999.0 -9999.0 -9999.0 -9999.0 -9999.0 -9999.0 -9999.0 -9999.0 0.0 0.0 0.0 0.0 0.0 0.0 0.0 0.0 0.1 0.1 0.2 1.3 0.6 0.3 0.4 0.1 0.0 0.0 0.0 0.0 0.1 0.3 0.6 0.7 0.6 0.8 2.2 1.5 2.0 2.8 3.9 8.4 6.7 8.1 5.5 7.3 7.9 13.1 4.2 13.9 19.6 20.9 14.3 8.9 10.7 18.3 16.2 33.1 20.8 11.8 18.2 12.7 8.1 7.2 10.4 14.9 18.1 18.2 17.3 18.7 24.3 32.0 40.6 51.9 34.9 33.8
-9999.0 -9999.0 -9999.0 -9999.0 -9999.0 -9999.0 -9999.0 -9999.0 -9999.0 -9999.0 -9999.0 -9999.0 -9999.0 -9999.0 -9999.0 0.0 0.0 0.0 0.0 0.1 0.1 0.2 0.6 0.7 0.5 0.5 0.1 0.1 0.0 0.0 0.0 0.0 0.0 0.1 0.2 0.8 1.8 0.9 1.4 2.0 3.3 3.9 3.9 4.2 4.3 4.8 7.4 3.3 7.7 1.0 6.1 23.1 13.3 16.1 3.8 12.4 11.8 10.3 23.5 33.8 22.0 14.6 28.3 23.6 16.4 11.8 11.4 15.0 17.1 16.2 16.6 17.5 26.0 34.8 41.7 60.0 61.4 70.8 49.2
-9999.0 -9999.0 -9999.0 -9999.0 -9999.0 -9999.0 -9999.0 -9999.0 -9999.0 -9999.0 -9999.0 -9999.0 -9999.0 -9999.0 -9999.0 -9999.0 -9999.0 17.3 2.3 -9999.0 2.3 0.4 2.3 2.8 1.0 1.0 0.1 0.1 0.1 0.0 0.0 0.0 0.0 0.1 0.2 0.5 2.5 1.5 2.8 3.3 3.6 5.3 4.1 4.0 8.2 5.8 11.7 11.9 2.8 6.4 0.3 4.9 0.7 17.3 17.8 15.2 7.9 17.2 21.7 31.1 11.4 21.2 32.2 29.1 21.7 17.6 17.4 18.2 17.4 15.1 16.6 24.9 36.3 42.5 55.6 70.0 68.8 67.6 71.0
-9999.0 -9999.0 -9999.0 -9999.0 -9999.0 -9999.0 -9999.0 -9999.0 -9999.0 -9999.0 -9999.0 -9999.0 -9999.0 -9999.0 -9999.0 -9999.0 -9999.0 -9999.0 -9999.0 -9999.0 -9999.0 3.3 2.5 1.0 2.4 6.3 3.9 1.6 0.2 0.1 0.0 0.1 0.1 0.1 0.1 0.5 1.6 2.7 2.9 1.7 0.9 5.5 5.8 5.0 10.0 6.4 31.3 4.4 15.6 57.4 5.7 27.2 26.3 5.3 10.8 16.7 15.0 9.0 29.0 20.1 10.4 17.2 27.6 26.8 24.5 23.1 22.9 20.9 18.0 14.8 16.4 28.4 40.0 49.2 56.2 63.1 69.8 77.9 93.3
-9999.0 -9999.0 -9999.0 -9999.0 -9999.0 -9999.0 -9999.0 -9999.0 -9999.0 -9999.0 -9999.0 -9999.0 -9999.0 -9999.0 -9999.0 -9999.0 -9999.0 -9999.0 -9999.0 -9999.0 -9999.0 -9999.0 -9999.0 30.6 9.9 10.4 8.0 3.4 0.2 0.2 0.0 0.0 0.0 0.0 0.3 1.1 3.7 4.1 6.9 7.4 5.4 7.0 2.9 2.9 11.2 54.8 13.6 8.5 10.1 11.4 4.0 17.5 4.3 7.9 4.8 1.1 9.0 16.1 0.9 11.5 4.8 8.7 11.5 15.7 19.5 25.3 26.2 23.0 19.5 15.8 23.6 32.3 44.7 56.8 55.5 60.7 76.5 94.1 115.7
-9999.0 -9999.0 -9999.0 -9999.0 -9999.0 -9999.0 -9999.0 -9999.0 -9999.0 -9999.0 -9999.0 -9999.0 -9999.0 -9999.0 -9999.0 -9999.0 -9999.0 -9999.0 -9999.0 -9999.0 -9999.0 -9999.0 -9999.0 -9999.0 -9999.0 77.4 28.8 1.0 0.4 0.1 0.0 0.1 0.1 0.1 0.3 2.1 7.5 5.5 9.7 5.7 9.2 3.0 5.7 7.7 38.7 69.2 44.1 95.4 10.5 15.3 18.9 12.8 20.3 16.8 4.6 3.3 7.1 2.3 9.3 5.5 2.9 3.3 19.7 9.5 14.5 24.0 27.3 24.9 23.3 24.2 23.9 33.0 41.9 58.0 60.5 60.9 78.7 104.6 128.7
-9999.0 -9999.0 -9999.0 -9999.0 -9999.0 -9999.0 -9999.0 -9999.0 -9999.0 -9999.0 -9999.0 -9999.0 -9999.0 -9999.0 -9999.0 -9999.0 -9999.0 -9999.0 -9999.0 -9999.0 -9999.0 -9999.0 -9999.0 -9999.0 -9999.0 -9999.0 -9999.0 98.3 82.9 15.9 7.2 3.8 0.2 2.7 1.0 8.8 3.1 4.0 2.5 3.7 5.7 1.4 11.2 41.2 55.7 78.8 102.9 114.9 122.2 53.6 99.6 92.7 17.6 15.3 11.2 11.9 2.9 0.7 4.7 0.5 0.2 2.2 1.4 2.2 5.5 13.2 22.8 21.6 18.2 18.2 21.0 36.3 37.4 55.5 54.2 63.1 91.6 114.0 131.8
-9999.0 -9999.0 -9999.0 -9999.0 -9999.0 -9999.0 -9999.0 -9999.0 -9999.0 -9999.0 -9999.0 -9999.0 -9999.0 -9999.0 -9999.0 -9999.0 -9999.0 -9999.0 -9999.0 -9999.0 -9999.0 -9999.0 -9999.0 -9999.0 -9999.0 -9999.0 -9999.0 -9999.0 -9999.0 -9999.0 -9999.0 -9999.0 -9999.0 20.9 3.1 -9999.0 -9999.0 -9999.0 9.3 3.5 5.2 12.1 11.1 54.2 79.1 89.8 -9999.0 -9999.0 -9999.0 -9999.0 -9999.0 -9999.0 45.8 24.2 17.3 8.3 4.3 2.1 1.1 0.7 1.3 3.3 1.6 1.6 4.0 9.5 14.6 16.4 16.3 15.5 17.6 35.2 53.8 55.4 73.0 78.8 110.7 130.9 140.1
-9999.0 -9999.0 -9999.0 -9999.0 -9999.0 -9999.0 -9999.0 -9999.0 -9999.0 -9999.0 -9999.0 -9999.0 -9999.0 -9999.0 -9999.0 -9999.0 -9999.0 -9999.0 -9999.0 -9999.0 -9999.0 -9999.0 -9999.0 -9999.0 -9999.0 -9999.0 -9999.0 -9999.0 -9999.0 -9999.0 -9999.0 -9999.0 -9999.0 -9999.0 -9999.0 -9999.0 -9999.0 -9999.0 -9999.0 52.5 50.8 55.0 61.5 68.6 -9999.0 -9999.0 -9999.0 -9999.0 -9999.0 -9999.0 -9999.0 -9999.0 47.5 31.9 20.2 10.4 5.0 3.0 1.9 2.3 4.3 7.1 7.6 3.8 7.5 12.2 16.6 15.9 15.5 19.9 30.6 44.5 51.2 80.5 83.1 108.6 135.9 159.4 156.0
-9999.0 -9999.0 -9999.0 -9999.0 -9999.0 -9999.0 -9999.0 -9999.0 -9999.0 -9999.0 -9999.0 -9999.0 -9999.0 -9999.0 -9999.0 -9999.0 -9999.0 -9999.0 -9999.0 -9999.0 -9999.0 -9999.0 -9999.0 -9999.0 -9999.0 -9999.0 -9999.0 -9999.0 -9999.0 -9999.0 -9999.0 -9999.0 -9999.0 -9999.0 -9999.0 -9999.0 -9999.0 -9999.0 -9999.0 -9999.0 -9999.0 -9999.0 -9999.0 -9999.0 -9999.0 -9999.0 -9999.0 -9999.0 -9999.0 -9999.0 -9999.0 -9999.0 65.5 38.4 25.2 20.4 8.7 4.9 3.8 5.9 7.0 10.2 22.8 7.7 9.9 13.3 17.4 19.1 19.8 24.5 38.3 57.2 92.6 93.9 111.7 131.5 162.8 192.8 203.7
-9999.0 -9999.0 -9999.0 -9999.0 -9999.0 -9999.0 -9999.0 -9999.0 -9999.0 -9999.0 -9999.0 -9999.0 -9999.0 -9999.0 -9999.0 -9999.0 -9999.0 -9999.0 -9999.0 -9999.0 -9999.0 -9999.0 -9999.0 -9999.0 -9999.0 -9999.0 -9999.0 -9999.0 -9999.0 -9999.0 -9999.0 -9999.0 -9999.0 -9999.0 -9999.0 -9999.0 -9999.0 -9999.0 -9999.0 -9999.0 -9999.0 -9999.0 -9999.0 -9999.0 -9999.0 -9999.0 -9999.0 -9999.0 -9999.0 -9999.0 -9999.0 59.8 50.7 43.0 29.4 23.4 15.8 13.4 8.5 1.6 14.6 14.4 9.1 9.9 12.7 18.4 24.0 24.4 26.2 30.9 45.3 60.8 65.1 78.6 116.4 153.2 178.5 219.3 182.6
-9999.0 -9999.0 -9999.0 -9999.0 -9999.0 -9999.0 -9999.0 -9999.0 -9999.0 -9999.0 -9999.0 -9999.0 -9999.0 -9999.0 -9999.0 -9999.0 -9999.0 -9999.0 -9999.0 -9999.0 -9999.0 -9999.0 -9999.0 -9999.0 -9999.0 -9999.0 -9999.0 -9999.0 -9999.0 -9999.0 -9999.0 -9999.0 -9999.0 -9999.0 -9999.0 -9999.0 -9999.0 -9999.0 -9999.0 -9999.0 -9999.0 -9999.0 -9999.0 -9999.0 -9999.0 -9999.0 -9999.0 -9999.0 -9999.0 -9999.0 51.3 54.3 52.3 49.0 39.9 34.9 24.4 13.3 11.8 14.8 11.1 14.4 10.1 13.8 19.9 27.2 33.9 30.8 30.0 30.3 43.5 49.2 70.8 117.5 151.2 168.0 201.9 161.3 187.9
-9999.0 -9999.0 -9999.0 -9999.0 -9999.0 -9999.0 -9999.0 -9999.0 -9999.0 -9999.0 -9999.0 -9999.0 -9999.0 -9999.0 -9999.0 -9999.0 -9999.0 -9999.0 -9999.0 -9999.0 -9999.0 -9999.0 -9999.0 -9999.0 -9999.0 -9999.0 -9999.0 -9999.0 -9999.0 -9999.0 -9999.0 -9999.0 -9999.0 -9999.0 -9999.0 -9999.0 -9999.0 -9999.0 -9999.0 -9999.0 -9999.0 -9999.0 -9999.0 -9999.0 -9999.0 -9999.0 -9999.0 -9999.0 -9999.0 -9999.0 37.9 53.5 40.7 49.9 47.8 40.1 20.1 26.4 20.6 13.2 9.4 10.2 9.7 16.0 24.7 22.1 28.3 25.0 25.2 29.3 45.9 67.5 100.3 145.0 166.1 170.7 160.8 176.5 173.7
-9999.0 -9999.0 -9999.0 -9999.0 -9999.0 -9999.0 -9999.0 -9999.0 -9999.0 -9999.0 -9999.0 -9999.0 -9999.0 -9999.0 -9999.0 -9999.0 -9999.0 -9999.0 -9999.0 -9999.0 -9999.0 -9999.0 -9999.0 -9999.0 -9999.0 -9999.0 -9999.0 -9999.0 -9999.0 -9999.0 -9999.0 -9999.0 -9999.0 -9999.0 -9999.0 -9999.0 -9999.0 -9999.0 -9999.0 -9999.0 -9999.0 -9999.0 -9999.0 -9999.0 -9999.0 -9999.0 -9999.0 -9999.0 -9999.0 -9999.0 26.7 30.3 25.0 49.6 32.5 27.7 34.8 21.2 21.6 10.1 13.9 15.6 15.5 14.5 21.1 21.5 18.9 19.1 22.6 38.6 62.0 98.9 126.6 157.2 154.8 149.8 127.6 155.4 157.0
-9999.0 -9999.0 -9999.0 -9999.0 -9999.0 -9999.0 -9999.0 -9999.0 -9999.0 -9999.0 -9999.0 -9999.0 -9999.0 -9999.0 -9999.0 -9999.0 -9999.0 -9999.0 -9999.0 -9999.0 -9999.0 -9999.0 -9999.0 -9999.0 -9999.0 -9999.0 -9999.0 -9999.0 -9999.0 -9999.0 -9999.0 -9999.0 -9999.0 -9999.0 -9999.0 -9999.0 -9999.0 -9999.0 -9999.0 -9999.0 -9999.0 -9999.0 -9999.0 -9999.0 -9999.0 -9999.0 -9999.0 -9999.0 -9999.0 -9999.0 25.4 32.2 25.3 27.9 23.6 25.8 7.6 13.2 14.0 10.3 18.8 19.8 10.7 16.7 21.8 23.9 29.8 29.1 41.8 41.2 77.3 114.6 144.5 147.7 135.5 132.0 123.0 154.3 145.5
-9999.0 -9999.0 -9999.0 -9999.0 -9999.0 -9999.0 -9999.0 -9999.0 -9999.0 -9999.0 -9999.0 -9999.0 -9999.0 -9999.0 -9999.0 -9999.0 -9999.0 -9999.0 -9999.0 -9999.0 -9999.0 -9999.0 -9999.0 -9999.0 -9999.0 -9999.0 -9999.0 -9999.0 -9999.0 -9999.0 -9999.0 -9999.0 -9999.0 -9999.0 -9999.0 -9999.0 -9999.0 -9999.0 -9999.0 -9999.0 -9999.0 -9999.0 -9999.0 -9999.0 -9999.0 -9999.0 -9999.0 -9999.0 -9999.0 -9999.0 -9999.0 -9999.0 -9999.0 11.8 7.9 5.9 6.4 9.0 8.2 12.6 41.4 12.9 37.9 21.1 23.3 26.3 41.2 38.4 58.7 70.9 84.3 111.6 134.6 133.1 126.9 141.7 148.9 171.5 201.7
-9999.0 -9999.0 -9999.0 -9999.0 -9999.0 -9999.0 -9999.0 -9999.0 -9999.0 -9999.0 -9999.0 -9999.0 -9999.0 -9999.0 -9999.0 -9999.0 -9999.0 -9999.0 -9999.0 -9999.0 -9999.0 -9999.0 -9999.0 -9999.0 -9999.0 -9999.0 -9999.0 -9999.0 -9999.0 -9999.0 -9999.0 -9999.0 -9999.0 -9999.0 -9999.0 -9999.0 -9999.0 -9999.0 -9999.0 -9999.0 -9999.0 -9999.0 -9999.0 -9999.0 -9999.0 -9999.0 -9999.0 -9999.0 -9999.0 -9999.0 -9999.0 -9999.0 -9999.0 11.4 7.7 13.3 5.8 6.7 12.0 28.0 24.0 18.0 38.4 20.5 25.6 33.8 40.1 71.0 76.9 85.2 85.5 101.2 119.4 122.9 127.5 145.9 174.2 155.4 193.5
-9999.0 -9999.0 -9999.0 -9999.0 -9999.0 -9999.0 -9999.0 -9999.0 -9999.0 -9999.0 -9999.0 -9999.0 -9999.0 -9999.0 -9999.0 -9999.0 -9999.0 -9999.0 -9999.0 -9999.0 -9999.0 -9999.0 -9999.0 -9999.0 -9999.0 -9999.0 -9999.0 -9999.0 -9999.0 -9999.0 -9999.0 -9999.0 -9999.0 -9999.0 -9999.0 -9999.0 -9999.0 -9999.0 -9999.0 -9999.0 -9999.0 -9999.0 -9999.0 -9999.0 -9999.0 -9999.0 -9999.0 -9999.0 -9999.0 -9999.0 -9999.0 -9999.0 -9999.0 15.5 12.4 12.3 10.5 11.5 16.6 23.3 32.8 30.8 44.7 49.7 37.7 -9999.0 -9999.0 -9999.0 110.3 106.6 97.2 95.8 104.0 116.1 132.7 149.1 177.9 161.2 95.9
-9999.0 -9999.0 -9999.0 -9999.0 -9999.0 -9999.0 -9999.0 -9999.0 -9999.0 -9999.0 -9999.0 -9999.0 -9999.0 -9999.0 -9999.0 -9999.0 -9999.0 -9999.0 -9999.0 -9999.0 -9999.0 -9999.0 -9999.0 -9999.0 -9999.0 -9999.0 -9999.0 -9999.0 -9999.0 -9999.0 -9999.0 -9999.0 -9999.0 -9999.0 -9999.0 -9999.0 -9999.0 -9999.0 -9999.0 -9999.0 -9999.0 -9999.0 -9999.0 -9999.0 -9999.0 -9999.0 -9999.0 -9999.0 -9999.0 -9999.0 -9999.0 -9999.0 -9999.0 -9999.0 19.9 17.9 16.6 17.3 20.1 29.2 25.6 -9999.0 -9999.0 -9999.0 -9999.0 -9999.0 -9999.0 -9999.0 121.3 121.2 106.4 86.2 89.6 105.3 123.0 139.0 145.3 162.7 191.1
-9999.0 -9999.0 -9999.0 -9999.0 -9999.0 -9999.0 -9999.0 -9999.0 -9999.0 -9999.0 -9999.0 -9999.0 -9999.0 -9999.0 -9999.0 -9999.0 -9999.0 -9999.0 -9999.0 -9999.0 -9999.0 -9999.0 -9999.0 -9999.0 -9999.0 -9999.0 -9999.0 -9999.0 -9999.0 -9999.0 -9999.0 -9999.0 -9999.0 -9999.0 -9999.0 -9999.0 -9999.0 -9999.0 -9999.0 -9999.0 -9999.0 -9999.0 -9999.0 -9999.0 -9999.0 -9999.0 -9999.0 -9999.0 -9999.0 -9999.0 -9999.0 -9999.0 -9999.0 -9999.0 -9999.0 23.7 23.5 21.1 21.2 25.6 29.6 -9999.0 -9999.0 -9999.0 -9999.0 -9999.0 -9999.0 -9999.0 -9999.0 -9999.0 94.5 -9999.0 -9999.0 -9999.0 -9999.0 -9999.0 106.9 -9999.0 -9999.0
-9999.0 -9999.0 -9999.0 -9999.0 -9999.0 -9999.0 -9999.0 -9999.0 -9999.0 -9999.0 -9999.0 -9999.0 -9999.0 -9999.0 -9999.0 -9999.0 -9999.0 -9999.0 -9999.0 -9999.0 -9999.0 -9999.0 -9999.0 -9999.0 -9999.0 -9999.0 -9999.0 -9999.0 -9999.0 -9999.0 -9999.0 -9999.0 -9999.0 -9999.0 -9999.0 -9999.0 -9999.0 -9999.0 -9999.0 -9999.0 -9999.0 -9999.0 -9999.0 -9999.0 -9999.0 -9999.0 -9999.0 -9999.0 -9999.0 -9999.0 -9999.0 -9999.0 -9999.0 -9999.0 -9999.0 -9999.0 -9999.0 -9999.0 26.6 28.0 -9999.0 -9999.0 -9999.0 -9999.0 -9999.0 -9999.0 -9999.0 -9999.0 -9999.0 -9999.0 -9999.0 -9999.0 -9999.0 -9999.0 -9999.0 86.7 97.3 -9999.0 -9999.0
-9999.0 -9999.0 -9999.0 -9999.0 -9999.0 -9999.0 -9999.0 -9999.0 -9999.0 -9999.0 -9999.0 -9999.0 -9999.0 -9999.0 -9999.0 -9999.0 -9999.0 -9999.0 -9999.0 -9999.0 -9999.0 -9999.0 -9999.0 -9999.0 -9999.0 -9999.0 -9999.0 -9999.0 -9999.0 -9999.0 -9999.0 -9999.0 -9999.0 -9999.0 -9999.0 -9999.0 -9999.0 -9999.0 -9999.0 -9999.0 -9999.0 -9999.0 -9999.0 -9999.0 -9999.0 -9999.0 -9999.0 -9999.0 -9999.0 -9999.0 -9999.0 -9999.0 -9999.0 -9999.0 -9999.0 -9999.0 -9999.0 -9999.0 -9999.0 -9999.0 -9999.0 -9999.0 -9999.0 -9999.0 -9999.0 -9999.0 -9999.0 -9999.0 -9999.0 -9999.0 -9999.0 -9999.0 -9999.0 -9999.0 -9999.0 -9999.0 -9999.0 -9999.0 -9999.0
-9999.0 -9999.0 -9999.0 -9999.0 -9999.0 -9999.0 -9999.0 -9999.0 -9999.0 -9999.0 -9999.0 -9999.0 -9999.0 -9999.0 -9999.0 -9999.0 -9999.0 -9999.0 -9999.0 -9999.0 -9999.0 -9999.0 -9999.0 -9999.0 -9999.0 -9999.0 -9999.0 -9999.0 -9999.0 -9999.0 -9999.0 -9999.0 -9999.0 -9999.0 -9999.0 -9999.0 -9999.0 -9999.0 -9999.0 -9999.0 -9999.0 -9999.0 -9999.0 -9999.0 -9999.0 -9999.0 -9999.0 -9999.0 -9999.0 -9999.0 -9999.0 -9999.0 -9999.0 -9999.0 -9999.0 -9999.0 -9999.0 -9999.0 -9999.0 -9999.0 -9999.0 -9999.0 -9999.0 -9999.0 -9999.0 -9999.0 -9999.0 -9999.0 -9999.0 -9999.0 -9999.0 -9999.0 -9999.0 -9999.0 -9999.0 81.4 106.1 109.0 -9999.0
-9999.0 -9999.0 -9999.0 -9999.0 -9999.0 -9999.0 -9999.0 -9999.0 -9999.0 -9999.0 -9999.0 -9999.0 -9999.0 -9999.0 -9999.0 -9999.0 -9999.0 -9999.0 -9999.0 -9999.0 -9999.0 -9999.0 -9999.0 -9999.0 -9999.0 -9999.0 -9999.0 -9999.0 -9999.0 -9999.0 -9999.0 -9999.0 -9999.0 -9999.0 -9999.0 -9999.0 -9999.0 -9999.0 -9999.0 -9999.0 -9999.0 -9999.0 -9999.0 -9999.0 -9999.0 -9999.0 -9999.0 -9999.0 -9999.0 -9999.0 -9999.0 -9999.0 -9999.0 -9999.0 -9999.0 -9999.0 -9999.0 -9999.0 -9999.0 -9999.0 -9999.0 -9999.0 -9999.0 -9999.0 -9999.0 -9999.0 -9999.0 -9999.0 -9999.0 -9999.0 -9999.0 -9999.0 -9999.0 66.4 49.6 59.0 56.6 -9999.0 -9999.0
