program/excelProcessViaJava/data/SURF_CLI_CHN_PRE_MON_GRID_0.5-198409.txt
NCOLS      128
NROWS       72
XLLCORNER    72.000000000000    
YLLCORNER    18.000000000000    
CELLSIZE    0.50000000000000    
NODATA_VALUE   -9999.000    
[rows 33 to 65 of 72, columns 0 to 75 of 128]
-9999.0 -9999.0 -9999.0 -9999.0 0.1 0.5 1.6 3.5 7.3 9.9 15.2 16.8 14.8 8.5 5.0 3.0 1.5 0.8 0.7 0.9 1.1 1.4 1.6 2.0 2.2 2.6 3.0 3.6 3.4 3.3 3.2 3.5 3.7 3.2 3.9 3.4 2.9 1.6 1.3 1.3 1.5 1.6 1.4 1.3 1.1 0.8 0.7 1.3 2.6 1.3 2.3 18.2 42.1 70.5 41.1 52.1 59.0 86.1 86.3 102.6 92.1 71.2 56.0 31.1 14.6 16.1 16.8 9.3 22.1 23.1 24.9 32.7 40.6 48.0 53.7 54.6
-9999.0 -9999.0 -9999.0 -9999.0 0.0 0.1 0.7 1.8 6.0 10.7 13.0 21.3 23.5 25.7 11.5 8.8 6.8 2.1 1.0 1.2 2.4 3.3 4.3 6.3 7.0 5.9 4.9 4.3 4.0 3.9 3.9 3.5 3.9 3.8 3.2 3.1 2.1 1.5 1.5 1.7 1.2 2.0 2.2 2.1 1.7 1.1 0.8 0.6 0.5 0.6 0.9 3.4 39.0 30.7 30.1 42.7 52.7 68.1 82.2 60.7 87.4 63.7 57.0 51.6 32.7 17.9 28.8 22.8 29.3 50.5 43.5 49.9 53.3 58.1 58.8 65.1
-9999.0 -9999.0 -9999.0 -9999.0 -9999.0 -9999.0 -9999.0 1.0 3.7 7.2 13.5 19.0 22.0 26.3 28.0 9.5 17.3 7.9 5.7 9.4 14.4 14.6 12.3 10.1 8.4 7.1 6.0 5.3 4.9 4.3 4.2 4.3 4.3 3.9 3.2 3.2 2.2 1.9 1.5 1.4 1.6 2.4 3.4 3.9 3.8 2.5 3.3 2.4 4.0 1.1 0.7 2.0 14.8 93.0 82.5 34.8 36.8 44.3 87.2 69.4 99.4 74.9 67.3 65.7 63.0 39.1 44.0 53.5 57.3 72.4 71.6 74.4 87.1 93.3 91.5 104.0
-9999.0 -9999.0 -9999.0 -9999.0 -9999.0 -9999.0 -9999.0 0.8 1.9 5.9 10.9 15.7 21.2 25.9 28.0 30.2 28.2 26.0 25.7 20.8 18.1 16.2 13.6 11.6 9.9 8.6 7.7 6.4 6.6 6.6 5.6 5.5 5.5 4.5 4.7 4.0 3.4 2.5 2.0 1.8 1.9 2.5 4.0 8.8 8.2 7.2 10.9 13.9 31.9 26.6 67.5 65.5 28.7 53.1 98.7 44.3 46.7 64.5 92.9 106.9 97.7 102.4 96.3 95.7 76.2 62.0 60.1 67.3 94.5 96.1 110.5 122.9 136.8 147.2 135.5 170.1
-9999.0 -9999.0 -9999.0 -9999.0 -9999.0 -9999.0 -9999.0 -9999.0 -9999.0 4.2 8.4 13.2 19.3 23.9 26.8 27.8 29.0 27.7 25.8 22.9 20.1 17.4 15.1 13.2 11.7 10.7 9.4 8.7 9.0 7.2 9.3 8.4 8.1 7.0 7.7 6.7 5.6 4.2 3.5 2.9 2.9 3.6 5.2 7.9 13.0 18.5 24.9 30.1 37.5 43.2 59.7 56.3 52.1 51.8 95.9 57.8 50.4 67.8 107.0 111.0 112.2 117.9 116.4 103.4 92.9 77.4 72.1 82.6 112.4 128.8 152.6 164.9 183.5 202.9 220.9 189.2
-9999.0 -9999.0 -9999.0 -9999.0 -9999.0 -9999.0 -9999.0 -9999.0 -9999.0 -9999.0 -9999.0 11.7 15.6 21.8 25.7 28.1 28.7 27.8 25.9 23.5 20.5 18.4 16.1 14.8 11.8 11.6 10.2 9.7 9.9 10.7 10.9 9.2 11.3 10.9 11.2 8.2 8.7 7.2 5.3 4.9 4.8 5.7 7.8 11.2 19.2 22.9 38.6 40.5 51.1 53.1 44.6 49.6 55.9 73.7 100.7 89.3 79.7 103.7 112.7 119.1 128.5 118.9 110.6 104.3 100.9 81.6 83.9 100.1 123.1 151.4 179.9 208.3 225.6 237.2 219.6 224.0
-9999.0 -9999.0 -9999.0 -9999.0 -9999.0 -9999.0 -9999.0 -9999.0 -9999.0 -9999.0 -9999.0 -9999.0 14.0 19.0 23.7 26.7 26.3 27.2 25.6 21.8 21.4 19.0 17.0 16.2 10.4 13.5 14.1 11.5 12.1 9.9 12.9 14.2 14.7 13.1 13.3 14.0 11.0 11.8 10.8 9.6 8.9 9.8 12.4 17.0 22.9 31.1 42.1 41.9 48.3 51.5 67.4 67.6 58.6 55.1 72.4 91.7 107.3 133.9 109.9 142.8 136.4 141.0 133.6 117.0 97.5 110.6 103.1 120.6 143.7 174.2 201.8 222.4 245.8 263.3 289.0 320.8
-9999.0 -9999.0 -9999.0 -9999.0 -9999.0 -9999.0 -9999.0 -9999.0 -9999.0 -9999.0 -9999.0 -9999.0 11.4 16.0 19.8 24.3 25.7 26.0 23.4 22.0 20.1 17.6 16.5 16.9 18.1 16.1 15.7 18.0 16.0 18.5 16.2 14.3 17.7 19.5 19.3 21.2 18.1 17.7 17.4 16.3 16.0 16.9 19.6 23.9 30.5 39.7 42.2 44.7 38.0 48.4 47.4 55.2 46.4 59.3 52.6 80.9 92.8 121.3 122.8 133.8 140.2 144.0 147.7 147.3 105.7 112.0 116.1 139.0 168.2 207.3 262.8 312.9 344.3 364.9 359.3 351.4
-9999.0 -9999.0 -9999.0 -9999.0 -9999.0 -9999.0 -9999.0 -9999.0 -9999.0 -9999.0 -9999.0 -9999.0 -9999.0 13.3 16.6 20.7 22.7 23.2 22.4 21.0 19.1 19.1 16.1 18.9 18.2 13.4 13.3 11.4 14.6 16.7 21.3 23.9 20.1 22.0 29.8 30.3 30.3 28.4 23.4 24.9 24.9 25.8 29.1 34.2 38.8 42.1 48.5 55.2 58.1 55.1 52.3 42.6 41.3 78.5 72.9 77.4 88.8 118.4 149.9 153.2 158.3 158.8 162.4 140.6 105.6 115.2 136.1 169.3 215.6 265.4 297.8 379.0 429.1 415.7 383.0 355.4
-9999.0 -9999.0 -9999.0 -9999.0 -9999.0 -9999.0 -9999.0 -9999.0 -9999.0 -9999.0 -9999.0 -9999.0 5.4 8.4 12.3 16.5 16.0 17.8 17.3 18.1 17.8 17.7 16.9 18.2 20.0 14.4 16.3 19.2 20.1 19.9 23.4 30.7 23.5 31.8 33.5 39.5 36.2 42.6 41.0 37.7 34.0 35.2 39.2 44.2 48.9 53.1 54.1 52.6 55.5 55.1 61.7 68.3 49.7 59.8 55.6 64.9 90.1 95.0 127.9 138.7 155.4 169.7 170.7 171.0 144.1 127.0 143.8 184.0 256.4 318.1 396.8 482.5 486.4 396.2 346.4 305.5
-9999.0 -9999.0 -9999.0 -9999.0 -9999.0 -9999.0 -9999.0 -9999.0 -9999.0 -9999.0 -9999.0 -9999.0 2.5 4.9 8.1 8.0 10.0 13.0 13.2 12.0 14.4 13.3 14.5 16.1 20.0 23.0 23.3 24.4 25.0 29.8 33.3 34.1 29.3 44.0 47.9 48.3 54.2 52.6 51.5 50.5 47.0 47.9 50.5 54.2 58.5 62.4 68.3 69.8 68.9 55.6 52.5 61.1 47.7 43.7 48.7 54.6 73.3 96.5 114.4 140.1 158.1 171.9 164.5 144.5 125.8 127.4 147.8 186.9 248.2 343.4 438.7 494.4 469.7 415.7 352.2 270.1
-9999.0 -9999.0 -9999.0 -9999.0 -9999.0 -9999.0 -9999.0 -9999.0 -9999.0 -9999.0 -9999.0 -9999.0 0.6 1.9 3.5 5.3 6.6 5.9 7.3 7.7 6.5 7.0 11.4 11.1 15.4 12.4 16.7 13.0 26.9 30.4 35.3 27.7 44.9 55.3 57.9 57.1 59.6 59.4 59.2 53.5 53.1 57.0 54.2 67.3 66.8 71.3 77.1 76.8 71.1 67.4 64.3 54.2 79.8 80.9 64.7 58.7 72.3 91.0 111.5 124.2 139.2 150.8 170.4 125.8 87.0 129.8 143.4 176.3 236.8 298.3 357.7 416.7 395.1 360.4 381.1 281.9
-9999.0 -9999.0 -9999.0 -9999.0 -9999.0 -9999.0 -9999.0 -9999.0 -9999.0 -9999.0 -9999.0 -9999.0 -9999.0 0.4 0.8 1.7 2.3 3.0 3.1 3.4 2.8 5.8 6.0 6.6 14.0 14.8 18.5 23.7 21.1 36.3 27.0 36.0 39.3 55.3 56.3 48.1 53.6 62.0 59.3 57.7 55.7 52.5 55.9 62.5 73.3 77.8 82.1 81.9 84.9 80.5 69.3 76.1 67.2 56.0 70.5 73.5 74.3 87.0 104.4 128.2 135.3 168.1 144.6 76.5 85.6 97.6 113.6 148.5 196.8 245.3 269.7 270.2 284.5 219.7 251.1 212.7
-9999.0 -9999.0 -9999.0 -9999.0 -9999.0 -9999.0 -9999.0 -9999.0 -9999.0 -9999.0 -9999.0 -9999.0 -9999.0 0.1 0.2 0.4 0.5 0.9 1.3 1.7 1.5 2.3 3.1 5.4 15.2 14.4 15.6 24.7 25.2 11.2 19.0 27.2 44.8 49.8 45.8 50.4 60.0 60.6 56.5 52.1 53.2 53.5 57.1 64.2 73.7 81.0 86.8 87.9 86.8 83.5 84.5 69.5 75.1 80.1 83.5 76.8 75.4 85.4 101.4 99.1 123.3 96.7 65.8 61.8 61.4 68.9 87.1 123.0 157.6 172.0 175.4 176.1 172.6 189.6 211.6 236.0
-9999.0 -9999.0 -9999.0 -9999.0 -9999.0 -9999.0 -9999.0 -9999.0 -9999.0 -9999.0 -9999.0 -9999.0 -9999.0 -9999.0 -9999.0 0.1 0.2 0.3 0.5 1.0 1.0 2.8 5.2 6.7 7.8 10.8 5.4 11.9 7.5 22.2 21.1 31.0 25.7 35.4 49.0 42.9 46.5 60.0 55.5 53.1 52.8 54.7 58.5 66.1 80.3 90.5 90.4 91.0 91.6 79.1 82.2 97.0 80.5 80.0 70.6 77.1 79.8 76.7 102.5 116.2 81.0 63.9 58.6 48.1 46.3 54.2 75.2 107.2 120.5 125.8 128.5 130.1 172.3 185.0 179.7 242.5
-9999.0 -9999.0 -9999.0 -9999.0 -9999.0 -9999.0 -9999.0 -9999.0 -9999.0 -9999.0 -9999.0 -9999.0 -9999.0 -9999.0 -9999.0 -9999.0 -9999.0 1.3 0.8 -9999.0 3.6 2.0 7.6 11.4 7.8 11.4 5.1 10.2 19.8 12.6 22.6 41.8 22.1 59.3 72.9 52.7 46.0 54.7 51.9 51.0 52.2 57.3 61.0 69.3 97.7 94.6 105.7 100.3 88.8 91.6 72.7 82.1 73.3 90.1 90.4 88.9 79.8 97.5 103.6 113.1 67.8 61.4 49.1 40.6 38.9 45.0 60.8 78.9 88.2 103.2 115.1 166.9 186.2 172.6 182.2 205.8
-9999.0 -9999.0 -9999.0 -9999.0 -9999.0 -9999.0 -9999.0 -9999.0 -9999.0 -9999.0 -9999.0 -9999.0 -9999.0 -9999.0 -9999.0 -9999.0 -9999.0 -9999.0 -9999.0 -9999.0 -9999.0 4.6 5.2 3.1 9.6 27.0 27.7 26.6 22.0 33.0 29.3 64.8 63.6 59.2 63.4 47.3 49.5 48.3 43.8 43.0 47.3 59.4 66.3 73.5 98.5 92.5 112.0 94.0 111.0 163.5 92.2 120.5 116.1 88.5 94.8 103.3 103.6 97.5 127.0 113.9 84.4 70.5 45.1 36.9 39.0 44.8 51.5 58.3 67.7 98.7 148.1 187.4 191.3 161.0 128.4 111.4
-9999.0 -9999.0 -9999.0 -9999.0 -9999.0 -9999.0 -9999.0 -9999.0 -9999.0 -9999.0 -9999.0 -9999.0 -9999.0 -9999.0 -9999.0 -9999.0 -9999.0 -9999.0 -9999.0 -9999.0 -9999.0 -9999.0 -9999.0 45.1 22.7 31.6 35.3 30.3 15.8 29.8 26.5 28.4 21.1 35.5 35.4 40.1 44.3 44.7 49.0 52.4 54.8 63.9 66.9 77.8 97.2 119.0 100.7 94.7 87.7 82.1 83.1 118.6 91.1 104.8 96.0 80.4 108.2 123.7 111.9 124.1 115.4 94.2 62.3 36.0 37.0 49.9 52.9 53.4 99.3 119.8 190.4 203.8 182.6 152.7 97.4 71.3
-9999.0 -9999.0 -9999.0 -9999.0 -9999.0 -9999.0 -9999.0 -9999.0 -9999.0 -9999.0 -9999.0 -9999.0 -9999.0 -9999.0 -9999.0 -9999.0 -9999.0 -9999.0 -9999.0 -9999.0 -9999.0 -9999.0 -9999.0 -9999.0 -9999.0 123.5 76.2 9.1 12.8 8.7 19.4 40.6 48.0 38.9 43.8 39.4 45.0 43.9 51.1 48.7 61.3 61.4 76.1 85.5 107.4 119.5 109.3 125.9 103.5 88.2 127.8 114.3 133.3 128.6 89.9 91.9 116.2 116.8 134.6 133.3 128.2 106.1 97.8 37.7 39.4 53.6 65.2 108.5 157.2 187.7 192.4 179.2 123.3 114.1 89.6 58.8
-9999.0 -9999.0 -9999.0 -9999.0 -9999.0 -9999.0 -9999.0 -9999.0 -9999.0 -9999.0 -9999.0 -9999.0 -9999.0 -9999.0 -9999.0 -9999.0 -9999.0 -9999.0 -9999.0 -9999.0 -9999.0 -9999.0 -9999.0 -9999.0 -9999.0 -9999.0 -9999.0 175.1 181.9 92.6 80.2 77.1 29.9 77.9 45.2 84.6 43.1 42.1 44.0 46.8 58.1 60.1 79.6 101.5 109.4 118.1 125.6 129.1 130.9 104.1 122.5 123.9 112.8 103.2 102.2 119.2 105.0 113.3 138.7 133.7 121.5 111.4 56.7 37.5 33.1 47.1 78.9 103.2 142.2 166.1 155.1 149.2 84.1 75.9 56.3 44.8
-9999.0 -9999.0 -9999.0 -9999.0 -9999.0 -9999.0 -9999.0 -9999.0 -9999.0 -9999.0 -9999.0 -9999.0 -9999.0 -9999.0 -9999.0 -9999.0 -9999.0 -9999.0 -9999.0 -9999.0 -9999.0 -9999.0 -9999.0 -9999.0 -9999.0 -9999.0 -9999.0 -9999.0 -9999.0 -9999.0 -9999.0 -9999.0 -9999.0 118.8 60.1 -9999.0 -9999.0 -9999.0 64.6 51.0 60.8 73.7 78.1 102.3 112.1 116.9 -9999.0 -9999.0 -9999.0 -9999.0 -9999.0 -9999.0 113.2 135.9 99.2 100.3 110.6 103.9 118.3 120.6 124.7 109.4 65.1 40.5 36.0 53.7 97.4 151.6 164.0 133.3 108.6 115.6 95.1 57.2 48.9 36.5
-9999.0 -9999.0 -9999.0 -9999.0 -9999.0 -9999.0 -9999.0 -9999.0 -9999.0 -9999.0 -9999.0 -9999.0 -9999.0 -9999.0 -9999.0 -9999.0 -9999.0 -9999.0 -9999.0 -9999.0 -9999.0 -9999.0 -9999.0 -9999.0 -9999.0 -9999.0 -9999.0 -9999.0 -9999.0 -9999.0 -9999.0 -9999.0 -9999.0 -9999.0 -9999.0 -9999.0 -9999.0 -9999.0 -9999.0 94.6 92.6 94.3 97.8 101.9 -9999.0 -9999.0 -9999.0 -9999.0 -9999.0 -9999.0 -9999.0 -9999.0 121.6 156.8 129.1 116.2 112.5 102.3 96.9 104.2 111.3 103.3 75.9 48.0 43.7 64.5 112.0 147.1 140.5 144.8 130.6 111.6 81.1 70.6 43.2 32.7
-9999.0 -9999.0 -9999.0 -9999.0 -9999.0 -9999.0 -9999.0 -9999.0 -9999.0 -9999.0 -9999.0 -9999.0 -9999.0 -9999.0 -9999.0 -9999.0 -9999.0 -9999.0 -9999.0 -9999.0 -9999.0 -9999.0 -9999.0 -9999.0 -9999.0 -9999.0 -9999.0 -9999.0 -9999.0 -9999.0 -9999.0 -9999.0 -9999.0 -9999.0 -9999.0 -9999.0 -9999.0 -9999.0 -9999.0 -9999.0 -9999.0 -9999.0 -9999.0 -9999.0 -9999.0 -9999.0 -9999.0 -9999.0 -9999.0 -9999.0 -9999.0 -9999.0 111.5 173.6 144.6 157.5 128.7 107.0 93.1 98.6 96.6 95.5 110.7 63.1 62.1 79.4 100.7 118.0 118.7 117.5 119.8 121.2 136.1 87.0 62.0 40.7
-9999.0 -9999.0 -9999.0 -9999.0 -9999.0 -9999.0 -9999.0 -9999.0 -9999.0 -9999.0 -9999.0 -9999.0 -9999.0 -9999.0 -9999.0 -9999.0 -9999.0 -9999.0 -9999.0 -9999.0 -9999.0 -9999.0 -9999.0 -9999.0 -9999.0 -9999.0 -9999.0 -9999.0 -9999.0 -9999.0 -9999.0 -9999.0 -9999.0 -9999.0 -9999.0 -9999.0 -9999.0 -9999.0 -9999.0 -9999.0 -9999.0 -9999.0 -9999.0 -9999.0 -9999.0 -9999.0 -9999.0 -9999.0 -9999.0 -9999.0 -9999.0 123.3 123.1 169.8 109.2 137.0 125.8 120.7 92.3 63.0 108.8 103.1 87.6 83.9 86.8 95.3 84.0 51.0 89.0 91.4 111.3 127.8 110.7 87.8 82.2 68.3
-9999.0 -9999.0 -9999.0 -9999.0 -9999.0 -9999.0 -9999.0 -9999.0 -9999.0 -9999.0 -9999.0 -9999.0 -9999.0 -9999.0 -9999.0 -9999.0 -9999.0 -9999.0 -9999.0 -9999.0 -9999.0 -9999.0 -9999.0 -9999.0 -9999.0 -9999.0 -9999.0 -9999.0 -9999.0 -9999.0 -9999.0 -9999.0 -9999.0 -9999.0 -9999.0 -9999.0 -9999.0 -9999.0 -9999.0 -9999.0 -9999.0 -9999.0 -9999.0 -9999.0 -9999.0 -9999.0 -9999.0 -9999.0 -9999.0 -9999.0 126.4 140.8 145.0 157.6 115.9 132.2 105.2 87.1 86.6 99.1 92.1 108.6 99.1 105.8 115.6 109.2 99.9 62.0 85.8 83.2 114.8 112.0 107.5 120.5 121.3 118.4
-9999.0 -9999.0 -9999.0 -9999.0 -9999.0 -9999.0 -9999.0 -9999.0 -9999.0 -9999.0 -9999.0 -9999.0 -9999.0 -9999.0 -9999.0 -9999.0 -9999.0 -9999.0 -9999.0 -9999.0 -9999.0 -9999.0 -9999.0 -9999.0 -9999.0 -9999.0 -9999.0 -9999.0 -9999.0 -9999.0 -9999.0 -9999.0 -9999.0 -9999.0 -9999.0 -9999.0 -9999.0 -9999.0 -9999.0 -9999.0 -9999.0 -9999.0 -9999.0 -9999.0 -9999.0 -9999.0 -9999.0 -9999.0 -9999.0 -9999.0 129.4 174.9 151.5 150.6 148.6 120.9 81.9 121.4 113.6 97.3 91.6 98.8 98.8 115.3 131.1 100.8 91.3 60.5 74.1 85.6 114.5 118.1 110.8 107.0 99.2 86.3
-9999.0 -9999.0 -9999.0 -9999.0 -9999.0 -9999.0 -9999.0 -9999.0 -9999.0 -9999.0 -9999.0 -9999.0 -9999.0 -9999.0 -9999.0 -9999.0 -9999.0 -9999.0 -9999.0 -9999.0 -9999.0 -9999.0 -9999.0 -9999.0 -9999.0 -9999.0 -9999.0 -9999.0 -9999.0 -9999.0 -9999.0 -9999.0 -9999.0 -9999.0 -9999.0 -9999.0 -9999.0 -9999.0 -9999.0 -9999.0 -9999.0 -9999.0 -9999.0 -9999.0 -9999.0 -9999.0 -9999.0 -9999.0 -9999.0 -9999.0 126.9 162.1 169.7 210.1 140.8 117.1 170.1 134.0 142.2 109.5 111.3 109.1 102.4 103.9 122.7 121.1 99.1 79.8 78.1 123.0 121.0 170.1 100.6 127.6 85.2 81.8
-9999.0 -9999.0 -9999.0 -9999.0 -9999.0 -9999.0 -9999.0 -9999.0 -9999.0 -9999.0 -9999.0 -9999.0 -9999.0 -9999.0 -9999.0 -9999.0 -9999.0 -9999.0 -9999.0 -9999.0 -9999.0 -9999.0 -9999.0 -9999.0 -9999.0 -9999.0 -9999.0 -9999.0 -9999.0 -9999.0 -9999.0 -9999.0 -9999.0 -9999.0 -9999.0 -9999.0 -9999.0 -9999.0 -9999.0 -9999.0 -9999.0 -9999.0 -9999.0 -9999.0 -9999.0 -9999.0 -9999.0 -9999.0 -9999.0 -9999.0 158.5 207.7 202.5 209.2 185.2 195.2 118.2 159.5 163.1 128.3 137.1 114.3 89.3 102.0 119.7 130.8 144.2 135.0 152.7 87.4 135.6 139.0 142.6 152.1 95.8 90.7
-9999.0 -9999.0 -9999.0 -9999.0 -9999.0 -9999.0 -9999.0 -9999.0 -9999.0 -9999.0 -9999.0 -9999.0 -9999.0 -9999.0 -9999.0 -9999.0 -9999.0 -9999.0 -9999.0 -9999.0 -9999.0 -9999.0 -9999.0 -9999.0 -9999.0 -9999.0 -9999.0 -9999.0 -9999.0 -9999.0 -9999.0 -9999.0 -9999.0 -9999.0 -9999.0 -9999.0 -9999.0 -9999.0 -9999.0 -9999.0 -9999.0 -9999.0 -9999.0 -9999.0 -9999.0 -9999.0 -9999.0 -9999.0 -9999.0 -9999.0 -9999.0 -9999.0 -9999.0 195.1 168.6 151.7 165.6 191.5 152.5 153.5 235.6 125.9 154.6 133.7 133.2 139.6 169.6 142.0 168.5 173.4 175.3 183.0 190.6 183.4 140.3 80.0
-9999.0 -9999.0 -9999.0 -9999.0 -9999.0 -9999.0 -9999.0 -9999.0 -9999.0 -9999.0 -9999.0 -9999.0 -9999.0 -9999.0 -9999.0 -9999.0 -9999.0 -9999.0 -9999.0 -9999.0 -9999.0 -9999.0 -9999.0 -9999.0 -9999.0 -9999.0 -9999.0 -9999.0 -9999.0 -9999.0 -9999.0 -9999.0 -9999.0 -9999.0 -9999.0 -9999.0 -9999.0 -9999.0 -9999.0 -9999.0 -9999.0 -9999.0 -9999.0 -9999.0 -9999.0 -9999.0 -9999.0 -9999.0 -9999.0 -9999.0 -9999.0 -9999.0 -9999.0 198.9 167.3 267.3 176.5 166.9 195.4 272.4 212.1 172.5 240.8 176.5 165.6 157.9 120.8 196.5 150.9 176.8 204.7 246.6 277.1 255.7 185.1 131.0
-9999.0 -9999.0 -9999.0 -9999.0 -9999.0 -9999.0 -9999.0 -9999.0 -9999.0 -9999.0 -9999.0 -9999.0 -9999.0 -9999.0 -9999.0 -9999.0 -9999.0 -9999.0 -9999.0 -9999.0 -9999.0 -9999.0 -9999.0 -9999.0 -9999.0 -9999.0 -9999.0 -9999.0 -9999.0 -9999.0 -9999.0 -9999.0 -9999.0 -9999.0 -9999.0 -9999.0 -9999.0 -9999.0 -9999.0 -9999.0 -9999.0 -9999.0 -9999.0 -9999.0 -9999.0 -9999.0 -9999.0 -9999.0 -9999.0 -9999.0 -9999.0 -9999.0 -9999.0 204.7 146.0 219.9 208.6 189.4 210.8 217.4 279.5 269.7 320.1 292.2 163.4 -9999.0 -9999.0 -9999.0 196.0 187.9 250.1 328.2 348.7 298.1 227.0 180.1
-9999.0 -9999.0 -9999.0 -9999.0 -9999.0 -9999.0 -9999.0 -9999.0 -9999.0 -9999.0 -9999.0 -9999.0 -9999.0 -9999.0 -9999.0 -9999.0 -9999.0 -9999.0 -9999.0 -9999.0 -9999.0 -9999.0 -9999.0 -9999.0 -9999.0 -9999.0 -9999.0 -9999.0 -9999.0 -9999.0 -9999.0 -9999.0 -9999.0 -9999.0 -9999.0 -9999.0 -9999.0 -9999.0 -9999.0 -9999.0 -9999.0 -9999.0 -9999.0 -9999.0 -9999.0 -9999.0 -9999.0 -9999.0 -9999.0 -9999.0 -9999.0 -9999.0 -9999.0 -9999.0 206.2 208.1 164.3 152.9 219.5 283.6 179.5 -9999.0 -9999.0 -9999.0 -9999.0 -9999.0 -9999.0 -9999.0 172.3 233.2 337.1 341.3 338.1 304.3 242.7 188.5
-9999.0 -9999.0 -9999.0 -9999.0 -9999.0 -9999.0 -9999.0 -9999.0 -9999.0 -9999.0 -9999.0 -9999.0 -9999.0 -9999.0 -9999.0 -9999.0 -9999.0 -9999.0 -9999.0 -9999.0 -9999.0 -9999.0 -9999.0 -9999.0 -9999.0 -9999.0 -9999.0 -9999.0 -9999.0 -9999.0 -9999.0 -9999.0 -9999.0 -9999.0 -9999.0 -9999.0 -9999.0 -9999.0 -9999.0 -9999.0 -9999.0 -9999.0 -9999.0 -9999.0 -9999.0 -9999.0 -9999.0 -9999.0 -9999.0 -9999.0 -9999.0 -9999.0 -9999.0 -9999.0 -9999.0 180.8 272.2 184.5 153.0 200.9 192.1 -9999.0 -9999.0 -9999.0 -9999.0 -9999.0 -9999.0 -9999.0 -9999.0 -9999.0 279.8 -9999.0 -9999.0 -9999.0 -9999.0 -9999.0
