program/excelProcessViaJava/data/SURF_CLI_CHN_PRE_MON_GRID_0.5-199608.txt
NCOLS      128
NROWS       72
XLLCORNER    72.000000000000    
YLLCORNER    18.000000000000    
CELLSIZE    0.50000000000000    
NODATA_VALUE   -9999.000    
[rows 33 to 65 of 72, columns 0 to 74 of 128]
-9999.0 -9999.0 -9999.0 -9999.0 0.1 0.1 0.5 1.9 5.2 10.8 13.8 14.3 11.7 6.4 4.7 4.3 3.5 3.0 2.9 2.9 2.2 1.6 1.4 2.1 3.7 8.3 14.4 155.1 61.8 75.0 86.2 71.8 65.3 79.7 48.7 47.2 39.8 94.9 74.3 35.7 11.6 6.0 5.4 4.6 5.2 6.4 9.0 15.3 23.0 22.6 29.4 58.9 95.2 139.5 117.4 135.8 140.2 168.4 152.5 159.9 130.1 86.5 58.9 30.9 23.4 32.0 43.6 39.9 68.9 76.1 79.4 86.0 89.6 96.9 108.6
-9999.0 -9999.0 -9999.0 -9999.0 0.0 0.1 0.3 1.1 3.0 7.4 9.7 21.3 23.9 31.0 13.1 13.6 14.5 7.3 4.5 3.9 5.4 5.7 7.7 29.6 93.6 141.6 90.7 93.3 84.8 82.4 77.6 91.2 71.2 68.1 71.8 57.9 77.4 95.1 57.0 30.0 54.8 13.1 10.5 7.0 8.0 9.8 11.9 14.5 17.7 22.6 27.0 36.1 85.0 83.2 90.6 110.8 121.7 133.7 135.8 94.3 104.5 64.9 47.9 40.5 35.3 35.8 50.3 50.9 60.8 86.5 77.8 79.7 82.9 96.1 107.7
-9999.0 -9999.0 -9999.0 -9999.0 -9999.0 -9999.0 -9999.0 0.5 1.4 3.4 11.7 20.1 20.3 31.4 40.1 13.0 30.2 17.6 15.1 26.1 57.7 91.9 102.3 97.1 92.3 89.5 99.2 100.5 98.3 108.2 99.6 91.8 82.8 85.0 92.9 73.5 95.6 82.4 109.4 114.7 48.9 128.3 109.2 62.7 32.0 18.3 26.7 25.6 32.3 25.9 25.3 30.8 49.4 120.1 116.3 86.0 87.3 86.7 117.4 82.1 98.1 59.7 51.1 48.3 50.2 48.1 53.0 59.8 60.4 73.1 70.8 71.9 89.2 107.9 119.1
-9999.0 -9999.0 -9999.0 -9999.0 -9999.0 -9999.0 -9999.0 0.4 0.8 2.4 7.2 10.8 20.3 38.4 38.6 74.0 55.4 60.7 95.9 73.1 75.8 101.7 94.0 97.4 93.5 94.8 91.9 109.0 88.4 81.2 94.7 90.5 84.4 96.6 77.3 78.3 71.2 86.4 86.1 81.6 89.6 92.5 101.7 143.9 71.0 40.9 50.0 51.6 78.0 60.9 100.6 84.3 49.2 65.5 99.5 75.2 79.9 86.6 95.7 95.8 73.5 61.2 54.4 55.8 55.3 52.6 51.2 51.4 68.5 64.7 73.2 85.2 108.0 126.0 124.8
-9999.0 -9999.0 -9999.0 -9999.0 -9999.0 -9999.0 -9999.0 -9999.0 -9999.0 1.4 3.6 6.9 18.3 26.4 31.2 36.5 55.9 102.2 83.3 117.6 100.6 88.5 90.1 93.5 93.6 89.9 96.5 95.6 83.2 101.0 72.3 76.7 74.4 80.1 63.3 62.3 60.4 68.9 64.3 74.1 70.5 85.6 84.3 76.7 90.1 85.0 81.8 76.2 76.5 73.1 79.4 62.6 50.3 47.0 73.2 63.5 66.6 70.8 83.5 77.3 74.5 79.8 74.4 57.1 55.7 50.2 44.5 45.4 71.0 74.7 90.8 102.2 130.4 148.6 148.6
-9999.0 -9999.0 -9999.0 -9999.0 -9999.0 -9999.0 -9999.0 -9999.0 -9999.0 -9999.0 -9999.0 8.3 7.4 25.1 28.6 42.5 50.3 57.4 65.7 81.5 103.8 95.2 103.5 96.4 123.9 107.6 113.2 108.6 98.9 86.8 81.0 90.9 71.0 68.7 60.6 79.6 59.6 60.1 96.6 63.6 78.2 69.9 67.1 67.4 102.5 77.3 108.4 84.3 89.1 78.4 57.0 49.4 42.7 45.6 61.9 61.7 66.9 75.9 71.3 68.8 79.3 72.7 63.9 58.5 60.9 43.3 35.6 43.8 68.8 95.2 108.6 126.2 143.3 151.4 125.0
-9999.0 -9999.0 -9999.0 -9999.0 -9999.0 -9999.0 -9999.0 -9999.0 -9999.0 -9999.0 -9999.0 -9999.0 6.1 10.7 28.1 30.8 64.1 59.4 70.9 107.6 78.2 93.5 101.6 98.0 159.6 108.2 97.1 111.6 100.5 112.4 87.0 76.9 70.9 76.5 72.6 63.3 84.2 59.3 49.3 43.0 43.0 47.9 55.1 72.9 77.4 86.8 98.4 74.5 77.0 73.2 80.1 62.9 41.7 33.1 41.9 60.1 74.5 89.6 60.5 79.3 75.7 91.7 91.4 71.1 52.8 63.7 39.6 52.9 80.5 114.8 107.0 89.9 98.8 111.0 120.3
-9999.0 -9999.0 -9999.0 -9999.0 -9999.0 -9999.0 -9999.0 -9999.0 -9999.0 -9999.0 -9999.0 -9999.0 11.5 7.3 10.7 30.3 27.8 43.8 75.2 81.7 90.6 109.0 111.5 103.1 93.8 105.0 104.5 91.0 95.8 82.5 86.4 90.7 74.1 65.8 65.4 56.6 69.6 67.5 55.9 47.3 38.2 40.1 64.1 56.1 79.2 99.6 82.8 75.8 58.8 70.8 60.4 55.6 37.9 41.3 41.2 61.9 68.7 77.4 62.5 62.8 67.4 74.4 90.4 100.5 44.5 46.9 49.1 60.2 79.4 109.9 156.9 214.0 236.1 178.8 159.9
-9999.0 -9999.0 -9999.0 -9999.0 -9999.0 -9999.0 -9999.0 -9999.0 -9999.0 -9999.0 -9999.0 -9999.0 -9999.0 9.0 24.1 15.7 34.8 38.4 48.5 62.3 82.3 83.0 111.6 96.5 105.2 132.6 130.1 137.2 114.0 100.6 82.0 71.8 77.6 70.8 52.2 50.8 51.1 55.8 88.6 60.0 50.9 56.4 57.3 80.6 75.6 76.1 93.0 102.3 99.0 84.9 70.9 48.8 40.9 75.4 67.1 70.9 71.7 81.3 104.9 82.5 81.7 73.6 84.4 46.9 52.2 41.4 48.9 70.2 86.9 101.7 86.1 103.1 152.5 163.8 181.4
-9999.0 -9999.0 -9999.0 -9999.0 -9999.0 -9999.0 -9999.0 -9999.0 -9999.0 -9999.0 -9999.0 -9999.0 3.9 14.6 19.9 18.7 46.2 47.7 60.4 55.6 68.8 82.3 100.2 103.8 105.3 133.6 124.6 112.2 105.3 100.4 86.8 69.6 76.8 58.8 55.1 46.9 56.2 45.0 44.6 45.9 67.7 85.1 100.2 63.3 82.5 95.5 94.4 85.5 90.6 85.4 91.9 94.9 58.8 70.3 63.9 70.4 90.5 60.5 80.2 69.7 75.9 93.2 77.7 97.1 49.1 45.6 152.6 107.9 94.1 124.6 145.6 134.6 112.6 93.0 100.1
-9999.0 -9999.0 -9999.0 -9999.0 -9999.0 -9999.0 -9999.0 -9999.0 -9999.0 -9999.0 -9999.0 -9999.0 5.6 3.8 10.0 41.7 48.3 36.4 48.1 74.7 69.8 96.9 106.7 113.6 110.4 109.6 112.0 109.0 104.3 91.9 81.5 73.6 72.3 52.5 45.3 43.2 39.1 42.6 42.6 35.6 38.3 38.6 46.2 62.0 80.5 102.1 133.0 129.8 119.9 76.4 71.8 90.9 64.3 58.2 62.9 60.1 77.0 88.7 75.4 103.2 120.8 143.9 63.8 45.7 45.2 181.8 94.7 139.4 120.0 110.0 107.8 101.9 99.0 138.1 169.9
-9999.0 -9999.0 -9999.0 -9999.0 -9999.0 -9999.0 -9999.0 -9999.0 -9999.0 -9999.0 -9999.0 -9999.0 1.1 8.1 6.9 15.9 24.7 60.5 58.7 74.6 112.7 129.3 113.7 134.1 128.3 147.9 135.0 145.2 109.7 99.9 88.4 87.7 65.7 53.5 45.5 40.9 38.9 40.1 38.3 42.5 38.1 33.4 65.3 44.7 80.6 128.3 154.1 134.5 100.0 93.7 92.9 71.5 151.6 156.2 107.3 60.7 79.0 94.6 105.6 79.5 87.5 97.7 201.8 58.7 107.7 315.8 208.5 137.8 108.8 101.2 91.2 108.2 112.5 153.5 261.1
-9999.0 -9999.0 -9999.0 -9999.0 -9999.0 -9999.0 -9999.0 -9999.0 -9999.0 -9999.0 -9999.0 -9999.0 -9999.0 16.9 21.7 16.5 29.6 38.3 67.8 90.5 139.8 115.5 140.4 156.1 132.2 139.7 134.3 124.5 125.9 103.3 104.6 88.2 76.7 61.2 52.0 51.5 47.2 42.4 43.3 40.7 40.8 69.6 91.3 90.8 79.4 104.9 147.3 106.3 154.3 135.6 89.7 138.3 115.4 80.9 133.9 132.9 73.7 76.8 106.4 182.5 156.8 350.6 181.7 75.5 282.0 235.6 166.8 111.9 97.4 92.0 91.1 85.2 115.8 75.7 132.6
-9999.0 -9999.0 -9999.0 -9999.0 -9999.0 -9999.0 -9999.0 -9999.0 -9999.0 -9999.0 -9999.0 -9999.0 -9999.0 1.5 19.4 16.9 46.7 37.9 55.3 80.3 134.0 146.4 161.6 157.0 127.1 141.9 144.7 128.3 126.3 149.9 123.7 104.5 84.2 72.1 64.7 57.2 51.0 50.9 54.0 75.2 57.3 66.3 79.5 96.5 162.3 134.7 152.3 122.3 137.5 132.1 154.8 91.3 136.8 169.3 189.7 153.6 101.8 100.2 139.9 74.3 182.5 103.3 158.3 259.4 202.3 149.1 106.4 88.4 87.0 99.1 104.3 104.0 102.8 122.0 135.1
-9999.0 -9999.0 -9999.0 -9999.0 -9999.0 -9999.0 -9999.0 -9999.0 -9999.0 -9999.0 -9999.0 -9999.0 -9999.0 -9999.0 -9999.0 17.9 25.1 46.8 55.4 64.9 115.6 113.4 123.2 140.6 155.6 155.2 192.3 160.3 176.2 133.0 128.5 111.1 107.4 89.2 73.1 74.4 74.7 64.7 64.6 67.8 84.8 98.1 103.6 108.8 93.8 95.0 151.0 107.3 158.6 92.1 132.7 214.5 145.5 153.7 106.6 154.4 153.0 86.3 194.1 240.7 94.6 184.0 281.1 198.9 145.6 110.8 91.5 94.0 102.8 104.2 118.8 122.4 163.6 182.3 157.6
-9999.0 -9999.0 -9999.0 -9999.0 -9999.0 -9999.0 -9999.0 -9999.0 -9999.0 -9999.0 -9999.0 -9999.0 -9999.0 -9999.0 -9999.0 -9999.0 -9999.0 6.0 23.2 -9999.0 56.3 115.2 102.6 115.6 155.0 154.8 198.4 171.7 146.5 158.4 135.0 115.6 122.5 94.0 88.7 75.4 85.0 88.7 79.5 83.4 92.4 118.7 116.7 116.2 79.9 101.1 73.0 209.3 128.4 164.1 93.5 137.7 109.7 176.5 192.8 200.1 152.7 220.5 213.1 244.5 129.8 217.3 229.2 169.5 114.7 89.2 90.3 95.5 109.2 103.6 121.9 139.7 183.9 192.3 208.9
-9999.0 -9999.0 -9999.0 -9999.0 -9999.0 -9999.0 -9999.0 -9999.0 -9999.0 -9999.0 -9999.0 -9999.0 -9999.0 -9999.0 -9999.0 -9999.0 -9999.0 -9999.0 -9999.0 -9999.0 -9999.0 81.2 114.3 169.6 147.8 120.1 131.4 140.1 149.5 135.9 136.4 117.3 113.2 102.8 95.3 83.2 84.6 91.6 99.0 100.0 92.7 131.5 146.9 144.7 92.6 141.4 86.4 124.1 246.0 518.1 167.4 272.6 249.9 157.7 183.5 233.0 241.6 187.5 353.2 217.5 129.5 147.9 181.7 142.5 115.3 99.6 109.5 111.3 126.4 101.0 93.4 122.8 162.0 168.0 172.7
-9999.0 -9999.0 -9999.0 -9999.0 -9999.0 -9999.0 -9999.0 -9999.0 -9999.0 -9999.0 -9999.0 -9999.0 -9999.0 -9999.0 -9999.0 -9999.0 -9999.0 -9999.0 -9999.0 -9999.0 -9999.0 -9999.0 -9999.0 57.0 111.2 115.4 124.2 140.0 170.8 146.0 147.0 139.0 144.8 112.8 105.4 94.5 98.8 99.3 110.8 123.9 129.7 155.3 136.6 122.5 104.7 106.3 107.1 118.3 107.8 108.9 139.7 232.9 160.5 182.1 174.4 160.0 213.7 282.9 109.2 224.7 93.4 114.3 135.2 131.3 117.6 119.3 138.0 136.3 74.5 84.1 76.6 109.2 137.8 168.1 150.9
-9999.0 -9999.0 -9999.0 -9999.0 -9999.0 -9999.0 -9999.0 -9999.0 -9999.0 -9999.0 -9999.0 -9999.0 -9999.0 -9999.0 -9999.0 -9999.0 -9999.0 -9999.0 -9999.0 -9999.0 -9999.0 -9999.0 -9999.0 -9999.0 -9999.0 47.5 87.9 212.6 195.0 223.9 169.2 135.3 123.0 117.2 102.1 110.8 139.7 111.6 132.8 131.3 162.1 144.8 111.5 114.0 111.7 119.6 109.4 127.1 179.8 133.5 251.4 201.6 238.8 218.2 170.5 161.5 196.0 170.0 254.1 213.5 151.1 121.5 313.2 150.6 140.0 141.7 130.7 80.5 65.2 64.8 79.7 114.2 122.3 161.1 179.2
-9999.0 -9999.0 -9999.0 -9999.0 -9999.0 -9999.0 -9999.0 -9999.0 -9999.0 -9999.0 -9999.0 -9999.0 -9999.0 -9999.0 -9999.0 -9999.0 -9999.0 -9999.0 -9999.0 -9999.0 -9999.0 -9999.0 -9999.0 -9999.0 -9999.0 -9999.0 -9999.0 55.2 66.2 105.7 116.0 118.1 156.2 112.7 113.5 127.6 112.6 121.2 128.6 137.0 157.7 133.2 122.1 124.6 124.8 129.7 138.2 141.6 143.3 134.5 139.6 147.3 184.7 174.4 169.7 182.2 153.9 149.2 216.5 149.0 97.2 135.7 111.3 122.7 140.0 121.1 119.3 113.3 86.2 77.6 101.1 132.4 138.9 160.3 162.1
-9999.0 -9999.0 -9999.0 -9999.0 -9999.0 -9999.0 -9999.0 -9999.0 -9999.0 -9999.0 -9999.0 -9999.0 -9999.0 -9999.0 -9999.0 -9999.0 -9999.0 -9999.0 -9999.0 -9999.0 -9999.0 -9999.0 -9999.0 -9999.0 -9999.0 -9999.0 -9999.0 -9999.0 -9999.0 -9999.0 -9999.0 -9999.0 -9999.0 111.2 114.9 -9999.0 -9999.0 -9999.0 133.8 138.5 134.0 131.6 133.5 133.8 139.5 140.1 -9999.0 -9999.0 -9999.0 -9999.0 -9999.0 -9999.0 170.5 206.9 165.2 157.4 156.7 158.1 164.7 150.9 136.1 145.6 115.1 120.7 121.3 117.5 116.3 112.1 98.8 102.7 125.8 145.7 168.1 159.5 187.2
-9999.0 -9999.0 -9999.0 -9999.0 -9999.0 -9999.0 -9999.0 -9999.0 -9999.0 -9999.0 -9999.0 -9999.0 -9999.0 -9999.0 -9999.0 -9999.0 -9999.0 -9999.0 -9999.0 -9999.0 -9999.0 -9999.0 -9999.0 -9999.0 -9999.0 -9999.0 -9999.0 -9999.0 -9999.0 -9999.0 -9999.0 -9999.0 -9999.0 -9999.0 -9999.0 -9999.0 -9999.0 -9999.0 -9999.0 139.5 139.6 140.0 140.5 140.8 -9999.0 -9999.0 -9999.0 -9999.0 -9999.0 -9999.0 -9999.0 -9999.0 183.2 231.9 177.5 155.4 155.7 163.5 171.9 172.8 161.7 149.5 144.7 120.2 136.0 129.3 128.6 117.8 112.5 113.0 128.7 152.4 161.4 177.7 164.4
-9999.0 -9999.0 -9999.0 -9999.0 -9999.0 -9999.0 -9999.0 -9999.0 -9999.0 -9999.0 -9999.0 -9999.0 -9999.0 -9999.0 -9999.0 -9999.0 -9999.0 -9999.0 -9999.0 -9999.0 -9999.0 -9999.0 -9999.0 -9999.0 -9999.0 -9999.0 -9999.0 -9999.0 -9999.0 -9999.0 -9999.0 -9999.0 -9999.0 -9999.0 -9999.0 -9999.0 -9999.0 -9999.0 -9999.0 -9999.0 -9999.0 -9999.0 -9999.0 -9999.0 -9999.0 -9999.0 -9999.0 -9999.0 -9999.0 -9999.0 -9999.0 -9999.0 175.3 252.6 187.4 196.3 160.7 161.6 168.3 177.0 163.3 143.2 272.5 121.4 131.2 112.7 117.1 127.6 130.4 131.8 140.3 157.9 199.2 174.7 179.3
-9999.0 -9999.0 -9999.0 -9999.0 -9999.0 -9999.0 -9999.0 -9999.0 -9999.0 -9999.0 -9999.0 -9999.0 -9999.0 -9999.0 -9999.0 -9999.0 -9999.0 -9999.0 -9999.0 -9999.0 -9999.0 -9999.0 -9999.0 -9999.0 -9999.0 -9999.0 -9999.0 -9999.0 -9999.0 -9999.0 -9999.0 -9999.0 -9999.0 -9999.0 -9999.0 -9999.0 -9999.0 -9999.0 -9999.0 -9999.0 -9999.0 -9999.0 -9999.0 -9999.0 -9999.0 -9999.0 -9999.0 -9999.0 -9999.0 -9999.0 -9999.0 186.3 209.0 250.7 177.5 179.2 168.3 176.8 164.0 137.8 177.1 151.7 107.0 111.1 120.0 123.0 139.7 180.1 162.0 162.3 163.5 174.6 169.4 151.3 162.4
-9999.0 -9999.0 -9999.0 -9999.0 -9999.0 -9999.0 -9999.0 -9999.0 -9999.0 -9999.0 -9999.0 -9999.0 -9999.0 -9999.0 -9999.0 -9999.0 -9999.0 -9999.0 -9999.0 -9999.0 -9999.0 -9999.0 -9999.0 -9999.0 -9999.0 -9999.0 -9999.0 -9999.0 -9999.0 -9999.0 -9999.0 -9999.0 -9999.0 -9999.0 -9999.0 -9999.0 -9999.0 -9999.0 -9999.0 -9999.0 -9999.0 -9999.0 -9999.0 -9999.0 -9999.0 -9999.0 -9999.0 -9999.0 -9999.0 -9999.0 174.3 232.9 254.7 261.5 209.4 207.7 177.4 161.6 165.1 180.4 148.8 153.5 108.2 120.4 129.6 145.1 165.5 193.7 206.6 217.9 218.6 217.2 192.3 174.9 184.9
-9999.0 -9999.0 -9999.0 -9999.0 -9999.0 -9999.0 -9999.0 -9999.0 -9999.0 -9999.0 -9999.0 -9999.0 -9999.0 -9999.0 -9999.0 -9999.0 -9999.0 -9999.0 -9999.0 -9999.0 -9999.0 -9999.0 -9999.0 -9999.0 -9999.0 -9999.0 -9999.0 -9999.0 -9999.0 -9999.0 -9999.0 -9999.0 -9999.0 -9999.0 -9999.0 -9999.0 -9999.0 -9999.0 -9999.0 -9999.0 -9999.0 -9999.0 -9999.0 -9999.0 -9999.0 -9999.0 -9999.0 -9999.0 -9999.0 -9999.0 180.2 295.1 236.9 277.0 269.6 233.2 193.7 224.9 216.5 178.9 142.3 130.8 113.1 128.8 147.1 152.7 176.9 220.8 252.3 278.6 286.2 270.0 229.5 188.6 180.1
-9999.0 -9999.0 -9999.0 -9999.0 -9999.0 -9999.0 -9999.0 -9999.0 -9999.0 -9999.0 -9999.0 -9999.0 -9999.0 -9999.0 -9999.0 -9999.0 -9999.0 -9999.0 -9999.0 -9999.0 -9999.0 -9999.0 -9999.0 -9999.0 -9999.0 -9999.0 -9999.0 -9999.0 -9999.0 -9999.0 -9999.0 -9999.0 -9999.0 -9999.0 -9999.0 -9999.0 -9999.0 -9999.0 -9999.0 -9999.0 -9999.0 -9999.0 -9999.0 -9999.0 -9999.0 -9999.0 -9999.0 -9999.0 -9999.0 -9999.0 180.6 232.1 229.0 354.5 265.7 253.2 313.3 262.7 262.5 179.7 168.7 166.1 152.5 139.2 159.3 156.8 178.8 230.0 280.9 327.5 333.9 324.6 253.4 218.8 187.7
-9999.0 -9999.0 -9999.0 -9999.0 -9999.0 -9999.0 -9999.0 -9999.0 -9999.0 -9999.0 -9999.0 -9999.0 -9999.0 -9999.0 -9999.0 -9999.0 -9999.0 -9999.0 -9999.0 -9999.0 -9999.0 -9999.0 -9999.0 -9999.0 -9999.0 -9999.0 -9999.0 -9999.0 -9999.0 -9999.0 -9999.0 -9999.0 -9999.0 -9999.0 -9999.0 -9999.0 -9999.0 -9999.0 -9999.0 -9999.0 -9999.0 -9999.0 -9999.0 -9999.0 -9999.0 -9999.0 -9999.0 -9999.0 -9999.0 -9999.0 241.0 312.9 289.1 320.2 315.5 354.8 271.8 307.2 285.2 210.2 203.0 182.5 138.3 172.9 197.5 197.9 221.9 259.6 328.1 310.6 336.2 304.0 257.9 219.0 182.9
-9999.0 -9999.0 -9999.0 -9999.0 -9999.0 -9999.0 -9999.0 -9999.0 -9999.0 -9999.0 -9999.0 -9999.0 -9999.0 -9999.0 -9999.0 -9999.0 -9999.0 -9999.0 -9999.0 -9999.0 -9999.0 -9999.0 -9999.0 -9999.0 -9999.0 -9999.0 -9999.0 -9999.0 -9999.0 -9999.0 -9999.0 -9999.0 -9999.0 -9999.0 -9999.0 -9999.0 -9999.0 -9999.0 -9999.0 -9999.0 -9999.0 -9999.0 -9999.0 -9999.0 -9999.0 -9999.0 -9999.0 -9999.0 -9999.0 -9999.0 -9999.0 -9999.0 -9999.0 280.8 279.9 301.7 331.4 351.9 284.0 262.2 359.0 198.2 289.7 244.1 256.2 257.9 296.5 297.2 352.5 351.7 307.3 262.5 220.2 189.2 177.9
-9999.0 -9999.0 -9999.0 -9999.0 -9999.0 -9999.0 -9999.0 -9999.0 -9999.0 -9999.0 -9999.0 -9999.0 -9999.0 -9999.0 -9999.0 -9999.0 -9999.0 -9999.0 -9999.0 -9999.0 -9999.0 -9999.0 -9999.0 -9999.0 -9999.0 -9999.0 -9999.0 -9999.0 -9999.0 -9999.0 -9999.0 -9999.0 -9999.0 -9999.0 -9999.0 -9999.0 -9999.0 -9999.0 -9999.0 -9999.0 -9999.0 -9999.0 -9999.0 -9999.0 -9999.0 -9999.0 -9999.0 -9999.0 -9999.0 -9999.0 -9999.0 -9999.0 -9999.0 299.2 286.0 443.3 331.8 310.2 343.9 414.3 332.3 305.4 385.5 349.3 350.8 340.9 316.1 369.4 315.5 298.8 263.4 246.9 231.6 215.6 205.5
-9999.0 -9999.0 -9999.0 -9999.0 -9999.0 -9999.0 -9999.0 -9999.0 -9999.0 -9999.0 -9999.0 -9999.0 -9999.0 -9999.0 -9999.0 -9999.0 -9999.0 -9999.0 -9999.0 -9999.0 -9999.0 -9999.0 -9999.0 -9999.0 -9999.0 -9999.0 -9999.0 -9999.0 -9999.0 -9999.0 -9999.0 -9999.0 -9999.0 -9999.0 -9999.0 -9999.0 -9999.0 -9999.0 -9999.0 -9999.0 -9999.0 -9999.0 -9999.0 -9999.0 -9999.0 -9999.0 -9999.0 -9999.0 -9999.0 -9999.0 -9999.0 -9999.0 -9999.0 328.5 269.8 375.6 352.8 322.8 365.8 393.3 452.9 447.1 516.2 525.8 446.5 -9999.0 -9999.0 -9999.0 333.9 272.2 277.0 307.5 328.6 323.4 296.8
-9999.0 -9999.0 -9999.0 -9999.0 -9999.0 -9999.0 -9999.0 -9999.0 -9999.0 -9999.0 -9999.0 -9999.0 -9999.0 -9999.0 -9999.0 -9999.0 -9999.0 -9999.0 -9999.0 -9999.0 -9999.0 -9999.0 -9999.0 -9999.0 -9999.0 -9999.0 -9999.0 -9999.0 -9999.0 -9999.0 -9999.0 -9999.0 -9999.0 -9999.0 -9999.0 -9999.0 -9999.0 -9999.0 -9999.0 -9999.0 -9999.0 -9999.0 -9999.0 -9999.0 -9999.0 -9999.0 -9999.0 -9999.0 -9999.0 -9999.0 -9999.0 -9999.0 -9999.0 -9999.0 354.8 353.4 283.3 274.5 387.6 492.5 417.4 -9999.0 -9999.0 -9999.0 -9999.0 -9999.0 -9999.0 -9999.0 305.5 309.7 366.6 377.9 425.2 434.1 371.8
-9999.0 -9999.0 -9999.0 -9999.0 -9999.0 -9999.0 -9999.0 -9999.0 -9999.0 -9999.0 -9999.0 -9999.0 -9999.0 -9999.0 -9999.0 -9999.0 -9999.0 -9999.0 -9999.0 -9999.0 -9999.0 -9999.0 -9999.0 -9999.0 -9999.0 -9999.0 -9999.0 -9999.0 -9999.0 -9999.0 -9999.0 -9999.0 -9999.0 -9999.0 -9999.0 -9999.0 -9999.0 -9999.0 -9999.0 -9999.0 -9999.0 -9999.0 -9999.0 -9999.0 -9999.0 -9999.0 -9999.0 -9999.0 -9999.0 -9999.0 -9999.0 -9999.0 -9999.0 -9999.0 -9999.0 323.8 445.9 337.2 334.9 436.2 466.2 -9999.0 -9999.0 -9999.0 -9999.0 -9999.0 -9999.0 -9999.0 -9999.0 -9999.0 365.2 -9999.0 -9999.0 -9999.0 -9999.0
