program/excelProcessViaJava/data/SURF_CLI_CHN_PRE_MON_GRID_0.5-199009.txt
NCOLS      128
NROWS       72
XLLCORNER    72.000000000000    
YLLCORNER    18.000000000000    
CELLSIZE    0.50000000000000    
NODATA_VALUE   -9999.000    
[rows 34 to 67 of 72, columns 0 to 75 of 128]
-9999.0 -9999.0 -9999.0 -9999.0 0.1 0.1 0.3 0.5 0.9 1.9 3.2 6.1 8.6 11.2 5.5 6.2 7.0 3.6 2.0 1.7 2.7 3.1 4.1 9.7 14.9 15.6 13.2 12.7 11.6 10.9 10.1 10.8 8.7 8.1 8.2 6.4 8.7 10.9 6.6 3.7 7.2 2.3 2.2 1.6 1.5 1.3 1.1 1.0 1.0 1.3 1.8 3.0 19.1 16.8 21.1 35.4 47.0 60.9 69.4 41.6 59.1 32.9 24.0 21.5 17.5 19.3 37.2 46.0 57.9 69.9 72.7 77.7 83.6 91.8 93.0 96.7
-9999.0 -9999.0 -9999.0 -9999.0 -9999.0 -9999.0 -9999.0 0.3 0.6 1.2 1.9 3.6 6.6 9.0 11.4 6.5 12.7 8.9 7.6 10.9 15.1 16.0 15.6 14.7 13.8 13.1 13.1 12.8 12.5 13.1 12.6 12.1 11.4 11.9 13.1 10.9 14.3 12.8 17.2 18.5 8.8 22.1 19.9 12.6 6.8 3.2 4.1 3.0 4.1 2.3 2.2 3.8 12.1 54.4 57.0 36.8 37.3 39.8 70.5 55.7 67.4 41.4 28.2 28.4 36.6 35.6 50.4 65.8 76.1 88.9 96.5 101.4 110.4 113.2 104.1 101.8
-9999.0 -9999.0 -9999.0 -9999.0 -9999.0 -9999.0 -9999.0 0.1 0.4 0.7 1.3 2.9 4.5 5.7 8.9 8.9 12.8 14.0 14.1 14.9 14.7 14.7 14.2 13.7 13.2 12.9 12.5 13.3 12.4 12.1 13.7 14.0 14.1 16.5 14.9 15.9 15.4 18.7 19.2 18.7 20.6 21.5 23.9 33.5 18.6 10.8 12.8 13.0 22.8 18.7 39.0 39.9 25.8 43.1 68.7 49.0 48.0 53.9 65.6 68.3 62.2 58.3 47.8 53.1 55.3 57.9 64.5 76.4 95.9 100.8 112.6 119.4 122.6 116.0 88.8 95.2
-9999.0 -9999.0 -9999.0 -9999.0 -9999.0 -9999.0 -9999.0 -9999.0 -9999.0 0.5 0.9 2.0 3.0 4.8 7.2 9.3 10.5 9.7 12.5 12.2 13.4 13.4 13.1 12.9 12.7 12.5 12.9 13.2 12.9 15.0 13.5 15.1 16.2 18.7 17.4 18.6 19.5 22.5 22.1 24.8 23.9 27.5 27.4 26.1 30.4 29.7 29.1 27.6 28.7 30.3 39.1 40.4 43.1 47.6 69.9 56.2 47.7 50.1 63.1 60.9 59.6 62.8 68.7 79.9 87.2 83.6 82.0 94.1 115.2 119.7 123.5 115.7 106.0 95.3 85.9 58.7
-9999.0 -9999.0 -9999.0 -9999.0 -9999.0 -9999.0 -9999.0 -9999.0 -9999.0 -9999.0 -9999.0 1.1 2.7 3.4 5.6 7.1 8.9 10.4 11.4 11.9 12.0 12.5 12.6 12.6 13.1 13.2 13.9 14.6 15.3 15.8 17.0 20.2 20.0 22.2 23.1 30.2 27.7 29.7 41.1 32.4 36.8 33.7 32.6 33.0 44.5 37.2 47.1 39.3 41.0 39.3 35.9 41.7 49.0 59.9 72.0 67.4 59.5 62.7 60.2 59.2 63.1 66.1 79.9 103.0 112.4 106.2 109.3 123.4 136.3 135.0 122.3 101.5 76.7 57.7 43.1 43.9
-9999.0 -9999.0 -9999.0 -9999.0 -9999.0 -9999.0 -9999.0 -9999.0 -9999.0 -9999.0 -9999.0 -9999.0 1.9 3.4 4.2 6.3 6.4 8.8 9.9 9.8 11.6 11.9 12.3 12.6 13.3 13.7 14.3 16.0 17.1 20.0 20.7 22.6 25.2 30.3 34.0 35.9 45.8 41.7 39.8 37.9 37.7 39.0 41.0 47.5 49.2 52.6 55.8 46.2 45.0 43.6 51.4 53.9 54.0 55.0 62.0 67.4 69.0 73.8 60.5 69.7 69.4 78.8 90.4 110.1 131.8 135.9 144.9 153.9 151.7 135.0 108.5 78.7 57.1 44.4 39.1 65.8
-9999.0 -9999.0 -9999.0 -9999.0 -9999.0 -9999.0 -9999.0 -9999.0 -9999.0 -9999.0 -9999.0 -9999.0 1.0 2.7 4.2 5.2 7.3 8.4 8.7 9.9 10.8 11.3 12.1 12.9 13.6 14.6 15.9 17.0 19.2 20.9 24.4 29.0 31.7 35.6 41.5 44.9 55.2 59.7 58.6 56.2 51.1 50.6 60.5 55.1 64.0 70.4 63.1 57.5 47.5 50.0 49.2 55.2 54.8 61.2 57.7 65.4 65.7 72.2 72.6 76.7 81.7 91.5 104.6 119.1 135.8 146.0 168.2 172.7 155.3 122.4 92.9 81.0 68.6 41.7 43.1 47.6
-9999.0 -9999.0 -9999.0 -9999.0 -9999.0 -9999.0 -9999.0 -9999.0 -9999.0 -9999.0 -9999.0 -9999.0 -9999.0 2.0 2.7 5.0 6.1 7.7 9.0 10.0 10.7 11.8 12.4 13.7 14.9 16.1 17.9 20.2 22.6 25.5 28.3 31.9 38.6 44.6 47.2 54.4 62.3 71.5 89.7 82.1 77.6 78.3 74.7 82.0 76.8 75.5 79.0 77.2 71.2 64.2 61.9 60.0 61.8 76.9 72.3 70.3 70.8 80.3 94.7 97.8 102.2 107.3 118.9 127.1 140.6 147.3 159.6 166.4 138.2 98.6 67.1 47.0 37.0 36.4 45.2 49.9
-9999.0 -9999.0 -9999.0 -9999.0 -9999.0 -9999.0 -9999.0 -9999.0 -9999.0 -9999.0 -9999.0 -9999.0 0.9 1.3 2.4 4.2 4.7 6.7 8.0 9.9 11.1 12.4 13.5 15.0 16.7 18.0 20.4 23.0 25.9 29.4 33.3 37.1 44.7 49.5 57.6 64.0 78.5 81.6 88.9 94.7 107.7 112.8 113.7 89.5 93.5 94.8 91.1 83.5 79.4 75.5 78.9 83.4 76.9 80.1 75.6 75.7 84.9 90.8 105.5 115.2 121.7 131.2 133.4 145.9 133.8 134.7 169.7 133.0 109.1 91.1 66.6 46.2 38.4 35.4 36.8 42.5
-9999.0 -9999.0 -9999.0 -9999.0 -9999.0 -9999.0 -9999.0 -9999.0 -9999.0 -9999.0 -9999.0 -9999.0 0.7 1.5 2.5 2.6 4.2 6.7 8.2 9.3 11.6 12.8 14.7 16.7 19.3 21.9 24.4 27.3 30.5 34.3 38.4 43.2 50.0 54.5 61.6 71.6 79.5 93.3 103.4 104.7 110.1 106.4 103.7 104.2 105.5 108.0 111.2 104.3 97.1 86.3 87.6 93.7 91.0 89.2 87.5 87.4 95.1 110.5 126.4 144.3 157.7 169.8 140.8 123.4 118.1 161.5 123.3 93.5 61.5 49.6 49.0 49.2 46.2 45.1 46.9 46.4
-9999.0 -9999.0 -9999.0 -9999.0 -9999.0 -9999.0 -9999.0 -9999.0 -9999.0 -9999.0 -9999.0 -9999.0 0.7 1.1 2.2 3.4 4.9 5.4 7.8 9.6 10.5 12.5 16.3 18.2 21.7 23.4 27.3 29.6 35.7 39.9 44.5 49.1 54.8 60.4 67.1 76.2 86.3 99.3 109.3 124.9 126.4 118.0 134.2 108.0 118.2 125.6 123.5 112.4 103.2 102.7 105.3 107.7 117.8 120.2 112.0 108.6 116.8 135.1 156.1 165.6 173.6 177.1 215.7 124.3 105.6 174.0 107.9 62.3 47.1 49.2 56.7 61.6 56.8 51.4 63.7 45.5
-9999.0 -9999.0 -9999.0 -9999.0 -9999.0 -9999.0 -9999.0 -9999.0 -9999.0 -9999.0 -9999.0 -9999.0 -9999.0 0.8 1.6 3.2 4.6 6.4 7.7 9.5 10.3 14.9 17.0 19.6 25.4 28.4 32.6 37.2 39.9 46.7 49.0 54.9 60.7 66.9 73.6 85.7 95.8 101.7 115.9 126.2 136.0 155.1 157.6 147.3 130.5 127.1 126.3 113.9 116.6 115.6 119.3 124.4 126.4 127.4 133.1 138.6 140.7 158.7 184.5 217.7 225.3 273.5 228.5 93.7 154.6 113.2 67.5 45.5 48.6 62.2 75.0 74.3 65.0 40.0 37.2 26.0
-9999.0 -9999.0 -9999.0 -9999.0 -9999.0 -9999.0 -9999.0 -9999.0 -9999.0 -9999.0 -9999.0 -9999.0 -9999.0 1.0 1.7 3.2 4.1 6.7 8.9 11.1 11.9 15.0 18.1 22.8 31.0 33.5 37.0 43.5 46.7 45.0 51.9 58.4 65.9 71.9 79.5 88.2 94.0 102.9 119.0 142.7 144.9 155.6 159.4 155.5 155.2 137.8 129.2 118.1 116.8 119.8 126.8 133.7 138.2 145.9 154.7 159.0 165.8 186.6 217.0 202.3 258.8 178.4 119.5 197.1 137.2 77.9 45.7 42.9 58.6 78.8 90.5 86.1 66.0 47.8 33.9 29.8
-9999.0 -9999.0 -9999.0 -9999.0 -9999.0 -9999.0 -9999.0 -9999.0 -9999.0 -9999.0 -9999.0 -9999.0 -9999.0 -9999.0 -9999.0 3.4 5.3 7.1 10.0 13.7 15.0 20.3 25.1 28.8 32.2 37.1 35.7 43.4 43.4 53.9 56.5 63.0 66.8 74.4 81.8 91.9 102.6 99.3 111.3 124.9 142.3 151.8 155.2 153.0 148.8 147.4 129.9 129.7 119.9 129.1 127.1 140.8 142.3 149.3 146.0 167.2 185.4 192.7 243.6 276.6 187.0 139.6 262.8 222.9 141.5 75.0 49.4 55.3 74.1 97.4 105.8 94.0 86.5 63.5 39.9 47.1
-9999.0 -9999.0 -9999.0 -9999.0 -9999.0 -9999.0 -9999.0 -9999.0 -9999.0 -9999.0 -9999.0 -9999.0 -9999.0 -9999.0 -9999.0 -9999.0 -9999.0 6.6 13.4 -9999.0 23.3 23.7 32.5 38.0 37.7 43.2 40.0 47.1 55.2 53.2 60.5 69.4 67.5 78.5 83.8 88.4 99.2 94.1 103.4 111.2 121.2 133.3 136.1 138.3 179.5 156.7 237.3 125.9 127.5 122.3 133.9 129.6 129.4 147.0 157.5 171.0 178.6 220.5 249.4 282.9 139.9 168.7 241.2 221.9 137.9 78.2 60.9 69.7 90.3 113.1 106.3 122.9 107.8 72.8 67.1 72.3
-9999.0 -9999.0 -9999.0 -9999.0 -9999.0 -9999.0 -9999.0 -9999.0 -9999.0 -9999.0 -9999.0 -9999.0 -9999.0 -9999.0 -9999.0 -9999.0 -9999.0 -9999.0 -9999.0 -9999.0 -9999.0 32.5 35.7 34.7 44.8 58.7 61.2 62.1 60.6 66.8 65.9 78.9 78.2 78.7 81.6 84.9 88.6 88.8 85.8 85.4 89.2 106.8 113.1 116.9 171.5 131.4 255.7 146.9 124.2 159.1 122.3 140.4 144.1 120.1 137.1 165.0 185.1 197.4 258.6 263.6 140.3 148.7 184.1 174.8 133.7 92.7 79.9 85.2 99.3 116.7 121.2 125.7 107.5 79.6 78.6 83.9
-9999.0 -9999.0 -9999.0 -9999.0 -9999.0 -9999.0 -9999.0 -9999.0 -9999.0 -9999.0 -9999.0 -9999.0 -9999.0 -9999.0 -9999.0 -9999.0 -9999.0 -9999.0 -9999.0 -9999.0 -9999.0 -9999.0 -9999.0 64.2 60.0 67.0 70.5 68.6 59.8 67.4 65.6 67.0 66.4 72.8 76.2 79.4 82.4 77.2 77.4 76.6 74.2 82.9 82.0 98.2 153.7 234.0 184.1 163.5 171.9 160.6 120.3 127.9 108.1 115.4 110.6 106.5 157.8 199.7 167.9 237.7 157.9 165.3 163.2 151.0 134.3 110.7 100.1 95.0 100.1 107.9 124.8 117.1 105.4 111.7 98.6 103.5
-9999.0 -9999.0 -9999.0 -9999.0 -9999.0 -9999.0 -9999.0 -9999.0 -9999.0 -9999.0 -9999.0 -9999.0 -9999.0 -9999.0 -9999.0 -9999.0 -9999.0 -9999.0 -9999.0 -9999.0 -9999.0 -9999.0 -9999.0 -9999.0 -9999.0 88.9 91.4 56.4 59.6 56.2 62.4 70.7 72.4 70.2 70.8 72.0 75.6 64.0 63.9 52.2 59.5 52.3 96.5 109.2 178.8 209.9 207.3 236.8 124.4 142.2 124.0 118.7 127.5 124.3 103.9 109.5 139.1 149.2 193.4 201.3 189.3 171.6 243.7 157.3 147.8 128.0 109.6 93.4 95.3 105.5 102.0 103.8 95.1 133.4 147.0 127.3
-9999.0 -9999.0 -9999.0 -9999.0 -9999.0 -9999.0 -9999.0 -9999.0 -9999.0 -9999.0 -9999.0 -9999.0 -9999.0 -9999.0 -9999.0 -9999.0 -9999.0 -9999.0 -9999.0 -9999.0 -9999.0 -9999.0 -9999.0 -9999.0 -9999.0 -9999.0 -9999.0 94.5 96.6 91.8 84.3 79.6 64.9 72.2 65.1 63.1 54.6 47.6 42.7 35.8 37.1 41.0 87.8 134.5 158.6 181.4 198.1 211.1 219.9 171.3 200.2 189.8 123.3 124.5 122.6 127.6 134.8 140.4 162.2 149.7 141.4 159.4 146.8 155.3 140.9 127.8 106.6 84.0 75.3 80.6 89.8 115.8 109.3 149.2 137.5 122.8
-9999.0 -9999.0 -9999.0 -9999.0 -9999.0 -9999.0 -9999.0 -9999.0 -9999.0 -9999.0 -9999.0 -9999.0 -9999.0 -9999.0 -9999.0 -9999.0 -9999.0 -9999.0 -9999.0 -9999.0 -9999.0 -9999.0 -9999.0 -9999.0 -9999.0 -9999.0 -9999.0 -9999.0 -9999.0 -9999.0 -9999.0 -9999.0 -9999.0 68.2 58.9 -9999.0 -9999.0 -9999.0 44.4 30.8 41.8 60.8 65.9 113.3 132.7 150.9 -9999.0 -9999.0 -9999.0 -9999.0 -9999.0 -9999.0 164.1 143.7 169.7 175.3 163.9 163.3 142.7 140.4 137.5 139.6 137.0 140.5 137.4 120.0 98.9 83.4 75.8 81.4 98.2 132.1 169.2 157.9 182.0 127.6
-9999.0 -9999.0 -9999.0 -9999.0 -9999.0 -9999.0 -9999.0 -9999.0 -9999.0 -9999.0 -9999.0 -9999.0 -9999.0 -9999.0 -9999.0 -9999.0 -9999.0 -9999.0 -9999.0 -9999.0 -9999.0 -9999.0 -9999.0 -9999.0 -9999.0 -9999.0 -9999.0 -9999.0 -9999.0 -9999.0 -9999.0 -9999.0 -9999.0 -9999.0 -9999.0 -9999.0 -9999.0 -9999.0 -9999.0 47.5 54.1 63.4 75.4 89.6 -9999.0 -9999.0 -9999.0 -9999.0 -9999.0 -9999.0 -9999.0 -9999.0 180.2 168.1 182.5 205.4 200.4 177.8 158.7 147.3 140.0 129.5 126.0 133.1 124.5 116.1 103.8 86.5 82.5 99.2 133.9 175.2 184.5 206.5 142.4 136.4
-9999.0 -9999.0 -9999.0 -9999.0 -9999.0 -9999.0 -9999.0 -9999.0 -9999.0 -9999.0 -9999.0 -9999.0 -9999.0 -9999.0 -9999.0 -9999.0 -9999.0 -9999.0 -9999.0 -9999.0 -9999.0 -9999.0 -9999.0 -9999.0 -9999.0 -9999.0 -9999.0 -9999.0 -9999.0 -9999.0 -9999.0 -9999.0 -9999.0 -9999.0 -9999.0 -9999.0 -9999.0 -9999.0 -9999.0 -9999.0 -9999.0 -9999.0 -9999.0 -9999.0 -9999.0 -9999.0 -9999.0 -9999.0 -9999.0 -9999.0 -9999.0 -9999.0 170.9 194.6 204.9 197.3 189.1 161.2 141.9 135.2 138.0 133.7 123.7 129.0 125.4 119.4 108.1 99.9 102.3 128.6 176.6 220.5 257.5 206.7 167.4 107.6
-9999.0 -9999.0 -9999.0 -9999.0 -9999.0 -9999.0 -9999.0 -9999.0 -9999.0 -9999.0 -9999.0 -9999.0 -9999.0 -9999.0 -9999.0 -9999.0 -9999.0 -9999.0 -9999.0 -9999.0 -9999.0 -9999.0 -9999.0 -9999.0 -9999.0 -9999.0 -9999.0 -9999.0 -9999.0 -9999.0 -9999.0 -9999.0 -9999.0 -9999.0 -9999.0 -9999.0 -9999.0 -9999.0 -9999.0 -9999.0 -9999.0 -9999.0 -9999.0 -9999.0 -9999.0 -9999.0 -9999.0 -9999.0 -9999.0 -9999.0 -9999.0 161.9 190.9 219.7 182.2 191.4 161.4 141.5 116.7 105.4 114.0 116.3 130.2 125.3 121.4 116.1 119.6 137.5 144.0 180.9 220.2 235.5 188.8 126.5 113.0 86.9
-9999.0 -9999.0 -9999.0 -9999.0 -9999.0 -9999.0 -9999.0 -9999.0 -9999.0 -9999.0 -9999.0 -9999.0 -9999.0 -9999.0 -9999.0 -9999.0 -9999.0 -9999.0 -9999.0 -9999.0 -9999.0 -9999.0 -9999.0 -9999.0 -9999.0 -9999.0 -9999.0 -9999.0 -9999.0 -9999.0 -9999.0 -9999.0 -9999.0 -9999.0 -9999.0 -9999.0 -9999.0 -9999.0 -9999.0 -9999.0 -9999.0 -9999.0 -9999.0 -9999.0 -9999.0 -9999.0 -9999.0 -9999.0 -9999.0 -9999.0 110.9 190.2 218.2 232.8 195.4 183.7 126.1 91.0 93.8 99.9 107.3 99.9 115.7 112.2 108.5 111.0 127.5 162.9 196.9 229.7 241.0 189.3 139.0 124.5 114.2 119.5
-9999.0 -9999.0 -9999.0 -9999.0 -9999.0 -9999.0 -9999.0 -9999.0 -9999.0 -9999.0 -9999.0 -9999.0 -9999.0 -9999.0 -9999.0 -9999.0 -9999.0 -9999.0 -9999.0 -9999.0 -9999.0 -9999.0 -9999.0 -9999.0 -9999.0 -9999.0 -9999.0 -9999.0 -9999.0 -9999.0 -9999.0 -9999.0 -9999.0 -9999.0 -9999.0 -9999.0 -9999.0 -9999.0 -9999.0 -9999.0 -9999.0 -9999.0 -9999.0 -9999.0 -9999.0 -9999.0 -9999.0 -9999.0 -9999.0 -9999.0 98.0 222.2 183.3 239.6 231.0 179.3 94.5 119.4 103.6 92.6 95.2 98.5 102.8 99.7 97.7 114.7 140.0 180.6 222.9 222.2 206.4 161.1 114.7 77.7 58.1 48.7
-9999.0 -9999.0 -9999.0 -9999.0 -9999.0 -9999.0 -9999.0 -9999.0 -9999.0 -9999.0 -9999.0 -9999.0 -9999.0 -9999.0 -9999.0 -9999.0 -9999.0 -9999.0 -9999.0 -9999.0 -9999.0 -9999.0 -9999.0 -9999.0 -9999.0 -9999.0 -9999.0 -9999.0 -9999.0 -9999.0 -9999.0 -9999.0 -9999.0 -9999.0 -9999.0 -9999.0 -9999.0 -9999.0 -9999.0 -9999.0 -9999.0 -9999.0 -9999.0 -9999.0 -9999.0 -9999.0 -9999.0 -9999.0 -9999.0 -9999.0 73.5 148.0 148.9 279.5 216.0 177.8 190.3 138.9 128.2 105.4 99.4 96.4 94.7 94.0 95.6 107.0 144.3 182.0 195.0 218.2 150.0 174.1 81.9 89.5 55.2 61.8
-9999.0 -9999.0 -9999.0 -9999.0 -9999.0 -9999.0 -9999.0 -9999.0 -9999.0 -9999.0 -9999.0 -9999.0 -9999.0 -9999.0 -9999.0 -9999.0 -9999.0 -9999.0 -9999.0 -9999.0 -9999.0 -9999.0 -9999.0 -9999.0 -9999.0 -9999.0 -9999.0 -9999.0 -9999.0 -9999.0 -9999.0 -9999.0 -9999.0 -9999.0 -9999.0 -9999.0 -9999.0 -9999.0 -9999.0 -9999.0 -9999.0 -9999.0 -9999.0 -9999.0 -9999.0 -9999.0 -9999.0 -9999.0 -9999.0 -9999.0 115.3 193.1 196.3 244.8 242.6 241.8 156.9 183.0 174.4 149.9 130.8 112.5 100.4 98.9 101.1 111.1 139.3 183.6 210.2 116.3 117.5 94.8 89.4 95.8 70.8 90.5
-9999.0 -9999.0 -9999.0 -9999.0 -9999.0 -9999.0 -9999.0 -9999.0 -9999.0 -9999.0 -9999.0 -9999.0 -9999.0 -9999.0 -9999.0 -9999.0 -9999.0 -9999.0 -9999.0 -9999.0 -9999.0 -9999.0 -9999.0 -9999.0 -9999.0 -9999.0 -9999.0 -9999.0 -9999.0 -9999.0 -9999.0 -9999.0 -9999.0 -9999.0 -9999.0 -9999.0 -9999.0 -9999.0 -9999.0 -9999.0 -9999.0 -9999.0 -9999.0 -9999.0 -9999.0 -9999.0 -9999.0 -9999.0 -9999.0 -9999.0 -9999.0 -9999.0 -9999.0 168.4 174.0 183.6 207.0 235.2 213.5 217.4 205.2 152.8 141.2 127.0 121.3 130.3 156.4 180.1 190.8 160.3 115.2 91.8 88.4 90.1 90.3 86.2
-9999.0 -9999.0 -9999.0 -9999.0 -9999.0 -9999.0 -9999.0 -9999.0 -9999.0 -9999.0 -9999.0 -9999.0 -9999.0 -9999.0 -9999.0 -9999.0 -9999.0 -9999.0 -9999.0 -9999.0 -9999.0 -9999.0 -9999.0 -9999.0 -9999.0 -9999.0 -9999.0 -9999.0 -9999.0 -9999.0 -9999.0 -9999.0 -9999.0 -9999.0 -9999.0 -9999.0 -9999.0 -9999.0 -9999.0 -9999.0 -9999.0 -9999.0 -9999.0 -9999.0 -9999.0 -9999.0 -9999.0 -9999.0 -9999.0 -9999.0 -9999.0 -9999.0 -9999.0 136.1 132.4 241.3 202.7 223.3 286.8 330.7 282.8 223.0 219.6 182.7 168.3 166.6 163.1 200.8 164.1 144.5 115.8 108.7 117.9 117.8 109.5 133.0
-9999.0 -9999.0 -9999.0 -9999.0 -9999.0 -9999.0 -9999.0 -9999.0 -9999.0 -9999.0 -9999.0 -9999.0 -9999.0 -9999.0 -9999.0 -9999.0 -9999.0 -9999.0 -9999.0 -9999.0 -9999.0 -9999.0 -9999.0 -9999.0 -9999.0 -9999.0 -9999.0 -9999.0 -9999.0 -9999.0 -9999.0 -9999.0 -9999.0 -9999.0 -9999.0 -9999.0 -9999.0 -9999.0 -9999.0 -9999.0 -9999.0 -9999.0 -9999.0 -9999.0 -9999.0 -9999.0 -9999.0 -9999.0 -9999.0 -9999.0 -9999.0 -9999.0 -9999.0 115.4 88.4 181.3 212.3 241.6 315.5 351.0 380.6 334.2 314.1 270.1 200.7 -9999.0 -9999.0 -9999.0 195.8 156.6 151.3 163.5 167.8 159.0 161.2 194.2
-9999.0 -9999.0 -9999.0 -9999.0 -9999.0 -9999.0 -9999.0 -9999.0 -9999.0 -9999.0 -9999.0 -9999.0 -9999.0 -9999.0 -9999.0 -9999.0 -9999.0 -9999.0 -9999.0 -9999.0 -9999.0 -9999.0 -9999.0 -9999.0 -9999.0 -9999.0 -9999.0 -9999.0 -9999.0 -9999.0 -9999.0 -9999.0 -9999.0 -9999.0 -9999.0 -9999.0 -9999.0 -9999.0 -9999.0 -9999.0 -9999.0 -9999.0 -9999.0 -9999.0 -9999.0 -9999.0 -9999.0 -9999.0 -9999.0 -9999.0 -9999.0 -9999.0 -9999.0 -9999.0 125.5 158.8 160.9 200.6 335.2 428.1 337.2 -9999.0 -9999.0 -9999.0 -9999.0 -9999.0 -9999.0 -9999.0 187.2 200.5 235.2 205.7 202.6 211.5 217.0 221.6
-9999.0 -9999.0 -9999.0 -9999.0 -9999.0 -9999.0 -9999.0 -9999.0 -9999.0 -9999.0 -9999.0 -9999.0 -9999.0 -9999.0 -9999.0 -9999.0 -9999.0 -9999.0 -9999.0 -9999.0 -9999.0 -9999.0 -9999.0 -9999.0 -9999.0 -9999.0 -9999.0 -9999.0 -9999.0 -9999.0 -9999.0 -9999.0 -9999.0 -9999.0 -9999.0 -9999.0 -9999.0 -9999.0 -9999.0 -9999.0 -9999.0 -9999.0 -9999.0 -9999.0 -9999.0 -9999.0 -9999.0 -9999.0 -9999.0 -9999.0 -9999.0 -9999.0 -9999.0 -9999.0 -9999.0 141.2 264.4 252.1 286.3 386.9 389.5 -9999.0 -9999.0 -9999.0 -9999.0 -9999.0 -9999.0 -9999.0 -9999.0 -9999.0 219.9 -9999.0 -9999.0 -9999.0 -9999.0 -9999.0
-9999.0 -9999.0 -9999.0 -9999.0 -9999.0 -9999.0 -9999.0 -9999.0 -9999.0 -9999.0 -9999.0 -9999.0 -9999.0 -9999.0 -9999.0 -9999.0 -9999.0 -9999.0 -9999.0 -9999.0 -9999.0 -9999.0 -9999.0 -9999.0 -9999.0 -9999.0 -9999.0 -9999.0 -9999.0 -9999.0 -9999.0 -9999.0 -9999.0 -9999.0 -9999.0 -9999.0 -9999.0 -9999.0 -9999.0 -9999.0 -9999.0 -9999.0 -9999.0 -9999.0 -9999.0 -9999.0 -9999.0 -9999.0 -9999.0 -9999.0 -9999.0 -9999.0 -9999.0 -9999.0 -9999.0 -9999.0 -9999.0 -9999.0 327.3 339.6 -9999.0 -9999.0 -9999.0 -9999.0 -9999.0 -9999.0 -9999.0 -9999.0 -9999.0 -9999.0 -9999.0 -9999.0 -9999.0 -9999.0 -9999.0 208.1
-9999.0 -9999.0 -9999.0 -9999.0 -9999.0 -9999.0 -9999.0 -9999.0 -9999.0 -9999.0 -9999.0 -9999.0 -9999.0 -9999.0 -9999.0 -9999.0 -9999.0 -9999.0 -9999.0 -9999.0 -9999.0 -9999.0 -9999.0 -9999.0 -9999.0 -9999.0 -9999.0 -9999.0 -9999.0 -9999.0 -9999.0 -9999.0 -9999.0 -9999.0 -9999.0 -9999.0 -9999.0 -9999.0 -9999.0 -9999.0 -9999.0 -9999.0 -9999.0 -9999.0 -9999.0 -9999.0 -9999.0 -9999.0 -9999.0 -9999.0 -9999.0 -9999.0 -9999.0 -9999.0 -9999.0 -9999.0 -9999.0 -9999.0 -9999.0 -9999.0 -9999.0 -9999.0 -9999.0 -9999.0 -9999.0 -9999.0 -9999.0 -9999.0 -9999.0 -9999.0 -9999.0 -9999.0 -9999.0 -9999.0 -9999.0 -9999.0
