program/excelProcessViaJava/data/SURF_CLI_CHN_PRE_MON_GRID_0.5-200808.txt
NCOLS      128
NROWS       72
XLLCORNER    72.000000000000    
YLLCORNER    18.000000000000    
CELLSIZE    0.50000000000000    
NODATA_VALUE   -9999.000    
[rows 33 to 65 of 72, columns 0 to 73 of 128]
-9999.0 -9999.0 -9999.0 -9999.0 40.5 80.0 118.9 58.3 51.4 8.3 14.9 9.5 5.2 1.6 1.2 1.2 1.2 1.4 1.7 2.2 2.2 1.9 1.6 1.8 2.5 4.9 8.3 100.1 36.4 42.9 47.7 38.1 33.2 39.5 22.4 21.1 17.2 48.8 39.9 20.0 6.7 3.9 4.5 4.3 4.9 5.4 7.3 13.0 16.6 8.9 10.5 28.0 43.9 64.5 42.3 56.1 67.5 99.7 106.4 131.2 125.3 98.9 76.8 38.3 24.7 36.9 42.5 24.3 53.3 66.7 90.3 118.6 127.2 119.1
-9999.0 -9999.0 -9999.0 -9999.0 69.1 49.8 105.9 47.0 143.9 131.7 30.1 102.2 59.6 59.3 7.4 7.1 7.7 2.8 1.8 2.1 4.0 4.9 6.3 21.7 69.3 102.1 59.6 58.5 50.4 46.9 42.4 48.7 36.2 33.7 35.4 27.9 39.8 52.1 32.1 17.5 37.5 9.4 8.3 4.8 4.7 4.6 4.1 3.6 3.5 5.1 7.0 12.4 43.7 34.9 37.0 52.0 67.2 87.2 105.1 76.4 108.6 67.9 56.4 57.2 43.0 27.3 45.9 32.0 40.6 74.4 84.8 105.1 105.6 94.7
-9999.0 -9999.0 -9999.0 -9999.0 -9999.0 -9999.0 -9999.0 59.9 94.7 67.4 147.7 143.9 74.3 89.7 87.4 7.6 31.1 11.2 8.9 20.3 52.8 84.4 88.2 77.4 68.6 62.4 66.1 63.9 59.8 64.1 56.8 50.7 44.5 45.5 50.3 40.0 55.0 49.8 69.9 77.4 36.3 94.9 86.5 54.9 27.5 9.5 16.1 11.2 15.8 7.4 7.1 12.7 28.2 83.5 77.5 54.8 64.1 75.2 107.8 93.0 111.7 85.1 74.2 73.1 79.1 55.1 57.1 55.1 50.2 66.6 78.7 90.1 94.8 89.8
-9999.0 -9999.0 -9999.0 -9999.0 -9999.0 -9999.0 -9999.0 143.1 46.7 98.4 121.1 89.1 108.0 148.9 103.1 171.7 92.8 84.8 127.8 79.4 74.4 95.8 80.3 77.7 69.5 66.7 61.3 71.2 54.5 48.3 56.3 52.8 48.7 56.6 45.7 48.1 46.4 59.7 63.7 64.5 73.0 76.9 85.6 120.1 65.1 34.2 43.4 43.8 70.7 52.1 87.9 75.5 44.9 62.1 90.7 70.0 79.4 93.1 105.7 108.7 99.7 104.2 105.0 107.2 97.1 86.0 72.0 57.4 64.1 62.8 75.8 81.4 82.3 83.9
-9999.0 -9999.0 -9999.0 -9999.0 -9999.0 -9999.0 -9999.0 -9999.0 -9999.0 87.3 83.5 73.3 120.0 113.4 92.4 79.4 103.7 170.1 112.0 144.1 105.3 81.0 75.7 73.4 69.0 62.7 65.5 63.0 52.7 64.8 44.4 47.7 46.7 51.6 42.1 44.1 46.3 57.0 58.8 70.9 71.1 83.4 81.9 75.6 88.5 85.5 83.7 78.2 77.6 73.9 81.2 71.1 65.8 67.2 93.1 83.3 86.7 95.1 105.4 100.6 98.3 104.6 113.5 116.4 116.0 97.1 73.1 57.6 66.5 67.1 74.1 71.2 69.7 75.6
-9999.0 -9999.0 -9999.0 -9999.0 -9999.0 -9999.0 -9999.0 -9999.0 -9999.0 -9999.0 -9999.0 114.5 51.5 121.9 95.3 106.8 97.4 89.1 85.1 93.5 108.8 86.9 87.5 74.4 94.7 77.0 79.6 74.8 67.0 58.2 54.7 63.0 49.9 50.0 46.5 63.6 53.8 60.1 93.6 76.8 93.3 87.6 82.6 79.8 110.0 87.5 115.7 95.9 98.3 88.0 71.5 71.2 73.6 84.0 99.6 98.8 100.7 107.0 102.9 96.2 94.9 94.9 104.8 116.9 114.7 78.8 53.9 56.6 65.6 73.7 76.9 73.0 69.2 74.8
-9999.0 -9999.0 -9999.0 -9999.0 -9999.0 -9999.0 -9999.0 -9999.0 -9999.0 -9999.0 -9999.0 -9999.0 54.0 54.6 101.5 78.2 132.7 95.0 94.1 129.4 74.2 82.2 82.7 73.3 126.0 76.9 66.9 79.4 71.6 82.6 64.7 58.9 56.4 63.3 63.2 59.8 80.9 69.2 69.4 72.3 78.9 85.2 88.7 100.6 99.5 105.2 114.6 95.4 96.2 91.5 98.3 91.2 82.2 81.4 92.7 104.3 111.5 117.2 102.2 100.8 90.8 90.2 92.2 99.0 95.5 93.6 60.5 63.6 72.7 82.8 93.9 96.2 97.8 102.1
-9999.0 -9999.0 -9999.0 -9999.0 -9999.0 -9999.0 -9999.0 -9999.0 -9999.0 -9999.0 -9999.0 -9999.0 107.5 39.9 34.1 79.7 48.6 64.1 99.0 89.5 86.1 95.8 89.1 74.8 63.3 72.8 73.3 63.8 71.1 63.3 70.6 77.7 67.1 63.2 66.2 62.7 79.1 85.0 85.2 88.4 87.9 92.9 114.8 98.7 112.1 122.5 104.3 99.3 86.2 97.1 91.8 93.2 85.2 93.0 93.1 108.5 114.3 120.2 112.9 103.8 93.6 87.7 89.0 93.5 77.7 75.6 54.7 63.1 82.0 100.1 107.1 106.9 109.7 117.9
-9999.0 -9999.0 -9999.0 -9999.0 -9999.0 -9999.0 -9999.0 -9999.0 -9999.0 -9999.0 -9999.0 -9999.0 -9999.0 55.4 90.8 34.9 65.0 51.5 51.9 57.5 70.5 61.1 84.3 64.0 70.5 96.5 96.3 106.6 91.2 84.9 73.6 69.5 79.8 77.5 63.5 66.1 71.6 83.5 120.6 110.2 113.2 124.3 124.0 137.2 119.7 106.6 114.4 121.5 122.3 116.7 111.1 99.6 96.5 122.1 118.4 121.7 126.6 134.2 137.6 123.0 108.9 97.3 95.6 89.5 69.2 63.1 63.0 69.1 89.4 116.7 142.9 168.8 164.7 148.0
-9999.0 -9999.0 -9999.0 -9999.0 -9999.0 -9999.0 -9999.0 -9999.0 -9999.0 -9999.0 -9999.0 -9999.0 47.7 83.2 72.5 43.0 85.7 64.7 65.7 43.0 48.3 54.6 66.9 66.4 67.0 95.7 91.4 85.9 87.1 90.8 85.8 75.5 90.0 76.7 77.0 71.9 86.1 81.4 92.2 107.7 139.3 160.1 172.3 137.2 139.6 134.3 121.8 114.7 126.6 131.7 139.9 143.0 123.5 131.1 128.3 135.0 149.9 146.1 151.5 141.4 128.0 120.4 112.3 112.4 90.3 70.7 77.8 81.7 101.3 124.5 154.0 190.5 200.6 179.7
-9999.0 -9999.0 -9999.0 -9999.0 -9999.0 -9999.0 -9999.0 -9999.0 -9999.0 -9999.0 -9999.0 -9999.0 60.2 19.8 31.5 96.3 82.5 38.5 40.6 61.9 43.5 64.6 68.2 71.6 68.3 70.5 78.6 83.8 89.0 86.7 86.4 88.4 96.8 79.8 76.4 78.4 77.5 88.7 100.2 108.3 126.2 136.3 145.8 153.2 154.0 154.5 165.9 161.1 161.0 146.4 151.7 162.5 149.1 144.2 145.3 144.7 161.8 172.8 169.4 170.7 164.6 160.0 130.6 106.2 86.5 91.4 80.7 104.2 141.3 182.7 218.6 237.3 220.5 177.0
-9999.0 -9999.0 -9999.0 -9999.0 -9999.0 -9999.0 -9999.0 -9999.0 -9999.0 -9999.0 -9999.0 -9999.0 8.0 41.5 15.7 26.1 28.0 70.8 48.8 54.4 86.6 93.7 70.2 88.0 82.8 106.4 101.1 121.5 96.9 99.4 99.9 114.0 97.4 89.5 86.0 86.1 88.0 96.9 106.8 127.5 138.5 143.3 176.3 151.1 170.2 188.1 193.5 179.5 167.5 176.2 183.7 176.7 210.6 212.5 191.1 159.9 179.8 193.8 198.8 181.9 177.2 173.1 195.4 117.2 79.8 108.1 113.9 141.3 191.2 259.9 294.7 256.8 224.2 177.4
-9999.0 -9999.0 -9999.0 -9999.0 -9999.0 -9999.0 -9999.0 -9999.0 -9999.0 -9999.0 -9999.0 -9999.0 -9999.0 69.1 56.3 22.2 30.9 28.6 53.5 66.5 109.3 72.9 92.8 106.1 84.6 97.2 100.2 101.0 116.3 104.5 124.5 120.5 120.9 109.1 105.4 112.3 110.5 108.9 122.0 134.3 149.9 182.2 199.4 198.2 179.7 183.0 198.7 172.1 204.8 205.2 191.5 219.8 213.8 194.8 224.6 225.4 194.3 200.8 217.6 244.0 229.8 270.4 219.8 98.9 123.5 122.0 152.2 199.4 266.8 313.2 344.7 323.0 237.7 232.8
-9999.0 -9999.0 -9999.0 -9999.0 -9999.0 -9999.0 -9999.0 -9999.0 -9999.0 -9999.0 -9999.0 -9999.0 -9999.0 1.8 42.2 18.1 52.3 22.6 31.2 48.0 95.2 98.9 108.8 103.7 78.4 98.6 110.2 104.8 116.2 157.2 148.2 144.5 134.1 131.3 131.5 126.4 119.0 123.9 138.2 164.7 166.0 182.6 195.3 201.9 222.9 201.2 200.5 177.8 189.8 194.3 216.8 186.4 228.3 250.6 263.1 251.8 229.2 230.1 250.2 200.3 263.9 194.4 142.3 166.5 139.3 147.8 190.9 243.2 283.4 335.4 350.7 316.2 275.0 230.7
-9999.0 -9999.0 -9999.0 -9999.0 -9999.0 -9999.0 -9999.0 -9999.0 -9999.0 -9999.0 -9999.0 -9999.0 -9999.0 -9999.0 -9999.0 16.1 14.5 29.2 27.1 27.8 70.3 62.3 69.4 86.1 103.5 110.0 151.6 135.8 163.9 137.9 151.7 150.5 163.1 155.6 143.4 148.6 149.4 133.5 144.5 156.6 174.8 188.5 196.2 197.5 178.7 164.1 187.0 148.8 181.3 129.8 177.3 243.3 220.6 240.0 199.0 256.3 261.3 214.3 284.4 303.8 211.7 184.3 206.9 176.9 157.4 177.0 220.1 242.4 248.1 258.7 278.4 278.6 204.7 205.8
-9999.0 -9999.0 -9999.0 -9999.0 -9999.0 -9999.0 -9999.0 -9999.0 -9999.0 -9999.0 -9999.0 -9999.0 -9999.0 -9999.0 -9999.0 -9999.0 -9999.0 0.0 1.9 -9999.0 15.2 61.4 49.9 63.1 101.2 108.2 152.9 142.9 132.1 158.9 151.9 146.2 172.6 151.6 141.6 142.5 153.8 136.5 146.1 153.2 163.4 178.0 182.0 180.7 143.1 148.3 115.4 188.5 131.9 159.4 104.0 161.9 134.2 234.9 256.9 268.2 245.8 289.4 293.3 313.8 214.0 222.4 227.7 206.3 180.4 178.1 189.5 182.2 176.5 191.5 233.9 168.9 156.1 206.2
-9999.0 -9999.0 -9999.0 -9999.0 -9999.0 -9999.0 -9999.0 -9999.0 -9999.0 -9999.0 -9999.0 -9999.0 -9999.0 -9999.0 -9999.0 -9999.0 -9999.0 -9999.0 -9999.0 -9999.0 -9999.0 32.1 58.7 104.7 93.2 77.6 94.8 111.2 129.5 125.9 141.2 129.0 144.7 149.2 138.9 138.5 134.7 134.4 134.7 137.1 142.0 156.7 164.5 164.3 130.3 147.5 107.6 115.3 180.2 285.8 142.1 228.6 236.9 174.5 221.4 266.9 278.1 258.5 336.0 302.5 241.4 239.6 247.0 235.8 210.4 176.0 149.6 130.4 131.6 153.4 183.8 146.2 152.8 217.7
-9999.0 -9999.0 -9999.0 -9999.0 -9999.0 -9999.0 -9999.0 -9999.0 -9999.0 -9999.0 -9999.0 -9999.0 -9999.0 -9999.0 -9999.0 -9999.0 -9999.0 -9999.0 -9999.0 -9999.0 -9999.0 -9999.0 -9999.0 18.2 63.2 72.7 86.8 107.2 140.5 127.7 139.9 146.8 162.8 145.8 142.6 132.6 130.8 119.6 120.1 120.5 122.2 132.9 132.7 129.5 115.9 105.8 102.2 97.5 90.3 91.4 102.0 182.2 132.9 174.8 180.3 173.2 248.5 294.2 232.4 297.5 256.5 245.3 220.4 222.6 202.1 177.1 142.2 119.6 111.3 137.6 123.8 136.9 158.8 164.2
-9999.0 -9999.0 -9999.0 -9999.0 -9999.0 -9999.0 -9999.0 -9999.0 -9999.0 -9999.0 -9999.0 -9999.0 -9999.0 -9999.0 -9999.0 -9999.0 -9999.0 -9999.0 -9999.0 -9999.0 -9999.0 -9999.0 -9999.0 -9999.0 -9999.0 14.0 54.6 148.0 145.9 169.4 144.5 124.2 121.5 124.7 110.6 116.6 122.4 97.8 98.9 90.3 100.5 100.5 106.0 105.0 102.3 101.0 97.8 102.1 106.8 92.4 158.3 143.1 189.3 196.9 155.4 182.8 238.0 237.1 287.9 282.6 264.9 236.6 311.4 225.4 200.6 181.0 148.8 117.6 109.1 106.2 127.5 146.5 208.7 140.7
-9999.0 -9999.0 -9999.0 -9999.0 -9999.0 -9999.0 -9999.0 -9999.0 -9999.0 -9999.0 -9999.0 -9999.0 -9999.0 -9999.0 -9999.0 -9999.0 -9999.0 -9999.0 -9999.0 -9999.0 -9999.0 -9999.0 -9999.0 -9999.0 -9999.0 -9999.0 -9999.0 17.9 26.4 73.2 84.2 88.7 123.8 84.1 92.9 74.8 75.8 71.6 74.1 67.9 71.4 80.9 91.7 94.9 95.7 96.6 97.7 99.2 101.4 98.5 110.5 120.7 139.0 144.1 170.6 222.2 214.3 227.6 269.1 240.4 217.6 224.3 161.5 157.7 164.0 157.5 156.7 154.1 147.4 144.2 154.5 133.2 212.6 140.3
-9999.0 -9999.0 -9999.0 -9999.0 -9999.0 -9999.0 -9999.0 -9999.0 -9999.0 -9999.0 -9999.0 -9999.0 -9999.0 -9999.0 -9999.0 -9999.0 -9999.0 -9999.0 -9999.0 -9999.0 -9999.0 -9999.0 -9999.0 -9999.0 -9999.0 -9999.0 -9999.0 -9999.0 -9999.0 -9999.0 -9999.0 -9999.0 -9999.0 56.2 66.8 -9999.0 -9999.0 -9999.0 66.4 58.0 68.9 77.2 78.1 88.3 91.1 93.3 -9999.0 -9999.0 -9999.0 -9999.0 -9999.0 -9999.0 127.4 188.7 156.8 187.5 226.5 231.9 233.5 213.5 198.3 204.8 153.2 151.6 162.1 170.9 175.4 181.4 191.4 197.6 206.3 169.0 144.8 169.1
-9999.0 -9999.0 -9999.0 -9999.0 -9999.0 -9999.0 -9999.0 -9999.0 -9999.0 -9999.0 -9999.0 -9999.0 -9999.0 -9999.0 -9999.0 -9999.0 -9999.0 -9999.0 -9999.0 -9999.0 -9999.0 -9999.0 -9999.0 -9999.0 -9999.0 -9999.0 -9999.0 -9999.0 -9999.0 -9999.0 -9999.0 -9999.0 -9999.0 -9999.0 -9999.0 -9999.0 -9999.0 -9999.0 -9999.0 65.3 70.4 75.2 79.8 84.1 -9999.0 -9999.0 -9999.0 -9999.0 -9999.0 -9999.0 -9999.0 -9999.0 140.1 215.6 209.7 210.7 228.2 227.2 209.5 183.7 162.6 175.1 180.3 159.0 189.1 202.2 215.5 239.5 257.6 255.7 233.1 216.8 218.6 160.2
-9999.0 -9999.0 -9999.0 -9999.0 -9999.0 -9999.0 -9999.0 -9999.0 -9999.0 -9999.0 -9999.0 -9999.0 -9999.0 -9999.0 -9999.0 -9999.0 -9999.0 -9999.0 -9999.0 -9999.0 -9999.0 -9999.0 -9999.0 -9999.0 -9999.0 -9999.0 -9999.0 -9999.0 -9999.0 -9999.0 -9999.0 -9999.0 -9999.0 -9999.0 -9999.0 -9999.0 -9999.0 -9999.0 -9999.0 -9999.0 -9999.0 -9999.0 -9999.0 -9999.0 -9999.0 -9999.0 -9999.0 -9999.0 -9999.0 -9999.0 -9999.0 -9999.0 106.2 240.1 239.9 280.0 252.4 220.9 192.4 174.4 142.7 145.0 226.0 164.2 189.5 211.5 238.7 272.4 295.6 302.9 285.5 264.6 213.0 207.5
-9999.0 -9999.0 -9999.0 -9999.0 -9999.0 -9999.0 -9999.0 -9999.0 -9999.0 -9999.0 -9999.0 -9999.0 -9999.0 -9999.0 -9999.0 -9999.0 -9999.0 -9999.0 -9999.0 -9999.0 -9999.0 -9999.0 -9999.0 -9999.0 -9999.0 -9999.0 -9999.0 -9999.0 -9999.0 -9999.0 -9999.0 -9999.0 -9999.0 -9999.0 -9999.0 -9999.0 -9999.0 -9999.0 -9999.0 -9999.0 -9999.0 -9999.0 -9999.0 -9999.0 -9999.0 -9999.0 -9999.0 -9999.0 -9999.0 -9999.0 -9999.0 135.0 165.7 251.5 200.3 260.7 240.6 238.1 186.5 120.8 171.5 155.6 133.8 151.8 180.9 213.9 223.2 203.5 273.6 280.8 281.3 280.4 272.6 252.3
-9999.0 -9999.0 -9999.0 -9999.0 -9999.0 -9999.0 -9999.0 -9999.0 -9999.0 -9999.0 -9999.0 -9999.0 -9999.0 -9999.0 -9999.0 -9999.0 -9999.0 -9999.0 -9999.0 -9999.0 -9999.0 -9999.0 -9999.0 -9999.0 -9999.0 -9999.0 -9999.0 -9999.0 -9999.0 -9999.0 -9999.0 -9999.0 -9999.0 -9999.0 -9999.0 -9999.0 -9999.0 -9999.0 -9999.0 -9999.0 -9999.0 -9999.0 -9999.0 -9999.0 -9999.0 -9999.0 -9999.0 -9999.0 -9999.0 -9999.0 144.4 185.3 216.0 257.2 231.4 255.3 191.3 151.9 175.8 183.0 145.7 146.5 132.1 148.6 182.6 207.6 208.8 203.0 253.1 249.2 273.2 266.9 262.4 244.0
-9999.0 -9999.0 -9999.0 -9999.0 -9999.0 -9999.0 -9999.0 -9999.0 -9999.0 -9999.0 -9999.0 -9999.0 -9999.0 -9999.0 -9999.0 -9999.0 -9999.0 -9999.0 -9999.0 -9999.0 -9999.0 -9999.0 -9999.0 -9999.0 -9999.0 -9999.0 -9999.0 -9999.0 -9999.0 -9999.0 -9999.0 -9999.0 -9999.0 -9999.0 -9999.0 -9999.0 -9999.0 -9999.0 -9999.0 -9999.0 -9999.0 -9999.0 -9999.0 -9999.0 -9999.0 -9999.0 -9999.0 -9999.0 -9999.0 -9999.0 174.2 239.2 230.2 261.0 271.2 232.4 149.3 229.5 221.6 182.5 142.7 131.5 131.5 150.1 179.8 201.8 203.3 204.6 238.3 253.9 276.7 279.5 261.5 220.5
-9999.0 -9999.0 -9999.0 -9999.0 -9999.0 -9999.0 -9999.0 -9999.0 -9999.0 -9999.0 -9999.0 -9999.0 -9999.0 -9999.0 -9999.0 -9999.0 -9999.0 -9999.0 -9999.0 -9999.0 -9999.0 -9999.0 -9999.0 -9999.0 -9999.0 -9999.0 -9999.0 -9999.0 -9999.0 -9999.0 -9999.0 -9999.0 -9999.0 -9999.0 -9999.0 -9999.0 -9999.0 -9999.0 -9999.0 -9999.0 -9999.0 -9999.0 -9999.0 -9999.0 -9999.0 -9999.0 -9999.0 -9999.0 -9999.0 -9999.0 198.2 249.8 256.5 317.2 251.8 222.6 281.8 250.0 249.9 181.9 161.4 145.6 140.8 151.1 169.1 200.4 232.3 246.8 258.2 294.4 291.5 311.6 262.4 223.6
-9999.0 -9999.0 -9999.0 -9999.0 -9999.0 -9999.0 -9999.0 -9999.0 -9999.0 -9999.0 -9999.0 -9999.0 -9999.0 -9999.0 -9999.0 -9999.0 -9999.0 -9999.0 -9999.0 -9999.0 -9999.0 -9999.0 -9999.0 -9999.0 -9999.0 -9999.0 -9999.0 -9999.0 -9999.0 -9999.0 -9999.0 -9999.0 -9999.0 -9999.0 -9999.0 -9999.0 -9999.0 -9999.0 -9999.0 -9999.0 -9999.0 -9999.0 -9999.0 -9999.0 -9999.0 -9999.0 -9999.0 -9999.0 -9999.0 -9999.0 264.2 314.0 318.5 328.0 304.6 304.7 238.4 278.4 267.3 197.8 189.1 169.7 161.7 180.3 189.7 217.5 249.1 292.4 303.4 265.7 288.4 293.7 272.6 217.5
-9999.0 -9999.0 -9999.0 -9999.0 -9999.0 -9999.0 -9999.0 -9999.0 -9999.0 -9999.0 -9999.0 -9999.0 -9999.0 -9999.0 -9999.0 -9999.0 -9999.0 -9999.0 -9999.0 -9999.0 -9999.0 -9999.0 -9999.0 -9999.0 -9999.0 -9999.0 -9999.0 -9999.0 -9999.0 -9999.0 -9999.0 -9999.0 -9999.0 -9999.0 -9999.0 -9999.0 -9999.0 -9999.0 -9999.0 -9999.0 -9999.0 -9999.0 -9999.0 -9999.0 -9999.0 -9999.0 -9999.0 -9999.0 -9999.0 -9999.0 -9999.0 -9999.0 -9999.0 339.0 313.4 288.3 292.1 305.7 265.3 241.9 276.5 207.0 250.8 268.4 274.3 296.0 301.2 344.6 319.8 287.9 271.8 277.0 257.5 202.9
-9999.0 -9999.0 -9999.0 -9999.0 -9999.0 -9999.0 -9999.0 -9999.0 -9999.0 -9999.0 -9999.0 -9999.0 -9999.0 -9999.0 -9999.0 -9999.0 -9999.0 -9999.0 -9999.0 -9999.0 -9999.0 -9999.0 -9999.0 -9999.0 -9999.0 -9999.0 -9999.0 -9999.0 -9999.0 -9999.0 -9999.0 -9999.0 -9999.0 -9999.0 -9999.0 -9999.0 -9999.0 -9999.0 -9999.0 -9999.0 -9999.0 -9999.0 -9999.0 -9999.0 -9999.0 -9999.0 -9999.0 -9999.0 -9999.0 -9999.0 -9999.0 -9999.0 -9999.0 378.8 349.4 373.8 319.3 310.6 330.1 363.4 338.2 323.5 384.7 441.5 454.1 442.4 442.3 378.6 325.8 283.8 277.5 303.8 301.2 254.3
-9999.0 -9999.0 -9999.0 -9999.0 -9999.0 -9999.0 -9999.0 -9999.0 -9999.0 -9999.0 -9999.0 -9999.0 -9999.0 -9999.0 -9999.0 -9999.0 -9999.0 -9999.0 -9999.0 -9999.0 -9999.0 -9999.0 -9999.0 -9999.0 -9999.0 -9999.0 -9999.0 -9999.0 -9999.0 -9999.0 -9999.0 -9999.0 -9999.0 -9999.0 -9999.0 -9999.0 -9999.0 -9999.0 -9999.0 -9999.0 -9999.0 -9999.0 -9999.0 -9999.0 -9999.0 -9999.0 -9999.0 -9999.0 -9999.0 -9999.0 -9999.0 -9999.0 -9999.0 413.4 369.8 383.2 357.4 348.6 380.8 415.6 468.3 498.5 533.1 533.3 631.8 -9999.0 -9999.0 -9999.0 376.0 337.7 360.3 415.7 444.5 401.3
-9999.0 -9999.0 -9999.0 -9999.0 -9999.0 -9999.0 -9999.0 -9999.0 -9999.0 -9999.0 -9999.0 -9999.0 -9999.0 -9999.0 -9999.0 -9999.0 -9999.0 -9999.0 -9999.0 -9999.0 -9999.0 -9999.0 -9999.0 -9999.0 -9999.0 -9999.0 -9999.0 -9999.0 -9999.0 -9999.0 -9999.0 -9999.0 -9999.0 -9999.0 -9999.0 -9999.0 -9999.0 -9999.0 -9999.0 -9999.0 -9999.0 -9999.0 -9999.0 -9999.0 -9999.0 -9999.0 -9999.0 -9999.0 -9999.0 -9999.0 -9999.0 -9999.0 -9999.0 -9999.0 423.5 402.3 367.2 366.1 424.8 495.4 504.9 -9999.0 -9999.0 -9999.0 -9999.0 -9999.0 -9999.0 -9999.0 465.2 445.0 482.5 580.7 632.0 582.6
-9999.0 -9999.0 -9999.0 -9999.0 -9999.0 -9999.0 -9999.0 -9999.0 -9999.0 -9999.0 -9999.0 -9999.0 -9999.0 -9999.0 -9999.0 -9999.0 -9999.0 -9999.0 -9999.0 -9999.0 -9999.0 -9999.0 -9999.0 -9999.0 -9999.0 -9999.0 -9999.0 -9999.0 -9999.0 -9999.0 -9999.0 -9999.0 -9999.0 -9999.0 -9999.0 -9999.0 -9999.0 -9999.0 -9999.0 -9999.0 -9999.0 -9999.0 -9999.0 -9999.0 -9999.0 -9999.0 -9999.0 -9999.0 -9999.0 -9999.0 -9999.0 -9999.0 -9999.0 -9999.0 -9999.0 416.0 436.1 417.8 439.8 516.0 584.8 -9999.0 -9999.0 -9999.0 -9999.0 -9999.0 -9999.0 -9999.0 -9999.0 -9999.0 625.8 -9999.0 -9999.0 -9999.0
