program/excelProcessViaJava/data/SURF_CLI_CHN_PRE_MON_GRID_0.5-200509.txt
NCOLS      128
NROWS       72
XLLCORNER    72.000000000000    
YLLCORNER    18.000000000000    
CELLSIZE    0.50000000000000    
NODATA_VALUE   -9999.000    
[rows 33 to 65 of 72, columns 0 to 75 of 128]
-9999.0 -9999.0 -9999.0 -9999.0 2.1 1.1 0.7 1.3 1.7 2.3 3.0 3.2 2.8 2.1 3.3 5.5 6.5 5.6 3.3 1.8 1.1 0.8 0.7 1.1 2.0 4.6 7.9 27.9 21.4 22.8 23.1 21.0 19.1 18.6 14.5 12.8 10.8 12.2 10.2 8.1 6.6 6.0 5.4 4.1 2.6 1.5 1.1 1.8 4.2 6.2 11.8 27.2 44.4 66.0 60.3 72.9 79.4 103.1 105.3 114.1 103.4 82.6 66.1 33.2 14.9 21.3 26.4 16.6 31.4 32.7 39.1 52.8 70.7 88.6 98.4 100.7
-9999.0 -9999.0 -9999.0 -9999.0 0.7 0.7 0.5 0.7 0.6 0.9 2.2 2.9 5.0 7.2 6.8 9.2 10.6 7.1 3.2 1.6 2.1 2.5 3.8 12.6 26.3 30.1 27.3 28.0 27.5 27.3 26.7 27.1 24.8 23.4 22.3 19.9 19.5 18.6 15.9 13.8 13.7 12.0 10.8 8.2 5.4 3.2 2.1 1.9 2.7 5.3 9.1 15.9 41.5 44.8 50.8 63.6 70.3 82.2 94.6 66.0 90.1 61.1 51.0 41.5 23.1 15.2 33.7 30.2 34.4 46.0 49.4 65.4 87.3 109.7 124.1 130.6
-9999.0 -9999.0 -9999.0 -9999.0 -9999.0 -9999.0 -9999.0 0.5 0.5 0.9 1.0 1.9 4.0 6.0 8.7 8.2 12.6 9.9 7.6 10.8 19.0 24.8 27.1 27.8 28.5 29.3 31.5 32.4 32.9 33.9 33.5 32.9 32.0 31.4 30.7 28.8 28.3 26.5 25.4 23.9 21.4 20.8 19.1 16.4 12.5 7.4 7.1 5.9 8.5 7.3 8.8 14.3 29.3 71.9 81.0 63.6 59.9 61.2 95.8 78.2 93.9 68.4 56.1 43.8 40.0 28.1 40.7 49.6 47.8 54.8 64.8 82.9 107.2 128.8 140.7 148.0
-9999.0 -9999.0 -9999.0 -9999.0 -9999.0 -9999.0 -9999.0 0.2 0.5 0.6 0.9 2.0 3.3 4.8 7.9 9.7 13.9 16.7 20.2 21.5 23.3 27.6 28.6 30.7 31.8 33.6 34.7 37.7 36.9 37.2 39.1 39.3 39.1 39.5 38.5 38.0 36.9 36.2 34.9 33.2 31.4 29.4 27.7 28.2 23.4 17.8 18.6 19.6 30.0 28.9 47.9 50.9 41.6 62.1 88.2 82.2 81.5 88.1 102.3 106.7 98.3 99.6 85.3 69.2 47.9 44.8 49.5 53.7 65.4 73.4 92.1 109.1 128.0 140.4 136.8 149.8
-9999.0 -9999.0 -9999.0 -9999.0 -9999.0 -9999.0 -9999.0 -9999.0 -9999.0 0.6 1.0 1.9 3.0 5.1 7.9 10.9 14.2 17.0 21.2 24.9 27.8 29.0 31.2 33.7 35.7 37.1 39.9 41.5 41.6 44.7 43.4 45.1 45.9 46.9 46.5 46.7 46.5 46.2 45.0 43.6 41.5 39.4 37.2 35.2 35.6 35.5 36.7 38.3 42.4 46.2 54.8 55.6 58.5 66.7 90.3 90.7 89.1 96.6 115.8 119.1 120.9 122.3 120.0 91.3 76.0 62.0 58.3 63.3 81.4 109.3 128.5 134.9 133.4 135.1 138.6 122.2
-9999.0 -9999.0 -9999.0 -9999.0 -9999.0 -9999.0 -9999.0 -9999.0 -9999.0 -9999.0 -9999.0 1.7 3.4 5.2 8.1 11.3 15.0 18.7 22.3 26.4 30.9 33.2 36.6 38.2 43.3 44.1 46.6 48.0 48.9 49.4 50.5 52.5 52.7 54.0 54.7 55.9 55.9 55.7 54.5 53.5 51.9 49.5 47.0 45.2 49.1 46.7 55.5 55.2 61.5 63.7 60.5 63.7 68.6 80.2 94.9 98.0 100.2 115.7 128.2 137.4 140.6 143.8 142.1 125.4 101.3 71.3 63.7 78.2 104.0 132.2 152.7 145.4 125.4 112.1 101.4 107.3
-9999.0 -9999.0 -9999.0 -9999.0 -9999.0 -9999.0 -9999.0 -9999.0 -9999.0 -9999.0 -9999.0 -9999.0 3.6 5.8 8.8 12.3 16.3 20.7 25.1 30.2 32.2 36.9 40.7 42.8 49.4 49.0 49.7 53.4 54.2 56.4 56.5 57.4 58.8 60.5 61.9 62.9 63.1 63.4 62.3 60.6 59.0 57.3 55.8 56.8 57.4 60.8 67.0 65.9 72.2 76.5 84.7 84.0 79.7 80.0 90.6 101.9 113.0 130.2 143.6 154.2 157.7 149.2 139.8 130.5 104.3 92.3 82.4 97.1 119.8 141.4 152.9 119.2 108.3 104.1 108.3 134.7
-9999.0 -9999.0 -9999.0 -9999.0 -9999.0 -9999.0 -9999.0 -9999.0 -9999.0 -9999.0 -9999.0 -9999.0 4.1 6.2 8.7 13.7 16.6 22.0 28.3 33.0 37.5 42.7 46.2 48.0 48.6 53.1 55.2 55.1 58.1 58.3 60.7 62.3 63.3 64.7 66.3 67.6 68.1 68.0 66.8 64.9 62.7 61.9 64.6 63.0 67.8 73.6 72.2 74.6 72.7 85.3 86.3 88.6 81.7 87.9 86.9 103.8 115.9 137.8 160.8 172.3 170.8 162.7 138.0 116.3 98.8 89.8 92.9 114.5 136.9 155.6 167.6 172.3 174.9 165.4 144.3 117.9
-9999.0 -9999.0 -9999.0 -9999.0 -9999.0 -9999.0 -9999.0 -9999.0 -9999.0 -9999.0 -9999.0 -9999.0 -9999.0 7.6 11.5 13.7 20.0 24.0 28.8 34.3 40.6 43.4 50.6 50.5 54.5 60.1 61.6 63.0 63.0 63.2 63.0 63.8 65.6 66.8 68.1 69.5 70.1 69.4 66.9 65.3 63.9 65.7 68.4 74.6 75.0 74.2 80.1 86.5 91.1 92.8 93.0 85.2 81.3 100.9 99.4 105.0 117.1 138.7 151.3 161.8 152.3 140.3 119.7 107.9 86.0 86.4 100.8 132.7 155.2 168.4 145.1 170.0 196.3 179.6 159.8 130.1
-9999.0 -9999.0 -9999.0 -9999.0 -9999.0 -9999.0 -9999.0 -9999.0 -9999.0 -9999.0 -9999.0 -9999.0 5.9 9.4 13.3 16.7 23.6 28.6 34.3 36.2 41.5 46.5 52.2 54.7 56.7 62.9 63.4 63.2 63.8 64.5 64.4 64.0 65.7 66.4 67.6 68.5 68.6 67.0 63.5 60.2 62.6 68.1 75.9 77.2 83.6 86.0 82.5 77.6 83.4 87.3 95.3 99.2 85.2 91.3 88.1 95.5 113.5 120.4 139.1 140.8 126.9 110.5 94.3 84.1 72.7 78.8 111.4 137.7 167.1 183.8 204.7 209.3 173.5 120.7 113.5 115.8
-9999.0 -9999.0 -9999.0 -9999.0 -9999.0 -9999.0 -9999.0 -9999.0 -9999.0 -9999.0 -9999.0 -9999.0 7.4 8.9 13.9 20.9 26.7 29.8 35.4 43.5 44.4 52.0 55.4 57.9 58.2 59.1 61.1 62.1 63.1 62.7 62.8 63.3 64.1 64.0 64.8 65.3 64.4 62.1 57.4 51.8 53.0 59.7 70.9 82.2 89.3 92.8 97.4 92.4 87.6 71.4 76.1 89.0 78.0 72.6 75.0 75.2 93.4 108.1 111.8 116.5 109.0 99.2 71.7 61.0 58.5 88.7 99.0 127.3 151.5 180.1 190.1 175.1 146.9 151.1 150.1 129.1
-9999.0 -9999.0 -9999.0 -9999.0 -9999.0 -9999.0 -9999.0 -9999.0 -9999.0 -9999.0 -9999.0 -9999.0 5.7 12.5 14.2 20.8 26.4 36.0 40.5 46.1 52.6 56.5 56.8 60.5 60.3 63.5 62.8 64.5 61.4 61.6 61.4 62.2 60.8 60.7 61.4 61.6 60.3 56.7 51.0 47.7 49.0 58.7 77.8 80.2 94.3 102.7 103.0 88.8 67.7 67.1 73.9 70.1 102.0 103.8 87.6 62.5 79.9 93.5 100.9 89.6 82.5 74.3 87.4 51.1 50.4 66.0 83.1 106.2 129.8 133.7 133.2 154.4 135.2 137.4 150.0 126.8
-9999.0 -9999.0 -9999.0 -9999.0 -9999.0 -9999.0 -9999.0 -9999.0 -9999.0 -9999.0 -9999.0 -9999.0 -9999.0 15.0 20.1 23.0 30.1 35.3 43.7 49.1 53.3 55.2 58.2 59.8 57.2 58.5 58.2 57.8 60.0 58.0 60.2 59.2 58.5 57.9 58.5 57.9 56.9 54.8 50.2 47.6 51.9 68.4 85.1 97.6 94.7 94.4 97.1 65.7 81.3 74.0 62.0 87.7 83.7 68.4 89.3 89.0 67.3 77.0 91.4 106.9 93.5 118.2 78.8 43.8 42.8 52.1 73.3 95.8 103.5 108.0 100.5 94.4 108.6 71.5 92.5 86.3
-9999.0 -9999.0 -9999.0 -9999.0 -9999.0 -9999.0 -9999.0 -9999.0 -9999.0 -9999.0 -9999.0 -9999.0 -9999.0 8.2 21.5 24.4 33.8 36.0 42.2 47.8 52.6 54.7 55.9 55.6 50.5 52.7 53.6 52.1 54.4 58.3 58.1 57.4 56.0 55.6 55.9 56.2 57.6 56.6 53.6 54.8 61.0 74.5 90.3 100.8 108.2 98.6 90.5 61.8 62.3 61.7 78.4 64.3 85.3 94.7 99.0 89.2 76.4 84.5 98.8 78.7 99.4 65.8 69.8 56.1 40.9 51.9 77.2 95.7 93.3 75.9 70.8 78.2 76.3 72.0 67.0 70.4
-9999.0 -9999.0 -9999.0 -9999.0 -9999.0 -9999.0 -9999.0 -9999.0 -9999.0 -9999.0 -9999.0 -9999.0 -9999.0 -9999.0 -9999.0 25.1 29.6 37.6 40.7 42.3 49.2 48.1 47.4 47.8 48.2 47.3 51.2 49.7 53.1 52.4 54.8 55.0 54.7 54.0 54.4 53.7 53.3 62.4 59.9 61.0 65.4 76.8 90.5 98.3 84.8 66.8 79.5 43.7 63.0 35.8 63.3 95.6 82.6 84.2 65.9 83.5 89.5 92.3 111.8 119.9 77.1 91.2 108.6 69.0 49.4 64.2 89.9 97.2 81.8 66.2 61.0 68.0 81.7 66.8 50.7 60.0
-9999.0 -9999.0 -9999.0 -9999.0 -9999.0 -9999.0 -9999.0 -9999.0 -9999.0 -9999.0 -9999.0 -9999.0 -9999.0 -9999.0 -9999.0 -9999.0 -9999.0 0.9 18.4 -9999.0 30.2 42.7 36.7 36.0 40.6 39.2 44.6 43.3 42.9 48.8 51.0 52.0 53.0 51.2 52.4 55.3 51.9 67.1 60.9 61.7 65.6 72.7 84.0 88.6 52.5 58.6 28.0 80.8 44.8 61.8 43.2 69.5 56.8 79.7 82.2 86.7 85.3 108.4 116.9 125.5 86.1 111.8 126.2 106.4 81.3 85.7 103.1 98.6 77.3 59.0 47.4 80.2 75.1 50.4 43.3 46.4
-9999.0 -9999.0 -9999.0 -9999.0 -9999.0 -9999.0 -9999.0 -9999.0 -9999.0 -9999.0 -9999.0 -9999.0 -9999.0 -9999.0 -9999.0 -9999.0 -9999.0 -9999.0 -9999.0 -9999.0 -9999.0 29.1 32.6 37.4 32.0 24.7 26.6 29.6 35.0 38.0 45.4 45.8 47.8 48.2 48.3 52.4 55.7 57.6 58.7 58.1 58.2 63.5 72.4 78.4 49.9 68.8 27.3 46.3 82.4 128.3 66.9 94.7 89.2 52.7 62.1 83.5 94.3 98.1 129.0 122.7 102.4 107.9 135.3 146.3 126.8 101.3 99.3 84.5 68.0 60.0 62.6 77.1 63.4 36.5 26.3 23.5
-9999.0 -9999.0 -9999.0 -9999.0 -9999.0 -9999.0 -9999.0 -9999.0 -9999.0 -9999.0 -9999.0 -9999.0 -9999.0 -9999.0 -9999.0 -9999.0 -9999.0 -9999.0 -9999.0 -9999.0 -9999.0 -9999.0 -9999.0 7.7 18.8 17.5 18.3 22.2 31.1 31.7 39.8 45.8 49.4 49.1 48.7 47.5 45.3 45.6 40.9 40.3 43.7 50.7 57.8 59.3 47.6 23.3 45.6 49.3 50.2 56.3 62.3 79.5 49.9 47.1 41.0 42.0 78.1 102.8 91.0 113.5 116.7 111.7 95.7 109.3 109.3 95.4 76.6 61.2 57.2 63.6 84.5 82.0 59.4 36.0 17.0 11.7
-9999.0 -9999.0 -9999.0 -9999.0 -9999.0 -9999.0 -9999.0 -9999.0 -9999.0 -9999.0 -9999.0 -9999.0 -9999.0 -9999.0 -9999.0 -9999.0 -9999.0 -9999.0 -9999.0 -9999.0 -9999.0 -9999.0 -9999.0 -9999.0 -9999.0 0.7 6.9 28.2 28.9 36.9 37.2 39.1 43.0 47.1 44.9 43.5 39.2 34.4 30.4 27.9 32.1 37.0 35.0 41.8 29.3 22.5 40.2 25.0 71.2 70.1 84.9 70.2 71.5 58.8 39.7 46.1 67.8 70.8 95.8 97.1 102.9 108.2 125.1 127.1 119.4 106.9 74.1 56.7 59.2 79.5 94.8 88.0 51.3 30.6 15.5 9.6
-9999.0 -9999.0 -9999.0 -9999.0 -9999.0 -9999.0 -9999.0 -9999.0 -9999.0 -9999.0 -9999.0 -9999.0 -9999.0 -9999.0 -9999.0 -9999.0 -9999.0 -9999.0 -9999.0 -9999.0 -9999.0 -9999.0 -9999.0 -9999.0 -9999.0 -9999.0 -9999.0 0.2 0.5 11.4 18.8 25.7 43.8 31.1 42.7 18.8 31.3 25.8 22.4 19.6 21.3 28.1 29.0 22.3 24.1 22.3 19.9 22.6 27.1 70.5 51.6 52.8 65.6 57.1 56.9 64.4 63.9 65.4 79.3 78.3 142.3 105.5 95.2 82.5 84.5 106.2 88.5 57.1 52.9 75.7 92.5 90.9 41.1 20.7 13.0 14.0
-9999.0 -9999.0 -9999.0 -9999.0 -9999.0 -9999.0 -9999.0 -9999.0 -9999.0 -9999.0 -9999.0 -9999.0 -9999.0 -9999.0 -9999.0 -9999.0 -9999.0 -9999.0 -9999.0 -9999.0 -9999.0 -9999.0 -9999.0 -9999.0 -9999.0 -9999.0 -9999.0 -9999.0 -9999.0 -9999.0 -9999.0 -9999.0 -9999.0 9.9 32.4 -9999.0 -9999.0 -9999.0 13.6 16.8 19.1 21.0 28.5 17.6 15.3 19.1 -9999.0 -9999.0 -9999.0 -9999.0 -9999.0 -9999.0 80.4 84.9 83.0 85.8 82.4 89.4 80.0 122.7 137.7 113.9 100.2 88.8 112.0 131.5 114.6 88.5 70.4 65.2 64.2 68.4 35.0 10.6 10.0 17.9
-9999.0 -9999.0 -9999.0 -9999.0 -9999.0 -9999.0 -9999.0 -9999.0 -9999.0 -9999.0 -9999.0 -9999.0 -9999.0 -9999.0 -9999.0 -9999.0 -9999.0 -9999.0 -9999.0 -9999.0 -9999.0 -9999.0 -9999.0 -9999.0 -9999.0 -9999.0 -9999.0 -9999.0 -9999.0 -9999.0 -9999.0 -9999.0 -9999.0 -9999.0 -9999.0 -9999.0 -9999.0 -9999.0 -9999.0 2.1 4.0 6.0 8.5 12.0 -9999.0 -9999.0 -9999.0 -9999.0 -9999.0 -9999.0 -9999.0 -9999.0 106.1 113.6 109.9 108.1 107.7 115.6 144.5 187.1 202.1 144.1 115.4 113.4 137.7 166.9 168.9 117.9 76.9 78.9 71.4 42.9 13.6 10.0 12.9 17.7
-9999.0 -9999.0 -9999.0 -9999.0 -9999.0 -9999.0 -9999.0 -9999.0 -9999.0 -9999.0 -9999.0 -9999.0 -9999.0 -9999.0 -9999.0 -9999.0 -9999.0 -9999.0 -9999.0 -9999.0 -9999.0 -9999.0 -9999.0 -9999.0 -9999.0 -9999.0 -9999.0 -9999.0 -9999.0 -9999.0 -9999.0 -9999.0 -9999.0 -9999.0 -9999.0 -9999.0 -9999.0 -9999.0 -9999.0 -9999.0 -9999.0 -9999.0 -9999.0 -9999.0 -9999.0 -9999.0 -9999.0 -9999.0 -9999.0 -9999.0 -9999.0 -9999.0 66.7 141.8 133.7 127.2 116.6 122.1 149.9 183.2 203.4 161.2 147.0 132.5 163.1 187.8 160.0 119.8 78.5 60.6 48.5 31.2 38.8 15.6 19.3 22.0
-9999.0 -9999.0 -9999.0 -9999.0 -9999.0 -9999.0 -9999.0 -9999.0 -9999.0 -9999.0 -9999.0 -9999.0 -9999.0 -9999.0 -9999.0 -9999.0 -9999.0 -9999.0 -9999.0 -9999.0 -9999.0 -9999.0 -9999.0 -9999.0 -9999.0 -9999.0 -9999.0 -9999.0 -9999.0 -9999.0 -9999.0 -9999.0 -9999.0 -9999.0 -9999.0 -9999.0 -9999.0 -9999.0 -9999.0 -9999.0 -9999.0 -9999.0 -9999.0 -9999.0 -9999.0 -9999.0 -9999.0 -9999.0 -9999.0 -9999.0 -9999.0 89.0 131.9 162.9 132.8 132.5 120.6 126.1 141.4 161.3 160.0 144.5 120.3 134.9 163.6 177.6 124.3 35.1 59.5 40.7 38.5 34.2 21.7 18.0 23.6 28.6
-9999.0 -9999.0 -9999.0 -9999.0 -9999.0 -9999.0 -9999.0 -9999.0 -9999.0 -9999.0 -9999.0 -9999.0 -9999.0 -9999.0 -9999.0 -9999.0 -9999.0 -9999.0 -9999.0 -9999.0 -9999.0 -9999.0 -9999.0 -9999.0 -9999.0 -9999.0 -9999.0 -9999.0 -9999.0 -9999.0 -9999.0 -9999.0 -9999.0 -9999.0 -9999.0 -9999.0 -9999.0 -9999.0 -9999.0 -9999.0 -9999.0 -9999.0 -9999.0 -9999.0 -9999.0 -9999.0 -9999.0 -9999.0 -9999.0 -9999.0 63.9 138.7 160.6 169.6 141.1 136.7 115.8 115.5 134.5 149.2 133.7 128.9 104.7 128.3 161.6 157.4 126.1 48.8 66.4 42.0 53.0 41.9 33.0 31.2 35.1 45.5
-9999.0 -9999.0 -9999.0 -9999.0 -9999.0 -9999.0 -9999.0 -9999.0 -9999.0 -9999.0 -9999.0 -9999.0 -9999.0 -9999.0 -9999.0 -9999.0 -9999.0 -9999.0 -9999.0 -9999.0 -9999.0 -9999.0 -9999.0 -9999.0 -9999.0 -9999.0 -9999.0 -9999.0 -9999.0 -9999.0 -9999.0 -9999.0 -9999.0 -9999.0 -9999.0 -9999.0 -9999.0 -9999.0 -9999.0 -9999.0 -9999.0 -9999.0 -9999.0 -9999.0 -9999.0 -9999.0 -9999.0 -9999.0 -9999.0 -9999.0 77.9 175.9 125.0 158.0 152.3 124.9 87.5 132.0 140.5 123.3 87.6 73.3 64.9 97.2 133.8 96.9 79.7 41.8 58.4 61.0 73.5 69.2 52.2 32.4 26.0 28.5
-9999.0 -9999.0 -9999.0 -9999.0 -9999.0 -9999.0 -9999.0 -9999.0 -9999.0 -9999.0 -9999.0 -9999.0 -9999.0 -9999.0 -9999.0 -9999.0 -9999.0 -9999.0 -9999.0 -9999.0 -9999.0 -9999.0 -9999.0 -9999.0 -9999.0 -9999.0 -9999.0 -9999.0 -9999.0 -9999.0 -9999.0 -9999.0 -9999.0 -9999.0 -9999.0 -9999.0 -9999.0 -9999.0 -9999.0 -9999.0 -9999.0 -9999.0 -9999.0 -9999.0 -9999.0 -9999.0 -9999.0 -9999.0 -9999.0 -9999.0 79.6 130.7 114.0 185.8 118.9 100.5 143.1 121.2 136.0 84.2 68.6 55.2 50.1 55.7 82.5 80.8 68.2 65.5 77.9 119.8 98.6 124.6 58.7 53.8 27.3 32.8
-9999.0 -9999.0 -9999.0 -9999.0 -9999.0 -9999.0 -9999.0 -9999.0 -9999.0 -9999.0 -9999.0 -9999.0 -9999.0 -9999.0 -9999.0 -9999.0 -9999.0 -9999.0 -9999.0 -9999.0 -9999.0 -9999.0 -9999.0 -9999.0 -9999.0 -9999.0 -9999.0 -9999.0 -9999.0 -9999.0 -9999.0 -9999.0 -9999.0 -9999.0 -9999.0 -9999.0 -9999.0 -9999.0 -9999.0 -9999.0 -9999.0 -9999.0 -9999.0 -9999.0 -9999.0 -9999.0 -9999.0 -9999.0 -9999.0 -9999.0 146.4 188.0 164.7 167.0 144.2 145.7 81.4 115.1 117.0 77.0 72.1 51.5 34.1 47.9 66.0 74.4 93.5 109.7 149.0 101.9 121.9 98.6 76.4 64.1 34.0 47.8
-9999.0 -9999.0 -9999.0 -9999.0 -9999.0 -9999.0 -9999.0 -9999.0 -9999.0 -9999.0 -9999.0 -9999.0 -9999.0 -9999.0 -9999.0 -9999.0 -9999.0 -9999.0 -9999.0 -9999.0 -9999.0 -9999.0 -9999.0 -9999.0 -9999.0 -9999.0 -9999.0 -9999.0 -9999.0 -9999.0 -9999.0 -9999.0 -9999.0 -9999.0 -9999.0 -9999.0 -9999.0 -9999.0 -9999.0 -9999.0 -9999.0 -9999.0 -9999.0 -9999.0 -9999.0 -9999.0 -9999.0 -9999.0 -9999.0 -9999.0 -9999.0 -9999.0 -9999.0 158.9 139.8 121.1 119.2 132.9 97.4 96.8 148.9 73.4 105.3 77.0 77.1 84.1 120.9 128.3 170.4 175.9 144.1 100.5 66.5 50.3 47.1 43.2
-9999.0 -9999.0 -9999.0 -9999.0 -9999.0 -9999.0 -9999.0 -9999.0 -9999.0 -9999.0 -9999.0 -9999.0 -9999.0 -9999.0 -9999.0 -9999.0 -9999.0 -9999.0 -9999.0 -9999.0 -9999.0 -9999.0 -9999.0 -9999.0 -9999.0 -9999.0 -9999.0 -9999.0 -9999.0 -9999.0 -9999.0 -9999.0 -9999.0 -9999.0 -9999.0 -9999.0 -9999.0 -9999.0 -9999.0 -9999.0 -9999.0 -9999.0 -9999.0 -9999.0 -9999.0 -9999.0 -9999.0 -9999.0 -9999.0 -9999.0 -9999.0 -9999.0 -9999.0 171.3 146.3 196.6 142.9 134.2 148.0 184.9 142.9 118.6 173.7 116.0 110.3 112.8 107.2 179.6 159.9 170.0 145.4 110.5 81.7 64.5 63.2 98.8
-9999.0 -9999.0 -9999.0 -9999.0 -9999.0 -9999.0 -9999.0 -9999.0 -9999.0 -9999.0 -9999.0 -9999.0 -9999.0 -9999.0 -9999.0 -9999.0 -9999.0 -9999.0 -9999.0 -9999.0 -9999.0 -9999.0 -9999.0 -9999.0 -9999.0 -9999.0 -9999.0 -9999.0 -9999.0 -9999.0 -9999.0 -9999.0 -9999.0 -9999.0 -9999.0 -9999.0 -9999.0 -9999.0 -9999.0 -9999.0 -9999.0 -9999.0 -9999.0 -9999.0 -9999.0 -9999.0 -9999.0 -9999.0 -9999.0 -9999.0 -9999.0 -9999.0 -9999.0 179.0 134.2 182.2 177.1 168.2 171.4 160.8 192.9 187.6 237.0 227.4 120.0 -9999.0 -9999.0 -9999.0 199.6 173.3 180.7 175.9 132.3 91.4 97.1 169.5
-9999.0 -9999.0 -9999.0 -9999.0 -9999.0 -9999.0 -9999.0 -9999.0 -9999.0 -9999.0 -9999.0 -9999.0 -9999.0 -9999.0 -9999.0 -9999.0 -9999.0 -9999.0 -9999.0 -9999.0 -9999.0 -9999.0 -9999.0 -9999.0 -9999.0 -9999.0 -9999.0 -9999.0 -9999.0 -9999.0 -9999.0 -9999.0 -9999.0 -9999.0 -9999.0 -9999.0 -9999.0 -9999.0 -9999.0 -9999.0 -9999.0 -9999.0 -9999.0 -9999.0 -9999.0 -9999.0 -9999.0 -9999.0 -9999.0 -9999.0 -9999.0 -9999.0 -9999.0 -9999.0 177.5 178.4 155.2 144.9 169.7 196.9 116.2 -9999.0 -9999.0 -9999.0 -9999.0 -9999.0 -9999.0 -9999.0 177.3 226.4 301.6 234.0 166.9 121.9 114.6 154.5
-9999.0 -9999.0 -9999.0 -9999.0 -9999.0 -9999.0 -9999.0 -9999.0 -9999.0 -9999.0 -9999.0 -9999.0 -9999.0 -9999.0 -9999.0 -9999.0 -9999.0 -9999.0 -9999.0 -9999.0 -9999.0 -9999.0 -9999.0 -9999.0 -9999.0 -9999.0 -9999.0 -9999.0 -9999.0 -9999.0 -9999.0 -9999.0 -9999.0 -9999.0 -9999.0 -9999.0 -9999.0 -9999.0 -9999.0 -9999.0 -9999.0 -9999.0 -9999.0 -9999.0 -9999.0 -9999.0 -9999.0 -9999.0 -9999.0 -9999.0 -9999.0 -9999.0 -9999.0 -9999.0 -9999.0 156.6 208.4 147.1 109.1 126.9 114.6 -9999.0 -9999.0 -9999.0 -9999.0 -9999.0 -9999.0 -9999.0 -9999.0 -9999.0 270.3 -9999.0 -9999.0 -9999.0 -9999.0 -9999.0
