program/excelProcessViaJava/data/SURF_CLI_CHN_PRE_MON_GRID_0.5-201402.txt
NCOLS      128
NROWS       72
XLLCORNER    72.000000000000    
YLLCORNER    18.000000000000    
CELLSIZE    0.50000000000000    
NODATA_VALUE   -9999.000    
[rows 35 to 69 of 72, columns 0 to 78 of 128]
-9999.0 -9999.0 -9999.0 -9999.0 -9999.0 10.8 0.6 0.4 0.2 0.2 0.2 0.2 0.2 0.1 0.1 0.8 0.1 0.1 0.1 0.0 0.0 0.0 0.0 0.0 0.0 0.0 0.0 0.0 0.0 0.0 0.0 0.0 0.1 0.1 0.1 0.1 0.2 0.2 0.4 0.5 0.3 0.8 0.7 0.3 0.2 0.3 0.3 0.4 0.9 2.0 3.7 4.9 4.8 4.9 3.8 2.1 1.9 2.0 4.2 4.1 10.6 4.8 5.5 9.9 14.4 10.6 10.5 11.5 12.9 16.5 13.1 11.2 15.1 20.3 22.2 23.9 19.2 20.6 21.4
-9999.0 -9999.0 -9999.0 -9999.0 -9999.0 -9999.0 -9999.0 0.9 1.1 0.6 0.6 0.6 0.6 0.6 0.4 0.4 0.2 0.1 0.1 0.0 0.0 0.0 0.0 0.0 0.0 0.0 0.0 0.0 0.0 0.0 0.1 0.1 0.1 0.2 0.1 0.2 0.2 0.3 0.3 0.4 0.6 0.7 0.9 1.7 0.4 0.2 0.2 0.4 1.6 2.2 5.7 5.3 3.7 3.6 5.0 1.9 2.0 3.1 5.0 7.8 9.2 10.2 8.1 13.8 14.7 12.5 10.3 10.4 16.1 14.7 14.9 15.3 18.3 23.7 21.3 27.2 23.4 19.0 20.6
-9999.0 -9999.0 -9999.0 -9999.0 -9999.0 -9999.0 -9999.0 2.1 7.3 1.6 1.6 1.7 1.5 1.4 1.2 1.0 0.6 0.5 0.2 0.1 0.0 0.0 0.0 0.0 0.0 0.0 0.0 0.0 0.0 0.1 0.1 0.1 0.2 0.2 0.2 0.2 0.2 0.3 0.3 0.5 0.7 1.1 1.2 1.0 1.2 0.9 0.9 1.1 2.2 3.9 6.7 5.9 4.8 4.2 6.9 3.1 2.6 3.8 6.6 8.1 9.7 13.6 17.0 14.4 18.2 15.4 12.1 11.6 17.1 15.2 17.7 18.0 20.5 25.5 29.7 17.2 15.4 15.8 20.9
-9999.0 -9999.0 -9999.0 -9999.0 -9999.0 -9999.0 -9999.0 -9999.0 -9999.0 -9999.0 3.3 2.9 3.7 2.6 2.4 1.8 1.3 0.8 0.4 0.2 0.1 0.0 0.0 0.0 0.0 0.0 0.0 0.0 0.1 0.1 0.2 0.3 0.3 0.4 0.4 0.5 0.3 0.4 1.1 0.7 1.4 1.6 1.9 1.9 3.4 1.8 4.0 2.8 5.5 7.7 7.7 8.3 7.9 9.4 12.5 9.3 6.6 8.6 9.4 10.2 13.5 12.2 13.0 16.2 21.6 16.0 12.4 13.8 16.1 18.1 19.4 22.2 22.8 21.9 15.2 14.1 12.5 14.6 19.9
-9999.0 -9999.0 -9999.0 -9999.0 -9999.0 -9999.0 -9999.0 -9999.0 -9999.0 -9999.0 -9999.0 5.5 5.6 5.2 3.8 3.3 2.2 1.5 0.8 0.4 0.1 0.1 0.0 0.0 0.1 0.0 0.0 0.1 0.1 0.3 0.4 0.6 0.7 1.0 0.9 0.7 1.1 0.6 0.5 0.8 1.4 2.3 3.3 4.9 5.2 5.7 6.8 4.2 7.3 11.8 19.6 19.0 14.6 12.6 15.0 16.7 16.7 19.6 12.2 19.7 17.5 23.0 25.0 22.0 18.8 27.4 18.2 19.9 20.4 21.7 19.5 22.8 23.2 19.3 18.6 32.8 24.2 21.0 20.7
-9999.0 -9999.0 -9999.0 -9999.0 -9999.0 -9999.0 -9999.0 -9999.0 -9999.0 -9999.0 -9999.0 -9999.0 6.4 7.9 7.4 4.6 4.1 2.4 1.3 0.6 0.2 0.1 0.1 0.0 0.0 0.0 0.1 0.1 0.2 0.3 0.7 1.3 1.5 1.6 1.6 1.2 1.3 1.2 1.0 1.4 2.1 3.6 7.2 7.7 11.1 14.0 10.5 9.0 7.3 15.8 18.9 22.2 17.1 19.7 16.3 20.8 18.9 21.6 18.3 18.1 17.5 19.5 28.4 34.7 15.0 23.5 14.6 17.0 17.0 19.1 25.0 32.5 33.9 26.4 26.9 25.3 23.6 30.3 29.9
-9999.0 -9999.0 -9999.0 -9999.0 -9999.0 -9999.0 -9999.0 -9999.0 -9999.0 -9999.0 -9999.0 -9999.0 9.8 8.7 6.8 7.5 4.6 3.4 1.9 0.9 0.4 0.2 0.1 0.1 0.1 0.1 0.1 0.2 0.3 0.7 1.1 1.6 2.5 2.9 2.3 1.9 1.4 1.3 3.9 2.8 4.1 7.3 10.3 16.3 17.4 17.7 20.0 21.0 21.4 21.4 22.4 17.7 16.2 29.5 23.8 20.8 18.3 21.7 28.9 26.1 24.4 20.4 27.4 15.4 6.1 14.7 22.9 22.7 22.4 17.4 11.0 11.9 17.7 21.1 27.0 26.1 28.2 30.1 31.9
-9999.0 -9999.0 -9999.0 -9999.0 -9999.0 -9999.0 -9999.0 -9999.0 -9999.0 -9999.0 -9999.0 12.0 11.3 9.3 8.3 7.9 5.0 3.6 2.1 1.3 0.6 0.3 0.2 0.1 0.1 0.1 0.1 0.2 0.4 0.9 1.5 2.2 3.7 3.9 4.1 3.1 3.0 1.5 1.5 2.8 7.9 14.4 21.2 18.1 24.0 27.2 24.8 18.1 17.5 17.6 24.2 28.9 17.0 20.0 14.6 13.5 16.8 12.1 18.9 16.8 18.0 23.8 22.5 31.5 20.9 16.9 9.7 15.6 23.6 26.2 21.3 13.5 9.5 8.9 12.8 18.8 25.5 33.9 38.8
-9999.0 -9999.0 -9999.0 -9999.0 -9999.0 -9999.0 -9999.0 -9999.0 -9999.0 -9999.0 -9999.0 13.5 12.1 13.7 10.7 7.4 5.5 4.3 2.6 1.3 0.9 0.4 0.3 0.2 0.2 0.3 0.3 0.4 0.6 1.0 1.7 2.7 4.3 4.8 5.0 4.7 3.1 2.3 2.2 2.8 5.7 8.8 13.5 19.5 25.0 29.2 33.5 27.8 21.5 8.6 9.4 17.5 9.6 6.8 7.0 5.9 8.2 11.8 13.1 19.4 23.8 29.4 14.7 12.0 13.2 8.8 14.9 12.5 12.9 12.3 10.4 8.6 9.2 16.8 22.4 22.9 27.0 36.3 42.3
-9999.0 -9999.0 -9999.0 -9999.0 -9999.0 -9999.0 -9999.0 -9999.0 -9999.0 -9999.0 -9999.0 -9999.0 18.8 12.3 12.5 9.0 6.6 4.1 2.6 1.6 1.2 0.9 0.6 0.5 0.5 0.5 0.5 0.7 0.7 1.0 1.6 3.0 3.9 4.9 5.7 5.7 4.4 3.3 2.7 4.8 6.3 7.2 18.0 12.4 22.1 32.1 34.2 22.6 9.7 7.8 8.6 4.9 23.7 22.5 9.9 3.7 5.9 9.2 13.4 12.9 14.6 16.8 34.4 11.5 6.1 9.3 10.7 12.4 13.0 11.4 9.3 10.9 12.7 18.6 25.2 23.2 25.2 33.8 39.9
-9999.0 -9999.0 -9999.0 -9999.0 -9999.0 -9999.0 -9999.0 -9999.0 -9999.0 -9999.0 -9999.0 -9999.0 16.8 13.5 10.9 9.1 6.4 4.5 3.1 2.4 2.7 1.5 1.5 1.5 1.4 1.2 1.1 1.0 0.9 1.0 1.4 2.1 3.4 4.4 5.5 7.1 6.2 3.5 3.4 3.7 5.4 15.4 22.6 21.9 15.8 19.0 25.0 10.2 17.1 11.4 4.1 12.4 7.6 1.9 8.5 7.5 3.9 6.3 11.1 21.0 21.2 44.3 25.6 5.9 9.2 11.2 13.5 14.6 14.7 12.8 10.2 8.2 11.2 10.8 17.8 20.5 24.5 29.9 36.0
-9999.0 -9999.0 -9999.0 -9999.0 -9999.0 -9999.0 -9999.0 -9999.0 -9999.0 -9999.0 -9999.0 -9999.0 -9999.0 21.7 12.3 9.9 7.7 5.4 4.0 3.4 4.2 3.8 3.7 3.3 3.6 2.9 2.3 1.8 1.1 1.4 1.1 1.4 1.8 2.9 4.6 5.1 3.6 2.7 3.8 11.0 6.2 9.7 13.4 16.7 33.0 19.6 19.1 9.4 8.9 6.7 9.8 1.8 6.3 10.2 11.6 5.9 2.7 5.0 10.9 10.4 20.8 12.3 5.8 12.3 12.0 13.3 15.9 17.3 15.6 13.0 9.1 6.7 7.3 11.3 16.3 20.1 22.4 29.4 35.9
-9999.0 -9999.0 -9999.0 -9999.0 -9999.0 -9999.0 -9999.0 -9999.0 -9999.0 -9999.0 -9999.0 -9999.0 -9999.0 -9999.0 76.6 11.9 9.5 7.4 6.2 6.0 6.5 6.5 7.0 7.1 6.8 6.0 4.9 3.0 2.3 0.8 0.6 0.5 1.6 2.0 2.0 4.6 6.2 0.9 1.7 3.2 9.7 13.8 13.7 12.3 5.7 5.5 12.9 5.9 9.0 1.8 3.7 15.6 4.4 4.5 0.2 2.9 3.3 1.2 12.0 19.5 8.6 4.9 18.0 16.6 15.8 16.9 20.1 21.6 17.4 10.3 6.4 5.2 8.8 13.1 17.9 23.8 28.9 35.2 41.3
-9999.0 -9999.0 -9999.0 -9999.0 -9999.0 -9999.0 -9999.0 -9999.0 -9999.0 -9999.0 -9999.0 -9999.0 -9999.0 -9999.0 -9999.0 -9999.0 -9999.0 57.7 20.0 19.5 15.2 12.5 15.0 15.8 13.3 12.0 9.2 5.9 3.0 1.3 0.3 0.1 1.0 0.2 0.2 0.7 4.7 0.1 1.1 2.5 5.6 13.9 10.2 6.8 1.1 2.9 13.7 17.0 4.4 6.2 1.7 2.6 1.1 5.3 5.8 5.5 1.6 9.1 11.3 17.1 1.3 6.9 19.9 23.0 19.4 19.8 24.9 25.2 19.5 10.6 7.4 9.0 12.6 15.7 24.0 32.9 40.9 48.3 55.9
-9999.0 -9999.0 -9999.0 -9999.0 -9999.0 -9999.0 -9999.0 -9999.0 -9999.0 -9999.0 -9999.0 -9999.0 -9999.0 -9999.0 -9999.0 -9999.0 -9999.0 -9999.0 -9999.0 -9999.0 50.2 25.1 24.8 23.7 24.4 27.4 21.1 13.5 6.2 2.2 0.3 0.1 0.1 0.1 0.1 0.2 0.2 0.2 0.2 0.1 0.1 12.0 13.6 8.6 0.5 4.4 31.2 5.3 19.1 82.7 5.8 21.1 16.4 1.8 3.7 9.2 10.0 5.6 24.9 13.0 1.0 3.1 14.9 19.0 23.3 25.2 32.3 32.3 27.1 15.7 10.1 12.0 15.5 21.9 31.7 43.6 54.6 62.7 76.3
-9999.0 -9999.0 -9999.0 -9999.0 -9999.0 -9999.0 -9999.0 -9999.0 -9999.0 -9999.0 -9999.0 -9999.0 -9999.0 -9999.0 -9999.0 -9999.0 -9999.0 -9999.0 -9999.0 -9999.0 -9999.0 -9999.0 38.8 70.5 47.4 45.6 38.0 25.1 12.2 5.4 1.3 0.3 1.3 0.3 1.0 1.0 2.8 1.1 5.4 9.7 9.4 16.2 5.0 0.8 0.7 42.5 7.6 8.9 17.8 24.9 9.4 15.6 6.4 5.6 2.8 0.5 8.3 17.2 0.7 13.7 1.2 3.7 6.1 8.1 12.9 26.1 39.4 41.3 28.5 20.9 16.4 16.7 20.8 30.1 40.8 54.3 70.9 84.6 100.9
-9999.0 -9999.0 -9999.0 -9999.0 -9999.0 -9999.0 -9999.0 -9999.0 -9999.0 -9999.0 -9999.0 -9999.0 -9999.0 -9999.0 -9999.0 -9999.0 -9999.0 -9999.0 -9999.0 -9999.0 -9999.0 -9999.0 -9999.0 -9999.0 153.3 123.9 77.8 34.2 23.2 17.8 6.1 1.9 0.9 1.0 0.8 3.8 14.4 4.9 14.2 10.2 21.9 8.4 0.9 0.8 19.9 54.5 35.0 102.4 13.7 26.9 22.5 17.1 20.0 15.3 6.1 3.0 8.1 5.2 16.6 14.2 10.9 10.7 29.9 10.7 14.3 26.4 36.8 32.3 30.0 26.1 20.4 20.5 22.0 37.3 52.8 61.6 73.7 94.5 121.5
-9999.0 -9999.0 -9999.0 -9999.0 -9999.0 -9999.0 -9999.0 -9999.0 -9999.0 -9999.0 -9999.0 -9999.0 -9999.0 -9999.0 -9999.0 -9999.0 -9999.0 -9999.0 -9999.0 -9999.0 -9999.0 -9999.0 -9999.0 -9999.0 -9999.0 186.4 149.5 138.7 113.5 42.7 22.3 11.8 7.8 5.8 4.2 11.0 5.8 7.6 5.3 11.1 18.9 3.5 4.7 23.8 36.5 62.4 94.5 116.4 134.8 72.5 132.3 131.9 29.2 26.2 14.2 10.5 3.8 3.1 13.5 9.1 7.7 20.1 14.6 14.7 18.3 21.0 31.4 38.8 34.2 28.8 25.2 28.4 22.3 39.2 49.8 62.7 91.8 102.4 99.7
-9999.0 -9999.0 -9999.0 -9999.0 -9999.0 -9999.0 -9999.0 -9999.0 -9999.0 -9999.0 -9999.0 -9999.0 -9999.0 -9999.0 -9999.0 -9999.0 -9999.0 -9999.0 -9999.0 -9999.0 -9999.0 -9999.0 -9999.0 -9999.0 -9999.0 -9999.0 -9999.0 206.4 175.7 109.2 118.5 82.0 63.3 30.7 11.0 11.4 -9999.0 13.5 13.4 11.5 8.1 9.7 7.6 36.6 59.5 72.3 88.7 -9999.0 -9999.0 116.3 150.9 158.9 76.3 31.1 31.9 13.1 5.0 4.8 7.1 11.3 18.7 27.0 24.0 21.2 20.3 22.9 26.8 30.1 33.5 33.8 29.9 33.1 37.7 36.4 61.4 68.1 96.8 90.0 87.3
-9999.0 -9999.0 -9999.0 -9999.0 -9999.0 -9999.0 -9999.0 -9999.0 -9999.0 -9999.0 -9999.0 -9999.0 -9999.0 -9999.0 -9999.0 -9999.0 -9999.0 -9999.0 -9999.0 -9999.0 -9999.0 -9999.0 -9999.0 -9999.0 -9999.0 -9999.0 -9999.0 -9999.0 -9999.0 -9999.0 -9999.0 -9999.0 -9999.0 101.8 81.0 -9999.0 -9999.0 -9999.0 -9999.0 45.4 41.4 42.1 45.3 50.0 55.9 -9999.0 -9999.0 -9999.0 -9999.0 -9999.0 -9999.0 -9999.0 72.6 39.8 28.6 17.6 8.1 6.7 8.7 14.6 24.0 29.6 29.6 23.2 22.8 23.7 25.5 28.7 33.7 38.0 41.5 40.3 34.6 49.3 54.3 72.4 83.3 81.3 87.1
-9999.0 -9999.0 -9999.0 -9999.0 -9999.0 -9999.0 -9999.0 -9999.0 -9999.0 -9999.0 -9999.0 -9999.0 -9999.0 -9999.0 -9999.0 -9999.0 -9999.0 -9999.0 -9999.0 -9999.0 -9999.0 -9999.0 -9999.0 -9999.0 -9999.0 -9999.0 -9999.0 -9999.0 -9999.0 -9999.0 -9999.0 -9999.0 -9999.0 -9999.0 -9999.0 -9999.0 -9999.0 -9999.0 -9999.0 51.0 47.4 42.6 38.5 46.6 -9999.0 -9999.0 -9999.0 -9999.0 -9999.0 -9999.0 -9999.0 -9999.0 70.4 46.0 33.4 22.1 13.2 8.8 8.4 13.4 19.5 24.8 43.1 24.0 24.6 25.4 27.1 28.7 32.3 37.3 42.3 44.3 55.1 51.8 62.2 69.2 76.3 76.2 74.0
-9999.0 -9999.0 -9999.0 -9999.0 -9999.0 -9999.0 -9999.0 -9999.0 -9999.0 -9999.0 -9999.0 -9999.0 -9999.0 -9999.0 -9999.0 -9999.0 -9999.0 -9999.0 -9999.0 -9999.0 -9999.0 -9999.0 -9999.0 -9999.0 -9999.0 -9999.0 -9999.0 -9999.0 -9999.0 -9999.0 -9999.0 -9999.0 -9999.0 -9999.0 -9999.0 -9999.0 -9999.0 -9999.0 -9999.0 -9999.0 -9999.0 -9999.0 -9999.0 -9999.0 -9999.0 -9999.0 -9999.0 -9999.0 -9999.0 -9999.0 -9999.0 49.8 47.7 47.1 29.0 26.2 18.2 12.8 8.8 5.7 21.6 25.1 22.1 27.4 30.9 32.2 32.4 38.0 31.5 35.4 39.6 42.5 41.2 44.6 55.9 66.3 70.0 78.6 77.3
-9999.0 -9999.0 -9999.0 -9999.0 -9999.0 -9999.0 -9999.0 -9999.0 -9999.0 -9999.0 -9999.0 -9999.0 -9999.0 -9999.0 -9999.0 -9999.0 -9999.0 -9999.0 -9999.0 -9999.0 -9999.0 -9999.0 -9999.0 -9999.0 -9999.0 -9999.0 -9999.0 -9999.0 -9999.0 -9999.0 -9999.0 -9999.0 -9999.0 -9999.0 -9999.0 -9999.0 -9999.0 -9999.0 -9999.0 -9999.0 -9999.0 -9999.0 -9999.0 -9999.0 -9999.0 -9999.0 -9999.0 -9999.0 -9999.0 -9999.0 36.2 38.5 41.0 41.3 28.3 27.0 18.0 10.7 9.0 14.7 16.6 27.6 26.9 35.9 43.9 43.0 33.9 31.4 28.1 31.2 35.5 39.1 42.1 45.2 48.7 52.1 70.6 63.1 79.0
-9999.0 -9999.0 -9999.0 -9999.0 -9999.0 -9999.0 -9999.0 -9999.0 -9999.0 -9999.0 -9999.0 -9999.0 -9999.0 -9999.0 -9999.0 -9999.0 -9999.0 -9999.0 -9999.0 -9999.0 -9999.0 -9999.0 -9999.0 -9999.0 -9999.0 -9999.0 -9999.0 -9999.0 -9999.0 -9999.0 -9999.0 -9999.0 -9999.0 -9999.0 -9999.0 -9999.0 -9999.0 -9999.0 -9999.0 -9999.0 -9999.0 -9999.0 -9999.0 -9999.0 -9999.0 -9999.0 -9999.0 -9999.0 -9999.0 -9999.0 22.0 36.1 19.1 31.1 31.1 24.7 16.0 17.1 15.4 14.9 18.4 27.8 31.5 41.9 47.2 35.3 27.6 23.3 21.6 24.2 32.3 41.4 46.4 46.0 46.2 50.8 47.5 66.7 73.4
-9999.0 -9999.0 -9999.0 -9999.0 -9999.0 -9999.0 -9999.0 -9999.0 -9999.0 -9999.0 -9999.0 -9999.0 -9999.0 -9999.0 -9999.0 -9999.0 -9999.0 -9999.0 -9999.0 -9999.0 -9999.0 -9999.0 -9999.0 -9999.0 -9999.0 -9999.0 -9999.0 -9999.0 -9999.0 -9999.0 -9999.0 -9999.0 -9999.0 -9999.0 -9999.0 -9999.0 -9999.0 -9999.0 -9999.0 -9999.0 -9999.0 -9999.0 -9999.0 -9999.0 -9999.0 -9999.0 -9999.0 -9999.0 -9999.0 -9999.0 13.8 14.5 13.0 33.6 23.1 22.0 23.5 17.3 17.9 13.9 23.4 34.0 34.4 31.9 33.9 22.4 15.4 14.0 14.2 22.2 31.8 44.8 53.9 46.2 43.9 41.3 30.4 51.4 54.6
-9999.0 -9999.0 -9999.0 -9999.0 -9999.0 -9999.0 -9999.0 -9999.0 -9999.0 -9999.0 -9999.0 -9999.0 -9999.0 -9999.0 -9999.0 -9999.0 -9999.0 -9999.0 -9999.0 -9999.0 -9999.0 -9999.0 -9999.0 -9999.0 -9999.0 -9999.0 -9999.0 -9999.0 -9999.0 -9999.0 -9999.0 -9999.0 -9999.0 -9999.0 -9999.0 -9999.0 -9999.0 -9999.0 -9999.0 -9999.0 -9999.0 -9999.0 -9999.0 -9999.0 -9999.0 -9999.0 -9999.0 -9999.0 -9999.0 -9999.0 11.5 18.5 17.8 23.2 23.0 21.8 17.4 14.4 13.6 10.8 17.8 20.0 11.5 20.0 22.6 16.2 12.9 12.9 18.6 15.1 32.1 47.3 54.2 45.2 40.7 36.5 29.7 38.8 33.8
-9999.0 -9999.0 -9999.0 -9999.0 -9999.0 -9999.0 -9999.0 -9999.0 -9999.0 -9999.0 -9999.0 -9999.0 -9999.0 -9999.0 -9999.0 -9999.0 -9999.0 -9999.0 -9999.0 -9999.0 -9999.0 -9999.0 -9999.0 -9999.0 -9999.0 -9999.0 -9999.0 -9999.0 -9999.0 -9999.0 -9999.0 -9999.0 -9999.0 -9999.0 -9999.0 -9999.0 -9999.0 -9999.0 -9999.0 -9999.0 -9999.0 -9999.0 -9999.0 -9999.0 -9999.0 -9999.0 -9999.0 -9999.0 -9999.0 -9999.0 14.7 7.1 15.1 15.2 15.2 13.0 10.0 7.8 7.2 6.4 20.3 7.0 19.6 16.8 17.8 15.2 16.9 16.0 22.7 26.9 30.2 35.3 38.6 37.1 37.4 42.1 38.6 35.2 31.3
-9999.0 -9999.0 -9999.0 -9999.0 -9999.0 -9999.0 -9999.0 -9999.0 -9999.0 -9999.0 -9999.0 -9999.0 -9999.0 -9999.0 -9999.0 -9999.0 -9999.0 -9999.0 -9999.0 -9999.0 -9999.0 -9999.0 -9999.0 -9999.0 -9999.0 -9999.0 -9999.0 -9999.0 -9999.0 -9999.0 -9999.0 -9999.0 -9999.0 -9999.0 -9999.0 -9999.0 -9999.0 -9999.0 -9999.0 -9999.0 -9999.0 -9999.0 -9999.0 -9999.0 -9999.0 -9999.0 -9999.0 -9999.0 -9999.0 -9999.0 -9999.0 -9999.0 -9999.0 8.1 7.1 6.9 3.5 2.5 2.2 5.8 6.4 10.4 21.3 22.9 23.9 22.5 21.0 27.7 23.6 24.2 21.1 22.3 25.4 28.1 33.3 35.6 37.3 29.2 29.6
-9999.0 -9999.0 -9999.0 -9999.0 -9999.0 -9999.0 -9999.0 -9999.0 -9999.0 -9999.0 -9999.0 -9999.0 -9999.0 -9999.0 -9999.0 -9999.0 -9999.0 -9999.0 -9999.0 -9999.0 -9999.0 -9999.0 -9999.0 -9999.0 -9999.0 -9999.0 -9999.0 -9999.0 -9999.0 -9999.0 -9999.0 -9999.0 -9999.0 -9999.0 -9999.0 -9999.0 -9999.0 -9999.0 -9999.0 -9999.0 -9999.0 -9999.0 -9999.0 -9999.0 -9999.0 -9999.0 -9999.0 -9999.0 -9999.0 -9999.0 -9999.0 -9999.0 -9999.0 2.8 1.9 1.4 0.6 0.4 0.6 2.2 7.1 14.7 27.0 34.2 36.0 34.8 -9999.0 34.6 35.0 25.5 22.1 24.4 26.0 26.5 27.7 27.0 26.7 24.6 24.7
-9999.0 -9999.0 -9999.0 -9999.0 -9999.0 -9999.0 -9999.0 -9999.0 -9999.0 -9999.0 -9999.0 -9999.0 -9999.0 -9999.0 -9999.0 -9999.0 -9999.0 -9999.0 -9999.0 -9999.0 -9999.0 -9999.0 -9999.0 -9999.0 -9999.0 -9999.0 -9999.0 -9999.0 -9999.0 -9999.0 -9999.0 -9999.0 -9999.0 -9999.0 -9999.0 -9999.0 -9999.0 -9999.0 -9999.0 -9999.0 -9999.0 -9999.0 -9999.0 -9999.0 -9999.0 -9999.0 -9999.0 -9999.0 -9999.0 -9999.0 -9999.0 -9999.0 -9999.0 0.6 0.2 0.1 0.1 0.1 0.1 1.5 5.5 15.1 27.7 -9999.0 -9999.0 -9999.0 -9999.0 -9999.0 39.9 39.5 41.8 35.3 32.2 26.1 20.3 17.0 15.4 16.5 22.8
-9999.0 -9999.0 -9999.0 -9999.0 -9999.0 -9999.0 -9999.0 -9999.0 -9999.0 -9999.0 -9999.0 -9999.0 -9999.0 -9999.0 -9999.0 -9999.0 -9999.0 -9999.0 -9999.0 -9999.0 -9999.0 -9999.0 -9999.0 -9999.0 -9999.0 -9999.0 -9999.0 -9999.0 -9999.0 -9999.0 -9999.0 -9999.0 -9999.0 -9999.0 -9999.0 -9999.0 -9999.0 -9999.0 -9999.0 -9999.0 -9999.0 -9999.0 -9999.0 -9999.0 -9999.0 -9999.0 -9999.0 -9999.0 -9999.0 -9999.0 -9999.0 -9999.0 -9999.0 -9999.0 -9999.0 0.0 0.0 0.0 0.0 0.5 4.1 -9999.0 -9999.0 -9999.0 -9999.0 -9999.0 -9999.0 -9999.0 -9999.0 50.1 49.3 43.7 35.6 23.0 14.0 10.3 10.0 12.9 20.0
-9999.0 -9999.0 -9999.0 -9999.0 -9999.0 -9999.0 -9999.0 -9999.0 -9999.0 -9999.0 -9999.0 -9999.0 -9999.0 -9999.0 -9999.0 -9999.0 -9999.0 -9999.0 -9999.0 -9999.0 -9999.0 -9999.0 -9999.0 -9999.0 -9999.0 -9999.0 -9999.0 -9999.0 -9999.0 -9999.0 -9999.0 -9999.0 -9999.0 -9999.0 -9999.0 -9999.0 -9999.0 -9999.0 -9999.0 -9999.0 -9999.0 -9999.0 -9999.0 -9999.0 -9999.0 -9999.0 -9999.0 -9999.0 -9999.0 -9999.0 -9999.0 -9999.0 -9999.0 -9999.0 -9999.0 -9999.0 0.0 0.0 0.0 0.2 2.9 -9999.0 -9999.0 -9999.0 -9999.0 -9999.0 -9999.0 -9999.0 -9999.0 -9999.0 -9999.0 -9999.0 35.2 21.5 12.8 10.1 11.7 16.7 23.8
-9999.0 -9999.0 -9999.0 -9999.0 -9999.0 -9999.0 -9999.0 -9999.0 -9999.0 -9999.0 -9999.0 -9999.0 -9999.0 -9999.0 -9999.0 -9999.0 -9999.0 -9999.0 -9999.0 -9999.0 -9999.0 -9999.0 -9999.0 -9999.0 -9999.0 -9999.0 -9999.0 -9999.0 -9999.0 -9999.0 -9999.0 -9999.0 -9999.0 -9999.0 -9999.0 -9999.0 -9999.0 -9999.0 -9999.0 -9999.0 -9999.0 -9999.0 -9999.0 -9999.0 -9999.0 -9999.0 -9999.0 -9999.0 -9999.0 -9999.0 -9999.0 -9999.0 -9999.0 -9999.0 -9999.0 -9999.0 -9999.0 -9999.0 -9999.0 -9999.0 -9999.0 -9999.0 -9999.0 -9999.0 -9999.0 -9999.0 -9999.0 -9999.0 -9999.0 -9999.0 -9999.0 -9999.0 -9999.0 22.8 15.8 14.6 18.5 25.8 31.9
-9999.0 -9999.0 -9999.0 -9999.0 -9999.0 -9999.0 -9999.0 -9999.0 -9999.0 -9999.0 -9999.0 -9999.0 -9999.0 -9999.0 -9999.0 -9999.0 -9999.0 -9999.0 -9999.0 -9999.0 -9999.0 -9999.0 -9999.0 -9999.0 -9999.0 -9999.0 -9999.0 -9999.0 -9999.0 -9999.0 -9999.0 -9999.0 -9999.0 -9999.0 -9999.0 -9999.0 -9999.0 -9999.0 -9999.0 -9999.0 -9999.0 -9999.0 -9999.0 -9999.0 -9999.0 -9999.0 -9999.0 -9999.0 -9999.0 -9999.0 -9999.0 -9999.0 -9999.0 -9999.0 -9999.0 -9999.0 -9999.0 -9999.0 -9999.0 -9999.0 -9999.0 -9999.0 -9999.0 -9999.0 -9999.0 -9999.0 -9999.0 -9999.0 -9999.0 -9999.0 -9999.0 -9999.0 32.5 23.6 18.5 18.9 24.3 33.0 37.1
-9999.0 -9999.0 -9999.0 -9999.0 -9999.0 -9999.0 -9999.0 -9999.0 -9999.0 -9999.0 -9999.0 -9999.0 -9999.0 -9999.0 -9999.0 -9999.0 -9999.0 -9999.0 -9999.0 -9999.0 -9999.0 -9999.0 -9999.0 -9999.0 -9999.0 -9999.0 -9999.0 -9999.0 -9999.0 -9999.0 -9999.0 -9999.0 -9999.0 -9999.0 -9999.0 -9999.0 -9999.0 -9999.0 -9999.0 -9999.0 -9999.0 -9999.0 -9999.0 -9999.0 -9999.0 -9999.0 -9999.0 -9999.0 -9999.0 -9999.0 -9999.0 -9999.0 -9999.0 -9999.0 -9999.0 -9999.0 -9999.0 -9999.0 -9999.0 -9999.0 -9999.0 -9999.0 -9999.0 -9999.0 -9999.0 -9999.0 -9999.0 -9999.0 -9999.0 -9999.0 -9999.0 -9999.0 27.6 20.8 18.9 17.1 21.0 27.0 31.2
