program/excelProcessViaJava/data/SURF_CLI_CHN_PRE_MON_GRID_0.5-198311.txt
NCOLS      128
NROWS       72
XLLCORNER    72.000000000000    
YLLCORNER    18.000000000000    
CELLSIZE    0.50000000000000    
NODATA_VALUE   -9999.000    
[rows 35 to 69 of 72, columns 0 to 79 of 128]
-9999.0 -9999.0 -9999.0 -9999.0 -9999.0 -9999.0 -9999.0 0.4 0.6 0.2 0.7 0.4 0.0 0.0 0.0 0.0 0.0 0.0 0.0 0.0 0.0 0.0 0.0 0.0 0.0 0.0 0.0 0.0 0.0 0.0 0.0 0.0 0.0 0.1 0.2 0.3 0.7 0.7 1.1 1.0 0.2 0.6 0.2 0.1 0.0 0.1 0.1 0.1 0.1 0.1 0.1 0.1 0.1 2.5 1.6 0.2 0.2 0.1 0.7 0.1 1.1 0.1 0.1 0.1 0.0 0.0 0.1 0.2 0.9 2.2 6.2 10.9 13.7 16.0 18.2 18.5 18.0 15.2 11.5 7.5
-9999.0 -9999.0 -9999.0 -9999.0 -9999.0 -9999.0 -9999.0 2.5 0.2 0.5 0.6 0.1 0.1 0.1 0.0 0.1 0.0 0.0 0.0 0.0 0.0 0.0 0.0 0.0 0.0 0.0 0.0 0.0 0.0 0.0 0.0 0.0 0.0 0.1 0.2 0.5 0.7 1.0 1.0 0.7 0.5 0.2 0.1 0.5 0.1 0.0 0.1 0.1 0.5 0.3 1.9 1.3 0.2 0.6 2.4 0.2 0.1 0.1 0.3 0.5 0.3 0.2 0.3 0.3 0.2 0.1 0.2 1.4 2.8 5.1 8.1 12.7 17.2 19.4 19.7 19.6 18.1 15.2 10.9 7.8
-9999.0 -9999.0 -9999.0 -9999.0 -9999.0 -9999.0 -9999.0 -9999.0 -9999.0 0.5 0.3 0.1 0.2 0.1 0.0 0.0 0.0 0.0 0.0 0.0 0.0 0.0 0.0 0.0 0.0 0.0 0.0 0.0 0.0 0.0 0.0 0.0 0.1 0.2 0.3 0.5 0.7 1.0 1.0 1.0 0.5 0.3 0.1 0.1 0.1 0.1 0.2 0.3 0.5 0.7 1.2 0.7 0.5 0.5 2.2 0.4 0.1 0.1 0.2 0.2 0.4 0.7 0.8 1.6 0.7 0.6 1.9 6.4 7.3 8.2 10.4 14.6 18.6 19.9 19.2 15.9 15.3 12.9 10.3 8.8
-9999.0 -9999.0 -9999.0 -9999.0 -9999.0 -9999.0 -9999.0 -9999.0 -9999.0 -9999.0 -9999.0 0.6 0.1 0.3 0.1 0.1 0.0 0.0 0.0 0.0 0.0 0.0 0.0 0.0 0.0 0.0 0.0 0.0 0.0 0.0 0.0 0.1 0.1 0.2 0.3 0.8 0.8 1.1 2.2 1.2 1.2 0.4 0.1 0.0 0.2 0.1 0.6 0.4 1.0 1.1 0.6 0.5 0.6 1.4 2.8 1.2 0.3 0.2 0.1 0.1 0.3 0.5 0.8 1.0 1.0 3.5 10.6 14.4 14.4 14.6 15.9 19.6 20.9 19.0 13.5 14.4 15.0 14.6 12.1 11.7
-9999.0 -9999.0 -9999.0 -9999.0 -9999.0 -9999.0 -9999.0 -9999.0 -9999.0 -9999.0 -9999.0 -9999.0 0.1 0.1 0.2 0.1 0.1 0.0 0.0 0.0 0.0 0.0 0.0 0.0 0.0 0.0 0.0 0.0 0.0 0.0 0.0 0.1 0.1 0.3 0.5 0.6 1.4 1.1 1.0 0.9 0.7 0.3 0.1 0.1 0.1 0.1 0.5 0.3 0.7 1.0 1.9 1.5 0.8 0.7 1.3 1.4 1.0 1.1 0.1 0.3 0.3 0.6 0.8 0.9 1.8 3.3 9.7 15.8 19.8 22.8 23.4 24.3 23.2 21.6 22.5 19.8 21.8 21.9 19.9 20.8
-9999.0 -9999.0 -9999.0 -9999.0 -9999.0 -9999.0 -9999.0 -9999.0 -9999.0 -9999.0 -9999.0 -9999.0 0.8 0.1 0.1 0.1 0.0 0.0 0.0 0.0 0.0 0.0 0.0 0.0 0.0 0.0 0.0 0.0 0.0 0.0 0.1 0.1 0.1 0.2 0.4 0.5 1.0 1.2 1.0 0.9 0.5 0.2 0.3 0.1 0.1 0.4 0.2 0.3 0.2 0.8 0.8 0.8 0.3 0.7 0.4 1.0 0.8 1.0 0.6 0.6 0.5 0.5 0.9 2.1 2.2 4.7 7.4 14.3 19.8 27.0 35.4 41.2 40.8 37.9 34.8 32.0 31.3 26.9 28.9 27.4
-9999.0 -9999.0 -9999.0 -9999.0 -9999.0 -9999.0 -9999.0 -9999.0 -9999.0 -9999.0 -9999.0 -9999.0 -9999.0 0.2 0.4 0.1 0.1 0.1 0.0 0.0 0.0 0.0 0.0 0.0 0.0 0.0 0.0 0.1 0.1 0.1 0.1 0.1 0.2 0.3 0.2 0.3 0.4 0.6 2.2 1.0 0.6 0.5 0.2 0.5 0.2 0.1 0.5 1.0 1.3 1.1 0.9 0.3 0.1 2.1 1.4 1.3 1.6 2.7 4.3 2.8 2.2 1.5 1.9 1.6 1.6 4.5 11.3 18.5 27.6 32.7 30.7 35.7 43.2 43.2 39.2 35.7 34.1 34.3 28.0 20.6
-9999.0 -9999.0 -9999.0 -9999.0 -9999.0 -9999.0 -9999.0 -9999.0 -9999.0 -9999.0 -9999.0 -9999.0 0.4 0.8 0.4 0.1 0.3 0.1 0.1 0.1 0.0 0.0 0.0 0.0 0.1 0.1 0.1 0.1 0.1 0.1 0.1 0.1 0.2 0.2 0.2 0.2 0.4 0.2 0.2 0.2 1.2 2.3 3.0 0.2 0.5 0.8 0.7 0.5 0.9 1.0 1.7 2.0 0.4 0.9 0.7 1.5 4.0 5.6 6.8 6.1 5.3 5.4 4.4 6.5 5.6 7.6 7.3 18.7 38.2 52.1 55.2 48.1 39.5 32.1 31.6 32.3 32.5 29.8 23.1 16.1
-9999.0 -9999.0 -9999.0 -9999.0 -9999.0 -9999.0 -9999.0 -9999.0 -9999.0 -9999.0 -9999.0 -9999.0 0.8 0.1 0.2 1.0 0.5 0.1 0.1 0.1 0.1 0.1 0.1 0.1 0.1 0.1 0.1 0.1 0.1 0.1 0.1 0.1 0.1 0.1 0.1 0.1 0.1 0.1 0.1 0.1 0.1 0.1 0.2 0.5 1.0 1.9 4.1 3.7 3.2 1.2 1.1 1.7 0.5 0.4 0.7 1.4 4.5 8.4 10.6 12.0 12.5 13.6 8.3 7.8 8.5 5.5 16.6 22.4 36.1 52.7 55.5 47.2 39.9 40.5 38.2 27.9 26.8 23.1 20.0 15.2
-9999.0 -9999.0 -9999.0 -9999.0 -9999.0 -9999.0 -9999.0 -9999.0 -9999.0 -9999.0 -9999.0 -9999.0 0.1 0.5 0.1 0.1 0.1 0.4 0.1 0.1 0.2 0.2 0.1 0.1 0.1 0.1 0.1 0.1 0.1 0.1 0.1 0.1 0.1 0.1 0.1 0.1 0.1 0.1 0.1 0.2 0.2 0.1 2.3 0.2 2.2 6.2 8.1 5.7 3.6 3.5 3.0 1.6 5.3 6.0 2.8 1.3 4.9 9.9 13.7 12.5 13.2 14.6 23.7 14.6 7.2 6.7 13.5 25.8 42.4 50.0 52.2 58.1 50.0 49.0 73.2 40.0 50.9 22.9 22.5 19.5
-9999.0 -9999.0 -9999.0 -9999.0 -9999.0 -9999.0 -9999.0 -9999.0 -9999.0 -9999.0 -9999.0 -9999.0 -9999.0 1.6 0.9 0.2 0.2 0.1 0.3 0.3 0.8 0.2 0.3 0.3 0.2 0.2 0.2 0.1 0.1 0.1 0.1 0.1 0.1 0.1 0.1 0.2 0.2 0.1 0.2 0.2 0.5 4.9 8.6 7.4 4.0 5.8 9.4 5.5 8.4 6.6 4.1 4.3 2.3 0.8 4.2 6.1 3.3 6.8 13.3 22.7 21.8 39.9 27.6 17.3 6.8 8.9 14.3 26.4 39.4 55.0 56.1 52.7 56.4 42.6 45.5 39.6 34.4 32.3 33.3 31.7
-9999.0 -9999.0 -9999.0 -9999.0 -9999.0 -9999.0 -9999.0 -9999.0 -9999.0 -9999.0 -9999.0 -9999.0 -9999.0 0.1 0.7 0.2 0.7 0.1 0.2 0.3 0.8 0.7 0.7 0.4 0.2 0.2 0.2 0.2 0.1 0.2 0.2 0.1 0.1 0.1 0.2 0.3 0.2 0.2 0.8 4.4 2.9 6.0 9.3 11.2 19.9 11.7 11.4 7.0 7.2 5.8 5.4 1.7 2.4 4.8 8.0 6.9 4.5 7.2 15.1 10.3 25.3 23.4 22.6 11.1 9.6 11.3 16.8 28.0 42.0 50.2 57.1 59.2 54.4 51.8 53.1 57.1 62.3 44.7 51.1 49.0
-9999.0 -9999.0 -9999.0 -9999.0 -9999.0 -9999.0 -9999.0 -9999.0 -9999.0 -9999.0 -9999.0 -9999.0 -9999.0 -9999.0 -9999.0 0.2 0.1 0.3 0.2 0.2 0.6 0.4 0.4 0.4 0.5 0.4 0.6 0.3 0.4 0.1 0.1 0.1 0.3 0.3 0.2 0.8 1.4 0.3 1.0 2.5 7.5 12.1 14.2 14.0 8.2 7.4 11.5 6.4 7.4 2.9 2.3 7.1 1.6 2.4 0.6 5.3 7.6 1.8 18.0 26.2 18.2 21.1 19.7 16.3 13.4 13.9 20.1 31.0 40.2 55.6 62.4 59.3 62.3 54.5 51.8 65.7 61.7 63.3 48.2 51.5
-9999.0 -9999.0 -9999.0 -9999.0 -9999.0 -9999.0 -9999.0 -9999.0 -9999.0 -9999.0 -9999.0 -9999.0 -9999.0 -9999.0 -9999.0 -9999.0 -9999.0 0.2 0.1 -9999.0 0.2 0.6 0.4 0.4 0.6 0.5 0.9 0.4 0.2 0.2 0.1 0.1 0.4 0.1 0.1 0.2 1.6 0.2 1.1 2.9 6.3 13.8 13.7 12.3 5.3 8.0 15.8 15.3 4.9 4.5 1.3 0.8 1.1 3.7 6.1 7.7 3.8 13.1 15.9 24.0 13.1 21.5 24.9 22.7 19.8 19.0 25.3 37.0 45.1 57.6 53.5 70.2 65.2 46.6 50.4 61.5 53.7 44.8 38.7 36.3
-9999.0 -9999.0 -9999.0 -9999.0 -9999.0 -9999.0 -9999.0 -9999.0 -9999.0 -9999.0 -9999.0 -9999.0 -9999.0 -9999.0 -9999.0 -9999.0 -9999.0 -9999.0 -9999.0 -9999.0 -9999.0 0.4 0.7 1.4 0.8 0.5 0.4 0.3 0.2 0.1 0.1 0.1 0.1 0.1 0.1 0.2 0.2 0.2 0.2 0.1 0.3 11.4 15.2 13.7 4.8 10.8 21.0 8.6 17.5 64.2 4.0 15.7 13.2 4.4 6.3 10.5 10.6 5.8 27.1 20.1 21.2 32.9 31.3 30.5 27.0 25.7 33.0 45.3 54.5 63.2 63.8 63.8 53.7 40.4 42.3 46.7 44.4 35.5 30.4 26.4
-9999.0 -9999.0 -9999.0 -9999.0 -9999.0 -9999.0 -9999.0 -9999.0 -9999.0 -9999.0 -9999.0 -9999.0 -9999.0 -9999.0 -9999.0 -9999.0 -9999.0 -9999.0 -9999.0 -9999.0 -9999.0 -9999.0 -9999.0 0.6 0.7 0.6 0.5 0.4 0.4 0.1 0.1 0.1 0.6 0.2 0.5 0.4 0.9 0.2 1.5 3.5 4.6 10.7 6.3 3.9 4.3 20.1 12.0 11.8 13.2 12.9 7.9 17.5 11.9 15.4 10.6 3.8 7.4 15.8 8.1 21.3 39.2 52.6 53.6 33.0 29.6 31.2 40.8 53.8 54.9 65.2 65.1 59.8 51.8 51.5 46.8 48.3 49.7 41.6 34.8 30.1
-9999.0 -9999.0 -9999.0 -9999.0 -9999.0 -9999.0 -9999.0 -9999.0 -9999.0 -9999.0 -9999.0 -9999.0 -9999.0 -9999.0 -9999.0 -9999.0 -9999.0 -9999.0 -9999.0 -9999.0 -9999.0 -9999.0 -9999.0 -9999.0 -9999.0 1.2 0.7 1.9 1.0 1.9 0.3 0.1 0.1 0.2 0.1 0.7 3.7 0.3 2.2 1.0 6.5 2.9 0.3 1.6 10.1 21.8 20.2 37.1 18.2 18.6 30.4 27.6 36.0 34.3 17.7 10.0 10.2 7.5 19.0 24.3 37.7 52.3 57.5 30.8 32.6 37.9 45.6 43.6 47.5 57.7 60.9 59.3 54.7 61.3 62.1 57.9 52.2 48.7 48.0 34.4
-9999.0 -9999.0 -9999.0 -9999.0 -9999.0 -9999.0 -9999.0 -9999.0 -9999.0 -9999.0 -9999.0 -9999.0 -9999.0 -9999.0 -9999.0 -9999.0 -9999.0 -9999.0 -9999.0 -9999.0 -9999.0 -9999.0 -9999.0 -9999.0 -9999.0 -9999.0 -9999.0 1.2 1.0 0.2 0.1 0.1 0.7 0.0 0.2 0.0 0.1 0.0 0.0 0.1 1.8 0.1 0.9 7.3 13.7 23.2 33.4 40.8 46.7 36.5 50.0 53.6 49.0 43.3 32.2 24.3 11.3 11.1 21.7 29.0 40.7 47.8 39.4 40.3 42.5 41.4 50.7 53.5 53.4 58.0 60.2 65.9 59.3 66.1 66.7 67.2 74.3 61.7 41.0 31.5
-9999.0 -9999.0 -9999.0 -9999.0 -9999.0 -9999.0 -9999.0 -9999.0 -9999.0 -9999.0 -9999.0 -9999.0 -9999.0 -9999.0 -9999.0 -9999.0 -9999.0 -9999.0 -9999.0 -9999.0 -9999.0 -9999.0 -9999.0 -9999.0 -9999.0 -9999.0 -9999.0 -9999.0 -9999.0 -9999.0 -9999.0 -9999.0 -9999.0 0.1 0.1 -9999.0 -9999.0 -9999.0 0.0 0.0 0.1 0.5 1.4 10.3 19.0 26.1 -9999.0 -9999.0 -9999.0 -9999.0 -9999.0 -9999.0 65.4 67.0 42.2 25.6 17.1 14.9 22.5 31.4 38.6 43.2 41.2 42.6 41.9 45.6 52.8 57.7 59.5 59.5 57.3 64.1 68.6 64.4 74.5 72.7 84.5 56.1 39.0 28.2
-9999.0 -9999.0 -9999.0 -9999.0 -9999.0 -9999.0 -9999.0 -9999.0 -9999.0 -9999.0 -9999.0 -9999.0 -9999.0 -9999.0 -9999.0 -9999.0 -9999.0 -9999.0 -9999.0 -9999.0 -9999.0 -9999.0 -9999.0 -9999.0 -9999.0 -9999.0 -9999.0 -9999.0 -9999.0 -9999.0 -9999.0 -9999.0 -9999.0 -9999.0 -9999.0 -9999.0 -9999.0 -9999.0 -9999.0 1.9 3.0 5.3 8.9 13.8 -9999.0 -9999.0 -9999.0 -9999.0 -9999.0 -9999.0 -9999.0 -9999.0 80.0 87.4 58.7 34.2 21.6 18.8 22.3 28.8 34.7 37.9 37.1 36.6 40.3 51.7 62.7 62.8 59.8 65.3 67.0 63.7 60.2 71.6 66.6 71.1 69.3 50.5 41.9 27.3
-9999.0 -9999.0 -9999.0 -9999.0 -9999.0 -9999.0 -9999.0 -9999.0 -9999.0 -9999.0 -9999.0 -9999.0 -9999.0 -9999.0 -9999.0 -9999.0 -9999.0 -9999.0 -9999.0 -9999.0 -9999.0 -9999.0 -9999.0 -9999.0 -9999.0 -9999.0 -9999.0 -9999.0 -9999.0 -9999.0 -9999.0 -9999.0 -9999.0 -9999.0 -9999.0 -9999.0 -9999.0 -9999.0 -9999.0 -9999.0 -9999.0 -9999.0 -9999.0 -9999.0 -9999.0 -9999.0 -9999.0 -9999.0 -9999.0 -9999.0 -9999.0 -9999.0 63.7 106.1 70.4 59.0 31.4 25.1 25.5 32.2 35.9 37.9 63.3 35.6 44.3 60.9 68.0 63.9 59.4 60.6 63.5 63.6 79.6 71.5 73.2 61.8 61.6 44.9 34.4 29.9
-9999.0 -9999.0 -9999.0 -9999.0 -9999.0 -9999.0 -9999.0 -9999.0 -9999.0 -9999.0 -9999.0 -9999.0 -9999.0 -9999.0 -9999.0 -9999.0 -9999.0 -9999.0 -9999.0 -9999.0 -9999.0 -9999.0 -9999.0 -9999.0 -9999.0 -9999.0 -9999.0 -9999.0 -9999.0 -9999.0 -9999.0 -9999.0 -9999.0 -9999.0 -9999.0 -9999.0 -9999.0 -9999.0 -9999.0 -9999.0 -9999.0 -9999.0 -9999.0 -9999.0 -9999.0 -9999.0 -9999.0 -9999.0 -9999.0 -9999.0 -9999.0 75.3 87.0 112.9 59.0 57.1 44.4 42.7 37.8 31.1 59.1 56.4 43.4 44.5 53.5 67.3 72.1 61.5 62.0 57.6 59.6 60.7 59.0 61.4 62.9 56.4 57.4 42.3 41.0 35.2
-9999.0 -9999.0 -9999.0 -9999.0 -9999.0 -9999.0 -9999.0 -9999.0 -9999.0 -9999.0 -9999.0 -9999.0 -9999.0 -9999.0 -9999.0 -9999.0 -9999.0 -9999.0 -9999.0 -9999.0 -9999.0 -9999.0 -9999.0 -9999.0 -9999.0 -9999.0 -9999.0 -9999.0 -9999.0 -9999.0 -9999.0 -9999.0 -9999.0 -9999.0 -9999.0 -9999.0 -9999.0 -9999.0 -9999.0 -9999.0 -9999.0 -9999.0 -9999.0 -9999.0 -9999.0 -9999.0 -9999.0 -9999.0 -9999.0 -9999.0 73.3 109.4 116.9 118.4 77.4 77.5 61.4 57.6 61.1 73.6 70.9 81.9 63.5 64.2 68.8 76.5 81.9 71.6 69.0 57.1 57.7 55.1 59.3 63.7 62.7 58.3 47.6 45.9 37.2 31.6
-9999.0 -9999.0 -9999.0 -9999.0 -9999.0 -9999.0 -9999.0 -9999.0 -9999.0 -9999.0 -9999.0 -9999.0 -9999.0 -9999.0 -9999.0 -9999.0 -9999.0 -9999.0 -9999.0 -9999.0 -9999.0 -9999.0 -9999.0 -9999.0 -9999.0 -9999.0 -9999.0 -9999.0 -9999.0 -9999.0 -9999.0 -9999.0 -9999.0 -9999.0 -9999.0 -9999.0 -9999.0 -9999.0 -9999.0 -9999.0 -9999.0 -9999.0 -9999.0 -9999.0 -9999.0 -9999.0 -9999.0 -9999.0 -9999.0 -9999.0 89.2 162.6 121.1 137.7 130.1 107.7 92.5 107.4 108.5 97.9 84.5 90.1 81.1 83.9 86.1 77.5 81.2 70.6 67.1 58.5 57.5 59.9 62.8 61.3 57.0 51.0 41.9 33.6 25.1 21.8
-9999.0 -9999.0 -9999.0 -9999.0 -9999.0 -9999.0 -9999.0 -9999.0 -9999.0 -9999.0 -9999.0 -9999.0 -9999.0 -9999.0 -9999.0 -9999.0 -9999.0 -9999.0 -9999.0 -9999.0 -9999.0 -9999.0 -9999.0 -9999.0 -9999.0 -9999.0 -9999.0 -9999.0 -9999.0 -9999.0 -9999.0 -9999.0 -9999.0 -9999.0 -9999.0 -9999.0 -9999.0 -9999.0 -9999.0 -9999.0 -9999.0 -9999.0 -9999.0 -9999.0 -9999.0 -9999.0 -9999.0 -9999.0 -9999.0 -9999.0 101.7 151.2 145.0 216.8 170.4 153.6 169.6 156.9 151.8 127.7 117.6 123.0 116.0 99.9 102.9 94.5 83.5 75.3 68.7 67.3 60.5 63.8 59.4 55.8 48.8 41.5 31.3 24.7 16.1 9.4
-9999.0 -9999.0 -9999.0 -9999.0 -9999.0 -9999.0 -9999.0 -9999.0 -9999.0 -9999.0 -9999.0 -9999.0 -9999.0 -9999.0 -9999.0 -9999.0 -9999.0 -9999.0 -9999.0 -9999.0 -9999.0 -9999.0 -9999.0 -9999.0 -9999.0 -9999.0 -9999.0 -9999.0 -9999.0 -9999.0 -9999.0 -9999.0 -9999.0 -9999.0 -9999.0 -9999.0 -9999.0 -9999.0 -9999.0 -9999.0 -9999.0 -9999.0 -9999.0 -9999.0 -9999.0 -9999.0 -9999.0 -9999.0 -9999.0 -9999.0 174.5 231.8 223.0 246.3 236.0 229.3 181.3 193.1 178.5 157.8 156.6 155.2 123.3 127.1 129.2 119.5 111.6 92.0 84.7 69.9 66.6 62.1 57.6 52.0 41.0 32.1 24.9 19.9 13.8 7.8
-9999.0 -9999.0 -9999.0 -9999.0 -9999.0 -9999.0 -9999.0 -9999.0 -9999.0 -9999.0 -9999.0 -9999.0 -9999.0 -9999.0 -9999.0 -9999.0 -9999.0 -9999.0 -9999.0 -9999.0 -9999.0 -9999.0 -9999.0 -9999.0 -9999.0 -9999.0 -9999.0 -9999.0 -9999.0 -9999.0 -9999.0 -9999.0 -9999.0 -9999.0 -9999.0 -9999.0 -9999.0 -9999.0 -9999.0 -9999.0 -9999.0 -9999.0 -9999.0 -9999.0 -9999.0 -9999.0 -9999.0 -9999.0 -9999.0 -9999.0 -9999.0 -9999.0 -9999.0 225.5 214.7 209.2 212.6 211.5 195.8 195.0 227.8 189.5 207.5 160.2 148.4 132.7 130.1 96.2 89.8 81.7 74.9 66.8 59.3 51.5 38.6 28.0 21.9 17.3 12.3 7.9
-9999.0 -9999.0 -9999.0 -9999.0 -9999.0 -9999.0 -9999.0 -9999.0 -9999.0 -9999.0 -9999.0 -9999.0 -9999.0 -9999.0 -9999.0 -9999.0 -9999.0 -9999.0 -9999.0 -9999.0 -9999.0 -9999.0 -9999.0 -9999.0 -9999.0 -9999.0 -9999.0 -9999.0 -9999.0 -9999.0 -9999.0 -9999.0 -9999.0 -9999.0 -9999.0 -9999.0 -9999.0 -9999.0 -9999.0 -9999.0 -9999.0 -9999.0 -9999.0 -9999.0 -9999.0 -9999.0 -9999.0 -9999.0 -9999.0 -9999.0 -9999.0 -9999.0 -9999.0 226.3 204.4 260.2 209.6 199.8 208.6 240.8 249.7 211.1 241.5 152.3 139.1 127.3 97.3 113.3 94.2 87.2 74.6 60.8 49.6 39.8 29.9 23.5 17.2 12.4 8.4 5.9
-9999.0 -9999.0 -9999.0 -9999.0 -9999.0 -9999.0 -9999.0 -9999.0 -9999.0 -9999.0 -9999.0 -9999.0 -9999.0 -9999.0 -9999.0 -9999.0 -9999.0 -9999.0 -9999.0 -9999.0 -9999.0 -9999.0 -9999.0 -9999.0 -9999.0 -9999.0 -9999.0 -9999.0 -9999.0 -9999.0 -9999.0 -9999.0 -9999.0 -9999.0 -9999.0 -9999.0 -9999.0 -9999.0 -9999.0 -9999.0 -9999.0 -9999.0 -9999.0 -9999.0 -9999.0 -9999.0 -9999.0 -9999.0 -9999.0 -9999.0 -9999.0 -9999.0 -9999.0 223.6 179.1 223.9 210.1 195.6 207.3 226.7 265.4 247.2 256.9 230.0 108.5 -9999.0 -9999.0 -9999.0 92.0 74.9 55.4 38.5 26.4 19.1 15.1 12.5 7.0 4.4 7.4 2.1
-9999.0 -9999.0 -9999.0 -9999.0 -9999.0 -9999.0 -9999.0 -9999.0 -9999.0 -9999.0 -9999.0 -9999.0 -9999.0 -9999.0 -9999.0 -9999.0 -9999.0 -9999.0 -9999.0 -9999.0 -9999.0 -9999.0 -9999.0 -9999.0 -9999.0 -9999.0 -9999.0 -9999.0 -9999.0 -9999.0 -9999.0 -9999.0 -9999.0 -9999.0 -9999.0 -9999.0 -9999.0 -9999.0 -9999.0 -9999.0 -9999.0 -9999.0 -9999.0 -9999.0 -9999.0 -9999.0 -9999.0 -9999.0 -9999.0 -9999.0 -9999.0 -9999.0 -9999.0 -9999.0 206.2 199.6 168.7 158.3 191.6 227.9 177.0 -9999.0 -9999.0 -9999.0 -9999.0 -9999.0 -9999.0 -9999.0 63.2 50.1 35.0 12.9 5.8 4.8 4.1 2.3 0.8 0.3 0.2 -9999.0
-9999.0 -9999.0 -9999.0 -9999.0 -9999.0 -9999.0 -9999.0 -9999.0 -9999.0 -9999.0 -9999.0 -9999.0 -9999.0 -9999.0 -9999.0 -9999.0 -9999.0 -9999.0 -9999.0 -9999.0 -9999.0 -9999.0 -9999.0 -9999.0 -9999.0 -9999.0 -9999.0 -9999.0 -9999.0 -9999.0 -9999.0 -9999.0 -9999.0 -9999.0 -9999.0 -9999.0 -9999.0 -9999.0 -9999.0 -9999.0 -9999.0 -9999.0 -9999.0 -9999.0 -9999.0 -9999.0 -9999.0 -9999.0 -9999.0 -9999.0 -9999.0 -9999.0 -9999.0 -9999.0 -9999.0 164.9 199.6 152.8 135.7 160.4 151.9 -9999.0 -9999.0 -9999.0 -9999.0 -9999.0 -9999.0 -9999.0 -9999.0 -9999.0 10.0 -9999.0 -9999.0 -9999.0 -9999.0 -9999.0 0.1 -9999.0 -9999.0 -9999.0
-9999.0 -9999.0 -9999.0 -9999.0 -9999.0 -9999.0 -9999.0 -9999.0 -9999.0 -9999.0 -9999.0 -9999.0 -9999.0 -9999.0 -9999.0 -9999.0 -9999.0 -9999.0 -9999.0 -9999.0 -9999.0 -9999.0 -9999.0 -9999.0 -9999.0 -9999.0 -9999.0 -9999.0 -9999.0 -9999.0 -9999.0 -9999.0 -9999.0 -9999.0 -9999.0 -9999.0 -9999.0 -9999.0 -9999.0 -9999.0 -9999.0 -9999.0 -9999.0 -9999.0 -9999.0 -9999.0 -9999.0 -9999.0 -9999.0 -9999.0 -9999.0 -9999.0 -9999.0 -9999.0 -9999.0 -9999.0 -9999.0 -9999.0 121.1 101.6 -9999.0 -9999.0 -9999.0 -9999.0 -9999.0 -9999.0 -9999.0 -9999.0 -9999.0 -9999.0 -9999.0 -9999.0 -9999.0 -9999.0 -9999.0 0.2 0.1 -9999.0 -9999.0 -9999.0
-9999.0 -9999.0 -9999.0 -9999.0 -9999.0 -9999.0 -9999.0 -9999.0 -9999.0 -9999.0 -9999.0 -9999.0 -9999.0 -9999.0 -9999.0 -9999.0 -9999.0 -9999.0 -9999.0 -9999.0 -9999.0 -9999.0 -9999.0 -9999.0 -9999.0 -9999.0 -9999.0 -9999.0 -9999.0 -9999.0 -9999.0 -9999.0 -9999.0 -9999.0 -9999.0 -9999.0 -9999.0 -9999.0 -9999.0 -9999.0 -9999.0 -9999.0 -9999.0 -9999.0 -9999.0 -9999.0 -9999.0 -9999.0 -9999.0 -9999.0 -9999.0 -9999.0 -9999.0 -9999.0 -9999.0 -9999.0 -9999.0 -9999.0 -9999.0 -9999.0 -9999.0 -9999.0 -9999.0 -9999.0 -9999.0 -9999.0 -9999.0 -9999.0 -9999.0 -9999.0 -9999.0 -9999.0 -9999.0 -9999.0 -9999.0 -9999.0 -9999.0 -9999.0 -9999.0 -9999.0
-9999.0 -9999.0 -9999.0 -9999.0 -9999.0 -9999.0 -9999.0 -9999.0 -9999.0 -9999.0 -9999.0 -9999.0 -9999.0 -9999.0 -9999.0 -9999.0 -9999.0 -9999.0 -9999.0 -9999.0 -9999.0 -9999.0 -9999.0 -9999.0 -9999.0 -9999.0 -9999.0 -9999.0 -9999.0 -9999.0 -9999.0 -9999.0 -9999.0 -9999.0 -9999.0 -9999.0 -9999.0 -9999.0 -9999.0 -9999.0 -9999.0 -9999.0 -9999.0 -9999.0 -9999.0 -9999.0 -9999.0 -9999.0 -9999.0 -9999.0 -9999.0 -9999.0 -9999.0 -9999.0 -9999.0 -9999.0 -9999.0 -9999.0 -9999.0 -9999.0 -9999.0 -9999.0 -9999.0 -9999.0 -9999.0 -9999.0 -9999.0 -9999.0 -9999.0 -9999.0 -9999.0 -9999.0 -9999.0 -9999.0 -9999.0 1.0 1.4 2.1 -9999.0 -9999.0
-9999.0 -9999.0 -9999.0 -9999.0 -9999.0 -9999.0 -9999.0 -9999.0 -9999.0 -9999.0 -9999.0 -9999.0 -9999.0 -9999.0 -9999.0 -9999.0 -9999.0 -9999.0 -9999.0 -9999.0 -9999.0 -9999.0 -9999.0 -9999.0 -9999.0 -9999.0 -9999.0 -9999.0 -9999.0 -9999.0 -9999.0 -9999.0 -9999.0 -9999.0 -9999.0 -9999.0 -9999.0 -9999.0 -9999.0 -9999.0 -9999.0 -9999.0 -9999.0 -9999.0 -9999.0 -9999.0 -9999.0 -9999.0 -9999.0 -9999.0 -9999.0 -9999.0 -9999.0 -9999.0 -9999.0 -9999.0 -9999.0 -9999.0 -9999.0 -9999.0 -9999.0 -9999.0 -9999.0 -9999.0 -9999.0 -9999.0 -9999.0 -9999.0 -9999.0 -9999.0 -9999.0 -9999.0 -9999.0 0.1 2.2 3.7 8.3 -9999.0 -9999.0 -9999.0
