program/excelProcessViaJava/data/SURF_CLI_CHN_PRE_MON_GRID_0.5-199212.txt
NCOLS      128
NROWS       72
XLLCORNER    72.000000000000    
YLLCORNER    18.000000000000    
CELLSIZE    0.50000000000000    
NODATA_VALUE   -9999.000    
[rows 35 to 69 of 72, columns 0 to 79 of 128]
-9999.0 -9999.0 -9999.0 -9999.0 -9999.0 -9999.0 -9999.0 1.1 1.5 0.7 1.3 0.7 0.2 0.1 0.1 0.0 0.0 0.0 0.0 0.0 0.0 0.0 0.0 0.0 0.0 0.0 0.1 0.1 0.1 0.1 0.3 0.5 0.8 0.9 0.8 1.1 0.7 0.7 0.4 0.3 0.5 0.1 0.1 0.2 0.6 2.0 1.7 2.3 1.9 3.1 3.4 2.6 1.4 0.3 0.3 0.5 0.6 0.7 1.0 0.9 1.5 0.4 0.2 0.2 0.3 0.1 0.2 0.3 0.2 0.4 0.3 0.3 0.6 1.1 1.3 1.3 0.5 0.7 1.5 1.9
-9999.0 -9999.0 -9999.0 -9999.0 -9999.0 -9999.0 -9999.0 3.2 0.6 1.1 1.0 0.4 0.3 0.2 0.1 0.0 0.0 0.0 0.0 0.0 0.0 0.0 0.0 0.0 0.0 0.1 0.1 0.1 0.4 0.7 0.6 0.8 1.1 0.9 1.4 1.4 1.4 1.0 0.9 0.8 0.6 0.4 0.3 0.1 0.3 1.0 0.8 0.9 0.5 1.2 0.7 1.1 2.0 1.3 0.7 0.8 0.5 0.4 0.6 0.8 0.7 0.5 0.2 0.3 0.2 0.2 0.2 0.2 0.5 0.2 0.3 0.7 1.4 2.3 1.6 2.3 1.6 1.2 2.3 3.9
-9999.0 -9999.0 -9999.0 -9999.0 -9999.0 -9999.0 -9999.0 -9999.0 -9999.0 1.0 0.6 0.4 0.4 0.2 0.1 0.1 0.0 0.0 0.0 0.0 0.0 0.0 0.0 0.0 0.1 0.2 0.2 0.4 0.8 0.6 1.6 1.6 1.8 1.7 2.3 2.2 2.1 1.7 1.6 1.2 1.1 0.8 0.7 0.6 0.4 0.4 0.4 0.5 0.8 1.3 1.7 2.5 2.8 2.4 1.4 1.3 0.7 0.4 0.5 0.6 0.8 1.2 1.4 0.4 0.5 0.4 0.3 0.6 0.8 0.5 0.8 1.1 2.2 3.5 4.2 1.0 0.9 1.6 3.3 5.0
-9999.0 -9999.0 -9999.0 -9999.0 -9999.0 -9999.0 -9999.0 -9999.0 -9999.0 -9999.0 -9999.0 0.7 0.2 0.2 0.1 0.1 0.0 0.0 0.0 0.0 0.0 0.0 0.0 0.1 0.1 0.1 0.2 0.4 0.7 1.2 1.6 1.4 2.3 2.4 2.7 1.9 2.5 2.2 1.3 1.7 1.3 1.2 1.1 0.9 0.5 0.6 0.4 0.6 0.9 1.7 3.0 3.7 3.8 2.9 2.0 2.0 1.7 1.2 0.8 0.7 1.0 1.3 1.6 1.2 1.3 0.5 0.9 1.4 1.4 1.1 1.2 2.0 2.6 3.0 1.4 1.2 1.3 3.4 5.6 7.9
-9999.0 -9999.0 -9999.0 -9999.0 -9999.0 -9999.0 -9999.0 -9999.0 -9999.0 -9999.0 -9999.0 -9999.0 0.2 0.1 0.1 0.1 0.1 0.0 0.0 0.0 0.0 0.0 0.0 0.1 0.0 0.2 0.5 0.5 0.9 0.8 1.6 2.2 2.5 2.3 2.4 2.7 1.9 2.5 2.5 2.3 2.0 1.7 1.4 1.2 1.0 0.9 0.8 1.0 1.4 2.3 2.9 3.7 4.3 3.9 3.2 2.8 2.5 1.9 1.1 1.2 1.2 1.2 1.5 1.8 1.0 1.7 1.3 1.9 1.8 1.5 1.1 1.3 1.6 2.5 4.1 9.5 7.5 8.6 10.0 13.8
-9999.0 -9999.0 -9999.0 -9999.0 -9999.0 -9999.0 -9999.0 -9999.0 -9999.0 -9999.0 -9999.0 -9999.0 0.5 0.1 0.1 0.1 0.1 0.1 0.0 0.0 0.0 0.0 0.1 0.1 0.2 0.3 0.5 1.0 1.2 1.8 1.9 1.8 2.5 2.9 2.8 3.1 2.4 2.4 2.5 2.4 2.2 1.9 1.6 1.7 1.5 1.4 1.5 1.6 2.2 2.8 3.8 4.3 4.8 4.2 4.2 3.5 3.1 2.2 1.3 1.0 0.9 1.0 1.1 1.5 1.1 1.5 1.0 1.8 1.9 1.6 2.6 5.3 8.0 9.8 10.6 10.4 11.1 14.2 15.9 18.0
-9999.0 -9999.0 -9999.0 -9999.0 -9999.0 -9999.0 -9999.0 -9999.0 -9999.0 -9999.0 -9999.0 -9999.0 -9999.0 0.2 0.2 0.1 0.1 0.1 0.1 0.1 0.1 0.1 0.1 0.1 0.2 0.2 0.3 0.4 0.8 1.3 2.2 2.7 2.3 2.5 3.5 3.4 3.3 2.9 1.8 2.2 2.1 1.9 1.9 2.0 2.2 2.5 2.4 2.3 2.3 2.8 3.5 4.3 4.5 3.5 3.6 3.4 2.9 2.1 1.5 0.8 0.7 0.8 1.1 1.9 0.8 1.1 1.7 2.3 2.9 3.8 9.2 11.5 11.9 12.9 13.6 14.0 15.4 17.7 19.8 21.9
-9999.0 -9999.0 -9999.0 -9999.0 -9999.0 -9999.0 -9999.0 -9999.0 -9999.0 -9999.0 -9999.0 -9999.0 0.4 0.4 0.3 0.1 0.1 0.1 0.1 0.1 0.1 0.1 0.1 0.1 0.2 0.2 0.4 0.7 1.1 1.4 2.0 3.0 2.3 3.1 3.1 3.5 2.8 3.5 3.2 2.6 2.2 2.2 2.4 2.6 3.0 3.3 3.3 2.9 2.5 2.5 2.8 3.0 3.5 3.3 3.1 2.8 2.4 1.6 1.2 0.7 0.7 1.0 1.6 2.2 2.7 2.0 0.7 2.1 4.0 4.9 6.9 11.6 15.9 15.2 13.9 14.2 15.7 18.0 20.4 21.7
-9999.0 -9999.0 -9999.0 -9999.0 -9999.0 -9999.0 -9999.0 -9999.0 -9999.0 -9999.0 -9999.0 -9999.0 0.6 0.1 0.2 0.3 0.2 0.1 0.1 0.1 0.1 0.1 0.1 0.1 0.2 0.3 0.5 0.8 1.1 1.7 2.3 2.7 2.5 3.7 3.8 3.5 4.0 3.7 3.5 3.1 2.7 2.7 3.0 3.5 3.9 4.1 3.8 3.0 2.3 1.7 1.9 2.3 2.4 2.2 2.0 1.6 1.7 1.6 1.3 1.3 1.5 1.9 2.9 3.1 2.9 1.4 1.9 2.3 4.9 8.0 10.8 13.4 15.2 14.9 16.1 15.8 15.2 18.3 19.9 19.1
-9999.0 -9999.0 -9999.0 -9999.0 -9999.0 -9999.0 -9999.0 -9999.0 -9999.0 -9999.0 -9999.0 -9999.0 0.1 0.4 0.1 0.1 0.1 0.1 0.1 0.1 0.1 0.1 0.1 0.1 0.2 0.2 0.3 0.4 0.9 1.3 1.9 1.9 3.1 3.9 4.0 3.8 4.1 4.2 4.3 3.6 3.6 3.6 4.9 3.7 4.9 5.1 4.3 2.8 1.4 1.1 1.2 1.3 1.9 1.9 1.5 0.7 1.2 1.5 1.8 2.1 2.6 3.3 4.3 3.6 2.0 0.6 1.0 2.5 4.6 7.0 10.0 12.0 14.1 15.8 21.2 19.8 24.5 18.2 21.1 19.3
-9999.0 -9999.0 -9999.0 -9999.0 -9999.0 -9999.0 -9999.0 -9999.0 -9999.0 -9999.0 -9999.0 -9999.0 -9999.0 0.9 0.6 0.2 0.1 0.1 0.1 0.1 0.1 0.1 0.1 0.1 0.2 0.2 0.4 0.5 0.6 1.1 1.2 1.7 2.1 3.2 3.3 2.4 3.1 5.2 5.4 5.5 5.5 6.7 7.8 7.8 5.8 5.1 4.4 1.7 1.6 0.9 0.6 1.1 1.0 0.6 1.1 1.1 0.7 1.3 2.1 3.2 3.9 5.7 5.9 2.3 0.7 0.2 0.9 2.6 4.1 6.5 9.9 14.0 16.4 19.5 19.7 19.6 20.1 21.9 26.5 20.9
-9999.0 -9999.0 -9999.0 -9999.0 -9999.0 -9999.0 -9999.0 -9999.0 -9999.0 -9999.0 -9999.0 -9999.0 -9999.0 0.1 0.6 0.2 0.4 0.1 0.1 0.1 0.2 0.2 0.2 0.2 0.3 0.3 0.4 0.5 0.5 0.4 0.6 0.9 1.6 2.0 1.8 2.3 4.2 5.9 6.2 5.8 8.4 9.7 10.6 10.2 9.9 6.6 4.4 1.4 0.9 0.5 0.9 0.5 0.9 1.2 1.4 1.0 0.6 1.3 2.6 2.2 5.0 3.2 1.9 1.9 0.5 0.3 1.3 3.2 5.2 8.2 13.2 18.2 22.0 23.4 24.7 28.0 34.9 27.8 24.3 26.5
-9999.0 -9999.0 -9999.0 -9999.0 -9999.0 -9999.0 -9999.0 -9999.0 -9999.0 -9999.0 -9999.0 -9999.0 -9999.0 -9999.0 -9999.0 0.3 0.2 0.3 0.2 0.2 0.4 0.3 0.3 0.4 0.4 0.4 0.4 0.4 0.3 0.4 0.4 0.5 0.5 0.7 1.3 1.1 1.6 6.5 7.3 8.7 9.7 11.8 13.1 11.9 6.6 3.9 4.4 1.2 1.3 0.3 0.6 1.9 0.9 0.9 0.1 0.8 1.0 0.3 3.3 5.2 1.6 1.1 2.2 1.6 0.6 0.6 2.0 4.7 7.9 12.8 18.7 23.8 26.2 28.7 31.7 39.0 44.0 51.8 42.1 39.0
-9999.0 -9999.0 -9999.0 -9999.0 -9999.0 -9999.0 -9999.0 -9999.0 -9999.0 -9999.0 -9999.0 -9999.0 -9999.0 -9999.0 -9999.0 -9999.0 -9999.0 0.0 0.1 -9999.0 0.3 0.6 0.6 0.6 0.7 0.7 0.6 0.5 0.4 0.3 0.3 0.2 0.2 0.5 1.4 1.3 1.0 4.7 5.4 7.6 10.1 12.5 13.7 11.8 2.5 4.1 4.2 5.1 1.5 1.7 1.3 1.5 0.9 1.6 1.7 1.7 0.8 2.9 3.9 5.8 0.8 2.4 3.3 1.8 1.2 1.8 4.4 8.7 12.7 17.6 22.7 28.8 32.0 33.7 39.9 47.7 50.9 53.7 55.6 53.3
-9999.0 -9999.0 -9999.0 -9999.0 -9999.0 -9999.0 -9999.0 -9999.0 -9999.0 -9999.0 -9999.0 -9999.0 -9999.0 -9999.0 -9999.0 -9999.0 -9999.0 -9999.0 -9999.0 -9999.0 -9999.0 0.9 1.2 1.4 1.3 1.1 1.0 0.8 0.6 0.3 0.2 0.1 0.1 0.2 0.5 0.5 0.9 1.5 2.4 2.2 3.1 11.9 13.9 13.0 2.6 7.5 6.7 4.5 6.7 11.5 3.9 6.1 5.4 1.8 2.1 3.3 3.5 2.5 7.3 6.0 2.1 4.9 5.3 3.0 2.1 4.3 9.3 15.2 19.2 21.8 25.2 30.6 32.8 33.9 39.3 45.0 47.7 47.7 57.5 65.4
-9999.0 -9999.0 -9999.0 -9999.0 -9999.0 -9999.0 -9999.0 -9999.0 -9999.0 -9999.0 -9999.0 -9999.0 -9999.0 -9999.0 -9999.0 -9999.0 -9999.0 -9999.0 -9999.0 -9999.0 -9999.0 -9999.0 -9999.0 1.1 2.0 1.9 1.7 1.4 1.1 0.6 0.3 0.2 0.2 0.2 0.1 0.1 0.2 0.4 1.4 3.8 6.9 10.9 11.0 7.2 3.1 4.8 7.4 8.7 11.3 13.2 9.0 8.9 5.9 5.0 2.6 0.3 3.8 6.2 1.2 7.0 4.4 6.6 6.2 3.5 3.6 7.1 15.1 21.5 21.6 24.1 27.3 28.7 30.3 35.2 35.1 39.4 51.6 58.4 64.5 72.5
-9999.0 -9999.0 -9999.0 -9999.0 -9999.0 -9999.0 -9999.0 -9999.0 -9999.0 -9999.0 -9999.0 -9999.0 -9999.0 -9999.0 -9999.0 -9999.0 -9999.0 -9999.0 -9999.0 -9999.0 -9999.0 -9999.0 -9999.0 -9999.0 -9999.0 0.7 2.2 2.7 2.1 1.6 0.9 0.4 0.3 0.3 0.2 0.2 0.3 0.2 1.1 2.1 6.2 7.8 0.5 2.1 2.6 5.4 10.4 13.6 13.5 17.7 14.4 13.5 12.7 10.2 2.7 1.7 4.5 3.2 7.2 7.2 6.9 6.3 12.5 1.2 2.4 7.3 15.0 16.3 20.1 24.4 25.5 26.2 27.3 35.9 41.4 41.4 50.4 66.2 81.1 80.3
-9999.0 -9999.0 -9999.0 -9999.0 -9999.0 -9999.0 -9999.0 -9999.0 -9999.0 -9999.0 -9999.0 -9999.0 -9999.0 -9999.0 -9999.0 -9999.0 -9999.0 -9999.0 -9999.0 -9999.0 -9999.0 -9999.0 -9999.0 -9999.0 -9999.0 -9999.0 -9999.0 0.4 0.3 1.5 1.1 0.8 1.2 0.4 0.6 0.0 0.1 0.1 0.1 1.0 4.0 2.5 0.5 0.9 2.8 5.7 9.0 13.5 18.3 26.2 26.9 24.5 15.3 9.4 5.7 6.0 2.0 1.6 6.0 3.8 1.1 5.4 0.3 0.5 2.6 4.7 11.3 18.3 22.2 24.7 27.0 29.7 31.8 39.3 43.3 48.9 66.5 75.0 75.3 78.9
-9999.0 -9999.0 -9999.0 -9999.0 -9999.0 -9999.0 -9999.0 -9999.0 -9999.0 -9999.0 -9999.0 -9999.0 -9999.0 -9999.0 -9999.0 -9999.0 -9999.0 -9999.0 -9999.0 -9999.0 -9999.0 -9999.0 -9999.0 -9999.0 -9999.0 -9999.0 -9999.0 -9999.0 -9999.0 -9999.0 -9999.0 -9999.0 -9999.0 0.1 0.9 -9999.0 -9999.0 -9999.0 0.0 0.3 0.1 0.1 1.0 0.9 2.3 5.2 -9999.0 -9999.0 -9999.0 -9999.0 -9999.0 -9999.0 19.6 14.6 5.7 2.9 2.4 1.4 2.0 1.4 1.9 3.3 0.5 0.5 1.4 4.2 8.6 12.8 18.1 25.8 31.9 34.2 38.2 45.0 54.2 60.4 72.0 74.6 74.1 76.0
-9999.0 -9999.0 -9999.0 -9999.0 -9999.0 -9999.0 -9999.0 -9999.0 -9999.0 -9999.0 -9999.0 -9999.0 -9999.0 -9999.0 -9999.0 -9999.0 -9999.0 -9999.0 -9999.0 -9999.0 -9999.0 -9999.0 -9999.0 -9999.0 -9999.0 -9999.0 -9999.0 -9999.0 -9999.0 -9999.0 -9999.0 -9999.0 -9999.0 -9999.0 -9999.0 -9999.0 -9999.0 -9999.0 -9999.0 0.0 0.0 0.0 0.1 0.7 -9999.0 -9999.0 -9999.0 -9999.0 -9999.0 -9999.0 -9999.0 -9999.0 21.8 16.6 9.3 4.5 2.9 2.1 1.4 1.0 1.0 1.3 1.3 0.7 2.4 4.8 7.8 11.7 16.3 20.5 30.0 36.8 42.1 47.1 58.7 67.9 74.8 75.7 75.6 71.7
-9999.0 -9999.0 -9999.0 -9999.0 -9999.0 -9999.0 -9999.0 -9999.0 -9999.0 -9999.0 -9999.0 -9999.0 -9999.0 -9999.0 -9999.0 -9999.0 -9999.0 -9999.0 -9999.0 -9999.0 -9999.0 -9999.0 -9999.0 -9999.0 -9999.0 -9999.0 -9999.0 -9999.0 -9999.0 -9999.0 -9999.0 -9999.0 -9999.0 -9999.0 -9999.0 -9999.0 -9999.0 -9999.0 -9999.0 -9999.0 -9999.0 -9999.0 -9999.0 -9999.0 -9999.0 -9999.0 -9999.0 -9999.0 -9999.0 -9999.0 -9999.0 -9999.0 19.0 17.0 10.7 7.4 4.5 3.4 2.1 1.3 0.7 0.6 5.3 1.2 2.8 4.4 7.6 11.9 16.4 23.6 34.2 40.5 42.3 50.3 60.1 72.6 77.4 78.3 74.8 73.7
-9999.0 -9999.0 -9999.0 -9999.0 -9999.0 -9999.0 -9999.0 -9999.0 -9999.0 -9999.0 -9999.0 -9999.0 -9999.0 -9999.0 -9999.0 -9999.0 -9999.0 -9999.0 -9999.0 -9999.0 -9999.0 -9999.0 -9999.0 -9999.0 -9999.0 -9999.0 -9999.0 -9999.0 -9999.0 -9999.0 -9999.0 -9999.0 -9999.0 -9999.0 -9999.0 -9999.0 -9999.0 -9999.0 -9999.0 -9999.0 -9999.0 -9999.0 -9999.0 -9999.0 -9999.0 -9999.0 -9999.0 -9999.0 -9999.0 -9999.0 -9999.0 18.3 20.0 15.7 13.1 7.7 5.2 3.3 2.1 0.6 0.8 0.7 0.5 1.2 2.4 3.5 7.0 15.5 19.9 32.1 44.6 50.6 55.8 63.2 70.2 76.9 78.2 79.0 78.3 77.0
-9999.0 -9999.0 -9999.0 -9999.0 -9999.0 -9999.0 -9999.0 -9999.0 -9999.0 -9999.0 -9999.0 -9999.0 -9999.0 -9999.0 -9999.0 -9999.0 -9999.0 -9999.0 -9999.0 -9999.0 -9999.0 -9999.0 -9999.0 -9999.0 -9999.0 -9999.0 -9999.0 -9999.0 -9999.0 -9999.0 -9999.0 -9999.0 -9999.0 -9999.0 -9999.0 -9999.0 -9999.0 -9999.0 -9999.0 -9999.0 -9999.0 -9999.0 -9999.0 -9999.0 -9999.0 -9999.0 -9999.0 -9999.0 -9999.0 -9999.0 11.0 14.2 14.2 12.7 10.0 6.4 4.1 2.6 1.1 0.4 0.3 0.9 0.7 1.8 2.6 3.8 6.9 14.3 23.9 39.0 51.1 57.3 63.9 72.4 75.6 75.1 74.1 74.9 74.5 73.7
-9999.0 -9999.0 -9999.0 -9999.0 -9999.0 -9999.0 -9999.0 -9999.0 -9999.0 -9999.0 -9999.0 -9999.0 -9999.0 -9999.0 -9999.0 -9999.0 -9999.0 -9999.0 -9999.0 -9999.0 -9999.0 -9999.0 -9999.0 -9999.0 -9999.0 -9999.0 -9999.0 -9999.0 -9999.0 -9999.0 -9999.0 -9999.0 -9999.0 -9999.0 -9999.0 -9999.0 -9999.0 -9999.0 -9999.0 -9999.0 -9999.0 -9999.0 -9999.0 -9999.0 -9999.0 -9999.0 -9999.0 -9999.0 -9999.0 -9999.0 7.7 9.5 7.2 7.2 6.2 3.8 2.3 1.1 0.5 0.3 0.5 1.1 1.9 3.8 5.5 7.0 10.7 18.4 30.1 42.0 52.9 58.9 65.0 71.7 69.0 62.8 66.1 65.3 65.9 67.2
-9999.0 -9999.0 -9999.0 -9999.0 -9999.0 -9999.0 -9999.0 -9999.0 -9999.0 -9999.0 -9999.0 -9999.0 -9999.0 -9999.0 -9999.0 -9999.0 -9999.0 -9999.0 -9999.0 -9999.0 -9999.0 -9999.0 -9999.0 -9999.0 -9999.0 -9999.0 -9999.0 -9999.0 -9999.0 -9999.0 -9999.0 -9999.0 -9999.0 -9999.0 -9999.0 -9999.0 -9999.0 -9999.0 -9999.0 -9999.0 -9999.0 -9999.0 -9999.0 -9999.0 -9999.0 -9999.0 -9999.0 -9999.0 -9999.0 -9999.0 5.3 5.0 5.3 5.7 3.2 2.0 2.4 1.4 1.3 2.6 2.7 4.8 7.5 9.9 13.9 15.7 19.7 26.9 36.0 50.7 54.1 66.0 56.0 63.9 53.3 52.2 58.5 55.1 56.1 54.5
-9999.0 -9999.0 -9999.0 -9999.0 -9999.0 -9999.0 -9999.0 -9999.0 -9999.0 -9999.0 -9999.0 -9999.0 -9999.0 -9999.0 -9999.0 -9999.0 -9999.0 -9999.0 -9999.0 -9999.0 -9999.0 -9999.0 -9999.0 -9999.0 -9999.0 -9999.0 -9999.0 -9999.0 -9999.0 -9999.0 -9999.0 -9999.0 -9999.0 -9999.0 -9999.0 -9999.0 -9999.0 -9999.0 -9999.0 -9999.0 -9999.0 -9999.0 -9999.0 -9999.0 -9999.0 -9999.0 -9999.0 -9999.0 -9999.0 -9999.0 3.8 4.3 4.0 4.2 3.9 4.2 3.6 4.5 6.2 9.1 10.0 13.4 14.6 23.1 29.9 33.1 37.8 43.5 53.1 46.4 57.4 55.8 54.6 56.5 47.6 51.3 53.8 47.7 49.8 46.7
-9999.0 -9999.0 -9999.0 -9999.0 -9999.0 -9999.0 -9999.0 -9999.0 -9999.0 -9999.0 -9999.0 -9999.0 -9999.0 -9999.0 -9999.0 -9999.0 -9999.0 -9999.0 -9999.0 -9999.0 -9999.0 -9999.0 -9999.0 -9999.0 -9999.0 -9999.0 -9999.0 -9999.0 -9999.0 -9999.0 -9999.0 -9999.0 -9999.0 -9999.0 -9999.0 -9999.0 -9999.0 -9999.0 -9999.0 -9999.0 -9999.0 -9999.0 -9999.0 -9999.0 -9999.0 -9999.0 -9999.0 -9999.0 -9999.0 -9999.0 -9999.0 -9999.0 -9999.0 6.5 7.1 8.0 9.8 12.8 17.6 18.7 24.9 22.6 39.4 41.8 49.5 53.7 59.9 58.6 65.1 67.4 64.7 57.3 52.9 54.8 57.5 54.8 53.1 46.6 44.1 46.5
-9999.0 -9999.0 -9999.0 -9999.0 -9999.0 -9999.0 -9999.0 -9999.0 -9999.0 -9999.0 -9999.0 -9999.0 -9999.0 -9999.0 -9999.0 -9999.0 -9999.0 -9999.0 -9999.0 -9999.0 -9999.0 -9999.0 -9999.0 -9999.0 -9999.0 -9999.0 -9999.0 -9999.0 -9999.0 -9999.0 -9999.0 -9999.0 -9999.0 -9999.0 -9999.0 -9999.0 -9999.0 -9999.0 -9999.0 -9999.0 -9999.0 -9999.0 -9999.0 -9999.0 -9999.0 -9999.0 -9999.0 -9999.0 -9999.0 -9999.0 -9999.0 -9999.0 -9999.0 11.4 14.2 18.7 21.4 27.2 29.6 32.0 32.2 37.0 56.1 56.8 65.9 70.8 63.2 78.5 68.5 70.1 65.9 60.1 60.6 66.8 71.7 70.9 57.8 57.3 55.0 57.6
-9999.0 -9999.0 -9999.0 -9999.0 -9999.0 -9999.0 -9999.0 -9999.0 -9999.0 -9999.0 -9999.0 -9999.0 -9999.0 -9999.0 -9999.0 -9999.0 -9999.0 -9999.0 -9999.0 -9999.0 -9999.0 -9999.0 -9999.0 -9999.0 -9999.0 -9999.0 -9999.0 -9999.0 -9999.0 -9999.0 -9999.0 -9999.0 -9999.0 -9999.0 -9999.0 -9999.0 -9999.0 -9999.0 -9999.0 -9999.0 -9999.0 -9999.0 -9999.0 -9999.0 -9999.0 -9999.0 -9999.0 -9999.0 -9999.0 -9999.0 -9999.0 -9999.0 -9999.0 18.6 23.4 28.3 32.8 38.7 40.9 40.8 45.9 53.2 71.0 83.0 71.3 -9999.0 -9999.0 -9999.0 76.2 65.5 64.2 65.8 68.5 74.0 79.1 79.2 63.2 63.1 86.0 75.0
-9999.0 -9999.0 -9999.0 -9999.0 -9999.0 -9999.0 -9999.0 -9999.0 -9999.0 -9999.0 -9999.0 -9999.0 -9999.0 -9999.0 -9999.0 -9999.0 -9999.0 -9999.0 -9999.0 -9999.0 -9999.0 -9999.0 -9999.0 -9999.0 -9999.0 -9999.0 -9999.0 -9999.0 -9999.0 -9999.0 -9999.0 -9999.0 -9999.0 -9999.0 -9999.0 -9999.0 -9999.0 -9999.0 -9999.0 -9999.0 -9999.0 -9999.0 -9999.0 -9999.0 -9999.0 -9999.0 -9999.0 -9999.0 -9999.0 -9999.0 -9999.0 -9999.0 -9999.0 -9999.0 31.9 37.2 42.6 48.1 49.4 52.6 52.8 -9999.0 -9999.0 -9999.0 -9999.0 -9999.0 -9999.0 -9999.0 58.9 61.1 68.6 57.0 59.7 69.7 72.9 68.7 64.3 62.5 70.8 -9999.0
-9999.0 -9999.0 -9999.0 -9999.0 -9999.0 -9999.0 -9999.0 -9999.0 -9999.0 -9999.0 -9999.0 -9999.0 -9999.0 -9999.0 -9999.0 -9999.0 -9999.0 -9999.0 -9999.0 -9999.0 -9999.0 -9999.0 -9999.0 -9999.0 -9999.0 -9999.0 -9999.0 -9999.0 -9999.0 -9999.0 -9999.0 -9999.0 -9999.0 -9999.0 -9999.0 -9999.0 -9999.0 -9999.0 -9999.0 -9999.0 -9999.0 -9999.0 -9999.0 -9999.0 -9999.0 -9999.0 -9999.0 -9999.0 -9999.0 -9999.0 -9999.0 -9999.0 -9999.0 -9999.0 -9999.0 43.7 49.7 52.2 54.3 56.8 58.9 -9999.0 -9999.0 -9999.0 -9999.0 -9999.0 -9999.0 -9999.0 -9999.0 -9999.0 42.0 -9999.0 -9999.0 -9999.0 -9999.0 -9999.0 61.2 -9999.0 -9999.0 -9999.0
-9999.0 -9999.0 -9999.0 -9999.0 -9999.0 -9999.0 -9999.0 -9999.0 -9999.0 -9999.0 -9999.0 -9999.0 -9999.0 -9999.0 -9999.0 -9999.0 -9999.0 -9999.0 -9999.0 -9999.0 -9999.0 -9999.0 -9999.0 -9999.0 -9999.0 -9999.0 -9999.0 -9999.0 -9999.0 -9999.0 -9999.0 -9999.0 -9999.0 -9999.0 -9999.0 -9999.0 -9999.0 -9999.0 -9999.0 -9999.0 -9999.0 -9999.0 -9999.0 -9999.0 -9999.0 -9999.0 -9999.0 -9999.0 -9999.0 -9999.0 -9999.0 -9999.0 -9999.0 -9999.0 -9999.0 -9999.0 -9999.0 -9999.0 57.4 56.8 -9999.0 -9999.0 -9999.0 -9999.0 -9999.0 -9999.0 -9999.0 -9999.0 -9999.0 -9999.0 -9999.0 -9999.0 -9999.0 -9999.0 -9999.0 54.1 58.3 -9999.0 -9999.0 -9999.0
-9999.0 -9999.0 -9999.0 -9999.0 -9999.0 -9999.0 -9999.0 -9999.0 -9999.0 -9999.0 -9999.0 -9999.0 -9999.0 -9999.0 -9999.0 -9999.0 -9999.0 -9999.0 -9999.0 -9999.0 -9999.0 -9999.0 -9999.0 -9999.0 -9999.0 -9999.0 -9999.0 -9999.0 -9999.0 -9999.0 -9999.0 -9999.0 -9999.0 -9999.0 -9999.0 -9999.0 -9999.0 -9999.0 -9999.0 -9999.0 -9999.0 -9999.0 -9999.0 -9999.0 -9999.0 -9999.0 -9999.0 -9999.0 -9999.0 -9999.0 -9999.0 -9999.0 -9999.0 -9999.0 -9999.0 -9999.0 -9999.0 -9999.0 -9999.0 -9999.0 -9999.0 -9999.0 -9999.0 -9999.0 -9999.0 -9999.0 -9999.0 -9999.0 -9999.0 -9999.0 -9999.0 -9999.0 -9999.0 -9999.0 -9999.0 -9999.0 -9999.0 -9999.0 -9999.0 -9999.0
-9999.0 -9999.0 -9999.0 -9999.0 -9999.0 -9999.0 -9999.0 -9999.0 -9999.0 -9999.0 -9999.0 -9999.0 -9999.0 -9999.0 -9999.0 -9999.0 -9999.0 -9999.0 -9999.0 -9999.0 -9999.0 -9999.0 -9999.0 -9999.0 -9999.0 -9999.0 -9999.0 -9999.0 -9999.0 -9999.0 -9999.0 -9999.0 -9999.0 -9999.0 -9999.0 -9999.0 -9999.0 -9999.0 -9999.0 -9999.0 -9999.0 -9999.0 -9999.0 -9999.0 -9999.0 -9999.0 -9999.0 -9999.0 -9999.0 -9999.0 -9999.0 -9999.0 -9999.0 -9999.0 -9999.0 -9999.0 -9999.0 -9999.0 -9999.0 -9999.0 -9999.0 -9999.0 -9999.0 -9999.0 -9999.0 -9999.0 -9999.0 -9999.0 -9999.0 -9999.0 -9999.0 -9999.0 -9999.0 -9999.0 -9999.0 58.0 70.7 86.2 -9999.0 -9999.0
-9999.0 -9999.0 -9999.0 -9999.0 -9999.0 -9999.0 -9999.0 -9999.0 -9999.0 -9999.0 -9999.0 -9999.0 -9999.0 -9999.0 -9999.0 -9999.0 -9999.0 -9999.0 -9999.0 -9999.0 -9999.0 -9999.0 -9999.0 -9999.0 -9999.0 -9999.0 -9999.0 -9999.0 -9999.0 -9999.0 -9999.0 -9999.0 -9999.0 -9999.0 -9999.0 -9999.0 -9999.0 -9999.0 -9999.0 -9999.0 -9999.0 -9999.0 -9999.0 -9999.0 -9999.0 -9999.0 -9999.0 -9999.0 -9999.0 -9999.0 -9999.0 -9999.0 -9999.0 -9999.0 -9999.0 -9999.0 -9999.0 -9999.0 -9999.0 -9999.0 -9999.0 -9999.0 -9999.0 -9999.0 -9999.0 -9999.0 -9999.0 -9999.0 -9999.0 -9999.0 -9999.0 -9999.0 -9999.0 13.4 51.6 73.2 104.5 -9999.0 -9999.0 -9999.0
