program/excelProcessViaJava/data/SURF_CLI_CHN_PRE_MON_GRID_0.5-199308.txt
NCOLS      128
NROWS       72
XLLCORNER    72.000000000000    
YLLCORNER    18.000000000000    
CELLSIZE    0.50000000000000    
NODATA_VALUE   -9999.000    
[rows 33 to 65 of 72, columns 0 to 74 of 128]
-9999.0 -9999.0 -9999.0 -9999.0 1.0 0.9 0.7 2.9 4.9 16.9 15.4 16.6 15.8 16.6 22.0 27.1 27.4 25.9 25.4 23.8 18.5 12.3 7.6 4.9 3.5 3.1 3.3 1.7 4.4 5.4 6.8 9.5 12.1 14.1 16.7 17.9 18.2 22.9 22.6 17.4 10.9 7.7 6.4 5.0 4.2 3.7 4.2 7.5 11.9 10.0 14.2 38.3 67.6 104.0 88.8 113.1 125.8 148.4 140.7 144.4 132.0 117.8 109.4 89.0 71.2 85.0 96.4 84.8 116.1 120.5 127.7 144.0 150.7 151.4 151.3
-9999.0 -9999.0 -9999.0 -9999.0 0.3 0.8 0.4 1.9 0.4 0.6 6.7 1.4 4.1 4.6 15.5 18.8 20.8 24.1 25.2 24.6 19.9 14.2 9.5 5.3 1.9 1.2 2.3 2.8 3.9 5.4 7.5 9.4 13.0 16.1 19.0 21.5 24.7 28.5 26.6 21.7 27.9 14.1 11.3 7.2 5.5 4.4 3.9 4.1 4.9 7.5 10.6 17.6 59.7 55.6 61.7 83.2 96.9 108.9 113.5 93.8 106.9 97.7 93.0 90.2 81.6 76.5 99.2 99.3 108.9 135.9 130.6 143.6 151.5 157.7 153.9
-9999.0 -9999.0 -9999.0 -9999.0 -9999.0 -9999.0 -9999.0 0.7 0.4 1.1 0.2 0.3 1.5 1.2 1.5 14.5 9.0 17.3 19.8 14.1 5.3 1.9 1.5 1.7 1.9 2.2 2.2 2.8 3.9 5.1 7.6 10.7 14.5 18.3 22.4 26.7 31.5 35.0 41.6 46.6 35.6 56.6 55.0 40.2 23.2 10.5 14.9 12.4 17.8 11.6 11.4 17.1 34.0 100.1 96.8 58.2 60.9 66.2 92.4 76.3 92.3 83.8 85.6 87.0 91.7 85.0 95.9 107.3 109.5 120.7 116.9 123.0 146.5 159.4 157.0
-9999.0 -9999.0 -9999.0 -9999.0 -9999.0 -9999.0 -9999.0 0.0 0.7 0.2 0.2 0.5 0.4 0.1 0.6 0.1 1.1 1.5 0.6 2.1 2.4 1.3 1.8 1.8 2.1 2.3 2.9 3.1 5.2 7.4 9.2 12.7 17.1 21.3 27.4 32.9 38.2 44.6 50.1 54.0 59.5 63.0 67.9 84.0 57.6 36.7 44.4 46.4 68.8 55.6 86.4 78.2 47.9 66.4 101.6 56.1 53.8 61.8 75.4 80.5 72.0 77.3 87.0 93.8 91.6 89.8 91.9 96.2 113.8 102.0 105.1 113.8 134.3 147.8 127.7
-9999.0 -9999.0 -9999.0 -9999.0 -9999.0 -9999.0 -9999.0 -9999.0 -9999.0 0.1 0.2 0.4 0.1 0.2 0.4 0.8 0.5 0.1 0.6 0.3 0.9 1.7 2.0 2.2 2.6 3.2 3.5 4.6 6.8 7.8 12.8 16.3 21.3 26.6 33.8 40.4 46.9 54.1 59.6 67.0 70.6 78.4 80.1 78.0 87.1 87.8 89.5 87.7 87.6 83.4 87.9 76.7 69.6 69.1 102.2 65.5 49.4 52.2 71.2 68.7 70.3 82.3 91.4 91.3 94.8 90.9 87.2 89.1 110.3 104.0 109.7 107.0 119.6 131.2 133.3
-9999.0 -9999.0 -9999.0 -9999.0 -9999.0 -9999.0 -9999.0 -9999.0 -9999.0 -9999.0 -9999.0 0.0 0.5 0.1 0.2 0.2 0.4 0.7 1.0 1.0 0.8 1.5 1.6 2.6 1.7 3.1 3.7 5.1 7.5 10.9 14.8 18.2 25.8 32.6 40.8 48.2 57.2 65.4 76.6 80.3 89.7 92.2 93.2 94.4 115.0 106.1 128.1 118.2 119.4 108.2 88.6 83.9 84.5 98.8 120.1 102.9 75.5 76.8 68.2 66.5 79.0 81.5 87.7 92.6 101.9 84.8 77.5 88.5 103.9 114.3 116.0 117.4 107.7 95.6 58.7
-9999.0 -9999.0 -9999.0 -9999.0 -9999.0 -9999.0 -9999.0 -9999.0 -9999.0 -9999.0 -9999.0 -9999.0 0.3 0.4 0.1 0.3 0.1 0.4 0.6 0.3 1.8 1.7 2.1 3.3 1.2 4.3 6.5 6.5 9.4 10.8 17.2 23.4 30.4 37.3 46.8 57.7 67.3 78.1 85.8 91.4 96.8 102.7 108.1 118.4 122.7 131.7 143.0 133.8 132.9 124.6 126.3 117.2 107.2 106.5 120.9 127.4 118.8 118.0 65.5 88.7 86.8 110.3 121.6 114.9 95.9 117.4 95.1 105.1 115.5 127.5 113.2 74.8 57.4 56.5 73.8
-9999.0 -9999.0 -9999.0 -9999.0 -9999.0 -9999.0 -9999.0 -9999.0 -9999.0 -9999.0 -9999.0 -9999.0 0.0 0.4 0.8 0.2 1.0 0.9 0.4 0.9 1.3 1.3 2.1 4.1 6.6 6.6 8.0 11.5 12.8 17.7 20.7 25.0 34.4 44.2 54.3 67.0 78.0 90.5 101.2 108.7 112.6 117.6 130.2 127.6 139.3 150.4 146.1 146.2 134.1 139.8 130.3 129.8 121.7 136.2 129.1 145.9 127.2 121.9 87.0 86.2 97.7 118.5 144.9 155.9 98.9 115.2 94.1 100.8 110.8 134.2 165.6 186.4 186.1 162.3 139.2
-9999.0 -9999.0 -9999.0 -9999.0 -9999.0 -9999.0 -9999.0 -9999.0 -9999.0 -9999.0 -9999.0 -9999.0 -9999.0 0.2 0.1 0.9 0.5 1.1 1.7 2.2 2.1 4.2 3.0 6.9 7.5 5.5 7.2 7.9 13.0 17.9 25.4 32.7 37.8 48.0 62.9 75.6 89.3 102.4 112.0 124.2 131.3 138.4 142.8 151.4 149.0 146.2 155.1 163.6 166.1 161.2 154.5 142.7 142.0 179.8 179.4 175.0 156.5 154.4 168.0 140.3 144.2 149.1 167.8 127.4 91.7 112.0 131.8 136.1 151.2 163.9 145.6 164.7 202.3 192.6 171.5
-9999.0 -9999.0 -9999.0 -9999.0 -9999.0 -9999.0 -9999.0 -9999.0 -9999.0 -9999.0 -9999.0 -9999.0 0.1 0.0 0.1 0.6 0.2 0.7 1.1 3.8 4.9 5.9 6.0 8.2 10.5 7.7 10.7 14.7 18.0 21.5 28.2 38.0 41.5 55.2 66.9 82.4 95.5 113.2 126.0 135.3 143.1 151.2 159.0 157.2 160.6 161.5 159.0 159.0 169.1 173.4 179.8 185.8 175.5 191.7 190.8 192.4 205.0 152.8 176.0 162.3 174.2 192.8 185.4 192.0 146.6 130.8 131.4 157.7 203.4 237.2 261.6 266.0 223.2 160.6 152.5
-9999.0 -9999.0 -9999.0 -9999.0 -9999.0 -9999.0 -9999.0 -9999.0 -9999.0 -9999.0 -9999.0 -9999.0 0.0 0.6 0.5 0.1 0.2 1.6 2.6 2.0 6.3 5.2 7.0 9.1 13.0 15.8 17.1 19.6 22.6 28.6 35.0 41.4 46.5 62.0 74.2 87.1 103.9 119.4 133.3 143.6 150.8 157.4 162.5 165.9 167.4 169.1 176.2 179.2 184.2 181.5 189.0 201.2 200.9 202.8 204.8 193.1 212.5 220.7 205.6 225.1 232.4 238.1 184.1 142.5 130.4 143.2 173.9 219.1 252.3 289.4 308.5 299.6 273.1 269.6 235.1
-9999.0 -9999.0 -9999.0 -9999.0 -9999.0 -9999.0 -9999.0 -9999.0 -9999.0 -9999.0 -9999.0 -9999.0 0.7 0.2 1.1 1.1 1.5 0.6 2.1 3.0 1.9 2.7 8.1 7.9 12.2 10.6 15.2 14.4 25.6 30.9 37.9 40.2 55.3 67.6 78.5 90.2 105.5 121.4 136.5 145.7 155.5 165.4 166.8 172.5 171.7 174.4 178.3 178.8 178.9 189.4 202.2 210.9 236.7 250.8 245.2 198.6 226.2 243.8 252.2 234.6 235.1 228.3 255.1 141.7 111.4 206.5 260.4 301.8 319.8 312.7 309.6 342.9 333.3 311.8 228.9
-9999.0 -9999.0 -9999.0 -9999.0 -9999.0 -9999.0 -9999.0 -9999.0 -9999.0 -9999.0 -9999.0 -9999.0 -9999.0 0.1 0.2 1.3 1.5 3.0 2.0 2.4 1.2 5.9 5.8 6.6 14.3 15.3 18.9 23.6 24.6 35.6 36.0 46.3 55.0 69.3 78.9 86.9 102.2 121.4 135.5 148.6 158.3 157.6 162.0 168.4 171.4 167.7 168.7 160.4 176.4 184.7 191.8 218.8 231.8 231.4 259.4 266.1 221.0 235.7 264.7 295.0 274.8 309.9 239.3 102.3 173.6 248.1 334.0 363.6 339.9 315.9 302.7 308.1 347.5 301.2 317.0
-9999.0 -9999.0 -9999.0 -9999.0 -9999.0 -9999.0 -9999.0 -9999.0 -9999.0 -9999.0 -9999.0 -9999.0 -9999.0 2.2 0.4 1.9 0.9 4.7 5.6 5.4 2.3 3.8 5.0 8.6 18.8 18.0 19.6 26.7 29.2 23.8 33.9 44.5 59.6 69.6 77.0 89.0 105.1 120.5 131.9 134.4 152.0 157.0 160.6 161.9 157.2 156.8 152.7 139.6 145.5 155.0 181.3 183.8 222.5 249.6 271.3 272.8 249.8 258.6 286.4 228.7 280.3 178.9 118.6 154.5 191.4 268.8 355.6 372.0 318.2 268.0 258.0 285.4 322.5 356.7 355.1
-9999.0 -9999.0 -9999.0 -9999.0 -9999.0 -9999.0 -9999.0 -9999.0 -9999.0 -9999.0 -9999.0 -9999.0 -9999.0 -9999.0 -9999.0 2.6 5.0 4.5 7.9 11.8 6.1 11.3 14.2 14.6 15.0 18.1 13.3 21.3 19.9 33.9 38.1 49.5 53.7 66.8 81.3 88.2 99.7 121.9 132.1 138.9 137.5 140.6 146.0 150.2 156.3 144.7 132.2 107.6 122.1 96.3 137.5 191.8 198.0 225.5 214.3 263.6 278.4 234.2 307.3 314.0 184.1 141.9 161.6 154.9 190.3 265.9 332.1 327.6 260.5 216.4 212.2 241.0 310.5 354.3 363.4
-9999.0 -9999.0 -9999.0 -9999.0 -9999.0 -9999.0 -9999.0 -9999.0 -9999.0 -9999.0 -9999.0 -9999.0 -9999.0 -9999.0 -9999.0 -9999.0 -9999.0 22.0 24.6 -9999.0 26.8 14.1 23.8 25.3 18.8 22.1 16.0 23.1 32.2 31.2 42.5 58.2 56.0 81.1 92.4 96.6 102.0 122.6 127.5 130.1 129.2 126.4 131.9 137.6 172.8 136.1 129.2 116.6 84.3 103.0 83.5 130.7 141.4 206.1 238.7 265.9 268.5 307.0 308.4 308.4 151.2 153.5 145.6 136.5 162.9 225.1 275.8 256.2 198.5 164.7 157.8 227.9 274.3 325.9 340.5
-9999.0 -9999.0 -9999.0 -9999.0 -9999.0 -9999.0 -9999.0 -9999.0 -9999.0 -9999.0 -9999.0 -9999.0 -9999.0 -9999.0 -9999.0 -9999.0 -9999.0 -9999.0 -9999.0 -9999.0 -9999.0 28.9 24.5 16.4 25.2 38.1 37.6 37.7 37.4 46.6 50.6 72.5 81.1 88.4 96.3 100.4 109.7 118.1 124.3 131.1 130.9 112.2 113.9 118.5 167.5 117.0 139.9 84.4 108.3 172.9 96.9 158.6 178.1 166.4 211.7 260.2 287.0 289.0 331.9 292.2 167.1 144.6 127.6 110.2 136.9 193.1 227.7 200.9 157.7 136.9 153.5 210.4 257.1 285.0 270.1
-9999.0 -9999.0 -9999.0 -9999.0 -9999.0 -9999.0 -9999.0 -9999.0 -9999.0 -9999.0 -9999.0 -9999.0 -9999.0 -9999.0 -9999.0 -9999.0 -9999.0 -9999.0 -9999.0 -9999.0 -9999.0 -9999.0 -9999.0 62.0 43.0 46.5 47.4 45.2 39.2 50.9 55.5 65.0 69.0 87.7 95.3 104.6 110.0 113.9 109.4 103.4 98.9 98.5 103.1 121.3 156.7 156.3 117.1 89.1 83.0 85.7 81.5 130.4 128.3 163.8 196.8 235.8 273.2 304.8 260.5 287.3 196.2 169.5 140.0 105.2 114.6 163.1 186.4 160.6 147.0 138.4 178.8 215.1 250.7 251.9 202.1
-9999.0 -9999.0 -9999.0 -9999.0 -9999.0 -9999.0 -9999.0 -9999.0 -9999.0 -9999.0 -9999.0 -9999.0 -9999.0 -9999.0 -9999.0 -9999.0 -9999.0 -9999.0 -9999.0 -9999.0 -9999.0 -9999.0 -9999.0 -9999.0 -9999.0 87.7 73.7 37.3 44.2 44.3 60.3 80.7 94.7 100.2 109.6 110.4 109.2 109.7 103.0 92.8 90.4 87.5 145.2 145.9 162.5 152.9 142.7 145.4 86.6 92.3 116.3 119.9 157.2 182.3 224.9 258.2 276.2 283.4 298.0 277.0 238.0 197.8 235.5 114.4 114.0 137.8 143.5 151.9 167.4 175.5 190.8 223.9 232.6 209.5 165.0
-9999.0 -9999.0 -9999.0 -9999.0 -9999.0 -9999.0 -9999.0 -9999.0 -9999.0 -9999.0 -9999.0 -9999.0 -9999.0 -9999.0 -9999.0 -9999.0 -9999.0 -9999.0 -9999.0 -9999.0 -9999.0 -9999.0 -9999.0 -9999.0 -9999.0 -9999.0 -9999.0 101.9 106.5 96.7 99.3 107.1 96.2 123.1 120.8 123.0 115.8 108.2 107.2 90.2 83.9 97.8 144.2 154.9 154.9 149.5 143.8 146.1 153.0 136.4 174.3 198.9 172.9 222.2 260.3 279.7 314.1 304.6 288.9 257.5 260.1 212.3 143.7 114.8 131.2 125.1 139.5 139.4 154.6 166.0 180.6 203.5 193.8 173.6 131.7
-9999.0 -9999.0 -9999.0 -9999.0 -9999.0 -9999.0 -9999.0 -9999.0 -9999.0 -9999.0 -9999.0 -9999.0 -9999.0 -9999.0 -9999.0 -9999.0 -9999.0 -9999.0 -9999.0 -9999.0 -9999.0 -9999.0 -9999.0 -9999.0 -9999.0 -9999.0 -9999.0 -9999.0 -9999.0 -9999.0 -9999.0 -9999.0 -9999.0 131.6 135.1 -9999.0 -9999.0 -9999.0 122.9 104.0 119.6 135.9 137.5 145.4 138.4 141.8 -9999.0 -9999.0 -9999.0 -9999.0 -9999.0 -9999.0 236.0 247.2 329.4 366.3 358.2 348.8 299.4 299.2 264.7 220.1 166.5 141.3 145.6 163.7 193.8 211.4 180.0 145.0 142.5 169.4 174.3 161.1 147.4
-9999.0 -9999.0 -9999.0 -9999.0 -9999.0 -9999.0 -9999.0 -9999.0 -9999.0 -9999.0 -9999.0 -9999.0 -9999.0 -9999.0 -9999.0 -9999.0 -9999.0 -9999.0 -9999.0 -9999.0 -9999.0 -9999.0 -9999.0 -9999.0 -9999.0 -9999.0 -9999.0 -9999.0 -9999.0 -9999.0 -9999.0 -9999.0 -9999.0 -9999.0 -9999.0 -9999.0 -9999.0 -9999.0 -9999.0 108.5 115.7 120.6 125.2 130.9 -9999.0 -9999.0 -9999.0 -9999.0 -9999.0 -9999.0 -9999.0 -9999.0 262.6 292.4 338.8 384.4 392.0 365.7 348.4 334.9 298.3 230.8 199.8 178.7 225.8 264.8 289.9 240.8 180.8 158.9 148.1 151.9 157.0 180.3 165.4
-9999.0 -9999.0 -9999.0 -9999.0 -9999.0 -9999.0 -9999.0 -9999.0 -9999.0 -9999.0 -9999.0 -9999.0 -9999.0 -9999.0 -9999.0 -9999.0 -9999.0 -9999.0 -9999.0 -9999.0 -9999.0 -9999.0 -9999.0 -9999.0 -9999.0 -9999.0 -9999.0 -9999.0 -9999.0 -9999.0 -9999.0 -9999.0 -9999.0 -9999.0 -9999.0 -9999.0 -9999.0 -9999.0 -9999.0 -9999.0 -9999.0 -9999.0 -9999.0 -9999.0 -9999.0 -9999.0 -9999.0 -9999.0 -9999.0 -9999.0 -9999.0 -9999.0 240.6 341.3 359.5 378.8 363.0 326.1 304.5 294.6 281.3 235.5 261.3 213.7 264.5 293.1 275.4 249.7 204.7 170.6 155.2 165.5 216.8 206.8 204.4
-9999.0 -9999.0 -9999.0 -9999.0 -9999.0 -9999.0 -9999.0 -9999.0 -9999.0 -9999.0 -9999.0 -9999.0 -9999.0 -9999.0 -9999.0 -9999.0 -9999.0 -9999.0 -9999.0 -9999.0 -9999.0 -9999.0 -9999.0 -9999.0 -9999.0 -9999.0 -9999.0 -9999.0 -9999.0 -9999.0 -9999.0 -9999.0 -9999.0 -9999.0 -9999.0 -9999.0 -9999.0 -9999.0 -9999.0 -9999.0 -9999.0 -9999.0 -9999.0 -9999.0 -9999.0 -9999.0 -9999.0 -9999.0 -9999.0 -9999.0 -9999.0 249.2 301.4 378.2 319.4 351.3 317.2 293.6 249.3 226.8 240.6 222.5 202.2 226.2 276.3 302.8 258.8 168.9 221.0 186.8 182.4 207.3 211.2 189.4 193.4
-9999.0 -9999.0 -9999.0 -9999.0 -9999.0 -9999.0 -9999.0 -9999.0 -9999.0 -9999.0 -9999.0 -9999.0 -9999.0 -9999.0 -9999.0 -9999.0 -9999.0 -9999.0 -9999.0 -9999.0 -9999.0 -9999.0 -9999.0 -9999.0 -9999.0 -9999.0 -9999.0 -9999.0 -9999.0 -9999.0 -9999.0 -9999.0 -9999.0 -9999.0 -9999.0 -9999.0 -9999.0 -9999.0 -9999.0 -9999.0 -9999.0 -9999.0 -9999.0 -9999.0 -9999.0 -9999.0 -9999.0 -9999.0 -9999.0 -9999.0 197.7 321.8 364.2 399.9 345.7 347.2 267.5 209.1 208.4 223.7 209.2 213.1 198.0 234.4 281.1 279.8 276.8 217.7 260.3 225.8 254.5 256.7 257.2 266.7 258.7
-9999.0 -9999.0 -9999.0 -9999.0 -9999.0 -9999.0 -9999.0 -9999.0 -9999.0 -9999.0 -9999.0 -9999.0 -9999.0 -9999.0 -9999.0 -9999.0 -9999.0 -9999.0 -9999.0 -9999.0 -9999.0 -9999.0 -9999.0 -9999.0 -9999.0 -9999.0 -9999.0 -9999.0 -9999.0 -9999.0 -9999.0 -9999.0 -9999.0 -9999.0 -9999.0 -9999.0 -9999.0 -9999.0 -9999.0 -9999.0 -9999.0 -9999.0 -9999.0 -9999.0 -9999.0 -9999.0 -9999.0 -9999.0 -9999.0 -9999.0 213.4 415.9 326.2 409.3 410.5 339.3 202.5 267.2 239.2 202.6 179.7 178.4 178.9 228.4 279.6 214.4 228.5 207.4 267.8 285.5 331.9 348.2 327.3 277.7 231.0
-9999.0 -9999.0 -9999.0 -9999.0 -9999.0 -9999.0 -9999.0 -9999.0 -9999.0 -9999.0 -9999.0 -9999.0 -9999.0 -9999.0 -9999.0 -9999.0 -9999.0 -9999.0 -9999.0 -9999.0 -9999.0 -9999.0 -9999.0 -9999.0 -9999.0 -9999.0 -9999.0 -9999.0 -9999.0 -9999.0 -9999.0 -9999.0 -9999.0 -9999.0 -9999.0 -9999.0 -9999.0 -9999.0 -9999.0 -9999.0 -9999.0 -9999.0 -9999.0 -9999.0 -9999.0 -9999.0 -9999.0 -9999.0 -9999.0 -9999.0 202.6 326.1 296.9 525.0 362.2 316.7 397.0 282.8 279.5 188.1 191.5 181.2 184.3 214.1 274.3 266.5 227.6 236.4 280.4 386.2 390.6 455.4 323.4 318.1 211.1
-9999.0 -9999.0 -9999.0 -9999.0 -9999.0 -9999.0 -9999.0 -9999.0 -9999.0 -9999.0 -9999.0 -9999.0 -9999.0 -9999.0 -9999.0 -9999.0 -9999.0 -9999.0 -9999.0 -9999.0 -9999.0 -9999.0 -9999.0 -9999.0 -9999.0 -9999.0 -9999.0 -9999.0 -9999.0 -9999.0 -9999.0 -9999.0 -9999.0 -9999.0 -9999.0 -9999.0 -9999.0 -9999.0 -9999.0 -9999.0 -9999.0 -9999.0 -9999.0 -9999.0 -9999.0 -9999.0 -9999.0 -9999.0 -9999.0 -9999.0 356.9 479.5 422.1 470.3 443.0 480.1 250.3 320.5 297.1 203.4 221.7 186.9 163.1 221.5 281.8 305.1 329.0 321.6 380.8 283.6 375.5 359.8 323.4 289.9 187.5
-9999.0 -9999.0 -9999.0 -9999.0 -9999.0 -9999.0 -9999.0 -9999.0 -9999.0 -9999.0 -9999.0 -9999.0 -9999.0 -9999.0 -9999.0 -9999.0 -9999.0 -9999.0 -9999.0 -9999.0 -9999.0 -9999.0 -9999.0 -9999.0 -9999.0 -9999.0 -9999.0 -9999.0 -9999.0 -9999.0 -9999.0 -9999.0 -9999.0 -9999.0 -9999.0 -9999.0 -9999.0 -9999.0 -9999.0 -9999.0 -9999.0 -9999.0 -9999.0 -9999.0 -9999.0 -9999.0 -9999.0 -9999.0 -9999.0 -9999.0 -9999.0 -9999.0 -9999.0 378.8 348.6 346.6 362.7 381.3 233.9 242.4 347.4 191.6 260.0 257.9 289.6 308.0 362.3 300.2 350.4 348.3 320.8 289.6 257.2 228.6 206.9
-9999.0 -9999.0 -9999.0 -9999.0 -9999.0 -9999.0 -9999.0 -9999.0 -9999.0 -9999.0 -9999.0 -9999.0 -9999.0 -9999.0 -9999.0 -9999.0 -9999.0 -9999.0 -9999.0 -9999.0 -9999.0 -9999.0 -9999.0 -9999.0 -9999.0 -9999.0 -9999.0 -9999.0 -9999.0 -9999.0 -9999.0 -9999.0 -9999.0 -9999.0 -9999.0 -9999.0 -9999.0 -9999.0 -9999.0 -9999.0 -9999.0 -9999.0 -9999.0 -9999.0 -9999.0 -9999.0 -9999.0 -9999.0 -9999.0 -9999.0 -9999.0 -9999.0 -9999.0 391.5 321.2 617.8 364.2 305.1 350.9 444.6 320.0 245.0 345.6 283.7 299.1 302.7 228.1 357.3 262.3 267.3 254.0 264.0 281.5 281.4 266.0
-9999.0 -9999.0 -9999.0 -9999.0 -9999.0 -9999.0 -9999.0 -9999.0 -9999.0 -9999.0 -9999.0 -9999.0 -9999.0 -9999.0 -9999.0 -9999.0 -9999.0 -9999.0 -9999.0 -9999.0 -9999.0 -9999.0 -9999.0 -9999.0 -9999.0 -9999.0 -9999.0 -9999.0 -9999.0 -9999.0 -9999.0 -9999.0 -9999.0 -9999.0 -9999.0 -9999.0 -9999.0 -9999.0 -9999.0 -9999.0 -9999.0 -9999.0 -9999.0 -9999.0 -9999.0 -9999.0 -9999.0 -9999.0 -9999.0 -9999.0 -9999.0 -9999.0 -9999.0 427.9 263.9 473.0 428.5 368.6 397.4 379.3 427.5 383.6 439.8 434.6 267.0 -9999.0 -9999.0 -9999.0 290.6 242.1 279.6 352.8 400.6 403.2 394.2
-9999.0 -9999.0 -9999.0 -9999.0 -9999.0 -9999.0 -9999.0 -9999.0 -9999.0 -9999.0 -9999.0 -9999.0 -9999.0 -9999.0 -9999.0 -9999.0 -9999.0 -9999.0 -9999.0 -9999.0 -9999.0 -9999.0 -9999.0 -9999.0 -9999.0 -9999.0 -9999.0 -9999.0 -9999.0 -9999.0 -9999.0 -9999.0 -9999.0 -9999.0 -9999.0 -9999.0 -9999.0 -9999.0 -9999.0 -9999.0 -9999.0 -9999.0 -9999.0 -9999.0 -9999.0 -9999.0 -9999.0 -9999.0 -9999.0 -9999.0 -9999.0 -9999.0 -9999.0 -9999.0 452.1 445.5 332.0 310.5 434.3 505.5 307.0 -9999.0 -9999.0 -9999.0 -9999.0 -9999.0 -9999.0 -9999.0 237.3 296.2 420.5 435.9 495.0 533.0 496.5
-9999.0 -9999.0 -9999.0 -9999.0 -9999.0 -9999.0 -9999.0 -9999.0 -9999.0 -9999.0 -9999.0 -9999.0 -9999.0 -9999.0 -9999.0 -9999.0 -9999.0 -9999.0 -9999.0 -9999.0 -9999.0 -9999.0 -9999.0 -9999.0 -9999.0 -9999.0 -9999.0 -9999.0 -9999.0 -9999.0 -9999.0 -9999.0 -9999.0 -9999.0 -9999.0 -9999.0 -9999.0 -9999.0 -9999.0 -9999.0 -9999.0 -9999.0 -9999.0 -9999.0 -9999.0 -9999.0 -9999.0 -9999.0 -9999.0 -9999.0 -9999.0 -9999.0 -9999.0 -9999.0 -9999.0 410.1 599.7 405.1 338.2 403.9 357.5 -9999.0 -9999.0 -9999.0 -9999.0 -9999.0 -9999.0 -9999.0 -9999.0 -9999.0 382.8 -9999.0 -9999.0 -9999.0 -9999.0
