program/excelProcessViaJava/data/SURF_CLI_CHN_PRE_MON_GRID_0.5-201107.txt
NCOLS      128
NROWS       72
XLLCORNER    72.000000000000    
YLLCORNER    18.000000000000    
CELLSIZE    0.50000000000000    
NODATA_VALUE   -9999.000    
[rows 33 to 65 of 72, columns 0 to 73 of 128]
-9999.0 -9999.0 -9999.0 -9999.0 4.5 13.5 26.7 20.1 24.6 10.1 18.9 18.0 15.1 8.1 5.8 5.6 6.3 7.6 8.7 9.1 7.5 5.7 4.8 5.6 7.3 11.4 15.7 85.3 41.6 47.3 52.0 45.2 41.9 48.4 33.5 32.7 28.6 53.0 43.2 24.5 10.7 6.2 5.0 3.6 2.9 2.6 3.2 6.7 11.8 9.8 15.2 43.8 73.7 106.5 73.3 85.7 93.1 125.3 120.4 132.2 111.7 78.1 61.8 46.8 38.8 46.2 49.5 32.1 52.4 55.3 69.4 100.0 131.9 160.7
-9999.0 -9999.0 -9999.0 -9999.0 5.4 6.0 19.4 13.0 44.0 51.1 23.5 61.7 51.6 57.9 19.2 20.0 22.6 14.4 11.6 11.3 13.8 13.6 15.1 32.2 67.9 88.3 61.4 61.2 56.3 54.8 52.5 58.9 50.1 49.0 51.1 44.6 53.8 61.1 42.8 27.5 38.6 14.3 10.9 6.4 5.0 4.0 3.4 3.3 3.8 6.3 9.8 18.1 66.3 58.1 59.1 76.2 89.0 106.2 114.3 64.5 92.3 52.1 46.9 50.9 47.1 39.2 59.3 49.7 52.7 76.8 73.3 95.0 115.4 136.9
-9999.0 -9999.0 -9999.0 -9999.0 -9999.0 -9999.0 -9999.0 12.5 26.4 26.4 59.4 69.0 52.6 67.2 73.1 20.7 47.4 29.5 27.1 39.4 64.0 82.7 83.7 76.2 70.1 66.0 69.0 68.4 66.8 71.3 67.9 65.2 62.2 64.3 68.9 61.0 71.6 65.7 76.9 77.7 44.4 78.6 67.7 43.1 23.1 10.0 13.3 10.0 14.2 8.4 8.5 14.7 35.2 118.1 110.2 65.0 66.5 70.2 110.7 74.2 103.2 53.1 47.1 50.7 61.8 54.2 69.4 81.7 76.5 84.1 77.7 85.8 112.9 134.9
-9999.0 -9999.0 -9999.0 -9999.0 -9999.0 -9999.0 -9999.0 24.9 11.4 30.6 45.7 44.7 60.4 84.4 75.1 109.8 82.2 81.7 105.1 81.6 78.5 90.1 80.5 78.3 73.0 71.5 68.6 76.2 66.7 64.1 71.8 71.5 70.7 78.2 71.3 73.6 71.7 79.8 79.8 76.5 77.5 74.8 75.4 94.4 54.2 31.4 36.1 36.4 60.7 48.7 93.4 87.6 50.6 75.8 120.3 70.9 71.4 83.6 104.9 115.1 96.0 82.9 62.8 67.9 67.8 72.7 82.9 93.0 118.3 89.0 91.1 102.0 121.3 140.8
-9999.0 -9999.0 -9999.0 -9999.0 -9999.0 -9999.0 -9999.0 -9999.0 -9999.0 23.8 30.2 34.6 59.2 66.0 65.8 66.7 83.7 116.5 95.3 112.2 95.0 82.1 78.7 77.1 74.6 71.0 73.8 73.6 68.6 79.0 67.4 72.5 74.3 80.1 74.8 77.2 78.7 85.2 84.1 89.0 84.8 88.1 82.2 73.9 79.2 74.8 72.3 68.5 70.5 71.6 86.1 79.9 75.2 75.1 116.8 79.9 69.3 79.2 111.5 115.1 119.2 131.6 130.2 80.7 90.1 89.6 94.3 107.3 145.3 127.6 134.8 128.8 135.5 146.8
-9999.0 -9999.0 -9999.0 -9999.0 -9999.0 -9999.0 -9999.0 -9999.0 -9999.0 -9999.0 -9999.0 43.5 30.0 64.1 62.6 74.7 77.1 78.2 79.7 86.3 95.4 85.0 85.7 78.6 90.7 81.5 84.3 83.3 80.8 77.8 78.5 87.2 81.7 84.6 84.5 97.5 91.3 94.9 114.4 101.0 107.9 99.9 92.3 86.8 105.2 86.9 107.8 91.3 96.1 90.6 77.3 80.9 85.9 102.0 129.0 113.5 97.3 114.9 118.8 127.4 149.5 142.0 130.4 115.6 125.1 94.8 98.4 125.1 159.8 184.4 189.6 185.7 158.5 125.8
-9999.0 -9999.0 -9999.0 -9999.0 -9999.0 -9999.0 -9999.0 -9999.0 -9999.0 -9999.0 -9999.0 -9999.0 27.8 34.7 60.7 58.5 87.4 77.5 81.2 100.5 75.9 81.5 82.6 78.1 107.3 82.4 78.1 87.7 85.7 95.4 88.3 88.5 90.9 98.8 101.7 101.7 115.3 107.9 106.4 105.6 106.4 106.6 105.4 111.2 109.4 113.1 120.1 102.4 103.5 101.5 115.7 113.3 102.5 97.1 113.4 132.5 144.2 171.2 124.7 172.1 167.3 187.5 182.2 152.1 120.9 146.5 122.8 150.9 190.3 230.8 236.8 182.9 135.5 103.8
-9999.0 -9999.0 -9999.0 -9999.0 -9999.0 -9999.0 -9999.0 -9999.0 -9999.0 -9999.0 -9999.0 -9999.0 41.8 25.3 28.2 55.2 46.5 59.2 80.0 79.1 80.0 86.8 85.0 78.5 73.1 80.4 82.8 79.6 87.1 86.1 94.6 103.1 101.7 103.9 109.4 110.2 120.6 123.8 122.4 121.7 118.2 117.9 129.8 118.7 129.9 140.4 127.4 121.4 105.8 116.9 113.0 120.4 109.3 123.7 112.0 146.5 150.6 177.7 157.9 165.2 168.2 169.8 189.2 195.8 123.4 136.4 145.5 178.2 219.6 266.4 300.1 301.4 285.6 238.3
-9999.0 -9999.0 -9999.0 -9999.0 -9999.0 -9999.0 -9999.0 -9999.0 -9999.0 -9999.0 -9999.0 -9999.0 -9999.0 28.3 48.2 30.8 50.9 49.1 53.2 59.4 69.1 66.0 80.7 71.2 76.9 93.3 95.7 103.9 99.3 100.0 98.5 101.5 112.3 116.4 114.1 119.1 123.6 129.4 147.1 139.0 137.6 141.7 140.5 151.5 144.3 140.7 151.1 157.9 156.8 148.5 142.4 128.3 125.3 183.8 176.9 180.1 181.8 214.0 261.8 231.2 217.6 180.4 187.2 121.7 124.4 130.9 151.6 206.4 255.4 309.5 322.7 309.1 299.4 263.9
-9999.0 -9999.0 -9999.0 -9999.0 -9999.0 -9999.0 -9999.0 -9999.0 -9999.0 -9999.0 -9999.0 -9999.0 17.0 34.3 37.5 31.5 55.4 51.7 56.5 47.7 53.5 59.7 69.0 71.0 73.7 92.0 92.7 93.1 97.6 104.0 106.5 107.2 120.1 120.4 126.4 129.0 137.2 136.0 138.8 142.7 156.4 167.2 175.9 154.4 163.5 169.1 166.8 161.2 167.9 167.7 178.8 191.3 162.7 186.5 180.0 194.6 240.1 185.0 243.3 218.5 216.2 224.3 179.3 194.5 128.5 127.0 264.2 282.6 271.1 288.2 326.9 341.3 291.5 208.6
-9999.0 -9999.0 -9999.0 -9999.0 -9999.0 -9999.0 -9999.0 -9999.0 -9999.0 -9999.0 -9999.0 -9999.0 17.9 9.6 18.2 48.5 49.6 34.6 39.5 54.4 47.4 62.3 67.1 71.8 72.9 77.2 85.1 91.7 98.8 102.6 108.0 115.2 125.3 126.1 132.3 139.0 143.2 147.7 150.3 150.5 153.8 155.1 158.5 165.8 174.2 185.1 203.1 203.0 200.4 172.6 173.3 198.8 177.0 170.7 182.3 178.2 227.5 259.6 239.9 282.2 288.3 290.3 148.2 108.5 109.0 198.2 182.1 297.7 309.6 303.9 309.0 305.1 277.4 264.4
-9999.0 -9999.0 -9999.0 -9999.0 -9999.0 -9999.0 -9999.0 -9999.0 -9999.0 -9999.0 -9999.0 -9999.0 2.2 14.7 9.1 17.1 21.8 45.9 40.0 46.7 66.7 74.1 65.5 78.4 79.1 95.0 96.1 110.3 102.7 109.1 115.1 126.9 127.8 133.5 141.0 148.4 154.9 160.1 163.7 166.4 167.6 166.5 181.4 163.6 183.1 207.1 219.8 209.2 187.7 188.0 194.4 179.0 266.0 285.7 250.8 169.9 228.2 266.3 286.6 237.1 230.4 218.5 312.3 119.2 136.2 290.5 270.4 243.9 223.3 218.6 224.6 253.7 258.6 256.2
-9999.0 -9999.0 -9999.0 -9999.0 -9999.0 -9999.0 -9999.0 -9999.0 -9999.0 -9999.0 -9999.0 -9999.0 -9999.0 20.0 21.2 12.7 20.0 22.3 38.5 49.1 73.9 60.4 74.6 85.5 78.2 88.9 94.7 99.7 112.1 111.9 126.1 130.4 136.8 141.3 148.3 155.7 162.4 171.4 177.3 182.2 184.7 192.8 201.6 200.0 186.4 193.2 212.5 178.7 215.5 209.0 178.6 233.2 224.3 184.3 268.8 281.5 195.5 218.4 273.7 354.3 310.5 446.7 278.2 122.1 287.9 284.6 242.3 173.9 140.2 131.6 146.9 176.3 214.4 193.3
-9999.0 -9999.0 -9999.0 -9999.0 -9999.0 -9999.0 -9999.0 -9999.0 -9999.0 -9999.0 -9999.0 -9999.0 -9999.0 0.8 14.1 8.9 26.1 16.5 24.1 36.5 64.3 70.9 80.5 82.4 73.1 88.6 99.3 101.4 112.4 136.6 137.0 140.2 142.2 147.1 152.3 157.3 165.4 176.0 183.8 189.4 198.2 201.6 204.1 205.2 224.9 203.8 203.2 171.0 181.8 183.6 212.9 162.4 222.4 265.7 298.1 277.3 219.7 233.3 292.5 201.0 318.0 192.0 180.3 286.6 271.7 237.7 178.5 117.5 84.2 76.8 90.9 125.3 158.5 180.0
-9999.0 -9999.0 -9999.0 -9999.0 -9999.0 -9999.0 -9999.0 -9999.0 -9999.0 -9999.0 -9999.0 -9999.0 -9999.0 -9999.0 -9999.0 6.5 8.1 17.4 19.5 23.0 49.5 49.7 57.9 71.6 85.8 94.2 121.2 117.9 137.1 129.3 140.3 144.2 152.2 152.2 151.7 155.9 161.0 173.0 184.3 194.2 198.4 205.1 208.1 205.3 185.0 164.4 184.8 136.3 173.8 118.4 164.9 242.3 197.9 215.9 146.6 237.6 250.4 169.8 313.1 352.1 195.1 208.9 291.1 261.9 228.4 183.6 130.1 86.7 61.5 54.9 65.3 87.6 127.4 146.9
-9999.0 -9999.0 -9999.0 -9999.0 -9999.0 -9999.0 -9999.0 -9999.0 -9999.0 -9999.0 -9999.0 -9999.0 -9999.0 -9999.0 -9999.0 -9999.0 -9999.0 0.1 2.8 -9999.0 16.3 47.5 45.2 57.4 84.4 93.6 123.7 123.6 123.4 142.3 143.5 145.3 157.2 151.5 148.7 144.0 152.3 157.6 169.3 181.8 190.0 197.4 199.6 195.1 159.5 154.1 108.0 190.3 126.8 154.8 94.9 144.7 104.6 198.5 222.8 240.0 205.1 283.7 289.8 319.2 201.8 248.1 267.1 230.4 178.7 133.4 94.3 64.8 51.1 48.5 52.4 87.5 106.3 100.3
-9999.0 -9999.0 -9999.0 -9999.0 -9999.0 -9999.0 -9999.0 -9999.0 -9999.0 -9999.0 -9999.0 -9999.0 -9999.0 -9999.0 -9999.0 -9999.0 -9999.0 -9999.0 -9999.0 -9999.0 -9999.0 29.2 49.6 81.6 80.4 76.1 92.4 108.3 125.2 129.1 142.6 140.6 150.2 149.3 139.8 131.0 126.9 132.4 145.5 158.0 166.5 180.3 186.7 184.1 150.1 159.8 95.8 116.1 184.7 316.6 135.2 216.0 211.3 135.1 172.0 225.9 243.5 216.7 336.5 263.7 205.9 208.0 222.9 184.5 149.3 115.1 82.7 60.6 54.1 54.1 58.7 74.8 76.4 67.9
-9999.0 -9999.0 -9999.0 -9999.0 -9999.0 -9999.0 -9999.0 -9999.0 -9999.0 -9999.0 -9999.0 -9999.0 -9999.0 -9999.0 -9999.0 -9999.0 -9999.0 -9999.0 -9999.0 -9999.0 -9999.0 -9999.0 -9999.0 24.8 62.5 74.2 89.4 109.0 136.5 134.8 147.4 154.0 161.6 148.2 139.9 126.2 123.5 113.6 126.9 138.7 147.0 161.2 158.2 152.7 134.2 91.7 106.2 98.9 82.5 77.2 93.0 162.0 108.3 133.3 132.9 132.2 189.1 244.2 155.6 228.5 161.2 161.5 156.2 147.7 136.3 122.4 94.8 71.5 64.8 66.7 74.9 68.5 60.6 65.3
-9999.0 -9999.0 -9999.0 -9999.0 -9999.0 -9999.0 -9999.0 -9999.0 -9999.0 -9999.0 -9999.0 -9999.0 -9999.0 -9999.0 -9999.0 -9999.0 -9999.0 -9999.0 -9999.0 -9999.0 -9999.0 -9999.0 -9999.0 -9999.0 -9999.0 24.8 67.8 141.5 147.1 168.6 157.9 148.0 146.3 143.9 126.2 124.3 132.4 103.1 115.7 112.6 132.6 129.1 115.4 119.8 94.5 80.8 85.4 75.1 111.0 82.0 148.2 122.1 151.7 145.9 121.3 130.3 159.1 152.6 202.5 183.6 152.1 131.0 223.7 133.2 133.5 136.2 111.5 89.1 81.3 81.7 74.9 60.3 42.4 54.0
-9999.0 -9999.0 -9999.0 -9999.0 -9999.0 -9999.0 -9999.0 -9999.0 -9999.0 -9999.0 -9999.0 -9999.0 -9999.0 -9999.0 -9999.0 -9999.0 -9999.0 -9999.0 -9999.0 -9999.0 -9999.0 -9999.0 -9999.0 -9999.0 -9999.0 -9999.0 -9999.0 31.7 43.9 103.5 118.9 126.5 158.4 118.2 125.4 88.7 94.3 88.3 84.3 91.6 105.2 99.9 94.5 80.9 77.1 71.1 67.3 68.2 71.6 79.6 87.3 101.0 112.1 117.8 127.7 142.2 143.8 139.3 158.0 117.0 102.0 103.8 79.1 84.3 106.7 129.1 119.2 93.9 79.1 74.0 63.3 54.6 33.6 38.7
-9999.0 -9999.0 -9999.0 -9999.0 -9999.0 -9999.0 -9999.0 -9999.0 -9999.0 -9999.0 -9999.0 -9999.0 -9999.0 -9999.0 -9999.0 -9999.0 -9999.0 -9999.0 -9999.0 -9999.0 -9999.0 -9999.0 -9999.0 -9999.0 -9999.0 -9999.0 -9999.0 -9999.0 -9999.0 -9999.0 -9999.0 -9999.0 -9999.0 82.6 110.5 -9999.0 -9999.0 -9999.0 71.5 77.7 77.7 77.5 83.7 66.0 60.8 61.0 -9999.0 -9999.0 -9999.0 -9999.0 -9999.0 -9999.0 116.0 139.3 147.7 166.6 165.0 158.2 123.4 102.7 84.6 80.2 58.5 63.8 90.4 116.6 113.0 90.7 69.6 58.8 47.7 41.5 38.7 25.7
-9999.0 -9999.0 -9999.0 -9999.0 -9999.0 -9999.0 -9999.0 -9999.0 -9999.0 -9999.0 -9999.0 -9999.0 -9999.0 -9999.0 -9999.0 -9999.0 -9999.0 -9999.0 -9999.0 -9999.0 -9999.0 -9999.0 -9999.0 -9999.0 -9999.0 -9999.0 -9999.0 -9999.0 -9999.0 -9999.0 -9999.0 -9999.0 -9999.0 -9999.0 -9999.0 -9999.0 -9999.0 -9999.0 -9999.0 47.1 49.7 51.0 52.0 53.3 -9999.0 -9999.0 -9999.0 -9999.0 -9999.0 -9999.0 -9999.0 -9999.0 127.1 160.8 164.0 187.4 193.8 168.9 135.5 108.7 87.1 68.9 61.7 59.6 75.4 91.2 92.4 75.3 58.8 47.5 41.1 35.0 27.5 33.1
-9999.0 -9999.0 -9999.0 -9999.0 -9999.0 -9999.0 -9999.0 -9999.0 -9999.0 -9999.0 -9999.0 -9999.0 -9999.0 -9999.0 -9999.0 -9999.0 -9999.0 -9999.0 -9999.0 -9999.0 -9999.0 -9999.0 -9999.0 -9999.0 -9999.0 -9999.0 -9999.0 -9999.0 -9999.0 -9999.0 -9999.0 -9999.0 -9999.0 -9999.0 -9999.0 -9999.0 -9999.0 -9999.0 -9999.0 -9999.0 -9999.0 -9999.0 -9999.0 -9999.0 -9999.0 -9999.0 -9999.0 -9999.0 -9999.0 -9999.0 -9999.0 -9999.0 99.4 183.5 184.1 196.3 192.0 162.4 130.2 108.1 92.6 76.8 114.8 62.3 69.1 75.2 73.8 65.4 56.1 47.2 39.9 34.8 46.2 36.8
-9999.0 -9999.0 -9999.0 -9999.0 -9999.0 -9999.0 -9999.0 -9999.0 -9999.0 -9999.0 -9999.0 -9999.0 -9999.0 -9999.0 -9999.0 -9999.0 -9999.0 -9999.0 -9999.0 -9999.0 -9999.0 -9999.0 -9999.0 -9999.0 -9999.0 -9999.0 -9999.0 -9999.0 -9999.0 -9999.0 -9999.0 -9999.0 -9999.0 -9999.0 -9999.0 -9999.0 -9999.0 -9999.0 -9999.0 -9999.0 -9999.0 -9999.0 -9999.0 -9999.0 -9999.0 -9999.0 -9999.0 -9999.0 -9999.0 -9999.0 -9999.0 105.4 145.0 199.5 165.7 192.3 177.1 159.6 124.1 101.5 105.0 93.0 79.7 71.7 70.9 70.2 68.6 73.5 59.6 52.3 43.3 38.3 34.0 32.1
-9999.0 -9999.0 -9999.0 -9999.0 -9999.0 -9999.0 -9999.0 -9999.0 -9999.0 -9999.0 -9999.0 -9999.0 -9999.0 -9999.0 -9999.0 -9999.0 -9999.0 -9999.0 -9999.0 -9999.0 -9999.0 -9999.0 -9999.0 -9999.0 -9999.0 -9999.0 -9999.0 -9999.0 -9999.0 -9999.0 -9999.0 -9999.0 -9999.0 -9999.0 -9999.0 -9999.0 -9999.0 -9999.0 -9999.0 -9999.0 -9999.0 -9999.0 -9999.0 -9999.0 -9999.0 -9999.0 -9999.0 -9999.0 -9999.0 -9999.0 92.1 159.1 192.6 214.8 186.4 191.8 151.7 120.7 117.8 122.4 110.2 112.9 96.4 88.9 84.1 78.1 68.3 68.7 64.2 59.3 50.8 43.2 41.9 52.1
-9999.0 -9999.0 -9999.0 -9999.0 -9999.0 -9999.0 -9999.0 -9999.0 -9999.0 -9999.0 -9999.0 -9999.0 -9999.0 -9999.0 -9999.0 -9999.0 -9999.0 -9999.0 -9999.0 -9999.0 -9999.0 -9999.0 -9999.0 -9999.0 -9999.0 -9999.0 -9999.0 -9999.0 -9999.0 -9999.0 -9999.0 -9999.0 -9999.0 -9999.0 -9999.0 -9999.0 -9999.0 -9999.0 -9999.0 -9999.0 -9999.0 -9999.0 -9999.0 -9999.0 -9999.0 -9999.0 -9999.0 -9999.0 -9999.0 -9999.0 116.0 225.7 199.6 239.3 231.1 191.9 122.2 156.2 144.5 125.6 113.7 114.7 102.2 102.3 97.6 81.0 73.5 71.6 71.5 68.6 62.5 57.9 57.4 58.4
-9999.0 -9999.0 -9999.0 -9999.0 -9999.0 -9999.0 -9999.0 -9999.0 -9999.0 -9999.0 -9999.0 -9999.0 -9999.0 -9999.0 -9999.0 -9999.0 -9999.0 -9999.0 -9999.0 -9999.0 -9999.0 -9999.0 -9999.0 -9999.0 -9999.0 -9999.0 -9999.0 -9999.0 -9999.0 -9999.0 -9999.0 -9999.0 -9999.0 -9999.0 -9999.0 -9999.0 -9999.0 -9999.0 -9999.0 -9999.0 -9999.0 -9999.0 -9999.0 -9999.0 -9999.0 -9999.0 -9999.0 -9999.0 -9999.0 -9999.0 137.8 214.6 231.5 309.4 250.3 205.7 221.1 167.9 170.0 125.8 133.7 133.2 120.5 105.0 106.4 89.7 76.3 74.3 77.4 81.8 76.8 82.6 66.5 77.2
-9999.0 -9999.0 -9999.0 -9999.0 -9999.0 -9999.0 -9999.0 -9999.0 -9999.0 -9999.0 -9999.0 -9999.0 -9999.0 -9999.0 -9999.0 -9999.0 -9999.0 -9999.0 -9999.0 -9999.0 -9999.0 -9999.0 -9999.0 -9999.0 -9999.0 -9999.0 -9999.0 -9999.0 -9999.0 -9999.0 -9999.0 -9999.0 -9999.0 -9999.0 -9999.0 -9999.0 -9999.0 -9999.0 -9999.0 -9999.0 -9999.0 -9999.0 -9999.0 -9999.0 -9999.0 -9999.0 -9999.0 -9999.0 -9999.0 -9999.0 231.5 317.0 336.7 354.5 317.5 284.3 187.1 193.0 183.2 146.7 163.5 146.9 104.2 123.0 129.2 115.3 105.9 93.2 98.6 85.1 87.1 79.7 77.4 84.7
-9999.0 -9999.0 -9999.0 -9999.0 -9999.0 -9999.0 -9999.0 -9999.0 -9999.0 -9999.0 -9999.0 -9999.0 -9999.0 -9999.0 -9999.0 -9999.0 -9999.0 -9999.0 -9999.0 -9999.0 -9999.0 -9999.0 -9999.0 -9999.0 -9999.0 -9999.0 -9999.0 -9999.0 -9999.0 -9999.0 -9999.0 -9999.0 -9999.0 -9999.0 -9999.0 -9999.0 -9999.0 -9999.0 -9999.0 -9999.0 -9999.0 -9999.0 -9999.0 -9999.0 -9999.0 -9999.0 -9999.0 -9999.0 -9999.0 -9999.0 -9999.0 -9999.0 -9999.0 373.8 336.7 281.6 240.3 224.7 173.5 184.1 264.1 158.0 214.6 172.1 166.3 151.2 153.6 122.7 126.9 119.1 100.3 80.2 70.4 78.0
-9999.0 -9999.0 -9999.0 -9999.0 -9999.0 -9999.0 -9999.0 -9999.0 -9999.0 -9999.0 -9999.0 -9999.0 -9999.0 -9999.0 -9999.0 -9999.0 -9999.0 -9999.0 -9999.0 -9999.0 -9999.0 -9999.0 -9999.0 -9999.0 -9999.0 -9999.0 -9999.0 -9999.0 -9999.0 -9999.0 -9999.0 -9999.0 -9999.0 -9999.0 -9999.0 -9999.0 -9999.0 -9999.0 -9999.0 -9999.0 -9999.0 -9999.0 -9999.0 -9999.0 -9999.0 -9999.0 -9999.0 -9999.0 -9999.0 -9999.0 -9999.0 -9999.0 -9999.0 381.6 333.3 354.5 254.2 214.7 234.7 304.5 268.0 225.4 306.5 221.5 217.1 205.8 173.7 202.5 170.9 155.2 121.7 93.7 84.5 100.1
-9999.0 -9999.0 -9999.0 -9999.0 -9999.0 -9999.0 -9999.0 -9999.0 -9999.0 -9999.0 -9999.0 -9999.0 -9999.0 -9999.0 -9999.0 -9999.0 -9999.0 -9999.0 -9999.0 -9999.0 -9999.0 -9999.0 -9999.0 -9999.0 -9999.0 -9999.0 -9999.0 -9999.0 -9999.0 -9999.0 -9999.0 -9999.0 -9999.0 -9999.0 -9999.0 -9999.0 -9999.0 -9999.0 -9999.0 -9999.0 -9999.0 -9999.0 -9999.0 -9999.0 -9999.0 -9999.0 -9999.0 -9999.0 -9999.0 -9999.0 -9999.0 -9999.0 -9999.0 381.1 305.0 331.6 290.6 261.6 287.1 313.8 374.3 369.0 423.5 411.6 266.3 -9999.0 -9999.0 -9999.0 264.3 218.6 180.0 152.2 137.0 145.2
-9999.0 -9999.0 -9999.0 -9999.0 -9999.0 -9999.0 -9999.0 -9999.0 -9999.0 -9999.0 -9999.0 -9999.0 -9999.0 -9999.0 -9999.0 -9999.0 -9999.0 -9999.0 -9999.0 -9999.0 -9999.0 -9999.0 -9999.0 -9999.0 -9999.0 -9999.0 -9999.0 -9999.0 -9999.0 -9999.0 -9999.0 -9999.0 -9999.0 -9999.0 -9999.0 -9999.0 -9999.0 -9999.0 -9999.0 -9999.0 -9999.0 -9999.0 -9999.0 -9999.0 -9999.0 -9999.0 -9999.0 -9999.0 -9999.0 -9999.0 -9999.0 -9999.0 -9999.0 -9999.0 360.3 336.8 286.5 279.1 349.6 425.3 359.1 -9999.0 -9999.0 -9999.0 -9999.0 -9999.0 -9999.0 -9999.0 324.0 313.4 300.7 219.9 191.3 200.9
-9999.0 -9999.0 -9999.0 -9999.0 -9999.0 -9999.0 -9999.0 -9999.0 -9999.0 -9999.0 -9999.0 -9999.0 -9999.0 -9999.0 -9999.0 -9999.0 -9999.0 -9999.0 -9999.0 -9999.0 -9999.0 -9999.0 -9999.0 -9999.0 -9999.0 -9999.0 -9999.0 -9999.0 -9999.0 -9999.0 -9999.0 -9999.0 -9999.0 -9999.0 -9999.0 -9999.0 -9999.0 -9999.0 -9999.0 -9999.0 -9999.0 -9999.0 -9999.0 -9999.0 -9999.0 -9999.0 -9999.0 -9999.0 -9999.0 -9999.0 -9999.0 -9999.0 -9999.0 -9999.0 -9999.0 343.5 407.9 357.0 360.4 434.4 449.6 -9999.0 -9999.0 -9999.0 -9999.0 -9999.0 -9999.0 -9999.0 -9999.0 -9999.0 331.2 -9999.0 -9999.0 -9999.0
