program/excelProcessViaJava/data/SURF_CLI_CHN_PRE_MON_GRID_0.5-198608.txt
NCOLS      128
NROWS       72
XLLCORNER    72.000000000000    
YLLCORNER    18.000000000000    
CELLSIZE    0.50000000000000    
NODATA_VALUE   -9999.000    
[rows 33 to 65 of 72, columns 0 to 75 of 128]
-9999.0 -9999.0 -9999.0 -9999.0 25.7 47.5 69.4 32.9 28.5 5.5 8.5 5.4 3.0 1.3 1.1 1.1 1.1 1.1 1.1 1.2 1.2 1.2 1.3 1.9 3.1 6.2 10.2 95.9 39.1 46.2 51.2 41.6 36.6 41.6 25.7 24.1 20.3 38.8 30.5 18.2 10.7 9.0 9.5 9.6 10.2 10.9 12.7 17.3 22.8 23.7 31.3 52.4 73.5 98.6 87.6 101.5 109.0 140.2 141.0 164.3 152.9 120.8 94.2 58.3 44.2 56.3 60.5 39.5 56.4 51.4 52.0 61.4 68.8 75.5 81.6 82.6
-9999.0 -9999.0 -9999.0 -9999.0 37.9 26.3 56.4 23.4 76.9 69.1 14.4 51.9 29.2 29.4 4.5 4.5 4.8 2.2 1.4 1.4 2.4 3.2 4.8 17.6 58.3 90.1 57.8 59.7 54.5 52.6 48.9 54.8 42.5 39.2 39.0 31.3 37.3 41.7 27.4 18.7 26.0 14.2 13.8 12.4 12.1 11.8 11.6 11.9 13.3 17.5 23.3 32.5 59.9 63.1 69.6 84.5 95.5 111.2 125.6 87.6 126.3 80.3 68.5 67.2 56.3 46.4 66.0 51.7 50.0 67.0 56.7 63.3 68.9 78.9 83.2 86.5
-9999.0 -9999.0 -9999.0 -9999.0 -9999.0 -9999.0 -9999.0 27.2 44.8 30.5 74.3 72.3 34.6 43.3 42.9 4.9 16.0 6.7 5.5 11.6 32.1 56.4 63.6 60.3 58.0 57.3 64.4 66.0 65.1 70.9 65.0 59.3 52.7 51.8 53.0 41.9 48.5 41.1 48.2 47.7 27.2 48.8 43.2 31.0 21.9 15.3 16.7 14.7 17.2 15.6 18.7 25.6 38.5 78.7 84.7 70.6 73.2 76.9 115.3 92.4 121.1 77.3 62.9 62.9 73.8 62.1 71.0 72.4 61.0 64.4 56.7 57.3 73.1 86.2 89.0 93.2
-9999.0 -9999.0 -9999.0 -9999.0 -9999.0 -9999.0 -9999.0 69.8 18.8 44.0 56.2 39.6 50.1 74.2 49.6 91.9 47.0 44.4 73.1 46.0 46.0 64.2 57.8 60.6 59.1 61.4 61.2 73.6 61.9 58.4 66.9 63.8 59.1 63.5 51.3 49.3 44.0 47.7 45.5 42.2 43.0 42.5 44.5 57.6 36.2 25.3 26.8 25.9 36.2 29.6 49.1 46.2 36.2 51.1 78.7 68.4 74.0 84.9 102.3 110.4 96.7 89.3 72.9 75.7 75.1 77.2 76.5 70.3 79.1 54.1 54.9 60.2 73.0 85.5 71.6 94.5
-9999.0 -9999.0 -9999.0 -9999.0 -9999.0 -9999.0 -9999.0 -9999.0 -9999.0 36.6 34.8 30.3 54.8 52.2 42.4 37.1 52.0 96.0 62.5 87.4 66.0 54.1 54.8 57.7 59.2 58.8 65.5 67.5 61.9 75.3 58.5 61.8 60.0 61.8 50.8 48.3 45.4 47.1 43.9 46.2 43.9 47.2 46.1 44.1 48.3 46.2 44.0 40.2 39.0 37.3 42.0 38.4 38.7 44.8 69.8 66.8 68.7 76.5 96.1 95.2 93.6 100.2 101.3 77.2 86.4 83.5 75.0 67.2 83.6 59.3 60.3 53.1 62.3 76.5 87.5 47.6
-9999.0 -9999.0 -9999.0 -9999.0 -9999.0 -9999.0 -9999.0 -9999.0 -9999.0 -9999.0 -9999.0 50.2 20.2 56.0 43.0 50.9 47.9 45.7 46.2 54.5 68.3 58.3 63.4 58.9 79.1 70.7 77.7 78.4 75.8 71.2 70.1 77.8 65.6 63.2 56.6 63.8 51.5 50.0 63.1 50.1 54.9 51.8 50.8 51.0 62.8 53.5 63.8 52.4 52.2 46.6 38.4 38.9 42.1 53.0 72.4 75.5 77.2 87.6 87.7 88.1 97.3 92.1 90.6 89.9 97.0 69.8 55.9 64.3 74.6 74.9 63.3 59.7 52.8 51.2 33.2 33.6
-9999.0 -9999.0 -9999.0 -9999.0 -9999.0 -9999.0 -9999.0 -9999.0 -9999.0 -9999.0 -9999.0 -9999.0 21.0 22.0 46.1 35.6 68.4 49.1 51.7 77.7 47.0 55.9 60.7 58.9 102.9 71.1 68.1 82.7 80.6 93.5 80.7 76.8 74.0 76.8 71.9 63.3 70.4 56.0 51.1 49.5 51.3 54.5 57.9 65.0 67.0 70.1 73.0 60.5 58.3 55.2 61.2 58.8 54.6 56.1 68.0 82.4 91.4 104.2 77.6 99.0 95.4 108.3 109.6 99.3 81.3 98.3 66.6 74.9 83.2 88.6 57.0 32.1 29.4 33.2 48.0 106.2
-9999.0 -9999.0 -9999.0 -9999.0 -9999.0 -9999.0 -9999.0 -9999.0 -9999.0 -9999.0 -9999.0 -9999.0 48.0 15.9 14.4 36.9 23.4 33.1 55.7 53.6 55.4 65.9 65.9 60.8 57.3 68.5 73.5 70.7 80.8 78.3 87.2 94.5 85.5 79.8 77.1 67.8 70.7 66.0 59.3 57.0 56.3 60.1 71.9 71.1 81.1 88.8 80.8 74.6 63.1 68.0 66.6 72.1 69.0 77.4 75.4 90.3 88.9 95.9 81.3 84.1 88.6 94.6 109.4 118.9 69.7 79.3 62.4 68.2 75.1 85.7 103.0 123.6 126.5 98.0 96.5 83.1
-9999.0 -9999.0 -9999.0 -9999.0 -9999.0 -9999.0 -9999.0 -9999.0 -9999.0 -9999.0 -9999.0 -9999.0 -9999.0 23.5 42.8 16.5 32.7 28.0 30.8 36.8 47.7 45.7 64.1 55.0 63.2 85.7 90.4 103.0 96.0 95.5 90.3 89.4 97.8 93.7 78.4 73.0 67.8 65.8 80.7 67.3 66.9 73.7 78.5 90.9 91.5 92.2 97.3 98.3 95.2 90.4 90.3 87.9 90.6 118.7 112.3 108.1 99.1 106.3 131.2 111.5 110.1 97.7 107.9 71.4 57.2 65.6 77.5 87.6 97.4 94.8 69.2 70.6 92.3 98.7 108.8 94.7
-9999.0 -9999.0 -9999.0 -9999.0 -9999.0 -9999.0 -9999.0 -9999.0 -9999.0 -9999.0 -9999.0 -9999.0 20.9 40.2 35.5 21.7 46.7 37.3 40.7 31.2 37.2 44.1 54.9 58.1 62.0 84.8 85.8 86.2 91.3 98.5 98.9 94.4 106.6 95.5 91.1 80.0 79.1 65.6 62.8 65.1 79.7 92.1 102.8 92.6 102.4 107.6 105.7 99.2 101.1 103.5 116.8 130.3 120.3 130.4 121.2 118.3 131.9 92.0 118.8 107.9 114.6 129.7 108.3 125.7 78.7 70.6 102.4 110.1 115.8 123.0 118.6 98.1 78.0 64.9 68.1 68.6
-9999.0 -9999.0 -9999.0 -9999.0 -9999.0 -9999.0 -9999.0 -9999.0 -9999.0 -9999.0 -9999.0 -9999.0 30.1 10.7 17.1 55.4 48.9 26.1 29.9 45.0 37.4 52.8 58.1 63.1 64.0 68.3 76.4 82.9 90.0 92.6 96.7 102.1 110.6 98.8 93.1 87.2 76.4 71.1 67.1 65.2 71.1 77.7 87.1 97.7 106.1 113.0 122.5 120.1 118.4 106.2 115.4 137.2 132.6 129.8 128.4 116.4 131.6 144.7 132.7 165.4 180.5 195.1 96.2 67.2 67.3 90.7 96.1 124.8 124.0 116.2 105.3 90.5 79.7 87.1 97.2 87.8
-9999.0 -9999.0 -9999.0 -9999.0 -9999.0 -9999.0 -9999.0 -9999.0 -9999.0 -9999.0 -9999.0 -9999.0 6.0 24.3 11.7 18.6 21.5 49.3 38.4 44.6 67.5 74.6 62.1 75.2 73.9 90.3 88.7 104.0 91.1 96.2 100.7 114.6 107.4 103.6 99.4 93.5 84.5 77.2 71.5 74.0 75.9 81.0 98.9 95.6 107.2 121.1 127.0 117.3 107.4 113.4 123.9 125.9 175.7 190.2 166.8 121.1 145.8 169.6 188.4 161.1 163.2 162.0 254.0 83.5 67.7 129.3 126.5 125.6 124.1 117.4 109.3 104.1 91.9 93.4 117.0 103.2
-9999.0 -9999.0 -9999.0 -9999.0 -9999.0 -9999.0 -9999.0 -9999.0 -9999.0 -9999.0 -9999.0 -9999.0 -9999.0 46.8 39.7 19.8 27.2 28.0 46.3 57.2 88.2 65.4 79.5 88.8 76.0 83.7 85.8 86.8 96.8 92.5 107.8 110.0 114.8 110.1 107.3 106.6 96.3 83.2 79.0 76.9 80.7 98.3 110.4 111.3 105.4 107.2 115.6 97.5 116.6 116.4 108.8 140.0 142.4 132.1 178.3 189.8 142.8 162.8 209.8 287.7 262.3 406.1 251.2 74.6 143.8 142.5 129.6 120.1 119.5 123.4 122.6 114.2 102.7 93.1 94.0 100.2
-9999.0 -9999.0 -9999.0 -9999.0 -9999.0 -9999.0 -9999.0 -9999.0 -9999.0 -9999.0 -9999.0 -9999.0 -9999.0 5.5 36.2 21.2 47.2 28.7 37.1 50.7 84.6 87.6 94.1 89.7 73.9 84.0 88.9 84.6 89.8 115.4 111.2 112.5 110.6 112.4 113.2 106.7 94.5 87.1 85.5 97.0 87.7 96.1 104.5 109.9 126.6 108.9 105.8 89.8 92.1 92.5 108.2 91.3 126.8 164.8 200.0 195.5 168.3 192.2 256.2 178.8 306.6 162.2 102.8 194.3 181.0 152.8 126.3 116.9 121.1 129.9 135.5 128.7 114.3 101.8 97.4 101.0
-9999.0 -9999.0 -9999.0 -9999.0 -9999.0 -9999.0 -9999.0 -9999.0 -9999.0 -9999.0 -9999.0 -9999.0 -9999.0 -9999.0 -9999.0 24.2 25.1 38.9 39.6 42.3 73.5 68.4 72.7 82.0 90.1 90.4 112.2 96.7 111.2 91.7 99.8 101.3 114.6 113.0 106.2 109.7 106.2 83.8 83.0 84.3 94.6 101.7 105.0 105.8 101.0 96.0 92.8 75.3 78.7 57.7 68.5 119.5 98.1 123.8 104.7 174.2 204.8 145.1 311.1 371.7 168.9 130.5 255.4 250.2 213.6 162.9 127.6 118.1 125.0 141.2 145.9 135.1 117.7 104.3 101.1 100.2
-9999.0 -9999.0 -9999.0 -9999.0 -9999.0 -9999.0 -9999.0 -9999.0 -9999.0 -9999.0 -9999.0 -9999.0 -9999.0 -9999.0 -9999.0 -9999.0 -9999.0 8.3 20.0 -9999.0 39.8 73.5 65.5 72.3 91.4 90.3 111.8 97.0 84.3 94.7 87.6 85.2 107.4 93.7 90.6 90.2 100.0 76.4 78.3 80.1 85.7 98.1 97.5 97.4 120.1 94.8 136.8 87.2 55.4 57.1 46.4 50.8 63.0 106.2 147.3 189.0 180.1 293.7 326.0 378.5 136.3 186.5 278.6 283.8 215.3 151.9 118.7 112.5 124.2 142.4 138.2 135.2 117.4 103.9 100.6 100.1
-9999.0 -9999.0 -9999.0 -9999.0 -9999.0 -9999.0 -9999.0 -9999.0 -9999.0 -9999.0 -9999.0 -9999.0 -9999.0 -9999.0 -9999.0 -9999.0 -9999.0 -9999.0 -9999.0 -9999.0 -9999.0 58.9 76.3 104.0 90.5 77.5 79.6 79.3 79.1 71.1 73.1 70.5 77.3 81.5 79.1 78.2 73.1 69.4 67.5 71.2 74.6 88.2 93.2 91.6 121.2 84.2 193.3 64.8 78.2 207.1 42.3 97.9 103.3 61.0 108.1 195.3 251.8 249.2 433.5 346.6 154.8 171.9 242.9 242.5 198.1 135.3 104.1 100.8 111.2 129.4 133.9 125.4 106.0 94.2 96.4 100.0
-9999.0 -9999.0 -9999.0 -9999.0 -9999.0 -9999.0 -9999.0 -9999.0 -9999.0 -9999.0 -9999.0 -9999.0 -9999.0 -9999.0 -9999.0 -9999.0 -9999.0 -9999.0 -9999.0 -9999.0 -9999.0 -9999.0 -9999.0 56.7 78.7 79.0 79.0 78.9 84.5 68.9 68.4 70.7 87.2 76.0 79.1 73.5 74.6 62.7 68.1 71.5 71.8 82.2 77.6 84.6 121.3 254.9 108.8 78.4 83.4 82.8 40.7 62.8 41.4 60.6 74.2 79.5 212.8 327.1 177.0 339.1 166.1 176.9 176.9 170.9 151.6 119.2 92.6 89.7 111.2 114.5 124.7 106.5 86.7 79.3 77.6 81.7
-9999.0 -9999.0 -9999.0 -9999.0 -9999.0 -9999.0 -9999.0 -9999.0 -9999.0 -9999.0 -9999.0 -9999.0 -9999.0 -9999.0 -9999.0 -9999.0 -9999.0 -9999.0 -9999.0 -9999.0 -9999.0 -9999.0 -9999.0 -9999.0 -9999.0 63.6 72.7 109.4 94.2 106.3 74.9 61.3 61.2 65.2 60.3 68.8 84.1 58.1 66.1 59.1 72.0 66.3 119.9 116.9 215.3 279.1 190.8 290.3 56.4 70.7 61.8 48.0 74.4 83.2 63.6 93.3 190.7 208.5 329.9 307.8 237.8 188.6 348.1 170.4 143.5 122.2 99.9 110.0 119.0 119.5 100.7 83.7 61.8 64.2 62.2 58.4
-9999.0 -9999.0 -9999.0 -9999.0 -9999.0 -9999.0 -9999.0 -9999.0 -9999.0 -9999.0 -9999.0 -9999.0 -9999.0 -9999.0 -9999.0 -9999.0 -9999.0 -9999.0 -9999.0 -9999.0 -9999.0 -9999.0 -9999.0 -9999.0 -9999.0 -9999.0 -9999.0 74.1 76.4 63.7 59.8 57.6 71.5 57.5 56.7 77.6 51.5 51.5 62.4 54.8 60.1 71.0 139.3 231.6 256.3 295.2 328.6 323.7 299.7 125.5 168.3 135.1 56.3 62.2 80.3 136.4 146.5 179.8 280.1 216.0 186.1 190.8 150.8 134.5 136.7 120.4 117.6 107.3 103.4 97.8 83.9 78.9 54.6 56.9 45.7 42.2
-9999.0 -9999.0 -9999.0 -9999.0 -9999.0 -9999.0 -9999.0 -9999.0 -9999.0 -9999.0 -9999.0 -9999.0 -9999.0 -9999.0 -9999.0 -9999.0 -9999.0 -9999.0 -9999.0 -9999.0 -9999.0 -9999.0 -9999.0 -9999.0 -9999.0 -9999.0 -9999.0 -9999.0 -9999.0 -9999.0 -9999.0 -9999.0 -9999.0 74.5 52.1 -9999.0 -9999.0 -9999.0 99.7 65.1 96.3 137.2 128.9 263.6 316.5 324.0 -9999.0 -9999.0 -9999.0 -9999.0 -9999.0 -9999.0 82.2 93.7 93.0 121.6 163.2 204.4 218.1 223.8 200.1 186.1 146.2 135.6 134.0 133.8 135.0 133.9 122.5 101.9 84.4 84.1 82.5 62.6 63.8 46.8
-9999.0 -9999.0 -9999.0 -9999.0 -9999.0 -9999.0 -9999.0 -9999.0 -9999.0 -9999.0 -9999.0 -9999.0 -9999.0 -9999.0 -9999.0 -9999.0 -9999.0 -9999.0 -9999.0 -9999.0 -9999.0 -9999.0 -9999.0 -9999.0 -9999.0 -9999.0 -9999.0 -9999.0 -9999.0 -9999.0 -9999.0 -9999.0 -9999.0 -9999.0 -9999.0 -9999.0 -9999.0 -9999.0 -9999.0 221.6 236.3 259.3 282.7 300.7 -9999.0 -9999.0 -9999.0 -9999.0 -9999.0 -9999.0 -9999.0 -9999.0 96.3 123.9 118.2 135.3 176.0 221.0 255.7 258.1 227.8 182.8 163.9 146.0 166.7 179.2 185.6 173.1 152.3 140.2 126.9 116.4 99.1 100.2 66.7 70.2
-9999.0 -9999.0 -9999.0 -9999.0 -9999.0 -9999.0 -9999.0 -9999.0 -9999.0 -9999.0 -9999.0 -9999.0 -9999.0 -9999.0 -9999.0 -9999.0 -9999.0 -9999.0 -9999.0 -9999.0 -9999.0 -9999.0 -9999.0 -9999.0 -9999.0 -9999.0 -9999.0 -9999.0 -9999.0 -9999.0 -9999.0 -9999.0 -9999.0 -9999.0 -9999.0 -9999.0 -9999.0 -9999.0 -9999.0 -9999.0 -9999.0 -9999.0 -9999.0 -9999.0 -9999.0 -9999.0 -9999.0 -9999.0 -9999.0 -9999.0 -9999.0 -9999.0 172.6 152.4 139.3 179.5 176.6 208.2 233.2 234.5 209.0 177.7 316.0 169.1 201.4 229.1 247.7 230.8 197.1 176.6 166.8 160.7 177.5 128.4 103.9 77.1
-9999.0 -9999.0 -9999.0 -9999.0 -9999.0 -9999.0 -9999.0 -9999.0 -9999.0 -9999.0 -9999.0 -9999.0 -9999.0 -9999.0 -9999.0 -9999.0 -9999.0 -9999.0 -9999.0 -9999.0 -9999.0 -9999.0 -9999.0 -9999.0 -9999.0 -9999.0 -9999.0 -9999.0 -9999.0 -9999.0 -9999.0 -9999.0 -9999.0 -9999.0 -9999.0 -9999.0 -9999.0 -9999.0 -9999.0 -9999.0 -9999.0 -9999.0 -9999.0 -9999.0 -9999.0 -9999.0 -9999.0 -9999.0 -9999.0 -9999.0 -9999.0 191.4 150.2 167.5 144.9 165.8 180.4 214.8 211.8 171.4 231.6 210.9 172.8 204.4 247.2 295.0 312.1 247.3 237.8 198.6 187.5 186.6 150.9 105.3 95.4 82.5
-9999.0 -9999.0 -9999.0 -9999.0 -9999.0 -9999.0 -9999.0 -9999.0 -9999.0 -9999.0 -9999.0 -9999.0 -9999.0 -9999.0 -9999.0 -9999.0 -9999.0 -9999.0 -9999.0 -9999.0 -9999.0 -9999.0 -9999.0 -9999.0 -9999.0 -9999.0 -9999.0 -9999.0 -9999.0 -9999.0 -9999.0 -9999.0 -9999.0 -9999.0 -9999.0 -9999.0 -9999.0 -9999.0 -9999.0 -9999.0 -9999.0 -9999.0 -9999.0 -9999.0 -9999.0 -9999.0 -9999.0 -9999.0 -9999.0 -9999.0 270.0 188.6 177.6 187.9 174.3 193.8 185.4 177.7 193.7 229.9 194.0 247.9 205.5 246.8 288.2 330.6 345.2 296.4 273.5 199.0 194.1 162.6 146.0 143.9 134.4 145.1
-9999.0 -9999.0 -9999.0 -9999.0 -9999.0 -9999.0 -9999.0 -9999.0 -9999.0 -9999.0 -9999.0 -9999.0 -9999.0 -9999.0 -9999.0 -9999.0 -9999.0 -9999.0 -9999.0 -9999.0 -9999.0 -9999.0 -9999.0 -9999.0 -9999.0 -9999.0 -9999.0 -9999.0 -9999.0 -9999.0 -9999.0 -9999.0 -9999.0 -9999.0 -9999.0 -9999.0 -9999.0 -9999.0 -9999.0 -9999.0 -9999.0 -9999.0 -9999.0 -9999.0 -9999.0 -9999.0 -9999.0 -9999.0 -9999.0 -9999.0 272.4 216.5 201.9 205.4 218.8 210.8 172.6 237.7 243.0 205.6 180.4 208.4 201.4 244.6 280.8 279.0 306.2 270.7 254.3 193.5 181.3 175.1 158.1 119.9 87.9 74.8
-9999.0 -9999.0 -9999.0 -9999.0 -9999.0 -9999.0 -9999.0 -9999.0 -9999.0 -9999.0 -9999.0 -9999.0 -9999.0 -9999.0 -9999.0 -9999.0 -9999.0 -9999.0 -9999.0 -9999.0 -9999.0 -9999.0 -9999.0 -9999.0 -9999.0 -9999.0 -9999.0 -9999.0 -9999.0 -9999.0 -9999.0 -9999.0 -9999.0 -9999.0 -9999.0 -9999.0 -9999.0 -9999.0 -9999.0 -9999.0 -9999.0 -9999.0 -9999.0 -9999.0 -9999.0 -9999.0 -9999.0 -9999.0 -9999.0 -9999.0 281.2 244.0 224.6 260.9 207.5 209.1 293.6 244.2 272.0 171.3 208.0 235.6 227.3 204.8 237.2 243.7 254.9 255.8 234.8 250.7 182.3 240.0 137.2 145.5 78.1 86.5
-9999.0 -9999.0 -9999.0 -9999.0 -9999.0 -9999.0 -9999.0 -9999.0 -9999.0 -9999.0 -9999.0 -9999.0 -9999.0 -9999.0 -9999.0 -9999.0 -9999.0 -9999.0 -9999.0 -9999.0 -9999.0 -9999.0 -9999.0 -9999.0 -9999.0 -9999.0 -9999.0 -9999.0 -9999.0 -9999.0 -9999.0 -9999.0 -9999.0 -9999.0 -9999.0 -9999.0 -9999.0 -9999.0 -9999.0 -9999.0 -9999.0 -9999.0 -9999.0 -9999.0 -9999.0 -9999.0 -9999.0 -9999.0 -9999.0 -9999.0 273.7 269.3 247.5 249.2 246.4 291.3 204.5 262.9 257.2 174.3 213.8 202.1 139.9 185.3 219.8 235.7 274.6 285.9 313.7 172.9 191.7 168.8 157.2 149.0 85.7 113.2
-9999.0 -9999.0 -9999.0 -9999.0 -9999.0 -9999.0 -9999.0 -9999.0 -9999.0 -9999.0 -9999.0 -9999.0 -9999.0 -9999.0 -9999.0 -9999.0 -9999.0 -9999.0 -9999.0 -9999.0 -9999.0 -9999.0 -9999.0 -9999.0 -9999.0 -9999.0 -9999.0 -9999.0 -9999.0 -9999.0 -9999.0 -9999.0 -9999.0 -9999.0 -9999.0 -9999.0 -9999.0 -9999.0 -9999.0 -9999.0 -9999.0 -9999.0 -9999.0 -9999.0 -9999.0 -9999.0 -9999.0 -9999.0 -9999.0 -9999.0 -9999.0 -9999.0 -9999.0 240.9 226.1 228.9 257.4 290.9 202.0 186.9 330.5 127.8 245.3 184.3 206.6 227.3 295.8 262.7 302.2 268.1 207.2 169.5 150.3 129.9 109.1 94.8
-9999.0 -9999.0 -9999.0 -9999.0 -9999.0 -9999.0 -9999.0 -9999.0 -9999.0 -9999.0 -9999.0 -9999.0 -9999.0 -9999.0 -9999.0 -9999.0 -9999.0 -9999.0 -9999.0 -9999.0 -9999.0 -9999.0 -9999.0 -9999.0 -9999.0 -9999.0 -9999.0 -9999.0 -9999.0 -9999.0 -9999.0 -9999.0 -9999.0 -9999.0 -9999.0 -9999.0 -9999.0 -9999.0 -9999.0 -9999.0 -9999.0 -9999.0 -9999.0 -9999.0 -9999.0 -9999.0 -9999.0 -9999.0 -9999.0 -9999.0 -9999.0 -9999.0 -9999.0 247.6 219.2 341.5 249.1 235.9 258.8 317.9 201.9 137.9 245.2 149.9 176.7 205.7 174.0 313.2 235.6 227.3 191.0 181.0 186.8 166.1 130.4 152.7
-9999.0 -9999.0 -9999.0 -9999.0 -9999.0 -9999.0 -9999.0 -9999.0 -9999.0 -9999.0 -9999.0 -9999.0 -9999.0 -9999.0 -9999.0 -9999.0 -9999.0 -9999.0 -9999.0 -9999.0 -9999.0 -9999.0 -9999.0 -9999.0 -9999.0 -9999.0 -9999.0 -9999.0 -9999.0 -9999.0 -9999.0 -9999.0 -9999.0 -9999.0 -9999.0 -9999.0 -9999.0 -9999.0 -9999.0 -9999.0 -9999.0 -9999.0 -9999.0 -9999.0 -9999.0 -9999.0 -9999.0 -9999.0 -9999.0 -9999.0 -9999.0 -9999.0 -9999.0 253.7 195.1 269.3 265.8 253.6 273.9 252.0 266.6 220.0 282.3 294.1 136.3 -9999.0 -9999.0 -9999.0 262.8 206.1 212.9 240.8 243.0 206.2 173.4 198.2
-9999.0 -9999.0 -9999.0 -9999.0 -9999.0 -9999.0 -9999.0 -9999.0 -9999.0 -9999.0 -9999.0 -9999.0 -9999.0 -9999.0 -9999.0 -9999.0 -9999.0 -9999.0 -9999.0 -9999.0 -9999.0 -9999.0 -9999.0 -9999.0 -9999.0 -9999.0 -9999.0 -9999.0 -9999.0 -9999.0 -9999.0 -9999.0 -9999.0 -9999.0 -9999.0 -9999.0 -9999.0 -9999.0 -9999.0 -9999.0 -9999.0 -9999.0 -9999.0 -9999.0 -9999.0 -9999.0 -9999.0 -9999.0 -9999.0 -9999.0 -9999.0 -9999.0 -9999.0 -9999.0 252.2 253.7 218.1 222.0 295.5 339.0 204.5 -9999.0 -9999.0 -9999.0 -9999.0 -9999.0 -9999.0 -9999.0 197.2 240.5 317.9 261.0 248.3 234.0 192.1 162.6
-9999.0 -9999.0 -9999.0 -9999.0 -9999.0 -9999.0 -9999.0 -9999.0 -9999.0 -9999.0 -9999.0 -9999.0 -9999.0 -9999.0 -9999.0 -9999.0 -9999.0 -9999.0 -9999.0 -9999.0 -9999.0 -9999.0 -9999.0 -9999.0 -9999.0 -9999.0 -9999.0 -9999.0 -9999.0 -9999.0 -9999.0 -9999.0 -9999.0 -9999.0 -9999.0 -9999.0 -9999.0 -9999.0 -9999.0 -9999.0 -9999.0 -9999.0 -9999.0 -9999.0 -9999.0 -9999.0 -9999.0 -9999.0 -9999.0 -9999.0 -9999.0 -9999.0 -9999.0 -9999.0 -9999.0 242.5 344.7 272.7 255.5 294.3 253.9 -9999.0 -9999.0 -9999.0 -9999.0 -9999.0 -9999.0 -9999.0 -9999.0 -9999.0 250.1 -9999.0 -9999.0 -9999.0 -9999.0 -9999.0
