program/excelProcessViaJava/data/SURF_CLI_CHN_PRE_MON_GRID_0.5-199301.txt
NCOLS      128
NROWS       72
XLLCORNER    72.000000000000    
YLLCORNER    18.000000000000    
CELLSIZE    0.50000000000000    
NODATA_VALUE   -9999.000    
[rows 35 to 69 of 72, columns 0 to 78 of 128]
-9999.0 -9999.0 -9999.0 -9999.0 -9999.0 -9999.0 -9999.0 3.9 4.0 2.1 3.7 2.4 0.7 0.5 0.3 2.0 0.3 1.4 2.5 1.5 0.4 0.4 0.6 0.7 0.9 1.2 1.6 2.2 2.8 4.0 4.5 5.0 5.2 5.8 6.5 5.0 5.7 4.0 4.3 3.3 0.8 2.2 1.4 0.7 0.9 1.9 1.7 2.4 3.5 5.7 8.3 8.4 6.0 11.5 7.8 1.9 2.0 2.6 5.8 4.3 8.5 3.9 4.0 4.7 6.3 6.6 7.8 8.6 7.9 8.8 7.7 7.4 9.0 9.5 8.1 8.4 6.9 7.2 7.1
-9999.0 -9999.0 -9999.0 -9999.0 -9999.0 -9999.0 -9999.0 10.8 3.0 3.6 3.2 1.5 1.2 1.5 0.5 1.2 0.2 0.2 0.4 0.3 0.4 0.5 0.6 0.9 1.1 1.4 1.8 2.7 2.9 3.5 5.1 5.9 6.5 8.0 6.8 6.6 5.4 5.2 3.8 2.4 1.7 1.2 1.3 3.2 1.2 1.2 1.7 2.5 6.0 6.6 13.5 12.2 7.3 7.9 13.4 3.6 3.2 4.9 9.0 12.2 11.1 10.3 7.6 9.0 8.4 8.0 8.1 8.2 10.3 7.3 7.7 8.2 9.2 10.2 8.5 11.0 9.7 7.1 6.5
-9999.0 -9999.0 -9999.0 -9999.0 -9999.0 -9999.0 -9999.0 -9999.0 -9999.0 3.8 2.5 1.5 1.8 1.1 0.5 0.3 0.3 1.0 0.3 0.6 0.4 0.5 0.7 0.9 1.1 1.5 1.9 2.5 3.1 4.6 4.8 6.0 6.9 8.2 7.3 7.0 6.1 5.4 3.8 3.0 1.9 1.7 1.4 1.5 2.3 2.8 3.6 4.6 6.9 9.2 12.8 11.4 10.0 9.5 16.8 7.7 4.8 6.3 12.9 13.9 14.6 15.9 14.8 9.7 9.2 8.3 7.8 7.9 10.8 7.5 7.8 7.1 8.1 10.2 12.5 9.9 8.9 7.3 6.9
-9999.0 -9999.0 -9999.0 -9999.0 -9999.0 -9999.0 -9999.0 -9999.0 -9999.0 -9999.0 -9999.0 2.9 1.1 1.4 0.6 0.5 0.3 0.2 0.2 0.2 0.3 0.4 0.5 0.7 1.0 1.3 1.9 2.6 3.4 4.3 5.4 7.4 7.7 8.5 8.5 10.1 7.6 6.5 8.3 3.9 3.7 2.5 2.3 2.7 5.1 4.2 8.4 7.4 11.0 12.6 11.2 11.4 11.7 15.6 22.6 17.8 11.6 13.6 13.0 13.4 15.7 13.4 10.8 7.9 8.1 6.9 5.8 7.3 8.7 8.0 6.5 6.8 7.0 8.5 9.7 10.6 9.9 8.7 7.5
-9999.0 -9999.0 -9999.0 -9999.0 -9999.0 -9999.0 -9999.0 -9999.0 -9999.0 -9999.0 -9999.0 -9999.0 1.3 0.8 0.8 0.4 0.6 0.2 0.2 0.3 0.3 0.3 0.4 0.6 1.1 1.1 1.6 2.2 3.1 4.8 5.6 6.9 8.2 10.1 10.8 10.2 12.2 8.3 6.0 4.4 3.6 3.6 4.2 6.0 7.2 9.0 11.6 9.4 12.2 14.7 19.5 17.3 13.6 13.4 18.1 21.0 20.1 22.4 9.4 15.9 13.2 15.5 14.1 9.3 5.8 9.5 6.8 8.3 8.8 8.2 4.8 5.1 6.4 8.3 10.8 17.2 15.2 12.2 9.4
-9999.0 -9999.0 -9999.0 -9999.0 -9999.0 -9999.0 -9999.0 -9999.0 -9999.0 -9999.0 -9999.0 -9999.0 2.6 1.0 0.9 0.4 0.3 0.2 0.1 0.1 0.1 0.2 0.2 0.4 0.8 0.8 1.2 1.9 2.5 3.7 5.1 7.2 8.4 9.6 11.0 10.7 12.2 11.1 8.4 6.4 5.1 5.5 8.5 9.3 13.2 17.4 15.4 14.5 11.9 16.3 14.7 14.3 10.3 14.2 12.5 18.2 14.5 15.7 9.5 10.1 10.7 11.4 14.5 16.8 6.8 8.4 2.8 4.4 6.1 7.5 9.4 15.0 17.8 13.2 15.1 15.6 15.5 18.2 15.1
-9999.0 -9999.0 -9999.0 -9999.0 -9999.0 -9999.0 -9999.0 -9999.0 -9999.0 -9999.0 -9999.0 -9999.0 -9999.0 1.1 0.9 0.7 0.2 0.2 0.2 0.2 0.1 0.2 0.1 0.4 0.5 0.4 0.7 1.2 1.9 2.9 4.2 5.7 8.0 9.8 9.8 10.5 10.6 10.6 15.2 9.3 7.8 9.5 11.7 17.6 19.3 20.8 23.7 25.1 23.9 19.9 15.5 8.8 7.3 21.3 19.2 18.0 13.9 16.0 24.8 18.0 18.0 15.6 17.9 11.1 7.0 6.8 8.1 7.4 10.3 11.2 12.0 11.7 12.8 15.3 21.1 19.0 19.5 19.9 22.7
-9999.0 -9999.0 -9999.0 -9999.0 -9999.0 -9999.0 -9999.0 -9999.0 -9999.0 -9999.0 -9999.0 -9999.0 2.2 2.0 1.0 0.6 0.3 0.2 0.1 0.3 0.3 0.3 0.2 0.3 0.4 0.2 0.4 0.7 1.2 1.9 3.1 4.6 6.7 7.8 9.3 9.5 11.2 8.9 7.8 7.2 11.5 16.8 22.8 19.5 25.2 28.2 26.8 22.5 21.2 17.8 17.7 17.9 8.5 13.7 13.5 15.5 21.1 9.4 17.7 17.0 21.1 25.9 22.7 25.4 14.7 9.8 4.8 6.9 14.1 18.0 17.4 14.2 12.6 10.9 11.8 14.9 19.1 26.9 33.3
-9999.0 -9999.0 -9999.0 -9999.0 -9999.0 -9999.0 -9999.0 -9999.0 -9999.0 -9999.0 -9999.0 -9999.0 3.5 2.5 1.4 1.3 0.5 0.4 0.3 0.1 0.4 0.1 0.2 0.2 0.4 0.5 0.4 0.5 0.7 1.3 2.1 3.1 4.8 5.8 6.7 7.5 7.2 7.2 6.2 4.5 5.7 8.9 14.7 21.4 26.0 28.4 32.2 28.2 23.5 12.0 9.1 12.1 7.1 8.0 11.6 13.4 17.9 21.3 19.5 28.4 33.8 38.8 22.9 15.8 11.6 8.9 9.1 8.5 11.0 15.3 15.6 13.5 14.5 23.6 33.6 26.3 23.7 31.4 37.9
-9999.0 -9999.0 -9999.0 -9999.0 -9999.0 -9999.0 -9999.0 -9999.0 -9999.0 -9999.0 -9999.0 -9999.0 6.2 2.9 2.9 1.5 1.1 0.5 0.3 0.2 0.1 0.1 0.2 0.1 0.2 0.1 0.1 0.1 0.3 0.5 1.0 1.7 2.8 3.9 4.5 5.0 5.1 4.9 3.9 4.2 4.7 8.7 18.5 18.3 22.8 28.9 29.6 19.8 11.4 10.1 8.9 5.0 21.2 24.2 16.3 12.5 17.6 22.0 26.3 23.1 26.1 28.4 46.0 14.1 5.1 12.4 9.6 9.4 10.8 12.1 14.5 19.3 23.2 35.4 71.7 48.2 66.2 33.8 42.0
-9999.0 -9999.0 -9999.0 -9999.0 -9999.0 -9999.0 -9999.0 -9999.0 -9999.0 -9999.0 -9999.0 -9999.0 -9999.0 6.5 3.7 2.6 1.6 1.4 0.6 0.5 0.5 0.3 0.2 0.1 0.2 0.1 0.1 0.1 0.1 0.2 0.2 0.6 1.3 2.1 2.7 4.5 4.7 3.6 3.6 3.4 5.2 15.2 24.2 24.2 16.1 13.7 16.9 4.5 12.8 9.9 3.9 10.4 7.4 4.4 13.9 16.2 9.9 13.0 21.5 37.6 34.8 68.4 34.8 4.4 9.9 8.1 7.0 7.3 8.2 12.1 17.0 21.7 29.4 27.9 38.7 35.1 34.4 38.9 49.8
-9999.0 -9999.0 -9999.0 -9999.0 -9999.0 -9999.0 -9999.0 -9999.0 -9999.0 -9999.0 -9999.0 -9999.0 -9999.0 14.0 5.7 4.6 3.1 3.0 2.2 1.5 1.2 0.8 0.6 0.4 0.8 0.2 0.1 0.1 0.0 0.0 0.0 0.1 0.3 0.8 1.9 2.8 2.5 3.1 4.7 12.5 8.7 14.2 19.4 20.4 31.0 12.4 8.9 1.5 3.0 3.4 6.6 1.0 5.0 10.5 14.9 10.0 4.7 7.8 18.6 11.2 31.7 11.6 4.1 13.7 9.0 5.9 5.7 7.8 10.2 14.6 22.8 29.1 32.0 35.7 40.9 48.9 62.6 47.6 58.6
-9999.0 -9999.0 -9999.0 -9999.0 -9999.0 -9999.0 -9999.0 -9999.0 -9999.0 -9999.0 -9999.0 -9999.0 -9999.0 -9999.0 -9999.0 8.0 7.3 5.0 4.9 5.1 2.8 2.7 2.4 1.6 0.8 0.4 0.1 0.0 0.0 0.0 0.0 0.0 0.2 0.5 0.7 3.8 6.8 2.0 4.4 7.4 15.0 20.0 20.0 15.8 5.1 1.2 3.1 0.1 1.8 0.3 1.3 11.0 2.4 3.2 0.1 2.7 3.5 0.3 18.1 30.9 6.7 2.2 18.5 15.4 10.2 7.4 8.8 13.8 16.5 23.1 31.8 35.6 40.8 43.3 47.7 64.0 65.1 76.0 66.1
-9999.0 -9999.0 -9999.0 -9999.0 -9999.0 -9999.0 -9999.0 -9999.0 -9999.0 -9999.0 -9999.0 -9999.0 -9999.0 -9999.0 -9999.0 -9999.0 -9999.0 109.9 33.0 -9999.0 18.0 6.4 8.5 6.7 2.6 1.5 0.5 0.1 0.0 0.0 0.0 0.0 0.1 0.0 0.1 0.5 7.3 0.6 4.1 7.8 12.4 20.8 15.3 8.9 3.8 0.4 16.7 5.6 0.3 1.6 2.6 1.1 2.4 3.5 4.2 4.0 0.5 10.1 15.6 26.9 0.3 4.1 15.8 15.9 10.2 8.5 12.2 18.2 22.7 30.3 35.6 46.5 51.3 48.3 58.9 72.3 70.2 67.4 71.3
-9999.0 -9999.0 -9999.0 -9999.0 -9999.0 -9999.0 -9999.0 -9999.0 -9999.0 -9999.0 -9999.0 -9999.0 -9999.0 -9999.0 -9999.0 -9999.0 -9999.0 -9999.0 -9999.0 -9999.0 -9999.0 19.8 13.3 8.6 7.4 9.6 4.7 1.4 0.1 0.0 0.0 0.0 0.0 0.0 0.1 0.4 0.6 0.9 1.2 3.0 5.2 17.1 16.0 8.0 3.0 0.7 71.1 0.7 9.1 86.9 4.0 18.9 16.2 2.9 3.7 8.5 9.1 5.4 35.1 24.6 0.6 2.4 10.0 10.7 10.0 11.0 16.1 22.5 28.3 35.5 42.1 49.0 50.2 49.6 58.4 66.0 65.5 65.3 75.1
-9999.0 -9999.0 -9999.0 -9999.0 -9999.0 -9999.0 -9999.0 -9999.0 -9999.0 -9999.0 -9999.0 -9999.0 -9999.0 -9999.0 -9999.0 -9999.0 -9999.0 -9999.0 -9999.0 -9999.0 -9999.0 -9999.0 -9999.0 70.3 23.8 20.0 13.2 5.3 0.7 0.1 0.0 0.0 1.2 0.8 3.2 3.8 8.4 3.1 11.3 16.5 13.3 18.7 4.6 0.8 3.9 129.7 9.3 7.4 27.8 50.8 18.4 19.5 18.8 15.5 9.7 3.3 10.5 23.1 7.2 28.3 4.0 7.3 9.6 9.0 11.1 14.4 20.9 27.5 32.1 36.9 45.6 47.1 47.1 54.6 54.9 60.2 67.9 72.8 83.9
-9999.0 -9999.0 -9999.0 -9999.0 -9999.0 -9999.0 -9999.0 -9999.0 -9999.0 -9999.0 -9999.0 -9999.0 -9999.0 -9999.0 -9999.0 -9999.0 -9999.0 -9999.0 -9999.0 -9999.0 -9999.0 -9999.0 -9999.0 -9999.0 -9999.0 157.3 51.7 11.3 5.9 6.9 1.4 1.3 2.1 3.9 4.2 13.2 34.7 11.2 25.4 13.9 26.3 6.4 10.9 5.8 75.3 165.2 85.5 252.2 12.5 52.3 29.1 34.8 41.2 41.1 28.2 18.6 21.0 15.3 30.3 28.4 20.8 15.8 36.5 9.9 13.8 19.3 27.6 31.8 35.4 42.6 41.4 42.3 39.4 56.2 62.2 59.4 62.6 75.2 95.4
-9999.0 -9999.0 -9999.0 -9999.0 -9999.0 -9999.0 -9999.0 -9999.0 -9999.0 -9999.0 -9999.0 -9999.0 -9999.0 -9999.0 -9999.0 -9999.0 -9999.0 -9999.0 -9999.0 -9999.0 -9999.0 -9999.0 -9999.0 -9999.0 -9999.0 -9999.0 -9999.0 210.1 176.5 37.4 22.8 17.6 15.0 16.9 16.8 30.1 14.6 14.1 9.6 12.8 18.2 3.2 23.8 96.6 125.7 187.2 256.7 289.7 311.5 151.0 283.0 284.0 76.5 75.7 54.2 44.7 19.1 10.6 27.1 12.5 5.4 19.2 12.3 15.9 16.4 20.0 30.8 32.6 32.2 36.4 39.1 50.2 41.6 56.9 56.2 57.9 75.5 80.2 74.5
-9999.0 -9999.0 -9999.0 -9999.0 -9999.0 -9999.0 -9999.0 -9999.0 -9999.0 -9999.0 -9999.0 -9999.0 -9999.0 -9999.0 -9999.0 -9999.0 -9999.0 -9999.0 -9999.0 -9999.0 -9999.0 -9999.0 -9999.0 -9999.0 -9999.0 -9999.0 -9999.0 -9999.0 -9999.0 -9999.0 -9999.0 -9999.0 -9999.0 73.2 33.3 -9999.0 -9999.0 -9999.0 40.5 17.2 20.9 36.1 23.3 136.7 200.2 218.6 -9999.0 -9999.0 -9999.0 -9999.0 -9999.0 -9999.0 148.3 81.4 62.6 29.0 15.8 6.5 6.8 5.1 9.2 17.7 16.4 17.1 15.3 16.9 25.0 34.0 35.5 34.7 36.7 50.8 59.7 56.5 70.0 63.6 86.3 73.6 73.7
-9999.0 -9999.0 -9999.0 -9999.0 -9999.0 -9999.0 -9999.0 -9999.0 -9999.0 -9999.0 -9999.0 -9999.0 -9999.0 -9999.0 -9999.0 -9999.0 -9999.0 -9999.0 -9999.0 -9999.0 -9999.0 -9999.0 -9999.0 -9999.0 -9999.0 -9999.0 -9999.0 -9999.0 -9999.0 -9999.0 -9999.0 -9999.0 -9999.0 -9999.0 -9999.0 -9999.0 -9999.0 -9999.0 -9999.0 180.7 168.2 170.8 177.8 184.6 -9999.0 -9999.0 -9999.0 -9999.0 -9999.0 -9999.0 -9999.0 -9999.0 118.4 85.3 54.2 22.9 9.5 5.8 4.9 6.3 10.1 15.7 18.1 17.0 14.9 17.3 24.6 29.4 31.5 41.3 47.5 48.9 48.9 65.9 66.0 75.0 83.8 84.0 95.0
-9999.0 -9999.0 -9999.0 -9999.0 -9999.0 -9999.0 -9999.0 -9999.0 -9999.0 -9999.0 -9999.0 -9999.0 -9999.0 -9999.0 -9999.0 -9999.0 -9999.0 -9999.0 -9999.0 -9999.0 -9999.0 -9999.0 -9999.0 -9999.0 -9999.0 -9999.0 -9999.0 -9999.0 -9999.0 -9999.0 -9999.0 -9999.0 -9999.0 -9999.0 -9999.0 -9999.0 -9999.0 -9999.0 -9999.0 -9999.0 -9999.0 -9999.0 -9999.0 -9999.0 -9999.0 -9999.0 -9999.0 -9999.0 -9999.0 -9999.0 -9999.0 -9999.0 103.8 82.5 48.5 40.3 16.6 11.4 10.3 12.0 13.8 17.3 37.3 19.5 19.9 23.1 23.3 23.1 27.4 34.9 40.5 43.9 67.0 63.3 74.8 78.9 93.7 98.4 105.8
-9999.0 -9999.0 -9999.0 -9999.0 -9999.0 -9999.0 -9999.0 -9999.0 -9999.0 -9999.0 -9999.0 -9999.0 -9999.0 -9999.0 -9999.0 -9999.0 -9999.0 -9999.0 -9999.0 -9999.0 -9999.0 -9999.0 -9999.0 -9999.0 -9999.0 -9999.0 -9999.0 -9999.0 -9999.0 -9999.0 -9999.0 -9999.0 -9999.0 -9999.0 -9999.0 -9999.0 -9999.0 -9999.0 -9999.0 -9999.0 -9999.0 -9999.0 -9999.0 -9999.0 -9999.0 -9999.0 -9999.0 -9999.0 -9999.0 -9999.0 -9999.0 82.3 68.8 72.4 41.1 39.3 31.5 27.9 22.1 14.7 22.2 22.8 23.3 25.5 28.4 31.1 26.0 25.1 25.2 29.2 34.7 40.9 45.0 55.0 69.3 80.9 97.9 103.1 110.4
-9999.0 -9999.0 -9999.0 -9999.0 -9999.0 -9999.0 -9999.0 -9999.0 -9999.0 -9999.0 -9999.0 -9999.0 -9999.0 -9999.0 -9999.0 -9999.0 -9999.0 -9999.0 -9999.0 -9999.0 -9999.0 -9999.0 -9999.0 -9999.0 -9999.0 -9999.0 -9999.0 -9999.0 -9999.0 -9999.0 -9999.0 -9999.0 -9999.0 -9999.0 -9999.0 -9999.0 -9999.0 -9999.0 -9999.0 -9999.0 -9999.0 -9999.0 -9999.0 -9999.0 -9999.0 -9999.0 -9999.0 -9999.0 -9999.0 -9999.0 86.8 67.6 67.8 69.4 56.5 57.3 47.1 35.2 29.9 25.6 21.1 28.2 27.2 31.9 35.9 36.8 32.1 30.3 30.3 31.4 37.4 41.0 47.9 59.3 72.5 86.2 91.1 100.2 99.1
-9999.0 -9999.0 -9999.0 -9999.0 -9999.0 -9999.0 -9999.0 -9999.0 -9999.0 -9999.0 -9999.0 -9999.0 -9999.0 -9999.0 -9999.0 -9999.0 -9999.0 -9999.0 -9999.0 -9999.0 -9999.0 -9999.0 -9999.0 -9999.0 -9999.0 -9999.0 -9999.0 -9999.0 -9999.0 -9999.0 -9999.0 -9999.0 -9999.0 -9999.0 -9999.0 -9999.0 -9999.0 -9999.0 -9999.0 -9999.0 -9999.0 -9999.0 -9999.0 -9999.0 -9999.0 -9999.0 -9999.0 -9999.0 -9999.0 -9999.0 68.2 68.8 48.4 67.8 72.0 66.6 34.5 49.4 33.6 20.8 18.7 24.4 28.4 35.5 38.2 38.4 36.7 38.8 38.1 39.9 46.5 53.7 58.7 62.3 70.6 81.8 87.3 87.4 81.7
-9999.0 -9999.0 -9999.0 -9999.0 -9999.0 -9999.0 -9999.0 -9999.0 -9999.0 -9999.0 -9999.0 -9999.0 -9999.0 -9999.0 -9999.0 -9999.0 -9999.0 -9999.0 -9999.0 -9999.0 -9999.0 -9999.0 -9999.0 -9999.0 -9999.0 -9999.0 -9999.0 -9999.0 -9999.0 -9999.0 -9999.0 -9999.0 -9999.0 -9999.0 -9999.0 -9999.0 -9999.0 -9999.0 -9999.0 -9999.0 -9999.0 -9999.0 -9999.0 -9999.0 -9999.0 -9999.0 -9999.0 -9999.0 -9999.0 -9999.0 60.2 49.5 41.3 70.7 55.7 54.1 62.5 42.0 30.2 16.8 19.1 28.3 35.3 35.9 38.9 34.6 36.6 41.4 46.0 58.2 61.0 77.4 71.2 71.6 68.8 75.0 77.2 73.6 63.9
-9999.0 -9999.0 -9999.0 -9999.0 -9999.0 -9999.0 -9999.0 -9999.0 -9999.0 -9999.0 -9999.0 -9999.0 -9999.0 -9999.0 -9999.0 -9999.0 -9999.0 -9999.0 -9999.0 -9999.0 -9999.0 -9999.0 -9999.0 -9999.0 -9999.0 -9999.0 -9999.0 -9999.0 -9999.0 -9999.0 -9999.0 -9999.0 -9999.0 -9999.0 -9999.0 -9999.0 -9999.0 -9999.0 -9999.0 -9999.0 -9999.0 -9999.0 -9999.0 -9999.0 -9999.0 -9999.0 -9999.0 -9999.0 -9999.0 -9999.0 48.8 47.7 41.5 44.4 44.3 50.2 27.1 28.9 20.1 14.0 18.9 28.2 27.2 41.1 46.0 42.0 44.7 50.8 68.9 52.0 69.4 74.6 75.7 67.2 55.8 59.2 61.0 56.4 49.5
-9999.0 -9999.0 -9999.0 -9999.0 -9999.0 -9999.0 -9999.0 -9999.0 -9999.0 -9999.0 -9999.0 -9999.0 -9999.0 -9999.0 -9999.0 -9999.0 -9999.0 -9999.0 -9999.0 -9999.0 -9999.0 -9999.0 -9999.0 -9999.0 -9999.0 -9999.0 -9999.0 -9999.0 -9999.0 -9999.0 -9999.0 -9999.0 -9999.0 -9999.0 -9999.0 -9999.0 -9999.0 -9999.0 -9999.0 -9999.0 -9999.0 -9999.0 -9999.0 -9999.0 -9999.0 -9999.0 -9999.0 -9999.0 -9999.0 -9999.0 -9999.0 -9999.0 -9999.0 18.7 15.5 16.1 17.1 15.0 7.9 7.8 24.1 18.4 51.5 46.5 51.2 50.0 61.2 56.5 77.5 75.9 61.1 53.7 48.4 40.6 36.5 38.1 42.3 42.0 40.8
-9999.0 -9999.0 -9999.0 -9999.0 -9999.0 -9999.0 -9999.0 -9999.0 -9999.0 -9999.0 -9999.0 -9999.0 -9999.0 -9999.0 -9999.0 -9999.0 -9999.0 -9999.0 -9999.0 -9999.0 -9999.0 -9999.0 -9999.0 -9999.0 -9999.0 -9999.0 -9999.0 -9999.0 -9999.0 -9999.0 -9999.0 -9999.0 -9999.0 -9999.0 -9999.0 -9999.0 -9999.0 -9999.0 -9999.0 -9999.0 -9999.0 -9999.0 -9999.0 -9999.0 -9999.0 -9999.0 -9999.0 -9999.0 -9999.0 -9999.0 -9999.0 -9999.0 -9999.0 6.8 4.1 9.8 5.1 4.1 2.8 5.0 5.9 14.2 43.2 36.5 45.0 48.8 37.6 71.1 50.8 46.2 32.5 26.4 23.3 19.5 18.8 25.4 28.7 33.5 36.2
-9999.0 -9999.0 -9999.0 -9999.0 -9999.0 -9999.0 -9999.0 -9999.0 -9999.0 -9999.0 -9999.0 -9999.0 -9999.0 -9999.0 -9999.0 -9999.0 -9999.0 -9999.0 -9999.0 -9999.0 -9999.0 -9999.0 -9999.0 -9999.0 -9999.0 -9999.0 -9999.0 -9999.0 -9999.0 -9999.0 -9999.0 -9999.0 -9999.0 -9999.0 -9999.0 -9999.0 -9999.0 -9999.0 -9999.0 -9999.0 -9999.0 -9999.0 -9999.0 -9999.0 -9999.0 -9999.0 -9999.0 -9999.0 -9999.0 -9999.0 -9999.0 -9999.0 -9999.0 1.9 0.9 1.3 1.7 1.7 1.0 1.0 3.9 12.6 35.6 54.6 32.8 -9999.0 -9999.0 -9999.0 41.8 21.7 17.3 15.9 11.8 8.8 10.5 18.0 21.2 27.2 40.5
-9999.0 -9999.0 -9999.0 -9999.0 -9999.0 -9999.0 -9999.0 -9999.0 -9999.0 -9999.0 -9999.0 -9999.0 -9999.0 -9999.0 -9999.0 -9999.0 -9999.0 -9999.0 -9999.0 -9999.0 -9999.0 -9999.0 -9999.0 -9999.0 -9999.0 -9999.0 -9999.0 -9999.0 -9999.0 -9999.0 -9999.0 -9999.0 -9999.0 -9999.0 -9999.0 -9999.0 -9999.0 -9999.0 -9999.0 -9999.0 -9999.0 -9999.0 -9999.0 -9999.0 -9999.0 -9999.0 -9999.0 -9999.0 -9999.0 -9999.0 -9999.0 -9999.0 -9999.0 -9999.0 0.2 0.3 0.9 1.6 0.9 1.5 4.3 -9999.0 -9999.0 -9999.0 -9999.0 -9999.0 -9999.0 -9999.0 15.8 15.7 20.7 9.4 6.4 5.9 7.1 10.3 15.8 20.8 27.3
-9999.0 -9999.0 -9999.0 -9999.0 -9999.0 -9999.0 -9999.0 -9999.0 -9999.0 -9999.0 -9999.0 -9999.0 -9999.0 -9999.0 -9999.0 -9999.0 -9999.0 -9999.0 -9999.0 -9999.0 -9999.0 -9999.0 -9999.0 -9999.0 -9999.0 -9999.0 -9999.0 -9999.0 -9999.0 -9999.0 -9999.0 -9999.0 -9999.0 -9999.0 -9999.0 -9999.0 -9999.0 -9999.0 -9999.0 -9999.0 -9999.0 -9999.0 -9999.0 -9999.0 -9999.0 -9999.0 -9999.0 -9999.0 -9999.0 -9999.0 -9999.0 -9999.0 -9999.0 -9999.0 -9999.0 0.1 0.5 0.9 1.5 2.0 4.3 -9999.0 -9999.0 -9999.0 -9999.0 -9999.0 -9999.0 -9999.0 -9999.0 -9999.0 7.5 -9999.0 -9999.0 -9999.0 -9999.0 -9999.0 9.7 -9999.0 -9999.0
-9999.0 -9999.0 -9999.0 -9999.0 -9999.0 -9999.0 -9999.0 -9999.0 -9999.0 -9999.0 -9999.0 -9999.0 -9999.0 -9999.0 -9999.0 -9999.0 -9999.0 -9999.0 -9999.0 -9999.0 -9999.0 -9999.0 -9999.0 -9999.0 -9999.0 -9999.0 -9999.0 -9999.0 -9999.0 -9999.0 -9999.0 -9999.0 -9999.0 -9999.0 -9999.0 -9999.0 -9999.0 -9999.0 -9999.0 -9999.0 -9999.0 -9999.0 -9999.0 -9999.0 -9999.0 -9999.0 -9999.0 -9999.0 -9999.0 -9999.0 -9999.0 -9999.0 -9999.0 -9999.0 -9999.0 -9999.0 -9999.0 -9999.0 1.4 2.5 -9999.0 -9999.0 -9999.0 -9999.0 -9999.0 -9999.0 -9999.0 -9999.0 -9999.0 -9999.0 -9999.0 -9999.0 -9999.0 -9999.0 -9999.0 6.7 8.2 -9999.0 -9999.0
-9999.0 -9999.0 -9999.0 -9999.0 -9999.0 -9999.0 -9999.0 -9999.0 -9999.0 -9999.0 -9999.0 -9999.0 -9999.0 -9999.0 -9999.0 -9999.0 -9999.0 -9999.0 -9999.0 -9999.0 -9999.0 -9999.0 -9999.0 -9999.0 -9999.0 -9999.0 -9999.0 -9999.0 -9999.0 -9999.0 -9999.0 -9999.0 -9999.0 -9999.0 -9999.0 -9999.0 -9999.0 -9999.0 -9999.0 -9999.0 -9999.0 -9999.0 -9999.0 -9999.0 -9999.0 -9999.0 -9999.0 -9999.0 -9999.0 -9999.0 -9999.0 -9999.0 -9999.0 -9999.0 -9999.0 -9999.0 -9999.0 -9999.0 -9999.0 -9999.0 -9999.0 -9999.0 -9999.0 -9999.0 -9999.0 -9999.0 -9999.0 -9999.0 -9999.0 -9999.0 -9999.0 -9999.0 -9999.0 -9999.0 -9999.0 -9999.0 -9999.0 -9999.0 -9999.0
-9999.0 -9999.0 -9999.0 -9999.0 -9999.0 -9999.0 -9999.0 -9999.0 -9999.0 -9999.0 -9999.0 -9999.0 -9999.0 -9999.0 -9999.0 -9999.0 -9999.0 -9999.0 -9999.0 -9999.0 -9999.0 -9999.0 -9999.0 -9999.0 -9999.0 -9999.0 -9999.0 -9999.0 -9999.0 -9999.0 -9999.0 -9999.0 -9999.0 -9999.0 -9999.0 -9999.0 -9999.0 -9999.0 -9999.0 -9999.0 -9999.0 -9999.0 -9999.0 -9999.0 -9999.0 -9999.0 -9999.0 -9999.0 -9999.0 -9999.0 -9999.0 -9999.0 -9999.0 -9999.0 -9999.0 -9999.0 -9999.0 -9999.0 -9999.0 -9999.0 -9999.0 -9999.0 -9999.0 -9999.0 -9999.0 -9999.0 -9999.0 -9999.0 -9999.0 -9999.0 -9999.0 -9999.0 -9999.0 -9999.0 -9999.0 11.4 12.9 12.2 -9999.0
-9999.0 -9999.0 -9999.0 -9999.0 -9999.0 -9999.0 -9999.0 -9999.0 -9999.0 -9999.0 -9999.0 -9999.0 -9999.0 -9999.0 -9999.0 -9999.0 -9999.0 -9999.0 -9999.0 -9999.0 -9999.0 -9999.0 -9999.0 -9999.0 -9999.0 -9999.0 -9999.0 -9999.0 -9999.0 -9999.0 -9999.0 -9999.0 -9999.0 -9999.0 -9999.0 -9999.0 -9999.0 -9999.0 -9999.0 -9999.0 -9999.0 -9999.0 -9999.0 -9999.0 -9999.0 -9999.0 -9999.0 -9999.0 -9999.0 -9999.0 -9999.0 -9999.0 -9999.0 -9999.0 -9999.0 -9999.0 -9999.0 -9999.0 -9999.0 -9999.0 -9999.0 -9999.0 -9999.0 -9999.0 -9999.0 -9999.0 -9999.0 -9999.0 -9999.0 -9999.0 -9999.0 -9999.0 -9999.0 1.5 8.4 9.1 10.6 -9999.0 -9999.0
