program/excelProcessViaJava/data/SURF_CLI_CHN_PRE_MON_GRID_0.5-200408.txt
NCOLS      128
NROWS       72
XLLCORNER    72.000000000000    
YLLCORNER    18.000000000000    
CELLSIZE    0.50000000000000    
NODATA_VALUE   -9999.000    
[rows 33 to 65 of 72, columns 0 to 74 of 128]
-9999.0 -9999.0 -9999.0 -9999.0 9.9 11.0 12.6 13.7 15.0 10.2 12.6 11.0 8.8 5.6 4.9 4.4 2.9 1.9 1.9 3.3 6.3 10.0 12.1 14.4 15.3 17.2 18.0 46.9 29.9 31.7 33.4 28.9 26.4 31.0 20.5 20.7 19.0 43.3 39.1 25.6 14.4 11.7 12.5 11.4 10.8 11.0 14.4 25.9 42.7 51.4 67.1 83.0 82.4 86.0 66.8 76.8 87.1 116.2 120.1 136.7 125.9 100.3 82.6 52.5 39.3 51.1 60.4 58.2 66.3 69.1 82.5 100.8 113.1 115.8 111.9
-9999.0 -9999.0 -9999.0 -9999.0 6.7 7.4 8.9 9.1 12.5 14.6 11.2 18.5 17.6 19.3 8.7 8.3 7.7 3.2 2.0 3.3 9.5 16.2 22.1 31.7 40.6 44.3 38.1 37.3 34.8 33.4 31.7 35.1 29.8 29.4 31.7 28.0 38.1 48.4 36.3 26.1 43.9 20.3 19.0 13.8 12.0 10.9 11.7 15.4 23.1 37.2 49.8 59.0 74.1 60.5 54.9 64.1 75.6 93.4 108.2 74.5 103.6 71.0 60.4 55.6 44.2 41.8 65.3 69.1 79.2 95.6 106.4 123.1 129.1 120.8 103.7
-9999.0 -9999.0 -9999.0 -9999.0 -9999.0 -9999.0 -9999.0 6.7 8.7 9.4 13.4 15.6 14.9 17.9 19.6 6.6 14.3 8.0 7.5 16.1 28.8 35.6 37.9 38.4 38.3 37.6 38.2 37.9 37.4 39.3 38.4 37.5 36.3 38.7 43.5 39.3 51.3 50.2 66.7 75.0 46.8 94.3 90.1 63.9 37.1 17.6 26.0 24.6 37.0 32.4 36.3 44.1 52.3 87.1 79.6 53.7 58.1 66.7 109.8 84.8 110.9 73.3 59.6 53.9 59.9 55.9 76.3 93.5 101.2 113.9 125.3 136.5 132.0 117.5 98.8
-9999.0 -9999.0 -9999.0 -9999.0 -9999.0 -9999.0 -9999.0 5.7 5.2 8.0 10.1 11.0 13.7 17.2 17.6 22.5 21.0 22.4 28.1 26.8 29.1 33.5 34.5 36.0 36.4 36.8 36.6 38.9 36.5 35.7 39.8 40.6 41.2 47.6 44.4 48.3 49.3 60.8 66.2 69.7 79.8 86.8 97.6 130.8 81.0 48.2 59.8 63.2 95.3 75.4 105.9 85.2 51.1 59.5 88.6 59.6 68.6 90.7 119.0 129.0 109.0 95.7 73.7 67.1 63.0 72.7 87.4 98.0 117.0 115.4 128.6 131.5 119.2 105.6 86.3
-9999.0 -9999.0 -9999.0 -9999.0 -9999.0 -9999.0 -9999.0 -9999.0 -9999.0 6.1 7.4 8.4 11.9 13.8 14.8 15.8 19.6 24.7 24.7 28.7 29.2 30.0 31.9 33.6 34.8 35.3 36.7 37.6 37.0 41.8 38.0 41.5 43.8 49.3 46.7 50.1 53.5 62.8 65.8 77.4 80.8 96.0 99.7 97.3 114.1 113.6 113.9 108.7 107.6 99.1 99.5 76.0 60.6 58.0 92.4 76.0 81.5 105.0 140.8 139.4 128.4 119.8 104.1 66.8 69.4 76.0 84.5 89.5 108.7 111.5 123.5 124.7 110.0 97.1 93.7
-9999.0 -9999.0 -9999.0 -9999.0 -9999.0 -9999.0 -9999.0 -9999.0 -9999.0 -9999.0 -9999.0 8.5 7.6 12.6 13.6 16.2 17.8 19.4 21.4 24.4 27.6 28.7 30.9 32.1 35.4 36.1 38.3 40.0 41.3 42.3 44.4 50.8 49.7 53.5 54.7 68.1 63.8 69.4 95.8 84.0 100.7 100.8 102.4 105.7 146.2 124.2 164.1 138.5 141.1 121.5 87.7 75.5 69.2 82.0 111.7 114.5 121.9 149.8 156.0 151.6 145.1 113.7 86.4 66.9 69.7 67.2 70.2 78.1 91.3 104.9 117.1 118.6 108.0 89.4 70.4
-9999.0 -9999.0 -9999.0 -9999.0 -9999.0 -9999.0 -9999.0 -9999.0 -9999.0 -9999.0 -9999.0 -9999.0 7.3 8.8 13.1 14.0 18.6 19.2 21.3 25.2 24.4 27.3 29.5 31.1 36.4 35.8 37.4 41.6 44.0 50.0 50.8 53.8 57.8 65.8 70.6 72.4 88.4 81.3 80.5 81.6 87.8 97.6 108.3 130.6 138.6 153.5 171.1 140.8 140.2 129.2 136.4 114.8 89.9 84.4 107.9 137.9 162.2 189.0 153.5 172.9 142.7 127.9 104.0 74.2 55.0 72.8 65.0 73.0 85.5 99.5 117.4 125.1 109.7 86.6 77.2
-9999.0 -9999.0 -9999.0 -9999.0 -9999.0 -9999.0 -9999.0 -9999.0 -9999.0 -9999.0 -9999.0 -9999.0 8.9 7.7 8.7 14.1 13.7 17.1 21.4 23.1 25.0 27.6 29.4 30.8 32.5 35.9 39.0 41.6 46.5 49.8 56.4 64.2 67.7 72.4 79.4 81.6 94.3 99.1 97.7 97.8 96.0 103.4 134.0 126.3 154.7 179.2 157.3 145.1 112.1 131.7 118.2 119.9 97.9 114.8 109.6 149.5 160.9 181.8 156.2 142.2 119.7 97.8 97.5 100.6 55.2 62.0 66.0 75.7 89.5 102.4 111.4 120.8 124.6 102.9 101.6
-9999.0 -9999.0 -9999.0 -9999.0 -9999.0 -9999.0 -9999.0 -9999.0 -9999.0 -9999.0 -9999.0 -9999.0 -9999.0 9.1 12.6 11.2 15.8 16.8 18.9 21.4 24.4 25.8 29.3 30.5 33.6 38.3 42.3 47.9 52.0 57.3 62.1 67.9 77.9 85.1 86.0 91.8 97.0 104.3 129.8 119.1 119.3 131.9 138.2 164.8 157.1 149.7 166.0 174.5 168.6 150.8 138.4 113.2 109.9 178.7 167.8 169.5 167.9 183.6 203.9 158.6 129.8 95.8 98.2 68.3 66.9 64.6 68.7 81.0 95.8 114.7 139.1 146.2 130.1 116.2 121.6
-9999.0 -9999.0 -9999.0 -9999.0 -9999.0 -9999.0 -9999.0 -9999.0 -9999.0 -9999.0 -9999.0 -9999.0 7.3 10.5 12.5 13.0 17.6 19.0 21.1 21.3 23.8 26.4 29.3 31.7 34.7 39.9 44.4 49.6 55.8 62.8 69.7 75.9 86.7 92.1 100.0 103.2 113.5 108.1 110.2 116.2 140.9 161.5 180.0 149.8 165.2 169.7 154.9 132.3 139.2 139.0 163.8 184.9 144.0 172.2 161.3 168.8 195.9 136.1 160.9 124.5 115.6 122.9 106.6 126.1 92.4 80.0 113.5 108.6 105.5 114.2 129.4 154.0 164.4 146.1 126.4
-9999.0 -9999.0 -9999.0 -9999.0 -9999.0 -9999.0 -9999.0 -9999.0 -9999.0 -9999.0 -9999.0 -9999.0 8.2 7.7 11.0 16.1 18.4 18.5 20.8 24.5 25.2 28.6 31.0 33.8 37.1 41.6 47.4 54.1 61.3 69.0 76.8 84.9 94.2 100.2 107.1 113.7 113.9 116.7 116.6 112.1 119.2 123.0 132.3 145.8 156.1 165.7 186.3 173.4 159.7 106.2 116.4 167.2 142.5 140.4 153.4 145.2 170.9 177.6 144.0 163.3 166.0 176.8 108.2 98.1 97.5 118.5 106.0 125.9 125.2 126.6 144.4 169.9 173.1 143.2 128.8
-9999.0 -9999.0 -9999.0 -9999.0 -9999.0 -9999.0 -9999.0 -9999.0 -9999.0 -9999.0 -9999.0 -9999.0 5.1 10.2 10.2 14.0 16.7 21.7 23.3 25.9 29.2 31.6 33.4 36.9 40.6 46.0 52.1 59.2 67.8 76.5 85.2 93.0 101.6 109.2 115.9 121.7 123.0 121.9 117.1 121.4 118.5 113.4 144.7 115.5 143.2 174.5 185.7 155.0 109.7 110.9 128.8 118.5 239.3 255.3 209.9 136.2 165.9 176.6 176.4 132.1 132.2 142.0 232.1 116.7 104.7 159.0 145.6 134.3 124.2 124.2 135.2 140.7 143.2 122.3 145.2
-9999.0 -9999.0 -9999.0 -9999.0 -9999.0 -9999.0 -9999.0 -9999.0 -9999.0 -9999.0 -9999.0 -9999.0 -9999.0 11.4 14.0 14.9 18.5 21.1 25.2 28.1 31.1 33.3 36.5 40.1 44.2 49.9 56.8 65.2 73.4 84.5 91.4 100.6 108.1 116.5 122.9 129.5 131.3 124.1 120.5 115.0 114.6 137.1 150.3 146.0 124.1 130.1 153.6 98.5 148.9 139.2 104.0 184.9 180.1 144.9 221.1 219.1 142.4 144.0 171.1 232.3 204.6 342.3 231.3 104.5 164.7 163.7 153.9 138.1 126.6 111.3 112.1 126.4 113.6 127.1 93.0
-9999.0 -9999.0 -9999.0 -9999.0 -9999.0 -9999.0 -9999.0 -9999.0 -9999.0 -9999.0 -9999.0 -9999.0 -9999.0 6.4 14.1 15.5 20.5 22.0 25.7 29.3 32.6 35.6 38.9 42.8 47.9 53.9 61.1 70.7 79.8 84.7 95.0 104.1 113.8 119.5 124.1 128.4 127.5 123.3 121.3 130.7 116.6 120.9 126.1 130.6 161.6 132.5 132.1 94.2 107.5 112.6 154.1 106.6 179.5 223.3 245.3 213.2 156.9 157.2 195.1 129.1 230.3 148.2 118.4 158.1 154.4 155.6 154.6 148.8 136.0 112.6 96.4 97.1 106.5 97.5 90.3
-9999.0 -9999.0 -9999.0 -9999.0 -9999.0 -9999.0 -9999.0 -9999.0 -9999.0 -9999.0 -9999.0 -9999.0 -9999.0 -9999.0 -9999.0 16.0 19.0 23.6 26.6 29.7 33.9 37.2 41.0 45.3 50.4 56.7 62.2 71.9 78.4 92.4 99.4 108.5 110.4 116.2 120.8 123.8 126.4 116.9 113.7 111.3 117.2 120.7 120.4 117.8 99.7 85.5 108.9 69.4 107.0 62.5 111.3 198.2 159.9 177.5 114.5 179.6 180.8 126.7 227.7 269.4 148.4 152.9 187.5 160.5 144.0 148.2 155.7 160.4 152.7 116.2 88.6 81.8 82.5 92.6 115.3
-9999.0 -9999.0 -9999.0 -9999.0 -9999.0 -9999.0 -9999.0 -9999.0 -9999.0 -9999.0 -9999.0 -9999.0 -9999.0 -9999.0 -9999.0 -9999.0 -9999.0 6.0 20.2 -9999.0 32.1 38.3 42.3 47.2 52.2 58.7 63.7 73.1 84.8 90.1 101.3 112.8 106.3 117.3 116.4 112.0 116.5 110.0 106.9 103.6 103.6 109.7 107.1 103.6 89.7 80.7 72.0 121.0 75.0 103.8 64.3 109.9 76.5 159.6 173.9 181.4 149.8 216.6 229.3 268.5 183.2 205.0 217.2 193.1 156.1 143.2 144.5 148.2 142.9 120.0 95.6 101.3 107.8 131.4 154.7
-9999.0 -9999.0 -9999.0 -9999.0 -9999.0 -9999.0 -9999.0 -9999.0 -9999.0 -9999.0 -9999.0 -9999.0 -9999.0 -9999.0 -9999.0 -9999.0 -9999.0 -9999.0 -9999.0 -9999.0 -9999.0 37.8 42.7 46.7 52.8 60.5 68.1 76.3 84.2 95.6 101.4 114.5 114.2 107.3 100.3 96.6 98.9 100.2 99.0 106.4 108.1 94.7 97.0 95.1 91.9 85.5 87.2 72.5 124.9 248.3 100.5 171.1 168.0 93.3 122.2 169.9 188.8 175.9 299.0 250.0 223.2 211.6 225.7 210.8 182.4 148.9 136.1 133.6 127.8 120.8 113.1 126.3 139.0 177.0 187.2
-9999.0 -9999.0 -9999.0 -9999.0 -9999.0 -9999.0 -9999.0 -9999.0 -9999.0 -9999.0 -9999.0 -9999.0 -9999.0 -9999.0 -9999.0 -9999.0 -9999.0 -9999.0 -9999.0 -9999.0 -9999.0 -9999.0 -9999.0 43.3 52.3 58.9 66.1 73.3 78.0 89.0 93.3 94.7 89.6 88.8 85.7 83.7 86.9 85.9 84.2 81.3 79.0 81.6 81.2 85.4 93.5 101.8 83.1 77.6 79.1 80.2 77.6 121.6 73.1 84.3 80.3 89.7 149.6 217.6 182.7 248.4 212.9 193.1 166.8 152.7 147.4 146.7 137.0 125.9 138.5 122.8 146.0 141.4 157.8 180.2 162.3
-9999.0 -9999.0 -9999.0 -9999.0 -9999.0 -9999.0 -9999.0 -9999.0 -9999.0 -9999.0 -9999.0 -9999.0 -9999.0 -9999.0 -9999.0 -9999.0 -9999.0 -9999.0 -9999.0 -9999.0 -9999.0 -9999.0 -9999.0 -9999.0 -9999.0 46.2 61.9 63.6 70.0 72.3 79.9 85.7 83.4 75.7 68.9 70.7 75.8 69.4 69.6 66.4 67.0 67.1 107.2 98.2 108.4 103.9 101.7 100.3 85.7 86.5 109.3 89.2 105.2 94.4 73.6 92.6 134.7 158.5 226.7 233.7 209.9 171.9 310.8 128.7 123.6 136.9 137.3 158.8 172.5 169.3 131.3 123.0 124.7 152.1 148.2
-9999.0 -9999.0 -9999.0 -9999.0 -9999.0 -9999.0 -9999.0 -9999.0 -9999.0 -9999.0 -9999.0 -9999.0 -9999.0 -9999.0 -9999.0 -9999.0 -9999.0 -9999.0 -9999.0 -9999.0 -9999.0 -9999.0 -9999.0 -9999.0 -9999.0 -9999.0 -9999.0 47.5 55.4 72.0 75.1 75.4 67.4 68.5 58.6 73.5 54.5 56.1 69.6 57.5 54.4 71.3 100.9 105.0 104.6 102.2 99.5 100.6 103.0 104.9 107.2 105.1 78.9 78.3 86.1 109.8 146.3 180.3 209.5 192.3 176.6 158.5 93.2 83.3 129.0 137.9 138.2 124.3 123.5 121.0 99.2 106.7 79.2 113.8 109.8
-9999.0 -9999.0 -9999.0 -9999.0 -9999.0 -9999.0 -9999.0 -9999.0 -9999.0 -9999.0 -9999.0 -9999.0 -9999.0 -9999.0 -9999.0 -9999.0 -9999.0 -9999.0 -9999.0 -9999.0 -9999.0 -9999.0 -9999.0 -9999.0 -9999.0 -9999.0 -9999.0 -9999.0 -9999.0 -9999.0 -9999.0 -9999.0 -9999.0 60.2 49.3 -9999.0 -9999.0 -9999.0 71.1 57.5 74.9 86.9 86.8 93.8 91.6 95.1 -9999.0 -9999.0 -9999.0 -9999.0 -9999.0 -9999.0 102.9 99.9 118.8 151.8 180.4 216.3 204.0 188.9 158.3 149.1 87.2 86.1 111.4 144.3 161.5 162.2 135.9 99.1 72.6 83.0 96.2 96.2 132.8
-9999.0 -9999.0 -9999.0 -9999.0 -9999.0 -9999.0 -9999.0 -9999.0 -9999.0 -9999.0 -9999.0 -9999.0 -9999.0 -9999.0 -9999.0 -9999.0 -9999.0 -9999.0 -9999.0 -9999.0 -9999.0 -9999.0 -9999.0 -9999.0 -9999.0 -9999.0 -9999.0 -9999.0 -9999.0 -9999.0 -9999.0 -9999.0 -9999.0 -9999.0 -9999.0 -9999.0 -9999.0 -9999.0 -9999.0 57.7 63.7 68.4 73.0 78.2 -9999.0 -9999.0 -9999.0 -9999.0 -9999.0 -9999.0 -9999.0 -9999.0 126.0 128.4 137.2 169.2 201.7 209.9 198.4 178.9 153.2 140.7 137.7 109.8 172.6 205.6 212.3 151.1 127.1 128.2 107.8 88.0 82.3 123.4 120.6
-9999.0 -9999.0 -9999.0 -9999.0 -9999.0 -9999.0 -9999.0 -9999.0 -9999.0 -9999.0 -9999.0 -9999.0 -9999.0 -9999.0 -9999.0 -9999.0 -9999.0 -9999.0 -9999.0 -9999.0 -9999.0 -9999.0 -9999.0 -9999.0 -9999.0 -9999.0 -9999.0 -9999.0 -9999.0 -9999.0 -9999.0 -9999.0 -9999.0 -9999.0 -9999.0 -9999.0 -9999.0 -9999.0 -9999.0 -9999.0 -9999.0 -9999.0 -9999.0 -9999.0 -9999.0 -9999.0 -9999.0 -9999.0 -9999.0 -9999.0 -9999.0 -9999.0 142.5 162.4 166.7 184.5 187.1 180.8 171.9 173.5 149.1 140.2 359.2 166.9 222.8 203.2 156.4 138.5 132.9 132.9 122.3 111.1 157.8 134.9 149.4
-9999.0 -9999.0 -9999.0 -9999.0 -9999.0 -9999.0 -9999.0 -9999.0 -9999.0 -9999.0 -9999.0 -9999.0 -9999.0 -9999.0 -9999.0 -9999.0 -9999.0 -9999.0 -9999.0 -9999.0 -9999.0 -9999.0 -9999.0 -9999.0 -9999.0 -9999.0 -9999.0 -9999.0 -9999.0 -9999.0 -9999.0 -9999.0 -9999.0 -9999.0 -9999.0 -9999.0 -9999.0 -9999.0 -9999.0 -9999.0 -9999.0 -9999.0 -9999.0 -9999.0 -9999.0 -9999.0 -9999.0 -9999.0 -9999.0 -9999.0 -9999.0 197.3 225.2 206.0 195.7 185.8 166.9 173.2 153.5 112.9 231.5 230.6 154.3 206.3 237.1 208.9 147.4 121.1 144.6 141.1 140.2 140.9 123.9 108.1 122.8
-9999.0 -9999.0 -9999.0 -9999.0 -9999.0 -9999.0 -9999.0 -9999.0 -9999.0 -9999.0 -9999.0 -9999.0 -9999.0 -9999.0 -9999.0 -9999.0 -9999.0 -9999.0 -9999.0 -9999.0 -9999.0 -9999.0 -9999.0 -9999.0 -9999.0 -9999.0 -9999.0 -9999.0 -9999.0 -9999.0 -9999.0 -9999.0 -9999.0 -9999.0 -9999.0 -9999.0 -9999.0 -9999.0 -9999.0 -9999.0 -9999.0 -9999.0 -9999.0 -9999.0 -9999.0 -9999.0 -9999.0 -9999.0 -9999.0 -9999.0 164.9 277.4 292.8 268.5 247.3 203.1 147.5 114.5 132.6 198.6 193.7 284.4 193.6 238.8 213.9 172.0 170.8 149.8 170.9 151.1 162.2 142.6 134.3 148.4 159.5
-9999.0 -9999.0 -9999.0 -9999.0 -9999.0 -9999.0 -9999.0 -9999.0 -9999.0 -9999.0 -9999.0 -9999.0 -9999.0 -9999.0 -9999.0 -9999.0 -9999.0 -9999.0 -9999.0 -9999.0 -9999.0 -9999.0 -9999.0 -9999.0 -9999.0 -9999.0 -9999.0 -9999.0 -9999.0 -9999.0 -9999.0 -9999.0 -9999.0 -9999.0 -9999.0 -9999.0 -9999.0 -9999.0 -9999.0 -9999.0 -9999.0 -9999.0 -9999.0 -9999.0 -9999.0 -9999.0 -9999.0 -9999.0 -9999.0 -9999.0 177.9 320.8 341.0 338.8 281.1 216.6 154.9 158.4 174.5 175.5 165.7 192.5 139.3 177.1 181.1 115.6 145.0 146.1 167.7 151.3 162.9 166.6 158.5 136.2 115.5
-9999.0 -9999.0 -9999.0 -9999.0 -9999.0 -9999.0 -9999.0 -9999.0 -9999.0 -9999.0 -9999.0 -9999.0 -9999.0 -9999.0 -9999.0 -9999.0 -9999.0 -9999.0 -9999.0 -9999.0 -9999.0 -9999.0 -9999.0 -9999.0 -9999.0 -9999.0 -9999.0 -9999.0 -9999.0 -9999.0 -9999.0 -9999.0 -9999.0 -9999.0 -9999.0 -9999.0 -9999.0 -9999.0 -9999.0 -9999.0 -9999.0 -9999.0 -9999.0 -9999.0 -9999.0 -9999.0 -9999.0 -9999.0 -9999.0 -9999.0 163.4 276.4 311.1 340.2 304.6 224.0 206.0 175.4 205.5 159.7 193.7 215.4 179.5 125.7 164.1 147.2 138.5 144.7 148.0 195.6 162.4 237.0 146.4 180.3 117.9
-9999.0 -9999.0 -9999.0 -9999.0 -9999.0 -9999.0 -9999.0 -9999.0 -9999.0 -9999.0 -9999.0 -9999.0 -9999.0 -9999.0 -9999.0 -9999.0 -9999.0 -9999.0 -9999.0 -9999.0 -9999.0 -9999.0 -9999.0 -9999.0 -9999.0 -9999.0 -9999.0 -9999.0 -9999.0 -9999.0 -9999.0 -9999.0 -9999.0 -9999.0 -9999.0 -9999.0 -9999.0 -9999.0 -9999.0 -9999.0 -9999.0 -9999.0 -9999.0 -9999.0 -9999.0 -9999.0 -9999.0 -9999.0 -9999.0 -9999.0 212.4 302.4 329.1 336.3 285.7 237.5 199.4 206.0 222.0 173.9 206.4 176.6 79.5 133.4 185.4 195.5 222.1 202.9 232.4 114.3 163.3 158.6 164.3 187.2 133.9
-9999.0 -9999.0 -9999.0 -9999.0 -9999.0 -9999.0 -9999.0 -9999.0 -9999.0 -9999.0 -9999.0 -9999.0 -9999.0 -9999.0 -9999.0 -9999.0 -9999.0 -9999.0 -9999.0 -9999.0 -9999.0 -9999.0 -9999.0 -9999.0 -9999.0 -9999.0 -9999.0 -9999.0 -9999.0 -9999.0 -9999.0 -9999.0 -9999.0 -9999.0 -9999.0 -9999.0 -9999.0 -9999.0 -9999.0 -9999.0 -9999.0 -9999.0 -9999.0 -9999.0 -9999.0 -9999.0 -9999.0 -9999.0 -9999.0 -9999.0 -9999.0 -9999.0 -9999.0 289.3 262.4 229.7 222.1 240.6 223.1 208.2 344.4 128.2 258.7 177.1 203.8 218.5 283.6 201.4 233.3 212.9 174.8 141.5 129.1 136.5 147.2
-9999.0 -9999.0 -9999.0 -9999.0 -9999.0 -9999.0 -9999.0 -9999.0 -9999.0 -9999.0 -9999.0 -9999.0 -9999.0 -9999.0 -9999.0 -9999.0 -9999.0 -9999.0 -9999.0 -9999.0 -9999.0 -9999.0 -9999.0 -9999.0 -9999.0 -9999.0 -9999.0 -9999.0 -9999.0 -9999.0 -9999.0 -9999.0 -9999.0 -9999.0 -9999.0 -9999.0 -9999.0 -9999.0 -9999.0 -9999.0 -9999.0 -9999.0 -9999.0 -9999.0 -9999.0 -9999.0 -9999.0 -9999.0 -9999.0 -9999.0 -9999.0 -9999.0 -9999.0 265.6 257.6 266.1 248.9 254.3 280.4 346.5 270.7 197.1 326.6 210.2 230.6 244.6 179.8 309.7 202.7 194.7 157.4 129.1 127.2 132.7 139.4
-9999.0 -9999.0 -9999.0 -9999.0 -9999.0 -9999.0 -9999.0 -9999.0 -9999.0 -9999.0 -9999.0 -9999.0 -9999.0 -9999.0 -9999.0 -9999.0 -9999.0 -9999.0 -9999.0 -9999.0 -9999.0 -9999.0 -9999.0 -9999.0 -9999.0 -9999.0 -9999.0 -9999.0 -9999.0 -9999.0 -9999.0 -9999.0 -9999.0 -9999.0 -9999.0 -9999.0 -9999.0 -9999.0 -9999.0 -9999.0 -9999.0 -9999.0 -9999.0 -9999.0 -9999.0 -9999.0 -9999.0 -9999.0 -9999.0 -9999.0 -9999.0 -9999.0 -9999.0 255.3 249.2 273.7 275.2 278.0 309.5 325.7 377.6 353.9 444.7 461.3 258.2 -9999.0 -9999.0 -9999.0 284.3 198.0 177.6 170.6 151.5 134.8 148.3
-9999.0 -9999.0 -9999.0 -9999.0 -9999.0 -9999.0 -9999.0 -9999.0 -9999.0 -9999.0 -9999.0 -9999.0 -9999.0 -9999.0 -9999.0 -9999.0 -9999.0 -9999.0 -9999.0 -9999.0 -9999.0 -9999.0 -9999.0 -9999.0 -9999.0 -9999.0 -9999.0 -9999.0 -9999.0 -9999.0 -9999.0 -9999.0 -9999.0 -9999.0 -9999.0 -9999.0 -9999.0 -9999.0 -9999.0 -9999.0 -9999.0 -9999.0 -9999.0 -9999.0 -9999.0 -9999.0 -9999.0 -9999.0 -9999.0 -9999.0 -9999.0 -9999.0 -9999.0 -9999.0 263.4 275.0 260.9 259.0 326.2 405.2 308.9 -9999.0 -9999.0 -9999.0 -9999.0 -9999.0 -9999.0 -9999.0 271.3 280.2 321.7 201.8 161.7 159.9 155.4
-9999.0 -9999.0 -9999.0 -9999.0 -9999.0 -9999.0 -9999.0 -9999.0 -9999.0 -9999.0 -9999.0 -9999.0 -9999.0 -9999.0 -9999.0 -9999.0 -9999.0 -9999.0 -9999.0 -9999.0 -9999.0 -9999.0 -9999.0 -9999.0 -9999.0 -9999.0 -9999.0 -9999.0 -9999.0 -9999.0 -9999.0 -9999.0 -9999.0 -9999.0 -9999.0 -9999.0 -9999.0 -9999.0 -9999.0 -9999.0 -9999.0 -9999.0 -9999.0 -9999.0 -9999.0 -9999.0 -9999.0 -9999.0 -9999.0 -9999.0 -9999.0 -9999.0 -9999.0 -9999.0 -9999.0 258.5 319.7 288.4 282.7 353.9 368.8 -9999.0 -9999.0 -9999.0 -9999.0 -9999.0 -9999.0 -9999.0 -9999.0 -9999.0 309.7 -9999.0 -9999.0 -9999.0 -9999.0
