program/excelProcessViaJava/data/SURF_CLI_CHN_PRE_MON_GRID_0.5-201311.txt
NCOLS      128
NROWS       72
XLLCORNER    72.000000000000    
YLLCORNER    18.000000000000    
CELLSIZE    0.50000000000000    
NODATA_VALUE   -9999.000    
[rows 35 to 69 of 72, columns 0 to 78 of 128]
-9999.0 -9999.0 -9999.0 -9999.0 -9999.0 -9999.0 -9999.0 0.0 0.0 0.0 0.0 0.0 0.0 0.0 0.0 0.1 0.0 0.0 0.1 0.0 0.0 0.0 0.0 0.0 0.0 0.0 0.0 0.0 0.1 0.1 0.3 0.6 1.0 1.5 2.1 2.1 2.8 2.5 3.4 3.6 1.1 5.3 5.6 4.1 2.7 1.0 2.7 1.8 3.0 0.7 0.5 1.3 4.0 12.5 8.1 3.2 3.4 4.5 7.6 7.3 9.1 5.6 4.5 5.9 8.8 6.3 10.4 13.8 12.5 15.2 16.0 16.8 17.6 16.5 13.8 13.1 8.1 10.0 12.0
-9999.0 -9999.0 -9999.0 -9999.0 -9999.0 -9999.0 -9999.0 0.0 0.0 0.0 0.0 0.0 0.0 0.0 0.0 0.0 0.0 0.0 0.0 0.0 0.0 0.0 0.0 0.0 0.0 0.0 0.0 0.0 0.1 0.2 0.5 0.9 1.5 2.2 2.5 2.9 2.8 3.3 3.1 2.6 2.8 3.0 4.4 10.5 6.4 4.1 7.5 9.1 18.1 12.6 22.4 16.5 6.2 7.3 9.1 3.7 3.6 4.4 5.5 6.3 7.5 8.9 7.7 11.8 11.9 12.4 14.3 14.9 18.6 13.2 15.9 19.2 21.0 20.2 14.9 18.3 16.1 10.3 8.5
-9999.0 -9999.0 -9999.0 -9999.0 -9999.0 -9999.0 -9999.0 -9999.0 -9999.0 0.0 0.0 0.0 0.0 0.0 0.0 0.0 0.0 0.0 0.0 0.0 0.0 0.0 0.0 0.0 0.0 0.0 0.0 0.1 0.2 0.4 0.8 1.3 1.9 2.7 2.9 3.2 3.2 3.4 2.9 3.0 2.4 2.9 3.2 4.1 8.1 11.3 14.7 16.4 17.9 17.1 18.3 13.1 9.0 6.7 8.4 3.9 2.9 3.1 3.8 4.4 5.4 7.6 11.1 12.7 16.2 14.7 13.4 12.9 18.1 13.6 16.6 18.7 20.4 21.9 24.2 18.5 16.5 17.0 20.1
-9999.0 -9999.0 -9999.0 -9999.0 -9999.0 -9999.0 -9999.0 -9999.0 -9999.0 -9999.0 -9999.0 0.0 0.0 0.0 0.0 0.0 0.0 0.0 0.0 0.0 0.0 0.0 0.0 0.0 0.0 0.0 0.1 0.1 0.3 0.6 1.0 1.7 2.4 3.1 3.6 4.6 4.1 4.0 5.6 3.4 3.7 2.8 2.7 3.5 9.4 9.5 19.1 18.0 20.6 17.9 11.8 10.2 8.8 8.8 8.8 5.2 3.0 2.8 2.9 3.5 4.8 6.1 9.2 14.5 19.5 11.1 8.2 12.0 15.3 16.1 15.7 17.7 18.7 21.9 29.7 31.8 31.2 32.6 37.1
-9999.0 -9999.0 -9999.0 -9999.0 -9999.0 -9999.0 -9999.0 -9999.0 -9999.0 -9999.0 -9999.0 -9999.0 0.0 0.0 0.0 0.0 0.0 0.0 0.0 0.0 0.0 0.0 0.0 0.0 0.0 0.1 0.1 0.2 0.4 0.7 1.3 2.0 2.8 3.8 4.6 4.9 6.1 4.8 3.9 3.0 2.5 2.3 2.6 4.4 6.2 10.0 15.3 13.6 14.8 13.6 15.7 12.5 8.7 6.9 6.9 5.9 4.4 4.0 3.0 4.3 5.3 7.5 10.8 15.7 17.7 27.0 12.9 17.0 19.7 20.4 14.4 16.2 23.6 32.0 36.9 57.7 42.4 44.6 46.5
-9999.0 -9999.0 -9999.0 -9999.0 -9999.0 -9999.0 -9999.0 -9999.0 -9999.0 -9999.0 -9999.0 -9999.0 0.0 0.1 0.1 0.0 0.0 0.0 0.0 0.0 0.0 0.0 0.0 0.0 0.1 0.1 0.2 0.3 0.5 0.9 1.4 2.2 3.1 3.9 4.8 5.2 6.2 6.0 4.9 3.7 2.6 2.2 3.6 3.0 5.8 9.8 9.3 9.5 6.1 8.7 7.4 8.2 6.2 7.5 6.3 6.3 4.7 4.2 4.2 5.2 6.5 7.9 13.0 21.7 17.7 25.4 10.0 14.4 19.1 22.5 27.5 41.3 48.8 38.4 43.3 42.5 41.2 53.3 49.7
-9999.0 -9999.0 -9999.0 -9999.0 -9999.0 -9999.0 -9999.0 -9999.0 -9999.0 -9999.0 -9999.0 -9999.0 -9999.0 0.1 0.0 0.1 0.0 0.1 0.1 0.1 0.0 0.1 0.0 0.1 0.1 0.1 0.2 0.3 0.5 0.9 1.5 2.2 3.2 4.1 4.5 5.1 5.4 5.6 7.2 4.7 3.4 3.4 3.2 5.1 4.8 5.0 7.5 9.6 9.4 7.3 6.0 4.3 4.8 9.3 7.6 6.4 5.3 5.0 6.1 7.0 9.1 11.0 17.1 20.0 11.6 20.1 26.4 24.0 28.4 28.8 28.3 36.7 41.5 43.6 48.8 41.8 38.8 36.2 34.8
-9999.0 -9999.0 -9999.0 -9999.0 -9999.0 -9999.0 -9999.0 -9999.0 -9999.0 -9999.0 -9999.0 -9999.0 0.1 0.1 0.1 0.1 0.1 0.1 0.1 0.1 0.1 0.1 0.1 0.1 0.1 0.1 0.2 0.3 0.6 0.9 1.4 2.0 3.0 3.5 4.4 4.6 5.6 4.6 4.0 3.3 4.3 5.3 6.5 3.6 5.1 6.2 5.9 4.9 5.4 4.8 6.3 7.7 5.1 6.6 6.0 5.6 5.3 5.8 6.2 8.1 10.7 15.9 21.1 33.4 34.0 30.2 18.5 25.9 39.6 51.6 53.4 55.3 56.2 51.3 42.0 34.7 30.7 27.8 28.9
-9999.0 -9999.0 -9999.0 -9999.0 -9999.0 -9999.0 -9999.0 -9999.0 -9999.0 -9999.0 -9999.0 -9999.0 0.2 0.3 0.2 0.1 0.1 0.2 0.2 0.1 0.1 0.1 0.1 0.1 0.2 0.2 0.3 0.4 0.6 0.8 1.2 1.7 2.4 2.7 3.2 3.8 3.7 3.8 3.2 2.1 2.0 2.1 2.7 3.9 5.3 6.9 9.3 8.7 7.3 3.3 3.1 5.1 4.2 4.9 5.3 5.3 4.5 5.0 6.3 9.5 14.3 22.0 19.5 22.0 27.2 20.6 33.7 32.3 35.7 45.0 57.0 65.7 60.7 45.1 42.1 33.1 32.5 28.1 27.3
-9999.0 -9999.0 -9999.0 -9999.0 -9999.0 -9999.0 -9999.0 -9999.0 -9999.0 -9999.0 -9999.0 -9999.0 0.8 0.3 0.5 0.3 0.3 0.1 0.2 0.2 0.1 0.1 0.2 0.2 0.2 0.2 0.3 0.3 0.5 0.7 1.0 1.4 1.7 1.9 2.3 2.6 2.7 2.7 2.2 2.1 1.9 2.4 4.4 4.1 6.1 8.9 10.2 8.4 5.6 4.3 3.8 3.1 6.8 6.9 4.9 5.1 4.2 4.9 6.9 7.9 10.9 16.0 37.4 19.7 13.3 21.1 30.4 39.0 44.6 45.6 53.1 62.3 56.7 49.8 95.4 51.5 79.1 32.8 30.7
-9999.0 -9999.0 -9999.0 -9999.0 -9999.0 -9999.0 -9999.0 -9999.0 -9999.0 -9999.0 -9999.0 -9999.0 -9999.0 0.3 0.3 0.5 0.4 0.3 0.2 0.2 0.2 0.2 0.2 0.2 0.2 0.3 0.3 0.4 0.4 0.6 0.7 1.0 1.3 1.4 1.6 2.3 2.3 1.9 1.9 1.9 2.5 4.5 6.5 7.2 7.0 7.6 8.5 6.3 6.4 4.6 2.7 3.9 3.3 3.1 4.1 4.2 3.6 4.1 6.5 14.0 16.4 41.8 31.6 10.2 14.7 22.5 33.6 43.1 45.6 46.1 48.7 58.9 58.7 67.7 54.5 55.8 52.3 43.1 39.8
-9999.0 -9999.0 -9999.0 -9999.0 -9999.0 -9999.0 -9999.0 -9999.0 -9999.0 -9999.0 -9999.0 -9999.0 -9999.0 1.6 0.6 0.7 0.4 0.6 0.5 0.3 0.2 0.2 0.2 0.3 0.4 0.3 0.3 0.4 0.4 0.5 0.6 0.7 0.8 1.0 1.3 1.5 1.3 1.5 2.0 3.4 3.7 5.4 7.1 7.8 9.0 7.1 6.4 4.3 3.3 2.3 2.4 1.2 2.1 3.2 4.1 3.3 2.4 3.3 7.2 4.7 17.4 8.2 10.5 16.6 16.8 22.8 34.3 44.8 47.6 43.4 45.8 56.8 66.6 66.0 67.4 73.1 85.7 51.7 32.5
-9999.0 -9999.0 -9999.0 -9999.0 -9999.0 -9999.0 -9999.0 -9999.0 -9999.0 -9999.0 -9999.0 -9999.0 -9999.0 -9999.0 -9999.0 1.1 1.0 0.7 0.7 0.7 0.5 0.5 0.5 0.5 0.5 0.4 0.4 0.4 0.4 0.3 0.4 0.4 0.8 0.8 0.8 1.4 1.8 1.0 1.7 2.8 4.2 5.7 6.9 7.0 5.9 4.6 3.6 2.2 1.6 0.7 0.6 2.1 1.0 1.4 0.6 1.9 2.5 0.8 9.2 17.0 4.8 9.9 27.3 22.3 20.2 24.4 35.3 47.6 52.4 48.3 48.9 56.2 59.6 63.3 71.0 86.0 88.3 97.3 51.0
-9999.0 -9999.0 -9999.0 -9999.0 -9999.0 -9999.0 -9999.0 -9999.0 -9999.0 -9999.0 -9999.0 -9999.0 -9999.0 -9999.0 -9999.0 -9999.0 -9999.0 4.6 2.3 -9999.0 1.5 0.9 1.0 0.9 0.7 0.7 0.6 0.5 0.4 0.3 0.3 0.2 0.6 0.3 0.3 0.4 1.3 0.5 1.3 2.5 3.8 4.8 5.3 4.8 5.4 2.5 9.9 1.6 0.5 0.4 0.5 0.2 0.6 1.0 1.6 2.2 1.3 6.3 9.6 17.0 3.3 14.2 28.7 28.3 24.2 27.5 39.9 50.8 58.1 53.9 55.7 54.6 60.3 60.2 68.8 86.1 85.3 78.7 71.6
-9999.0 -9999.0 -9999.0 -9999.0 -9999.0 -9999.0 -9999.0 -9999.0 -9999.0 -9999.0 -9999.0 -9999.0 -9999.0 -9999.0 -9999.0 -9999.0 -9999.0 -9999.0 -9999.0 -9999.0 -9999.0 1.7 1.4 1.2 1.1 1.2 0.9 0.6 0.4 0.3 0.2 0.2 0.2 0.2 0.2 0.3 0.2 0.3 0.8 3.8 7.0 3.2 3.2 2.4 2.7 0.7 13.5 0.5 0.6 7.7 0.2 1.2 1.3 0.4 0.9 2.7 4.3 3.9 18.6 14.9 4.0 8.2 21.1 23.5 27.7 34.6 51.2 62.2 69.6 59.5 52.3 50.5 55.0 58.1 64.4 73.0 79.5 81.1 89.2
-9999.0 -9999.0 -9999.0 -9999.0 -9999.0 -9999.0 -9999.0 -9999.0 -9999.0 -9999.0 -9999.0 -9999.0 -9999.0 -9999.0 -9999.0 -9999.0 -9999.0 -9999.0 -9999.0 -9999.0 -9999.0 -9999.0 -9999.0 3.5 2.0 1.8 1.4 0.9 0.6 0.3 0.2 0.2 0.4 0.3 0.4 0.4 0.5 0.3 0.8 1.3 1.5 1.8 1.2 0.8 1.4 15.1 1.5 0.8 2.3 3.1 0.5 0.5 0.6 0.7 0.5 0.2 2.8 8.8 1.6 14.9 4.3 6.5 6.7 8.7 15.3 33.6 56.2 67.7 48.5 50.0 40.4 46.9 55.3 64.7 69.5 78.1 90.6 99.7 109.5
-9999.0 -9999.0 -9999.0 -9999.0 -9999.0 -9999.0 -9999.0 -9999.0 -9999.0 -9999.0 -9999.0 -9999.0 -9999.0 -9999.0 -9999.0 -9999.0 -9999.0 -9999.0 -9999.0 -9999.0 -9999.0 -9999.0 -9999.0 -9999.0 -9999.0 5.0 2.6 1.4 1.0 1.0 0.4 0.2 0.2 0.2 0.2 0.5 1.3 0.3 0.9 0.7 1.1 0.5 3.8 1.4 7.9 12.8 6.0 13.8 0.1 1.2 0.3 0.4 0.9 1.1 0.3 0.2 1.8 2.0 10.1 11.9 10.5 8.2 31.7 5.3 10.9 26.9 39.9 35.0 34.1 34.1 35.3 46.5 60.9 74.9 84.9 91.9 98.5 106.7 121.4
-9999.0 -9999.0 -9999.0 -9999.0 -9999.0 -9999.0 -9999.0 -9999.0 -9999.0 -9999.0 -9999.0 -9999.0 -9999.0 -9999.0 -9999.0 -9999.0 -9999.0 -9999.0 -9999.0 -9999.0 -9999.0 -9999.0 -9999.0 -9999.0 -9999.0 -9999.0 -9999.0 4.7 3.7 1.0 0.5 0.3 0.5 0.2 0.2 0.6 0.2 0.2 0.5 0.4 0.4 0.3 2.8 7.2 7.8 9.8 11.5 11.3 10.1 2.6 4.3 2.7 0.6 0.5 0.3 0.7 0.2 0.3 5.3 2.9 1.5 8.1 1.0 2.0 7.2 15.7 29.4 34.7 34.3 33.8 39.2 53.6 64.7 81.8 88.7 95.2 101.2 102.6 99.4
-9999.0 -9999.0 -9999.0 -9999.0 -9999.0 -9999.0 -9999.0 -9999.0 -9999.0 -9999.0 -9999.0 -9999.0 -9999.0 -9999.0 -9999.0 -9999.0 -9999.0 -9999.0 -9999.0 -9999.0 -9999.0 -9999.0 -9999.0 -9999.0 -9999.0 -9999.0 -9999.0 -9999.0 -9999.0 -9999.0 -9999.0 -9999.0 -9999.0 0.7 0.2 -9999.0 -9999.0 -9999.0 1.5 0.4 1.0 2.0 0.9 6.0 7.8 7.6 -9999.0 -9999.0 -9999.0 -9999.0 -9999.0 -9999.0 0.5 0.7 0.2 0.2 0.2 0.1 0.3 0.4 1.4 5.1 2.1 2.9 6.2 14.7 24.6 33.1 41.4 43.4 46.5 60.8 74.7 77.2 87.8 80.2 95.4 85.1 86.8
-9999.0 -9999.0 -9999.0 -9999.0 -9999.0 -9999.0 -9999.0 -9999.0 -9999.0 -9999.0 -9999.0 -9999.0 -9999.0 -9999.0 -9999.0 -9999.0 -9999.0 -9999.0 -9999.0 -9999.0 -9999.0 -9999.0 -9999.0 -9999.0 -9999.0 -9999.0 -9999.0 -9999.0 -9999.0 -9999.0 -9999.0 -9999.0 -9999.0 -9999.0 -9999.0 -9999.0 -9999.0 -9999.0 -9999.0 4.7 4.7 4.9 5.0 4.9 -9999.0 -9999.0 -9999.0 -9999.0 -9999.0 -9999.0 -9999.0 -9999.0 0.3 0.9 0.3 0.2 0.2 0.2 0.2 0.3 0.7 2.3 4.1 4.0 8.0 16.6 28.8 39.6 48.9 59.8 64.2 64.9 64.9 79.9 69.6 72.0 79.7 82.6 95.8
-9999.0 -9999.0 -9999.0 -9999.0 -9999.0 -9999.0 -9999.0 -9999.0 -9999.0 -9999.0 -9999.0 -9999.0 -9999.0 -9999.0 -9999.0 -9999.0 -9999.0 -9999.0 -9999.0 -9999.0 -9999.0 -9999.0 -9999.0 -9999.0 -9999.0 -9999.0 -9999.0 -9999.0 -9999.0 -9999.0 -9999.0 -9999.0 -9999.0 -9999.0 -9999.0 -9999.0 -9999.0 -9999.0 -9999.0 -9999.0 -9999.0 -9999.0 -9999.0 -9999.0 -9999.0 -9999.0 -9999.0 -9999.0 -9999.0 -9999.0 -9999.0 -9999.0 0.3 1.1 0.4 0.6 0.2 0.2 0.1 0.2 0.6 1.7 15.4 6.2 11.9 22.5 33.5 41.5 50.2 59.6 62.8 64.1 89.8 77.9 80.2 76.2 89.5 95.0 106.6
-9999.0 -9999.0 -9999.0 -9999.0 -9999.0 -9999.0 -9999.0 -9999.0 -9999.0 -9999.0 -9999.0 -9999.0 -9999.0 -9999.0 -9999.0 -9999.0 -9999.0 -9999.0 -9999.0 -9999.0 -9999.0 -9999.0 -9999.0 -9999.0 -9999.0 -9999.0 -9999.0 -9999.0 -9999.0 -9999.0 -9999.0 -9999.0 -9999.0 -9999.0 -9999.0 -9999.0 -9999.0 -9999.0 -9999.0 -9999.0 -9999.0 -9999.0 -9999.0 -9999.0 -9999.0 -9999.0 -9999.0 -9999.0 -9999.0 -9999.0 -9999.0 0.2 0.2 1.0 0.2 0.3 0.2 0.2 0.2 0.2 1.5 3.0 3.9 8.4 15.3 25.0 28.4 18.4 36.3 38.6 46.8 57.9 61.8 69.7 82.8 91.6 110.3 111.9 125.3
-9999.0 -9999.0 -9999.0 -9999.0 -9999.0 -9999.0 -9999.0 -9999.0 -9999.0 -9999.0 -9999.0 -9999.0 -9999.0 -9999.0 -9999.0 -9999.0 -9999.0 -9999.0 -9999.0 -9999.0 -9999.0 -9999.0 -9999.0 -9999.0 -9999.0 -9999.0 -9999.0 -9999.0 -9999.0 -9999.0 -9999.0 -9999.0 -9999.0 -9999.0 -9999.0 -9999.0 -9999.0 -9999.0 -9999.0 -9999.0 -9999.0 -9999.0 -9999.0 -9999.0 -9999.0 -9999.0 -9999.0 -9999.0 -9999.0 -9999.0 0.2 0.2 0.4 1.0 0.4 0.6 0.2 0.2 0.2 0.5 1.4 4.2 4.7 9.7 15.1 20.2 26.2 17.3 26.2 21.7 37.8 47.9 64.6 87.2 104.0 119.3 115.7 137.6 130.0
-9999.0 -9999.0 -9999.0 -9999.0 -9999.0 -9999.0 -9999.0 -9999.0 -9999.0 -9999.0 -9999.0 -9999.0 -9999.0 -9999.0 -9999.0 -9999.0 -9999.0 -9999.0 -9999.0 -9999.0 -9999.0 -9999.0 -9999.0 -9999.0 -9999.0 -9999.0 -9999.0 -9999.0 -9999.0 -9999.0 -9999.0 -9999.0 -9999.0 -9999.0 -9999.0 -9999.0 -9999.0 -9999.0 -9999.0 -9999.0 -9999.0 -9999.0 -9999.0 -9999.0 -9999.0 -9999.0 -9999.0 -9999.0 -9999.0 -9999.0 0.1 1.0 0.2 1.5 2.2 1.1 0.2 0.8 0.8 1.6 3.4 4.1 5.6 9.0 13.8 13.9 16.7 13.6 18.3 25.8 43.2 63.4 83.4 100.6 109.2 113.7 134.4 130.9 133.8
-9999.0 -9999.0 -9999.0 -9999.0 -9999.0 -9999.0 -9999.0 -9999.0 -9999.0 -9999.0 -9999.0 -9999.0 -9999.0 -9999.0 -9999.0 -9999.0 -9999.0 -9999.0 -9999.0 -9999.0 -9999.0 -9999.0 -9999.0 -9999.0 -9999.0 -9999.0 -9999.0 -9999.0 -9999.0 -9999.0 -9999.0 -9999.0 -9999.0 -9999.0 -9999.0 -9999.0 -9999.0 -9999.0 -9999.0 -9999.0 -9999.0 -9999.0 -9999.0 -9999.0 -9999.0 -9999.0 -9999.0 -9999.0 -9999.0 -9999.0 0.1 0.3 0.2 6.6 2.8 2.1 4.1 3.1 3.7 10.4 7.5 5.5 6.6 9.6 13.9 16.2 15.4 18.0 28.6 46.7 68.0 100.3 112.7 138.3 134.8 136.7 159.2 139.0 141.4
-9999.0 -9999.0 -9999.0 -9999.0 -9999.0 -9999.0 -9999.0 -9999.0 -9999.0 -9999.0 -9999.0 -9999.0 -9999.0 -9999.0 -9999.0 -9999.0 -9999.0 -9999.0 -9999.0 -9999.0 -9999.0 -9999.0 -9999.0 -9999.0 -9999.0 -9999.0 -9999.0 -9999.0 -9999.0 -9999.0 -9999.0 -9999.0 -9999.0 -9999.0 -9999.0 -9999.0 -9999.0 -9999.0 -9999.0 -9999.0 -9999.0 -9999.0 -9999.0 -9999.0 -9999.0 -9999.0 -9999.0 -9999.0 -9999.0 -9999.0 0.4 2.9 2.8 7.6 9.0 9.5 2.5 6.3 10.3 17.0 12.0 8.0 8.9 10.0 14.1 18.3 23.7 27.7 46.2 72.4 98.4 127.7 159.4 184.8 180.7 178.4 176.0 151.6 153.4
-9999.0 -9999.0 -9999.0 -9999.0 -9999.0 -9999.0 -9999.0 -9999.0 -9999.0 -9999.0 -9999.0 -9999.0 -9999.0 -9999.0 -9999.0 -9999.0 -9999.0 -9999.0 -9999.0 -9999.0 -9999.0 -9999.0 -9999.0 -9999.0 -9999.0 -9999.0 -9999.0 -9999.0 -9999.0 -9999.0 -9999.0 -9999.0 -9999.0 -9999.0 -9999.0 -9999.0 -9999.0 -9999.0 -9999.0 -9999.0 -9999.0 -9999.0 -9999.0 -9999.0 -9999.0 -9999.0 -9999.0 -9999.0 -9999.0 -9999.0 -9999.0 -9999.0 -9999.0 5.0 6.0 5.6 5.3 7.1 10.1 15.9 9.8 8.0 7.3 9.2 13.0 17.7 28.1 34.4 60.3 89.9 119.3 157.3 200.3 231.9 238.1 215.9 190.3 161.5 149.1
-9999.0 -9999.0 -9999.0 -9999.0 -9999.0 -9999.0 -9999.0 -9999.0 -9999.0 -9999.0 -9999.0 -9999.0 -9999.0 -9999.0 -9999.0 -9999.0 -9999.0 -9999.0 -9999.0 -9999.0 -9999.0 -9999.0 -9999.0 -9999.0 -9999.0 -9999.0 -9999.0 -9999.0 -9999.0 -9999.0 -9999.0 -9999.0 -9999.0 -9999.0 -9999.0 -9999.0 -9999.0 -9999.0 -9999.0 -9999.0 -9999.0 -9999.0 -9999.0 -9999.0 -9999.0 -9999.0 -9999.0 -9999.0 -9999.0 -9999.0 -9999.0 -9999.0 -9999.0 5.0 3.7 11.7 4.2 4.8 9.7 13.2 12.1 7.5 7.8 7.9 11.4 16.9 23.5 45.9 66.6 96.1 127.7 177.0 235.7 279.4 289.1 269.6 212.1 174.2 146.8
-9999.0 -9999.0 -9999.0 -9999.0 -9999.0 -9999.0 -9999.0 -9999.0 -9999.0 -9999.0 -9999.0 -9999.0 -9999.0 -9999.0 -9999.0 -9999.0 -9999.0 -9999.0 -9999.0 -9999.0 -9999.0 -9999.0 -9999.0 -9999.0 -9999.0 -9999.0 -9999.0 -9999.0 -9999.0 -9999.0 -9999.0 -9999.0 -9999.0 -9999.0 -9999.0 -9999.0 -9999.0 -9999.0 -9999.0 -9999.0 -9999.0 -9999.0 -9999.0 -9999.0 -9999.0 -9999.0 -9999.0 -9999.0 -9999.0 -9999.0 -9999.0 -9999.0 -9999.0 4.8 1.7 6.2 5.8 7.5 12.3 16.0 14.5 11.1 10.0 11.5 10.8 -9999.0 -9999.0 -9999.0 70.5 96.2 135.2 191.9 253.5 298.6 316.7 300.0 230.0 167.8 170.8
-9999.0 -9999.0 -9999.0 -9999.0 -9999.0 -9999.0 -9999.0 -9999.0 -9999.0 -9999.0 -9999.0 -9999.0 -9999.0 -9999.0 -9999.0 -9999.0 -9999.0 -9999.0 -9999.0 -9999.0 -9999.0 -9999.0 -9999.0 -9999.0 -9999.0 -9999.0 -9999.0 -9999.0 -9999.0 -9999.0 -9999.0 -9999.0 -9999.0 -9999.0 -9999.0 -9999.0 -9999.0 -9999.0 -9999.0 -9999.0 -9999.0 -9999.0 -9999.0 -9999.0 -9999.0 -9999.0 -9999.0 -9999.0 -9999.0 -9999.0 -9999.0 -9999.0 -9999.0 -9999.0 5.8 6.6 7.4 12.7 18.8 21.1 20.3 -9999.0 -9999.0 -9999.0 -9999.0 -9999.0 -9999.0 -9999.0 56.2 89.7 138.3 178.3 229.6 274.5 288.0 267.3 218.5 146.4 105.4
-9999.0 -9999.0 -9999.0 -9999.0 -9999.0 -9999.0 -9999.0 -9999.0 -9999.0 -9999.0 -9999.0 -9999.0 -9999.0 -9999.0 -9999.0 -9999.0 -9999.0 -9999.0 -9999.0 -9999.0 -9999.0 -9999.0 -9999.0 -9999.0 -9999.0 -9999.0 -9999.0 -9999.0 -9999.0 -9999.0 -9999.0 -9999.0 -9999.0 -9999.0 -9999.0 -9999.0 -9999.0 -9999.0 -9999.0 -9999.0 -9999.0 -9999.0 -9999.0 -9999.0 -9999.0 -9999.0 -9999.0 -9999.0 -9999.0 -9999.0 -9999.0 -9999.0 -9999.0 -9999.0 -9999.0 9.1 16.3 19.7 27.0 29.8 26.7 -9999.0 -9999.0 -9999.0 -9999.0 -9999.0 -9999.0 -9999.0 -9999.0 -9999.0 96.2 -9999.0 -9999.0 -9999.0 -9999.0 -9999.0 163.2 -9999.0 -9999.0
-9999.0 -9999.0 -9999.0 -9999.0 -9999.0 -9999.0 -9999.0 -9999.0 -9999.0 -9999.0 -9999.0 -9999.0 -9999.0 -9999.0 -9999.0 -9999.0 -9999.0 -9999.0 -9999.0 -9999.0 -9999.0 -9999.0 -9999.0 -9999.0 -9999.0 -9999.0 -9999.0 -9999.0 -9999.0 -9999.0 -9999.0 -9999.0 -9999.0 -9999.0 -9999.0 -9999.0 -9999.0 -9999.0 -9999.0 -9999.0 -9999.0 -9999.0 -9999.0 -9999.0 -9999.0 -9999.0 -9999.0 -9999.0 -9999.0 -9999.0 -9999.0 -9999.0 -9999.0 -9999.0 -9999.0 -9999.0 -9999.0 -9999.0 31.4 32.9 -9999.0 -9999.0 -9999.0 -9999.0 -9999.0 -9999.0 -9999.0 -9999.0 -9999.0 -9999.0 -9999.0 -9999.0 -9999.0 -9999.0 -9999.0 154.8 125.3 -9999.0 -9999.0
-9999.0 -9999.0 -9999.0 -9999.0 -9999.0 -9999.0 -9999.0 -9999.0 -9999.0 -9999.0 -9999.0 -9999.0 -9999.0 -9999.0 -9999.0 -9999.0 -9999.0 -9999.0 -9999.0 -9999.0 -9999.0 -9999.0 -9999.0 -9999.0 -9999.0 -9999.0 -9999.0 -9999.0 -9999.0 -9999.0 -9999.0 -9999.0 -9999.0 -9999.0 -9999.0 -9999.0 -9999.0 -9999.0 -9999.0 -9999.0 -9999.0 -9999.0 -9999.0 -9999.0 -9999.0 -9999.0 -9999.0 -9999.0 -9999.0 -9999.0 -9999.0 -9999.0 -9999.0 -9999.0 -9999.0 -9999.0 -9999.0 -9999.0 -9999.0 -9999.0 -9999.0 -9999.0 -9999.0 -9999.0 -9999.0 -9999.0 -9999.0 -9999.0 -9999.0 -9999.0 -9999.0 -9999.0 -9999.0 -9999.0 -9999.0 -9999.0 -9999.0 -9999.0 -9999.0
-9999.0 -9999.0 -9999.0 -9999.0 -9999.0 -9999.0 -9999.0 -9999.0 -9999.0 -9999.0 -9999.0 -9999.0 -9999.0 -9999.0 -9999.0 -9999.0 -9999.0 -9999.0 -9999.0 -9999.0 -9999.0 -9999.0 -9999.0 -9999.0 -9999.0 -9999.0 -9999.0 -9999.0 -9999.0 -9999.0 -9999.0 -9999.0 -9999.0 -9999.0 -9999.0 -9999.0 -9999.0 -9999.0 -9999.0 -9999.0 -9999.0 -9999.0 -9999.0 -9999.0 -9999.0 -9999.0 -9999.0 -9999.0 -9999.0 -9999.0 -9999.0 -9999.0 -9999.0 -9999.0 -9999.0 -9999.0 -9999.0 -9999.0 -9999.0 -9999.0 -9999.0 -9999.0 -9999.0 -9999.0 -9999.0 -9999.0 -9999.0 -9999.0 -9999.0 -9999.0 -9999.0 -9999.0 -9999.0 -9999.0 -9999.0 190.6 170.6 135.0 -9999.0
-9999.0 -9999.0 -9999.0 -9999.0 -9999.0 -9999.0 -9999.0 -9999.0 -9999.0 -9999.0 -9999.0 -9999.0 -9999.0 -9999.0 -9999.0 -9999.0 -9999.0 -9999.0 -9999.0 -9999.0 -9999.0 -9999.0 -9999.0 -9999.0 -9999.0 -9999.0 -9999.0 -9999.0 -9999.0 -9999.0 -9999.0 -9999.0 -9999.0 -9999.0 -9999.0 -9999.0 -9999.0 -9999.0 -9999.0 -9999.0 -9999.0 -9999.0 -9999.0 -9999.0 -9999.0 -9999.0 -9999.0 -9999.0 -9999.0 -9999.0 -9999.0 -9999.0 -9999.0 -9999.0 -9999.0 -9999.0 -9999.0 -9999.0 -9999.0 -9999.0 -9999.0 -9999.0 -9999.0 -9999.0 -9999.0 -9999.0 -9999.0 -9999.0 -9999.0 -9999.0 -9999.0 -9999.0 -9999.0 70.9 203.0 248.8 253.1 -9999.0 -9999.0
