program/excelProcessViaJava/data/SURF_CLI_CHN_PRE_MON_GRID_0.5-199601.txt
NCOLS      128
NROWS       72
XLLCORNER    72.000000000000    
YLLCORNER    18.000000000000    
CELLSIZE    0.50000000000000    
NODATA_VALUE   -9999.000    
[rows 35 to 69 of 72, columns 0 to 78 of 128]
-9999.0 -9999.0 -9999.0 -9999.0 -9999.0 -9999.0 -9999.0 1.6 0.8 0.3 0.1 0.0 0.0 0.0 0.0 0.2 0.0 0.1 0.2 0.0 0.0 0.0 0.0 0.0 0.0 0.0 0.0 0.0 0.1 0.1 0.3 0.6 0.9 1.4 1.9 1.9 2.5 2.3 3.0 3.0 1.1 3.2 2.8 1.6 0.8 0.4 1.1 1.5 2.4 2.4 2.6 3.1 3.0 1.8 1.3 2.3 2.9 3.3 3.2 3.6 4.8 3.1 2.4 3.0 3.6 1.6 2.4 3.4 3.3 4.1 3.7 4.3 5.8 7.0 6.3 4.8 2.7 2.6 2.6
-9999.0 -9999.0 -9999.0 -9999.0 -9999.0 -9999.0 -9999.0 2.6 1.1 0.5 0.1 0.1 0.0 0.0 0.0 0.0 0.0 0.0 0.0 0.0 0.0 0.0 0.0 0.0 0.0 0.0 0.0 0.0 0.1 0.2 0.4 0.7 1.2 1.9 2.2 2.7 2.7 3.2 3.1 2.7 2.7 2.6 2.9 4.6 2.3 1.4 2.4 3.1 4.8 4.5 5.2 4.3 3.2 2.4 1.6 2.0 2.8 3.5 3.6 4.0 5.2 6.6 5.2 6.1 4.7 3.8 4.0 5.0 7.4 5.8 6.3 7.1 8.0 8.5 6.6 5.8 4.0 2.6 2.2
-9999.0 -9999.0 -9999.0 -9999.0 -9999.0 -9999.0 -9999.0 -9999.0 -9999.0 0.7 0.2 0.1 0.0 0.0 0.0 0.0 0.0 0.0 0.0 0.0 0.0 0.0 0.0 0.0 0.0 0.0 0.0 0.0 0.1 0.2 0.4 0.8 1.3 2.1 2.4 2.9 3.2 3.6 3.2 3.3 2.7 3.0 2.8 2.6 3.7 4.1 4.7 5.0 5.6 5.8 6.0 5.2 4.1 2.9 2.1 2.0 2.8 3.4 3.3 3.8 4.5 5.7 7.3 6.0 6.5 5.9 6.6 7.6 9.4 8.0 8.8 9.1 9.7 9.9 8.9 4.9 3.7 3.3 3.2
-9999.0 -9999.0 -9999.0 -9999.0 -9999.0 -9999.0 -9999.0 -9999.0 -9999.0 -9999.0 -9999.0 0.1 0.1 0.0 0.0 0.0 0.0 0.0 0.0 0.0 0.0 0.0 0.0 0.0 0.0 0.0 0.0 0.1 0.1 0.2 0.5 1.0 1.4 2.2 2.8 4.2 4.0 4.2 6.0 3.9 4.1 3.2 2.8 3.0 5.5 4.8 7.4 6.7 7.4 7.2 6.4 6.1 5.3 4.0 3.2 2.5 2.3 2.5 2.8 3.0 3.8 4.4 5.2 5.8 7.2 7.2 8.2 9.4 9.2 8.9 8.8 9.8 9.7 9.0 6.5 5.7 5.1 5.3 4.8
-9999.0 -9999.0 -9999.0 -9999.0 -9999.0 -9999.0 -9999.0 -9999.0 -9999.0 -9999.0 -9999.0 -9999.0 0.1 0.0 0.0 0.0 0.0 0.0 0.0 0.0 0.0 0.0 0.0 0.0 0.0 0.0 0.0 0.1 0.1 0.3 0.5 0.9 1.5 2.5 3.5 4.2 6.1 5.2 4.5 3.5 3.0 2.9 3.1 4.5 5.4 7.0 8.6 7.6 8.1 8.0 8.7 8.2 6.9 5.6 4.8 4.3 3.6 3.4 1.9 3.1 3.3 5.2 6.7 6.5 5.4 9.7 8.7 10.2 9.8 9.0 6.5 5.1 4.7 5.6 7.5 13.2 9.8 8.5 6.7
-9999.0 -9999.0 -9999.0 -9999.0 -9999.0 -9999.0 -9999.0 -9999.0 -9999.0 -9999.0 -9999.0 -9999.0 0.4 0.1 0.1 0.0 0.0 0.0 0.0 0.0 0.0 0.0 0.0 0.0 0.0 0.0 0.1 0.1 0.1 0.2 0.4 0.9 1.4 2.2 3.4 4.2 6.2 6.8 6.1 4.9 3.4 3.1 5.0 4.5 7.2 9.9 9.3 9.2 7.8 8.9 8.7 9.3 8.7 8.8 7.9 7.6 5.2 4.0 2.0 2.1 2.9 4.4 7.9 11.4 3.9 8.1 5.0 7.5 7.9 7.8 9.4 14.4 16.3 10.8 11.7 11.9 12.0 12.7 10.0
-9999.0 -9999.0 -9999.0 -9999.0 -9999.0 -9999.0 -9999.0 -9999.0 -9999.0 -9999.0 -9999.0 -9999.0 -9999.0 0.3 0.2 0.1 0.0 0.0 0.0 0.0 0.0 0.1 0.1 0.1 0.1 0.1 0.1 0.1 0.1 0.2 0.3 0.5 1.3 2.1 2.6 3.8 5.2 6.6 9.7 7.0 5.4 5.5 5.5 8.2 8.4 9.5 11.9 12.8 12.1 10.7 10.2 9.7 10.3 13.2 12.8 11.6 8.2 6.5 7.7 5.7 6.7 7.0 10.6 5.7 1.0 4.7 9.4 10.9 12.7 9.7 5.2 4.8 7.6 10.2 15.1 13.9 14.4 14.0 13.2
-9999.0 -9999.0 -9999.0 -9999.0 -9999.0 -9999.0 -9999.0 -9999.0 -9999.0 -9999.0 -9999.0 -9999.0 1.8 1.4 0.7 0.3 0.3 0.2 0.2 0.2 0.2 0.2 0.2 0.1 0.1 0.1 0.1 0.1 0.1 0.2 0.2 0.3 1.0 1.3 2.3 3.1 5.4 5.3 5.6 5.4 7.8 9.7 11.5 7.4 10.5 12.8 13.1 11.7 11.3 10.3 11.4 12.8 11.8 14.4 14.8 14.4 13.6 6.2 8.3 6.7 9.2 13.7 13.9 18.8 12.5 9.0 4.1 10.2 17.6 18.2 13.6 7.2 5.1 5.5 7.5 9.8 12.0 15.2 16.2
-9999.0 -9999.0 -9999.0 -9999.0 -9999.0 -9999.0 -9999.0 -9999.0 -9999.0 -9999.0 -9999.0 -9999.0 4.8 2.4 1.7 2.4 1.5 0.8 0.8 0.9 0.7 0.7 0.6 0.5 0.3 0.2 0.1 0.1 0.1 0.1 0.1 0.2 0.6 0.7 1.1 2.0 2.8 4.2 4.6 3.3 3.6 3.8 5.2 8.0 11.2 14.3 17.2 15.4 12.6 7.3 7.1 10.1 9.5 11.0 14.0 14.4 15.3 14.3 11.3 14.0 16.7 20.7 13.6 11.1 11.4 4.3 11.7 10.5 11.9 11.6 8.4 5.4 5.4 10.7 16.2 10.6 8.8 12.8 15.6
-9999.0 -9999.0 -9999.0 -9999.0 -9999.0 -9999.0 -9999.0 -9999.0 -9999.0 -9999.0 -9999.0 -9999.0 6.7 6.5 4.2 3.5 3.0 3.8 2.8 2.7 3.1 2.8 1.7 1.5 0.9 0.8 0.4 0.4 0.1 0.1 0.1 0.3 0.2 0.3 0.6 1.1 1.7 2.7 2.8 3.6 3.1 2.7 9.0 5.2 11.5 17.3 18.3 13.8 7.7 5.7 5.4 4.3 11.9 13.9 14.0 11.9 15.3 15.4 15.2 11.8 13.2 16.1 27.4 13.9 6.1 4.7 8.9 13.1 14.9 12.3 9.8 10.9 10.5 16.5 46.8 21.2 37.1 10.3 15.9
-9999.0 -9999.0 -9999.0 -9999.0 -9999.0 -9999.0 -9999.0 -9999.0 -9999.0 -9999.0 -9999.0 -9999.0 -9999.0 15.8 12.2 8.2 7.7 6.9 7.3 7.1 8.4 5.3 5.0 4.2 2.0 1.4 0.7 0.2 0.2 0.1 0.1 0.1 0.2 0.2 0.4 1.2 1.8 1.8 2.6 2.5 3.1 9.9 14.5 14.1 10.6 12.7 15.1 7.3 8.8 5.3 1.9 5.2 4.7 3.7 10.0 12.2 8.7 9.2 12.1 17.4 17.0 28.9 23.3 10.5 4.8 7.7 12.9 18.0 19.1 19.9 17.4 14.1 15.4 8.8 13.1 8.4 8.0 12.0 21.2
-9999.0 -9999.0 -9999.0 -9999.0 -9999.0 -9999.0 -9999.0 -9999.0 -9999.0 -9999.0 -9999.0 -9999.0 -9999.0 16.6 20.6 15.6 17.7 13.4 12.8 12.6 14.6 12.7 11.1 8.0 3.8 2.9 1.8 0.5 0.2 1.2 0.4 0.3 0.2 0.3 0.7 1.0 1.0 1.6 3.3 8.9 5.9 9.0 12.3 14.5 22.5 14.2 12.1 5.0 3.8 2.1 2.6 0.4 2.1 4.7 7.2 6.9 4.6 5.3 9.1 4.6 14.1 9.8 10.9 7.0 6.6 9.6 16.6 24.1 27.8 28.8 28.0 23.5 18.3 16.4 16.2 20.8 35.4 18.6 26.1
-9999.0 -9999.0 -9999.0 -9999.0 -9999.0 -9999.0 -9999.0 -9999.0 -9999.0 -9999.0 -9999.0 -9999.0 -9999.0 -9999.0 -9999.0 26.5 24.1 24.6 22.0 19.4 21.8 17.2 14.1 12.1 10.0 6.9 8.2 3.3 3.9 0.5 0.5 0.3 1.1 1.0 0.6 2.0 3.4 1.1 2.8 5.1 11.1 14.9 15.5 14.1 7.3 5.0 8.4 2.0 3.0 0.2 0.4 2.9 0.5 1.0 0.1 2.1 2.7 0.3 6.6 10.1 4.9 8.9 11.5 9.2 7.0 8.6 16.6 27.7 33.4 33.9 33.2 28.4 28.3 28.3 26.2 42.8 44.1 58.1 42.8
-9999.0 -9999.0 -9999.0 -9999.0 -9999.0 -9999.0 -9999.0 -9999.0 -9999.0 -9999.0 -9999.0 -9999.0 -9999.0 -9999.0 -9999.0 -9999.0 -9999.0 20.8 25.5 -9999.0 23.0 27.8 19.8 16.3 17.0 12.2 14.6 7.6 2.5 3.2 1.0 0.2 2.7 0.5 0.4 0.7 4.2 0.3 2.7 5.5 9.6 17.4 14.3 10.7 1.9 3.4 3.7 8.0 1.1 1.1 0.2 0.1 0.2 0.5 1.0 1.4 0.4 2.9 3.6 6.0 2.5 7.6 9.3 7.9 7.1 8.7 17.0 27.9 32.2 28.5 26.5 29.1 35.1 34.5 45.3 59.9 59.1 59.3 64.3
-9999.0 -9999.0 -9999.0 -9999.0 -9999.0 -9999.0 -9999.0 -9999.0 -9999.0 -9999.0 -9999.0 -9999.0 -9999.0 -9999.0 -9999.0 -9999.0 -9999.0 -9999.0 -9999.0 -9999.0 -9999.0 34.0 33.9 38.0 26.2 14.4 10.9 7.8 5.8 1.9 1.5 0.2 0.6 1.0 0.7 0.9 0.5 0.6 0.6 0.2 0.4 17.0 17.9 12.4 1.3 5.5 7.5 2.3 6.6 24.2 0.8 3.3 2.1 0.2 0.4 1.4 1.6 0.7 5.4 2.8 2.0 6.1 6.8 7.7 9.1 13.7 23.2 30.5 30.5 21.3 16.1 23.9 30.2 35.7 48.5 61.4 67.6 71.4 83.4
-9999.0 -9999.0 -9999.0 -9999.0 -9999.0 -9999.0 -9999.0 -9999.0 -9999.0 -9999.0 -9999.0 -9999.0 -9999.0 -9999.0 -9999.0 -9999.0 -9999.0 -9999.0 -9999.0 -9999.0 -9999.0 -9999.0 -9999.0 23.3 31.1 24.0 18.7 15.6 17.3 7.2 5.9 5.3 11.2 5.4 6.4 4.4 6.3 2.2 9.2 15.2 14.6 21.5 8.3 2.4 1.2 7.2 4.0 4.1 6.7 9.4 3.4 2.9 2.4 1.5 0.9 0.2 0.9 2.1 0.1 1.8 2.7 7.5 11.6 9.1 12.1 20.4 32.2 36.1 25.6 17.6 18.0 20.2 26.0 39.4 45.5 58.3 76.8 88.8 101.6
-9999.0 -9999.0 -9999.0 -9999.0 -9999.0 -9999.0 -9999.0 -9999.0 -9999.0 -9999.0 -9999.0 -9999.0 -9999.0 -9999.0 -9999.0 -9999.0 -9999.0 -9999.0 -9999.0 -9999.0 -9999.0 -9999.0 -9999.0 -9999.0 -9999.0 13.6 21.0 51.3 38.3 43.4 21.5 9.2 7.5 10.2 6.2 13.1 27.2 8.9 21.9 14.7 29.1 11.0 0.1 0.4 2.9 8.4 9.9 22.3 5.9 11.2 6.2 5.5 5.1 4.4 3.3 1.3 1.1 0.3 1.3 1.2 2.2 5.5 10.3 7.3 11.9 21.9 31.7 28.0 26.9 24.9 17.8 19.7 20.8 39.4 51.9 58.1 72.6 94.2 118.5
-9999.0 -9999.0 -9999.0 -9999.0 -9999.0 -9999.0 -9999.0 -9999.0 -9999.0 -9999.0 -9999.0 -9999.0 -9999.0 -9999.0 -9999.0 -9999.0 -9999.0 -9999.0 -9999.0 -9999.0 -9999.0 -9999.0 -9999.0 -9999.0 -9999.0 -9999.0 -9999.0 9.4 7.0 15.4 13.5 11.4 33.0 7.2 16.9 1.0 9.9 9.5 1.6 11.5 22.7 1.8 0.2 1.5 4.0 8.8 15.2 22.6 31.1 26.2 44.0 46.0 11.7 11.2 6.4 3.3 0.8 0.2 0.7 0.4 0.7 3.3 2.9 4.4 7.5 11.7 23.4 30.7 27.1 22.9 20.6 28.5 21.6 38.2 47.0 60.4 82.9 95.1 100.9
-9999.0 -9999.0 -9999.0 -9999.0 -9999.0 -9999.0 -9999.0 -9999.0 -9999.0 -9999.0 -9999.0 -9999.0 -9999.0 -9999.0 -9999.0 -9999.0 -9999.0 -9999.0 -9999.0 -9999.0 -9999.0 -9999.0 -9999.0 -9999.0 -9999.0 -9999.0 -9999.0 -9999.0 -9999.0 -9999.0 -9999.0 -9999.0 -9999.0 5.3 19.9 -9999.0 -9999.0 -9999.0 0.6 5.9 0.9 0.4 0.9 2.0 4.6 8.3 -9999.0 -9999.0 -9999.0 -9999.0 -9999.0 -9999.0 25.1 9.5 9.2 3.2 0.7 0.1 0.1 0.1 0.5 1.8 1.6 2.6 5.0 9.9 18.1 25.4 25.7 22.6 20.4 30.2 37.1 36.1 55.5 65.1 82.4 82.7 89.4
-9999.0 -9999.0 -9999.0 -9999.0 -9999.0 -9999.0 -9999.0 -9999.0 -9999.0 -9999.0 -9999.0 -9999.0 -9999.0 -9999.0 -9999.0 -9999.0 -9999.0 -9999.0 -9999.0 -9999.0 -9999.0 -9999.0 -9999.0 -9999.0 -9999.0 -9999.0 -9999.0 -9999.0 -9999.0 -9999.0 -9999.0 -9999.0 -9999.0 -9999.0 -9999.0 -9999.0 -9999.0 -9999.0 -9999.0 0.2 0.3 0.5 1.0 2.1 -9999.0 -9999.0 -9999.0 -9999.0 -9999.0 -9999.0 -9999.0 -9999.0 18.6 8.4 5.2 2.0 0.4 0.1 0.1 0.1 0.3 1.0 2.2 2.6 7.5 13.5 20.7 21.2 19.6 23.6 29.5 31.8 29.1 45.0 51.7 66.3 75.2 79.5 87.9
-9999.0 -9999.0 -9999.0 -9999.0 -9999.0 -9999.0 -9999.0 -9999.0 -9999.0 -9999.0 -9999.0 -9999.0 -9999.0 -9999.0 -9999.0 -9999.0 -9999.0 -9999.0 -9999.0 -9999.0 -9999.0 -9999.0 -9999.0 -9999.0 -9999.0 -9999.0 -9999.0 -9999.0 -9999.0 -9999.0 -9999.0 -9999.0 -9999.0 -9999.0 -9999.0 -9999.0 -9999.0 -9999.0 -9999.0 -9999.0 -9999.0 -9999.0 -9999.0 -9999.0 -9999.0 -9999.0 -9999.0 -9999.0 -9999.0 -9999.0 -9999.0 -9999.0 14.6 6.3 3.0 1.2 0.2 0.1 0.1 0.2 0.4 0.8 5.0 4.3 9.9 15.2 17.1 16.5 15.1 18.0 24.2 29.8 46.5 43.2 52.8 65.8 75.9 85.5 91.8
-9999.0 -9999.0 -9999.0 -9999.0 -9999.0 -9999.0 -9999.0 -9999.0 -9999.0 -9999.0 -9999.0 -9999.0 -9999.0 -9999.0 -9999.0 -9999.0 -9999.0 -9999.0 -9999.0 -9999.0 -9999.0 -9999.0 -9999.0 -9999.0 -9999.0 -9999.0 -9999.0 -9999.0 -9999.0 -9999.0 -9999.0 -9999.0 -9999.0 -9999.0 -9999.0 -9999.0 -9999.0 -9999.0 -9999.0 -9999.0 -9999.0 -9999.0 -9999.0 -9999.0 -9999.0 -9999.0 -9999.0 -9999.0 -9999.0 -9999.0 -9999.0 7.6 6.1 3.8 2.4 0.8 0.4 0.2 0.2 0.3 0.6 1.2 2.2 5.6 11.8 18.1 17.3 11.6 12.9 13.0 17.7 23.5 25.9 34.2 47.3 64.8 76.0 100.5 98.8
-9999.0 -9999.0 -9999.0 -9999.0 -9999.0 -9999.0 -9999.0 -9999.0 -9999.0 -9999.0 -9999.0 -9999.0 -9999.0 -9999.0 -9999.0 -9999.0 -9999.0 -9999.0 -9999.0 -9999.0 -9999.0 -9999.0 -9999.0 -9999.0 -9999.0 -9999.0 -9999.0 -9999.0 -9999.0 -9999.0 -9999.0 -9999.0 -9999.0 -9999.0 -9999.0 -9999.0 -9999.0 -9999.0 -9999.0 -9999.0 -9999.0 -9999.0 -9999.0 -9999.0 -9999.0 -9999.0 -9999.0 -9999.0 -9999.0 -9999.0 3.2 3.5 2.9 2.2 1.7 1.1 1.3 1.4 0.6 0.4 0.7 0.9 2.5 6.3 12.9 18.5 20.7 13.9 14.3 10.1 13.8 15.1 21.1 29.7 38.6 50.6 83.1 77.8 102.9
-9999.0 -9999.0 -9999.0 -9999.0 -9999.0 -9999.0 -9999.0 -9999.0 -9999.0 -9999.0 -9999.0 -9999.0 -9999.0 -9999.0 -9999.0 -9999.0 -9999.0 -9999.0 -9999.0 -9999.0 -9999.0 -9999.0 -9999.0 -9999.0 -9999.0 -9999.0 -9999.0 -9999.0 -9999.0 -9999.0 -9999.0 -9999.0 -9999.0 -9999.0 -9999.0 -9999.0 -9999.0 -9999.0 -9999.0 -9999.0 -9999.0 -9999.0 -9999.0 -9999.0 -9999.0 -9999.0 -9999.0 -9999.0 -9999.0 -9999.0 0.9 1.7 0.8 1.2 1.2 1.5 2.9 1.0 0.6 0.5 0.4 0.6 1.4 4.8 10.3 11.3 13.8 9.4 9.6 7.9 11.3 16.2 21.4 25.3 31.0 43.2 53.6 76.4 80.5
-9999.0 -9999.0 -9999.0 -9999.0 -9999.0 -9999.0 -9999.0 -9999.0 -9999.0 -9999.0 -9999.0 -9999.0 -9999.0 -9999.0 -9999.0 -9999.0 -9999.0 -9999.0 -9999.0 -9999.0 -9999.0 -9999.0 -9999.0 -9999.0 -9999.0 -9999.0 -9999.0 -9999.0 -9999.0 -9999.0 -9999.0 -9999.0 -9999.0 -9999.0 -9999.0 -9999.0 -9999.0 -9999.0 -9999.0 -9999.0 -9999.0 -9999.0 -9999.0 -9999.0 -9999.0 -9999.0 -9999.0 -9999.0 -9999.0 -9999.0 0.2 0.2 0.3 0.7 1.0 1.3 0.7 0.9 0.6 0.3 0.3 0.5 1.1 2.0 5.3 6.3 5.8 5.0 5.2 10.8 11.8 22.4 25.6 26.2 28.6 34.4 36.0 53.5 51.2
-9999.0 -9999.0 -9999.0 -9999.0 -9999.0 -9999.0 -9999.0 -9999.0 -9999.0 -9999.0 -9999.0 -9999.0 -9999.0 -9999.0 -9999.0 -9999.0 -9999.0 -9999.0 -9999.0 -9999.0 -9999.0 -9999.0 -9999.0 -9999.0 -9999.0 -9999.0 -9999.0 -9999.0 -9999.0 -9999.0 -9999.0 -9999.0 -9999.0 -9999.0 -9999.0 -9999.0 -9999.0 -9999.0 -9999.0 -9999.0 -9999.0 -9999.0 -9999.0 -9999.0 -9999.0 -9999.0 -9999.0 -9999.0 -9999.0 -9999.0 0.1 0.2 0.2 0.4 0.5 0.4 0.8 0.4 0.4 0.2 0.5 0.7 0.1 1.1 2.9 3.6 5.1 5.0 9.8 5.1 13.2 22.2 29.7 28.6 30.9 35.9 36.4 42.2 30.9
-9999.0 -9999.0 -9999.0 -9999.0 -9999.0 -9999.0 -9999.0 -9999.0 -9999.0 -9999.0 -9999.0 -9999.0 -9999.0 -9999.0 -9999.0 -9999.0 -9999.0 -9999.0 -9999.0 -9999.0 -9999.0 -9999.0 -9999.0 -9999.0 -9999.0 -9999.0 -9999.0 -9999.0 -9999.0 -9999.0 -9999.0 -9999.0 -9999.0 -9999.0 -9999.0 -9999.0 -9999.0 -9999.0 -9999.0 -9999.0 -9999.0 -9999.0 -9999.0 -9999.0 -9999.0 -9999.0 -9999.0 -9999.0 -9999.0 -9999.0 -9999.0 -9999.0 -9999.0 0.3 0.6 0.5 0.3 0.3 0.2 0.2 3.3 0.4 3.4 1.3 1.8 2.2 5.3 3.7 9.6 12.5 14.2 19.3 24.1 26.9 33.8 46.3 48.7 41.7 27.8
-9999.0 -9999.0 -9999.0 -9999.0 -9999.0 -9999.0 -9999.0 -9999.0 -9999.0 -9999.0 -9999.0 -9999.0 -9999.0 -9999.0 -9999.0 -9999.0 -9999.0 -9999.0 -9999.0 -9999.0 -9999.0 -9999.0 -9999.0 -9999.0 -9999.0 -9999.0 -9999.0 -9999.0 -9999.0 -9999.0 -9999.0 -9999.0 -9999.0 -9999.0 -9999.0 -9999.0 -9999.0 -9999.0 -9999.0 -9999.0 -9999.0 -9999.0 -9999.0 -9999.0 -9999.0 -9999.0 -9999.0 -9999.0 -9999.0 -9999.0 -9999.0 -9999.0 -9999.0 0.2 0.4 0.1 0.2 0.2 0.3 1.7 1.5 0.9 5.1 1.3 1.6 2.1 1.9 9.0 8.7 12.3 13.8 17.2 19.9 24.4 34.7 44.8 51.5 38.6 24.9
-9999.0 -9999.0 -9999.0 -9999.0 -9999.0 -9999.0 -9999.0 -9999.0 -9999.0 -9999.0 -9999.0 -9999.0 -9999.0 -9999.0 -9999.0 -9999.0 -9999.0 -9999.0 -9999.0 -9999.0 -9999.0 -9999.0 -9999.0 -9999.0 -9999.0 -9999.0 -9999.0 -9999.0 -9999.0 -9999.0 -9999.0 -9999.0 -9999.0 -9999.0 -9999.0 -9999.0 -9999.0 -9999.0 -9999.0 -9999.0 -9999.0 -9999.0 -9999.0 -9999.0 -9999.0 -9999.0 -9999.0 -9999.0 -9999.0 -9999.0 -9999.0 -9999.0 -9999.0 0.1 0.2 0.2 0.2 0.2 0.3 0.6 2.7 3.3 7.4 7.9 2.2 -9999.0 -9999.0 -9999.0 14.6 15.6 19.7 23.8 25.0 27.0 33.1 39.4 44.4 36.9 18.0
-9999.0 -9999.0 -9999.0 -9999.0 -9999.0 -9999.0 -9999.0 -9999.0 -9999.0 -9999.0 -9999.0 -9999.0 -9999.0 -9999.0 -9999.0 -9999.0 -9999.0 -9999.0 -9999.0 -9999.0 -9999.0 -9999.0 -9999.0 -9999.0 -9999.0 -9999.0 -9999.0 -9999.0 -9999.0 -9999.0 -9999.0 -9999.0 -9999.0 -9999.0 -9999.0 -9999.0 -9999.0 -9999.0 -9999.0 -9999.0 -9999.0 -9999.0 -9999.0 -9999.0 -9999.0 -9999.0 -9999.0 -9999.0 -9999.0 -9999.0 -9999.0 -9999.0 -9999.0 -9999.0 0.1 0.1 0.1 0.1 0.3 1.5 0.8 -9999.0 -9999.0 -9999.0 -9999.0 -9999.0 -9999.0 -9999.0 15.3 22.7 30.6 32.0 31.1 28.0 26.8 28.4 30.0 27.0 18.2
-9999.0 -9999.0 -9999.0 -9999.0 -9999.0 -9999.0 -9999.0 -9999.0 -9999.0 -9999.0 -9999.0 -9999.0 -9999.0 -9999.0 -9999.0 -9999.0 -9999.0 -9999.0 -9999.0 -9999.0 -9999.0 -9999.0 -9999.0 -9999.0 -9999.0 -9999.0 -9999.0 -9999.0 -9999.0 -9999.0 -9999.0 -9999.0 -9999.0 -9999.0 -9999.0 -9999.0 -9999.0 -9999.0 -9999.0 -9999.0 -9999.0 -9999.0 -9999.0 -9999.0 -9999.0 -9999.0 -9999.0 -9999.0 -9999.0 -9999.0 -9999.0 -9999.0 -9999.0 -9999.0 -9999.0 0.1 0.1 0.1 0.1 0.6 1.1 -9999.0 -9999.0 -9999.0 -9999.0 -9999.0 -9999.0 -9999.0 -9999.0 -9999.0 29.5 -9999.0 -9999.0 -9999.0 -9999.0 -9999.0 15.3 -9999.0 -9999.0
-9999.0 -9999.0 -9999.0 -9999.0 -9999.0 -9999.0 -9999.0 -9999.0 -9999.0 -9999.0 -9999.0 -9999.0 -9999.0 -9999.0 -9999.0 -9999.0 -9999.0 -9999.0 -9999.0 -9999.0 -9999.0 -9999.0 -9999.0 -9999.0 -9999.0 -9999.0 -9999.0 -9999.0 -9999.0 -9999.0 -9999.0 -9999.0 -9999.0 -9999.0 -9999.0 -9999.0 -9999.0 -9999.0 -9999.0 -9999.0 -9999.0 -9999.0 -9999.0 -9999.0 -9999.0 -9999.0 -9999.0 -9999.0 -9999.0 -9999.0 -9999.0 -9999.0 -9999.0 -9999.0 -9999.0 -9999.0 -9999.0 -9999.0 0.2 0.2 -9999.0 -9999.0 -9999.0 -9999.0 -9999.0 -9999.0 -9999.0 -9999.0 -9999.0 -9999.0 -9999.0 -9999.0 -9999.0 -9999.0 -9999.0 7.3 7.7 -9999.0 -9999.0
-9999.0 -9999.0 -9999.0 -9999.0 -9999.0 -9999.0 -9999.0 -9999.0 -9999.0 -9999.0 -9999.0 -9999.0 -9999.0 -9999.0 -9999.0 -9999.0 -9999.0 -9999.0 -9999.0 -9999.0 -9999.0 -9999.0 -9999.0 -9999.0 -9999.0 -9999.0 -9999.0 -9999.0 -9999.0 -9999.0 -9999.0 -9999.0 -9999.0 -9999.0 -9999.0 -9999.0 -9999.0 -9999.0 -9999.0 -9999.0 -9999.0 -9999.0 -9999.0 -9999.0 -9999.0 -9999.0 -9999.0 -9999.0 -9999.0 -9999.0 -9999.0 -9999.0 -9999.0 -9999.0 -9999.0 -9999.0 -9999.0 -9999.0 -9999.0 -9999.0 -9999.0 -9999.0 -9999.0 -9999.0 -9999.0 -9999.0 -9999.0 -9999.0 -9999.0 -9999.0 -9999.0 -9999.0 -9999.0 -9999.0 -9999.0 -9999.0 -9999.0 -9999.0 -9999.0
-9999.0 -9999.0 -9999.0 -9999.0 -9999.0 -9999.0 -9999.0 -9999.0 -9999.0 -9999.0 -9999.0 -9999.0 -9999.0 -9999.0 -9999.0 -9999.0 -9999.0 -9999.0 -9999.0 -9999.0 -9999.0 -9999.0 -9999.0 -9999.0 -9999.0 -9999.0 -9999.0 -9999.0 -9999.0 -9999.0 -9999.0 -9999.0 -9999.0 -9999.0 -9999.0 -9999.0 -9999.0 -9999.0 -9999.0 -9999.0 -9999.0 -9999.0 -9999.0 -9999.0 -9999.0 -9999.0 -9999.0 -9999.0 -9999.0 -9999.0 -9999.0 -9999.0 -9999.0 -9999.0 -9999.0 -9999.0 -9999.0 -9999.0 -9999.0 -9999.0 -9999.0 -9999.0 -9999.0 -9999.0 -9999.0 -9999.0 -9999.0 -9999.0 -9999.0 -9999.0 -9999.0 -9999.0 -9999.0 -9999.0 -9999.0 5.5 7.3 9.4 -9999.0
-9999.0 -9999.0 -9999.0 -9999.0 -9999.0 -9999.0 -9999.0 -9999.0 -9999.0 -9999.0 -9999.0 -9999.0 -9999.0 -9999.0 -9999.0 -9999.0 -9999.0 -9999.0 -9999.0 -9999.0 -9999.0 -9999.0 -9999.0 -9999.0 -9999.0 -9999.0 -9999.0 -9999.0 -9999.0 -9999.0 -9999.0 -9999.0 -9999.0 -9999.0 -9999.0 -9999.0 -9999.0 -9999.0 -9999.0 -9999.0 -9999.0 -9999.0 -9999.0 -9999.0 -9999.0 -9999.0 -9999.0 -9999.0 -9999.0 -9999.0 -9999.0 -9999.0 -9999.0 -9999.0 -9999.0 -9999.0 -9999.0 -9999.0 -9999.0 -9999.0 -9999.0 -9999.0 -9999.0 -9999.0 -9999.0 -9999.0 -9999.0 -9999.0 -9999.0 -9999.0 -9999.0 -9999.0 -9999.0 0.8 4.3 6.7 11.1 -9999.0 -9999.0
