program/excelProcessViaJava/data/SURF_CLI_CHN_PRE_MON_GRID_0.5-200402.txt
NCOLS      128
NROWS       72
XLLCORNER    72.000000000000    
YLLCORNER    18.000000000000    
CELLSIZE    0.50000000000000    
NODATA_VALUE   -9999.000    
[rows 35 to 69 of 72, columns 0 to 78 of 128]
-9999.0 -9999.0 -9999.0 -9999.0 -9999.0 -9999.0 -9999.0 0.0 0.0 0.0 0.0 0.0 0.0 0.0 0.0 0.1 0.1 0.1 0.1 0.0 0.0 0.0 0.0 0.0 0.0 0.0 0.0 0.0 0.0 0.0 0.1 0.1 0.1 0.1 0.2 0.2 0.3 0.2 0.3 0.3 0.1 0.4 0.4 0.3 0.2 0.2 0.2 0.1 0.2 0.5 1.7 3.6 3.6 1.1 1.0 1.8 1.9 2.2 3.5 4.8 7.0 4.1 2.9 3.6 4.3 1.0 1.4 1.9 1.7 2.3 1.9 2.4 3.9 5.9 10.0 13.7 15.0 15.0 15.4
-9999.0 -9999.0 -9999.0 -9999.0 -9999.0 -9999.0 -9999.0 0.0 0.0 0.0 0.0 0.0 0.0 0.1 0.1 0.1 0.1 0.1 0.1 0.0 0.0 0.0 0.0 0.0 0.0 0.0 0.0 0.0 0.0 0.1 0.1 0.1 0.1 0.2 0.2 0.2 0.2 0.3 0.3 0.2 0.3 0.4 0.5 1.1 0.5 0.3 0.3 0.3 0.7 0.6 1.4 1.4 2.3 1.8 1.3 2.1 2.6 3.0 3.4 4.1 5.1 7.0 5.2 7.0 4.9 3.9 3.9 4.5 7.6 5.0 5.8 7.2 9.6 13.3 19.7 21.0 19.1 15.7 13.1
-9999.0 -9999.0 -9999.0 -9999.0 -9999.0 -9999.0 -9999.0 -9999.0 -9999.0 0.0 0.0 0.0 0.0 0.1 0.1 0.1 0.1 0.1 0.1 0.1 0.1 0.1 0.1 0.0 0.0 0.0 0.0 0.1 0.1 0.1 0.1 0.1 0.2 0.2 0.2 0.3 0.3 0.3 0.3 0.3 0.3 0.5 0.7 0.8 1.1 1.1 1.0 0.9 0.9 1.0 1.5 1.6 1.8 2.2 2.1 2.4 3.0 3.2 3.0 3.1 3.4 5.0 7.7 4.9 6.8 6.4 6.8 8.4 14.1 11.0 11.6 10.0 12.1 17.6 23.8 30.7 22.9 15.0 10.7
-9999.0 -9999.0 -9999.0 -9999.0 -9999.0 -9999.0 -9999.0 -9999.0 -9999.0 -9999.0 -9999.0 0.0 0.0 0.1 0.1 0.1 0.1 0.1 0.1 0.1 0.1 0.1 0.1 0.1 0.1 0.1 0.1 0.1 0.1 0.1 0.1 0.1 0.2 0.2 0.3 0.3 0.3 0.3 0.6 0.4 0.6 0.7 1.0 1.3 2.4 1.8 2.9 1.8 2.0 1.8 1.5 1.9 2.4 3.0 3.5 3.2 2.9 3.0 2.8 2.3 2.8 3.3 4.5 5.3 8.3 5.7 6.7 12.1 17.4 19.4 16.5 14.2 12.6 19.6 38.8 35.2 22.9 12.4 10.3
-9999.0 -9999.0 -9999.0 -9999.0 -9999.0 -9999.0 -9999.0 -9999.0 -9999.0 -9999.0 -9999.0 -9999.0 0.0 0.1 0.1 0.1 0.1 0.1 0.1 0.1 0.1 0.1 0.1 0.1 0.1 0.1 0.1 0.1 0.1 0.1 0.1 0.2 0.2 0.3 0.3 0.4 0.6 0.5 0.4 0.5 0.6 1.0 1.6 2.6 3.3 3.9 4.3 2.5 2.4 2.3 3.6 3.7 3.8 4.4 5.2 5.2 4.7 4.6 2.6 3.2 2.6 4.7 7.3 8.0 5.5 14.8 10.5 17.6 23.7 28.0 19.2 14.4 17.2 29.0 35.4 32.2 15.2 13.7 16.1
-9999.0 -9999.0 -9999.0 -9999.0 -9999.0 -9999.0 -9999.0 -9999.0 -9999.0 -9999.0 -9999.0 -9999.0 0.1 0.1 0.1 0.1 0.1 0.1 0.1 0.1 0.1 0.1 0.1 0.1 0.2 0.1 0.1 0.2 0.1 0.2 0.2 0.2 0.2 0.3 0.4 0.5 0.6 0.7 0.7 0.8 0.9 1.4 3.0 3.6 5.5 7.1 5.5 4.0 2.0 2.9 3.1 4.7 5.0 6.9 6.8 7.5 6.1 5.8 3.9 2.9 2.8 4.9 9.8 15.5 5.7 13.2 7.8 16.2 23.5 31.0 41.3 53.5 55.4 41.6 37.3 23.8 14.6 21.9 26.7
-9999.0 -9999.0 -9999.0 -9999.0 -9999.0 -9999.0 -9999.0 -9999.0 -9999.0 -9999.0 -9999.0 -9999.0 -9999.0 0.1 0.1 0.1 0.1 0.1 0.2 0.2 0.2 0.2 0.2 0.2 0.2 0.2 0.1 0.1 0.1 0.1 0.2 0.2 0.2 0.3 0.4 0.5 0.6 0.8 1.6 1.4 1.7 2.8 4.1 6.9 7.7 7.8 8.4 7.8 6.4 5.0 5.0 4.7 6.1 11.4 10.4 9.4 7.6 7.4 8.1 6.2 5.8 7.5 13.3 12.0 1.8 8.5 17.4 24.5 35.7 41.9 43.1 44.0 49.1 49.0 45.1 27.8 18.8 17.7 20.3
-9999.0 -9999.0 -9999.0 -9999.0 -9999.0 -9999.0 -9999.0 -9999.0 -9999.0 -9999.0 -9999.0 -9999.0 0.1 0.1 0.1 0.1 0.1 0.1 0.2 0.2 0.2 0.2 0.2 0.3 0.3 0.2 0.2 0.2 0.2 0.1 0.2 0.2 0.2 0.3 0.4 0.6 0.8 0.9 1.0 1.3 2.8 5.2 8.2 7.7 10.3 11.3 9.6 6.4 5.8 5.4 8.1 11.0 8.6 11.1 9.7 9.0 9.6 6.4 7.6 6.1 7.0 11.1 16.7 24.9 24.4 17.6 11.4 28.8 43.6 55.8 59.3 54.3 45.9 33.2 25.4 19.6 16.3 15.3 14.9
-9999.0 -9999.0 -9999.0 -9999.0 -9999.0 -9999.0 -9999.0 -9999.0 -9999.0 -9999.0 -9999.0 -9999.0 0.1 0.1 0.1 0.1 0.1 0.1 0.1 0.2 0.2 0.2 0.3 0.3 0.4 0.4 0.3 0.2 0.2 0.2 0.2 0.2 0.2 0.3 0.4 0.6 0.8 1.0 1.1 1.2 1.9 3.4 5.9 9.0 11.3 12.5 14.1 11.5 9.2 4.0 5.0 9.9 7.8 7.4 7.7 6.4 7.8 8.5 7.8 9.0 10.8 14.9 19.1 22.1 22.5 5.3 18.0 23.0 33.8 42.2 45.8 43.0 38.1 42.0 42.2 24.0 17.1 15.2 11.8
-9999.0 -9999.0 -9999.0 -9999.0 -9999.0 -9999.0 -9999.0 -9999.0 -9999.0 -9999.0 -9999.0 -9999.0 0.0 0.1 0.1 0.1 0.1 0.1 0.1 0.1 0.2 0.2 0.3 0.3 0.3 0.2 0.2 0.1 0.1 0.1 0.1 0.1 0.2 0.3 0.4 0.6 0.8 1.1 1.2 1.6 2.2 3.8 8.6 8.0 11.4 15.0 15.5 10.4 5.3 5.4 6.7 5.2 16.6 16.8 10.6 4.6 6.6 7.9 8.6 7.7 9.8 14.2 22.7 23.2 8.2 1.6 5.5 12.1 21.3 27.6 31.6 40.0 38.2 45.4 75.2 39.2 46.2 16.5 13.4
-9999.0 -9999.0 -9999.0 -9999.0 -9999.0 -9999.0 -9999.0 -9999.0 -9999.0 -9999.0 -9999.0 -9999.0 -9999.0 0.1 0.1 0.1 0.1 0.1 0.1 0.1 0.2 0.2 0.2 0.2 0.3 0.3 0.2 0.2 0.1 0.1 0.1 0.1 0.1 0.2 0.3 0.5 0.8 1.3 1.6 1.9 2.9 7.4 12.0 13.3 10.2 9.9 12.0 4.3 9.8 8.4 4.2 11.1 8.8 4.4 10.3 9.4 4.4 5.2 7.4 11.4 11.9 21.4 20.9 15.4 1.2 2.3 5.6 11.1 17.6 26.6 27.7 26.3 33.8 21.6 32.3 29.3 30.7 24.7 20.0
-9999.0 -9999.0 -9999.0 -9999.0 -9999.0 -9999.0 -9999.0 -9999.0 -9999.0 -9999.0 -9999.0 -9999.0 -9999.0 0.1 0.1 0.1 0.1 0.1 0.1 0.1 0.2 0.2 0.3 0.3 0.4 0.3 0.2 0.2 0.1 0.1 0.0 0.1 0.1 0.1 0.2 0.4 0.8 1.4 2.2 4.5 4.5 7.5 11.0 13.0 18.8 11.4 9.8 3.8 5.0 5.0 8.6 2.2 7.5 11.2 12.4 8.2 4.5 5.1 7.8 6.1 12.0 12.7 14.6 6.2 3.7 7.1 14.3 21.1 29.3 30.6 28.1 25.4 23.8 28.0 33.9 42.9 48.6 37.5 26.7
-9999.0 -9999.0 -9999.0 -9999.0 -9999.0 -9999.0 -9999.0 -9999.0 -9999.0 -9999.0 -9999.0 -9999.0 -9999.0 -9999.0 -9999.0 0.1 0.1 0.1 0.1 0.2 0.2 0.3 0.4 0.5 0.4 0.3 0.2 0.1 0.1 0.0 0.0 0.0 0.1 0.1 0.1 0.4 1.1 1.2 2.1 3.2 6.3 9.5 11.5 11.6 7.2 5.1 7.2 2.3 5.1 0.7 3.3 13.5 5.2 5.8 0.9 5.2 5.5 3.5 9.0 11.8 11.2 14.6 16.3 9.8 6.6 12.9 23.5 31.2 39.1 42.5 34.8 26.0 37.8 40.0 40.1 59.7 61.9 62.1 43.6
-9999.0 -9999.0 -9999.0 -9999.0 -9999.0 -9999.0 -9999.0 -9999.0 -9999.0 -9999.0 -9999.0 -9999.0 -9999.0 -9999.0 -9999.0 -9999.0 -9999.0 2.0 0.5 -9999.0 0.7 0.5 0.9 1.0 0.6 0.5 0.3 0.1 0.1 0.0 0.0 0.0 0.1 0.1 0.1 0.2 1.0 0.5 1.4 2.7 4.7 9.1 9.2 8.2 6.0 4.7 15.9 10.3 2.5 4.6 0.7 2.7 0.5 6.0 6.6 6.2 3.0 7.5 8.8 12.0 9.6 13.7 15.4 12.2 10.7 16.1 24.1 33.5 39.3 44.0 33.7 49.8 52.5 43.1 54.8 73.1 80.7 80.1 70.2
-9999.0 -9999.0 -9999.0 -9999.0 -9999.0 -9999.0 -9999.0 -9999.0 -9999.0 -9999.0 -9999.0 -9999.0 -9999.0 -9999.0 -9999.0 -9999.0 -9999.0 -9999.0 -9999.0 -9999.0 -9999.0 1.2 1.2 1.1 1.2 1.6 1.1 0.5 0.2 0.1 0.0 0.1 0.1 0.1 0.1 0.1 0.2 0.3 0.4 0.6 1.1 6.9 8.7 7.5 5.1 5.2 30.8 4.8 13.1 47.4 5.7 18.6 15.9 3.0 4.8 7.7 7.0 4.6 13.1 12.6 9.3 13.7 14.0 16.6 17.5 18.7 22.6 30.3 32.9 38.9 42.9 52.8 51.9 47.8 54.8 73.8 94.8 101.7 94.7
-9999.0 -9999.0 -9999.0 -9999.0 -9999.0 -9999.0 -9999.0 -9999.0 -9999.0 -9999.0 -9999.0 -9999.0 -9999.0 -9999.0 -9999.0 -9999.0 -9999.0 -9999.0 -9999.0 -9999.0 -9999.0 -9999.0 -9999.0 5.9 2.9 2.9 2.2 1.2 0.3 0.2 0.1 0.1 0.2 0.2 0.3 0.3 0.8 0.3 1.5 2.9 3.3 6.4 3.4 2.2 4.9 38.7 11.0 9.3 13.7 15.6 7.8 16.9 8.8 10.2 5.8 1.4 5.4 9.1 7.0 13.4 18.7 27.2 28.0 15.8 17.8 22.7 27.7 32.0 43.0 39.5 53.0 52.2 54.1 62.0 59.6 72.5 96.6 108.2 105.8
-9999.0 -9999.0 -9999.0 -9999.0 -9999.0 -9999.0 -9999.0 -9999.0 -9999.0 -9999.0 -9999.0 -9999.0 -9999.0 -9999.0 -9999.0 -9999.0 -9999.0 -9999.0 -9999.0 -9999.0 -9999.0 -9999.0 -9999.0 -9999.0 -9999.0 14.0 6.7 1.9 1.2 1.2 0.4 0.4 0.5 0.6 0.5 1.2 3.8 0.9 3.0 1.8 5.3 2.1 2.7 3.1 21.4 42.2 31.3 68.5 11.9 19.6 21.7 20.7 24.9 22.2 12.2 6.7 6.7 4.7 9.6 12.9 21.7 31.7 28.4 14.6 17.1 24.3 30.5 36.9 48.0 52.4 43.9 46.7 49.9 67.2 74.1 71.1 80.2 100.8 132.0
-9999.0 -9999.0 -9999.0 -9999.0 -9999.0 -9999.0 -9999.0 -9999.0 -9999.0 -9999.0 -9999.0 -9999.0 -9999.0 -9999.0 -9999.0 -9999.0 -9999.0 -9999.0 -9999.0 -9999.0 -9999.0 -9999.0 -9999.0 -9999.0 -9999.0 -9999.0 -9999.0 18.4 16.4 5.2 3.3 2.6 2.1 2.2 2.0 2.7 1.3 1.1 0.6 1.2 2.9 0.7 4.4 18.2 26.9 41.3 57.6 70.5 83.2 49.8 92.2 98.2 35.1 34.6 23.2 14.2 5.0 2.5 7.3 8.1 10.3 25.7 16.7 14.8 14.0 14.3 23.7 32.0 36.0 38.2 36.7 47.6 48.7 65.9 67.2 71.9 107.6 117.8 107.1
-9999.0 -9999.0 -9999.0 -9999.0 -9999.0 -9999.0 -9999.0 -9999.0 -9999.0 -9999.0 -9999.0 -9999.0 -9999.0 -9999.0 -9999.0 -9999.0 -9999.0 -9999.0 -9999.0 -9999.0 -9999.0 -9999.0 -9999.0 -9999.0 -9999.0 -9999.0 -9999.0 -9999.0 -9999.0 -9999.0 -9999.0 -9999.0 -9999.0 6.8 3.9 -9999.0 -9999.0 -9999.0 2.7 1.3 1.8 4.0 3.8 20.1 31.3 39.2 -9999.0 -9999.0 -9999.0 -9999.0 -9999.0 -9999.0 63.4 33.0 30.6 11.8 3.0 0.5 0.8 1.4 6.1 15.6 14.6 12.6 10.9 13.0 20.1 31.9 40.4 36.8 34.2 45.6 59.5 58.6 84.5 85.3 131.0 112.8 110.5
-9999.0 -9999.0 -9999.0 -9999.0 -9999.0 -9999.0 -9999.0 -9999.0 -9999.0 -9999.0 -9999.0 -9999.0 -9999.0 -9999.0 -9999.0 -9999.0 -9999.0 -9999.0 -9999.0 -9999.0 -9999.0 -9999.0 -9999.0 -9999.0 -9999.0 -9999.0 -9999.0 -9999.0 -9999.0 -9999.0 -9999.0 -9999.0 -9999.0 -9999.0 -9999.0 -9999.0 -9999.0 -9999.0 -9999.0 11.5 11.9 13.8 16.7 20.4 -9999.0 -9999.0 -9999.0 -9999.0 -9999.0 -9999.0 -9999.0 -9999.0 47.5 28.4 15.6 4.9 0.6 0.1 0.0 0.1 1.5 7.8 11.8 12.2 10.7 13.5 21.4 33.2 43.0 52.0 51.2 53.3 53.0 74.2 72.7 100.4 122.4 112.5 125.9
-9999.0 -9999.0 -9999.0 -9999.0 -9999.0 -9999.0 -9999.0 -9999.0 -9999.0 -9999.0 -9999.0 -9999.0 -9999.0 -9999.0 -9999.0 -9999.0 -9999.0 -9999.0 -9999.0 -9999.0 -9999.0 -9999.0 -9999.0 -9999.0 -9999.0 -9999.0 -9999.0 -9999.0 -9999.0 -9999.0 -9999.0 -9999.0 -9999.0 -9999.0 -9999.0 -9999.0 -9999.0 -9999.0 -9999.0 -9999.0 -9999.0 -9999.0 -9999.0 -9999.0 -9999.0 -9999.0 -9999.0 -9999.0 -9999.0 -9999.0 -9999.0 -9999.0 31.3 20.9 6.8 3.2 0.1 0.0 0.1 0.2 2.0 8.1 15.6 15.5 15.3 18.1 23.1 32.3 42.7 51.2 55.8 62.1 90.7 79.4 90.5 88.9 114.2 97.6 85.2
-9999.0 -9999.0 -9999.0 -9999.0 -9999.0 -9999.0 -9999.0 -9999.0 -9999.0 -9999.0 -9999.0 -9999.0 -9999.0 -9999.0 -9999.0 -9999.0 -9999.0 -9999.0 -9999.0 -9999.0 -9999.0 -9999.0 -9999.0 -9999.0 -9999.0 -9999.0 -9999.0 -9999.0 -9999.0 -9999.0 -9999.0 -9999.0 -9999.0 -9999.0 -9999.0 -9999.0 -9999.0 -9999.0 -9999.0 -9999.0 -9999.0 -9999.0 -9999.0 -9999.0 -9999.0 -9999.0 -9999.0 -9999.0 -9999.0 -9999.0 -9999.0 14.1 12.7 11.6 1.4 0.5 0.2 0.2 0.4 0.7 6.2 12.0 20.5 23.2 24.8 25.9 26.9 24.4 35.3 40.4 48.9 58.3 55.0 53.3 69.0 72.2 97.7 67.6 85.2
-9999.0 -9999.0 -9999.0 -9999.0 -9999.0 -9999.0 -9999.0 -9999.0 -9999.0 -9999.0 -9999.0 -9999.0 -9999.0 -9999.0 -9999.0 -9999.0 -9999.0 -9999.0 -9999.0 -9999.0 -9999.0 -9999.0 -9999.0 -9999.0 -9999.0 -9999.0 -9999.0 -9999.0 -9999.0 -9999.0 -9999.0 -9999.0 -9999.0 -9999.0 -9999.0 -9999.0 -9999.0 -9999.0 -9999.0 -9999.0 -9999.0 -9999.0 -9999.0 -9999.0 -9999.0 -9999.0 -9999.0 -9999.0 -9999.0 -9999.0 5.2 9.8 9.5 7.2 2.2 1.4 1.2 1.5 1.9 4.7 10.0 15.4 21.5 26.4 34.3 37.5 34.8 25.1 30.4 31.3 43.4 44.8 48.6 62.7 70.9 78.3 49.4 83.9 55.7
-9999.0 -9999.0 -9999.0 -9999.0 -9999.0 -9999.0 -9999.0 -9999.0 -9999.0 -9999.0 -9999.0 -9999.0 -9999.0 -9999.0 -9999.0 -9999.0 -9999.0 -9999.0 -9999.0 -9999.0 -9999.0 -9999.0 -9999.0 -9999.0 -9999.0 -9999.0 -9999.0 -9999.0 -9999.0 -9999.0 -9999.0 -9999.0 -9999.0 -9999.0 -9999.0 -9999.0 -9999.0 -9999.0 -9999.0 -9999.0 -9999.0 -9999.0 -9999.0 -9999.0 -9999.0 -9999.0 -9999.0 -9999.0 -9999.0 -9999.0 1.7 11.2 2.8 6.7 5.3 3.7 3.4 3.7 4.4 6.4 11.1 16.7 19.0 25.5 34.4 37.7 32.5 20.8 22.5 30.2 41.6 47.5 49.2 47.9 41.9 37.8 55.3 48.6 52.6
-9999.0 -9999.0 -9999.0 -9999.0 -9999.0 -9999.0 -9999.0 -9999.0 -9999.0 -9999.0 -9999.0 -9999.0 -9999.0 -9999.0 -9999.0 -9999.0 -9999.0 -9999.0 -9999.0 -9999.0 -9999.0 -9999.0 -9999.0 -9999.0 -9999.0 -9999.0 -9999.0 -9999.0 -9999.0 -9999.0 -9999.0 -9999.0 -9999.0 -9999.0 -9999.0 -9999.0 -9999.0 -9999.0 -9999.0 -9999.0 -9999.0 -9999.0 -9999.0 -9999.0 -9999.0 -9999.0 -9999.0 -9999.0 -9999.0 -9999.0 0.4 2.2 1.2 10.2 5.1 4.8 5.9 5.4 6.4 7.0 13.6 18.8 18.2 21.2 25.1 27.3 23.2 19.1 23.1 33.8 41.8 51.1 37.1 42.6 31.5 37.4 61.9 55.0 58.1
-9999.0 -9999.0 -9999.0 -9999.0 -9999.0 -9999.0 -9999.0 -9999.0 -9999.0 -9999.0 -9999.0 -9999.0 -9999.0 -9999.0 -9999.0 -9999.0 -9999.0 -9999.0 -9999.0 -9999.0 -9999.0 -9999.0 -9999.0 -9999.0 -9999.0 -9999.0 -9999.0 -9999.0 -9999.0 -9999.0 -9999.0 -9999.0 -9999.0 -9999.0 -9999.0 -9999.0 -9999.0 -9999.0 -9999.0 -9999.0 -9999.0 -9999.0 -9999.0 -9999.0 -9999.0 -9999.0 -9999.0 -9999.0 -9999.0 -9999.0 2.6 6.7 4.3 6.2 5.4 6.4 3.2 5.1 6.4 8.3 16.5 20.0 19.0 15.9 14.4 14.2 14.9 16.6 25.4 30.4 36.5 32.6 29.8 33.4 32.0 47.3 62.8 59.5 62.2
-9999.0 -9999.0 -9999.0 -9999.0 -9999.0 -9999.0 -9999.0 -9999.0 -9999.0 -9999.0 -9999.0 -9999.0 -9999.0 -9999.0 -9999.0 -9999.0 -9999.0 -9999.0 -9999.0 -9999.0 -9999.0 -9999.0 -9999.0 -9999.0 -9999.0 -9999.0 -9999.0 -9999.0 -9999.0 -9999.0 -9999.0 -9999.0 -9999.0 -9999.0 -9999.0 -9999.0 -9999.0 -9999.0 -9999.0 -9999.0 -9999.0 -9999.0 -9999.0 -9999.0 -9999.0 -9999.0 -9999.0 -9999.0 -9999.0 -9999.0 -9999.0 -9999.0 -9999.0 1.7 1.3 1.5 2.5 3.9 3.5 8.7 22.5 21.0 17.8 14.8 9.1 7.4 9.0 13.4 23.4 30.0 27.4 22.5 21.6 28.3 41.4 54.0 63.2 60.0 56.7
-9999.0 -9999.0 -9999.0 -9999.0 -9999.0 -9999.0 -9999.0 -9999.0 -9999.0 -9999.0 -9999.0 -9999.0 -9999.0 -9999.0 -9999.0 -9999.0 -9999.0 -9999.0 -9999.0 -9999.0 -9999.0 -9999.0 -9999.0 -9999.0 -9999.0 -9999.0 -9999.0 -9999.0 -9999.0 -9999.0 -9999.0 -9999.0 -9999.0 -9999.0 -9999.0 -9999.0 -9999.0 -9999.0 -9999.0 -9999.0 -9999.0 -9999.0 -9999.0 -9999.0 -9999.0 -9999.0 -9999.0 -9999.0 -9999.0 -9999.0 -9999.0 -9999.0 -9999.0 0.8 0.3 5.1 1.2 1.0 3.8 15.9 20.8 22.2 26.4 23.6 14.9 9.4 11.8 11.9 16.2 18.8 17.9 18.7 23.4 35.2 52.3 64.8 63.9 66.2 64.7
-9999.0 -9999.0 -9999.0 -9999.0 -9999.0 -9999.0 -9999.0 -9999.0 -9999.0 -9999.0 -9999.0 -9999.0 -9999.0 -9999.0 -9999.0 -9999.0 -9999.0 -9999.0 -9999.0 -9999.0 -9999.0 -9999.0 -9999.0 -9999.0 -9999.0 -9999.0 -9999.0 -9999.0 -9999.0 -9999.0 -9999.0 -9999.0 -9999.0 -9999.0 -9999.0 -9999.0 -9999.0 -9999.0 -9999.0 -9999.0 -9999.0 -9999.0 -9999.0 -9999.0 -9999.0 -9999.0 -9999.0 -9999.0 -9999.0 -9999.0 -9999.0 -9999.0 -9999.0 0.9 0.1 2.2 2.4 2.0 5.0 10.8 25.5 32.4 33.8 23.6 25.7 -9999.0 -9999.0 -9999.0 12.9 12.8 16.9 24.4 33.8 46.3 60.0 68.0 66.4 70.9 82.7
-9999.0 -9999.0 -9999.0 -9999.0 -9999.0 -9999.0 -9999.0 -9999.0 -9999.0 -9999.0 -9999.0 -9999.0 -9999.0 -9999.0 -9999.0 -9999.0 -9999.0 -9999.0 -9999.0 -9999.0 -9999.0 -9999.0 -9999.0 -9999.0 -9999.0 -9999.0 -9999.0 -9999.0 -9999.0 -9999.0 -9999.0 -9999.0 -9999.0 -9999.0 -9999.0 -9999.0 -9999.0 -9999.0 -9999.0 -9999.0 -9999.0 -9999.0 -9999.0 -9999.0 -9999.0 -9999.0 -9999.0 -9999.0 -9999.0 -9999.0 -9999.0 -9999.0 -9999.0 -9999.0 1.7 2.7 1.5 1.9 9.4 20.8 18.4 -9999.0 -9999.0 -9999.0 -9999.0 -9999.0 -9999.0 -9999.0 11.8 14.9 24.5 34.5 47.3 58.5 64.2 64.5 66.5 73.3 78.7
-9999.0 -9999.0 -9999.0 -9999.0 -9999.0 -9999.0 -9999.0 -9999.0 -9999.0 -9999.0 -9999.0 -9999.0 -9999.0 -9999.0 -9999.0 -9999.0 -9999.0 -9999.0 -9999.0 -9999.0 -9999.0 -9999.0 -9999.0 -9999.0 -9999.0 -9999.0 -9999.0 -9999.0 -9999.0 -9999.0 -9999.0 -9999.0 -9999.0 -9999.0 -9999.0 -9999.0 -9999.0 -9999.0 -9999.0 -9999.0 -9999.0 -9999.0 -9999.0 -9999.0 -9999.0 -9999.0 -9999.0 -9999.0 -9999.0 -9999.0 -9999.0 -9999.0 -9999.0 -9999.0 -9999.0 3.4 13.5 8.3 9.0 19.3 24.6 -9999.0 -9999.0 -9999.0 -9999.0 -9999.0 -9999.0 -9999.0 -9999.0 -9999.0 30.2 -9999.0 -9999.0 -9999.0 -9999.0 -9999.0 63.0 -9999.0 -9999.0
-9999.0 -9999.0 -9999.0 -9999.0 -9999.0 -9999.0 -9999.0 -9999.0 -9999.0 -9999.0 -9999.0 -9999.0 -9999.0 -9999.0 -9999.0 -9999.0 -9999.0 -9999.0 -9999.0 -9999.0 -9999.0 -9999.0 -9999.0 -9999.0 -9999.0 -9999.0 -9999.0 -9999.0 -9999.0 -9999.0 -9999.0 -9999.0 -9999.0 -9999.0 -9999.0 -9999.0 -9999.0 -9999.0 -9999.0 -9999.0 -9999.0 -9999.0 -9999.0 -9999.0 -9999.0 -9999.0 -9999.0 -9999.0 -9999.0 -9999.0 -9999.0 -9999.0 -9999.0 -9999.0 -9999.0 -9999.0 -9999.0 -9999.0 16.4 17.6 -9999.0 -9999.0 -9999.0 -9999.0 -9999.0 -9999.0 -9999.0 -9999.0 -9999.0 -9999.0 -9999.0 -9999.0 -9999.0 -9999.0 -9999.0 63.0 62.6 -9999.0 -9999.0
-9999.0 -9999.0 -9999.0 -9999.0 -9999.0 -9999.0 -9999.0 -9999.0 -9999.0 -9999.0 -9999.0 -9999.0 -9999.0 -9999.0 -9999.0 -9999.0 -9999.0 -9999.0 -9999.0 -9999.0 -9999.0 -9999.0 -9999.0 -9999.0 -9999.0 -9999.0 -9999.0 -9999.0 -9999.0 -9999.0 -9999.0 -9999.0 -9999.0 -9999.0 -9999.0 -9999.0 -9999.0 -9999.0 -9999.0 -9999.0 -9999.0 -9999.0 -9999.0 -9999.0 -9999.0 -9999.0 -9999.0 -9999.0 -9999.0 -9999.0 -9999.0 -9999.0 -9999.0 -9999.0 -9999.0 -9999.0 -9999.0 -9999.0 -9999.0 -9999.0 -9999.0 -9999.0 -9999.0 -9999.0 -9999.0 -9999.0 -9999.0 -9999.0 -9999.0 -9999.0 -9999.0 -9999.0 -9999.0 -9999.0 -9999.0 -9999.0 -9999.0 -9999.0 -9999.0
-9999.0 -9999.0 -9999.0 -9999.0 -9999.0 -9999.0 -9999.0 -9999.0 -9999.0 -9999.0 -9999.0 -9999.0 -9999.0 -9999.0 -9999.0 -9999.0 -9999.0 -9999.0 -9999.0 -9999.0 -9999.0 -9999.0 -9999.0 -9999.0 -9999.0 -9999.0 -9999.0 -9999.0 -9999.0 -9999.0 -9999.0 -9999.0 -9999.0 -9999.0 -9999.0 -9999.0 -9999.0 -9999.0 -9999.0 -9999.0 -9999.0 -9999.0 -9999.0 -9999.0 -9999.0 -9999.0 -9999.0 -9999.0 -9999.0 -9999.0 -9999.0 -9999.0 -9999.0 -9999.0 -9999.0 -9999.0 -9999.0 -9999.0 -9999.0 -9999.0 -9999.0 -9999.0 -9999.0 -9999.0 -9999.0 -9999.0 -9999.0 -9999.0 -9999.0 -9999.0 -9999.0 -9999.0 -9999.0 -9999.0 -9999.0 65.0 69.6 73.9 -9999.0
-9999.0 -9999.0 -9999.0 -9999.0 -9999.0 -9999.0 -9999.0 -9999.0 -9999.0 -9999.0 -9999.0 -9999.0 -9999.0 -9999.0 -9999.0 -9999.0 -9999.0 -9999.0 -9999.0 -9999.0 -9999.0 -9999.0 -9999.0 -9999.0 -9999.0 -9999.0 -9999.0 -9999.0 -9999.0 -9999.0 -9999.0 -9999.0 -9999.0 -9999.0 -9999.0 -9999.0 -9999.0 -9999.0 -9999.0 -9999.0 -9999.0 -9999.0 -9999.0 -9999.0 -9999.0 -9999.0 -9999.0 -9999.0 -9999.0 -9999.0 -9999.0 -9999.0 -9999.0 -9999.0 -9999.0 -9999.0 -9999.0 -9999.0 -9999.0 -9999.0 -9999.0 -9999.0 -9999.0 -9999.0 -9999.0 -9999.0 -9999.0 -9999.0 -9999.0 -9999.0 -9999.0 -9999.0 -9999.0 42.1 48.7 54.2 62.5 -9999.0 -9999.0
