program/excelProcessViaJava/data/SURF_CLI_CHN_PRE_MON_GRID_0.5-198706.txt
NCOLS      128
NROWS       72
XLLCORNER    72.000000000000    
YLLCORNER    18.000000000000    
CELLSIZE    0.50000000000000    
NODATA_VALUE   -9999.000    
[rows 34 to 67 of 72, columns 0 to 75 of 128]
-9999.0 -9999.0 -9999.0 -9999.0 6.6 5.7 10.5 8.0 13.0 12.8 13.7 12.6 13.5 12.9 18.9 19.0 18.2 20.8 22.1 20.3 13.7 8.4 4.0 0.7 0.2 0.1 0.1 0.2 0.3 0.5 0.9 1.8 3.4 5.8 8.8 11.0 14.3 17.7 15.4 11.8 16.6 8.8 8.8 8.2 8.9 10.0 12.0 15.1 19.4 26.1 35.7 46.6 57.1 66.8 77.0 87.7 96.6 109.3 122.9 111.4 116.7 76.0 60.2 53.6 44.6 37.3 44.9 40.4 40.7 56.4 47.2 53.7 57.9 64.1 74.5 86.5
-9999.0 -9999.0 -9999.0 -9999.0 -9999.0 -9999.0 -9999.0 5.8 8.1 8.2 9.6 9.2 9.3 8.3 7.5 14.3 9.0 12.0 11.8 6.1 1.5 0.6 0.3 0.2 0.2 0.1 0.1 0.2 0.3 0.4 0.8 1.3 2.5 4.4 6.8 8.5 11.7 12.8 17.0 19.8 13.1 28.0 28.9 23.0 16.5 11.6 17.3 19.6 27.3 32.8 45.9 59.6 65.2 74.6 84.9 89.0 90.0 93.6 121.6 107.0 119.0 73.7 62.4 63.1 62.1 47.7 51.0 58.1 57.5 62.4 53.2 51.7 57.9 65.0 75.3 89.0
-9999.0 -9999.0 -9999.0 -9999.0 -9999.0 -9999.0 -9999.0 7.1 4.1 6.2 6.8 6.5 6.3 5.6 5.2 3.7 3.6 2.8 1.3 1.3 0.8 0.5 0.3 0.2 0.2 0.1 0.1 0.2 0.2 0.4 0.7 1.1 2.0 3.6 4.9 6.7 8.0 10.5 12.2 13.7 17.0 20.8 27.1 43.3 31.7 25.0 34.5 40.6 56.0 53.4 65.0 63.1 68.7 75.2 89.9 100.0 103.7 112.6 131.2 136.8 118.2 104.5 84.5 84.7 72.6 62.8 60.5 65.5 85.4 74.6 69.0 64.0 66.3 76.5 83.8 104.7
-9999.0 -9999.0 -9999.0 -9999.0 -9999.0 -9999.0 -9999.0 -9999.0 -9999.0 4.1 4.3 4.5 4.7 4.2 3.9 3.5 2.5 1.5 1.2 0.8 0.6 0.5 0.3 0.2 0.2 0.2 0.2 0.2 0.3 0.4 0.6 1.0 1.7 2.9 3.9 5.2 6.3 8.0 9.1 11.9 14.2 20.3 25.9 31.6 44.8 53.4 61.9 66.8 70.8 70.9 72.1 68.9 71.1 80.2 95.1 112.3 119.5 129.3 153.8 149.8 136.7 126.9 115.7 95.2 88.0 76.3 70.8 79.3 104.5 101.6 97.9 88.0 88.6 99.2 114.2 105.5
-9999.0 -9999.0 -9999.0 -9999.0 -9999.0 -9999.0 -9999.0 -9999.0 -9999.0 -9999.0 -9999.0 3.6 3.1 3.2 2.8 2.4 1.9 1.5 1.1 0.8 0.6 0.5 0.3 0.3 0.2 0.2 0.2 0.2 0.3 0.5 0.7 1.1 1.7 2.7 3.8 5.6 6.0 7.2 12.2 11.1 16.5 20.3 26.8 36.2 59.1 64.3 87.9 88.5 92.9 88.4 80.9 78.7 79.6 87.5 104.8 125.1 147.8 167.2 173.4 166.4 154.1 131.8 116.3 105.2 97.9 87.0 90.6 103.0 121.6 131.7 126.5 122.1 119.4 118.9 102.4 110.4
-9999.0 -9999.0 -9999.0 -9999.0 -9999.0 -9999.0 -9999.0 -9999.0 -9999.0 -9999.0 -9999.0 -9999.0 2.1 2.2 2.1 1.9 1.5 1.2 0.9 0.7 0.6 0.5 0.4 0.3 0.2 0.2 0.2 0.3 0.4 0.6 0.8 1.2 2.0 3.2 4.6 5.6 8.2 8.0 8.7 10.2 13.7 20.2 30.2 46.8 62.6 81.7 100.1 101.2 104.3 101.1 102.0 97.4 94.7 99.7 113.9 137.2 163.6 185.9 186.5 188.5 164.6 145.7 126.1 109.4 99.1 103.8 115.2 129.4 143.0 151.1 132.4 117.5 114.4 113.5 127.2 176.5
-9999.0 -9999.0 -9999.0 -9999.0 -9999.0 -9999.0 -9999.0 -9999.0 -9999.0 -9999.0 -9999.0 -9999.0 2.1 1.4 1.5 1.5 1.4 1.1 0.8 0.7 0.6 0.5 0.4 0.4 0.3 0.3 0.3 0.4 0.5 0.7 0.9 1.6 2.7 4.0 5.7 7.0 9.3 10.9 11.8 13.6 16.7 23.9 40.3 50.6 73.3 95.8 103.1 108.5 101.9 108.5 106.9 111.2 110.6 117.8 126.9 147.4 169.8 192.1 203.2 197.9 177.1 152.5 133.0 122.6 104.1 103.7 120.4 133.3 137.8 138.4 156.1 180.5 188.7 170.0 171.1 165.6
-9999.0 -9999.0 -9999.0 -9999.0 -9999.0 -9999.0 -9999.0 -9999.0 -9999.0 -9999.0 -9999.0 -9999.0 -9999.0 1.2 1.4 1.1 1.1 1.0 0.9 0.8 0.6 0.6 0.5 0.5 0.4 0.4 0.4 0.5 0.6 0.8 1.3 2.2 3.7 5.7 7.6 9.5 11.3 13.4 21.3 20.7 25.0 35.4 47.1 67.9 79.4 90.8 106.8 116.3 118.0 115.5 117.2 118.2 123.8 142.5 144.6 154.3 168.7 189.5 207.6 210.2 194.5 167.7 144.6 121.4 111.3 100.0 108.7 125.6 134.0 123.8 105.1 119.6 154.5 165.0 179.5 167.1
-9999.0 -9999.0 -9999.0 -9999.0 -9999.0 -9999.0 -9999.0 -9999.0 -9999.0 -9999.0 -9999.0 -9999.0 0.9 1.4 1.2 0.9 1.1 0.9 0.8 0.8 0.7 0.7 0.6 0.6 0.6 0.5 0.5 0.6 0.8 1.0 1.8 3.2 5.2 7.9 10.9 13.7 16.8 17.8 20.1 24.6 37.8 53.8 71.3 70.8 87.3 98.2 99.8 96.2 102.3 107.5 123.7 138.2 133.7 143.8 143.6 151.7 169.8 174.7 199.2 210.1 204.3 186.4 158.9 143.7 112.2 98.9 128.6 124.2 130.4 144.9 152.1 148.9 144.3 133.3 129.1 125.5
-9999.0 -9999.0 -9999.0 -9999.0 -9999.0 -9999.0 -9999.0 -9999.0 -9999.0 -9999.0 -9999.0 -9999.0 1.1 0.6 0.8 1.5 1.1 0.8 0.8 0.8 0.8 0.7 0.7 0.7 0.7 0.8 0.8 0.8 1.0 1.5 2.6 4.4 7.1 11.3 15.6 19.5 22.7 25.4 28.0 31.0 39.3 50.3 64.6 79.4 90.1 97.3 107.6 103.2 100.8 86.9 99.3 125.3 122.7 124.7 133.0 138.3 156.1 174.8 188.7 209.2 214.2 207.9 167.4 133.3 113.0 161.1 109.4 150.9 160.7 158.4 163.0 168.7 162.5 154.6 156.8 132.4
-9999.0 -9999.0 -9999.0 -9999.0 -9999.0 -9999.0 -9999.0 -9999.0 -9999.0 -9999.0 -9999.0 -9999.0 0.3 0.9 0.6 0.7 0.7 1.1 0.8 0.9 1.0 1.0 0.9 0.9 0.9 0.9 0.9 1.0 1.3 1.9 3.3 5.4 9.7 15.4 21.1 26.4 31.1 34.6 37.5 43.7 51.1 61.6 86.0 79.3 92.6 105.6 107.1 88.3 70.9 77.9 92.1 94.7 142.6 151.5 138.7 126.5 146.6 167.5 188.8 198.9 209.9 204.7 212.4 139.3 148.5 295.1 214.5 171.1 168.8 193.2 210.1 198.1 184.5 170.5 235.5 169.7
-9999.0 -9999.0 -9999.0 -9999.0 -9999.0 -9999.0 -9999.0 -9999.0 -9999.0 -9999.0 -9999.0 -9999.0 -9999.0 2.3 1.6 0.7 0.9 0.8 1.2 1.3 2.2 1.4 1.6 1.6 1.5 1.4 1.4 1.4 1.6 2.5 3.7 6.7 11.3 18.4 25.4 31.9 38.8 44.0 49.4 55.1 65.5 91.3 109.9 111.3 92.8 86.8 91.8 56.9 81.4 79.7 71.8 105.4 104.7 95.3 128.4 138.5 130.1 148.1 179.8 217.6 221.5 259.6 209.1 131.0 231.1 227.0 187.4 159.2 173.6 196.6 233.6 239.1 201.5 185.4 167.3 156.0
-9999.0 -9999.0 -9999.0 -9999.0 -9999.0 -9999.0 -9999.0 -9999.0 -9999.0 -9999.0 -9999.0 -9999.0 -9999.0 0.3 1.8 0.8 2.1 1.0 1.3 1.8 3.5 3.4 3.5 3.1 2.7 2.5 2.3 2.2 2.2 3.4 4.6 7.5 13.0 20.2 27.7 35.6 42.7 49.7 59.1 78.3 82.9 100.9 115.2 118.6 134.0 97.7 84.8 54.2 58.5 62.2 82.2 65.5 90.7 109.9 125.6 123.9 123.4 143.8 180.2 173.4 222.6 180.4 143.3 177.1 175.3 159.7 141.0 143.5 160.8 196.4 229.7 233.6 212.7 189.8 180.6 177.5
-9999.0 -9999.0 -9999.0 -9999.0 -9999.0 -9999.0 -9999.0 -9999.0 -9999.0 -9999.0 -9999.0 -9999.0 -9999.0 -9999.0 -9999.0 1.3 1.3 2.2 2.2 2.6 5.1 4.7 5.1 5.5 5.5 4.9 5.4 3.8 4.6 3.6 5.3 8.4 14.9 21.7 29.0 38.3 47.9 45.3 57.4 72.1 96.1 114.6 123.0 119.5 92.5 74.1 77.6 47.7 60.2 39.9 59.2 97.3 73.1 78.6 73.4 100.4 120.4 120.5 182.9 215.9 164.9 142.9 176.8 170.4 162.3 152.3 149.1 161.7 166.3 177.2 202.6 210.0 200.9 191.5 183.6 191.9
-9999.0 -9999.0 -9999.0 -9999.0 -9999.0 -9999.0 -9999.0 -9999.0 -9999.0 -9999.0 -9999.0 -9999.0 -9999.0 -9999.0 -9999.0 -9999.0 -9999.0 1.0 2.2 -9999.0 5.3 9.1 8.9 9.8 10.5 9.5 10.4 7.4 5.4 6.2 6.4 9.3 18.1 23.2 29.3 32.0 47.3 28.0 47.6 64.4 85.6 114.0 115.0 107.9 86.9 76.0 103.3 87.4 48.1 58.3 39.9 55.2 47.6 65.9 78.4 94.5 100.4 147.2 173.6 205.8 123.1 142.7 180.4 185.6 168.6 157.6 165.3 171.4 167.3 167.4 174.6 199.6 209.8 191.7 193.7 197.0
-9999.0 -9999.0 -9999.0 -9999.0 -9999.0 -9999.0 -9999.0 -9999.0 -9999.0 -9999.0 -9999.0 -9999.0 -9999.0 -9999.0 -9999.0 -9999.0 -9999.0 -9999.0 -9999.0 -9999.0 -9999.0 13.5 17.0 21.7 18.9 17.2 15.2 12.4 9.9 7.9 8.2 11.8 18.0 24.4 27.0 27.4 24.4 22.8 22.8 26.4 40.4 101.4 113.5 105.8 84.3 82.6 144.1 61.8 92.6 211.0 55.2 93.5 81.6 43.1 58.1 90.4 112.9 122.8 194.7 187.8 120.6 140.6 176.4 180.8 169.3 160.9 175.4 184.8 180.6 166.6 166.6 196.6 200.1 174.1 177.1 178.6
-9999.0 -9999.0 -9999.0 -9999.0 -9999.0 -9999.0 -9999.0 -9999.0 -9999.0 -9999.0 -9999.0 -9999.0 -9999.0 -9999.0 -9999.0 -9999.0 -9999.0 -9999.0 -9999.0 -9999.0 -9999.0 -9999.0 -9999.0 27.3 30.3 29.8 27.4 23.2 20.5 14.6 14.2 17.8 30.9 30.0 36.0 33.3 38.1 22.1 42.6 60.9 68.8 97.8 78.7 70.4 82.8 178.3 92.9 76.3 75.6 67.5 43.5 70.1 35.8 42.7 46.0 59.6 96.5 143.4 127.1 183.4 159.0 170.6 163.8 151.9 139.8 141.6 165.9 185.3 166.4 163.9 184.9 198.2 191.8 202.2 170.0 179.8
-9999.0 -9999.0 -9999.0 -9999.0 -9999.0 -9999.0 -9999.0 -9999.0 -9999.0 -9999.0 -9999.0 -9999.0 -9999.0 -9999.0 -9999.0 -9999.0 -9999.0 -9999.0 -9999.0 -9999.0 -9999.0 -9999.0 -9999.0 -9999.0 -9999.0 42.6 46.3 50.9 41.8 48.9 31.8 26.8 30.8 37.9 33.6 45.6 72.2 30.4 56.2 43.8 84.2 61.7 56.4 69.1 140.0 202.2 158.9 250.1 75.9 69.5 82.7 54.8 66.1 57.5 43.6 61.8 96.1 118.3 165.1 184.0 199.8 198.6 229.5 134.8 121.7 124.6 142.6 143.4 145.8 161.7 178.2 202.0 162.6 230.8 228.6 196.9
-9999.0 -9999.0 -9999.0 -9999.0 -9999.0 -9999.0 -9999.0 -9999.0 -9999.0 -9999.0 -9999.0 -9999.0 -9999.0 -9999.0 -9999.0 -9999.0 -9999.0 -9999.0 -9999.0 -9999.0 -9999.0 -9999.0 -9999.0 -9999.0 -9999.0 -9999.0 -9999.0 50.5 49.4 47.9 42.5 40.7 61.8 37.5 49.1 22.1 29.3 25.1 15.5 32.5 60.1 37.8 66.6 131.3 170.9 223.3 274.3 300.1 304.7 134.3 181.3 134.7 48.5 43.6 53.4 83.0 113.8 149.7 170.7 194.3 213.0 210.6 142.3 126.1 144.9 147.3 148.3 142.2 129.2 132.6 161.0 231.3 177.7 250.7 209.1 194.8
-9999.0 -9999.0 -9999.0 -9999.0 -9999.0 -9999.0 -9999.0 -9999.0 -9999.0 -9999.0 -9999.0 -9999.0 -9999.0 -9999.0 -9999.0 -9999.0 -9999.0 -9999.0 -9999.0 -9999.0 -9999.0 -9999.0 -9999.0 -9999.0 -9999.0 -9999.0 -9999.0 -9999.0 -9999.0 -9999.0 -9999.0 -9999.0 -9999.0 38.8 52.7 -9999.0 -9999.0 -9999.0 25.1 29.2 35.4 56.8 69.4 150.6 207.0 249.1 -9999.0 -9999.0 -9999.0 -9999.0 -9999.0 -9999.0 79.4 77.2 69.5 107.6 155.2 204.3 210.0 239.0 229.9 202.6 154.4 140.6 165.9 196.0 197.9 172.9 140.4 126.7 147.1 231.4 300.9 244.8 282.2 202.3
-9999.0 -9999.0 -9999.0 -9999.0 -9999.0 -9999.0 -9999.0 -9999.0 -9999.0 -9999.0 -9999.0 -9999.0 -9999.0 -9999.0 -9999.0 -9999.0 -9999.0 -9999.0 -9999.0 -9999.0 -9999.0 -9999.0 -9999.0 -9999.0 -9999.0 -9999.0 -9999.0 -9999.0 -9999.0 -9999.0 -9999.0 -9999.0 -9999.0 -9999.0 -9999.0 -9999.0 -9999.0 -9999.0 -9999.0 58.1 73.8 97.2 127.9 164.8 -9999.0 -9999.0 -9999.0 -9999.0 -9999.0 -9999.0 -9999.0 -9999.0 118.8 118.0 105.9 125.9 168.5 200.5 233.4 252.0 236.7 187.5 157.8 166.1 206.3 257.9 266.4 219.7 165.9 161.2 202.9 275.5 278.3 331.2 225.4 214.4
-9999.0 -9999.0 -9999.0 -9999.0 -9999.0 -9999.0 -9999.0 -9999.0 -9999.0 -9999.0 -9999.0 -9999.0 -9999.0 -9999.0 -9999.0 -9999.0 -9999.0 -9999.0 -9999.0 -9999.0 -9999.0 -9999.0 -9999.0 -9999.0 -9999.0 -9999.0 -9999.0 -9999.0 -9999.0 -9999.0 -9999.0 -9999.0 -9999.0 -9999.0 -9999.0 -9999.0 -9999.0 -9999.0 -9999.0 -9999.0 -9999.0 -9999.0 -9999.0 -9999.0 -9999.0 -9999.0 -9999.0 -9999.0 -9999.0 -9999.0 -9999.0 -9999.0 333.2 165.8 138.1 157.3 130.8 143.3 173.6 201.7 207.1 173.7 158.1 161.1 215.2 306.1 323.6 269.1 204.9 188.2 230.7 317.8 417.1 326.5 257.4 206.7
-9999.0 -9999.0 -9999.0 -9999.0 -9999.0 -9999.0 -9999.0 -9999.0 -9999.0 -9999.0 -9999.0 -9999.0 -9999.0 -9999.0 -9999.0 -9999.0 -9999.0 -9999.0 -9999.0 -9999.0 -9999.0 -9999.0 -9999.0 -9999.0 -9999.0 -9999.0 -9999.0 -9999.0 -9999.0 -9999.0 -9999.0 -9999.0 -9999.0 -9999.0 -9999.0 -9999.0 -9999.0 -9999.0 -9999.0 -9999.0 -9999.0 -9999.0 -9999.0 -9999.0 -9999.0 -9999.0 -9999.0 -9999.0 -9999.0 -9999.0 -9999.0 448.5 296.2 209.2 148.1 120.1 98.2 122.1 124.7 130.3 152.5 125.5 121.3 132.0 204.7 296.8 328.0 310.2 250.7 245.6 274.1 330.2 313.4 240.9 229.8 228.5
-9999.0 -9999.0 -9999.0 -9999.0 -9999.0 -9999.0 -9999.0 -9999.0 -9999.0 -9999.0 -9999.0 -9999.0 -9999.0 -9999.0 -9999.0 -9999.0 -9999.0 -9999.0 -9999.0 -9999.0 -9999.0 -9999.0 -9999.0 -9999.0 -9999.0 -9999.0 -9999.0 -9999.0 -9999.0 -9999.0 -9999.0 -9999.0 -9999.0 -9999.0 -9999.0 -9999.0 -9999.0 -9999.0 -9999.0 -9999.0 -9999.0 -9999.0 -9999.0 -9999.0 -9999.0 -9999.0 -9999.0 -9999.0 -9999.0 -9999.0 474.1 433.1 336.9 261.9 185.3 141.8 93.8 83.9 106.4 137.9 132.0 102.0 89.3 104.8 192.5 265.9 262.9 289.5 281.6 360.3 382.7 388.7 338.9 310.2 283.8 272.8
-9999.0 -9999.0 -9999.0 -9999.0 -9999.0 -9999.0 -9999.0 -9999.0 -9999.0 -9999.0 -9999.0 -9999.0 -9999.0 -9999.0 -9999.0 -9999.0 -9999.0 -9999.0 -9999.0 -9999.0 -9999.0 -9999.0 -9999.0 -9999.0 -9999.0 -9999.0 -9999.0 -9999.0 -9999.0 -9999.0 -9999.0 -9999.0 -9999.0 -9999.0 -9999.0 -9999.0 -9999.0 -9999.0 -9999.0 -9999.0 -9999.0 -9999.0 -9999.0 -9999.0 -9999.0 -9999.0 -9999.0 -9999.0 -9999.0 -9999.0 413.2 433.4 440.2 320.0 247.2 173.0 120.4 140.0 145.8 135.2 114.6 92.3 89.0 115.6 177.4 196.7 197.7 236.3 299.0 413.0 479.7 457.8 388.5 326.5 278.5 261.3
-9999.0 -9999.0 -9999.0 -9999.0 -9999.0 -9999.0 -9999.0 -9999.0 -9999.0 -9999.0 -9999.0 -9999.0 -9999.0 -9999.0 -9999.0 -9999.0 -9999.0 -9999.0 -9999.0 -9999.0 -9999.0 -9999.0 -9999.0 -9999.0 -9999.0 -9999.0 -9999.0 -9999.0 -9999.0 -9999.0 -9999.0 -9999.0 -9999.0 -9999.0 -9999.0 -9999.0 -9999.0 -9999.0 -9999.0 -9999.0 -9999.0 -9999.0 -9999.0 -9999.0 -9999.0 -9999.0 -9999.0 -9999.0 -9999.0 -9999.0 304.4 384.6 377.9 388.3 272.8 203.3 229.5 171.9 186.3 127.9 126.6 99.4 87.7 117.4 153.8 152.0 130.7 155.4 222.8 329.4 427.6 422.2 351.6 312.4 250.2 243.3
-9999.0 -9999.0 -9999.0 -9999.0 -9999.0 -9999.0 -9999.0 -9999.0 -9999.0 -9999.0 -9999.0 -9999.0 -9999.0 -9999.0 -9999.0 -9999.0 -9999.0 -9999.0 -9999.0 -9999.0 -9999.0 -9999.0 -9999.0 -9999.0 -9999.0 -9999.0 -9999.0 -9999.0 -9999.0 -9999.0 -9999.0 -9999.0 -9999.0 -9999.0 -9999.0 -9999.0 -9999.0 -9999.0 -9999.0 -9999.0 -9999.0 -9999.0 -9999.0 -9999.0 -9999.0 -9999.0 -9999.0 -9999.0 -9999.0 -9999.0 292.7 389.9 366.1 379.3 328.1 312.2 172.6 200.3 192.8 131.6 158.7 119.6 89.4 112.2 133.2 129.4 129.5 132.9 193.7 182.7 279.1 295.6 280.2 260.1 221.3 231.2
-9999.0 -9999.0 -9999.0 -9999.0 -9999.0 -9999.0 -9999.0 -9999.0 -9999.0 -9999.0 -9999.0 -9999.0 -9999.0 -9999.0 -9999.0 -9999.0 -9999.0 -9999.0 -9999.0 -9999.0 -9999.0 -9999.0 -9999.0 -9999.0 -9999.0 -9999.0 -9999.0 -9999.0 -9999.0 -9999.0 -9999.0 -9999.0 -9999.0 -9999.0 -9999.0 -9999.0 -9999.0 -9999.0 -9999.0 -9999.0 -9999.0 -9999.0 -9999.0 -9999.0 -9999.0 -9999.0 -9999.0 -9999.0 -9999.0 -9999.0 -9999.0 -9999.0 -9999.0 325.5 298.3 259.3 234.5 235.2 157.4 178.2 315.0 134.0 169.2 124.9 121.3 115.0 139.2 118.3 168.1 176.8 166.8 185.1 210.9 224.1 228.8 238.3
-9999.0 -9999.0 -9999.0 -9999.0 -9999.0 -9999.0 -9999.0 -9999.0 -9999.0 -9999.0 -9999.0 -9999.0 -9999.0 -9999.0 -9999.0 -9999.0 -9999.0 -9999.0 -9999.0 -9999.0 -9999.0 -9999.0 -9999.0 -9999.0 -9999.0 -9999.0 -9999.0 -9999.0 -9999.0 -9999.0 -9999.0 -9999.0 -9999.0 -9999.0 -9999.0 -9999.0 -9999.0 -9999.0 -9999.0 -9999.0 -9999.0 -9999.0 -9999.0 -9999.0 -9999.0 -9999.0 -9999.0 -9999.0 -9999.0 -9999.0 -9999.0 -9999.0 -9999.0 322.9 282.4 428.3 235.4 187.0 250.1 408.7 318.1 206.2 246.6 165.2 147.2 136.3 118.2 183.0 148.3 142.9 126.7 163.4 216.0 244.9 252.2 269.2
-9999.0 -9999.0 -9999.0 -9999.0 -9999.0 -9999.0 -9999.0 -9999.0 -9999.0 -9999.0 -9999.0 -9999.0 -9999.0 -9999.0 -9999.0 -9999.0 -9999.0 -9999.0 -9999.0 -9999.0 -9999.0 -9999.0 -9999.0 -9999.0 -9999.0 -9999.0 -9999.0 -9999.0 -9999.0 -9999.0 -9999.0 -9999.0 -9999.0 -9999.0 -9999.0 -9999.0 -9999.0 -9999.0 -9999.0 -9999.0 -9999.0 -9999.0 -9999.0 -9999.0 -9999.0 -9999.0 -9999.0 -9999.0 -9999.0 -9999.0 -9999.0 -9999.0 -9999.0 324.7 220.9 333.2 268.8 223.1 297.6 365.8 456.3 363.5 358.5 297.6 201.2 -9999.0 -9999.0 -9999.0 233.3 198.0 202.6 243.4 278.6 278.3 263.5 276.3
-9999.0 -9999.0 -9999.0 -9999.0 -9999.0 -9999.0 -9999.0 -9999.0 -9999.0 -9999.0 -9999.0 -9999.0 -9999.0 -9999.0 -9999.0 -9999.0 -9999.0 -9999.0 -9999.0 -9999.0 -9999.0 -9999.0 -9999.0 -9999.0 -9999.0 -9999.0 -9999.0 -9999.0 -9999.0 -9999.0 -9999.0 -9999.0 -9999.0 -9999.0 -9999.0 -9999.0 -9999.0 -9999.0 -9999.0 -9999.0 -9999.0 -9999.0 -9999.0 -9999.0 -9999.0 -9999.0 -9999.0 -9999.0 -9999.0 -9999.0 -9999.0 -9999.0 -9999.0 -9999.0 311.7 288.7 186.8 170.6 315.7 468.7 293.0 -9999.0 -9999.0 -9999.0 -9999.0 -9999.0 -9999.0 -9999.0 279.5 315.8 359.6 341.6 328.6 286.1 230.5 210.4
-9999.0 -9999.0 -9999.0 -9999.0 -9999.0 -9999.0 -9999.0 -9999.0 -9999.0 -9999.0 -9999.0 -9999.0 -9999.0 -9999.0 -9999.0 -9999.0 -9999.0 -9999.0 -9999.0 -9999.0 -9999.0 -9999.0 -9999.0 -9999.0 -9999.0 -9999.0 -9999.0 -9999.0 -9999.0 -9999.0 -9999.0 -9999.0 -9999.0 -9999.0 -9999.0 -9999.0 -9999.0 -9999.0 -9999.0 -9999.0 -9999.0 -9999.0 -9999.0 -9999.0 -9999.0 -9999.0 -9999.0 -9999.0 -9999.0 -9999.0 -9999.0 -9999.0 -9999.0 -9999.0 -9999.0 234.1 372.8 231.0 212.4 326.8 323.7 -9999.0 -9999.0 -9999.0 -9999.0 -9999.0 -9999.0 -9999.0 -9999.0 -9999.0 382.1 -9999.0 -9999.0 -9999.0 -9999.0 -9999.0
-9999.0 -9999.0 -9999.0 -9999.0 -9999.0 -9999.0 -9999.0 -9999.0 -9999.0 -9999.0 -9999.0 -9999.0 -9999.0 -9999.0 -9999.0 -9999.0 -9999.0 -9999.0 -9999.0 -9999.0 -9999.0 -9999.0 -9999.0 -9999.0 -9999.0 -9999.0 -9999.0 -9999.0 -9999.0 -9999.0 -9999.0 -9999.0 -9999.0 -9999.0 -9999.0 -9999.0 -9999.0 -9999.0 -9999.0 -9999.0 -9999.0 -9999.0 -9999.0 -9999.0 -9999.0 -9999.0 -9999.0 -9999.0 -9999.0 -9999.0 -9999.0 -9999.0 -9999.0 -9999.0 -9999.0 -9999.0 -9999.0 -9999.0 252.3 224.8 -9999.0 -9999.0 -9999.0 -9999.0 -9999.0 -9999.0 -9999.0 -9999.0 -9999.0 -9999.0 -9999.0 -9999.0 -9999.0 -9999.0 -9999.0 84.0
-9999.0 -9999.0 -9999.0 -9999.0 -9999.0 -9999.0 -9999.0 -9999.0 -9999.0 -9999.0 -9999.0 -9999.0 -9999.0 -9999.0 -9999.0 -9999.0 -9999.0 -9999.0 -9999.0 -9999.0 -9999.0 -9999.0 -9999.0 -9999.0 -9999.0 -9999.0 -9999.0 -9999.0 -9999.0 -9999.0 -9999.0 -9999.0 -9999.0 -9999.0 -9999.0 -9999.0 -9999.0 -9999.0 -9999.0 -9999.0 -9999.0 -9999.0 -9999.0 -9999.0 -9999.0 -9999.0 -9999.0 -9999.0 -9999.0 -9999.0 -9999.0 -9999.0 -9999.0 -9999.0 -9999.0 -9999.0 -9999.0 -9999.0 -9999.0 -9999.0 -9999.0 -9999.0 -9999.0 -9999.0 -9999.0 -9999.0 -9999.0 -9999.0 -9999.0 -9999.0 -9999.0 -9999.0 -9999.0 -9999.0 -9999.0 -9999.0
