program/excelProcessViaJava/data/SURF_CLI_CHN_PRE_MON_GRID_0.5-201008.txt
NCOLS      128
NROWS       72
XLLCORNER    72.000000000000    
YLLCORNER    18.000000000000    
CELLSIZE    0.50000000000000    
NODATA_VALUE   -9999.000    
[rows 33 to 65 of 72, columns 0 to 73 of 128]
-9999.0 -9999.0 -9999.0 -9999.0 10.3 23.0 38.4 26.7 29.2 8.4 16.0 12.6 8.0 2.5 1.6 2.0 3.3 5.9 8.6 10.7 10.6 9.8 9.4 11.2 13.4 17.0 19.4 57.6 30.1 31.3 32.6 28.5 26.8 30.6 23.0 23.1 21.2 40.2 34.4 20.4 9.9 6.6 6.0 5.2 5.3 5.9 7.9 13.0 18.4 16.2 19.2 37.9 62.6 98.3 77.4 102.4 119.5 170.2 168.3 188.8 150.9 86.2 49.1 20.9 18.2 31.8 41.6 39.6 47.6 57.4 76.3 98.0 118.3 134.9
-9999.0 -9999.0 -9999.0 -9999.0 14.5 13.5 32.7 19.5 57.8 61.6 22.8 64.7 49.1 53.8 12.2 14.3 18.9 13.2 12.3 14.1 19.4 21.0 23.6 38.4 60.7 70.6 49.4 46.1 40.6 37.7 35.1 37.9 32.9 32.6 34.8 31.8 39.9 48.2 34.8 23.1 34.5 13.2 10.9 7.8 7.5 8.0 9.5 11.9 14.6 17.7 19.7 25.4 66.3 60.8 67.2 89.2 105.5 126.0 140.3 64.8 108.2 42.5 31.0 32.7 31.1 34.7 51.0 55.8 64.2 76.9 102.9 132.2 159.5 175.2
-9999.0 -9999.0 -9999.0 -9999.0 -9999.0 -9999.0 -9999.0 21.5 38.6 33.6 72.7 79.1 53.7 67.9 72.5 16.0 45.3 29.5 29.9 45.1 69.0 84.0 82.5 73.7 65.8 59.3 57.4 53.4 49.4 49.6 45.8 43.3 41.3 43.2 47.9 44.1 55.0 52.8 66.8 71.5 39.5 81.0 72.0 45.9 26.1 15.0 23.1 23.6 31.9 23.8 21.2 24.5 41.2 135.9 122.6 71.2 70.7 70.5 123.4 74.5 108.6 53.4 42.7 44.6 51.8 45.9 51.2 56.2 73.9 98.3 131.2 164.3 184.8 194.2
-9999.0 -9999.0 -9999.0 -9999.0 -9999.0 -9999.0 -9999.0 48.0 18.7 44.4 60.3 52.7 68.5 95.1 79.5 119.3 85.4 85.4 110.4 87.2 84.7 94.0 83.8 79.2 71.6 66.5 60.5 61.5 51.8 47.3 49.8 48.4 47.5 53.4 50.1 54.0 55.1 65.6 69.1 68.9 73.5 74.2 79.2 110.7 62.0 39.2 52.3 59.7 98.5 80.7 140.1 120.7 59.8 83.6 136.1 70.0 69.3 81.7 105.2 112.4 87.7 83.7 75.0 73.3 62.1 54.7 52.8 61.1 85.6 125.9 159.4 185.0 194.9 199.7
-9999.0 -9999.0 -9999.0 -9999.0 -9999.0 -9999.0 -9999.0 -9999.0 -9999.0 39.1 43.1 44.0 74.0 77.8 73.5 72.6 92.2 130.9 105.4 123.3 104.5 91.4 86.7 82.6 76.9 70.1 67.4 62.7 55.4 58.4 48.4 49.6 50.2 54.7 52.3 56.3 60.4 69.7 71.7 80.3 78.4 86.1 82.6 76.2 89.9 91.9 98.3 102.7 113.2 116.7 133.7 111.8 91.0 79.3 125.3 71.0 58.5 67.7 99.8 96.9 95.1 107.6 113.8 90.3 79.5 61.0 57.2 73.6 106.2 151.3 183.7 202.5 202.9 200.6
-9999.0 -9999.0 -9999.0 -9999.0 -9999.0 -9999.0 -9999.0 -9999.0 -9999.0 -9999.0 -9999.0 65.3 37.7 83.7 76.2 89.7 90.8 91.6 93.9 101.7 111.1 99.3 98.0 88.6 94.6 82.1 78.8 72.5 65.6 59.2 56.1 59.6 54.7 57.1 58.5 72.6 70.3 77.3 104.1 90.5 102.4 95.0 88.2 84.6 117.1 97.3 141.1 126.6 145.3 140.5 112.5 105.3 97.2 105.7 129.6 98.5 74.2 90.2 91.1 93.2 111.1 114.1 124.0 123.7 114.9 62.3 62.3 88.5 129.2 168.1 191.7 200.3 197.5 179.9
-9999.0 -9999.0 -9999.0 -9999.0 -9999.0 -9999.0 -9999.0 -9999.0 -9999.0 -9999.0 -9999.0 -9999.0 40.4 46.7 82.4 75.2 114.6 98.5 102.9 126.4 96.9 102.0 101.1 93.6 116.0 87.6 78.3 79.2 71.6 73.3 63.3 60.2 60.2 66.4 70.8 73.9 93.0 88.6 90.0 91.2 93.9 96.2 96.8 107.6 108.2 119.3 140.2 121.9 136.2 140.0 160.5 139.1 102.6 81.3 90.9 103.4 108.0 131.8 83.6 121.9 120.2 157.2 174.8 163.3 121.7 128.0 81.8 111.6 150.7 180.8 177.4 158.7 167.2 161.5
-9999.0 -9999.0 -9999.0 -9999.0 -9999.0 -9999.0 -9999.0 -9999.0 -9999.0 -9999.0 -9999.0 -9999.0 75.5 38.8 40.4 79.7 64.6 82.4 111.0 109.0 109.3 115.6 110.5 100.1 90.6 91.2 86.5 77.4 75.7 68.5 68.5 70.8 66.9 68.1 74.6 78.7 95.3 104.2 106.0 107.0 103.2 104.1 122.9 106.6 123.6 142.8 124.1 122.7 106.7 134.7 123.6 119.5 84.9 90.3 69.5 96.2 93.6 116.1 102.4 110.6 128.1 163.1 199.8 212.1 130.3 124.1 100.6 131.7 166.6 189.3 200.9 213.9 213.7 179.3
-9999.0 -9999.0 -9999.0 -9999.0 -9999.0 -9999.0 -9999.0 -9999.0 -9999.0 -9999.0 -9999.0 -9999.0 -9999.0 53.2 85.2 50.0 81.0 77.2 83.5 92.5 104.8 99.6 113.8 99.3 99.9 108.9 103.1 102.1 89.0 81.2 72.8 69.1 74.2 76.6 74.8 83.2 93.5 106.5 137.9 126.4 124.5 131.5 130.3 147.5 131.9 120.8 137.4 154.9 161.4 151.1 134.6 96.3 77.6 136.7 110.8 102.8 98.7 125.8 174.0 155.1 163.1 173.3 201.6 159.1 137.3 119.8 128.6 152.9 176.8 191.8 185.3 202.5 205.4 186.8
-9999.0 -9999.0 -9999.0 -9999.0 -9999.0 -9999.0 -9999.0 -9999.0 -9999.0 -9999.0 -9999.0 -9999.0 45.7 79.2 78.4 61.2 103.0 93.2 99.8 85.6 93.2 99.6 108.0 105.7 103.0 114.7 106.7 98.1 92.6 88.3 81.4 74.4 80.4 76.9 83.2 88.6 105.6 108.0 115.5 122.4 146.1 165.2 180.6 142.5 152.8 155.0 143.6 131.8 147.6 149.0 161.3 162.9 99.8 110.7 89.9 92.9 125.4 93.7 137.9 135.0 156.0 189.8 181.6 199.8 136.1 122.9 172.3 159.9 181.6 208.4 226.8 238.4 242.1 245.8
-9999.0 -9999.0 -9999.0 -9999.0 -9999.0 -9999.0 -9999.0 -9999.0 -9999.0 -9999.0 -9999.0 -9999.0 61.4 31.3 49.2 113.0 108.8 76.0 83.8 107.2 93.4 111.9 113.5 113.5 108.2 106.0 106.2 103.7 100.3 93.5 87.7 83.6 85.4 80.2 84.7 94.4 103.1 115.3 121.7 119.3 125.0 129.0 138.7 152.1 162.9 175.2 203.6 199.4 192.5 140.8 134.9 154.1 106.1 86.4 84.8 78.2 103.5 130.1 129.5 175.1 202.6 229.7 141.7 108.1 100.1 206.1 142.6 175.7 206.0 243.3 262.8 267.5 255.9 210.0
-9999.0 -9999.0 -9999.0 -9999.0 -9999.0 -9999.0 -9999.0 -9999.0 -9999.0 -9999.0 -9999.0 -9999.0 16.1 58.5 36.3 55.4 64.2 113.8 97.9 106.5 135.5 140.0 118.9 129.1 121.5 132.6 124.4 130.5 112.2 107.5 101.3 100.6 90.4 88.7 92.7 101.9 112.9 123.6 126.9 131.7 128.6 128.2 160.5 140.0 170.1 210.9 233.4 212.1 175.5 172.6 169.8 133.9 218.9 213.4 144.3 86.6 110.4 138.5 163.6 147.9 159.8 165.3 255.1 89.2 123.8 245.9 187.7 177.8 200.3 236.5 252.0 240.4 225.8 190.9
-9999.0 -9999.0 -9999.0 -9999.0 -9999.0 -9999.0 -9999.0 -9999.0 -9999.0 -9999.0 -9999.0 -9999.0 -9999.0 94.0 88.7 56.3 73.8 76.5 108.9 123.7 161.7 127.2 140.8 146.9 125.3 130.7 129.3 126.8 131.5 121.9 123.4 114.3 108.6 102.9 106.8 122.7 132.0 136.6 141.7 137.9 136.0 162.7 182.4 180.8 164.8 182.6 221.5 174.9 232.6 217.2 166.0 211.2 175.3 124.0 175.4 169.6 111.7 125.9 165.9 241.0 217.9 367.1 207.1 74.6 283.1 219.6 184.0 170.4 186.9 191.9 202.3 210.3 198.6 204.5
-9999.0 -9999.0 -9999.0 -9999.0 -9999.0 -9999.0 -9999.0 -9999.0 -9999.0 -9999.0 -9999.0 -9999.0 -9999.0 12.0 81.4 55.5 105.9 72.9 88.0 109.1 155.7 155.1 158.9 148.0 120.5 133.9 140.3 135.7 142.5 164.1 152.4 142.8 129.8 125.2 132.2 139.0 143.1 152.8 160.2 177.4 153.8 156.5 163.6 173.8 228.7 195.2 206.4 168.3 189.7 189.8 217.3 145.1 191.4 217.6 230.5 189.1 140.0 148.5 194.0 142.7 229.5 132.0 193.4 383.5 279.8 212.0 178.0 166.6 157.0 153.6 150.4 158.4 174.4 181.2
-9999.0 -9999.0 -9999.0 -9999.0 -9999.0 -9999.0 -9999.0 -9999.0 -9999.0 -9999.0 -9999.0 -9999.0 -9999.0 -9999.0 -9999.0 56.3 58.3 85.9 84.5 84.7 134.1 119.6 121.0 131.9 143.0 144.5 179.7 163.9 186.6 168.4 174.6 168.1 170.7 161.2 151.1 169.9 180.6 159.9 167.9 166.8 174.8 176.6 170.9 165.1 136.8 121.6 172.7 113.1 175.1 98.4 157.6 252.3 182.5 189.9 133.9 181.9 181.7 124.6 230.8 269.8 145.1 239.3 465.5 348.6 276.4 236.2 206.7 178.2 142.5 111.0 105.1 113.5 137.3 162.4
-9999.0 -9999.0 -9999.0 -9999.0 -9999.0 -9999.0 -9999.0 -9999.0 -9999.0 -9999.0 -9999.0 -9999.0 -9999.0 -9999.0 -9999.0 -9999.0 -9999.0 0.9 24.1 -9999.0 56.7 117.7 95.3 103.7 139.9 141.9 187.0 175.4 170.2 197.0 195.3 190.3 202.0 169.7 150.7 160.4 194.0 144.1 165.8 164.5 163.8 177.5 160.3 145.4 89.5 96.9 59.9 193.1 101.1 146.1 73.0 134.9 108.1 194.0 208.9 212.4 165.5 233.7 233.6 260.5 166.5 284.1 363.6 314.3 255.9 223.1 200.2 154.7 115.0 88.1 84.4 101.9 126.8 142.4
-9999.0 -9999.0 -9999.0 -9999.0 -9999.0 -9999.0 -9999.0 -9999.0 -9999.0 -9999.0 -9999.0 -9999.0 -9999.0 -9999.0 -9999.0 -9999.0 -9999.0 -9999.0 -9999.0 -9999.0 -9999.0 74.0 102.9 153.7 128.8 103.1 121.2 142.3 169.8 178.5 202.1 192.2 191.7 177.7 148.8 157.2 149.5 143.0 129.8 116.9 117.7 161.3 160.3 142.0 74.6 108.2 54.7 73.0 196.0 460.6 126.1 252.5 241.2 144.5 179.5 230.2 236.8 191.9 328.6 230.0 159.2 172.9 248.3 238.2 234.7 200.9 173.2 130.4 102.0 81.5 80.4 93.3 116.6 138.4
-9999.0 -9999.0 -9999.0 -9999.0 -9999.0 -9999.0 -9999.0 -9999.0 -9999.0 -9999.0 -9999.0 -9999.0 -9999.0 -9999.0 -9999.0 -9999.0 -9999.0 -9999.0 -9999.0 -9999.0 -9999.0 -9999.0 -9999.0 30.7 85.7 91.0 105.2 132.6 182.8 176.9 203.0 213.8 233.8 197.2 193.5 172.2 177.1 133.7 151.0 151.0 136.9 151.3 114.7 89.2 61.7 54.9 49.9 53.0 48.0 53.9 79.2 189.5 119.2 157.6 153.2 137.1 206.0 267.8 138.1 226.4 136.2 139.8 136.2 148.3 150.0 152.0 140.8 115.0 76.6 75.5 73.2 95.2 132.6 169.4
-9999.0 -9999.0 -9999.0 -9999.0 -9999.0 -9999.0 -9999.0 -9999.0 -9999.0 -9999.0 -9999.0 -9999.0 -9999.0 -9999.0 -9999.0 -9999.0 -9999.0 -9999.0 -9999.0 -9999.0 -9999.0 -9999.0 -9999.0 -9999.0 -9999.0 12.4 57.2 202.3 199.2 250.4 213.0 185.6 176.3 181.0 142.9 175.6 214.3 124.9 148.0 107.9 138.9 98.7 57.2 55.9 47.5 49.5 45.9 58.9 89.7 63.5 178.8 146.2 204.4 199.6 146.3 157.1 201.3 181.3 245.8 213.7 175.0 154.8 247.5 158.7 154.4 137.5 113.7 74.1 58.1 56.4 68.2 103.7 162.4 195.0
-9999.0 -9999.0 -9999.0 -9999.0 -9999.0 -9999.0 -9999.0 -9999.0 -9999.0 -9999.0 -9999.0 -9999.0 -9999.0 -9999.0 -9999.0 -9999.0 -9999.0 -9999.0 -9999.0 -9999.0 -9999.0 -9999.0 -9999.0 -9999.0 -9999.0 -9999.0 -9999.0 9.1 16.4 85.5 109.6 120.2 211.7 97.7 140.3 48.3 90.5 79.0 50.8 69.9 89.5 55.8 43.6 40.3 41.5 44.6 50.3 57.2 65.6 70.5 87.9 106.9 151.2 155.5 175.3 211.3 194.4 187.2 224.4 165.2 159.3 161.6 135.5 140.9 131.7 132.0 106.8 79.5 53.1 50.4 68.3 100.0 170.7 199.8
-9999.0 -9999.0 -9999.0 -9999.0 -9999.0 -9999.0 -9999.0 -9999.0 -9999.0 -9999.0 -9999.0 -9999.0 -9999.0 -9999.0 -9999.0 -9999.0 -9999.0 -9999.0 -9999.0 -9999.0 -9999.0 -9999.0 -9999.0 -9999.0 -9999.0 -9999.0 -9999.0 -9999.0 -9999.0 -9999.0 -9999.0 -9999.0 -9999.0 38.8 91.2 -9999.0 -9999.0 -9999.0 29.9 43.4 35.6 33.8 38.1 33.3 35.9 40.5 -9999.0 -9999.0 -9999.0 -9999.0 -9999.0 -9999.0 148.1 225.1 186.7 213.7 235.6 219.1 191.2 171.0 162.5 155.0 128.2 129.7 145.9 139.4 107.5 77.3 58.5 57.0 74.0 93.6 136.7 167.2
-9999.0 -9999.0 -9999.0 -9999.0 -9999.0 -9999.0 -9999.0 -9999.0 -9999.0 -9999.0 -9999.0 -9999.0 -9999.0 -9999.0 -9999.0 -9999.0 -9999.0 -9999.0 -9999.0 -9999.0 -9999.0 -9999.0 -9999.0 -9999.0 -9999.0 -9999.0 -9999.0 -9999.0 -9999.0 -9999.0 -9999.0 -9999.0 -9999.0 -9999.0 -9999.0 -9999.0 -9999.0 -9999.0 -9999.0 14.0 17.0 19.9 23.1 27.1 -9999.0 -9999.0 -9999.0 -9999.0 -9999.0 -9999.0 -9999.0 -9999.0 181.2 280.6 253.6 235.4 235.2 210.5 182.4 173.9 167.1 143.1 121.2 115.4 124.4 132.3 121.4 89.4 74.0 74.0 71.4 84.2 112.2 126.3
-9999.0 -9999.0 -9999.0 -9999.0 -9999.0 -9999.0 -9999.0 -9999.0 -9999.0 -9999.0 -9999.0 -9999.0 -9999.0 -9999.0 -9999.0 -9999.0 -9999.0 -9999.0 -9999.0 -9999.0 -9999.0 -9999.0 -9999.0 -9999.0 -9999.0 -9999.0 -9999.0 -9999.0 -9999.0 -9999.0 -9999.0 -9999.0 -9999.0 -9999.0 -9999.0 -9999.0 -9999.0 -9999.0 -9999.0 -9999.0 -9999.0 -9999.0 -9999.0 -9999.0 -9999.0 -9999.0 -9999.0 -9999.0 -9999.0 -9999.0 -9999.0 -9999.0 128.2 328.3 286.3 317.1 233.7 189.7 162.7 166.1 153.7 134.1 205.5 101.6 117.7 140.0 130.4 98.0 83.1 82.7 81.5 85.1 103.4 96.3
-9999.0 -9999.0 -9999.0 -9999.0 -9999.0 -9999.0 -9999.0 -9999.0 -9999.0 -9999.0 -9999.0 -9999.0 -9999.0 -9999.0 -9999.0 -9999.0 -9999.0 -9999.0 -9999.0 -9999.0 -9999.0 -9999.0 -9999.0 -9999.0 -9999.0 -9999.0 -9999.0 -9999.0 -9999.0 -9999.0 -9999.0 -9999.0 -9999.0 -9999.0 -9999.0 -9999.0 -9999.0 -9999.0 -9999.0 -9999.0 -9999.0 -9999.0 -9999.0 -9999.0 -9999.0 -9999.0 -9999.0 -9999.0 -9999.0 -9999.0 -9999.0 150.8 226.0 339.1 214.6 253.7 212.0 207.4 152.0 103.6 182.0 155.1 109.1 105.2 123.5 150.5 135.4 103.1 88.6 92.0 96.7 99.5 98.6 90.0
-9999.0 -9999.0 -9999.0 -9999.0 -9999.0 -9999.0 -9999.0 -9999.0 -9999.0 -9999.0 -9999.0 -9999.0 -9999.0 -9999.0 -9999.0 -9999.0 -9999.0 -9999.0 -9999.0 -9999.0 -9999.0 -9999.0 -9999.0 -9999.0 -9999.0 -9999.0 -9999.0 -9999.0 -9999.0 -9999.0 -9999.0 -9999.0 -9999.0 -9999.0 -9999.0 -9999.0 -9999.0 -9999.0 -9999.0 -9999.0 -9999.0 -9999.0 -9999.0 -9999.0 -9999.0 -9999.0 -9999.0 -9999.0 -9999.0 -9999.0 108.7 238.9 301.3 337.6 262.7 263.3 186.6 138.5 137.4 168.7 141.6 166.7 120.3 123.0 144.2 161.1 141.4 111.5 108.4 115.5 124.7 123.9 118.5 114.9
-9999.0 -9999.0 -9999.0 -9999.0 -9999.0 -9999.0 -9999.0 -9999.0 -9999.0 -9999.0 -9999.0 -9999.0 -9999.0 -9999.0 -9999.0 -9999.0 -9999.0 -9999.0 -9999.0 -9999.0 -9999.0 -9999.0 -9999.0 -9999.0 -9999.0 -9999.0 -9999.0 -9999.0 -9999.0 -9999.0 -9999.0 -9999.0 -9999.0 -9999.0 -9999.0 -9999.0 -9999.0 -9999.0 -9999.0 -9999.0 -9999.0 -9999.0 -9999.0 -9999.0 -9999.0 -9999.0 -9999.0 -9999.0 -9999.0 -9999.0 128.7 320.2 250.7 322.5 314.3 250.5 154.7 210.8 184.2 128.6 91.4 102.8 99.3 123.3 146.0 138.3 132.1 122.1 132.3 144.7 156.8 151.8 138.8 125.2
-9999.0 -9999.0 -9999.0 -9999.0 -9999.0 -9999.0 -9999.0 -9999.0 -9999.0 -9999.0 -9999.0 -9999.0 -9999.0 -9999.0 -9999.0 -9999.0 -9999.0 -9999.0 -9999.0 -9999.0 -9999.0 -9999.0 -9999.0 -9999.0 -9999.0 -9999.0 -9999.0 -9999.0 -9999.0 -9999.0 -9999.0 -9999.0 -9999.0 -9999.0 -9999.0 -9999.0 -9999.0 -9999.0 -9999.0 -9999.0 -9999.0 -9999.0 -9999.0 -9999.0 -9999.0 -9999.0 -9999.0 -9999.0 -9999.0 -9999.0 137.4 231.4 225.8 381.0 250.6 224.6 297.3 217.1 200.1 83.2 77.5 84.6 89.8 98.5 122.1 129.1 129.2 135.5 147.9 177.7 177.8 182.3 131.9 127.1
-9999.0 -9999.0 -9999.0 -9999.0 -9999.0 -9999.0 -9999.0 -9999.0 -9999.0 -9999.0 -9999.0 -9999.0 -9999.0 -9999.0 -9999.0 -9999.0 -9999.0 -9999.0 -9999.0 -9999.0 -9999.0 -9999.0 -9999.0 -9999.0 -9999.0 -9999.0 -9999.0 -9999.0 -9999.0 -9999.0 -9999.0 -9999.0 -9999.0 -9999.0 -9999.0 -9999.0 -9999.0 -9999.0 -9999.0 -9999.0 -9999.0 -9999.0 -9999.0 -9999.0 -9999.0 -9999.0 -9999.0 -9999.0 -9999.0 -9999.0 244.9 332.7 297.8 314.5 291.0 318.1 195.4 226.6 183.2 82.9 86.9 75.6 66.7 101.5 121.5 132.6 150.9 165.3 189.0 153.0 175.8 151.6 124.4 110.4
-9999.0 -9999.0 -9999.0 -9999.0 -9999.0 -9999.0 -9999.0 -9999.0 -9999.0 -9999.0 -9999.0 -9999.0 -9999.0 -9999.0 -9999.0 -9999.0 -9999.0 -9999.0 -9999.0 -9999.0 -9999.0 -9999.0 -9999.0 -9999.0 -9999.0 -9999.0 -9999.0 -9999.0 -9999.0 -9999.0 -9999.0 -9999.0 -9999.0 -9999.0 -9999.0 -9999.0 -9999.0 -9999.0 -9999.0 -9999.0 -9999.0 -9999.0 -9999.0 -9999.0 -9999.0 -9999.0 -9999.0 -9999.0 -9999.0 -9999.0 -9999.0 -9999.0 -9999.0 281.8 265.1 256.2 253.3 249.9 133.6 112.4 237.3 82.8 177.1 156.6 157.5 162.3 186.0 187.3 206.1 198.7 171.6 137.2 105.9 89.3
-9999.0 -9999.0 -9999.0 -9999.0 -9999.0 -9999.0 -9999.0 -9999.0 -9999.0 -9999.0 -9999.0 -9999.0 -9999.0 -9999.0 -9999.0 -9999.0 -9999.0 -9999.0 -9999.0 -9999.0 -9999.0 -9999.0 -9999.0 -9999.0 -9999.0 -9999.0 -9999.0 -9999.0 -9999.0 -9999.0 -9999.0 -9999.0 -9999.0 -9999.0 -9999.0 -9999.0 -9999.0 -9999.0 -9999.0 -9999.0 -9999.0 -9999.0 -9999.0 -9999.0 -9999.0 -9999.0 -9999.0 -9999.0 -9999.0 -9999.0 -9999.0 -9999.0 -9999.0 320.9 283.8 397.9 259.6 199.5 211.7 301.8 203.9 162.5 304.4 252.3 255.2 240.2 217.1 243.0 201.4 192.7 174.4 156.5 134.6 117.4
-9999.0 -9999.0 -9999.0 -9999.0 -9999.0 -9999.0 -9999.0 -9999.0 -9999.0 -9999.0 -9999.0 -9999.0 -9999.0 -9999.0 -9999.0 -9999.0 -9999.0 -9999.0 -9999.0 -9999.0 -9999.0 -9999.0 -9999.0 -9999.0 -9999.0 -9999.0 -9999.0 -9999.0 -9999.0 -9999.0 -9999.0 -9999.0 -9999.0 -9999.0 -9999.0 -9999.0 -9999.0 -9999.0 -9999.0 -9999.0 -9999.0 -9999.0 -9999.0 -9999.0 -9999.0 -9999.0 -9999.0 -9999.0 -9999.0 -9999.0 -9999.0 -9999.0 -9999.0 370.9 277.9 363.1 311.7 251.6 270.8 278.4 367.9 369.8 472.0 455.9 348.0 -9999.0 -9999.0 -9999.0 252.2 216.4 232.8 250.6 229.1 190.6
-9999.0 -9999.0 -9999.0 -9999.0 -9999.0 -9999.0 -9999.0 -9999.0 -9999.0 -9999.0 -9999.0 -9999.0 -9999.0 -9999.0 -9999.0 -9999.0 -9999.0 -9999.0 -9999.0 -9999.0 -9999.0 -9999.0 -9999.0 -9999.0 -9999.0 -9999.0 -9999.0 -9999.0 -9999.0 -9999.0 -9999.0 -9999.0 -9999.0 -9999.0 -9999.0 -9999.0 -9999.0 -9999.0 -9999.0 -9999.0 -9999.0 -9999.0 -9999.0 -9999.0 -9999.0 -9999.0 -9999.0 -9999.0 -9999.0 -9999.0 -9999.0 -9999.0 -9999.0 -9999.0 405.2 380.5 281.7 247.1 355.0 466.0 330.1 -9999.0 -9999.0 -9999.0 -9999.0 -9999.0 -9999.0 -9999.0 273.4 296.3 363.4 367.4 337.3 285.8
-9999.0 -9999.0 -9999.0 -9999.0 -9999.0 -9999.0 -9999.0 -9999.0 -9999.0 -9999.0 -9999.0 -9999.0 -9999.0 -9999.0 -9999.0 -9999.0 -9999.0 -9999.0 -9999.0 -9999.0 -9999.0 -9999.0 -9999.0 -9999.0 -9999.0 -9999.0 -9999.0 -9999.0 -9999.0 -9999.0 -9999.0 -9999.0 -9999.0 -9999.0 -9999.0 -9999.0 -9999.0 -9999.0 -9999.0 -9999.0 -9999.0 -9999.0 -9999.0 -9999.0 -9999.0 -9999.0 -9999.0 -9999.0 -9999.0 -9999.0 -9999.0 -9999.0 -9999.0 -9999.0 -9999.0 396.0 516.9 379.4 350.5 457.9 469.1 -9999.0 -9999.0 -9999.0 -9999.0 -9999.0 -9999.0 -9999.0 -9999.0 -9999.0 397.4 -9999.0 -9999.0 -9999.0
