program/excelProcessViaJava/data/SURF_CLI_CHN_PRE_MON_GRID_0.5-199309.txt
NCOLS      128
NROWS       72
XLLCORNER    72.000000000000    
YLLCORNER    18.000000000000    
CELLSIZE    0.50000000000000    
NODATA_VALUE   -9999.000    
[rows 33 to 65 of 72, columns 0 to 75 of 128]
-9999.0 -9999.0 -9999.0 -9999.0 23.9 37.3 47.5 27.2 23.1 4.7 6.8 4.1 2.1 0.7 0.6 0.6 0.6 0.7 1.1 1.5 1.2 0.8 0.8 1.0 1.3 1.7 2.2 6.3 4.1 4.7 5.3 5.2 5.2 5.7 4.5 4.2 3.6 6.7 5.7 3.1 1.2 0.7 0.6 0.4 0.4 0.3 0.4 0.9 2.3 2.1 3.4 11.7 23.9 40.7 32.9 43.4 45.2 46.8 41.6 36.9 30.5 26.0 24.4 23.9 18.4 17.2 17.3 15.7 19.7 18.9 18.2 21.4 24.6 26.2 25.0 20.6
-9999.0 -9999.0 -9999.0 -9999.0 41.4 32.6 52.1 28.7 59.1 52.9 16.6 39.2 24.3 22.6 4.0 3.8 4.2 2.4 2.5 3.0 3.1 2.6 2.6 4.8 8.4 9.9 7.7 7.9 8.0 8.5 8.9 9.6 9.3 9.1 9.1 8.0 8.7 9.7 6.9 4.3 6.7 1.9 1.3 0.7 0.6 0.5 0.5 0.5 0.6 1.0 1.5 3.0 21.2 20.1 26.5 40.6 47.7 49.6 50.4 52.7 45.6 44.7 40.5 35.6 26.7 20.6 23.1 21.7 22.4 27.3 22.5 25.2 26.8 27.4 23.6 20.7
-9999.0 -9999.0 -9999.0 -9999.0 -9999.0 -9999.0 -9999.0 41.0 52.9 40.4 64.4 60.2 36.7 39.2 36.1 6.7 16.4 8.9 8.2 11.0 15.4 17.3 15.8 13.6 12.3 11.8 12.3 12.7 13.4 14.4 15.0 15.4 15.5 15.5 15.4 13.9 14.5 13.1 15.0 15.7 8.8 19.0 17.3 10.0 4.1 1.3 2.2 1.7 2.9 1.3 1.1 2.0 8.7 49.1 50.0 38.0 46.3 53.7 57.4 60.1 52.1 51.7 48.5 45.2 38.8 27.7 29.3 33.0 32.1 33.1 27.9 26.8 31.1 30.9 25.5 23.3
-9999.0 -9999.0 -9999.0 -9999.0 -9999.0 -9999.0 -9999.0 82.2 40.2 61.4 66.8 53.1 56.9 64.7 49.3 60.2 40.0 34.9 38.3 27.2 23.5 23.5 19.8 18.3 17.1 17.0 17.3 18.8 19.6 21.0 22.4 23.3 23.7 23.6 22.5 21.3 19.4 19.0 18.0 17.0 17.9 18.6 20.5 28.8 14.9 7.4 9.8 10.7 22.3 16.5 38.0 33.8 16.4 31.7 57.2 42.4 49.8 57.1 59.1 56.7 56.0 60.1 61.3 59.6 44.3 35.0 35.9 40.0 47.7 36.7 34.2 32.8 32.9 30.7 18.6 23.0
-9999.0 -9999.0 -9999.0 -9999.0 -9999.0 -9999.0 -9999.0 -9999.0 -9999.0 66.5 62.7 56.2 70.7 65.2 55.4 48.1 50.5 56.9 42.6 42.0 32.9 26.8 24.1 22.7 22.1 22.3 23.7 25.5 27.7 29.7 32.5 33.8 34.5 33.7 32.7 30.3 27.4 25.0 22.3 21.6 20.5 22.8 23.0 21.5 25.0 25.0 26.1 26.7 29.7 31.0 38.1 32.8 30.6 34.8 59.7 47.7 48.2 53.5 56.9 54.6 53.4 53.9 57.0 62.2 52.0 42.8 43.2 49.4 59.8 49.6 45.0 32.7 28.3 27.1 25.9 11.7
-9999.0 -9999.0 -9999.0 -9999.0 -9999.0 -9999.0 -9999.0 -9999.0 -9999.0 -9999.0 -9999.0 81.8 52.5 77.0 65.0 63.8 56.4 49.4 43.6 40.3 38.0 31.9 29.7 27.4 28.8 28.7 30.6 33.2 36.5 40.5 44.0 45.0 47.9 47.3 45.9 41.3 38.1 33.6 32.2 26.9 27.1 26.1 26.2 26.6 35.9 31.2 44.8 40.8 47.8 47.1 38.1 38.0 40.6 53.1 68.6 61.7 53.1 54.3 51.8 50.2 50.1 52.4 56.8 58.9 56.2 47.0 48.6 59.4 68.9 69.5 56.0 40.9 25.5 20.3 15.5 15.2
-9999.0 -9999.0 -9999.0 -9999.0 -9999.0 -9999.0 -9999.0 -9999.0 -9999.0 -9999.0 -9999.0 -9999.0 61.5 59.6 74.4 62.4 70.1 55.9 49.7 49.4 36.6 34.6 32.6 31.1 34.4 33.9 37.0 40.7 45.8 48.9 56.0 60.7 62.9 60.4 58.4 55.7 48.7 44.8 39.1 33.6 30.2 30.0 31.9 36.5 39.4 44.8 53.2 49.8 56.8 60.3 69.2 63.4 54.5 54.0 63.6 66.4 61.7 59.9 47.0 49.1 49.5 53.1 57.8 62.3 59.2 66.8 57.3 69.8 82.4 87.8 62.0 30.5 20.0 21.7 31.5 48.7
-9999.0 -9999.0 -9999.0 -9999.0 -9999.0 -9999.0 -9999.0 -9999.0 -9999.0 -9999.0 -9999.0 -9999.0 91.6 57.3 51.3 67.9 51.5 51.5 53.2 45.5 40.2 38.1 35.3 33.8 34.8 38.3 42.8 49.6 55.7 64.9 69.2 70.9 77.3 78.8 74.7 72.4 62.5 56.7 51.2 45.1 40.5 39.2 43.1 44.3 51.4 60.5 60.6 64.4 62.6 74.8 71.6 70.0 59.1 65.4 59.3 65.9 57.8 55.9 49.0 51.2 56.6 63.7 70.3 79.3 70.7 72.7 54.3 61.3 77.1 93.0 99.2 99.3 88.7 63.7 65.9 69.2
-9999.0 -9999.0 -9999.0 -9999.0 -9999.0 -9999.0 -9999.0 -9999.0 -9999.0 -9999.0 -9999.0 -9999.0 -9999.0 70.0 79.9 51.5 59.3 48.5 42.8 39.2 37.8 33.8 35.5 34.4 37.3 41.1 45.8 50.7 60.4 70.5 83.7 93.2 89.5 90.2 97.6 90.8 82.9 73.0 60.7 57.8 53.8 52.8 54.8 61.0 64.2 67.9 77.4 87.9 95.0 94.8 88.6 72.9 65.8 87.0 78.7 72.6 64.8 64.9 70.9 64.9 70.7 82.4 93.0 99.9 75.9 73.4 75.1 67.7 84.1 92.1 75.4 75.0 82.0 83.4 90.5 91.2
-9999.0 -9999.0 -9999.0 -9999.0 -9999.0 -9999.0 -9999.0 -9999.0 -9999.0 -9999.0 -9999.0 -9999.0 71.2 84.2 74.2 56.0 64.5 51.2 44.8 33.8 32.0 31.7 33.1 34.6 38.1 42.4 48.7 58.0 68.3 78.4 92.3 110.1 101.3 112.8 107.3 107.5 91.1 94.5 85.3 74.7 66.2 66.7 71.3 74.2 80.4 87.0 92.0 96.2 103.9 105.1 105.7 103.0 82.3 85.8 79.3 78.3 84.3 75.2 81.9 86.7 96.5 109.4 122.7 132.4 117.3 89.4 47.0 50.8 87.6 118.8 122.4 108.6 90.7 73.7 81.2 89.7
-9999.0 -9999.0 -9999.0 -9999.0 -9999.0 -9999.0 -9999.0 -9999.0 -9999.0 -9999.0 -9999.0 -9999.0 79.4 47.2 52.4 73.5 60.9 38.8 34.0 35.4 28.4 31.1 31.8 34.0 38.0 44.2 51.5 61.0 72.4 88.9 106.2 118.7 115.1 137.5 134.6 121.5 121.4 109.2 101.4 96.9 86.9 86.5 88.1 91.2 96.0 101.9 110.8 116.1 119.2 110.8 106.4 107.4 94.9 90.4 88.2 86.0 94.1 102.8 108.9 121.0 133.5 147.7 146.5 127.4 106.8 68.2 71.5 48.0 57.1 81.9 105.9 114.9 116.0 128.4 131.0 126.0
-9999.0 -9999.0 -9999.0 -9999.0 -9999.0 -9999.0 -9999.0 -9999.0 -9999.0 -9999.0 -9999.0 -9999.0 36.0 61.8 37.5 40.2 35.4 45.9 32.7 30.2 34.3 33.4 30.4 33.7 37.0 41.0 47.6 52.3 70.5 85.8 105.0 107.1 140.4 156.4 151.0 134.1 127.5 120.7 119.6 102.8 103.7 113.4 100.1 117.7 110.7 113.4 119.0 119.6 116.5 115.9 114.9 108.6 126.8 126.3 110.8 99.9 110.6 126.0 141.0 152.6 162.9 170.5 196.1 123.7 68.2 60.0 56.2 64.0 80.3 98.4 121.8 150.0 157.1 160.6 159.8 151.7
-9999.0 -9999.0 -9999.0 -9999.0 -9999.0 -9999.0 -9999.0 -9999.0 -9999.0 -9999.0 -9999.0 -9999.0 -9999.0 76.6 61.1 34.0 32.9 26.2 31.1 31.0 37.9 28.9 32.0 34.3 36.4 40.5 46.2 54.3 60.3 81.3 86.5 109.6 122.9 149.4 139.9 105.6 105.5 127.1 122.6 126.3 124.1 105.0 107.5 115.4 122.7 118.0 117.1 109.2 116.9 115.2 106.3 122.3 118.4 112.2 122.9 125.9 127.1 147.4 167.4 189.9 200.5 234.6 207.0 78.8 82.3 64.7 72.7 90.3 109.9 132.8 154.5 170.7 184.8 176.5 183.0 176.5
-9999.0 -9999.0 -9999.0 -9999.0 -9999.0 -9999.0 -9999.0 -9999.0 -9999.0 -9999.0 -9999.0 -9999.0 -9999.0 19.0 52.3 28.9 41.7 21.2 21.5 25.0 35.5 34.2 35.1 35.0 37.5 40.4 43.3 50.1 54.7 51.1 64.4 81.5 112.4 121.4 102.6 97.8 114.0 120.9 112.9 93.8 122.8 122.1 122.8 122.4 117.8 115.9 110.7 97.1 96.0 96.2 110.1 96.4 117.9 128.6 135.5 132.8 140.8 164.3 187.1 196.7 222.0 163.0 109.9 134.5 90.6 73.3 86.5 110.2 131.6 150.3 167.1 184.0 196.8 205.8 204.0 192.4
-9999.0 -9999.0 -9999.0 -9999.0 -9999.0 -9999.0 -9999.0 -9999.0 -9999.0 -9999.0 -9999.0 -9999.0 -9999.0 -9999.0 -9999.0 27.4 20.9 25.0 20.6 19.6 32.0 30.1 33.1 37.1 39.7 41.4 40.0 41.3 39.4 47.3 51.3 65.5 63.8 73.9 87.6 66.3 64.8 118.8 113.2 115.3 105.3 109.9 117.1 120.4 125.7 121.0 101.9 87.1 86.7 64.0 84.1 120.8 107.5 114.1 104.6 126.7 143.5 181.0 194.7 221.0 169.4 128.7 170.2 127.0 91.1 76.6 86.5 110.3 133.1 150.9 165.5 180.5 204.5 213.7 209.3 192.5
-9999.0 -9999.0 -9999.0 -9999.0 -9999.0 -9999.0 -9999.0 -9999.0 -9999.0 -9999.0 -9999.0 -9999.0 -9999.0 -9999.0 -9999.0 -9999.0 -9999.0 5.0 10.9 -9999.0 21.8 35.7 37.4 43.2 45.7 46.6 42.8 40.6 40.0 35.2 38.7 52.5 44.1 81.1 103.6 67.1 49.5 105.6 88.7 96.9 100.5 100.8 108.7 112.2 152.8 121.1 183.3 96.3 70.7 76.1 56.8 79.1 69.5 103.2 111.6 121.6 129.8 162.2 186.5 212.8 121.1 125.7 134.6 109.5 76.8 62.9 71.6 92.1 117.9 138.9 152.6 181.5 197.1 206.7 199.0 179.9
-9999.0 -9999.0 -9999.0 -9999.0 -9999.0 -9999.0 -9999.0 -9999.0 -9999.0 -9999.0 -9999.0 -9999.0 -9999.0 -9999.0 -9999.0 -9999.0 -9999.0 -9999.0 -9999.0 -9999.0 -9999.0 39.1 48.3 55.2 56.3 62.6 59.3 51.9 41.5 37.8 32.4 49.7 58.6 61.7 71.1 44.4 46.5 54.7 69.6 83.5 86.5 89.7 96.1 99.2 138.8 100.9 203.0 89.6 94.2 156.8 70.9 108.9 106.1 68.5 85.4 110.6 126.3 137.1 187.0 187.6 113.7 97.9 98.5 80.8 64.9 52.1 57.9 73.7 97.5 117.1 133.9 156.3 166.3 166.1 157.2 142.5
-9999.0 -9999.0 -9999.0 -9999.0 -9999.0 -9999.0 -9999.0 -9999.0 -9999.0 -9999.0 -9999.0 -9999.0 -9999.0 -9999.0 -9999.0 -9999.0 -9999.0 -9999.0 -9999.0 -9999.0 -9999.0 -9999.0 -9999.0 75.3 76.4 80.0 76.9 64.7 46.5 40.7 32.0 30.9 29.7 33.7 29.4 27.4 27.7 33.6 44.0 57.6 68.3 79.9 80.1 86.2 123.2 199.5 132.6 105.0 102.3 90.9 60.1 85.7 55.9 63.0 60.6 67.5 100.6 135.0 127.5 165.3 120.5 106.2 84.2 61.4 49.6 47.1 51.7 62.5 77.3 92.7 114.5 117.8 116.3 121.0 109.0 104.3
-9999.0 -9999.0 -9999.0 -9999.0 -9999.0 -9999.0 -9999.0 -9999.0 -9999.0 -9999.0 -9999.0 -9999.0 -9999.0 -9999.0 -9999.0 -9999.0 -9999.0 -9999.0 -9999.0 -9999.0 -9999.0 -9999.0 -9999.0 -9999.0 -9999.0 123.0 117.2 70.5 59.7 49.9 40.1 41.7 44.5 36.9 36.6 27.2 32.2 29.5 41.8 49.4 66.1 64.2 82.8 93.3 154.1 180.9 165.1 191.3 83.6 85.7 86.8 70.5 79.7 71.2 55.1 62.5 85.7 100.0 133.9 145.2 145.1 129.6 180.5 79.9 58.8 53.6 51.4 59.9 78.3 94.5 86.6 80.8 67.6 83.2 82.9 75.0
-9999.0 -9999.0 -9999.0 -9999.0 -9999.0 -9999.0 -9999.0 -9999.0 -9999.0 -9999.0 -9999.0 -9999.0 -9999.0 -9999.0 -9999.0 -9999.0 -9999.0 -9999.0 -9999.0 -9999.0 -9999.0 -9999.0 -9999.0 -9999.0 -9999.0 -9999.0 -9999.0 150.6 151.2 105.6 85.7 76.5 46.9 73.6 43.6 80.3 34.1 34.1 39.9 44.2 58.5 51.1 82.8 125.3 143.7 160.2 169.5 173.8 173.5 123.7 144.1 132.5 70.5 67.9 65.1 73.3 88.5 107.8 120.6 132.0 167.4 145.6 124.7 93.3 91.5 68.7 62.7 64.4 73.4 80.3 72.0 74.1 52.7 63.5 57.4 54.4
-9999.0 -9999.0 -9999.0 -9999.0 -9999.0 -9999.0 -9999.0 -9999.0 -9999.0 -9999.0 -9999.0 -9999.0 -9999.0 -9999.0 -9999.0 -9999.0 -9999.0 -9999.0 -9999.0 -9999.0 -9999.0 -9999.0 -9999.0 -9999.0 -9999.0 -9999.0 -9999.0 -9999.0 -9999.0 -9999.0 -9999.0 -9999.0 -9999.0 107.8 65.8 -9999.0 -9999.0 -9999.0 57.5 44.9 52.6 68.6 74.1 113.1 127.0 138.6 -9999.0 -9999.0 -9999.0 -9999.0 -9999.0 -9999.0 103.0 88.9 95.4 105.3 114.6 136.6 135.7 161.2 168.3 149.1 143.4 123.8 112.8 102.7 91.6 89.7 95.5 88.8 71.8 72.2 73.5 65.2 73.7 57.7
-9999.0 -9999.0 -9999.0 -9999.0 -9999.0 -9999.0 -9999.0 -9999.0 -9999.0 -9999.0 -9999.0 -9999.0 -9999.0 -9999.0 -9999.0 -9999.0 -9999.0 -9999.0 -9999.0 -9999.0 -9999.0 -9999.0 -9999.0 -9999.0 -9999.0 -9999.0 -9999.0 -9999.0 -9999.0 -9999.0 -9999.0 -9999.0 -9999.0 -9999.0 -9999.0 -9999.0 -9999.0 -9999.0 -9999.0 71.8 73.9 79.1 86.8 96.4 -9999.0 -9999.0 -9999.0 -9999.0 -9999.0 -9999.0 -9999.0 -9999.0 121.3 120.8 123.3 134.7 143.7 147.2 153.0 170.9 180.7 145.6 128.5 134.1 152.4 167.3 158.3 121.9 119.8 128.9 114.1 93.9 83.4 101.0 89.8 86.0
-9999.0 -9999.0 -9999.0 -9999.0 -9999.0 -9999.0 -9999.0 -9999.0 -9999.0 -9999.0 -9999.0 -9999.0 -9999.0 -9999.0 -9999.0 -9999.0 -9999.0 -9999.0 -9999.0 -9999.0 -9999.0 -9999.0 -9999.0 -9999.0 -9999.0 -9999.0 -9999.0 -9999.0 -9999.0 -9999.0 -9999.0 -9999.0 -9999.0 -9999.0 -9999.0 -9999.0 -9999.0 -9999.0 -9999.0 -9999.0 -9999.0 -9999.0 -9999.0 -9999.0 -9999.0 -9999.0 -9999.0 -9999.0 -9999.0 -9999.0 -9999.0 -9999.0 119.5 159.8 162.3 164.5 158.2 146.9 140.9 145.7 143.4 121.6 132.5 128.8 175.9 225.3 188.0 152.4 150.2 154.8 144.6 132.1 156.3 138.4 136.0 115.6
-9999.0 -9999.0 -9999.0 -9999.0 -9999.0 -9999.0 -9999.0 -9999.0 -9999.0 -9999.0 -9999.0 -9999.0 -9999.0 -9999.0 -9999.0 -9999.0 -9999.0 -9999.0 -9999.0 -9999.0 -9999.0 -9999.0 -9999.0 -9999.0 -9999.0 -9999.0 -9999.0 -9999.0 -9999.0 -9999.0 -9999.0 -9999.0 -9999.0 -9999.0 -9999.0 -9999.0 -9999.0 -9999.0 -9999.0 -9999.0 -9999.0 -9999.0 -9999.0 -9999.0 -9999.0 -9999.0 -9999.0 -9999.0 -9999.0 -9999.0 -9999.0 157.1 175.4 201.2 165.3 182.1 164.3 158.7 135.4 104.3 118.9 99.9 97.5 131.8 210.7 285.8 226.9 165.8 178.8 175.0 171.9 170.0 158.0 142.9 141.7 145.2
-9999.0 -9999.0 -9999.0 -9999.0 -9999.0 -9999.0 -9999.0 -9999.0 -9999.0 -9999.0 -9999.0 -9999.0 -9999.0 -9999.0 -9999.0 -9999.0 -9999.0 -9999.0 -9999.0 -9999.0 -9999.0 -9999.0 -9999.0 -9999.0 -9999.0 -9999.0 -9999.0 -9999.0 -9999.0 -9999.0 -9999.0 -9999.0 -9999.0 -9999.0 -9999.0 -9999.0 -9999.0 -9999.0 -9999.0 -9999.0 -9999.0 -9999.0 -9999.0 -9999.0 -9999.0 -9999.0 -9999.0 -9999.0 -9999.0 -9999.0 112.5 207.6 228.1 235.8 208.0 199.6 155.4 124.5 136.7 144.1 121.4 107.0 108.6 146.8 246.0 305.4 283.4 222.0 217.9 199.9 198.7 178.4 156.7 154.9 160.3 198.5
-9999.0 -9999.0 -9999.0 -9999.0 -9999.0 -9999.0 -9999.0 -9999.0 -9999.0 -9999.0 -9999.0 -9999.0 -9999.0 -9999.0 -9999.0 -9999.0 -9999.0 -9999.0 -9999.0 -9999.0 -9999.0 -9999.0 -9999.0 -9999.0 -9999.0 -9999.0 -9999.0 -9999.0 -9999.0 -9999.0 -9999.0 -9999.0 -9999.0 -9999.0 -9999.0 -9999.0 -9999.0 -9999.0 -9999.0 -9999.0 -9999.0 -9999.0 -9999.0 -9999.0 -9999.0 -9999.0 -9999.0 -9999.0 -9999.0 -9999.0 100.7 243.8 199.0 250.6 238.4 194.7 115.0 173.7 177.9 165.7 145.8 137.9 144.8 181.0 248.8 250.9 258.5 242.5 242.5 231.3 217.4 190.1 150.7 108.8 84.5 90.4
-9999.0 -9999.0 -9999.0 -9999.0 -9999.0 -9999.0 -9999.0 -9999.0 -9999.0 -9999.0 -9999.0 -9999.0 -9999.0 -9999.0 -9999.0 -9999.0 -9999.0 -9999.0 -9999.0 -9999.0 -9999.0 -9999.0 -9999.0 -9999.0 -9999.0 -9999.0 -9999.0 -9999.0 -9999.0 -9999.0 -9999.0 -9999.0 -9999.0 -9999.0 -9999.0 -9999.0 -9999.0 -9999.0 -9999.0 -9999.0 -9999.0 -9999.0 -9999.0 -9999.0 -9999.0 -9999.0 -9999.0 -9999.0 -9999.0 -9999.0 70.2 145.4 139.4 272.3 194.9 167.1 204.8 176.0 198.6 157.5 174.8 166.5 165.3 183.6 223.8 239.2 231.8 244.4 258.4 260.0 230.7 226.4 133.0 128.4 73.9 91.7
-9999.0 -9999.0 -9999.0 -9999.0 -9999.0 -9999.0 -9999.0 -9999.0 -9999.0 -9999.0 -9999.0 -9999.0 -9999.0 -9999.0 -9999.0 -9999.0 -9999.0 -9999.0 -9999.0 -9999.0 -9999.0 -9999.0 -9999.0 -9999.0 -9999.0 -9999.0 -9999.0 -9999.0 -9999.0 -9999.0 -9999.0 -9999.0 -9999.0 -9999.0 -9999.0 -9999.0 -9999.0 -9999.0 -9999.0 -9999.0 -9999.0 -9999.0 -9999.0 -9999.0 -9999.0 -9999.0 -9999.0 -9999.0 -9999.0 -9999.0 116.4 195.3 184.8 224.0 213.5 214.2 154.4 185.4 193.4 151.9 173.3 159.3 133.5 174.0 211.4 233.4 249.1 249.5 266.4 220.4 208.4 167.9 142.6 143.0 111.2 159.2
-9999.0 -9999.0 -9999.0 -9999.0 -9999.0 -9999.0 -9999.0 -9999.0 -9999.0 -9999.0 -9999.0 -9999.0 -9999.0 -9999.0 -9999.0 -9999.0 -9999.0 -9999.0 -9999.0 -9999.0 -9999.0 -9999.0 -9999.0 -9999.0 -9999.0 -9999.0 -9999.0 -9999.0 -9999.0 -9999.0 -9999.0 -9999.0 -9999.0 -9999.0 -9999.0 -9999.0 -9999.0 -9999.0 -9999.0 -9999.0 -9999.0 -9999.0 -9999.0 -9999.0 -9999.0 -9999.0 -9999.0 -9999.0 -9999.0 -9999.0 -9999.0 -9999.0 -9999.0 181.6 191.2 189.6 189.3 198.7 165.3 163.5 194.6 125.7 169.5 179.2 213.7 232.3 257.4 225.0 237.3 209.7 162.2 128.1 114.6 128.8 166.7 186.6
-9999.0 -9999.0 -9999.0 -9999.0 -9999.0 -9999.0 -9999.0 -9999.0 -9999.0 -9999.0 -9999.0 -9999.0 -9999.0 -9999.0 -9999.0 -9999.0 -9999.0 -9999.0 -9999.0 -9999.0 -9999.0 -9999.0 -9999.0 -9999.0 -9999.0 -9999.0 -9999.0 -9999.0 -9999.0 -9999.0 -9999.0 -9999.0 -9999.0 -9999.0 -9999.0 -9999.0 -9999.0 -9999.0 -9999.0 -9999.0 -9999.0 -9999.0 -9999.0 -9999.0 -9999.0 -9999.0 -9999.0 -9999.0 -9999.0 -9999.0 -9999.0 -9999.0 -9999.0 181.0 182.1 228.3 183.7 169.1 196.1 226.5 193.0 143.2 193.0 171.1 200.4 215.3 171.4 235.4 171.0 149.2 121.5 115.4 122.3 150.3 199.0 267.8
-9999.0 -9999.0 -9999.0 -9999.0 -9999.0 -9999.0 -9999.0 -9999.0 -9999.0 -9999.0 -9999.0 -9999.0 -9999.0 -9999.0 -9999.0 -9999.0 -9999.0 -9999.0 -9999.0 -9999.0 -9999.0 -9999.0 -9999.0 -9999.0 -9999.0 -9999.0 -9999.0 -9999.0 -9999.0 -9999.0 -9999.0 -9999.0 -9999.0 -9999.0 -9999.0 -9999.0 -9999.0 -9999.0 -9999.0 -9999.0 -9999.0 -9999.0 -9999.0 -9999.0 -9999.0 -9999.0 -9999.0 -9999.0 -9999.0 -9999.0 -9999.0 -9999.0 -9999.0 169.6 137.2 186.9 165.3 150.0 180.7 202.9 224.8 200.1 223.7 239.4 155.0 -9999.0 -9999.0 -9999.0 172.0 135.8 147.7 175.2 183.6 186.1 217.0 272.6
-9999.0 -9999.0 -9999.0 -9999.0 -9999.0 -9999.0 -9999.0 -9999.0 -9999.0 -9999.0 -9999.0 -9999.0 -9999.0 -9999.0 -9999.0 -9999.0 -9999.0 -9999.0 -9999.0 -9999.0 -9999.0 -9999.0 -9999.0 -9999.0 -9999.0 -9999.0 -9999.0 -9999.0 -9999.0 -9999.0 -9999.0 -9999.0 -9999.0 -9999.0 -9999.0 -9999.0 -9999.0 -9999.0 -9999.0 -9999.0 -9999.0 -9999.0 -9999.0 -9999.0 -9999.0 -9999.0 -9999.0 -9999.0 -9999.0 -9999.0 -9999.0 -9999.0 -9999.0 -9999.0 147.0 138.7 99.6 91.0 147.3 197.1 137.7 -9999.0 -9999.0 -9999.0 -9999.0 -9999.0 -9999.0 -9999.0 150.2 179.7 244.0 260.9 251.2 221.1 196.9 175.4
-9999.0 -9999.0 -9999.0 -9999.0 -9999.0 -9999.0 -9999.0 -9999.0 -9999.0 -9999.0 -9999.0 -9999.0 -9999.0 -9999.0 -9999.0 -9999.0 -9999.0 -9999.0 -9999.0 -9999.0 -9999.0 -9999.0 -9999.0 -9999.0 -9999.0 -9999.0 -9999.0 -9999.0 -9999.0 -9999.0 -9999.0 -9999.0 -9999.0 -9999.0 -9999.0 -9999.0 -9999.0 -9999.0 -9999.0 -9999.0 -9999.0 -9999.0 -9999.0 -9999.0 -9999.0 -9999.0 -9999.0 -9999.0 -9999.0 -9999.0 -9999.0 -9999.0 -9999.0 -9999.0 -9999.0 88.9 122.2 84.1 80.6 121.6 124.6 -9999.0 -9999.0 -9999.0 -9999.0 -9999.0 -9999.0 -9999.0 -9999.0 -9999.0 264.1 -9999.0 -9999.0 -9999.0 -9999.0 -9999.0
