program/excelProcessViaJava/data/SURF_CLI_CHN_PRE_MON_GRID_0.5-201204.txt
NCOLS      128
NROWS       72
XLLCORNER    72.000000000000    
YLLCORNER    18.000000000000    
CELLSIZE    0.50000000000000    
NODATA_VALUE   -9999.000    
[rows 35 to 69 of 72, columns 0 to 76 of 128]
-9999.0 -9999.0 -9999.0 -9999.0 -9999.0 -9999.0 -9999.0 11.3 9.8 8.8 7.5 6.9 6.4 5.8 5.2 1.9 2.8 1.6 1.2 1.5 2.1 2.5 2.7 2.7 2.9 3.2 3.9 4.6 5.4 6.7 7.4 8.1 8.6 9.7 11.2 10.1 12.5 11.1 13.3 12.8 5.3 10.9 7.5 3.1 1.2 0.7 0.6 0.6 0.6 0.7 1.0 1.7 3.7 8.7 10.1 18.0 27.8 33.5 22.1 24.4 18.4 16.1 15.9 14.8 13.4 16.1 18.3 23.5 29.1 31.2 32.2 36.6 37.1 32.1 24.1 20.5 18.3
-9999.0 -9999.0 -9999.0 -9999.0 -9999.0 -9999.0 -9999.0 8.5 8.6 7.6 6.7 6.3 5.7 5.0 4.7 4.1 3.8 3.4 3.2 2.8 2.6 2.8 2.8 3.0 3.2 3.6 4.1 5.0 5.5 6.2 7.5 8.4 9.3 11.0 10.8 11.7 11.7 13.2 12.9 11.7 10.9 9.4 8.4 10.8 4.2 2.2 2.3 2.3 3.7 3.0 5.9 5.6 5.4 7.5 9.3 17.4 28.7 32.2 24.2 20.8 24.0 26.0 30.3 25.4 20.9 19.5 21.6 26.6 35.9 34.6 36.6 37.4 36.9 35.4 25.5 25.9 22.3
-9999.0 -9999.0 -9999.0 -9999.0 -9999.0 -9999.0 -9999.0 -9999.0 -9999.0 6.6 6.0 5.5 4.7 4.4 4.2 3.9 3.5 2.9 3.0 2.8 2.8 2.9 3.0 3.3 3.6 4.1 4.6 5.2 6.0 6.8 7.6 8.6 9.6 10.8 11.2 12.0 12.6 13.8 13.6 14.1 12.7 12.2 10.1 8.2 8.2 7.2 6.7 6.2 6.3 6.5 7.3 7.2 7.8 9.4 10.0 16.2 29.9 33.4 21.4 21.6 22.2 21.9 24.0 33.4 25.7 23.6 25.9 29.0 39.3 34.3 35.0 31.7 30.8 32.1 31.6 18.5 17.2
-9999.0 -9999.0 -9999.0 -9999.0 -9999.0 -9999.0 -9999.0 -9999.0 -9999.0 -9999.0 -9999.0 4.2 4.4 3.5 3.6 3.2 3.1 3.0 2.9 2.8 2.6 3.0 3.2 3.7 3.7 4.4 4.8 5.5 6.3 7.3 8.2 8.9 10.2 11.2 12.2 13.8 14.3 15.3 18.6 16.8 17.6 15.5 13.5 12.0 13.6 11.2 13.1 11.5 11.9 11.8 11.6 11.9 12.4 12.7 12.6 14.4 20.5 20.5 22.6 22.7 21.3 24.1 28.1 32.4 30.8 33.2 32.8 32.4 36.1 36.3 31.3 28.0 24.2 21.4 17.9 18.4 18.6
-9999.0 -9999.0 -9999.0 -9999.0 -9999.0 -9999.0 -9999.0 -9999.0 -9999.0 -9999.0 -9999.0 -9999.0 3.7 3.6 2.8 3.0 2.1 2.5 2.5 2.0 3.0 3.0 3.4 4.1 3.0 4.8 5.8 5.6 6.5 6.6 8.2 9.4 10.5 11.3 12.7 14.1 16.0 17.0 18.1 18.9 19.2 18.8 17.8 17.8 17.4 17.9 18.7 18.0 18.7 19.2 19.4 19.2 19.8 21.0 19.6 18.2 18.3 18.0 30.1 23.2 25.0 25.7 28.6 32.4 41.7 40.5 43.1 40.8 39.7 37.6 25.1 19.4 18.5 18.5 16.4 29.3 13.7
-9999.0 -9999.0 -9999.0 -9999.0 -9999.0 -9999.0 -9999.0 -9999.0 -9999.0 -9999.0 -9999.0 -9999.0 2.1 3.1 3.2 2.3 3.0 2.6 1.9 2.2 2.5 2.5 3.1 4.4 5.8 5.7 6.1 7.5 7.1 8.5 8.1 8.2 10.1 11.6 12.7 14.6 16.0 18.1 20.0 21.6 22.4 22.4 23.2 22.1 23.6 25.4 25.8 26.9 29.0 28.9 29.9 29.3 31.0 28.3 30.8 24.6 25.6 24.7 33.2 32.8 31.0 30.9 33.3 37.9 50.6 49.4 43.9 37.3 32.6 29.4 31.6 40.2 39.5 22.5 19.3 14.5 13.2
-9999.0 -9999.0 -9999.0 -9999.0 -9999.0 -9999.0 -9999.0 -9999.0 -9999.0 -9999.0 -9999.0 -9999.0 -9999.0 2.1 1.4 2.8 2.0 2.4 2.6 2.7 2.6 3.8 3.2 5.6 5.9 4.1 4.5 3.9 5.4 6.4 8.4 9.6 8.9 10.3 13.7 15.1 16.7 18.6 21.9 23.9 25.6 26.8 26.8 28.6 28.9 31.3 33.8 35.0 35.7 36.6 37.7 40.7 41.5 30.8 29.6 28.1 28.8 27.5 27.0 32.7 33.8 34.6 37.5 40.5 56.4 51.6 47.5 35.9 30.7 21.2 11.2 17.3 25.1 25.5 24.7 20.1 18.6
-9999.0 -9999.0 -9999.0 -9999.0 -9999.0 -9999.0 -9999.0 -9999.0 -9999.0 -9999.0 -9999.0 -9999.0 1.5 0.9 1.0 1.8 0.9 1.4 1.5 3.0 3.5 4.2 4.3 5.8 7.1 4.2 5.1 6.2 6.2 5.9 7.0 9.7 7.5 10.8 12.0 15.1 15.8 20.2 23.0 25.7 29.3 32.9 35.3 31.3 33.8 36.8 39.9 42.2 41.7 41.8 41.2 40.1 43.3 37.7 36.7 32.6 27.3 39.7 34.4 39.1 39.2 41.2 42.2 49.0 47.6 47.9 29.1 25.9 29.5 35.9 32.2 28.5 37.0 51.6 51.3 43.5 39.9
-9999.0 -9999.0 -9999.0 -9999.0 -9999.0 -9999.0 -9999.0 -9999.0 -9999.0 -9999.0 -9999.0 -9999.0 0.7 1.7 1.3 0.4 0.5 1.6 1.8 1.4 3.5 2.9 4.0 5.2 7.6 8.8 7.9 7.3 6.5 7.5 8.1 8.0 6.7 11.7 13.8 15.0 19.3 21.4 25.1 29.9 32.2 33.9 34.3 35.4 37.6 40.5 42.9 43.1 42.3 43.1 43.3 41.8 44.9 46.2 41.5 41.7 32.9 33.3 41.9 43.2 47.9 53.6 48.3 46.7 47.9 33.0 33.6 21.2 20.2 24.7 32.3 41.1 48.5 41.9 38.0 44.5 53.8
-9999.0 -9999.0 -9999.0 -9999.0 -9999.0 -9999.0 -9999.0 -9999.0 -9999.0 -9999.0 -9999.0 -9999.0 1.7 0.5 1.4 1.0 1.1 0.4 0.9 1.1 0.6 0.9 3.4 2.9 5.1 2.8 3.9 1.8 5.5 5.4 5.9 3.5 8.1 11.8 13.7 15.0 18.9 23.0 28.9 31.9 37.0 40.7 41.7 41.2 41.6 44.2 44.6 42.3 40.7 38.2 37.3 38.9 38.3 35.6 32.0 43.9 35.8 37.5 44.1 58.1 62.4 64.7 75.1 56.6 40.3 27.6 21.8 18.9 22.5 32.6 47.2 54.6 55.4 52.5 69.4 50.3 56.8
-9999.0 -9999.0 -9999.0 -9999.0 -9999.0 -9999.0 -9999.0 -9999.0 -9999.0 -9999.0 -9999.0 -9999.0 -9999.0 0.2 0.2 0.6 0.5 0.8 0.5 0.5 0.2 1.4 1.2 1.2 4.7 3.9 4.2 4.6 2.2 5.0 1.8 2.9 3.5 7.6 8.9 8.3 13.3 23.2 28.8 35.9 41.1 44.2 48.1 47.7 45.9 44.5 42.8 40.8 36.4 32.6 28.4 33.5 32.4 31.6 29.2 26.8 38.3 46.2 50.2 56.6 72.0 84.2 87.7 55.9 29.2 25.1 20.3 17.8 24.3 43.3 62.3 73.5 75.6 88.5 79.8 80.1 69.5
-9999.0 -9999.0 -9999.0 -9999.0 -9999.0 -9999.0 -9999.0 -9999.0 -9999.0 -9999.0 -9999.0 -9999.0 -9999.0 2.1 0.2 0.5 0.2 0.7 0.8 0.7 0.3 0.4 0.5 1.1 6.5 3.8 2.6 4.1 2.2 0.1 0.3 0.5 1.9 2.8 3.1 5.7 12.8 19.9 24.5 29.0 38.6 44.9 49.1 49.1 50.6 43.8 40.2 35.6 29.3 24.9 27.4 19.9 28.5 31.8 30.4 23.9 24.9 35.6 46.7 77.4 81.2 91.7 55.5 26.7 23.5 22.8 21.0 20.8 32.1 54.6 77.3 90.8 100.4 112.3 117.6 107.8 95.5
-9999.0 -9999.0 -9999.0 -9999.0 -9999.0 -9999.0 -9999.0 -9999.0 -9999.0 -9999.0 -9999.0 -9999.0 -9999.0 -9999.0 -9999.0 0.5 0.7 0.4 0.9 2.1 0.5 2.0 3.2 2.9 2.1 2.2 0.2 0.5 0.1 0.4 0.1 0.2 0.1 0.4 1.4 2.1 5.0 16.8 20.2 25.6 32.4 39.4 43.6 44.2 44.8 49.4 37.0 39.4 27.1 19.6 18.7 35.9 26.4 27.8 12.9 19.7 19.8 30.1 42.0 61.0 83.8 61.6 34.8 25.6 23.9 24.5 25.4 29.9 44.0 69.8 91.7 106.4 132.3 146.7 150.5 139.5 124.0
-9999.0 -9999.0 -9999.0 -9999.0 -9999.0 -9999.0 -9999.0 -9999.0 -9999.0 -9999.0 -9999.0 -9999.0 -9999.0 -9999.0 -9999.0 -9999.0 -9999.0 45.8 15.3 -9999.0 13.5 2.5 9.6 10.2 2.8 2.9 0.2 0.3 0.5 0.0 0.1 0.3 0.0 0.6 3.0 1.9 3.0 14.6 13.4 18.2 24.0 32.0 33.6 33.8 68.5 48.5 174.3 35.2 28.9 24.4 22.5 21.7 18.1 33.4 30.0 24.1 14.4 27.0 37.1 56.3 53.3 53.9 45.6 35.9 32.8 33.9 37.5 45.9 59.5 81.2 95.0 135.0 155.0 162.1 165.5 157.4 145.3
-9999.0 -9999.0 -9999.0 -9999.0 -9999.0 -9999.0 -9999.0 -9999.0 -9999.0 -9999.0 -9999.0 -9999.0 -9999.0 -9999.0 -9999.0 -9999.0 -9999.0 -9999.0 -9999.0 -9999.0 -9999.0 13.7 8.1 1.5 5.5 17.8 11.0 4.9 0.8 1.0 0.2 2.1 0.6 0.5 1.9 1.2 3.3 6.7 11.0 18.0 19.4 23.9 27.2 26.1 58.5 31.6 268.1 49.4 40.1 83.7 32.1 54.9 55.1 28.6 29.9 30.6 25.5 18.4 44.5 45.5 41.0 46.1 53.4 45.7 40.6 41.8 49.4 59.8 68.1 83.4 102.6 137.8 152.6 150.2 146.9 147.9 158.0
-9999.0 -9999.0 -9999.0 -9999.0 -9999.0 -9999.0 -9999.0 -9999.0 -9999.0 -9999.0 -9999.0 -9999.0 -9999.0 -9999.0 -9999.0 -9999.0 -9999.0 -9999.0 -9999.0 -9999.0 -9999.0 -9999.0 -9999.0 87.4 25.8 26.7 20.4 8.5 0.4 1.0 0.2 0.1 0.0 0.2 0.3 1.0 2.7 6.2 10.3 15.0 16.1 21.3 14.9 16.5 54.6 317.3 99.5 81.8 117.1 124.7 56.2 61.5 49.5 48.7 29.0 7.8 20.2 29.0 10.9 35.6 26.3 35.8 40.3 32.1 34.0 39.0 49.3 61.4 78.8 83.1 115.5 130.2 139.2 143.5 128.0 138.9 155.3
-9999.0 -9999.0 -9999.0 -9999.0 -9999.0 -9999.0 -9999.0 -9999.0 -9999.0 -9999.0 -9999.0 -9999.0 -9999.0 -9999.0 -9999.0 -9999.0 -9999.0 -9999.0 -9999.0 -9999.0 -9999.0 -9999.0 -9999.0 -9999.0 -9999.0 205.4 77.8 0.5 0.4 0.0 0.2 1.4 2.1 1.0 3.5 2.8 6.2 10.6 16.3 17.5 22.5 13.2 48.9 42.6 197.0 330.9 231.8 438.1 62.7 118.8 73.6 78.0 81.1 70.0 29.2 13.5 16.9 9.2 23.7 25.3 27.8 31.0 71.8 18.1 23.4 30.8 43.5 65.7 81.7 95.9 101.2 117.3 117.5 128.8 118.7 126.2 151.1
-9999.0 -9999.0 -9999.0 -9999.0 -9999.0 -9999.0 -9999.0 -9999.0 -9999.0 -9999.0 -9999.0 -9999.0 -9999.0 -9999.0 -9999.0 -9999.0 -9999.0 -9999.0 -9999.0 -9999.0 -9999.0 -9999.0 -9999.0 -9999.0 -9999.0 -9999.0 -9999.0 272.1 245.4 59.1 36.0 27.7 1.3 32.5 9.8 79.5 20.1 23.7 33.9 24.0 23.6 16.4 71.1 190.7 239.6 322.1 404.6 445.7 468.5 241.4 373.1 329.2 98.2 74.8 39.7 24.7 5.3 2.6 13.4 9.1 9.3 26.2 13.2 17.5 33.8 32.9 39.1 46.1 54.6 67.5 85.6 115.0 107.8 113.5 101.5 108.1 89.2
-9999.0 -9999.0 -9999.0 -9999.0 -9999.0 -9999.0 -9999.0 -9999.0 -9999.0 -9999.0 -9999.0 -9999.0 -9999.0 -9999.0 -9999.0 -9999.0 -9999.0 -9999.0 -9999.0 -9999.0 -9999.0 -9999.0 -9999.0 -9999.0 -9999.0 -9999.0 -9999.0 -9999.0 -9999.0 -9999.0 -9999.0 -9999.0 -9999.0 125.1 36.8 -9999.0 -9999.0 -9999.0 85.2 38.5 51.6 78.3 61.3 212.4 285.1 316.1 -9999.0 -9999.0 -9999.0 -9999.0 -9999.0 -9999.0 162.9 75.6 46.5 14.3 3.4 1.1 1.8 3.4 8.7 20.4 15.9 18.9 22.7 29.4 39.5 48.2 46.3 50.2 70.0 103.9 116.5 99.6 88.8 83.8 65.5
-9999.0 -9999.0 -9999.0 -9999.0 -9999.0 -9999.0 -9999.0 -9999.0 -9999.0 -9999.0 -9999.0 -9999.0 -9999.0 -9999.0 -9999.0 -9999.0 -9999.0 -9999.0 -9999.0 -9999.0 -9999.0 -9999.0 -9999.0 -9999.0 -9999.0 -9999.0 -9999.0 -9999.0 -9999.0 -9999.0 -9999.0 -9999.0 -9999.0 -9999.0 -9999.0 -9999.0 -9999.0 -9999.0 -9999.0 210.3 199.8 203.7 214.0 226.8 -9999.0 -9999.0 -9999.0 -9999.0 -9999.0 -9999.0 -9999.0 -9999.0 143.0 74.5 34.4 10.7 2.2 0.7 0.8 2.5 6.7 15.5 23.2 19.8 27.9 33.3 40.5 39.6 37.0 48.5 73.1 97.3 101.0 102.6 90.0 83.1 74.9
-9999.0 -9999.0 -9999.0 -9999.0 -9999.0 -9999.0 -9999.0 -9999.0 -9999.0 -9999.0 -9999.0 -9999.0 -9999.0 -9999.0 -9999.0 -9999.0 -9999.0 -9999.0 -9999.0 -9999.0 -9999.0 -9999.0 -9999.0 -9999.0 -9999.0 -9999.0 -9999.0 -9999.0 -9999.0 -9999.0 -9999.0 -9999.0 -9999.0 -9999.0 -9999.0 -9999.0 -9999.0 -9999.0 -9999.0 -9999.0 -9999.0 -9999.0 -9999.0 -9999.0 -9999.0 -9999.0 -9999.0 -9999.0 -9999.0 -9999.0 -9999.0 -9999.0 197.8 73.1 31.1 14.9 2.2 0.8 1.2 3.5 7.7 14.3 37.6 22.8 24.9 19.5 17.6 27.0 36.5 49.8 73.7 99.2 128.6 114.0 112.7 135.8 126.8
-9999.0 -9999.0 -9999.0 -9999.0 -9999.0 -9999.0 -9999.0 -9999.0 -9999.0 -9999.0 -9999.0 -9999.0 -9999.0 -9999.0 -9999.0 -9999.0 -9999.0 -9999.0 -9999.0 -9999.0 -9999.0 -9999.0 -9999.0 -9999.0 -9999.0 -9999.0 -9999.0 -9999.0 -9999.0 -9999.0 -9999.0 -9999.0 -9999.0 -9999.0 -9999.0 -9999.0 -9999.0 -9999.0 -9999.0 -9999.0 -9999.0 -9999.0 -9999.0 -9999.0 -9999.0 -9999.0 -9999.0 -9999.0 -9999.0 -9999.0 -9999.0 151.0 117.3 72.4 32.3 13.3 4.9 3.5 3.3 5.2 11.3 16.8 19.3 22.2 19.2 11.9 9.2 11.2 39.5 57.5 83.1 110.8 124.4 142.1 172.2 215.3 206.2
-9999.0 -9999.0 -9999.0 -9999.0 -9999.0 -9999.0 -9999.0 -9999.0 -9999.0 -9999.0 -9999.0 -9999.0 -9999.0 -9999.0 -9999.0 -9999.0 -9999.0 -9999.0 -9999.0 -9999.0 -9999.0 -9999.0 -9999.0 -9999.0 -9999.0 -9999.0 -9999.0 -9999.0 -9999.0 -9999.0 -9999.0 -9999.0 -9999.0 -9999.0 -9999.0 -9999.0 -9999.0 -9999.0 -9999.0 -9999.0 -9999.0 -9999.0 -9999.0 -9999.0 -9999.0 -9999.0 -9999.0 -9999.0 -9999.0 -9999.0 101.0 119.4 111.0 82.9 46.7 25.9 11.8 7.5 8.5 10.9 12.6 16.3 18.5 22.2 17.6 11.0 13.2 16.2 48.5 59.6 92.6 108.6 140.2 176.9 204.0 229.0 299.1
-9999.0 -9999.0 -9999.0 -9999.0 -9999.0 -9999.0 -9999.0 -9999.0 -9999.0 -9999.0 -9999.0 -9999.0 -9999.0 -9999.0 -9999.0 -9999.0 -9999.0 -9999.0 -9999.0 -9999.0 -9999.0 -9999.0 -9999.0 -9999.0 -9999.0 -9999.0 -9999.0 -9999.0 -9999.0 -9999.0 -9999.0 -9999.0 -9999.0 -9999.0 -9999.0 -9999.0 -9999.0 -9999.0 -9999.0 -9999.0 -9999.0 -9999.0 -9999.0 -9999.0 -9999.0 -9999.0 -9999.0 -9999.0 -9999.0 -9999.0 58.4 118.7 75.7 97.7 71.7 42.0 18.0 19.7 17.7 16.7 16.1 16.1 16.5 20.1 20.9 14.2 17.0 13.9 34.7 42.2 72.5 104.2 137.7 161.9 176.7 199.3 246.1
-9999.0 -9999.0 -9999.0 -9999.0 -9999.0 -9999.0 -9999.0 -9999.0 -9999.0 -9999.0 -9999.0 -9999.0 -9999.0 -9999.0 -9999.0 -9999.0 -9999.0 -9999.0 -9999.0 -9999.0 -9999.0 -9999.0 -9999.0 -9999.0 -9999.0 -9999.0 -9999.0 -9999.0 -9999.0 -9999.0 -9999.0 -9999.0 -9999.0 -9999.0 -9999.0 -9999.0 -9999.0 -9999.0 -9999.0 -9999.0 -9999.0 -9999.0 -9999.0 -9999.0 -9999.0 -9999.0 -9999.0 -9999.0 -9999.0 -9999.0 33.4 48.9 44.5 114.8 71.5 47.3 41.8 26.6 25.4 22.0 22.4 22.4 22.7 23.5 27.9 28.4 27.0 21.4 18.0 48.9 43.1 104.7 90.8 130.4 121.6 149.2 212.2
-9999.0 -9999.0 -9999.0 -9999.0 -9999.0 -9999.0 -9999.0 -9999.0 -9999.0 -9999.0 -9999.0 -9999.0 -9999.0 -9999.0 -9999.0 -9999.0 -9999.0 -9999.0 -9999.0 -9999.0 -9999.0 -9999.0 -9999.0 -9999.0 -9999.0 -9999.0 -9999.0 -9999.0 -9999.0 -9999.0 -9999.0 -9999.0 -9999.0 -9999.0 -9999.0 -9999.0 -9999.0 -9999.0 -9999.0 -9999.0 -9999.0 -9999.0 -9999.0 -9999.0 -9999.0 -9999.0 -9999.0 -9999.0 -9999.0 -9999.0 38.7 74.0 68.1 90.9 79.4 63.5 27.7 28.1 28.1 30.0 32.2 32.3 31.6 32.9 38.9 44.3 53.1 49.3 49.7 5.0 24.9 41.2 65.2 94.2 96.7 143.3 201.8
-9999.0 -9999.0 -9999.0 -9999.0 -9999.0 -9999.0 -9999.0 -9999.0 -9999.0 -9999.0 -9999.0 -9999.0 -9999.0 -9999.0 -9999.0 -9999.0 -9999.0 -9999.0 -9999.0 -9999.0 -9999.0 -9999.0 -9999.0 -9999.0 -9999.0 -9999.0 -9999.0 -9999.0 -9999.0 -9999.0 -9999.0 -9999.0 -9999.0 -9999.0 -9999.0 -9999.0 -9999.0 -9999.0 -9999.0 -9999.0 -9999.0 -9999.0 -9999.0 -9999.0 -9999.0 -9999.0 -9999.0 -9999.0 -9999.0 -9999.0 -9999.0 -9999.0 -9999.0 57.4 53.6 40.8 28.9 25.3 27.9 40.8 44.9 54.5 48.5 46.8 50.5 56.6 69.7 48.3 41.9 29.0 25.0 30.3 44.7 68.8 104.0 149.9 219.2
-9999.0 -9999.0 -9999.0 -9999.0 -9999.0 -9999.0 -9999.0 -9999.0 -9999.0 -9999.0 -9999.0 -9999.0 -9999.0 -9999.0 -9999.0 -9999.0 -9999.0 -9999.0 -9999.0 -9999.0 -9999.0 -9999.0 -9999.0 -9999.0 -9999.0 -9999.0 -9999.0 -9999.0 -9999.0 -9999.0 -9999.0 -9999.0 -9999.0 -9999.0 -9999.0 -9999.0 -9999.0 -9999.0 -9999.0 -9999.0 -9999.0 -9999.0 -9999.0 -9999.0 -9999.0 -9999.0 -9999.0 -9999.0 -9999.0 -9999.0 -9999.0 -9999.0 -9999.0 48.9 40.1 46.0 20.8 17.4 29.2 47.8 69.8 84.2 66.5 69.2 65.8 69.3 56.8 79.4 45.1 39.1 34.1 35.3 45.8 66.6 107.3 188.2 257.3
-9999.0 -9999.0 -9999.0 -9999.0 -9999.0 -9999.0 -9999.0 -9999.0 -9999.0 -9999.0 -9999.0 -9999.0 -9999.0 -9999.0 -9999.0 -9999.0 -9999.0 -9999.0 -9999.0 -9999.0 -9999.0 -9999.0 -9999.0 -9999.0 -9999.0 -9999.0 -9999.0 -9999.0 -9999.0 -9999.0 -9999.0 -9999.0 -9999.0 -9999.0 -9999.0 -9999.0 -9999.0 -9999.0 -9999.0 -9999.0 -9999.0 -9999.0 -9999.0 -9999.0 -9999.0 -9999.0 -9999.0 -9999.0 -9999.0 -9999.0 -9999.0 -9999.0 -9999.0 41.0 27.3 27.9 17.8 17.7 33.5 64.3 84.7 97.8 89.5 89.9 89.3 -9999.0 -9999.0 -9999.0 92.8 74.7 66.0 58.7 49.1 50.9 87.6 176.4 254.4
-9999.0 -9999.0 -9999.0 -9999.0 -9999.0 -9999.0 -9999.0 -9999.0 -9999.0 -9999.0 -9999.0 -9999.0 -9999.0 -9999.0 -9999.0 -9999.0 -9999.0 -9999.0 -9999.0 -9999.0 -9999.0 -9999.0 -9999.0 -9999.0 -9999.0 -9999.0 -9999.0 -9999.0 -9999.0 -9999.0 -9999.0 -9999.0 -9999.0 -9999.0 -9999.0 -9999.0 -9999.0 -9999.0 -9999.0 -9999.0 -9999.0 -9999.0 -9999.0 -9999.0 -9999.0 -9999.0 -9999.0 -9999.0 -9999.0 -9999.0 -9999.0 -9999.0 -9999.0 -9999.0 28.4 21.4 16.2 22.8 40.0 66.3 109.7 -9999.0 -9999.0 -9999.0 -9999.0 -9999.0 -9999.0 -9999.0 129.4 128.2 120.1 79.2 46.7 35.6 53.5 107.6 192.2
-9999.0 -9999.0 -9999.0 -9999.0 -9999.0 -9999.0 -9999.0 -9999.0 -9999.0 -9999.0 -9999.0 -9999.0 -9999.0 -9999.0 -9999.0 -9999.0 -9999.0 -9999.0 -9999.0 -9999.0 -9999.0 -9999.0 -9999.0 -9999.0 -9999.0 -9999.0 -9999.0 -9999.0 -9999.0 -9999.0 -9999.0 -9999.0 -9999.0 -9999.0 -9999.0 -9999.0 -9999.0 -9999.0 -9999.0 -9999.0 -9999.0 -9999.0 -9999.0 -9999.0 -9999.0 -9999.0 -9999.0 -9999.0 -9999.0 -9999.0 -9999.0 -9999.0 -9999.0 -9999.0 -9999.0 19.2 22.0 27.9 51.5 79.9 115.1 -9999.0 -9999.0 -9999.0 -9999.0 -9999.0 -9999.0 -9999.0 -9999.0 -9999.0 136.6 -9999.0 -9999.0 -9999.0 -9999.0 -9999.0 140.2
-9999.0 -9999.0 -9999.0 -9999.0 -9999.0 -9999.0 -9999.0 -9999.0 -9999.0 -9999.0 -9999.0 -9999.0 -9999.0 -9999.0 -9999.0 -9999.0 -9999.0 -9999.0 -9999.0 -9999.0 -9999.0 -9999.0 -9999.0 -9999.0 -9999.0 -9999.0 -9999.0 -9999.0 -9999.0 -9999.0 -9999.0 -9999.0 -9999.0 -9999.0 -9999.0 -9999.0 -9999.0 -9999.0 -9999.0 -9999.0 -9999.0 -9999.0 -9999.0 -9999.0 -9999.0 -9999.0 -9999.0 -9999.0 -9999.0 -9999.0 -9999.0 -9999.0 -9999.0 -9999.0 -9999.0 -9999.0 -9999.0 -9999.0 55.0 89.8 -9999.0 -9999.0 -9999.0 -9999.0 -9999.0 -9999.0 -9999.0 -9999.0 -9999.0 -9999.0 -9999.0 -9999.0 -9999.0 -9999.0 -9999.0 73.8 130.8
-9999.0 -9999.0 -9999.0 -9999.0 -9999.0 -9999.0 -9999.0 -9999.0 -9999.0 -9999.0 -9999.0 -9999.0 -9999.0 -9999.0 -9999.0 -9999.0 -9999.0 -9999.0 -9999.0 -9999.0 -9999.0 -9999.0 -9999.0 -9999.0 -9999.0 -9999.0 -9999.0 -9999.0 -9999.0 -9999.0 -9999.0 -9999.0 -9999.0 -9999.0 -9999.0 -9999.0 -9999.0 -9999.0 -9999.0 -9999.0 -9999.0 -9999.0 -9999.0 -9999.0 -9999.0 -9999.0 -9999.0 -9999.0 -9999.0 -9999.0 -9999.0 -9999.0 -9999.0 -9999.0 -9999.0 -9999.0 -9999.0 -9999.0 -9999.0 -9999.0 -9999.0 -9999.0 -9999.0 -9999.0 -9999.0 -9999.0 -9999.0 -9999.0 -9999.0 -9999.0 -9999.0 -9999.0 -9999.0 -9999.0 -9999.0 -9999.0 -9999.0
-9999.0 -9999.0 -9999.0 -9999.0 -9999.0 -9999.0 -9999.0 -9999.0 -9999.0 -9999.0 -9999.0 -9999.0 -9999.0 -9999.0 -9999.0 -9999.0 -9999.0 -9999.0 -9999.0 -9999.0 -9999.0 -9999.0 -9999.0 -9999.0 -9999.0 -9999.0 -9999.0 -9999.0 -9999.0 -9999.0 -9999.0 -9999.0 -9999.0 -9999.0 -9999.0 -9999.0 -9999.0 -9999.0 -9999.0 -9999.0 -9999.0 -9999.0 -9999.0 -9999.0 -9999.0 -9999.0 -9999.0 -9999.0 -9999.0 -9999.0 -9999.0 -9999.0 -9999.0 -9999.0 -9999.0 -9999.0 -9999.0 -9999.0 -9999.0 -9999.0 -9999.0 -9999.0 -9999.0 -9999.0 -9999.0 -9999.0 -9999.0 -9999.0 -9999.0 -9999.0 -9999.0 -9999.0 -9999.0 -9999.0 -9999.0 150.6 189.0
-9999.0 -9999.0 -9999.0 -9999.0 -9999.0 -9999.0 -9999.0 -9999.0 -9999.0 -9999.0 -9999.0 -9999.0 -9999.0 -9999.0 -9999.0 -9999.0 -9999.0 -9999.0 -9999.0 -9999.0 -9999.0 -9999.0 -9999.0 -9999.0 -9999.0 -9999.0 -9999.0 -9999.0 -9999.0 -9999.0 -9999.0 -9999.0 -9999.0 -9999.0 -9999.0 -9999.0 -9999.0 -9999.0 -9999.0 -9999.0 -9999.0 -9999.0 -9999.0 -9999.0 -9999.0 -9999.0 -9999.0 -9999.0 -9999.0 -9999.0 -9999.0 -9999.0 -9999.0 -9999.0 -9999.0 -9999.0 -9999.0 -9999.0 -9999.0 -9999.0 -9999.0 -9999.0 -9999.0 -9999.0 -9999.0 -9999.0 -9999.0 -9999.0 -9999.0 -9999.0 -9999.0 -9999.0 -9999.0 142.0 157.7 184.9 208.9
