program/excelProcessViaJava/data/SURF_CLI_CHN_PRE_MON_GRID_0.5-200606.txt
NCOLS      128
NROWS       72
XLLCORNER    72.000000000000    
YLLCORNER    18.000000000000    
CELLSIZE    0.50000000000000    
NODATA_VALUE   -9999.000    
[rows 34 to 67 of 72, columns 0 to 75 of 128]
-9999.0 -9999.0 -9999.0 -9999.0 0.1 0.3 0.0 0.8 0.0 0.1 4.3 0.9 4.0 5.0 7.9 8.4 9.6 8.2 9.7 13.9 19.1 21.0 22.2 21.4 10.6 5.4 10.9 10.5 11.2 11.1 11.1 10.6 11.0 11.1 11.9 11.6 14.8 18.5 15.2 10.2 17.2 6.2 5.7 4.3 4.4 5.0 6.4 8.9 12.6 18.7 24.1 32.6 58.0 53.3 50.5 57.1 64.2 77.1 90.3 54.5 72.5 29.4 21.2 20.6 15.5 11.2 21.9 16.9 16.1 23.2 20.2 29.1 43.5 58.1 57.9 53.2
-9999.0 -9999.0 -9999.0 -9999.0 -9999.0 -9999.0 -9999.0 0.3 0.1 0.6 0.1 0.1 1.6 1.5 2.4 8.1 10.3 13.1 16.3 19.8 15.0 9.1 8.4 9.9 10.8 11.1 9.6 9.1 9.0 8.1 8.7 9.2 9.9 10.7 12.4 13.7 18.0 20.6 27.9 33.4 22.4 43.4 41.3 28.2 16.0 8.5 13.9 15.2 23.7 21.7 23.7 31.5 45.2 64.5 62.4 51.4 53.6 58.9 82.5 67.8 74.5 37.1 27.3 29.4 33.8 27.5 34.6 39.5 33.6 32.0 26.9 34.6 56.3 77.9 82.5 76.1
-9999.0 -9999.0 -9999.0 -9999.0 -9999.0 -9999.0 -9999.0 0.0 0.4 0.1 0.1 0.4 0.4 0.1 0.9 0.2 2.9 4.8 2.0 8.2 10.2 7.1 9.8 10.0 10.9 10.5 10.4 7.9 9.4 9.3 8.1 8.4 9.1 10.1 12.0 14.9 18.3 25.1 31.5 37.1 44.1 48.0 52.0 65.8 40.1 24.3 31.5 36.5 58.0 53.3 73.9 66.3 49.8 54.8 62.7 53.4 58.0 67.6 75.4 76.5 70.6 61.4 45.7 47.1 43.4 42.1 45.0 47.8 52.9 35.8 31.7 40.1 65.5 93.0 100.0 97.1
-9999.0 -9999.0 -9999.0 -9999.0 -9999.0 -9999.0 -9999.0 -9999.0 -9999.0 0.1 0.1 0.4 0.1 0.3 0.8 2.0 1.5 0.3 2.6 1.2 5.0 9.4 10.9 11.2 11.5 11.8 10.1 9.3 9.8 7.4 9.0 8.4 8.9 9.9 11.9 15.0 19.5 27.1 34.8 45.9 52.5 61.7 62.0 57.2 62.9 60.8 62.0 63.7 70.7 74.1 79.6 68.4 59.3 56.8 66.5 58.9 61.2 68.4 74.3 74.9 73.2 67.8 60.3 54.0 49.2 44.9 46.4 49.5 54.2 42.4 40.3 48.7 78.6 104.5 108.6 80.7
-9999.0 -9999.0 -9999.0 -9999.0 -9999.0 -9999.0 -9999.0 -9999.0 -9999.0 -9999.0 -9999.0 0.0 0.7 0.1 0.5 0.6 1.3 2.7 4.5 4.9 4.2 8.2 8.8 11.5 7.4 9.8 8.4 8.1 8.2 8.5 8.2 7.3 8.8 9.9 12.1 16.0 21.2 29.4 44.7 53.5 69.4 74.3 73.6 71.0 89.3 73.9 96.4 87.4 99.1 98.7 84.7 77.7 71.5 74.8 80.9 77.1 73.9 79.0 82.1 82.2 77.7 72.6 64.5 56.4 45.4 41.9 40.5 44.3 46.3 49.2 51.6 66.3 94.3 111.6 83.5 60.5
-9999.0 -9999.0 -9999.0 -9999.0 -9999.0 -9999.0 -9999.0 -9999.0 -9999.0 -9999.0 -9999.0 -9999.0 0.4 0.7 0.3 1.0 0.3 1.7 2.9 1.4 8.9 8.9 9.9 12.4 3.8 10.8 11.8 8.4 8.5 6.2 7.8 8.2 8.7 9.4 11.9 15.9 22.7 31.2 42.5 55.7 70.0 81.4 87.3 96.9 96.7 102.1 112.9 101.5 113.9 120.1 128.3 111.7 92.9 88.8 96.9 100.6 99.0 98.0 101.5 95.9 89.5 73.7 60.5 52.2 48.3 35.8 33.2 34.5 41.2 52.8 57.0 68.7 83.7 85.6 74.2 80.6
-9999.0 -9999.0 -9999.0 -9999.0 -9999.0 -9999.0 -9999.0 -9999.0 -9999.0 -9999.0 -9999.0 -9999.0 0.0 0.8 1.7 0.7 3.4 3.6 1.9 4.2 6.3 6.4 8.8 12.7 15.8 13.1 12.1 12.8 10.0 10.2 8.2 7.1 8.6 10.0 11.9 15.8 22.1 32.2 45.5 62.0 76.9 90.6 111.9 105.6 120.2 133.6 124.0 125.5 118.1 140.7 132.7 124.4 105.7 112.6 117.2 125.6 124.0 122.4 128.5 123.7 109.4 90.7 65.0 46.4 47.9 33.1 27.4 27.8 34.5 49.1 71.2 83.9 87.3 82.3 74.7 67.9
-9999.0 -9999.0 -9999.0 -9999.0 -9999.0 -9999.0 -9999.0 -9999.0 -9999.0 -9999.0 -9999.0 -9999.0 -9999.0 0.3 0.1 2.2 1.4 4.1 6.4 8.2 8.4 12.9 9.9 16.2 15.3 9.6 9.2 6.9 8.5 8.6 9.8 10.0 8.6 9.8 13.2 16.1 21.3 30.7 48.9 67.1 88.2 110.3 122.6 140.7 136.3 134.8 151.6 167.3 175.2 169.4 154.1 125.3 115.9 136.7 136.6 141.0 142.6 140.7 129.2 131.1 113.1 95.8 68.4 58.5 43.4 29.3 23.7 29.4 41.9 56.0 52.6 63.7 82.9 82.4 82.4 74.1
-9999.0 -9999.0 -9999.0 -9999.0 -9999.0 -9999.0 -9999.0 -9999.0 -9999.0 -9999.0 -9999.0 -9999.0 0.1 0.0 0.2 1.1 0.5 2.0 3.6 10.0 12.3 14.1 14.0 16.4 17.7 11.3 12.1 12.7 11.7 10.2 10.6 12.4 9.5 12.4 13.7 17.1 21.3 29.5 43.5 65.6 97.2 126.6 150.5 142.1 154.2 161.7 164.3 168.3 181.7 179.0 174.1 162.7 133.4 139.1 141.3 147.0 147.2 163.3 153.2 150.2 123.7 92.0 71.5 47.8 34.3 26.0 57.4 57.0 58.7 71.8 94.3 107.2 102.0 79.5 69.9 64.4
-9999.0 -9999.0 -9999.0 -9999.0 -9999.0 -9999.0 -9999.0 -9999.0 -9999.0 -9999.0 -9999.0 -9999.0 0.0 0.6 0.7 0.1 0.4 3.8 6.1 5.5 12.5 11.3 13.7 15.7 18.7 19.4 17.6 16.2 14.7 15.1 15.3 14.7 12.3 17.5 18.9 19.8 23.8 29.9 43.6 64.9 93.6 117.1 135.0 148.7 157.5 167.3 184.9 189.7 193.4 175.2 161.5 158.8 138.4 136.2 141.3 147.4 152.2 154.6 162.9 140.1 117.0 90.9 78.6 50.8 31.4 52.7 39.9 76.7 91.9 109.1 123.2 133.7 136.4 137.9 120.2 99.0
-9999.0 -9999.0 -9999.0 -9999.0 -9999.0 -9999.0 -9999.0 -9999.0 -9999.0 -9999.0 -9999.0 -9999.0 0.4 0.1 0.9 1.1 2.2 0.8 3.8 5.7 3.9 5.4 13.0 12.1 15.9 12.1 14.4 10.5 16.6 16.7 17.7 13.9 21.0 25.5 26.3 25.4 27.1 31.8 44.3 68.8 97.7 116.3 152.3 131.0 153.6 171.5 177.3 169.1 162.3 163.1 156.6 138.7 159.7 154.4 143.8 143.6 150.2 153.8 152.2 154.5 136.1 110.1 74.8 50.3 35.4 70.2 69.2 72.8 85.1 97.7 111.9 140.8 151.2 142.2 101.3 113.2
-9999.0 -9999.0 -9999.0 -9999.0 -9999.0 -9999.0 -9999.0 -9999.0 -9999.0 -9999.0 -9999.0 -9999.0 -9999.0 0.0 0.1 0.9 1.3 3.2 2.4 3.2 1.4 8.2 7.9 8.5 16.3 15.8 16.9 18.1 15.4 20.9 16.5 20.6 22.4 31.4 31.5 26.0 28.9 34.2 44.5 66.3 96.6 133.1 156.8 162.3 140.0 136.9 145.5 116.3 141.9 137.8 118.6 140.7 133.2 121.7 140.4 141.5 148.4 155.6 154.0 139.6 134.3 96.1 89.5 43.8 68.3 63.0 57.4 56.0 66.5 82.9 93.5 105.0 123.5 110.0 112.7 104.9
-9999.0 -9999.0 -9999.0 -9999.0 -9999.0 -9999.0 -9999.0 -9999.0 -9999.0 -9999.0 -9999.0 -9999.0 -9999.0 0.7 0.1 0.8 0.4 3.1 4.4 4.7 1.9 3.6 5.0 9.0 18.7 16.9 16.6 20.2 19.3 10.9 15.1 19.6 30.7 35.2 31.7 33.6 38.3 38.0 45.3 67.8 93.9 125.0 146.1 150.3 154.5 127.3 114.7 84.9 88.6 88.7 106.7 80.2 115.9 133.0 139.9 136.9 140.0 149.9 154.5 165.8 147.9 132.3 68.8 82.4 76.0 62.2 52.8 55.6 70.8 77.9 78.4 83.1 89.6 96.3 98.3 103.4
-9999.0 -9999.0 -9999.0 -9999.0 -9999.0 -9999.0 -9999.0 -9999.0 -9999.0 -9999.0 -9999.0 -9999.0 -9999.0 -9999.0 -9999.0 0.7 1.6 1.7 4.1 7.5 3.7 8.8 11.9 12.7 13.0 15.4 9.3 15.3 11.0 19.9 19.3 25.7 22.3 30.0 42.7 33.4 34.9 49.5 48.2 62.0 86.0 110.7 129.2 130.7 106.0 86.2 84.6 54.6 63.5 33.2 57.5 107.3 92.6 108.7 83.9 126.5 136.7 139.9 159.0 160.2 171.3 88.4 81.3 91.8 93.3 75.0 65.6 77.8 98.6 95.7 82.0 73.3 84.1 96.4 117.8 129.5
-9999.0 -9999.0 -9999.0 -9999.0 -9999.0 -9999.0 -9999.0 -9999.0 -9999.0 -9999.0 -9999.0 -9999.0 -9999.0 -9999.0 -9999.0 -9999.0 -9999.0 5.5 10.2 -9999.0 14.9 8.0 16.2 18.4 13.8 16.8 10.1 15.9 22.0 17.5 23.3 34.7 22.2 59.4 84.3 58.0 38.5 76.6 54.4 59.8 74.8 91.6 106.1 105.7 91.7 74.1 116.5 68.0 34.3 42.6 24.5 49.1 40.9 99.5 117.0 129.0 129.5 155.0 168.2 175.2 119.1 78.4 76.9 98.0 105.5 92.0 86.7 105.2 127.0 119.6 96.8 90.9 98.9 119.9 162.4 177.2
-9999.0 -9999.0 -9999.0 -9999.0 -9999.0 -9999.0 -9999.0 -9999.0 -9999.0 -9999.0 -9999.0 -9999.0 -9999.0 -9999.0 -9999.0 -9999.0 -9999.0 -9999.0 -9999.0 -9999.0 -9999.0 14.3 12.9 7.6 15.6 26.1 26.7 27.0 26.0 30.5 29.2 45.7 56.3 62.4 79.8 60.0 69.8 70.2 65.7 71.5 76.4 72.8 82.5 84.9 82.8 63.4 143.9 43.7 56.0 103.0 38.7 85.2 95.4 65.9 99.0 131.2 146.0 157.7 167.2 188.9 123.8 102.9 80.4 99.6 112.4 112.3 116.8 141.0 156.6 147.4 121.8 112.8 124.8 151.7 194.4 213.1
-9999.0 -9999.0 -9999.0 -9999.0 -9999.0 -9999.0 -9999.0 -9999.0 -9999.0 -9999.0 -9999.0 -9999.0 -9999.0 -9999.0 -9999.0 -9999.0 -9999.0 -9999.0 -9999.0 -9999.0 -9999.0 -9999.0 -9999.0 30.4 23.5 27.4 29.7 29.5 23.6 32.9 30.8 30.0 20.6 33.6 31.5 39.4 39.6 56.2 42.1 40.7 47.5 54.2 66.5 69.5 80.0 157.3 78.7 57.5 65.1 64.5 36.3 65.0 50.1 72.2 78.3 77.2 140.3 163.2 173.0 188.6 172.8 147.8 121.4 126.1 140.1 149.7 168.4 187.4 184.4 166.2 133.1 140.0 157.2 181.2 172.8 167.2
-9999.0 -9999.0 -9999.0 -9999.0 -9999.0 -9999.0 -9999.0 -9999.0 -9999.0 -9999.0 -9999.0 -9999.0 -9999.0 -9999.0 -9999.0 -9999.0 -9999.0 -9999.0 -9999.0 -9999.0 -9999.0 -9999.0 -9999.0 -9999.0 -9999.0 39.6 38.0 12.8 18.2 11.4 23.5 34.1 37.0 29.2 36.4 25.4 18.7 36.0 27.2 32.0 31.5 45.8 91.5 82.2 134.5 156.8 131.6 163.1 42.1 59.8 54.9 54.6 76.1 84.0 64.0 83.0 131.4 149.3 173.1 182.2 182.2 161.9 133.6 162.1 172.4 198.9 232.8 199.8 151.6 119.4 134.2 156.8 166.7 187.2 195.5 156.4
-9999.0 -9999.0 -9999.0 -9999.0 -9999.0 -9999.0 -9999.0 -9999.0 -9999.0 -9999.0 -9999.0 -9999.0 -9999.0 -9999.0 -9999.0 -9999.0 -9999.0 -9999.0 -9999.0 -9999.0 -9999.0 -9999.0 -9999.0 -9999.0 -9999.0 -9999.0 -9999.0 46.1 52.0 44.1 42.7 42.6 16.1 50.1 23.2 84.7 30.9 31.8 54.0 30.1 26.0 54.4 96.5 131.8 141.3 151.5 155.3 156.1 154.3 102.2 126.4 111.9 59.0 58.0 66.3 98.5 108.2 138.5 164.8 175.3 213.6 160.0 182.7 156.5 122.1 183.9 234.1 221.3 154.2 107.2 120.6 132.5 153.4 168.8 174.8 183.4
-9999.0 -9999.0 -9999.0 -9999.0 -9999.0 -9999.0 -9999.0 -9999.0 -9999.0 -9999.0 -9999.0 -9999.0 -9999.0 -9999.0 -9999.0 -9999.0 -9999.0 -9999.0 -9999.0 -9999.0 -9999.0 -9999.0 -9999.0 -9999.0 -9999.0 -9999.0 -9999.0 -9999.0 -9999.0 -9999.0 -9999.0 -9999.0 -9999.0 65.4 25.8 -9999.0 -9999.0 -9999.0 75.8 40.4 67.8 89.9 84.0 129.6 137.1 142.7 -9999.0 -9999.0 -9999.0 -9999.0 -9999.0 -9999.0 65.0 72.7 54.5 71.8 105.2 139.9 159.4 191.5 188.2 152.9 140.3 120.8 130.3 155.4 170.6 152.8 126.0 116.0 144.6 135.3 142.3 139.0 181.8 212.6
-9999.0 -9999.0 -9999.0 -9999.0 -9999.0 -9999.0 -9999.0 -9999.0 -9999.0 -9999.0 -9999.0 -9999.0 -9999.0 -9999.0 -9999.0 -9999.0 -9999.0 -9999.0 -9999.0 -9999.0 -9999.0 -9999.0 -9999.0 -9999.0 -9999.0 -9999.0 -9999.0 -9999.0 -9999.0 -9999.0 -9999.0 -9999.0 -9999.0 -9999.0 -9999.0 -9999.0 -9999.0 -9999.0 -9999.0 91.5 98.5 105.6 113.1 120.6 -9999.0 -9999.0 -9999.0 -9999.0 -9999.0 -9999.0 -9999.0 -9999.0 65.1 82.4 69.0 66.8 91.8 125.9 166.4 199.5 198.3 153.4 118.9 108.0 106.7 114.5 130.8 183.8 168.7 127.8 145.0 189.7 183.5 157.0 173.1 203.5
-9999.0 -9999.0 -9999.0 -9999.0 -9999.0 -9999.0 -9999.0 -9999.0 -9999.0 -9999.0 -9999.0 -9999.0 -9999.0 -9999.0 -9999.0 -9999.0 -9999.0 -9999.0 -9999.0 -9999.0 -9999.0 -9999.0 -9999.0 -9999.0 -9999.0 -9999.0 -9999.0 -9999.0 -9999.0 -9999.0 -9999.0 -9999.0 -9999.0 -9999.0 -9999.0 -9999.0 -9999.0 -9999.0 -9999.0 -9999.0 -9999.0 -9999.0 -9999.0 -9999.0 -9999.0 -9999.0 -9999.0 -9999.0 -9999.0 -9999.0 -9999.0 -9999.0 66.7 94.4 77.0 97.1 82.8 104.0 138.7 178.8 195.8 171.0 156.7 135.4 150.4 193.7 271.2 275.4 241.2 214.9 245.8 287.8 220.5 208.1 193.6 225.7
-9999.0 -9999.0 -9999.0 -9999.0 -9999.0 -9999.0 -9999.0 -9999.0 -9999.0 -9999.0 -9999.0 -9999.0 -9999.0 -9999.0 -9999.0 -9999.0 -9999.0 -9999.0 -9999.0 -9999.0 -9999.0 -9999.0 -9999.0 -9999.0 -9999.0 -9999.0 -9999.0 -9999.0 -9999.0 -9999.0 -9999.0 -9999.0 -9999.0 -9999.0 -9999.0 -9999.0 -9999.0 -9999.0 -9999.0 -9999.0 -9999.0 -9999.0 -9999.0 -9999.0 -9999.0 -9999.0 -9999.0 -9999.0 -9999.0 -9999.0 -9999.0 96.4 87.8 105.9 62.1 81.4 83.0 107.4 121.4 124.7 213.4 218.6 194.9 218.7 259.2 320.8 368.6 400.3 319.8 340.0 371.5 361.8 314.8 259.3 253.4 291.6
-9999.0 -9999.0 -9999.0 -9999.0 -9999.0 -9999.0 -9999.0 -9999.0 -9999.0 -9999.0 -9999.0 -9999.0 -9999.0 -9999.0 -9999.0 -9999.0 -9999.0 -9999.0 -9999.0 -9999.0 -9999.0 -9999.0 -9999.0 -9999.0 -9999.0 -9999.0 -9999.0 -9999.0 -9999.0 -9999.0 -9999.0 -9999.0 -9999.0 -9999.0 -9999.0 -9999.0 -9999.0 -9999.0 -9999.0 -9999.0 -9999.0 -9999.0 -9999.0 -9999.0 -9999.0 -9999.0 -9999.0 -9999.0 -9999.0 -9999.0 104.1 133.7 130.6 130.8 110.3 114.8 95.1 82.5 107.2 166.9 198.8 240.8 244.6 290.4 352.6 381.0 358.1 360.2 310.3 384.2 373.4 346.5 280.0 265.3 283.8 303.9
-9999.0 -9999.0 -9999.0 -9999.0 -9999.0 -9999.0 -9999.0 -9999.0 -9999.0 -9999.0 -9999.0 -9999.0 -9999.0 -9999.0 -9999.0 -9999.0 -9999.0 -9999.0 -9999.0 -9999.0 -9999.0 -9999.0 -9999.0 -9999.0 -9999.0 -9999.0 -9999.0 -9999.0 -9999.0 -9999.0 -9999.0 -9999.0 -9999.0 -9999.0 -9999.0 -9999.0 -9999.0 -9999.0 -9999.0 -9999.0 -9999.0 -9999.0 -9999.0 -9999.0 -9999.0 -9999.0 -9999.0 -9999.0 -9999.0 -9999.0 118.8 181.0 148.1 166.1 164.2 148.5 81.4 129.0 131.5 124.9 123.8 164.0 185.4 271.0 334.4 292.1 299.9 315.6 306.7 341.1 321.2 267.7 230.5 249.7 299.5 341.3
-9999.0 -9999.0 -9999.0 -9999.0 -9999.0 -9999.0 -9999.0 -9999.0 -9999.0 -9999.0 -9999.0 -9999.0 -9999.0 -9999.0 -9999.0 -9999.0 -9999.0 -9999.0 -9999.0 -9999.0 -9999.0 -9999.0 -9999.0 -9999.0 -9999.0 -9999.0 -9999.0 -9999.0 -9999.0 -9999.0 -9999.0 -9999.0 -9999.0 -9999.0 -9999.0 -9999.0 -9999.0 -9999.0 -9999.0 -9999.0 -9999.0 -9999.0 -9999.0 -9999.0 -9999.0 -9999.0 -9999.0 -9999.0 -9999.0 -9999.0 125.4 179.0 165.2 217.2 166.4 148.8 178.7 141.1 143.7 85.2 96.4 112.2 138.5 176.3 250.4 248.5 233.3 254.7 279.8 267.3 278.7 249.2 238.8 248.3 261.9 280.4
-9999.0 -9999.0 -9999.0 -9999.0 -9999.0 -9999.0 -9999.0 -9999.0 -9999.0 -9999.0 -9999.0 -9999.0 -9999.0 -9999.0 -9999.0 -9999.0 -9999.0 -9999.0 -9999.0 -9999.0 -9999.0 -9999.0 -9999.0 -9999.0 -9999.0 -9999.0 -9999.0 -9999.0 -9999.0 -9999.0 -9999.0 -9999.0 -9999.0 -9999.0 -9999.0 -9999.0 -9999.0 -9999.0 -9999.0 -9999.0 -9999.0 -9999.0 -9999.0 -9999.0 -9999.0 -9999.0 -9999.0 -9999.0 -9999.0 -9999.0 208.7 256.8 249.5 244.3 211.3 206.8 129.9 161.0 151.3 101.6 107.1 87.8 65.7 126.7 186.1 203.9 215.6 228.0 250.4 249.5 252.4 255.7 259.1 240.0 213.0 222.5
-9999.0 -9999.0 -9999.0 -9999.0 -9999.0 -9999.0 -9999.0 -9999.0 -9999.0 -9999.0 -9999.0 -9999.0 -9999.0 -9999.0 -9999.0 -9999.0 -9999.0 -9999.0 -9999.0 -9999.0 -9999.0 -9999.0 -9999.0 -9999.0 -9999.0 -9999.0 -9999.0 -9999.0 -9999.0 -9999.0 -9999.0 -9999.0 -9999.0 -9999.0 -9999.0 -9999.0 -9999.0 -9999.0 -9999.0 -9999.0 -9999.0 -9999.0 -9999.0 -9999.0 -9999.0 -9999.0 -9999.0 -9999.0 -9999.0 -9999.0 -9999.0 -9999.0 -9999.0 269.7 229.3 185.0 175.6 186.8 145.9 155.3 206.0 106.1 150.6 135.7 155.9 172.1 203.7 217.4 251.2 237.9 206.4 204.8 203.9 194.6 190.2 180.1
-9999.0 -9999.0 -9999.0 -9999.0 -9999.0 -9999.0 -9999.0 -9999.0 -9999.0 -9999.0 -9999.0 -9999.0 -9999.0 -9999.0 -9999.0 -9999.0 -9999.0 -9999.0 -9999.0 -9999.0 -9999.0 -9999.0 -9999.0 -9999.0 -9999.0 -9999.0 -9999.0 -9999.0 -9999.0 -9999.0 -9999.0 -9999.0 -9999.0 -9999.0 -9999.0 -9999.0 -9999.0 -9999.0 -9999.0 -9999.0 -9999.0 -9999.0 -9999.0 -9999.0 -9999.0 -9999.0 -9999.0 -9999.0 -9999.0 -9999.0 -9999.0 -9999.0 -9999.0 282.1 229.9 246.8 174.0 161.3 207.7 286.6 253.5 170.9 239.3 174.9 177.7 179.7 167.6 219.5 189.8 172.3 151.7 161.9 167.5 177.1 186.1 184.8
-9999.0 -9999.0 -9999.0 -9999.0 -9999.0 -9999.0 -9999.0 -9999.0 -9999.0 -9999.0 -9999.0 -9999.0 -9999.0 -9999.0 -9999.0 -9999.0 -9999.0 -9999.0 -9999.0 -9999.0 -9999.0 -9999.0 -9999.0 -9999.0 -9999.0 -9999.0 -9999.0 -9999.0 -9999.0 -9999.0 -9999.0 -9999.0 -9999.0 -9999.0 -9999.0 -9999.0 -9999.0 -9999.0 -9999.0 -9999.0 -9999.0 -9999.0 -9999.0 -9999.0 -9999.0 -9999.0 -9999.0 -9999.0 -9999.0 -9999.0 -9999.0 -9999.0 -9999.0 265.8 185.0 204.8 172.0 162.7 212.8 259.7 334.3 309.7 331.8 293.4 197.2 -9999.0 -9999.0 -9999.0 172.2 137.1 152.2 187.8 209.3 204.2 174.8 156.8
-9999.0 -9999.0 -9999.0 -9999.0 -9999.0 -9999.0 -9999.0 -9999.0 -9999.0 -9999.0 -9999.0 -9999.0 -9999.0 -9999.0 -9999.0 -9999.0 -9999.0 -9999.0 -9999.0 -9999.0 -9999.0 -9999.0 -9999.0 -9999.0 -9999.0 -9999.0 -9999.0 -9999.0 -9999.0 -9999.0 -9999.0 -9999.0 -9999.0 -9999.0 -9999.0 -9999.0 -9999.0 -9999.0 -9999.0 -9999.0 -9999.0 -9999.0 -9999.0 -9999.0 -9999.0 -9999.0 -9999.0 -9999.0 -9999.0 -9999.0 -9999.0 -9999.0 -9999.0 -9999.0 198.4 165.4 118.5 114.6 190.2 281.8 208.5 -9999.0 -9999.0 -9999.0 -9999.0 -9999.0 -9999.0 -9999.0 144.1 154.9 195.1 232.4 247.6 204.2 137.1 103.6
-9999.0 -9999.0 -9999.0 -9999.0 -9999.0 -9999.0 -9999.0 -9999.0 -9999.0 -9999.0 -9999.0 -9999.0 -9999.0 -9999.0 -9999.0 -9999.0 -9999.0 -9999.0 -9999.0 -9999.0 -9999.0 -9999.0 -9999.0 -9999.0 -9999.0 -9999.0 -9999.0 -9999.0 -9999.0 -9999.0 -9999.0 -9999.0 -9999.0 -9999.0 -9999.0 -9999.0 -9999.0 -9999.0 -9999.0 -9999.0 -9999.0 -9999.0 -9999.0 -9999.0 -9999.0 -9999.0 -9999.0 -9999.0 -9999.0 -9999.0 -9999.0 -9999.0 -9999.0 -9999.0 -9999.0 123.6 155.0 115.6 117.2 185.2 209.4 -9999.0 -9999.0 -9999.0 -9999.0 -9999.0 -9999.0 -9999.0 -9999.0 -9999.0 205.0 -9999.0 -9999.0 -9999.0 -9999.0 -9999.0
-9999.0 -9999.0 -9999.0 -9999.0 -9999.0 -9999.0 -9999.0 -9999.0 -9999.0 -9999.0 -9999.0 -9999.0 -9999.0 -9999.0 -9999.0 -9999.0 -9999.0 -9999.0 -9999.0 -9999.0 -9999.0 -9999.0 -9999.0 -9999.0 -9999.0 -9999.0 -9999.0 -9999.0 -9999.0 -9999.0 -9999.0 -9999.0 -9999.0 -9999.0 -9999.0 -9999.0 -9999.0 -9999.0 -9999.0 -9999.0 -9999.0 -9999.0 -9999.0 -9999.0 -9999.0 -9999.0 -9999.0 -9999.0 -9999.0 -9999.0 -9999.0 -9999.0 -9999.0 -9999.0 -9999.0 -9999.0 -9999.0 -9999.0 113.4 118.6 -9999.0 -9999.0 -9999.0 -9999.0 -9999.0 -9999.0 -9999.0 -9999.0 -9999.0 -9999.0 -9999.0 -9999.0 -9999.0 -9999.0 -9999.0 124.3
-9999.0 -9999.0 -9999.0 -9999.0 -9999.0 -9999.0 -9999.0 -9999.0 -9999.0 -9999.0 -9999.0 -9999.0 -9999.0 -9999.0 -9999.0 -9999.0 -9999.0 -9999.0 -9999.0 -9999.0 -9999.0 -9999.0 -9999.0 -9999.0 -9999.0 -9999.0 -9999.0 -9999.0 -9999.0 -9999.0 -9999.0 -9999.0 -9999.0 -9999.0 -9999.0 -9999.0 -9999.0 -9999.0 -9999.0 -9999.0 -9999.0 -9999.0 -9999.0 -9999.0 -9999.0 -9999.0 -9999.0 -9999.0 -9999.0 -9999.0 -9999.0 -9999.0 -9999.0 -9999.0 -9999.0 -9999.0 -9999.0 -9999.0 -9999.0 -9999.0 -9999.0 -9999.0 -9999.0 -9999.0 -9999.0 -9999.0 -9999.0 -9999.0 -9999.0 -9999.0 -9999.0 -9999.0 -9999.0 -9999.0 -9999.0 -9999.0
