program/excelProcessViaJava/data/SURF_CLI_CHN_PRE_MON_GRID_0.5-201004.txt
NCOLS      128
NROWS       72
XLLCORNER    72.000000000000    
YLLCORNER    18.000000000000    
CELLSIZE    0.50000000000000    
NODATA_VALUE   -9999.000    
[rows 35 to 69 of 72, columns 0 to 76 of 128]
-9999.0 -9999.0 -9999.0 -9999.0 -9999.0 -9999.0 -9999.0 1.2 0.4 0.1 0.1 0.0 0.0 0.0 0.0 0.0 0.0 0.0 0.0 0.0 0.0 0.0 0.0 0.0 0.0 0.0 0.0 0.0 0.0 0.1 0.3 0.9 1.7 2.6 3.6 3.7 4.8 4.2 5.9 6.3 1.6 8.6 8.1 5.0 3.4 3.1 4.8 3.9 4.0 2.2 2.0 3.2 6.1 8.7 7.5 6.1 6.3 7.9 8.9 15.6 12.3 14.8 15.3 18.3 22.8 25.7 30.5 32.2 35.3 40.7 46.2 48.9 53.1 55.9 56.1 53.1 39.8
-9999.0 -9999.0 -9999.0 -9999.0 -9999.0 -9999.0 -9999.0 2.8 0.4 0.2 0.1 0.0 0.0 0.0 0.0 0.0 0.0 0.0 0.0 0.0 0.0 0.0 0.0 0.0 0.0 0.0 0.0 0.1 0.2 0.4 0.8 1.5 2.4 3.4 3.7 4.1 3.8 4.4 4.1 3.6 4.1 4.8 7.0 14.8 8.7 6.9 9.9 10.4 14.1 10.4 13.8 11.1 9.2 9.2 8.2 10.8 11.8 12.2 10.6 9.9 14.0 17.1 20.8 23.7 25.9 30.6 34.3 33.7 34.5 44.0 52.6 54.8 59.9 64.9 52.2 52.7 43.4
-9999.0 -9999.0 -9999.0 -9999.0 -9999.0 -9999.0 -9999.0 -9999.0 -9999.0 0.2 0.1 0.0 0.0 0.0 0.0 0.0 0.0 0.0 0.0 0.0 0.0 0.0 0.0 0.0 0.0 0.1 0.1 0.2 0.6 0.9 1.9 2.4 3.1 3.7 3.9 3.9 3.5 3.6 2.9 3.2 2.8 4.3 5.4 6.8 11.6 14.4 16.5 16.3 15.4 13.4 12.8 10.4 9.2 9.0 8.0 11.0 14.6 14.8 10.7 10.5 10.0 8.8 10.7 19.4 21.0 24.2 28.4 28.6 31.8 37.4 44.5 46.1 51.0 58.8 61.1 39.3 34.3
-9999.0 -9999.0 -9999.0 -9999.0 -9999.0 -9999.0 -9999.0 -9999.0 -9999.0 -9999.0 -9999.0 0.1 0.0 0.0 0.0 0.0 0.0 0.0 0.0 0.0 0.0 0.0 0.0 0.0 0.1 0.1 0.2 0.5 1.1 1.9 2.6 3.2 3.9 4.2 4.3 4.9 3.8 3.4 5.8 2.8 3.7 3.3 4.1 6.0 13.3 13.3 20.4 17.8 17.2 13.9 10.3 9.6 8.9 8.4 7.8 7.6 10.6 11.3 12.3 11.2 8.4 7.4 9.3 14.4 18.1 17.0 21.2 25.1 28.8 32.8 36.7 39.9 40.2 41.0 47.8 47.0 43.1
-9999.0 -9999.0 -9999.0 -9999.0 -9999.0 -9999.0 -9999.0 -9999.0 -9999.0 -9999.0 -9999.0 -9999.0 0.0 0.0 0.0 0.0 0.0 0.0 0.0 0.0 0.0 0.0 0.1 0.1 0.2 0.4 1.1 1.3 2.0 2.5 3.5 4.1 4.5 4.7 4.8 4.5 5.8 3.8 2.6 1.8 1.6 2.0 3.3 6.5 9.4 13.4 17.3 14.6 13.5 11.5 12.7 11.8 10.1 8.7 7.8 7.8 9.5 11.9 16.3 13.2 10.1 8.0 8.2 12.5 19.0 26.4 27.4 31.3 33.6 36.3 38.6 49.9 51.3 49.8 45.0 81.7 46.7
-9999.0 -9999.0 -9999.0 -9999.0 -9999.0 -9999.0 -9999.0 -9999.0 -9999.0 -9999.0 -9999.0 -9999.0 0.2 0.1 0.0 0.0 0.0 0.0 0.0 0.0 0.1 0.1 0.2 0.4 1.1 1.4 2.0 3.2 3.4 4.4 4.3 4.5 4.8 4.7 4.7 4.4 5.2 4.9 3.6 2.5 1.6 1.7 4.3 4.5 8.4 12.7 11.5 10.7 7.5 9.1 9.8 13.0 12.6 11.9 9.4 10.1 13.9 18.7 21.6 18.1 13.9 11.2 13.8 20.4 27.6 34.8 29.1 34.6 40.5 44.0 47.9 62.2 72.3 51.0 53.4 51.6 55.8
-9999.0 -9999.0 -9999.0 -9999.0 -9999.0 -9999.0 -9999.0 -9999.0 -9999.0 -9999.0 -9999.0 -9999.0 -9999.0 0.2 0.2 0.1 0.1 0.1 0.1 0.2 0.2 0.5 0.5 1.5 2.0 1.8 2.5 2.9 3.8 4.5 5.2 5.3 4.8 4.7 4.1 3.9 3.9 4.3 7.8 4.1 2.9 3.4 3.8 7.1 7.0 7.2 9.3 10.4 10.2 10.0 12.6 15.5 17.6 20.8 16.2 15.2 19.9 26.8 30.8 30.3 28.3 25.9 30.5 37.1 37.9 44.1 48.2 46.8 55.7 58.1 55.0 53.3 56.1 60.8 72.7 67.1 72.4
-9999.0 -9999.0 -9999.0 -9999.0 -9999.0 -9999.0 -9999.0 -9999.0 -9999.0 -9999.0 -9999.0 -9999.0 0.8 0.9 0.4 0.3 0.3 0.3 0.3 0.7 1.0 1.5 1.9 2.8 3.8 3.2 4.0 4.9 5.2 5.2 5.4 5.6 4.6 4.0 3.5 3.0 3.9 3.4 3.3 3.0 5.3 8.0 10.5 5.3 7.5 8.4 7.3 5.8 7.3 10.1 18.1 26.0 24.9 24.6 19.4 19.3 25.8 33.3 39.7 38.7 45.9 54.8 59.5 66.4 68.3 61.0 33.8 48.2 69.5 79.7 79.5 71.7 69.4 71.1 72.8 75.8 86.0
-9999.0 -9999.0 -9999.0 -9999.0 -9999.0 -9999.0 -9999.0 -9999.0 -9999.0 -9999.0 -9999.0 -9999.0 2.6 1.2 1.0 1.8 1.2 1.0 1.3 1.4 2.5 2.6 3.5 4.4 5.8 6.7 6.6 6.6 6.3 6.4 6.1 5.3 4.2 3.4 2.4 1.9 2.0 2.6 2.8 1.9 2.1 2.6 4.0 6.2 7.9 9.4 12.6 11.8 12.3 10.9 17.6 27.8 27.6 24.3 21.3 19.0 26.5 37.4 44.1 58.4 70.5 81.6 86.2 82.2 76.0 40.1 56.2 46.7 56.8 72.1 78.5 78.5 83.2 96.0 89.7 69.5 68.6
-9999.0 -9999.0 -9999.0 -9999.0 -9999.0 -9999.0 -9999.0 -9999.0 -9999.0 -9999.0 -9999.0 -9999.0 3.3 3.5 2.5 2.4 2.4 3.0 2.9 3.4 4.0 4.6 5.7 6.0 6.9 6.2 6.5 5.6 6.5 5.9 5.4 4.2 3.9 3.0 1.8 1.1 1.2 1.8 2.1 2.6 2.4 3.3 8.4 7.1 9.9 14.8 17.1 13.9 13.4 18.3 24.4 28.3 41.4 44.3 35.2 21.4 30.1 43.0 56.1 60.9 78.7 96.3 110.0 92.3 45.3 33.7 40.8 46.5 56.0 62.9 71.0 92.7 97.3 102.5 134.5 76.6 101.0
-9999.0 -9999.0 -9999.0 -9999.0 -9999.0 -9999.0 -9999.0 -9999.0 -9999.0 -9999.0 -9999.0 -9999.0 -9999.0 9.9 7.3 5.0 5.1 5.3 6.0 6.7 8.5 8.1 8.5 8.8 9.6 8.8 8.1 7.4 5.6 5.5 3.9 3.5 2.9 2.2 1.2 1.1 1.3 1.8 2.7 3.0 3.9 11.2 17.0 15.9 12.8 13.8 17.7 15.2 21.5 24.7 28.5 34.8 36.6 36.5 46.9 50.4 35.6 43.3 63.3 88.1 96.8 116.4 118.0 67.8 32.9 38.4 47.9 54.7 57.5 69.2 73.9 73.5 90.0 54.5 63.9 46.7 46.1
-9999.0 -9999.0 -9999.0 -9999.0 -9999.0 -9999.0 -9999.0 -9999.0 -9999.0 -9999.0 -9999.0 -9999.0 -9999.0 9.3 11.8 9.0 11.1 9.5 10.2 11.2 13.6 13.7 13.8 13.1 13.7 11.5 9.3 7.9 5.5 4.2 2.9 2.3 1.8 1.4 1.2 1.2 1.3 2.7 5.3 13.6 9.1 13.3 17.6 20.2 32.2 20.8 21.0 19.1 21.9 24.8 30.3 33.0 40.2 53.5 65.1 67.1 60.7 64.2 80.2 72.7 103.6 98.6 69.7 41.2 38.9 46.4 61.7 70.1 72.8 74.1 79.0 82.3 75.5 72.1 66.0 71.3 93.4
-9999.0 -9999.0 -9999.0 -9999.0 -9999.0 -9999.0 -9999.0 -9999.0 -9999.0 -9999.0 -9999.0 -9999.0 -9999.0 -9999.0 -9999.0 14.9 14.8 16.0 16.5 17.8 19.7 19.7 19.9 19.0 17.2 14.6 12.2 7.9 6.1 2.8 1.7 1.1 1.5 1.2 0.8 3.0 6.2 3.8 7.5 11.5 20.9 26.2 26.0 24.4 21.1 26.7 25.7 31.1 26.9 32.9 28.8 48.8 46.3 59.4 70.6 78.6 83.2 64.4 90.7 99.4 99.4 79.4 59.7 51.3 44.1 49.4 68.0 82.1 89.3 97.9 101.1 104.9 122.8 113.2 101.5 121.7 128.3
-9999.0 -9999.0 -9999.0 -9999.0 -9999.0 -9999.0 -9999.0 -9999.0 -9999.0 -9999.0 -9999.0 -9999.0 -9999.0 -9999.0 -9999.0 -9999.0 -9999.0 39.8 28.9 -9999.0 30.2 28.7 29.2 27.9 23.9 19.8 16.5 10.0 5.1 2.9 0.9 0.3 1.5 0.2 0.3 1.0 9.6 3.3 10.4 16.5 23.1 37.2 29.4 25.0 52.0 41.4 211.7 45.2 45.9 42.2 89.9 55.7 114.8 79.5 85.7 84.6 68.5 79.5 80.1 89.1 73.5 71.7 63.9 52.6 45.2 48.1 64.0 90.2 114.6 123.2 117.5 146.8 155.2 154.4 159.2 170.4 172.0
-9999.0 -9999.0 -9999.0 -9999.0 -9999.0 -9999.0 -9999.0 -9999.0 -9999.0 -9999.0 -9999.0 -9999.0 -9999.0 -9999.0 -9999.0 -9999.0 -9999.0 -9999.0 -9999.0 -9999.0 -9999.0 40.4 39.3 38.6 32.9 29.1 21.2 13.1 6.3 2.2 0.5 0.2 0.1 0.1 0.2 1.1 2.5 5.4 7.1 6.3 7.1 44.2 45.6 36.3 65.7 46.1 413.9 99.1 80.0 158.1 95.4 109.3 116.1 122.6 98.4 83.6 66.6 45.1 73.2 68.9 61.8 73.1 65.2 55.6 44.8 47.7 57.5 85.1 117.6 132.5 130.0 147.3 158.2 158.0 164.0 176.0 174.6
-9999.0 -9999.0 -9999.0 -9999.0 -9999.0 -9999.0 -9999.0 -9999.0 -9999.0 -9999.0 -9999.0 -9999.0 -9999.0 -9999.0 -9999.0 -9999.0 -9999.0 -9999.0 -9999.0 -9999.0 -9999.0 -9999.0 -9999.0 59.9 45.9 39.0 29.6 18.6 10.6 3.2 0.9 0.4 3.2 0.9 3.9 5.8 16.9 13.0 38.9 56.3 50.8 67.1 31.7 26.3 88.8 457.6 228.2 232.2 379.7 472.8 284.0 182.7 254.2 195.1 114.9 24.0 39.5 44.8 26.3 48.3 69.5 81.1 73.5 63.3 58.7 61.6 63.6 75.1 98.0 100.4 115.0 123.3 125.3 134.9 123.7 140.2 171.4
-9999.0 -9999.0 -9999.0 -9999.0 -9999.0 -9999.0 -9999.0 -9999.0 -9999.0 -9999.0 -9999.0 -9999.0 -9999.0 -9999.0 -9999.0 -9999.0 -9999.0 -9999.0 -9999.0 -9999.0 -9999.0 -9999.0 -9999.0 -9999.0 -9999.0 69.2 45.6 35.7 21.6 22.7 5.4 0.9 0.5 2.1 2.0 18.3 62.1 34.3 80.8 64.5 105.2 48.3 48.9 69.1 294.9 507.7 508.7 796.8 265.3 529.0 266.8 341.3 282.0 246.1 114.7 39.5 27.3 10.8 24.9 32.6 59.2 80.9 75.9 56.6 55.6 65.8 66.5 74.6 88.9 96.7 85.1 94.7 76.4 108.7 112.7 116.9 145.9
-9999.0 -9999.0 -9999.0 -9999.0 -9999.0 -9999.0 -9999.0 -9999.0 -9999.0 -9999.0 -9999.0 -9999.0 -9999.0 -9999.0 -9999.0 -9999.0 -9999.0 -9999.0 -9999.0 -9999.0 -9999.0 -9999.0 -9999.0 -9999.0 -9999.0 -9999.0 -9999.0 57.5 43.9 15.6 7.2 3.5 13.5 2.2 10.5 6.3 22.5 35.3 19.5 60.9 99.9 32.8 85.1 237.8 355.9 513.2 664.4 792.0 903.6 834.2 977.9 881.1 460.6 328.9 162.6 67.5 13.2 4.6 13.4 20.7 38.9 72.5 45.5 37.9 32.0 36.5 49.3 51.0 55.4 64.2 76.3 117.4 74.4 101.8 92.4 114.4 161.0
-9999.0 -9999.0 -9999.0 -9999.0 -9999.0 -9999.0 -9999.0 -9999.0 -9999.0 -9999.0 -9999.0 -9999.0 -9999.0 -9999.0 -9999.0 -9999.0 -9999.0 -9999.0 -9999.0 -9999.0 -9999.0 -9999.0 -9999.0 -9999.0 -9999.0 -9999.0 -9999.0 -9999.0 -9999.0 -9999.0 -9999.0 -9999.0 -9999.0 9.5 14.3 -9999.0 -9999.0 -9999.0 25.7 47.5 43.5 73.5 95.9 256.7 375.1 485.2 -9999.0 -9999.0 -9999.0 -9999.0 -9999.0 -9999.0 586.6 307.3 192.5 66.8 15.5 5.0 4.6 12.5 32.3 54.8 39.3 29.6 25.5 28.4 36.8 49.0 57.5 60.8 73.1 132.7 152.2 114.0 126.1 134.2 170.0
-9999.0 -9999.0 -9999.0 -9999.0 -9999.0 -9999.0 -9999.0 -9999.0 -9999.0 -9999.0 -9999.0 -9999.0 -9999.0 -9999.0 -9999.0 -9999.0 -9999.0 -9999.0 -9999.0 -9999.0 -9999.0 -9999.0 -9999.0 -9999.0 -9999.0 -9999.0 -9999.0 -9999.0 -9999.0 -9999.0 -9999.0 -9999.0 -9999.0 -9999.0 -9999.0 -9999.0 -9999.0 -9999.0 -9999.0 71.0 94.4 131.0 181.3 245.6 -9999.0 -9999.0 -9999.0 -9999.0 -9999.0 -9999.0 -9999.0 -9999.0 492.1 274.0 138.2 48.7 14.5 5.3 4.5 9.1 19.6 35.3 39.3 31.3 32.3 33.5 39.7 45.8 50.4 73.9 108.9 134.3 126.3 153.7 126.9 155.0 184.5
-9999.0 -9999.0 -9999.0 -9999.0 -9999.0 -9999.0 -9999.0 -9999.0 -9999.0 -9999.0 -9999.0 -9999.0 -9999.0 -9999.0 -9999.0 -9999.0 -9999.0 -9999.0 -9999.0 -9999.0 -9999.0 -9999.0 -9999.0 -9999.0 -9999.0 -9999.0 -9999.0 -9999.0 -9999.0 -9999.0 -9999.0 -9999.0 -9999.0 -9999.0 -9999.0 -9999.0 -9999.0 -9999.0 -9999.0 -9999.0 -9999.0 -9999.0 -9999.0 -9999.0 -9999.0 -9999.0 -9999.0 -9999.0 -9999.0 -9999.0 -9999.0 -9999.0 369.3 234.2 96.2 45.1 11.2 7.2 7.8 12.8 18.5 25.5 40.1 37.9 44.4 43.3 41.9 45.5 48.6 59.2 79.6 103.4 151.6 130.0 134.9 171.8 210.0
-9999.0 -9999.0 -9999.0 -9999.0 -9999.0 -9999.0 -9999.0 -9999.0 -9999.0 -9999.0 -9999.0 -9999.0 -9999.0 -9999.0 -9999.0 -9999.0 -9999.0 -9999.0 -9999.0 -9999.0 -9999.0 -9999.0 -9999.0 -9999.0 -9999.0 -9999.0 -9999.0 -9999.0 -9999.0 -9999.0 -9999.0 -9999.0 -9999.0 -9999.0 -9999.0 -9999.0 -9999.0 -9999.0 -9999.0 -9999.0 -9999.0 -9999.0 -9999.0 -9999.0 -9999.0 -9999.0 -9999.0 -9999.0 -9999.0 -9999.0 -9999.0 329.9 259.2 185.4 49.5 29.0 17.7 15.7 17.5 16.5 26.8 29.9 27.1 34.4 45.6 51.1 51.2 49.6 53.3 50.8 56.3 71.5 75.8 84.9 118.0 192.1 235.1
-9999.0 -9999.0 -9999.0 -9999.0 -9999.0 -9999.0 -9999.0 -9999.0 -9999.0 -9999.0 -9999.0 -9999.0 -9999.0 -9999.0 -9999.0 -9999.0 -9999.0 -9999.0 -9999.0 -9999.0 -9999.0 -9999.0 -9999.0 -9999.0 -9999.0 -9999.0 -9999.0 -9999.0 -9999.0 -9999.0 -9999.0 -9999.0 -9999.0 -9999.0 -9999.0 -9999.0 -9999.0 -9999.0 -9999.0 -9999.0 -9999.0 -9999.0 -9999.0 -9999.0 -9999.0 -9999.0 -9999.0 -9999.0 -9999.0 -9999.0 206.3 285.6 236.9 163.5 83.4 55.2 40.8 34.3 32.1 32.2 35.1 32.4 29.4 33.1 45.4 59.7 70.3 70.2 69.9 63.0 61.3 64.5 74.5 91.8 115.9 154.9 307.6
-9999.0 -9999.0 -9999.0 -9999.0 -9999.0 -9999.0 -9999.0 -9999.0 -9999.0 -9999.0 -9999.0 -9999.0 -9999.0 -9999.0 -9999.0 -9999.0 -9999.0 -9999.0 -9999.0 -9999.0 -9999.0 -9999.0 -9999.0 -9999.0 -9999.0 -9999.0 -9999.0 -9999.0 -9999.0 -9999.0 -9999.0 -9999.0 -9999.0 -9999.0 -9999.0 -9999.0 -9999.0 -9999.0 -9999.0 -9999.0 -9999.0 -9999.0 -9999.0 -9999.0 -9999.0 -9999.0 -9999.0 -9999.0 -9999.0 -9999.0 122.2 262.6 156.9 169.7 128.1 96.5 63.3 51.2 43.6 44.6 44.7 39.0 31.8 34.2 48.2 60.0 77.8 79.2 82.4 81.7 82.0 84.1 90.7 104.2 121.2 148.9 157.5
-9999.0 -9999.0 -9999.0 -9999.0 -9999.0 -9999.0 -9999.0 -9999.0 -9999.0 -9999.0 -9999.0 -9999.0 -9999.0 -9999.0 -9999.0 -9999.0 -9999.0 -9999.0 -9999.0 -9999.0 -9999.0 -9999.0 -9999.0 -9999.0 -9999.0 -9999.0 -9999.0 -9999.0 -9999.0 -9999.0 -9999.0 -9999.0 -9999.0 -9999.0 -9999.0 -9999.0 -9999.0 -9999.0 -9999.0 -9999.0 -9999.0 -9999.0 -9999.0 -9999.0 -9999.0 -9999.0 -9999.0 -9999.0 -9999.0 -9999.0 58.6 103.6 92.0 177.4 127.4 104.7 77.3 59.3 50.8 55.9 54.7 45.6 35.9 34.0 47.2 68.5 78.3 80.4 82.9 87.4 103.3 93.0 111.3 109.5 131.4 135.6 120.7
-9999.0 -9999.0 -9999.0 -9999.0 -9999.0 -9999.0 -9999.0 -9999.0 -9999.0 -9999.0 -9999.0 -9999.0 -9999.0 -9999.0 -9999.0 -9999.0 -9999.0 -9999.0 -9999.0 -9999.0 -9999.0 -9999.0 -9999.0 -9999.0 -9999.0 -9999.0 -9999.0 -9999.0 -9999.0 -9999.0 -9999.0 -9999.0 -9999.0 -9999.0 -9999.0 -9999.0 -9999.0 -9999.0 -9999.0 -9999.0 -9999.0 -9999.0 -9999.0 -9999.0 -9999.0 -9999.0 -9999.0 -9999.0 -9999.0 -9999.0 65.2 117.1 98.2 121.5 112.4 96.6 69.6 55.5 52.9 62.2 62.7 54.0 44.4 42.0 51.2 68.7 82.4 80.7 77.9 94.1 108.0 118.2 119.6 124.3 159.5 163.0 150.1
-9999.0 -9999.0 -9999.0 -9999.0 -9999.0 -9999.0 -9999.0 -9999.0 -9999.0 -9999.0 -9999.0 -9999.0 -9999.0 -9999.0 -9999.0 -9999.0 -9999.0 -9999.0 -9999.0 -9999.0 -9999.0 -9999.0 -9999.0 -9999.0 -9999.0 -9999.0 -9999.0 -9999.0 -9999.0 -9999.0 -9999.0 -9999.0 -9999.0 -9999.0 -9999.0 -9999.0 -9999.0 -9999.0 -9999.0 -9999.0 -9999.0 -9999.0 -9999.0 -9999.0 -9999.0 -9999.0 -9999.0 -9999.0 -9999.0 -9999.0 -9999.0 -9999.0 -9999.0 65.0 71.3 68.1 57.0 48.4 65.9 77.7 72.7 98.2 72.0 75.9 70.6 73.4 75.4 69.9 67.8 79.3 106.3 127.2 138.2 158.5 193.2 234.5 230.5
-9999.0 -9999.0 -9999.0 -9999.0 -9999.0 -9999.0 -9999.0 -9999.0 -9999.0 -9999.0 -9999.0 -9999.0 -9999.0 -9999.0 -9999.0 -9999.0 -9999.0 -9999.0 -9999.0 -9999.0 -9999.0 -9999.0 -9999.0 -9999.0 -9999.0 -9999.0 -9999.0 -9999.0 -9999.0 -9999.0 -9999.0 -9999.0 -9999.0 -9999.0 -9999.0 -9999.0 -9999.0 -9999.0 -9999.0 -9999.0 -9999.0 -9999.0 -9999.0 -9999.0 -9999.0 -9999.0 -9999.0 -9999.0 -9999.0 -9999.0 -9999.0 -9999.0 -9999.0 46.2 49.1 64.5 50.1 54.0 67.0 88.2 142.5 167.7 148.0 140.4 111.4 90.3 79.6 67.6 73.3 89.5 121.5 144.3 151.8 174.4 218.8 228.2 274.9
-9999.0 -9999.0 -9999.0 -9999.0 -9999.0 -9999.0 -9999.0 -9999.0 -9999.0 -9999.0 -9999.0 -9999.0 -9999.0 -9999.0 -9999.0 -9999.0 -9999.0 -9999.0 -9999.0 -9999.0 -9999.0 -9999.0 -9999.0 -9999.0 -9999.0 -9999.0 -9999.0 -9999.0 -9999.0 -9999.0 -9999.0 -9999.0 -9999.0 -9999.0 -9999.0 -9999.0 -9999.0 -9999.0 -9999.0 -9999.0 -9999.0 -9999.0 -9999.0 -9999.0 -9999.0 -9999.0 -9999.0 -9999.0 -9999.0 -9999.0 -9999.0 -9999.0 -9999.0 35.0 32.3 49.8 51.1 61.4 87.8 140.5 186.4 226.9 212.4 177.4 137.4 -9999.0 -9999.0 -9999.0 74.9 102.6 133.6 154.2 163.5 178.9 205.5 213.2 279.4
-9999.0 -9999.0 -9999.0 -9999.0 -9999.0 -9999.0 -9999.0 -9999.0 -9999.0 -9999.0 -9999.0 -9999.0 -9999.0 -9999.0 -9999.0 -9999.0 -9999.0 -9999.0 -9999.0 -9999.0 -9999.0 -9999.0 -9999.0 -9999.0 -9999.0 -9999.0 -9999.0 -9999.0 -9999.0 -9999.0 -9999.0 -9999.0 -9999.0 -9999.0 -9999.0 -9999.0 -9999.0 -9999.0 -9999.0 -9999.0 -9999.0 -9999.0 -9999.0 -9999.0 -9999.0 -9999.0 -9999.0 -9999.0 -9999.0 -9999.0 -9999.0 -9999.0 -9999.0 -9999.0 36.6 45.7 54.9 75.5 106.0 150.7 207.8 -9999.0 -9999.0 -9999.0 -9999.0 -9999.0 -9999.0 -9999.0 82.8 95.6 109.7 159.6 168.2 159.3 177.6 219.9 265.1
-9999.0 -9999.0 -9999.0 -9999.0 -9999.0 -9999.0 -9999.0 -9999.0 -9999.0 -9999.0 -9999.0 -9999.0 -9999.0 -9999.0 -9999.0 -9999.0 -9999.0 -9999.0 -9999.0 -9999.0 -9999.0 -9999.0 -9999.0 -9999.0 -9999.0 -9999.0 -9999.0 -9999.0 -9999.0 -9999.0 -9999.0 -9999.0 -9999.0 -9999.0 -9999.0 -9999.0 -9999.0 -9999.0 -9999.0 -9999.0 -9999.0 -9999.0 -9999.0 -9999.0 -9999.0 -9999.0 -9999.0 -9999.0 -9999.0 -9999.0 -9999.0 -9999.0 -9999.0 -9999.0 -9999.0 42.1 64.1 81.4 114.5 159.5 202.7 -9999.0 -9999.0 -9999.0 -9999.0 -9999.0 -9999.0 -9999.0 -9999.0 -9999.0 96.9 -9999.0 -9999.0 -9999.0 -9999.0 -9999.0 211.9
-9999.0 -9999.0 -9999.0 -9999.0 -9999.0 -9999.0 -9999.0 -9999.0 -9999.0 -9999.0 -9999.0 -9999.0 -9999.0 -9999.0 -9999.0 -9999.0 -9999.0 -9999.0 -9999.0 -9999.0 -9999.0 -9999.0 -9999.0 -9999.0 -9999.0 -9999.0 -9999.0 -9999.0 -9999.0 -9999.0 -9999.0 -9999.0 -9999.0 -9999.0 -9999.0 -9999.0 -9999.0 -9999.0 -9999.0 -9999.0 -9999.0 -9999.0 -9999.0 -9999.0 -9999.0 -9999.0 -9999.0 -9999.0 -9999.0 -9999.0 -9999.0 -9999.0 -9999.0 -9999.0 -9999.0 -9999.0 -9999.0 -9999.0 111.1 143.6 -9999.0 -9999.0 -9999.0 -9999.0 -9999.0 -9999.0 -9999.0 -9999.0 -9999.0 -9999.0 -9999.0 -9999.0 -9999.0 -9999.0 -9999.0 116.3 146.9
-9999.0 -9999.0 -9999.0 -9999.0 -9999.0 -9999.0 -9999.0 -9999.0 -9999.0 -9999.0 -9999.0 -9999.0 -9999.0 -9999.0 -9999.0 -9999.0 -9999.0 -9999.0 -9999.0 -9999.0 -9999.0 -9999.0 -9999.0 -9999.0 -9999.0 -9999.0 -9999.0 -9999.0 -9999.0 -9999.0 -9999.0 -9999.0 -9999.0 -9999.0 -9999.0 -9999.0 -9999.0 -9999.0 -9999.0 -9999.0 -9999.0 -9999.0 -9999.0 -9999.0 -9999.0 -9999.0 -9999.0 -9999.0 -9999.0 -9999.0 -9999.0 -9999.0 -9999.0 -9999.0 -9999.0 -9999.0 -9999.0 -9999.0 -9999.0 -9999.0 -9999.0 -9999.0 -9999.0 -9999.0 -9999.0 -9999.0 -9999.0 -9999.0 -9999.0 -9999.0 -9999.0 -9999.0 -9999.0 -9999.0 -9999.0 -9999.0 -9999.0
-9999.0 -9999.0 -9999.0 -9999.0 -9999.0 -9999.0 -9999.0 -9999.0 -9999.0 -9999.0 -9999.0 -9999.0 -9999.0 -9999.0 -9999.0 -9999.0 -9999.0 -9999.0 -9999.0 -9999.0 -9999.0 -9999.0 -9999.0 -9999.0 -9999.0 -9999.0 -9999.0 -9999.0 -9999.0 -9999.0 -9999.0 -9999.0 -9999.0 -9999.0 -9999.0 -9999.0 -9999.0 -9999.0 -9999.0 -9999.0 -9999.0 -9999.0 -9999.0 -9999.0 -9999.0 -9999.0 -9999.0 -9999.0 -9999.0 -9999.0 -9999.0 -9999.0 -9999.0 -9999.0 -9999.0 -9999.0 -9999.0 -9999.0 -9999.0 -9999.0 -9999.0 -9999.0 -9999.0 -9999.0 -9999.0 -9999.0 -9999.0 -9999.0 -9999.0 -9999.0 -9999.0 -9999.0 -9999.0 -9999.0 -9999.0 74.2 87.9
-9999.0 -9999.0 -9999.0 -9999.0 -9999.0 -9999.0 -9999.0 -9999.0 -9999.0 -9999.0 -9999.0 -9999.0 -9999.0 -9999.0 -9999.0 -9999.0 -9999.0 -9999.0 -9999.0 -9999.0 -9999.0 -9999.0 -9999.0 -9999.0 -9999.0 -9999.0 -9999.0 -9999.0 -9999.0 -9999.0 -9999.0 -9999.0 -9999.0 -9999.0 -9999.0 -9999.0 -9999.0 -9999.0 -9999.0 -9999.0 -9999.0 -9999.0 -9999.0 -9999.0 -9999.0 -9999.0 -9999.0 -9999.0 -9999.0 -9999.0 -9999.0 -9999.0 -9999.0 -9999.0 -9999.0 -9999.0 -9999.0 -9999.0 -9999.0 -9999.0 -9999.0 -9999.0 -9999.0 -9999.0 -9999.0 -9999.0 -9999.0 -9999.0 -9999.0 -9999.0 -9999.0 -9999.0 -9999.0 12.2 59.7 100.7 94.2
