program/excelProcessViaJava/data/SURF_CLI_CHN_PRE_MON_GRID_0.5-198511.txt
NCOLS      128
NROWS       72
XLLCORNER    72.000000000000    
YLLCORNER    18.000000000000    
CELLSIZE    0.50000000000000    
NODATA_VALUE   -9999.000    
[rows 35 to 69 of 72, columns 0 to 78 of 128]
-9999.0 -9999.0 -9999.0 -9999.0 -9999.0 -9999.0 -9999.0 2.3 7.1 2.4 16.2 13.2 1.5 2.1 1.3 0.0 0.0 0.0 0.0 0.0 0.0 0.0 0.1 0.0 0.0 0.0 0.1 0.1 0.2 0.6 0.7 0.8 0.8 1.3 2.0 1.2 2.3 1.5 2.4 2.2 0.2 2.0 1.3 0.5 0.3 0.3 0.3 0.2 0.3 0.2 0.5 1.0 1.1 1.9 1.2 0.6 0.6 1.2 2.4 3.5 4.3 0.9 0.3 0.4 0.5 0.2 0.3 0.3 0.2 0.2 0.2 0.2 0.3 0.4 0.2 0.2 0.1 0.2 0.5
-9999.0 -9999.0 -9999.0 -9999.0 -9999.0 -9999.0 -9999.0 22.7 0.9 7.2 10.6 3.9 5.5 11.5 2.9 12.6 0.9 0.3 2.1 0.1 0.0 0.2 0.1 0.1 0.0 0.1 0.1 0.3 0.2 0.2 0.7 1.0 1.2 2.3 1.5 1.7 1.3 1.9 1.5 0.9 0.8 0.7 0.8 2.7 0.7 0.4 0.7 0.7 1.8 1.2 2.9 2.2 1.2 1.3 1.7 0.9 0.9 1.2 1.5 2.2 3.4 2.8 0.9 1.1 0.6 0.3 0.3 0.2 0.4 0.1 0.1 0.3 0.6 0.6 0.2 0.2 0.2 0.2 0.2
-9999.0 -9999.0 -9999.0 -9999.0 -9999.0 -9999.0 -9999.0 -9999.0 -9999.0 5.7 4.3 2.4 8.5 6.0 2.4 0.9 1.9 10.6 1.4 4.1 0.5 0.1 0.1 0.1 0.1 0.1 0.1 0.2 0.2 0.8 0.3 0.7 1.0 1.8 1.1 1.2 1.1 1.4 1.0 1.0 0.6 0.7 0.6 0.6 1.2 1.5 1.8 1.9 2.0 1.9 2.4 1.8 1.6 1.5 1.9 1.2 1.4 1.4 0.9 1.4 2.5 3.7 4.1 1.7 1.6 1.0 0.6 0.6 1.2 0.3 0.4 0.5 0.8 0.8 0.7 0.3 0.5 0.7 0.7
-9999.0 -9999.0 -9999.0 -9999.0 -9999.0 -9999.0 -9999.0 -9999.0 -9999.0 -9999.0 -9999.0 10.1 0.7 8.7 3.3 3.8 2.0 0.9 0.4 0.5 1.0 0.2 0.2 0.1 0.4 0.2 0.3 0.5 0.5 0.5 0.7 1.9 1.2 1.5 1.3 3.0 1.6 1.5 4.0 1.3 1.6 0.8 0.6 0.7 2.2 1.6 3.7 2.7 3.0 2.4 1.6 1.7 1.8 2.1 2.5 1.7 1.3 1.0 0.9 1.3 2.6 3.8 3.6 3.0 4.0 2.2 1.9 2.2 2.4 2.3 1.5 1.3 1.0 1.0 2.0 2.4 2.7 2.3 2.1
-9999.0 -9999.0 -9999.0 -9999.0 -9999.0 -9999.0 -9999.0 -9999.0 -9999.0 -9999.0 -9999.0 -9999.0 1.0 0.8 5.1 1.6 8.0 1.8 1.2 4.0 0.1 0.2 0.2 0.1 2.9 0.2 0.1 0.6 0.7 2.2 1.3 1.4 1.7 2.8 3.0 2.4 4.8 2.3 1.6 1.2 1.0 1.0 1.0 1.6 1.9 2.6 3.7 2.4 2.4 2.1 2.9 2.6 2.2 2.4 2.6 2.5 2.0 1.9 1.7 2.1 3.7 7.3 9.8 7.6 5.3 9.2 6.1 7.0 7.5 7.7 3.3 3.4 4.0 4.6 4.1 10.6 5.1 5.0 4.6
-9999.0 -9999.0 -9999.0 -9999.0 -9999.0 -9999.0 -9999.0 -9999.0 -9999.0 -9999.0 -9999.0 -9999.0 10.5 0.4 0.2 2.4 0.2 0.4 2.2 1.0 0.5 0.7 0.4 0.1 0.1 0.2 0.2 0.2 0.6 0.6 1.6 3.2 2.6 2.5 3.1 2.5 4.4 4.3 3.0 2.3 1.6 1.6 2.7 1.9 3.0 4.3 3.0 2.5 1.4 1.9 1.8 2.4 2.4 3.2 3.4 3.4 3.0 2.8 3.0 3.8 5.9 9.5 13.9 17.3 9.3 12.0 9.4 9.2 8.9 10.8 11.4 14.5 14.5 5.7 7.7 8.3 7.7 12.7 10.7
-9999.0 -9999.0 -9999.0 -9999.0 -9999.0 -9999.0 -9999.0 -9999.0 -9999.0 -9999.0 -9999.0 -9999.0 -9999.0 1.7 6.1 0.2 1.2 0.3 0.2 0.2 0.3 0.1 0.4 0.1 0.1 0.8 1.1 2.5 1.7 1.9 1.6 1.8 3.8 4.1 2.3 2.6 3.0 3.9 9.6 4.9 3.8 4.2 3.8 5.4 4.2 3.5 4.2 4.5 4.0 3.0 2.7 2.4 3.1 5.7 5.0 4.7 4.5 4.5 6.0 6.1 8.6 11.8 15.9 11.0 12.9 15.6 19.7 18.6 18.6 15.8 13.6 10.4 7.3 9.6 15.5 14.6 13.6 11.8 13.5
-9999.0 -9999.0 -9999.0 -9999.0 -9999.0 -9999.0 -9999.0 -9999.0 -9999.0 -9999.0 -9999.0 -9999.0 1.8 7.4 4.3 0.6 4.5 1.3 0.9 0.1 0.1 0.1 0.2 0.1 0.1 0.8 0.8 0.8 1.2 2.0 2.2 1.8 4.6 3.1 3.5 2.7 4.8 3.1 3.5 4.2 7.8 10.4 11.9 5.7 6.8 6.8 5.5 3.9 4.1 4.0 5.3 6.6 4.7 5.7 5.5 5.6 6.0 6.6 6.7 7.6 9.8 14.5 16.0 22.1 16.0 18.1 11.2 15.5 24.5 27.9 22.2 15.2 16.9 27.1 27.3 23.9 20.7 19.7 21.6
-9999.0 -9999.0 -9999.0 -9999.0 -9999.0 -9999.0 -9999.0 -9999.0 -9999.0 -9999.0 -9999.0 -9999.0 4.9 0.2 0.5 10.3 5.6 0.3 0.2 0.8 0.1 0.4 0.3 0.3 0.2 0.2 0.4 0.6 1.1 1.3 1.6 2.3 4.4 2.3 2.2 2.6 2.3 3.3 3.9 3.4 4.4 4.9 6.1 7.7 8.9 9.9 12.3 10.7 9.2 5.3 5.5 7.3 5.8 5.9 6.0 6.4 6.1 7.0 7.8 11.0 15.5 22.3 15.1 13.5 15.0 12.8 18.6 13.8 16.7 20.7 23.0 24.9 28.0 27.7 34.5 34.2 32.8 27.3 28.0
-9999.0 -9999.0 -9999.0 -9999.0 -9999.0 -9999.0 -9999.0 -9999.0 -9999.0 -9999.0 -9999.0 -9999.0 0.0 2.2 0.1 0.4 0.3 4.2 0.9 0.9 3.2 3.1 0.6 1.2 0.7 1.9 1.4 3.3 1.3 1.6 2.0 4.5 2.6 2.0 1.9 2.2 2.4 3.3 3.5 5.0 4.8 5.1 10.2 7.8 10.8 15.5 17.3 13.6 10.1 9.6 9.0 7.0 11.7 11.0 6.4 5.9 5.6 7.0 9.5 10.4 13.8 18.1 37.5 15.8 10.3 10.1 11.4 14.9 20.7 27.1 33.9 36.2 39.7 45.6 90.0 54.6 73.0 33.1 31.5
-9999.0 -9999.0 -9999.0 -9999.0 -9999.0 -9999.0 -9999.0 -9999.0 -9999.0 -9999.0 -9999.0 -9999.0 -9999.0 10.9 6.1 0.4 0.8 0.5 2.2 3.0 9.8 2.0 3.3 3.9 1.2 1.6 1.5 1.4 2.3 1.4 3.4 3.2 4.0 2.5 2.6 5.3 5.0 3.5 4.3 4.1 4.8 11.1 15.2 14.0 11.4 12.8 16.4 11.4 15.4 13.0 8.5 9.9 6.6 4.2 5.6 5.3 3.9 5.1 9.1 20.1 22.5 56.5 35.0 12.1 8.0 8.8 11.7 18.6 29.0 39.4 49.0 59.4 61.7 77.1 66.0 58.3 45.5 35.6 34.6
-9999.0 -9999.0 -9999.0 -9999.0 -9999.0 -9999.0 -9999.0 -9999.0 -9999.0 -9999.0 -9999.0 -9999.0 -9999.0 0.0 4.4 0.4 5.3 0.5 0.9 2.0 9.3 7.9 7.9 5.1 1.6 2.3 2.6 1.7 1.9 7.3 5.2 4.8 3.1 3.4 5.4 5.4 3.5 3.9 5.6 12.2 6.0 8.5 11.3 13.2 22.1 14.2 14.2 9.6 10.3 8.9 9.4 3.5 4.9 6.2 6.8 3.8 2.2 4.0 10.3 9.3 26.5 18.1 16.8 13.0 10.0 10.5 15.3 26.1 41.3 56.7 69.4 79.9 88.1 85.9 78.7 70.0 70.9 37.6 31.1
-9999.0 -9999.0 -9999.0 -9999.0 -9999.0 -9999.0 -9999.0 -9999.0 -9999.0 -9999.0 -9999.0 -9999.0 -9999.0 -9999.0 -9999.0 0.6 0.4 1.7 1.2 1.0 6.2 3.5 3.4 4.3 5.1 4.4 9.8 4.5 8.1 2.4 3.5 3.0 7.3 6.6 4.3 10.1 12.1 2.4 3.7 4.4 9.0 11.3 11.5 11.1 8.2 6.8 9.3 4.4 7.0 1.5 3.0 9.8 2.7 2.5 0.8 1.6 2.2 1.9 13.4 26.2 12.2 19.1 29.1 22.1 15.9 16.0 22.7 36.8 53.9 68.2 81.0 90.1 89.4 88.7 79.4 81.1 68.1 71.9 42.4
-9999.0 -9999.0 -9999.0 -9999.0 -9999.0 -9999.0 -9999.0 -9999.0 -9999.0 -9999.0 -9999.0 -9999.0 -9999.0 -9999.0 -9999.0 -9999.0 -9999.0 0.3 0.1 -9999.0 0.7 5.2 2.8 3.3 6.6 5.5 11.5 5.8 2.4 4.2 2.1 0.9 7.6 1.2 0.6 3.1 12.2 0.7 2.6 3.3 5.2 10.5 8.4 7.2 8.1 3.9 11.7 9.5 1.5 2.7 0.5 1.1 2.0 2.8 3.0 2.9 1.1 8.1 14.0 26.7 10.9 29.2 40.8 30.7 23.6 23.5 30.0 43.1 58.7 71.9 82.1 82.8 87.0 75.4 75.5 80.3 68.4 62.1 60.9
-9999.0 -9999.0 -9999.0 -9999.0 -9999.0 -9999.0 -9999.0 -9999.0 -9999.0 -9999.0 -9999.0 -9999.0 -9999.0 -9999.0 -9999.0 -9999.0 -9999.0 -9999.0 -9999.0 -9999.0 -9999.0 2.7 5.5 13.4 7.5 3.9 3.5 2.8 2.1 0.7 0.6 0.2 0.2 0.6 0.5 2.5 1.9 1.3 0.8 2.1 4.3 7.4 8.1 5.7 5.5 2.5 22.1 1.0 8.7 66.1 1.7 12.2 9.8 2.9 3.0 5.6 6.6 4.9 29.5 24.3 21.6 41.0 54.9 42.0 29.2 29.4 34.3 44.0 56.7 67.6 71.7 73.4 70.7 63.0 69.2 74.4 74.7 77.1 76.4
-9999.0 -9999.0 -9999.0 -9999.0 -9999.0 -9999.0 -9999.0 -9999.0 -9999.0 -9999.0 -9999.0 -9999.0 -9999.0 -9999.0 -9999.0 -9999.0 -9999.0 -9999.0 -9999.0 -9999.0 -9999.0 -9999.0 -9999.0 3.2 5.4 4.8 4.1 3.2 3.7 0.7 0.5 0.6 5.2 2.0 5.0 4.8 7.3 2.3 4.9 5.9 4.3 7.1 2.6 1.8 4.1 37.3 2.4 1.1 2.5 4.3 2.0 8.4 6.2 7.3 4.3 1.2 4.7 14.2 6.4 24.7 38.6 50.8 52.0 54.5 43.3 36.4 37.1 42.3 48.1 57.4 63.7 65.4 61.7 64.6 69.6 76.3 75.1 71.6 70.3
-9999.0 -9999.0 -9999.0 -9999.0 -9999.0 -9999.0 -9999.0 -9999.0 -9999.0 -9999.0 -9999.0 -9999.0 -9999.0 -9999.0 -9999.0 -9999.0 -9999.0 -9999.0 -9999.0 -9999.0 -9999.0 -9999.0 -9999.0 -9999.0 -9999.0 6.2 3.8 13.9 7.3 12.9 1.7 0.1 0.1 0.8 0.7 5.9 17.7 3.8 8.3 3.7 7.7 2.0 11.4 5.4 24.6 38.7 13.7 37.3 1.4 3.0 9.3 7.9 13.8 12.5 4.3 1.5 3.6 3.0 15.7 21.7 36.1 52.4 63.0 49.3 44.0 41.5 41.2 41.9 45.6 53.3 57.0 61.0 56.4 67.0 70.9 68.7 65.8 63.0 73.9
-9999.0 -9999.0 -9999.0 -9999.0 -9999.0 -9999.0 -9999.0 -9999.0 -9999.0 -9999.0 -9999.0 -9999.0 -9999.0 -9999.0 -9999.0 -9999.0 -9999.0 -9999.0 -9999.0 -9999.0 -9999.0 -9999.0 -9999.0 -9999.0 -9999.0 -9999.0 -9999.0 7.3 5.8 0.5 0.1 0.1 2.4 0.1 0.8 2.1 1.5 2.1 3.2 2.9 3.8 2.0 12.8 30.9 31.4 37.3 42.9 39.2 33.0 7.3 15.3 14.0 8.6 6.0 3.3 3.1 0.7 1.5 9.2 13.1 34.4 43.0 47.3 35.4 22.7 29.3 39.5 38.9 38.8 43.8 53.5 68.2 60.2 68.3 65.1 61.2 68.0 67.6 61.2
-9999.0 -9999.0 -9999.0 -9999.0 -9999.0 -9999.0 -9999.0 -9999.0 -9999.0 -9999.0 -9999.0 -9999.0 -9999.0 -9999.0 -9999.0 -9999.0 -9999.0 -9999.0 -9999.0 -9999.0 -9999.0 -9999.0 -9999.0 -9999.0 -9999.0 -9999.0 -9999.0 -9999.0 -9999.0 -9999.0 -9999.0 -9999.0 -9999.0 0.9 0.2 -9999.0 -9999.0 -9999.0 9.4 3.5 7.4 13.3 7.8 34.5 43.4 39.6 -9999.0 -9999.0 -9999.0 -9999.0 -9999.0 -9999.0 4.1 8.0 0.8 0.4 0.5 1.9 2.7 7.3 14.6 22.8 18.2 14.0 14.1 19.7 30.4 40.3 42.0 42.8 53.0 71.0 77.2 68.7 73.1 63.7 79.1 66.5 70.3
-9999.0 -9999.0 -9999.0 -9999.0 -9999.0 -9999.0 -9999.0 -9999.0 -9999.0 -9999.0 -9999.0 -9999.0 -9999.0 -9999.0 -9999.0 -9999.0 -9999.0 -9999.0 -9999.0 -9999.0 -9999.0 -9999.0 -9999.0 -9999.0 -9999.0 -9999.0 -9999.0 -9999.0 -9999.0 -9999.0 -9999.0 -9999.0 -9999.0 -9999.0 -9999.0 -9999.0 -9999.0 -9999.0 -9999.0 39.3 39.4 40.8 41.2 39.5 -9999.0 -9999.0 -9999.0 -9999.0 -9999.0 -9999.0 -9999.0 -9999.0 1.9 9.5 1.4 0.2 0.4 1.1 1.8 1.9 2.5 5.4 6.1 4.7 7.8 16.1 29.2 36.0 38.9 51.2 63.1 69.2 67.3 74.6 73.7 78.7 83.8 80.4 87.7
-9999.0 -9999.0 -9999.0 -9999.0 -9999.0 -9999.0 -9999.0 -9999.0 -9999.0 -9999.0 -9999.0 -9999.0 -9999.0 -9999.0 -9999.0 -9999.0 -9999.0 -9999.0 -9999.0 -9999.0 -9999.0 -9999.0 -9999.0 -9999.0 -9999.0 -9999.0 -9999.0 -9999.0 -9999.0 -9999.0 -9999.0 -9999.0 -9999.0 -9999.0 -9999.0 -9999.0 -9999.0 -9999.0 -9999.0 -9999.0 -9999.0 -9999.0 -9999.0 -9999.0 -9999.0 -9999.0 -9999.0 -9999.0 -9999.0 -9999.0 -9999.0 -9999.0 1.6 11.8 2.2 3.4 0.7 0.8 0.8 0.9 0.8 1.4 25.3 4.2 9.1 16.5 23.6 29.3 35.7 47.0 57.2 64.2 89.3 74.2 81.8 98.1 105.8 96.0 83.7
-9999.0 -9999.0 -9999.0 -9999.0 -9999.0 -9999.0 -9999.0 -9999.0 -9999.0 -9999.0 -9999.0 -9999.0 -9999.0 -9999.0 -9999.0 -9999.0 -9999.0 -9999.0 -9999.0 -9999.0 -9999.0 -9999.0 -9999.0 -9999.0 -9999.0 -9999.0 -9999.0 -9999.0 -9999.0 -9999.0 -9999.0 -9999.0 -9999.0 -9999.0 -9999.0 -9999.0 -9999.0 -9999.0 -9999.0 -9999.0 -9999.0 -9999.0 -9999.0 -9999.0 -9999.0 -9999.0 -9999.0 -9999.0 -9999.0 -9999.0 -9999.0 4.2 2.4 12.1 2.1 4.0 3.1 3.5 2.2 2.2 5.9 7.0 7.4 11.6 16.5 20.6 23.4 31.0 37.1 48.3 58.0 68.3 72.6 79.4 96.4 116.3 121.3 100.0 91.9
-9999.0 -9999.0 -9999.0 -9999.0 -9999.0 -9999.0 -9999.0 -9999.0 -9999.0 -9999.0 -9999.0 -9999.0 -9999.0 -9999.0 -9999.0 -9999.0 -9999.0 -9999.0 -9999.0 -9999.0 -9999.0 -9999.0 -9999.0 -9999.0 -9999.0 -9999.0 -9999.0 -9999.0 -9999.0 -9999.0 -9999.0 -9999.0 -9999.0 -9999.0 -9999.0 -9999.0 -9999.0 -9999.0 -9999.0 -9999.0 -9999.0 -9999.0 -9999.0 -9999.0 -9999.0 -9999.0 -9999.0 -9999.0 -9999.0 -9999.0 16.4 10.4 13.8 20.0 14.7 16.2 10.4 7.7 9.6 15.0 15.9 22.3 24.6 30.9 34.7 34.5 33.3 37.9 53.2 72.5 85.3 89.6 90.3 99.6 112.4 123.8 107.6 114.0 77.1
-9999.0 -9999.0 -9999.0 -9999.0 -9999.0 -9999.0 -9999.0 -9999.0 -9999.0 -9999.0 -9999.0 -9999.0 -9999.0 -9999.0 -9999.0 -9999.0 -9999.0 -9999.0 -9999.0 -9999.0 -9999.0 -9999.0 -9999.0 -9999.0 -9999.0 -9999.0 -9999.0 -9999.0 -9999.0 -9999.0 -9999.0 -9999.0 -9999.0 -9999.0 -9999.0 -9999.0 -9999.0 -9999.0 -9999.0 -9999.0 -9999.0 -9999.0 -9999.0 -9999.0 -9999.0 -9999.0 -9999.0 -9999.0 -9999.0 -9999.0 22.9 29.9 24.3 38.4 44.0 37.2 25.3 33.8 37.0 37.4 39.5 45.7 50.0 56.8 61.0 59.1 54.7 57.2 75.4 97.5 113.4 114.1 112.1 111.5 103.6 92.8 100.2 77.6 65.6
-9999.0 -9999.0 -9999.0 -9999.0 -9999.0 -9999.0 -9999.0 -9999.0 -9999.0 -9999.0 -9999.0 -9999.0 -9999.0 -9999.0 -9999.0 -9999.0 -9999.0 -9999.0 -9999.0 -9999.0 -9999.0 -9999.0 -9999.0 -9999.0 -9999.0 -9999.0 -9999.0 -9999.0 -9999.0 -9999.0 -9999.0 -9999.0 -9999.0 -9999.0 -9999.0 -9999.0 -9999.0 -9999.0 -9999.0 -9999.0 -9999.0 -9999.0 -9999.0 -9999.0 -9999.0 -9999.0 -9999.0 -9999.0 -9999.0 -9999.0 32.8 37.6 43.2 82.2 66.1 64.6 81.1 65.5 75.5 66.7 76.6 81.9 81.2 80.2 84.7 82.6 78.3 76.7 88.0 120.9 122.9 153.2 129.5 129.8 93.1 77.1 90.5 57.4 50.5
-9999.0 -9999.0 -9999.0 -9999.0 -9999.0 -9999.0 -9999.0 -9999.0 -9999.0 -9999.0 -9999.0 -9999.0 -9999.0 -9999.0 -9999.0 -9999.0 -9999.0 -9999.0 -9999.0 -9999.0 -9999.0 -9999.0 -9999.0 -9999.0 -9999.0 -9999.0 -9999.0 -9999.0 -9999.0 -9999.0 -9999.0 -9999.0 -9999.0 -9999.0 -9999.0 -9999.0 -9999.0 -9999.0 -9999.0 -9999.0 -9999.0 -9999.0 -9999.0 -9999.0 -9999.0 -9999.0 -9999.0 -9999.0 -9999.0 -9999.0 46.8 70.9 78.7 102.9 113.0 126.0 103.2 108.7 112.6 111.1 122.0 117.9 104.1 107.2 111.9 110.6 112.3 108.9 130.1 103.5 134.5 148.5 152.8 134.6 85.5 67.6 61.9 35.9 35.5
-9999.0 -9999.0 -9999.0 -9999.0 -9999.0 -9999.0 -9999.0 -9999.0 -9999.0 -9999.0 -9999.0 -9999.0 -9999.0 -9999.0 -9999.0 -9999.0 -9999.0 -9999.0 -9999.0 -9999.0 -9999.0 -9999.0 -9999.0 -9999.0 -9999.0 -9999.0 -9999.0 -9999.0 -9999.0 -9999.0 -9999.0 -9999.0 -9999.0 -9999.0 -9999.0 -9999.0 -9999.0 -9999.0 -9999.0 -9999.0 -9999.0 -9999.0 -9999.0 -9999.0 -9999.0 -9999.0 -9999.0 -9999.0 -9999.0 -9999.0 -9999.0 -9999.0 -9999.0 121.3 136.4 145.5 149.2 151.8 151.3 160.2 202.5 162.2 170.9 153.2 146.5 140.1 150.5 128.2 149.9 155.0 151.7 151.3 141.7 112.8 75.9 43.3 30.1 18.2 13.0
-9999.0 -9999.0 -9999.0 -9999.0 -9999.0 -9999.0 -9999.0 -9999.0 -9999.0 -9999.0 -9999.0 -9999.0 -9999.0 -9999.0 -9999.0 -9999.0 -9999.0 -9999.0 -9999.0 -9999.0 -9999.0 -9999.0 -9999.0 -9999.0 -9999.0 -9999.0 -9999.0 -9999.0 -9999.0 -9999.0 -9999.0 -9999.0 -9999.0 -9999.0 -9999.0 -9999.0 -9999.0 -9999.0 -9999.0 -9999.0 -9999.0 -9999.0 -9999.0 -9999.0 -9999.0 -9999.0 -9999.0 -9999.0 -9999.0 -9999.0 -9999.0 -9999.0 -9999.0 141.3 150.3 213.2 174.2 170.6 182.8 228.3 225.3 212.4 244.8 198.0 182.7 168.6 140.4 180.5 154.6 160.2 152.4 143.9 126.9 94.1 57.6 36.2 14.9 14.9 11.9
-9999.0 -9999.0 -9999.0 -9999.0 -9999.0 -9999.0 -9999.0 -9999.0 -9999.0 -9999.0 -9999.0 -9999.0 -9999.0 -9999.0 -9999.0 -9999.0 -9999.0 -9999.0 -9999.0 -9999.0 -9999.0 -9999.0 -9999.0 -9999.0 -9999.0 -9999.0 -9999.0 -9999.0 -9999.0 -9999.0 -9999.0 -9999.0 -9999.0 -9999.0 -9999.0 -9999.0 -9999.0 -9999.0 -9999.0 -9999.0 -9999.0 -9999.0 -9999.0 -9999.0 -9999.0 -9999.0 -9999.0 -9999.0 -9999.0 -9999.0 -9999.0 -9999.0 -9999.0 151.5 141.6 195.9 197.0 191.8 204.4 221.9 264.3 269.3 298.5 282.0 189.1 -9999.0 -9999.0 -9999.0 187.5 165.6 160.9 149.1 114.0 70.8 41.3 27.5 9.4 9.3 49.6
-9999.0 -9999.0 -9999.0 -9999.0 -9999.0 -9999.0 -9999.0 -9999.0 -9999.0 -9999.0 -9999.0 -9999.0 -9999.0 -9999.0 -9999.0 -9999.0 -9999.0 -9999.0 -9999.0 -9999.0 -9999.0 -9999.0 -9999.0 -9999.0 -9999.0 -9999.0 -9999.0 -9999.0 -9999.0 -9999.0 -9999.0 -9999.0 -9999.0 -9999.0 -9999.0 -9999.0 -9999.0 -9999.0 -9999.0 -9999.0 -9999.0 -9999.0 -9999.0 -9999.0 -9999.0 -9999.0 -9999.0 -9999.0 -9999.0 -9999.0 -9999.0 -9999.0 -9999.0 -9999.0 170.1 186.8 178.0 179.9 209.7 246.6 206.4 -9999.0 -9999.0 -9999.0 -9999.0 -9999.0 -9999.0 -9999.0 169.5 179.1 189.1 138.7 91.4 52.8 28.4 15.8 9.5 7.8 15.0
-9999.0 -9999.0 -9999.0 -9999.0 -9999.0 -9999.0 -9999.0 -9999.0 -9999.0 -9999.0 -9999.0 -9999.0 -9999.0 -9999.0 -9999.0 -9999.0 -9999.0 -9999.0 -9999.0 -9999.0 -9999.0 -9999.0 -9999.0 -9999.0 -9999.0 -9999.0 -9999.0 -9999.0 -9999.0 -9999.0 -9999.0 -9999.0 -9999.0 -9999.0 -9999.0 -9999.0 -9999.0 -9999.0 -9999.0 -9999.0 -9999.0 -9999.0 -9999.0 -9999.0 -9999.0 -9999.0 -9999.0 -9999.0 -9999.0 -9999.0 -9999.0 -9999.0 -9999.0 -9999.0 -9999.0 162.0 218.4 179.3 164.8 190.9 191.0 -9999.0 -9999.0 -9999.0 -9999.0 -9999.0 -9999.0 -9999.0 -9999.0 -9999.0 145.6 -9999.0 -9999.0 -9999.0 -9999.0 -9999.0 15.1 -9999.0 -9999.0
-9999.0 -9999.0 -9999.0 -9999.0 -9999.0 -9999.0 -9999.0 -9999.0 -9999.0 -9999.0 -9999.0 -9999.0 -9999.0 -9999.0 -9999.0 -9999.0 -9999.0 -9999.0 -9999.0 -9999.0 -9999.0 -9999.0 -9999.0 -9999.0 -9999.0 -9999.0 -9999.0 -9999.0 -9999.0 -9999.0 -9999.0 -9999.0 -9999.0 -9999.0 -9999.0 -9999.0 -9999.0 -9999.0 -9999.0 -9999.0 -9999.0 -9999.0 -9999.0 -9999.0 -9999.0 -9999.0 -9999.0 -9999.0 -9999.0 -9999.0 -9999.0 -9999.0 -9999.0 -9999.0 -9999.0 -9999.0 -9999.0 -9999.0 150.3 133.3 -9999.0 -9999.0 -9999.0 -9999.0 -9999.0 -9999.0 -9999.0 -9999.0 -9999.0 -9999.0 -9999.0 -9999.0 -9999.0 -9999.0 -9999.0 18.7 18.3 -9999.0 -9999.0
-9999.0 -9999.0 -9999.0 -9999.0 -9999.0 -9999.0 -9999.0 -9999.0 -9999.0 -9999.0 -9999.0 -9999.0 -9999.0 -9999.0 -9999.0 -9999.0 -9999.0 -9999.0 -9999.0 -9999.0 -9999.0 -9999.0 -9999.0 -9999.0 -9999.0 -9999.0 -9999.0 -9999.0 -9999.0 -9999.0 -9999.0 -9999.0 -9999.0 -9999.0 -9999.0 -9999.0 -9999.0 -9999.0 -9999.0 -9999.0 -9999.0 -9999.0 -9999.0 -9999.0 -9999.0 -9999.0 -9999.0 -9999.0 -9999.0 -9999.0 -9999.0 -9999.0 -9999.0 -9999.0 -9999.0 -9999.0 -9999.0 -9999.0 -9999.0 -9999.0 -9999.0 -9999.0 -9999.0 -9999.0 -9999.0 -9999.0 -9999.0 -9999.0 -9999.0 -9999.0 -9999.0 -9999.0 -9999.0 -9999.0 -9999.0 -9999.0 -9999.0 -9999.0 -9999.0
-9999.0 -9999.0 -9999.0 -9999.0 -9999.0 -9999.0 -9999.0 -9999.0 -9999.0 -9999.0 -9999.0 -9999.0 -9999.0 -9999.0 -9999.0 -9999.0 -9999.0 -9999.0 -9999.0 -9999.0 -9999.0 -9999.0 -9999.0 -9999.0 -9999.0 -9999.0 -9999.0 -9999.0 -9999.0 -9999.0 -9999.0 -9999.0 -9999.0 -9999.0 -9999.0 -9999.0 -9999.0 -9999.0 -9999.0 -9999.0 -9999.0 -9999.0 -9999.0 -9999.0 -9999.0 -9999.0 -9999.0 -9999.0 -9999.0 -9999.0 -9999.0 -9999.0 -9999.0 -9999.0 -9999.0 -9999.0 -9999.0 -9999.0 -9999.0 -9999.0 -9999.0 -9999.0 -9999.0 -9999.0 -9999.0 -9999.0 -9999.0 -9999.0 -9999.0 -9999.0 -9999.0 -9999.0 -9999.0 -9999.0 -9999.0 36.5 47.3 80.3 -9999.0
-9999.0 -9999.0 -9999.0 -9999.0 -9999.0 -9999.0 -9999.0 -9999.0 -9999.0 -9999.0 -9999.0 -9999.0 -9999.0 -9999.0 -9999.0 -9999.0 -9999.0 -9999.0 -9999.0 -9999.0 -9999.0 -9999.0 -9999.0 -9999.0 -9999.0 -9999.0 -9999.0 -9999.0 -9999.0 -9999.0 -9999.0 -9999.0 -9999.0 -9999.0 -9999.0 -9999.0 -9999.0 -9999.0 -9999.0 -9999.0 -9999.0 -9999.0 -9999.0 -9999.0 -9999.0 -9999.0 -9999.0 -9999.0 -9999.0 -9999.0 -9999.0 -9999.0 -9999.0 -9999.0 -9999.0 -9999.0 -9999.0 -9999.0 -9999.0 -9999.0 -9999.0 -9999.0 -9999.0 -9999.0 -9999.0 -9999.0 -9999.0 -9999.0 -9999.0 -9999.0 -9999.0 -9999.0 -9999.0 14.4 50.2 80.6 155.0 -9999.0 -9999.0
