program/excelProcessViaJava/data/SURF_CLI_CHN_PRE_MON_GRID_0.5-198610.txt
NCOLS      128
NROWS       72
XLLCORNER    72.000000000000    
YLLCORNER    18.000000000000    
CELLSIZE    0.50000000000000    
NODATA_VALUE   -9999.000    
[rows 34 to 67 of 72, columns 0 to 76 of 128]
-9999.0 -9999.0 -9999.0 -9999.0 0.6 0.3 2.9 0.5 6.4 5.6 0.5 3.8 1.7 1.7 0.3 0.3 0.3 0.3 0.3 0.3 0.3 0.3 0.4 0.5 1.5 2.8 1.9 2.2 2.4 2.7 2.8 3.4 3.1 3.1 3.2 2.6 3.3 4.2 2.3 1.2 2.2 0.5 0.4 0.2 0.2 0.2 0.3 0.7 1.5 3.1 4.3 4.7 8.7 6.6 6.6 9.8 14.6 21.6 24.1 11.9 18.1 10.1 8.5 8.8 4.2 2.3 6.0 8.4 13.8 20.8 22.4 23.7 25.7 30.1 33.1 35.9 33.8
-9999.0 -9999.0 -9999.0 -9999.0 -9999.0 -9999.0 -9999.0 0.5 2.0 1.1 5.9 5.8 2.1 2.8 2.7 0.4 0.8 0.4 0.4 0.5 1.2 2.2 2.5 2.4 2.5 2.7 3.2 3.6 3.8 4.4 4.4 4.4 4.3 4.5 4.8 3.9 4.9 4.1 5.5 5.9 2.0 7.2 5.8 2.3 0.6 0.2 0.3 0.4 0.9 1.0 1.2 1.4 2.7 13.7 12.2 6.6 8.8 12.0 22.3 17.2 20.4 10.2 6.7 7.3 7.6 3.0 4.8 9.0 14.0 20.0 21.7 22.3 26.6 32.7 37.1 42.6 40.8
-9999.0 -9999.0 -9999.0 -9999.0 -9999.0 -9999.0 -9999.0 3.6 0.2 2.0 3.5 2.3 3.4 5.9 3.5 7.3 3.1 2.8 4.7 2.8 2.8 3.8 3.6 3.9 4.1 4.4 4.7 5.3 5.2 5.3 5.7 5.7 5.6 6.0 5.2 5.1 4.6 5.1 4.8 4.2 4.6 4.7 5.5 10.1 2.7 0.6 0.9 1.2 5.2 3.6 12.6 9.7 2.9 6.2 14.3 7.4 9.5 14.5 19.5 20.4 19.4 18.7 13.4 13.8 8.8 5.4 5.8 9.9 18.2 20.4 22.3 23.7 28.8 36.1 37.1 46.8 50.3
-9999.0 -9999.0 -9999.0 -9999.0 -9999.0 -9999.0 -9999.0 -9999.0 -9999.0 1.2 1.4 1.4 3.9 4.0 3.2 2.9 4.2 7.9 5.0 6.8 5.3 4.7 5.1 5.6 6.0 6.4 6.9 7.1 7.2 7.3 7.1 6.9 6.7 6.7 6.1 5.7 5.2 5.3 4.4 4.5 3.9 4.9 4.8 4.0 5.2 4.6 4.4 4.2 5.6 6.7 10.5 7.8 6.1 6.7 15.3 9.9 9.7 13.1 17.0 17.5 17.7 19.9 24.3 19.8 16.4 10.1 8.9 13.6 23.2 24.6 27.3 29.6 35.2 42.1 46.0 34.6 37.1
-9999.0 -9999.0 -9999.0 -9999.0 -9999.0 -9999.0 -9999.0 -9999.0 -9999.0 -9999.0 -9999.0 3.1 1.0 4.5 3.6 4.6 4.6 4.6 4.9 5.8 7.0 6.7 7.4 7.8 8.9 9.1 9.4 9.5 9.5 9.4 9.0 8.6 8.2 7.9 7.5 8.0 6.8 6.3 8.9 5.1 5.9 4.9 4.7 4.7 9.8 5.5 12.1 7.6 11.2 11.6 8.0 8.5 9.4 14.3 20.6 17.1 13.6 14.4 14.5 15.2 16.8 21.3 29.2 30.6 28.3 14.4 10.9 17.3 24.6 28.7 32.5 37.7 42.6 43.4 28.6 31.0 35.2
-9999.0 -9999.0 -9999.0 -9999.0 -9999.0 -9999.0 -9999.0 -9999.0 -9999.0 -9999.0 -9999.0 -9999.0 1.1 1.6 4.2 3.7 7.1 5.8 6.4 8.8 7.2 8.4 9.4 10.3 11.8 11.8 12.4 12.0 11.9 11.1 10.9 10.3 9.7 9.2 9.1 9.0 10.4 8.7 7.0 5.3 4.4 4.7 5.8 8.9 10.0 12.0 15.0 8.6 11.5 14.6 23.6 21.3 16.2 16.0 20.8 21.4 18.1 15.7 12.8 13.2 16.4 21.2 28.9 37.0 33.3 37.8 20.7 25.0 28.5 32.5 33.5 33.7 32.4 33.4 45.1 54.3 64.3
-9999.0 -9999.0 -9999.0 -9999.0 -9999.0 -9999.0 -9999.0 -9999.0 -9999.0 -9999.0 -9999.0 -9999.0 3.4 1.1 1.5 4.2 3.5 5.1 7.6 8.2 9.1 10.6 11.7 12.9 14.4 14.9 15.3 16.0 14.8 14.7 12.8 11.3 10.8 10.3 10.1 10.5 11.7 12.4 11.2 9.1 6.8 6.8 11.6 11.1 17.2 23.4 17.6 14.3 8.6 17.8 19.0 23.0 18.4 23.8 21.9 23.0 17.3 13.4 11.8 13.1 17.4 24.6 31.0 38.0 40.8 44.9 15.3 18.4 21.4 31.4 49.3 64.0 68.8 74.2 76.5 81.1 84.2
-9999.0 -9999.0 -9999.0 -9999.0 -9999.0 -9999.0 -9999.0 -9999.0 -9999.0 -9999.0 -9999.0 -9999.0 -9999.0 1.8 4.2 2.4 4.7 5.1 6.4 8.0 10.0 11.6 13.5 15.6 17.1 16.6 16.8 15.8 16.0 15.4 15.2 14.0 11.3 10.5 11.1 11.5 12.9 14.8 19.1 15.5 13.2 14.4 15.8 23.7 24.3 25.0 29.9 32.1 31.3 28.1 27.0 20.9 21.7 36.7 29.9 23.8 17.1 12.9 11.5 11.1 14.7 23.9 32.1 46.4 31.8 41.1 47.5 38.5 41.3 44.2 50.2 70.3 89.9 93.2 88.8 90.6 90.3
-9999.0 -9999.0 -9999.0 -9999.0 -9999.0 -9999.0 -9999.0 -9999.0 -9999.0 -9999.0 -9999.0 -9999.0 0.9 3.2 3.5 2.9 6.1 6.1 7.5 8.3 10.5 12.9 15.2 17.7 20.0 18.8 19.6 20.1 19.3 17.4 16.5 16.4 11.7 11.4 10.5 11.6 13.7 17.0 18.2 17.3 21.2 26.6 33.2 25.6 33.6 38.8 36.8 29.1 30.3 30.9 40.3 45.6 31.7 34.9 29.2 23.5 18.2 15.5 11.9 13.6 16.5 22.1 33.7 42.5 54.5 54.9 25.9 38.6 66.2 84.9 96.3 110.7 113.1 94.8 84.3 75.3 70.8
-9999.0 -9999.0 -9999.0 -9999.0 -9999.0 -9999.0 -9999.0 -9999.0 -9999.0 -9999.0 -9999.0 -9999.0 1.5 0.5 1.5 6.0 6.2 5.0 6.6 9.2 11.0 13.6 16.2 18.8 21.8 23.8 23.8 23.4 22.1 22.0 20.7 17.7 12.7 13.6 11.8 10.9 14.1 17.6 20.0 18.0 17.5 18.7 23.2 30.5 37.8 44.8 55.3 52.5 49.0 31.8 35.3 46.1 37.7 36.2 33.1 28.0 19.6 16.1 16.1 16.3 19.5 25.4 38.8 46.7 50.8 41.1 54.6 47.9 62.4 91.9 115.3 126.7 123.2 110.2 91.8 66.3 52.2
-9999.0 -9999.0 -9999.0 -9999.0 -9999.0 -9999.0 -9999.0 -9999.0 -9999.0 -9999.0 -9999.0 -9999.0 0.1 1.3 0.8 2.0 3.1 6.7 6.9 8.9 11.9 13.9 16.4 18.1 20.8 19.9 21.3 18.5 23.0 22.3 21.6 15.4 17.8 16.9 13.5 11.0 13.1 17.3 20.2 20.1 19.4 21.2 33.3 29.7 40.7 56.5 64.7 55.8 46.3 50.2 51.8 45.1 61.0 54.7 39.1 36.4 26.1 22.4 21.9 24.6 28.0 33.6 40.3 43.6 36.8 45.6 46.2 52.1 67.9 83.8 100.3 120.0 115.5 100.5 96.1 75.4 82.8
-9999.0 -9999.0 -9999.0 -9999.0 -9999.0 -9999.0 -9999.0 -9999.0 -9999.0 -9999.0 -9999.0 -9999.0 -9999.0 3.2 3.1 1.7 3.2 4.2 7.0 9.3 13.0 13.5 15.6 17.0 20.4 20.7 21.5 22.5 19.6 23.9 17.6 18.3 16.0 17.5 13.4 9.6 12.3 19.7 22.6 23.1 23.5 35.3 46.3 47.9 42.6 47.7 61.3 48.1 68.9 66.9 54.1 59.1 48.8 42.9 43.0 38.2 34.0 31.5 31.1 34.4 37.4 47.2 47.8 31.8 34.6 34.7 37.0 45.6 59.2 77.0 86.2 92.3 94.7 82.2 71.9 59.9 56.4
-9999.0 -9999.0 -9999.0 -9999.0 -9999.0 -9999.0 -9999.0 -9999.0 -9999.0 -9999.0 -9999.0 -9999.0 -9999.0 0.1 2.4 1.5 4.8 3.7 5.7 8.4 12.5 13.9 15.4 16.6 20.3 19.7 19.1 21.2 19.6 12.7 13.6 14.3 17.7 16.3 12.4 13.0 19.0 25.3 27.7 34.4 32.0 37.7 45.2 51.6 74.6 59.2 62.6 55.5 61.4 58.8 58.8 36.8 43.8 49.1 50.7 42.5 37.1 37.8 41.1 45.3 49.7 48.8 39.3 42.9 32.0 25.8 27.9 38.7 55.3 69.4 76.0 79.1 78.8 71.6 67.4 72.6 88.3
-9999.0 -9999.0 -9999.0 -9999.0 -9999.0 -9999.0 -9999.0 -9999.0 -9999.0 -9999.0 -9999.0 -9999.0 -9999.0 -9999.0 -9999.0 1.5 2.1 4.3 5.5 7.5 11.5 13.0 15.3 16.7 17.1 17.3 14.5 14.7 11.8 14.5 12.6 14.0 11.3 12.5 15.6 15.7 20.8 34.8 34.8 36.2 43.7 50.8 53.5 54.0 47.5 51.7 60.8 55.4 57.5 33.7 35.5 60.0 34.2 37.9 34.6 42.2 43.9 36.9 52.3 58.7 57.1 48.3 65.7 53.4 35.7 24.7 25.3 38.1 56.9 65.3 68.5 68.4 65.0 62.3 66.0 83.7 96.4
-9999.0 -9999.0 -9999.0 -9999.0 -9999.0 -9999.0 -9999.0 -9999.0 -9999.0 -9999.0 -9999.0 -9999.0 -9999.0 -9999.0 -9999.0 -9999.0 -9999.0 2.3 4.3 -9999.0 10.4 13.3 15.9 17.9 16.9 16.7 14.0 12.8 13.3 10.0 11.0 14.7 10.3 18.3 27.2 22.2 25.8 39.0 36.8 39.3 44.3 58.1 53.8 50.1 54.6 53.4 117.4 73.3 43.8 42.3 25.0 24.2 36.3 41.5 49.6 52.8 41.8 58.9 61.0 69.3 41.2 45.2 61.1 58.3 39.4 25.4 25.6 36.6 54.8 59.2 62.9 62.5 66.3 63.0 70.9 90.4 100.9
-9999.0 -9999.0 -9999.0 -9999.0 -9999.0 -9999.0 -9999.0 -9999.0 -9999.0 -9999.0 -9999.0 -9999.0 -9999.0 -9999.0 -9999.0 -9999.0 -9999.0 -9999.0 -9999.0 -9999.0 -9999.0 13.8 16.0 17.4 17.5 20.3 18.4 15.7 12.2 12.9 10.6 18.4 16.9 16.7 22.6 22.0 28.9 32.7 30.5 26.7 26.7 59.3 63.5 55.9 50.6 52.9 160.4 57.6 80.7 204.0 38.0 82.8 75.7 46.6 56.6 72.3 71.6 57.6 93.7 78.1 36.1 42.5 48.4 51.8 42.7 29.5 28.9 35.8 50.6 52.1 52.4 63.3 67.8 65.8 70.5 82.4 95.2
-9999.0 -9999.0 -9999.0 -9999.0 -9999.0 -9999.0 -9999.0 -9999.0 -9999.0 -9999.0 -9999.0 -9999.0 -9999.0 -9999.0 -9999.0 -9999.0 -9999.0 -9999.0 -9999.0 -9999.0 -9999.0 -9999.0 -9999.0 26.1 20.7 21.2 19.7 15.9 10.9 10.7 9.0 9.2 11.6 13.1 17.7 22.6 32.6 33.0 47.2 57.1 55.1 69.7 44.9 34.3 49.9 174.3 83.9 76.2 93.2 99.2 57.4 85.7 72.1 86.3 77.8 51.9 82.0 101.3 66.8 94.3 70.1 76.2 67.2 42.5 38.9 34.9 34.6 38.3 32.2 45.2 56.5 69.8 73.6 81.0 76.5 85.5 108.1
-9999.0 -9999.0 -9999.0 -9999.0 -9999.0 -9999.0 -9999.0 -9999.0 -9999.0 -9999.0 -9999.0 -9999.0 -9999.0 -9999.0 -9999.0 -9999.0 -9999.0 -9999.0 -9999.0 -9999.0 -9999.0 -9999.0 -9999.0 -9999.0 -9999.0 43.2 28.8 17.5 13.8 15.4 10.3 11.8 13.8 15.7 18.9 30.4 55.7 41.9 65.6 54.8 81.5 49.5 37.4 40.6 115.3 183.9 150.4 252.8 83.1 106.9 117.5 111.4 141.8 146.6 97.6 89.4 110.7 96.9 120.5 112.5 105.4 97.8 104.7 49.3 48.8 49.1 43.6 29.8 29.2 41.8 60.5 74.3 68.0 92.8 101.2 98.7 107.8
-9999.0 -9999.0 -9999.0 -9999.0 -9999.0 -9999.0 -9999.0 -9999.0 -9999.0 -9999.0 -9999.0 -9999.0 -9999.0 -9999.0 -9999.0 -9999.0 -9999.0 -9999.0 -9999.0 -9999.0 -9999.0 -9999.0 -9999.0 -9999.0 -9999.0 -9999.0 -9999.0 53.2 53.7 25.2 21.5 21.0 21.1 25.6 26.7 38.9 35.8 40.8 31.3 49.0 70.1 32.4 49.7 107.0 138.3 186.2 234.9 265.1 286.4 190.9 266.7 258.0 162.2 148.9 138.3 154.2 108.4 102.0 138.0 110.9 95.2 107.8 76.9 66.2 53.5 52.8 58.7 50.4 41.8 47.7 62.8 84.8 68.7 96.1 95.7 99.5 117.3
-9999.0 -9999.0 -9999.0 -9999.0 -9999.0 -9999.0 -9999.0 -9999.0 -9999.0 -9999.0 -9999.0 -9999.0 -9999.0 -9999.0 -9999.0 -9999.0 -9999.0 -9999.0 -9999.0 -9999.0 -9999.0 -9999.0 -9999.0 -9999.0 -9999.0 -9999.0 -9999.0 -9999.0 -9999.0 -9999.0 -9999.0 -9999.0 -9999.0 42.8 33.9 -9999.0 -9999.0 -9999.0 42.1 43.2 40.1 51.6 52.8 122.1 165.9 192.6 -9999.0 -9999.0 -9999.0 -9999.0 -9999.0 -9999.0 204.8 209.3 131.7 112.0 117.5 94.8 107.7 100.2 109.3 112.7 98.4 85.3 73.7 67.5 64.3 59.2 56.8 58.8 64.3 87.5 100.8 89.2 108.6 95.7 104.5
-9999.0 -9999.0 -9999.0 -9999.0 -9999.0 -9999.0 -9999.0 -9999.0 -9999.0 -9999.0 -9999.0 -9999.0 -9999.0 -9999.0 -9999.0 -9999.0 -9999.0 -9999.0 -9999.0 -9999.0 -9999.0 -9999.0 -9999.0 -9999.0 -9999.0 -9999.0 -9999.0 -9999.0 -9999.0 -9999.0 -9999.0 -9999.0 -9999.0 -9999.0 -9999.0 -9999.0 -9999.0 -9999.0 -9999.0 84.3 90.3 102.3 118.2 136.4 -9999.0 -9999.0 -9999.0 -9999.0 -9999.0 -9999.0 -9999.0 -9999.0 226.4 249.3 173.6 127.2 116.5 102.5 94.6 100.5 112.1 116.1 108.8 106.7 87.6 77.8 73.8 82.6 77.9 75.1 85.7 94.7 86.7 106.9 88.3 89.6 83.7
-9999.0 -9999.0 -9999.0 -9999.0 -9999.0 -9999.0 -9999.0 -9999.0 -9999.0 -9999.0 -9999.0 -9999.0 -9999.0 -9999.0 -9999.0 -9999.0 -9999.0 -9999.0 -9999.0 -9999.0 -9999.0 -9999.0 -9999.0 -9999.0 -9999.0 -9999.0 -9999.0 -9999.0 -9999.0 -9999.0 -9999.0 -9999.0 -9999.0 -9999.0 -9999.0 -9999.0 -9999.0 -9999.0 -9999.0 -9999.0 -9999.0 -9999.0 -9999.0 -9999.0 -9999.0 -9999.0 -9999.0 -9999.0 -9999.0 -9999.0 -9999.0 -9999.0 260.3 283.4 201.2 211.6 157.6 131.1 112.3 114.1 114.7 124.0 160.6 125.4 114.7 109.6 111.3 105.7 98.8 93.4 98.8 105.0 123.7 107.4 101.8 83.2 80.4
-9999.0 -9999.0 -9999.0 -9999.0 -9999.0 -9999.0 -9999.0 -9999.0 -9999.0 -9999.0 -9999.0 -9999.0 -9999.0 -9999.0 -9999.0 -9999.0 -9999.0 -9999.0 -9999.0 -9999.0 -9999.0 -9999.0 -9999.0 -9999.0 -9999.0 -9999.0 -9999.0 -9999.0 -9999.0 -9999.0 -9999.0 -9999.0 -9999.0 -9999.0 -9999.0 -9999.0 -9999.0 -9999.0 -9999.0 -9999.0 -9999.0 -9999.0 -9999.0 -9999.0 -9999.0 -9999.0 -9999.0 -9999.0 -9999.0 -9999.0 -9999.0 238.6 268.4 294.5 227.9 222.3 205.0 193.0 148.7 101.5 160.2 151.5 139.9 141.2 134.1 121.8 120.1 116.4 108.1 108.7 113.8 112.1 94.8 84.9 91.1 84.8 85.0
-9999.0 -9999.0 -9999.0 -9999.0 -9999.0 -9999.0 -9999.0 -9999.0 -9999.0 -9999.0 -9999.0 -9999.0 -9999.0 -9999.0 -9999.0 -9999.0 -9999.0 -9999.0 -9999.0 -9999.0 -9999.0 -9999.0 -9999.0 -9999.0 -9999.0 -9999.0 -9999.0 -9999.0 -9999.0 -9999.0 -9999.0 -9999.0 -9999.0 -9999.0 -9999.0 -9999.0 -9999.0 -9999.0 -9999.0 -9999.0 -9999.0 -9999.0 -9999.0 -9999.0 -9999.0 -9999.0 -9999.0 -9999.0 -9999.0 -9999.0 213.1 254.6 291.5 310.7 259.6 267.8 239.0 201.7 178.1 185.7 154.6 180.2 149.0 147.2 138.6 123.9 102.6 101.7 97.5 100.0 109.6 96.1 94.5 105.6 100.4 88.5 73.9
-9999.0 -9999.0 -9999.0 -9999.0 -9999.0 -9999.0 -9999.0 -9999.0 -9999.0 -9999.0 -9999.0 -9999.0 -9999.0 -9999.0 -9999.0 -9999.0 -9999.0 -9999.0 -9999.0 -9999.0 -9999.0 -9999.0 -9999.0 -9999.0 -9999.0 -9999.0 -9999.0 -9999.0 -9999.0 -9999.0 -9999.0 -9999.0 -9999.0 -9999.0 -9999.0 -9999.0 -9999.0 -9999.0 -9999.0 -9999.0 -9999.0 -9999.0 -9999.0 -9999.0 -9999.0 -9999.0 -9999.0 -9999.0 -9999.0 -9999.0 209.4 307.8 232.4 301.0 308.6 270.2 206.6 256.4 232.1 184.3 153.7 155.5 138.6 141.0 132.7 119.1 96.7 89.9 87.3 93.3 106.7 110.8 107.0 97.9 79.1 63.6 59.8
-9999.0 -9999.0 -9999.0 -9999.0 -9999.0 -9999.0 -9999.0 -9999.0 -9999.0 -9999.0 -9999.0 -9999.0 -9999.0 -9999.0 -9999.0 -9999.0 -9999.0 -9999.0 -9999.0 -9999.0 -9999.0 -9999.0 -9999.0 -9999.0 -9999.0 -9999.0 -9999.0 -9999.0 -9999.0 -9999.0 -9999.0 -9999.0 -9999.0 -9999.0 -9999.0 -9999.0 -9999.0 -9999.0 -9999.0 -9999.0 -9999.0 -9999.0 -9999.0 -9999.0 -9999.0 -9999.0 -9999.0 -9999.0 -9999.0 -9999.0 225.9 246.4 251.1 384.8 267.6 232.5 302.6 228.2 237.8 159.9 169.8 162.2 138.2 125.2 120.0 100.6 86.9 81.3 84.1 105.1 118.7 131.8 93.9 83.8 51.2 48.2 51.9
-9999.0 -9999.0 -9999.0 -9999.0 -9999.0 -9999.0 -9999.0 -9999.0 -9999.0 -9999.0 -9999.0 -9999.0 -9999.0 -9999.0 -9999.0 -9999.0 -9999.0 -9999.0 -9999.0 -9999.0 -9999.0 -9999.0 -9999.0 -9999.0 -9999.0 -9999.0 -9999.0 -9999.0 -9999.0 -9999.0 -9999.0 -9999.0 -9999.0 -9999.0 -9999.0 -9999.0 -9999.0 -9999.0 -9999.0 -9999.0 -9999.0 -9999.0 -9999.0 -9999.0 -9999.0 -9999.0 -9999.0 -9999.0 -9999.0 -9999.0 281.6 351.0 335.4 357.3 320.6 309.7 187.3 199.6 190.7 144.8 172.5 148.1 115.9 115.3 108.4 90.6 79.8 79.8 94.0 88.4 117.1 106.3 80.9 58.4 33.9 43.9 55.5
-9999.0 -9999.0 -9999.0 -9999.0 -9999.0 -9999.0 -9999.0 -9999.0 -9999.0 -9999.0 -9999.0 -9999.0 -9999.0 -9999.0 -9999.0 -9999.0 -9999.0 -9999.0 -9999.0 -9999.0 -9999.0 -9999.0 -9999.0 -9999.0 -9999.0 -9999.0 -9999.0 -9999.0 -9999.0 -9999.0 -9999.0 -9999.0 -9999.0 -9999.0 -9999.0 -9999.0 -9999.0 -9999.0 -9999.0 -9999.0 -9999.0 -9999.0 -9999.0 -9999.0 -9999.0 -9999.0 -9999.0 -9999.0 -9999.0 -9999.0 -9999.0 -9999.0 -9999.0 356.1 305.9 240.7 197.9 182.8 138.4 132.6 250.8 136.0 159.4 123.9 103.3 85.4 82.9 76.8 93.4 105.6 103.8 81.6 53.1 37.7 36.3 41.1 52.7
-9999.0 -9999.0 -9999.0 -9999.0 -9999.0 -9999.0 -9999.0 -9999.0 -9999.0 -9999.0 -9999.0 -9999.0 -9999.0 -9999.0 -9999.0 -9999.0 -9999.0 -9999.0 -9999.0 -9999.0 -9999.0 -9999.0 -9999.0 -9999.0 -9999.0 -9999.0 -9999.0 -9999.0 -9999.0 -9999.0 -9999.0 -9999.0 -9999.0 -9999.0 -9999.0 -9999.0 -9999.0 -9999.0 -9999.0 -9999.0 -9999.0 -9999.0 -9999.0 -9999.0 -9999.0 -9999.0 -9999.0 -9999.0 -9999.0 -9999.0 -9999.0 -9999.0 -9999.0 354.9 282.8 321.5 170.7 132.5 127.5 190.7 159.3 150.2 194.8 138.0 110.2 85.9 63.1 82.1 68.9 80.5 82.1 70.4 52.7 44.3 46.2 49.9 36.4
-9999.0 -9999.0 -9999.0 -9999.0 -9999.0 -9999.0 -9999.0 -9999.0 -9999.0 -9999.0 -9999.0 -9999.0 -9999.0 -9999.0 -9999.0 -9999.0 -9999.0 -9999.0 -9999.0 -9999.0 -9999.0 -9999.0 -9999.0 -9999.0 -9999.0 -9999.0 -9999.0 -9999.0 -9999.0 -9999.0 -9999.0 -9999.0 -9999.0 -9999.0 -9999.0 -9999.0 -9999.0 -9999.0 -9999.0 -9999.0 -9999.0 -9999.0 -9999.0 -9999.0 -9999.0 -9999.0 -9999.0 -9999.0 -9999.0 -9999.0 -9999.0 -9999.0 -9999.0 330.1 225.3 217.5 150.6 113.7 116.3 128.4 178.1 187.1 218.6 186.1 98.1 -9999.0 -9999.0 -9999.0 65.0 60.6 82.0 97.9 85.0 66.1 61.2 64.2 39.2
-9999.0 -9999.0 -9999.0 -9999.0 -9999.0 -9999.0 -9999.0 -9999.0 -9999.0 -9999.0 -9999.0 -9999.0 -9999.0 -9999.0 -9999.0 -9999.0 -9999.0 -9999.0 -9999.0 -9999.0 -9999.0 -9999.0 -9999.0 -9999.0 -9999.0 -9999.0 -9999.0 -9999.0 -9999.0 -9999.0 -9999.0 -9999.0 -9999.0 -9999.0 -9999.0 -9999.0 -9999.0 -9999.0 -9999.0 -9999.0 -9999.0 -9999.0 -9999.0 -9999.0 -9999.0 -9999.0 -9999.0 -9999.0 -9999.0 -9999.0 -9999.0 -9999.0 -9999.0 -9999.0 233.7 172.7 108.5 93.8 115.0 155.8 128.8 -9999.0 -9999.0 -9999.0 -9999.0 -9999.0 -9999.0 -9999.0 41.5 66.6 119.8 125.3 111.6 87.9 71.5 67.7 71.9
-9999.0 -9999.0 -9999.0 -9999.0 -9999.0 -9999.0 -9999.0 -9999.0 -9999.0 -9999.0 -9999.0 -9999.0 -9999.0 -9999.0 -9999.0 -9999.0 -9999.0 -9999.0 -9999.0 -9999.0 -9999.0 -9999.0 -9999.0 -9999.0 -9999.0 -9999.0 -9999.0 -9999.0 -9999.0 -9999.0 -9999.0 -9999.0 -9999.0 -9999.0 -9999.0 -9999.0 -9999.0 -9999.0 -9999.0 -9999.0 -9999.0 -9999.0 -9999.0 -9999.0 -9999.0 -9999.0 -9999.0 -9999.0 -9999.0 -9999.0 -9999.0 -9999.0 -9999.0 -9999.0 -9999.0 142.5 167.0 100.2 94.7 121.7 126.5 -9999.0 -9999.0 -9999.0 -9999.0 -9999.0 -9999.0 -9999.0 -9999.0 -9999.0 94.4 -9999.0 -9999.0 -9999.0 -9999.0 -9999.0 105.6
-9999.0 -9999.0 -9999.0 -9999.0 -9999.0 -9999.0 -9999.0 -9999.0 -9999.0 -9999.0 -9999.0 -9999.0 -9999.0 -9999.0 -9999.0 -9999.0 -9999.0 -9999.0 -9999.0 -9999.0 -9999.0 -9999.0 -9999.0 -9999.0 -9999.0 -9999.0 -9999.0 -9999.0 -9999.0 -9999.0 -9999.0 -9999.0 -9999.0 -9999.0 -9999.0 -9999.0 -9999.0 -9999.0 -9999.0 -9999.0 -9999.0 -9999.0 -9999.0 -9999.0 -9999.0 -9999.0 -9999.0 -9999.0 -9999.0 -9999.0 -9999.0 -9999.0 -9999.0 -9999.0 -9999.0 -9999.0 -9999.0 -9999.0 100.8 92.3 -9999.0 -9999.0 -9999.0 -9999.0 -9999.0 -9999.0 -9999.0 -9999.0 -9999.0 -9999.0 -9999.0 -9999.0 -9999.0 -9999.0 -9999.0 75.5 88.7
-9999.0 -9999.0 -9999.0 -9999.0 -9999.0 -9999.0 -9999.0 -9999.0 -9999.0 -9999.0 -9999.0 -9999.0 -9999.0 -9999.0 -9999.0 -9999.0 -9999.0 -9999.0 -9999.0 -9999.0 -9999.0 -9999.0 -9999.0 -9999.0 -9999.0 -9999.0 -9999.0 -9999.0 -9999.0 -9999.0 -9999.0 -9999.0 -9999.0 -9999.0 -9999.0 -9999.0 -9999.0 -9999.0 -9999.0 -9999.0 -9999.0 -9999.0 -9999.0 -9999.0 -9999.0 -9999.0 -9999.0 -9999.0 -9999.0 -9999.0 -9999.0 -9999.0 -9999.0 -9999.0 -9999.0 -9999.0 -9999.0 -9999.0 -9999.0 -9999.0 -9999.0 -9999.0 -9999.0 -9999.0 -9999.0 -9999.0 -9999.0 -9999.0 -9999.0 -9999.0 -9999.0 -9999.0 -9999.0 -9999.0 -9999.0 -9999.0 -9999.0
