program/excelProcessViaJava/data/SURF_CLI_CHN_PRE_MON_GRID_0.5-201304.txt
NCOLS      128
NROWS       72
XLLCORNER    72.000000000000    
YLLCORNER    18.000000000000    
CELLSIZE    0.50000000000000    
NODATA_VALUE   -9999.000    
[rows 35 to 69 of 72, columns 0 to 76 of 128]
-9999.0 -9999.0 -9999.0 -9999.0 -9999.0 -9999.0 -9999.0 5.0 5.2 5.4 4.1 3.5 3.6 2.6 1.7 1.1 0.9 0.7 0.5 0.3 0.1 0.0 0.0 0.0 0.0 0.0 0.0 0.1 0.2 0.3 0.7 1.4 2.4 3.4 4.4 4.9 6.2 6.1 7.6 7.9 3.5 8.2 6.7 3.5 1.6 1.0 1.2 1.0 1.0 0.5 0.4 0.4 1.1 6.8 6.8 4.8 5.9 7.8 10.5 15.0 20.5 16.1 12.0 9.7 8.2 4.1 6.3 11.5 15.5 21.4 23.0 22.6 23.9 25.0 25.5 26.4 22.1
-9999.0 -9999.0 -9999.0 -9999.0 -9999.0 -9999.0 -9999.0 3.1 4.1 3.7 3.0 2.9 2.0 1.0 0.8 0.2 0.3 0.2 0.0 0.1 0.0 0.0 0.0 0.0 0.0 0.0 0.1 0.1 0.3 0.6 1.1 2.1 3.3 4.6 5.8 6.9 7.5 8.8 9.1 8.8 9.0 8.7 9.0 12.4 6.5 3.9 4.9 5.1 7.8 5.3 9.4 7.1 2.8 4.8 8.7 4.5 4.5 5.9 10.0 15.9 22.5 28.3 23.6 23.1 17.2 14.8 18.1 24.6 33.9 29.5 30.0 29.1 30.1 30.8 27.6 30.4 28.3
-9999.0 -9999.0 -9999.0 -9999.0 -9999.0 -9999.0 -9999.0 -9999.0 -9999.0 2.8 2.4 2.0 1.1 0.7 0.5 0.3 0.2 0.0 0.0 0.0 0.0 0.0 0.0 0.0 0.0 0.1 0.1 0.2 0.4 0.7 2.0 3.0 4.4 6.0 7.4 8.7 9.6 10.8 10.8 11.5 10.8 11.6 11.1 10.3 12.3 12.7 13.4 13.7 14.2 13.6 13.7 10.3 7.8 7.1 11.1 6.8 4.8 6.1 12.5 18.4 26.9 36.1 43.9 35.3 32.6 26.7 28.7 33.5 43.1 34.1 32.7 28.0 29.6 32.1 32.8 24.0 21.7
-9999.0 -9999.0 -9999.0 -9999.0 -9999.0 -9999.0 -9999.0 -9999.0 -9999.0 -9999.0 -9999.0 1.1 1.1 0.4 0.3 0.2 0.1 0.1 0.0 0.0 0.0 0.0 0.0 0.0 0.0 0.1 0.1 0.2 0.5 1.3 2.4 3.5 5.7 7.5 9.3 11.3 12.2 13.1 16.1 13.9 15.0 13.7 12.9 13.2 18.5 17.2 23.3 22.5 24.8 23.8 19.2 16.0 13.6 14.0 16.1 14.9 12.7 15.3 18.5 25.0 33.7 43.7 54.3 56.8 53.8 34.0 32.7 36.7 38.6 36.0 30.3 28.5 25.9 26.8 24.8 20.7 19.3
-9999.0 -9999.0 -9999.0 -9999.0 -9999.0 -9999.0 -9999.0 -9999.0 -9999.0 -9999.0 -9999.0 -9999.0 0.8 0.5 0.2 0.2 0.0 0.0 0.0 0.0 0.0 0.0 0.0 0.0 0.0 0.1 0.2 0.3 0.7 1.2 2.8 4.7 6.7 8.6 10.8 12.8 15.2 15.5 15.2 14.4 13.9 13.8 14.4 17.2 19.5 23.5 28.2 28.2 31.6 32.7 32.1 26.6 20.7 18.1 19.3 21.2 23.1 26.5 27.9 36.0 42.2 48.5 57.2 67.7 60.8 64.5 44.2 43.3 40.3 37.9 27.4 20.5 16.9 21.2 28.4 41.8 32.9
-9999.0 -9999.0 -9999.0 -9999.0 -9999.0 -9999.0 -9999.0 -9999.0 -9999.0 -9999.0 -9999.0 -9999.0 0.4 0.5 0.3 0.1 0.1 0.1 0.0 0.0 0.0 0.0 0.0 0.0 0.1 0.1 0.3 0.6 1.1 2.3 3.4 4.8 7.4 9.7 11.9 14.0 16.1 17.5 17.4 16.3 14.5 13.9 16.9 16.6 21.9 27.8 30.0 32.8 33.5 37.9 35.4 30.2 24.3 22.9 22.9 24.9 27.2 31.9 39.6 45.9 49.3 54.6 60.5 68.2 66.7 68.5 42.7 40.3 36.7 38.7 47.9 59.4 60.9 49.5 47.2 43.7 43.7
-9999.0 -9999.0 -9999.0 -9999.0 -9999.0 -9999.0 -9999.0 -9999.0 -9999.0 -9999.0 -9999.0 -9999.0 -9999.0 0.4 0.2 0.3 0.1 0.1 0.1 0.1 0.0 0.1 0.0 0.1 0.1 0.1 0.2 0.3 0.9 2.1 4.1 6.2 7.6 9.8 12.4 14.2 16.0 17.5 19.9 17.9 16.0 15.8 15.6 19.4 21.2 25.2 31.0 34.9 36.7 36.8 34.3 29.0 25.3 24.7 24.2 25.1 27.4 32.3 37.2 45.8 47.1 51.6 59.8 76.0 54.8 62.8 63.8 57.9 59.1 60.0 58.8 63.5 69.2 66.6 63.9 58.9 57.2
-9999.0 -9999.0 -9999.0 -9999.0 -9999.0 -9999.0 -9999.0 -9999.0 -9999.0 -9999.0 -9999.0 -9999.0 0.7 0.3 0.3 0.3 0.1 0.1 0.1 0.2 0.1 0.1 0.1 0.2 0.3 0.2 0.3 0.8 1.5 2.4 4.2 6.8 7.6 10.2 11.7 13.5 15.3 16.4 16.6 15.9 17.2 18.4 19.8 15.6 19.8 24.2 27.2 27.5 28.4 28.6 28.6 26.8 24.3 23.8 24.4 24.1 24.9 31.8 36.7 43.2 43.0 46.3 57.9 70.0 81.2 72.7 57.8 72.1 80.5 83.2 86.0 87.7 80.8 70.4 72.8 68.2 62.0
-9999.0 -9999.0 -9999.0 -9999.0 -9999.0 -9999.0 -9999.0 -9999.0 -9999.0 -9999.0 -9999.0 -9999.0 0.9 0.9 0.5 0.2 0.2 0.3 0.3 0.2 0.3 0.2 0.3 0.3 0.5 0.8 1.0 1.4 2.0 3.3 5.0 6.6 7.5 10.2 11.1 11.8 13.1 14.7 15.2 13.8 12.9 11.9 12.2 14.1 17.3 21.2 25.0 24.5 22.7 19.2 20.9 22.5 24.4 27.4 27.1 26.9 24.0 27.0 33.6 37.5 41.5 47.8 58.4 68.6 71.8 47.6 64.4 67.3 77.2 82.0 83.0 80.5 77.7 82.9 78.4 68.4 58.5
-9999.0 -9999.0 -9999.0 -9999.0 -9999.0 -9999.0 -9999.0 -9999.0 -9999.0 -9999.0 -9999.0 -9999.0 1.9 1.2 1.2 0.8 0.7 0.3 0.4 0.4 0.2 0.2 0.5 0.4 0.7 0.5 0.9 0.7 2.2 3.1 4.5 5.1 8.1 9.7 10.0 9.9 10.9 12.5 13.6 13.9 13.3 12.9 15.6 13.2 16.7 21.5 23.0 19.8 15.5 15.2 17.3 21.4 23.6 25.0 26.3 31.0 26.6 28.1 32.7 37.6 43.0 50.5 63.2 65.3 44.1 27.7 35.2 47.3 56.9 54.9 55.4 72.1 72.0 78.7 93.6 69.1 75.0
-9999.0 -9999.0 -9999.0 -9999.0 -9999.0 -9999.0 -9999.0 -9999.0 -9999.0 -9999.0 -9999.0 -9999.0 -9999.0 2.0 1.6 1.8 1.5 1.5 1.0 0.9 0.5 1.1 0.9 0.8 1.8 1.6 1.8 2.1 1.7 3.2 2.9 4.7 6.3 8.3 8.3 8.4 9.5 11.5 13.7 15.4 16.5 19.4 21.6 20.7 19.1 20.3 21.5 17.9 17.5 15.7 16.6 20.3 24.2 31.4 28.9 29.4 29.5 30.5 36.2 44.7 51.9 65.0 70.4 55.0 27.5 22.3 24.8 33.3 38.6 44.1 44.2 46.6 64.9 46.9 61.0 52.5 55.0
-9999.0 -9999.0 -9999.0 -9999.0 -9999.0 -9999.0 -9999.0 -9999.0 -9999.0 -9999.0 -9999.0 -9999.0 -9999.0 4.9 3.6 3.9 2.8 3.8 3.7 3.3 2.1 2.2 2.1 2.6 4.9 3.4 2.6 3.0 2.2 1.0 1.7 2.8 4.8 6.2 6.8 7.8 9.1 11.8 15.2 20.1 21.8 24.1 25.7 26.2 29.8 25.5 24.2 21.6 18.7 17.2 18.7 22.9 26.1 29.6 31.6 32.6 31.8 35.0 43.5 49.6 64.0 68.0 68.5 53.2 38.1 29.4 28.8 34.9 43.8 45.6 48.7 55.0 56.7 62.1 62.7 67.2 79.6
-9999.0 -9999.0 -9999.0 -9999.0 -9999.0 -9999.0 -9999.0 -9999.0 -9999.0 -9999.0 -9999.0 -9999.0 -9999.0 -9999.0 -9999.0 7.5 7.8 7.2 8.1 9.4 6.7 8.5 9.0 7.9 6.3 5.5 2.4 2.3 1.1 1.3 1.1 1.7 2.7 4.2 5.8 8.3 11.4 12.8 17.5 22.6 27.2 30.9 32.6 32.8 32.8 34.8 30.1 32.7 24.8 28.9 22.5 26.8 29.4 32.9 26.7 32.7 34.4 35.0 51.3 64.6 74.7 81.1 89.5 74.2 60.1 49.1 43.5 49.0 63.8 80.3 85.8 82.8 104.2 97.5 77.6 91.4 89.7
-9999.0 -9999.0 -9999.0 -9999.0 -9999.0 -9999.0 -9999.0 -9999.0 -9999.0 -9999.0 -9999.0 -9999.0 -9999.0 -9999.0 -9999.0 -9999.0 -9999.0 21.1 22.7 -9999.0 24.5 16.3 21.2 20.1 12.7 10.9 4.9 3.7 2.7 1.0 0.7 1.0 2.0 3.2 5.0 7.0 12.9 12.3 18.2 24.1 29.9 36.4 37.6 38.4 51.6 46.3 89.1 37.6 39.7 32.3 46.5 31.8 38.4 36.0 33.6 31.3 28.6 41.3 56.0 75.3 66.7 82.9 93.5 90.5 82.0 72.2 66.7 73.4 98.0 124.4 125.4 146.1 144.6 122.9 113.4 110.8 100.7
-9999.0 -9999.0 -9999.0 -9999.0 -9999.0 -9999.0 -9999.0 -9999.0 -9999.0 -9999.0 -9999.0 -9999.0 -9999.0 -9999.0 -9999.0 -9999.0 -9999.0 -9999.0 -9999.0 -9999.0 -9999.0 36.2 31.0 21.6 23.9 28.4 19.9 11.5 4.6 2.3 0.7 1.3 1.4 2.5 4.1 6.9 9.3 11.6 13.1 15.9 22.7 39.7 44.4 45.2 59.4 51.4 131.6 65.2 49.1 63.2 46.3 44.6 43.3 36.5 29.7 28.5 29.3 34.7 57.3 84.5 54.8 65.3 83.2 92.5 96.3 92.6 96.4 109.7 136.4 159.1 171.4 168.5 162.7 142.8 125.8 116.2 111.8
-9999.0 -9999.0 -9999.0 -9999.0 -9999.0 -9999.0 -9999.0 -9999.0 -9999.0 -9999.0 -9999.0 -9999.0 -9999.0 -9999.0 -9999.0 -9999.0 -9999.0 -9999.0 -9999.0 -9999.0 -9999.0 -9999.0 -9999.0 75.6 50.0 44.7 34.3 19.9 7.3 3.7 1.2 0.9 2.6 3.2 6.6 9.6 15.4 13.1 22.7 30.6 34.3 46.1 42.5 46.4 68.3 132.9 103.7 103.0 128.4 139.0 90.3 60.4 65.1 45.5 26.7 13.4 20.7 36.0 54.6 84.4 64.5 76.0 81.0 77.8 87.7 99.6 115.3 132.9 131.0 156.3 157.4 164.3 164.2 162.5 144.7 140.3 142.2
-9999.0 -9999.0 -9999.0 -9999.0 -9999.0 -9999.0 -9999.0 -9999.0 -9999.0 -9999.0 -9999.0 -9999.0 -9999.0 -9999.0 -9999.0 -9999.0 -9999.0 -9999.0 -9999.0 -9999.0 -9999.0 -9999.0 -9999.0 -9999.0 -9999.0 93.6 69.8 21.5 13.9 9.2 3.9 2.5 2.8 4.6 6.2 14.2 27.9 18.2 32.1 27.8 47.6 40.0 45.1 58.7 102.3 135.2 156.4 193.9 109.6 157.2 89.7 92.7 71.2 54.2 32.3 14.8 16.7 24.4 49.9 78.8 98.9 91.9 129.5 69.8 79.0 90.6 97.1 93.0 102.0 117.1 128.5 140.0 151.8 165.4 167.3 173.5 185.7
-9999.0 -9999.0 -9999.0 -9999.0 -9999.0 -9999.0 -9999.0 -9999.0 -9999.0 -9999.0 -9999.0 -9999.0 -9999.0 -9999.0 -9999.0 -9999.0 -9999.0 -9999.0 -9999.0 -9999.0 -9999.0 -9999.0 -9999.0 -9999.0 -9999.0 -9999.0 -9999.0 76.4 61.2 31.0 16.3 10.0 9.3 7.5 10.8 7.8 13.5 15.5 11.3 24.7 43.3 32.9 49.5 75.3 100.8 127.0 150.6 180.2 211.8 232.8 262.4 250.8 117.4 87.7 41.8 19.3 11.9 17.4 43.0 62.0 45.2 89.1 54.3 62.5 82.1 76.3 73.7 74.3 78.0 91.0 107.3 129.7 145.1 163.5 182.2 201.6 174.4
-9999.0 -9999.0 -9999.0 -9999.0 -9999.0 -9999.0 -9999.0 -9999.0 -9999.0 -9999.0 -9999.0 -9999.0 -9999.0 -9999.0 -9999.0 -9999.0 -9999.0 -9999.0 -9999.0 -9999.0 -9999.0 -9999.0 -9999.0 -9999.0 -9999.0 -9999.0 -9999.0 -9999.0 -9999.0 -9999.0 -9999.0 -9999.0 -9999.0 13.5 13.7 -9999.0 -9999.0 -9999.0 12.3 21.8 24.7 35.0 50.9 64.6 79.7 104.9 -9999.0 -9999.0 -9999.0 -9999.0 -9999.0 -9999.0 187.7 84.4 68.5 26.4 11.0 10.1 23.9 31.7 46.1 68.0 51.6 54.7 58.0 63.0 63.4 63.0 65.0 77.3 99.2 125.7 143.0 158.0 164.8 197.2 148.1
-9999.0 -9999.0 -9999.0 -9999.0 -9999.0 -9999.0 -9999.0 -9999.0 -9999.0 -9999.0 -9999.0 -9999.0 -9999.0 -9999.0 -9999.0 -9999.0 -9999.0 -9999.0 -9999.0 -9999.0 -9999.0 -9999.0 -9999.0 -9999.0 -9999.0 -9999.0 -9999.0 -9999.0 -9999.0 -9999.0 -9999.0 -9999.0 -9999.0 -9999.0 -9999.0 -9999.0 -9999.0 -9999.0 -9999.0 9.1 14.2 21.1 30.9 44.7 -9999.0 -9999.0 -9999.0 -9999.0 -9999.0 -9999.0 -9999.0 -9999.0 179.3 95.1 58.9 25.6 8.6 6.2 8.8 15.2 23.8 37.8 45.2 39.2 51.8 59.7 64.3 50.1 50.9 72.7 99.3 123.3 136.6 140.0 169.8 169.1 151.8
-9999.0 -9999.0 -9999.0 -9999.0 -9999.0 -9999.0 -9999.0 -9999.0 -9999.0 -9999.0 -9999.0 -9999.0 -9999.0 -9999.0 -9999.0 -9999.0 -9999.0 -9999.0 -9999.0 -9999.0 -9999.0 -9999.0 -9999.0 -9999.0 -9999.0 -9999.0 -9999.0 -9999.0 -9999.0 -9999.0 -9999.0 -9999.0 -9999.0 -9999.0 -9999.0 -9999.0 -9999.0 -9999.0 -9999.0 -9999.0 -9999.0 -9999.0 -9999.0 -9999.0 -9999.0 -9999.0 -9999.0 -9999.0 -9999.0 -9999.0 -9999.0 -9999.0 117.6 105.0 59.3 32.2 10.2 7.2 8.3 12.3 13.5 18.5 69.7 30.9 44.0 52.2 52.3 44.3 43.8 61.1 90.5 118.7 136.4 133.6 140.2 193.7 165.3
-9999.0 -9999.0 -9999.0 -9999.0 -9999.0 -9999.0 -9999.0 -9999.0 -9999.0 -9999.0 -9999.0 -9999.0 -9999.0 -9999.0 -9999.0 -9999.0 -9999.0 -9999.0 -9999.0 -9999.0 -9999.0 -9999.0 -9999.0 -9999.0 -9999.0 -9999.0 -9999.0 -9999.0 -9999.0 -9999.0 -9999.0 -9999.0 -9999.0 -9999.0 -9999.0 -9999.0 -9999.0 -9999.0 -9999.0 -9999.0 -9999.0 -9999.0 -9999.0 -9999.0 -9999.0 -9999.0 -9999.0 -9999.0 -9999.0 -9999.0 -9999.0 110.9 117.1 104.9 36.7 24.5 13.4 13.4 11.7 6.2 20.5 21.9 17.0 27.0 40.4 56.6 59.1 53.4 49.0 66.6 94.4 118.6 130.1 150.2 176.0 238.7 204.6
-9999.0 -9999.0 -9999.0 -9999.0 -9999.0 -9999.0 -9999.0 -9999.0 -9999.0 -9999.0 -9999.0 -9999.0 -9999.0 -9999.0 -9999.0 -9999.0 -9999.0 -9999.0 -9999.0 -9999.0 -9999.0 -9999.0 -9999.0 -9999.0 -9999.0 -9999.0 -9999.0 -9999.0 -9999.0 -9999.0 -9999.0 -9999.0 -9999.0 -9999.0 -9999.0 -9999.0 -9999.0 -9999.0 -9999.0 -9999.0 -9999.0 -9999.0 -9999.0 -9999.0 -9999.0 -9999.0 -9999.0 -9999.0 -9999.0 -9999.0 42.7 117.0 113.7 92.4 41.3 28.9 14.4 9.4 11.2 15.9 12.3 24.5 20.7 31.4 42.9 58.6 67.8 63.3 69.7 86.5 106.9 110.7 116.6 134.1 162.0 194.2 314.9
-9999.0 -9999.0 -9999.0 -9999.0 -9999.0 -9999.0 -9999.0 -9999.0 -9999.0 -9999.0 -9999.0 -9999.0 -9999.0 -9999.0 -9999.0 -9999.0 -9999.0 -9999.0 -9999.0 -9999.0 -9999.0 -9999.0 -9999.0 -9999.0 -9999.0 -9999.0 -9999.0 -9999.0 -9999.0 -9999.0 -9999.0 -9999.0 -9999.0 -9999.0 -9999.0 -9999.0 -9999.0 -9999.0 -9999.0 -9999.0 -9999.0 -9999.0 -9999.0 -9999.0 -9999.0 -9999.0 -9999.0 -9999.0 -9999.0 -9999.0 21.6 126.1 54.9 77.2 57.8 29.5 6.8 16.8 15.0 10.4 10.8 18.8 23.4 34.9 45.9 52.3 57.8 61.8 73.1 80.4 93.5 95.4 94.5 107.6 143.1 195.1 212.1
-9999.0 -9999.0 -9999.0 -9999.0 -9999.0 -9999.0 -9999.0 -9999.0 -9999.0 -9999.0 -9999.0 -9999.0 -9999.0 -9999.0 -9999.0 -9999.0 -9999.0 -9999.0 -9999.0 -9999.0 -9999.0 -9999.0 -9999.0 -9999.0 -9999.0 -9999.0 -9999.0 -9999.0 -9999.0 -9999.0 -9999.0 -9999.0 -9999.0 -9999.0 -9999.0 -9999.0 -9999.0 -9999.0 -9999.0 -9999.0 -9999.0 -9999.0 -9999.0 -9999.0 -9999.0 -9999.0 -9999.0 -9999.0 -9999.0 -9999.0 4.4 34.8 25.2 101.6 43.3 25.6 35.1 13.4 15.1 6.7 14.6 25.0 30.9 37.2 44.9 39.5 40.1 46.1 51.7 74.1 68.3 97.7 68.3 89.0 106.3 145.0 174.8
-9999.0 -9999.0 -9999.0 -9999.0 -9999.0 -9999.0 -9999.0 -9999.0 -9999.0 -9999.0 -9999.0 -9999.0 -9999.0 -9999.0 -9999.0 -9999.0 -9999.0 -9999.0 -9999.0 -9999.0 -9999.0 -9999.0 -9999.0 -9999.0 -9999.0 -9999.0 -9999.0 -9999.0 -9999.0 -9999.0 -9999.0 -9999.0 -9999.0 -9999.0 -9999.0 -9999.0 -9999.0 -9999.0 -9999.0 -9999.0 -9999.0 -9999.0 -9999.0 -9999.0 -9999.0 -9999.0 -9999.0 -9999.0 -9999.0 -9999.0 22.5 67.3 52.1 71.1 58.6 53.7 11.2 16.1 14.0 14.2 21.8 28.7 36.1 39.6 41.8 32.9 30.4 35.5 51.6 40.9 60.7 65.1 70.7 86.1 100.1 143.3 178.5
-9999.0 -9999.0 -9999.0 -9999.0 -9999.0 -9999.0 -9999.0 -9999.0 -9999.0 -9999.0 -9999.0 -9999.0 -9999.0 -9999.0 -9999.0 -9999.0 -9999.0 -9999.0 -9999.0 -9999.0 -9999.0 -9999.0 -9999.0 -9999.0 -9999.0 -9999.0 -9999.0 -9999.0 -9999.0 -9999.0 -9999.0 -9999.0 -9999.0 -9999.0 -9999.0 -9999.0 -9999.0 -9999.0 -9999.0 -9999.0 -9999.0 -9999.0 -9999.0 -9999.0 -9999.0 -9999.0 -9999.0 -9999.0 -9999.0 -9999.0 -9999.0 -9999.0 -9999.0 32.6 30.3 27.4 27.2 29.4 22.8 37.8 43.1 71.9 50.5 55.9 44.8 32.3 32.6 34.1 48.4 65.5 78.5 82.0 86.3 104.1 138.3 178.4 214.7
-9999.0 -9999.0 -9999.0 -9999.0 -9999.0 -9999.0 -9999.0 -9999.0 -9999.0 -9999.0 -9999.0 -9999.0 -9999.0 -9999.0 -9999.0 -9999.0 -9999.0 -9999.0 -9999.0 -9999.0 -9999.0 -9999.0 -9999.0 -9999.0 -9999.0 -9999.0 -9999.0 -9999.0 -9999.0 -9999.0 -9999.0 -9999.0 -9999.0 -9999.0 -9999.0 -9999.0 -9999.0 -9999.0 -9999.0 -9999.0 -9999.0 -9999.0 -9999.0 -9999.0 -9999.0 -9999.0 -9999.0 -9999.0 -9999.0 -9999.0 -9999.0 -9999.0 -9999.0 18.4 13.1 68.0 33.2 35.5 56.8 75.2 100.3 124.7 98.0 107.2 75.0 51.2 47.8 49.0 59.5 83.4 105.7 118.2 134.4 162.2 201.5 255.8 271.4
-9999.0 -9999.0 -9999.0 -9999.0 -9999.0 -9999.0 -9999.0 -9999.0 -9999.0 -9999.0 -9999.0 -9999.0 -9999.0 -9999.0 -9999.0 -9999.0 -9999.0 -9999.0 -9999.0 -9999.0 -9999.0 -9999.0 -9999.0 -9999.0 -9999.0 -9999.0 -9999.0 -9999.0 -9999.0 -9999.0 -9999.0 -9999.0 -9999.0 -9999.0 -9999.0 -9999.0 -9999.0 -9999.0 -9999.0 -9999.0 -9999.0 -9999.0 -9999.0 -9999.0 -9999.0 -9999.0 -9999.0 -9999.0 -9999.0 -9999.0 -9999.0 -9999.0 -9999.0 11.9 1.9 40.8 55.7 66.4 94.1 119.0 146.1 165.5 152.0 131.1 110.0 -9999.0 -9999.0 -9999.0 82.6 100.5 130.4 162.9 192.0 218.0 246.4 292.5 289.6
-9999.0 -9999.0 -9999.0 -9999.0 -9999.0 -9999.0 -9999.0 -9999.0 -9999.0 -9999.0 -9999.0 -9999.0 -9999.0 -9999.0 -9999.0 -9999.0 -9999.0 -9999.0 -9999.0 -9999.0 -9999.0 -9999.0 -9999.0 -9999.0 -9999.0 -9999.0 -9999.0 -9999.0 -9999.0 -9999.0 -9999.0 -9999.0 -9999.0 -9999.0 -9999.0 -9999.0 -9999.0 -9999.0 -9999.0 -9999.0 -9999.0 -9999.0 -9999.0 -9999.0 -9999.0 -9999.0 -9999.0 -9999.0 -9999.0 -9999.0 -9999.0 -9999.0 -9999.0 -9999.0 19.4 39.1 44.4 65.6 124.7 162.0 147.3 -9999.0 -9999.0 -9999.0 -9999.0 -9999.0 -9999.0 -9999.0 85.0 111.3 153.5 159.9 179.4 199.3 203.2 216.7 238.9
-9999.0 -9999.0 -9999.0 -9999.0 -9999.0 -9999.0 -9999.0 -9999.0 -9999.0 -9999.0 -9999.0 -9999.0 -9999.0 -9999.0 -9999.0 -9999.0 -9999.0 -9999.0 -9999.0 -9999.0 -9999.0 -9999.0 -9999.0 -9999.0 -9999.0 -9999.0 -9999.0 -9999.0 -9999.0 -9999.0 -9999.0 -9999.0 -9999.0 -9999.0 -9999.0 -9999.0 -9999.0 -9999.0 -9999.0 -9999.0 -9999.0 -9999.0 -9999.0 -9999.0 -9999.0 -9999.0 -9999.0 -9999.0 -9999.0 -9999.0 -9999.0 -9999.0 -9999.0 -9999.0 -9999.0 34.4 114.8 98.4 104.0 149.5 158.8 -9999.0 -9999.0 -9999.0 -9999.0 -9999.0 -9999.0 -9999.0 -9999.0 -9999.0 108.5 -9999.0 -9999.0 -9999.0 -9999.0 -9999.0 175.4
-9999.0 -9999.0 -9999.0 -9999.0 -9999.0 -9999.0 -9999.0 -9999.0 -9999.0 -9999.0 -9999.0 -9999.0 -9999.0 -9999.0 -9999.0 -9999.0 -9999.0 -9999.0 -9999.0 -9999.0 -9999.0 -9999.0 -9999.0 -9999.0 -9999.0 -9999.0 -9999.0 -9999.0 -9999.0 -9999.0 -9999.0 -9999.0 -9999.0 -9999.0 -9999.0 -9999.0 -9999.0 -9999.0 -9999.0 -9999.0 -9999.0 -9999.0 -9999.0 -9999.0 -9999.0 -9999.0 -9999.0 -9999.0 -9999.0 -9999.0 -9999.0 -9999.0 -9999.0 -9999.0 -9999.0 -9999.0 -9999.0 -9999.0 120.3 115.6 -9999.0 -9999.0 -9999.0 -9999.0 -9999.0 -9999.0 -9999.0 -9999.0 -9999.0 -9999.0 -9999.0 -9999.0 -9999.0 -9999.0 -9999.0 108.0 138.0
-9999.0 -9999.0 -9999.0 -9999.0 -9999.0 -9999.0 -9999.0 -9999.0 -9999.0 -9999.0 -9999.0 -9999.0 -9999.0 -9999.0 -9999.0 -9999.0 -9999.0 -9999.0 -9999.0 -9999.0 -9999.0 -9999.0 -9999.0 -9999.0 -9999.0 -9999.0 -9999.0 -9999.0 -9999.0 -9999.0 -9999.0 -9999.0 -9999.0 -9999.0 -9999.0 -9999.0 -9999.0 -9999.0 -9999.0 -9999.0 -9999.0 -9999.0 -9999.0 -9999.0 -9999.0 -9999.0 -9999.0 -9999.0 -9999.0 -9999.0 -9999.0 -9999.0 -9999.0 -9999.0 -9999.0 -9999.0 -9999.0 -9999.0 -9999.0 -9999.0 -9999.0 -9999.0 -9999.0 -9999.0 -9999.0 -9999.0 -9999.0 -9999.0 -9999.0 -9999.0 -9999.0 -9999.0 -9999.0 -9999.0 -9999.0 -9999.0 -9999.0
-9999.0 -9999.0 -9999.0 -9999.0 -9999.0 -9999.0 -9999.0 -9999.0 -9999.0 -9999.0 -9999.0 -9999.0 -9999.0 -9999.0 -9999.0 -9999.0 -9999.0 -9999.0 -9999.0 -9999.0 -9999.0 -9999.0 -9999.0 -9999.0 -9999.0 -9999.0 -9999.0 -9999.0 -9999.0 -9999.0 -9999.0 -9999.0 -9999.0 -9999.0 -9999.0 -9999.0 -9999.0 -9999.0 -9999.0 -9999.0 -9999.0 -9999.0 -9999.0 -9999.0 -9999.0 -9999.0 -9999.0 -9999.0 -9999.0 -9999.0 -9999.0 -9999.0 -9999.0 -9999.0 -9999.0 -9999.0 -9999.0 -9999.0 -9999.0 -9999.0 -9999.0 -9999.0 -9999.0 -9999.0 -9999.0 -9999.0 -9999.0 -9999.0 -9999.0 -9999.0 -9999.0 -9999.0 -9999.0 -9999.0 -9999.0 113.5 104.7
-9999.0 -9999.0 -9999.0 -9999.0 -9999.0 -9999.0 -9999.0 -9999.0 -9999.0 -9999.0 -9999.0 -9999.0 -9999.0 -9999.0 -9999.0 -9999.0 -9999.0 -9999.0 -9999.0 -9999.0 -9999.0 -9999.0 -9999.0 -9999.0 -9999.0 -9999.0 -9999.0 -9999.0 -9999.0 -9999.0 -9999.0 -9999.0 -9999.0 -9999.0 -9999.0 -9999.0 -9999.0 -9999.0 -9999.0 -9999.0 -9999.0 -9999.0 -9999.0 -9999.0 -9999.0 -9999.0 -9999.0 -9999.0 -9999.0 -9999.0 -9999.0 -9999.0 -9999.0 -9999.0 -9999.0 -9999.0 -9999.0 -9999.0 -9999.0 -9999.0 -9999.0 -9999.0 -9999.0 -9999.0 -9999.0 -9999.0 -9999.0 -9999.0 -9999.0 -9999.0 -9999.0 -9999.0 -9999.0 32.0 125.5 114.5 109.9
