program/excelProcessViaJava/data/SURF_CLI_CHN_PRE_MON_GRID_0.5-200209.txt
NCOLS      128
NROWS       72
XLLCORNER    72.000000000000    
YLLCORNER    18.000000000000    
CELLSIZE    0.50000000000000    
NODATA_VALUE   -9999.000    
[rows 34 to 67 of 72, columns 0 to 76 of 128]
-9999.0 -9999.0 -9999.0 -9999.0 0.0 0.1 0.1 3.5 0.9 4.4 23.9 18.9 29.7 34.8 29.8 33.4 38.2 37.2 35.1 30.0 23.2 16.4 12.9 18.8 33.3 41.7 32.2 34.1 33.9 35.8 37.3 45.5 41.4 42.9 47.0 41.2 51.4 58.9 36.2 18.7 27.0 6.7 5.0 4.0 5.4 7.4 8.6 9.7 12.2 18.8 25.5 32.9 67.6 46.6 35.8 40.7 47.4 61.7 75.1 46.8 70.7 38.1 36.0 39.7 34.0 29.0 39.0 37.5 38.9 46.2 47.0 58.0 68.8 76.6 73.3 74.2 76.5
-9999.0 -9999.0 -9999.0 -9999.0 -9999.0 -9999.0 -9999.0 0.8 1.1 6.4 3.8 8.5 21.9 26.0 32.2 38.2 45.5 47.5 47.3 45.0 44.4 44.6 43.8 41.8 40.1 39.4 42.1 44.1 46.2 52.1 53.9 55.9 57.0 62.1 69.3 62.1 74.4 65.7 76.0 71.8 29.1 61.9 46.9 25.0 14.1 10.3 14.6 14.2 21.3 18.1 20.6 28.5 44.3 97.0 78.6 37.3 38.2 44.7 72.6 51.7 67.2 27.9 24.5 26.9 30.9 23.8 30.5 37.9 40.3 48.1 55.2 64.5 75.3 80.3 76.6 81.7 84.1
-9999.0 -9999.0 -9999.0 -9999.0 -9999.0 -9999.0 -9999.0 0.0 2.3 1.3 2.5 9.0 11.9 12.9 24.0 21.4 36.7 42.2 40.4 47.5 48.1 47.7 47.8 47.8 47.5 48.3 49.0 53.9 52.9 54.5 62.2 66.0 69.2 79.4 75.9 80.0 77.6 85.8 81.5 70.5 64.2 54.3 51.0 71.7 33.8 21.1 28.6 33.7 63.2 57.2 101.6 92.8 55.9 66.8 90.9 47.4 48.1 59.7 72.7 75.8 61.2 50.8 34.7 35.2 29.7 28.1 32.0 40.7 53.7 62.2 74.5 84.5 91.3 92.4 81.9 90.9 92.8
-9999.0 -9999.0 -9999.0 -9999.0 -9999.0 -9999.0 -9999.0 -9999.0 -9999.0 0.6 2.4 6.6 6.0 11.1 19.5 27.6 29.3 24.9 37.8 37.2 45.6 50.3 52.0 53.2 54.5 55.6 57.8 60.0 61.1 67.6 65.8 71.7 76.4 84.8 82.7 86.8 88.8 95.6 89.4 89.1 73.9 69.2 56.1 46.0 53.1 52.6 55.6 58.4 67.8 74.9 91.3 81.3 71.0 65.5 91.4 62.1 56.2 65.3 80.1 79.2 78.2 80.1 76.5 45.7 45.7 41.0 44.4 55.5 68.4 76.4 87.2 95.2 99.7 98.9 95.6 83.9 86.6
-9999.0 -9999.0 -9999.0 -9999.0 -9999.0 -9999.0 -9999.0 -9999.0 -9999.0 -9999.0 -9999.0 1.0 10.2 5.6 13.3 16.9 24.2 31.5 37.7 40.8 42.3 50.1 53.3 57.9 58.4 62.6 64.9 67.6 70.3 72.8 76.0 83.1 84.6 90.5 93.8 111.0 105.9 110.2 135.6 108.9 109.5 86.1 67.2 56.8 77.6 58.3 86.7 73.7 87.4 87.4 73.6 74.0 73.5 83.2 99.4 88.2 79.7 87.1 86.3 87.4 92.0 87.7 79.4 68.3 65.8 52.8 55.5 65.4 73.5 78.0 82.7 90.3 92.8 89.0 80.7 84.2 86.4
-9999.0 -9999.0 -9999.0 -9999.0 -9999.0 -9999.0 -9999.0 -9999.0 -9999.0 -9999.0 -9999.0 -9999.0 5.8 10.1 7.3 15.9 12.0 23.8 29.8 28.0 46.2 49.5 54.4 61.2 53.9 67.3 71.6 71.8 75.1 77.5 81.5 85.5 90.4 99.3 107.3 112.8 133.3 126.7 122.1 114.3 106.2 94.9 82.3 82.9 76.3 79.7 90.5 72.2 81.4 86.7 105.8 96.4 78.9 73.0 84.6 94.3 96.8 102.4 86.6 97.8 96.2 97.5 93.2 80.9 62.4 68.4 55.7 62.0 66.4 69.6 68.1 74.2 76.8 77.6 79.7 88.3 77.6
-9999.0 -9999.0 -9999.0 -9999.0 -9999.0 -9999.0 -9999.0 -9999.0 -9999.0 -9999.0 -9999.0 -9999.0 0.3 8.7 15.6 9.9 23.2 24.6 21.6 30.0 37.6 41.5 50.3 61.5 71.1 71.9 74.5 79.2 78.4 81.8 82.7 86.2 91.8 97.9 106.8 113.7 131.5 141.2 140.2 133.9 117.4 105.0 113.2 85.7 95.1 105.6 85.2 78.6 63.1 84.7 81.9 86.1 70.8 80.5 74.2 88.7 84.9 89.1 84.4 88.1 89.3 88.7 89.1 88.2 49.7 52.6 37.3 43.8 49.0 56.9 70.0 89.9 99.0 89.2 85.9 78.0 79.7
-9999.0 -9999.0 -9999.0 -9999.0 -9999.0 -9999.0 -9999.0 -9999.0 -9999.0 -9999.0 -9999.0 -9999.0 -9999.0 2.4 1.5 15.3 11.7 21.2 27.7 32.8 35.6 48.0 46.9 64.6 69.0 62.3 66.0 64.5 72.1 76.0 81.7 85.1 87.4 94.1 99.9 108.6 119.5 133.3 162.3 148.5 136.9 132.9 118.4 126.2 104.8 92.7 102.9 110.4 109.4 99.8 91.6 72.7 68.8 105.4 92.9 85.9 76.5 79.0 90.1 81.4 79.8 76.8 78.5 57.0 26.4 28.4 34.1 39.3 49.0 61.8 80.2 86.7 92.5 94.9 93.6 81.0 78.8
-9999.0 -9999.0 -9999.0 -9999.0 -9999.0 -9999.0 -9999.0 -9999.0 -9999.0 -9999.0 -9999.0 -9999.0 0.4 0.2 0.8 6.9 3.1 10.0 14.8 30.6 36.9 43.7 48.0 59.1 68.8 58.6 65.4 71.2 72.0 71.1 75.0 81.6 78.9 86.0 91.7 98.6 113.3 117.1 123.6 127.9 148.8 159.9 164.6 114.4 120.6 120.9 110.5 97.1 102.5 100.6 111.3 115.8 84.5 92.9 82.7 78.2 81.2 57.3 66.5 62.8 65.1 71.0 67.2 71.9 43.4 25.7 39.1 40.9 52.6 72.4 92.1 109.8 111.9 96.6 85.4 78.5 81.0
-9999.0 -9999.0 -9999.0 -9999.0 -9999.0 -9999.0 -9999.0 -9999.0 -9999.0 -9999.0 -9999.0 -9999.0 0.0 2.6 2.4 0.2 0.8 10.8 15.4 13.9 29.9 29.1 38.2 48.1 62.3 70.3 70.1 70.0 68.4 72.1 73.8 73.4 70.1 79.6 81.8 85.4 91.5 101.9 108.1 102.0 105.8 102.9 105.4 113.4 120.6 130.2 149.0 141.7 132.3 97.4 96.2 109.9 90.6 85.6 83.6 75.3 72.1 70.0 60.4 69.5 74.5 81.5 55.9 37.9 26.0 35.0 27.1 44.6 61.9 89.6 114.3 128.2 127.2 124.1 111.4 85.4 78.3
-9999.0 -9999.0 -9999.0 -9999.0 -9999.0 -9999.0 -9999.0 -9999.0 -9999.0 -9999.0 -9999.0 -9999.0 1.7 0.1 3.1 2.6 4.5 0.8 5.8 8.8 6.5 10.2 26.8 28.6 42.4 36.8 46.6 38.5 58.9 60.3 63.3 55.0 69.4 75.2 74.5 73.6 78.1 85.7 89.0 97.3 93.4 85.3 122.5 86.1 115.8 146.1 156.1 138.3 116.4 114.6 113.1 99.9 132.2 128.3 102.6 85.2 79.3 76.7 75.2 63.2 64.2 66.3 96.6 35.3 21.1 53.0 41.8 42.4 57.6 81.7 102.9 129.1 135.9 135.0 134.5 99.2 94.9
-9999.0 -9999.0 -9999.0 -9999.0 -9999.0 -9999.0 -9999.0 -9999.0 -9999.0 -9999.0 -9999.0 -9999.0 -9999.0 0.0 0.0 1.0 1.0 3.1 1.4 2.0 0.8 8.8 9.8 12.6 31.2 33.3 39.4 45.7 38.7 54.1 41.6 49.8 53.1 65.3 64.5 63.2 70.5 76.8 83.0 83.3 85.7 120.1 136.0 126.4 101.5 110.3 129.9 101.2 126.7 118.9 101.3 115.3 104.5 94.1 106.9 103.6 86.5 80.2 83.3 103.0 92.3 143.2 92.1 28.1 42.8 28.3 28.7 36.3 52.2 72.4 88.7 101.4 126.0 97.6 102.6 78.3 72.2
-9999.0 -9999.0 -9999.0 -9999.0 -9999.0 -9999.0 -9999.0 -9999.0 -9999.0 -9999.0 -9999.0 -9999.0 -9999.0 3.9 0.0 0.5 0.0 1.8 2.1 1.7 0.4 1.1 2.5 7.3 26.8 24.8 25.9 37.3 33.9 15.2 22.3 29.9 45.6 51.6 51.5 58.4 67.9 75.8 84.8 106.6 94.4 103.1 109.8 111.4 139.1 104.7 101.5 77.1 83.8 83.8 93.7 73.6 90.9 104.6 113.1 103.9 92.9 92.5 102.4 76.8 111.2 74.3 85.4 65.2 29.0 16.1 20.3 33.9 51.0 65.7 76.9 88.9 95.3 97.4 85.8 76.1 77.5
-9999.0 -9999.0 -9999.0 -9999.0 -9999.0 -9999.0 -9999.0 -9999.0 -9999.0 -9999.0 -9999.0 -9999.0 -9999.0 -9999.0 -9999.0 0.2 0.7 0.3 1.1 3.4 0.5 3.1 6.4 8.0 9.3 13.9 5.5 13.3 6.7 18.6 15.4 22.3 21.2 31.9 46.5 51.4 65.1 79.0 85.7 90.9 103.2 108.4 103.4 92.4 66.2 58.7 69.2 47.9 58.7 40.4 51.4 87.2 68.2 78.5 68.1 91.9 99.1 87.2 125.1 141.6 86.7 120.2 95.0 53.0 27.0 19.1 25.3 40.9 56.5 69.4 74.7 75.3 100.4 94.6 68.0 73.7 66.9
-9999.0 -9999.0 -9999.0 -9999.0 -9999.0 -9999.0 -9999.0 -9999.0 -9999.0 -9999.0 -9999.0 -9999.0 -9999.0 -9999.0 -9999.0 -9999.0 -9999.0 116.0 30.7 -9999.0 18.5 1.9 11.8 15.6 7.8 12.6 3.5 8.3 16.0 6.1 10.3 20.4 11.9 37.2 55.0 51.3 61.2 81.4 86.2 87.7 87.7 95.3 80.9 65.2 54.8 46.3 119.5 57.7 32.1 36.6 37.8 37.6 53.8 67.7 81.8 92.5 85.6 123.0 136.5 156.5 98.8 103.5 69.3 44.6 34.6 32.8 41.7 55.5 66.4 72.3 63.8 92.0 97.4 72.9 65.9 65.5 59.1
-9999.0 -9999.0 -9999.0 -9999.0 -9999.0 -9999.0 -9999.0 -9999.0 -9999.0 -9999.0 -9999.0 -9999.0 -9999.0 -9999.0 -9999.0 -9999.0 -9999.0 -9999.0 -9999.0 -9999.0 -9999.0 12.5 7.3 1.8 10.7 40.6 38.2 30.7 17.4 21.2 10.9 29.8 25.4 27.0 37.8 41.7 58.6 74.0 77.8 64.7 49.6 73.5 67.4 51.8 46.4 35.1 180.9 36.6 45.9 127.5 31.1 65.8 70.1 50.0 66.5 95.2 109.8 110.2 170.5 163.6 91.0 98.1 61.0 50.7 42.8 45.9 56.2 65.1 68.4 69.8 67.7 81.8 78.0 59.4 52.0 50.2 56.8
-9999.0 -9999.0 -9999.0 -9999.0 -9999.0 -9999.0 -9999.0 -9999.0 -9999.0 -9999.0 -9999.0 -9999.0 -9999.0 -9999.0 -9999.0 -9999.0 -9999.0 -9999.0 -9999.0 -9999.0 -9999.0 -9999.0 -9999.0 127.6 41.6 56.7 59.2 41.2 10.9 19.3 8.7 6.6 5.2 13.1 20.5 33.5 50.2 64.3 71.4 70.1 59.2 58.2 34.6 23.2 42.6 207.3 71.6 57.7 91.8 110.9 49.5 51.4 56.4 61.9 61.1 47.9 100.2 139.4 111.3 167.3 122.1 122.7 102.4 66.5 54.0 48.1 53.8 58.3 60.1 62.2 73.5 73.7 69.3 66.4 49.6 46.5 54.3
-9999.0 -9999.0 -9999.0 -9999.0 -9999.0 -9999.0 -9999.0 -9999.0 -9999.0 -9999.0 -9999.0 -9999.0 -9999.0 -9999.0 -9999.0 -9999.0 -9999.0 -9999.0 -9999.0 -9999.0 -9999.0 -9999.0 -9999.0 -9999.0 -9999.0 372.8 176.3 6.7 8.6 2.1 6.1 15.9 17.7 14.8 23.3 30.8 44.8 54.9 61.8 51.1 52.5 30.0 37.8 33.6 137.6 224.7 167.8 290.8 38.5 94.9 48.7 58.3 72.4 82.6 65.8 68.3 103.7 108.2 151.7 155.2 137.4 111.2 148.0 60.3 49.6 42.3 42.8 42.2 50.2 61.0 62.4 64.2 55.4 63.9 55.6 41.7 39.3
-9999.0 -9999.0 -9999.0 -9999.0 -9999.0 -9999.0 -9999.0 -9999.0 -9999.0 -9999.0 -9999.0 -9999.0 -9999.0 -9999.0 -9999.0 -9999.0 -9999.0 -9999.0 -9999.0 -9999.0 -9999.0 -9999.0 -9999.0 -9999.0 -9999.0 -9999.0 -9999.0 505.5 458.8 152.9 96.2 69.4 11.5 60.1 28.1 107.8 43.6 47.4 48.5 37.1 33.2 19.5 54.8 141.8 176.3 231.7 280.3 300.6 308.3 183.0 252.7 222.7 89.1 88.4 84.2 102.1 82.5 88.7 135.2 112.4 86.1 98.9 76.4 60.5 42.0 31.1 31.7 33.1 37.3 45.2 50.1 62.4 46.5 56.7 44.0 36.6 56.8
-9999.0 -9999.0 -9999.0 -9999.0 -9999.0 -9999.0 -9999.0 -9999.0 -9999.0 -9999.0 -9999.0 -9999.0 -9999.0 -9999.0 -9999.0 -9999.0 -9999.0 -9999.0 -9999.0 -9999.0 -9999.0 -9999.0 -9999.0 -9999.0 -9999.0 -9999.0 -9999.0 -9999.0 -9999.0 -9999.0 -9999.0 -9999.0 -9999.0 181.2 52.6 -9999.0 -9999.0 -9999.0 86.5 38.1 45.8 65.3 49.1 171.9 224.4 244.0 -9999.0 -9999.0 -9999.0 -9999.0 -9999.0 -9999.0 129.5 98.3 78.6 70.0 80.0 87.2 98.7 98.0 95.6 93.1 75.3 57.9 39.0 28.7 29.3 34.4 35.3 34.6 36.3 51.1 59.9 50.1 57.9 41.7 77.4
-9999.0 -9999.0 -9999.0 -9999.0 -9999.0 -9999.0 -9999.0 -9999.0 -9999.0 -9999.0 -9999.0 -9999.0 -9999.0 -9999.0 -9999.0 -9999.0 -9999.0 -9999.0 -9999.0 -9999.0 -9999.0 -9999.0 -9999.0 -9999.0 -9999.0 -9999.0 -9999.0 -9999.0 -9999.0 -9999.0 -9999.0 -9999.0 -9999.0 -9999.0 -9999.0 -9999.0 -9999.0 -9999.0 -9999.0 210.7 192.3 189.9 194.8 202.7 -9999.0 -9999.0 -9999.0 -9999.0 -9999.0 -9999.0 -9999.0 -9999.0 127.6 103.5 88.1 76.6 85.4 103.2 114.8 113.5 106.5 98.3 83.5 63.3 43.9 34.6 34.2 32.3 28.8 33.7 39.3 43.0 44.2 62.6 45.6 54.2 70.4
-9999.0 -9999.0 -9999.0 -9999.0 -9999.0 -9999.0 -9999.0 -9999.0 -9999.0 -9999.0 -9999.0 -9999.0 -9999.0 -9999.0 -9999.0 -9999.0 -9999.0 -9999.0 -9999.0 -9999.0 -9999.0 -9999.0 -9999.0 -9999.0 -9999.0 -9999.0 -9999.0 -9999.0 -9999.0 -9999.0 -9999.0 -9999.0 -9999.0 -9999.0 -9999.0 -9999.0 -9999.0 -9999.0 -9999.0 -9999.0 -9999.0 -9999.0 -9999.0 -9999.0 -9999.0 -9999.0 -9999.0 -9999.0 -9999.0 -9999.0 -9999.0 -9999.0 187.0 109.0 99.9 104.0 111.0 125.6 131.8 127.2 110.5 103.3 113.0 75.2 56.4 41.5 34.1 29.7 25.4 27.2 33.0 39.5 69.1 60.9 63.5 47.3 73.2
-9999.0 -9999.0 -9999.0 -9999.0 -9999.0 -9999.0 -9999.0 -9999.0 -9999.0 -9999.0 -9999.0 -9999.0 -9999.0 -9999.0 -9999.0 -9999.0 -9999.0 -9999.0 -9999.0 -9999.0 -9999.0 -9999.0 -9999.0 -9999.0 -9999.0 -9999.0 -9999.0 -9999.0 -9999.0 -9999.0 -9999.0 -9999.0 -9999.0 -9999.0 -9999.0 -9999.0 -9999.0 -9999.0 -9999.0 -9999.0 -9999.0 -9999.0 -9999.0 -9999.0 -9999.0 -9999.0 -9999.0 -9999.0 -9999.0 -9999.0 -9999.0 183.5 167.9 123.1 153.7 135.5 142.0 145.0 143.6 95.9 129.6 116.3 92.0 80.1 59.6 41.8 32.7 25.0 26.7 27.8 34.2 43.4 44.4 38.8 43.4 37.7 71.1
-9999.0 -9999.0 -9999.0 -9999.0 -9999.0 -9999.0 -9999.0 -9999.0 -9999.0 -9999.0 -9999.0 -9999.0 -9999.0 -9999.0 -9999.0 -9999.0 -9999.0 -9999.0 -9999.0 -9999.0 -9999.0 -9999.0 -9999.0 -9999.0 -9999.0 -9999.0 -9999.0 -9999.0 -9999.0 -9999.0 -9999.0 -9999.0 -9999.0 -9999.0 -9999.0 -9999.0 -9999.0 -9999.0 -9999.0 -9999.0 -9999.0 -9999.0 -9999.0 -9999.0 -9999.0 -9999.0 -9999.0 -9999.0 -9999.0 -9999.0 156.5 157.1 155.4 147.8 166.5 156.8 153.9 135.4 133.8 130.3 103.4 109.7 85.5 71.4 47.6 32.9 31.0 30.7 37.4 38.7 47.6 47.2 47.0 53.6 56.7 66.0 20.9
-9999.0 -9999.0 -9999.0 -9999.0 -9999.0 -9999.0 -9999.0 -9999.0 -9999.0 -9999.0 -9999.0 -9999.0 -9999.0 -9999.0 -9999.0 -9999.0 -9999.0 -9999.0 -9999.0 -9999.0 -9999.0 -9999.0 -9999.0 -9999.0 -9999.0 -9999.0 -9999.0 -9999.0 -9999.0 -9999.0 -9999.0 -9999.0 -9999.0 -9999.0 -9999.0 -9999.0 -9999.0 -9999.0 -9999.0 -9999.0 -9999.0 -9999.0 -9999.0 -9999.0 -9999.0 -9999.0 -9999.0 -9999.0 -9999.0 -9999.0 124.3 129.1 124.3 146.9 151.3 151.0 117.8 140.3 129.8 102.3 76.2 68.6 56.5 45.1 30.8 24.7 29.0 34.4 46.3 49.6 57.9 61.5 58.4 45.3 31.3 22.4 48.4
-9999.0 -9999.0 -9999.0 -9999.0 -9999.0 -9999.0 -9999.0 -9999.0 -9999.0 -9999.0 -9999.0 -9999.0 -9999.0 -9999.0 -9999.0 -9999.0 -9999.0 -9999.0 -9999.0 -9999.0 -9999.0 -9999.0 -9999.0 -9999.0 -9999.0 -9999.0 -9999.0 -9999.0 -9999.0 -9999.0 -9999.0 -9999.0 -9999.0 -9999.0 -9999.0 -9999.0 -9999.0 -9999.0 -9999.0 -9999.0 -9999.0 -9999.0 -9999.0 -9999.0 -9999.0 -9999.0 -9999.0 -9999.0 -9999.0 -9999.0 95.5 91.7 81.1 118.7 110.0 117.2 133.0 121.9 118.8 89.3 66.8 46.8 35.9 24.7 19.2 21.7 31.8 41.6 50.1 71.4 60.7 92.1 52.7 68.0 38.6 44.0 99.5
-9999.0 -9999.0 -9999.0 -9999.0 -9999.0 -9999.0 -9999.0 -9999.0 -9999.0 -9999.0 -9999.0 -9999.0 -9999.0 -9999.0 -9999.0 -9999.0 -9999.0 -9999.0 -9999.0 -9999.0 -9999.0 -9999.0 -9999.0 -9999.0 -9999.0 -9999.0 -9999.0 -9999.0 -9999.0 -9999.0 -9999.0 -9999.0 -9999.0 -9999.0 -9999.0 -9999.0 -9999.0 -9999.0 -9999.0 -9999.0 -9999.0 -9999.0 -9999.0 -9999.0 -9999.0 -9999.0 -9999.0 -9999.0 -9999.0 -9999.0 76.3 75.3 68.9 79.6 92.5 109.8 110.5 118.5 118.7 104.0 74.9 46.1 36.0 21.5 17.7 23.4 38.0 55.7 76.0 43.4 61.4 60.6 68.9 90.3 74.1 106.3 138.8
-9999.0 -9999.0 -9999.0 -9999.0 -9999.0 -9999.0 -9999.0 -9999.0 -9999.0 -9999.0 -9999.0 -9999.0 -9999.0 -9999.0 -9999.0 -9999.0 -9999.0 -9999.0 -9999.0 -9999.0 -9999.0 -9999.0 -9999.0 -9999.0 -9999.0 -9999.0 -9999.0 -9999.0 -9999.0 -9999.0 -9999.0 -9999.0 -9999.0 -9999.0 -9999.0 -9999.0 -9999.0 -9999.0 -9999.0 -9999.0 -9999.0 -9999.0 -9999.0 -9999.0 -9999.0 -9999.0 -9999.0 -9999.0 -9999.0 -9999.0 -9999.0 -9999.0 -9999.0 60.0 77.5 101.0 113.0 122.9 120.0 122.7 92.9 71.0 43.2 33.1 27.6 33.4 48.4 59.7 77.4 77.3 66.9 65.5 81.8 111.2 143.0 162.4 184.7
-9999.0 -9999.0 -9999.0 -9999.0 -9999.0 -9999.0 -9999.0 -9999.0 -9999.0 -9999.0 -9999.0 -9999.0 -9999.0 -9999.0 -9999.0 -9999.0 -9999.0 -9999.0 -9999.0 -9999.0 -9999.0 -9999.0 -9999.0 -9999.0 -9999.0 -9999.0 -9999.0 -9999.0 -9999.0 -9999.0 -9999.0 -9999.0 -9999.0 -9999.0 -9999.0 -9999.0 -9999.0 -9999.0 -9999.0 -9999.0 -9999.0 -9999.0 -9999.0 -9999.0 -9999.0 -9999.0 -9999.0 -9999.0 -9999.0 -9999.0 -9999.0 -9999.0 -9999.0 55.3 69.5 90.7 100.9 106.0 127.2 140.2 124.4 89.4 69.8 64.2 55.5 54.0 51.5 75.3 59.9 62.3 60.9 77.0 121.5 174.7 224.3 306.0 281.8
-9999.0 -9999.0 -9999.0 -9999.0 -9999.0 -9999.0 -9999.0 -9999.0 -9999.0 -9999.0 -9999.0 -9999.0 -9999.0 -9999.0 -9999.0 -9999.0 -9999.0 -9999.0 -9999.0 -9999.0 -9999.0 -9999.0 -9999.0 -9999.0 -9999.0 -9999.0 -9999.0 -9999.0 -9999.0 -9999.0 -9999.0 -9999.0 -9999.0 -9999.0 -9999.0 -9999.0 -9999.0 -9999.0 -9999.0 -9999.0 -9999.0 -9999.0 -9999.0 -9999.0 -9999.0 -9999.0 -9999.0 -9999.0 -9999.0 -9999.0 -9999.0 -9999.0 -9999.0 49.9 54.7 73.8 81.2 87.3 111.5 128.4 137.9 119.2 100.1 82.9 80.1 -9999.0 -9999.0 -9999.0 70.6 55.6 69.9 109.8 167.1 238.1 336.3 452.8 412.4
-9999.0 -9999.0 -9999.0 -9999.0 -9999.0 -9999.0 -9999.0 -9999.0 -9999.0 -9999.0 -9999.0 -9999.0 -9999.0 -9999.0 -9999.0 -9999.0 -9999.0 -9999.0 -9999.0 -9999.0 -9999.0 -9999.0 -9999.0 -9999.0 -9999.0 -9999.0 -9999.0 -9999.0 -9999.0 -9999.0 -9999.0 -9999.0 -9999.0 -9999.0 -9999.0 -9999.0 -9999.0 -9999.0 -9999.0 -9999.0 -9999.0 -9999.0 -9999.0 -9999.0 -9999.0 -9999.0 -9999.0 -9999.0 -9999.0 -9999.0 -9999.0 -9999.0 -9999.0 -9999.0 49.5 55.6 52.5 59.0 96.7 129.3 114.1 -9999.0 -9999.0 -9999.0 -9999.0 -9999.0 -9999.0 -9999.0 58.6 74.2 122.5 134.3 199.6 317.3 443.5 519.4 517.6
-9999.0 -9999.0 -9999.0 -9999.0 -9999.0 -9999.0 -9999.0 -9999.0 -9999.0 -9999.0 -9999.0 -9999.0 -9999.0 -9999.0 -9999.0 -9999.0 -9999.0 -9999.0 -9999.0 -9999.0 -9999.0 -9999.0 -9999.0 -9999.0 -9999.0 -9999.0 -9999.0 -9999.0 -9999.0 -9999.0 -9999.0 -9999.0 -9999.0 -9999.0 -9999.0 -9999.0 -9999.0 -9999.0 -9999.0 -9999.0 -9999.0 -9999.0 -9999.0 -9999.0 -9999.0 -9999.0 -9999.0 -9999.0 -9999.0 -9999.0 -9999.0 -9999.0 -9999.0 -9999.0 -9999.0 42.7 62.9 61.3 75.1 108.3 120.5 -9999.0 -9999.0 -9999.0 -9999.0 -9999.0 -9999.0 -9999.0 -9999.0 -9999.0 117.8 -9999.0 -9999.0 -9999.0 -9999.0 -9999.0 584.7
-9999.0 -9999.0 -9999.0 -9999.0 -9999.0 -9999.0 -9999.0 -9999.0 -9999.0 -9999.0 -9999.0 -9999.0 -9999.0 -9999.0 -9999.0 -9999.0 -9999.0 -9999.0 -9999.0 -9999.0 -9999.0 -9999.0 -9999.0 -9999.0 -9999.0 -9999.0 -9999.0 -9999.0 -9999.0 -9999.0 -9999.0 -9999.0 -9999.0 -9999.0 -9999.0 -9999.0 -9999.0 -9999.0 -9999.0 -9999.0 -9999.0 -9999.0 -9999.0 -9999.0 -9999.0 -9999.0 -9999.0 -9999.0 -9999.0 -9999.0 -9999.0 -9999.0 -9999.0 -9999.0 -9999.0 -9999.0 -9999.0 -9999.0 79.7 94.0 -9999.0 -9999.0 -9999.0 -9999.0 -9999.0 -9999.0 -9999.0 -9999.0 -9999.0 -9999.0 -9999.0 -9999.0 -9999.0 -9999.0 -9999.0 607.9 576.0
-9999.0 -9999.0 -9999.0 -9999.0 -9999.0 -9999.0 -9999.0 -9999.0 -9999.0 -9999.0 -9999.0 -9999.0 -9999.0 -9999.0 -9999.0 -9999.0 -9999.0 -9999.0 -9999.0 -9999.0 -9999.0 -9999.0 -9999.0 -9999.0 -9999.0 -9999.0 -9999.0 -9999.0 -9999.0 -9999.0 -9999.0 -9999.0 -9999.0 -9999.0 -9999.0 -9999.0 -9999.0 -9999.0 -9999.0 -9999.0 -9999.0 -9999.0 -9999.0 -9999.0 -9999.0 -9999.0 -9999.0 -9999.0 -9999.0 -9999.0 -9999.0 -9999.0 -9999.0 -9999.0 -9999.0 -9999.0 -9999.0 -9999.0 -9999.0 -9999.0 -9999.0 -9999.0 -9999.0 -9999.0 -9999.0 -9999.0 -9999.0 -9999.0 -9999.0 -9999.0 -9999.0 -9999.0 -9999.0 -9999.0 -9999.0 -9999.0 -9999.0
