program/excelProcessViaJava/data/SURF_CLI_CHN_PRE_MON_GRID_0.5-199303.txt
NCOLS      128
NROWS       72
XLLCORNER    72.000000000000    
YLLCORNER    18.000000000000    
CELLSIZE    0.50000000000000    
NODATA_VALUE   -9999.000    
[rows 34 to 67 of 72, columns 0 to 77 of 128]
-9999.0 -9999.0 -9999.0 -9999.0 0.4 0.2 0.1 0.1 0.0 0.0 0.0 0.0 0.0 0.0 0.8 2.0 3.5 11.2 14.6 12.2 7.1 5.0 3.3 0.3 0.0 0.0 0.0 0.1 0.3 0.7 1.5 2.0 3.4 4.4 4.9 5.5 5.6 6.2 5.1 3.5 5.0 2.0 1.8 1.4 1.2 1.1 1.2 1.8 3.7 9.8 18.5 24.1 28.0 25.9 24.9 24.5 20.9 17.5 17.4 14.4 27.2 24.2 27.2 25.8 13.3 8.4 8.4 8.9 9.4 7.5 7.7 6.1 6.3 7.4 6.9 4.3 2.2 0.6
-9999.0 -9999.0 -9999.0 -9999.0 -9999.0 -9999.0 -9999.0 0.0 0.0 0.0 0.0 0.0 0.0 0.0 0.0 2.2 0.1 3.4 5.4 1.2 0.0 0.0 0.0 0.0 0.0 0.0 0.1 0.1 0.3 0.5 1.2 2.1 3.2 3.9 4.5 5.2 5.6 5.7 6.9 8.0 4.9 11.7 11.7 7.4 3.1 0.6 1.3 1.2 4.4 6.7 15.1 24.6 26.8 24.1 25.1 27.8 23.5 18.8 20.8 16.5 27.9 17.8 18.3 19.0 18.4 9.7 9.3 9.3 10.7 13.6 17.3 16.9 13.7 11.9 9.0 4.9 2.8 1.7
-9999.0 -9999.0 -9999.0 -9999.0 -9999.0 -9999.0 -9999.0 0.0 0.0 0.0 0.0 0.0 0.0 0.0 0.0 0.0 0.0 0.0 0.0 0.0 0.0 0.0 0.0 0.0 0.0 0.1 0.1 0.1 0.6 1.2 1.4 2.2 3.1 3.5 4.5 4.8 5.0 5.4 5.8 6.2 7.5 8.9 11.0 17.8 8.1 2.6 4.4 6.0 16.1 15.4 24.6 22.4 23.1 22.5 20.9 29.1 28.9 26.0 23.0 23.8 26.5 30.3 21.7 21.4 14.6 11.8 11.3 11.5 15.6 25.9 33.0 31.4 22.9 15.9 10.7 6.4 5.0 4.4
-9999.0 -9999.0 -9999.0 -9999.0 -9999.0 -9999.0 -9999.0 -9999.0 -9999.0 0.0 0.0 0.0 0.0 0.0 0.0 0.0 0.0 0.0 0.0 0.0 0.0 0.0 0.0 0.0 0.1 0.2 0.2 0.3 1.0 0.9 2.5 2.8 3.5 3.7 4.6 4.6 4.5 4.6 4.5 5.3 5.9 8.1 9.1 8.7 11.6 11.6 12.3 13.0 16.0 18.1 21.1 18.1 16.6 17.6 17.4 22.6 26.6 25.6 22.0 23.2 27.3 32.2 33.8 16.5 16.9 15.3 15.4 14.8 19.7 31.9 42.5 44.9 30.8 19.2 13.5 9.2 7.2 7.6
-9999.0 -9999.0 -9999.0 -9999.0 -9999.0 -9999.0 -9999.0 -9999.0 -9999.0 -9999.0 -9999.0 0.0 0.0 0.0 0.0 0.0 0.0 0.0 0.0 0.0 0.0 0.0 0.0 0.1 0.0 0.1 0.2 0.3 0.7 1.5 2.2 2.2 3.6 4.0 4.4 4.0 4.1 4.0 5.4 4.4 6.1 6.7 7.5 8.2 15.7 11.4 21.2 17.1 21.3 20.7 16.5 15.2 13.8 14.4 15.8 15.9 17.4 18.6 20.4 22.4 25.3 25.4 21.9 17.7 19.5 20.9 19.0 18.1 20.8 30.0 44.7 47.8 37.0 25.0 21.7 16.4 13.5 17.1
-9999.0 -9999.0 -9999.0 -9999.0 -9999.0 -9999.0 -9999.0 -9999.0 -9999.0 -9999.0 -9999.0 -9999.0 0.0 0.0 0.0 0.0 0.0 0.0 0.0 0.0 0.0 0.0 0.1 0.2 0.0 0.2 0.7 0.4 0.9 0.8 2.0 2.9 3.5 3.4 3.8 4.1 4.1 3.8 3.5 3.4 3.8 5.1 7.1 11.0 12.9 16.2 21.1 15.7 18.7 20.0 23.9 19.1 14.1 13.5 15.3 16.7 17.2 19.6 19.9 23.5 23.3 23.1 20.8 16.9 18.9 24.5 26.8 23.7 23.6 28.8 44.2 56.5 49.1 36.7 29.6 35.6 39.2 40.0
-9999.0 -9999.0 -9999.0 -9999.0 -9999.0 -9999.0 -9999.0 -9999.0 -9999.0 -9999.0 -9999.0 -9999.0 0.0 0.0 0.1 0.0 0.1 0.0 0.0 0.0 0.0 0.0 0.1 0.3 1.0 0.7 0.8 1.7 1.4 2.3 2.0 2.0 3.1 3.7 3.8 4.2 4.1 4.2 4.2 4.2 4.3 5.5 10.3 10.3 16.0 22.1 17.9 16.3 11.2 17.8 16.5 16.8 13.0 15.5 16.5 19.9 20.1 22.1 21.3 21.6 20.2 17.4 18.5 21.4 19.0 25.4 18.2 19.5 22.3 27.8 35.4 43.8 45.8 37.8 41.0 47.0 52.2 62.8
-9999.0 -9999.0 -9999.0 -9999.0 -9999.0 -9999.0 -9999.0 -9999.0 -9999.0 -9999.0 -9999.0 -9999.0 -9999.0 0.0 0.0 0.2 0.0 0.2 0.3 0.4 0.3 0.9 0.3 1.5 1.2 0.3 0.3 0.2 0.7 1.2 2.3 3.0 2.6 3.2 4.5 4.5 4.5 4.6 6.6 6.2 7.0 9.6 11.9 18.0 17.7 17.1 21.2 23.9 23.4 19.8 17.1 11.8 11.7 22.1 21.3 22.9 23.6 26.2 30.8 27.8 26.1 20.5 20.9 14.2 10.6 18.7 24.3 22.9 29.2 31.8 29.8 29.2 37.3 44.1 55.1 56.7 62.1 62.4
-9999.0 -9999.0 -9999.0 -9999.0 -9999.0 -9999.0 -9999.0 -9999.0 -9999.0 -9999.0 -9999.0 -9999.0 0.1 0.0 0.0 0.2 0.0 0.2 0.3 2.2 2.4 2.4 1.7 2.3 2.6 0.6 0.8 1.2 1.2 1.1 1.7 3.1 2.2 3.7 4.0 4.8 4.7 5.4 5.9 7.0 11.0 16.2 21.7 17.0 21.0 22.7 20.2 15.8 17.2 16.5 20.4 22.5 13.8 18.1 18.2 21.1 26.4 20.8 28.2 26.1 29.6 32.8 27.3 30.8 22.1 20.6 13.1 23.7 39.2 48.0 49.0 41.7 36.7 38.1 43.7 46.3 48.2 54.6
-9999.0 -9999.0 -9999.0 -9999.0 -9999.0 -9999.0 -9999.0 -9999.0 -9999.0 -9999.0 -9999.0 -9999.0 0.1 1.2 0.8 0.1 0.1 2.1 2.8 1.4 4.9 2.6 2.8 2.9 3.8 3.6 2.4 1.8 1.4 1.7 2.1 2.3 2.1 4.2 4.8 5.0 5.9 6.3 7.2 8.3 10.3 12.3 15.0 18.2 20.6 22.8 28.1 25.6 22.8 11.6 11.4 16.9 11.0 10.6 12.7 13.3 19.6 25.2 26.2 36.2 42.8 47.7 31.2 22.1 21.1 14.1 24.4 28.8 37.9 44.2 46.2 47.0 54.6 76.6 79.8 58.6 49.2 65.6
-9999.0 -9999.0 -9999.0 -9999.0 -9999.0 -9999.0 -9999.0 -9999.0 -9999.0 -9999.0 -9999.0 -9999.0 4.3 1.1 4.6 3.6 4.5 1.1 3.6 3.9 1.6 1.5 4.3 2.5 3.1 1.0 1.1 0.3 1.1 1.0 1.2 0.8 2.5 4.1 4.7 4.9 5.8 6.9 8.4 10.3 12.2 13.1 19.7 14.1 18.8 25.7 28.3 21.4 14.2 14.1 13.6 8.4 22.3 21.9 13.6 6.5 12.9 20.3 28.5 31.4 40.0 45.3 60.6 28.4 14.6 16.9 26.6 37.5 43.1 42.5 47.5 68.4 81.8 97.0 122.9 86.6 110.0 70.4
-9999.0 -9999.0 -9999.0 -9999.0 -9999.0 -9999.0 -9999.0 -9999.0 -9999.0 -9999.0 -9999.0 -9999.0 -9999.0 1.8 2.6 7.9 7.3 9.7 6.0 5.2 2.1 5.9 3.7 2.4 4.5 2.4 1.6 1.1 0.3 0.7 0.2 0.5 0.9 2.4 3.0 2.9 4.4 6.9 8.9 11.2 13.3 19.4 23.9 22.1 15.1 15.2 20.2 9.9 19.7 16.9 8.6 13.9 8.3 3.0 9.5 10.4 4.7 9.9 22.3 41.6 47.7 73.7 59.0 22.0 17.5 24.3 38.3 45.9 42.3 46.0 51.9 57.9 78.6 57.5 77.9 64.3 67.2 80.7
-9999.0 -9999.0 -9999.0 -9999.0 -9999.0 -9999.0 -9999.0 -9999.0 -9999.0 -9999.0 -9999.0 -9999.0 -9999.0 22.2 8.0 15.0 8.7 18.2 17.2 13.7 6.5 6.2 4.9 4.9 8.3 3.7 1.6 1.2 0.3 0.0 0.1 0.1 0.4 0.8 1.1 1.9 3.8 6.0 8.5 13.6 14.5 17.3 19.1 19.5 29.2 16.9 15.6 8.1 10.3 9.7 11.5 2.1 4.9 7.7 9.9 5.8 2.6 6.6 19.5 18.5 45.1 33.4 28.1 31.3 28.9 35.5 50.0 55.0 50.8 48.8 50.6 50.8 50.3 58.1 65.2 81.9 113.4 85.6
-9999.0 -9999.0 -9999.0 -9999.0 -9999.0 -9999.0 -9999.0 -9999.0 -9999.0 -9999.0 -9999.0 -9999.0 -9999.0 -9999.0 -9999.0 24.9 29.1 24.4 28.2 31.1 16.9 19.6 17.6 12.3 7.4 4.7 0.8 0.4 0.1 0.1 0.0 0.0 0.1 0.2 0.4 1.1 2.6 4.6 7.1 10.6 16.2 20.0 19.9 17.3 10.5 9.2 12.0 6.4 9.2 2.7 3.7 12.7 1.9 1.7 0.1 1.7 3.0 1.0 19.3 34.5 19.6 28.2 52.2 45.7 42.4 47.4 57.7 63.5 65.3 62.6 53.5 41.2 56.6 62.0 57.5 102.7 119.2 153.7
-9999.0 -9999.0 -9999.0 -9999.0 -9999.0 -9999.0 -9999.0 -9999.0 -9999.0 -9999.0 -9999.0 -9999.0 -9999.0 -9999.0 -9999.0 -9999.0 -9999.0 122.2 81.6 -9999.0 62.0 30.5 36.3 28.7 13.7 9.2 2.4 1.0 0.3 0.0 0.0 0.0 0.1 0.1 0.4 0.5 2.3 2.7 5.1 8.7 13.0 20.3 17.6 13.9 13.8 11.5 50.7 17.7 6.7 7.1 2.3 1.6 0.9 2.2 3.1 3.9 1.2 11.1 16.7 28.8 11.5 31.2 47.1 49.3 49.5 55.0 64.9 72.6 78.5 71.7 55.3 59.6 66.4 55.3 73.2 108.0 119.5 130.5
-9999.0 -9999.0 -9999.0 -9999.0 -9999.0 -9999.0 -9999.0 -9999.0 -9999.0 -9999.0 -9999.0 -9999.0 -9999.0 -9999.0 -9999.0 -9999.0 -9999.0 -9999.0 -9999.0 -9999.0 -9999.0 65.0 46.4 26.9 25.9 27.7 15.6 6.7 1.5 0.5 0.1 0.2 0.2 0.2 0.3 0.3 0.7 1.3 2.0 1.8 2.4 18.9 21.1 16.9 15.0 13.7 91.5 16.8 23.5 78.2 8.2 22.6 16.7 2.2 3.8 9.5 11.0 6.9 32.2 21.8 8.8 16.0 30.6 39.3 50.6 61.7 70.5 73.1 75.1 69.9 59.4 61.1 63.4 59.8 65.9 83.2 102.4 112.0
-9999.0 -9999.0 -9999.0 -9999.0 -9999.0 -9999.0 -9999.0 -9999.0 -9999.0 -9999.0 -9999.0 -9999.0 -9999.0 -9999.0 -9999.0 -9999.0 -9999.0 -9999.0 -9999.0 -9999.0 -9999.0 -9999.0 -9999.0 116.5 58.2 46.6 31.7 16.2 5.1 2.5 0.7 0.5 1.4 1.2 2.1 2.0 3.6 2.1 7.3 13.0 14.8 23.0 13.4 9.0 18.3 104.3 42.9 36.5 49.7 51.7 20.4 26.2 16.3 15.7 9.9 2.8 12.3 22.3 3.0 21.1 5.8 11.7 18.3 25.5 40.4 58.7 63.8 58.8 52.2 55.2 58.6 64.2 71.1 81.7 75.4 81.7 109.4 133.7
-9999.0 -9999.0 -9999.0 -9999.0 -9999.0 -9999.0 -9999.0 -9999.0 -9999.0 -9999.0 -9999.0 -9999.0 -9999.0 -9999.0 -9999.0 -9999.0 -9999.0 -9999.0 -9999.0 -9999.0 -9999.0 -9999.0 -9999.0 -9999.0 -9999.0 159.9 81.0 25.3 17.0 13.3 7.5 7.3 8.3 8.9 8.2 10.8 20.0 8.1 17.3 13.1 27.0 15.8 8.7 13.5 61.6 115.9 100.8 189.7 39.4 63.1 47.3 45.1 49.3 45.2 27.1 15.3 18.1 10.3 22.5 19.2 15.5 15.1 41.3 18.2 30.6 46.6 47.1 42.9 39.8 43.7 49.6 60.8 69.0 86.7 92.5 85.8 94.5 128.3
-9999.0 -9999.0 -9999.0 -9999.0 -9999.0 -9999.0 -9999.0 -9999.0 -9999.0 -9999.0 -9999.0 -9999.0 -9999.0 -9999.0 -9999.0 -9999.0 -9999.0 -9999.0 -9999.0 -9999.0 -9999.0 -9999.0 -9999.0 -9999.0 -9999.0 -9999.0 -9999.0 168.2 140.2 59.7 43.3 36.8 30.3 32.5 30.6 23.7 18.6 15.2 8.0 14.8 25.2 9.7 16.8 51.0 77.5 117.5 161.5 198.2 231.6 148.3 236.5 234.0 88.8 84.4 56.7 38.1 13.7 6.7 17.5 9.0 4.7 17.1 9.8 12.8 23.3 32.1 36.6 25.8 24.9 29.3 36.4 51.3 57.2 77.8 82.4 83.5 106.5 122.1
-9999.0 -9999.0 -9999.0 -9999.0 -9999.0 -9999.0 -9999.0 -9999.0 -9999.0 -9999.0 -9999.0 -9999.0 -9999.0 -9999.0 -9999.0 -9999.0 -9999.0 -9999.0 -9999.0 -9999.0 -9999.0 -9999.0 -9999.0 -9999.0 -9999.0 -9999.0 -9999.0 -9999.0 -9999.0 -9999.0 -9999.0 -9999.0 -9999.0 67.1 61.1 -9999.0 -9999.0 -9999.0 18.0 17.8 13.7 18.3 21.2 58.1 87.4 113.3 -9999.0 -9999.0 -9999.0 -9999.0 -9999.0 -9999.0 173.7 99.0 87.3 36.9 12.7 4.9 4.9 4.9 7.7 13.9 9.7 10.3 12.7 18.2 21.7 21.1 19.6 18.9 22.3 35.7 50.8 63.2 81.7 84.5 101.2 105.1
-9999.0 -9999.0 -9999.0 -9999.0 -9999.0 -9999.0 -9999.0 -9999.0 -9999.0 -9999.0 -9999.0 -9999.0 -9999.0 -9999.0 -9999.0 -9999.0 -9999.0 -9999.0 -9999.0 -9999.0 -9999.0 -9999.0 -9999.0 -9999.0 -9999.0 -9999.0 -9999.0 -9999.0 -9999.0 -9999.0 -9999.0 -9999.0 -9999.0 -9999.0 -9999.0 -9999.0 -9999.0 -9999.0 -9999.0 35.7 35.2 39.0 46.6 58.1 -9999.0 -9999.0 -9999.0 -9999.0 -9999.0 -9999.0 -9999.0 -9999.0 166.0 107.2 74.0 32.5 8.0 2.9 2.5 3.4 5.1 7.7 9.0 6.6 10.5 12.8 14.3 11.7 11.0 14.9 20.2 27.5 35.5 54.4 67.9 78.1 88.3 100.5
-9999.0 -9999.0 -9999.0 -9999.0 -9999.0 -9999.0 -9999.0 -9999.0 -9999.0 -9999.0 -9999.0 -9999.0 -9999.0 -9999.0 -9999.0 -9999.0 -9999.0 -9999.0 -9999.0 -9999.0 -9999.0 -9999.0 -9999.0 -9999.0 -9999.0 -9999.0 -9999.0 -9999.0 -9999.0 -9999.0 -9999.0 -9999.0 -9999.0 -9999.0 -9999.0 -9999.0 -9999.0 -9999.0 -9999.0 -9999.0 -9999.0 -9999.0 -9999.0 -9999.0 -9999.0 -9999.0 -9999.0 -9999.0 -9999.0 -9999.0 -9999.0 -9999.0 146.0 103.1 63.4 35.1 7.5 2.2 1.6 2.3 2.4 3.0 16.3 5.0 8.0 8.3 7.3 6.5 6.5 9.2 14.9 24.0 39.9 44.4 53.0 68.3 81.5 101.9
-9999.0 -9999.0 -9999.0 -9999.0 -9999.0 -9999.0 -9999.0 -9999.0 -9999.0 -9999.0 -9999.0 -9999.0 -9999.0 -9999.0 -9999.0 -9999.0 -9999.0 -9999.0 -9999.0 -9999.0 -9999.0 -9999.0 -9999.0 -9999.0 -9999.0 -9999.0 -9999.0 -9999.0 -9999.0 -9999.0 -9999.0 -9999.0 -9999.0 -9999.0 -9999.0 -9999.0 -9999.0 -9999.0 -9999.0 -9999.0 -9999.0 -9999.0 -9999.0 -9999.0 -9999.0 -9999.0 -9999.0 -9999.0 -9999.0 -9999.0 -9999.0 97.4 91.0 84.4 40.9 23.6 9.1 4.5 2.0 0.4 2.6 2.5 1.8 4.2 7.3 8.6 6.6 3.6 5.0 6.6 12.2 21.6 31.0 41.0 49.5 69.4 84.6 121.6
-9999.0 -9999.0 -9999.0 -9999.0 -9999.0 -9999.0 -9999.0 -9999.0 -9999.0 -9999.0 -9999.0 -9999.0 -9999.0 -9999.0 -9999.0 -9999.0 -9999.0 -9999.0 -9999.0 -9999.0 -9999.0 -9999.0 -9999.0 -9999.0 -9999.0 -9999.0 -9999.0 -9999.0 -9999.0 -9999.0 -9999.0 -9999.0 -9999.0 -9999.0 -9999.0 -9999.0 -9999.0 -9999.0 -9999.0 -9999.0 -9999.0 -9999.0 -9999.0 -9999.0 -9999.0 -9999.0 -9999.0 -9999.0 -9999.0 -9999.0 41.6 65.3 65.0 59.5 32.7 23.4 11.3 4.8 2.5 2.0 0.9 2.0 1.9 5.1 9.6 11.2 10.0 5.5 6.5 6.7 12.9 21.5 32.5 41.1 50.0 65.8 114.4 98.6
-9999.0 -9999.0 -9999.0 -9999.0 -9999.0 -9999.0 -9999.0 -9999.0 -9999.0 -9999.0 -9999.0 -9999.0 -9999.0 -9999.0 -9999.0 -9999.0 -9999.0 -9999.0 -9999.0 -9999.0 -9999.0 -9999.0 -9999.0 -9999.0 -9999.0 -9999.0 -9999.0 -9999.0 -9999.0 -9999.0 -9999.0 -9999.0 -9999.0 -9999.0 -9999.0 -9999.0 -9999.0 -9999.0 -9999.0 -9999.0 -9999.0 -9999.0 -9999.0 -9999.0 -9999.0 -9999.0 -9999.0 -9999.0 -9999.0 -9999.0 13.9 50.2 22.5 36.3 32.6 20.5 6.8 8.9 4.7 1.8 1.1 1.5 2.5 6.2 10.9 10.1 9.2 5.4 5.8 6.7 13.4 23.5 33.4 40.3 50.1 70.7 86.6 107.6
-9999.0 -9999.0 -9999.0 -9999.0 -9999.0 -9999.0 -9999.0 -9999.0 -9999.0 -9999.0 -9999.0 -9999.0 -9999.0 -9999.0 -9999.0 -9999.0 -9999.0 -9999.0 -9999.0 -9999.0 -9999.0 -9999.0 -9999.0 -9999.0 -9999.0 -9999.0 -9999.0 -9999.0 -9999.0 -9999.0 -9999.0 -9999.0 -9999.0 -9999.0 -9999.0 -9999.0 -9999.0 -9999.0 -9999.0 -9999.0 -9999.0 -9999.0 -9999.0 -9999.0 -9999.0 -9999.0 -9999.0 -9999.0 -9999.0 -9999.0 1.1 6.7 4.8 38.1 16.6 13.4 17.9 7.6 6.4 2.8 3.6 4.4 5.5 6.8 9.2 9.0 7.9 5.9 4.7 9.4 12.7 24.5 31.0 35.2 41.7 57.4 68.4 87.2
-9999.0 -9999.0 -9999.0 -9999.0 -9999.0 -9999.0 -9999.0 -9999.0 -9999.0 -9999.0 -9999.0 -9999.0 -9999.0 -9999.0 -9999.0 -9999.0 -9999.0 -9999.0 -9999.0 -9999.0 -9999.0 -9999.0 -9999.0 -9999.0 -9999.0 -9999.0 -9999.0 -9999.0 -9999.0 -9999.0 -9999.0 -9999.0 -9999.0 -9999.0 -9999.0 -9999.0 -9999.0 -9999.0 -9999.0 -9999.0 -9999.0 -9999.0 -9999.0 -9999.0 -9999.0 -9999.0 -9999.0 -9999.0 -9999.0 -9999.0 1.4 11.0 8.3 18.5 19.4 20.5 4.4 6.8 6.8 6.5 9.8 10.8 9.1 10.4 10.4 9.5 10.1 9.9 11.5 4.6 12.0 20.5 28.6 31.8 36.4 51.1 63.3 78.5
-9999.0 -9999.0 -9999.0 -9999.0 -9999.0 -9999.0 -9999.0 -9999.0 -9999.0 -9999.0 -9999.0 -9999.0 -9999.0 -9999.0 -9999.0 -9999.0 -9999.0 -9999.0 -9999.0 -9999.0 -9999.0 -9999.0 -9999.0 -9999.0 -9999.0 -9999.0 -9999.0 -9999.0 -9999.0 -9999.0 -9999.0 -9999.0 -9999.0 -9999.0 -9999.0 -9999.0 -9999.0 -9999.0 -9999.0 -9999.0 -9999.0 -9999.0 -9999.0 -9999.0 -9999.0 -9999.0 -9999.0 -9999.0 -9999.0 -9999.0 -9999.0 -9999.0 -9999.0 6.9 9.9 8.6 6.7 7.5 5.8 12.5 25.5 20.1 27.8 20.4 15.9 13.4 14.8 12.6 14.0 12.5 12.8 18.8 27.1 32.9 39.3 51.8 61.0 66.9
-9999.0 -9999.0 -9999.0 -9999.0 -9999.0 -9999.0 -9999.0 -9999.0 -9999.0 -9999.0 -9999.0 -9999.0 -9999.0 -9999.0 -9999.0 -9999.0 -9999.0 -9999.0 -9999.0 -9999.0 -9999.0 -9999.0 -9999.0 -9999.0 -9999.0 -9999.0 -9999.0 -9999.0 -9999.0 -9999.0 -9999.0 -9999.0 -9999.0 -9999.0 -9999.0 -9999.0 -9999.0 -9999.0 -9999.0 -9999.0 -9999.0 -9999.0 -9999.0 -9999.0 -9999.0 -9999.0 -9999.0 -9999.0 -9999.0 -9999.0 -9999.0 -9999.0 -9999.0 3.3 3.2 14.3 3.8 3.3 10.4 27.2 33.5 37.2 47.0 37.6 30.4 24.4 19.6 22.0 14.9 13.3 13.3 19.1 28.1 35.7 41.3 43.6 46.2 43.8
-9999.0 -9999.0 -9999.0 -9999.0 -9999.0 -9999.0 -9999.0 -9999.0 -9999.0 -9999.0 -9999.0 -9999.0 -9999.0 -9999.0 -9999.0 -9999.0 -9999.0 -9999.0 -9999.0 -9999.0 -9999.0 -9999.0 -9999.0 -9999.0 -9999.0 -9999.0 -9999.0 -9999.0 -9999.0 -9999.0 -9999.0 -9999.0 -9999.0 -9999.0 -9999.0 -9999.0 -9999.0 -9999.0 -9999.0 -9999.0 -9999.0 -9999.0 -9999.0 -9999.0 -9999.0 -9999.0 -9999.0 -9999.0 -9999.0 -9999.0 -9999.0 -9999.0 -9999.0 0.9 0.1 3.4 3.0 3.9 13.1 28.7 50.3 60.7 68.9 62.6 48.6 -9999.0 -9999.0 -9999.0 23.9 17.4 17.9 22.9 29.3 34.9 37.3 35.0 33.3 30.1
-9999.0 -9999.0 -9999.0 -9999.0 -9999.0 -9999.0 -9999.0 -9999.0 -9999.0 -9999.0 -9999.0 -9999.0 -9999.0 -9999.0 -9999.0 -9999.0 -9999.0 -9999.0 -9999.0 -9999.0 -9999.0 -9999.0 -9999.0 -9999.0 -9999.0 -9999.0 -9999.0 -9999.0 -9999.0 -9999.0 -9999.0 -9999.0 -9999.0 -9999.0 -9999.0 -9999.0 -9999.0 -9999.0 -9999.0 -9999.0 -9999.0 -9999.0 -9999.0 -9999.0 -9999.0 -9999.0 -9999.0 -9999.0 -9999.0 -9999.0 -9999.0 -9999.0 -9999.0 -9999.0 0.3 0.7 0.4 2.1 16.3 40.0 47.6 -9999.0 -9999.0 -9999.0 -9999.0 -9999.0 -9999.0 -9999.0 29.0 26.7 28.3 26.9 29.8 32.2 31.9 30.0 28.0 25.7
-9999.0 -9999.0 -9999.0 -9999.0 -9999.0 -9999.0 -9999.0 -9999.0 -9999.0 -9999.0 -9999.0 -9999.0 -9999.0 -9999.0 -9999.0 -9999.0 -9999.0 -9999.0 -9999.0 -9999.0 -9999.0 -9999.0 -9999.0 -9999.0 -9999.0 -9999.0 -9999.0 -9999.0 -9999.0 -9999.0 -9999.0 -9999.0 -9999.0 -9999.0 -9999.0 -9999.0 -9999.0 -9999.0 -9999.0 -9999.0 -9999.0 -9999.0 -9999.0 -9999.0 -9999.0 -9999.0 -9999.0 -9999.0 -9999.0 -9999.0 -9999.0 -9999.0 -9999.0 -9999.0 -9999.0 0.1 5.5 5.0 13.1 36.0 54.9 -9999.0 -9999.0 -9999.0 -9999.0 -9999.0 -9999.0 -9999.0 -9999.0 -9999.0 32.6 -9999.0 -9999.0 -9999.0 -9999.0 -9999.0 22.6 -9999.0
-9999.0 -9999.0 -9999.0 -9999.0 -9999.0 -9999.0 -9999.0 -9999.0 -9999.0 -9999.0 -9999.0 -9999.0 -9999.0 -9999.0 -9999.0 -9999.0 -9999.0 -9999.0 -9999.0 -9999.0 -9999.0 -9999.0 -9999.0 -9999.0 -9999.0 -9999.0 -9999.0 -9999.0 -9999.0 -9999.0 -9999.0 -9999.0 -9999.0 -9999.0 -9999.0 -9999.0 -9999.0 -9999.0 -9999.0 -9999.0 -9999.0 -9999.0 -9999.0 -9999.0 -9999.0 -9999.0 -9999.0 -9999.0 -9999.0 -9999.0 -9999.0 -9999.0 -9999.0 -9999.0 -9999.0 -9999.0 -9999.0 -9999.0 16.9 30.0 -9999.0 -9999.0 -9999.0 -9999.0 -9999.0 -9999.0 -9999.0 -9999.0 -9999.0 -9999.0 -9999.0 -9999.0 -9999.0 -9999.0 -9999.0 21.5 20.6 -9999.0
-9999.0 -9999.0 -9999.0 -9999.0 -9999.0 -9999.0 -9999.0 -9999.0 -9999.0 -9999.0 -9999.0 -9999.0 -9999.0 -9999.0 -9999.0 -9999.0 -9999.0 -9999.0 -9999.0 -9999.0 -9999.0 -9999.0 -9999.0 -9999.0 -9999.0 -9999.0 -9999.0 -9999.0 -9999.0 -9999.0 -9999.0 -9999.0 -9999.0 -9999.0 -9999.0 -9999.0 -9999.0 -9999.0 -9999.0 -9999.0 -9999.0 -9999.0 -9999.0 -9999.0 -9999.0 -9999.0 -9999.0 -9999.0 -9999.0 -9999.0 -9999.0 -9999.0 -9999.0 -9999.0 -9999.0 -9999.0 -9999.0 -9999.0 -9999.0 -9999.0 -9999.0 -9999.0 -9999.0 -9999.0 -9999.0 -9999.0 -9999.0 -9999.0 -9999.0 -9999.0 -9999.0 -9999.0 -9999.0 -9999.0 -9999.0 -9999.0 -9999.0 -9999.0
