program/excelProcessViaJava/data/SURF_CLI_CHN_PRE_MON_GRID_0.5-200002.txt
NCOLS      128
NROWS       72
XLLCORNER    72.000000000000    
YLLCORNER    18.000000000000    
CELLSIZE    0.50000000000000    
NODATA_VALUE   -9999.000    
[rows 35 to 69 of 72, columns 0 to 79 of 128]
-9999.0 -9999.0 -9999.0 -9999.0 -9999.0 -9999.0 -9999.0 0.1 0.2 0.1 0.6 0.7 0.3 0.5 0.5 0.6 0.5 0.9 1.3 0.6 0.2 0.2 0.2 0.2 0.2 0.2 0.4 0.7 1.2 2.1 2.7 3.4 3.9 4.8 5.9 5.0 6.2 4.9 5.8 5.2 1.2 4.3 3.0 1.2 0.5 0.3 0.4 0.3 0.7 0.5 1.0 2.3 4.2 6.7 4.2 0.5 0.3 0.6 2.6 3.9 6.2 4.3 4.9 6.4 8.1 5.6 7.0 6.7 4.0 3.3 2.5 2.9 4.8 5.5 4.0 5.1 2.8 5.1 7.3 1.7
-9999.0 -9999.0 -9999.0 -9999.0 -9999.0 -9999.0 -9999.0 0.5 0.1 0.3 0.5 0.4 0.6 1.0 0.7 1.3 0.8 0.8 0.9 0.6 0.4 0.4 0.3 0.3 0.3 0.4 0.5 1.0 1.1 1.6 2.8 3.6 4.4 6.0 5.4 5.8 5.2 5.7 4.9 3.7 3.3 2.7 2.7 5.1 1.5 0.7 1.0 1.3 3.8 3.8 7.7 7.1 4.8 4.2 4.8 0.6 0.1 0.3 1.9 4.4 5.1 7.3 7.8 10.5 8.6 7.6 7.0 6.0 6.1 3.0 2.9 4.5 6.8 8.2 4.4 9.1 7.8 3.6 1.7 2.2
-9999.0 -9999.0 -9999.0 -9999.0 -9999.0 -9999.0 -9999.0 -9999.0 -9999.0 0.3 0.3 0.4 0.7 0.8 0.8 0.9 1.0 1.4 0.9 1.0 0.7 0.5 0.4 0.4 0.4 0.4 0.6 0.9 1.2 2.2 2.3 3.3 4.2 5.4 5.0 5.2 5.0 5.3 4.3 4.2 3.1 3.2 2.7 2.2 2.9 2.7 2.8 3.0 4.1 5.2 7.0 6.3 5.2 3.9 4.9 1.2 0.2 0.3 2.9 4.7 6.7 10.3 13.4 8.7 10.6 9.2 7.7 6.9 8.1 5.2 5.1 5.8 6.9 8.8 11.4 4.6 4.0 3.2 2.3 2.1
-9999.0 -9999.0 -9999.0 -9999.0 -9999.0 -9999.0 -9999.0 -9999.0 -9999.0 -9999.0 -9999.0 0.7 0.6 1.0 1.0 1.1 1.1 1.1 1.0 0.9 0.8 0.7 0.6 0.5 0.6 0.6 0.8 1.1 1.4 1.9 2.5 3.9 4.2 5.0 5.2 7.1 5.6 5.4 8.1 4.7 5.2 3.9 3.3 3.1 5.4 3.5 6.0 4.6 6.2 7.0 6.7 6.7 5.8 5.7 6.4 4.2 2.1 3.2 4.2 6.1 9.7 9.1 8.7 8.5 11.8 8.0 6.5 8.1 8.8 7.4 6.3 6.4 5.7 5.3 5.7 6.6 6.7 6.0 3.7 3.3
-9999.0 -9999.0 -9999.0 -9999.0 -9999.0 -9999.0 -9999.0 -9999.0 -9999.0 -9999.0 -9999.0 -9999.0 0.8 1.0 1.1 1.3 1.3 1.2 1.1 1.0 1.0 0.8 0.7 0.7 0.8 0.7 0.8 1.0 1.4 2.1 2.5 3.3 4.1 5.6 6.3 6.3 8.5 6.2 5.1 4.4 4.2 4.4 4.8 6.2 6.4 6.9 7.7 5.5 6.9 8.5 10.9 10.1 7.9 6.2 6.2 6.5 6.6 8.8 4.1 10.3 10.0 13.4 13.7 10.3 7.1 14.7 9.3 10.8 9.8 7.9 5.0 5.3 5.2 5.3 5.7 18.3 10.4 9.2 6.0 13.1
-9999.0 -9999.0 -9999.0 -9999.0 -9999.0 -9999.0 -9999.0 -9999.0 -9999.0 -9999.0 -9999.0 -9999.0 1.1 1.4 1.9 1.4 2.0 1.6 1.2 1.1 1.0 0.8 0.8 0.8 1.0 0.8 0.8 1.0 1.2 1.6 2.2 3.3 4.0 4.9 6.0 6.0 7.8 7.8 6.7 5.9 5.2 5.8 8.8 8.1 10.6 12.3 9.5 8.1 6.9 10.1 11.0 11.3 9.1 8.8 6.7 7.8 6.6 7.9 5.4 6.0 6.5 7.3 12.5 17.8 5.2 11.0 4.9 6.2 5.3 5.0 6.7 12.0 14.2 6.8 6.8 6.3 7.4 12.1 10.1 9.9
-9999.0 -9999.0 -9999.0 -9999.0 -9999.0 -9999.0 -9999.0 -9999.0 -9999.0 -9999.0 -9999.0 -9999.0 -9999.0 1.5 1.4 2.5 1.8 2.1 2.1 1.8 1.4 1.6 1.0 1.4 1.1 0.7 0.7 0.7 0.9 1.3 1.8 2.4 3.6 4.8 4.8 5.6 6.1 6.9 11.5 8.3 7.9 9.8 11.2 15.2 14.9 14.1 14.3 13.4 12.1 11.4 11.6 10.4 9.6 12.9 11.0 9.5 7.7 8.7 13.1 9.3 8.6 6.8 11.6 5.8 1.9 5.6 9.9 8.0 6.3 3.9 2.4 2.8 4.4 4.6 7.4 6.0 7.3 8.7 9.7 9.8
-9999.0 -9999.0 -9999.0 -9999.0 -9999.0 -9999.0 -9999.0 -9999.0 -9999.0 -9999.0 -9999.0 -9999.0 1.7 1.6 1.7 2.4 1.6 1.9 1.8 2.8 2.6 2.3 1.7 1.7 1.7 0.7 0.7 0.8 0.8 0.9 1.2 1.8 2.9 3.6 4.7 5.0 6.7 5.4 5.6 6.6 11.2 15.6 19.7 16.4 19.6 20.0 16.5 10.9 9.1 8.6 10.7 12.4 9.9 11.2 10.0 9.3 10.7 5.1 7.9 5.2 6.2 11.1 11.5 20.4 12.5 8.5 4.4 4.1 6.6 9.2 6.8 3.1 1.7 2.8 4.2 6.2 9.7 12.1 12.4 11.5
-9999.0 -9999.0 -9999.0 -9999.0 -9999.0 -9999.0 -9999.0 -9999.0 -9999.0 -9999.0 -9999.0 -9999.0 1.9 3.4 3.0 1.7 1.7 3.1 3.1 2.0 3.5 2.2 2.2 2.1 2.3 2.1 1.4 0.9 0.7 0.7 0.9 1.1 1.9 2.4 3.1 4.0 4.0 4.6 4.8 4.5 6.7 9.3 13.6 18.3 21.4 21.9 21.1 14.9 9.5 3.5 4.5 8.1 7.4 7.9 8.8 8.2 8.9 9.7 7.4 11.5 15.3 21.9 10.3 9.3 9.6 7.7 6.5 3.0 3.3 5.9 5.2 2.8 1.8 2.6 5.2 6.2 10.2 10.5 12.1 11.9
-9999.0 -9999.0 -9999.0 -9999.0 -9999.0 -9999.0 -9999.0 -9999.0 -9999.0 -9999.0 -9999.0 -9999.0 5.2 2.8 4.9 4.0 4.0 2.0 2.8 2.8 1.7 1.5 2.8 1.9 2.1 0.8 0.8 0.2 0.5 0.4 0.4 0.5 1.0 1.5 2.1 2.8 3.1 3.5 3.3 5.0 6.0 8.3 17.1 15.5 21.0 23.8 21.1 11.9 3.5 2.2 3.0 3.1 10.5 12.4 9.9 7.1 8.7 10.3 12.1 8.7 10.7 14.8 39.3 11.4 7.5 15.4 5.1 1.5 2.4 6.1 7.7 5.4 3.5 4.5 20.3 7.7 15.0 8.3 9.8 10.2
-9999.0 -9999.0 -9999.0 -9999.0 -9999.0 -9999.0 -9999.0 -9999.0 -9999.0 -9999.0 -9999.0 -9999.0 -9999.0 3.1 3.1 5.0 4.3 4.8 3.2 2.8 1.8 3.3 2.4 1.8 3.1 1.8 1.2 0.8 0.1 0.3 0.1 0.1 0.4 0.8 1.3 2.9 3.5 2.5 3.1 3.5 5.5 14.0 20.4 21.6 18.0 16.8 15.7 4.6 5.8 2.9 1.0 4.2 4.0 3.3 8.1 9.6 5.3 6.5 11.8 24.6 25.1 60.2 37.3 6.4 16.3 7.3 1.7 0.7 2.3 6.5 9.6 8.9 6.3 5.0 4.6 4.4 5.0 6.7 9.3 8.2
-9999.0 -9999.0 -9999.0 -9999.0 -9999.0 -9999.0 -9999.0 -9999.0 -9999.0 -9999.0 -9999.0 -9999.0 -9999.0 12.8 4.6 6.8 4.1 7.0 6.5 5.4 3.2 3.2 2.8 3.0 6.2 2.9 1.3 1.1 0.2 0.0 0.0 0.0 0.1 0.3 1.0 1.9 1.7 2.1 3.6 9.5 7.0 11.5 16.2 19.0 24.8 15.7 11.3 3.0 1.9 1.1 2.1 0.6 2.4 5.2 8.0 6.9 3.8 5.6 13.5 9.5 30.7 16.3 8.8 25.0 12.7 3.2 0.5 0.6 2.6 6.5 9.6 10.3 8.6 6.7 5.9 7.2 11.8 8.4 9.8 8.9
-9999.0 -9999.0 -9999.0 -9999.0 -9999.0 -9999.0 -9999.0 -9999.0 -9999.0 -9999.0 -9999.0 -9999.0 -9999.0 -9999.0 -9999.0 9.5 10.6 8.4 10.1 12.3 6.9 9.3 9.7 7.6 5.0 3.5 0.4 0.2 0.0 0.0 0.0 0.0 0.0 0.1 0.4 2.2 4.2 1.1 2.6 4.5 9.8 13.5 15.3 15.3 10.5 6.4 6.9 1.0 1.8 0.2 0.5 3.9 1.1 1.8 0.2 3.0 3.9 0.3 14.8 27.6 11.6 6.3 32.7 26.6 14.5 4.6 1.4 1.7 3.4 6.8 9.6 10.6 13.3 11.6 9.6 15.8 17.0 22.4 16.2 15.3
-9999.0 -9999.0 -9999.0 -9999.0 -9999.0 -9999.0 -9999.0 -9999.0 -9999.0 -9999.0 -9999.0 -9999.0 -9999.0 -9999.0 -9999.0 -9999.0 -9999.0 96.3 43.8 -9999.0 34.2 14.7 22.8 20.4 9.0 6.8 0.9 0.4 0.1 0.0 0.0 0.0 0.0 0.0 0.1 0.6 4.2 0.4 2.5 4.2 6.9 12.2 11.3 10.2 7.7 4.6 6.3 6.0 0.6 1.1 0.3 0.5 0.2 1.8 2.8 3.3 0.9 7.3 11.1 22.5 0.5 7.3 29.2 32.5 18.5 7.9 4.5 4.3 5.7 8.4 8.9 17.8 19.7 13.8 17.7 24.9 25.0 24.7 26.1 26.7
-9999.0 -9999.0 -9999.0 -9999.0 -9999.0 -9999.0 -9999.0 -9999.0 -9999.0 -9999.0 -9999.0 -9999.0 -9999.0 -9999.0 -9999.0 -9999.0 -9999.0 -9999.0 -9999.0 -9999.0 -9999.0 38.4 27.5 13.7 17.3 26.1 15.1 5.9 0.6 0.1 0.0 0.1 0.0 0.1 0.2 0.8 1.2 1.3 1.1 1.3 2.0 8.9 9.9 8.0 6.4 4.4 15.1 1.5 5.9 30.8 1.7 7.3 6.4 1.6 2.5 4.5 4.7 1.8 20.9 13.5 0.1 1.0 17.0 25.2 23.2 13.8 10.7 10.0 10.7 11.7 12.9 18.9 18.6 14.7 19.3 25.5 27.0 27.3 36.0 43.2
-9999.0 -9999.0 -9999.0 -9999.0 -9999.0 -9999.0 -9999.0 -9999.0 -9999.0 -9999.0 -9999.0 -9999.0 -9999.0 -9999.0 -9999.0 -9999.0 -9999.0 -9999.0 -9999.0 -9999.0 -9999.0 -9999.0 -9999.0 114.5 47.3 41.8 29.2 12.4 0.9 0.4 0.0 0.0 0.0 0.1 0.8 2.2 4.7 3.0 5.8 6.9 5.5 8.1 3.5 2.6 5.2 25.6 4.6 2.9 4.2 5.7 3.4 8.1 6.1 7.8 5.0 0.7 2.8 8.1 0.0 10.8 0.2 2.6 5.6 8.3 13.0 18.5 19.7 18.9 16.2 15.4 19.4 19.9 19.9 25.4 25.5 30.7 37.6 40.0 47.8 59.4
-9999.0 -9999.0 -9999.0 -9999.0 -9999.0 -9999.0 -9999.0 -9999.0 -9999.0 -9999.0 -9999.0 -9999.0 -9999.0 -9999.0 -9999.0 -9999.0 -9999.0 -9999.0 -9999.0 -9999.0 -9999.0 -9999.0 -9999.0 -9999.0 -9999.0 198.3 86.6 6.0 2.5 0.4 0.1 0.2 0.3 0.5 1.7 4.3 10.1 5.9 9.6 5.0 8.7 2.4 4.5 3.9 16.8 28.9 16.4 41.2 5.1 8.6 11.9 13.3 17.4 17.8 9.9 4.6 3.9 1.1 8.1 9.2 10.9 13.3 52.5 10.2 14.2 23.5 26.9 21.2 20.4 22.0 19.6 21.2 19.9 32.9 39.0 39.6 43.8 50.1 62.2 63.7
-9999.0 -9999.0 -9999.0 -9999.0 -9999.0 -9999.0 -9999.0 -9999.0 -9999.0 -9999.0 -9999.0 -9999.0 -9999.0 -9999.0 -9999.0 -9999.0 -9999.0 -9999.0 -9999.0 -9999.0 -9999.0 -9999.0 -9999.0 -9999.0 -9999.0 -9999.0 -9999.0 212.9 172.1 40.7 18.8 10.5 1.1 8.3 4.1 15.1 6.4 6.1 3.8 3.9 5.0 1.0 6.1 17.8 21.4 29.2 38.7 45.1 52.1 27.5 58.9 67.7 28.5 28.7 19.3 11.7 2.5 0.8 6.0 4.7 9.7 24.4 13.8 13.1 16.5 17.5 27.7 28.1 22.0 20.7 21.5 29.3 22.3 34.5 37.3 42.4 56.3 57.9 51.9 54.8
-9999.0 -9999.0 -9999.0 -9999.0 -9999.0 -9999.0 -9999.0 -9999.0 -9999.0 -9999.0 -9999.0 -9999.0 -9999.0 -9999.0 -9999.0 -9999.0 -9999.0 -9999.0 -9999.0 -9999.0 -9999.0 -9999.0 -9999.0 -9999.0 -9999.0 -9999.0 -9999.0 -9999.0 -9999.0 -9999.0 -9999.0 -9999.0 -9999.0 40.8 10.5 -9999.0 -9999.0 -9999.0 11.6 4.5 4.7 7.2 4.8 20.3 27.1 29.3 -9999.0 -9999.0 -9999.0 -9999.0 -9999.0 -9999.0 49.5 30.6 24.0 8.5 2.4 1.5 2.5 7.0 15.8 28.3 24.1 19.3 16.7 18.8 23.0 24.6 23.9 22.9 21.9 29.9 34.4 31.1 44.5 45.6 63.0 54.1 50.2 49.6
-9999.0 -9999.0 -9999.0 -9999.0 -9999.0 -9999.0 -9999.0 -9999.0 -9999.0 -9999.0 -9999.0 -9999.0 -9999.0 -9999.0 -9999.0 -9999.0 -9999.0 -9999.0 -9999.0 -9999.0 -9999.0 -9999.0 -9999.0 -9999.0 -9999.0 -9999.0 -9999.0 -9999.0 -9999.0 -9999.0 -9999.0 -9999.0 -9999.0 -9999.0 -9999.0 -9999.0 -9999.0 -9999.0 -9999.0 34.5 28.1 25.0 23.4 22.4 -9999.0 -9999.0 -9999.0 -9999.0 -9999.0 -9999.0 -9999.0 -9999.0 41.3 30.6 17.9 6.0 1.7 1.9 4.6 9.5 16.7 26.8 29.1 20.7 20.0 22.9 27.2 27.3 24.8 26.6 30.2 29.3 25.5 39.6 40.6 51.7 60.3 57.6 59.8 54.1
-9999.0 -9999.0 -9999.0 -9999.0 -9999.0 -9999.0 -9999.0 -9999.0 -9999.0 -9999.0 -9999.0 -9999.0 -9999.0 -9999.0 -9999.0 -9999.0 -9999.0 -9999.0 -9999.0 -9999.0 -9999.0 -9999.0 -9999.0 -9999.0 -9999.0 -9999.0 -9999.0 -9999.0 -9999.0 -9999.0 -9999.0 -9999.0 -9999.0 -9999.0 -9999.0 -9999.0 -9999.0 -9999.0 -9999.0 -9999.0 -9999.0 -9999.0 -9999.0 -9999.0 -9999.0 -9999.0 -9999.0 -9999.0 -9999.0 -9999.0 -9999.0 -9999.0 30.2 29.3 15.4 11.0 3.6 3.8 7.2 13.0 17.6 24.4 41.4 19.3 18.8 24.2 31.1 29.7 24.9 24.0 26.0 27.6 44.3 41.0 50.3 52.2 64.8 62.4 60.7 61.5
-9999.0 -9999.0 -9999.0 -9999.0 -9999.0 -9999.0 -9999.0 -9999.0 -9999.0 -9999.0 -9999.0 -9999.0 -9999.0 -9999.0 -9999.0 -9999.0 -9999.0 -9999.0 -9999.0 -9999.0 -9999.0 -9999.0 -9999.0 -9999.0 -9999.0 -9999.0 -9999.0 -9999.0 -9999.0 -9999.0 -9999.0 -9999.0 -9999.0 -9999.0 -9999.0 -9999.0 -9999.0 -9999.0 -9999.0 -9999.0 -9999.0 -9999.0 -9999.0 -9999.0 -9999.0 -9999.0 -9999.0 -9999.0 -9999.0 -9999.0 -9999.0 19.0 23.6 27.4 14.9 13.1 10.9 13.5 15.9 8.8 26.7 26.7 21.0 18.5 19.9 26.9 34.3 29.7 24.8 22.1 23.6 26.9 28.7 33.1 43.0 51.1 66.6 61.0 61.6 60.8
-9999.0 -9999.0 -9999.0 -9999.0 -9999.0 -9999.0 -9999.0 -9999.0 -9999.0 -9999.0 -9999.0 -9999.0 -9999.0 -9999.0 -9999.0 -9999.0 -9999.0 -9999.0 -9999.0 -9999.0 -9999.0 -9999.0 -9999.0 -9999.0 -9999.0 -9999.0 -9999.0 -9999.0 -9999.0 -9999.0 -9999.0 -9999.0 -9999.0 -9999.0 -9999.0 -9999.0 -9999.0 -9999.0 -9999.0 -9999.0 -9999.0 -9999.0 -9999.0 -9999.0 -9999.0 -9999.0 -9999.0 -9999.0 -9999.0 -9999.0 7.1 21.5 28.8 31.5 27.4 26.8 25.1 22.4 24.2 26.5 23.2 25.9 18.4 19.0 26.5 35.1 34.3 27.5 24.9 22.5 25.2 26.8 28.6 35.4 45.3 57.8 56.9 66.2 56.5 57.1
-9999.0 -9999.0 -9999.0 -9999.0 -9999.0 -9999.0 -9999.0 -9999.0 -9999.0 -9999.0 -9999.0 -9999.0 -9999.0 -9999.0 -9999.0 -9999.0 -9999.0 -9999.0 -9999.0 -9999.0 -9999.0 -9999.0 -9999.0 -9999.0 -9999.0 -9999.0 -9999.0 -9999.0 -9999.0 -9999.0 -9999.0 -9999.0 -9999.0 -9999.0 -9999.0 -9999.0 -9999.0 -9999.0 -9999.0 -9999.0 -9999.0 -9999.0 -9999.0 -9999.0 -9999.0 -9999.0 -9999.0 -9999.0 -9999.0 -9999.0 4.0 29.1 18.5 38.8 41.5 39.8 26.9 37.5 31.1 22.5 18.5 18.8 17.0 19.8 28.4 30.5 26.7 18.8 18.5 19.0 23.9 28.0 31.3 34.4 40.6 48.1 57.8 55.3 58.0 57.6
-9999.0 -9999.0 -9999.0 -9999.0 -9999.0 -9999.0 -9999.0 -9999.0 -9999.0 -9999.0 -9999.0 -9999.0 -9999.0 -9999.0 -9999.0 -9999.0 -9999.0 -9999.0 -9999.0 -9999.0 -9999.0 -9999.0 -9999.0 -9999.0 -9999.0 -9999.0 -9999.0 -9999.0 -9999.0 -9999.0 -9999.0 -9999.0 -9999.0 -9999.0 -9999.0 -9999.0 -9999.0 -9999.0 -9999.0 -9999.0 -9999.0 -9999.0 -9999.0 -9999.0 -9999.0 -9999.0 -9999.0 -9999.0 -9999.0 -9999.0 2.1 11.0 12.3 48.5 39.4 39.2 44.5 40.1 32.1 23.6 20.4 19.4 17.8 19.5 22.0 21.2 15.9 12.3 12.0 19.3 21.4 36.3 37.1 46.5 48.5 52.4 60.6 52.3 54.6 53.4
-9999.0 -9999.0 -9999.0 -9999.0 -9999.0 -9999.0 -9999.0 -9999.0 -9999.0 -9999.0 -9999.0 -9999.0 -9999.0 -9999.0 -9999.0 -9999.0 -9999.0 -9999.0 -9999.0 -9999.0 -9999.0 -9999.0 -9999.0 -9999.0 -9999.0 -9999.0 -9999.0 -9999.0 -9999.0 -9999.0 -9999.0 -9999.0 -9999.0 -9999.0 -9999.0 -9999.0 -9999.0 -9999.0 -9999.0 -9999.0 -9999.0 -9999.0 -9999.0 -9999.0 -9999.0 -9999.0 -9999.0 -9999.0 -9999.0 -9999.0 9.3 25.4 27.6 42.2 45.3 47.3 38.6 42.3 37.3 36.5 30.0 28.9 29.9 22.6 19.5 16.9 15.9 14.2 19.7 13.6 25.5 37.1 50.0 58.8 56.6 55.3 53.6 43.9 44.3 38.9
-9999.0 -9999.0 -9999.0 -9999.0 -9999.0 -9999.0 -9999.0 -9999.0 -9999.0 -9999.0 -9999.0 -9999.0 -9999.0 -9999.0 -9999.0 -9999.0 -9999.0 -9999.0 -9999.0 -9999.0 -9999.0 -9999.0 -9999.0 -9999.0 -9999.0 -9999.0 -9999.0 -9999.0 -9999.0 -9999.0 -9999.0 -9999.0 -9999.0 -9999.0 -9999.0 -9999.0 -9999.0 -9999.0 -9999.0 -9999.0 -9999.0 -9999.0 -9999.0 -9999.0 -9999.0 -9999.0 -9999.0 -9999.0 -9999.0 -9999.0 -9999.0 -9999.0 -9999.0 34.2 39.4 41.8 43.8 45.2 44.6 49.3 32.7 58.5 36.8 35.5 25.2 19.4 20.6 17.6 26.0 31.9 37.1 45.7 55.2 58.3 53.3 43.8 38.0 31.0 28.2 27.2
-9999.0 -9999.0 -9999.0 -9999.0 -9999.0 -9999.0 -9999.0 -9999.0 -9999.0 -9999.0 -9999.0 -9999.0 -9999.0 -9999.0 -9999.0 -9999.0 -9999.0 -9999.0 -9999.0 -9999.0 -9999.0 -9999.0 -9999.0 -9999.0 -9999.0 -9999.0 -9999.0 -9999.0 -9999.0 -9999.0 -9999.0 -9999.0 -9999.0 -9999.0 -9999.0 -9999.0 -9999.0 -9999.0 -9999.0 -9999.0 -9999.0 -9999.0 -9999.0 -9999.0 -9999.0 -9999.0 -9999.0 -9999.0 -9999.0 -9999.0 -9999.0 -9999.0 -9999.0 34.6 36.2 44.0 37.1 36.2 43.3 45.8 65.3 67.1 65.1 52.3 39.7 30.4 23.3 34.5 34.3 41.7 44.5 48.2 52.6 49.1 39.7 35.3 25.5 23.8 20.3 21.5
-9999.0 -9999.0 -9999.0 -9999.0 -9999.0 -9999.0 -9999.0 -9999.0 -9999.0 -9999.0 -9999.0 -9999.0 -9999.0 -9999.0 -9999.0 -9999.0 -9999.0 -9999.0 -9999.0 -9999.0 -9999.0 -9999.0 -9999.0 -9999.0 -9999.0 -9999.0 -9999.0 -9999.0 -9999.0 -9999.0 -9999.0 -9999.0 -9999.0 -9999.0 -9999.0 -9999.0 -9999.0 -9999.0 -9999.0 -9999.0 -9999.0 -9999.0 -9999.0 -9999.0 -9999.0 -9999.0 -9999.0 -9999.0 -9999.0 -9999.0 -9999.0 -9999.0 -9999.0 31.5 24.7 31.3 25.0 23.3 33.7 48.6 68.4 86.0 85.8 76.0 48.5 -9999.0 -9999.0 -9999.0 52.0 48.9 49.2 48.3 42.3 33.5 28.3 28.0 20.1 18.6 36.9 20.7
-9999.0 -9999.0 -9999.0 -9999.0 -9999.0 -9999.0 -9999.0 -9999.0 -9999.0 -9999.0 -9999.0 -9999.0 -9999.0 -9999.0 -9999.0 -9999.0 -9999.0 -9999.0 -9999.0 -9999.0 -9999.0 -9999.0 -9999.0 -9999.0 -9999.0 -9999.0 -9999.0 -9999.0 -9999.0 -9999.0 -9999.0 -9999.0 -9999.0 -9999.0 -9999.0 -9999.0 -9999.0 -9999.0 -9999.0 -9999.0 -9999.0 -9999.0 -9999.0 -9999.0 -9999.0 -9999.0 -9999.0 -9999.0 -9999.0 -9999.0 -9999.0 -9999.0 -9999.0 -9999.0 23.3 18.6 10.6 12.0 29.1 49.9 66.8 -9999.0 -9999.0 -9999.0 -9999.0 -9999.0 -9999.0 -9999.0 51.4 55.6 58.9 39.6 28.7 23.6 20.6 19.1 19.4 19.1 20.5 -9999.0
-9999.0 -9999.0 -9999.0 -9999.0 -9999.0 -9999.0 -9999.0 -9999.0 -9999.0 -9999.0 -9999.0 -9999.0 -9999.0 -9999.0 -9999.0 -9999.0 -9999.0 -9999.0 -9999.0 -9999.0 -9999.0 -9999.0 -9999.0 -9999.0 -9999.0 -9999.0 -9999.0 -9999.0 -9999.0 -9999.0 -9999.0 -9999.0 -9999.0 -9999.0 -9999.0 -9999.0 -9999.0 -9999.0 -9999.0 -9999.0 -9999.0 -9999.0 -9999.0 -9999.0 -9999.0 -9999.0 -9999.0 -9999.0 -9999.0 -9999.0 -9999.0 -9999.0 -9999.0 -9999.0 -9999.0 10.7 15.3 14.0 26.1 50.8 72.6 -9999.0 -9999.0 -9999.0 -9999.0 -9999.0 -9999.0 -9999.0 -9999.0 -9999.0 40.9 -9999.0 -9999.0 -9999.0 -9999.0 -9999.0 18.6 -9999.0 -9999.0 -9999.0
-9999.0 -9999.0 -9999.0 -9999.0 -9999.0 -9999.0 -9999.0 -9999.0 -9999.0 -9999.0 -9999.0 -9999.0 -9999.0 -9999.0 -9999.0 -9999.0 -9999.0 -9999.0 -9999.0 -9999.0 -9999.0 -9999.0 -9999.0 -9999.0 -9999.0 -9999.0 -9999.0 -9999.0 -9999.0 -9999.0 -9999.0 -9999.0 -9999.0 -9999.0 -9999.0 -9999.0 -9999.0 -9999.0 -9999.0 -9999.0 -9999.0 -9999.0 -9999.0 -9999.0 -9999.0 -9999.0 -9999.0 -9999.0 -9999.0 -9999.0 -9999.0 -9999.0 -9999.0 -9999.0 -9999.0 -9999.0 -9999.0 -9999.0 27.9 46.0 -9999.0 -9999.0 -9999.0 -9999.0 -9999.0 -9999.0 -9999.0 -9999.0 -9999.0 -9999.0 -9999.0 -9999.0 -9999.0 -9999.0 -9999.0 16.7 19.0 -9999.0 -9999.0 -9999.0
-9999.0 -9999.0 -9999.0 -9999.0 -9999.0 -9999.0 -9999.0 -9999.0 -9999.0 -9999.0 -9999.0 -9999.0 -9999.0 -9999.0 -9999.0 -9999.0 -9999.0 -9999.0 -9999.0 -9999.0 -9999.0 -9999.0 -9999.0 -9999.0 -9999.0 -9999.0 -9999.0 -9999.0 -9999.0 -9999.0 -9999.0 -9999.0 -9999.0 -9999.0 -9999.0 -9999.0 -9999.0 -9999.0 -9999.0 -9999.0 -9999.0 -9999.0 -9999.0 -9999.0 -9999.0 -9999.0 -9999.0 -9999.0 -9999.0 -9999.0 -9999.0 -9999.0 -9999.0 -9999.0 -9999.0 -9999.0 -9999.0 -9999.0 -9999.0 -9999.0 -9999.0 -9999.0 -9999.0 -9999.0 -9999.0 -9999.0 -9999.0 -9999.0 -9999.0 -9999.0 -9999.0 -9999.0 -9999.0 -9999.0 -9999.0 -9999.0 -9999.0 -9999.0 -9999.0 -9999.0
-9999.0 -9999.0 -9999.0 -9999.0 -9999.0 -9999.0 -9999.0 -9999.0 -9999.0 -9999.0 -9999.0 -9999.0 -9999.0 -9999.0 -9999.0 -9999.0 -9999.0 -9999.0 -9999.0 -9999.0 -9999.0 -9999.0 -9999.0 -9999.0 -9999.0 -9999.0 -9999.0 -9999.0 -9999.0 -9999.0 -9999.0 -9999.0 -9999.0 -9999.0 -9999.0 -9999.0 -9999.0 -9999.0 -9999.0 -9999.0 -9999.0 -9999.0 -9999.0 -9999.0 -9999.0 -9999.0 -9999.0 -9999.0 -9999.0 -9999.0 -9999.0 -9999.0 -9999.0 -9999.0 -9999.0 -9999.0 -9999.0 -9999.0 -9999.0 -9999.0 -9999.0 -9999.0 -9999.0 -9999.0 -9999.0 -9999.0 -9999.0 -9999.0 -9999.0 -9999.0 -9999.0 -9999.0 -9999.0 -9999.0 -9999.0 21.1 24.8 28.8 -9999.0 -9999.0
-9999.0 -9999.0 -9999.0 -9999.0 -9999.0 -9999.0 -9999.0 -9999.0 -9999.0 -9999.0 -9999.0 -9999.0 -9999.0 -9999.0 -9999.0 -9999.0 -9999.0 -9999.0 -9999.0 -9999.0 -9999.0 -9999.0 -9999.0 -9999.0 -9999.0 -9999.0 -9999.0 -9999.0 -9999.0 -9999.0 -9999.0 -9999.0 -9999.0 -9999.0 -9999.0 -9999.0 -9999.0 -9999.0 -9999.0 -9999.0 -9999.0 -9999.0 -9999.0 -9999.0 -9999.0 -9999.0 -9999.0 -9999.0 -9999.0 -9999.0 -9999.0 -9999.0 -9999.0 -9999.0 -9999.0 -9999.0 -9999.0 -9999.0 -9999.0 -9999.0 -9999.0 -9999.0 -9999.0 -9999.0 -9999.0 -9999.0 -9999.0 -9999.0 -9999.0 -9999.0 -9999.0 -9999.0 -9999.0 4.7 17.4 20.5 27.9 -9999.0 -9999.0 -9999.0
