program/excelProcessViaJava/data/SURF_CLI_CHN_PRE_MON_GRID_0.5-200302.txt
NCOLS      128
NROWS       72
XLLCORNER    72.000000000000    
YLLCORNER    18.000000000000    
CELLSIZE    0.50000000000000    
NODATA_VALUE   -9999.000    
[rows 35 to 69 of 72, columns 0 to 78 of 128]
-9999.0 -9999.0 -9999.0 -9999.0 -9999.0 -9999.0 -9999.0 19.6 14.3 8.2 6.3 3.3 1.1 0.5 0.2 0.9 0.3 1.5 2.7 1.2 0.1 0.1 0.1 0.1 0.2 0.4 0.7 1.4 2.3 3.5 4.7 6.0 6.9 7.7 8.5 7.5 8.3 6.8 7.6 7.0 2.6 6.2 4.6 2.3 1.3 1.0 0.9 0.7 0.9 1.2 2.0 2.4 1.7 1.5 0.5 0.1 0.1 0.1 0.2 0.2 1.2 0.2 0.1 0.2 0.6 0.4 1.1 1.8 1.6 2.3 2.9 3.8 5.3 5.4 4.3 4.9 3.4 5.6 8.1
-9999.0 -9999.0 -9999.0 -9999.0 -9999.0 -9999.0 -9999.0 26.6 14.5 10.3 6.6 3.2 1.7 0.9 0.3 0.2 0.1 0.1 0.0 0.1 0.1 0.1 0.1 0.1 0.3 0.5 1.0 1.6 2.7 3.9 5.1 6.4 7.4 8.5 8.2 8.1 7.2 7.3 6.4 5.1 4.7 4.2 4.1 6.3 2.1 1.0 1.0 0.9 2.2 1.7 3.9 2.8 1.3 0.8 1.1 0.1 0.1 0.1 0.2 0.6 1.2 1.3 0.3 0.4 0.4 0.6 0.9 1.5 2.5 2.6 3.6 4.9 6.3 6.9 3.9 7.2 7.8 6.8 7.2
-9999.0 -9999.0 -9999.0 -9999.0 -9999.0 -9999.0 -9999.0 -9999.0 -9999.0 11.6 7.0 3.8 2.2 1.0 0.4 0.2 0.1 0.1 0.1 0.0 0.1 0.1 0.1 0.2 0.4 0.8 1.2 1.9 3.0 3.9 5.5 6.6 7.5 8.2 7.9 7.5 6.7 6.3 5.1 4.8 3.7 3.9 3.2 2.5 2.9 2.4 2.1 1.8 2.1 2.4 3.4 2.5 1.7 1.2 1.9 0.5 0.2 0.2 0.5 1.0 2.6 5.1 6.4 1.0 1.8 1.9 2.1 3.1 4.4 3.9 4.5 4.3 5.7 7.3 8.7 5.8 8.7 11.5 15.3
-9999.0 -9999.0 -9999.0 -9999.0 -9999.0 -9999.0 -9999.0 -9999.0 -9999.0 -9999.0 -9999.0 5.2 2.8 1.4 0.6 0.3 0.1 0.1 0.1 0.1 0.1 0.1 0.1 0.3 0.2 0.6 1.0 1.7 2.8 4.1 5.4 6.4 7.5 8.0 7.8 8.4 6.6 5.7 7.6 4.2 4.5 3.2 2.5 2.2 4.2 2.3 4.5 2.8 3.8 3.9 3.0 3.1 2.9 3.5 4.6 2.9 1.5 1.5 1.4 2.1 4.1 6.1 7.0 5.2 6.9 4.9 4.7 5.9 6.4 6.2 4.9 4.9 5.3 7.5 12.0 16.0 19.8 21.9 26.1
-9999.0 -9999.0 -9999.0 -9999.0 -9999.0 -9999.0 -9999.0 -9999.0 -9999.0 -9999.0 -9999.0 -9999.0 3.5 2.0 0.8 0.5 0.1 0.1 0.1 0.0 0.1 0.1 0.1 0.3 0.1 0.7 1.3 1.5 2.6 3.3 4.9 6.2 7.2 7.9 8.0 7.4 8.1 5.5 3.9 2.8 2.2 2.1 2.1 3.1 3.4 4.1 5.3 3.2 4.1 5.1 8.0 7.4 5.6 5.0 6.0 6.7 6.3 6.8 3.0 5.2 5.3 8.3 11.0 11.6 10.2 14.4 9.4 9.1 9.0 9.4 4.4 3.7 8.1 15.5 20.5 23.4 25.5 28.3 32.3
-9999.0 -9999.0 -9999.0 -9999.0 -9999.0 -9999.0 -9999.0 -9999.0 -9999.0 -9999.0 -9999.0 -9999.0 4.3 3.1 2.3 0.6 0.7 0.3 0.1 0.1 0.1 0.1 0.1 0.3 0.8 0.8 1.1 2.1 2.4 3.8 4.4 5.3 6.6 7.2 7.4 6.7 6.9 6.0 4.3 2.9 1.9 1.7 3.4 2.6 5.0 7.8 6.1 5.4 3.8 6.9 7.4 9.0 7.2 8.9 7.4 9.8 8.6 9.2 6.3 5.7 5.6 7.5 12.7 18.3 16.8 19.2 6.7 5.8 6.6 9.6 15.2 21.9 24.3 21.6 24.6 26.2 28.1 28.0 29.6
-9999.0 -9999.0 -9999.0 -9999.0 -9999.0 -9999.0 -9999.0 -9999.0 -9999.0 -9999.0 -9999.0 -9999.0 -9999.0 3.4 1.5 2.0 0.5 0.5 0.4 0.3 0.2 0.4 0.1 0.7 0.7 0.3 0.5 0.6 1.4 2.3 3.8 5.0 5.6 6.4 6.4 5.9 5.2 4.7 7.4 4.0 2.9 3.4 3.5 6.5 6.4 7.3 10.5 12.3 12.4 11.3 11.0 8.7 8.4 16.4 13.6 12.2 10.5 11.9 14.7 10.9 9.5 9.5 15.4 18.8 14.3 16.9 15.1 8.7 11.5 13.1 12.2 15.5 22.0 26.0 26.9 25.2 25.1 27.7 31.2
-9999.0 -9999.0 -9999.0 -9999.0 -9999.0 -9999.0 -9999.0 -9999.0 -9999.0 -9999.0 -9999.0 -9999.0 7.6 4.1 2.3 2.0 0.5 0.4 0.3 0.8 0.7 0.7 0.5 0.7 1.0 0.3 0.5 1.0 1.3 1.7 2.7 4.2 4.4 5.4 5.6 5.1 5.1 3.4 2.7 2.6 5.4 8.4 11.3 5.5 9.2 12.5 13.1 11.4 12.3 12.3 15.7 18.1 11.2 13.2 10.1 9.8 12.7 6.8 11.1 8.7 9.7 14.0 18.4 26.8 27.8 20.4 4.6 8.0 16.4 23.4 24.5 22.9 23.6 25.1 24.9 23.2 25.9 29.5 29.1
-9999.0 -9999.0 -9999.0 -9999.0 -9999.0 -9999.0 -9999.0 -9999.0 -9999.0 -9999.0 -9999.0 -9999.0 9.7 8.9 5.0 1.7 0.9 1.5 1.1 0.4 1.3 0.5 0.6 0.8 1.3 1.5 1.2 1.1 1.0 1.6 2.2 2.8 3.3 4.5 4.5 4.1 3.3 2.9 2.4 1.7 2.3 2.6 3.9 6.8 10.5 15.3 21.9 20.9 18.7 10.0 10.0 14.6 8.9 6.5 5.9 4.3 7.1 9.5 8.4 12.5 15.2 19.8 18.8 21.9 21.5 5.5 10.0 7.0 10.0 13.3 15.9 18.7 23.8 27.7 23.9 18.5 21.9 22.2 24.6
-9999.0 -9999.0 -9999.0 -9999.0 -9999.0 -9999.0 -9999.0 -9999.0 -9999.0 -9999.0 -9999.0 -9999.0 20.0 9.3 9.5 5.4 3.8 1.0 1.2 0.9 0.3 0.2 1.0 0.5 0.9 0.2 0.4 0.1 0.6 0.7 1.0 1.1 2.5 3.4 3.4 3.0 2.6 2.4 2.1 3.0 3.2 3.0 10.3 4.8 12.3 22.6 27.1 21.2 13.6 12.3 11.7 7.3 20.0 18.7 8.9 1.9 4.3 7.1 9.5 7.8 10.3 14.7 27.5 18.3 5.5 2.2 2.8 5.6 8.8 7.9 9.0 18.6 24.5 26.6 31.3 21.0 26.4 23.3 26.5
-9999.0 -9999.0 -9999.0 -9999.0 -9999.0 -9999.0 -9999.0 -9999.0 -9999.0 -9999.0 -9999.0 -9999.0 -9999.0 13.3 8.8 8.5 5.3 4.6 2.1 1.4 0.6 1.4 0.9 0.6 1.7 0.9 0.6 0.5 0.1 0.4 0.1 0.4 0.9 1.9 2.0 2.2 2.4 2.1 2.8 3.5 5.2 14.1 20.8 19.8 13.8 17.5 24.8 14.0 21.6 16.5 7.7 13.3 8.2 3.0 7.8 6.7 1.9 3.2 6.9 14.7 14.8 31.2 22.6 6.9 2.1 1.7 2.5 5.2 6.8 7.5 7.6 12.3 21.4 24.4 23.8 24.7 29.4 33.8 37.5
-9999.0 -9999.0 -9999.0 -9999.0 -9999.0 -9999.0 -9999.0 -9999.0 -9999.0 -9999.0 -9999.0 -9999.0 -9999.0 36.5 14.9 14.1 7.5 9.1 7.0 4.9 2.4 2.1 1.7 1.9 4.7 1.9 0.7 0.6 0.1 0.0 0.0 0.0 0.2 0.5 0.8 1.2 1.4 2.1 4.2 11.6 10.7 16.1 21.0 23.9 37.7 24.8 24.2 14.7 14.4 10.9 12.0 2.7 6.3 8.9 10.0 5.2 1.9 2.8 6.8 5.0 13.8 9.5 4.0 2.8 1.4 1.5 3.1 6.1 8.3 6.7 7.1 12.1 19.6 25.8 31.1 36.7 41.8 56.0 63.6
-9999.0 -9999.0 -9999.0 -9999.0 -9999.0 -9999.0 -9999.0 -9999.0 -9999.0 -9999.0 -9999.0 -9999.0 -9999.0 -9999.0 -9999.0 23.0 20.6 14.3 14.3 15.4 8.1 10.1 10.0 7.5 4.7 3.1 0.3 0.2 0.0 0.0 0.0 0.0 0.0 0.1 0.2 1.0 2.5 1.7 4.4 9.1 18.0 25.1 27.5 26.1 16.4 14.4 21.4 11.4 13.7 3.0 4.3 14.0 3.8 3.9 1.0 2.7 2.6 0.5 7.4 12.1 6.8 3.2 5.1 3.0 1.6 1.9 3.7 6.9 9.3 9.2 9.5 13.2 20.6 27.5 41.9 48.4 61.6 67.4 87.2
-9999.0 -9999.0 -9999.0 -9999.0 -9999.0 -9999.0 -9999.0 -9999.0 -9999.0 -9999.0 -9999.0 -9999.0 -9999.0 -9999.0 -9999.0 -9999.0 -9999.0 153.2 67.0 -9999.0 46.3 20.4 29.0 25.3 11.7 8.5 1.6 0.6 0.2 0.0 0.0 0.0 0.0 0.0 0.2 0.2 2.5 1.2 4.7 9.9 16.8 27.7 26.1 22.1 11.0 13.7 27.8 25.0 8.0 8.0 2.0 2.2 2.5 4.6 5.1 4.5 1.1 5.6 6.2 9.7 1.4 2.5 4.5 3.9 2.4 2.3 3.9 6.8 9.2 10.5 11.7 19.5 25.4 35.0 48.6 62.3 84.2 101.2 111.3
-9999.0 -9999.0 -9999.0 -9999.0 -9999.0 -9999.0 -9999.0 -9999.0 -9999.0 -9999.0 -9999.0 -9999.0 -9999.0 -9999.0 -9999.0 -9999.0 -9999.0 -9999.0 -9999.0 -9999.0 -9999.0 57.9 42.5 24.3 27.2 36.5 21.6 9.1 1.4 0.2 0.0 0.1 0.0 0.1 0.2 0.3 0.6 1.3 2.5 3.1 4.1 25.2 28.7 23.6 10.1 16.7 50.2 13.7 25.1 77.5 6.7 20.1 15.4 3.6 4.7 7.9 7.0 2.8 14.9 6.7 0.8 1.6 3.0 3.5 3.7 3.5 5.0 8.0 10.1 11.9 16.0 21.7 28.2 40.7 58.7 81.1 107.1 127.9 129.9
-9999.0 -9999.0 -9999.0 -9999.0 -9999.0 -9999.0 -9999.0 -9999.0 -9999.0 -9999.0 -9999.0 -9999.0 -9999.0 -9999.0 -9999.0 -9999.0 -9999.0 -9999.0 -9999.0 -9999.0 -9999.0 -9999.0 -9999.0 165.2 76.2 67.0 48.3 23.9 4.8 2.2 0.1 0.1 0.2 0.4 1.3 1.9 4.1 2.9 9.2 15.8 17.3 26.6 14.7 8.2 10.5 64.6 23.9 21.8 29.8 34.0 14.7 19.2 13.3 12.1 7.3 1.5 6.7 11.2 0.6 6.9 1.2 2.6 3.4 2.1 3.4 5.5 8.0 10.4 10.4 12.8 17.8 21.4 28.3 41.7 58.0 81.1 101.3 115.5 122.1
-9999.0 -9999.0 -9999.0 -9999.0 -9999.0 -9999.0 -9999.0 -9999.0 -9999.0 -9999.0 -9999.0 -9999.0 -9999.0 -9999.0 -9999.0 -9999.0 -9999.0 -9999.0 -9999.0 -9999.0 -9999.0 -9999.0 -9999.0 -9999.0 -9999.0 292.5 140.7 25.5 15.6 8.2 3.5 3.9 4.5 4.5 6.1 8.5 18.0 9.0 18.5 13.8 27.2 13.5 5.9 7.6 40.6 79.1 61.0 122.3 26.2 42.6 32.0 29.9 32.0 28.8 18.3 9.6 10.0 4.9 10.4 7.4 4.6 3.7 13.4 2.1 4.2 7.3 8.3 9.6 12.7 16.4 15.8 18.5 25.5 43.2 58.9 72.8 91.2 97.5 92.3
-9999.0 -9999.0 -9999.0 -9999.0 -9999.0 -9999.0 -9999.0 -9999.0 -9999.0 -9999.0 -9999.0 -9999.0 -9999.0 -9999.0 -9999.0 -9999.0 -9999.0 -9999.0 -9999.0 -9999.0 -9999.0 -9999.0 -9999.0 -9999.0 -9999.0 -9999.0 -9999.0 338.4 281.3 92.4 55.7 39.8 16.5 32.9 20.9 36.6 17.1 15.0 9.4 13.1 20.7 5.8 13.0 43.5 61.0 89.9 119.9 139.0 153.8 101.0 152.3 150.5 59.7 58.6 38.7 23.8 9.5 4.4 9.7 4.0 0.6 5.3 1.5 2.6 5.3 5.8 8.1 7.1 9.3 13.2 14.4 21.0 26.6 43.4 53.6 66.8 77.9 80.9 88.8
-9999.0 -9999.0 -9999.0 -9999.0 -9999.0 -9999.0 -9999.0 -9999.0 -9999.0 -9999.0 -9999.0 -9999.0 -9999.0 -9999.0 -9999.0 -9999.0 -9999.0 -9999.0 -9999.0 -9999.0 -9999.0 -9999.0 -9999.0 -9999.0 -9999.0 -9999.0 -9999.0 -9999.0 -9999.0 -9999.0 -9999.0 -9999.0 -9999.0 103.8 50.6 -9999.0 -9999.0 -9999.0 28.0 16.4 14.2 19.5 17.1 61.0 87.2 101.9 -9999.0 -9999.0 -9999.0 -9999.0 -9999.0 -9999.0 118.1 61.4 60.6 25.8 9.5 3.3 3.5 1.8 2.7 6.4 3.4 3.6 3.3 4.3 7.4 10.4 9.5 9.7 11.8 19.9 30.4 37.2 52.9 61.8 70.2 77.3 82.2
-9999.0 -9999.0 -9999.0 -9999.0 -9999.0 -9999.0 -9999.0 -9999.0 -9999.0 -9999.0 -9999.0 -9999.0 -9999.0 -9999.0 -9999.0 -9999.0 -9999.0 -9999.0 -9999.0 -9999.0 -9999.0 -9999.0 -9999.0 -9999.0 -9999.0 -9999.0 -9999.0 -9999.0 -9999.0 -9999.0 -9999.0 -9999.0 -9999.0 -9999.0 -9999.0 -9999.0 -9999.0 -9999.0 -9999.0 82.2 72.2 70.6 73.4 79.0 -9999.0 -9999.0 -9999.0 -9999.0 -9999.0 -9999.0 -9999.0 -9999.0 109.2 64.2 43.0 17.0 4.2 1.5 0.9 1.2 2.5 6.2 7.6 3.5 4.6 5.5 7.8 5.6 4.7 7.4 11.5 17.9 23.5 35.1 43.3 58.5 69.0 80.0 76.0
-9999.0 -9999.0 -9999.0 -9999.0 -9999.0 -9999.0 -9999.0 -9999.0 -9999.0 -9999.0 -9999.0 -9999.0 -9999.0 -9999.0 -9999.0 -9999.0 -9999.0 -9999.0 -9999.0 -9999.0 -9999.0 -9999.0 -9999.0 -9999.0 -9999.0 -9999.0 -9999.0 -9999.0 -9999.0 -9999.0 -9999.0 -9999.0 -9999.0 -9999.0 -9999.0 -9999.0 -9999.0 -9999.0 -9999.0 -9999.0 -9999.0 -9999.0 -9999.0 -9999.0 -9999.0 -9999.0 -9999.0 -9999.0 -9999.0 -9999.0 -9999.0 -9999.0 87.3 61.7 33.0 19.3 4.0 1.9 1.6 3.1 3.8 6.1 23.9 5.1 5.1 3.9 3.0 2.5 3.0 5.4 10.0 17.4 31.7 33.0 43.7 65.0 73.6 88.8 98.1
-9999.0 -9999.0 -9999.0 -9999.0 -9999.0 -9999.0 -9999.0 -9999.0 -9999.0 -9999.0 -9999.0 -9999.0 -9999.0 -9999.0 -9999.0 -9999.0 -9999.0 -9999.0 -9999.0 -9999.0 -9999.0 -9999.0 -9999.0 -9999.0 -9999.0 -9999.0 -9999.0 -9999.0 -9999.0 -9999.0 -9999.0 -9999.0 -9999.0 -9999.0 -9999.0 -9999.0 -9999.0 -9999.0 -9999.0 -9999.0 -9999.0 -9999.0 -9999.0 -9999.0 -9999.0 -9999.0 -9999.0 -9999.0 -9999.0 -9999.0 -9999.0 87.2 74.6 55.2 28.4 15.4 8.9 7.7 6.0 2.3 13.5 13.5 6.6 6.9 5.8 4.7 3.2 3.2 4.8 8.1 13.2 19.8 24.7 34.7 52.3 76.1 77.6 102.6 82.1
-9999.0 -9999.0 -9999.0 -9999.0 -9999.0 -9999.0 -9999.0 -9999.0 -9999.0 -9999.0 -9999.0 -9999.0 -9999.0 -9999.0 -9999.0 -9999.0 -9999.0 -9999.0 -9999.0 -9999.0 -9999.0 -9999.0 -9999.0 -9999.0 -9999.0 -9999.0 -9999.0 -9999.0 -9999.0 -9999.0 -9999.0 -9999.0 -9999.0 -9999.0 -9999.0 -9999.0 -9999.0 -9999.0 -9999.0 -9999.0 -9999.0 -9999.0 -9999.0 -9999.0 -9999.0 -9999.0 -9999.0 -9999.0 -9999.0 -9999.0 67.1 79.0 68.2 53.8 36.5 26.9 21.4 17.2 14.6 17.0 12.5 17.1 8.8 9.7 7.1 5.9 6.6 6.3 11.3 13.9 19.3 20.7 28.6 44.1 57.5 65.6 89.7 66.3 83.6
-9999.0 -9999.0 -9999.0 -9999.0 -9999.0 -9999.0 -9999.0 -9999.0 -9999.0 -9999.0 -9999.0 -9999.0 -9999.0 -9999.0 -9999.0 -9999.0 -9999.0 -9999.0 -9999.0 -9999.0 -9999.0 -9999.0 -9999.0 -9999.0 -9999.0 -9999.0 -9999.0 -9999.0 -9999.0 -9999.0 -9999.0 -9999.0 -9999.0 -9999.0 -9999.0 -9999.0 -9999.0 -9999.0 -9999.0 -9999.0 -9999.0 -9999.0 -9999.0 -9999.0 -9999.0 -9999.0 -9999.0 -9999.0 -9999.0 -9999.0 47.6 71.0 47.5 53.0 46.0 37.4 21.6 32.8 29.0 19.2 10.2 9.5 5.6 7.7 8.6 7.0 9.2 8.3 14.4 15.8 20.1 23.9 32.6 46.0 54.0 56.4 54.0 61.8 62.3
-9999.0 -9999.0 -9999.0 -9999.0 -9999.0 -9999.0 -9999.0 -9999.0 -9999.0 -9999.0 -9999.0 -9999.0 -9999.0 -9999.0 -9999.0 -9999.0 -9999.0 -9999.0 -9999.0 -9999.0 -9999.0 -9999.0 -9999.0 -9999.0 -9999.0 -9999.0 -9999.0 -9999.0 -9999.0 -9999.0 -9999.0 -9999.0 -9999.0 -9999.0 -9999.0 -9999.0 -9999.0 -9999.0 -9999.0 -9999.0 -9999.0 -9999.0 -9999.0 -9999.0 -9999.0 -9999.0 -9999.0 -9999.0 -9999.0 -9999.0 28.2 35.7 28.0 55.6 37.1 33.6 43.9 36.0 34.1 12.9 11.6 11.0 8.8 6.7 10.5 11.9 10.3 8.7 11.0 22.9 18.1 35.7 31.7 43.6 40.8 38.2 33.8 38.4 35.4
-9999.0 -9999.0 -9999.0 -9999.0 -9999.0 -9999.0 -9999.0 -9999.0 -9999.0 -9999.0 -9999.0 -9999.0 -9999.0 -9999.0 -9999.0 -9999.0 -9999.0 -9999.0 -9999.0 -9999.0 -9999.0 -9999.0 -9999.0 -9999.0 -9999.0 -9999.0 -9999.0 -9999.0 -9999.0 -9999.0 -9999.0 -9999.0 -9999.0 -9999.0 -9999.0 -9999.0 -9999.0 -9999.0 -9999.0 -9999.0 -9999.0 -9999.0 -9999.0 -9999.0 -9999.0 -9999.0 -9999.0 -9999.0 -9999.0 -9999.0 26.2 36.7 30.4 38.1 38.5 43.4 25.4 33.0 27.9 12.8 12.9 10.5 6.8 10.5 14.8 16.7 19.5 15.0 23.3 10.3 20.8 27.3 35.6 38.3 31.4 28.1 22.9 20.9 15.5
-9999.0 -9999.0 -9999.0 -9999.0 -9999.0 -9999.0 -9999.0 -9999.0 -9999.0 -9999.0 -9999.0 -9999.0 -9999.0 -9999.0 -9999.0 -9999.0 -9999.0 -9999.0 -9999.0 -9999.0 -9999.0 -9999.0 -9999.0 -9999.0 -9999.0 -9999.0 -9999.0 -9999.0 -9999.0 -9999.0 -9999.0 -9999.0 -9999.0 -9999.0 -9999.0 -9999.0 -9999.0 -9999.0 -9999.0 -9999.0 -9999.0 -9999.0 -9999.0 -9999.0 -9999.0 -9999.0 -9999.0 -9999.0 -9999.0 -9999.0 -9999.0 -9999.0 -9999.0 23.2 26.5 29.2 30.7 31.7 19.2 17.1 30.8 17.0 26.6 20.9 19.4 17.5 23.2 11.8 21.7 26.6 28.1 30.7 33.1 31.2 26.5 22.0 17.3 13.2 11.1
-9999.0 -9999.0 -9999.0 -9999.0 -9999.0 -9999.0 -9999.0 -9999.0 -9999.0 -9999.0 -9999.0 -9999.0 -9999.0 -9999.0 -9999.0 -9999.0 -9999.0 -9999.0 -9999.0 -9999.0 -9999.0 -9999.0 -9999.0 -9999.0 -9999.0 -9999.0 -9999.0 -9999.0 -9999.0 -9999.0 -9999.0 -9999.0 -9999.0 -9999.0 -9999.0 -9999.0 -9999.0 -9999.0 -9999.0 -9999.0 -9999.0 -9999.0 -9999.0 -9999.0 -9999.0 -9999.0 -9999.0 -9999.0 -9999.0 -9999.0 -9999.0 -9999.0 -9999.0 19.2 20.3 37.6 26.7 23.7 26.5 34.1 30.7 38.2 46.1 36.9 27.6 20.1 11.1 23.4 17.4 24.6 28.9 31.8 32.3 27.8 21.6 17.1 13.0 9.7 9.4
-9999.0 -9999.0 -9999.0 -9999.0 -9999.0 -9999.0 -9999.0 -9999.0 -9999.0 -9999.0 -9999.0 -9999.0 -9999.0 -9999.0 -9999.0 -9999.0 -9999.0 -9999.0 -9999.0 -9999.0 -9999.0 -9999.0 -9999.0 -9999.0 -9999.0 -9999.0 -9999.0 -9999.0 -9999.0 -9999.0 -9999.0 -9999.0 -9999.0 -9999.0 -9999.0 -9999.0 -9999.0 -9999.0 -9999.0 -9999.0 -9999.0 -9999.0 -9999.0 -9999.0 -9999.0 -9999.0 -9999.0 -9999.0 -9999.0 -9999.0 -9999.0 -9999.0 -9999.0 17.1 14.1 26.2 26.9 26.8 32.7 39.3 50.8 61.1 68.9 64.0 37.9 -9999.0 -9999.0 -9999.0 23.2 22.0 28.7 33.9 31.1 23.2 16.1 11.8 8.0 6.8 6.1
-9999.0 -9999.0 -9999.0 -9999.0 -9999.0 -9999.0 -9999.0 -9999.0 -9999.0 -9999.0 -9999.0 -9999.0 -9999.0 -9999.0 -9999.0 -9999.0 -9999.0 -9999.0 -9999.0 -9999.0 -9999.0 -9999.0 -9999.0 -9999.0 -9999.0 -9999.0 -9999.0 -9999.0 -9999.0 -9999.0 -9999.0 -9999.0 -9999.0 -9999.0 -9999.0 -9999.0 -9999.0 -9999.0 -9999.0 -9999.0 -9999.0 -9999.0 -9999.0 -9999.0 -9999.0 -9999.0 -9999.0 -9999.0 -9999.0 -9999.0 -9999.0 -9999.0 -9999.0 -9999.0 19.3 22.9 22.3 27.2 41.3 55.9 63.0 -9999.0 -9999.0 -9999.0 -9999.0 -9999.0 -9999.0 -9999.0 18.7 23.7 32.9 28.9 23.9 16.4 9.3 5.3 3.4 2.7 3.2
-9999.0 -9999.0 -9999.0 -9999.0 -9999.0 -9999.0 -9999.0 -9999.0 -9999.0 -9999.0 -9999.0 -9999.0 -9999.0 -9999.0 -9999.0 -9999.0 -9999.0 -9999.0 -9999.0 -9999.0 -9999.0 -9999.0 -9999.0 -9999.0 -9999.0 -9999.0 -9999.0 -9999.0 -9999.0 -9999.0 -9999.0 -9999.0 -9999.0 -9999.0 -9999.0 -9999.0 -9999.0 -9999.0 -9999.0 -9999.0 -9999.0 -9999.0 -9999.0 -9999.0 -9999.0 -9999.0 -9999.0 -9999.0 -9999.0 -9999.0 -9999.0 -9999.0 -9999.0 -9999.0 -9999.0 21.5 36.0 35.7 45.0 62.0 74.1 -9999.0 -9999.0 -9999.0 -9999.0 -9999.0 -9999.0 -9999.0 -9999.0 -9999.0 21.8 -9999.0 -9999.0 -9999.0 -9999.0 -9999.0 1.2 -9999.0 -9999.0
-9999.0 -9999.0 -9999.0 -9999.0 -9999.0 -9999.0 -9999.0 -9999.0 -9999.0 -9999.0 -9999.0 -9999.0 -9999.0 -9999.0 -9999.0 -9999.0 -9999.0 -9999.0 -9999.0 -9999.0 -9999.0 -9999.0 -9999.0 -9999.0 -9999.0 -9999.0 -9999.0 -9999.0 -9999.0 -9999.0 -9999.0 -9999.0 -9999.0 -9999.0 -9999.0 -9999.0 -9999.0 -9999.0 -9999.0 -9999.0 -9999.0 -9999.0 -9999.0 -9999.0 -9999.0 -9999.0 -9999.0 -9999.0 -9999.0 -9999.0 -9999.0 -9999.0 -9999.0 -9999.0 -9999.0 -9999.0 -9999.0 -9999.0 52.3 62.8 -9999.0 -9999.0 -9999.0 -9999.0 -9999.0 -9999.0 -9999.0 -9999.0 -9999.0 -9999.0 -9999.0 -9999.0 -9999.0 -9999.0 -9999.0 1.4 1.0 -9999.0 -9999.0
-9999.0 -9999.0 -9999.0 -9999.0 -9999.0 -9999.0 -9999.0 -9999.0 -9999.0 -9999.0 -9999.0 -9999.0 -9999.0 -9999.0 -9999.0 -9999.0 -9999.0 -9999.0 -9999.0 -9999.0 -9999.0 -9999.0 -9999.0 -9999.0 -9999.0 -9999.0 -9999.0 -9999.0 -9999.0 -9999.0 -9999.0 -9999.0 -9999.0 -9999.0 -9999.0 -9999.0 -9999.0 -9999.0 -9999.0 -9999.0 -9999.0 -9999.0 -9999.0 -9999.0 -9999.0 -9999.0 -9999.0 -9999.0 -9999.0 -9999.0 -9999.0 -9999.0 -9999.0 -9999.0 -9999.0 -9999.0 -9999.0 -9999.0 -9999.0 -9999.0 -9999.0 -9999.0 -9999.0 -9999.0 -9999.0 -9999.0 -9999.0 -9999.0 -9999.0 -9999.0 -9999.0 -9999.0 -9999.0 -9999.0 -9999.0 -9999.0 -9999.0 -9999.0 -9999.0
-9999.0 -9999.0 -9999.0 -9999.0 -9999.0 -9999.0 -9999.0 -9999.0 -9999.0 -9999.0 -9999.0 -9999.0 -9999.0 -9999.0 -9999.0 -9999.0 -9999.0 -9999.0 -9999.0 -9999.0 -9999.0 -9999.0 -9999.0 -9999.0 -9999.0 -9999.0 -9999.0 -9999.0 -9999.0 -9999.0 -9999.0 -9999.0 -9999.0 -9999.0 -9999.0 -9999.0 -9999.0 -9999.0 -9999.0 -9999.0 -9999.0 -9999.0 -9999.0 -9999.0 -9999.0 -9999.0 -9999.0 -9999.0 -9999.0 -9999.0 -9999.0 -9999.0 -9999.0 -9999.0 -9999.0 -9999.0 -9999.0 -9999.0 -9999.0 -9999.0 -9999.0 -9999.0 -9999.0 -9999.0 -9999.0 -9999.0 -9999.0 -9999.0 -9999.0 -9999.0 -9999.0 -9999.0 -9999.0 -9999.0 -9999.0 4.3 5.2 6.2 -9999.0
-9999.0 -9999.0 -9999.0 -9999.0 -9999.0 -9999.0 -9999.0 -9999.0 -9999.0 -9999.0 -9999.0 -9999.0 -9999.0 -9999.0 -9999.0 -9999.0 -9999.0 -9999.0 -9999.0 -9999.0 -9999.0 -9999.0 -9999.0 -9999.0 -9999.0 -9999.0 -9999.0 -9999.0 -9999.0 -9999.0 -9999.0 -9999.0 -9999.0 -9999.0 -9999.0 -9999.0 -9999.0 -9999.0 -9999.0 -9999.0 -9999.0 -9999.0 -9999.0 -9999.0 -9999.0 -9999.0 -9999.0 -9999.0 -9999.0 -9999.0 -9999.0 -9999.0 -9999.0 -9999.0 -9999.0 -9999.0 -9999.0 -9999.0 -9999.0 -9999.0 -9999.0 -9999.0 -9999.0 -9999.0 -9999.0 -9999.0 -9999.0 -9999.0 -9999.0 -9999.0 -9999.0 -9999.0 -9999.0 0.7 4.1 6.6 11.1 -9999.0 -9999.0
