program/excelProcessViaJava/data/SURF_CLI_CHN_PRE_MON_GRID_0.5-199707.txt
NCOLS      128
NROWS       72
XLLCORNER    72.000000000000    
YLLCORNER    18.000000000000    
CELLSIZE    0.50000000000000    
NODATA_VALUE   -9999.000    
[rows 33 to 65 of 72, columns 0 to 74 of 128]
-9999.0 -9999.0 -9999.0 -9999.0 1.1 1.7 2.9 9.0 13.9 11.9 16.4 13.4 8.2 2.9 2.4 3.2 4.2 4.9 4.6 4.3 4.1 4.5 5.6 8.2 10.4 13.9 16.7 50.9 33.5 35.8 37.5 33.4 31.3 34.9 25.7 25.2 22.4 39.7 34.4 21.4 10.5 7.6 8.2 8.7 10.7 13.5 18.0 26.2 34.9 34.9 39.8 58.3 73.5 92.6 77.8 90.2 99.0 132.6 141.9 159.9 158.0 143.9 137.4 106.6 78.3 92.9 97.8 78.3 96.8 92.2 96.9 118.9 136.4 146.9 150.7
-9999.0 -9999.0 -9999.0 -9999.0 0.6 1.7 2.3 7.0 6.9 11.9 16.6 22.7 25.3 28.0 10.5 11.5 13.1 7.7 4.6 3.7 5.8 7.7 11.4 25.8 43.7 48.8 41.0 40.2 37.3 35.8 34.0 36.6 32.0 31.3 32.7 29.2 35.9 42.2 31.7 21.5 34.2 14.5 13.9 12.0 13.8 16.3 19.0 22.2 26.0 32.0 36.0 41.5 68.7 63.9 63.0 75.2 86.0 107.8 131.9 106.5 152.5 127.7 131.2 130.9 99.7 75.5 101.9 89.1 90.5 111.3 101.6 112.8 113.4 113.7 115.7
-9999.0 -9999.0 -9999.0 -9999.0 -9999.0 -9999.0 -9999.0 4.7 6.7 11.2 12.0 16.5 21.7 25.6 28.7 11.0 23.3 14.3 11.9 18.9 33.3 41.8 43.5 42.7 41.5 40.2 40.6 39.7 38.2 38.9 37.0 35.6 34.0 35.3 38.3 34.9 42.8 41.3 51.9 56.9 35.9 69.2 66.9 50.8 35.3 24.8 33.0 32.4 38.9 34.2 33.8 38.6 51.0 81.6 87.5 68.9 69.8 79.3 126.2 117.7 155.8 133.8 126.0 119.5 120.1 88.1 99.4 102.6 98.7 108.4 101.5 97.6 115.5 128.1 128.8
-9999.0 -9999.0 -9999.0 -9999.0 -9999.0 -9999.0 -9999.0 1.4 5.8 7.4 9.9 14.5 17.7 20.3 24.8 27.2 30.5 32.4 37.2 35.7 36.6 41.2 40.6 41.2 40.4 39.9 38.4 39.5 35.5 33.3 35.1 34.4 33.9 37.7 35.1 37.5 37.8 45.4 48.7 50.8 58.1 63.8 71.6 88.5 63.2 46.4 52.6 52.7 61.9 54.3 64.3 61.7 54.2 65.6 83.2 81.0 87.0 102.0 121.5 136.4 143.4 160.7 139.1 126.8 98.6 90.9 89.8 87.5 102.2 100.4 96.0 95.5 116.8 148.4 118.0
-9999.0 -9999.0 -9999.0 -9999.0 -9999.0 -9999.0 -9999.0 -9999.0 -9999.0 5.4 8.3 11.5 13.8 17.5 21.1 23.8 27.7 30.2 33.8 36.9 38.5 38.4 39.3 40.1 40.0 38.9 38.7 37.3 34.1 35.6 30.4 31.3 31.5 34.4 32.1 34.3 36.5 42.8 44.4 52.2 54.9 66.3 70.4 70.1 78.6 76.9 74.0 68.1 63.4 58.0 57.7 54.5 55.2 61.2 77.3 89.3 96.7 107.6 122.9 131.1 149.6 174.1 184.0 105.2 95.3 75.5 64.9 66.9 85.9 92.5 88.2 73.9 96.0 141.7 170.0
-9999.0 -9999.0 -9999.0 -9999.0 -9999.0 -9999.0 -9999.0 -9999.0 -9999.0 -9999.0 -9999.0 7.8 11.4 14.0 18.0 21.4 24.8 27.8 30.7 34.1 37.4 38.8 40.8 40.9 42.9 41.4 40.6 38.7 36.2 33.4 31.8 33.5 30.9 32.2 32.6 41.9 39.2 43.2 60.7 52.2 62.6 63.4 66.4 70.3 89.0 79.7 88.9 76.1 70.1 60.5 51.8 51.5 54.6 62.4 75.4 91.3 110.3 120.7 124.4 133.5 151.9 163.4 157.1 114.7 96.3 45.2 40.2 53.8 70.5 82.5 73.7 67.4 71.7 88.3 57.9
-9999.0 -9999.0 -9999.0 -9999.0 -9999.0 -9999.0 -9999.0 -9999.0 -9999.0 -9999.0 -9999.0 -9999.0 9.4 12.1 15.2 18.9 21.6 26.1 29.7 33.0 35.6 39.1 41.5 42.4 43.5 42.9 40.7 39.6 36.8 36.0 32.6 31.1 31.1 35.0 37.9 39.7 51.8 47.8 47.1 46.8 49.6 55.7 63.4 76.7 82.2 88.2 91.0 78.3 70.8 61.9 61.4 59.7 59.9 64.7 76.2 92.7 108.8 118.7 123.4 136.1 145.7 145.9 137.2 109.7 58.8 65.8 39.9 53.6 71.8 83.3 64.6 33.6 36.2 56.2 87.1
-9999.0 -9999.0 -9999.0 -9999.0 -9999.0 -9999.0 -9999.0 -9999.0 -9999.0 -9999.0 -9999.0 -9999.0 6.4 10.0 12.4 16.8 19.7 24.2 28.5 32.7 36.7 40.2 43.2 45.2 45.5 45.5 43.7 40.6 37.9 34.3 32.9 33.2 32.2 33.5 38.0 40.8 52.1 57.7 57.6 56.4 52.8 55.7 71.9 69.9 84.6 94.9 89.5 83.6 70.0 67.6 63.4 68.0 70.2 77.8 85.4 98.8 110.1 117.1 120.7 126.8 127.8 118.9 108.7 97.5 49.0 45.5 48.8 78.6 104.1 106.0 107.8 130.8 153.7 154.8 159.1
-9999.0 -9999.0 -9999.0 -9999.0 -9999.0 -9999.0 -9999.0 -9999.0 -9999.0 -9999.0 -9999.0 -9999.0 -9999.0 8.6 10.9 14.6 19.1 23.1 27.5 32.4 37.3 41.6 45.3 48.5 50.0 48.3 46.5 43.0 40.3 36.8 33.4 31.2 33.3 35.8 36.0 42.3 50.2 60.1 80.0 72.7 69.1 72.0 71.6 83.0 82.5 86.0 94.9 96.5 91.2 83.2 80.5 80.8 86.3 99.2 101.8 107.3 112.1 116.2 119.0 116.3 109.9 96.2 87.2 59.3 40.0 38.6 47.7 94.3 125.9 141.5 116.5 139.3 183.7 185.4 180.1
-9999.0 -9999.0 -9999.0 -9999.0 -9999.0 -9999.0 -9999.0 -9999.0 -9999.0 -9999.0 -9999.0 -9999.0 4.6 6.1 9.5 13.8 16.7 22.3 27.3 32.7 38.4 44.0 48.8 52.8 55.1 52.2 51.0 48.3 43.8 39.1 35.4 32.3 33.8 34.1 39.6 44.6 59.3 61.7 68.9 74.6 87.2 91.9 93.9 74.3 83.3 91.4 95.4 95.0 96.8 95.3 101.2 108.3 105.7 111.8 110.9 114.1 120.0 115.5 118.4 111.0 99.6 91.4 77.1 74.3 47.9 40.0 142.1 163.5 142.8 143.7 177.8 218.1 220.5 174.5 159.7
-9999.0 -9999.0 -9999.0 -9999.0 -9999.0 -9999.0 -9999.0 -9999.0 -9999.0 -9999.0 -9999.0 -9999.0 3.1 6.0 8.9 9.8 14.7 21.7 27.3 32.5 39.9 45.3 51.2 56.1 60.3 61.4 59.0 54.9 49.5 44.5 39.2 34.9 34.2 33.5 37.5 46.4 53.7 67.4 76.5 75.5 78.1 71.8 68.9 71.9 78.9 89.9 104.3 108.8 110.3 98.8 101.4 116.2 111.2 109.3 112.0 110.5 121.8 126.1 122.8 119.4 112.4 106.8 72.2 49.3 39.8 89.0 83.4 188.4 196.9 189.3 205.7 232.2 238.0 222.4 184.0
-9999.0 -9999.0 -9999.0 -9999.0 -9999.0 -9999.0 -9999.0 -9999.0 -9999.0 -9999.0 -9999.0 -9999.0 2.8 4.4 7.7 11.3 15.7 18.2 25.9 32.1 34.9 40.6 52.2 55.0 61.4 57.8 59.9 52.6 56.2 50.6 44.9 38.3 36.1 35.4 38.7 47.3 57.5 70.1 77.7 89.8 84.2 69.1 81.4 59.5 75.2 94.2 106.0 107.5 103.0 105.4 110.1 104.0 138.8 141.7 129.6 103.8 120.8 129.2 131.2 119.4 112.3 104.7 122.9 56.6 38.8 135.9 160.1 164.6 164.8 170.2 179.0 219.3 236.0 226.3 222.1
-9999.0 -9999.0 -9999.0 -9999.0 -9999.0 -9999.0 -9999.0 -9999.0 -9999.0 -9999.0 -9999.0 -9999.0 -9999.0 2.3 4.9 10.0 14.0 19.5 23.4 28.5 28.5 43.0 46.3 49.9 63.1 63.9 65.8 66.6 59.5 61.5 49.6 45.7 41.6 40.7 44.3 58.2 68.7 71.9 84.0 87.2 86.5 96.0 93.5 82.7 72.8 82.6 99.6 91.8 114.4 115.4 100.1 129.7 126.2 110.0 138.4 138.2 111.5 119.2 134.1 153.2 144.6 174.3 138.7 50.5 72.9 106.8 156.3 166.6 162.9 154.8 157.5 175.4 223.0 218.3 256.8
-9999.0 -9999.0 -9999.0 -9999.0 -9999.0 -9999.0 -9999.0 -9999.0 -9999.0 -9999.0 -9999.0 -9999.0 -9999.0 3.0 4.0 8.6 10.0 18.1 23.7 28.7 27.5 34.1 39.4 48.7 66.1 65.5 66.1 73.3 70.2 51.7 53.9 52.7 52.0 50.0 55.4 63.8 67.7 76.1 91.7 110.0 97.0 93.3 87.8 85.3 101.6 91.2 98.0 91.2 101.9 106.6 123.9 98.9 132.4 150.8 160.0 148.7 126.4 130.0 151.4 117.7 169.6 126.4 102.6 94.0 85.6 110.4 164.5 189.2 175.0 155.8 146.7 164.4 202.7 265.8 333.5
-9999.0 -9999.0 -9999.0 -9999.0 -9999.0 -9999.0 -9999.0 -9999.0 -9999.0 -9999.0 -9999.0 -9999.0 -9999.0 -9999.0 -9999.0 7.0 11.4 15.0 21.7 29.6 28.7 39.7 47.5 51.6 54.3 60.2 49.3 62.2 53.5 72.0 66.0 67.4 59.9 62.6 65.5 77.6 89.8 75.0 90.8 100.4 109.1 106.8 99.5 93.7 88.8 90.4 99.8 90.4 108.2 86.9 111.6 155.4 138.0 150.2 128.0 158.3 159.8 120.8 184.3 203.1 136.8 163.4 177.3 139.2 125.3 150.4 191.6 208.9 194.8 181.0 170.0 172.8 240.8 294.5 353.3
-9999.0 -9999.0 -9999.0 -9999.0 -9999.0 -9999.0 -9999.0 -9999.0 -9999.0 -9999.0 -9999.0 -9999.0 -9999.0 -9999.0 -9999.0 -9999.0 -9999.0 9.6 23.1 -9999.0 39.5 35.5 50.4 57.0 51.4 58.3 46.8 59.2 75.4 65.7 78.8 91.3 69.1 81.1 73.9 80.0 98.2 69.7 96.8 105.0 109.8 113.5 108.1 105.0 120.6 110.5 141.4 125.9 108.4 123.3 104.2 130.5 122.0 172.4 187.8 196.1 181.3 211.5 214.9 230.7 169.0 206.1 190.7 156.6 150.3 173.6 200.4 210.5 210.9 220.9 200.2 255.8 281.2 284.2 345.3
-9999.0 -9999.0 -9999.0 -9999.0 -9999.0 -9999.0 -9999.0 -9999.0 -9999.0 -9999.0 -9999.0 -9999.0 -9999.0 -9999.0 -9999.0 -9999.0 -9999.0 -9999.0 -9999.0 -9999.0 -9999.0 40.7 41.6 34.9 49.4 70.5 73.6 76.3 76.5 94.7 94.6 121.4 108.3 95.3 84.9 89.0 90.0 89.6 87.8 92.7 107.7 117.4 119.3 120.1 145.3 127.0 179.1 133.9 155.5 221.9 148.7 198.1 205.4 176.2 206.3 234.6 243.6 232.7 276.3 252.1 215.2 223.9 182.2 149.1 144.2 167.4 183.2 192.7 203.6 244.8 276.4 292.3 287.3 243.9 236.5
-9999.0 -9999.0 -9999.0 -9999.0 -9999.0 -9999.0 -9999.0 -9999.0 -9999.0 -9999.0 -9999.0 -9999.0 -9999.0 -9999.0 -9999.0 -9999.0 -9999.0 -9999.0 -9999.0 -9999.0 -9999.0 -9999.0 -9999.0 68.8 57.5 66.1 71.5 71.7 61.8 85.2 88.4 92.1 80.0 93.6 94.8 99.3 106.3 97.9 107.1 110.4 113.1 121.2 127.2 140.8 168.4 194.7 181.5 172.4 178.3 176.3 164.8 206.5 179.3 208.7 215.4 204.6 264.9 287.6 232.1 276.8 257.5 247.3 215.5 155.4 148.3 155.1 156.9 160.3 204.1 242.4 295.3 301.7 275.5 260.7 193.4
-9999.0 -9999.0 -9999.0 -9999.0 -9999.0 -9999.0 -9999.0 -9999.0 -9999.0 -9999.0 -9999.0 -9999.0 -9999.0 -9999.0 -9999.0 -9999.0 -9999.0 -9999.0 -9999.0 -9999.0 -9999.0 -9999.0 -9999.0 -9999.0 -9999.0 88.9 84.9 39.5 49.0 46.3 69.2 96.5 101.3 94.4 93.8 99.1 106.3 97.1 104.7 99.0 113.2 120.9 157.9 173.2 197.7 208.5 224.8 231.7 196.8 203.5 225.9 217.1 245.2 248.2 203.7 224.1 275.1 269.4 301.0 286.8 265.2 239.0 271.7 144.1 149.3 156.1 153.2 174.6 201.6 236.0 262.6 269.9 218.9 242.1 222.0
-9999.0 -9999.0 -9999.0 -9999.0 -9999.0 -9999.0 -9999.0 -9999.0 -9999.0 -9999.0 -9999.0 -9999.0 -9999.0 -9999.0 -9999.0 -9999.0 -9999.0 -9999.0 -9999.0 -9999.0 -9999.0 -9999.0 -9999.0 -9999.0 -9999.0 -9999.0 -9999.0 93.5 101.0 99.0 100.5 102.9 77.7 95.6 90.2 76.3 83.7 82.3 83.1 92.1 105.5 131.2 165.0 182.9 202.6 216.4 227.1 242.6 257.3 252.0 263.7 252.4 227.8 211.9 219.4 260.1 246.3 263.4 300.0 281.6 297.0 244.6 196.4 167.1 164.6 174.7 180.2 161.7 173.7 196.8 206.9 223.9 186.6 210.5 173.9
-9999.0 -9999.0 -9999.0 -9999.0 -9999.0 -9999.0 -9999.0 -9999.0 -9999.0 -9999.0 -9999.0 -9999.0 -9999.0 -9999.0 -9999.0 -9999.0 -9999.0 -9999.0 -9999.0 -9999.0 -9999.0 -9999.0 -9999.0 -9999.0 -9999.0 -9999.0 -9999.0 -9999.0 -9999.0 -9999.0 -9999.0 -9999.0 -9999.0 85.7 83.4 -9999.0 -9999.0 -9999.0 88.3 96.1 119.4 143.7 168.0 179.4 191.7 213.6 -9999.0 -9999.0 -9999.0 -9999.0 -9999.0 -9999.0 242.3 264.3 209.0 220.2 250.2 280.3 300.8 341.7 332.1 276.7 229.6 194.5 194.5 216.3 235.3 239.0 219.6 184.2 163.5 171.7 184.2 185.2 202.2
-9999.0 -9999.0 -9999.0 -9999.0 -9999.0 -9999.0 -9999.0 -9999.0 -9999.0 -9999.0 -9999.0 -9999.0 -9999.0 -9999.0 -9999.0 -9999.0 -9999.0 -9999.0 -9999.0 -9999.0 -9999.0 -9999.0 -9999.0 -9999.0 -9999.0 -9999.0 -9999.0 -9999.0 -9999.0 -9999.0 -9999.0 -9999.0 -9999.0 -9999.0 -9999.0 -9999.0 -9999.0 -9999.0 -9999.0 90.5 107.1 125.0 144.7 166.8 -9999.0 -9999.0 -9999.0 -9999.0 -9999.0 -9999.0 -9999.0 -9999.0 275.1 300.1 246.3 226.0 243.9 278.7 334.7 393.6 408.7 342.6 275.9 236.2 239.1 279.4 313.1 305.2 259.6 236.4 196.7 172.1 164.0 183.8 191.7
-9999.0 -9999.0 -9999.0 -9999.0 -9999.0 -9999.0 -9999.0 -9999.0 -9999.0 -9999.0 -9999.0 -9999.0 -9999.0 -9999.0 -9999.0 -9999.0 -9999.0 -9999.0 -9999.0 -9999.0 -9999.0 -9999.0 -9999.0 -9999.0 -9999.0 -9999.0 -9999.0 -9999.0 -9999.0 -9999.0 -9999.0 -9999.0 -9999.0 -9999.0 -9999.0 -9999.0 -9999.0 -9999.0 -9999.0 -9999.0 -9999.0 -9999.0 -9999.0 -9999.0 -9999.0 -9999.0 -9999.0 -9999.0 -9999.0 -9999.0 -9999.0 -9999.0 317.2 334.6 265.4 273.2 227.1 245.2 299.6 379.5 413.7 383.9 347.0 287.6 307.9 393.1 416.0 365.8 303.9 267.8 241.8 219.5 217.3 186.4 183.0
-9999.0 -9999.0 -9999.0 -9999.0 -9999.0 -9999.0 -9999.0 -9999.0 -9999.0 -9999.0 -9999.0 -9999.0 -9999.0 -9999.0 -9999.0 -9999.0 -9999.0 -9999.0 -9999.0 -9999.0 -9999.0 -9999.0 -9999.0 -9999.0 -9999.0 -9999.0 -9999.0 -9999.0 -9999.0 -9999.0 -9999.0 -9999.0 -9999.0 -9999.0 -9999.0 -9999.0 -9999.0 -9999.0 -9999.0 -9999.0 -9999.0 -9999.0 -9999.0 -9999.0 -9999.0 -9999.0 -9999.0 -9999.0 -9999.0 -9999.0 -9999.0 342.2 343.7 348.9 250.5 229.3 204.5 234.2 257.4 266.5 425.9 418.9 345.7 345.6 395.3 482.2 454.6 320.6 353.0 329.5 319.0 290.8 248.2 223.5 222.0
-9999.0 -9999.0 -9999.0 -9999.0 -9999.0 -9999.0 -9999.0 -9999.0 -9999.0 -9999.0 -9999.0 -9999.0 -9999.0 -9999.0 -9999.0 -9999.0 -9999.0 -9999.0 -9999.0 -9999.0 -9999.0 -9999.0 -9999.0 -9999.0 -9999.0 -9999.0 -9999.0 -9999.0 -9999.0 -9999.0 -9999.0 -9999.0 -9999.0 -9999.0 -9999.0 -9999.0 -9999.0 -9999.0 -9999.0 -9999.0 -9999.0 -9999.0 -9999.0 -9999.0 -9999.0 -9999.0 -9999.0 -9999.0 -9999.0 -9999.0 305.5 390.3 390.3 367.9 276.9 246.2 190.0 176.9 223.1 339.1 376.9 440.2 375.1 392.7 450.6 491.5 470.3 392.0 429.5 419.7 411.9 348.8 297.6 271.9 262.6
-9999.0 -9999.0 -9999.0 -9999.0 -9999.0 -9999.0 -9999.0 -9999.0 -9999.0 -9999.0 -9999.0 -9999.0 -9999.0 -9999.0 -9999.0 -9999.0 -9999.0 -9999.0 -9999.0 -9999.0 -9999.0 -9999.0 -9999.0 -9999.0 -9999.0 -9999.0 -9999.0 -9999.0 -9999.0 -9999.0 -9999.0 -9999.0 -9999.0 -9999.0 -9999.0 -9999.0 -9999.0 -9999.0 -9999.0 -9999.0 -9999.0 -9999.0 -9999.0 -9999.0 -9999.0 -9999.0 -9999.0 -9999.0 -9999.0 -9999.0 309.7 465.6 401.0 399.7 353.1 275.4 232.8 246.5 277.7 289.1 298.1 354.5 330.3 390.0 443.4 399.2 416.6 384.2 462.0 469.6 449.7 379.8 320.6 293.4 286.9
-9999.0 -9999.0 -9999.0 -9999.0 -9999.0 -9999.0 -9999.0 -9999.0 -9999.0 -9999.0 -9999.0 -9999.0 -9999.0 -9999.0 -9999.0 -9999.0 -9999.0 -9999.0 -9999.0 -9999.0 -9999.0 -9999.0 -9999.0 -9999.0 -9999.0 -9999.0 -9999.0 -9999.0 -9999.0 -9999.0 -9999.0 -9999.0 -9999.0 -9999.0 -9999.0 -9999.0 -9999.0 -9999.0 -9999.0 -9999.0 -9999.0 -9999.0 -9999.0 -9999.0 -9999.0 -9999.0 -9999.0 -9999.0 -9999.0 -9999.0 297.9 403.4 414.7 521.6 398.2 330.8 361.0 291.3 326.0 237.1 293.2 337.2 328.4 326.4 398.8 394.9 378.8 398.7 442.3 503.2 412.2 391.3 289.0 293.0 291.7
-9999.0 -9999.0 -9999.0 -9999.0 -9999.0 -9999.0 -9999.0 -9999.0 -9999.0 -9999.0 -9999.0 -9999.0 -9999.0 -9999.0 -9999.0 -9999.0 -9999.0 -9999.0 -9999.0 -9999.0 -9999.0 -9999.0 -9999.0 -9999.0 -9999.0 -9999.0 -9999.0 -9999.0 -9999.0 -9999.0 -9999.0 -9999.0 -9999.0 -9999.0 -9999.0 -9999.0 -9999.0 -9999.0 -9999.0 -9999.0 -9999.0 -9999.0 -9999.0 -9999.0 -9999.0 -9999.0 -9999.0 -9999.0 -9999.0 -9999.0 399.7 523.6 502.0 530.9 482.4 472.5 333.6 353.3 345.7 256.0 307.6 282.7 191.9 287.2 348.2 355.3 381.8 410.8 462.6 329.5 328.9 275.3 259.8 277.6 308.1
-9999.0 -9999.0 -9999.0 -9999.0 -9999.0 -9999.0 -9999.0 -9999.0 -9999.0 -9999.0 -9999.0 -9999.0 -9999.0 -9999.0 -9999.0 -9999.0 -9999.0 -9999.0 -9999.0 -9999.0 -9999.0 -9999.0 -9999.0 -9999.0 -9999.0 -9999.0 -9999.0 -9999.0 -9999.0 -9999.0 -9999.0 -9999.0 -9999.0 -9999.0 -9999.0 -9999.0 -9999.0 -9999.0 -9999.0 -9999.0 -9999.0 -9999.0 -9999.0 -9999.0 -9999.0 -9999.0 -9999.0 -9999.0 -9999.0 -9999.0 -9999.0 -9999.0 -9999.0 473.5 434.6 412.4 404.8 413.8 324.5 318.9 531.1 261.0 397.8 323.9 309.7 300.2 345.3 333.4 371.6 325.1 248.3 218.6 230.0 270.9 328.5
-9999.0 -9999.0 -9999.0 -9999.0 -9999.0 -9999.0 -9999.0 -9999.0 -9999.0 -9999.0 -9999.0 -9999.0 -9999.0 -9999.0 -9999.0 -9999.0 -9999.0 -9999.0 -9999.0 -9999.0 -9999.0 -9999.0 -9999.0 -9999.0 -9999.0 -9999.0 -9999.0 -9999.0 -9999.0 -9999.0 -9999.0 -9999.0 -9999.0 -9999.0 -9999.0 -9999.0 -9999.0 -9999.0 -9999.0 -9999.0 -9999.0 -9999.0 -9999.0 -9999.0 -9999.0 -9999.0 -9999.0 -9999.0 -9999.0 -9999.0 -9999.0 -9999.0 -9999.0 469.8 407.3 630.2 398.3 365.5 417.4 574.6 490.6 410.2 596.4 393.9 341.3 297.1 244.6 316.5 243.2 219.3 200.4 230.3 267.6 307.4 348.3
-9999.0 -9999.0 -9999.0 -9999.0 -9999.0 -9999.0 -9999.0 -9999.0 -9999.0 -9999.0 -9999.0 -9999.0 -9999.0 -9999.0 -9999.0 -9999.0 -9999.0 -9999.0 -9999.0 -9999.0 -9999.0 -9999.0 -9999.0 -9999.0 -9999.0 -9999.0 -9999.0 -9999.0 -9999.0 -9999.0 -9999.0 -9999.0 -9999.0 -9999.0 -9999.0 -9999.0 -9999.0 -9999.0 -9999.0 -9999.0 -9999.0 -9999.0 -9999.0 -9999.0 -9999.0 -9999.0 -9999.0 -9999.0 -9999.0 -9999.0 -9999.0 -9999.0 -9999.0 481.8 350.5 478.6 417.6 395.7 477.4 552.9 709.1 725.4 810.3 686.4 379.7 -9999.0 -9999.0 -9999.0 237.6 206.7 260.1 344.2 387.0 377.1 350.9
-9999.0 -9999.0 -9999.0 -9999.0 -9999.0 -9999.0 -9999.0 -9999.0 -9999.0 -9999.0 -9999.0 -9999.0 -9999.0 -9999.0 -9999.0 -9999.0 -9999.0 -9999.0 -9999.0 -9999.0 -9999.0 -9999.0 -9999.0 -9999.0 -9999.0 -9999.0 -9999.0 -9999.0 -9999.0 -9999.0 -9999.0 -9999.0 -9999.0 -9999.0 -9999.0 -9999.0 -9999.0 -9999.0 -9999.0 -9999.0 -9999.0 -9999.0 -9999.0 -9999.0 -9999.0 -9999.0 -9999.0 -9999.0 -9999.0 -9999.0 -9999.0 -9999.0 -9999.0 -9999.0 465.6 435.5 352.1 384.5 546.9 734.5 649.0 -9999.0 -9999.0 -9999.0 -9999.0 -9999.0 -9999.0 -9999.0 243.8 285.8 387.7 511.3 524.7 419.5 324.3
-9999.0 -9999.0 -9999.0 -9999.0 -9999.0 -9999.0 -9999.0 -9999.0 -9999.0 -9999.0 -9999.0 -9999.0 -9999.0 -9999.0 -9999.0 -9999.0 -9999.0 -9999.0 -9999.0 -9999.0 -9999.0 -9999.0 -9999.0 -9999.0 -9999.0 -9999.0 -9999.0 -9999.0 -9999.0 -9999.0 -9999.0 -9999.0 -9999.0 -9999.0 -9999.0 -9999.0 -9999.0 -9999.0 -9999.0 -9999.0 -9999.0 -9999.0 -9999.0 -9999.0 -9999.0 -9999.0 -9999.0 -9999.0 -9999.0 -9999.0 -9999.0 -9999.0 -9999.0 -9999.0 -9999.0 413.8 567.6 475.6 534.7 707.1 772.2 -9999.0 -9999.0 -9999.0 -9999.0 -9999.0 -9999.0 -9999.0 -9999.0 -9999.0 484.7 -9999.0 -9999.0 -9999.0 -9999.0
