program/excelProcessViaJava/data/SURF_CLI_CHN_PRE_MON_GRID_0.5-199607.txt
NCOLS      128
NROWS       72
XLLCORNER    72.000000000000    
YLLCORNER    18.000000000000    
CELLSIZE    0.50000000000000    
NODATA_VALUE   -9999.000    
[rows 33 to 65 of 72, columns 0 to 73 of 128]
-9999.0 -9999.0 -9999.0 -9999.0 1.0 1.7 4.5 4.5 6.4 7.1 7.8 7.3 6.6 7.1 11.9 17.8 21.2 26.6 39.0 51.1 50.7 46.9 49.7 58.6 66.7 78.0 89.1 242.8 150.3 166.1 178.3 158.3 144.7 155.0 106.6 95.0 75.7 131.4 98.2 48.5 18.4 11.6 12.5 14.4 18.7 23.0 27.1 34.6 44.3 44.0 51.0 75.6 96.8 122.1 78.8 78.7 77.1 107.4 116.2 150.6 153.7 139.9 132.9 102.3 77.3 111.2 140.7 114.0 195.6 184.5 162.7 173.8 193.8 197.2
-9999.0 -9999.0 -9999.0 -9999.0 0.4 0.6 1.5 1.4 7.2 9.7 4.1 15.8 14.5 21.2 14.0 22.3 33.0 38.7 52.9 68.4 72.1 70.4 74.9 99.4 151.1 196.7 158.8 164.9 159.6 158.3 152.6 164.8 138.8 129.4 126.7 102.9 117.1 128.6 79.7 45.6 68.8 24.9 23.5 21.5 25.0 27.8 28.1 27.2 27.9 33.5 38.9 44.3 83.8 67.0 58.3 62.9 64.1 79.0 101.3 102.6 128.7 100.4 98.4 113.1 101.7 79.4 143.9 161.7 214.4 259.3 225.5 217.4 220.2 221.0
-9999.0 -9999.0 -9999.0 -9999.0 -9999.0 -9999.0 -9999.0 0.6 1.4 1.6 9.9 14.6 10.2 19.2 27.9 19.8 38.4 48.0 64.0 78.1 95.7 119.8 132.7 135.5 137.4 139.5 150.1 154.2 154.8 165.3 157.9 149.5 138.0 136.8 140.7 114.6 133.0 113.2 136.3 136.7 67.8 143.3 123.9 81.8 54.2 39.3 43.2 36.4 40.0 32.7 34.0 39.2 52.2 118.2 105.9 57.9 49.9 54.2 96.8 95.6 123.2 95.3 101.5 119.9 132.7 102.0 128.0 178.9 238.2 286.5 268.0 228.7 223.4 213.7
-9999.0 -9999.0 -9999.0 -9999.0 -9999.0 -9999.0 -9999.0 0.9 0.3 1.1 3.3 3.6 9.0 22.6 22.4 52.0 43.1 55.0 83.1 81.5 92.3 111.9 114.7 121.7 123.8 127.8 128.6 143.0 129.6 124.8 136.7 133.1 126.6 137.4 115.6 113.9 103.5 116.4 113.4 106.5 112.6 114.2 122.2 161.1 94.0 64.2 68.2 64.7 86.8 68.1 105.8 91.2 59.6 76.4 113.1 71.9 64.7 71.7 96.7 115.1 111.8 114.8 122.9 141.1 133.9 108.8 104.6 139.5 214.9 280.8 267.4 221.5 194.4 183.7
-9999.0 -9999.0 -9999.0 -9999.0 -9999.0 -9999.0 -9999.0 -9999.0 -9999.0 0.4 0.8 1.2 6.1 10.1 13.7 20.0 35.3 69.1 64.3 90.5 89.4 92.3 99.3 105.4 109.1 109.9 115.4 116.7 110.2 124.2 103.5 107.3 105.5 111.0 94.3 92.4 89.6 97.7 92.7 102.7 99.2 113.5 112.1 104.9 116.0 109.2 103.1 93.4 89.3 83.2 89.6 76.6 70.3 73.3 109.6 83.0 70.0 75.2 105.7 114.0 122.5 132.8 132.7 135.8 125.0 101.8 86.4 104.2 164.2 224.3 214.0 157.3 134.9 140.3
-9999.0 -9999.0 -9999.0 -9999.0 -9999.0 -9999.0 -9999.0 -9999.0 -9999.0 -9999.0 -9999.0 1.3 0.9 7.0 9.1 17.7 25.4 34.9 46.3 60.6 77.1 81.2 90.3 92.6 107.7 103.2 108.4 108.3 104.9 99.2 97.0 107.0 92.7 92.2 85.8 105.8 86.5 88.1 127.5 95.3 111.5 104.0 101.4 101.0 132.0 106.7 133.5 107.8 108.3 95.5 76.2 74.6 77.6 95.0 124.5 113.5 95.5 104.2 106.6 115.8 132.3 132.2 125.7 120.2 111.9 88.7 76.9 88.6 125.2 160.0 141.3 105.3 86.1 95.8
-9999.0 -9999.0 -9999.0 -9999.0 -9999.0 -9999.0 -9999.0 -9999.0 -9999.0 -9999.0 -9999.0 -9999.0 0.5 1.2 6.3 9.0 25.4 27.8 38.5 59.6 57.1 68.2 76.5 80.2 109.5 89.1 86.8 95.0 91.7 102.5 89.3 85.6 84.3 92.9 92.9 86.4 111.0 87.0 79.4 76.1 79.3 86.4 93.8 109.9 111.8 118.7 128.3 104.5 104.4 100.1 113.4 107.8 98.0 100.0 120.3 136.5 134.8 142.3 100.5 128.3 131.2 147.5 147.3 125.3 90.4 101.3 79.6 99.5 126.3 140.3 89.5 62.8 80.8 108.6
-9999.0 -9999.0 -9999.0 -9999.0 -9999.0 -9999.0 -9999.0 -9999.0 -9999.0 -9999.0 -9999.0 -9999.0 0.9 0.6 1.3 6.0 9.2 17.5 31.8 40.3 49.8 61.3 67.5 70.2 71.9 76.2 77.7 74.9 77.8 74.0 79.0 87.3 80.3 78.8 83.4 78.6 95.8 96.6 87.3 82.2 76.5 81.4 107.0 96.9 116.2 133.0 114.3 108.2 93.2 109.2 108.2 119.9 113.2 133.7 129.6 152.1 132.8 129.8 105.1 112.0 125.0 138.8 150.6 157.0 72.6 79.2 89.3 126.9 147.5 140.9 135.6 160.1 162.5 105.3
-9999.0 -9999.0 -9999.0 -9999.0 -9999.0 -9999.0 -9999.0 -9999.0 -9999.0 -9999.0 -9999.0 -9999.0 -9999.0 0.5 2.1 2.3 7.2 12.4 20.5 29.9 40.1 48.0 57.8 60.8 65.1 73.8 75.8 82.5 76.0 73.8 68.9 67.8 78.7 81.1 70.1 73.5 77.3 85.4 128.9 99.0 93.6 103.5 105.3 127.6 116.5 110.8 124.9 137.0 141.3 138.4 140.0 131.1 134.5 201.9 185.7 170.5 141.2 138.8 163.7 131.1 133.2 135.0 148.8 104.6 62.4 68.3 101.1 159.0 180.8 161.9 103.3 115.9 128.6 119.6
-9999.0 -9999.0 -9999.0 -9999.0 -9999.0 -9999.0 -9999.0 -9999.0 -9999.0 -9999.0 -9999.0 -9999.0 0.1 0.7 1.1 1.6 7.2 10.5 17.6 25.1 34.0 42.2 49.5 55.0 59.0 65.4 65.8 65.0 65.4 67.0 65.8 62.6 75.6 69.9 75.2 72.9 88.5 76.4 79.3 86.6 119.5 144.3 162.1 117.2 131.2 136.9 130.3 123.7 140.8 153.7 185.4 214.0 177.0 200.8 177.1 165.9 177.8 111.7 135.1 121.5 131.2 155.6 147.6 171.9 107.8 88.3 182.1 192.7 214.4 225.0 212.5 181.5 176.4 170.9
-9999.0 -9999.0 -9999.0 -9999.0 -9999.0 -9999.0 -9999.0 -9999.0 -9999.0 -9999.0 -9999.0 -9999.0 0.1 0.1 0.5 3.8 6.0 7.6 14.0 22.5 30.5 38.3 45.3 51.0 55.3 58.3 59.9 60.9 61.5 61.3 61.4 62.8 71.2 65.5 68.5 74.6 73.6 80.0 82.9 80.8 91.9 99.7 111.9 126.9 139.3 153.1 181.9 181.7 184.7 155.1 173.3 221.9 190.3 173.4 170.4 146.6 160.6 167.7 145.1 177.2 197.0 225.8 138.2 106.5 96.4 174.1 153.4 216.7 240.0 275.2 250.8 207.6 176.3 132.4
-9999.0 -9999.0 -9999.0 -9999.0 -9999.0 -9999.0 -9999.0 -9999.0 -9999.0 -9999.0 -9999.0 -9999.0 0.0 0.2 0.4 1.0 2.7 9.1 12.9 20.3 31.3 39.4 42.7 49.4 53.0 58.7 59.6 65.5 61.7 62.9 64.0 70.5 67.3 68.9 72.7 78.6 81.4 85.0 85.2 97.9 101.7 108.6 145.1 125.7 149.9 188.3 209.7 190.5 167.1 184.1 209.7 197.4 328.4 340.8 256.2 157.3 180.4 196.9 206.9 169.0 174.3 185.1 313.5 118.1 112.3 285.1 233.6 197.8 202.7 214.6 200.5 190.0 157.0 139.9
-9999.0 -9999.0 -9999.0 -9999.0 -9999.0 -9999.0 -9999.0 -9999.0 -9999.0 -9999.0 -9999.0 -9999.0 -9999.0 0.4 0.7 1.0 2.6 6.3 12.9 20.8 35.9 35.2 43.9 51.1 52.0 56.2 59.1 61.7 64.8 67.4 71.2 73.5 78.2 79.5 85.6 103.9 105.1 93.9 99.0 103.0 116.1 156.2 181.4 177.0 155.8 163.1 195.2 150.5 217.5 224.4 200.4 288.0 272.3 212.1 300.6 288.6 187.8 193.3 231.8 322.1 282.4 508.0 299.3 93.9 204.0 181.5 186.1 175.2 168.2 164.1 150.0 140.0 153.2 129.6
-9999.0 -9999.0 -9999.0 -9999.0 -9999.0 -9999.0 -9999.0 -9999.0 -9999.0 -9999.0 -9999.0 -9999.0 -9999.0 0.1 0.6 1.0 4.0 6.2 11.9 19.2 33.2 40.0 47.6 50.4 52.3 56.8 60.9 64.6 68.4 82.6 83.1 87.7 90.5 97.1 110.8 117.2 108.5 107.7 118.9 157.1 139.7 159.8 176.0 183.4 227.2 180.1 180.8 140.6 169.0 191.1 254.4 200.0 287.6 346.1 377.0 319.1 236.8 238.5 292.9 189.7 331.8 174.6 139.1 250.4 176.6 138.9 163.3 187.0 177.6 158.7 143.5 148.9 158.1 167.6
-9999.0 -9999.0 -9999.0 -9999.0 -9999.0 -9999.0 -9999.0 -9999.0 -9999.0 -9999.0 -9999.0 -9999.0 -9999.0 -9999.0 -9999.0 1.0 2.5 6.6 12.0 18.9 29.2 34.5 41.3 48.4 55.1 59.6 73.9 70.3 84.0 80.4 90.3 99.3 118.2 126.1 126.8 151.3 161.5 114.5 124.9 136.9 163.3 179.4 185.3 182.4 158.7 134.2 152.4 102.1 157.0 107.3 183.3 327.7 265.9 294.8 211.3 301.1 302.5 206.8 368.0 425.1 181.2 170.8 321.2 275.2 216.3 186.8 209.1 247.2 239.4 209.4 195.6 202.4 249.8 251.1
-9999.0 -9999.0 -9999.0 -9999.0 -9999.0 -9999.0 -9999.0 -9999.0 -9999.0 -9999.0 -9999.0 -9999.0 -9999.0 -9999.0 -9999.0 -9999.0 -9999.0 27.8 17.8 -9999.0 29.6 35.3 41.8 48.6 56.9 61.9 78.2 75.9 78.9 91.2 99.0 113.8 137.1 137.4 136.4 142.0 175.8 116.7 132.9 140.3 153.2 174.8 173.1 167.6 183.3 127.2 168.1 173.0 96.4 145.7 95.9 171.5 142.8 278.8 314.4 332.2 267.3 382.3 384.7 431.4 174.3 241.1 336.6 338.1 274.5 238.3 259.8 292.8 304.0 285.0 280.7 323.5 338.7 283.9
-9999.0 -9999.0 -9999.0 -9999.0 -9999.0 -9999.0 -9999.0 -9999.0 -9999.0 -9999.0 -9999.0 -9999.0 -9999.0 -9999.0 -9999.0 -9999.0 -9999.0 -9999.0 -9999.0 -9999.0 -9999.0 34.9 42.8 57.9 58.4 64.2 70.2 76.5 83.7 95.0 106.4 132.6 145.1 150.8 145.3 148.4 141.2 129.9 123.8 157.0 182.0 151.3 157.6 150.3 178.8 118.6 237.8 84.4 182.7 536.7 132.6 297.8 301.6 165.4 233.1 334.5 364.2 309.0 544.0 395.0 210.9 232.0 316.6 338.8 321.0 277.2 289.0 319.1 347.2 341.6 348.5 375.3 369.6 325.2
-9999.0 -9999.0 -9999.0 -9999.0 -9999.0 -9999.0 -9999.0 -9999.0 -9999.0 -9999.0 -9999.0 -9999.0 -9999.0 -9999.0 -9999.0 -9999.0 -9999.0 -9999.0 -9999.0 -9999.0 -9999.0 -9999.0 -9999.0 65.8 58.8 66.5 73.7 80.2 90.6 97.8 110.1 126.1 153.6 153.3 164.6 159.8 163.4 128.4 127.9 121.8 114.6 127.9 121.4 132.6 171.3 346.7 119.6 86.5 87.9 87.7 76.3 193.5 102.4 151.3 150.8 144.2 290.8 416.8 235.7 400.9 254.0 282.2 290.7 284.3 279.8 271.8 279.8 304.6 307.5 328.9 373.7 405.6 411.6 401.8
-9999.0 -9999.0 -9999.0 -9999.0 -9999.0 -9999.0 -9999.0 -9999.0 -9999.0 -9999.0 -9999.0 -9999.0 -9999.0 -9999.0 -9999.0 -9999.0 -9999.0 -9999.0 -9999.0 -9999.0 -9999.0 -9999.0 -9999.0 -9999.0 -9999.0 120.8 84.8 102.4 102.9 131.9 116.9 124.8 135.9 143.6 135.6 154.4 180.7 114.1 115.2 86.3 99.9 88.3 231.3 186.7 313.3 371.2 216.8 329.4 84.3 76.8 158.3 117.5 185.7 180.4 115.2 155.1 257.5 267.1 399.8 386.5 362.3 353.5 534.9 280.0 266.3 254.0 239.7 277.6 328.1 362.9 352.5 404.4 412.8 421.0
-9999.0 -9999.0 -9999.0 -9999.0 -9999.0 -9999.0 -9999.0 -9999.0 -9999.0 -9999.0 -9999.0 -9999.0 -9999.0 -9999.0 -9999.0 -9999.0 -9999.0 -9999.0 -9999.0 -9999.0 -9999.0 -9999.0 -9999.0 -9999.0 -9999.0 -9999.0 -9999.0 171.1 180.3 114.3 119.8 127.3 141.9 133.6 126.0 170.8 98.8 87.1 111.4 71.3 66.4 103.8 240.6 363.2 363.4 385.1 400.5 368.0 319.8 122.3 169.0 147.2 96.5 101.2 133.5 208.5 245.9 293.0 358.5 317.0 308.2 376.9 281.4 251.4 238.7 233.1 231.0 228.8 262.8 305.7 336.4 413.6 364.9 386.5
-9999.0 -9999.0 -9999.0 -9999.0 -9999.0 -9999.0 -9999.0 -9999.0 -9999.0 -9999.0 -9999.0 -9999.0 -9999.0 -9999.0 -9999.0 -9999.0 -9999.0 -9999.0 -9999.0 -9999.0 -9999.0 -9999.0 -9999.0 -9999.0 -9999.0 -9999.0 -9999.0 -9999.0 -9999.0 -9999.0 -9999.0 -9999.0 -9999.0 171.2 107.8 -9999.0 -9999.0 -9999.0 193.0 93.3 162.9 234.6 196.3 396.6 442.4 420.0 -9999.0 -9999.0 -9999.0 -9999.0 -9999.0 -9999.0 109.1 158.5 155.1 234.3 309.0 385.0 336.7 319.7 316.0 342.8 255.2 208.4 190.4 209.9 245.8 302.7 348.3 328.8 315.6 393.4 412.2 348.2
-9999.0 -9999.0 -9999.0 -9999.0 -9999.0 -9999.0 -9999.0 -9999.0 -9999.0 -9999.0 -9999.0 -9999.0 -9999.0 -9999.0 -9999.0 -9999.0 -9999.0 -9999.0 -9999.0 -9999.0 -9999.0 -9999.0 -9999.0 -9999.0 -9999.0 -9999.0 -9999.0 -9999.0 -9999.0 -9999.0 -9999.0 -9999.0 -9999.0 -9999.0 -9999.0 -9999.0 -9999.0 -9999.0 -9999.0 411.6 415.9 430.8 441.2 439.9 -9999.0 -9999.0 -9999.0 -9999.0 -9999.0 -9999.0 -9999.0 -9999.0 137.1 211.4 200.2 266.0 355.9 383.8 354.4 309.7 275.3 280.7 252.0 180.2 167.1 188.8 248.6 321.1 377.5 441.4 430.3 412.5 374.6 421.7
-9999.0 -9999.0 -9999.0 -9999.0 -9999.0 -9999.0 -9999.0 -9999.0 -9999.0 -9999.0 -9999.0 -9999.0 -9999.0 -9999.0 -9999.0 -9999.0 -9999.0 -9999.0 -9999.0 -9999.0 -9999.0 -9999.0 -9999.0 -9999.0 -9999.0 -9999.0 -9999.0 -9999.0 -9999.0 -9999.0 -9999.0 -9999.0 -9999.0 -9999.0 -9999.0 -9999.0 -9999.0 -9999.0 -9999.0 -9999.0 -9999.0 -9999.0 -9999.0 -9999.0 -9999.0 -9999.0 -9999.0 -9999.0 -9999.0 -9999.0 -9999.0 -9999.0 176.4 267.0 239.0 302.6 311.1 303.8 284.7 275.8 252.8 236.6 361.8 182.0 178.1 204.3 269.8 322.0 358.5 377.9 374.7 401.8 512.4 468.9
-9999.0 -9999.0 -9999.0 -9999.0 -9999.0 -9999.0 -9999.0 -9999.0 -9999.0 -9999.0 -9999.0 -9999.0 -9999.0 -9999.0 -9999.0 -9999.0 -9999.0 -9999.0 -9999.0 -9999.0 -9999.0 -9999.0 -9999.0 -9999.0 -9999.0 -9999.0 -9999.0 -9999.0 -9999.0 -9999.0 -9999.0 -9999.0 -9999.0 -9999.0 -9999.0 -9999.0 -9999.0 -9999.0 -9999.0 -9999.0 -9999.0 -9999.0 -9999.0 -9999.0 -9999.0 -9999.0 -9999.0 -9999.0 -9999.0 -9999.0 -9999.0 252.5 232.8 298.0 204.9 250.3 235.5 245.3 212.0 219.3 273.0 262.3 197.3 178.7 187.8 231.0 290.6 299.5 301.0 280.5 282.0 334.5 391.5 482.7
-9999.0 -9999.0 -9999.0 -9999.0 -9999.0 -9999.0 -9999.0 -9999.0 -9999.0 -9999.0 -9999.0 -9999.0 -9999.0 -9999.0 -9999.0 -9999.0 -9999.0 -9999.0 -9999.0 -9999.0 -9999.0 -9999.0 -9999.0 -9999.0 -9999.0 -9999.0 -9999.0 -9999.0 -9999.0 -9999.0 -9999.0 -9999.0 -9999.0 -9999.0 -9999.0 -9999.0 -9999.0 -9999.0 -9999.0 -9999.0 -9999.0 -9999.0 -9999.0 -9999.0 -9999.0 -9999.0 -9999.0 -9999.0 -9999.0 -9999.0 359.1 338.2 326.4 331.3 238.4 234.8 154.5 131.0 162.1 218.6 230.0 256.7 206.3 192.3 214.6 273.6 283.7 292.0 270.1 260.1 276.0 323.9 394.1 451.0
-9999.0 -9999.0 -9999.0 -9999.0 -9999.0 -9999.0 -9999.0 -9999.0 -9999.0 -9999.0 -9999.0 -9999.0 -9999.0 -9999.0 -9999.0 -9999.0 -9999.0 -9999.0 -9999.0 -9999.0 -9999.0 -9999.0 -9999.0 -9999.0 -9999.0 -9999.0 -9999.0 -9999.0 -9999.0 -9999.0 -9999.0 -9999.0 -9999.0 -9999.0 -9999.0 -9999.0 -9999.0 -9999.0 -9999.0 -9999.0 -9999.0 -9999.0 -9999.0 -9999.0 -9999.0 -9999.0 -9999.0 -9999.0 -9999.0 -9999.0 406.9 469.0 372.0 363.2 321.0 215.2 128.0 179.0 193.2 194.6 193.8 198.7 180.0 197.9 237.2 309.1 307.9 303.4 277.1 301.8 337.8 386.4 426.3 442.9
-9999.0 -9999.0 -9999.0 -9999.0 -9999.0 -9999.0 -9999.0 -9999.0 -9999.0 -9999.0 -9999.0 -9999.0 -9999.0 -9999.0 -9999.0 -9999.0 -9999.0 -9999.0 -9999.0 -9999.0 -9999.0 -9999.0 -9999.0 -9999.0 -9999.0 -9999.0 -9999.0 -9999.0 -9999.0 -9999.0 -9999.0 -9999.0 -9999.0 -9999.0 -9999.0 -9999.0 -9999.0 -9999.0 -9999.0 -9999.0 -9999.0 -9999.0 -9999.0 -9999.0 -9999.0 -9999.0 -9999.0 -9999.0 -9999.0 -9999.0 431.0 482.8 428.5 536.6 315.5 221.0 298.1 205.6 238.7 198.1 200.1 200.6 190.2 196.2 235.0 280.5 311.0 307.3 311.1 327.1 404.5 408.5 481.9 402.6
-9999.0 -9999.0 -9999.0 -9999.0 -9999.0 -9999.0 -9999.0 -9999.0 -9999.0 -9999.0 -9999.0 -9999.0 -9999.0 -9999.0 -9999.0 -9999.0 -9999.0 -9999.0 -9999.0 -9999.0 -9999.0 -9999.0 -9999.0 -9999.0 -9999.0 -9999.0 -9999.0 -9999.0 -9999.0 -9999.0 -9999.0 -9999.0 -9999.0 -9999.0 -9999.0 -9999.0 -9999.0 -9999.0 -9999.0 -9999.0 -9999.0 -9999.0 -9999.0 -9999.0 -9999.0 -9999.0 -9999.0 -9999.0 -9999.0 -9999.0 563.6 658.3 573.9 555.9 450.2 426.4 213.6 269.1 277.7 232.0 246.0 227.2 204.5 235.2 264.9 287.9 304.3 310.2 328.9 361.7 412.4 454.3 431.1 337.4
-9999.0 -9999.0 -9999.0 -9999.0 -9999.0 -9999.0 -9999.0 -9999.0 -9999.0 -9999.0 -9999.0 -9999.0 -9999.0 -9999.0 -9999.0 -9999.0 -9999.0 -9999.0 -9999.0 -9999.0 -9999.0 -9999.0 -9999.0 -9999.0 -9999.0 -9999.0 -9999.0 -9999.0 -9999.0 -9999.0 -9999.0 -9999.0 -9999.0 -9999.0 -9999.0 -9999.0 -9999.0 -9999.0 -9999.0 -9999.0 -9999.0 -9999.0 -9999.0 -9999.0 -9999.0 -9999.0 -9999.0 -9999.0 -9999.0 -9999.0 -9999.0 -9999.0 -9999.0 529.4 432.1 364.3 344.0 364.0 273.2 292.0 438.8 280.2 373.7 333.0 335.7 331.7 340.1 311.5 334.3 340.3 341.1 331.7 281.0 226.1
-9999.0 -9999.0 -9999.0 -9999.0 -9999.0 -9999.0 -9999.0 -9999.0 -9999.0 -9999.0 -9999.0 -9999.0 -9999.0 -9999.0 -9999.0 -9999.0 -9999.0 -9999.0 -9999.0 -9999.0 -9999.0 -9999.0 -9999.0 -9999.0 -9999.0 -9999.0 -9999.0 -9999.0 -9999.0 -9999.0 -9999.0 -9999.0 -9999.0 -9999.0 -9999.0 -9999.0 -9999.0 -9999.0 -9999.0 -9999.0 -9999.0 -9999.0 -9999.0 -9999.0 -9999.0 -9999.0 -9999.0 -9999.0 -9999.0 -9999.0 -9999.0 -9999.0 -9999.0 569.1 435.8 716.2 383.7 324.7 382.3 510.0 414.7 376.3 512.1 415.7 401.6 365.3 288.9 324.9 254.9 246.9 236.6 218.0 174.9 156.2
-9999.0 -9999.0 -9999.0 -9999.0 -9999.0 -9999.0 -9999.0 -9999.0 -9999.0 -9999.0 -9999.0 -9999.0 -9999.0 -9999.0 -9999.0 -9999.0 -9999.0 -9999.0 -9999.0 -9999.0 -9999.0 -9999.0 -9999.0 -9999.0 -9999.0 -9999.0 -9999.0 -9999.0 -9999.0 -9999.0 -9999.0 -9999.0 -9999.0 -9999.0 -9999.0 -9999.0 -9999.0 -9999.0 -9999.0 -9999.0 -9999.0 -9999.0 -9999.0 -9999.0 -9999.0 -9999.0 -9999.0 -9999.0 -9999.0 -9999.0 -9999.0 -9999.0 -9999.0 615.8 373.6 556.6 456.3 380.9 431.9 453.1 552.9 544.3 644.0 620.5 394.3 -9999.0 -9999.0 -9999.0 213.8 166.4 180.7 197.3 194.7 193.6
-9999.0 -9999.0 -9999.0 -9999.0 -9999.0 -9999.0 -9999.0 -9999.0 -9999.0 -9999.0 -9999.0 -9999.0 -9999.0 -9999.0 -9999.0 -9999.0 -9999.0 -9999.0 -9999.0 -9999.0 -9999.0 -9999.0 -9999.0 -9999.0 -9999.0 -9999.0 -9999.0 -9999.0 -9999.0 -9999.0 -9999.0 -9999.0 -9999.0 -9999.0 -9999.0 -9999.0 -9999.0 -9999.0 -9999.0 -9999.0 -9999.0 -9999.0 -9999.0 -9999.0 -9999.0 -9999.0 -9999.0 -9999.0 -9999.0 -9999.0 -9999.0 -9999.0 -9999.0 -9999.0 579.3 514.9 347.3 323.1 479.4 610.7 442.1 -9999.0 -9999.0 -9999.0 -9999.0 -9999.0 -9999.0 -9999.0 159.0 160.5 204.2 227.8 257.6 251.2
-9999.0 -9999.0 -9999.0 -9999.0 -9999.0 -9999.0 -9999.0 -9999.0 -9999.0 -9999.0 -9999.0 -9999.0 -9999.0 -9999.0 -9999.0 -9999.0 -9999.0 -9999.0 -9999.0 -9999.0 -9999.0 -9999.0 -9999.0 -9999.0 -9999.0 -9999.0 -9999.0 -9999.0 -9999.0 -9999.0 -9999.0 -9999.0 -9999.0 -9999.0 -9999.0 -9999.0 -9999.0 -9999.0 -9999.0 -9999.0 -9999.0 -9999.0 -9999.0 -9999.0 -9999.0 -9999.0 -9999.0 -9999.0 -9999.0 -9999.0 -9999.0 -9999.0 -9999.0 -9999.0 -9999.0 467.6 673.8 433.6 394.4 510.2 501.2 -9999.0 -9999.0 -9999.0 -9999.0 -9999.0 -9999.0 -9999.0 -9999.0 -9999.0 211.4 -9999.0 -9999.0 -9999.0
