program/excelProcessViaJava/data/SURF_CLI_CHN_PRE_MON_GRID_0.5-198105.txt
NCOLS      128
NROWS       72
XLLCORNER    72.000000000000    
YLLCORNER    18.000000000000    
CELLSIZE    0.50000000000000    
NODATA_VALUE   -9999.000    
[rows 34 to 67 of 72, columns 0 to 76 of 128]
-9999.0 -9999.0 -9999.0 -9999.0 43.2 32.7 67.9 32.9 87.3 78.3 22.4 57.1 34.4 31.2 6.1 4.6 3.4 0.8 0.4 0.4 0.6 0.8 1.1 3.2 9.8 14.9 8.4 8.7 8.2 8.5 8.9 11.4 10.2 10.9 12.4 11.2 14.5 17.4 11.3 6.7 10.5 3.7 3.1 1.7 1.2 0.9 0.8 0.8 0.8 1.1 1.4 2.5 11.6 8.6 9.9 14.8 19.0 22.1 24.7 12.3 23.4 8.4 7.7 7.4 4.3 2.2 6.4 5.1 5.6 11.3 11.3 12.6 11.6 10.9 10.7 9.3 6.6
-9999.0 -9999.0 -9999.0 -9999.0 -9999.0 -9999.0 -9999.0 37.4 55.4 39.8 75.0 68.6 35.6 37.8 32.9 3.6 9.4 2.7 1.6 3.4 9.0 14.2 14.2 12.0 10.5 9.7 10.6 10.9 11.1 13.0 13.2 13.7 14.2 16.1 18.7 17.0 21.0 18.8 22.4 22.0 10.4 22.2 19.3 12.2 5.9 1.4 3.0 2.0 3.5 1.1 0.9 2.0 5.8 21.8 20.6 19.1 23.6 24.5 28.9 16.9 25.0 5.9 4.6 5.2 5.8 3.6 5.6 7.6 7.9 11.1 12.0 12.1 12.0 10.0 8.6 6.5 4.4
-9999.0 -9999.0 -9999.0 -9999.0 -9999.0 -9999.0 -9999.0 77.5 26.6 50.0 56.8 39.6 43.2 53.4 33.2 50.6 23.3 18.8 27.1 14.4 12.7 16.2 13.1 12.6 11.4 11.3 11.0 13.1 11.6 11.8 14.7 16.0 17.3 21.1 20.3 22.0 21.6 24.0 22.8 20.0 18.7 16.8 17.3 26.9 13.5 6.4 9.8 11.1 22.2 15.0 27.9 21.1 10.4 16.3 25.8 25.6 31.4 34.0 34.2 33.6 24.3 15.8 8.0 8.8 6.9 5.6 6.1 8.0 11.3 11.1 13.1 14.0 12.4 8.3 6.0 4.0 3.2
-9999.0 -9999.0 -9999.0 -9999.0 -9999.0 -9999.0 -9999.0 -9999.0 -9999.0 40.5 36.0 29.0 42.5 36.0 25.8 19.4 23.3 38.3 21.5 27.4 18.2 13.5 12.7 12.6 12.2 11.7 12.6 12.9 12.4 15.5 14.0 16.6 18.7 22.3 22.2 24.1 24.9 26.6 24.4 23.9 19.7 18.8 16.2 14.7 19.1 20.5 22.8 23.6 25.7 25.3 27.7 21.6 18.6 20.6 30.0 31.4 36.6 39.4 41.2 40.6 38.5 37.5 31.1 15.1 13.2 10.1 10.4 13.4 18.6 17.1 17.5 14.5 12.2 8.0 5.2 6.0 4.5
-9999.0 -9999.0 -9999.0 -9999.0 -9999.0 -9999.0 -9999.0 -9999.0 -9999.0 -9999.0 -9999.0 40.7 15.8 35.1 23.6 24.1 19.5 16.2 14.6 15.9 18.7 14.8 15.2 13.5 16.9 14.6 15.4 15.3 15.1 15.1 16.4 20.1 20.7 23.8 25.8 32.1 30.5 31.2 37.6 28.8 28.3 22.4 18.5 17.3 26.8 22.5 35.9 32.5 37.9 36.8 30.0 27.9 27.2 31.6 37.6 38.7 40.7 44.7 48.6 51.6 54.2 47.8 38.0 28.1 23.5 21.2 20.0 26.1 32.5 32.7 25.3 20.1 14.7 12.4 17.1 14.0 10.5
-9999.0 -9999.0 -9999.0 -9999.0 -9999.0 -9999.0 -9999.0 -9999.0 -9999.0 -9999.0 -9999.0 -9999.0 14.4 12.6 23.1 15.0 27.0 16.5 15.9 23.0 12.6 14.5 15.2 14.3 22.1 15.4 14.4 16.1 15.7 18.2 17.7 19.4 22.3 27.3 31.3 33.9 40.7 37.6 34.8 31.3 28.2 25.4 23.5 26.1 27.3 31.9 39.1 35.8 42.9 47.1 51.6 45.9 39.3 39.1 43.3 45.0 45.5 48.8 55.7 63.3 65.2 61.3 52.1 40.2 38.5 32.9 39.7 46.9 54.5 54.3 34.2 23.1 24.2 26.2 22.8 18.4 11.8
-9999.0 -9999.0 -9999.0 -9999.0 -9999.0 -9999.0 -9999.0 -9999.0 -9999.0 -9999.0 -9999.0 -9999.0 30.0 7.8 5.6 14.5 7.1 9.9 16.9 15.3 15.3 17.7 17.2 15.7 14.6 15.8 15.6 14.5 15.3 15.3 17.4 20.8 23.2 27.1 32.5 36.3 42.8 44.8 42.6 38.8 33.5 30.6 34.8 30.2 36.8 44.3 41.2 43.5 45.4 58.4 58.4 54.6 47.2 47.9 49.0 48.9 47.5 49.7 59.8 67.2 67.7 61.7 56.3 50.2 55.8 53.4 53.1 59.8 69.6 71.2 63.6 55.2 45.9 30.5 25.2 20.2 17.6
-9999.0 -9999.0 -9999.0 -9999.0 -9999.0 -9999.0 -9999.0 -9999.0 -9999.0 -9999.0 -9999.0 -9999.0 -9999.0 11.2 19.0 4.9 10.5 7.9 8.6 10.5 13.8 13.4 17.8 15.7 16.7 18.8 17.8 17.8 15.9 15.6 16.0 17.9 22.6 27.4 31.4 37.3 42.4 46.3 53.7 46.8 42.3 42.1 40.9 47.2 45.5 46.3 53.7 60.6 66.1 68.9 67.2 57.6 51.3 54.3 51.5 49.7 47.6 48.7 56.6 65.5 68.9 64.3 59.7 53.3 67.0 70.1 74.3 76.8 82.4 74.3 49.9 49.3 46.1 38.8 32.8 24.1 20.3
-9999.0 -9999.0 -9999.0 -9999.0 -9999.0 -9999.0 -9999.0 -9999.0 -9999.0 -9999.0 -9999.0 -9999.0 11.2 20.2 15.0 7.0 16.4 11.6 12.4 9.4 11.7 14.1 17.0 17.5 17.6 19.0 17.1 15.2 14.1 13.9 14.3 15.8 20.3 24.4 30.9 36.9 44.5 45.6 45.8 44.9 50.9 56.3 61.5 51.0 57.8 62.2 62.3 60.4 65.4 68.3 69.3 64.7 54.1 53.8 53.9 52.9 50.3 59.2 60.4 69.4 73.4 74.3 67.4 66.4 61.1 72.3 71.2 70.7 85.6 92.0 82.0 63.5 52.3 45.5 38.1 33.2 35.5
-9999.0 -9999.0 -9999.0 -9999.0 -9999.0 -9999.0 -9999.0 -9999.0 -9999.0 -9999.0 -9999.0 -9999.0 16.9 3.9 6.2 23.1 18.1 8.0 9.5 14.8 12.9 17.6 19.0 19.7 19.0 17.8 16.2 14.2 12.6 11.7 11.9 13.4 16.8 21.1 27.5 34.8 40.3 44.6 44.9 41.4 43.0 46.0 52.2 60.2 66.8 72.3 78.5 75.4 71.6 60.4 59.7 59.5 53.7 56.8 62.2 70.5 62.9 65.9 78.3 86.3 94.1 98.0 81.0 70.2 69.2 80.7 85.7 65.0 54.6 58.6 63.0 62.7 59.6 53.3 45.6 33.5 38.1
-9999.0 -9999.0 -9999.0 -9999.0 -9999.0 -9999.0 -9999.0 -9999.0 -9999.0 -9999.0 -9999.0 -9999.0 2.2 11.8 4.0 6.6 7.4 18.6 13.9 16.2 23.4 24.7 21.3 22.7 20.9 19.7 16.4 14.2 11.3 10.0 9.8 10.9 13.5 18.3 24.5 31.6 37.8 41.7 42.1 44.2 45.7 51.2 68.6 65.0 76.7 86.0 86.5 75.8 63.4 60.3 57.2 51.8 57.4 57.3 59.9 91.0 82.8 87.5 100.5 118.3 123.6 120.6 128.3 84.9 72.3 89.9 78.6 66.5 61.4 59.6 65.7 79.4 78.1 76.0 103.2 54.0 59.9
-9999.0 -9999.0 -9999.0 -9999.0 -9999.0 -9999.0 -9999.0 -9999.0 -9999.0 -9999.0 -9999.0 -9999.0 -9999.0 26.7 20.1 8.2 11.3 11.5 19.0 22.8 32.0 24.5 26.6 26.2 22.0 19.4 16.0 12.7 10.0 8.7 7.9 8.6 10.8 15.3 21.2 28.2 34.9 39.4 43.1 46.4 53.5 72.3 86.4 91.1 86.1 85.2 85.2 67.6 68.9 59.4 48.9 48.9 46.4 55.3 58.1 69.0 97.8 112.0 128.6 144.3 160.9 173.0 154.8 81.8 107.6 105.2 87.0 77.4 76.8 84.5 91.1 99.5 105.5 102.3 89.5 71.7 55.0
-9999.0 -9999.0 -9999.0 -9999.0 -9999.0 -9999.0 -9999.0 -9999.0 -9999.0 -9999.0 -9999.0 -9999.0 -9999.0 2.0 20.2 10.4 23.5 13.8 17.8 23.3 34.1 33.1 32.2 28.3 23.2 20.2 16.2 12.4 9.3 8.2 6.8 7.2 9.3 13.1 18.3 24.8 31.5 38.0 45.6 59.3 67.0 81.8 95.0 101.5 108.2 93.7 83.7 65.7 56.6 46.6 42.0 33.4 36.3 42.9 51.8 64.0 85.7 112.4 144.7 167.5 196.2 156.5 100.5 128.2 132.0 126.3 109.4 104.7 112.7 119.4 124.6 129.7 135.1 135.2 127.1 115.9 110.2
-9999.0 -9999.0 -9999.0 -9999.0 -9999.0 -9999.0 -9999.0 -9999.0 -9999.0 -9999.0 -9999.0 -9999.0 -9999.0 -9999.0 -9999.0 14.1 14.3 21.6 21.9 23.2 34.4 31.4 30.9 29.9 27.1 22.3 19.4 12.9 10.5 6.9 6.1 6.7 9.1 12.3 17.3 23.1 30.3 36.8 46.9 60.3 75.8 91.0 101.7 104.8 96.1 88.7 78.3 60.4 48.0 30.5 24.9 32.8 24.5 29.8 44.2 50.8 71.5 84.4 147.5 189.1 156.8 112.3 143.5 146.4 150.3 150.6 144.2 144.2 153.0 155.6 154.7 154.2 165.8 172.5 160.9 172.9 149.4
-9999.0 -9999.0 -9999.0 -9999.0 -9999.0 -9999.0 -9999.0 -9999.0 -9999.0 -9999.0 -9999.0 -9999.0 -9999.0 -9999.0 -9999.0 -9999.0 -9999.0 3.0 13.6 -9999.0 25.9 37.4 33.5 32.5 30.9 25.4 22.1 14.8 10.1 7.8 6.4 7.7 9.9 15.0 22.4 22.3 28.6 34.3 44.3 59.0 74.1 90.6 97.1 97.0 94.1 86.7 122.3 63.1 36.9 26.5 21.5 13.8 30.4 20.9 27.9 38.4 50.3 91.7 138.7 190.7 101.4 112.1 131.3 137.9 147.9 164.2 171.7 174.5 176.8 174.9 177.0 183.6 196.4 187.3 199.9 212.5 180.6
-9999.0 -9999.0 -9999.0 -9999.0 -9999.0 -9999.0 -9999.0 -9999.0 -9999.0 -9999.0 -9999.0 -9999.0 -9999.0 -9999.0 -9999.0 -9999.0 -9999.0 -9999.0 -9999.0 -9999.0 -9999.0 38.0 41.5 44.2 36.2 30.3 24.3 18.1 12.6 9.8 8.0 11.9 14.4 18.4 25.1 23.0 24.5 28.1 35.2 39.5 45.8 82.2 91.0 89.2 84.6 76.7 147.3 54.5 46.6 88.2 15.2 25.5 21.2 15.1 18.2 30.4 46.4 68.2 130.1 176.3 100.0 108.5 110.5 113.9 130.7 160.6 177.3 180.8 177.4 174.4 176.6 193.1 202.1 202.8 211.3 214.3 191.4
-9999.0 -9999.0 -9999.0 -9999.0 -9999.0 -9999.0 -9999.0 -9999.0 -9999.0 -9999.0 -9999.0 -9999.0 -9999.0 -9999.0 -9999.0 -9999.0 -9999.0 -9999.0 -9999.0 -9999.0 -9999.0 -9999.0 -9999.0 41.2 42.1 37.3 31.1 23.8 17.3 13.1 11.1 12.0 15.6 18.9 22.1 24.3 27.0 26.1 37.5 50.4 58.8 75.2 67.0 61.6 73.6 147.2 85.0 63.6 65.1 61.4 21.3 19.4 16.7 15.8 14.7 17.8 32.4 69.2 95.1 157.6 129.4 138.3 134.5 114.7 130.4 152.4 168.3 168.5 170.7 161.9 178.5 193.1 209.2 226.8 233.3 233.2 234.2
-9999.0 -9999.0 -9999.0 -9999.0 -9999.0 -9999.0 -9999.0 -9999.0 -9999.0 -9999.0 -9999.0 -9999.0 -9999.0 -9999.0 -9999.0 -9999.0 -9999.0 -9999.0 -9999.0 -9999.0 -9999.0 -9999.0 -9999.0 -9999.0 -9999.0 44.1 42.7 35.5 26.6 26.1 17.7 18.3 22.0 24.6 28.6 29.1 38.4 28.9 41.1 39.8 60.7 51.1 40.5 51.3 99.2 143.1 122.2 189.6 40.4 50.4 29.0 21.9 23.2 21.3 16.6 17.8 29.7 51.5 96.8 139.1 164.5 157.9 208.7 103.8 120.7 140.4 156.0 160.4 157.0 156.6 157.4 182.1 207.7 230.9 247.1 245.4 241.8
-9999.0 -9999.0 -9999.0 -9999.0 -9999.0 -9999.0 -9999.0 -9999.0 -9999.0 -9999.0 -9999.0 -9999.0 -9999.0 -9999.0 -9999.0 -9999.0 -9999.0 -9999.0 -9999.0 -9999.0 -9999.0 -9999.0 -9999.0 -9999.0 -9999.0 -9999.0 -9999.0 44.1 43.0 34.6 30.3 29.7 29.4 33.9 33.3 29.3 29.8 27.6 20.8 30.1 44.6 29.2 41.4 78.2 102.3 134.3 166.4 186.4 197.1 99.1 150.4 133.1 31.0 29.1 22.5 23.8 35.5 58.2 88.1 119.4 136.6 158.2 122.3 117.0 123.8 129.6 136.7 129.5 119.0 117.4 135.6 173.6 200.9 223.2 231.9 231.8 264.4
-9999.0 -9999.0 -9999.0 -9999.0 -9999.0 -9999.0 -9999.0 -9999.0 -9999.0 -9999.0 -9999.0 -9999.0 -9999.0 -9999.0 -9999.0 -9999.0 -9999.0 -9999.0 -9999.0 -9999.0 -9999.0 -9999.0 -9999.0 -9999.0 -9999.0 -9999.0 -9999.0 -9999.0 -9999.0 -9999.0 -9999.0 -9999.0 -9999.0 35.7 38.0 -9999.0 -9999.0 -9999.0 22.2 23.9 23.8 32.4 38.2 77.9 106.3 127.4 -9999.0 -9999.0 -9999.0 -9999.0 -9999.0 -9999.0 63.1 34.6 40.3 41.5 47.5 71.8 86.9 112.1 132.5 146.7 129.0 117.9 115.7 117.8 113.6 108.3 108.0 110.5 133.2 173.3 207.6 218.1 224.2 214.3 248.9
-9999.0 -9999.0 -9999.0 -9999.0 -9999.0 -9999.0 -9999.0 -9999.0 -9999.0 -9999.0 -9999.0 -9999.0 -9999.0 -9999.0 -9999.0 -9999.0 -9999.0 -9999.0 -9999.0 -9999.0 -9999.0 -9999.0 -9999.0 -9999.0 -9999.0 -9999.0 -9999.0 -9999.0 -9999.0 -9999.0 -9999.0 -9999.0 -9999.0 -9999.0 -9999.0 -9999.0 -9999.0 -9999.0 -9999.0 32.9 38.6 47.9 60.4 75.7 -9999.0 -9999.0 -9999.0 -9999.0 -9999.0 -9999.0 -9999.0 -9999.0 65.6 48.4 41.6 49.9 63.6 76.8 90.0 105.5 122.5 136.2 136.4 125.9 121.7 119.5 114.9 111.9 116.5 133.2 157.7 185.1 201.1 217.9 205.7 198.5 198.3
-9999.0 -9999.0 -9999.0 -9999.0 -9999.0 -9999.0 -9999.0 -9999.0 -9999.0 -9999.0 -9999.0 -9999.0 -9999.0 -9999.0 -9999.0 -9999.0 -9999.0 -9999.0 -9999.0 -9999.0 -9999.0 -9999.0 -9999.0 -9999.0 -9999.0 -9999.0 -9999.0 -9999.0 -9999.0 -9999.0 -9999.0 -9999.0 -9999.0 -9999.0 -9999.0 -9999.0 -9999.0 -9999.0 -9999.0 -9999.0 -9999.0 -9999.0 -9999.0 -9999.0 -9999.0 -9999.0 -9999.0 -9999.0 -9999.0 -9999.0 -9999.0 -9999.0 102.3 66.7 54.0 57.5 64.3 75.3 86.3 101.7 117.2 133.9 157.4 139.3 138.7 145.5 141.8 131.9 135.3 150.5 167.4 183.3 216.9 198.6 190.5 178.0 178.5
-9999.0 -9999.0 -9999.0 -9999.0 -9999.0 -9999.0 -9999.0 -9999.0 -9999.0 -9999.0 -9999.0 -9999.0 -9999.0 -9999.0 -9999.0 -9999.0 -9999.0 -9999.0 -9999.0 -9999.0 -9999.0 -9999.0 -9999.0 -9999.0 -9999.0 -9999.0 -9999.0 -9999.0 -9999.0 -9999.0 -9999.0 -9999.0 -9999.0 -9999.0 -9999.0 -9999.0 -9999.0 -9999.0 -9999.0 -9999.0 -9999.0 -9999.0 -9999.0 -9999.0 -9999.0 -9999.0 -9999.0 -9999.0 -9999.0 -9999.0 -9999.0 116.6 90.7 84.3 61.1 64.0 69.3 80.4 88.3 89.4 122.2 136.1 144.5 151.5 161.3 175.3 168.9 159.0 149.2 155.0 159.1 162.3 157.7 165.5 173.7 180.5 185.5
-9999.0 -9999.0 -9999.0 -9999.0 -9999.0 -9999.0 -9999.0 -9999.0 -9999.0 -9999.0 -9999.0 -9999.0 -9999.0 -9999.0 -9999.0 -9999.0 -9999.0 -9999.0 -9999.0 -9999.0 -9999.0 -9999.0 -9999.0 -9999.0 -9999.0 -9999.0 -9999.0 -9999.0 -9999.0 -9999.0 -9999.0 -9999.0 -9999.0 -9999.0 -9999.0 -9999.0 -9999.0 -9999.0 -9999.0 -9999.0 -9999.0 -9999.0 -9999.0 -9999.0 -9999.0 -9999.0 -9999.0 -9999.0 -9999.0 -9999.0 133.4 126.0 113.9 106.1 79.2 83.4 80.7 89.0 97.8 108.9 118.9 133.4 139.9 151.3 170.1 190.9 181.2 173.2 164.2 174.7 173.3 163.6 171.5 188.1 199.9 212.3 231.8
-9999.0 -9999.0 -9999.0 -9999.0 -9999.0 -9999.0 -9999.0 -9999.0 -9999.0 -9999.0 -9999.0 -9999.0 -9999.0 -9999.0 -9999.0 -9999.0 -9999.0 -9999.0 -9999.0 -9999.0 -9999.0 -9999.0 -9999.0 -9999.0 -9999.0 -9999.0 -9999.0 -9999.0 -9999.0 -9999.0 -9999.0 -9999.0 -9999.0 -9999.0 -9999.0 -9999.0 -9999.0 -9999.0 -9999.0 -9999.0 -9999.0 -9999.0 -9999.0 -9999.0 -9999.0 -9999.0 -9999.0 -9999.0 -9999.0 -9999.0 133.0 165.7 147.4 142.1 134.9 118.5 115.3 125.5 126.6 125.3 122.3 122.9 123.1 139.0 158.3 200.2 202.9 215.7 211.6 233.6 235.0 242.7 253.1 254.5 255.0 270.4 277.4
-9999.0 -9999.0 -9999.0 -9999.0 -9999.0 -9999.0 -9999.0 -9999.0 -9999.0 -9999.0 -9999.0 -9999.0 -9999.0 -9999.0 -9999.0 -9999.0 -9999.0 -9999.0 -9999.0 -9999.0 -9999.0 -9999.0 -9999.0 -9999.0 -9999.0 -9999.0 -9999.0 -9999.0 -9999.0 -9999.0 -9999.0 -9999.0 -9999.0 -9999.0 -9999.0 -9999.0 -9999.0 -9999.0 -9999.0 -9999.0 -9999.0 -9999.0 -9999.0 -9999.0 -9999.0 -9999.0 -9999.0 -9999.0 -9999.0 -9999.0 129.7 170.3 183.4 235.9 199.1 182.8 196.7 183.6 178.8 178.4 151.2 140.1 131.3 127.3 144.2 168.6 206.2 240.2 278.6 276.1 305.8 326.8 366.8 348.2 325.7 329.7 328.6
-9999.0 -9999.0 -9999.0 -9999.0 -9999.0 -9999.0 -9999.0 -9999.0 -9999.0 -9999.0 -9999.0 -9999.0 -9999.0 -9999.0 -9999.0 -9999.0 -9999.0 -9999.0 -9999.0 -9999.0 -9999.0 -9999.0 -9999.0 -9999.0 -9999.0 -9999.0 -9999.0 -9999.0 -9999.0 -9999.0 -9999.0 -9999.0 -9999.0 -9999.0 -9999.0 -9999.0 -9999.0 -9999.0 -9999.0 -9999.0 -9999.0 -9999.0 -9999.0 -9999.0 -9999.0 -9999.0 -9999.0 -9999.0 -9999.0 -9999.0 168.8 241.4 255.4 299.8 301.2 296.2 239.9 250.3 249.2 241.4 214.6 185.1 140.7 145.4 150.2 155.9 178.6 219.2 271.5 294.0 319.2 364.6 420.6 410.1 370.3 375.8 377.8
-9999.0 -9999.0 -9999.0 -9999.0 -9999.0 -9999.0 -9999.0 -9999.0 -9999.0 -9999.0 -9999.0 -9999.0 -9999.0 -9999.0 -9999.0 -9999.0 -9999.0 -9999.0 -9999.0 -9999.0 -9999.0 -9999.0 -9999.0 -9999.0 -9999.0 -9999.0 -9999.0 -9999.0 -9999.0 -9999.0 -9999.0 -9999.0 -9999.0 -9999.0 -9999.0 -9999.0 -9999.0 -9999.0 -9999.0 -9999.0 -9999.0 -9999.0 -9999.0 -9999.0 -9999.0 -9999.0 -9999.0 -9999.0 -9999.0 -9999.0 -9999.0 -9999.0 -9999.0 312.4 320.4 309.6 298.9 297.9 289.7 306.6 334.3 250.4 272.6 203.2 174.1 164.0 193.6 229.6 294.0 315.2 290.1 298.6 359.6 382.8 374.4 378.9 384.7
-9999.0 -9999.0 -9999.0 -9999.0 -9999.0 -9999.0 -9999.0 -9999.0 -9999.0 -9999.0 -9999.0 -9999.0 -9999.0 -9999.0 -9999.0 -9999.0 -9999.0 -9999.0 -9999.0 -9999.0 -9999.0 -9999.0 -9999.0 -9999.0 -9999.0 -9999.0 -9999.0 -9999.0 -9999.0 -9999.0 -9999.0 -9999.0 -9999.0 -9999.0 -9999.0 -9999.0 -9999.0 -9999.0 -9999.0 -9999.0 -9999.0 -9999.0 -9999.0 -9999.0 -9999.0 -9999.0 -9999.0 -9999.0 -9999.0 -9999.0 -9999.0 -9999.0 -9999.0 314.8 299.8 404.8 293.2 280.5 321.4 407.0 421.7 348.6 387.2 247.3 208.9 190.6 192.5 256.4 265.9 271.9 240.3 243.2 294.4 320.2 320.9 349.8 341.1
-9999.0 -9999.0 -9999.0 -9999.0 -9999.0 -9999.0 -9999.0 -9999.0 -9999.0 -9999.0 -9999.0 -9999.0 -9999.0 -9999.0 -9999.0 -9999.0 -9999.0 -9999.0 -9999.0 -9999.0 -9999.0 -9999.0 -9999.0 -9999.0 -9999.0 -9999.0 -9999.0 -9999.0 -9999.0 -9999.0 -9999.0 -9999.0 -9999.0 -9999.0 -9999.0 -9999.0 -9999.0 -9999.0 -9999.0 -9999.0 -9999.0 -9999.0 -9999.0 -9999.0 -9999.0 -9999.0 -9999.0 -9999.0 -9999.0 -9999.0 -9999.0 -9999.0 -9999.0 297.6 235.1 315.3 288.5 283.9 348.1 434.2 530.6 500.8 498.0 421.4 226.9 -9999.0 -9999.0 -9999.0 267.7 231.1 221.1 230.5 238.3 232.4 241.8 290.8 290.2
-9999.0 -9999.0 -9999.0 -9999.0 -9999.0 -9999.0 -9999.0 -9999.0 -9999.0 -9999.0 -9999.0 -9999.0 -9999.0 -9999.0 -9999.0 -9999.0 -9999.0 -9999.0 -9999.0 -9999.0 -9999.0 -9999.0 -9999.0 -9999.0 -9999.0 -9999.0 -9999.0 -9999.0 -9999.0 -9999.0 -9999.0 -9999.0 -9999.0 -9999.0 -9999.0 -9999.0 -9999.0 -9999.0 -9999.0 -9999.0 -9999.0 -9999.0 -9999.0 -9999.0 -9999.0 -9999.0 -9999.0 -9999.0 -9999.0 -9999.0 -9999.0 -9999.0 -9999.0 -9999.0 272.4 267.8 230.4 258.8 374.0 502.3 460.3 -9999.0 -9999.0 -9999.0 -9999.0 -9999.0 -9999.0 -9999.0 207.2 223.4 250.9 189.9 164.7 153.8 156.0 192.0 245.2
-9999.0 -9999.0 -9999.0 -9999.0 -9999.0 -9999.0 -9999.0 -9999.0 -9999.0 -9999.0 -9999.0 -9999.0 -9999.0 -9999.0 -9999.0 -9999.0 -9999.0 -9999.0 -9999.0 -9999.0 -9999.0 -9999.0 -9999.0 -9999.0 -9999.0 -9999.0 -9999.0 -9999.0 -9999.0 -9999.0 -9999.0 -9999.0 -9999.0 -9999.0 -9999.0 -9999.0 -9999.0 -9999.0 -9999.0 -9999.0 -9999.0 -9999.0 -9999.0 -9999.0 -9999.0 -9999.0 -9999.0 -9999.0 -9999.0 -9999.0 -9999.0 -9999.0 -9999.0 -9999.0 -9999.0 230.1 333.2 292.3 337.5 453.6 483.0 -9999.0 -9999.0 -9999.0 -9999.0 -9999.0 -9999.0 -9999.0 -9999.0 -9999.0 167.3 -9999.0 -9999.0 -9999.0 -9999.0 -9999.0 194.5
-9999.0 -9999.0 -9999.0 -9999.0 -9999.0 -9999.0 -9999.0 -9999.0 -9999.0 -9999.0 -9999.0 -9999.0 -9999.0 -9999.0 -9999.0 -9999.0 -9999.0 -9999.0 -9999.0 -9999.0 -9999.0 -9999.0 -9999.0 -9999.0 -9999.0 -9999.0 -9999.0 -9999.0 -9999.0 -9999.0 -9999.0 -9999.0 -9999.0 -9999.0 -9999.0 -9999.0 -9999.0 -9999.0 -9999.0 -9999.0 -9999.0 -9999.0 -9999.0 -9999.0 -9999.0 -9999.0 -9999.0 -9999.0 -9999.0 -9999.0 -9999.0 -9999.0 -9999.0 -9999.0 -9999.0 -9999.0 -9999.0 -9999.0 354.9 379.5 -9999.0 -9999.0 -9999.0 -9999.0 -9999.0 -9999.0 -9999.0 -9999.0 -9999.0 -9999.0 -9999.0 -9999.0 -9999.0 -9999.0 -9999.0 97.9 147.3
-9999.0 -9999.0 -9999.0 -9999.0 -9999.0 -9999.0 -9999.0 -9999.0 -9999.0 -9999.0 -9999.0 -9999.0 -9999.0 -9999.0 -9999.0 -9999.0 -9999.0 -9999.0 -9999.0 -9999.0 -9999.0 -9999.0 -9999.0 -9999.0 -9999.0 -9999.0 -9999.0 -9999.0 -9999.0 -9999.0 -9999.0 -9999.0 -9999.0 -9999.0 -9999.0 -9999.0 -9999.0 -9999.0 -9999.0 -9999.0 -9999.0 -9999.0 -9999.0 -9999.0 -9999.0 -9999.0 -9999.0 -9999.0 -9999.0 -9999.0 -9999.0 -9999.0 -9999.0 -9999.0 -9999.0 -9999.0 -9999.0 -9999.0 -9999.0 -9999.0 -9999.0 -9999.0 -9999.0 -9999.0 -9999.0 -9999.0 -9999.0 -9999.0 -9999.0 -9999.0 -9999.0 -9999.0 -9999.0 -9999.0 -9999.0 -9999.0 -9999.0
