program/excelProcessViaJava/data/SURF_CLI_CHN_PRE_MON_GRID_0.5-198806.txt
NCOLS      128
NROWS       72
XLLCORNER    72.000000000000    
YLLCORNER    18.000000000000    
CELLSIZE    0.50000000000000    
NODATA_VALUE   -9999.000    
[rows 34 to 67 of 72, columns 0 to 75 of 128]
-9999.0 -9999.0 -9999.0 -9999.0 12.9 16.5 12.3 19.5 10.8 12.3 21.0 14.8 17.7 17.4 19.9 24.4 27.2 29.9 24.8 18.4 14.9 12.7 10.8 8.1 3.7 2.1 5.6 6.9 9.7 12.3 15.4 16.4 20.8 22.8 23.7 24.8 24.2 23.7 22.1 17.7 19.3 10.9 9.0 6.8 5.9 5.5 6.3 8.8 14.1 23.6 36.2 44.2 33.2 46.1 60.3 68.8 70.0 66.1 67.5 59.7 78.5 56.6 50.3 47.0 38.8 34.5 39.4 41.2 45.3 55.4 66.0 79.4 89.0 96.0 97.3 91.9
-9999.0 -9999.0 -9999.0 -9999.0 -9999.0 -9999.0 -9999.0 16.0 13.2 16.4 9.4 9.7 15.5 13.9 13.7 23.4 19.6 23.0 20.8 15.5 9.2 5.2 4.3 4.8 5.7 7.0 7.8 9.6 12.2 13.8 17.6 21.4 24.8 26.4 27.0 28.3 27.5 27.1 27.0 27.2 22.0 28.4 26.6 19.4 11.6 6.9 8.2 9.6 14.9 24.9 41.1 53.7 51.5 32.1 46.3 79.0 76.0 67.9 68.6 70.6 75.5 60.0 53.7 50.0 44.7 37.6 39.0 43.7 46.7 58.5 73.1 84.3 88.0 83.9 79.8 72.9
-9999.0 -9999.0 -9999.0 -9999.0 -9999.0 -9999.0 -9999.0 6.7 16.3 11.5 9.9 12.9 11.2 7.6 11.2 5.0 10.9 10.6 5.5 8.6 7.9 5.4 6.3 6.6 8.0 9.4 11.9 12.5 18.1 22.4 23.8 27.4 30.6 31.2 33.5 33.2 32.1 31.1 30.1 29.3 30.5 31.7 32.9 35.7 24.2 15.6 17.0 18.6 23.7 27.2 26.9 30.5 51.8 51.5 45.2 87.0 89.1 80.2 71.7 68.6 76.3 75.1 66.1 58.4 46.9 39.5 39.0 41.7 52.9 54.2 70.5 80.7 76.3 61.0 52.4 50.8
-9999.0 -9999.0 -9999.0 -9999.0 -9999.0 -9999.0 -9999.0 -9999.0 -9999.0 10.7 11.5 12.8 8.8 9.4 11.3 12.3 9.1 3.4 6.7 3.7 5.8 7.6 8.2 8.9 10.6 13.3 15.2 18.6 24.2 25.1 33.6 36.0 38.8 39.6 40.9 39.6 37.3 35.3 32.7 32.7 32.8 37.0 38.7 37.0 38.4 35.8 34.3 33.9 36.0 38.6 39.6 43.0 49.8 60.1 51.1 84.0 96.0 87.8 70.3 66.8 64.0 57.0 55.1 64.6 54.3 43.9 40.2 42.0 54.4 55.1 64.3 62.5 56.4 42.2 33.7 34.3
-9999.0 -9999.0 -9999.0 -9999.0 -9999.0 -9999.0 -9999.0 -9999.0 -9999.0 -9999.0 -9999.0 7.5 13.8 7.3 9.7 8.4 8.9 9.1 8.8 7.4 5.8 7.7 8.1 10.6 9.7 14.2 16.7 21.1 26.9 33.5 38.8 40.9 46.9 48.7 49.1 47.5 44.6 41.3 42.8 37.0 39.9 41.3 44.7 47.4 56.5 51.2 57.1 53.6 55.6 56.7 59.3 59.7 60.0 58.3 53.9 66.5 82.7 76.0 72.6 64.4 52.3 51.1 54.4 65.4 60.9 45.8 37.2 43.9 53.7 57.9 53.6 48.0 38.0 28.8 19.3 24.0
-9999.0 -9999.0 -9999.0 -9999.0 -9999.0 -9999.0 -9999.0 -9999.0 -9999.0 -9999.0 -9999.0 -9999.0 11.7 12.2 7.6 9.9 4.8 7.5 7.2 4.2 8.9 8.5 9.4 12.2 7.9 17.1 22.9 24.7 31.5 34.1 44.1 50.6 55.1 56.7 58.0 57.3 56.1 50.9 45.6 41.7 41.4 46.4 54.7 65.7 71.3 76.2 79.6 75.8 78.4 80.2 78.1 74.3 73.5 74.8 69.5 65.6 67.6 64.1 85.5 61.4 53.2 44.2 44.2 55.9 73.4 63.1 42.5 49.6 57.4 56.4 35.9 17.8 15.3 17.0 24.2 32.8
-9999.0 -9999.0 -9999.0 -9999.0 -9999.0 -9999.0 -9999.0 -9999.0 -9999.0 -9999.0 -9999.0 -9999.0 5.0 11.7 12.8 7.9 11.3 9.2 5.6 6.4 7.0 6.9 8.9 12.9 18.0 20.3 24.9 32.7 36.9 45.4 49.9 54.3 62.3 66.9 68.7 68.5 67.8 65.5 61.0 57.3 55.3 60.7 76.5 81.9 95.8 104.9 103.4 102.4 99.5 103.6 102.0 95.9 91.5 81.0 81.7 71.3 79.1 80.3 97.7 86.6 70.5 59.8 53.5 55.3 77.8 69.4 55.3 57.0 57.2 47.4 45.7 52.5 51.1 42.3 41.5 37.1
-9999.0 -9999.0 -9999.0 -9999.0 -9999.0 -9999.0 -9999.0 -9999.0 -9999.0 -9999.0 -9999.0 -9999.0 -9999.0 7.6 4.8 10.5 7.2 8.4 8.2 7.9 7.4 9.8 9.2 15.0 17.9 17.6 22.4 25.8 35.8 44.6 55.2 63.6 67.8 74.1 79.2 80.0 79.4 79.1 85.2 81.2 81.9 90.0 98.3 113.5 119.1 123.8 129.6 129.5 125.9 121.0 115.9 109.6 102.2 81.8 76.1 74.9 84.2 87.9 81.3 95.6 87.9 81.9 73.4 87.6 82.7 75.6 68.2 61.4 54.0 38.3 21.0 25.5 40.8 48.6 50.6 44.3
-9999.0 -9999.0 -9999.0 -9999.0 -9999.0 -9999.0 -9999.0 -9999.0 -9999.0 -9999.0 -9999.0 -9999.0 5.5 3.3 4.1 6.7 3.4 4.8 4.8 7.3 8.0 9.3 10.6 14.5 19.2 18.7 25.1 32.8 39.5 46.2 55.9 67.0 71.5 81.4 86.6 89.6 92.6 91.0 92.7 97.7 111.0 122.4 132.7 130.4 139.9 144.2 142.1 134.5 130.0 123.8 118.8 109.6 102.0 90.0 85.2 83.6 81.1 120.0 112.5 127.2 117.2 102.4 100.6 92.8 97.4 87.9 65.3 55.6 54.9 54.3 46.3 37.9 41.9 42.6 40.5 36.1
-9999.0 -9999.0 -9999.0 -9999.0 -9999.0 -9999.0 -9999.0 -9999.0 -9999.0 -9999.0 -9999.0 -9999.0 2.8 5.7 4.8 1.5 2.0 4.3 4.4 3.7 6.5 6.8 9.5 13.2 19.2 24.9 29.2 34.5 40.1 48.4 56.9 65.3 72.4 83.4 89.5 94.1 95.5 99.8 104.7 108.8 120.1 127.8 136.3 144.0 147.5 147.7 146.0 136.1 125.3 107.4 102.5 101.5 93.2 89.2 87.9 95.4 94.5 102.7 127.2 122.5 120.8 115.1 129.9 123.8 110.9 90.3 79.9 53.4 43.5 41.7 36.3 33.1 41.8 56.5 65.7 51.2
-9999.0 -9999.0 -9999.0 -9999.0 -9999.0 -9999.0 -9999.0 -9999.0 -9999.0 -9999.0 -9999.0 -9999.0 4.4 2.2 3.6 2.9 2.7 1.3 2.2 2.7 2.5 3.7 8.4 10.5 16.4 17.4 24.0 25.0 37.3 43.5 51.2 56.6 69.7 78.6 85.1 90.4 93.7 98.4 103.7 118.9 127.8 130.0 151.8 133.4 142.3 143.3 134.7 115.5 94.5 87.3 84.0 75.9 84.4 78.9 77.0 96.2 98.1 107.1 120.3 145.6 148.6 146.3 128.6 134.5 108.0 84.6 72.6 59.9 54.7 45.8 37.1 47.4 56.9 82.2 149.9 119.9
-9999.0 -9999.0 -9999.0 -9999.0 -9999.0 -9999.0 -9999.0 -9999.0 -9999.0 -9999.0 -9999.0 -9999.0 -9999.0 0.8 0.9 1.5 1.2 1.4 1.2 1.5 1.4 4.4 5.9 8.3 16.7 19.9 24.7 29.7 30.3 38.8 40.0 48.8 57.7 67.5 74.5 82.0 87.1 86.6 95.0 104.1 118.0 143.9 152.5 146.4 124.1 113.2 108.1 74.8 82.0 70.7 54.8 68.0 63.8 60.9 68.6 73.3 100.1 117.5 125.8 125.6 145.3 128.0 149.2 128.6 93.9 89.2 87.9 87.4 85.5 81.2 65.4 62.4 92.5 91.3 134.7 144.7
-9999.0 -9999.0 -9999.0 -9999.0 -9999.0 -9999.0 -9999.0 -9999.0 -9999.0 -9999.0 -9999.0 -9999.0 -9999.0 2.2 0.7 1.0 0.6 0.9 1.1 1.6 1.6 3.1 5.2 9.4 20.1 21.2 23.2 28.7 28.3 23.2 28.7 35.2 43.9 51.7 59.3 65.9 67.3 69.6 80.6 107.0 104.6 120.2 128.6 126.4 130.3 99.2 83.1 54.3 49.6 43.8 49.3 33.6 49.0 57.1 61.0 63.7 80.3 102.2 117.2 150.3 150.7 155.2 139.2 98.4 92.7 100.8 117.1 134.0 143.9 138.2 127.4 125.7 133.0 155.9 189.3 234.3
-9999.0 -9999.0 -9999.0 -9999.0 -9999.0 -9999.0 -9999.0 -9999.0 -9999.0 -9999.0 -9999.0 -9999.0 -9999.0 -9999.0 -9999.0 0.8 0.8 0.8 1.2 2.4 2.8 6.4 10.9 14.5 17.3 21.4 16.2 21.2 17.5 21.9 21.3 24.6 29.9 36.8 42.7 53.4 62.4 48.7 56.7 68.5 93.4 106.2 108.1 101.5 79.7 64.7 61.0 37.4 38.4 21.5 26.3 47.0 35.2 41.0 33.5 50.2 62.0 90.5 106.0 127.8 145.9 139.9 104.4 90.4 95.1 115.7 145.3 174.6 190.1 200.4 199.8 185.5 189.3 196.0 197.7 273.9
-9999.0 -9999.0 -9999.0 -9999.0 -9999.0 -9999.0 -9999.0 -9999.0 -9999.0 -9999.0 -9999.0 -9999.0 -9999.0 -9999.0 -9999.0 -9999.0 -9999.0 11.8 5.9 -9999.0 11.0 9.3 19.7 26.2 23.0 27.3 19.1 21.9 23.1 16.5 16.0 17.3 21.7 23.4 28.2 34.8 51.4 34.5 43.3 52.0 66.0 87.5 82.3 74.6 72.2 55.4 91.5 51.0 26.4 26.3 17.9 19.5 16.2 34.0 38.9 43.9 48.2 74.0 100.2 127.8 125.0 119.7 92.2 88.7 105.9 130.5 157.5 180.3 197.5 215.0 205.5 202.4 201.7 166.7 193.6 256.8
-9999.0 -9999.0 -9999.0 -9999.0 -9999.0 -9999.0 -9999.0 -9999.0 -9999.0 -9999.0 -9999.0 -9999.0 -9999.0 -9999.0 -9999.0 -9999.0 -9999.0 -9999.0 -9999.0 -9999.0 -9999.0 22.1 25.1 21.9 34.3 53.2 48.6 39.5 27.2 22.7 14.9 17.7 15.6 17.5 22.0 27.8 31.1 32.1 30.4 32.3 36.6 69.6 73.0 63.8 65.9 49.1 127.5 39.6 46.6 98.0 23.5 44.1 40.7 18.2 27.6 42.6 53.2 67.3 99.9 129.5 134.8 130.7 101.7 108.8 131.6 147.3 152.4 152.0 162.2 186.0 197.8 192.8 180.0 135.8 137.3 170.8
-9999.0 -9999.0 -9999.0 -9999.0 -9999.0 -9999.0 -9999.0 -9999.0 -9999.0 -9999.0 -9999.0 -9999.0 -9999.0 -9999.0 -9999.0 -9999.0 -9999.0 -9999.0 -9999.0 -9999.0 -9999.0 -9999.0 -9999.0 91.7 67.3 74.5 70.8 54.5 31.3 27.1 17.3 14.6 19.5 20.0 27.9 32.9 43.1 37.8 51.6 59.8 56.4 69.1 47.7 43.0 66.6 153.1 76.6 60.9 70.4 68.4 33.5 39.1 22.5 24.1 20.1 19.7 48.9 76.1 109.4 130.9 163.3 158.8 140.7 139.0 147.9 157.5 135.3 111.8 126.2 147.6 175.8 180.9 174.4 176.1 141.7 152.1
-9999.0 -9999.0 -9999.0 -9999.0 -9999.0 -9999.0 -9999.0 -9999.0 -9999.0 -9999.0 -9999.0 -9999.0 -9999.0 -9999.0 -9999.0 -9999.0 -9999.0 -9999.0 -9999.0 -9999.0 -9999.0 -9999.0 -9999.0 -9999.0 -9999.0 169.7 133.7 47.7 42.6 33.6 26.8 25.1 24.9 27.8 32.2 46.6 71.7 55.5 75.1 62.4 81.0 51.0 68.9 66.7 134.4 167.0 144.2 185.8 59.1 78.5 57.2 47.0 49.8 42.6 25.8 30.4 52.6 73.3 104.4 133.2 159.4 160.9 167.6 178.7 167.7 156.9 112.7 112.3 137.5 158.3 162.7 173.4 167.0 203.8 206.2 169.7
-9999.0 -9999.0 -9999.0 -9999.0 -9999.0 -9999.0 -9999.0 -9999.0 -9999.0 -9999.0 -9999.0 -9999.0 -9999.0 -9999.0 -9999.0 -9999.0 -9999.0 -9999.0 -9999.0 -9999.0 -9999.0 -9999.0 -9999.0 -9999.0 -9999.0 -9999.0 -9999.0 199.0 183.3 107.1 76.9 61.2 45.4 56.9 53.5 76.6 66.1 71.2 65.2 72.7 82.4 53.4 92.1 139.3 157.4 177.7 191.4 199.7 203.1 150.2 173.7 152.6 68.5 60.0 49.5 52.9 63.2 87.5 108.5 134.3 161.3 150.9 128.2 113.1 107.1 122.9 122.6 107.4 133.5 157.8 163.9 185.9 172.7 210.0 176.0 168.3
-9999.0 -9999.0 -9999.0 -9999.0 -9999.0 -9999.0 -9999.0 -9999.0 -9999.0 -9999.0 -9999.0 -9999.0 -9999.0 -9999.0 -9999.0 -9999.0 -9999.0 -9999.0 -9999.0 -9999.0 -9999.0 -9999.0 -9999.0 -9999.0 -9999.0 -9999.0 -9999.0 -9999.0 -9999.0 -9999.0 -9999.0 -9999.0 -9999.0 114.7 86.2 -9999.0 -9999.0 -9999.0 99.7 90.8 91.9 106.9 104.1 154.5 170.0 184.4 -9999.0 -9999.0 -9999.0 -9999.0 -9999.0 -9999.0 130.3 92.1 90.4 81.4 81.2 97.5 108.2 123.9 130.5 133.8 96.7 90.3 109.0 133.6 157.8 185.4 203.0 195.6 184.7 194.8 212.6 194.8 226.8 187.4
-9999.0 -9999.0 -9999.0 -9999.0 -9999.0 -9999.0 -9999.0 -9999.0 -9999.0 -9999.0 -9999.0 -9999.0 -9999.0 -9999.0 -9999.0 -9999.0 -9999.0 -9999.0 -9999.0 -9999.0 -9999.0 -9999.0 -9999.0 -9999.0 -9999.0 -9999.0 -9999.0 -9999.0 -9999.0 -9999.0 -9999.0 -9999.0 -9999.0 -9999.0 -9999.0 -9999.0 -9999.0 -9999.0 -9999.0 129.9 134.3 140.5 149.1 160.3 -9999.0 -9999.0 -9999.0 -9999.0 -9999.0 -9999.0 -9999.0 -9999.0 160.3 132.9 115.2 99.9 90.1 90.8 96.6 104.1 105.9 110.6 111.2 94.9 135.3 168.2 199.3 231.2 258.9 259.1 237.9 218.8 209.1 224.2 194.5 214.9
-9999.0 -9999.0 -9999.0 -9999.0 -9999.0 -9999.0 -9999.0 -9999.0 -9999.0 -9999.0 -9999.0 -9999.0 -9999.0 -9999.0 -9999.0 -9999.0 -9999.0 -9999.0 -9999.0 -9999.0 -9999.0 -9999.0 -9999.0 -9999.0 -9999.0 -9999.0 -9999.0 -9999.0 -9999.0 -9999.0 -9999.0 -9999.0 -9999.0 -9999.0 -9999.0 -9999.0 -9999.0 -9999.0 -9999.0 -9999.0 -9999.0 -9999.0 -9999.0 -9999.0 -9999.0 -9999.0 -9999.0 -9999.0 -9999.0 -9999.0 -9999.0 -9999.0 165.2 173.7 137.6 120.7 88.2 80.4 84.9 97.8 100.4 100.3 196.5 120.2 158.7 181.1 213.8 257.6 293.5 294.6 270.0 242.5 236.3 232.1 233.3 229.3
-9999.0 -9999.0 -9999.0 -9999.0 -9999.0 -9999.0 -9999.0 -9999.0 -9999.0 -9999.0 -9999.0 -9999.0 -9999.0 -9999.0 -9999.0 -9999.0 -9999.0 -9999.0 -9999.0 -9999.0 -9999.0 -9999.0 -9999.0 -9999.0 -9999.0 -9999.0 -9999.0 -9999.0 -9999.0 -9999.0 -9999.0 -9999.0 -9999.0 -9999.0 -9999.0 -9999.0 -9999.0 -9999.0 -9999.0 -9999.0 -9999.0 -9999.0 -9999.0 -9999.0 -9999.0 -9999.0 -9999.0 -9999.0 -9999.0 -9999.0 -9999.0 225.8 193.0 196.2 103.5 99.2 77.5 76.9 78.9 96.4 133.3 146.0 119.5 151.4 181.9 194.4 212.8 288.1 286.9 296.1 273.1 246.9 246.2 266.7 263.8 263.3
-9999.0 -9999.0 -9999.0 -9999.0 -9999.0 -9999.0 -9999.0 -9999.0 -9999.0 -9999.0 -9999.0 -9999.0 -9999.0 -9999.0 -9999.0 -9999.0 -9999.0 -9999.0 -9999.0 -9999.0 -9999.0 -9999.0 -9999.0 -9999.0 -9999.0 -9999.0 -9999.0 -9999.0 -9999.0 -9999.0 -9999.0 -9999.0 -9999.0 -9999.0 -9999.0 -9999.0 -9999.0 -9999.0 -9999.0 -9999.0 -9999.0 -9999.0 -9999.0 -9999.0 -9999.0 -9999.0 -9999.0 -9999.0 -9999.0 -9999.0 206.4 263.0 229.6 198.1 114.0 97.1 64.1 63.6 75.2 105.0 137.8 177.0 160.7 199.7 222.7 210.6 195.1 245.6 236.3 259.7 239.1 235.3 244.9 251.6 248.2 235.1
-9999.0 -9999.0 -9999.0 -9999.0 -9999.0 -9999.0 -9999.0 -9999.0 -9999.0 -9999.0 -9999.0 -9999.0 -9999.0 -9999.0 -9999.0 -9999.0 -9999.0 -9999.0 -9999.0 -9999.0 -9999.0 -9999.0 -9999.0 -9999.0 -9999.0 -9999.0 -9999.0 -9999.0 -9999.0 -9999.0 -9999.0 -9999.0 -9999.0 -9999.0 -9999.0 -9999.0 -9999.0 -9999.0 -9999.0 -9999.0 -9999.0 -9999.0 -9999.0 -9999.0 -9999.0 -9999.0 -9999.0 -9999.0 -9999.0 -9999.0 191.9 314.3 228.5 204.3 159.7 98.6 59.3 72.0 75.2 95.7 120.9 145.0 151.7 215.7 257.7 194.9 194.5 226.8 217.1 213.7 207.2 215.5 226.6 228.5 217.3 207.6
-9999.0 -9999.0 -9999.0 -9999.0 -9999.0 -9999.0 -9999.0 -9999.0 -9999.0 -9999.0 -9999.0 -9999.0 -9999.0 -9999.0 -9999.0 -9999.0 -9999.0 -9999.0 -9999.0 -9999.0 -9999.0 -9999.0 -9999.0 -9999.0 -9999.0 -9999.0 -9999.0 -9999.0 -9999.0 -9999.0 -9999.0 -9999.0 -9999.0 -9999.0 -9999.0 -9999.0 -9999.0 -9999.0 -9999.0 -9999.0 -9999.0 -9999.0 -9999.0 -9999.0 -9999.0 -9999.0 -9999.0 -9999.0 -9999.0 -9999.0 150.4 226.9 198.3 291.7 161.4 109.1 125.0 84.7 85.4 87.9 101.1 130.0 159.6 192.1 258.3 237.2 194.0 193.2 186.9 169.0 185.0 188.5 227.0 187.7 160.5 147.3
-9999.0 -9999.0 -9999.0 -9999.0 -9999.0 -9999.0 -9999.0 -9999.0 -9999.0 -9999.0 -9999.0 -9999.0 -9999.0 -9999.0 -9999.0 -9999.0 -9999.0 -9999.0 -9999.0 -9999.0 -9999.0 -9999.0 -9999.0 -9999.0 -9999.0 -9999.0 -9999.0 -9999.0 -9999.0 -9999.0 -9999.0 -9999.0 -9999.0 -9999.0 -9999.0 -9999.0 -9999.0 -9999.0 -9999.0 -9999.0 -9999.0 -9999.0 -9999.0 -9999.0 -9999.0 -9999.0 -9999.0 -9999.0 -9999.0 -9999.0 222.1 313.4 261.4 277.1 226.2 201.9 86.4 101.7 94.9 77.7 90.2 101.5 93.0 176.8 237.3 240.1 228.4 195.4 174.6 151.9 162.4 193.1 198.8 151.8 123.7 124.5
-9999.0 -9999.0 -9999.0 -9999.0 -9999.0 -9999.0 -9999.0 -9999.0 -9999.0 -9999.0 -9999.0 -9999.0 -9999.0 -9999.0 -9999.0 -9999.0 -9999.0 -9999.0 -9999.0 -9999.0 -9999.0 -9999.0 -9999.0 -9999.0 -9999.0 -9999.0 -9999.0 -9999.0 -9999.0 -9999.0 -9999.0 -9999.0 -9999.0 -9999.0 -9999.0 -9999.0 -9999.0 -9999.0 -9999.0 -9999.0 -9999.0 -9999.0 -9999.0 -9999.0 -9999.0 -9999.0 -9999.0 -9999.0 -9999.0 -9999.0 -9999.0 -9999.0 -9999.0 214.6 178.7 146.3 128.4 120.4 84.1 86.4 142.8 95.1 190.9 185.5 197.7 199.2 213.5 185.1 170.7 144.9 131.5 136.6 129.2 115.3 124.0 147.7
-9999.0 -9999.0 -9999.0 -9999.0 -9999.0 -9999.0 -9999.0 -9999.0 -9999.0 -9999.0 -9999.0 -9999.0 -9999.0 -9999.0 -9999.0 -9999.0 -9999.0 -9999.0 -9999.0 -9999.0 -9999.0 -9999.0 -9999.0 -9999.0 -9999.0 -9999.0 -9999.0 -9999.0 -9999.0 -9999.0 -9999.0 -9999.0 -9999.0 -9999.0 -9999.0 -9999.0 -9999.0 -9999.0 -9999.0 -9999.0 -9999.0 -9999.0 -9999.0 -9999.0 -9999.0 -9999.0 -9999.0 -9999.0 -9999.0 -9999.0 -9999.0 -9999.0 -9999.0 209.6 154.2 271.1 126.0 100.4 117.3 151.2 144.5 158.8 247.6 217.4 209.3 197.8 186.5 192.2 158.6 133.2 112.1 106.5 102.0 122.3 166.2 178.5
-9999.0 -9999.0 -9999.0 -9999.0 -9999.0 -9999.0 -9999.0 -9999.0 -9999.0 -9999.0 -9999.0 -9999.0 -9999.0 -9999.0 -9999.0 -9999.0 -9999.0 -9999.0 -9999.0 -9999.0 -9999.0 -9999.0 -9999.0 -9999.0 -9999.0 -9999.0 -9999.0 -9999.0 -9999.0 -9999.0 -9999.0 -9999.0 -9999.0 -9999.0 -9999.0 -9999.0 -9999.0 -9999.0 -9999.0 -9999.0 -9999.0 -9999.0 -9999.0 -9999.0 -9999.0 -9999.0 -9999.0 -9999.0 -9999.0 -9999.0 -9999.0 -9999.0 -9999.0 213.5 114.0 188.2 145.8 122.4 144.9 169.7 219.4 258.4 315.9 309.6 250.3 -9999.0 -9999.0 -9999.0 170.8 142.0 131.1 139.9 171.1 223.3 249.4 225.1
-9999.0 -9999.0 -9999.0 -9999.0 -9999.0 -9999.0 -9999.0 -9999.0 -9999.0 -9999.0 -9999.0 -9999.0 -9999.0 -9999.0 -9999.0 -9999.0 -9999.0 -9999.0 -9999.0 -9999.0 -9999.0 -9999.0 -9999.0 -9999.0 -9999.0 -9999.0 -9999.0 -9999.0 -9999.0 -9999.0 -9999.0 -9999.0 -9999.0 -9999.0 -9999.0 -9999.0 -9999.0 -9999.0 -9999.0 -9999.0 -9999.0 -9999.0 -9999.0 -9999.0 -9999.0 -9999.0 -9999.0 -9999.0 -9999.0 -9999.0 -9999.0 -9999.0 -9999.0 -9999.0 194.0 169.3 115.5 117.1 172.5 228.2 218.5 -9999.0 -9999.0 -9999.0 -9999.0 -9999.0 -9999.0 -9999.0 171.7 164.2 171.6 198.4 271.1 339.0 327.2 265.9
-9999.0 -9999.0 -9999.0 -9999.0 -9999.0 -9999.0 -9999.0 -9999.0 -9999.0 -9999.0 -9999.0 -9999.0 -9999.0 -9999.0 -9999.0 -9999.0 -9999.0 -9999.0 -9999.0 -9999.0 -9999.0 -9999.0 -9999.0 -9999.0 -9999.0 -9999.0 -9999.0 -9999.0 -9999.0 -9999.0 -9999.0 -9999.0 -9999.0 -9999.0 -9999.0 -9999.0 -9999.0 -9999.0 -9999.0 -9999.0 -9999.0 -9999.0 -9999.0 -9999.0 -9999.0 -9999.0 -9999.0 -9999.0 -9999.0 -9999.0 -9999.0 -9999.0 -9999.0 -9999.0 -9999.0 158.8 227.1 158.9 162.9 220.6 252.8 -9999.0 -9999.0 -9999.0 -9999.0 -9999.0 -9999.0 -9999.0 -9999.0 -9999.0 182.8 -9999.0 -9999.0 -9999.0 -9999.0 -9999.0
-9999.0 -9999.0 -9999.0 -9999.0 -9999.0 -9999.0 -9999.0 -9999.0 -9999.0 -9999.0 -9999.0 -9999.0 -9999.0 -9999.0 -9999.0 -9999.0 -9999.0 -9999.0 -9999.0 -9999.0 -9999.0 -9999.0 -9999.0 -9999.0 -9999.0 -9999.0 -9999.0 -9999.0 -9999.0 -9999.0 -9999.0 -9999.0 -9999.0 -9999.0 -9999.0 -9999.0 -9999.0 -9999.0 -9999.0 -9999.0 -9999.0 -9999.0 -9999.0 -9999.0 -9999.0 -9999.0 -9999.0 -9999.0 -9999.0 -9999.0 -9999.0 -9999.0 -9999.0 -9999.0 -9999.0 -9999.0 -9999.0 -9999.0 200.2 207.8 -9999.0 -9999.0 -9999.0 -9999.0 -9999.0 -9999.0 -9999.0 -9999.0 -9999.0 -9999.0 -9999.0 -9999.0 -9999.0 -9999.0 -9999.0 185.1
-9999.0 -9999.0 -9999.0 -9999.0 -9999.0 -9999.0 -9999.0 -9999.0 -9999.0 -9999.0 -9999.0 -9999.0 -9999.0 -9999.0 -9999.0 -9999.0 -9999.0 -9999.0 -9999.0 -9999.0 -9999.0 -9999.0 -9999.0 -9999.0 -9999.0 -9999.0 -9999.0 -9999.0 -9999.0 -9999.0 -9999.0 -9999.0 -9999.0 -9999.0 -9999.0 -9999.0 -9999.0 -9999.0 -9999.0 -9999.0 -9999.0 -9999.0 -9999.0 -9999.0 -9999.0 -9999.0 -9999.0 -9999.0 -9999.0 -9999.0 -9999.0 -9999.0 -9999.0 -9999.0 -9999.0 -9999.0 -9999.0 -9999.0 -9999.0 -9999.0 -9999.0 -9999.0 -9999.0 -9999.0 -9999.0 -9999.0 -9999.0 -9999.0 -9999.0 -9999.0 -9999.0 -9999.0 -9999.0 -9999.0 -9999.0 -9999.0
