program/excelProcessViaJava/data/SURF_CLI_CHN_PRE_MON_GRID_0.5-198210.txt
NCOLS      128
NROWS       72
XLLCORNER    72.000000000000    
YLLCORNER    18.000000000000    
CELLSIZE    0.50000000000000    
NODATA_VALUE   -9999.000    
[rows 34 to 67 of 72, columns 0 to 77 of 128]
-9999.0 -9999.0 -9999.0 -9999.0 4.4 4.4 9.8 6.2 14.5 13.9 5.1 11.0 6.9 6.1 1.2 1.2 1.1 0.6 0.5 0.5 0.6 0.7 0.8 1.0 1.4 2.1 1.3 1.3 1.3 1.4 1.5 2.0 1.8 2.0 2.2 2.0 2.7 3.6 2.1 1.1 2.2 0.6 0.5 0.4 0.4 0.4 0.4 0.4 0.4 0.4 0.4 0.7 5.8 4.5 6.0 12.8 22.7 37.1 49.1 31.0 45.7 23.4 16.5 13.3 10.0 9.6 16.6 16.7 17.7 22.0 16.0 17.4 17.9 17.8 14.8 14.3 12.2 18.4
-9999.0 -9999.0 -9999.0 -9999.0 -9999.0 -9999.0 -9999.0 6.3 9.7 7.8 13.9 13.2 7.5 7.9 7.0 1.4 2.7 1.4 1.2 1.5 2.2 2.7 2.5 2.1 1.9 1.8 1.9 1.9 2.0 2.4 2.5 2.6 2.7 3.1 3.6 3.1 4.2 3.6 5.3 6.0 2.2 8.0 7.1 3.8 1.7 0.7 1.2 0.9 1.3 0.6 0.4 0.6 2.4 19.7 18.1 10.2 15.5 23.7 45.4 41.9 52.1 30.4 21.0 17.3 18.3 17.0 22.1 25.7 23.9 24.2 20.4 20.1 24.6 25.1 20.8 21.3 15.4 18.3
-9999.0 -9999.0 -9999.0 -9999.0 -9999.0 -9999.0 -9999.0 11.7 4.9 9.3 11.0 8.4 9.3 11.3 7.6 10.8 5.7 4.7 5.9 3.5 3.0 3.3 2.8 2.6 2.4 2.3 2.3 2.7 2.5 2.6 3.1 3.4 3.6 4.4 3.9 4.2 3.9 4.8 4.9 4.7 5.4 6.0 7.5 13.6 6.1 3.2 4.6 5.2 11.1 8.0 19.4 16.2 5.9 10.9 23.5 12.0 16.3 26.2 38.6 46.8 49.4 45.0 30.9 27.2 24.7 25.7 27.7 28.0 30.9 24.1 24.8 27.1 31.2 32.6 23.1 31.3 28.0 20.4
-9999.0 -9999.0 -9999.0 -9999.0 -9999.0 -9999.0 -9999.0 -9999.0 -9999.0 7.5 7.3 6.4 9.4 8.4 6.6 5.4 6.1 8.7 5.3 6.1 4.2 3.2 3.0 2.9 2.8 2.8 2.9 3.0 3.1 3.6 3.5 3.9 4.2 4.8 4.5 4.6 4.5 5.0 4.7 5.4 5.3 7.0 7.6 7.8 10.9 11.8 12.9 13.3 15.0 15.9 20.2 17.1 14.2 13.3 25.3 15.9 16.3 23.1 34.4 39.9 45.5 48.3 46.0 33.5 33.4 32.7 31.7 29.1 31.5 26.7 28.5 26.8 29.0 33.0 36.9 25.1 26.0 25.7
-9999.0 -9999.0 -9999.0 -9999.0 -9999.0 -9999.0 -9999.0 -9999.0 -9999.0 -9999.0 -9999.0 8.6 4.2 8.4 6.3 6.5 5.5 4.7 4.2 4.2 4.4 3.6 3.5 3.2 3.7 3.4 3.6 3.7 3.8 4.0 4.4 5.1 5.1 5.6 5.7 7.2 6.0 6.0 9.5 6.3 8.1 7.7 8.2 9.5 16.7 14.5 23.2 20.4 24.3 24.2 20.0 20.5 20.6 24.3 31.6 26.6 23.9 30.0 32.7 37.2 43.7 45.1 44.0 40.8 41.2 35.5 29.1 28.9 28.8 29.3 28.3 28.1 24.6 23.9 24.1 27.7 29.8 31.6
-9999.0 -9999.0 -9999.0 -9999.0 -9999.0 -9999.0 -9999.0 -9999.0 -9999.0 -9999.0 -9999.0 -9999.0 3.7 3.7 6.1 4.6 6.9 4.7 4.3 5.4 3.4 3.5 3.5 3.4 4.7 3.7 3.8 4.1 4.3 5.0 5.1 5.6 6.2 7.3 7.9 7.9 10.3 8.1 7.1 6.4 6.6 7.8 9.8 14.1 16.9 21.2 26.6 23.5 27.1 29.5 36.8 35.5 29.3 24.9 27.9 31.6 34.1 40.8 32.9 43.4 44.0 49.0 50.2 47.8 44.7 48.9 33.3 31.8 31.1 32.1 25.0 21.4 22.8 26.0 30.7 53.5 37.2 33.9
-9999.0 -9999.0 -9999.0 -9999.0 -9999.0 -9999.0 -9999.0 -9999.0 -9999.0 -9999.0 -9999.0 -9999.0 6.5 2.4 2.1 4.2 2.7 3.1 4.2 3.7 3.5 3.8 3.7 3.5 3.6 3.9 4.1 4.4 4.7 5.0 5.6 6.7 7.2 8.1 9.2 9.5 11.5 11.8 10.6 9.7 8.7 9.7 15.1 15.2 21.7 28.6 27.5 28.4 26.2 34.3 35.6 39.2 32.8 34.3 26.5 32.8 32.4 39.1 38.8 43.0 45.5 47.8 55.0 62.5 49.8 51.4 27.3 24.6 24.4 28.4 38.6 56.1 63.0 47.2 47.2 41.0 34.3 39.5
-9999.0 -9999.0 -9999.0 -9999.0 -9999.0 -9999.0 -9999.0 -9999.0 -9999.0 -9999.0 -9999.0 -9999.0 -9999.0 2.7 4.5 1.8 2.9 2.3 2.3 2.5 2.9 2.9 3.5 3.5 3.8 4.3 4.5 4.9 5.0 5.4 5.9 6.7 8.1 9.4 10.0 11.1 12.1 13.3 19.1 15.2 14.4 16.5 17.9 24.1 24.4 26.1 32.0 36.8 39.9 41.1 42.7 39.0 36.6 50.5 41.8 36.9 34.5 42.0 55.5 55.3 58.2 57.1 64.7 59.5 44.2 47.1 44.5 30.2 28.5 25.9 22.6 34.5 50.4 56.2 60.4 48.1 38.7 28.9
-9999.0 -9999.0 -9999.0 -9999.0 -9999.0 -9999.0 -9999.0 -9999.0 -9999.0 -9999.0 -9999.0 -9999.0 1.9 3.8 3.0 1.7 3.3 2.4 2.4 1.9 2.2 2.6 3.1 3.5 4.0 4.3 4.5 4.8 5.0 5.5 6.1 7.0 8.4 9.7 11.5 12.7 15.2 14.5 14.9 15.9 21.7 26.8 31.2 23.2 27.5 30.4 30.5 29.7 34.2 38.2 46.5 52.6 42.5 44.6 36.8 35.0 41.8 33.3 48.4 52.9 62.6 74.2 76.2 88.2 75.6 59.8 26.2 25.2 35.4 49.8 52.1 52.0 58.8 60.2 54.3 43.4 33.0 27.0
-9999.0 -9999.0 -9999.0 -9999.0 -9999.0 -9999.0 -9999.0 -9999.0 -9999.0 -9999.0 -9999.0 -9999.0 2.2 0.6 0.9 3.8 2.9 1.2 1.4 2.0 1.9 2.6 3.0 3.5 4.1 4.6 4.8 5.0 5.2 5.7 6.3 7.0 8.2 9.9 11.8 13.7 14.8 16.1 16.7 16.0 18.0 19.2 21.6 24.6 26.9 29.2 34.6 33.8 34.4 28.9 33.0 43.0 36.4 32.5 31.9 29.0 35.0 42.4 45.5 63.3 78.0 93.3 79.3 75.5 72.8 43.5 48.1 31.2 30.5 36.9 48.4 61.3 72.8 81.5 83.4 62.9 42.8 40.8
-9999.0 -9999.0 -9999.0 -9999.0 -9999.0 -9999.0 -9999.0 -9999.0 -9999.0 -9999.0 -9999.0 -9999.0 0.2 1.1 0.4 0.6 0.7 2.1 1.4 1.7 2.8 3.2 3.0 3.7 4.1 4.5 4.7 4.8 5.3 5.5 6.1 6.5 8.0 10.0 11.9 13.9 15.4 16.3 16.4 18.7 19.3 19.4 28.4 21.0 25.8 32.0 33.8 27.2 22.2 25.2 29.4 27.4 48.8 50.7 38.4 26.4 33.1 41.5 52.0 55.0 68.6 83.1 120.0 79.5 49.6 43.3 44.4 45.1 48.1 54.3 66.9 87.8 98.9 108.9 132.8 103.0 106.0 57.9
-9999.0 -9999.0 -9999.0 -9999.0 -9999.0 -9999.0 -9999.0 -9999.0 -9999.0 -9999.0 -9999.0 -9999.0 -9999.0 2.5 1.7 0.5 0.7 0.6 1.4 2.0 3.9 2.7 3.6 4.2 4.4 4.7 5.0 5.3 5.0 5.8 5.4 6.2 7.2 9.3 11.3 13.9 15.7 15.5 16.3 16.9 19.2 29.3 34.8 32.3 24.3 23.3 27.0 16.8 26.4 25.9 21.2 32.0 28.9 22.3 34.8 36.3 27.0 33.1 48.5 76.0 84.5 134.5 115.3 59.2 37.3 42.4 53.4 63.0 70.5 83.2 98.3 114.1 130.2 127.4 134.7 120.9 101.4 83.5
-9999.0 -9999.0 -9999.0 -9999.0 -9999.0 -9999.0 -9999.0 -9999.0 -9999.0 -9999.0 -9999.0 -9999.0 -9999.0 0.1 1.1 0.4 1.5 0.5 0.8 1.5 3.8 4.1 4.7 4.7 5.0 5.3 5.4 5.7 5.5 5.1 5.1 5.6 6.8 8.2 10.3 12.6 13.8 14.3 15.9 23.7 20.5 25.8 30.2 31.7 40.2 27.5 25.2 18.2 20.0 20.5 24.6 16.3 23.1 29.9 35.0 30.5 25.2 32.0 49.7 49.6 86.1 75.5 56.3 47.3 42.9 48.0 64.2 80.2 94.0 110.4 130.9 148.7 157.8 161.9 162.7 157.3 142.7 101.9
-9999.0 -9999.0 -9999.0 -9999.0 -9999.0 -9999.0 -9999.0 -9999.0 -9999.0 -9999.0 -9999.0 -9999.0 -9999.0 -9999.0 -9999.0 0.4 0.4 0.8 0.9 1.2 3.2 3.3 4.2 5.2 5.9 6.2 6.7 5.9 5.8 5.3 5.1 5.5 6.7 7.9 9.4 12.5 15.3 12.7 13.2 15.2 22.5 27.9 30.1 30.0 25.1 24.0 24.5 21.1 21.7 18.8 17.5 28.1 16.9 18.1 12.1 20.8 24.9 22.7 51.0 73.3 61.0 60.6 73.8 64.6 57.0 60.3 73.7 90.2 106.7 130.8 154.6 168.8 173.3 172.5 168.2 168.1 152.4 137.0
-9999.0 -9999.0 -9999.0 -9999.0 -9999.0 -9999.0 -9999.0 -9999.0 -9999.0 -9999.0 -9999.0 -9999.0 -9999.0 -9999.0 -9999.0 -9999.0 -9999.0 0.3 0.5 -9999.0 2.1 4.4 5.1 6.5 7.6 7.9 8.4 7.2 6.7 5.9 5.6 6.4 7.2 7.9 10.5 10.5 14.5 13.0 11.7 13.0 16.9 25.5 25.5 25.5 31.7 27.5 51.9 29.8 22.8 21.2 18.7 13.9 13.1 15.5 17.5 19.5 15.8 33.6 44.8 65.8 49.2 69.4 86.2 78.1 67.3 67.1 77.8 92.1 109.3 132.9 150.6 163.5 167.3 159.5 156.3 157.5 140.4 116.5
-9999.0 -9999.0 -9999.0 -9999.0 -9999.0 -9999.0 -9999.0 -9999.0 -9999.0 -9999.0 -9999.0 -9999.0 -9999.0 -9999.0 -9999.0 -9999.0 -9999.0 -9999.0 -9999.0 -9999.0 -9999.0 4.9 7.2 10.2 10.0 11.3 11.2 10.3 8.7 8.6 7.2 9.8 8.8 8.7 10.6 10.4 11.4 11.3 10.0 9.0 9.1 20.9 24.9 24.5 31.6 26.5 63.8 30.2 33.2 82.0 19.6 30.4 25.1 10.7 12.0 18.8 22.2 21.2 56.4 55.7 56.9 71.8 88.3 78.1 67.7 65.7 75.1 86.8 102.3 118.4 132.4 140.0 142.0 128.3 116.2 111.4 104.9 86.2
-9999.0 -9999.0 -9999.0 -9999.0 -9999.0 -9999.0 -9999.0 -9999.0 -9999.0 -9999.0 -9999.0 -9999.0 -9999.0 -9999.0 -9999.0 -9999.0 -9999.0 -9999.0 -9999.0 -9999.0 -9999.0 -9999.0 -9999.0 13.8 13.7 15.2 15.5 14.0 11.4 10.7 9.2 8.9 10.8 10.2 11.8 12.3 14.1 11.8 13.3 14.7 14.1 20.6 15.8 17.3 30.5 66.0 41.0 36.7 38.4 34.5 22.2 26.2 15.8 15.0 10.6 7.9 15.2 30.5 28.6 51.1 65.8 75.9 74.3 64.2 54.4 57.0 67.3 75.9 75.6 88.5 97.8 106.6 111.5 115.3 96.7 89.5 101.1 99.1
-9999.0 -9999.0 -9999.0 -9999.0 -9999.0 -9999.0 -9999.0 -9999.0 -9999.0 -9999.0 -9999.0 -9999.0 -9999.0 -9999.0 -9999.0 -9999.0 -9999.0 -9999.0 -9999.0 -9999.0 -9999.0 -9999.0 -9999.0 -9999.0 -9999.0 29.5 24.8 20.0 17.2 18.7 13.6 13.5 13.8 13.8 14.4 16.7 23.9 14.7 18.0 12.8 19.7 12.7 21.6 23.4 49.5 63.1 53.2 67.7 32.9 32.1 35.3 26.9 29.4 23.9 13.5 11.0 15.1 17.8 36.3 47.8 64.8 76.7 102.4 58.7 47.8 50.2 54.4 54.3 60.8 69.3 69.3 80.7 88.2 108.2 109.1 95.3 97.2 113.2
-9999.0 -9999.0 -9999.0 -9999.0 -9999.0 -9999.0 -9999.0 -9999.0 -9999.0 -9999.0 -9999.0 -9999.0 -9999.0 -9999.0 -9999.0 -9999.0 -9999.0 -9999.0 -9999.0 -9999.0 -9999.0 -9999.0 -9999.0 -9999.0 -9999.0 -9999.0 -9999.0 42.6 44.1 28.8 25.4 23.8 21.2 24.1 20.3 30.9 19.0 17.3 16.0 13.3 16.0 11.6 26.0 45.1 51.0 58.0 62.7 63.0 61.2 40.1 46.7 42.7 28.5 24.8 20.9 19.8 19.9 26.2 36.1 50.0 88.4 77.2 62.7 48.8 53.7 49.0 54.3 53.8 50.0 50.3 57.1 80.5 86.9 110.9 107.3 102.4 125.9 133.9
-9999.0 -9999.0 -9999.0 -9999.0 -9999.0 -9999.0 -9999.0 -9999.0 -9999.0 -9999.0 -9999.0 -9999.0 -9999.0 -9999.0 -9999.0 -9999.0 -9999.0 -9999.0 -9999.0 -9999.0 -9999.0 -9999.0 -9999.0 -9999.0 -9999.0 -9999.0 -9999.0 -9999.0 -9999.0 -9999.0 -9999.0 -9999.0 -9999.0 39.4 27.9 -9999.0 -9999.0 -9999.0 27.3 17.5 20.1 26.2 24.7 45.5 51.8 53.5 -9999.0 -9999.0 -9999.0 -9999.0 -9999.0 -9999.0 34.6 37.7 32.8 33.9 34.3 47.5 52.1 82.6 93.4 81.5 68.0 56.1 58.9 68.4 78.0 78.5 64.1 51.7 57.0 84.9 112.8 117.5 130.5 113.3 134.5 126.2
-9999.0 -9999.0 -9999.0 -9999.0 -9999.0 -9999.0 -9999.0 -9999.0 -9999.0 -9999.0 -9999.0 -9999.0 -9999.0 -9999.0 -9999.0 -9999.0 -9999.0 -9999.0 -9999.0 -9999.0 -9999.0 -9999.0 -9999.0 -9999.0 -9999.0 -9999.0 -9999.0 -9999.0 -9999.0 -9999.0 -9999.0 -9999.0 -9999.0 -9999.0 -9999.0 -9999.0 -9999.0 -9999.0 -9999.0 42.6 41.6 42.1 43.2 44.5 -9999.0 -9999.0 -9999.0 -9999.0 -9999.0 -9999.0 -9999.0 -9999.0 39.4 53.3 44.0 46.2 54.1 66.8 89.0 116.1 126.6 95.4 74.5 67.2 82.5 105.6 118.1 100.0 75.8 71.6 76.7 93.8 108.3 134.0 117.6 117.5 119.8 114.6
-9999.0 -9999.0 -9999.0 -9999.0 -9999.0 -9999.0 -9999.0 -9999.0 -9999.0 -9999.0 -9999.0 -9999.0 -9999.0 -9999.0 -9999.0 -9999.0 -9999.0 -9999.0 -9999.0 -9999.0 -9999.0 -9999.0 -9999.0 -9999.0 -9999.0 -9999.0 -9999.0 -9999.0 -9999.0 -9999.0 -9999.0 -9999.0 -9999.0 -9999.0 -9999.0 -9999.0 -9999.0 -9999.0 -9999.0 -9999.0 -9999.0 -9999.0 -9999.0 -9999.0 -9999.0 -9999.0 -9999.0 -9999.0 -9999.0 -9999.0 -9999.0 -9999.0 33.5 70.5 57.0 63.6 62.2 74.0 95.6 120.1 131.4 108.1 92.6 72.8 88.6 116.0 120.9 104.8 80.7 70.6 73.9 88.5 125.4 119.9 117.3 98.0 107.1 99.7
-9999.0 -9999.0 -9999.0 -9999.0 -9999.0 -9999.0 -9999.0 -9999.0 -9999.0 -9999.0 -9999.0 -9999.0 -9999.0 -9999.0 -9999.0 -9999.0 -9999.0 -9999.0 -9999.0 -9999.0 -9999.0 -9999.0 -9999.0 -9999.0 -9999.0 -9999.0 -9999.0 -9999.0 -9999.0 -9999.0 -9999.0 -9999.0 -9999.0 -9999.0 -9999.0 -9999.0 -9999.0 -9999.0 -9999.0 -9999.0 -9999.0 -9999.0 -9999.0 -9999.0 -9999.0 -9999.0 -9999.0 -9999.0 -9999.0 -9999.0 -9999.0 37.7 46.4 79.9 50.7 65.1 66.2 80.3 93.2 88.1 114.6 99.5 82.1 74.1 86.7 103.8 100.5 70.4 68.4 57.1 57.3 66.0 68.1 73.2 85.5 82.3 98.1 80.5
-9999.0 -9999.0 -9999.0 -9999.0 -9999.0 -9999.0 -9999.0 -9999.0 -9999.0 -9999.0 -9999.0 -9999.0 -9999.0 -9999.0 -9999.0 -9999.0 -9999.0 -9999.0 -9999.0 -9999.0 -9999.0 -9999.0 -9999.0 -9999.0 -9999.0 -9999.0 -9999.0 -9999.0 -9999.0 -9999.0 -9999.0 -9999.0 -9999.0 -9999.0 -9999.0 -9999.0 -9999.0 -9999.0 -9999.0 -9999.0 -9999.0 -9999.0 -9999.0 -9999.0 -9999.0 -9999.0 -9999.0 -9999.0 -9999.0 -9999.0 33.0 56.1 71.4 88.3 70.5 77.8 62.0 57.6 80.3 105.8 105.0 98.0 79.4 74.1 84.0 85.6 73.1 58.6 57.1 49.8 49.8 42.3 49.7 72.2 87.3 93.9 67.7 93.0
-9999.0 -9999.0 -9999.0 -9999.0 -9999.0 -9999.0 -9999.0 -9999.0 -9999.0 -9999.0 -9999.0 -9999.0 -9999.0 -9999.0 -9999.0 -9999.0 -9999.0 -9999.0 -9999.0 -9999.0 -9999.0 -9999.0 -9999.0 -9999.0 -9999.0 -9999.0 -9999.0 -9999.0 -9999.0 -9999.0 -9999.0 -9999.0 -9999.0 -9999.0 -9999.0 -9999.0 -9999.0 -9999.0 -9999.0 -9999.0 -9999.0 -9999.0 -9999.0 -9999.0 -9999.0 -9999.0 -9999.0 -9999.0 -9999.0 -9999.0 34.0 88.3 56.3 92.6 101.2 82.2 43.0 84.8 91.6 85.7 81.7 85.3 75.6 75.3 77.0 65.0 52.8 49.2 52.6 54.0 52.3 50.9 56.8 68.0 76.7 74.0 73.3 52.8
-9999.0 -9999.0 -9999.0 -9999.0 -9999.0 -9999.0 -9999.0 -9999.0 -9999.0 -9999.0 -9999.0 -9999.0 -9999.0 -9999.0 -9999.0 -9999.0 -9999.0 -9999.0 -9999.0 -9999.0 -9999.0 -9999.0 -9999.0 -9999.0 -9999.0 -9999.0 -9999.0 -9999.0 -9999.0 -9999.0 -9999.0 -9999.0 -9999.0 -9999.0 -9999.0 -9999.0 -9999.0 -9999.0 -9999.0 -9999.0 -9999.0 -9999.0 -9999.0 -9999.0 -9999.0 -9999.0 -9999.0 -9999.0 -9999.0 -9999.0 32.3 55.5 50.7 140.2 80.9 75.6 123.4 89.8 101.5 65.8 80.6 86.7 79.9 72.2 68.2 55.3 47.1 51.0 60.4 66.7 61.7 75.3 67.2 81.7 74.9 70.9 75.2 45.8
-9999.0 -9999.0 -9999.0 -9999.0 -9999.0 -9999.0 -9999.0 -9999.0 -9999.0 -9999.0 -9999.0 -9999.0 -9999.0 -9999.0 -9999.0 -9999.0 -9999.0 -9999.0 -9999.0 -9999.0 -9999.0 -9999.0 -9999.0 -9999.0 -9999.0 -9999.0 -9999.0 -9999.0 -9999.0 -9999.0 -9999.0 -9999.0 -9999.0 -9999.0 -9999.0 -9999.0 -9999.0 -9999.0 -9999.0 -9999.0 -9999.0 -9999.0 -9999.0 -9999.0 -9999.0 -9999.0 -9999.0 -9999.0 -9999.0 -9999.0 65.9 106.9 92.7 118.2 117.9 144.8 77.7 108.1 101.8 68.8 86.9 85.6 67.4 79.5 71.8 56.6 52.2 57.2 71.5 60.6 65.6 66.0 73.8 79.9 66.8 63.7 65.1 52.0
-9999.0 -9999.0 -9999.0 -9999.0 -9999.0 -9999.0 -9999.0 -9999.0 -9999.0 -9999.0 -9999.0 -9999.0 -9999.0 -9999.0 -9999.0 -9999.0 -9999.0 -9999.0 -9999.0 -9999.0 -9999.0 -9999.0 -9999.0 -9999.0 -9999.0 -9999.0 -9999.0 -9999.0 -9999.0 -9999.0 -9999.0 -9999.0 -9999.0 -9999.0 -9999.0 -9999.0 -9999.0 -9999.0 -9999.0 -9999.0 -9999.0 -9999.0 -9999.0 -9999.0 -9999.0 -9999.0 -9999.0 -9999.0 -9999.0 -9999.0 -9999.0 -9999.0 -9999.0 104.1 102.2 106.8 122.3 132.2 82.9 79.5 147.2 74.5 125.4 104.7 91.0 73.5 72.7 74.1 87.4 82.8 62.9 50.9 52.8 59.0 61.1 51.4 53.0 57.3
-9999.0 -9999.0 -9999.0 -9999.0 -9999.0 -9999.0 -9999.0 -9999.0 -9999.0 -9999.0 -9999.0 -9999.0 -9999.0 -9999.0 -9999.0 -9999.0 -9999.0 -9999.0 -9999.0 -9999.0 -9999.0 -9999.0 -9999.0 -9999.0 -9999.0 -9999.0 -9999.0 -9999.0 -9999.0 -9999.0 -9999.0 -9999.0 -9999.0 -9999.0 -9999.0 -9999.0 -9999.0 -9999.0 -9999.0 -9999.0 -9999.0 -9999.0 -9999.0 -9999.0 -9999.0 -9999.0 -9999.0 -9999.0 -9999.0 -9999.0 -9999.0 -9999.0 -9999.0 124.6 108.6 214.6 127.3 103.9 108.4 149.5 112.5 91.8 159.7 117.2 116.7 104.9 87.2 107.2 89.9 78.6 55.0 41.4 46.8 58.5 64.1 69.5 57.4 69.8
-9999.0 -9999.0 -9999.0 -9999.0 -9999.0 -9999.0 -9999.0 -9999.0 -9999.0 -9999.0 -9999.0 -9999.0 -9999.0 -9999.0 -9999.0 -9999.0 -9999.0 -9999.0 -9999.0 -9999.0 -9999.0 -9999.0 -9999.0 -9999.0 -9999.0 -9999.0 -9999.0 -9999.0 -9999.0 -9999.0 -9999.0 -9999.0 -9999.0 -9999.0 -9999.0 -9999.0 -9999.0 -9999.0 -9999.0 -9999.0 -9999.0 -9999.0 -9999.0 -9999.0 -9999.0 -9999.0 -9999.0 -9999.0 -9999.0 -9999.0 -9999.0 -9999.0 -9999.0 147.8 95.0 170.1 148.6 114.9 114.4 111.1 149.9 147.7 197.8 201.9 120.6 -9999.0 -9999.0 -9999.0 119.7 89.0 76.4 71.3 72.3 75.6 79.7 90.8 73.3 72.0
-9999.0 -9999.0 -9999.0 -9999.0 -9999.0 -9999.0 -9999.0 -9999.0 -9999.0 -9999.0 -9999.0 -9999.0 -9999.0 -9999.0 -9999.0 -9999.0 -9999.0 -9999.0 -9999.0 -9999.0 -9999.0 -9999.0 -9999.0 -9999.0 -9999.0 -9999.0 -9999.0 -9999.0 -9999.0 -9999.0 -9999.0 -9999.0 -9999.0 -9999.0 -9999.0 -9999.0 -9999.0 -9999.0 -9999.0 -9999.0 -9999.0 -9999.0 -9999.0 -9999.0 -9999.0 -9999.0 -9999.0 -9999.0 -9999.0 -9999.0 -9999.0 -9999.0 -9999.0 -9999.0 165.0 159.9 107.4 86.2 123.4 158.4 91.8 -9999.0 -9999.0 -9999.0 -9999.0 -9999.0 -9999.0 -9999.0 127.6 134.5 150.3 126.6 115.0 103.6 94.4 94.2 95.5 81.6
-9999.0 -9999.0 -9999.0 -9999.0 -9999.0 -9999.0 -9999.0 -9999.0 -9999.0 -9999.0 -9999.0 -9999.0 -9999.0 -9999.0 -9999.0 -9999.0 -9999.0 -9999.0 -9999.0 -9999.0 -9999.0 -9999.0 -9999.0 -9999.0 -9999.0 -9999.0 -9999.0 -9999.0 -9999.0 -9999.0 -9999.0 -9999.0 -9999.0 -9999.0 -9999.0 -9999.0 -9999.0 -9999.0 -9999.0 -9999.0 -9999.0 -9999.0 -9999.0 -9999.0 -9999.0 -9999.0 -9999.0 -9999.0 -9999.0 -9999.0 -9999.0 -9999.0 -9999.0 -9999.0 -9999.0 142.0 210.9 118.8 86.3 114.6 109.1 -9999.0 -9999.0 -9999.0 -9999.0 -9999.0 -9999.0 -9999.0 -9999.0 -9999.0 174.6 -9999.0 -9999.0 -9999.0 -9999.0 -9999.0 121.5 -9999.0
-9999.0 -9999.0 -9999.0 -9999.0 -9999.0 -9999.0 -9999.0 -9999.0 -9999.0 -9999.0 -9999.0 -9999.0 -9999.0 -9999.0 -9999.0 -9999.0 -9999.0 -9999.0 -9999.0 -9999.0 -9999.0 -9999.0 -9999.0 -9999.0 -9999.0 -9999.0 -9999.0 -9999.0 -9999.0 -9999.0 -9999.0 -9999.0 -9999.0 -9999.0 -9999.0 -9999.0 -9999.0 -9999.0 -9999.0 -9999.0 -9999.0 -9999.0 -9999.0 -9999.0 -9999.0 -9999.0 -9999.0 -9999.0 -9999.0 -9999.0 -9999.0 -9999.0 -9999.0 -9999.0 -9999.0 -9999.0 -9999.0 -9999.0 112.3 84.5 -9999.0 -9999.0 -9999.0 -9999.0 -9999.0 -9999.0 -9999.0 -9999.0 -9999.0 -9999.0 -9999.0 -9999.0 -9999.0 -9999.0 -9999.0 148.4 164.1 -9999.0
-9999.0 -9999.0 -9999.0 -9999.0 -9999.0 -9999.0 -9999.0 -9999.0 -9999.0 -9999.0 -9999.0 -9999.0 -9999.0 -9999.0 -9999.0 -9999.0 -9999.0 -9999.0 -9999.0 -9999.0 -9999.0 -9999.0 -9999.0 -9999.0 -9999.0 -9999.0 -9999.0 -9999.0 -9999.0 -9999.0 -9999.0 -9999.0 -9999.0 -9999.0 -9999.0 -9999.0 -9999.0 -9999.0 -9999.0 -9999.0 -9999.0 -9999.0 -9999.0 -9999.0 -9999.0 -9999.0 -9999.0 -9999.0 -9999.0 -9999.0 -9999.0 -9999.0 -9999.0 -9999.0 -9999.0 -9999.0 -9999.0 -9999.0 -9999.0 -9999.0 -9999.0 -9999.0 -9999.0 -9999.0 -9999.0 -9999.0 -9999.0 -9999.0 -9999.0 -9999.0 -9999.0 -9999.0 -9999.0 -9999.0 -9999.0 -9999.0 -9999.0 -9999.0
