program/excelProcessViaJava/data/SURF_CLI_CHN_PRE_MON_GRID_0.5-198006.txt
NCOLS      128
NROWS       72
XLLCORNER    72.000000000000    
YLLCORNER    18.000000000000    
CELLSIZE    0.50000000000000    
NODATA_VALUE   -9999.000    
[rows 34 to 67 of 72, columns 0 to 74 of 128]
-9999.0 -9999.0 -9999.0 -9999.0 2.4 2.5 1.2 2.0 0.8 0.9 2.7 1.6 3.0 3.4 5.9 5.7 5.0 3.6 3.3 3.4 2.9 2.3 2.2 2.6 2.1 2.0 3.2 4.2 5.5 7.0 8.8 10.8 12.2 13.4 14.5 13.7 15.0 16.0 11.3 7.4 10.2 4.9 5.0 4.7 5.5 6.8 8.8 11.8 16.7 25.8 35.7 42.5 48.3 43.6 43.1 45.7 45.0 43.7 44.8 30.4 47.3 29.9 32.4 37.2 33.3 24.2 37.3 35.4 43.7 64.0 69.3 84.7 89.6 85.0 76.2
-9999.0 -9999.0 -9999.0 -9999.0 -9999.0 -9999.0 -9999.0 1.2 0.9 1.2 0.6 0.7 1.6 1.4 1.6 4.6 3.6 4.0 3.9 3.3 2.1 1.4 1.4 1.7 2.1 2.7 3.4 4.5 5.9 7.6 9.8 12.1 14.2 16.2 18.1 17.7 19.5 18.0 20.0 20.1 12.7 23.2 23.6 20.5 16.8 12.7 18.1 18.9 25.9 28.1 36.7 43.8 44.2 52.0 48.9 42.7 41.3 37.9 43.7 34.7 44.1 28.9 34.5 43.3 49.8 42.7 53.6 66.7 73.3 87.4 86.9 88.7 93.2 88.6 77.4
-9999.0 -9999.0 -9999.0 -9999.0 -9999.0 -9999.0 -9999.0 0.4 1.0 0.7 0.6 0.8 0.7 0.5 0.9 0.4 1.1 1.2 0.7 1.3 1.4 1.1 1.5 1.8 2.3 3.0 4.0 4.9 6.9 9.0 11.2 13.9 16.6 19.6 21.0 22.4 22.3 23.5 23.0 22.0 22.9 24.4 28.6 39.2 34.1 30.1 36.4 38.9 47.2 44.4 51.6 50.2 48.6 48.4 52.5 51.1 53.5 52.9 49.9 47.8 40.5 36.5 41.2 52.8 59.8 64.4 73.5 85.7 112.7 95.6 90.3 83.5 82.8 88.2 71.3
-9999.0 -9999.0 -9999.0 -9999.0 -9999.0 -9999.0 -9999.0 -9999.0 -9999.0 0.5 0.6 0.7 0.4 0.5 0.7 0.9 0.7 0.3 0.7 0.5 0.9 1.3 1.7 2.1 2.7 3.7 4.6 6.1 8.3 10.1 13.4 16.5 19.8 23.2 25.4 27.3 28.2 29.3 28.6 29.4 29.3 32.7 36.3 41.2 49.4 54.6 57.6 56.4 54.0 52.0 53.1 54.1 56.1 57.8 59.4 64.6 73.6 73.1 63.6 57.9 53.8 57.5 63.0 62.8 74.9 80.3 84.8 98.5 139.6 111.2 100.0 77.0 73.0 84.2 95.1
-9999.0 -9999.0 -9999.0 -9999.0 -9999.0 -9999.0 -9999.0 -9999.0 -9999.0 -9999.0 -9999.0 0.3 0.8 0.3 0.5 0.5 0.6 0.7 0.9 0.9 0.8 1.3 1.6 2.5 2.4 4.0 5.0 6.8 9.2 12.3 15.6 19.2 23.8 28.1 31.9 36.3 37.4 38.7 42.7 39.7 42.1 44.0 49.0 55.9 64.6 68.6 71.0 67.8 62.8 59.6 61.3 65.7 69.9 71.4 73.3 76.8 86.3 86.9 85.7 81.2 80.9 76.2 75.9 79.2 95.6 76.0 74.9 105.0 139.0 141.3 113.1 90.5 72.3 67.6 50.0
-9999.0 -9999.0 -9999.0 -9999.0 -9999.0 -9999.0 -9999.0 -9999.0 -9999.0 -9999.0 -9999.0 -9999.0 0.6 0.7 0.4 0.6 0.3 0.6 0.7 0.5 1.4 1.6 2.1 3.2 2.0 5.0 7.1 7.9 10.7 12.8 17.8 22.7 28.1 33.8 39.8 44.9 50.0 51.5 52.0 52.6 54.6 59.3 66.5 73.7 79.8 82.2 80.0 76.2 71.0 69.7 72.5 81.0 90.7 95.6 94.4 95.7 100.0 104.8 118.1 114.4 112.9 118.1 118.2 105.8 90.4 122.7 97.2 129.0 156.6 164.9 118.6 80.2 63.7 60.0 67.0
-9999.0 -9999.0 -9999.0 -9999.0 -9999.0 -9999.0 -9999.0 -9999.0 -9999.0 -9999.0 -9999.0 -9999.0 0.2 0.8 0.9 0.5 1.0 0.9 0.6 0.9 1.2 1.4 2.3 4.1 6.4 6.9 8.5 11.5 13.0 17.0 20.1 24.6 32.0 39.7 47.5 55.1 61.6 66.3 68.8 70.5 73.7 79.7 85.2 94.8 96.1 93.4 91.1 86.2 89.5 86.2 95.5 107.1 121.6 120.1 121.7 116.6 122.0 127.6 142.3 145.3 141.5 134.3 139.0 144.6 85.2 107.1 125.0 151.5 157.7 159.5 164.1 178.0 171.9 122.0 120.5
-9999.0 -9999.0 -9999.0 -9999.0 -9999.0 -9999.0 -9999.0 -9999.0 -9999.0 -9999.0 -9999.0 -9999.0 -9999.0 0.5 0.3 1.1 0.7 1.1 1.5 1.9 2.0 3.7 3.2 6.7 7.8 6.4 8.0 8.8 12.8 16.7 22.5 28.6 34.6 43.9 55.1 65.2 74.1 80.9 84.4 88.2 92.3 97.5 105.4 107.5 113.3 113.6 103.3 95.7 94.9 102.1 115.7 138.2 148.4 134.6 131.5 128.0 131.7 141.0 156.6 167.8 172.8 155.3 149.6 90.9 83.9 101.0 136.4 191.8 185.4 166.2 143.3 124.4 135.6 147.3 170.0
-9999.0 -9999.0 -9999.0 -9999.0 -9999.0 -9999.0 -9999.0 -9999.0 -9999.0 -9999.0 -9999.0 -9999.0 0.5 0.3 0.4 0.9 0.4 0.8 1.1 3.3 4.4 5.7 6.3 8.8 11.4 8.5 11.0 13.9 15.9 18.1 23.0 30.6 35.9 47.9 59.8 73.1 83.8 94.4 100.6 104.2 105.6 108.7 112.0 128.2 124.1 118.1 114.7 114.8 110.5 115.8 122.3 133.1 149.5 142.1 131.9 124.9 131.2 146.3 162.3 176.0 180.8 184.4 150.5 157.0 98.0 102.0 286.4 250.7 185.8 175.4 174.3 167.0 161.4 153.7 161.5
-9999.0 -9999.0 -9999.0 -9999.0 -9999.0 -9999.0 -9999.0 -9999.0 -9999.0 -9999.0 -9999.0 -9999.0 0.4 1.3 1.0 0.3 0.5 2.0 2.8 2.4 6.5 5.9 8.2 10.8 15.2 17.8 17.7 18.2 18.7 21.9 25.5 30.1 36.1 49.5 62.8 77.1 91.3 102.3 109.5 115.8 121.3 132.2 140.6 140.0 132.3 118.8 103.0 98.6 100.2 117.9 122.3 126.1 130.5 121.8 111.9 104.1 113.4 134.7 153.9 185.7 207.5 223.2 130.9 93.2 87.3 199.7 162.1 241.7 204.4 172.8 178.1 204.1 222.9 245.8 270.1
-9999.0 -9999.0 -9999.0 -9999.0 -9999.0 -9999.0 -9999.0 -9999.0 -9999.0 -9999.0 -9999.0 -9999.0 2.9 0.8 2.5 1.9 2.5 0.9 2.7 3.8 2.8 3.9 10.6 10.4 15.4 12.0 15.4 12.0 20.3 21.6 24.5 25.5 36.6 48.0 61.1 76.2 91.1 102.9 111.3 115.0 124.5 145.5 134.2 165.6 132.8 106.5 92.7 87.3 92.7 93.0 95.0 97.8 117.2 124.4 106.9 80.7 96.5 123.5 154.4 159.1 172.9 177.1 255.3 103.2 112.0 256.7 226.4 184.6 153.6 188.5 225.6 234.9 277.0 304.2 365.8
-9999.0 -9999.0 -9999.0 -9999.0 -9999.0 -9999.0 -9999.0 -9999.0 -9999.0 -9999.0 -9999.0 -9999.0 -9999.0 0.6 0.9 3.1 3.0 4.7 3.3 3.8 2.4 8.9 8.9 9.7 20.0 19.0 20.5 22.0 17.5 23.8 19.2 24.5 30.7 42.5 55.0 68.9 84.1 97.4 105.8 113.7 123.5 121.2 121.7 124.7 129.1 104.6 82.1 80.9 68.4 68.6 68.1 81.6 81.8 68.4 96.4 100.8 74.5 96.1 141.1 212.9 216.1 340.3 230.8 96.7 186.5 162.1 157.2 133.5 147.1 165.6 241.4 299.7 302.8 349.2 325.1
-9999.0 -9999.0 -9999.0 -9999.0 -9999.0 -9999.0 -9999.0 -9999.0 -9999.0 -9999.0 -9999.0 -9999.0 -9999.0 11.7 2.0 5.6 2.4 8.3 9.2 9.1 5.1 7.4 9.1 14.1 30.6 24.7 22.0 26.5 21.7 10.5 14.1 18.6 27.1 35.6 46.8 61.2 75.6 87.9 96.0 99.2 110.3 116.7 119.1 113.2 93.4 85.4 71.2 67.4 56.2 52.7 57.9 50.5 67.0 86.5 103.4 94.1 75.4 96.5 149.9 124.3 224.3 148.5 137.1 231.4 132.4 89.1 86.9 95.0 111.2 180.3 244.9 283.9 318.9 321.5 313.6
-9999.0 -9999.0 -9999.0 -9999.0 -9999.0 -9999.0 -9999.0 -9999.0 -9999.0 -9999.0 -9999.0 -9999.0 -9999.0 -9999.0 -9999.0 9.5 12.7 10.5 15.6 22.5 13.1 22.7 28.2 27.6 25.2 26.4 12.4 17.5 9.6 16.8 13.7 17.2 19.5 29.0 41.4 53.5 66.0 77.6 85.6 90.6 92.6 95.0 96.5 94.2 100.6 103.0 64.0 79.4 49.6 57.5 44.6 68.1 56.1 64.3 45.6 77.8 92.7 76.5 170.1 226.4 136.7 134.5 254.6 202.3 118.1 73.5 66.7 81.5 102.3 131.9 193.3 242.9 254.5 277.3 292.9
-9999.0 -9999.0 -9999.0 -9999.0 -9999.0 -9999.0 -9999.0 -9999.0 -9999.0 -9999.0 -9999.0 -9999.0 -9999.0 -9999.0 -9999.0 -9999.0 -9999.0 125.0 69.9 -9999.0 66.5 32.9 56.6 58.3 35.7 36.7 16.0 19.3 23.4 11.7 14.3 20.3 16.8 30.8 42.4 50.9 60.2 70.6 73.8 76.2 77.4 77.5 76.5 74.7 138.5 96.5 268.5 50.8 59.5 45.9 67.3 46.4 61.1 63.6 76.3 89.5 77.9 141.6 168.4 217.4 137.2 160.0 212.1 185.4 109.5 64.4 57.6 60.9 84.9 123.5 190.2 214.4 240.7 245.8 268.6
-9999.0 -9999.0 -9999.0 -9999.0 -9999.0 -9999.0 -9999.0 -9999.0 -9999.0 -9999.0 -9999.0 -9999.0 -9999.0 -9999.0 -9999.0 -9999.0 -9999.0 -9999.0 -9999.0 -9999.0 -9999.0 79.9 63.8 37.0 54.8 87.0 69.6 51.0 31.2 31.6 20.3 36.1 30.8 34.4 48.2 53.6 60.9 64.9 67.9 74.5 75.3 61.3 59.0 55.4 113.1 58.0 334.4 83.5 51.0 107.3 50.3 73.0 76.9 46.7 60.9 96.8 117.4 113.1 222.1 193.3 174.5 170.0 164.8 140.6 110.6 76.4 70.3 68.5 99.7 140.5 192.4 222.1 228.1 253.3 300.7
-9999.0 -9999.0 -9999.0 -9999.0 -9999.0 -9999.0 -9999.0 -9999.0 -9999.0 -9999.0 -9999.0 -9999.0 -9999.0 -9999.0 -9999.0 -9999.0 -9999.0 -9999.0 -9999.0 -9999.0 -9999.0 -9999.0 -9999.0 229.5 118.5 118.2 101.8 69.3 29.5 35.0 22.5 20.2 18.3 31.7 40.7 53.8 59.0 64.3 60.0 56.4 51.4 50.1 44.2 47.8 97.6 341.8 138.7 113.8 152.6 159.5 73.9 65.8 57.3 55.3 49.8 50.7 97.9 152.9 130.4 186.4 215.2 200.9 151.0 95.0 74.4 82.3 94.7 95.5 103.7 162.3 216.2 238.4 239.7 239.4 306.2
-9999.0 -9999.0 -9999.0 -9999.0 -9999.0 -9999.0 -9999.0 -9999.0 -9999.0 -9999.0 -9999.0 -9999.0 -9999.0 -9999.0 -9999.0 -9999.0 -9999.0 -9999.0 -9999.0 -9999.0 -9999.0 -9999.0 -9999.0 -9999.0 -9999.0 393.1 217.6 36.3 32.2 17.7 22.6 36.9 42.0 40.6 58.7 55.1 56.1 64.7 58.4 51.6 47.9 39.2 95.7 81.0 223.9 323.5 236.2 378.4 67.5 119.9 69.4 68.3 77.6 74.9 59.0 64.3 94.6 108.9 161.2 173.8 189.4 186.9 237.6 88.1 67.9 81.5 92.0 95.3 143.4 191.3 216.3 232.4 245.1 207.4 202.4
-9999.0 -9999.0 -9999.0 -9999.0 -9999.0 -9999.0 -9999.0 -9999.0 -9999.0 -9999.0 -9999.0 -9999.0 -9999.0 -9999.0 -9999.0 -9999.0 -9999.0 -9999.0 -9999.0 -9999.0 -9999.0 -9999.0 -9999.0 -9999.0 -9999.0 -9999.0 -9999.0 456.1 405.7 162.8 115.8 95.4 34.5 98.2 62.7 147.6 78.7 74.4 83.7 55.0 44.2 47.5 110.8 213.8 244.0 297.0 344.5 355.1 349.1 182.6 251.8 224.5 82.4 82.3 76.8 87.9 108.3 138.1 148.6 163.9 216.5 164.8 105.2 69.5 71.8 67.6 108.4 156.5 181.6 192.9 194.3 197.2 190.1 154.0 154.9
-9999.0 -9999.0 -9999.0 -9999.0 -9999.0 -9999.0 -9999.0 -9999.0 -9999.0 -9999.0 -9999.0 -9999.0 -9999.0 -9999.0 -9999.0 -9999.0 -9999.0 -9999.0 -9999.0 -9999.0 -9999.0 -9999.0 -9999.0 -9999.0 -9999.0 -9999.0 -9999.0 -9999.0 -9999.0 -9999.0 -9999.0 -9999.0 -9999.0 207.2 94.4 -9999.0 -9999.0 -9999.0 139.4 73.4 92.0 118.1 93.1 228.2 278.6 287.3 -9999.0 -9999.0 -9999.0 -9999.0 -9999.0 -9999.0 128.1 99.8 111.7 123.6 137.1 184.7 172.9 200.7 184.8 144.0 104.4 80.3 83.9 119.4 183.9 248.5 262.1 211.4 173.4 162.6 139.8 117.3 89.0
-9999.0 -9999.0 -9999.0 -9999.0 -9999.0 -9999.0 -9999.0 -9999.0 -9999.0 -9999.0 -9999.0 -9999.0 -9999.0 -9999.0 -9999.0 -9999.0 -9999.0 -9999.0 -9999.0 -9999.0 -9999.0 -9999.0 -9999.0 -9999.0 -9999.0 -9999.0 -9999.0 -9999.0 -9999.0 -9999.0 -9999.0 -9999.0 -9999.0 -9999.0 -9999.0 -9999.0 -9999.0 -9999.0 -9999.0 269.7 252.3 248.2 248.6 249.0 -9999.0 -9999.0 -9999.0 -9999.0 -9999.0 -9999.0 -9999.0 -9999.0 136.7 131.2 123.5 137.0 164.2 190.8 198.2 206.8 199.0 140.0 97.8 85.2 104.8 169.9 243.5 299.6 273.0 236.8 196.7 150.7 118.3 110.6 109.6
-9999.0 -9999.0 -9999.0 -9999.0 -9999.0 -9999.0 -9999.0 -9999.0 -9999.0 -9999.0 -9999.0 -9999.0 -9999.0 -9999.0 -9999.0 -9999.0 -9999.0 -9999.0 -9999.0 -9999.0 -9999.0 -9999.0 -9999.0 -9999.0 -9999.0 -9999.0 -9999.0 -9999.0 -9999.0 -9999.0 -9999.0 -9999.0 -9999.0 -9999.0 -9999.0 -9999.0 -9999.0 -9999.0 -9999.0 -9999.0 -9999.0 -9999.0 -9999.0 -9999.0 -9999.0 -9999.0 -9999.0 -9999.0 -9999.0 -9999.0 -9999.0 -9999.0 188.6 172.3 156.4 159.2 147.3 145.5 146.8 172.9 196.3 164.0 146.7 95.1 120.5 203.1 276.1 263.2 201.0 170.7 157.4 136.8 149.1 129.0 137.5
-9999.0 -9999.0 -9999.0 -9999.0 -9999.0 -9999.0 -9999.0 -9999.0 -9999.0 -9999.0 -9999.0 -9999.0 -9999.0 -9999.0 -9999.0 -9999.0 -9999.0 -9999.0 -9999.0 -9999.0 -9999.0 -9999.0 -9999.0 -9999.0 -9999.0 -9999.0 -9999.0 -9999.0 -9999.0 -9999.0 -9999.0 -9999.0 -9999.0 -9999.0 -9999.0 -9999.0 -9999.0 -9999.0 -9999.0 -9999.0 -9999.0 -9999.0 -9999.0 -9999.0 -9999.0 -9999.0 -9999.0 -9999.0 -9999.0 -9999.0 -9999.0 207.5 221.3 225.3 195.3 171.3 134.5 126.4 107.4 107.8 179.5 169.8 147.0 126.9 150.2 197.6 233.1 223.3 135.8 120.0 119.9 120.8 116.7 133.6 172.6
-9999.0 -9999.0 -9999.0 -9999.0 -9999.0 -9999.0 -9999.0 -9999.0 -9999.0 -9999.0 -9999.0 -9999.0 -9999.0 -9999.0 -9999.0 -9999.0 -9999.0 -9999.0 -9999.0 -9999.0 -9999.0 -9999.0 -9999.0 -9999.0 -9999.0 -9999.0 -9999.0 -9999.0 -9999.0 -9999.0 -9999.0 -9999.0 -9999.0 -9999.0 -9999.0 -9999.0 -9999.0 -9999.0 -9999.0 -9999.0 -9999.0 -9999.0 -9999.0 -9999.0 -9999.0 -9999.0 -9999.0 -9999.0 -9999.0 -9999.0 215.8 258.9 298.9 306.2 276.1 221.8 137.8 91.0 94.4 137.1 171.3 173.6 153.8 150.4 190.6 207.1 157.6 150.4 111.0 141.4 142.1 135.3 125.7 153.0 179.8
-9999.0 -9999.0 -9999.0 -9999.0 -9999.0 -9999.0 -9999.0 -9999.0 -9999.0 -9999.0 -9999.0 -9999.0 -9999.0 -9999.0 -9999.0 -9999.0 -9999.0 -9999.0 -9999.0 -9999.0 -9999.0 -9999.0 -9999.0 -9999.0 -9999.0 -9999.0 -9999.0 -9999.0 -9999.0 -9999.0 -9999.0 -9999.0 -9999.0 -9999.0 -9999.0 -9999.0 -9999.0 -9999.0 -9999.0 -9999.0 -9999.0 -9999.0 -9999.0 -9999.0 -9999.0 -9999.0 -9999.0 -9999.0 -9999.0 -9999.0 230.4 337.1 320.1 391.4 365.0 283.4 170.2 164.3 137.9 121.2 114.7 119.8 108.4 140.9 177.7 171.5 133.2 125.9 127.9 179.0 205.2 186.9 160.1 154.5 146.6
-9999.0 -9999.0 -9999.0 -9999.0 -9999.0 -9999.0 -9999.0 -9999.0 -9999.0 -9999.0 -9999.0 -9999.0 -9999.0 -9999.0 -9999.0 -9999.0 -9999.0 -9999.0 -9999.0 -9999.0 -9999.0 -9999.0 -9999.0 -9999.0 -9999.0 -9999.0 -9999.0 -9999.0 -9999.0 -9999.0 -9999.0 -9999.0 -9999.0 -9999.0 -9999.0 -9999.0 -9999.0 -9999.0 -9999.0 -9999.0 -9999.0 -9999.0 -9999.0 -9999.0 -9999.0 -9999.0 -9999.0 -9999.0 -9999.0 -9999.0 257.5 310.3 330.6 476.7 382.6 321.6 321.0 240.4 199.2 120.2 97.0 88.5 78.2 83.3 113.8 112.0 95.1 91.8 120.8 182.6 249.0 259.9 207.4 185.7 129.0
-9999.0 -9999.0 -9999.0 -9999.0 -9999.0 -9999.0 -9999.0 -9999.0 -9999.0 -9999.0 -9999.0 -9999.0 -9999.0 -9999.0 -9999.0 -9999.0 -9999.0 -9999.0 -9999.0 -9999.0 -9999.0 -9999.0 -9999.0 -9999.0 -9999.0 -9999.0 -9999.0 -9999.0 -9999.0 -9999.0 -9999.0 -9999.0 -9999.0 -9999.0 -9999.0 -9999.0 -9999.0 -9999.0 -9999.0 -9999.0 -9999.0 -9999.0 -9999.0 -9999.0 -9999.0 -9999.0 -9999.0 -9999.0 -9999.0 -9999.0 334.9 427.3 434.9 474.9 442.7 437.2 280.4 311.6 256.8 134.9 114.4 75.3 35.9 64.3 88.4 89.9 91.8 89.9 136.2 141.8 237.3 273.1 256.4 201.9 131.5
-9999.0 -9999.0 -9999.0 -9999.0 -9999.0 -9999.0 -9999.0 -9999.0 -9999.0 -9999.0 -9999.0 -9999.0 -9999.0 -9999.0 -9999.0 -9999.0 -9999.0 -9999.0 -9999.0 -9999.0 -9999.0 -9999.0 -9999.0 -9999.0 -9999.0 -9999.0 -9999.0 -9999.0 -9999.0 -9999.0 -9999.0 -9999.0 -9999.0 -9999.0 -9999.0 -9999.0 -9999.0 -9999.0 -9999.0 -9999.0 -9999.0 -9999.0 -9999.0 -9999.0 -9999.0 -9999.0 -9999.0 -9999.0 -9999.0 -9999.0 -9999.0 -9999.0 -9999.0 461.8 407.6 354.6 348.9 357.9 226.3 177.5 277.5 72.6 152.1 92.8 96.6 93.3 118.2 90.2 149.0 194.1 224.5 247.2 229.2 177.5 140.9
-9999.0 -9999.0 -9999.0 -9999.0 -9999.0 -9999.0 -9999.0 -9999.0 -9999.0 -9999.0 -9999.0 -9999.0 -9999.0 -9999.0 -9999.0 -9999.0 -9999.0 -9999.0 -9999.0 -9999.0 -9999.0 -9999.0 -9999.0 -9999.0 -9999.0 -9999.0 -9999.0 -9999.0 -9999.0 -9999.0 -9999.0 -9999.0 -9999.0 -9999.0 -9999.0 -9999.0 -9999.0 -9999.0 -9999.0 -9999.0 -9999.0 -9999.0 -9999.0 -9999.0 -9999.0 -9999.0 -9999.0 -9999.0 -9999.0 -9999.0 -9999.0 -9999.0 -9999.0 504.2 429.9 502.2 334.5 287.4 311.7 382.4 237.1 143.3 247.7 125.6 121.2 113.4 74.4 163.2 131.4 177.9 214.7 245.8 237.6 190.0 155.2
-9999.0 -9999.0 -9999.0 -9999.0 -9999.0 -9999.0 -9999.0 -9999.0 -9999.0 -9999.0 -9999.0 -9999.0 -9999.0 -9999.0 -9999.0 -9999.0 -9999.0 -9999.0 -9999.0 -9999.0 -9999.0 -9999.0 -9999.0 -9999.0 -9999.0 -9999.0 -9999.0 -9999.0 -9999.0 -9999.0 -9999.0 -9999.0 -9999.0 -9999.0 -9999.0 -9999.0 -9999.0 -9999.0 -9999.0 -9999.0 -9999.0 -9999.0 -9999.0 -9999.0 -9999.0 -9999.0 -9999.0 -9999.0 -9999.0 -9999.0 -9999.0 -9999.0 -9999.0 539.8 426.5 426.1 343.9 299.0 336.0 338.6 391.6 333.3 392.4 356.6 153.3 -9999.0 -9999.0 -9999.0 210.0 208.0 282.5 346.1 319.0 243.6 213.7
-9999.0 -9999.0 -9999.0 -9999.0 -9999.0 -9999.0 -9999.0 -9999.0 -9999.0 -9999.0 -9999.0 -9999.0 -9999.0 -9999.0 -9999.0 -9999.0 -9999.0 -9999.0 -9999.0 -9999.0 -9999.0 -9999.0 -9999.0 -9999.0 -9999.0 -9999.0 -9999.0 -9999.0 -9999.0 -9999.0 -9999.0 -9999.0 -9999.0 -9999.0 -9999.0 -9999.0 -9999.0 -9999.0 -9999.0 -9999.0 -9999.0 -9999.0 -9999.0 -9999.0 -9999.0 -9999.0 -9999.0 -9999.0 -9999.0 -9999.0 -9999.0 -9999.0 -9999.0 -9999.0 489.4 405.4 295.9 276.9 377.0 485.5 353.7 -9999.0 -9999.0 -9999.0 -9999.0 -9999.0 -9999.0 -9999.0 245.9 339.3 478.2 479.4 428.0 341.3 301.2
-9999.0 -9999.0 -9999.0 -9999.0 -9999.0 -9999.0 -9999.0 -9999.0 -9999.0 -9999.0 -9999.0 -9999.0 -9999.0 -9999.0 -9999.0 -9999.0 -9999.0 -9999.0 -9999.0 -9999.0 -9999.0 -9999.0 -9999.0 -9999.0 -9999.0 -9999.0 -9999.0 -9999.0 -9999.0 -9999.0 -9999.0 -9999.0 -9999.0 -9999.0 -9999.0 -9999.0 -9999.0 -9999.0 -9999.0 -9999.0 -9999.0 -9999.0 -9999.0 -9999.0 -9999.0 -9999.0 -9999.0 -9999.0 -9999.0 -9999.0 -9999.0 -9999.0 -9999.0 -9999.0 -9999.0 403.3 448.6 357.6 373.9 473.9 480.9 -9999.0 -9999.0 -9999.0 -9999.0 -9999.0 -9999.0 -9999.0 -9999.0 -9999.0 540.4 -9999.0 -9999.0 -9999.0 -9999.0
-9999.0 -9999.0 -9999.0 -9999.0 -9999.0 -9999.0 -9999.0 -9999.0 -9999.0 -9999.0 -9999.0 -9999.0 -9999.0 -9999.0 -9999.0 -9999.0 -9999.0 -9999.0 -9999.0 -9999.0 -9999.0 -9999.0 -9999.0 -9999.0 -9999.0 -9999.0 -9999.0 -9999.0 -9999.0 -9999.0 -9999.0 -9999.0 -9999.0 -9999.0 -9999.0 -9999.0 -9999.0 -9999.0 -9999.0 -9999.0 -9999.0 -9999.0 -9999.0 -9999.0 -9999.0 -9999.0 -9999.0 -9999.0 -9999.0 -9999.0 -9999.0 -9999.0 -9999.0 -9999.0 -9999.0 -9999.0 -9999.0 -9999.0 471.4 484.6 -9999.0 -9999.0 -9999.0 -9999.0 -9999.0 -9999.0 -9999.0 -9999.0 -9999.0 -9999.0 -9999.0 -9999.0 -9999.0 -9999.0 -9999.0
-9999.0 -9999.0 -9999.0 -9999.0 -9999.0 -9999.0 -9999.0 -9999.0 -9999.0 -9999.0 -9999.0 -9999.0 -9999.0 -9999.0 -9999.0 -9999.0 -9999.0 -9999.0 -9999.0 -9999.0 -9999.0 -9999.0 -9999.0 -9999.0 -9999.0 -9999.0 -9999.0 -9999.0 -9999.0 -9999.0 -9999.0 -9999.0 -9999.0 -9999.0 -9999.0 -9999.0 -9999.0 -9999.0 -9999.0 -9999.0 -9999.0 -9999.0 -9999.0 -9999.0 -9999.0 -9999.0 -9999.0 -9999.0 -9999.0 -9999.0 -9999.0 -9999.0 -9999.0 -9999.0 -9999.0 -9999.0 -9999.0 -9999.0 -9999.0 -9999.0 -9999.0 -9999.0 -9999.0 -9999.0 -9999.0 -9999.0 -9999.0 -9999.0 -9999.0 -9999.0 -9999.0 -9999.0 -9999.0 -9999.0 -9999.0
