program/excelProcessViaJava/data/SURF_CLI_CHN_PRE_MON_GRID_0.5-201306.txt
NCOLS      128
NROWS       72
XLLCORNER    72.000000000000    
YLLCORNER    18.000000000000    
CELLSIZE    0.50000000000000    
NODATA_VALUE   -9999.000    
[rows 34 to 67 of 72, columns 0 to 74 of 128]
-9999.0 -9999.0 -9999.0 -9999.0 0.8 1.2 0.2 1.2 0.1 0.1 4.1 0.4 1.4 1.6 9.3 9.1 9.5 13.1 19.0 26.6 31.6 34.1 31.7 16.7 4.2 1.8 4.7 5.0 6.3 7.6 9.5 10.2 13.9 16.0 17.3 19.3 19.3 20.4 18.8 15.3 16.9 9.6 7.9 6.3 5.5 4.5 3.3 2.2 1.8 2.2 4.4 12.4 37.3 45.4 52.2 60.7 70.3 83.2 92.4 66.1 80.4 49.4 39.0 38.0 34.5 34.0 51.4 58.1 64.9 74.0 70.9 79.6 82.5 77.6 71.5
-9999.0 -9999.0 -9999.0 -9999.0 -9999.0 -9999.0 -9999.0 0.7 0.2 0.7 0.1 0.1 0.9 0.7 0.9 11.5 6.4 13.7 19.0 17.0 7.8 3.3 2.9 3.7 4.3 4.8 4.3 4.7 5.7 6.1 8.2 10.6 13.4 15.4 17.2 20.1 21.6 23.3 26.2 28.4 20.7 32.6 30.2 20.9 12.5 6.9 7.2 4.9 5.8 3.8 5.5 12.7 27.5 55.1 55.4 50.2 57.5 66.2 85.0 74.5 82.6 56.4 46.9 45.3 46.9 43.8 59.7 80.5 86.6 86.2 78.9 79.9 78.0 65.9 54.7
-9999.0 -9999.0 -9999.0 -9999.0 -9999.0 -9999.0 -9999.0 0.0 1.5 0.3 0.1 0.5 0.4 0.1 0.7 0.1 1.3 2.1 0.8 3.5 4.5 2.4 3.8 3.9 4.7 4.8 5.5 4.7 7.4 9.3 9.5 11.7 14.4 15.8 19.7 22.1 24.7 27.3 29.9 31.5 33.8 34.8 37.0 48.7 29.9 18.3 21.0 20.9 34.9 26.7 49.8 44.3 30.5 39.9 54.7 45.7 55.4 69.2 79.7 82.7 79.6 77.7 69.6 66.9 57.4 54.7 68.8 95.2 107.9 89.0 76.0 68.6 59.8 44.4 34.2
-9999.0 -9999.0 -9999.0 -9999.0 -9999.0 -9999.0 -9999.0 -9999.0 -9999.0 0.4 0.6 1.0 0.3 0.5 1.0 2.0 1.1 0.2 1.2 0.6 1.9 4.3 4.9 5.1 5.6 6.5 6.2 7.0 9.6 8.6 14.0 15.0 17.3 18.9 23.0 25.5 28.1 31.1 33.9 37.8 39.3 43.2 43.2 41.3 47.6 47.9 48.9 47.6 49.0 48.0 53.7 45.4 39.7 38.6 52.8 46.7 55.6 68.3 76.6 77.1 76.9 78.4 80.2 78.6 69.1 62.5 78.3 109.7 118.1 95.7 73.7 51.3 41.9 30.4 21.1
-9999.0 -9999.0 -9999.0 -9999.0 -9999.0 -9999.0 -9999.0 -9999.0 -9999.0 -9999.0 -9999.0 0.4 4.2 0.5 1.3 1.1 1.8 2.9 3.8 3.2 2.0 4.2 4.1 6.0 3.3 5.6 5.7 7.1 9.4 12.6 15.1 15.3 20.2 22.5 25.8 26.9 31.4 35.0 41.5 43.6 49.9 50.4 49.7 49.7 67.0 58.1 79.9 70.1 75.5 69.1 53.9 50.4 47.1 50.3 58.6 55.3 60.8 70.7 73.4 71.6 71.1 72.8 78.2 78.5 70.8 61.8 84.5 113.7 123.0 109.3 72.4 47.3 31.2 25.8 32.3
-9999.0 -9999.0 -9999.0 -9999.0 -9999.0 -9999.0 -9999.0 -9999.0 -9999.0 -9999.0 -9999.0 -9999.0 5.4 6.4 1.5 4.1 0.8 3.3 3.7 1.2 7.4 6.0 5.9 7.7 1.8 7.5 10.4 8.8 11.8 11.3 17.2 20.7 23.3 23.8 26.6 30.4 33.2 38.4 42.6 46.2 50.0 53.5 56.3 64.9 68.5 77.5 90.3 78.0 82.5 81.0 90.1 78.5 60.9 51.3 54.9 61.7 68.9 78.2 71.0 73.3 66.9 68.2 67.6 67.0 63.3 65.6 65.7 97.9 123.1 123.7 67.1 28.3 24.4 27.3 25.6
-9999.0 -9999.0 -9999.0 -9999.0 -9999.0 -9999.0 -9999.0 -9999.0 -9999.0 -9999.0 -9999.0 -9999.0 1.0 13.8 18.4 5.6 15.1 10.8 4.2 5.9 6.6 5.1 6.2 9.4 13.2 11.1 12.3 17.1 16.8 21.9 21.5 21.4 26.1 28.7 29.9 33.3 35.7 40.9 46.3 51.0 53.8 57.5 70.3 66.4 81.3 97.4 88.4 86.3 71.2 89.9 85.8 88.1 70.0 70.8 58.2 69.4 72.8 83.1 79.7 76.3 71.6 68.1 68.2 68.6 56.6 58.4 73.1 114.0 138.0 135.0 125.9 116.8 94.4 47.3 34.6
-9999.0 -9999.0 -9999.0 -9999.0 -9999.0 -9999.0 -9999.0 -9999.0 -9999.0 -9999.0 -9999.0 -9999.0 -9999.0 11.4 4.6 25.3 12.6 19.0 19.6 17.5 12.7 16.3 9.1 15.8 14.3 8.7 10.4 10.4 16.7 21.7 28.8 32.5 29.4 30.8 35.5 36.2 38.6 42.7 50.9 55.7 60.9 69.4 74.9 91.0 88.7 87.0 102.4 115.3 119.3 114.2 110.9 94.5 87.5 118.3 99.0 91.1 90.0 102.6 117.6 109.9 103.4 87.8 80.0 60.4 62.2 62.2 80.3 141.0 170.8 162.9 109.6 90.4 88.9 74.9 65.8
-9999.0 -9999.0 -9999.0 -9999.0 -9999.0 -9999.0 -9999.0 -9999.0 -9999.0 -9999.0 -9999.0 -9999.0 15.7 6.4 10.4 25.3 9.2 16.8 17.0 29.9 26.7 23.3 17.8 18.8 20.2 12.2 16.0 21.7 25.6 28.3 34.4 42.2 34.9 39.2 37.3 38.7 39.0 44.8 49.8 55.4 68.7 84.7 101.8 89.9 104.4 113.3 109.4 100.3 114.7 123.5 148.2 161.7 127.3 132.9 114.2 111.7 126.8 113.3 136.5 134.6 134.1 126.5 100.0 91.7 69.5 79.7 227.1 222.2 191.1 176.8 173.2 151.6 128.8 114.4 108.3
-9999.0 -9999.0 -9999.0 -9999.0 -9999.0 -9999.0 -9999.0 -9999.0 -9999.0 -9999.0 -9999.0 -9999.0 13.4 46.7 36.8 7.6 12.3 37.2 36.4 22.8 35.4 22.4 21.4 21.1 25.0 27.5 27.9 31.0 34.7 42.9 49.1 50.7 44.6 51.1 46.8 42.0 44.1 47.0 52.4 57.0 64.1 72.8 84.5 99.6 114.3 130.3 156.7 157.2 156.4 120.4 136.8 174.4 148.7 134.1 130.4 119.9 140.8 156.9 158.9 174.1 173.4 163.7 110.1 85.4 85.0 204.3 170.4 234.2 193.9 173.8 175.1 175.6 171.2 169.8 149.8
-9999.0 -9999.0 -9999.0 -9999.0 -9999.0 -9999.0 -9999.0 -9999.0 -9999.0 -9999.0 -9999.0 -9999.0 73.3 29.7 64.4 51.7 51.9 20.4 34.6 31.5 16.0 14.3 25.1 18.7 23.5 17.6 24.2 21.7 41.1 48.6 56.9 51.2 64.8 65.2 56.7 48.0 47.5 51.9 58.9 64.2 72.2 81.4 107.4 95.9 125.8 161.5 181.8 168.2 138.8 150.7 171.7 160.0 233.0 228.8 186.9 122.8 155.4 175.5 187.4 171.1 167.9 156.9 171.0 103.4 151.8 318.5 275.0 206.7 155.4 156.5 172.7 192.6 197.4 194.8 169.4
-9999.0 -9999.0 -9999.0 -9999.0 -9999.0 -9999.0 -9999.0 -9999.0 -9999.0 -9999.0 -9999.0 -9999.0 -9999.0 16.6 25.6 62.9 53.5 59.0 35.3 27.9 11.7 26.8 19.2 16.4 28.4 26.7 31.2 38.7 38.9 58.5 54.0 65.9 67.9 73.8 62.7 50.0 51.4 62.6 70.5 79.8 89.0 108.6 130.9 142.2 132.3 145.7 176.2 130.9 190.5 190.3 162.1 221.7 204.4 153.2 208.4 202.1 138.2 154.8 188.1 220.9 200.3 229.8 170.3 123.4 308.7 343.9 278.8 193.8 157.0 152.9 175.5 181.7 197.8 156.6 180.8
-9999.0 -9999.0 -9999.0 -9999.0 -9999.0 -9999.0 -9999.0 -9999.0 -9999.0 -9999.0 -9999.0 -9999.0 -9999.0 131.5 39.1 75.7 36.0 73.9 62.9 45.9 18.8 18.8 17.0 21.1 38.5 31.7 31.8 43.4 46.3 33.2 47.9 60.6 78.0 76.5 64.1 60.7 67.1 77.7 85.5 92.1 109.0 123.4 139.4 152.4 181.7 164.8 168.4 128.3 151.2 162.6 202.5 142.8 201.3 226.8 236.2 207.2 156.1 165.8 203.2 142.8 206.7 138.0 155.7 236.8 289.3 305.4 248.1 193.7 171.4 180.4 184.3 178.7 172.5 185.1 198.5
-9999.0 -9999.0 -9999.0 -9999.0 -9999.0 -9999.0 -9999.0 -9999.0 -9999.0 -9999.0 -9999.0 -9999.0 -9999.0 -9999.0 -9999.0 85.3 93.6 67.9 74.5 77.0 34.8 43.6 41.6 34.2 28.9 30.5 18.8 30.4 25.8 47.7 50.8 64.7 59.7 66.9 72.6 65.6 70.1 98.3 106.1 113.2 117.9 132.1 146.9 155.2 138.1 117.1 148.3 89.3 144.2 79.4 143.1 227.4 172.6 181.2 90.7 184.2 190.4 112.1 226.1 238.7 148.5 161.6 198.8 206.5 227.4 235.1 214.4 194.4 191.9 198.1 187.9 166.2 201.3 219.8 230.9
-9999.0 -9999.0 -9999.0 -9999.0 -9999.0 -9999.0 -9999.0 -9999.0 -9999.0 -9999.0 -9999.0 -9999.0 -9999.0 -9999.0 -9999.0 -9999.0 -9999.0 295.4 182.8 -9999.0 119.0 49.0 66.1 57.7 34.0 35.2 20.4 29.2 41.6 36.1 50.1 69.9 54.4 85.0 88.5 77.5 76.4 111.8 110.6 114.1 117.9 126.7 138.8 144.6 118.1 113.0 72.7 161.9 89.9 128.6 55.4 117.8 53.8 169.0 188.2 199.5 169.0 226.7 229.4 239.3 153.1 160.2 150.8 154.1 165.7 177.4 181.1 182.2 191.4 198.4 158.4 199.4 212.0 201.4 264.7
-9999.0 -9999.0 -9999.0 -9999.0 -9999.0 -9999.0 -9999.0 -9999.0 -9999.0 -9999.0 -9999.0 -9999.0 -9999.0 -9999.0 -9999.0 -9999.0 -9999.0 -9999.0 -9999.0 -9999.0 -9999.0 91.9 60.8 30.6 42.2 62.2 53.8 48.1 42.4 52.1 51.3 78.6 82.7 81.2 80.4 74.1 83.8 96.8 105.1 105.1 101.8 108.9 121.2 129.8 117.7 123.0 74.6 84.0 160.5 268.1 113.7 200.4 194.7 106.8 150.3 198.3 211.2 199.4 254.6 233.2 164.6 162.6 114.3 113.7 129.9 152.5 165.8 173.1 164.0 159.9 148.8 179.1 172.5 154.8 194.6
-9999.0 -9999.0 -9999.0 -9999.0 -9999.0 -9999.0 -9999.0 -9999.0 -9999.0 -9999.0 -9999.0 -9999.0 -9999.0 -9999.0 -9999.0 -9999.0 -9999.0 -9999.0 -9999.0 -9999.0 -9999.0 -9999.0 -9999.0 155.3 72.7 69.5 62.2 50.6 34.5 46.6 45.2 49.3 45.3 59.4 60.0 65.2 70.2 76.9 73.5 71.8 73.9 84.8 93.0 103.2 108.1 85.4 87.2 77.4 61.6 53.7 71.6 151.3 87.1 120.0 112.4 90.8 175.1 213.4 183.1 226.5 219.7 221.0 201.2 131.1 137.9 150.2 161.6 163.4 186.6 140.1 176.2 152.9 138.5 155.9 133.2
-9999.0 -9999.0 -9999.0 -9999.0 -9999.0 -9999.0 -9999.0 -9999.0 -9999.0 -9999.0 -9999.0 -9999.0 -9999.0 -9999.0 -9999.0 -9999.0 -9999.0 -9999.0 -9999.0 -9999.0 -9999.0 -9999.0 -9999.0 -9999.0 -9999.0 205.6 103.4 25.2 28.9 23.0 35.7 52.7 59.6 54.8 57.2 54.1 53.3 53.7 50.7 44.1 51.7 55.5 81.5 88.4 90.4 82.8 81.7 71.3 94.2 68.5 135.9 113.6 142.5 133.8 77.9 89.1 141.6 154.0 195.9 207.1 221.7 227.3 219.9 135.4 150.0 157.3 169.6 204.3 218.6 205.9 146.1 127.3 97.8 137.8 142.4
-9999.0 -9999.0 -9999.0 -9999.0 -9999.0 -9999.0 -9999.0 -9999.0 -9999.0 -9999.0 -9999.0 -9999.0 -9999.0 -9999.0 -9999.0 -9999.0 -9999.0 -9999.0 -9999.0 -9999.0 -9999.0 -9999.0 -9999.0 -9999.0 -9999.0 -9999.0 -9999.0 207.6 186.2 84.9 73.3 70.3 39.6 69.6 48.6 77.2 40.4 35.3 39.4 26.6 28.5 41.3 68.7 79.9 80.6 78.3 74.5 72.2 70.7 74.5 72.5 74.0 91.4 76.8 75.9 99.1 101.4 134.1 167.8 187.7 219.9 204.5 187.4 177.1 173.6 166.7 166.4 161.0 155.7 147.7 124.5 136.7 91.9 118.8 114.5
-9999.0 -9999.0 -9999.0 -9999.0 -9999.0 -9999.0 -9999.0 -9999.0 -9999.0 -9999.0 -9999.0 -9999.0 -9999.0 -9999.0 -9999.0 -9999.0 -9999.0 -9999.0 -9999.0 -9999.0 -9999.0 -9999.0 -9999.0 -9999.0 -9999.0 -9999.0 -9999.0 -9999.0 -9999.0 -9999.0 -9999.0 -9999.0 -9999.0 89.9 46.0 -9999.0 -9999.0 -9999.0 47.2 23.7 37.1 50.7 52.2 69.6 70.8 71.6 -9999.0 -9999.0 -9999.0 -9999.0 -9999.0 -9999.0 76.6 97.2 64.8 76.8 103.7 142.1 163.8 193.3 195.4 178.4 173.1 164.2 160.3 158.9 166.0 179.7 171.2 139.2 118.4 133.0 131.7 107.4 132.7
-9999.0 -9999.0 -9999.0 -9999.0 -9999.0 -9999.0 -9999.0 -9999.0 -9999.0 -9999.0 -9999.0 -9999.0 -9999.0 -9999.0 -9999.0 -9999.0 -9999.0 -9999.0 -9999.0 -9999.0 -9999.0 -9999.0 -9999.0 -9999.0 -9999.0 -9999.0 -9999.0 -9999.0 -9999.0 -9999.0 -9999.0 -9999.0 -9999.0 -9999.0 -9999.0 -9999.0 -9999.0 -9999.0 -9999.0 62.0 58.4 57.9 58.7 60.3 -9999.0 -9999.0 -9999.0 -9999.0 -9999.0 -9999.0 -9999.0 -9999.0 82.9 104.9 83.3 81.6 106.2 143.8 181.1 196.2 186.1 159.2 142.5 144.4 148.0 156.1 173.6 181.1 177.0 193.8 186.0 167.0 137.9 145.4 147.2
-9999.0 -9999.0 -9999.0 -9999.0 -9999.0 -9999.0 -9999.0 -9999.0 -9999.0 -9999.0 -9999.0 -9999.0 -9999.0 -9999.0 -9999.0 -9999.0 -9999.0 -9999.0 -9999.0 -9999.0 -9999.0 -9999.0 -9999.0 -9999.0 -9999.0 -9999.0 -9999.0 -9999.0 -9999.0 -9999.0 -9999.0 -9999.0 -9999.0 -9999.0 -9999.0 -9999.0 -9999.0 -9999.0 -9999.0 -9999.0 -9999.0 -9999.0 -9999.0 -9999.0 -9999.0 -9999.0 -9999.0 -9999.0 -9999.0 -9999.0 -9999.0 -9999.0 68.3 112.6 91.1 103.6 100.3 133.1 175.6 193.6 177.8 147.3 137.1 135.8 152.0 168.7 174.8 172.2 179.7 204.9 223.8 223.0 231.4 197.6 193.8
-9999.0 -9999.0 -9999.0 -9999.0 -9999.0 -9999.0 -9999.0 -9999.0 -9999.0 -9999.0 -9999.0 -9999.0 -9999.0 -9999.0 -9999.0 -9999.0 -9999.0 -9999.0 -9999.0 -9999.0 -9999.0 -9999.0 -9999.0 -9999.0 -9999.0 -9999.0 -9999.0 -9999.0 -9999.0 -9999.0 -9999.0 -9999.0 -9999.0 -9999.0 -9999.0 -9999.0 -9999.0 -9999.0 -9999.0 -9999.0 -9999.0 -9999.0 -9999.0 -9999.0 -9999.0 -9999.0 -9999.0 -9999.0 -9999.0 -9999.0 -9999.0 103.8 101.4 113.7 62.0 76.0 82.8 127.3 164.1 156.6 158.2 132.7 125.4 141.0 168.4 186.2 159.4 125.7 164.4 206.2 249.9 264.1 246.9 253.5 273.8
-9999.0 -9999.0 -9999.0 -9999.0 -9999.0 -9999.0 -9999.0 -9999.0 -9999.0 -9999.0 -9999.0 -9999.0 -9999.0 -9999.0 -9999.0 -9999.0 -9999.0 -9999.0 -9999.0 -9999.0 -9999.0 -9999.0 -9999.0 -9999.0 -9999.0 -9999.0 -9999.0 -9999.0 -9999.0 -9999.0 -9999.0 -9999.0 -9999.0 -9999.0 -9999.0 -9999.0 -9999.0 -9999.0 -9999.0 -9999.0 -9999.0 -9999.0 -9999.0 -9999.0 -9999.0 -9999.0 -9999.0 -9999.0 -9999.0 -9999.0 101.1 141.0 133.8 118.4 77.8 74.0 59.8 75.2 133.1 158.4 143.2 118.4 117.8 141.1 177.6 173.4 150.8 122.5 160.8 207.0 254.1 245.3 253.3 292.2 301.9
-9999.0 -9999.0 -9999.0 -9999.0 -9999.0 -9999.0 -9999.0 -9999.0 -9999.0 -9999.0 -9999.0 -9999.0 -9999.0 -9999.0 -9999.0 -9999.0 -9999.0 -9999.0 -9999.0 -9999.0 -9999.0 -9999.0 -9999.0 -9999.0 -9999.0 -9999.0 -9999.0 -9999.0 -9999.0 -9999.0 -9999.0 -9999.0 -9999.0 -9999.0 -9999.0 -9999.0 -9999.0 -9999.0 -9999.0 -9999.0 -9999.0 -9999.0 -9999.0 -9999.0 -9999.0 -9999.0 -9999.0 -9999.0 -9999.0 -9999.0 109.9 171.8 175.6 142.4 110.9 78.6 70.3 98.7 124.0 123.0 110.1 102.1 108.9 136.0 166.2 135.9 124.5 124.0 160.5 201.8 230.3 232.4 241.1 270.7 272.9
-9999.0 -9999.0 -9999.0 -9999.0 -9999.0 -9999.0 -9999.0 -9999.0 -9999.0 -9999.0 -9999.0 -9999.0 -9999.0 -9999.0 -9999.0 -9999.0 -9999.0 -9999.0 -9999.0 -9999.0 -9999.0 -9999.0 -9999.0 -9999.0 -9999.0 -9999.0 -9999.0 -9999.0 -9999.0 -9999.0 -9999.0 -9999.0 -9999.0 -9999.0 -9999.0 -9999.0 -9999.0 -9999.0 -9999.0 -9999.0 -9999.0 -9999.0 -9999.0 -9999.0 -9999.0 -9999.0 -9999.0 -9999.0 -9999.0 -9999.0 106.3 167.8 194.5 186.8 157.6 119.7 119.9 101.2 119.6 94.8 99.0 96.9 101.1 121.6 144.9 146.2 132.5 142.6 168.6 196.2 206.0 234.8 222.9 236.0 204.3
-9999.0 -9999.0 -9999.0 -9999.0 -9999.0 -9999.0 -9999.0 -9999.0 -9999.0 -9999.0 -9999.0 -9999.0 -9999.0 -9999.0 -9999.0 -9999.0 -9999.0 -9999.0 -9999.0 -9999.0 -9999.0 -9999.0 -9999.0 -9999.0 -9999.0 -9999.0 -9999.0 -9999.0 -9999.0 -9999.0 -9999.0 -9999.0 -9999.0 -9999.0 -9999.0 -9999.0 -9999.0 -9999.0 -9999.0 -9999.0 -9999.0 -9999.0 -9999.0 -9999.0 -9999.0 -9999.0 -9999.0 -9999.0 -9999.0 -9999.0 140.0 204.6 226.7 236.7 209.1 172.9 123.6 117.7 118.6 106.9 117.9 108.5 108.9 117.4 132.8 142.9 149.0 153.0 159.9 158.7 170.7 198.2 222.8 205.6 165.0
-9999.0 -9999.0 -9999.0 -9999.0 -9999.0 -9999.0 -9999.0 -9999.0 -9999.0 -9999.0 -9999.0 -9999.0 -9999.0 -9999.0 -9999.0 -9999.0 -9999.0 -9999.0 -9999.0 -9999.0 -9999.0 -9999.0 -9999.0 -9999.0 -9999.0 -9999.0 -9999.0 -9999.0 -9999.0 -9999.0 -9999.0 -9999.0 -9999.0 -9999.0 -9999.0 -9999.0 -9999.0 -9999.0 -9999.0 -9999.0 -9999.0 -9999.0 -9999.0 -9999.0 -9999.0 -9999.0 -9999.0 -9999.0 -9999.0 -9999.0 -9999.0 -9999.0 -9999.0 251.9 239.1 195.1 153.1 140.0 117.2 142.4 202.8 140.7 144.7 134.8 134.7 135.8 140.0 136.3 128.0 115.7 120.3 165.3 208.4 195.7 160.1
-9999.0 -9999.0 -9999.0 -9999.0 -9999.0 -9999.0 -9999.0 -9999.0 -9999.0 -9999.0 -9999.0 -9999.0 -9999.0 -9999.0 -9999.0 -9999.0 -9999.0 -9999.0 -9999.0 -9999.0 -9999.0 -9999.0 -9999.0 -9999.0 -9999.0 -9999.0 -9999.0 -9999.0 -9999.0 -9999.0 -9999.0 -9999.0 -9999.0 -9999.0 -9999.0 -9999.0 -9999.0 -9999.0 -9999.0 -9999.0 -9999.0 -9999.0 -9999.0 -9999.0 -9999.0 -9999.0 -9999.0 -9999.0 -9999.0 -9999.0 -9999.0 -9999.0 -9999.0 256.5 236.3 244.0 162.4 130.5 160.6 244.1 224.7 199.8 202.3 181.9 161.6 143.5 132.7 116.3 89.9 76.3 89.1 148.6 204.6 202.8 165.7
-9999.0 -9999.0 -9999.0 -9999.0 -9999.0 -9999.0 -9999.0 -9999.0 -9999.0 -9999.0 -9999.0 -9999.0 -9999.0 -9999.0 -9999.0 -9999.0 -9999.0 -9999.0 -9999.0 -9999.0 -9999.0 -9999.0 -9999.0 -9999.0 -9999.0 -9999.0 -9999.0 -9999.0 -9999.0 -9999.0 -9999.0 -9999.0 -9999.0 -9999.0 -9999.0 -9999.0 -9999.0 -9999.0 -9999.0 -9999.0 -9999.0 -9999.0 -9999.0 -9999.0 -9999.0 -9999.0 -9999.0 -9999.0 -9999.0 -9999.0 -9999.0 -9999.0 -9999.0 254.3 210.1 228.4 188.0 163.1 199.0 244.5 300.3 280.6 267.0 224.7 199.2 -9999.0 -9999.0 -9999.0 81.4 76.0 102.5 162.1 217.1 215.3 174.3
-9999.0 -9999.0 -9999.0 -9999.0 -9999.0 -9999.0 -9999.0 -9999.0 -9999.0 -9999.0 -9999.0 -9999.0 -9999.0 -9999.0 -9999.0 -9999.0 -9999.0 -9999.0 -9999.0 -9999.0 -9999.0 -9999.0 -9999.0 -9999.0 -9999.0 -9999.0 -9999.0 -9999.0 -9999.0 -9999.0 -9999.0 -9999.0 -9999.0 -9999.0 -9999.0 -9999.0 -9999.0 -9999.0 -9999.0 -9999.0 -9999.0 -9999.0 -9999.0 -9999.0 -9999.0 -9999.0 -9999.0 -9999.0 -9999.0 -9999.0 -9999.0 -9999.0 -9999.0 -9999.0 244.6 225.7 179.1 173.4 242.4 317.4 284.5 -9999.0 -9999.0 -9999.0 -9999.0 -9999.0 -9999.0 -9999.0 94.0 98.1 128.8 203.1 247.8 228.5 186.6
-9999.0 -9999.0 -9999.0 -9999.0 -9999.0 -9999.0 -9999.0 -9999.0 -9999.0 -9999.0 -9999.0 -9999.0 -9999.0 -9999.0 -9999.0 -9999.0 -9999.0 -9999.0 -9999.0 -9999.0 -9999.0 -9999.0 -9999.0 -9999.0 -9999.0 -9999.0 -9999.0 -9999.0 -9999.0 -9999.0 -9999.0 -9999.0 -9999.0 -9999.0 -9999.0 -9999.0 -9999.0 -9999.0 -9999.0 -9999.0 -9999.0 -9999.0 -9999.0 -9999.0 -9999.0 -9999.0 -9999.0 -9999.0 -9999.0 -9999.0 -9999.0 -9999.0 -9999.0 -9999.0 -9999.0 224.4 270.9 232.4 246.9 310.8 325.6 -9999.0 -9999.0 -9999.0 -9999.0 -9999.0 -9999.0 -9999.0 -9999.0 -9999.0 170.3 -9999.0 -9999.0 -9999.0 -9999.0
-9999.0 -9999.0 -9999.0 -9999.0 -9999.0 -9999.0 -9999.0 -9999.0 -9999.0 -9999.0 -9999.0 -9999.0 -9999.0 -9999.0 -9999.0 -9999.0 -9999.0 -9999.0 -9999.0 -9999.0 -9999.0 -9999.0 -9999.0 -9999.0 -9999.0 -9999.0 -9999.0 -9999.0 -9999.0 -9999.0 -9999.0 -9999.0 -9999.0 -9999.0 -9999.0 -9999.0 -9999.0 -9999.0 -9999.0 -9999.0 -9999.0 -9999.0 -9999.0 -9999.0 -9999.0 -9999.0 -9999.0 -9999.0 -9999.0 -9999.0 -9999.0 -9999.0 -9999.0 -9999.0 -9999.0 -9999.0 -9999.0 -9999.0 292.5 303.5 -9999.0 -9999.0 -9999.0 -9999.0 -9999.0 -9999.0 -9999.0 -9999.0 -9999.0 -9999.0 -9999.0 -9999.0 -9999.0 -9999.0 -9999.0
-9999.0 -9999.0 -9999.0 -9999.0 -9999.0 -9999.0 -9999.0 -9999.0 -9999.0 -9999.0 -9999.0 -9999.0 -9999.0 -9999.0 -9999.0 -9999.0 -9999.0 -9999.0 -9999.0 -9999.0 -9999.0 -9999.0 -9999.0 -9999.0 -9999.0 -9999.0 -9999.0 -9999.0 -9999.0 -9999.0 -9999.0 -9999.0 -9999.0 -9999.0 -9999.0 -9999.0 -9999.0 -9999.0 -9999.0 -9999.0 -9999.0 -9999.0 -9999.0 -9999.0 -9999.0 -9999.0 -9999.0 -9999.0 -9999.0 -9999.0 -9999.0 -9999.0 -9999.0 -9999.0 -9999.0 -9999.0 -9999.0 -9999.0 -9999.0 -9999.0 -9999.0 -9999.0 -9999.0 -9999.0 -9999.0 -9999.0 -9999.0 -9999.0 -9999.0 -9999.0 -9999.0 -9999.0 -9999.0 -9999.0 -9999.0
