program/excelProcessViaJava/data/SURF_CLI_CHN_PRE_MON_GRID_0.5-200706.txt
NCOLS      128
NROWS       72
XLLCORNER    72.000000000000    
YLLCORNER    18.000000000000    
CELLSIZE    0.50000000000000    
NODATA_VALUE   -9999.000    
[rows 34 to 67 of 72, columns 0 to 74 of 128]
-9999.0 -9999.0 -9999.0 -9999.0 17.4 16.1 22.1 17.1 23.5 21.7 15.9 17.7 15.4 14.0 12.8 11.8 12.1 14.6 20.1 24.3 22.0 19.1 15.9 9.9 7.7 9.5 10.1 12.3 15.1 18.6 22.6 27.7 30.7 33.7 36.3 34.7 38.3 42.5 29.4 17.9 26.5 9.5 9.1 8.1 10.2 13.0 15.7 19.2 25.3 39.9 57.7 84.2 134.2 116.5 97.0 87.4 84.2 94.7 108.9 102.7 95.4 71.9 65.6 70.2 80.7 82.9 80.9 70.6 62.3 67.4 61.2 71.9 80.9 82.3 73.2
-9999.0 -9999.0 -9999.0 -9999.0 -9999.0 -9999.0 -9999.0 15.4 17.3 15.9 17.1 15.5 13.6 12.3 11.0 13.3 11.5 15.0 18.0 14.8 9.2 7.3 7.2 7.6 8.3 9.3 10.8 13.1 15.9 19.9 23.7 27.6 31.2 35.2 39.5 37.9 44.2 40.8 49.9 52.6 26.1 64.7 62.1 44.0 29.2 18.2 30.5 30.5 47.7 40.8 49.8 74.2 107.0 144.5 126.5 91.9 87.0 93.9 114.3 110.5 100.5 81.2 82.2 92.4 95.3 93.0 83.5 76.4 64.5 61.3 57.4 67.7 83.6 87.0 79.2
-9999.0 -9999.0 -9999.0 -9999.0 -9999.0 -9999.0 -9999.0 15.6 12.1 13.4 13.1 11.9 10.9 9.9 8.9 8.0 7.8 7.6 6.6 7.5 7.7 7.0 7.5 7.9 8.7 9.8 11.3 13.6 16.1 19.1 23.3 27.3 30.9 36.6 37.1 39.8 39.3 45.0 45.5 43.7 48.0 51.6 62.2 100.7 61.5 41.5 60.5 73.1 126.7 113.3 170.3 150.7 109.6 120.7 136.8 110.1 110.3 120.5 128.2 123.1 108.9 95.0 94.7 103.2 105.6 95.7 85.2 77.5 76.1 54.9 56.7 69.8 84.4 89.0 78.4
-9999.0 -9999.0 -9999.0 -9999.0 -9999.0 -9999.0 -9999.0 -9999.0 -9999.0 9.9 9.5 9.0 8.2 7.4 7.0 6.8 6.0 5.6 5.8 5.6 6.2 7.1 7.6 8.2 9.1 10.3 11.7 13.8 16.2 19.6 22.1 25.8 29.3 34.0 34.4 36.7 37.9 42.4 41.2 46.3 44.9 55.0 58.7 61.6 84.8 95.4 108.8 118.8 136.3 144.6 160.3 136.0 117.3 113.7 139.5 129.0 131.2 141.9 148.9 139.0 124.4 108.4 93.8 98.0 96.1 91.6 86.5 82.9 84.6 63.8 65.5 72.0 84.8 90.0 88.6
-9999.0 -9999.0 -9999.0 -9999.0 -9999.0 -9999.0 -9999.0 -9999.0 -9999.0 -9999.0 -9999.0 6.3 6.3 5.2 4.9 4.6 4.6 4.9 5.3 5.4 5.5 6.5 7.1 8.3 8.8 10.3 11.9 14.0 16.4 19.0 21.9 26.2 28.1 31.6 33.7 42.9 40.0 42.8 62.9 48.3 59.0 55.9 57.6 64.6 109.7 98.3 155.1 143.9 170.7 168.9 138.7 127.2 116.9 126.5 146.8 149.3 158.7 171.1 168.2 157.6 142.6 117.9 95.9 85.8 82.1 79.4 80.6 90.0 91.4 85.4 77.4 81.6 84.7 83.8 66.7
-9999.0 -9999.0 -9999.0 -9999.0 -9999.0 -9999.0 -9999.0 -9999.0 -9999.0 -9999.0 -9999.0 -9999.0 4.0 3.9 3.3 3.4 3.2 3.6 4.0 4.1 5.8 6.2 7.0 8.3 8.9 10.6 12.4 14.1 16.3 19.5 21.5 24.1 27.0 32.2 36.4 38.8 52.2 46.8 44.8 43.1 45.2 51.3 60.7 84.1 98.7 123.3 155.4 138.0 160.4 170.2 190.3 160.4 122.8 111.4 130.5 152.8 170.3 183.4 173.1 175.2 153.9 129.3 103.8 83.5 71.9 77.4 80.6 97.9 107.3 106.9 83.2 65.7 63.4 64.7 71.6
-9999.0 -9999.0 -9999.0 -9999.0 -9999.0 -9999.0 -9999.0 -9999.0 -9999.0 -9999.0 -9999.0 -9999.0 2.3 2.6 2.9 2.2 3.0 3.1 3.1 3.9 4.7 5.5 6.6 8.3 10.1 11.0 12.5 14.6 16.3 18.3 20.7 24.3 26.1 28.8 33.7 36.5 48.4 54.9 54.6 53.6 49.8 54.7 83.1 79.5 113.6 149.0 138.6 139.6 119.5 159.4 148.6 141.0 105.6 114.8 110.6 142.3 156.2 174.1 170.1 164.8 147.3 123.2 103.5 87.7 65.4 73.0 72.4 92.8 109.0 116.1 119.3 126.4 124.6 99.2 96.8
-9999.0 -9999.0 -9999.0 -9999.0 -9999.0 -9999.0 -9999.0 -9999.0 -9999.0 -9999.0 -9999.0 -9999.0 -9999.0 1.3 1.3 1.9 1.7 2.5 3.3 4.1 4.7 6.3 6.6 8.9 9.9 10.7 12.5 14.7 16.5 18.4 20.0 21.5 25.2 28.1 28.0 32.9 39.8 50.3 77.9 69.0 68.5 80.1 86.8 117.4 116.5 120.2 148.0 168.0 173.1 161.1 144.3 104.8 89.9 140.5 128.3 132.6 139.4 157.0 168.8 157.9 141.3 117.1 100.2 78.8 62.1 72.6 91.4 107.8 123.5 119.7 86.9 85.3 104.4 110.8 122.3
-9999.0 -9999.0 -9999.0 -9999.0 -9999.0 -9999.0 -9999.0 -9999.0 -9999.0 -9999.0 -9999.0 -9999.0 0.8 0.8 0.9 1.1 1.1 1.6 2.3 4.1 5.2 6.3 7.2 8.8 10.5 11.1 13.0 15.0 16.8 18.5 19.9 20.7 23.7 23.5 26.3 28.4 40.0 41.9 49.9 59.1 86.7 111.2 134.1 103.1 125.6 138.8 133.7 118.8 130.0 130.4 145.7 148.2 97.3 111.1 102.2 111.6 134.7 113.2 137.5 129.4 124.1 114.4 98.4 89.7 83.4 89.2 81.9 105.4 142.4 169.1 171.5 147.5 118.8 93.4 95.6
-9999.0 -9999.0 -9999.0 -9999.0 -9999.0 -9999.0 -9999.0 -9999.0 -9999.0 -9999.0 -9999.0 -9999.0 0.5 0.7 0.7 0.8 0.9 1.6 2.4 2.9 5.0 5.6 7.1 8.7 10.8 12.7 14.3 16.0 17.6 19.2 20.2 20.8 22.1 20.5 20.5 22.9 25.7 35.2 43.7 45.8 58.5 68.0 83.3 102.9 119.0 133.9 159.5 150.4 140.2 93.3 94.7 118.7 86.7 77.7 82.9 81.4 105.2 119.1 115.5 126.4 123.4 115.6 103.1 98.1 97.2 90.4 117.5 113.6 134.6 167.9 188.9 185.9 174.9 199.4 200.7
-9999.0 -9999.0 -9999.0 -9999.0 -9999.0 -9999.0 -9999.0 -9999.0 -9999.0 -9999.0 -9999.0 -9999.0 0.4 0.4 0.6 0.7 0.9 1.1 1.9 2.8 3.5 4.8 7.0 8.4 10.5 12.2 14.5 16.6 18.8 20.4 21.5 22.4 21.6 20.3 18.7 18.4 20.5 26.5 32.4 46.7 54.6 60.9 105.5 81.2 114.0 148.6 159.9 130.5 97.1 99.4 103.6 84.0 146.3 143.5 107.2 65.7 90.5 106.8 115.9 112.2 116.5 115.7 110.0 112.5 106.1 78.4 97.4 129.8 178.3 218.7 244.3 281.1 278.0 294.2 296.5
-9999.0 -9999.0 -9999.0 -9999.0 -9999.0 -9999.0 -9999.0 -9999.0 -9999.0 -9999.0 -9999.0 -9999.0 -9999.0 0.3 0.4 0.6 0.8 1.2 1.6 2.4 3.4 5.1 6.5 8.4 10.9 13.0 15.5 18.0 20.0 22.3 23.4 24.2 24.2 22.8 20.3 21.1 21.7 22.1 29.4 37.8 52.9 95.2 125.1 130.2 110.2 116.0 136.6 91.8 130.3 119.7 90.0 120.8 102.4 72.1 108.9 107.0 73.0 88.1 110.2 127.2 124.7 126.4 118.0 128.1 81.3 85.3 108.0 157.7 223.0 300.7 322.8 303.5 337.0 238.1 309.6
-9999.0 -9999.0 -9999.0 -9999.0 -9999.0 -9999.0 -9999.0 -9999.0 -9999.0 -9999.0 -9999.0 -9999.0 -9999.0 0.2 0.3 0.5 0.6 1.1 1.7 2.5 3.3 4.8 6.5 8.5 11.3 13.5 16.2 19.1 21.6 24.3 25.9 27.3 28.2 27.4 25.5 23.9 22.1 23.8 32.2 58.3 62.8 89.3 114.8 131.2 164.0 134.8 130.7 102.1 106.4 101.3 111.6 69.7 97.7 115.0 122.5 104.2 82.2 95.6 118.3 129.4 134.5 148.9 147.6 98.3 87.7 98.4 133.6 191.5 268.8 326.8 338.4 318.4 301.4 328.6 345.6
-9999.0 -9999.0 -9999.0 -9999.0 -9999.0 -9999.0 -9999.0 -9999.0 -9999.0 -9999.0 -9999.0 -9999.0 -9999.0 -9999.0 -9999.0 0.3 0.6 0.9 1.5 2.5 3.2 4.8 6.6 8.5 10.9 13.7 16.9 19.9 23.3 25.9 28.3 30.7 31.8 32.5 32.7 31.8 33.5 31.5 35.9 48.4 73.4 98.5 118.6 129.9 121.8 118.2 124.3 101.0 105.0 65.5 75.7 118.5 82.0 89.1 51.6 92.4 98.5 93.8 129.4 140.2 169.2 161.0 131.0 107.7 93.9 109.7 152.4 206.4 261.0 304.7 300.1 275.0 345.0 366.4 330.2
-9999.0 -9999.0 -9999.0 -9999.0 -9999.0 -9999.0 -9999.0 -9999.0 -9999.0 -9999.0 -9999.0 -9999.0 -9999.0 -9999.0 -9999.0 -9999.0 -9999.0 1.2 1.7 -9999.0 3.6 4.2 6.1 8.1 10.5 13.4 17.0 20.4 24.0 27.4 30.5 34.5 34.9 44.2 53.4 43.6 39.3 51.2 44.9 54.0 70.1 94.7 109.9 120.3 139.4 128.1 174.6 125.9 85.3 81.4 43.4 53.7 35.1 84.2 94.8 100.5 91.0 122.3 135.4 149.2 155.5 153.1 135.5 106.2 99.6 123.6 169.2 217.2 238.5 252.1 223.4 310.8 333.8 298.2 317.0
-9999.0 -9999.0 -9999.0 -9999.0 -9999.0 -9999.0 -9999.0 -9999.0 -9999.0 -9999.0 -9999.0 -9999.0 -9999.0 -9999.0 -9999.0 -9999.0 -9999.0 -9999.0 -9999.0 -9999.0 -9999.0 3.5 5.0 7.1 9.4 12.2 15.7 19.7 24.1 28.3 31.9 37.7 44.5 51.6 65.3 55.9 57.0 56.5 60.4 71.4 75.2 85.5 102.0 112.2 147.8 122.0 228.9 109.0 113.7 196.2 60.5 104.2 97.1 51.2 74.1 100.4 109.6 113.1 144.0 157.4 153.9 157.5 139.1 108.3 94.2 117.9 163.8 206.6 205.2 212.0 225.9 278.6 273.4 227.6 207.5
-9999.0 -9999.0 -9999.0 -9999.0 -9999.0 -9999.0 -9999.0 -9999.0 -9999.0 -9999.0 -9999.0 -9999.0 -9999.0 -9999.0 -9999.0 -9999.0 -9999.0 -9999.0 -9999.0 -9999.0 -9999.0 -9999.0 -9999.0 5.5 7.5 10.2 13.5 17.8 22.4 27.3 31.1 34.2 35.0 43.1 45.1 51.0 49.5 58.9 53.7 57.7 64.6 78.2 85.8 102.7 154.6 287.1 165.1 129.3 122.1 100.8 54.0 76.6 43.4 55.9 51.0 41.0 91.5 120.7 129.2 156.8 188.8 180.5 143.4 100.2 84.5 98.2 135.4 178.5 229.0 212.9 260.2 254.4 233.1 219.4 184.1
-9999.0 -9999.0 -9999.0 -9999.0 -9999.0 -9999.0 -9999.0 -9999.0 -9999.0 -9999.0 -9999.0 -9999.0 -9999.0 -9999.0 -9999.0 -9999.0 -9999.0 -9999.0 -9999.0 -9999.0 -9999.0 -9999.0 -9999.0 -9999.0 -9999.0 7.8 9.9 15.5 19.0 22.3 26.1 31.0 36.2 38.7 50.3 44.4 43.4 55.3 52.1 57.1 62.4 67.5 142.9 145.7 263.6 321.3 259.6 327.5 97.6 102.3 83.7 63.3 73.5 66.3 36.0 41.3 76.0 90.8 128.5 153.0 188.8 200.5 165.5 87.5 69.5 81.9 120.1 181.4 221.5 236.3 227.7 225.4 193.3 197.4 192.9
-9999.0 -9999.0 -9999.0 -9999.0 -9999.0 -9999.0 -9999.0 -9999.0 -9999.0 -9999.0 -9999.0 -9999.0 -9999.0 -9999.0 -9999.0 -9999.0 -9999.0 -9999.0 -9999.0 -9999.0 -9999.0 -9999.0 -9999.0 -9999.0 -9999.0 -9999.0 -9999.0 11.5 16.3 17.4 21.9 26.7 24.5 43.6 36.4 83.1 55.2 59.5 80.3 61.1 59.3 82.1 172.5 273.5 308.5 346.9 369.3 365.9 345.2 184.9 220.3 171.2 58.5 47.1 40.5 53.4 57.7 78.6 118.4 145.6 201.0 205.3 155.1 101.8 86.8 83.1 124.6 166.1 188.3 188.8 193.9 215.6 191.3 189.8 195.9
-9999.0 -9999.0 -9999.0 -9999.0 -9999.0 -9999.0 -9999.0 -9999.0 -9999.0 -9999.0 -9999.0 -9999.0 -9999.0 -9999.0 -9999.0 -9999.0 -9999.0 -9999.0 -9999.0 -9999.0 -9999.0 -9999.0 -9999.0 -9999.0 -9999.0 -9999.0 -9999.0 -9999.0 -9999.0 -9999.0 -9999.0 -9999.0 -9999.0 48.0 33.4 -9999.0 -9999.0 -9999.0 111.9 77.1 116.3 166.0 165.2 301.2 348.4 370.2 -9999.0 -9999.0 -9999.0 -9999.0 -9999.0 -9999.0 87.5 60.5 47.3 53.3 68.0 77.6 96.5 123.0 168.5 191.4 166.5 125.4 104.4 118.0 162.5 207.2 215.5 192.7 196.1 225.3 231.5 210.6 215.3
-9999.0 -9999.0 -9999.0 -9999.0 -9999.0 -9999.0 -9999.0 -9999.0 -9999.0 -9999.0 -9999.0 -9999.0 -9999.0 -9999.0 -9999.0 -9999.0 -9999.0 -9999.0 -9999.0 -9999.0 -9999.0 -9999.0 -9999.0 -9999.0 -9999.0 -9999.0 -9999.0 -9999.0 -9999.0 -9999.0 -9999.0 -9999.0 -9999.0 -9999.0 -9999.0 -9999.0 -9999.0 -9999.0 -9999.0 184.9 213.3 246.9 282.3 316.6 -9999.0 -9999.0 -9999.0 -9999.0 -9999.0 -9999.0 -9999.0 -9999.0 94.3 74.8 56.6 57.8 70.0 69.9 71.5 92.3 127.8 162.2 167.0 152.3 162.0 196.7 247.6 289.5 278.0 263.2 258.7 270.5 262.9 270.0 270.7
-9999.0 -9999.0 -9999.0 -9999.0 -9999.0 -9999.0 -9999.0 -9999.0 -9999.0 -9999.0 -9999.0 -9999.0 -9999.0 -9999.0 -9999.0 -9999.0 -9999.0 -9999.0 -9999.0 -9999.0 -9999.0 -9999.0 -9999.0 -9999.0 -9999.0 -9999.0 -9999.0 -9999.0 -9999.0 -9999.0 -9999.0 -9999.0 -9999.0 -9999.0 -9999.0 -9999.0 -9999.0 -9999.0 -9999.0 -9999.0 -9999.0 -9999.0 -9999.0 -9999.0 -9999.0 -9999.0 -9999.0 -9999.0 -9999.0 -9999.0 -9999.0 -9999.0 154.8 91.5 64.1 73.6 62.9 62.8 64.2 81.9 101.7 130.5 173.5 174.6 219.0 302.6 375.6 387.1 355.3 316.8 296.9 298.8 319.5 318.6 327.4
-9999.0 -9999.0 -9999.0 -9999.0 -9999.0 -9999.0 -9999.0 -9999.0 -9999.0 -9999.0 -9999.0 -9999.0 -9999.0 -9999.0 -9999.0 -9999.0 -9999.0 -9999.0 -9999.0 -9999.0 -9999.0 -9999.0 -9999.0 -9999.0 -9999.0 -9999.0 -9999.0 -9999.0 -9999.0 -9999.0 -9999.0 -9999.0 -9999.0 -9999.0 -9999.0 -9999.0 -9999.0 -9999.0 -9999.0 -9999.0 -9999.0 -9999.0 -9999.0 -9999.0 -9999.0 -9999.0 -9999.0 -9999.0 -9999.0 -9999.0 -9999.0 248.6 150.2 104.6 48.0 51.8 51.7 66.9 63.9 57.8 109.9 126.9 135.0 177.8 258.8 373.7 437.0 406.0 387.6 331.4 288.9 268.4 261.7 306.1 368.6
-9999.0 -9999.0 -9999.0 -9999.0 -9999.0 -9999.0 -9999.0 -9999.0 -9999.0 -9999.0 -9999.0 -9999.0 -9999.0 -9999.0 -9999.0 -9999.0 -9999.0 -9999.0 -9999.0 -9999.0 -9999.0 -9999.0 -9999.0 -9999.0 -9999.0 -9999.0 -9999.0 -9999.0 -9999.0 -9999.0 -9999.0 -9999.0 -9999.0 -9999.0 -9999.0 -9999.0 -9999.0 -9999.0 -9999.0 -9999.0 -9999.0 -9999.0 -9999.0 -9999.0 -9999.0 -9999.0 -9999.0 -9999.0 -9999.0 -9999.0 318.8 272.6 188.2 126.6 70.8 59.3 45.2 47.1 59.1 81.1 88.0 117.9 133.3 184.0 284.8 383.8 411.7 413.3 362.9 319.0 267.0 220.7 242.9 330.0 403.1
-9999.0 -9999.0 -9999.0 -9999.0 -9999.0 -9999.0 -9999.0 -9999.0 -9999.0 -9999.0 -9999.0 -9999.0 -9999.0 -9999.0 -9999.0 -9999.0 -9999.0 -9999.0 -9999.0 -9999.0 -9999.0 -9999.0 -9999.0 -9999.0 -9999.0 -9999.0 -9999.0 -9999.0 -9999.0 -9999.0 -9999.0 -9999.0 -9999.0 -9999.0 -9999.0 -9999.0 -9999.0 -9999.0 -9999.0 -9999.0 -9999.0 -9999.0 -9999.0 -9999.0 -9999.0 -9999.0 -9999.0 -9999.0 -9999.0 -9999.0 311.9 299.1 245.1 163.9 111.3 73.2 63.9 72.6 76.3 67.7 67.4 91.3 121.3 184.5 270.0 296.0 329.1 355.6 334.0 311.9 275.3 249.8 272.9 351.5 424.9
-9999.0 -9999.0 -9999.0 -9999.0 -9999.0 -9999.0 -9999.0 -9999.0 -9999.0 -9999.0 -9999.0 -9999.0 -9999.0 -9999.0 -9999.0 -9999.0 -9999.0 -9999.0 -9999.0 -9999.0 -9999.0 -9999.0 -9999.0 -9999.0 -9999.0 -9999.0 -9999.0 -9999.0 -9999.0 -9999.0 -9999.0 -9999.0 -9999.0 -9999.0 -9999.0 -9999.0 -9999.0 -9999.0 -9999.0 -9999.0 -9999.0 -9999.0 -9999.0 -9999.0 -9999.0 -9999.0 -9999.0 -9999.0 -9999.0 -9999.0 274.7 296.8 244.2 213.8 140.4 105.8 117.3 94.0 97.3 62.6 70.4 91.5 112.5 149.4 214.8 245.5 256.2 289.7 306.5 290.7 296.8 278.0 307.4 343.6 381.9
-9999.0 -9999.0 -9999.0 -9999.0 -9999.0 -9999.0 -9999.0 -9999.0 -9999.0 -9999.0 -9999.0 -9999.0 -9999.0 -9999.0 -9999.0 -9999.0 -9999.0 -9999.0 -9999.0 -9999.0 -9999.0 -9999.0 -9999.0 -9999.0 -9999.0 -9999.0 -9999.0 -9999.0 -9999.0 -9999.0 -9999.0 -9999.0 -9999.0 -9999.0 -9999.0 -9999.0 -9999.0 -9999.0 -9999.0 -9999.0 -9999.0 -9999.0 -9999.0 -9999.0 -9999.0 -9999.0 -9999.0 -9999.0 -9999.0 -9999.0 304.2 319.2 268.4 234.1 187.1 170.3 114.1 123.6 117.0 88.1 105.4 101.9 90.2 134.9 188.4 221.6 249.8 267.5 288.3 274.8 279.3 277.4 283.4 290.4 306.3
-9999.0 -9999.0 -9999.0 -9999.0 -9999.0 -9999.0 -9999.0 -9999.0 -9999.0 -9999.0 -9999.0 -9999.0 -9999.0 -9999.0 -9999.0 -9999.0 -9999.0 -9999.0 -9999.0 -9999.0 -9999.0 -9999.0 -9999.0 -9999.0 -9999.0 -9999.0 -9999.0 -9999.0 -9999.0 -9999.0 -9999.0 -9999.0 -9999.0 -9999.0 -9999.0 -9999.0 -9999.0 -9999.0 -9999.0 -9999.0 -9999.0 -9999.0 -9999.0 -9999.0 -9999.0 -9999.0 -9999.0 -9999.0 -9999.0 -9999.0 -9999.0 -9999.0 -9999.0 222.1 189.8 164.9 153.4 159.4 116.5 139.5 272.5 131.1 194.1 173.9 201.9 225.4 262.1 262.4 286.3 264.3 224.6 203.2 191.7 206.2 245.8
-9999.0 -9999.0 -9999.0 -9999.0 -9999.0 -9999.0 -9999.0 -9999.0 -9999.0 -9999.0 -9999.0 -9999.0 -9999.0 -9999.0 -9999.0 -9999.0 -9999.0 -9999.0 -9999.0 -9999.0 -9999.0 -9999.0 -9999.0 -9999.0 -9999.0 -9999.0 -9999.0 -9999.0 -9999.0 -9999.0 -9999.0 -9999.0 -9999.0 -9999.0 -9999.0 -9999.0 -9999.0 -9999.0 -9999.0 -9999.0 -9999.0 -9999.0 -9999.0 -9999.0 -9999.0 -9999.0 -9999.0 -9999.0 -9999.0 -9999.0 -9999.0 -9999.0 -9999.0 218.6 180.5 254.4 160.2 132.6 179.6 327.0 265.1 204.9 315.4 236.6 249.3 255.3 231.4 285.8 236.9 211.3 179.7 169.8 161.2 187.7 235.4
-9999.0 -9999.0 -9999.0 -9999.0 -9999.0 -9999.0 -9999.0 -9999.0 -9999.0 -9999.0 -9999.0 -9999.0 -9999.0 -9999.0 -9999.0 -9999.0 -9999.0 -9999.0 -9999.0 -9999.0 -9999.0 -9999.0 -9999.0 -9999.0 -9999.0 -9999.0 -9999.0 -9999.0 -9999.0 -9999.0 -9999.0 -9999.0 -9999.0 -9999.0 -9999.0 -9999.0 -9999.0 -9999.0 -9999.0 -9999.0 -9999.0 -9999.0 -9999.0 -9999.0 -9999.0 -9999.0 -9999.0 -9999.0 -9999.0 -9999.0 -9999.0 -9999.0 -9999.0 214.2 143.5 214.4 192.6 165.6 214.3 260.2 384.7 364.8 446.5 417.3 270.9 -9999.0 -9999.0 -9999.0 240.8 198.2 208.3 236.5 261.3 281.4 269.4
-9999.0 -9999.0 -9999.0 -9999.0 -9999.0 -9999.0 -9999.0 -9999.0 -9999.0 -9999.0 -9999.0 -9999.0 -9999.0 -9999.0 -9999.0 -9999.0 -9999.0 -9999.0 -9999.0 -9999.0 -9999.0 -9999.0 -9999.0 -9999.0 -9999.0 -9999.0 -9999.0 -9999.0 -9999.0 -9999.0 -9999.0 -9999.0 -9999.0 -9999.0 -9999.0 -9999.0 -9999.0 -9999.0 -9999.0 -9999.0 -9999.0 -9999.0 -9999.0 -9999.0 -9999.0 -9999.0 -9999.0 -9999.0 -9999.0 -9999.0 -9999.0 -9999.0 -9999.0 -9999.0 200.6 197.8 141.3 129.2 243.0 377.6 238.7 -9999.0 -9999.0 -9999.0 -9999.0 -9999.0 -9999.0 -9999.0 230.0 245.3 292.7 349.3 394.6 369.8 288.5
-9999.0 -9999.0 -9999.0 -9999.0 -9999.0 -9999.0 -9999.0 -9999.0 -9999.0 -9999.0 -9999.0 -9999.0 -9999.0 -9999.0 -9999.0 -9999.0 -9999.0 -9999.0 -9999.0 -9999.0 -9999.0 -9999.0 -9999.0 -9999.0 -9999.0 -9999.0 -9999.0 -9999.0 -9999.0 -9999.0 -9999.0 -9999.0 -9999.0 -9999.0 -9999.0 -9999.0 -9999.0 -9999.0 -9999.0 -9999.0 -9999.0 -9999.0 -9999.0 -9999.0 -9999.0 -9999.0 -9999.0 -9999.0 -9999.0 -9999.0 -9999.0 -9999.0 -9999.0 -9999.0 -9999.0 167.2 281.7 187.1 168.3 268.1 278.5 -9999.0 -9999.0 -9999.0 -9999.0 -9999.0 -9999.0 -9999.0 -9999.0 -9999.0 340.1 -9999.0 -9999.0 -9999.0 -9999.0
-9999.0 -9999.0 -9999.0 -9999.0 -9999.0 -9999.0 -9999.0 -9999.0 -9999.0 -9999.0 -9999.0 -9999.0 -9999.0 -9999.0 -9999.0 -9999.0 -9999.0 -9999.0 -9999.0 -9999.0 -9999.0 -9999.0 -9999.0 -9999.0 -9999.0 -9999.0 -9999.0 -9999.0 -9999.0 -9999.0 -9999.0 -9999.0 -9999.0 -9999.0 -9999.0 -9999.0 -9999.0 -9999.0 -9999.0 -9999.0 -9999.0 -9999.0 -9999.0 -9999.0 -9999.0 -9999.0 -9999.0 -9999.0 -9999.0 -9999.0 -9999.0 -9999.0 -9999.0 -9999.0 -9999.0 -9999.0 -9999.0 -9999.0 208.7 187.6 -9999.0 -9999.0 -9999.0 -9999.0 -9999.0 -9999.0 -9999.0 -9999.0 -9999.0 -9999.0 -9999.0 -9999.0 -9999.0 -9999.0 -9999.0
-9999.0 -9999.0 -9999.0 -9999.0 -9999.0 -9999.0 -9999.0 -9999.0 -9999.0 -9999.0 -9999.0 -9999.0 -9999.0 -9999.0 -9999.0 -9999.0 -9999.0 -9999.0 -9999.0 -9999.0 -9999.0 -9999.0 -9999.0 -9999.0 -9999.0 -9999.0 -9999.0 -9999.0 -9999.0 -9999.0 -9999.0 -9999.0 -9999.0 -9999.0 -9999.0 -9999.0 -9999.0 -9999.0 -9999.0 -9999.0 -9999.0 -9999.0 -9999.0 -9999.0 -9999.0 -9999.0 -9999.0 -9999.0 -9999.0 -9999.0 -9999.0 -9999.0 -9999.0 -9999.0 -9999.0 -9999.0 -9999.0 -9999.0 -9999.0 -9999.0 -9999.0 -9999.0 -9999.0 -9999.0 -9999.0 -9999.0 -9999.0 -9999.0 -9999.0 -9999.0 -9999.0 -9999.0 -9999.0 -9999.0 -9999.0
