program/excelProcessViaJava/data/SURF_CLI_CHN_PRE_MON_GRID_0.5-198003.txt
NCOLS      128
NROWS       72
XLLCORNER    72.000000000000    
YLLCORNER    18.000000000000    
CELLSIZE    0.50000000000000    
NODATA_VALUE   -9999.000    
[rows 34 to 67 of 72, columns 0 to 77 of 128]
-9999.0 -9999.0 -9999.0 -9999.0 0.0 0.1 0.0 0.2 0.0 0.1 1.2 0.4 1.2 1.3 1.5 1.0 0.9 0.8 1.3 1.7 1.0 0.5 0.2 0.1 0.0 0.0 0.0 0.0 0.0 0.1 0.1 0.2 0.2 0.2 0.2 0.2 0.3 0.6 0.3 0.2 0.6 0.2 0.2 0.2 0.4 0.4 0.3 0.2 0.2 0.3 0.8 1.7 2.2 2.3 2.2 2.4 3.0 5.1 9.3 8.4 15.5 6.3 4.2 4.2 3.2 3.5 8.0 8.0 8.7 11.9 11.1 12.8 13.8 15.5 17.7 21.2 22.2 27.3
-9999.0 -9999.0 -9999.0 -9999.0 -9999.0 -9999.0 -9999.0 0.1 0.0 0.2 0.0 0.1 0.5 0.5 0.7 1.6 1.3 1.6 1.8 1.1 0.3 0.1 0.1 0.1 0.0 0.0 0.0 0.1 0.1 0.1 0.2 0.2 0.3 0.3 0.4 0.3 0.6 0.5 1.2 1.7 0.5 4.2 4.7 3.1 1.7 0.7 1.1 0.7 1.1 1.0 2.3 4.4 4.5 4.4 4.0 3.1 2.9 3.6 8.8 9.6 15.5 4.9 3.2 4.3 6.1 5.2 7.4 8.9 7.9 9.2 10.1 11.4 13.7 15.7 16.9 21.0 19.8 24.4
-9999.0 -9999.0 -9999.0 -9999.0 -9999.0 -9999.0 -9999.0 0.0 0.1 0.0 0.0 0.1 0.1 0.1 0.3 0.1 0.4 0.4 0.2 0.3 0.2 0.1 0.1 0.1 0.1 0.1 0.1 0.1 0.1 0.2 0.2 0.3 0.4 0.6 0.5 0.5 0.4 0.6 0.7 0.9 1.5 2.4 4.0 8.7 4.6 2.6 3.8 4.2 7.0 5.4 7.9 6.4 6.1 5.7 6.7 5.1 4.9 6.4 9.9 13.8 15.9 13.4 7.6 9.6 8.9 7.9 7.7 7.4 9.2 7.5 9.9 12.3 14.6 16.9 15.2 24.0 25.1 21.2
-9999.0 -9999.0 -9999.0 -9999.0 -9999.0 -9999.0 -9999.0 -9999.0 -9999.0 0.0 0.1 0.1 0.1 0.1 0.2 0.3 0.2 0.1 0.2 0.1 0.1 0.1 0.1 0.1 0.1 0.1 0.1 0.1 0.2 0.3 0.4 0.5 0.6 0.7 0.6 0.5 0.4 0.4 0.4 0.7 0.9 2.1 3.1 3.9 6.6 7.8 9.0 9.2 9.6 9.4 9.9 8.6 8.2 8.6 10.4 8.2 7.2 8.3 11.9 14.9 18.0 20.3 20.1 14.5 14.6 11.7 10.0 9.2 10.9 9.5 12.0 13.4 14.4 17.1 21.9 15.3 16.7 18.6
-9999.0 -9999.0 -9999.0 -9999.0 -9999.0 -9999.0 -9999.0 -9999.0 -9999.0 -9999.0 -9999.0 0.0 0.3 0.0 0.1 0.1 0.2 0.2 0.2 0.1 0.1 0.1 0.1 0.1 0.1 0.1 0.1 0.2 0.3 0.4 0.6 0.8 0.9 0.9 0.7 0.9 0.5 0.4 1.2 0.5 1.2 1.5 2.3 3.6 8.2 8.0 13.6 12.7 14.3 13.6 11.9 11.8 12.2 14.3 17.0 15.0 11.8 13.0 14.0 16.4 20.6 21.2 19.9 19.3 20.9 16.9 16.0 15.1 14.5 14.9 16.1 16.7 15.0 14.1 13.3 15.0 17.0 20.8
-9999.0 -9999.0 -9999.0 -9999.0 -9999.0 -9999.0 -9999.0 -9999.0 -9999.0 -9999.0 -9999.0 -9999.0 0.2 0.3 0.1 0.2 0.0 0.1 0.1 0.0 0.2 0.1 0.1 0.2 0.1 0.2 0.2 0.2 0.3 0.5 0.8 1.0 1.2 1.3 1.3 0.9 1.2 0.5 0.3 0.3 0.4 0.9 2.0 4.3 6.4 9.5 13.5 13.2 15.3 16.3 18.9 18.9 18.3 19.3 22.2 22.9 21.5 22.6 16.1 22.3 22.9 27.2 27.8 24.2 22.7 27.2 25.8 24.4 22.5 22.0 21.5 21.1 17.3 15.4 17.1 46.3 28.3 28.0
-9999.0 -9999.0 -9999.0 -9999.0 -9999.0 -9999.0 -9999.0 -9999.0 -9999.0 -9999.0 -9999.0 -9999.0 0.0 0.5 0.9 0.1 0.5 0.2 0.1 0.1 0.1 0.1 0.1 0.2 0.3 0.2 0.3 0.4 0.5 0.7 0.9 1.3 1.6 1.7 1.6 1.1 1.2 0.8 0.5 0.4 0.4 0.9 2.9 3.5 6.7 10.6 11.1 13.1 13.5 18.0 19.3 22.2 21.6 25.8 24.7 28.4 25.7 26.5 22.4 22.7 23.5 24.8 30.0 33.9 21.6 27.9 26.3 26.9 25.9 25.5 28.1 38.5 44.4 28.7 31.5 30.2 30.3 41.6
-9999.0 -9999.0 -9999.0 -9999.0 -9999.0 -9999.0 -9999.0 -9999.0 -9999.0 -9999.0 -9999.0 -9999.0 -9999.0 0.2 0.0 0.9 0.2 0.4 0.4 0.3 0.2 0.3 0.1 0.4 0.3 0.1 0.2 0.2 0.3 0.6 1.0 1.5 1.9 2.2 1.8 1.4 1.0 0.8 2.1 0.9 1.0 2.0 3.2 6.3 6.7 7.3 10.6 14.6 18.2 20.5 22.5 21.3 21.9 34.4 31.8 29.9 27.9 30.7 36.2 33.5 33.0 28.7 31.8 19.8 12.7 21.1 27.9 27.5 28.7 26.6 24.0 21.2 24.4 29.3 42.2 37.3 38.2 38.5
-9999.0 -9999.0 -9999.0 -9999.0 -9999.0 -9999.0 -9999.0 -9999.0 -9999.0 -9999.0 -9999.0 -9999.0 0.2 0.0 0.1 0.4 0.0 0.1 0.2 0.8 0.7 0.6 0.4 0.6 0.7 0.2 0.2 0.4 0.4 0.5 0.9 1.5 2.0 2.4 2.5 1.8 1.7 0.7 0.5 0.7 2.6 5.5 8.8 6.3 8.4 9.4 9.3 10.3 15.0 19.1 25.5 31.1 24.1 28.5 24.4 23.8 27.9 24.3 31.9 31.2 33.5 38.0 33.0 38.4 25.4 20.3 11.2 16.1 26.7 33.9 32.0 23.8 19.0 18.9 24.5 32.2 39.7 45.7
-9999.0 -9999.0 -9999.0 -9999.0 -9999.0 -9999.0 -9999.0 -9999.0 -9999.0 -9999.0 -9999.0 -9999.0 0.1 1.9 0.8 0.0 0.0 0.7 0.7 0.2 1.2 0.4 0.6 0.8 1.2 1.3 0.8 0.6 0.4 0.6 0.8 1.2 1.8 2.3 2.4 2.2 1.3 0.9 0.7 0.7 1.6 3.3 6.0 8.7 10.1 11.1 14.7 15.4 17.6 15.0 17.1 25.2 18.5 15.9 16.7 14.9 18.6 24.2 27.0 36.3 42.5 48.4 30.2 23.8 21.2 9.8 14.7 11.0 13.1 16.0 17.4 18.0 21.7 36.4 50.2 42.0 45.4 47.7
-9999.0 -9999.0 -9999.0 -9999.0 -9999.0 -9999.0 -9999.0 -9999.0 -9999.0 -9999.0 -9999.0 -9999.0 5.7 0.3 3.1 1.4 1.3 0.1 0.4 0.4 0.1 0.2 1.0 0.5 1.0 0.3 0.3 0.1 0.3 0.3 0.4 0.6 1.3 1.8 2.1 2.1 1.6 1.2 1.0 1.7 2.8 5.4 11.2 11.1 13.0 16.9 18.9 15.4 13.2 15.6 17.9 14.0 35.8 36.5 22.6 12.1 15.4 20.8 27.6 27.8 32.9 37.4 57.3 28.1 14.6 15.5 11.7 11.2 13.4 14.8 16.9 28.4 36.9 56.2 117.1 70.2 98.2 55.1
-9999.0 -9999.0 -9999.0 -9999.0 -9999.0 -9999.0 -9999.0 -9999.0 -9999.0 -9999.0 -9999.0 -9999.0 -9999.0 0.1 0.2 2.2 1.2 1.8 0.4 0.3 0.1 1.0 0.6 0.5 2.0 1.1 0.8 0.5 0.1 0.2 0.1 0.2 0.6 1.2 1.7 2.8 2.6 1.4 1.8 2.5 5.0 12.5 18.8 19.7 16.1 15.5 18.8 12.3 20.5 20.2 14.0 25.3 20.6 12.0 23.0 21.1 12.0 14.9 24.2 41.0 42.7 72.3 50.5 24.9 22.8 16.2 12.2 11.6 14.5 20.7 26.5 33.6 51.0 47.4 65.1 61.7 64.4 69.8
-9999.0 -9999.0 -9999.0 -9999.0 -9999.0 -9999.0 -9999.0 -9999.0 -9999.0 -9999.0 -9999.0 -9999.0 -9999.0 19.5 0.9 4.2 0.6 4.1 3.4 2.3 0.5 0.8 0.9 1.7 6.0 2.6 1.0 0.8 0.2 0.0 0.0 0.1 0.2 0.5 1.4 2.0 1.5 1.6 3.3 9.6 9.1 15.0 20.5 23.3 31.9 22.1 21.3 15.9 17.7 17.8 23.2 11.1 20.8 27.8 30.2 20.1 11.9 15.1 26.0 23.5 44.0 33.5 29.7 36.8 22.6 13.0 9.4 9.9 14.3 23.0 34.0 45.6 55.9 66.5 73.6 85.2 106.4 84.1
-9999.0 -9999.0 -9999.0 -9999.0 -9999.0 -9999.0 -9999.0 -9999.0 -9999.0 -9999.0 -9999.0 -9999.0 -9999.0 -9999.0 -9999.0 7.8 9.5 5.5 8.0 11.5 4.2 8.4 10.0 8.0 5.4 4.0 0.4 0.2 0.0 0.0 0.0 0.0 0.1 0.3 0.6 2.7 4.7 1.1 3.4 7.2 15.1 21.4 24.5 24.9 20.3 20.3 23.0 19.9 21.9 14.2 16.7 37.2 19.6 20.2 6.8 14.8 14.6 10.4 29.6 41.9 30.7 25.1 45.0 35.5 20.3 10.0 6.9 8.0 11.8 21.3 35.1 49.6 73.9 83.7 78.2 109.8 111.5 132.8
-9999.0 -9999.0 -9999.0 -9999.0 -9999.0 -9999.0 -9999.0 -9999.0 -9999.0 -9999.0 -9999.0 -9999.0 -9999.0 -9999.0 -9999.0 -9999.0 -9999.0 183.3 69.5 -9999.0 49.3 17.5 32.3 30.1 13.1 10.6 1.6 0.8 0.3 0.0 0.0 0.0 0.0 0.1 0.2 0.9 5.6 0.7 4.2 8.5 14.4 24.2 23.6 22.1 26.2 23.0 77.0 34.7 23.1 25.3 20.4 18.2 16.3 24.8 24.1 20.7 9.2 24.0 28.5 39.2 17.5 24.9 36.3 31.4 18.3 9.6 7.5 8.4 11.2 18.5 30.4 59.1 80.5 76.9 89.3 113.5 108.9 109.1
-9999.0 -9999.0 -9999.0 -9999.0 -9999.0 -9999.0 -9999.0 -9999.0 -9999.0 -9999.0 -9999.0 -9999.0 -9999.0 -9999.0 -9999.0 -9999.0 -9999.0 -9999.0 -9999.0 -9999.0 -9999.0 61.7 44.3 22.0 30.7 47.5 28.7 12.4 2.0 0.4 0.0 0.1 0.0 0.2 0.7 1.9 2.0 2.2 2.8 4.2 6.7 23.3 26.7 23.7 26.3 24.1 149.8 35.4 49.5 125.4 34.0 64.7 58.1 18.0 21.7 30.6 27.1 16.3 47.3 33.5 15.1 17.1 24.0 23.7 20.4 16.1 15.1 14.5 15.5 18.7 29.0 51.1 65.5 63.3 67.7 79.5 89.6 95.9
-9999.0 -9999.0 -9999.0 -9999.0 -9999.0 -9999.0 -9999.0 -9999.0 -9999.0 -9999.0 -9999.0 -9999.0 -9999.0 -9999.0 -9999.0 -9999.0 -9999.0 -9999.0 -9999.0 -9999.0 -9999.0 -9999.0 -9999.0 213.6 93.1 84.9 62.2 30.4 5.3 2.5 0.2 0.1 0.5 1.5 4.7 7.4 11.2 7.1 14.1 19.2 18.7 27.1 16.0 13.0 29.9 190.7 64.3 62.0 95.6 117.4 60.6 71.2 46.1 42.5 24.3 6.8 26.5 39.6 13.1 32.0 15.5 15.5 14.1 15.3 19.8 25.9 28.7 26.3 20.1 21.8 32.3 43.1 54.2 69.3 63.6 70.6 94.8 112.7
-9999.0 -9999.0 -9999.0 -9999.0 -9999.0 -9999.0 -9999.0 -9999.0 -9999.0 -9999.0 -9999.0 -9999.0 -9999.0 -9999.0 -9999.0 -9999.0 -9999.0 -9999.0 -9999.0 -9999.0 -9999.0 -9999.0 -9999.0 -9999.0 -9999.0 393.2 184.3 24.2 15.2 6.8 3.2 4.1 5.5 7.6 12.8 18.6 31.0 19.1 29.0 20.4 32.9 16.8 24.8 25.6 120.5 221.1 166.8 335.2 73.2 127.0 98.8 96.3 105.0 92.1 41.3 27.5 38.1 23.8 38.8 30.4 21.9 16.4 32.0 12.4 19.2 31.3 36.3 28.2 26.0 30.4 32.8 41.3 46.5 73.0 85.4 79.3 87.3 115.8
-9999.0 -9999.0 -9999.0 -9999.0 -9999.0 -9999.0 -9999.0 -9999.0 -9999.0 -9999.0 -9999.0 -9999.0 -9999.0 -9999.0 -9999.0 -9999.0 -9999.0 -9999.0 -9999.0 -9999.0 -9999.0 -9999.0 -9999.0 -9999.0 -9999.0 -9999.0 -9999.0 458.1 377.5 113.7 65.3 45.3 18.0 41.7 30.8 58.4 33.0 29.9 23.0 24.1 30.1 14.4 44.0 124.9 165.8 234.8 307.8 354.0 391.5 255.9 389.7 380.5 146.1 125.2 89.1 77.2 31.5 17.5 36.6 18.1 14.1 18.3 10.7 10.6 14.8 23.4 33.4 32.2 28.8 32.5 39.7 53.5 55.1 78.3 85.0 89.1 116.9 125.0
-9999.0 -9999.0 -9999.0 -9999.0 -9999.0 -9999.0 -9999.0 -9999.0 -9999.0 -9999.0 -9999.0 -9999.0 -9999.0 -9999.0 -9999.0 -9999.0 -9999.0 -9999.0 -9999.0 -9999.0 -9999.0 -9999.0 -9999.0 -9999.0 -9999.0 -9999.0 -9999.0 -9999.0 -9999.0 -9999.0 -9999.0 -9999.0 -9999.0 141.0 66.1 -9999.0 -9999.0 -9999.0 62.9 35.2 38.7 56.1 47.8 158.4 219.0 248.7 -9999.0 -9999.0 -9999.0 -9999.0 -9999.0 -9999.0 246.9 167.8 115.3 58.6 33.9 9.5 12.4 11.0 17.2 20.1 14.6 11.3 11.0 15.0 20.1 22.6 25.4 33.8 43.3 57.2 72.6 79.7 104.5 103.4 132.8 112.3
-9999.0 -9999.0 -9999.0 -9999.0 -9999.0 -9999.0 -9999.0 -9999.0 -9999.0 -9999.0 -9999.0 -9999.0 -9999.0 -9999.0 -9999.0 -9999.0 -9999.0 -9999.0 -9999.0 -9999.0 -9999.0 -9999.0 -9999.0 -9999.0 -9999.0 -9999.0 -9999.0 -9999.0 -9999.0 -9999.0 -9999.0 -9999.0 -9999.0 -9999.0 -9999.0 -9999.0 -9999.0 -9999.0 -9999.0 186.2 171.8 172.6 180.4 191.2 -9999.0 -9999.0 -9999.0 -9999.0 -9999.0 -9999.0 -9999.0 -9999.0 238.3 190.6 130.0 55.2 18.7 5.6 4.3 9.4 17.9 20.8 16.7 9.8 8.3 8.9 12.9 16.3 20.9 31.0 41.8 51.3 59.9 82.3 96.5 115.4 126.2 122.6
-9999.0 -9999.0 -9999.0 -9999.0 -9999.0 -9999.0 -9999.0 -9999.0 -9999.0 -9999.0 -9999.0 -9999.0 -9999.0 -9999.0 -9999.0 -9999.0 -9999.0 -9999.0 -9999.0 -9999.0 -9999.0 -9999.0 -9999.0 -9999.0 -9999.0 -9999.0 -9999.0 -9999.0 -9999.0 -9999.0 -9999.0 -9999.0 -9999.0 -9999.0 -9999.0 -9999.0 -9999.0 -9999.0 -9999.0 -9999.0 -9999.0 -9999.0 -9999.0 -9999.0 -9999.0 -9999.0 -9999.0 -9999.0 -9999.0 -9999.0 -9999.0 -9999.0 157.7 191.0 121.6 91.0 24.0 9.9 8.3 13.6 15.3 16.4 23.7 8.0 7.0 8.2 12.4 15.7 20.8 28.5 35.5 42.8 69.0 74.4 100.7 127.2 142.7 142.1
-9999.0 -9999.0 -9999.0 -9999.0 -9999.0 -9999.0 -9999.0 -9999.0 -9999.0 -9999.0 -9999.0 -9999.0 -9999.0 -9999.0 -9999.0 -9999.0 -9999.0 -9999.0 -9999.0 -9999.0 -9999.0 -9999.0 -9999.0 -9999.0 -9999.0 -9999.0 -9999.0 -9999.0 -9999.0 -9999.0 -9999.0 -9999.0 -9999.0 -9999.0 -9999.0 -9999.0 -9999.0 -9999.0 -9999.0 -9999.0 -9999.0 -9999.0 -9999.0 -9999.0 -9999.0 -9999.0 -9999.0 -9999.0 -9999.0 -9999.0 -9999.0 126.7 143.5 161.9 68.7 54.1 27.7 24.1 16.2 4.7 17.7 13.5 7.1 6.2 7.1 12.9 20.6 26.0 28.0 30.6 34.0 41.8 51.9 73.3 107.4 140.9 154.3 155.6
-9999.0 -9999.0 -9999.0 -9999.0 -9999.0 -9999.0 -9999.0 -9999.0 -9999.0 -9999.0 -9999.0 -9999.0 -9999.0 -9999.0 -9999.0 -9999.0 -9999.0 -9999.0 -9999.0 -9999.0 -9999.0 -9999.0 -9999.0 -9999.0 -9999.0 -9999.0 -9999.0 -9999.0 -9999.0 -9999.0 -9999.0 -9999.0 -9999.0 -9999.0 -9999.0 -9999.0 -9999.0 -9999.0 -9999.0 -9999.0 -9999.0 -9999.0 -9999.0 -9999.0 -9999.0 -9999.0 -9999.0 -9999.0 -9999.0 -9999.0 81.0 108.1 119.8 118.5 66.4 52.8 24.6 13.1 14.0 14.4 7.8 8.7 4.9 5.1 7.7 18.8 32.3 39.2 43.6 42.1 46.2 53.7 65.8 84.3 110.2 135.0 148.5 151.4
-9999.0 -9999.0 -9999.0 -9999.0 -9999.0 -9999.0 -9999.0 -9999.0 -9999.0 -9999.0 -9999.0 -9999.0 -9999.0 -9999.0 -9999.0 -9999.0 -9999.0 -9999.0 -9999.0 -9999.0 -9999.0 -9999.0 -9999.0 -9999.0 -9999.0 -9999.0 -9999.0 -9999.0 -9999.0 -9999.0 -9999.0 -9999.0 -9999.0 -9999.0 -9999.0 -9999.0 -9999.0 -9999.0 -9999.0 -9999.0 -9999.0 -9999.0 -9999.0 -9999.0 -9999.0 -9999.0 -9999.0 -9999.0 -9999.0 -9999.0 49.4 94.5 41.4 71.0 64.1 39.1 10.9 21.1 14.3 6.4 3.6 4.4 4.0 4.2 7.1 22.3 37.1 43.8 50.0 53.2 61.7 71.7 81.0 88.3 98.6 113.0 126.7 127.1
-9999.0 -9999.0 -9999.0 -9999.0 -9999.0 -9999.0 -9999.0 -9999.0 -9999.0 -9999.0 -9999.0 -9999.0 -9999.0 -9999.0 -9999.0 -9999.0 -9999.0 -9999.0 -9999.0 -9999.0 -9999.0 -9999.0 -9999.0 -9999.0 -9999.0 -9999.0 -9999.0 -9999.0 -9999.0 -9999.0 -9999.0 -9999.0 -9999.0 -9999.0 -9999.0 -9999.0 -9999.0 -9999.0 -9999.0 -9999.0 -9999.0 -9999.0 -9999.0 -9999.0 -9999.0 -9999.0 -9999.0 -9999.0 -9999.0 -9999.0 31.3 29.0 18.2 62.9 27.4 20.8 27.2 12.0 9.4 4.4 5.2 6.4 5.5 4.1 5.5 13.4 27.5 35.8 42.6 56.0 66.4 78.3 84.8 80.6 74.1 85.5 97.7 84.7
-9999.0 -9999.0 -9999.0 -9999.0 -9999.0 -9999.0 -9999.0 -9999.0 -9999.0 -9999.0 -9999.0 -9999.0 -9999.0 -9999.0 -9999.0 -9999.0 -9999.0 -9999.0 -9999.0 -9999.0 -9999.0 -9999.0 -9999.0 -9999.0 -9999.0 -9999.0 -9999.0 -9999.0 -9999.0 -9999.0 -9999.0 -9999.0 -9999.0 -9999.0 -9999.0 -9999.0 -9999.0 -9999.0 -9999.0 -9999.0 -9999.0 -9999.0 -9999.0 -9999.0 -9999.0 -9999.0 -9999.0 -9999.0 -9999.0 -9999.0 29.0 34.3 22.2 25.2 20.9 20.2 5.0 5.0 4.0 5.9 9.5 11.2 8.4 4.8 3.8 6.1 12.7 22.4 33.5 42.7 54.9 65.1 69.4 60.4 51.0 65.3 68.6 48.0
-9999.0 -9999.0 -9999.0 -9999.0 -9999.0 -9999.0 -9999.0 -9999.0 -9999.0 -9999.0 -9999.0 -9999.0 -9999.0 -9999.0 -9999.0 -9999.0 -9999.0 -9999.0 -9999.0 -9999.0 -9999.0 -9999.0 -9999.0 -9999.0 -9999.0 -9999.0 -9999.0 -9999.0 -9999.0 -9999.0 -9999.0 -9999.0 -9999.0 -9999.0 -9999.0 -9999.0 -9999.0 -9999.0 -9999.0 -9999.0 -9999.0 -9999.0 -9999.0 -9999.0 -9999.0 -9999.0 -9999.0 -9999.0 -9999.0 -9999.0 -9999.0 -9999.0 -9999.0 10.5 7.7 5.1 2.9 1.8 2.4 8.8 15.3 25.9 15.7 9.5 4.0 3.6 6.5 14.0 22.4 31.7 36.8 38.1 40.6 37.6 38.4 48.5 48.4 30.6
-9999.0 -9999.0 -9999.0 -9999.0 -9999.0 -9999.0 -9999.0 -9999.0 -9999.0 -9999.0 -9999.0 -9999.0 -9999.0 -9999.0 -9999.0 -9999.0 -9999.0 -9999.0 -9999.0 -9999.0 -9999.0 -9999.0 -9999.0 -9999.0 -9999.0 -9999.0 -9999.0 -9999.0 -9999.0 -9999.0 -9999.0 -9999.0 -9999.0 -9999.0 -9999.0 -9999.0 -9999.0 -9999.0 -9999.0 -9999.0 -9999.0 -9999.0 -9999.0 -9999.0 -9999.0 -9999.0 -9999.0 -9999.0 -9999.0 -9999.0 -9999.0 -9999.0 -9999.0 7.7 5.0 5.5 1.9 1.3 3.1 12.6 33.3 42.6 35.0 24.3 11.5 6.8 13.0 10.7 20.5 26.1 27.5 26.4 26.6 25.3 26.6 34.2 34.7 33.0
-9999.0 -9999.0 -9999.0 -9999.0 -9999.0 -9999.0 -9999.0 -9999.0 -9999.0 -9999.0 -9999.0 -9999.0 -9999.0 -9999.0 -9999.0 -9999.0 -9999.0 -9999.0 -9999.0 -9999.0 -9999.0 -9999.0 -9999.0 -9999.0 -9999.0 -9999.0 -9999.0 -9999.0 -9999.0 -9999.0 -9999.0 -9999.0 -9999.0 -9999.0 -9999.0 -9999.0 -9999.0 -9999.0 -9999.0 -9999.0 -9999.0 -9999.0 -9999.0 -9999.0 -9999.0 -9999.0 -9999.0 -9999.0 -9999.0 -9999.0 -9999.0 -9999.0 -9999.0 7.3 5.0 4.3 3.4 3.6 7.3 20.3 41.9 56.9 50.2 31.7 25.9 -9999.0 -9999.0 -9999.0 21.6 28.8 29.7 27.8 23.6 18.4 17.2 22.4 25.4 29.4
-9999.0 -9999.0 -9999.0 -9999.0 -9999.0 -9999.0 -9999.0 -9999.0 -9999.0 -9999.0 -9999.0 -9999.0 -9999.0 -9999.0 -9999.0 -9999.0 -9999.0 -9999.0 -9999.0 -9999.0 -9999.0 -9999.0 -9999.0 -9999.0 -9999.0 -9999.0 -9999.0 -9999.0 -9999.0 -9999.0 -9999.0 -9999.0 -9999.0 -9999.0 -9999.0 -9999.0 -9999.0 -9999.0 -9999.0 -9999.0 -9999.0 -9999.0 -9999.0 -9999.0 -9999.0 -9999.0 -9999.0 -9999.0 -9999.0 -9999.0 -9999.0 -9999.0 -9999.0 -9999.0 6.9 6.3 6.1 7.0 12.0 24.6 38.8 -9999.0 -9999.0 -9999.0 -9999.0 -9999.0 -9999.0 -9999.0 30.5 33.1 33.3 33.0 24.6 15.0 10.7 12.4 16.1 17.3
-9999.0 -9999.0 -9999.0 -9999.0 -9999.0 -9999.0 -9999.0 -9999.0 -9999.0 -9999.0 -9999.0 -9999.0 -9999.0 -9999.0 -9999.0 -9999.0 -9999.0 -9999.0 -9999.0 -9999.0 -9999.0 -9999.0 -9999.0 -9999.0 -9999.0 -9999.0 -9999.0 -9999.0 -9999.0 -9999.0 -9999.0 -9999.0 -9999.0 -9999.0 -9999.0 -9999.0 -9999.0 -9999.0 -9999.0 -9999.0 -9999.0 -9999.0 -9999.0 -9999.0 -9999.0 -9999.0 -9999.0 -9999.0 -9999.0 -9999.0 -9999.0 -9999.0 -9999.0 -9999.0 -9999.0 8.5 10.2 10.6 14.0 24.4 37.4 -9999.0 -9999.0 -9999.0 -9999.0 -9999.0 -9999.0 -9999.0 -9999.0 -9999.0 38.9 -9999.0 -9999.0 -9999.0 -9999.0 -9999.0 8.6 -9999.0
-9999.0 -9999.0 -9999.0 -9999.0 -9999.0 -9999.0 -9999.0 -9999.0 -9999.0 -9999.0 -9999.0 -9999.0 -9999.0 -9999.0 -9999.0 -9999.0 -9999.0 -9999.0 -9999.0 -9999.0 -9999.0 -9999.0 -9999.0 -9999.0 -9999.0 -9999.0 -9999.0 -9999.0 -9999.0 -9999.0 -9999.0 -9999.0 -9999.0 -9999.0 -9999.0 -9999.0 -9999.0 -9999.0 -9999.0 -9999.0 -9999.0 -9999.0 -9999.0 -9999.0 -9999.0 -9999.0 -9999.0 -9999.0 -9999.0 -9999.0 -9999.0 -9999.0 -9999.0 -9999.0 -9999.0 -9999.0 -9999.0 -9999.0 17.3 23.5 -9999.0 -9999.0 -9999.0 -9999.0 -9999.0 -9999.0 -9999.0 -9999.0 -9999.0 -9999.0 -9999.0 -9999.0 -9999.0 -9999.0 -9999.0 5.2 5.0 -9999.0
-9999.0 -9999.0 -9999.0 -9999.0 -9999.0 -9999.0 -9999.0 -9999.0 -9999.0 -9999.0 -9999.0 -9999.0 -9999.0 -9999.0 -9999.0 -9999.0 -9999.0 -9999.0 -9999.0 -9999.0 -9999.0 -9999.0 -9999.0 -9999.0 -9999.0 -9999.0 -9999.0 -9999.0 -9999.0 -9999.0 -9999.0 -9999.0 -9999.0 -9999.0 -9999.0 -9999.0 -9999.0 -9999.0 -9999.0 -9999.0 -9999.0 -9999.0 -9999.0 -9999.0 -9999.0 -9999.0 -9999.0 -9999.0 -9999.0 -9999.0 -9999.0 -9999.0 -9999.0 -9999.0 -9999.0 -9999.0 -9999.0 -9999.0 -9999.0 -9999.0 -9999.0 -9999.0 -9999.0 -9999.0 -9999.0 -9999.0 -9999.0 -9999.0 -9999.0 -9999.0 -9999.0 -9999.0 -9999.0 -9999.0 -9999.0 -9999.0 -9999.0 -9999.0
