program/excelProcessViaJava/data/SURF_CLI_CHN_PRE_MON_GRID_0.5-200409.txt
NCOLS      128
NROWS       72
XLLCORNER    72.000000000000    
YLLCORNER    18.000000000000    
CELLSIZE    0.50000000000000    
NODATA_VALUE   -9999.000    
[rows 34 to 67 of 72, columns 0 to 76 of 128]
-9999.0 -9999.0 -9999.0 -9999.0 3.7 3.3 0.9 1.6 0.3 0.2 0.9 0.2 0.3 0.3 0.8 0.8 0.8 0.9 0.8 0.8 0.8 0.7 0.7 0.6 0.4 0.4 0.4 0.5 0.5 0.6 0.6 0.8 0.8 1.0 1.4 1.6 3.1 5.6 4.3 2.9 7.1 2.1 2.0 1.3 1.2 1.0 0.9 1.0 1.3 2.5 4.6 10.4 39.4 38.1 39.1 49.7 61.2 82.4 103.5 84.2 108.3 69.5 47.2 38.2 22.8 14.3 28.3 25.3 34.2 57.9 55.8 62.0 59.0 52.9 45.7 42.4 37.0
-9999.0 -9999.0 -9999.0 -9999.0 -9999.0 -9999.0 -9999.0 0.8 0.3 0.3 0.1 0.1 0.1 0.1 0.1 0.7 0.3 0.6 0.7 0.5 0.3 0.2 0.2 0.3 0.3 0.3 0.3 0.3 0.4 0.5 0.5 0.6 0.7 1.0 1.7 2.0 4.2 5.4 10.3 14.4 8.3 24.4 24.4 16.2 8.3 3.3 5.5 4.7 7.7 5.1 5.7 10.3 23.9 71.0 66.3 35.4 38.0 49.0 85.9 79.4 95.7 66.3 48.4 44.7 47.6 34.5 43.4 56.2 61.7 74.8 72.1 71.0 72.9 68.8 62.3 60.7 51.2
-9999.0 -9999.0 -9999.0 -9999.0 -9999.0 -9999.0 -9999.0 0.1 0.5 0.1 0.0 0.1 0.0 0.0 0.0 0.0 0.1 0.1 0.0 0.1 0.2 0.1 0.2 0.2 0.2 0.2 0.3 0.3 0.3 0.3 0.4 0.5 0.7 1.0 1.3 2.2 3.3 6.4 9.6 12.9 18.3 23.1 29.0 43.1 25.9 15.3 20.5 22.9 39.4 34.1 60.8 59.0 36.3 49.5 72.9 36.9 37.5 51.4 72.3 82.5 77.2 77.5 65.6 66.9 59.9 56.3 61.0 72.6 97.4 88.6 90.2 88.7 87.7 85.3 74.7 80.8 74.5
-9999.0 -9999.0 -9999.0 -9999.0 -9999.0 -9999.0 -9999.0 -9999.0 -9999.0 0.1 0.1 0.1 0.0 0.0 0.0 0.0 0.0 0.0 0.0 0.0 0.1 0.1 0.2 0.2 0.2 0.2 0.2 0.2 0.2 0.3 0.3 0.4 0.5 0.8 1.0 1.7 3.0 5.8 8.7 14.4 18.7 27.1 31.3 32.9 41.7 43.9 46.7 47.8 51.9 54.7 64.5 61.3 57.0 53.2 73.9 47.8 39.7 49.4 71.4 74.0 76.7 83.6 88.2 73.9 75.5 69.8 73.6 87.0 113.3 109.7 110.1 100.7 99.0 99.5 99.9 81.5 80.1
-9999.0 -9999.0 -9999.0 -9999.0 -9999.0 -9999.0 -9999.0 -9999.0 -9999.0 -9999.0 -9999.0 0.0 0.1 0.0 0.0 0.0 0.0 0.0 0.1 0.1 0.1 0.1 0.2 0.2 0.2 0.2 0.2 0.2 0.2 0.3 0.3 0.4 0.5 0.7 1.0 2.6 3.3 5.8 14.4 15.3 24.5 28.8 32.9 37.6 57.0 52.4 71.8 66.6 73.1 72.0 65.3 67.5 68.6 73.9 82.8 73.4 65.3 73.3 73.3 74.8 80.4 81.6 86.0 87.3 87.5 70.9 75.2 95.9 116.2 124.9 119.9 115.8 111.0 108.2 93.3 94.7 98.4
-9999.0 -9999.0 -9999.0 -9999.0 -9999.0 -9999.0 -9999.0 -9999.0 -9999.0 -9999.0 -9999.0 -9999.0 0.1 0.1 0.0 0.0 0.0 0.0 0.1 0.0 0.2 0.2 0.2 0.3 0.2 0.3 0.3 0.2 0.2 0.3 0.3 0.4 0.5 0.8 1.4 2.3 5.8 6.7 9.4 13.3 19.2 26.8 34.8 48.1 56.4 67.9 80.4 75.1 80.5 82.2 91.3 89.6 81.7 74.5 77.8 82.5 85.4 90.6 76.4 85.8 84.0 87.3 90.3 93.2 82.2 92.8 83.4 102.9 120.9 130.9 122.0 111.8 114.9 120.0 131.9 131.8 144.2
-9999.0 -9999.0 -9999.0 -9999.0 -9999.0 -9999.0 -9999.0 -9999.0 -9999.0 -9999.0 -9999.0 -9999.0 0.0 0.1 0.1 0.0 0.1 0.1 0.1 0.1 0.2 0.2 0.3 0.4 0.5 0.4 0.4 0.3 0.3 0.3 0.3 0.5 0.6 0.9 1.6 2.5 5.7 9.1 12.1 16.4 20.5 27.6 44.4 46.5 64.8 82.0 81.6 84.5 79.6 91.5 91.9 96.0 87.9 88.7 78.3 85.6 86.4 91.7 89.0 90.3 92.2 94.7 98.1 102.7 80.3 87.4 81.8 103.8 124.8 138.5 147.6 153.2 154.1 168.1 167.9 170.9 173.2
-9999.0 -9999.0 -9999.0 -9999.0 -9999.0 -9999.0 -9999.0 -9999.0 -9999.0 -9999.0 -9999.0 -9999.0 -9999.0 0.1 0.0 0.2 0.1 0.2 0.4 0.5 0.5 0.7 0.6 0.8 0.7 0.5 0.4 0.4 0.4 0.4 0.4 0.5 0.8 1.3 1.7 3.1 5.4 9.4 21.4 22.8 28.4 38.9 46.5 64.3 68.2 74.8 90.8 101.4 105.2 104.8 105.5 100.7 97.0 108.4 98.2 92.6 92.0 97.3 101.9 102.9 105.4 111.6 114.6 110.9 67.6 78.2 91.9 115.8 143.2 168.2 179.4 199.7 208.5 199.0 175.9 175.0 172.2
-9999.0 -9999.0 -9999.0 -9999.0 -9999.0 -9999.0 -9999.0 -9999.0 -9999.0 -9999.0 -9999.0 -9999.0 0.2 0.1 0.1 0.3 0.2 0.4 0.5 1.2 1.4 1.5 1.3 1.3 1.2 0.8 0.7 0.6 0.6 0.5 0.6 0.6 1.1 1.6 3.0 4.5 8.7 10.2 15.0 22.8 40.2 56.3 71.1 60.3 76.0 88.1 92.3 91.5 99.6 104.6 115.0 120.3 109.4 109.2 100.0 96.7 99.9 105.4 110.0 118.8 125.8 130.5 139.2 136.8 119.4 91.7 113.7 152.2 174.7 194.0 228.4 271.9 277.1 230.4 187.4 163.6 154.0
-9999.0 -9999.0 -9999.0 -9999.0 -9999.0 -9999.0 -9999.0 -9999.0 -9999.0 -9999.0 -9999.0 -9999.0 0.3 1.1 0.8 0.2 0.4 1.5 2.0 1.7 3.3 2.5 2.6 2.5 2.4 2.0 1.4 1.0 0.8 0.8 0.8 0.9 1.6 2.3 4.0 6.9 9.5 14.2 19.7 24.7 35.1 42.4 51.7 64.7 78.4 93.3 110.1 110.1 107.5 91.5 100.3 115.8 109.8 105.9 103.6 100.8 103.8 110.6 123.3 131.1 140.9 148.7 167.0 139.8 110.8 83.6 111.5 193.0 262.6 323.4 359.4 372.7 337.7 250.7 184.2 152.8 133.7
-9999.0 -9999.0 -9999.0 -9999.0 -9999.0 -9999.0 -9999.0 -9999.0 -9999.0 -9999.0 -9999.0 -9999.0 4.2 1.0 3.4 2.7 3.4 1.6 3.7 4.2 3.0 3.1 4.7 3.7 3.6 2.5 2.1 1.6 1.5 1.3 1.3 1.7 2.3 3.6 6.2 10.4 14.7 20.0 25.3 37.1 43.9 45.3 72.5 55.4 82.1 106.1 115.1 105.4 87.1 88.4 97.7 98.4 126.3 126.5 115.5 105.5 111.1 119.5 131.8 153.5 170.6 181.7 174.6 144.0 69.2 103.2 150.2 200.1 265.7 348.1 405.3 381.3 342.0 240.7 138.2 141.0 112.5
-9999.0 -9999.0 -9999.0 -9999.0 -9999.0 -9999.0 -9999.0 -9999.0 -9999.0 -9999.0 -9999.0 -9999.0 -9999.0 1.1 1.9 6.4 6.4 8.7 6.5 6.4 4.1 7.5 6.1 5.2 6.0 4.7 3.8 3.2 2.5 2.4 2.5 2.9 4.2 6.1 10.2 17.8 24.0 27.0 35.1 42.7 52.7 78.2 92.6 93.8 83.6 93.3 105.8 80.9 97.5 91.0 79.8 107.5 109.3 102.8 119.4 118.6 113.0 125.2 141.1 156.0 175.7 176.8 194.7 98.3 66.8 95.7 135.3 173.0 233.3 307.1 374.4 400.8 323.2 317.7 203.7 173.1 141.4
-9999.0 -9999.0 -9999.0 -9999.0 -9999.0 -9999.0 -9999.0 -9999.0 -9999.0 -9999.0 -9999.0 -9999.0 -9999.0 18.6 5.5 12.4 7.3 16.2 16.1 13.9 8.3 8.7 8.2 8.5 9.7 7.4 6.0 5.3 4.5 4.4 4.7 5.5 7.0 10.2 16.4 23.3 28.3 34.6 45.8 65.7 67.2 80.3 91.0 97.8 115.1 100.1 96.5 73.1 72.6 70.3 85.2 71.4 101.8 118.2 125.1 120.4 113.0 125.0 145.6 155.0 184.2 175.4 109.8 58.8 56.7 80.8 115.3 147.2 194.9 259.7 314.2 336.2 323.8 259.4 202.6 155.9 121.3
-9999.0 -9999.0 -9999.0 -9999.0 -9999.0 -9999.0 -9999.0 -9999.0 -9999.0 -9999.0 -9999.0 -9999.0 -9999.0 -9999.0 -9999.0 19.4 23.7 20.5 24.3 26.2 16.2 18.4 17.0 14.1 11.6 10.2 7.9 7.6 7.1 7.0 7.7 9.0 12.6 16.7 21.7 31.3 40.5 37.9 48.8 60.2 77.1 88.5 94.5 95.9 84.3 76.3 83.1 54.8 64.3 38.5 56.9 94.4 88.2 104.1 80.9 113.9 118.8 102.2 151.4 171.5 147.8 134.3 87.1 55.9 45.3 67.5 103.9 137.2 174.8 203.2 236.1 264.2 204.2 181.6 184.3 133.2 126.3
-9999.0 -9999.0 -9999.0 -9999.0 -9999.0 -9999.0 -9999.0 -9999.0 -9999.0 -9999.0 -9999.0 -9999.0 -9999.0 -9999.0 -9999.0 -9999.0 -9999.0 62.1 51.7 -9999.0 39.8 23.9 25.7 21.7 15.9 14.1 11.4 11.1 10.8 11.0 11.8 13.6 18.2 21.2 25.0 32.6 44.7 36.5 50.3 58.4 68.0 82.0 83.8 84.0 74.6 73.4 67.6 75.3 43.6 49.4 32.9 51.2 47.5 96.8 110.2 117.8 111.4 140.2 154.5 174.0 124.2 129.1 90.3 53.3 46.1 64.8 96.5 129.6 156.1 168.2 197.2 164.5 150.2 158.0 135.9 119.0 119.8
-9999.0 -9999.0 -9999.0 -9999.0 -9999.0 -9999.0 -9999.0 -9999.0 -9999.0 -9999.0 -9999.0 -9999.0 -9999.0 -9999.0 -9999.0 -9999.0 -9999.0 -9999.0 -9999.0 -9999.0 -9999.0 37.6 28.9 20.6 20.9 20.3 17.5 15.8 15.1 15.3 16.5 18.3 22.2 26.3 28.6 34.7 38.1 40.0 38.5 32.7 34.4 66.6 72.7 73.3 73.9 70.4 78.7 51.1 64.9 109.0 43.0 78.8 86.3 66.8 92.9 118.1 130.4 135.3 164.6 172.3 137.0 144.1 108.4 76.1 58.6 71.1 96.0 125.6 147.1 153.6 156.1 146.0 138.1 131.9 114.7 103.6 93.2
-9999.0 -9999.0 -9999.0 -9999.0 -9999.0 -9999.0 -9999.0 -9999.0 -9999.0 -9999.0 -9999.0 -9999.0 -9999.0 -9999.0 -9999.0 -9999.0 -9999.0 -9999.0 -9999.0 -9999.0 -9999.0 -9999.0 -9999.0 40.5 28.5 24.9 21.9 20.1 19.7 20.2 21.7 24.0 28.2 30.7 35.0 37.6 42.3 37.2 42.7 45.0 43.9 52.8 47.7 51.3 68.4 85.9 70.6 57.7 56.1 54.8 40.2 60.7 49.6 66.2 74.8 81.8 123.6 146.7 137.1 169.0 164.9 165.0 150.5 117.8 105.6 94.5 105.3 126.2 136.8 146.6 143.1 141.7 126.3 103.2 86.0 72.7 65.3
-9999.0 -9999.0 -9999.0 -9999.0 -9999.0 -9999.0 -9999.0 -9999.0 -9999.0 -9999.0 -9999.0 -9999.0 -9999.0 -9999.0 -9999.0 -9999.0 -9999.0 -9999.0 -9999.0 -9999.0 -9999.0 -9999.0 -9999.0 -9999.0 -9999.0 36.7 27.2 23.5 24.0 24.9 26.5 27.3 29.0 31.9 31.2 37.0 43.2 32.3 36.8 27.7 37.0 29.2 36.9 48.5 76.8 93.4 91.1 109.6 51.1 59.7 56.9 54.3 69.8 76.9 77.3 93.7 121.2 132.4 153.1 158.4 160.3 155.8 153.0 125.9 130.0 128.9 130.4 135.9 130.9 130.6 146.2 143.5 115.7 91.8 73.1 52.6 35.4
-9999.0 -9999.0 -9999.0 -9999.0 -9999.0 -9999.0 -9999.0 -9999.0 -9999.0 -9999.0 -9999.0 -9999.0 -9999.0 -9999.0 -9999.0 -9999.0 -9999.0 -9999.0 -9999.0 -9999.0 -9999.0 -9999.0 -9999.0 -9999.0 -9999.0 -9999.0 -9999.0 32.9 29.5 26.4 26.9 27.5 32.7 26.3 30.9 19.5 24.2 20.7 14.3 15.8 20.1 17.4 38.3 66.8 83.5 101.0 115.9 125.9 132.3 97.1 120.0 115.8 73.7 85.4 96.9 113.0 129.7 137.6 145.5 144.3 166.4 136.0 124.3 116.9 108.0 141.8 151.0 134.7 120.9 119.6 131.2 124.0 104.7 84.7 60.7 40.0 47.9
-9999.0 -9999.0 -9999.0 -9999.0 -9999.0 -9999.0 -9999.0 -9999.0 -9999.0 -9999.0 -9999.0 -9999.0 -9999.0 -9999.0 -9999.0 -9999.0 -9999.0 -9999.0 -9999.0 -9999.0 -9999.0 -9999.0 -9999.0 -9999.0 -9999.0 -9999.0 -9999.0 -9999.0 -9999.0 -9999.0 -9999.0 -9999.0 -9999.0 22.6 25.4 -9999.0 -9999.0 -9999.0 16.2 12.1 17.1 29.2 34.4 73.3 94.6 110.6 -9999.0 -9999.0 -9999.0 -9999.0 -9999.0 -9999.0 118.8 106.5 139.2 158.8 162.4 168.4 151.8 164.1 151.1 119.6 98.7 89.4 104.9 133.2 147.7 133.1 101.1 93.0 104.1 99.3 93.5 80.6 69.8 42.2 60.2
-9999.0 -9999.0 -9999.0 -9999.0 -9999.0 -9999.0 -9999.0 -9999.0 -9999.0 -9999.0 -9999.0 -9999.0 -9999.0 -9999.0 -9999.0 -9999.0 -9999.0 -9999.0 -9999.0 -9999.0 -9999.0 -9999.0 -9999.0 -9999.0 -9999.0 -9999.0 -9999.0 -9999.0 -9999.0 -9999.0 -9999.0 -9999.0 -9999.0 -9999.0 -9999.0 -9999.0 -9999.0 -9999.0 -9999.0 36.1 42.7 53.1 66.5 82.0 -9999.0 -9999.0 -9999.0 -9999.0 -9999.0 -9999.0 -9999.0 -9999.0 151.0 134.5 164.8 195.8 202.5 194.8 191.7 182.9 156.3 112.6 81.1 74.4 73.4 94.3 114.3 122.3 87.2 62.7 63.4 74.8 85.9 83.3 61.6 50.1 48.5
-9999.0 -9999.0 -9999.0 -9999.0 -9999.0 -9999.0 -9999.0 -9999.0 -9999.0 -9999.0 -9999.0 -9999.0 -9999.0 -9999.0 -9999.0 -9999.0 -9999.0 -9999.0 -9999.0 -9999.0 -9999.0 -9999.0 -9999.0 -9999.0 -9999.0 -9999.0 -9999.0 -9999.0 -9999.0 -9999.0 -9999.0 -9999.0 -9999.0 -9999.0 -9999.0 -9999.0 -9999.0 -9999.0 -9999.0 -9999.0 -9999.0 -9999.0 -9999.0 -9999.0 -9999.0 -9999.0 -9999.0 -9999.0 -9999.0 -9999.0 -9999.0 -9999.0 223.8 165.1 196.7 192.3 195.6 181.2 174.1 164.6 140.2 106.3 93.5 70.2 74.3 104.3 132.4 116.9 83.3 57.6 52.0 60.5 65.7 80.2 70.3 37.7 46.6
-9999.0 -9999.0 -9999.0 -9999.0 -9999.0 -9999.0 -9999.0 -9999.0 -9999.0 -9999.0 -9999.0 -9999.0 -9999.0 -9999.0 -9999.0 -9999.0 -9999.0 -9999.0 -9999.0 -9999.0 -9999.0 -9999.0 -9999.0 -9999.0 -9999.0 -9999.0 -9999.0 -9999.0 -9999.0 -9999.0 -9999.0 -9999.0 -9999.0 -9999.0 -9999.0 -9999.0 -9999.0 -9999.0 -9999.0 -9999.0 -9999.0 -9999.0 -9999.0 -9999.0 -9999.0 -9999.0 -9999.0 -9999.0 -9999.0 -9999.0 -9999.0 249.0 237.5 203.4 220.3 198.7 171.4 156.6 140.9 117.3 137.5 116.8 86.4 79.1 84.9 105.5 131.0 151.4 88.0 68.4 56.9 60.2 77.5 70.3 48.9 26.8 45.8
-9999.0 -9999.0 -9999.0 -9999.0 -9999.0 -9999.0 -9999.0 -9999.0 -9999.0 -9999.0 -9999.0 -9999.0 -9999.0 -9999.0 -9999.0 -9999.0 -9999.0 -9999.0 -9999.0 -9999.0 -9999.0 -9999.0 -9999.0 -9999.0 -9999.0 -9999.0 -9999.0 -9999.0 -9999.0 -9999.0 -9999.0 -9999.0 -9999.0 -9999.0 -9999.0 -9999.0 -9999.0 -9999.0 -9999.0 -9999.0 -9999.0 -9999.0 -9999.0 -9999.0 -9999.0 -9999.0 -9999.0 -9999.0 -9999.0 -9999.0 258.6 258.8 252.0 234.7 228.0 191.1 148.2 118.1 110.2 125.3 123.0 135.5 106.5 95.6 97.9 111.6 101.4 125.1 84.7 88.1 68.4 78.1 77.9 66.0 52.3 47.2 14.7
-9999.0 -9999.0 -9999.0 -9999.0 -9999.0 -9999.0 -9999.0 -9999.0 -9999.0 -9999.0 -9999.0 -9999.0 -9999.0 -9999.0 -9999.0 -9999.0 -9999.0 -9999.0 -9999.0 -9999.0 -9999.0 -9999.0 -9999.0 -9999.0 -9999.0 -9999.0 -9999.0 -9999.0 -9999.0 -9999.0 -9999.0 -9999.0 -9999.0 -9999.0 -9999.0 -9999.0 -9999.0 -9999.0 -9999.0 -9999.0 -9999.0 -9999.0 -9999.0 -9999.0 -9999.0 -9999.0 -9999.0 -9999.0 -9999.0 -9999.0 268.7 258.5 302.3 264.1 229.9 193.0 165.5 124.0 112.6 108.4 115.4 132.7 117.5 112.2 104.8 117.0 103.2 122.1 96.4 91.9 76.6 75.8 75.4 61.8 40.4 24.6 35.6
-9999.0 -9999.0 -9999.0 -9999.0 -9999.0 -9999.0 -9999.0 -9999.0 -9999.0 -9999.0 -9999.0 -9999.0 -9999.0 -9999.0 -9999.0 -9999.0 -9999.0 -9999.0 -9999.0 -9999.0 -9999.0 -9999.0 -9999.0 -9999.0 -9999.0 -9999.0 -9999.0 -9999.0 -9999.0 -9999.0 -9999.0 -9999.0 -9999.0 -9999.0 -9999.0 -9999.0 -9999.0 -9999.0 -9999.0 -9999.0 -9999.0 -9999.0 -9999.0 -9999.0 -9999.0 -9999.0 -9999.0 -9999.0 -9999.0 -9999.0 270.0 292.6 313.5 256.1 260.5 213.6 166.2 138.6 128.4 113.3 136.0 153.6 138.3 115.1 101.0 87.5 85.0 87.1 84.0 60.3 66.7 58.7 72.0 64.4 44.3 35.8 54.5
-9999.0 -9999.0 -9999.0 -9999.0 -9999.0 -9999.0 -9999.0 -9999.0 -9999.0 -9999.0 -9999.0 -9999.0 -9999.0 -9999.0 -9999.0 -9999.0 -9999.0 -9999.0 -9999.0 -9999.0 -9999.0 -9999.0 -9999.0 -9999.0 -9999.0 -9999.0 -9999.0 -9999.0 -9999.0 -9999.0 -9999.0 -9999.0 -9999.0 -9999.0 -9999.0 -9999.0 -9999.0 -9999.0 -9999.0 -9999.0 -9999.0 -9999.0 -9999.0 -9999.0 -9999.0 -9999.0 -9999.0 -9999.0 -9999.0 -9999.0 260.4 274.1 296.5 281.7 254.4 211.8 202.7 166.4 151.6 128.7 157.9 156.1 114.7 118.3 99.4 75.6 54.6 48.5 42.8 74.0 57.9 62.3 65.3 63.9 52.1 53.2 59.6
-9999.0 -9999.0 -9999.0 -9999.0 -9999.0 -9999.0 -9999.0 -9999.0 -9999.0 -9999.0 -9999.0 -9999.0 -9999.0 -9999.0 -9999.0 -9999.0 -9999.0 -9999.0 -9999.0 -9999.0 -9999.0 -9999.0 -9999.0 -9999.0 -9999.0 -9999.0 -9999.0 -9999.0 -9999.0 -9999.0 -9999.0 -9999.0 -9999.0 -9999.0 -9999.0 -9999.0 -9999.0 -9999.0 -9999.0 -9999.0 -9999.0 -9999.0 -9999.0 -9999.0 -9999.0 -9999.0 -9999.0 -9999.0 -9999.0 -9999.0 -9999.0 -9999.0 -9999.0 284.6 265.1 236.2 211.4 192.6 164.8 148.2 219.5 130.2 169.8 134.0 112.1 86.3 58.2 58.4 47.9 51.3 57.2 61.5 61.4 58.5 57.1 56.6 61.3
-9999.0 -9999.0 -9999.0 -9999.0 -9999.0 -9999.0 -9999.0 -9999.0 -9999.0 -9999.0 -9999.0 -9999.0 -9999.0 -9999.0 -9999.0 -9999.0 -9999.0 -9999.0 -9999.0 -9999.0 -9999.0 -9999.0 -9999.0 -9999.0 -9999.0 -9999.0 -9999.0 -9999.0 -9999.0 -9999.0 -9999.0 -9999.0 -9999.0 -9999.0 -9999.0 -9999.0 -9999.0 -9999.0 -9999.0 -9999.0 -9999.0 -9999.0 -9999.0 -9999.0 -9999.0 -9999.0 -9999.0 -9999.0 -9999.0 -9999.0 -9999.0 -9999.0 -9999.0 270.0 261.9 233.9 227.3 209.5 193.2 218.0 182.7 154.0 193.7 180.0 164.2 132.0 134.7 67.7 79.5 71.6 70.7 66.5 60.2 56.2 57.7 73.6 73.5
-9999.0 -9999.0 -9999.0 -9999.0 -9999.0 -9999.0 -9999.0 -9999.0 -9999.0 -9999.0 -9999.0 -9999.0 -9999.0 -9999.0 -9999.0 -9999.0 -9999.0 -9999.0 -9999.0 -9999.0 -9999.0 -9999.0 -9999.0 -9999.0 -9999.0 -9999.0 -9999.0 -9999.0 -9999.0 -9999.0 -9999.0 -9999.0 -9999.0 -9999.0 -9999.0 -9999.0 -9999.0 -9999.0 -9999.0 -9999.0 -9999.0 -9999.0 -9999.0 -9999.0 -9999.0 -9999.0 -9999.0 -9999.0 -9999.0 -9999.0 -9999.0 -9999.0 -9999.0 256.3 256.7 243.4 235.4 221.3 208.8 197.4 218.1 212.5 227.6 208.3 248.7 -9999.0 -9999.0 -9999.0 102.7 102.7 90.3 77.4 65.9 59.4 66.9 91.5 97.4
-9999.0 -9999.0 -9999.0 -9999.0 -9999.0 -9999.0 -9999.0 -9999.0 -9999.0 -9999.0 -9999.0 -9999.0 -9999.0 -9999.0 -9999.0 -9999.0 -9999.0 -9999.0 -9999.0 -9999.0 -9999.0 -9999.0 -9999.0 -9999.0 -9999.0 -9999.0 -9999.0 -9999.0 -9999.0 -9999.0 -9999.0 -9999.0 -9999.0 -9999.0 -9999.0 -9999.0 -9999.0 -9999.0 -9999.0 -9999.0 -9999.0 -9999.0 -9999.0 -9999.0 -9999.0 -9999.0 -9999.0 -9999.0 -9999.0 -9999.0 -9999.0 -9999.0 -9999.0 -9999.0 244.1 241.7 233.9 218.6 217.4 229.2 199.8 -9999.0 -9999.0 -9999.0 -9999.0 -9999.0 -9999.0 -9999.0 161.2 133.0 110.4 103.4 86.4 78.3 88.4 108.7 128.4
-9999.0 -9999.0 -9999.0 -9999.0 -9999.0 -9999.0 -9999.0 -9999.0 -9999.0 -9999.0 -9999.0 -9999.0 -9999.0 -9999.0 -9999.0 -9999.0 -9999.0 -9999.0 -9999.0 -9999.0 -9999.0 -9999.0 -9999.0 -9999.0 -9999.0 -9999.0 -9999.0 -9999.0 -9999.0 -9999.0 -9999.0 -9999.0 -9999.0 -9999.0 -9999.0 -9999.0 -9999.0 -9999.0 -9999.0 -9999.0 -9999.0 -9999.0 -9999.0 -9999.0 -9999.0 -9999.0 -9999.0 -9999.0 -9999.0 -9999.0 -9999.0 -9999.0 -9999.0 -9999.0 -9999.0 233.0 235.3 221.6 206.3 214.9 222.1 -9999.0 -9999.0 -9999.0 -9999.0 -9999.0 -9999.0 -9999.0 -9999.0 -9999.0 155.2 -9999.0 -9999.0 -9999.0 -9999.0 -9999.0 156.5
-9999.0 -9999.0 -9999.0 -9999.0 -9999.0 -9999.0 -9999.0 -9999.0 -9999.0 -9999.0 -9999.0 -9999.0 -9999.0 -9999.0 -9999.0 -9999.0 -9999.0 -9999.0 -9999.0 -9999.0 -9999.0 -9999.0 -9999.0 -9999.0 -9999.0 -9999.0 -9999.0 -9999.0 -9999.0 -9999.0 -9999.0 -9999.0 -9999.0 -9999.0 -9999.0 -9999.0 -9999.0 -9999.0 -9999.0 -9999.0 -9999.0 -9999.0 -9999.0 -9999.0 -9999.0 -9999.0 -9999.0 -9999.0 -9999.0 -9999.0 -9999.0 -9999.0 -9999.0 -9999.0 -9999.0 -9999.0 -9999.0 -9999.0 215.1 212.9 -9999.0 -9999.0 -9999.0 -9999.0 -9999.0 -9999.0 -9999.0 -9999.0 -9999.0 -9999.0 -9999.0 -9999.0 -9999.0 -9999.0 -9999.0 157.8 165.2
-9999.0 -9999.0 -9999.0 -9999.0 -9999.0 -9999.0 -9999.0 -9999.0 -9999.0 -9999.0 -9999.0 -9999.0 -9999.0 -9999.0 -9999.0 -9999.0 -9999.0 -9999.0 -9999.0 -9999.0 -9999.0 -9999.0 -9999.0 -9999.0 -9999.0 -9999.0 -9999.0 -9999.0 -9999.0 -9999.0 -9999.0 -9999.0 -9999.0 -9999.0 -9999.0 -9999.0 -9999.0 -9999.0 -9999.0 -9999.0 -9999.0 -9999.0 -9999.0 -9999.0 -9999.0 -9999.0 -9999.0 -9999.0 -9999.0 -9999.0 -9999.0 -9999.0 -9999.0 -9999.0 -9999.0 -9999.0 -9999.0 -9999.0 -9999.0 -9999.0 -9999.0 -9999.0 -9999.0 -9999.0 -9999.0 -9999.0 -9999.0 -9999.0 -9999.0 -9999.0 -9999.0 -9999.0 -9999.0 -9999.0 -9999.0 -9999.0 -9999.0
