program/excelProcessViaJava/data/SURF_CLI_CHN_PRE_MON_GRID_0.5-198205.txt
NCOLS      128
NROWS       72
XLLCORNER    72.000000000000    
YLLCORNER    18.000000000000    
CELLSIZE    0.50000000000000    
NODATA_VALUE   -9999.000    
[rows 34 to 67 of 72, columns 0 to 76 of 128]
-9999.0 -9999.0 -9999.0 -9999.0 0.0 0.1 0.0 0.4 0.0 0.2 2.9 1.2 4.4 6.5 6.9 10.4 16.0 17.5 21.3 26.8 31.3 29.6 27.2 26.6 19.7 15.5 19.7 20.2 21.8 23.5 25.5 27.1 29.0 30.0 30.4 29.1 29.3 29.1 23.3 16.2 18.5 8.5 6.8 5.2 4.6 4.5 5.0 6.4 9.1 13.7 19.5 24.9 37.4 39.6 39.0 39.5 36.2 37.2 40.8 28.7 44.6 33.8 28.1 21.6 14.8 12.8 13.9 16.2 22.1 29.6 35.0 39.4 38.4 32.1 22.4 15.7 11.4
-9999.0 -9999.0 -9999.0 -9999.0 -9999.0 -9999.0 -9999.0 0.1 0.1 0.3 0.1 0.2 1.6 2.3 4.1 10.2 16.0 23.3 30.2 33.4 25.8 18.7 17.5 18.5 19.1 19.4 19.0 19.9 21.4 22.5 24.8 26.8 28.5 29.4 30.0 29.3 30.0 28.4 30.0 30.1 20.3 30.3 26.5 17.1 9.4 5.4 6.2 6.4 9.1 11.3 16.2 22.1 30.8 48.2 54.4 44.4 35.8 29.1 47.5 30.7 46.4 28.7 26.2 22.7 19.4 15.6 16.1 19.6 24.2 30.0 33.5 36.2 35.7 29.3 19.9 15.3 10.7
-9999.0 -9999.0 -9999.0 -9999.0 -9999.0 -9999.0 -9999.0 0.0 0.1 0.0 0.0 0.3 0.4 0.3 1.4 0.7 5.4 8.8 6.1 14.5 17.0 13.7 16.5 16.8 17.8 18.2 19.2 18.8 21.7 23.6 24.5 26.1 27.4 28.1 28.2 28.1 27.3 28.2 28.2 27.8 29.1 29.3 29.7 34.3 20.2 12.0 13.2 13.8 20.8 19.8 30.1 31.9 32.4 42.8 55.3 55.0 50.5 49.0 53.7 53.7 41.9 35.4 31.0 30.0 25.2 21.6 21.1 23.3 29.0 24.5 28.0 31.5 32.1 29.0 19.1 20.7 18.1
-9999.0 -9999.0 -9999.0 -9999.0 -9999.0 -9999.0 -9999.0 -9999.0 -9999.0 0.0 0.1 0.2 0.1 0.3 0.8 2.3 2.4 0.9 4.9 3.7 8.5 13.3 14.9 15.6 16.5 17.8 17.9 19.2 21.5 21.7 24.7 25.5 26.2 26.5 26.0 25.4 24.7 25.3 25.1 27.2 27.8 31.1 30.9 28.1 29.1 26.8 25.7 24.8 25.8 26.9 30.6 31.2 34.3 41.0 53.1 56.3 52.8 52.3 60.6 55.9 51.3 50.7 46.2 38.6 35.9 31.4 28.8 29.5 33.4 24.8 26.9 28.3 30.7 30.6 29.2 15.9 15.1
-9999.0 -9999.0 -9999.0 -9999.0 -9999.0 -9999.0 -9999.0 -9999.0 -9999.0 -9999.0 -9999.0 0.0 0.4 0.1 0.4 0.6 1.4 3.2 5.2 6.0 5.8 9.7 10.6 13.4 11.2 14.4 15.0 16.9 19.2 21.6 23.2 23.7 24.8 24.6 23.8 24.1 22.5 22.5 27.1 25.1 29.3 30.2 30.8 30.5 36.9 31.5 37.6 33.8 35.4 34.6 32.7 34.1 36.8 43.2 52.2 55.3 56.4 61.4 60.9 59.8 62.4 55.6 50.2 48.9 48.8 42.1 38.1 37.7 36.3 33.3 29.2 31.8 32.7 29.7 19.7 17.1 18.3
-9999.0 -9999.0 -9999.0 -9999.0 -9999.0 -9999.0 -9999.0 -9999.0 -9999.0 -9999.0 -9999.0 -9999.0 0.2 0.4 0.2 0.7 0.4 1.6 2.7 1.8 7.9 8.2 9.3 11.7 6.6 13.0 15.6 15.4 17.9 18.4 21.6 22.9 23.2 22.9 22.2 21.0 22.2 20.4 20.2 21.2 23.6 27.3 30.8 35.5 36.6 38.8 41.7 39.1 40.8 41.5 44.4 44.3 42.9 42.9 47.0 52.4 57.7 66.0 57.1 69.6 68.7 71.9 68.9 62.1 58.4 59.0 48.1 46.8 45.1 43.7 28.7 27.9 30.6 28.1 26.3 56.1 38.6
-9999.0 -9999.0 -9999.0 -9999.0 -9999.0 -9999.0 -9999.0 -9999.0 -9999.0 -9999.0 -9999.0 -9999.0 0.0 0.5 1.0 0.5 2.2 2.4 1.5 3.1 4.7 4.9 6.8 9.9 12.8 12.3 13.6 16.3 17.0 19.5 20.3 20.8 21.7 21.2 20.1 18.6 19.1 19.4 19.6 21.2 23.2 27.2 35.1 35.0 40.1 44.1 42.1 43.3 43.5 47.9 49.0 50.8 47.8 48.1 43.1 49.6 52.5 61.2 60.0 65.9 72.0 75.3 78.3 78.7 63.1 63.0 44.2 39.9 38.4 43.1 52.8 66.0 69.4 50.1 47.5 41.1 47.2
-9999.0 -9999.0 -9999.0 -9999.0 -9999.0 -9999.0 -9999.0 -9999.0 -9999.0 -9999.0 -9999.0 -9999.0 -9999.0 0.2 0.1 1.5 0.9 2.7 4.3 5.4 5.3 8.2 6.2 10.4 10.4 8.3 9.8 10.5 13.9 16.4 19.2 20.5 20.2 19.8 18.1 16.5 15.6 16.5 23.0 23.1 26.7 32.8 36.7 42.9 41.4 40.3 43.2 46.4 49.3 51.8 54.2 53.4 50.7 57.0 52.4 51.5 53.8 64.1 77.6 77.4 82.6 83.2 85.5 72.9 55.8 58.3 58.0 47.3 47.0 47.0 43.6 48.5 55.5 57.8 66.7 59.1 68.5
-9999.0 -9999.0 -9999.0 -9999.0 -9999.0 -9999.0 -9999.0 -9999.0 -9999.0 -9999.0 -9999.0 -9999.0 0.1 0.1 0.2 1.0 0.5 1.5 2.4 7.0 8.0 8.6 7.9 9.2 10.2 7.6 9.4 11.5 13.2 14.8 17.2 19.3 18.9 18.5 16.8 14.7 14.8 14.1 16.6 21.6 31.8 41.0 47.9 42.7 44.1 42.7 39.9 39.4 43.2 47.0 51.6 54.9 49.9 50.3 45.3 47.6 59.1 56.3 72.9 76.7 86.0 94.4 90.7 94.2 76.9 66.4 47.6 47.6 57.4 71.8 74.1 69.7 63.1 55.7 59.2 67.5 80.9
-9999.0 -9999.0 -9999.0 -9999.0 -9999.0 -9999.0 -9999.0 -9999.0 -9999.0 -9999.0 -9999.0 -9999.0 0.1 1.2 1.0 0.2 0.6 3.8 5.3 4.1 9.0 6.8 7.6 8.2 9.8 10.5 10.3 10.9 11.8 13.9 15.8 17.4 17.7 17.4 15.2 13.2 11.9 13.1 16.3 21.4 29.8 37.6 43.6 46.3 44.8 41.5 40.5 36.9 36.2 34.6 36.6 41.8 36.8 32.7 33.7 34.6 48.9 62.5 69.7 86.9 98.9 109.0 89.9 79.2 75.2 61.8 66.1 57.8 59.7 67.0 72.8 73.8 73.8 84.3 93.6 88.2 88.4
-9999.0 -9999.0 -9999.0 -9999.0 -9999.0 -9999.0 -9999.0 -9999.0 -9999.0 -9999.0 -9999.0 -9999.0 2.6 0.6 3.5 3.2 4.5 1.6 4.8 5.7 3.5 4.0 8.0 6.6 8.1 6.2 7.4 6.7 9.8 11.0 12.9 14.2 16.3 15.9 13.8 11.6 10.8 12.3 16.1 24.1 33.1 41.2 52.7 47.0 45.7 42.8 37.2 28.0 22.5 22.6 24.0 21.9 37.8 41.1 34.0 22.4 38.1 54.2 70.1 76.0 89.1 98.9 126.1 83.9 66.8 67.1 71.2 73.2 72.8 68.9 68.4 82.3 86.9 101.1 150.5 112.3 140.7
-9999.0 -9999.0 -9999.0 -9999.0 -9999.0 -9999.0 -9999.0 -9999.0 -9999.0 -9999.0 -9999.0 -9999.0 -9999.0 0.5 1.0 5.6 5.7 8.5 5.7 5.6 3.0 7.9 6.4 5.8 9.1 7.7 7.6 7.7 6.8 8.4 8.8 11.1 13.0 13.6 12.1 11.0 10.7 11.7 16.4 23.8 34.8 50.2 58.4 57.3 45.7 35.6 29.3 17.2 18.1 15.3 11.5 18.8 17.4 12.0 25.7 30.2 22.3 35.5 59.1 89.6 100.0 139.7 122.4 70.0 79.5 87.7 94.7 94.6 84.9 79.9 73.2 74.3 92.6 89.1 103.7 99.4 92.8
-9999.0 -9999.0 -9999.0 -9999.0 -9999.0 -9999.0 -9999.0 -9999.0 -9999.0 -9999.0 -9999.0 -9999.0 -9999.0 16.3 3.4 10.3 4.9 14.5 14.4 12.2 6.2 7.0 6.9 8.2 12.8 9.1 7.2 7.1 5.6 4.3 5.2 6.8 8.8 9.9 9.7 9.3 9.0 10.9 16.2 27.7 35.4 48.8 57.6 56.5 51.6 35.3 24.6 13.8 10.0 7.9 9.9 5.6 10.9 17.3 23.3 21.6 18.1 29.4 54.4 53.4 97.8 78.0 57.5 82.2 98.7 115.3 126.5 121.2 107.6 92.2 86.3 89.1 96.1 106.7 113.7 121.3 136.8
-9999.0 -9999.0 -9999.0 -9999.0 -9999.0 -9999.0 -9999.0 -9999.0 -9999.0 -9999.0 -9999.0 -9999.0 -9999.0 -9999.0 -9999.0 17.2 22.0 18.1 22.9 26.8 14.6 19.0 18.8 15.4 12.0 10.2 5.3 5.0 3.2 3.0 2.8 3.4 4.8 6.1 6.6 8.1 9.9 9.2 13.3 20.5 33.2 44.2 51.1 50.2 41.8 34.5 21.3 15.7 8.6 6.4 4.6 11.3 6.8 8.7 5.0 12.6 18.0 16.5 52.4 79.1 58.1 49.3 71.5 89.2 111.4 136.9 152.0 144.1 129.1 125.6 117.0 113.0 130.8 135.6 139.8 156.4 153.4
-9999.0 -9999.0 -9999.0 -9999.0 -9999.0 -9999.0 -9999.0 -9999.0 -9999.0 -9999.0 -9999.0 -9999.0 -9999.0 -9999.0 -9999.0 -9999.0 -9999.0 109.5 72.9 -9999.0 56.6 28.2 36.3 31.2 18.1 15.0 7.3 5.7 4.0 2.0 1.4 1.4 2.8 3.0 4.2 5.3 8.5 7.9 10.7 16.3 25.1 36.3 40.3 40.0 57.3 37.4 107.4 15.6 10.5 6.2 10.2 4.8 9.4 8.0 10.2 13.0 11.7 30.7 45.5 70.2 42.5 63.6 77.9 86.4 110.6 146.8 171.0 178.5 166.7 161.8 142.5 163.3 165.3 164.4 174.8 183.7 180.0
-9999.0 -9999.0 -9999.0 -9999.0 -9999.0 -9999.0 -9999.0 -9999.0 -9999.0 -9999.0 -9999.0 -9999.0 -9999.0 -9999.0 -9999.0 -9999.0 -9999.0 -9999.0 -9999.0 -9999.0 -9999.0 61.4 45.2 27.1 29.7 33.8 22.3 12.6 5.5 2.7 1.0 1.2 1.2 2.0 3.5 4.6 5.7 6.9 8.6 13.1 17.7 27.9 32.5 32.2 58.0 28.1 178.1 27.7 13.2 34.3 7.2 11.5 11.0 6.9 7.8 13.8 19.0 20.9 55.8 58.3 53.8 78.3 88.6 87.4 95.8 131.4 168.3 201.0 196.3 192.9 183.6 183.1 180.6 182.6 188.0 192.0 187.9
-9999.0 -9999.0 -9999.0 -9999.0 -9999.0 -9999.0 -9999.0 -9999.0 -9999.0 -9999.0 -9999.0 -9999.0 -9999.0 -9999.0 -9999.0 -9999.0 -9999.0 -9999.0 -9999.0 -9999.0 -9999.0 -9999.0 -9999.0 118.1 61.5 51.7 37.5 21.3 8.4 4.6 1.7 1.2 2.4 2.6 4.4 5.7 7.7 7.9 11.0 14.7 17.4 24.1 23.2 27.9 63.5 239.5 80.3 55.0 71.7 69.9 20.4 10.9 12.7 9.4 8.0 7.6 14.6 29.9 20.6 53.3 57.5 90.4 123.6 115.6 113.2 113.1 146.4 193.4 222.9 206.6 198.6 186.3 183.7 185.8 173.4 168.1 164.4
-9999.0 -9999.0 -9999.0 -9999.0 -9999.0 -9999.0 -9999.0 -9999.0 -9999.0 -9999.0 -9999.0 -9999.0 -9999.0 -9999.0 -9999.0 -9999.0 -9999.0 -9999.0 -9999.0 -9999.0 -9999.0 -9999.0 -9999.0 -9999.0 -9999.0 167.2 84.5 23.3 15.7 10.1 5.3 4.1 4.3 5.1 7.3 9.2 13.9 11.8 15.3 15.2 21.0 19.3 67.9 64.1 194.0 279.8 191.3 300.3 28.9 59.3 16.1 15.5 13.9 12.6 11.2 9.0 14.0 17.0 37.5 49.0 64.3 91.2 139.8 100.7 100.0 96.6 125.6 175.0 196.2 195.6 178.6 172.7 172.4 180.5 168.5 143.5 124.5
-9999.0 -9999.0 -9999.0 -9999.0 -9999.0 -9999.0 -9999.0 -9999.0 -9999.0 -9999.0 -9999.0 -9999.0 -9999.0 -9999.0 -9999.0 -9999.0 -9999.0 -9999.0 -9999.0 -9999.0 -9999.0 -9999.0 -9999.0 -9999.0 -9999.0 -9999.0 -9999.0 186.8 154.8 49.3 30.0 21.7 11.4 22.7 14.9 54.2 20.0 21.5 33.9 23.2 23.8 33.0 107.6 227.4 263.8 315.0 349.7 341.1 310.4 127.0 164.6 117.2 20.8 17.9 12.6 12.6 12.5 15.6 33.6 38.7 50.5 84.4 95.5 112.8 141.5 113.9 110.3 133.6 153.7 155.3 148.2 159.3 163.2 179.8 164.2 141.2 137.3
-9999.0 -9999.0 -9999.0 -9999.0 -9999.0 -9999.0 -9999.0 -9999.0 -9999.0 -9999.0 -9999.0 -9999.0 -9999.0 -9999.0 -9999.0 -9999.0 -9999.0 -9999.0 -9999.0 -9999.0 -9999.0 -9999.0 -9999.0 -9999.0 -9999.0 -9999.0 -9999.0 -9999.0 -9999.0 -9999.0 -9999.0 -9999.0 -9999.0 88.6 36.0 -9999.0 -9999.0 -9999.0 101.8 51.0 85.2 133.1 116.4 295.3 357.4 365.9 -9999.0 -9999.0 -9999.0 -9999.0 -9999.0 -9999.0 40.5 17.2 16.4 14.5 16.0 15.9 24.0 30.3 47.1 73.5 87.1 106.3 111.1 112.6 119.8 131.6 135.9 127.2 121.4 140.3 166.3 183.7 189.7 158.9 146.2
-9999.0 -9999.0 -9999.0 -9999.0 -9999.0 -9999.0 -9999.0 -9999.0 -9999.0 -9999.0 -9999.0 -9999.0 -9999.0 -9999.0 -9999.0 -9999.0 -9999.0 -9999.0 -9999.0 -9999.0 -9999.0 -9999.0 -9999.0 -9999.0 -9999.0 -9999.0 -9999.0 -9999.0 -9999.0 -9999.0 -9999.0 -9999.0 -9999.0 -9999.0 -9999.0 -9999.0 -9999.0 -9999.0 -9999.0 302.5 312.2 334.0 356.8 373.9 -9999.0 -9999.0 -9999.0 -9999.0 -9999.0 -9999.0 -9999.0 -9999.0 36.0 20.9 14.7 13.5 15.8 15.2 16.2 23.3 36.4 57.5 79.0 91.1 118.2 133.7 142.7 137.2 134.9 132.8 127.8 134.2 151.8 186.8 189.5 164.8 137.1
-9999.0 -9999.0 -9999.0 -9999.0 -9999.0 -9999.0 -9999.0 -9999.0 -9999.0 -9999.0 -9999.0 -9999.0 -9999.0 -9999.0 -9999.0 -9999.0 -9999.0 -9999.0 -9999.0 -9999.0 -9999.0 -9999.0 -9999.0 -9999.0 -9999.0 -9999.0 -9999.0 -9999.0 -9999.0 -9999.0 -9999.0 -9999.0 -9999.0 -9999.0 -9999.0 -9999.0 -9999.0 -9999.0 -9999.0 -9999.0 -9999.0 -9999.0 -9999.0 -9999.0 -9999.0 -9999.0 -9999.0 -9999.0 -9999.0 -9999.0 -9999.0 -9999.0 72.5 25.5 15.5 18.7 15.4 15.6 16.2 22.6 29.6 42.6 85.0 81.9 110.4 131.9 145.0 153.6 151.4 140.3 131.1 137.9 179.8 183.1 190.4 175.8 155.6
-9999.0 -9999.0 -9999.0 -9999.0 -9999.0 -9999.0 -9999.0 -9999.0 -9999.0 -9999.0 -9999.0 -9999.0 -9999.0 -9999.0 -9999.0 -9999.0 -9999.0 -9999.0 -9999.0 -9999.0 -9999.0 -9999.0 -9999.0 -9999.0 -9999.0 -9999.0 -9999.0 -9999.0 -9999.0 -9999.0 -9999.0 -9999.0 -9999.0 -9999.0 -9999.0 -9999.0 -9999.0 -9999.0 -9999.0 -9999.0 -9999.0 -9999.0 -9999.0 -9999.0 -9999.0 -9999.0 -9999.0 -9999.0 -9999.0 -9999.0 -9999.0 111.6 45.0 28.0 12.4 13.8 15.1 19.7 17.3 15.3 31.6 39.2 46.2 70.6 102.0 133.6 155.0 143.7 159.7 140.4 132.3 143.8 153.8 172.0 204.0 226.8 234.8
-9999.0 -9999.0 -9999.0 -9999.0 -9999.0 -9999.0 -9999.0 -9999.0 -9999.0 -9999.0 -9999.0 -9999.0 -9999.0 -9999.0 -9999.0 -9999.0 -9999.0 -9999.0 -9999.0 -9999.0 -9999.0 -9999.0 -9999.0 -9999.0 -9999.0 -9999.0 -9999.0 -9999.0 -9999.0 -9999.0 -9999.0 -9999.0 -9999.0 -9999.0 -9999.0 -9999.0 -9999.0 -9999.0 -9999.0 -9999.0 -9999.0 -9999.0 -9999.0 -9999.0 -9999.0 -9999.0 -9999.0 -9999.0 -9999.0 -9999.0 221.1 99.7 52.0 32.9 17.5 17.6 14.9 14.6 16.4 19.8 21.7 30.6 37.0 60.0 94.3 128.4 149.0 156.0 154.9 127.6 134.8 142.1 170.6 211.7 247.9 288.7 344.1
-9999.0 -9999.0 -9999.0 -9999.0 -9999.0 -9999.0 -9999.0 -9999.0 -9999.0 -9999.0 -9999.0 -9999.0 -9999.0 -9999.0 -9999.0 -9999.0 -9999.0 -9999.0 -9999.0 -9999.0 -9999.0 -9999.0 -9999.0 -9999.0 -9999.0 -9999.0 -9999.0 -9999.0 -9999.0 -9999.0 -9999.0 -9999.0 -9999.0 -9999.0 -9999.0 -9999.0 -9999.0 -9999.0 -9999.0 -9999.0 -9999.0 -9999.0 -9999.0 -9999.0 -9999.0 -9999.0 -9999.0 -9999.0 -9999.0 -9999.0 231.1 112.8 77.2 41.1 29.7 20.8 14.8 21.9 19.4 16.6 16.3 17.1 26.9 51.0 81.4 109.5 127.2 129.4 127.4 112.6 129.9 162.8 194.9 209.4 227.4 276.9 363.8
-9999.0 -9999.0 -9999.0 -9999.0 -9999.0 -9999.0 -9999.0 -9999.0 -9999.0 -9999.0 -9999.0 -9999.0 -9999.0 -9999.0 -9999.0 -9999.0 -9999.0 -9999.0 -9999.0 -9999.0 -9999.0 -9999.0 -9999.0 -9999.0 -9999.0 -9999.0 -9999.0 -9999.0 -9999.0 -9999.0 -9999.0 -9999.0 -9999.0 -9999.0 -9999.0 -9999.0 -9999.0 -9999.0 -9999.0 -9999.0 -9999.0 -9999.0 -9999.0 -9999.0 -9999.0 -9999.0 -9999.0 -9999.0 -9999.0 -9999.0 245.1 161.3 100.9 68.1 32.0 24.5 36.1 27.1 25.4 22.1 16.0 14.5 22.0 44.2 63.6 82.8 99.3 104.7 101.3 123.5 125.0 191.6 178.1 203.4 174.8 234.8 355.9
-9999.0 -9999.0 -9999.0 -9999.0 -9999.0 -9999.0 -9999.0 -9999.0 -9999.0 -9999.0 -9999.0 -9999.0 -9999.0 -9999.0 -9999.0 -9999.0 -9999.0 -9999.0 -9999.0 -9999.0 -9999.0 -9999.0 -9999.0 -9999.0 -9999.0 -9999.0 -9999.0 -9999.0 -9999.0 -9999.0 -9999.0 -9999.0 -9999.0 -9999.0 -9999.0 -9999.0 -9999.0 -9999.0 -9999.0 -9999.0 -9999.0 -9999.0 -9999.0 -9999.0 -9999.0 -9999.0 -9999.0 -9999.0 -9999.0 -9999.0 251.6 180.7 119.9 80.7 55.4 54.3 28.5 37.3 36.2 32.3 27.2 25.2 43.1 47.9 55.3 65.5 82.9 101.3 121.9 82.9 120.6 149.8 176.8 183.8 147.9 220.7 323.2
-9999.0 -9999.0 -9999.0 -9999.0 -9999.0 -9999.0 -9999.0 -9999.0 -9999.0 -9999.0 -9999.0 -9999.0 -9999.0 -9999.0 -9999.0 -9999.0 -9999.0 -9999.0 -9999.0 -9999.0 -9999.0 -9999.0 -9999.0 -9999.0 -9999.0 -9999.0 -9999.0 -9999.0 -9999.0 -9999.0 -9999.0 -9999.0 -9999.0 -9999.0 -9999.0 -9999.0 -9999.0 -9999.0 -9999.0 -9999.0 -9999.0 -9999.0 -9999.0 -9999.0 -9999.0 -9999.0 -9999.0 -9999.0 -9999.0 -9999.0 -9999.0 -9999.0 -9999.0 98.1 66.6 52.3 50.4 53.6 41.7 47.3 57.4 57.8 59.8 70.2 68.7 72.9 89.5 106.7 131.4 137.8 134.4 144.6 165.7 179.2 191.1 224.3 298.4
-9999.0 -9999.0 -9999.0 -9999.0 -9999.0 -9999.0 -9999.0 -9999.0 -9999.0 -9999.0 -9999.0 -9999.0 -9999.0 -9999.0 -9999.0 -9999.0 -9999.0 -9999.0 -9999.0 -9999.0 -9999.0 -9999.0 -9999.0 -9999.0 -9999.0 -9999.0 -9999.0 -9999.0 -9999.0 -9999.0 -9999.0 -9999.0 -9999.0 -9999.0 -9999.0 -9999.0 -9999.0 -9999.0 -9999.0 -9999.0 -9999.0 -9999.0 -9999.0 -9999.0 -9999.0 -9999.0 -9999.0 -9999.0 -9999.0 -9999.0 -9999.0 -9999.0 -9999.0 127.3 84.0 118.8 64.2 54.9 65.5 86.9 81.2 85.5 102.9 105.1 104.4 105.4 109.6 143.9 143.5 156.1 155.2 167.1 206.2 239.1 255.0 313.8 321.5
-9999.0 -9999.0 -9999.0 -9999.0 -9999.0 -9999.0 -9999.0 -9999.0 -9999.0 -9999.0 -9999.0 -9999.0 -9999.0 -9999.0 -9999.0 -9999.0 -9999.0 -9999.0 -9999.0 -9999.0 -9999.0 -9999.0 -9999.0 -9999.0 -9999.0 -9999.0 -9999.0 -9999.0 -9999.0 -9999.0 -9999.0 -9999.0 -9999.0 -9999.0 -9999.0 -9999.0 -9999.0 -9999.0 -9999.0 -9999.0 -9999.0 -9999.0 -9999.0 -9999.0 -9999.0 -9999.0 -9999.0 -9999.0 -9999.0 -9999.0 -9999.0 -9999.0 -9999.0 164.1 95.7 115.7 95.2 81.3 90.8 97.9 121.1 128.8 147.8 149.0 130.9 -9999.0 -9999.0 -9999.0 200.6 197.7 218.0 252.3 286.5 297.1 294.8 331.0 300.9
-9999.0 -9999.0 -9999.0 -9999.0 -9999.0 -9999.0 -9999.0 -9999.0 -9999.0 -9999.0 -9999.0 -9999.0 -9999.0 -9999.0 -9999.0 -9999.0 -9999.0 -9999.0 -9999.0 -9999.0 -9999.0 -9999.0 -9999.0 -9999.0 -9999.0 -9999.0 -9999.0 -9999.0 -9999.0 -9999.0 -9999.0 -9999.0 -9999.0 -9999.0 -9999.0 -9999.0 -9999.0 -9999.0 -9999.0 -9999.0 -9999.0 -9999.0 -9999.0 -9999.0 -9999.0 -9999.0 -9999.0 -9999.0 -9999.0 -9999.0 -9999.0 -9999.0 -9999.0 -9999.0 168.1 141.4 103.0 96.3 127.5 154.0 127.7 -9999.0 -9999.0 -9999.0 -9999.0 -9999.0 -9999.0 -9999.0 223.6 267.0 325.7 320.5 319.3 296.1 247.0 216.8 209.6
-9999.0 -9999.0 -9999.0 -9999.0 -9999.0 -9999.0 -9999.0 -9999.0 -9999.0 -9999.0 -9999.0 -9999.0 -9999.0 -9999.0 -9999.0 -9999.0 -9999.0 -9999.0 -9999.0 -9999.0 -9999.0 -9999.0 -9999.0 -9999.0 -9999.0 -9999.0 -9999.0 -9999.0 -9999.0 -9999.0 -9999.0 -9999.0 -9999.0 -9999.0 -9999.0 -9999.0 -9999.0 -9999.0 -9999.0 -9999.0 -9999.0 -9999.0 -9999.0 -9999.0 -9999.0 -9999.0 -9999.0 -9999.0 -9999.0 -9999.0 -9999.0 -9999.0 -9999.0 -9999.0 -9999.0 174.9 212.7 156.3 145.4 172.3 173.7 -9999.0 -9999.0 -9999.0 -9999.0 -9999.0 -9999.0 -9999.0 -9999.0 -9999.0 318.4 -9999.0 -9999.0 -9999.0 -9999.0 -9999.0 123.1
-9999.0 -9999.0 -9999.0 -9999.0 -9999.0 -9999.0 -9999.0 -9999.0 -9999.0 -9999.0 -9999.0 -9999.0 -9999.0 -9999.0 -9999.0 -9999.0 -9999.0 -9999.0 -9999.0 -9999.0 -9999.0 -9999.0 -9999.0 -9999.0 -9999.0 -9999.0 -9999.0 -9999.0 -9999.0 -9999.0 -9999.0 -9999.0 -9999.0 -9999.0 -9999.0 -9999.0 -9999.0 -9999.0 -9999.0 -9999.0 -9999.0 -9999.0 -9999.0 -9999.0 -9999.0 -9999.0 -9999.0 -9999.0 -9999.0 -9999.0 -9999.0 -9999.0 -9999.0 -9999.0 -9999.0 -9999.0 -9999.0 -9999.0 208.4 193.4 -9999.0 -9999.0 -9999.0 -9999.0 -9999.0 -9999.0 -9999.0 -9999.0 -9999.0 -9999.0 -9999.0 -9999.0 -9999.0 -9999.0 -9999.0 84.5 81.8
-9999.0 -9999.0 -9999.0 -9999.0 -9999.0 -9999.0 -9999.0 -9999.0 -9999.0 -9999.0 -9999.0 -9999.0 -9999.0 -9999.0 -9999.0 -9999.0 -9999.0 -9999.0 -9999.0 -9999.0 -9999.0 -9999.0 -9999.0 -9999.0 -9999.0 -9999.0 -9999.0 -9999.0 -9999.0 -9999.0 -9999.0 -9999.0 -9999.0 -9999.0 -9999.0 -9999.0 -9999.0 -9999.0 -9999.0 -9999.0 -9999.0 -9999.0 -9999.0 -9999.0 -9999.0 -9999.0 -9999.0 -9999.0 -9999.0 -9999.0 -9999.0 -9999.0 -9999.0 -9999.0 -9999.0 -9999.0 -9999.0 -9999.0 -9999.0 -9999.0 -9999.0 -9999.0 -9999.0 -9999.0 -9999.0 -9999.0 -9999.0 -9999.0 -9999.0 -9999.0 -9999.0 -9999.0 -9999.0 -9999.0 -9999.0 -9999.0 -9999.0
