program/excelProcessViaJava/data/SURF_CLI_CHN_PRE_MON_GRID_0.5-199709.txt
NCOLS      128
NROWS       72
XLLCORNER    72.000000000000    
YLLCORNER    18.000000000000    
CELLSIZE    0.50000000000000    
NODATA_VALUE   -9999.000    
[rows 34 to 67 of 72, columns 0 to 75 of 128]
-9999.0 -9999.0 -9999.0 -9999.0 0.6 0.6 2.9 1.5 8.4 9.3 2.7 10.0 6.8 7.4 1.6 1.6 1.6 0.8 0.7 0.7 0.8 0.9 1.1 3.2 12.6 22.1 12.5 13.2 12.0 11.7 11.0 13.2 9.9 9.4 9.8 8.0 10.5 12.7 8.5 6.2 8.2 4.8 3.9 2.4 1.3 0.7 0.7 1.0 2.6 6.6 12.4 17.4 20.0 23.3 26.9 32.9 42.0 52.2 56.8 45.6 48.4 31.6 25.1 26.0 24.7 23.8 36.7 38.6 44.8 54.9 59.4 66.6 72.1 73.2 67.8 66.6
-9999.0 -9999.0 -9999.0 -9999.0 -9999.0 -9999.0 -9999.0 1.7 4.3 3.7 11.6 13.0 7.0 9.4 9.7 1.3 3.6 1.5 1.2 2.2 5.9 11.3 12.8 11.8 11.2 11.1 13.4 14.5 14.9 17.6 16.7 15.8 14.7 15.5 17.1 14.2 18.0 16.1 19.9 20.0 11.5 19.3 15.4 8.8 4.0 1.4 1.7 1.8 3.8 5.2 8.5 12.4 15.9 21.8 24.9 30.2 39.3 48.8 55.6 53.3 49.7 29.7 22.3 24.9 29.7 28.1 34.9 43.1 48.1 55.4 63.3 71.8 78.4 80.8 75.9 74.8
-9999.0 -9999.0 -9999.0 -9999.0 -9999.0 -9999.0 -9999.0 5.7 1.5 5.2 8.2 6.5 9.2 15.1 10.2 20.6 9.6 8.7 15.5 8.3 7.8 11.9 10.0 10.6 10.3 11.3 11.9 16.4 14.0 14.2 18.4 19.0 19.0 22.6 19.6 20.7 20.1 23.4 23.5 22.4 22.4 20.9 20.1 25.0 12.3 6.1 7.2 7.9 14.2 11.8 18.9 16.7 13.6 18.1 26.4 27.2 35.1 44.9 52.0 52.7 47.9 38.6 28.3 30.5 30.6 29.5 33.1 42.8 52.5 63.7 71.5 76.9 82.4 88.2 86.7 87.3
-9999.0 -9999.0 -9999.0 -9999.0 -9999.0 -9999.0 -9999.0 -9999.0 -9999.0 4.0 4.6 4.5 9.6 9.7 7.9 6.8 9.9 20.9 11.7 17.8 11.6 8.3 8.2 8.9 9.5 10.0 12.7 14.5 14.4 20.7 16.9 20.2 21.8 25.0 22.8 24.1 25.1 28.1 28.0 29.8 27.8 28.1 25.0 21.5 22.7 21.3 21.0 20.2 20.6 19.5 20.6 17.1 16.4 19.6 30.4 29.8 35.0 43.5 51.4 51.9 46.3 39.8 35.4 34.5 35.1 34.1 39.6 55.0 64.8 82.9 88.5 94.0 93.9 97.3 99.0 92.6
-9999.0 -9999.0 -9999.0 -9999.0 -9999.0 -9999.0 -9999.0 -9999.0 -9999.0 -9999.0 -9999.0 7.7 3.0 10.1 7.6 9.3 8.4 7.5 7.2 8.5 11.4 8.5 9.5 8.5 14.4 12.8 16.3 18.4 19.7 20.6 22.9 29.1 26.9 29.0 29.2 36.3 33.1 35.1 45.0 38.0 40.3 35.9 31.9 29.1 36.2 29.8 39.2 33.8 34.9 30.6 23.4 21.8 23.0 30.6 41.9 44.3 45.3 52.9 56.9 55.1 48.9 41.3 37.7 40.2 41.1 45.1 57.1 73.5 87.7 99.0 110.3 110.1 108.7 103.8 89.9 83.0
-9999.0 -9999.0 -9999.0 -9999.0 -9999.0 -9999.0 -9999.0 -9999.0 -9999.0 -9999.0 -9999.0 -9999.0 2.9 3.2 8.0 5.7 13.1 8.0 8.1 14.2 6.0 7.5 8.4 8.1 22.2 12.9 13.6 20.8 22.9 31.7 29.8 31.7 34.2 39.5 41.1 40.8 49.2 44.3 43.8 43.6 43.5 42.5 40.6 42.3 41.8 44.8 50.0 44.5 45.0 42.1 43.6 39.3 36.4 40.9 52.6 61.9 66.9 71.9 69.1 65.7 55.7 49.1 44.3 44.2 53.5 53.4 71.1 85.8 98.5 107.4 126.8 127.9 114.0 97.4 91.6 86.2
-9999.0 -9999.0 -9999.0 -9999.0 -9999.0 -9999.0 -9999.0 -9999.0 -9999.0 -9999.0 -9999.0 -9999.0 7.8 2.1 1.8 5.9 3.0 4.5 9.0 7.9 7.8 9.9 9.7 8.5 8.2 12.5 16.1 17.9 25.2 28.0 36.2 44.2 43.9 45.3 48.3 47.9 54.7 56.5 55.6 55.2 52.8 51.3 55.6 49.0 54.4 61.0 57.5 57.5 51.2 55.2 50.8 50.9 48.2 58.2 64.4 77.7 82.7 88.1 88.8 80.3 66.7 56.8 51.4 49.6 62.0 67.9 83.3 96.7 105.0 112.7 113.6 101.7 94.3 97.6 92.5 88.8
-9999.0 -9999.0 -9999.0 -9999.0 -9999.0 -9999.0 -9999.0 -9999.0 -9999.0 -9999.0 -9999.0 -9999.0 -9999.0 3.4 7.4 2.0 4.9 3.6 3.7 4.4 6.2 5.3 9.6 7.3 10.2 19.5 24.2 33.9 35.2 39.9 42.3 46.5 55.5 57.6 53.4 55.2 57.4 61.7 76.4 69.4 67.6 68.2 64.9 69.4 64.5 64.0 71.7 77.7 78.4 73.7 68.3 59.8 59.7 80.8 82.8 88.1 93.6 100.4 100.0 93.8 77.6 61.9 55.5 55.2 66.2 78.8 94.4 108.9 113.6 110.8 97.9 96.9 95.6 88.7 82.5 81.2
-9999.0 -9999.0 -9999.0 -9999.0 -9999.0 -9999.0 -9999.0 -9999.0 -9999.0 -9999.0 -9999.0 -9999.0 2.8 6.9 6.0 3.1 8.5 5.9 6.2 3.6 4.3 5.4 7.7 8.8 10.7 21.2 25.0 29.7 37.6 47.1 52.8 55.3 66.6 63.7 65.1 63.0 68.5 66.1 69.7 74.1 84.3 90.0 92.6 74.1 78.3 82.2 83.3 83.3 87.2 85.7 88.0 89.8 75.8 84.0 83.0 87.7 97.5 101.4 105.1 98.4 80.3 67.6 56.9 58.4 60.6 77.9 93.0 105.2 120.4 119.0 112.7 99.7 81.7 63.1 58.4 59.6
-9999.0 -9999.0 -9999.0 -9999.0 -9999.0 -9999.0 -9999.0 -9999.0 -9999.0 -9999.0 -9999.0 -9999.0 4.6 1.3 2.5 11.6 9.8 3.8 4.2 7.4 4.9 8.4 9.7 11.6 13.0 16.9 24.3 32.8 43.0 51.0 59.4 67.5 76.4 71.8 70.8 70.6 69.7 73.2 77.4 80.2 84.0 83.5 82.9 84.9 89.4 96.9 108.8 110.4 109.0 93.1 88.7 96.0 83.2 79.7 81.4 79.9 89.2 98.3 99.3 99.2 90.6 82.6 56.5 54.1 61.4 84.1 98.0 102.4 103.5 110.0 108.6 95.6 76.8 67.0 59.5 50.8
-9999.0 -9999.0 -9999.0 -9999.0 -9999.0 -9999.0 -9999.0 -9999.0 -9999.0 -9999.0 -9999.0 -9999.0 0.7 3.9 1.6 2.9 3.5 10.6 7.1 8.3 15.3 17.7 12.8 18.7 19.8 31.6 36.0 52.4 51.4 62.0 71.4 85.4 83.2 82.2 80.1 77.7 76.9 79.5 83.7 90.5 93.5 93.3 101.3 93.1 102.2 117.3 126.7 124.3 115.5 109.4 105.0 92.4 126.8 127.5 104.9 81.0 90.2 100.1 105.4 94.0 85.9 77.8 93.9 59.8 56.9 71.6 84.5 93.0 95.3 94.0 101.1 99.0 76.9 59.5 53.8 44.9
-9999.0 -9999.0 -9999.0 -9999.0 -9999.0 -9999.0 -9999.0 -9999.0 -9999.0 -9999.0 -9999.0 -9999.0 -9999.0 9.4 8.2 3.5 5.3 5.3 10.4 13.7 25.7 16.2 22.8 29.1 24.7 33.4 40.9 49.3 65.3 69.9 88.2 93.7 98.4 94.6 90.9 90.7 86.9 85.3 89.1 94.2 99.7 108.7 115.3 115.1 115.2 123.4 134.4 132.5 138.5 130.4 108.2 127.2 116.4 97.9 122.6 120.4 95.8 101.4 113.4 130.4 116.4 145.3 102.9 59.6 44.4 51.5 61.6 67.0 64.7 81.0 97.3 91.5 69.1 39.3 35.8 29.5
-9999.0 -9999.0 -9999.0 -9999.0 -9999.0 -9999.0 -9999.0 -9999.0 -9999.0 -9999.0 -9999.0 -9999.0 -9999.0 0.6 7.6 4.0 11.6 6.0 8.4 12.7 26.7 28.9 33.8 33.9 27.7 39.5 50.7 56.4 70.7 100.9 104.2 108.2 106.1 104.7 102.4 96.7 90.4 89.8 91.7 101.6 99.4 106.2 112.9 118.5 132.4 132.2 139.9 141.7 139.4 132.4 137.5 106.4 130.5 146.0 153.7 138.5 119.0 123.5 138.0 119.8 141.1 108.0 79.6 54.6 44.1 43.4 48.0 48.3 50.9 65.3 87.5 85.1 60.5 42.1 33.8 36.0
-9999.0 -9999.0 -9999.0 -9999.0 -9999.0 -9999.0 -9999.0 -9999.0 -9999.0 -9999.0 -9999.0 -9999.0 -9999.0 -9999.0 -9999.0 4.8 5.2 9.6 9.8 10.5 23.7 21.8 25.2 33.0 43.1 50.4 77.4 76.7 100.6 94.4 108.3 111.2 120.0 114.1 104.1 106.1 103.6 93.7 90.0 89.1 94.5 100.0 105.6 112.3 125.4 140.8 138.1 148.6 143.2 121.5 127.4 164.5 136.6 142.8 111.5 144.8 148.1 132.3 167.9 179.2 139.0 113.4 104.7 77.9 60.9 54.2 51.6 48.8 52.6 71.7 89.1 85.1 67.1 53.4 45.6 53.5
-9999.0 -9999.0 -9999.0 -9999.0 -9999.0 -9999.0 -9999.0 -9999.0 -9999.0 -9999.0 -9999.0 -9999.0 -9999.0 -9999.0 -9999.0 -9999.0 -9999.0 0.6 3.1 -9999.0 9.2 25.9 22.5 29.0 48.0 55.3 84.8 85.8 87.2 108.8 109.0 106.5 122.9 103.1 96.9 95.7 102.6 103.9 87.0 81.0 79.9 86.0 89.0 97.1 154.9 136.2 223.3 142.5 137.2 138.8 109.8 126.4 103.1 153.9 161.8 164.3 142.1 178.8 183.1 196.9 127.3 126.5 123.6 106.6 91.5 84.9 82.2 76.2 77.1 88.8 101.9 89.7 82.0 76.5 73.9 80.1
-9999.0 -9999.0 -9999.0 -9999.0 -9999.0 -9999.0 -9999.0 -9999.0 -9999.0 -9999.0 -9999.0 -9999.0 -9999.0 -9999.0 -9999.0 -9999.0 -9999.0 -9999.0 -9999.0 -9999.0 -9999.0 18.1 29.9 53.0 49.5 44.9 57.9 72.0 88.3 91.6 102.6 95.3 98.1 94.5 87.1 88.0 90.5 92.7 92.8 104.9 97.1 67.3 71.6 77.3 138.9 104.8 258.2 138.7 149.0 229.6 137.1 187.5 186.7 126.4 146.5 175.1 178.7 160.4 227.5 201.5 136.7 130.2 132.1 127.5 134.4 141.2 143.9 128.5 121.4 118.3 120.3 106.3 106.8 106.0 99.4 99.6
-9999.0 -9999.0 -9999.0 -9999.0 -9999.0 -9999.0 -9999.0 -9999.0 -9999.0 -9999.0 -9999.0 -9999.0 -9999.0 -9999.0 -9999.0 -9999.0 -9999.0 -9999.0 -9999.0 -9999.0 -9999.0 -9999.0 -9999.0 16.1 38.4 45.5 56.3 72.0 96.9 92.6 101.0 102.5 112.5 92.9 90.8 83.6 84.3 80.9 70.0 59.9 51.1 52.0 50.5 66.7 125.1 293.6 154.4 143.2 156.1 149.0 125.3 172.2 128.9 146.3 126.7 95.1 158.4 200.2 149.7 211.0 162.9 157.3 139.6 129.3 147.6 191.9 208.3 183.6 132.0 133.4 112.9 122.8 129.8 131.1 120.0 113.2
-9999.0 -9999.0 -9999.0 -9999.0 -9999.0 -9999.0 -9999.0 -9999.0 -9999.0 -9999.0 -9999.0 -9999.0 -9999.0 -9999.0 -9999.0 -9999.0 -9999.0 -9999.0 -9999.0 -9999.0 -9999.0 -9999.0 -9999.0 -9999.0 -9999.0 20.8 40.4 102.1 103.3 123.7 104.3 87.7 81.4 80.0 68.8 76.2 83.4 66.3 59.0 47.4 42.2 34.5 127.1 107.8 234.8 299.1 225.0 316.2 128.3 146.7 168.1 161.9 187.1 179.3 122.5 115.5 152.9 151.3 208.1 217.1 217.8 197.4 258.3 153.2 170.7 214.8 222.0 164.4 133.2 119.0 122.7 137.0 146.3 150.4 149.6 129.5
-9999.0 -9999.0 -9999.0 -9999.0 -9999.0 -9999.0 -9999.0 -9999.0 -9999.0 -9999.0 -9999.0 -9999.0 -9999.0 -9999.0 -9999.0 -9999.0 -9999.0 -9999.0 -9999.0 -9999.0 -9999.0 -9999.0 -9999.0 -9999.0 -9999.0 -9999.0 -9999.0 32.6 41.8 59.2 66.4 68.3 88.8 65.5 62.7 99.9 58.1 57.6 78.4 43.2 30.8 46.2 137.6 237.4 259.8 297.3 327.7 332.0 326.6 206.4 265.1 255.5 175.8 166.9 152.5 158.6 139.9 153.6 203.6 209.8 211.1 231.9 162.9 153.0 172.1 192.7 216.5 194.0 155.7 136.1 138.5 147.0 156.6 161.3 148.4 131.6
-9999.0 -9999.0 -9999.0 -9999.0 -9999.0 -9999.0 -9999.0 -9999.0 -9999.0 -9999.0 -9999.0 -9999.0 -9999.0 -9999.0 -9999.0 -9999.0 -9999.0 -9999.0 -9999.0 -9999.0 -9999.0 -9999.0 -9999.0 -9999.0 -9999.0 -9999.0 -9999.0 -9999.0 -9999.0 -9999.0 -9999.0 -9999.0 -9999.0 73.1 52.8 -9999.0 -9999.0 -9999.0 114.2 54.7 89.1 129.6 107.5 248.4 292.5 303.6 -9999.0 -9999.0 -9999.0 -9999.0 -9999.0 -9999.0 225.7 200.3 182.6 167.5 163.3 177.5 195.8 228.6 243.3 245.2 197.9 177.9 183.9 202.4 215.1 208.5 183.0 158.9 153.3 156.4 160.1 155.7 155.0 130.5
-9999.0 -9999.0 -9999.0 -9999.0 -9999.0 -9999.0 -9999.0 -9999.0 -9999.0 -9999.0 -9999.0 -9999.0 -9999.0 -9999.0 -9999.0 -9999.0 -9999.0 -9999.0 -9999.0 -9999.0 -9999.0 -9999.0 -9999.0 -9999.0 -9999.0 -9999.0 -9999.0 -9999.0 -9999.0 -9999.0 -9999.0 -9999.0 -9999.0 -9999.0 -9999.0 -9999.0 -9999.0 -9999.0 -9999.0 200.6 211.2 227.2 244.0 258.8 -9999.0 -9999.0 -9999.0 -9999.0 -9999.0 -9999.0 -9999.0 -9999.0 247.6 225.2 200.7 186.6 182.3 188.2 211.2 240.2 255.0 241.2 224.9 196.8 212.1 225.8 234.9 214.7 195.3 186.2 167.3 154.5 145.0 140.7 121.4 116.2
-9999.0 -9999.0 -9999.0 -9999.0 -9999.0 -9999.0 -9999.0 -9999.0 -9999.0 -9999.0 -9999.0 -9999.0 -9999.0 -9999.0 -9999.0 -9999.0 -9999.0 -9999.0 -9999.0 -9999.0 -9999.0 -9999.0 -9999.0 -9999.0 -9999.0 -9999.0 -9999.0 -9999.0 -9999.0 -9999.0 -9999.0 -9999.0 -9999.0 -9999.0 -9999.0 -9999.0 -9999.0 -9999.0 -9999.0 -9999.0 -9999.0 -9999.0 -9999.0 -9999.0 -9999.0 -9999.0 -9999.0 -9999.0 -9999.0 -9999.0 -9999.0 -9999.0 270.9 247.7 219.1 208.6 180.7 174.8 187.1 209.6 228.5 221.7 263.5 193.4 202.8 200.7 192.5 192.3 187.2 178.2 161.0 145.8 149.6 116.4 100.6 85.7
-9999.0 -9999.0 -9999.0 -9999.0 -9999.0 -9999.0 -9999.0 -9999.0 -9999.0 -9999.0 -9999.0 -9999.0 -9999.0 -9999.0 -9999.0 -9999.0 -9999.0 -9999.0 -9999.0 -9999.0 -9999.0 -9999.0 -9999.0 -9999.0 -9999.0 -9999.0 -9999.0 -9999.0 -9999.0 -9999.0 -9999.0 -9999.0 -9999.0 -9999.0 -9999.0 -9999.0 -9999.0 -9999.0 -9999.0 -9999.0 -9999.0 -9999.0 -9999.0 -9999.0 -9999.0 -9999.0 -9999.0 -9999.0 -9999.0 -9999.0 -9999.0 290.9 286.3 266.0 218.5 200.4 176.3 173.9 165.8 183.8 195.6 190.5 175.2 170.6 175.5 171.1 154.4 131.7 162.5 154.3 146.6 137.6 114.1 88.2 75.1 66.7
-9999.0 -9999.0 -9999.0 -9999.0 -9999.0 -9999.0 -9999.0 -9999.0 -9999.0 -9999.0 -9999.0 -9999.0 -9999.0 -9999.0 -9999.0 -9999.0 -9999.0 -9999.0 -9999.0 -9999.0 -9999.0 -9999.0 -9999.0 -9999.0 -9999.0 -9999.0 -9999.0 -9999.0 -9999.0 -9999.0 -9999.0 -9999.0 -9999.0 -9999.0 -9999.0 -9999.0 -9999.0 -9999.0 -9999.0 -9999.0 -9999.0 -9999.0 -9999.0 -9999.0 -9999.0 -9999.0 -9999.0 -9999.0 -9999.0 -9999.0 290.1 310.5 302.6 282.6 234.5 215.2 179.4 166.2 169.7 183.6 170.6 176.8 157.4 162.4 163.8 149.9 151.3 127.1 153.9 141.3 145.7 125.6 101.1 85.9 76.0 77.9
-9999.0 -9999.0 -9999.0 -9999.0 -9999.0 -9999.0 -9999.0 -9999.0 -9999.0 -9999.0 -9999.0 -9999.0 -9999.0 -9999.0 -9999.0 -9999.0 -9999.0 -9999.0 -9999.0 -9999.0 -9999.0 -9999.0 -9999.0 -9999.0 -9999.0 -9999.0 -9999.0 -9999.0 -9999.0 -9999.0 -9999.0 -9999.0 -9999.0 -9999.0 -9999.0 -9999.0 -9999.0 -9999.0 -9999.0 -9999.0 -9999.0 -9999.0 -9999.0 -9999.0 -9999.0 -9999.0 -9999.0 -9999.0 -9999.0 -9999.0 286.8 331.6 301.1 297.7 272.9 237.9 214.0 218.2 215.3 193.1 164.9 160.4 154.1 164.3 170.1 126.1 127.0 114.5 137.9 141.2 146.0 128.4 99.7 73.7 59.4 56.6
-9999.0 -9999.0 -9999.0 -9999.0 -9999.0 -9999.0 -9999.0 -9999.0 -9999.0 -9999.0 -9999.0 -9999.0 -9999.0 -9999.0 -9999.0 -9999.0 -9999.0 -9999.0 -9999.0 -9999.0 -9999.0 -9999.0 -9999.0 -9999.0 -9999.0 -9999.0 -9999.0 -9999.0 -9999.0 -9999.0 -9999.0 -9999.0 -9999.0 -9999.0 -9999.0 -9999.0 -9999.0 -9999.0 -9999.0 -9999.0 -9999.0 -9999.0 -9999.0 -9999.0 -9999.0 -9999.0 -9999.0 -9999.0 -9999.0 -9999.0 275.7 311.5 299.0 336.7 290.3 269.0 279.6 255.0 249.6 180.7 171.1 168.7 162.7 161.4 176.3 154.1 129.4 129.7 139.0 169.4 149.8 160.0 99.6 91.9 66.1 75.2
-9999.0 -9999.0 -9999.0 -9999.0 -9999.0 -9999.0 -9999.0 -9999.0 -9999.0 -9999.0 -9999.0 -9999.0 -9999.0 -9999.0 -9999.0 -9999.0 -9999.0 -9999.0 -9999.0 -9999.0 -9999.0 -9999.0 -9999.0 -9999.0 -9999.0 -9999.0 -9999.0 -9999.0 -9999.0 -9999.0 -9999.0 -9999.0 -9999.0 -9999.0 -9999.0 -9999.0 -9999.0 -9999.0 -9999.0 -9999.0 -9999.0 -9999.0 -9999.0 -9999.0 -9999.0 -9999.0 -9999.0 -9999.0 -9999.0 -9999.0 305.3 342.8 333.8 338.2 320.0 315.3 256.1 268.3 248.7 177.9 175.8 153.6 116.5 150.6 169.9 165.8 172.4 171.2 188.1 125.7 145.4 129.7 114.7 106.1 87.7 113.2
-9999.0 -9999.0 -9999.0 -9999.0 -9999.0 -9999.0 -9999.0 -9999.0 -9999.0 -9999.0 -9999.0 -9999.0 -9999.0 -9999.0 -9999.0 -9999.0 -9999.0 -9999.0 -9999.0 -9999.0 -9999.0 -9999.0 -9999.0 -9999.0 -9999.0 -9999.0 -9999.0 -9999.0 -9999.0 -9999.0 -9999.0 -9999.0 -9999.0 -9999.0 -9999.0 -9999.0 -9999.0 -9999.0 -9999.0 -9999.0 -9999.0 -9999.0 -9999.0 -9999.0 -9999.0 -9999.0 -9999.0 -9999.0 -9999.0 -9999.0 -9999.0 -9999.0 -9999.0 312.1 295.2 278.3 267.2 265.5 201.6 189.6 262.4 123.0 179.4 147.2 147.3 147.9 174.5 159.1 174.7 158.3 130.2 109.0 98.5 103.1 122.4 138.4
-9999.0 -9999.0 -9999.0 -9999.0 -9999.0 -9999.0 -9999.0 -9999.0 -9999.0 -9999.0 -9999.0 -9999.0 -9999.0 -9999.0 -9999.0 -9999.0 -9999.0 -9999.0 -9999.0 -9999.0 -9999.0 -9999.0 -9999.0 -9999.0 -9999.0 -9999.0 -9999.0 -9999.0 -9999.0 -9999.0 -9999.0 -9999.0 -9999.0 -9999.0 -9999.0 -9999.0 -9999.0 -9999.0 -9999.0 -9999.0 -9999.0 -9999.0 -9999.0 -9999.0 -9999.0 -9999.0 -9999.0 -9999.0 -9999.0 -9999.0 -9999.0 -9999.0 -9999.0 298.8 271.2 325.4 245.0 213.9 235.4 297.8 223.0 162.7 217.5 152.5 143.9 138.9 118.5 165.9 124.8 116.4 99.8 95.7 105.0 129.1 160.7 192.1
-9999.0 -9999.0 -9999.0 -9999.0 -9999.0 -9999.0 -9999.0 -9999.0 -9999.0 -9999.0 -9999.0 -9999.0 -9999.0 -9999.0 -9999.0 -9999.0 -9999.0 -9999.0 -9999.0 -9999.0 -9999.0 -9999.0 -9999.0 -9999.0 -9999.0 -9999.0 -9999.0 -9999.0 -9999.0 -9999.0 -9999.0 -9999.0 -9999.0 -9999.0 -9999.0 -9999.0 -9999.0 -9999.0 -9999.0 -9999.0 -9999.0 -9999.0 -9999.0 -9999.0 -9999.0 -9999.0 -9999.0 -9999.0 -9999.0 -9999.0 -9999.0 -9999.0 -9999.0 288.7 237.4 279.2 255.9 233.4 261.0 275.2 305.9 265.6 275.7 237.7 148.0 -9999.0 -9999.0 -9999.0 118.8 90.7 96.9 120.6 150.9 184.3 208.9 223.6
-9999.0 -9999.0 -9999.0 -9999.0 -9999.0 -9999.0 -9999.0 -9999.0 -9999.0 -9999.0 -9999.0 -9999.0 -9999.0 -9999.0 -9999.0 -9999.0 -9999.0 -9999.0 -9999.0 -9999.0 -9999.0 -9999.0 -9999.0 -9999.0 -9999.0 -9999.0 -9999.0 -9999.0 -9999.0 -9999.0 -9999.0 -9999.0 -9999.0 -9999.0 -9999.0 -9999.0 -9999.0 -9999.0 -9999.0 -9999.0 -9999.0 -9999.0 -9999.0 -9999.0 -9999.0 -9999.0 -9999.0 -9999.0 -9999.0 -9999.0 -9999.0 -9999.0 -9999.0 -9999.0 274.4 267.5 228.7 225.1 297.9 357.1 268.9 -9999.0 -9999.0 -9999.0 -9999.0 -9999.0 -9999.0 -9999.0 86.5 97.8 136.4 146.0 193.7 243.6 242.0 204.9
-9999.0 -9999.0 -9999.0 -9999.0 -9999.0 -9999.0 -9999.0 -9999.0 -9999.0 -9999.0 -9999.0 -9999.0 -9999.0 -9999.0 -9999.0 -9999.0 -9999.0 -9999.0 -9999.0 -9999.0 -9999.0 -9999.0 -9999.0 -9999.0 -9999.0 -9999.0 -9999.0 -9999.0 -9999.0 -9999.0 -9999.0 -9999.0 -9999.0 -9999.0 -9999.0 -9999.0 -9999.0 -9999.0 -9999.0 -9999.0 -9999.0 -9999.0 -9999.0 -9999.0 -9999.0 -9999.0 -9999.0 -9999.0 -9999.0 -9999.0 -9999.0 -9999.0 -9999.0 -9999.0 -9999.0 257.2 323.8 280.7 282.3 335.3 318.5 -9999.0 -9999.0 -9999.0 -9999.0 -9999.0 -9999.0 -9999.0 -9999.0 -9999.0 123.1 -9999.0 -9999.0 -9999.0 -9999.0 -9999.0
-9999.0 -9999.0 -9999.0 -9999.0 -9999.0 -9999.0 -9999.0 -9999.0 -9999.0 -9999.0 -9999.0 -9999.0 -9999.0 -9999.0 -9999.0 -9999.0 -9999.0 -9999.0 -9999.0 -9999.0 -9999.0 -9999.0 -9999.0 -9999.0 -9999.0 -9999.0 -9999.0 -9999.0 -9999.0 -9999.0 -9999.0 -9999.0 -9999.0 -9999.0 -9999.0 -9999.0 -9999.0 -9999.0 -9999.0 -9999.0 -9999.0 -9999.0 -9999.0 -9999.0 -9999.0 -9999.0 -9999.0 -9999.0 -9999.0 -9999.0 -9999.0 -9999.0 -9999.0 -9999.0 -9999.0 -9999.0 -9999.0 -9999.0 317.6 303.4 -9999.0 -9999.0 -9999.0 -9999.0 -9999.0 -9999.0 -9999.0 -9999.0 -9999.0 -9999.0 -9999.0 -9999.0 -9999.0 -9999.0 -9999.0 263.7
-9999.0 -9999.0 -9999.0 -9999.0 -9999.0 -9999.0 -9999.0 -9999.0 -9999.0 -9999.0 -9999.0 -9999.0 -9999.0 -9999.0 -9999.0 -9999.0 -9999.0 -9999.0 -9999.0 -9999.0 -9999.0 -9999.0 -9999.0 -9999.0 -9999.0 -9999.0 -9999.0 -9999.0 -9999.0 -9999.0 -9999.0 -9999.0 -9999.0 -9999.0 -9999.0 -9999.0 -9999.0 -9999.0 -9999.0 -9999.0 -9999.0 -9999.0 -9999.0 -9999.0 -9999.0 -9999.0 -9999.0 -9999.0 -9999.0 -9999.0 -9999.0 -9999.0 -9999.0 -9999.0 -9999.0 -9999.0 -9999.0 -9999.0 -9999.0 -9999.0 -9999.0 -9999.0 -9999.0 -9999.0 -9999.0 -9999.0 -9999.0 -9999.0 -9999.0 -9999.0 -9999.0 -9999.0 -9999.0 -9999.0 -9999.0 -9999.0
