program/excelProcessViaJava/data/SURF_CLI_CHN_PRE_MON_GRID_0.5-200908.txt
NCOLS      128
NROWS       72
XLLCORNER    72.000000000000    
YLLCORNER    18.000000000000    
CELLSIZE    0.50000000000000    
NODATA_VALUE   -9999.000    
[rows 33 to 65 of 72, columns 0 to 73 of 128]
-9999.0 -9999.0 -9999.0 -9999.0 31.3 38.1 43.4 18.8 13.4 3.4 3.6 2.4 1.7 1.3 1.3 1.3 1.3 1.3 1.2 1.2 1.2 1.2 1.3 1.5 2.0 3.2 5.0 60.7 21.8 28.2 34.0 27.9 24.8 31.0 16.8 15.8 12.6 37.1 28.0 12.4 4.2 2.6 2.9 2.9 3.6 4.6 6.6 11.5 18.0 17.4 25.2 56.5 89.3 124.1 96.0 106.7 114.0 144.0 144.5 156.8 138.3 106.7 83.9 56.7 47.3 58.9 73.1 74.0 112.1 129.6 140.0 145.8 142.5 143.7
-9999.0 -9999.0 -9999.0 -9999.0 39.4 24.7 35.7 13.6 33.9 25.5 4.2 13.4 6.0 5.6 1.4 1.5 1.7 1.4 1.3 1.4 1.6 1.9 2.5 6.9 27.5 51.3 32.7 36.9 35.9 37.2 36.7 44.9 35.3 34.0 35.9 28.5 38.6 47.9 28.2 15.5 28.2 8.7 7.9 6.4 7.4 8.6 9.4 10.3 12.0 16.6 22.7 35.1 84.4 81.1 83.9 97.9 108.7 125.2 136.1 111.2 120.9 92.2 77.9 73.4 66.6 62.0 83.0 87.9 108.4 149.1 144.8 146.6 139.7 140.8
-9999.0 -9999.0 -9999.0 -9999.0 -9999.0 -9999.0 -9999.0 14.5 18.2 9.5 23.2 19.5 6.1 7.6 7.2 1.3 2.5 1.7 1.8 3.0 8.7 19.6 25.8 27.2 29.1 32.0 40.5 45.7 49.1 58.5 57.4 55.7 52.4 54.9 60.3 49.0 62.2 54.2 69.4 71.6 34.2 77.4 66.8 42.5 26.4 17.9 22.7 20.8 25.9 21.5 23.7 33.8 58.1 140.3 134.4 93.0 95.6 102.9 133.3 116.1 119.0 105.8 97.8 94.4 92.1 80.5 87.8 105.3 116.7 138.1 133.0 128.8 132.2 133.4
-9999.0 -9999.0 -9999.0 -9999.0 -9999.0 -9999.0 -9999.0 36.3 7.4 13.7 15.3 7.7 9.3 16.1 7.9 22.5 7.7 7.9 19.1 11.2 13.2 23.6 23.9 29.0 32.1 37.8 42.1 56.8 51.9 53.2 66.0 67.6 66.8 77.0 65.7 67.3 63.0 72.9 72.1 68.1 71.1 70.7 74.4 98.8 56.3 38.1 43.4 45.1 69.5 60.8 108.7 105.1 73.5 102.0 149.2 105.0 105.7 115.9 128.7 124.9 105.3 104.5 118.5 116.7 106.4 92.1 89.0 99.0 130.6 117.9 121.8 121.5 120.0 119.4
-9999.0 -9999.0 -9999.0 -9999.0 -9999.0 -9999.0 -9999.0 -9999.0 -9999.0 10.7 7.7 4.9 10.3 8.5 5.6 4.5 8.5 26.8 14.8 28.5 21.8 19.8 23.8 29.5 35.0 39.7 50.0 57.3 57.8 76.2 64.2 72.5 75.1 82.4 72.2 72.9 72.4 79.1 75.6 81.4 76.7 83.2 79.3 72.5 79.2 75.4 74.0 72.3 77.7 83.0 101.4 97.7 96.7 102.6 148.0 117.8 107.0 112.5 129.2 114.6 98.6 94.1 94.9 120.7 108.5 95.0 87.8 94.5 127.3 122.3 128.3 118.0 109.7 109.2
-9999.0 -9999.0 -9999.0 -9999.0 -9999.0 -9999.0 -9999.0 -9999.0 -9999.0 -9999.0 -9999.0 10.7 2.0 9.6 5.5 7.6 7.3 7.7 9.4 14.6 24.1 23.2 30.4 32.9 52.4 52.8 65.2 73.0 77.4 79.2 83.8 98.3 88.8 90.9 86.9 103.5 89.2 90.5 116.9 92.9 101.2 92.0 86.1 82.5 102.5 83.6 106.0 91.0 101.5 101.8 92.0 97.9 105.7 126.8 157.0 145.4 128.6 133.7 122.3 108.7 101.6 88.0 91.1 103.1 99.8 93.5 83.2 94.1 118.3 138.4 143.9 140.1 121.3 109.4
-9999.0 -9999.0 -9999.0 -9999.0 -9999.0 -9999.0 -9999.0 -9999.0 -9999.0 -9999.0 -9999.0 -9999.0 2.2 1.9 6.6 4.1 14.8 9.2 11.9 26.6 15.8 24.0 31.5 36.0 75.7 57.9 62.7 83.5 89.2 110.2 102.8 103.8 105.4 114.2 113.4 107.2 124.7 106.3 99.0 94.1 93.1 94.3 95.6 103.8 102.7 106.3 114.4 98.1 106.2 112.2 132.8 130.1 118.5 116.8 135.5 150.5 151.2 156.1 108.9 119.6 101.3 100.4 95.4 92.2 99.7 97.2 89.2 102.1 128.2 156.7 169.7 160.7 147.7 142.8
-9999.0 -9999.0 -9999.0 -9999.0 -9999.0 -9999.0 -9999.0 -9999.0 -9999.0 -9999.0 -9999.0 -9999.0 10.0 1.4 1.2 4.9 2.5 5.4 15.0 17.1 21.7 32.2 38.0 40.8 44.8 60.7 73.0 78.4 96.3 100.8 117.1 131.2 124.5 121.1 122.3 115.2 126.6 125.6 117.3 110.9 103.0 102.8 118.3 108.7 121.4 133.2 119.6 116.4 106.7 126.1 124.8 130.8 116.7 131.2 121.5 144.1 133.5 135.7 110.8 106.8 101.7 96.9 99.0 101.8 94.9 93.5 92.3 112.2 146.5 183.4 213.9 234.8 246.3 250.4
-9999.0 -9999.0 -9999.0 -9999.0 -9999.0 -9999.0 -9999.0 -9999.0 -9999.0 -9999.0 -9999.0 -9999.0 -9999.0 3.0 7.9 1.7 5.3 5.1 7.5 12.1 20.6 23.9 40.7 40.6 53.5 80.9 94.7 117.3 119.3 126.9 127.2 130.1 142.7 139.4 121.9 119.6 119.6 124.3 149.4 128.8 122.0 126.0 126.1 141.1 134.9 132.4 144.7 155.5 159.9 155.4 148.5 128.0 121.2 173.1 158.2 148.7 132.5 137.2 155.8 130.2 122.7 108.7 105.7 89.0 90.1 90.3 100.5 131.8 179.8 227.2 234.0 263.3 296.2 293.3
-9999.0 -9999.0 -9999.0 -9999.0 -9999.0 -9999.0 -9999.0 -9999.0 -9999.0 -9999.0 -9999.0 -9999.0 4.1 9.8 7.4 3.4 12.4 10.0 13.6 12.5 18.6 26.5 38.5 46.8 56.5 85.2 95.5 105.3 120.2 136.7 143.2 140.7 155.2 139.4 132.5 120.7 126.8 118.2 119.6 121.1 138.0 152.2 164.3 140.3 152.7 160.2 159.3 156.4 167.0 168.8 178.5 185.0 146.4 160.3 144.9 142.2 157.3 110.6 135.4 129.1 131.7 131.8 113.8 113.7 91.0 92.8 144.0 182.8 217.1 247.0 288.9 311.6 280.8 213.0
-9999.0 -9999.0 -9999.0 -9999.0 -9999.0 -9999.0 -9999.0 -9999.0 -9999.0 -9999.0 -9999.0 -9999.0 9.7 2.4 3.7 19.9 17.3 8.7 12.4 23.0 22.5 36.3 45.0 54.7 61.9 73.0 89.5 105.8 123.3 134.7 145.7 154.4 161.6 141.0 127.0 117.1 109.9 113.5 115.8 112.8 117.1 122.9 133.6 147.1 159.0 171.6 192.6 194.2 194.3 167.0 164.4 182.3 153.0 140.8 140.2 127.8 143.3 151.3 139.1 159.3 163.3 162.7 114.3 92.1 87.5 119.3 139.2 233.0 277.8 296.0 296.1 279.4 246.3 246.1
-9999.0 -9999.0 -9999.0 -9999.0 -9999.0 -9999.0 -9999.0 -9999.0 -9999.0 -9999.0 -9999.0 -9999.0 2.9 9.3 4.2 6.8 8.9 24.9 21.3 28.1 47.7 58.1 52.8 69.4 74.3 98.8 105.8 133.8 127.4 142.5 154.7 173.7 160.9 146.4 128.4 112.0 104.2 105.9 108.9 113.2 116.3 125.3 148.0 141.4 160.2 186.9 201.7 188.8 169.3 172.7 177.1 158.1 230.7 234.0 186.6 128.9 149.5 162.3 168.9 151.3 151.0 144.6 171.7 94.5 87.3 171.0 223.4 264.6 274.6 250.7 228.1 246.0 228.7 233.3
-9999.0 -9999.0 -9999.0 -9999.0 -9999.0 -9999.0 -9999.0 -9999.0 -9999.0 -9999.0 -9999.0 -9999.0 -9999.0 27.5 22.2 11.4 16.3 18.8 32.5 43.2 71.6 56.4 72.8 86.7 78.9 93.6 103.6 113.4 136.3 138.6 166.7 171.7 172.9 155.3 133.8 119.7 106.7 104.2 109.1 114.8 122.2 142.5 161.8 164.8 153.3 158.5 179.9 141.2 185.8 180.8 151.5 201.1 185.6 149.5 201.3 197.1 142.3 150.6 172.5 206.0 181.3 240.9 155.8 79.5 131.9 186.0 245.7 268.3 246.8 203.4 176.8 175.0 200.4 154.2
-9999.0 -9999.0 -9999.0 -9999.0 -9999.0 -9999.0 -9999.0 -9999.0 -9999.0 -9999.0 -9999.0 -9999.0 -9999.0 7.6 26.7 17.5 36.1 25.7 33.5 45.6 76.1 82.1 92.1 91.5 77.7 94.4 107.3 109.3 125.8 171.8 172.6 176.4 169.9 159.5 141.9 121.6 107.4 108.5 113.6 129.2 130.2 141.2 152.4 159.9 190.8 160.7 159.1 122.3 136.6 141.6 175.2 126.6 181.4 214.4 231.0 200.6 159.0 164.6 189.2 143.1 184.3 116.9 104.0 134.9 147.7 187.8 234.7 255.8 226.5 178.5 153.8 159.1 165.5 168.7
-9999.0 -9999.0 -9999.0 -9999.0 -9999.0 -9999.0 -9999.0 -9999.0 -9999.0 -9999.0 -9999.0 -9999.0 -9999.0 -9999.0 -9999.0 25.9 28.0 39.9 42.3 45.7 73.0 69.2 74.1 85.2 97.4 102.2 139.3 126.1 157.7 137.1 157.0 161.5 175.3 161.8 139.1 133.1 125.5 116.9 119.8 125.6 134.2 145.0 150.6 150.6 131.8 113.0 132.3 83.1 122.4 68.7 118.2 207.6 159.1 175.0 119.7 180.7 184.0 142.3 210.1 219.6 119.3 135.7 194.0 165.1 166.3 192.0 229.0 256.8 247.3 208.1 177.7 157.3 178.5 179.2
-9999.0 -9999.0 -9999.0 -9999.0 -9999.0 -9999.0 -9999.0 -9999.0 -9999.0 -9999.0 -9999.0 -9999.0 -9999.0 -9999.0 -9999.0 -9999.0 -9999.0 25.0 32.6 -9999.0 47.6 78.1 68.3 74.5 99.1 100.8 139.2 125.8 114.4 142.8 138.5 136.6 169.5 140.1 128.0 118.1 126.2 121.9 115.5 119.0 123.4 137.2 135.9 132.1 117.8 101.7 86.2 143.8 74.0 106.0 53.8 105.2 75.0 168.4 188.4 197.1 164.4 217.2 211.9 213.8 128.8 175.4 212.0 197.2 172.6 172.6 202.9 241.8 280.0 251.7 209.9 169.9 175.5 158.3
-9999.0 -9999.0 -9999.0 -9999.0 -9999.0 -9999.0 -9999.0 -9999.0 -9999.0 -9999.0 -9999.0 -9999.0 -9999.0 -9999.0 -9999.0 -9999.0 -9999.0 -9999.0 -9999.0 -9999.0 -9999.0 65.4 81.4 114.7 97.2 78.6 85.5 92.8 104.1 99.8 114.8 110.1 124.2 127.5 116.7 110.2 102.4 101.0 101.8 100.6 95.4 118.7 125.9 121.3 108.6 104.3 97.5 70.2 150.8 357.3 99.5 206.3 203.0 113.5 155.8 209.1 219.0 191.6 272.5 200.9 142.3 133.4 187.1 179.8 177.0 168.2 186.6 230.6 301.7 273.4 190.5 151.6 144.1 127.9
-9999.0 -9999.0 -9999.0 -9999.0 -9999.0 -9999.0 -9999.0 -9999.0 -9999.0 -9999.0 -9999.0 -9999.0 -9999.0 -9999.0 -9999.0 -9999.0 -9999.0 -9999.0 -9999.0 -9999.0 -9999.0 -9999.0 -9999.0 53.6 78.2 77.8 80.9 89.7 115.3 97.4 110.1 123.0 155.4 132.5 131.2 114.1 110.0 88.3 92.4 94.2 90.4 106.0 90.6 87.8 96.9 121.0 79.6 68.4 60.2 58.3 69.5 160.3 92.9 131.4 130.1 120.6 201.0 248.6 177.4 206.4 129.1 102.0 87.1 115.2 134.2 177.3 207.8 241.3 224.9 235.3 158.1 130.8 116.2 123.8
-9999.0 -9999.0 -9999.0 -9999.0 -9999.0 -9999.0 -9999.0 -9999.0 -9999.0 -9999.0 -9999.0 -9999.0 -9999.0 -9999.0 -9999.0 -9999.0 -9999.0 -9999.0 -9999.0 -9999.0 -9999.0 -9999.0 -9999.0 -9999.0 -9999.0 55.2 64.5 148.1 135.4 171.6 129.1 109.7 114.9 126.4 110.4 120.2 137.2 83.9 91.9 70.1 90.5 70.0 79.8 82.2 111.1 123.8 94.8 115.8 92.7 71.4 158.4 130.8 182.6 180.7 125.5 151.1 208.3 205.0 241.6 208.7 156.6 111.4 140.0 125.0 146.3 202.9 228.7 184.9 161.9 153.0 143.8 108.3 84.9 102.7
-9999.0 -9999.0 -9999.0 -9999.0 -9999.0 -9999.0 -9999.0 -9999.0 -9999.0 -9999.0 -9999.0 -9999.0 -9999.0 -9999.0 -9999.0 -9999.0 -9999.0 -9999.0 -9999.0 -9999.0 -9999.0 -9999.0 -9999.0 -9999.0 -9999.0 -9999.0 -9999.0 67.8 72.7 76.8 86.4 95.3 149.1 101.2 117.7 94.8 83.1 70.4 59.8 54.6 63.8 51.3 80.2 114.0 118.6 126.6 132.8 128.5 120.9 87.4 96.9 99.1 138.4 139.8 166.7 215.5 207.8 219.2 241.0 196.2 179.2 126.3 114.6 108.8 110.6 177.9 229.5 221.4 176.1 144.6 114.5 87.4 61.0 73.9
-9999.0 -9999.0 -9999.0 -9999.0 -9999.0 -9999.0 -9999.0 -9999.0 -9999.0 -9999.0 -9999.0 -9999.0 -9999.0 -9999.0 -9999.0 -9999.0 -9999.0 -9999.0 -9999.0 -9999.0 -9999.0 -9999.0 -9999.0 -9999.0 -9999.0 -9999.0 -9999.0 -9999.0 -9999.0 -9999.0 -9999.0 -9999.0 -9999.0 96.2 105.3 -9999.0 -9999.0 -9999.0 76.6 53.1 60.9 76.7 73.1 122.3 137.6 136.4 -9999.0 -9999.0 -9999.0 -9999.0 -9999.0 -9999.0 139.4 218.9 182.6 211.1 239.2 240.9 232.2 219.2 185.8 143.4 123.2 117.0 141.1 182.7 198.2 171.5 134.0 106.8 79.8 58.8 52.6 48.2
-9999.0 -9999.0 -9999.0 -9999.0 -9999.0 -9999.0 -9999.0 -9999.0 -9999.0 -9999.0 -9999.0 -9999.0 -9999.0 -9999.0 -9999.0 -9999.0 -9999.0 -9999.0 -9999.0 -9999.0 -9999.0 -9999.0 -9999.0 -9999.0 -9999.0 -9999.0 -9999.0 -9999.0 -9999.0 -9999.0 -9999.0 -9999.0 -9999.0 -9999.0 -9999.0 -9999.0 -9999.0 -9999.0 -9999.0 130.4 128.3 131.2 134.8 137.0 -9999.0 -9999.0 -9999.0 -9999.0 -9999.0 -9999.0 -9999.0 -9999.0 178.8 273.4 250.6 236.5 237.7 228.9 222.7 219.6 203.3 162.7 131.7 125.6 127.4 155.9 178.1 176.1 121.7 79.8 57.4 40.2 32.7 46.6
-9999.0 -9999.0 -9999.0 -9999.0 -9999.0 -9999.0 -9999.0 -9999.0 -9999.0 -9999.0 -9999.0 -9999.0 -9999.0 -9999.0 -9999.0 -9999.0 -9999.0 -9999.0 -9999.0 -9999.0 -9999.0 -9999.0 -9999.0 -9999.0 -9999.0 -9999.0 -9999.0 -9999.0 -9999.0 -9999.0 -9999.0 -9999.0 -9999.0 -9999.0 -9999.0 -9999.0 -9999.0 -9999.0 -9999.0 -9999.0 -9999.0 -9999.0 -9999.0 -9999.0 -9999.0 -9999.0 -9999.0 -9999.0 -9999.0 -9999.0 -9999.0 -9999.0 151.2 315.8 281.8 304.3 229.7 192.7 176.7 184.6 182.8 165.5 191.5 127.8 137.6 177.6 206.9 178.6 122.0 76.5 49.8 35.5 49.6 47.5
-9999.0 -9999.0 -9999.0 -9999.0 -9999.0 -9999.0 -9999.0 -9999.0 -9999.0 -9999.0 -9999.0 -9999.0 -9999.0 -9999.0 -9999.0 -9999.0 -9999.0 -9999.0 -9999.0 -9999.0 -9999.0 -9999.0 -9999.0 -9999.0 -9999.0 -9999.0 -9999.0 -9999.0 -9999.0 -9999.0 -9999.0 -9999.0 -9999.0 -9999.0 -9999.0 -9999.0 -9999.0 -9999.0 -9999.0 -9999.0 -9999.0 -9999.0 -9999.0 -9999.0 -9999.0 -9999.0 -9999.0 -9999.0 -9999.0 -9999.0 -9999.0 173.1 216.0 322.9 228.8 253.9 205.1 187.1 141.2 129.6 190.3 176.2 131.2 125.8 135.8 166.0 175.1 120.4 110.8 71.2 50.2 41.5 42.3 47.2
-9999.0 -9999.0 -9999.0 -9999.0 -9999.0 -9999.0 -9999.0 -9999.0 -9999.0 -9999.0 -9999.0 -9999.0 -9999.0 -9999.0 -9999.0 -9999.0 -9999.0 -9999.0 -9999.0 -9999.0 -9999.0 -9999.0 -9999.0 -9999.0 -9999.0 -9999.0 -9999.0 -9999.0 -9999.0 -9999.0 -9999.0 -9999.0 -9999.0 -9999.0 -9999.0 -9999.0 -9999.0 -9999.0 -9999.0 -9999.0 -9999.0 -9999.0 -9999.0 -9999.0 -9999.0 -9999.0 -9999.0 -9999.0 -9999.0 -9999.0 182.4 230.1 272.8 317.0 263.4 261.1 180.9 131.2 126.7 165.4 158.7 184.5 125.7 119.0 112.7 125.9 141.5 104.3 96.1 61.6 52.7 45.6 49.0 59.9
-9999.0 -9999.0 -9999.0 -9999.0 -9999.0 -9999.0 -9999.0 -9999.0 -9999.0 -9999.0 -9999.0 -9999.0 -9999.0 -9999.0 -9999.0 -9999.0 -9999.0 -9999.0 -9999.0 -9999.0 -9999.0 -9999.0 -9999.0 -9999.0 -9999.0 -9999.0 -9999.0 -9999.0 -9999.0 -9999.0 -9999.0 -9999.0 -9999.0 -9999.0 -9999.0 -9999.0 -9999.0 -9999.0 -9999.0 -9999.0 -9999.0 -9999.0 -9999.0 -9999.0 -9999.0 -9999.0 -9999.0 -9999.0 -9999.0 -9999.0 203.8 293.6 242.1 301.5 310.6 257.6 169.7 199.8 185.4 163.4 144.9 137.9 97.0 91.2 88.9 85.6 94.8 75.6 69.2 55.2 51.6 51.6 56.3 61.8
-9999.0 -9999.0 -9999.0 -9999.0 -9999.0 -9999.0 -9999.0 -9999.0 -9999.0 -9999.0 -9999.0 -9999.0 -9999.0 -9999.0 -9999.0 -9999.0 -9999.0 -9999.0 -9999.0 -9999.0 -9999.0 -9999.0 -9999.0 -9999.0 -9999.0 -9999.0 -9999.0 -9999.0 -9999.0 -9999.0 -9999.0 -9999.0 -9999.0 -9999.0 -9999.0 -9999.0 -9999.0 -9999.0 -9999.0 -9999.0 -9999.0 -9999.0 -9999.0 -9999.0 -9999.0 -9999.0 -9999.0 -9999.0 -9999.0 -9999.0 221.0 253.4 241.1 365.2 263.9 246.0 304.5 239.6 241.1 182.9 169.7 149.0 110.6 78.5 82.3 85.4 83.6 73.0 62.5 61.7 53.5 67.7 60.5 73.6
-9999.0 -9999.0 -9999.0 -9999.0 -9999.0 -9999.0 -9999.0 -9999.0 -9999.0 -9999.0 -9999.0 -9999.0 -9999.0 -9999.0 -9999.0 -9999.0 -9999.0 -9999.0 -9999.0 -9999.0 -9999.0 -9999.0 -9999.0 -9999.0 -9999.0 -9999.0 -9999.0 -9999.0 -9999.0 -9999.0 -9999.0 -9999.0 -9999.0 -9999.0 -9999.0 -9999.0 -9999.0 -9999.0 -9999.0 -9999.0 -9999.0 -9999.0 -9999.0 -9999.0 -9999.0 -9999.0 -9999.0 -9999.0 -9999.0 -9999.0 282.4 330.5 303.9 324.8 314.3 342.9 243.1 287.0 278.5 221.5 200.9 153.3 101.9 98.6 101.5 103.2 105.0 87.5 76.9 59.7 59.9 65.3 72.7 78.5
-9999.0 -9999.0 -9999.0 -9999.0 -9999.0 -9999.0 -9999.0 -9999.0 -9999.0 -9999.0 -9999.0 -9999.0 -9999.0 -9999.0 -9999.0 -9999.0 -9999.0 -9999.0 -9999.0 -9999.0 -9999.0 -9999.0 -9999.0 -9999.0 -9999.0 -9999.0 -9999.0 -9999.0 -9999.0 -9999.0 -9999.0 -9999.0 -9999.0 -9999.0 -9999.0 -9999.0 -9999.0 -9999.0 -9999.0 -9999.0 -9999.0 -9999.0 -9999.0 -9999.0 -9999.0 -9999.0 -9999.0 -9999.0 -9999.0 -9999.0 -9999.0 -9999.0 -9999.0 318.6 306.1 298.8 308.8 325.9 269.7 256.5 298.9 163.9 187.5 148.7 141.1 133.6 128.6 96.8 80.2 70.2 70.5 75.8 80.8 82.1
-9999.0 -9999.0 -9999.0 -9999.0 -9999.0 -9999.0 -9999.0 -9999.0 -9999.0 -9999.0 -9999.0 -9999.0 -9999.0 -9999.0 -9999.0 -9999.0 -9999.0 -9999.0 -9999.0 -9999.0 -9999.0 -9999.0 -9999.0 -9999.0 -9999.0 -9999.0 -9999.0 -9999.0 -9999.0 -9999.0 -9999.0 -9999.0 -9999.0 -9999.0 -9999.0 -9999.0 -9999.0 -9999.0 -9999.0 -9999.0 -9999.0 -9999.0 -9999.0 -9999.0 -9999.0 -9999.0 -9999.0 -9999.0 -9999.0 -9999.0 -9999.0 -9999.0 -9999.0 371.6 343.6 419.5 318.7 286.3 307.1 351.0 273.0 220.0 255.6 221.5 210.2 187.1 158.9 129.9 97.5 85.5 85.7 91.2 99.8 106.9
-9999.0 -9999.0 -9999.0 -9999.0 -9999.0 -9999.0 -9999.0 -9999.0 -9999.0 -9999.0 -9999.0 -9999.0 -9999.0 -9999.0 -9999.0 -9999.0 -9999.0 -9999.0 -9999.0 -9999.0 -9999.0 -9999.0 -9999.0 -9999.0 -9999.0 -9999.0 -9999.0 -9999.0 -9999.0 -9999.0 -9999.0 -9999.0 -9999.0 -9999.0 -9999.0 -9999.0 -9999.0 -9999.0 -9999.0 -9999.0 -9999.0 -9999.0 -9999.0 -9999.0 -9999.0 -9999.0 -9999.0 -9999.0 -9999.0 -9999.0 -9999.0 -9999.0 -9999.0 418.2 351.2 389.5 337.1 288.9 300.5 302.1 330.8 311.3 335.6 320.7 290.5 -9999.0 -9999.0 -9999.0 136.2 116.7 113.3 120.5 133.8 148.6
-9999.0 -9999.0 -9999.0 -9999.0 -9999.0 -9999.0 -9999.0 -9999.0 -9999.0 -9999.0 -9999.0 -9999.0 -9999.0 -9999.0 -9999.0 -9999.0 -9999.0 -9999.0 -9999.0 -9999.0 -9999.0 -9999.0 -9999.0 -9999.0 -9999.0 -9999.0 -9999.0 -9999.0 -9999.0 -9999.0 -9999.0 -9999.0 -9999.0 -9999.0 -9999.0 -9999.0 -9999.0 -9999.0 -9999.0 -9999.0 -9999.0 -9999.0 -9999.0 -9999.0 -9999.0 -9999.0 -9999.0 -9999.0 -9999.0 -9999.0 -9999.0 -9999.0 -9999.0 -9999.0 416.1 374.1 285.5 245.5 295.5 345.9 286.7 -9999.0 -9999.0 -9999.0 -9999.0 -9999.0 -9999.0 -9999.0 197.9 173.7 171.8 173.0 191.3 220.6
-9999.0 -9999.0 -9999.0 -9999.0 -9999.0 -9999.0 -9999.0 -9999.0 -9999.0 -9999.0 -9999.0 -9999.0 -9999.0 -9999.0 -9999.0 -9999.0 -9999.0 -9999.0 -9999.0 -9999.0 -9999.0 -9999.0 -9999.0 -9999.0 -9999.0 -9999.0 -9999.0 -9999.0 -9999.0 -9999.0 -9999.0 -9999.0 -9999.0 -9999.0 -9999.0 -9999.0 -9999.0 -9999.0 -9999.0 -9999.0 -9999.0 -9999.0 -9999.0 -9999.0 -9999.0 -9999.0 -9999.0 -9999.0 -9999.0 -9999.0 -9999.0 -9999.0 -9999.0 -9999.0 -9999.0 346.8 375.2 278.4 253.2 299.7 317.3 -9999.0 -9999.0 -9999.0 -9999.0 -9999.0 -9999.0 -9999.0 -9999.0 -9999.0 259.3 -9999.0 -9999.0 -9999.0
