program/excelProcessViaJava/data/SURF_CLI_CHN_PRE_MON_GRID_0.5-200007.txt
NCOLS      128
NROWS       72
XLLCORNER    72.000000000000    
YLLCORNER    18.000000000000    
CELLSIZE    0.50000000000000    
NODATA_VALUE   -9999.000    
[rows 33 to 65 of 72, columns 0 to 74 of 128]
-9999.0 -9999.0 -9999.0 -9999.0 17.7 15.8 15.1 13.7 14.2 8.3 13.0 13.7 12.7 7.6 5.7 6.4 9.5 14.4 18.0 18.8 15.5 11.8 10.0 12.1 15.9 25.1 35.1 96.6 77.0 83.4 87.0 81.6 77.1 78.3 61.5 55.0 44.7 58.2 45.1 24.4 9.1 4.6 4.0 3.8 4.9 6.5 9.2 14.5 19.8 17.5 23.2 46.1 64.0 79.5 59.5 64.9 64.4 74.5 70.8 70.4 54.3 31.3 16.0 9.0 12.5 12.7 15.6 29.3 25.2 31.1 39.2 50.9 56.6 54.9 55.2
-9999.0 -9999.0 -9999.0 -9999.0 15.4 13.3 14.5 12.6 18.0 21.2 17.6 30.4 33.0 39.5 20.2 23.6 30.1 25.3 23.2 22.4 25.3 24.4 27.0 52.3 82.3 89.9 82.5 84.3 83.4 83.9 83.3 86.3 80.3 77.0 74.5 65.2 65.9 64.8 46.3 27.9 33.9 11.3 8.5 6.0 6.6 7.7 8.6 9.3 10.7 15.0 21.2 33.0 65.8 60.6 58.1 61.2 57.9 57.7 60.9 46.6 43.8 21.6 14.3 10.3 10.9 17.5 11.7 19.7 26.1 36.4 48.1 63.1 67.7 63.1 53.8
-9999.0 -9999.0 -9999.0 -9999.0 -9999.0 -9999.0 -9999.0 14.2 18.6 20.7 29.1 35.5 39.4 49.0 57.0 29.6 56.9 46.0 45.6 59.0 77.3 85.2 85.3 83.0 81.0 80.2 82.6 83.8 84.7 87.2 86.9 86.2 84.4 83.4 82.4 75.9 76.6 69.5 71.1 67.6 40.1 61.9 53.3 35.8 22.1 13.4 18.7 17.1 22.7 19.0 23.0 35.2 56.0 93.5 90.0 62.3 49.5 43.8 56.6 44.0 39.1 21.8 19.6 14.9 9.9 11.1 10.6 16.2 27.3 41.0 51.4 64.0 80.5 81.6 71.4
-9999.0 -9999.0 -9999.0 -9999.0 -9999.0 -9999.0 -9999.0 18.5 17.2 25.7 32.5 38.4 47.6 56.8 65.0 72.1 79.5 84.1 89.0 87.8 86.5 88.0 84.5 82.9 80.7 80.5 80.4 83.6 82.7 83.4 86.1 86.5 86.1 86.3 83.7 82.1 78.8 78.9 75.7 70.2 66.9 61.8 59.9 70.8 45.2 30.4 36.4 38.6 56.6 51.1 77.0 76.7 65.8 79.4 93.9 74.4 59.9 52.3 54.2 48.8 31.2 23.1 24.2 18.6 12.4 9.9 11.7 18.7 34.1 33.9 45.0 65.3 86.1 93.8 71.0
-9999.0 -9999.0 -9999.0 -9999.0 -9999.0 -9999.0 -9999.0 -9999.0 -9999.0 28.7 35.3 42.3 53.8 63.0 71.3 78.4 86.4 87.0 92.9 91.7 91.7 87.7 84.5 82.2 80.4 79.3 80.8 82.0 82.8 85.4 85.9 87.2 87.5 87.1 86.2 85.2 83.9 83.8 81.3 80.5 74.6 72.5 65.2 57.5 60.8 58.9 59.0 58.0 60.0 61.3 69.4 68.6 70.5 74.4 87.4 75.0 60.0 51.7 56.9 47.0 35.6 31.3 27.8 24.8 17.9 14.1 14.8 20.4 38.0 32.4 43.1 52.2 74.2 92.3 108.5
-9999.0 -9999.0 -9999.0 -9999.0 -9999.0 -9999.0 -9999.0 -9999.0 -9999.0 -9999.0 -9999.0 49.7 54.1 68.7 78.1 86.0 92.0 95.3 96.1 95.1 92.5 89.0 85.8 82.2 82.0 80.9 81.6 82.8 84.7 86.9 88.6 87.8 89.8 89.3 89.4 87.3 88.8 89.1 91.2 88.9 88.9 81.1 71.7 64.4 74.0 62.7 76.1 67.4 69.6 65.4 58.1 60.8 65.2 73.2 82.1 74.5 62.5 61.1 55.7 49.1 46.1 38.5 36.7 35.0 32.4 19.8 16.6 23.0 33.9 39.7 38.3 49.2 57.8 67.0 48.0
-9999.0 -9999.0 -9999.0 -9999.0 -9999.0 -9999.0 -9999.0 -9999.0 -9999.0 -9999.0 -9999.0 -9999.0 60.7 70.9 83.2 90.9 93.0 98.6 98.4 93.6 91.9 88.3 84.7 81.5 78.5 80.5 81.9 83.2 86.1 85.2 90.2 91.8 91.6 87.8 87.2 88.8 86.0 91.6 93.6 93.1 90.4 85.1 78.1 76.3 71.8 72.8 77.2 67.3 66.7 63.2 67.8 64.9 61.3 62.4 68.9 72.8 71.2 73.7 53.9 60.4 54.9 59.2 59.9 55.9 44.9 50.8 30.1 37.2 45.3 52.8 30.0 23.3 35.1 51.2 76.9
-9999.0 -9999.0 -9999.0 -9999.0 -9999.0 -9999.0 -9999.0 -9999.0 -9999.0 -9999.0 -9999.0 -9999.0 66.7 72.5 79.7 94.2 96.2 99.7 97.6 95.0 90.8 86.2 82.6 80.1 79.1 80.3 82.6 87.4 89.7 95.0 93.3 88.7 91.4 90.4 86.5 88.4 84.2 87.5 93.1 95.6 94.1 88.9 87.8 76.8 78.7 82.7 73.8 70.0 59.6 63.4 58.3 59.9 56.5 65.0 64.9 74.9 71.8 73.6 63.4 62.9 66.5 73.3 78.4 80.3 61.3 60.7 33.0 34.9 41.0 57.6 91.7 139.8 164.1 148.7 159.3
-9999.0 -9999.0 -9999.0 -9999.0 -9999.0 -9999.0 -9999.0 -9999.0 -9999.0 -9999.0 -9999.0 -9999.0 -9999.0 78.0 86.5 89.9 98.3 97.7 95.1 91.4 87.2 82.3 79.0 77.5 77.7 76.8 79.3 79.6 87.6 92.8 100.3 101.7 89.3 85.0 91.2 87.0 85.9 85.7 80.1 90.8 93.6 92.7 89.6 90.8 83.9 78.5 83.5 87.6 85.5 77.2 69.9 60.5 61.0 88.6 88.0 89.9 87.4 89.8 95.9 82.7 82.5 86.6 90.8 85.2 69.5 65.6 71.0 67.5 81.4 93.8 95.2 133.9 183.1 196.6 210.3
-9999.0 -9999.0 -9999.0 -9999.0 -9999.0 -9999.0 -9999.0 -9999.0 -9999.0 -9999.0 -9999.0 -9999.0 66.5 75.8 84.5 90.2 91.7 93.3 90.3 84.3 80.4 77.0 74.6 73.9 75.6 74.8 80.5 88.7 95.1 97.9 103.7 111.9 89.7 93.3 83.4 84.0 73.7 86.8 90.0 90.5 87.8 91.7 97.4 92.8 96.4 99.3 97.3 93.2 96.6 93.3 96.3 100.0 84.3 98.2 100.2 107.0 117.3 97.2 101.2 92.2 92.1 95.4 94.1 96.5 85.4 81.9 79.3 91.4 137.2 184.3 227.5 270.2 264.2 201.6 177.1
-9999.0 -9999.0 -9999.0 -9999.0 -9999.0 -9999.0 -9999.0 -9999.0 -9999.0 -9999.0 -9999.0 -9999.0 63.4 65.2 76.6 78.9 82.9 83.5 80.4 77.2 72.5 70.1 68.4 68.6 72.2 78.1 84.9 93.6 101.8 113.8 121.3 118.6 97.6 108.6 97.1 82.2 85.8 82.6 87.1 95.6 94.4 97.4 99.0 103.1 110.5 120.9 135.6 138.7 136.0 112.2 109.1 121.6 111.3 114.5 122.7 122.7 132.4 130.9 114.8 114.5 110.1 108.1 88.4 78.2 76.9 122.7 114.8 153.1 197.9 262.0 330.6 378.0 366.3 324.6 284.1
-9999.0 -9999.0 -9999.0 -9999.0 -9999.0 -9999.0 -9999.0 -9999.0 -9999.0 -9999.0 -9999.0 -9999.0 45.5 63.7 62.9 70.7 72.1 71.6 69.9 66.6 61.8 59.0 60.8 60.2 65.1 65.7 75.9 76.6 104.1 116.2 127.1 107.4 128.4 127.7 108.9 86.7 81.7 82.0 92.2 87.8 99.3 113.1 107.7 118.7 129.1 147.9 164.0 167.8 153.9 148.3 147.9 137.7 183.7 190.3 174.1 144.3 152.3 149.7 139.2 116.2 106.3 97.5 109.1 70.1 98.0 207.9 197.3 217.9 262.9 319.3 382.1 423.2 422.1 360.8 284.2
-9999.0 -9999.0 -9999.0 -9999.0 -9999.0 -9999.0 -9999.0 -9999.0 -9999.0 -9999.0 -9999.0 -9999.0 -9999.0 53.5 58.1 58.3 60.2 58.4 57.4 54.6 48.9 51.4 49.9 50.0 58.8 63.7 73.9 88.4 93.9 124.3 113.0 126.2 118.9 129.4 103.4 63.4 62.0 85.7 89.3 104.6 112.9 100.2 111.9 131.2 147.5 161.6 179.3 170.9 192.3 185.9 159.5 197.8 195.7 185.1 212.7 207.0 164.0 153.6 149.1 149.5 123.0 142.2 97.1 67.5 200.7 204.2 203.8 223.0 267.2 317.5 375.7 424.7 404.0 421.2 344.8
-9999.0 -9999.0 -9999.0 -9999.0 -9999.0 -9999.0 -9999.0 -9999.0 -9999.0 -9999.0 -9999.0 -9999.0 -9999.0 30.0 47.1 45.9 48.1 45.3 44.7 43.8 40.2 39.6 39.3 42.6 53.6 57.5 65.0 84.1 95.7 73.6 93.0 105.6 130.1 117.8 80.5 67.9 81.5 88.6 82.4 66.7 107.6 116.0 127.8 140.9 149.6 168.9 180.5 167.2 175.4 175.4 201.0 167.9 221.3 245.0 251.8 231.9 193.8 175.3 166.0 124.9 126.9 87.6 100.3 181.3 177.0 167.4 166.0 190.4 231.5 281.4 323.6 349.8 367.6 347.9 329.2
-9999.0 -9999.0 -9999.0 -9999.0 -9999.0 -9999.0 -9999.0 -9999.0 -9999.0 -9999.0 -9999.0 -9999.0 -9999.0 -9999.0 -9999.0 35.0 34.1 35.3 33.9 33.3 32.7 34.0 35.9 37.7 40.3 46.9 42.6 60.3 56.3 93.7 94.2 110.5 80.2 80.8 88.3 51.4 44.7 114.0 99.3 99.1 87.3 99.1 120.1 140.0 158.3 153.1 164.8 126.7 163.3 101.9 162.0 238.1 221.5 242.1 214.5 235.2 218.1 178.5 180.4 162.0 107.6 102.6 152.4 154.0 147.1 139.4 143.9 170.7 207.9 236.5 255.7 259.1 214.0 216.4 253.0
-9999.0 -9999.0 -9999.0 -9999.0 -9999.0 -9999.0 -9999.0 -9999.0 -9999.0 -9999.0 -9999.0 -9999.0 -9999.0 -9999.0 -9999.0 -9999.0 -9999.0 6.3 18.8 -9999.0 25.5 26.4 30.5 34.1 33.5 39.9 35.4 49.5 72.2 66.8 91.0 124.2 65.8 132.0 155.1 86.6 43.3 157.9 97.2 94.7 91.9 88.4 111.4 131.5 161.4 138.9 107.6 162.8 106.7 141.5 83.8 156.8 144.4 234.3 244.9 238.4 200.7 205.1 177.5 157.2 105.9 103.1 120.6 128.8 123.9 120.9 133.0 155.8 190.6 217.6 234.2 169.4 148.4 140.7 153.0
-9999.0 -9999.0 -9999.0 -9999.0 -9999.0 -9999.0 -9999.0 -9999.0 -9999.0 -9999.0 -9999.0 -9999.0 -9999.0 -9999.0 -9999.0 -9999.0 -9999.0 -9999.0 -9999.0 -9999.0 -9999.0 21.7 22.9 21.4 28.1 41.3 48.5 57.0 64.0 88.8 93.6 146.3 144.8 128.8 141.1 83.9 91.2 105.5 130.2 159.8 143.3 78.6 90.4 108.4 148.9 123.4 110.6 91.1 158.2 254.1 127.5 222.9 232.0 168.0 202.1 228.3 215.5 176.2 196.8 145.2 117.1 119.3 106.1 112.6 120.3 127.2 138.1 150.6 179.8 206.4 199.2 144.9 115.5 104.5 110.5
-9999.0 -9999.0 -9999.0 -9999.0 -9999.0 -9999.0 -9999.0 -9999.0 -9999.0 -9999.0 -9999.0 -9999.0 -9999.0 -9999.0 -9999.0 -9999.0 -9999.0 -9999.0 -9999.0 -9999.0 -9999.0 -9999.0 -9999.0 28.7 27.5 34.6 42.2 48.2 45.1 72.0 77.0 79.4 49.6 70.6 53.2 54.8 46.7 78.5 58.8 56.5 62.8 63.7 81.6 103.6 129.3 129.2 92.4 76.2 65.2 66.7 80.8 172.0 121.5 158.3 153.6 135.4 184.7 193.3 141.8 137.7 157.8 155.9 145.0 129.4 126.2 136.3 142.8 143.6 160.4 179.5 160.2 128.1 102.9 95.4 99.2
-9999.0 -9999.0 -9999.0 -9999.0 -9999.0 -9999.0 -9999.0 -9999.0 -9999.0 -9999.0 -9999.0 -9999.0 -9999.0 -9999.0 -9999.0 -9999.0 -9999.0 -9999.0 -9999.0 -9999.0 -9999.0 -9999.0 -9999.0 -9999.0 -9999.0 47.2 46.3 22.3 30.6 25.9 49.3 84.2 94.4 69.9 81.2 43.9 28.1 59.6 44.7 58.8 47.9 59.2 129.2 115.8 130.1 120.9 99.6 109.8 85.7 70.9 144.6 129.4 176.9 179.8 144.6 154.0 175.4 152.2 156.4 129.7 123.8 139.0 114.0 143.0 138.2 139.5 135.6 140.8 158.4 165.1 140.3 106.4 94.4 104.0 113.7
-9999.0 -9999.0 -9999.0 -9999.0 -9999.0 -9999.0 -9999.0 -9999.0 -9999.0 -9999.0 -9999.0 -9999.0 -9999.0 -9999.0 -9999.0 -9999.0 -9999.0 -9999.0 -9999.0 -9999.0 -9999.0 -9999.0 -9999.0 -9999.0 -9999.0 -9999.0 -9999.0 72.9 94.4 81.6 92.2 104.9 44.1 131.5 65.7 187.0 75.5 76.1 112.1 64.7 49.6 71.4 118.8 128.0 118.4 110.8 106.4 106.4 111.3 92.2 129.6 153.2 138.6 156.7 176.0 195.3 184.7 166.7 149.4 122.7 160.1 118.7 144.8 132.1 115.6 131.7 144.6 145.2 154.5 150.1 118.6 106.4 85.7 109.0 113.5
-9999.0 -9999.0 -9999.0 -9999.0 -9999.0 -9999.0 -9999.0 -9999.0 -9999.0 -9999.0 -9999.0 -9999.0 -9999.0 -9999.0 -9999.0 -9999.0 -9999.0 -9999.0 -9999.0 -9999.0 -9999.0 -9999.0 -9999.0 -9999.0 -9999.0 -9999.0 -9999.0 -9999.0 -9999.0 -9999.0 -9999.0 -9999.0 -9999.0 157.1 86.4 -9999.0 -9999.0 -9999.0 138.1 80.5 100.7 111.6 96.5 112.4 104.1 99.6 -9999.0 -9999.0 -9999.0 -9999.0 -9999.0 -9999.0 159.9 192.2 204.4 225.0 222.5 207.3 158.8 149.9 133.4 110.6 118.0 117.9 132.8 153.1 175.5 186.1 166.6 132.7 102.5 102.6 103.3 94.5 121.3
-9999.0 -9999.0 -9999.0 -9999.0 -9999.0 -9999.0 -9999.0 -9999.0 -9999.0 -9999.0 -9999.0 -9999.0 -9999.0 -9999.0 -9999.0 -9999.0 -9999.0 -9999.0 -9999.0 -9999.0 -9999.0 -9999.0 -9999.0 -9999.0 -9999.0 -9999.0 -9999.0 -9999.0 -9999.0 -9999.0 -9999.0 -9999.0 -9999.0 -9999.0 -9999.0 -9999.0 -9999.0 -9999.0 -9999.0 120.8 114.9 107.9 101.3 96.0 -9999.0 -9999.0 -9999.0 -9999.0 -9999.0 -9999.0 -9999.0 -9999.0 168.0 220.0 223.1 235.2 244.4 227.1 201.9 176.3 148.1 114.2 105.7 125.1 145.8 180.2 208.1 204.7 162.4 140.3 126.1 106.8 82.9 97.7 81.9
-9999.0 -9999.0 -9999.0 -9999.0 -9999.0 -9999.0 -9999.0 -9999.0 -9999.0 -9999.0 -9999.0 -9999.0 -9999.0 -9999.0 -9999.0 -9999.0 -9999.0 -9999.0 -9999.0 -9999.0 -9999.0 -9999.0 -9999.0 -9999.0 -9999.0 -9999.0 -9999.0 -9999.0 -9999.0 -9999.0 -9999.0 -9999.0 -9999.0 -9999.0 -9999.0 -9999.0 -9999.0 -9999.0 -9999.0 -9999.0 -9999.0 -9999.0 -9999.0 -9999.0 -9999.0 -9999.0 -9999.0 -9999.0 -9999.0 -9999.0 -9999.0 -9999.0 162.5 243.7 231.4 258.1 235.7 222.4 202.3 173.8 146.1 121.0 148.3 145.9 185.2 235.7 248.1 216.5 169.5 143.4 133.1 120.4 141.4 95.8 89.5
-9999.0 -9999.0 -9999.0 -9999.0 -9999.0 -9999.0 -9999.0 -9999.0 -9999.0 -9999.0 -9999.0 -9999.0 -9999.0 -9999.0 -9999.0 -9999.0 -9999.0 -9999.0 -9999.0 -9999.0 -9999.0 -9999.0 -9999.0 -9999.0 -9999.0 -9999.0 -9999.0 -9999.0 -9999.0 -9999.0 -9999.0 -9999.0 -9999.0 -9999.0 -9999.0 -9999.0 -9999.0 -9999.0 -9999.0 -9999.0 -9999.0 -9999.0 -9999.0 -9999.0 -9999.0 -9999.0 -9999.0 -9999.0 -9999.0 -9999.0 -9999.0 157.9 191.9 252.2 202.4 231.6 230.0 233.0 206.9 177.6 163.4 146.5 144.1 181.2 234.6 278.5 259.6 186.4 180.8 157.9 152.9 146.0 117.5 91.9 90.7
-9999.0 -9999.0 -9999.0 -9999.0 -9999.0 -9999.0 -9999.0 -9999.0 -9999.0 -9999.0 -9999.0 -9999.0 -9999.0 -9999.0 -9999.0 -9999.0 -9999.0 -9999.0 -9999.0 -9999.0 -9999.0 -9999.0 -9999.0 -9999.0 -9999.0 -9999.0 -9999.0 -9999.0 -9999.0 -9999.0 -9999.0 -9999.0 -9999.0 -9999.0 -9999.0 -9999.0 -9999.0 -9999.0 -9999.0 -9999.0 -9999.0 -9999.0 -9999.0 -9999.0 -9999.0 -9999.0 -9999.0 -9999.0 -9999.0 -9999.0 122.3 211.9 249.3 272.6 244.8 257.7 241.0 231.9 222.8 212.7 176.6 191.8 178.9 214.8 272.8 294.8 262.5 203.7 203.3 178.8 183.4 161.8 148.5 148.1 140.3
-9999.0 -9999.0 -9999.0 -9999.0 -9999.0 -9999.0 -9999.0 -9999.0 -9999.0 -9999.0 -9999.0 -9999.0 -9999.0 -9999.0 -9999.0 -9999.0 -9999.0 -9999.0 -9999.0 -9999.0 -9999.0 -9999.0 -9999.0 -9999.0 -9999.0 -9999.0 -9999.0 -9999.0 -9999.0 -9999.0 -9999.0 -9999.0 -9999.0 -9999.0 -9999.0 -9999.0 -9999.0 -9999.0 -9999.0 -9999.0 -9999.0 -9999.0 -9999.0 -9999.0 -9999.0 -9999.0 -9999.0 -9999.0 -9999.0 -9999.0 136.2 288.8 262.5 318.8 316.5 292.2 262.3 286.7 272.5 231.7 196.8 202.3 200.3 234.8 278.4 252.5 234.6 184.4 196.9 185.3 190.3 185.8 178.4 162.1 133.0
-9999.0 -9999.0 -9999.0 -9999.0 -9999.0 -9999.0 -9999.0 -9999.0 -9999.0 -9999.0 -9999.0 -9999.0 -9999.0 -9999.0 -9999.0 -9999.0 -9999.0 -9999.0 -9999.0 -9999.0 -9999.0 -9999.0 -9999.0 -9999.0 -9999.0 -9999.0 -9999.0 -9999.0 -9999.0 -9999.0 -9999.0 -9999.0 -9999.0 -9999.0 -9999.0 -9999.0 -9999.0 -9999.0 -9999.0 -9999.0 -9999.0 -9999.0 -9999.0 -9999.0 -9999.0 -9999.0 -9999.0 -9999.0 -9999.0 -9999.0 141.7 244.9 259.2 403.3 340.4 317.5 362.0 317.6 320.1 236.1 233.3 237.2 226.4 219.8 250.8 252.5 210.8 178.0 176.8 214.8 178.1 220.8 156.6 179.8 131.2
-9999.0 -9999.0 -9999.0 -9999.0 -9999.0 -9999.0 -9999.0 -9999.0 -9999.0 -9999.0 -9999.0 -9999.0 -9999.0 -9999.0 -9999.0 -9999.0 -9999.0 -9999.0 -9999.0 -9999.0 -9999.0 -9999.0 -9999.0 -9999.0 -9999.0 -9999.0 -9999.0 -9999.0 -9999.0 -9999.0 -9999.0 -9999.0 -9999.0 -9999.0 -9999.0 -9999.0 -9999.0 -9999.0 -9999.0 -9999.0 -9999.0 -9999.0 -9999.0 -9999.0 -9999.0 -9999.0 -9999.0 -9999.0 -9999.0 -9999.0 250.0 359.5 358.7 403.3 388.5 403.3 296.5 345.2 337.1 256.7 265.4 231.6 164.1 205.6 233.8 243.2 247.1 209.4 226.5 145.4 164.0 152.0 158.4 180.4 148.6
-9999.0 -9999.0 -9999.0 -9999.0 -9999.0 -9999.0 -9999.0 -9999.0 -9999.0 -9999.0 -9999.0 -9999.0 -9999.0 -9999.0 -9999.0 -9999.0 -9999.0 -9999.0 -9999.0 -9999.0 -9999.0 -9999.0 -9999.0 -9999.0 -9999.0 -9999.0 -9999.0 -9999.0 -9999.0 -9999.0 -9999.0 -9999.0 -9999.0 -9999.0 -9999.0 -9999.0 -9999.0 -9999.0 -9999.0 -9999.0 -9999.0 -9999.0 -9999.0 -9999.0 -9999.0 -9999.0 -9999.0 -9999.0 -9999.0 -9999.0 -9999.0 -9999.0 -9999.0 355.2 343.2 339.4 352.2 377.6 277.2 277.4 415.4 194.3 290.5 230.7 235.2 234.8 255.1 195.3 215.3 199.1 167.1 155.8 170.2 198.4 207.2
-9999.0 -9999.0 -9999.0 -9999.0 -9999.0 -9999.0 -9999.0 -9999.0 -9999.0 -9999.0 -9999.0 -9999.0 -9999.0 -9999.0 -9999.0 -9999.0 -9999.0 -9999.0 -9999.0 -9999.0 -9999.0 -9999.0 -9999.0 -9999.0 -9999.0 -9999.0 -9999.0 -9999.0 -9999.0 -9999.0 -9999.0 -9999.0 -9999.0 -9999.0 -9999.0 -9999.0 -9999.0 -9999.0 -9999.0 -9999.0 -9999.0 -9999.0 -9999.0 -9999.0 -9999.0 -9999.0 -9999.0 -9999.0 -9999.0 -9999.0 -9999.0 -9999.0 -9999.0 364.7 328.4 492.3 350.2 301.6 340.8 452.0 323.3 261.0 360.0 314.3 306.2 279.5 236.4 255.3 197.3 186.9 178.0 199.5 239.3 276.2 278.3
-9999.0 -9999.0 -9999.0 -9999.0 -9999.0 -9999.0 -9999.0 -9999.0 -9999.0 -9999.0 -9999.0 -9999.0 -9999.0 -9999.0 -9999.0 -9999.0 -9999.0 -9999.0 -9999.0 -9999.0 -9999.0 -9999.0 -9999.0 -9999.0 -9999.0 -9999.0 -9999.0 -9999.0 -9999.0 -9999.0 -9999.0 -9999.0 -9999.0 -9999.0 -9999.0 -9999.0 -9999.0 -9999.0 -9999.0 -9999.0 -9999.0 -9999.0 -9999.0 -9999.0 -9999.0 -9999.0 -9999.0 -9999.0 -9999.0 -9999.0 -9999.0 -9999.0 -9999.0 398.1 297.3 439.2 411.7 351.1 376.8 375.1 445.8 423.8 484.5 464.0 431.9 -9999.0 -9999.0 -9999.0 247.3 213.1 238.0 291.1 332.0 337.2 307.3
-9999.0 -9999.0 -9999.0 -9999.0 -9999.0 -9999.0 -9999.0 -9999.0 -9999.0 -9999.0 -9999.0 -9999.0 -9999.0 -9999.0 -9999.0 -9999.0 -9999.0 -9999.0 -9999.0 -9999.0 -9999.0 -9999.0 -9999.0 -9999.0 -9999.0 -9999.0 -9999.0 -9999.0 -9999.0 -9999.0 -9999.0 -9999.0 -9999.0 -9999.0 -9999.0 -9999.0 -9999.0 -9999.0 -9999.0 -9999.0 -9999.0 -9999.0 -9999.0 -9999.0 -9999.0 -9999.0 -9999.0 -9999.0 -9999.0 -9999.0 -9999.0 -9999.0 -9999.0 -9999.0 451.7 457.6 360.6 325.4 457.2 554.5 411.6 -9999.0 -9999.0 -9999.0 -9999.0 -9999.0 -9999.0 -9999.0 281.8 285.5 334.6 366.6 375.6 335.3 270.5
-9999.0 -9999.0 -9999.0 -9999.0 -9999.0 -9999.0 -9999.0 -9999.0 -9999.0 -9999.0 -9999.0 -9999.0 -9999.0 -9999.0 -9999.0 -9999.0 -9999.0 -9999.0 -9999.0 -9999.0 -9999.0 -9999.0 -9999.0 -9999.0 -9999.0 -9999.0 -9999.0 -9999.0 -9999.0 -9999.0 -9999.0 -9999.0 -9999.0 -9999.0 -9999.0 -9999.0 -9999.0 -9999.0 -9999.0 -9999.0 -9999.0 -9999.0 -9999.0 -9999.0 -9999.0 -9999.0 -9999.0 -9999.0 -9999.0 -9999.0 -9999.0 -9999.0 -9999.0 -9999.0 -9999.0 475.5 651.9 489.8 444.9 546.7 547.5 -9999.0 -9999.0 -9999.0 -9999.0 -9999.0 -9999.0 -9999.0 -9999.0 -9999.0 365.7 -9999.0 -9999.0 -9999.0 -9999.0
