program/excelProcessViaJava/data/SURF_CLI_CHN_PRE_MON_GRID_0.5-200001.txt
NCOLS      128
NROWS       72
XLLCORNER    72.000000000000    
YLLCORNER    18.000000000000    
CELLSIZE    0.50000000000000    
NODATA_VALUE   -9999.000    
[rows 35 to 69 of 72, columns 0 to 78 of 128]
-9999.0 -9999.0 -9999.0 -9999.0 -9999.0 -9999.0 -9999.0 2.8 2.6 1.3 1.7 1.0 0.3 0.1 0.1 0.3 0.1 0.2 0.3 0.1 0.0 0.0 0.0 0.0 0.0 0.0 0.0 0.0 0.1 0.2 0.4 0.8 1.4 2.1 2.7 3.1 3.4 3.1 2.8 2.2 1.0 1.2 0.8 0.4 0.4 0.4 0.6 0.7 1.4 1.8 2.9 3.9 3.0 2.1 0.7 0.1 0.1 0.3 1.3 1.3 2.6 1.2 0.9 1.3 2.5 1.2 3.1 5.3 5.3 7.3 8.1 8.6 9.0 8.9 8.3 8.5 8.7 10.4 12.6
-9999.0 -9999.0 -9999.0 -9999.0 -9999.0 -9999.0 -9999.0 5.3 1.8 1.8 1.4 0.6 0.4 0.3 0.1 0.1 0.0 0.0 0.0 0.0 0.0 0.0 0.0 0.0 0.0 0.0 0.0 0.1 0.1 0.3 0.7 1.2 1.8 2.5 3.0 3.5 3.6 3.5 3.1 2.3 1.7 1.1 0.8 1.3 0.6 0.4 0.7 1.1 3.0 3.5 5.6 4.8 2.9 1.5 1.2 0.1 0.2 0.6 1.4 1.9 1.6 2.0 1.5 2.1 1.8 2.1 3.2 4.9 8.4 7.0 8.4 10.5 12.0 12.3 10.3 11.2 10.2 10.5 14.4
-9999.0 -9999.0 -9999.0 -9999.0 -9999.0 -9999.0 -9999.0 -9999.0 -9999.0 1.7 1.0 0.6 0.5 0.2 0.1 0.1 0.0 0.0 0.0 0.0 0.0 0.0 0.0 0.0 0.0 0.0 0.1 0.1 0.3 0.5 1.1 1.6 2.3 2.9 3.5 3.9 4.1 4.0 3.7 3.2 2.4 1.7 1.1 0.8 1.0 1.1 1.4 1.8 2.8 3.7 4.8 4.0 2.7 1.5 1.4 0.3 0.2 0.6 1.5 1.6 1.4 1.9 2.8 1.9 2.9 3.7 4.7 6.5 10.3 9.3 10.5 12.2 13.6 14.3 14.3 11.4 11.7 11.3 13.3
-9999.0 -9999.0 -9999.0 -9999.0 -9999.0 -9999.0 -9999.0 -9999.0 -9999.0 -9999.0 -9999.0 0.8 0.3 0.2 0.1 0.1 0.0 0.0 0.0 0.0 0.0 0.0 0.0 0.0 0.0 0.1 0.1 0.2 0.4 0.9 1.4 1.9 2.7 3.3 3.9 4.1 4.5 4.6 4.8 4.4 4.0 3.0 2.1 1.6 2.2 1.5 2.8 2.4 3.6 4.1 3.6 3.4 2.6 2.1 1.9 1.0 0.5 1.0 1.3 1.4 1.5 1.4 2.0 2.3 3.7 5.3 5.8 8.7 10.7 10.7 11.2 13.1 13.2 11.6 8.4 9.6 10.5 9.9 11.8
-9999.0 -9999.0 -9999.0 -9999.0 -9999.0 -9999.0 -9999.0 -9999.0 -9999.0 -9999.0 -9999.0 -9999.0 0.3 0.2 0.1 0.1 0.0 0.0 0.0 0.0 0.0 0.0 0.0 0.0 0.0 0.1 0.2 0.3 0.6 0.9 1.7 2.5 3.1 3.4 3.9 4.4 4.6 5.1 5.5 5.7 5.5 4.8 3.9 3.5 3.0 3.0 3.5 2.5 3.3 4.0 5.2 4.3 2.8 1.9 1.8 1.7 1.6 2.1 1.2 1.8 1.5 2.0 2.7 3.4 4.3 8.1 9.6 11.5 11.5 10.7 9.2 8.9 7.6 6.8 8.8 14.9 10.2 8.8 11.2
-9999.0 -9999.0 -9999.0 -9999.0 -9999.0 -9999.0 -9999.0 -9999.0 -9999.0 -9999.0 -9999.0 -9999.0 0.4 0.2 0.2 0.1 0.1 0.0 0.0 0.0 0.0 0.0 0.0 0.1 0.1 0.1 0.3 0.7 0.9 1.7 2.0 2.4 3.2 3.8 4.0 4.4 4.5 5.1 5.9 6.7 7.1 6.7 6.7 5.1 5.2 5.6 4.0 3.3 2.3 3.8 3.7 3.7 2.5 2.6 2.1 2.6 2.2 2.6 1.9 1.7 1.7 2.3 3.6 5.7 6.0 10.0 5.9 7.9 8.2 9.0 12.2 18.4 21.0 15.9 14.3 11.9 11.4 8.7 7.8
-9999.0 -9999.0 -9999.0 -9999.0 -9999.0 -9999.0 -9999.0 -9999.0 -9999.0 -9999.0 -9999.0 -9999.0 -9999.0 0.2 0.1 0.1 0.0 0.0 0.0 0.0 0.0 0.1 0.0 0.1 0.1 0.1 0.2 0.3 0.8 1.4 2.5 3.2 3.1 3.5 4.2 4.2 4.4 4.8 6.0 7.1 8.3 9.0 8.7 9.1 7.5 6.0 6.2 6.2 5.7 4.8 4.1 2.7 2.3 4.6 4.0 3.9 3.6 4.0 4.8 3.6 3.2 3.7 5.5 7.0 2.6 7.8 13.3 13.7 14.1 10.7 5.8 6.7 12.4 13.2 15.0 11.3 11.0 13.0 17.8
-9999.0 -9999.0 -9999.0 -9999.0 -9999.0 -9999.0 -9999.0 -9999.0 -9999.0 -9999.0 -9999.0 -9999.0 0.3 0.2 0.1 0.1 0.0 0.0 0.0 0.1 0.1 0.1 0.1 0.1 0.3 0.1 0.3 0.7 1.1 1.5 2.4 3.6 2.9 3.7 3.5 3.7 3.5 4.4 5.5 7.1 9.1 11.2 12.7 10.2 10.3 9.6 7.6 5.2 5.0 4.6 5.3 5.6 3.2 4.1 4.0 4.5 5.4 4.5 5.4 4.2 4.6 6.3 8.3 11.6 12.5 12.0 11.7 15.3 21.1 22.3 19.0 12.1 6.0 3.3 4.2 6.1 10.5 17.1 20.4
-9999.0 -9999.0 -9999.0 -9999.0 -9999.0 -9999.0 -9999.0 -9999.0 -9999.0 -9999.0 -9999.0 -9999.0 0.3 0.3 0.1 0.1 0.0 0.1 0.1 0.0 0.1 0.1 0.1 0.2 0.4 0.8 0.9 1.1 1.4 2.2 2.9 3.3 2.8 4.0 3.7 3.1 3.4 3.8 5.1 7.1 9.0 10.3 11.0 11.4 11.5 11.5 12.3 10.1 7.9 3.5 3.5 5.0 3.4 3.3 3.9 4.3 5.5 6.5 6.4 7.3 8.3 10.4 10.9 12.0 12.6 14.4 19.9 20.4 16.6 15.4 13.5 10.3 8.3 11.4 12.1 6.1 7.6 10.9 17.1
-9999.0 -9999.0 -9999.0 -9999.0 -9999.0 -9999.0 -9999.0 -9999.0 -9999.0 -9999.0 -9999.0 -9999.0 0.8 0.2 0.3 0.1 0.1 0.0 0.0 0.0 0.0 0.0 0.1 0.1 0.3 0.2 0.4 0.2 1.3 1.7 2.3 1.8 3.3 3.8 3.2 2.5 2.6 3.2 4.8 6.7 9.0 10.1 12.7 9.4 11.7 14.3 14.5 10.4 5.7 5.0 4.8 3.3 7.8 7.6 5.1 3.3 4.9 6.3 7.5 6.6 7.7 10.1 16.8 12.9 10.8 31.0 29.4 24.5 19.4 15.4 15.6 18.1 16.9 18.2 30.3 13.1 18.3 11.0 16.9
-9999.0 -9999.0 -9999.0 -9999.0 -9999.0 -9999.0 -9999.0 -9999.0 -9999.0 -9999.0 -9999.0 -9999.0 -9999.0 0.3 0.1 0.2 0.1 0.1 0.0 0.0 0.0 0.1 0.1 0.1 0.5 0.5 0.6 0.9 0.5 1.5 0.8 1.4 1.6 2.4 1.8 1.1 1.4 2.6 4.1 6.4 8.5 11.1 13.6 13.5 10.4 10.6 12.7 6.2 9.9 7.5 3.7 6.2 4.3 2.4 4.8 4.9 2.6 3.8 6.4 10.6 11.1 20.6 16.5 8.5 22.9 26.8 25.0 20.0 15.0 15.4 18.6 20.4 20.5 17.2 16.8 12.8 12.7 17.5 25.3
-9999.0 -9999.0 -9999.0 -9999.0 -9999.0 -9999.0 -9999.0 -9999.0 -9999.0 -9999.0 -9999.0 -9999.0 -9999.0 2.0 0.2 0.3 0.1 0.2 0.2 0.1 0.1 0.1 0.1 0.2 1.4 0.8 0.6 1.0 0.6 0.1 0.1 0.2 0.7 0.8 0.5 0.5 1.0 1.8 3.0 5.1 7.2 9.2 10.9 11.9 16.4 11.7 11.0 5.7 6.1 5.1 6.1 1.6 3.7 5.1 5.8 3.9 1.9 2.9 6.2 4.4 11.6 7.2 6.8 19.1 20.0 18.5 16.5 14.3 12.0 12.8 16.4 17.7 18.6 21.4 24.4 27.3 33.2 36.1 49.6
-9999.0 -9999.0 -9999.0 -9999.0 -9999.0 -9999.0 -9999.0 -9999.0 -9999.0 -9999.0 -9999.0 -9999.0 -9999.0 -9999.0 -9999.0 0.6 0.7 0.4 0.6 1.1 0.4 0.9 1.4 1.2 0.9 0.9 0.1 0.2 0.0 0.1 0.0 0.1 0.0 0.1 0.1 0.1 0.3 1.3 2.2 3.7 5.9 8.2 9.5 9.7 6.9 4.9 8.1 2.4 5.5 0.6 2.3 7.7 2.5 2.7 0.4 2.3 2.5 0.8 6.8 10.8 5.3 3.5 17.0 19.9 19.5 15.8 13.8 13.7 12.0 11.6 12.8 12.3 18.8 26.5 35.1 47.6 54.6 64.5 78.1
-9999.0 -9999.0 -9999.0 -9999.0 -9999.0 -9999.0 -9999.0 -9999.0 -9999.0 -9999.0 -9999.0 -9999.0 -9999.0 -9999.0 -9999.0 -9999.0 -9999.0 35.4 10.7 -9999.0 8.0 2.2 5.5 5.6 2.1 2.0 0.2 0.2 0.2 0.0 0.0 0.0 0.0 0.0 0.1 0.1 0.1 1.3 1.4 2.4 3.9 6.5 6.9 6.8 4.6 3.9 3.1 9.5 1.7 3.5 0.3 1.4 0.5 3.5 4.1 4.0 1.7 5.5 6.8 10.4 1.5 4.0 14.7 24.7 22.2 15.9 14.7 13.8 12.8 12.1 13.0 19.6 27.7 31.2 49.9 66.7 79.2 95.2 111.9
-9999.0 -9999.0 -9999.0 -9999.0 -9999.0 -9999.0 -9999.0 -9999.0 -9999.0 -9999.0 -9999.0 -9999.0 -9999.0 -9999.0 -9999.0 -9999.0 -9999.0 -9999.0 -9999.0 -9999.0 -9999.0 10.2 7.2 3.2 5.2 10.4 6.4 2.8 0.4 0.2 0.0 0.1 0.0 0.0 0.1 0.0 0.1 0.4 1.2 1.8 1.6 4.5 6.0 5.8 4.7 4.9 11.4 2.2 10.4 34.8 3.6 12.6 11.0 3.4 5.3 7.6 7.1 4.6 13.6 10.1 2.9 4.2 9.6 21.0 29.5 23.8 21.2 17.1 16.2 15.1 16.6 25.8 31.8 39.7 58.6 77.0 92.6 113.0 131.0
-9999.0 -9999.0 -9999.0 -9999.0 -9999.0 -9999.0 -9999.0 -9999.0 -9999.0 -9999.0 -9999.0 -9999.0 -9999.0 -9999.0 -9999.0 -9999.0 -9999.0 -9999.0 -9999.0 -9999.0 -9999.0 -9999.0 -9999.0 48.3 18.1 17.4 12.9 5.7 0.4 0.3 0.0 0.0 0.0 0.0 0.0 0.0 0.1 0.4 0.9 1.8 2.2 4.0 2.6 2.5 4.9 23.7 5.0 3.9 5.6 8.9 5.9 13.4 9.9 12.4 10.0 4.9 9.2 12.1 6.9 12.4 11.8 13.3 11.4 9.3 16.0 26.4 26.9 20.7 16.4 18.2 29.6 35.5 40.6 52.4 58.2 69.7 83.1 95.4 111.5
-9999.0 -9999.0 -9999.0 -9999.0 -9999.0 -9999.0 -9999.0 -9999.0 -9999.0 -9999.0 -9999.0 -9999.0 -9999.0 -9999.0 -9999.0 -9999.0 -9999.0 -9999.0 -9999.0 -9999.0 -9999.0 -9999.0 -9999.0 -9999.0 -9999.0 100.8 41.8 2.3 1.0 0.1 0.1 0.1 0.1 0.1 0.2 0.2 0.7 0.8 1.7 1.7 3.3 1.7 3.9 4.0 16.9 31.4 19.7 50.8 8.9 15.2 18.5 20.2 25.5 26.7 19.6 15.6 14.7 11.0 14.4 15.0 19.4 23.7 31.7 10.9 16.2 24.5 23.4 22.3 27.4 35.0 35.3 41.6 36.7 54.0 58.2 54.4 59.5 69.2 81.6
-9999.0 -9999.0 -9999.0 -9999.0 -9999.0 -9999.0 -9999.0 -9999.0 -9999.0 -9999.0 -9999.0 -9999.0 -9999.0 -9999.0 -9999.0 -9999.0 -9999.0 -9999.0 -9999.0 -9999.0 -9999.0 -9999.0 -9999.0 -9999.0 -9999.0 -9999.0 -9999.0 120.2 101.4 23.6 11.8 7.0 0.3 6.1 1.2 15.0 2.3 2.5 3.5 2.2 2.6 1.3 6.5 19.3 24.8 36.0 50.3 61.4 73.5 45.5 89.2 102.0 41.8 44.1 34.7 27.2 17.6 15.1 15.6 15.8 20.3 29.3 19.7 19.2 22.6 21.2 24.5 21.6 25.0 31.6 35.2 48.5 30.2 43.5 38.3 39.1 52.3 55.7 55.7
-9999.0 -9999.0 -9999.0 -9999.0 -9999.0 -9999.0 -9999.0 -9999.0 -9999.0 -9999.0 -9999.0 -9999.0 -9999.0 -9999.0 -9999.0 -9999.0 -9999.0 -9999.0 -9999.0 -9999.0 -9999.0 -9999.0 -9999.0 -9999.0 -9999.0 -9999.0 -9999.0 -9999.0 -9999.0 -9999.0 -9999.0 -9999.0 -9999.0 32.5 7.1 -9999.0 -9999.0 -9999.0 11.9 3.9 5.1 8.0 6.1 24.3 34.5 39.7 -9999.0 -9999.0 -9999.0 -9999.0 -9999.0 -9999.0 75.0 45.4 43.6 24.9 15.8 18.3 15.1 16.9 20.6 27.3 27.1 25.8 22.2 22.2 27.0 33.5 34.4 29.7 26.4 39.1 43.1 30.1 39.7 35.2 49.3 48.0 51.5
-9999.0 -9999.0 -9999.0 -9999.0 -9999.0 -9999.0 -9999.0 -9999.0 -9999.0 -9999.0 -9999.0 -9999.0 -9999.0 -9999.0 -9999.0 -9999.0 -9999.0 -9999.0 -9999.0 -9999.0 -9999.0 -9999.0 -9999.0 -9999.0 -9999.0 -9999.0 -9999.0 -9999.0 -9999.0 -9999.0 -9999.0 -9999.0 -9999.0 -9999.0 -9999.0 -9999.0 -9999.0 -9999.0 -9999.0 34.7 29.6 27.9 27.8 28.6 -9999.0 -9999.0 -9999.0 -9999.0 -9999.0 -9999.0 -9999.0 -9999.0 62.2 43.1 31.9 18.9 12.3 14.6 16.1 15.9 17.8 21.4 23.0 22.4 22.4 25.3 30.5 27.8 26.7 35.4 38.9 36.8 27.0 37.4 32.3 40.1 46.6 52.9 52.6
-9999.0 -9999.0 -9999.0 -9999.0 -9999.0 -9999.0 -9999.0 -9999.0 -9999.0 -9999.0 -9999.0 -9999.0 -9999.0 -9999.0 -9999.0 -9999.0 -9999.0 -9999.0 -9999.0 -9999.0 -9999.0 -9999.0 -9999.0 -9999.0 -9999.0 -9999.0 -9999.0 -9999.0 -9999.0 -9999.0 -9999.0 -9999.0 -9999.0 -9999.0 -9999.0 -9999.0 -9999.0 -9999.0 -9999.0 -9999.0 -9999.0 -9999.0 -9999.0 -9999.0 -9999.0 -9999.0 -9999.0 -9999.0 -9999.0 -9999.0 -9999.0 -9999.0 53.2 36.8 24.0 18.2 11.8 13.8 16.6 18.2 19.2 21.2 34.9 21.0 22.9 25.3 21.9 18.2 17.9 23.8 31.5 36.0 51.6 35.3 36.0 45.3 49.5 58.1 63.9
-9999.0 -9999.0 -9999.0 -9999.0 -9999.0 -9999.0 -9999.0 -9999.0 -9999.0 -9999.0 -9999.0 -9999.0 -9999.0 -9999.0 -9999.0 -9999.0 -9999.0 -9999.0 -9999.0 -9999.0 -9999.0 -9999.0 -9999.0 -9999.0 -9999.0 -9999.0 -9999.0 -9999.0 -9999.0 -9999.0 -9999.0 -9999.0 -9999.0 -9999.0 -9999.0 -9999.0 -9999.0 -9999.0 -9999.0 -9999.0 -9999.0 -9999.0 -9999.0 -9999.0 -9999.0 -9999.0 -9999.0 -9999.0 -9999.0 -9999.0 -9999.0 31.1 27.8 26.7 14.5 13.8 14.5 18.8 23.9 20.1 28.4 28.3 27.1 26.2 26.8 27.2 19.4 14.6 14.7 18.3 25.7 30.8 26.6 26.5 33.8 46.6 44.2 59.7 42.9
-9999.0 -9999.0 -9999.0 -9999.0 -9999.0 -9999.0 -9999.0 -9999.0 -9999.0 -9999.0 -9999.0 -9999.0 -9999.0 -9999.0 -9999.0 -9999.0 -9999.0 -9999.0 -9999.0 -9999.0 -9999.0 -9999.0 -9999.0 -9999.0 -9999.0 -9999.0 -9999.0 -9999.0 -9999.0 -9999.0 -9999.0 -9999.0 -9999.0 -9999.0 -9999.0 -9999.0 -9999.0 -9999.0 -9999.0 -9999.0 -9999.0 -9999.0 -9999.0 -9999.0 -9999.0 -9999.0 -9999.0 -9999.0 -9999.0 -9999.0 15.4 19.3 19.5 18.0 11.5 13.8 16.4 23.1 32.4 36.3 34.0 36.4 31.6 31.4 28.7 25.0 22.6 18.4 20.6 21.8 26.4 24.3 23.7 25.4 27.2 29.1 45.0 26.0 37.7
-9999.0 -9999.0 -9999.0 -9999.0 -9999.0 -9999.0 -9999.0 -9999.0 -9999.0 -9999.0 -9999.0 -9999.0 -9999.0 -9999.0 -9999.0 -9999.0 -9999.0 -9999.0 -9999.0 -9999.0 -9999.0 -9999.0 -9999.0 -9999.0 -9999.0 -9999.0 -9999.0 -9999.0 -9999.0 -9999.0 -9999.0 -9999.0 -9999.0 -9999.0 -9999.0 -9999.0 -9999.0 -9999.0 -9999.0 -9999.0 -9999.0 -9999.0 -9999.0 -9999.0 -9999.0 -9999.0 -9999.0 -9999.0 -9999.0 -9999.0 6.3 14.7 9.9 13.4 13.5 14.3 20.2 33.5 42.1 43.0 36.8 31.8 25.1 26.5 24.9 18.9 20.6 20.6 24.2 24.2 26.4 26.1 23.6 20.0 19.2 21.6 17.2 23.4 26.0
-9999.0 -9999.0 -9999.0 -9999.0 -9999.0 -9999.0 -9999.0 -9999.0 -9999.0 -9999.0 -9999.0 -9999.0 -9999.0 -9999.0 -9999.0 -9999.0 -9999.0 -9999.0 -9999.0 -9999.0 -9999.0 -9999.0 -9999.0 -9999.0 -9999.0 -9999.0 -9999.0 -9999.0 -9999.0 -9999.0 -9999.0 -9999.0 -9999.0 -9999.0 -9999.0 -9999.0 -9999.0 -9999.0 -9999.0 -9999.0 -9999.0 -9999.0 -9999.0 -9999.0 -9999.0 -9999.0 -9999.0 -9999.0 -9999.0 -9999.0 2.6 3.6 4.7 14.6 11.6 16.5 30.2 42.4 52.0 48.5 44.8 35.6 26.5 20.0 21.6 20.0 18.5 19.1 20.5 27.6 22.8 28.8 20.7 15.2 11.7 12.5 9.1 16.2 16.5
-9999.0 -9999.0 -9999.0 -9999.0 -9999.0 -9999.0 -9999.0 -9999.0 -9999.0 -9999.0 -9999.0 -9999.0 -9999.0 -9999.0 -9999.0 -9999.0 -9999.0 -9999.0 -9999.0 -9999.0 -9999.0 -9999.0 -9999.0 -9999.0 -9999.0 -9999.0 -9999.0 -9999.0 -9999.0 -9999.0 -9999.0 -9999.0 -9999.0 -9999.0 -9999.0 -9999.0 -9999.0 -9999.0 -9999.0 -9999.0 -9999.0 -9999.0 -9999.0 -9999.0 -9999.0 -9999.0 -9999.0 -9999.0 -9999.0 -9999.0 1.6 5.0 5.9 10.3 14.3 23.9 38.1 52.4 59.4 49.2 52.0 40.1 26.8 22.5 23.5 23.4 26.2 23.8 28.6 11.3 16.4 17.3 16.0 10.1 7.7 11.1 11.2 15.5 10.7
-9999.0 -9999.0 -9999.0 -9999.0 -9999.0 -9999.0 -9999.0 -9999.0 -9999.0 -9999.0 -9999.0 -9999.0 -9999.0 -9999.0 -9999.0 -9999.0 -9999.0 -9999.0 -9999.0 -9999.0 -9999.0 -9999.0 -9999.0 -9999.0 -9999.0 -9999.0 -9999.0 -9999.0 -9999.0 -9999.0 -9999.0 -9999.0 -9999.0 -9999.0 -9999.0 -9999.0 -9999.0 -9999.0 -9999.0 -9999.0 -9999.0 -9999.0 -9999.0 -9999.0 -9999.0 -9999.0 -9999.0 -9999.0 -9999.0 -9999.0 -9999.0 -9999.0 -9999.0 11.6 18.9 31.4 47.2 61.9 57.5 53.2 72.8 47.1 45.5 31.2 26.2 23.4 29.0 17.2 21.4 15.8 9.2 7.2 6.3 5.2 7.4 15.5 19.6 17.8 13.6
-9999.0 -9999.0 -9999.0 -9999.0 -9999.0 -9999.0 -9999.0 -9999.0 -9999.0 -9999.0 -9999.0 -9999.0 -9999.0 -9999.0 -9999.0 -9999.0 -9999.0 -9999.0 -9999.0 -9999.0 -9999.0 -9999.0 -9999.0 -9999.0 -9999.0 -9999.0 -9999.0 -9999.0 -9999.0 -9999.0 -9999.0 -9999.0 -9999.0 -9999.0 -9999.0 -9999.0 -9999.0 -9999.0 -9999.0 -9999.0 -9999.0 -9999.0 -9999.0 -9999.0 -9999.0 -9999.0 -9999.0 -9999.0 -9999.0 -9999.0 -9999.0 -9999.0 -9999.0 19.1 32.0 34.7 49.7 55.6 62.2 74.7 64.7 53.0 59.7 34.0 25.4 19.8 8.7 22.0 8.3 5.7 2.6 2.1 2.3 3.4 7.5 13.5 18.8 14.6 10.5
-9999.0 -9999.0 -9999.0 -9999.0 -9999.0 -9999.0 -9999.0 -9999.0 -9999.0 -9999.0 -9999.0 -9999.0 -9999.0 -9999.0 -9999.0 -9999.0 -9999.0 -9999.0 -9999.0 -9999.0 -9999.0 -9999.0 -9999.0 -9999.0 -9999.0 -9999.0 -9999.0 -9999.0 -9999.0 -9999.0 -9999.0 -9999.0 -9999.0 -9999.0 -9999.0 -9999.0 -9999.0 -9999.0 -9999.0 -9999.0 -9999.0 -9999.0 -9999.0 -9999.0 -9999.0 -9999.0 -9999.0 -9999.0 -9999.0 -9999.0 -9999.0 -9999.0 -9999.0 24.3 38.0 35.9 34.2 33.8 42.8 49.9 64.8 61.0 64.9 53.9 16.8 -9999.0 -9999.0 -9999.0 7.6 2.1 1.7 2.5 3.1 4.2 7.0 10.7 13.0 11.5 12.5
-9999.0 -9999.0 -9999.0 -9999.0 -9999.0 -9999.0 -9999.0 -9999.0 -9999.0 -9999.0 -9999.0 -9999.0 -9999.0 -9999.0 -9999.0 -9999.0 -9999.0 -9999.0 -9999.0 -9999.0 -9999.0 -9999.0 -9999.0 -9999.0 -9999.0 -9999.0 -9999.0 -9999.0 -9999.0 -9999.0 -9999.0 -9999.0 -9999.0 -9999.0 -9999.0 -9999.0 -9999.0 -9999.0 -9999.0 -9999.0 -9999.0 -9999.0 -9999.0 -9999.0 -9999.0 -9999.0 -9999.0 -9999.0 -9999.0 -9999.0 -9999.0 -9999.0 -9999.0 -9999.0 24.2 21.1 13.1 10.4 21.4 38.3 29.7 -9999.0 -9999.0 -9999.0 -9999.0 -9999.0 -9999.0 -9999.0 2.3 2.9 5.7 3.8 4.4 5.0 5.5 6.9 7.7 5.9 5.3
-9999.0 -9999.0 -9999.0 -9999.0 -9999.0 -9999.0 -9999.0 -9999.0 -9999.0 -9999.0 -9999.0 -9999.0 -9999.0 -9999.0 -9999.0 -9999.0 -9999.0 -9999.0 -9999.0 -9999.0 -9999.0 -9999.0 -9999.0 -9999.0 -9999.0 -9999.0 -9999.0 -9999.0 -9999.0 -9999.0 -9999.0 -9999.0 -9999.0 -9999.0 -9999.0 -9999.0 -9999.0 -9999.0 -9999.0 -9999.0 -9999.0 -9999.0 -9999.0 -9999.0 -9999.0 -9999.0 -9999.0 -9999.0 -9999.0 -9999.0 -9999.0 -9999.0 -9999.0 -9999.0 -9999.0 7.0 6.4 3.2 4.6 12.8 17.1 -9999.0 -9999.0 -9999.0 -9999.0 -9999.0 -9999.0 -9999.0 -9999.0 -9999.0 3.6 -9999.0 -9999.0 -9999.0 -9999.0 -9999.0 5.0 -9999.0 -9999.0
-9999.0 -9999.0 -9999.0 -9999.0 -9999.0 -9999.0 -9999.0 -9999.0 -9999.0 -9999.0 -9999.0 -9999.0 -9999.0 -9999.0 -9999.0 -9999.0 -9999.0 -9999.0 -9999.0 -9999.0 -9999.0 -9999.0 -9999.0 -9999.0 -9999.0 -9999.0 -9999.0 -9999.0 -9999.0 -9999.0 -9999.0 -9999.0 -9999.0 -9999.0 -9999.0 -9999.0 -9999.0 -9999.0 -9999.0 -9999.0 -9999.0 -9999.0 -9999.0 -9999.0 -9999.0 -9999.0 -9999.0 -9999.0 -9999.0 -9999.0 -9999.0 -9999.0 -9999.0 -9999.0 -9999.0 -9999.0 -9999.0 -9999.0 0.7 1.5 -9999.0 -9999.0 -9999.0 -9999.0 -9999.0 -9999.0 -9999.0 -9999.0 -9999.0 -9999.0 -9999.0 -9999.0 -9999.0 -9999.0 -9999.0 5.2 6.4 -9999.0 -9999.0
-9999.0 -9999.0 -9999.0 -9999.0 -9999.0 -9999.0 -9999.0 -9999.0 -9999.0 -9999.0 -9999.0 -9999.0 -9999.0 -9999.0 -9999.0 -9999.0 -9999.0 -9999.0 -9999.0 -9999.0 -9999.0 -9999.0 -9999.0 -9999.0 -9999.0 -9999.0 -9999.0 -9999.0 -9999.0 -9999.0 -9999.0 -9999.0 -9999.0 -9999.0 -9999.0 -9999.0 -9999.0 -9999.0 -9999.0 -9999.0 -9999.0 -9999.0 -9999.0 -9999.0 -9999.0 -9999.0 -9999.0 -9999.0 -9999.0 -9999.0 -9999.0 -9999.0 -9999.0 -9999.0 -9999.0 -9999.0 -9999.0 -9999.0 -9999.0 -9999.0 -9999.0 -9999.0 -9999.0 -9999.0 -9999.0 -9999.0 -9999.0 -9999.0 -9999.0 -9999.0 -9999.0 -9999.0 -9999.0 -9999.0 -9999.0 -9999.0 -9999.0 -9999.0 -9999.0
-9999.0 -9999.0 -9999.0 -9999.0 -9999.0 -9999.0 -9999.0 -9999.0 -9999.0 -9999.0 -9999.0 -9999.0 -9999.0 -9999.0 -9999.0 -9999.0 -9999.0 -9999.0 -9999.0 -9999.0 -9999.0 -9999.0 -9999.0 -9999.0 -9999.0 -9999.0 -9999.0 -9999.0 -9999.0 -9999.0 -9999.0 -9999.0 -9999.0 -9999.0 -9999.0 -9999.0 -9999.0 -9999.0 -9999.0 -9999.0 -9999.0 -9999.0 -9999.0 -9999.0 -9999.0 -9999.0 -9999.0 -9999.0 -9999.0 -9999.0 -9999.0 -9999.0 -9999.0 -9999.0 -9999.0 -9999.0 -9999.0 -9999.0 -9999.0 -9999.0 -9999.0 -9999.0 -9999.0 -9999.0 -9999.0 -9999.0 -9999.0 -9999.0 -9999.0 -9999.0 -9999.0 -9999.0 -9999.0 -9999.0 -9999.0 21.9 27.1 36.2 -9999.0
-9999.0 -9999.0 -9999.0 -9999.0 -9999.0 -9999.0 -9999.0 -9999.0 -9999.0 -9999.0 -9999.0 -9999.0 -9999.0 -9999.0 -9999.0 -9999.0 -9999.0 -9999.0 -9999.0 -9999.0 -9999.0 -9999.0 -9999.0 -9999.0 -9999.0 -9999.0 -9999.0 -9999.0 -9999.0 -9999.0 -9999.0 -9999.0 -9999.0 -9999.0 -9999.0 -9999.0 -9999.0 -9999.0 -9999.0 -9999.0 -9999.0 -9999.0 -9999.0 -9999.0 -9999.0 -9999.0 -9999.0 -9999.0 -9999.0 -9999.0 -9999.0 -9999.0 -9999.0 -9999.0 -9999.0 -9999.0 -9999.0 -9999.0 -9999.0 -9999.0 -9999.0 -9999.0 -9999.0 -9999.0 -9999.0 -9999.0 -9999.0 -9999.0 -9999.0 -9999.0 -9999.0 -9999.0 -9999.0 7.3 24.3 32.4 48.0 -9999.0 -9999.0
