program/excelProcessViaJava/data/SURF_CLI_CHN_PRE_MON_GRID_0.5-200810.txt
NCOLS      128
NROWS       72
XLLCORNER    72.000000000000    
YLLCORNER    18.000000000000    
CELLSIZE    0.50000000000000    
NODATA_VALUE   -9999.000    
[rows 34 to 67 of 72, columns 0 to 77 of 128]
-9999.0 -9999.0 -9999.0 -9999.0 0.0 0.0 0.0 0.0 0.0 0.0 0.0 0.0 0.0 0.0 0.2 0.3 0.3 0.3 0.3 0.3 0.4 0.3 0.3 0.4 0.3 0.4 0.5 0.7 1.0 1.4 1.9 2.8 3.2 4.1 5.1 5.4 7.0 8.3 6.9 4.9 7.0 2.8 2.3 1.6 1.3 0.9 0.6 0.4 0.5 1.1 2.8 5.3 6.1 6.2 4.5 4.1 5.8 13.3 25.2 23.5 36.1 28.2 23.9 23.3 19.0 13.1 11.4 12.1 13.7 14.4 14.7 13.7 12.9 13.7 15.1 17.2 17.3 18.6
-9999.0 -9999.0 -9999.0 -9999.0 -9999.0 -9999.0 -9999.0 0.0 0.0 0.0 0.0 0.0 0.0 0.0 0.0 0.2 0.2 0.3 0.3 0.3 0.3 0.3 0.3 0.3 0.4 0.5 0.6 0.8 1.1 1.6 2.2 2.8 3.5 4.5 5.7 6.0 7.6 7.9 9.6 10.4 7.5 11.9 11.0 7.6 4.1 1.7 1.4 0.8 1.0 1.2 2.7 5.5 7.9 8.3 9.7 5.5 4.9 7.7 27.9 26.1 40.0 29.6 28.0 31.0 27.8 17.6 13.5 13.4 15.6 16.5 14.8 11.9 11.9 13.0 14.4 16.5 16.5 17.3
-9999.0 -9999.0 -9999.0 -9999.0 -9999.0 -9999.0 -9999.0 0.0 0.0 0.0 0.0 0.0 0.0 0.0 0.0 0.0 0.1 0.1 0.1 0.2 0.3 0.3 0.3 0.4 0.4 0.5 0.6 0.9 1.1 1.5 2.2 2.9 3.6 4.9 5.3 6.3 6.8 8.2 8.9 9.5 10.9 12.0 12.7 13.3 8.6 4.8 4.1 3.4 4.6 4.5 6.3 7.5 10.0 11.9 15.1 12.8 12.2 18.8 33.8 41.5 36.1 38.0 39.1 46.5 38.4 25.1 18.2 18.4 19.8 18.5 15.6 12.9 13.8 16.2 17.8 20.1 21.3 19.5
-9999.0 -9999.0 -9999.0 -9999.0 -9999.0 -9999.0 -9999.0 -9999.0 -9999.0 0.0 0.0 0.0 0.0 0.0 0.0 0.0 0.1 0.0 0.1 0.1 0.2 0.3 0.3 0.4 0.5 0.6 0.7 0.9 1.1 1.7 1.9 2.7 3.5 4.6 5.0 5.9 6.6 7.9 8.3 9.7 10.6 12.9 13.9 13.1 12.6 10.8 9.2 8.2 8.1 8.6 9.9 11.5 14.0 17.4 21.8 24.6 21.8 27.4 45.7 45.5 42.0 46.6 54.5 55.3 52.5 36.4 28.4 27.4 29.1 27.6 25.9 22.4 24.6 28.3 30.1 31.0 28.6 25.9
-9999.0 -9999.0 -9999.0 -9999.0 -9999.0 -9999.0 -9999.0 -9999.0 -9999.0 -9999.0 -9999.0 0.0 0.0 0.0 0.0 0.0 0.1 0.1 0.2 0.2 0.2 0.3 0.3 0.4 0.5 0.6 0.8 1.0 1.3 1.6 2.1 3.1 3.5 4.5 5.3 7.4 7.5 8.4 11.4 10.1 12.2 13.4 15.0 15.8 17.1 15.1 15.4 14.3 14.7 15.3 16.7 18.5 21.0 24.6 29.1 37.1 42.5 50.6 53.3 51.5 51.2 48.6 61.1 71.8 65.5 49.4 41.2 41.8 44.3 46.9 47.0 47.9 49.2 51.9 52.9 47.1 41.0 38.4
-9999.0 -9999.0 -9999.0 -9999.0 -9999.0 -9999.0 -9999.0 -9999.0 -9999.0 -9999.0 -9999.0 -9999.0 0.0 0.0 0.0 0.1 0.0 0.1 0.2 0.1 0.3 0.3 0.4 0.4 0.4 0.6 0.7 1.0 1.3 1.9 2.2 2.8 3.7 5.3 6.6 7.7 10.5 10.4 10.7 11.1 12.2 14.7 17.8 20.5 21.4 21.8 22.1 22.7 24.1 25.6 26.2 27.9 31.0 34.6 38.3 43.6 50.5 55.6 53.6 59.8 54.1 51.2 53.5 67.2 71.1 64.3 58.4 58.8 62.7 69.0 70.7 68.3 70.2 69.7 65.2 63.3 58.5 53.4
-9999.0 -9999.0 -9999.0 -9999.0 -9999.0 -9999.0 -9999.0 -9999.0 -9999.0 -9999.0 -9999.0 -9999.0 0.0 0.1 0.1 0.1 0.2 0.2 0.2 0.2 0.3 0.3 0.4 0.4 0.5 0.6 0.7 0.8 1.1 1.4 2.1 3.2 4.0 5.3 7.2 8.8 12.1 14.4 15.6 16.5 17.4 20.1 24.4 26.7 28.6 29.6 31.2 34.0 38.4 39.6 41.5 41.5 43.7 43.2 46.4 47.6 53.1 56.7 58.6 58.3 54.7 50.9 52.9 58.4 69.2 72.5 50.8 57.5 70.7 85.4 93.4 90.5 87.7 83.9 74.9 64.8 60.2 64.0
-9999.0 -9999.0 -9999.0 -9999.0 -9999.0 -9999.0 -9999.0 -9999.0 -9999.0 -9999.0 -9999.0 -9999.0 -9999.0 0.1 0.0 0.2 0.2 0.3 0.3 0.3 0.3 0.4 0.4 0.4 0.5 0.6 0.7 0.9 1.1 1.4 1.8 2.5 4.3 5.9 7.1 9.9 13.5 17.9 23.9 25.4 27.6 30.7 33.6 36.1 38.0 39.9 41.4 44.3 48.1 52.0 53.5 55.4 54.1 43.5 45.5 47.6 51.9 53.7 52.1 58.3 57.7 58.1 60.5 78.3 52.1 61.4 64.0 61.3 76.5 91.1 96.1 101.5 102.8 95.0 84.8 71.0 65.4 62.5
-9999.0 -9999.0 -9999.0 -9999.0 -9999.0 -9999.0 -9999.0 -9999.0 -9999.0 -9999.0 -9999.0 -9999.0 0.1 0.0 0.1 0.2 0.1 0.2 0.3 0.4 0.4 0.4 0.4 0.4 0.4 0.5 0.5 0.6 0.8 1.2 1.6 2.1 4.2 5.4 8.0 10.9 17.0 21.6 28.0 33.9 39.1 42.1 43.8 47.4 48.2 49.3 52.8 59.3 62.0 62.9 57.3 51.4 54.9 48.4 48.7 47.9 45.4 59.5 57.2 65.4 65.9 64.7 76.0 77.9 88.0 69.5 50.6 62.5 79.7 97.5 109.5 115.8 115.3 106.1 93.9 78.7 70.1 63.6
-9999.0 -9999.0 -9999.0 -9999.0 -9999.0 -9999.0 -9999.0 -9999.0 -9999.0 -9999.0 -9999.0 -9999.0 0.1 0.3 0.3 0.1 0.2 0.4 0.4 0.3 0.4 0.4 0.4 0.4 0.4 0.3 0.4 0.4 0.5 0.7 1.1 1.9 3.6 4.4 6.7 10.9 16.1 25.0 34.3 41.8 48.8 53.4 56.6 57.9 58.1 57.5 55.4 58.5 61.4 68.8 62.2 51.6 51.2 49.6 48.2 50.7 47.4 49.1 59.9 59.0 62.1 65.3 93.0 91.2 78.5 46.4 58.1 66.0 76.8 89.8 105.2 117.5 125.8 123.8 102.7 88.3 83.0 76.9
-9999.0 -9999.0 -9999.0 -9999.0 -9999.0 -9999.0 -9999.0 -9999.0 -9999.0 -9999.0 -9999.0 -9999.0 0.5 0.2 0.5 0.4 0.4 0.3 0.4 0.4 0.3 0.4 0.4 0.4 0.3 0.4 0.3 0.4 0.4 0.5 0.8 1.9 2.4 3.5 5.7 9.7 15.9 25.8 36.5 48.1 55.2 59.6 61.4 69.0 64.2 57.8 54.9 58.6 64.2 58.5 49.9 44.6 33.9 31.3 35.9 49.3 47.0 48.2 52.9 67.4 74.8 82.5 75.8 82.1 45.6 43.0 52.6 63.6 72.9 81.3 95.6 120.7 131.2 125.6 110.6 98.0 100.0 92.6
-9999.0 -9999.0 -9999.0 -9999.0 -9999.0 -9999.0 -9999.0 -9999.0 -9999.0 -9999.0 -9999.0 -9999.0 -9999.0 0.2 0.3 0.6 0.5 0.5 0.4 0.4 0.4 0.4 0.4 0.4 0.3 0.3 0.3 0.3 0.3 0.3 0.7 1.2 2.4 3.2 5.3 10.9 16.9 24.3 36.3 46.0 53.7 60.0 60.8 61.4 65.8 61.7 53.6 58.0 46.0 41.9 37.0 30.6 28.6 30.4 29.0 31.8 46.7 51.0 52.5 51.6 66.4 57.3 85.8 52.9 45.1 40.9 46.9 52.6 59.1 76.2 94.2 108.5 127.2 112.7 116.9 113.8 117.9 115.5
-9999.0 -9999.0 -9999.0 -9999.0 -9999.0 -9999.0 -9999.0 -9999.0 -9999.0 -9999.0 -9999.0 -9999.0 -9999.0 1.8 0.5 0.9 0.5 0.8 0.7 0.6 0.5 0.5 0.5 0.4 0.3 0.3 0.3 0.2 0.2 0.6 0.8 1.3 1.7 3.1 6.0 9.5 13.2 21.7 34.2 48.5 49.4 54.3 56.9 57.9 54.5 53.8 48.8 46.7 38.9 32.9 27.0 22.5 21.8 22.1 22.8 27.4 36.5 41.8 45.4 55.7 65.3 69.5 72.1 72.6 45.6 37.0 38.8 41.8 51.4 73.2 101.0 119.9 124.8 129.9 135.2 139.8 137.4 144.3
-9999.0 -9999.0 -9999.0 -9999.0 -9999.0 -9999.0 -9999.0 -9999.0 -9999.0 -9999.0 -9999.0 -9999.0 -9999.0 -9999.0 -9999.0 1.4 1.4 1.1 1.1 1.0 0.8 0.8 0.6 0.6 0.5 0.4 0.5 0.3 0.5 0.3 0.5 0.9 2.9 4.3 5.1 11.9 19.4 16.1 27.7 37.1 48.9 52.6 52.3 52.9 60.9 68.3 47.9 53.0 35.6 38.5 24.9 22.3 20.5 21.7 22.2 25.5 28.1 26.7 37.6 46.5 54.3 76.7 101.9 72.5 46.3 37.9 39.6 46.8 61.8 96.2 127.7 143.4 150.4 151.5 163.6 164.2 167.8 162.8
-9999.0 -9999.0 -9999.0 -9999.0 -9999.0 -9999.0 -9999.0 -9999.0 -9999.0 -9999.0 -9999.0 -9999.0 -9999.0 -9999.0 -9999.0 -9999.0 -9999.0 3.8 2.3 -9999.0 1.5 1.4 1.1 0.9 0.8 0.6 0.9 0.5 0.3 0.6 0.5 0.6 4.0 2.4 2.8 7.0 21.2 10.8 25.7 34.8 42.7 52.8 48.6 49.6 101.8 81.0 169.3 44.0 51.5 36.7 50.5 30.4 37.8 28.5 26.7 24.3 24.2 25.2 33.2 45.3 49.5 83.4 92.2 68.5 52.7 52.6 63.5 82.6 109.5 137.7 156.9 157.1 162.7 173.4 185.1 188.9 196.1 193.5
-9999.0 -9999.0 -9999.0 -9999.0 -9999.0 -9999.0 -9999.0 -9999.0 -9999.0 -9999.0 -9999.0 -9999.0 -9999.0 -9999.0 -9999.0 -9999.0 -9999.0 -9999.0 -9999.0 -9999.0 -9999.0 2.4 2.2 2.4 1.7 1.0 0.8 0.6 0.5 0.4 0.6 0.8 2.0 3.9 4.8 9.1 11.5 16.9 22.6 22.6 23.9 55.2 55.6 53.1 111.7 69.7 215.8 92.5 50.2 42.2 53.2 40.3 40.8 58.2 43.0 27.4 21.9 23.5 24.7 47.9 56.2 77.4 84.9 71.0 63.1 75.9 102.6 132.6 161.3 173.7 166.4 164.8 172.9 181.4 193.4 201.2 197.3 185.8
-9999.0 -9999.0 -9999.0 -9999.0 -9999.0 -9999.0 -9999.0 -9999.0 -9999.0 -9999.0 -9999.0 -9999.0 -9999.0 -9999.0 -9999.0 -9999.0 -9999.0 -9999.0 -9999.0 -9999.0 -9999.0 -9999.0 -9999.0 3.6 3.3 2.7 2.2 1.9 2.4 1.4 2.2 4.2 12.0 12.1 19.5 23.0 34.7 32.7 56.2 68.9 65.0 71.9 52.4 58.5 122.9 222.1 169.7 148.1 166.7 160.4 111.6 73.9 111.1 95.5 76.0 45.3 25.4 21.0 44.7 47.4 83.7 108.0 115.4 83.5 84.9 97.7 126.5 156.6 172.2 178.7 164.5 165.6 172.1 180.5 174.3 167.2 165.0 148.7
-9999.0 -9999.0 -9999.0 -9999.0 -9999.0 -9999.0 -9999.0 -9999.0 -9999.0 -9999.0 -9999.0 -9999.0 -9999.0 -9999.0 -9999.0 -9999.0 -9999.0 -9999.0 -9999.0 -9999.0 -9999.0 -9999.0 -9999.0 -9999.0 -9999.0 6.8 5.5 9.8 8.8 14.0 9.8 9.3 13.8 23.2 27.3 47.5 78.0 66.0 97.4 90.8 107.7 72.6 85.5 104.7 193.3 233.2 239.3 262.9 132.3 180.2 106.3 132.1 110.2 107.5 90.7 55.9 31.5 28.8 27.2 46.7 89.5 128.9 102.7 87.8 101.3 117.4 139.2 156.0 162.9 164.5 164.3 159.6 157.9 163.9 158.4 130.8 112.5 110.5
-9999.0 -9999.0 -9999.0 -9999.0 -9999.0 -9999.0 -9999.0 -9999.0 -9999.0 -9999.0 -9999.0 -9999.0 -9999.0 -9999.0 -9999.0 -9999.0 -9999.0 -9999.0 -9999.0 -9999.0 -9999.0 -9999.0 -9999.0 -9999.0 -9999.0 -9999.0 -9999.0 14.0 14.5 13.2 15.5 19.9 40.6 33.4 55.9 43.3 77.5 92.4 75.8 111.9 129.3 80.0 119.2 179.0 212.3 241.1 257.6 267.6 271.5 248.1 260.2 242.8 172.2 140.1 94.1 57.0 39.1 38.7 30.0 61.5 132.7 123.5 139.2 129.4 120.7 131.9 151.2 154.0 161.1 160.8 148.5 138.8 128.9 129.1 109.4 92.8 109.8 99.9
-9999.0 -9999.0 -9999.0 -9999.0 -9999.0 -9999.0 -9999.0 -9999.0 -9999.0 -9999.0 -9999.0 -9999.0 -9999.0 -9999.0 -9999.0 -9999.0 -9999.0 -9999.0 -9999.0 -9999.0 -9999.0 -9999.0 -9999.0 -9999.0 -9999.0 -9999.0 -9999.0 -9999.0 -9999.0 -9999.0 -9999.0 -9999.0 -9999.0 51.6 82.4 -9999.0 -9999.0 -9999.0 96.5 125.0 113.8 130.6 142.7 198.7 224.7 245.6 -9999.0 -9999.0 -9999.0 -9999.0 -9999.0 -9999.0 189.2 132.3 85.9 57.1 44.0 56.7 55.3 98.2 128.2 114.2 148.2 138.6 140.9 144.7 148.2 147.1 144.6 132.0 112.4 103.3 97.8 82.0 88.0 69.4 92.1 71.1
-9999.0 -9999.0 -9999.0 -9999.0 -9999.0 -9999.0 -9999.0 -9999.0 -9999.0 -9999.0 -9999.0 -9999.0 -9999.0 -9999.0 -9999.0 -9999.0 -9999.0 -9999.0 -9999.0 -9999.0 -9999.0 -9999.0 -9999.0 -9999.0 -9999.0 -9999.0 -9999.0 -9999.0 -9999.0 -9999.0 -9999.0 -9999.0 -9999.0 -9999.0 -9999.0 -9999.0 -9999.0 -9999.0 -9999.0 139.2 155.7 174.1 194.0 214.3 -9999.0 -9999.0 -9999.0 -9999.0 -9999.0 -9999.0 -9999.0 -9999.0 185.6 132.1 96.2 75.9 69.6 74.4 89.3 121.9 154.9 119.8 99.2 131.8 124.5 137.2 143.3 146.6 124.4 105.3 87.2 73.4 61.3 66.5 53.6 58.7 64.0 53.9
-9999.0 -9999.0 -9999.0 -9999.0 -9999.0 -9999.0 -9999.0 -9999.0 -9999.0 -9999.0 -9999.0 -9999.0 -9999.0 -9999.0 -9999.0 -9999.0 -9999.0 -9999.0 -9999.0 -9999.0 -9999.0 -9999.0 -9999.0 -9999.0 -9999.0 -9999.0 -9999.0 -9999.0 -9999.0 -9999.0 -9999.0 -9999.0 -9999.0 -9999.0 -9999.0 -9999.0 -9999.0 -9999.0 -9999.0 -9999.0 -9999.0 -9999.0 -9999.0 -9999.0 -9999.0 -9999.0 -9999.0 -9999.0 -9999.0 -9999.0 -9999.0 -9999.0 197.5 143.1 121.3 91.9 102.7 90.4 88.4 105.9 132.8 119.9 37.4 95.9 102.0 131.6 150.0 134.0 104.6 83.1 70.0 62.7 73.5 61.2 62.2 52.8 58.1 45.9
-9999.0 -9999.0 -9999.0 -9999.0 -9999.0 -9999.0 -9999.0 -9999.0 -9999.0 -9999.0 -9999.0 -9999.0 -9999.0 -9999.0 -9999.0 -9999.0 -9999.0 -9999.0 -9999.0 -9999.0 -9999.0 -9999.0 -9999.0 -9999.0 -9999.0 -9999.0 -9999.0 -9999.0 -9999.0 -9999.0 -9999.0 -9999.0 -9999.0 -9999.0 -9999.0 -9999.0 -9999.0 -9999.0 -9999.0 -9999.0 -9999.0 -9999.0 -9999.0 -9999.0 -9999.0 -9999.0 -9999.0 -9999.0 -9999.0 -9999.0 -9999.0 234.8 216.4 170.3 171.7 154.0 134.8 102.4 86.0 61.3 78.6 70.1 78.0 62.7 65.8 87.5 116.3 98.6 90.1 77.9 73.6 72.6 63.2 55.0 60.6 60.1 64.5 50.4
-9999.0 -9999.0 -9999.0 -9999.0 -9999.0 -9999.0 -9999.0 -9999.0 -9999.0 -9999.0 -9999.0 -9999.0 -9999.0 -9999.0 -9999.0 -9999.0 -9999.0 -9999.0 -9999.0 -9999.0 -9999.0 -9999.0 -9999.0 -9999.0 -9999.0 -9999.0 -9999.0 -9999.0 -9999.0 -9999.0 -9999.0 -9999.0 -9999.0 -9999.0 -9999.0 -9999.0 -9999.0 -9999.0 -9999.0 -9999.0 -9999.0 -9999.0 -9999.0 -9999.0 -9999.0 -9999.0 -9999.0 -9999.0 -9999.0 -9999.0 232.6 245.0 226.8 199.9 190.3 169.8 141.5 100.1 82.3 74.7 74.6 52.1 55.1 43.6 53.1 73.0 83.0 87.4 88.4 102.4 111.2 103.5 82.3 76.5 74.8 75.3 70.7 60.7
-9999.0 -9999.0 -9999.0 -9999.0 -9999.0 -9999.0 -9999.0 -9999.0 -9999.0 -9999.0 -9999.0 -9999.0 -9999.0 -9999.0 -9999.0 -9999.0 -9999.0 -9999.0 -9999.0 -9999.0 -9999.0 -9999.0 -9999.0 -9999.0 -9999.0 -9999.0 -9999.0 -9999.0 -9999.0 -9999.0 -9999.0 -9999.0 -9999.0 -9999.0 -9999.0 -9999.0 -9999.0 -9999.0 -9999.0 -9999.0 -9999.0 -9999.0 -9999.0 -9999.0 -9999.0 -9999.0 -9999.0 -9999.0 -9999.0 -9999.0 234.5 248.3 232.2 210.7 186.9 163.7 109.6 117.8 90.9 69.0 57.7 51.4 49.3 48.2 55.7 60.5 63.4 83.9 103.6 140.0 157.8 140.9 101.5 73.8 62.1 62.5 65.9 53.3
-9999.0 -9999.0 -9999.0 -9999.0 -9999.0 -9999.0 -9999.0 -9999.0 -9999.0 -9999.0 -9999.0 -9999.0 -9999.0 -9999.0 -9999.0 -9999.0 -9999.0 -9999.0 -9999.0 -9999.0 -9999.0 -9999.0 -9999.0 -9999.0 -9999.0 -9999.0 -9999.0 -9999.0 -9999.0 -9999.0 -9999.0 -9999.0 -9999.0 -9999.0 -9999.0 -9999.0 -9999.0 -9999.0 -9999.0 -9999.0 -9999.0 -9999.0 -9999.0 -9999.0 -9999.0 -9999.0 -9999.0 -9999.0 -9999.0 -9999.0 239.6 240.7 230.1 200.9 162.8 132.5 139.7 121.5 103.2 72.7 60.0 48.6 42.5 48.2 54.2 53.2 60.9 93.6 134.6 155.7 180.8 151.0 91.0 64.5 38.2 36.7 39.0 25.5
-9999.0 -9999.0 -9999.0 -9999.0 -9999.0 -9999.0 -9999.0 -9999.0 -9999.0 -9999.0 -9999.0 -9999.0 -9999.0 -9999.0 -9999.0 -9999.0 -9999.0 -9999.0 -9999.0 -9999.0 -9999.0 -9999.0 -9999.0 -9999.0 -9999.0 -9999.0 -9999.0 -9999.0 -9999.0 -9999.0 -9999.0 -9999.0 -9999.0 -9999.0 -9999.0 -9999.0 -9999.0 -9999.0 -9999.0 -9999.0 -9999.0 -9999.0 -9999.0 -9999.0 -9999.0 -9999.0 -9999.0 -9999.0 -9999.0 -9999.0 264.2 253.9 234.7 192.8 150.8 139.0 105.0 126.5 119.0 89.0 84.1 61.1 39.3 47.6 57.0 61.3 69.8 103.8 134.3 178.2 168.0 121.6 71.2 39.7 17.6 17.7 21.4 18.2
-9999.0 -9999.0 -9999.0 -9999.0 -9999.0 -9999.0 -9999.0 -9999.0 -9999.0 -9999.0 -9999.0 -9999.0 -9999.0 -9999.0 -9999.0 -9999.0 -9999.0 -9999.0 -9999.0 -9999.0 -9999.0 -9999.0 -9999.0 -9999.0 -9999.0 -9999.0 -9999.0 -9999.0 -9999.0 -9999.0 -9999.0 -9999.0 -9999.0 -9999.0 -9999.0 -9999.0 -9999.0 -9999.0 -9999.0 -9999.0 -9999.0 -9999.0 -9999.0 -9999.0 -9999.0 -9999.0 -9999.0 -9999.0 -9999.0 -9999.0 -9999.0 -9999.0 -9999.0 201.5 149.2 120.2 124.5 141.5 114.5 107.9 140.9 63.5 68.1 58.3 73.2 88.7 98.6 147.9 161.8 163.4 131.0 77.7 36.1 16.1 9.8 9.5 16.4 25.6
-9999.0 -9999.0 -9999.0 -9999.0 -9999.0 -9999.0 -9999.0 -9999.0 -9999.0 -9999.0 -9999.0 -9999.0 -9999.0 -9999.0 -9999.0 -9999.0 -9999.0 -9999.0 -9999.0 -9999.0 -9999.0 -9999.0 -9999.0 -9999.0 -9999.0 -9999.0 -9999.0 -9999.0 -9999.0 -9999.0 -9999.0 -9999.0 -9999.0 -9999.0 -9999.0 -9999.0 -9999.0 -9999.0 -9999.0 -9999.0 -9999.0 -9999.0 -9999.0 -9999.0 -9999.0 -9999.0 -9999.0 -9999.0 -9999.0 -9999.0 -9999.0 -9999.0 -9999.0 221.9 183.2 154.6 138.5 133.6 139.2 171.1 117.2 74.0 89.5 93.0 116.5 138.4 170.3 159.4 166.3 136.5 86.7 43.4 20.4 11.7 10.4 18.4 25.3 50.7
-9999.0 -9999.0 -9999.0 -9999.0 -9999.0 -9999.0 -9999.0 -9999.0 -9999.0 -9999.0 -9999.0 -9999.0 -9999.0 -9999.0 -9999.0 -9999.0 -9999.0 -9999.0 -9999.0 -9999.0 -9999.0 -9999.0 -9999.0 -9999.0 -9999.0 -9999.0 -9999.0 -9999.0 -9999.0 -9999.0 -9999.0 -9999.0 -9999.0 -9999.0 -9999.0 -9999.0 -9999.0 -9999.0 -9999.0 -9999.0 -9999.0 -9999.0 -9999.0 -9999.0 -9999.0 -9999.0 -9999.0 -9999.0 -9999.0 -9999.0 -9999.0 -9999.0 -9999.0 247.8 221.1 171.5 144.9 128.1 127.0 114.5 128.9 105.6 114.4 115.0 163.4 -9999.0 -9999.0 -9999.0 151.7 103.5 59.3 32.0 19.8 18.2 23.6 40.1 46.2 75.8
-9999.0 -9999.0 -9999.0 -9999.0 -9999.0 -9999.0 -9999.0 -9999.0 -9999.0 -9999.0 -9999.0 -9999.0 -9999.0 -9999.0 -9999.0 -9999.0 -9999.0 -9999.0 -9999.0 -9999.0 -9999.0 -9999.0 -9999.0 -9999.0 -9999.0 -9999.0 -9999.0 -9999.0 -9999.0 -9999.0 -9999.0 -9999.0 -9999.0 -9999.0 -9999.0 -9999.0 -9999.0 -9999.0 -9999.0 -9999.0 -9999.0 -9999.0 -9999.0 -9999.0 -9999.0 -9999.0 -9999.0 -9999.0 -9999.0 -9999.0 -9999.0 -9999.0 -9999.0 -9999.0 219.6 174.2 129.7 103.1 111.0 126.9 86.5 -9999.0 -9999.0 -9999.0 -9999.0 -9999.0 -9999.0 -9999.0 114.9 82.4 58.8 24.2 21.7 36.9 53.9 68.5 84.1 108.2
-9999.0 -9999.0 -9999.0 -9999.0 -9999.0 -9999.0 -9999.0 -9999.0 -9999.0 -9999.0 -9999.0 -9999.0 -9999.0 -9999.0 -9999.0 -9999.0 -9999.0 -9999.0 -9999.0 -9999.0 -9999.0 -9999.0 -9999.0 -9999.0 -9999.0 -9999.0 -9999.0 -9999.0 -9999.0 -9999.0 -9999.0 -9999.0 -9999.0 -9999.0 -9999.0 -9999.0 -9999.0 -9999.0 -9999.0 -9999.0 -9999.0 -9999.0 -9999.0 -9999.0 -9999.0 -9999.0 -9999.0 -9999.0 -9999.0 -9999.0 -9999.0 -9999.0 -9999.0 -9999.0 -9999.0 164.8 138.3 101.2 84.9 92.2 89.2 -9999.0 -9999.0 -9999.0 -9999.0 -9999.0 -9999.0 -9999.0 -9999.0 -9999.0 36.2 -9999.0 -9999.0 -9999.0 -9999.0 -9999.0 182.7 -9999.0
-9999.0 -9999.0 -9999.0 -9999.0 -9999.0 -9999.0 -9999.0 -9999.0 -9999.0 -9999.0 -9999.0 -9999.0 -9999.0 -9999.0 -9999.0 -9999.0 -9999.0 -9999.0 -9999.0 -9999.0 -9999.0 -9999.0 -9999.0 -9999.0 -9999.0 -9999.0 -9999.0 -9999.0 -9999.0 -9999.0 -9999.0 -9999.0 -9999.0 -9999.0 -9999.0 -9999.0 -9999.0 -9999.0 -9999.0 -9999.0 -9999.0 -9999.0 -9999.0 -9999.0 -9999.0 -9999.0 -9999.0 -9999.0 -9999.0 -9999.0 -9999.0 -9999.0 -9999.0 -9999.0 -9999.0 -9999.0 -9999.0 -9999.0 85.3 74.8 -9999.0 -9999.0 -9999.0 -9999.0 -9999.0 -9999.0 -9999.0 -9999.0 -9999.0 -9999.0 -9999.0 -9999.0 -9999.0 -9999.0 -9999.0 295.2 359.8 -9999.0
-9999.0 -9999.0 -9999.0 -9999.0 -9999.0 -9999.0 -9999.0 -9999.0 -9999.0 -9999.0 -9999.0 -9999.0 -9999.0 -9999.0 -9999.0 -9999.0 -9999.0 -9999.0 -9999.0 -9999.0 -9999.0 -9999.0 -9999.0 -9999.0 -9999.0 -9999.0 -9999.0 -9999.0 -9999.0 -9999.0 -9999.0 -9999.0 -9999.0 -9999.0 -9999.0 -9999.0 -9999.0 -9999.0 -9999.0 -9999.0 -9999.0 -9999.0 -9999.0 -9999.0 -9999.0 -9999.0 -9999.0 -9999.0 -9999.0 -9999.0 -9999.0 -9999.0 -9999.0 -9999.0 -9999.0 -9999.0 -9999.0 -9999.0 -9999.0 -9999.0 -9999.0 -9999.0 -9999.0 -9999.0 -9999.0 -9999.0 -9999.0 -9999.0 -9999.0 -9999.0 -9999.0 -9999.0 -9999.0 -9999.0 -9999.0 -9999.0 -9999.0 -9999.0
