program/excelProcessViaJava/data/SURF_CLI_CHN_PRE_MON_GRID_0.5-200708.txt
NCOLS      128
NROWS       72
XLLCORNER    72.000000000000    
YLLCORNER    18.000000000000    
CELLSIZE    0.50000000000000    
NODATA_VALUE   -9999.000    
[rows 33 to 65 of 72, columns 0 to 73 of 128]
-9999.0 -9999.0 -9999.0 -9999.0 25.9 60.9 99.2 59.2 57.4 12.8 21.2 13.4 6.8 1.8 1.3 1.4 1.7 2.0 2.1 2.1 2.0 1.9 1.9 2.6 3.8 7.0 11.3 127.5 45.5 55.2 62.6 49.8 42.8 49.6 27.0 23.6 17.7 45.0 31.4 13.3 5.1 3.7 4.1 4.1 4.2 4.4 5.9 11.4 16.6 9.6 11.6 45.0 91.7 151.3 89.6 110.1 117.6 167.2 160.6 190.0 161.8 112.4 83.0 51.0 46.3 62.3 74.4 75.0 67.8 63.1 70.2 81.7 85.8 81.7
-9999.0 -9999.0 -9999.0 -9999.0 42.2 36.4 84.8 44.1 129.0 122.1 32.1 97.7 57.9 56.3 7.7 7.6 8.3 3.8 2.4 2.2 3.5 4.4 6.2 20.7 72.2 117.7 70.5 73.4 66.9 65.3 61.4 71.0 54.5 50.3 50.4 38.5 47.7 55.5 30.2 16.2 26.9 9.6 9.0 6.7 5.8 5.0 4.8 5.0 5.3 6.9 8.5 15.7 86.4 67.4 65.9 88.4 103.8 130.1 155.3 111.9 147.0 89.2 74.2 74.1 63.7 62.0 80.9 79.2 71.5 71.0 70.1 74.3 72.6 66.7
-9999.0 -9999.0 -9999.0 -9999.0 -9999.0 -9999.0 -9999.0 48.5 79.3 58.2 129.5 126.4 62.7 75.0 71.9 7.0 24.4 9.7 7.8 15.5 41.7 73.7 81.9 75.7 71.6 70.2 80.0 82.8 82.6 92.5 86.3 80.6 73.4 74.3 78.7 62.1 74.9 61.5 75.5 74.2 31.5 78.0 67.3 41.9 23.6 10.5 17.1 14.4 21.7 11.0 9.1 15.1 41.3 180.0 152.4 71.3 74.5 90.1 152.1 135.5 154.0 108.3 93.6 91.0 93.7 74.7 80.4 77.6 68.3 62.6 60.1 63.5 66.1 63.6
-9999.0 -9999.0 -9999.0 -9999.0 -9999.0 -9999.0 -9999.0 110.8 34.4 76.7 96.6 68.4 83.8 120.9 77.8 143.9 68.5 62.2 103.6 60.6 58.8 83.1 72.7 75.6 73.0 76.2 76.4 94.0 79.9 77.3 91.3 90.3 87.2 98.2 83.0 83.1 75.8 83.9 78.8 69.4 68.6 65.6 71.7 114.7 61.1 36.5 50.3 56.1 103.4 78.5 160.8 139.4 65.0 97.9 165.6 78.1 80.5 103.1 135.2 146.6 130.6 129.6 123.7 118.4 98.2 85.4 78.5 73.0 68.0 57.5 55.7 63.3 71.4 72.1
-9999.0 -9999.0 -9999.0 -9999.0 -9999.0 -9999.0 -9999.0 -9999.0 -9999.0 61.0 57.7 48.9 87.0 80.3 62.0 51.5 72.2 139.6 83.9 120.1 85.5 67.5 67.8 71.4 73.5 73.6 83.2 87.1 81.9 101.6 83.0 91.0 93.1 101.1 90.0 90.7 89.3 94.6 86.9 88.6 77.8 81.5 77.1 74.6 95.0 101.1 108.5 108.8 114.7 114.0 136.0 115.6 98.1 88.8 146.9 81.8 71.1 87.1 122.3 120.9 113.9 115.6 115.5 106.4 95.5 79.8 73.4 76.4 72.7 71.8 74.9 91.1 102.3 98.6
-9999.0 -9999.0 -9999.0 -9999.0 -9999.0 -9999.0 -9999.0 -9999.0 -9999.0 -9999.0 -9999.0 77.4 27.6 82.1 59.1 69.1 62.5 57.7 57.3 68.2 87.3 72.4 79.0 73.2 100.7 90.0 100.2 102.6 101.2 98.3 100.4 114.9 104.8 108.5 106.8 127.1 113.1 114.5 145.3 111.2 116.9 100.3 91.7 91.4 134.6 114.8 166.3 140.5 150.1 134.3 102.1 101.6 102.2 119.1 150.7 111.9 85.1 103.2 105.3 104.1 108.4 92.9 86.3 83.3 80.5 59.9 72.4 84.3 91.3 99.8 118.7 142.0 161.0 147.6
-9999.0 -9999.0 -9999.0 -9999.0 -9999.0 -9999.0 -9999.0 -9999.0 -9999.0 -9999.0 -9999.0 -9999.0 26.1 26.1 60.5 43.0 91.1 60.2 63.1 100.7 56.0 68.4 75.2 73.6 134.7 91.7 89.8 109.4 109.0 127.3 115.3 115.4 118.3 130.3 134.6 134.2 158.9 141.7 133.5 124.4 118.3 114.6 113.4 128.8 134.3 150.7 172.6 140.5 139.7 129.8 152.5 140.7 112.8 94.6 106.7 119.0 120.7 143.1 90.2 118.1 99.3 107.6 100.0 76.9 53.8 66.2 57.5 81.1 106.6 127.2 179.2 220.1 218.6 183.3
-9999.0 -9999.0 -9999.0 -9999.0 -9999.0 -9999.0 -9999.0 -9999.0 -9999.0 -9999.0 -9999.0 -9999.0 64.3 15.6 13.0 42.4 23.2 35.8 67.1 64.0 66.8 81.7 82.4 76.9 74.5 90.3 98.4 98.1 111.6 111.9 124.0 136.0 132.1 134.4 143.0 145.8 166.2 173.2 167.6 158.9 143.3 136.5 156.5 136.4 160.1 184.2 158.8 144.9 109.9 126.4 116.4 129.2 105.3 118.5 88.6 117.1 107.6 125.6 101.1 96.3 88.9 86.0 98.6 107.7 44.5 48.1 80.9 116.9 147.0 159.8 164.6 173.6 185.0 181.3
-9999.0 -9999.0 -9999.0 -9999.0 -9999.0 -9999.0 -9999.0 -9999.0 -9999.0 -9999.0 -9999.0 -9999.0 -9999.0 23.8 49.9 13.7 33.7 27.8 31.9 40.5 55.9 54.6 80.1 70.5 83.2 113.0 120.5 137.1 130.4 131.6 129.1 131.2 142.4 145.9 142.6 151.9 164.0 179.0 215.3 192.9 180.2 179.7 170.5 188.7 168.3 154.8 169.2 176.6 169.3 150.7 141.6 119.5 113.6 195.4 158.5 138.7 123.2 143.1 181.2 135.3 116.3 91.4 100.2 56.8 61.0 53.5 67.9 115.3 133.4 146.5 148.2 178.1 196.2 180.4
-9999.0 -9999.0 -9999.0 -9999.0 -9999.0 -9999.0 -9999.0 -9999.0 -9999.0 -9999.0 -9999.0 -9999.0 19.2 45.0 37.2 18.6 51.6 38.7 43.9 32.9 42.0 52.6 68.4 75.1 83.2 113.3 117.4 121.0 128.8 136.9 138.5 137.5 145.8 141.8 146.1 151.4 169.6 176.3 184.1 186.1 207.0 222.3 232.5 172.3 179.3 176.5 157.0 135.2 145.3 149.4 180.7 209.5 153.7 173.5 139.3 134.6 166.6 110.3 144.4 116.7 112.8 127.2 103.7 127.3 69.3 63.9 184.0 146.1 117.4 124.2 134.9 142.7 157.3 168.4
-9999.0 -9999.0 -9999.0 -9999.0 -9999.0 -9999.0 -9999.0 -9999.0 -9999.0 -9999.0 -9999.0 -9999.0 29.1 6.0 12.4 62.8 53.1 23.7 29.4 49.8 41.7 63.1 72.0 81.2 86.3 96.3 110.2 121.9 132.4 138.2 142.8 144.6 144.7 141.4 140.5 143.5 154.0 167.8 176.1 169.2 167.5 161.1 160.3 164.7 166.1 170.0 193.9 180.8 173.5 128.9 144.3 196.2 155.6 131.4 124.3 104.4 134.3 153.6 132.4 165.3 179.4 201.9 92.6 67.0 66.4 170.0 120.7 144.8 107.6 90.5 90.8 100.6 115.1 126.1
-9999.0 -9999.0 -9999.0 -9999.0 -9999.0 -9999.0 -9999.0 -9999.0 -9999.0 -9999.0 -9999.0 -9999.0 1.8 19.3 6.2 13.1 16.8 52.3 39.1 48.1 79.4 90.1 75.5 94.8 97.1 120.9 124.1 143.9 137.9 145.6 150.2 150.1 147.9 145.6 139.0 134.0 140.0 150.4 156.6 158.4 151.2 139.1 170.6 121.1 145.9 183.2 197.7 161.1 124.9 141.4 167.6 153.4 286.3 289.7 191.9 89.2 119.4 143.8 159.7 122.4 128.5 139.8 279.4 82.6 100.3 243.7 190.5 123.2 82.8 71.6 71.0 79.1 84.4 99.5
-9999.0 -9999.0 -9999.0 -9999.0 -9999.0 -9999.0 -9999.0 -9999.0 -9999.0 -9999.0 -9999.0 -9999.0 -9999.0 45.1 35.9 13.3 22.0 24.0 47.1 61.9 104.4 74.5 94.5 109.1 97.0 111.8 121.1 130.3 144.5 150.0 154.4 153.5 146.7 144.0 131.5 120.3 123.2 136.0 139.8 138.4 134.3 161.2 177.8 160.1 116.7 121.0 156.8 95.5 171.7 174.9 147.0 234.0 208.9 137.7 207.2 184.1 87.3 95.8 137.9 238.5 210.9 463.0 256.1 82.1 239.9 215.8 165.5 103.4 71.7 59.9 61.2 66.4 70.8 66.5
-9999.0 -9999.0 -9999.0 -9999.0 -9999.0 -9999.0 -9999.0 -9999.0 -9999.0 -9999.0 -9999.0 -9999.0 -9999.0 1.1 28.4 13.0 43.1 22.7 33.0 49.8 93.8 98.4 108.4 104.8 89.3 108.2 121.9 128.1 141.8 160.6 156.1 151.7 148.8 137.2 120.1 113.2 119.2 125.3 125.1 141.0 126.6 130.8 135.1 136.3 191.9 130.5 132.6 90.3 121.6 142.6 202.7 143.1 214.6 251.0 258.0 178.9 95.9 97.7 152.4 86.8 230.1 129.4 175.2 285.5 227.7 182.7 137.2 95.4 70.5 61.8 62.1 67.7 69.2 63.3
-9999.0 -9999.0 -9999.0 -9999.0 -9999.0 -9999.0 -9999.0 -9999.0 -9999.0 -9999.0 -9999.0 -9999.0 -9999.0 -9999.0 -9999.0 13.3 14.9 29.9 31.4 34.8 71.8 65.7 72.3 86.6 101.6 109.1 143.9 135.4 156.1 149.1 152.7 150.2 137.4 124.4 115.7 105.7 106.2 126.1 115.6 113.1 123.6 132.8 129.4 117.9 77.2 59.0 104.0 57.2 120.3 73.7 143.3 271.7 197.4 200.0 96.5 145.3 127.9 69.5 191.1 265.8 111.0 232.9 384.3 291.9 216.7 170.8 132.8 100.8 79.3 67.9 68.7 77.3 90.0 83.2
-9999.0 -9999.0 -9999.0 -9999.0 -9999.0 -9999.0 -9999.0 -9999.0 -9999.0 -9999.0 -9999.0 -9999.0 -9999.0 -9999.0 -9999.0 -9999.0 -9999.0 1.3 7.9 -9999.0 25.2 62.4 53.5 63.9 93.0 99.4 136.5 130.2 131.6 146.2 146.9 149.7 130.6 131.6 136.6 101.1 94.7 137.1 100.6 97.7 101.1 120.8 110.4 95.1 48.8 49.3 44.0 143.4 70.9 124.0 77.6 140.1 101.0 201.3 198.8 180.9 107.6 190.8 198.4 260.3 168.6 316.0 375.5 299.7 219.9 174.2 137.3 102.3 81.0 72.5 74.1 109.5 119.3 100.6
-9999.0 -9999.0 -9999.0 -9999.0 -9999.0 -9999.0 -9999.0 -9999.0 -9999.0 -9999.0 -9999.0 -9999.0 -9999.0 -9999.0 -9999.0 -9999.0 -9999.0 -9999.0 -9999.0 -9999.0 -9999.0 35.3 54.7 92.2 79.1 69.7 84.7 101.1 119.0 130.1 138.4 149.8 140.0 120.0 115.4 86.4 88.9 93.8 95.5 92.8 78.6 102.4 109.4 96.3 48.0 67.9 74.9 52.4 170.3 504.9 127.8 270.8 261.6 131.0 159.1 209.6 209.3 151.5 360.5 234.2 187.7 250.2 339.2 298.7 242.8 198.6 148.7 101.0 77.8 73.4 82.4 119.0 127.4 129.2
-9999.0 -9999.0 -9999.0 -9999.0 -9999.0 -9999.0 -9999.0 -9999.0 -9999.0 -9999.0 -9999.0 -9999.0 -9999.0 -9999.0 -9999.0 -9999.0 -9999.0 -9999.0 -9999.0 -9999.0 -9999.0 -9999.0 -9999.0 23.9 49.6 56.7 68.5 86.1 111.7 115.5 124.1 121.0 111.3 93.4 79.6 69.3 67.7 70.6 70.3 76.5 78.7 96.2 77.1 60.2 50.5 111.3 49.5 53.6 67.1 88.2 96.5 195.3 116.7 140.9 125.8 108.0 183.9 271.0 112.2 249.7 157.1 204.1 247.7 281.7 270.7 231.3 163.8 101.4 93.6 79.5 119.2 124.4 137.5 153.0
-9999.0 -9999.0 -9999.0 -9999.0 -9999.0 -9999.0 -9999.0 -9999.0 -9999.0 -9999.0 -9999.0 -9999.0 -9999.0 -9999.0 -9999.0 -9999.0 -9999.0 -9999.0 -9999.0 -9999.0 -9999.0 -9999.0 -9999.0 -9999.0 -9999.0 30.5 42.7 110.4 107.5 130.5 110.4 106.3 99.8 83.3 72.0 63.7 76.1 58.8 66.3 63.4 82.0 69.9 66.5 57.5 93.4 129.0 88.2 156.5 91.6 94.8 176.9 144.2 195.5 181.0 120.6 129.9 184.3 162.8 268.1 241.6 199.2 191.2 444.3 271.0 275.7 251.0 185.2 156.3 154.1 154.2 122.0 120.6 128.2 151.8
-9999.0 -9999.0 -9999.0 -9999.0 -9999.0 -9999.0 -9999.0 -9999.0 -9999.0 -9999.0 -9999.0 -9999.0 -9999.0 -9999.0 -9999.0 -9999.0 -9999.0 -9999.0 -9999.0 -9999.0 -9999.0 -9999.0 -9999.0 -9999.0 -9999.0 -9999.0 -9999.0 49.7 65.8 69.2 82.7 90.1 88.5 91.3 64.7 124.8 57.4 57.8 72.9 58.0 65.4 58.1 74.7 110.6 117.4 139.4 166.1 176.8 182.8 125.5 165.1 165.2 131.6 127.5 138.8 180.4 151.0 145.5 233.5 155.6 124.5 184.4 144.4 183.1 219.2 215.9 187.5 142.1 130.7 135.2 119.9 129.8 105.4 130.9
-9999.0 -9999.0 -9999.0 -9999.0 -9999.0 -9999.0 -9999.0 -9999.0 -9999.0 -9999.0 -9999.0 -9999.0 -9999.0 -9999.0 -9999.0 -9999.0 -9999.0 -9999.0 -9999.0 -9999.0 -9999.0 -9999.0 -9999.0 -9999.0 -9999.0 -9999.0 -9999.0 -9999.0 -9999.0 -9999.0 -9999.0 -9999.0 -9999.0 101.6 62.7 -9999.0 -9999.0 -9999.0 94.8 60.2 70.3 80.7 69.9 125.0 149.6 153.9 -9999.0 -9999.0 -9999.0 -9999.0 -9999.0 -9999.0 135.3 170.0 132.5 142.6 160.0 153.7 150.8 130.7 132.9 174.9 133.9 155.7 179.8 187.5 175.0 159.8 140.3 119.3 103.0 120.8 134.7 118.1
-9999.0 -9999.0 -9999.0 -9999.0 -9999.0 -9999.0 -9999.0 -9999.0 -9999.0 -9999.0 -9999.0 -9999.0 -9999.0 -9999.0 -9999.0 -9999.0 -9999.0 -9999.0 -9999.0 -9999.0 -9999.0 -9999.0 -9999.0 -9999.0 -9999.0 -9999.0 -9999.0 -9999.0 -9999.0 -9999.0 -9999.0 -9999.0 -9999.0 -9999.0 -9999.0 -9999.0 -9999.0 -9999.0 -9999.0 145.2 138.2 137.2 138.2 139.2 -9999.0 -9999.0 -9999.0 -9999.0 -9999.0 -9999.0 -9999.0 -9999.0 142.9 197.5 158.9 148.6 161.2 161.0 146.1 134.4 134.6 165.1 183.4 152.4 183.4 192.3 193.5 156.3 125.1 114.8 114.2 131.2 134.4 159.3
-9999.0 -9999.0 -9999.0 -9999.0 -9999.0 -9999.0 -9999.0 -9999.0 -9999.0 -9999.0 -9999.0 -9999.0 -9999.0 -9999.0 -9999.0 -9999.0 -9999.0 -9999.0 -9999.0 -9999.0 -9999.0 -9999.0 -9999.0 -9999.0 -9999.0 -9999.0 -9999.0 -9999.0 -9999.0 -9999.0 -9999.0 -9999.0 -9999.0 -9999.0 -9999.0 -9999.0 -9999.0 -9999.0 -9999.0 -9999.0 -9999.0 -9999.0 -9999.0 -9999.0 -9999.0 -9999.0 -9999.0 -9999.0 -9999.0 -9999.0 -9999.0 -9999.0 178.9 218.0 175.0 209.3 184.6 176.1 158.8 160.5 151.4 172.2 415.8 179.1 196.5 190.1 185.0 164.0 131.3 110.1 116.4 154.0 224.6 192.4
-9999.0 -9999.0 -9999.0 -9999.0 -9999.0 -9999.0 -9999.0 -9999.0 -9999.0 -9999.0 -9999.0 -9999.0 -9999.0 -9999.0 -9999.0 -9999.0 -9999.0 -9999.0 -9999.0 -9999.0 -9999.0 -9999.0 -9999.0 -9999.0 -9999.0 -9999.0 -9999.0 -9999.0 -9999.0 -9999.0 -9999.0 -9999.0 -9999.0 -9999.0 -9999.0 -9999.0 -9999.0 -9999.0 -9999.0 -9999.0 -9999.0 -9999.0 -9999.0 -9999.0 -9999.0 -9999.0 -9999.0 -9999.0 -9999.0 -9999.0 -9999.0 191.8 197.8 222.2 184.3 204.2 211.0 219.4 189.6 132.2 266.8 270.2 201.0 212.1 215.5 217.4 197.8 151.9 149.4 128.2 142.1 183.9 199.8 183.2
-9999.0 -9999.0 -9999.0 -9999.0 -9999.0 -9999.0 -9999.0 -9999.0 -9999.0 -9999.0 -9999.0 -9999.0 -9999.0 -9999.0 -9999.0 -9999.0 -9999.0 -9999.0 -9999.0 -9999.0 -9999.0 -9999.0 -9999.0 -9999.0 -9999.0 -9999.0 -9999.0 -9999.0 -9999.0 -9999.0 -9999.0 -9999.0 -9999.0 -9999.0 -9999.0 -9999.0 -9999.0 -9999.0 -9999.0 -9999.0 -9999.0 -9999.0 -9999.0 -9999.0 -9999.0 -9999.0 -9999.0 -9999.0 -9999.0 -9999.0 184.5 228.0 246.7 250.5 230.8 241.6 237.5 229.2 226.5 275.8 254.2 332.9 251.1 264.6 241.0 220.2 222.9 172.5 178.3 164.6 189.1 222.8 237.9 245.0
-9999.0 -9999.0 -9999.0 -9999.0 -9999.0 -9999.0 -9999.0 -9999.0 -9999.0 -9999.0 -9999.0 -9999.0 -9999.0 -9999.0 -9999.0 -9999.0 -9999.0 -9999.0 -9999.0 -9999.0 -9999.0 -9999.0 -9999.0 -9999.0 -9999.0 -9999.0 -9999.0 -9999.0 -9999.0 -9999.0 -9999.0 -9999.0 -9999.0 -9999.0 -9999.0 -9999.0 -9999.0 -9999.0 -9999.0 -9999.0 -9999.0 -9999.0 -9999.0 -9999.0 -9999.0 -9999.0 -9999.0 -9999.0 -9999.0 -9999.0 183.8 268.2 263.9 288.6 282.5 269.3 272.0 310.9 325.0 291.5 246.2 263.3 225.7 251.7 242.8 154.7 162.7 154.8 178.0 201.5 231.5 260.5 266.3 245.7
-9999.0 -9999.0 -9999.0 -9999.0 -9999.0 -9999.0 -9999.0 -9999.0 -9999.0 -9999.0 -9999.0 -9999.0 -9999.0 -9999.0 -9999.0 -9999.0 -9999.0 -9999.0 -9999.0 -9999.0 -9999.0 -9999.0 -9999.0 -9999.0 -9999.0 -9999.0 -9999.0 -9999.0 -9999.0 -9999.0 -9999.0 -9999.0 -9999.0 -9999.0 -9999.0 -9999.0 -9999.0 -9999.0 -9999.0 -9999.0 -9999.0 -9999.0 -9999.0 -9999.0 -9999.0 -9999.0 -9999.0 -9999.0 -9999.0 -9999.0 181.2 234.5 261.7 329.2 297.2 286.8 350.3 352.3 385.2 281.1 276.8 275.4 250.3 208.3 221.6 162.7 125.7 143.4 182.4 215.8 245.0 260.8 231.0 238.0
-9999.0 -9999.0 -9999.0 -9999.0 -9999.0 -9999.0 -9999.0 -9999.0 -9999.0 -9999.0 -9999.0 -9999.0 -9999.0 -9999.0 -9999.0 -9999.0 -9999.0 -9999.0 -9999.0 -9999.0 -9999.0 -9999.0 -9999.0 -9999.0 -9999.0 -9999.0 -9999.0 -9999.0 -9999.0 -9999.0 -9999.0 -9999.0 -9999.0 -9999.0 -9999.0 -9999.0 -9999.0 -9999.0 -9999.0 -9999.0 -9999.0 -9999.0 -9999.0 -9999.0 -9999.0 -9999.0 -9999.0 -9999.0 -9999.0 -9999.0 205.6 273.6 295.1 320.9 314.7 335.4 302.6 374.4 392.5 294.5 292.5 240.0 155.0 195.9 213.0 176.0 160.2 147.7 181.0 224.0 225.5 208.1 191.0 203.4
-9999.0 -9999.0 -9999.0 -9999.0 -9999.0 -9999.0 -9999.0 -9999.0 -9999.0 -9999.0 -9999.0 -9999.0 -9999.0 -9999.0 -9999.0 -9999.0 -9999.0 -9999.0 -9999.0 -9999.0 -9999.0 -9999.0 -9999.0 -9999.0 -9999.0 -9999.0 -9999.0 -9999.0 -9999.0 -9999.0 -9999.0 -9999.0 -9999.0 -9999.0 -9999.0 -9999.0 -9999.0 -9999.0 -9999.0 -9999.0 -9999.0 -9999.0 -9999.0 -9999.0 -9999.0 -9999.0 -9999.0 -9999.0 -9999.0 -9999.0 -9999.0 -9999.0 -9999.0 292.2 288.4 295.1 330.7 389.7 321.8 308.0 426.4 200.0 288.2 210.5 199.0 170.3 176.2 152.2 176.5 199.1 203.7 186.4 173.8 188.1
-9999.0 -9999.0 -9999.0 -9999.0 -9999.0 -9999.0 -9999.0 -9999.0 -9999.0 -9999.0 -9999.0 -9999.0 -9999.0 -9999.0 -9999.0 -9999.0 -9999.0 -9999.0 -9999.0 -9999.0 -9999.0 -9999.0 -9999.0 -9999.0 -9999.0 -9999.0 -9999.0 -9999.0 -9999.0 -9999.0 -9999.0 -9999.0 -9999.0 -9999.0 -9999.0 -9999.0 -9999.0 -9999.0 -9999.0 -9999.0 -9999.0 -9999.0 -9999.0 -9999.0 -9999.0 -9999.0 -9999.0 -9999.0 -9999.0 -9999.0 -9999.0 -9999.0 -9999.0 274.2 273.0 349.8 313.7 314.5 359.0 433.6 314.7 248.5 319.9 244.0 224.3 197.2 191.0 179.5 187.7 197.4 202.9 200.0 200.9 220.7
-9999.0 -9999.0 -9999.0 -9999.0 -9999.0 -9999.0 -9999.0 -9999.0 -9999.0 -9999.0 -9999.0 -9999.0 -9999.0 -9999.0 -9999.0 -9999.0 -9999.0 -9999.0 -9999.0 -9999.0 -9999.0 -9999.0 -9999.0 -9999.0 -9999.0 -9999.0 -9999.0 -9999.0 -9999.0 -9999.0 -9999.0 -9999.0 -9999.0 -9999.0 -9999.0 -9999.0 -9999.0 -9999.0 -9999.0 -9999.0 -9999.0 -9999.0 -9999.0 -9999.0 -9999.0 -9999.0 -9999.0 -9999.0 -9999.0 -9999.0 -9999.0 -9999.0 -9999.0 259.0 241.6 296.4 300.1 292.4 329.2 331.3 371.1 342.4 378.4 354.8 296.4 -9999.0 -9999.0 -9999.0 202.9 212.0 223.3 237.2 256.2 279.5
-9999.0 -9999.0 -9999.0 -9999.0 -9999.0 -9999.0 -9999.0 -9999.0 -9999.0 -9999.0 -9999.0 -9999.0 -9999.0 -9999.0 -9999.0 -9999.0 -9999.0 -9999.0 -9999.0 -9999.0 -9999.0 -9999.0 -9999.0 -9999.0 -9999.0 -9999.0 -9999.0 -9999.0 -9999.0 -9999.0 -9999.0 -9999.0 -9999.0 -9999.0 -9999.0 -9999.0 -9999.0 -9999.0 -9999.0 -9999.0 -9999.0 -9999.0 -9999.0 -9999.0 -9999.0 -9999.0 -9999.0 -9999.0 -9999.0 -9999.0 -9999.0 -9999.0 -9999.0 -9999.0 249.6 256.4 222.2 218.4 304.9 377.3 299.6 -9999.0 -9999.0 -9999.0 -9999.0 -9999.0 -9999.0 -9999.0 237.1 235.2 250.7 285.3 318.5 343.4
-9999.0 -9999.0 -9999.0 -9999.0 -9999.0 -9999.0 -9999.0 -9999.0 -9999.0 -9999.0 -9999.0 -9999.0 -9999.0 -9999.0 -9999.0 -9999.0 -9999.0 -9999.0 -9999.0 -9999.0 -9999.0 -9999.0 -9999.0 -9999.0 -9999.0 -9999.0 -9999.0 -9999.0 -9999.0 -9999.0 -9999.0 -9999.0 -9999.0 -9999.0 -9999.0 -9999.0 -9999.0 -9999.0 -9999.0 -9999.0 -9999.0 -9999.0 -9999.0 -9999.0 -9999.0 -9999.0 -9999.0 -9999.0 -9999.0 -9999.0 -9999.0 -9999.0 -9999.0 -9999.0 -9999.0 212.4 285.1 234.4 236.5 302.5 318.4 -9999.0 -9999.0 -9999.0 -9999.0 -9999.0 -9999.0 -9999.0 -9999.0 -9999.0 285.2 -9999.0 -9999.0 -9999.0
