program/excelProcessViaJava/data/SURF_CLI_CHN_PRE_MON_GRID_0.5-198506.txt
NCOLS      128
NROWS       72
XLLCORNER    72.000000000000    
YLLCORNER    18.000000000000    
CELLSIZE    0.50000000000000    
NODATA_VALUE   -9999.000    
[rows 33 to 65 of 72, columns 0 to 75 of 128]
-9999.0 -9999.0 -9999.0 -9999.0 72.2 110.2 139.2 99.7 92.7 28.4 41.0 29.4 19.7 9.7 7.4 5.8 3.2 1.8 1.9 3.1 4.8 6.8 9.1 12.9 17.5 22.2 25.3 45.2 32.3 36.1 40.5 38.7 38.0 45.2 32.1 31.7 27.6 63.5 52.9 26.9 8.4 3.9 3.5 2.9 3.3 4.7 9.1 22.1 39.3 38.6 48.2 85.8 111.6 137.0 76.5 78.5 75.6 103.4 102.9 130.1 127.0 109.6 86.4 58.7 48.0 51.5 59.3 60.5 71.6 70.3 66.3 63.1 58.1 55.5 57.2 59.2
-9999.0 -9999.0 -9999.0 -9999.0 104.8 93.8 137.9 94.1 156.5 145.2 65.9 114.1 80.2 71.6 22.3 17.1 12.9 4.2 2.6 4.0 8.1 11.8 15.9 22.4 30.5 37.1 32.2 34.3 35.4 37.3 38.9 44.7 42.1 43.4 47.5 42.7 55.7 68.6 45.6 25.3 43.4 10.0 7.1 3.5 3.4 4.1 6.0 9.9 16.6 27.9 37.0 46.1 95.7 72.7 63.2 71.6 74.0 84.1 97.8 85.2 114.9 92.3 78.1 64.9 53.1 52.5 64.2 68.7 73.4 83.3 72.9 66.5 57.6 52.6 48.9 51.1
-9999.0 -9999.0 -9999.0 -9999.0 -9999.0 -9999.0 -9999.0 107.9 129.1 105.1 141.4 129.0 85.1 82.6 71.0 17.0 28.7 12.5 9.5 15.6 24.9 30.0 29.8 28.5 28.2 28.9 30.9 32.8 35.0 39.2 41.8 44.5 46.7 52.0 60.0 56.2 71.5 67.6 85.7 89.8 42.4 95.4 79.3 42.9 18.4 7.5 14.8 16.9 30.2 29.5 34.7 44.2 60.9 126.6 114.3 71.7 65.6 65.7 100.6 90.1 114.6 89.3 76.2 66.7 62.4 55.4 63.8 73.9 75.7 79.3 70.8 61.2 56.5 49.0 40.1 41.0
-9999.0 -9999.0 -9999.0 -9999.0 -9999.0 -9999.0 -9999.0 159.7 92.3 121.5 123.5 97.2 95.0 98.4 70.3 80.7 48.1 38.9 43.2 29.0 26.1 27.8 25.3 25.1 25.2 26.1 27.3 29.9 31.3 33.7 38.6 42.8 47.2 56.8 57.3 63.8 65.5 77.9 80.1 76.7 79.0 75.7 76.2 102.2 46.2 23.1 32.4 39.7 73.5 68.2 111.6 101.3 71.0 85.9 114.0 86.8 84.6 89.1 100.1 107.0 104.2 102.0 86.0 78.8 64.9 59.3 62.8 68.3 79.3 68.7 66.2 61.4 56.3 47.4 31.7 37.7
-9999.0 -9999.0 -9999.0 -9999.0 -9999.0 -9999.0 -9999.0 -9999.0 -9999.0 110.1 98.3 82.6 92.1 77.5 59.3 45.8 44.7 52.1 34.0 34.9 26.0 21.9 21.0 21.1 21.5 22.4 23.7 25.4 27.6 31.2 33.7 38.6 44.2 52.6 55.3 62.0 67.3 77.0 76.8 83.1 76.9 81.1 72.2 59.5 64.6 59.6 60.4 63.5 75.0 84.0 98.4 88.6 80.8 81.6 104.9 91.8 88.8 91.8 100.5 101.8 103.8 105.8 101.4 80.1 73.4 65.2 64.8 66.7 78.2 68.6 67.8 60.3 56.1 50.2 45.3 26.7
-9999.0 -9999.0 -9999.0 -9999.0 -9999.0 -9999.0 -9999.0 -9999.0 -9999.0 -9999.0 -9999.0 94.2 55.1 72.3 52.9 46.9 36.8 29.0 24.0 22.1 21.4 18.1 17.6 17.2 17.8 18.3 19.3 20.9 23.3 26.4 30.4 36.4 41.8 49.6 56.8 72.8 74.4 81.6 106.6 89.2 96.8 84.7 73.8 65.1 84.6 62.6 89.2 78.6 95.8 101.5 93.6 91.6 88.2 95.1 107.9 99.9 94.5 98.4 99.8 103.7 109.2 102.9 92.6 83.6 81.3 68.5 67.1 72.2 77.4 78.0 72.2 68.8 61.3 54.2 41.3 33.5
-9999.0 -9999.0 -9999.0 -9999.0 -9999.0 -9999.0 -9999.0 -9999.0 -9999.0 -9999.0 -9999.0 -9999.0 50.2 41.7 47.7 33.3 37.8 24.7 20.5 21.2 14.3 13.9 13.5 13.5 14.0 14.4 15.8 16.3 18.6 21.2 25.7 31.3 38.5 48.5 59.8 70.2 89.5 90.5 91.0 88.4 86.5 85.2 82.8 87.3 82.1 84.3 94.6 84.3 102.2 117.3 135.0 124.8 106.8 99.2 103.3 105.9 104.7 108.9 103.0 112.5 114.8 113.6 105.8 90.6 76.7 85.6 81.3 88.2 91.3 91.7 77.6 69.0 64.7 61.5 65.3 91.2
-9999.0 -9999.0 -9999.0 -9999.0 -9999.0 -9999.0 -9999.0 -9999.0 -9999.0 -9999.0 -9999.0 -9999.0 64.3 30.8 22.7 28.2 16.9 15.8 16.6 13.1 11.4 10.7 10.1 10.3 11.4 11.3 12.0 14.2 14.7 18.1 20.7 25.7 33.7 43.8 56.5 69.8 87.9 101.2 105.9 105.4 99.0 97.5 110.5 96.2 104.8 113.7 100.2 103.5 107.2 138.3 143.3 140.3 120.9 119.3 110.2 114.4 109.7 111.2 110.6 115.5 116.8 111.1 107.6 104.9 73.1 82.6 88.6 103.0 104.1 101.6 103.9 112.7 114.8 101.5 105.2 102.8
-9999.0 -9999.0 -9999.0 -9999.0 -9999.0 -9999.0 -9999.0 -9999.0 -9999.0 -9999.0 -9999.0 -9999.0 -9999.0 31.4 33.1 14.8 15.9 11.1 9.2 8.4 8.0 7.7 7.3 8.3 8.4 7.1 7.4 7.5 9.5 12.0 16.4 21.7 27.6 38.2 52.3 68.1 85.3 102.3 124.6 123.3 122.3 127.3 127.1 138.4 127.9 120.4 130.5 145.1 159.1 167.8 168.7 150.3 137.2 154.8 140.2 132.8 126.7 126.1 129.7 121.8 119.2 112.9 108.7 84.6 60.7 76.9 97.7 124.5 123.3 114.0 104.6 98.1 102.7 108.1 121.4 119.2
-9999.0 -9999.0 -9999.0 -9999.0 -9999.0 -9999.0 -9999.0 -9999.0 -9999.0 -9999.0 -9999.0 -9999.0 32.6 35.5 24.7 13.4 15.6 9.7 7.7 6.0 5.8 5.9 5.8 6.3 7.0 5.0 5.6 6.7 7.5 8.5 11.6 17.7 21.4 32.9 46.2 64.4 83.8 102.7 116.0 124.0 139.9 155.2 168.7 153.3 161.2 163.0 158.0 155.3 170.8 181.3 192.4 191.5 161.4 161.8 151.6 149.6 151.5 143.4 139.2 131.8 125.3 121.8 112.5 111.1 85.7 79.2 148.1 154.2 131.5 121.4 115.1 105.1 94.7 84.4 92.5 107.3
-9999.0 -9999.0 -9999.0 -9999.0 -9999.0 -9999.0 -9999.0 -9999.0 -9999.0 -9999.0 -9999.0 -9999.0 34.0 14.2 13.1 20.2 12.8 5.9 5.0 4.8 4.6 4.3 4.4 4.6 5.6 6.2 5.8 5.8 6.0 7.8 10.2 13.1 16.5 29.4 42.8 58.8 80.7 100.5 115.8 123.0 132.5 145.3 162.0 178.0 188.5 195.4 207.4 205.8 204.5 183.4 184.3 193.4 172.1 164.1 163.5 161.4 165.1 163.9 157.6 152.9 147.6 144.0 118.0 89.3 73.8 95.6 113.3 163.8 140.7 110.5 98.5 95.9 97.1 113.1 128.8 126.9
-9999.0 -9999.0 -9999.0 -9999.0 -9999.0 -9999.0 -9999.0 -9999.0 -9999.0 -9999.0 -9999.0 -9999.0 12.2 19.0 8.4 7.5 5.7 7.1 4.2 3.7 3.5 3.0 3.5 2.9 3.5 2.3 2.7 1.8 4.3 5.2 7.2 7.2 16.0 27.1 39.3 53.9 74.3 94.6 111.5 121.8 134.5 155.6 179.7 197.8 211.5 225.6 232.7 221.6 201.9 196.1 193.0 176.4 214.9 211.3 185.2 162.6 172.0 175.1 174.2 166.5 159.8 149.9 158.0 91.7 50.9 116.2 148.5 157.0 136.8 113.6 99.6 106.2 116.1 136.0 182.4 155.4
-9999.0 -9999.0 -9999.0 -9999.0 -9999.0 -9999.0 -9999.0 -9999.0 -9999.0 -9999.0 -9999.0 -9999.0 -9999.0 26.7 16.5 6.5 5.4 3.9 4.0 3.5 3.6 2.8 2.4 2.0 3.1 2.5 2.6 3.0 2.0 4.8 3.2 6.3 10.2 21.7 32.3 42.2 62.7 90.0 107.0 122.9 139.1 161.7 188.0 208.7 222.9 228.5 233.4 212.2 218.6 201.9 169.1 194.2 180.8 158.7 187.7 184.5 159.7 168.2 180.0 192.8 182.8 209.0 159.9 63.6 77.1 105.6 144.3 153.8 142.4 120.7 112.8 116.8 137.1 141.7 162.2 164.6
-9999.0 -9999.0 -9999.0 -9999.0 -9999.0 -9999.0 -9999.0 -9999.0 -9999.0 -9999.0 -9999.0 -9999.0 -9999.0 5.7 14.1 6.1 8.0 3.8 3.5 3.4 3.5 2.8 2.3 2.1 4.0 2.5 1.9 2.8 2.2 0.7 1.3 3.1 9.2 16.4 24.0 39.1 63.7 86.0 101.8 116.6 139.6 160.5 183.6 204.0 225.2 224.0 221.4 197.8 183.4 164.0 169.8 123.2 162.4 184.8 193.8 175.1 152.5 164.0 186.4 170.5 196.2 143.4 81.9 91.4 92.5 111.4 143.1 158.4 150.3 142.9 138.1 143.7 156.1 170.5 180.6 181.5
-9999.0 -9999.0 -9999.0 -9999.0 -9999.0 -9999.0 -9999.0 -9999.0 -9999.0 -9999.0 -9999.0 -9999.0 -9999.0 -9999.0 -9999.0 6.7 4.9 4.9 4.1 4.2 4.0 4.0 4.1 3.4 2.5 2.2 0.8 0.9 0.5 1.3 1.2 3.0 4.2 10.7 24.3 32.8 49.1 87.4 101.0 116.9 130.9 150.9 169.9 185.9 196.6 202.0 194.6 164.6 154.8 92.7 106.6 166.7 128.3 143.6 100.7 147.4 153.2 137.8 196.2 215.4 149.7 99.1 120.8 113.9 120.4 140.7 161.4 173.0 172.3 164.1 165.8 169.5 182.0 185.3 175.9 181.7
-9999.0 -9999.0 -9999.0 -9999.0 -9999.0 -9999.0 -9999.0 -9999.0 -9999.0 -9999.0 -9999.0 -9999.0 -9999.0 -9999.0 -9999.0 -9999.0 -9999.0 8.1 7.3 -9999.0 9.0 5.7 8.0 7.9 3.8 3.3 1.0 1.0 1.5 0.7 1.3 5.2 3.6 19.6 40.9 41.3 45.9 83.8 88.6 102.6 115.8 134.3 145.8 155.9 178.8 174.3 220.5 166.2 105.8 100.4 51.5 69.7 55.6 123.2 138.4 145.4 129.3 180.0 199.4 222.3 107.0 99.8 117.7 129.7 135.4 151.2 169.7 171.5 178.7 179.8 184.4 189.2 195.2 176.8 168.6 168.3
-9999.0 -9999.0 -9999.0 -9999.0 -9999.0 -9999.0 -9999.0 -9999.0 -9999.0 -9999.0 -9999.0 -9999.0 -9999.0 -9999.0 -9999.0 -9999.0 -9999.0 -9999.0 -9999.0 -9999.0 -9999.0 12.2 10.0 6.0 7.1 12.8 9.1 5.6 2.6 4.0 2.8 14.2 16.3 22.7 41.6 41.5 53.7 62.5 69.7 71.3 74.4 110.7 124.8 130.2 145.8 139.6 234.9 118.4 138.8 275.8 66.7 136.8 130.6 66.7 100.0 142.3 159.4 164.0 233.1 229.8 122.8 109.9 103.3 113.2 139.9 156.5 171.1 164.9 173.7 176.3 178.3 185.5 180.8 154.4 135.5 127.8
-9999.0 -9999.0 -9999.0 -9999.0 -9999.0 -9999.0 -9999.0 -9999.0 -9999.0 -9999.0 -9999.0 -9999.0 -9999.0 -9999.0 -9999.0 -9999.0 -9999.0 -9999.0 -9999.0 -9999.0 -9999.0 -9999.0 -9999.0 44.3 20.2 20.2 16.8 9.7 2.5 4.6 3.4 4.7 5.6 15.7 23.0 34.6 42.1 49.4 57.8 68.2 74.0 92.6 84.5 86.4 118.8 232.6 148.2 121.3 119.0 106.3 55.8 94.9 51.2 70.0 68.7 68.9 140.9 194.4 211.0 245.6 212.3 188.7 144.7 93.3 105.1 148.0 169.7 159.0 151.8 158.6 172.5 167.7 156.8 153.5 127.5 126.7
-9999.0 -9999.0 -9999.0 -9999.0 -9999.0 -9999.0 -9999.0 -9999.0 -9999.0 -9999.0 -9999.0 -9999.0 -9999.0 -9999.0 -9999.0 -9999.0 -9999.0 -9999.0 -9999.0 -9999.0 -9999.0 -9999.0 -9999.0 -9999.0 -9999.0 92.1 49.8 5.7 4.3 2.9 3.9 11.6 18.8 21.2 34.9 34.5 43.8 43.5 53.1 48.2 69.0 56.8 60.5 76.3 159.9 227.6 204.0 298.1 97.6 107.9 105.3 79.6 102.3 96.4 66.0 84.3 138.2 175.0 226.0 258.3 280.0 255.2 254.5 111.3 116.9 147.8 159.2 158.7 174.5 184.9 163.1 150.4 122.6 140.8 140.7 137.5
-9999.0 -9999.0 -9999.0 -9999.0 -9999.0 -9999.0 -9999.0 -9999.0 -9999.0 -9999.0 -9999.0 -9999.0 -9999.0 -9999.0 -9999.0 -9999.0 -9999.0 -9999.0 -9999.0 -9999.0 -9999.0 -9999.0 -9999.0 -9999.0 -9999.0 -9999.0 -9999.0 111.6 106.9 45.5 35.5 34.6 15.5 46.5 35.6 52.3 40.4 36.6 28.0 32.5 45.2 31.9 59.9 122.3 163.9 218.3 272.8 313.0 341.3 210.7 289.9 258.6 99.9 95.9 91.5 115.0 136.2 189.2 227.7 282.2 345.9 291.3 203.9 154.1 157.4 165.2 180.1 180.4 181.8 182.1 167.2 168.2 111.8 115.5 98.8 112.3
-9999.0 -9999.0 -9999.0 -9999.0 -9999.0 -9999.0 -9999.0 -9999.0 -9999.0 -9999.0 -9999.0 -9999.0 -9999.0 -9999.0 -9999.0 -9999.0 -9999.0 -9999.0 -9999.0 -9999.0 -9999.0 -9999.0 -9999.0 -9999.0 -9999.0 -9999.0 -9999.0 -9999.0 -9999.0 -9999.0 -9999.0 -9999.0 -9999.0 62.9 44.1 -9999.0 -9999.0 -9999.0 30.1 24.8 27.6 42.4 50.7 118.3 166.3 209.2 -9999.0 -9999.0 -9999.0 -9999.0 -9999.0 -9999.0 200.8 136.1 138.1 132.1 146.8 198.6 244.4 335.4 364.0 312.0 261.7 203.9 200.6 228.1 249.5 254.3 231.9 195.7 169.1 173.4 150.4 84.2 86.9 79.5
-9999.0 -9999.0 -9999.0 -9999.0 -9999.0 -9999.0 -9999.0 -9999.0 -9999.0 -9999.0 -9999.0 -9999.0 -9999.0 -9999.0 -9999.0 -9999.0 -9999.0 -9999.0 -9999.0 -9999.0 -9999.0 -9999.0 -9999.0 -9999.0 -9999.0 -9999.0 -9999.0 -9999.0 -9999.0 -9999.0 -9999.0 -9999.0 -9999.0 -9999.0 -9999.0 -9999.0 -9999.0 -9999.0 -9999.0 43.4 49.9 62.7 82.3 108.9 -9999.0 -9999.0 -9999.0 -9999.0 -9999.0 -9999.0 -9999.0 -9999.0 264.0 190.2 165.4 160.4 167.2 202.6 272.3 352.1 390.7 332.8 279.3 253.0 259.2 302.7 335.4 302.6 256.3 246.1 218.5 183.8 125.5 110.1 57.7 74.6
-9999.0 -9999.0 -9999.0 -9999.0 -9999.0 -9999.0 -9999.0 -9999.0 -9999.0 -9999.0 -9999.0 -9999.0 -9999.0 -9999.0 -9999.0 -9999.0 -9999.0 -9999.0 -9999.0 -9999.0 -9999.0 -9999.0 -9999.0 -9999.0 -9999.0 -9999.0 -9999.0 -9999.0 -9999.0 -9999.0 -9999.0 -9999.0 -9999.0 -9999.0 -9999.0 -9999.0 -9999.0 -9999.0 -9999.0 -9999.0 -9999.0 -9999.0 -9999.0 -9999.0 -9999.0 -9999.0 -9999.0 -9999.0 -9999.0 -9999.0 -9999.0 -9999.0 440.4 257.5 220.7 195.4 178.0 190.6 235.7 289.8 326.8 307.1 269.7 278.1 312.8 380.6 370.7 323.3 278.3 251.8 223.1 196.1 219.1 129.0 105.3 101.2
-9999.0 -9999.0 -9999.0 -9999.0 -9999.0 -9999.0 -9999.0 -9999.0 -9999.0 -9999.0 -9999.0 -9999.0 -9999.0 -9999.0 -9999.0 -9999.0 -9999.0 -9999.0 -9999.0 -9999.0 -9999.0 -9999.0 -9999.0 -9999.0 -9999.0 -9999.0 -9999.0 -9999.0 -9999.0 -9999.0 -9999.0 -9999.0 -9999.0 -9999.0 -9999.0 -9999.0 -9999.0 -9999.0 -9999.0 -9999.0 -9999.0 -9999.0 -9999.0 -9999.0 -9999.0 -9999.0 -9999.0 -9999.0 -9999.0 -9999.0 -9999.0 477.2 455.7 338.6 305.1 231.0 193.3 192.1 202.6 215.9 230.4 227.3 237.3 273.8 348.5 421.9 373.7 244.8 281.8 237.9 216.1 208.5 161.7 117.2 130.2 162.4
-9999.0 -9999.0 -9999.0 -9999.0 -9999.0 -9999.0 -9999.0 -9999.0 -9999.0 -9999.0 -9999.0 -9999.0 -9999.0 -9999.0 -9999.0 -9999.0 -9999.0 -9999.0 -9999.0 -9999.0 -9999.0 -9999.0 -9999.0 -9999.0 -9999.0 -9999.0 -9999.0 -9999.0 -9999.0 -9999.0 -9999.0 -9999.0 -9999.0 -9999.0 -9999.0 -9999.0 -9999.0 -9999.0 -9999.0 -9999.0 -9999.0 -9999.0 -9999.0 -9999.0 -9999.0 -9999.0 -9999.0 -9999.0 -9999.0 -9999.0 355.4 485.6 475.5 416.7 334.5 269.1 203.7 181.5 187.6 189.3 175.5 173.9 183.8 240.2 339.9 390.7 377.2 284.9 305.1 238.3 242.6 208.8 184.3 180.8 191.2 222.5
-9999.0 -9999.0 -9999.0 -9999.0 -9999.0 -9999.0 -9999.0 -9999.0 -9999.0 -9999.0 -9999.0 -9999.0 -9999.0 -9999.0 -9999.0 -9999.0 -9999.0 -9999.0 -9999.0 -9999.0 -9999.0 -9999.0 -9999.0 -9999.0 -9999.0 -9999.0 -9999.0 -9999.0 -9999.0 -9999.0 -9999.0 -9999.0 -9999.0 -9999.0 -9999.0 -9999.0 -9999.0 -9999.0 -9999.0 -9999.0 -9999.0 -9999.0 -9999.0 -9999.0 -9999.0 -9999.0 -9999.0 -9999.0 -9999.0 -9999.0 291.5 493.0 456.6 445.0 382.5 290.1 213.2 226.9 208.3 179.3 148.8 128.1 137.7 195.0 273.8 267.5 275.1 232.7 258.4 231.8 243.6 234.7 209.1 179.0 171.6 188.8
-9999.0 -9999.0 -9999.0 -9999.0 -9999.0 -9999.0 -9999.0 -9999.0 -9999.0 -9999.0 -9999.0 -9999.0 -9999.0 -9999.0 -9999.0 -9999.0 -9999.0 -9999.0 -9999.0 -9999.0 -9999.0 -9999.0 -9999.0 -9999.0 -9999.0 -9999.0 -9999.0 -9999.0 -9999.0 -9999.0 -9999.0 -9999.0 -9999.0 -9999.0 -9999.0 -9999.0 -9999.0 -9999.0 -9999.0 -9999.0 -9999.0 -9999.0 -9999.0 -9999.0 -9999.0 -9999.0 -9999.0 -9999.0 -9999.0 -9999.0 205.1 334.6 361.5 511.2 346.0 282.0 331.5 254.1 246.0 205.2 162.7 129.5 119.7 139.3 187.0 196.8 198.1 204.9 206.4 266.8 220.3 270.5 170.4 173.1 132.1 144.0
-9999.0 -9999.0 -9999.0 -9999.0 -9999.0 -9999.0 -9999.0 -9999.0 -9999.0 -9999.0 -9999.0 -9999.0 -9999.0 -9999.0 -9999.0 -9999.0 -9999.0 -9999.0 -9999.0 -9999.0 -9999.0 -9999.0 -9999.0 -9999.0 -9999.0 -9999.0 -9999.0 -9999.0 -9999.0 -9999.0 -9999.0 -9999.0 -9999.0 -9999.0 -9999.0 -9999.0 -9999.0 -9999.0 -9999.0 -9999.0 -9999.0 -9999.0 -9999.0 -9999.0 -9999.0 -9999.0 -9999.0 -9999.0 -9999.0 -9999.0 239.1 397.8 386.8 440.1 397.3 408.5 221.6 267.1 260.2 227.4 214.7 162.5 115.4 121.4 144.3 154.9 186.5 216.6 260.6 148.4 187.8 163.4 140.9 129.2 93.9 108.3
-9999.0 -9999.0 -9999.0 -9999.0 -9999.0 -9999.0 -9999.0 -9999.0 -9999.0 -9999.0 -9999.0 -9999.0 -9999.0 -9999.0 -9999.0 -9999.0 -9999.0 -9999.0 -9999.0 -9999.0 -9999.0 -9999.0 -9999.0 -9999.0 -9999.0 -9999.0 -9999.0 -9999.0 -9999.0 -9999.0 -9999.0 -9999.0 -9999.0 -9999.0 -9999.0 -9999.0 -9999.0 -9999.0 -9999.0 -9999.0 -9999.0 -9999.0 -9999.0 -9999.0 -9999.0 -9999.0 -9999.0 -9999.0 -9999.0 -9999.0 -9999.0 -9999.0 -9999.0 353.6 325.3 285.0 265.4 269.9 202.0 242.9 362.0 210.8 226.2 153.8 140.2 145.5 194.7 207.7 245.1 227.6 175.3 123.6 90.4 78.6 78.6 77.1
-9999.0 -9999.0 -9999.0 -9999.0 -9999.0 -9999.0 -9999.0 -9999.0 -9999.0 -9999.0 -9999.0 -9999.0 -9999.0 -9999.0 -9999.0 -9999.0 -9999.0 -9999.0 -9999.0 -9999.0 -9999.0 -9999.0 -9999.0 -9999.0 -9999.0 -9999.0 -9999.0 -9999.0 -9999.0 -9999.0 -9999.0 -9999.0 -9999.0 -9999.0 -9999.0 -9999.0 -9999.0 -9999.0 -9999.0 -9999.0 -9999.0 -9999.0 -9999.0 -9999.0 -9999.0 -9999.0 -9999.0 -9999.0 -9999.0 -9999.0 -9999.0 -9999.0 -9999.0 341.5 282.7 502.9 229.0 169.3 220.0 379.0 324.0 263.8 329.4 209.1 184.2 182.1 186.1 261.7 230.5 217.2 162.2 113.8 88.6 81.0 84.3 105.6
-9999.0 -9999.0 -9999.0 -9999.0 -9999.0 -9999.0 -9999.0 -9999.0 -9999.0 -9999.0 -9999.0 -9999.0 -9999.0 -9999.0 -9999.0 -9999.0 -9999.0 -9999.0 -9999.0 -9999.0 -9999.0 -9999.0 -9999.0 -9999.0 -9999.0 -9999.0 -9999.0 -9999.0 -9999.0 -9999.0 -9999.0 -9999.0 -9999.0 -9999.0 -9999.0 -9999.0 -9999.0 -9999.0 -9999.0 -9999.0 -9999.0 -9999.0 -9999.0 -9999.0 -9999.0 -9999.0 -9999.0 -9999.0 -9999.0 -9999.0 -9999.0 -9999.0 -9999.0 337.9 197.6 336.6 248.6 178.4 219.9 268.9 390.8 375.7 431.0 372.9 222.5 -9999.0 -9999.0 -9999.0 291.4 231.7 190.7 157.0 125.9 109.7 115.6 155.1
-9999.0 -9999.0 -9999.0 -9999.0 -9999.0 -9999.0 -9999.0 -9999.0 -9999.0 -9999.0 -9999.0 -9999.0 -9999.0 -9999.0 -9999.0 -9999.0 -9999.0 -9999.0 -9999.0 -9999.0 -9999.0 -9999.0 -9999.0 -9999.0 -9999.0 -9999.0 -9999.0 -9999.0 -9999.0 -9999.0 -9999.0 -9999.0 -9999.0 -9999.0 -9999.0 -9999.0 -9999.0 -9999.0 -9999.0 -9999.0 -9999.0 -9999.0 -9999.0 -9999.0 -9999.0 -9999.0 -9999.0 -9999.0 -9999.0 -9999.0 -9999.0 -9999.0 -9999.0 -9999.0 315.3 279.6 155.1 127.5 237.3 366.5 243.0 -9999.0 -9999.0 -9999.0 -9999.0 -9999.0 -9999.0 -9999.0 266.2 274.7 279.9 175.8 137.1 131.4 132.8 163.6
-9999.0 -9999.0 -9999.0 -9999.0 -9999.0 -9999.0 -9999.0 -9999.0 -9999.0 -9999.0 -9999.0 -9999.0 -9999.0 -9999.0 -9999.0 -9999.0 -9999.0 -9999.0 -9999.0 -9999.0 -9999.0 -9999.0 -9999.0 -9999.0 -9999.0 -9999.0 -9999.0 -9999.0 -9999.0 -9999.0 -9999.0 -9999.0 -9999.0 -9999.0 -9999.0 -9999.0 -9999.0 -9999.0 -9999.0 -9999.0 -9999.0 -9999.0 -9999.0 -9999.0 -9999.0 -9999.0 -9999.0 -9999.0 -9999.0 -9999.0 -9999.0 -9999.0 -9999.0 -9999.0 -9999.0 226.1 381.2 196.5 165.4 262.1 270.4 -9999.0 -9999.0 -9999.0 -9999.0 -9999.0 -9999.0 -9999.0 -9999.0 -9999.0 217.0 -9999.0 -9999.0 -9999.0 -9999.0 -9999.0
