program/excelProcessViaJava/data/SURF_CLI_CHN_PRE_MON_GRID_0.5-198102.txt
NCOLS      128
NROWS       72
XLLCORNER    72.000000000000    
YLLCORNER    18.000000000000    
CELLSIZE    0.50000000000000    
NODATA_VALUE   -9999.000    
[rows 35 to 69 of 72, columns 0 to 78 of 128]
-9999.0 -9999.0 -9999.0 -9999.0 -9999.0 -9999.0 -9999.0 0.3 1.1 0.4 3.9 3.6 0.6 0.9 0.9 0.1 0.1 0.1 0.1 0.1 0.2 0.8 1.1 0.8 0.7 0.7 1.3 1.8 2.2 3.6 3.8 3.9 3.9 4.5 5.3 3.5 4.5 2.7 3.4 2.6 0.2 1.9 1.1 0.3 0.1 0.1 0.2 0.2 0.2 0.2 0.4 0.5 0.9 7.0 3.6 0.2 0.1 0.2 0.6 0.4 1.6 0.7 0.9 1.2 1.6 1.2 1.9 2.7 2.3 2.7 1.9 1.2 1.3 1.2 0.5 0.5 0.2 0.5 1.5
-9999.0 -9999.0 -9999.0 -9999.0 -9999.0 -9999.0 -9999.0 4.0 0.1 1.1 2.1 0.8 1.5 4.0 1.4 6.1 1.1 0.8 2.7 0.7 0.6 1.3 0.8 0.9 0.8 1.0 1.1 2.3 1.7 1.9 3.6 4.1 4.4 6.1 4.4 4.2 3.1 3.3 2.3 1.2 0.9 0.6 0.9 3.8 0.8 0.4 0.8 1.1 3.6 2.3 8.2 6.4 1.7 2.5 5.5 0.3 0.1 0.2 0.4 0.8 0.6 0.6 0.7 1.3 1.4 1.5 1.7 1.8 3.3 2.9 3.4 3.6 3.9 3.6 1.5 2.3 1.8 1.2 1.4
-9999.0 -9999.0 -9999.0 -9999.0 -9999.0 -9999.0 -9999.0 -9999.0 -9999.0 0.8 0.7 0.5 2.2 1.9 1.1 0.7 1.5 6.3 1.9 4.1 1.7 0.8 0.7 0.8 0.8 0.8 1.2 1.6 1.5 3.3 2.2 3.3 3.8 5.0 3.6 3.4 2.8 2.7 1.6 1.4 0.6 0.8 0.7 0.8 2.2 3.0 3.8 3.8 4.0 4.0 5.9 4.5 3.3 2.4 5.4 0.6 0.2 0.2 0.5 0.5 0.6 1.2 1.4 0.7 1.0 1.1 0.9 0.9 2.2 2.8 4.6 5.3 5.9 6.2 6.1 4.0 4.6 4.7 4.4
-9999.0 -9999.0 -9999.0 -9999.0 -9999.0 -9999.0 -9999.0 -9999.0 -9999.0 -9999.0 -9999.0 2.1 0.2 2.6 1.3 1.8 1.4 1.1 1.0 1.3 1.9 1.1 1.1 0.8 1.9 1.3 1.8 2.1 2.2 2.3 2.8 4.6 3.8 4.3 3.9 6.2 3.5 3.0 6.1 1.7 2.0 1.0 0.8 1.2 4.6 3.6 8.2 5.5 6.0 4.7 2.8 3.2 3.5 4.8 6.8 2.7 0.7 0.8 0.6 0.6 1.3 0.9 0.6 0.5 1.2 0.5 0.4 0.5 1.0 2.3 4.2 6.1 6.4 6.4 8.0 10.5 12.3 10.4 9.2
-9999.0 -9999.0 -9999.0 -9999.0 -9999.0 -9999.0 -9999.0 -9999.0 -9999.0 -9999.0 -9999.0 -9999.0 0.3 0.4 1.8 0.9 3.7 1.5 1.4 3.3 0.8 1.0 1.0 0.8 3.8 1.2 1.1 2.0 2.1 3.9 3.1 3.5 4.0 5.7 6.1 5.2 8.3 4.2 2.5 1.4 1.0 1.0 1.3 3.0 4.2 6.2 8.2 4.4 4.0 3.5 5.8 5.4 3.9 3.1 3.6 3.5 2.7 3.5 0.7 2.3 1.8 3.1 3.2 1.6 0.7 3.0 1.0 1.1 1.3 2.4 3.3 6.1 8.3 10.8 12.9 18.4 15.5 15.3 14.0
-9999.0 -9999.0 -9999.0 -9999.0 -9999.0 -9999.0 -9999.0 -9999.0 -9999.0 -9999.0 -9999.0 -9999.0 2.6 0.3 0.3 1.2 0.5 0.8 1.8 1.4 1.2 1.5 1.2 0.9 0.7 1.0 1.1 1.1 1.6 1.8 2.8 4.6 4.4 4.8 5.8 5.3 7.7 7.3 4.9 3.2 1.7 1.6 4.0 3.3 6.7 10.3 7.0 4.7 1.8 2.6 2.2 3.6 2.8 4.1 2.1 3.1 1.8 2.5 1.5 1.7 1.9 2.2 4.5 7.2 1.3 2.9 0.9 1.1 1.1 1.9 5.3 13.7 19.0 14.5 17.5 20.0 21.8 22.3 20.2
-9999.0 -9999.0 -9999.0 -9999.0 -9999.0 -9999.0 -9999.0 -9999.0 -9999.0 -9999.0 -9999.0 -9999.0 -9999.0 0.7 2.1 0.5 1.0 0.7 0.7 0.7 0.9 0.7 1.1 0.8 0.9 1.5 1.6 2.4 1.9 2.1 2.2 2.6 4.6 5.6 4.4 5.1 5.7 6.7 14.6 7.3 5.1 5.6 5.4 9.6 8.6 8.6 10.4 9.8 7.2 4.3 3.4 2.4 2.8 10.4 6.9 4.5 2.6 3.6 8.1 5.4 5.5 4.4 6.9 3.1 1.4 3.1 4.7 4.0 4.0 3.5 4.7 7.5 13.0 18.3 23.8 24.5 25.6 25.7 26.2
-9999.0 -9999.0 -9999.0 -9999.0 -9999.0 -9999.0 -9999.0 -9999.0 -9999.0 -9999.0 -9999.0 -9999.0 0.8 2.4 1.8 0.8 2.2 1.2 1.1 0.8 0.8 0.9 1.0 1.0 1.0 1.3 1.1 1.1 1.2 1.5 1.8 2.0 4.0 3.7 4.8 4.7 7.6 5.4 5.4 5.7 11.5 16.2 19.7 8.3 12.2 14.2 12.4 8.4 6.7 5.0 6.8 9.8 5.1 7.9 5.7 5.2 7.4 2.6 5.6 4.9 6.9 11.0 10.5 16.0 9.8 7.4 5.1 7.7 9.6 11.9 12.2 12.8 19.2 29.4 30.9 29.7 31.3 32.8 34.1
-9999.0 -9999.0 -9999.0 -9999.0 -9999.0 -9999.0 -9999.0 -9999.0 -9999.0 -9999.0 -9999.0 -9999.0 1.9 0.6 0.8 4.0 2.6 0.9 1.0 1.3 1.1 1.2 1.2 1.2 1.2 1.1 0.9 0.8 0.8 0.9 1.1 1.5 2.7 2.4 2.8 3.8 3.8 5.1 5.3 3.7 4.6 4.5 6.0 9.3 13.0 16.7 21.8 17.5 12.7 4.8 4.2 8.0 5.1 5.0 6.2 6.1 7.8 9.3 7.3 12.7 17.0 22.9 13.3 11.8 11.5 4.5 10.3 11.6 13.8 15.7 17.5 21.4 28.5 30.7 31.5 27.8 31.1 31.8 37.1
-9999.0 -9999.0 -9999.0 -9999.0 -9999.0 -9999.0 -9999.0 -9999.0 -9999.0 -9999.0 -9999.0 -9999.0 0.8 1.7 1.0 1.1 1.2 2.5 1.5 1.5 2.4 2.4 1.7 1.7 1.4 1.3 0.9 0.9 0.6 0.6 0.6 1.2 1.2 1.5 1.8 2.5 3.1 4.1 3.9 5.8 4.6 3.0 13.3 4.9 13.1 24.0 27.1 17.8 9.6 7.5 6.7 4.2 21.3 25.2 14.7 8.0 11.6 13.8 15.1 10.3 13.1 17.5 36.7 17.3 5.5 6.6 10.7 14.1 17.1 22.2 26.4 26.1 31.6 35.1 69.5 39.2 63.4 32.1 40.1
-9999.0 -9999.0 -9999.0 -9999.0 -9999.0 -9999.0 -9999.0 -9999.0 -9999.0 -9999.0 -9999.0 -9999.0 -9999.0 5.4 3.7 1.6 1.8 1.7 2.3 2.7 5.1 2.6 2.8 2.7 1.9 1.4 1.0 0.6 0.4 0.3 0.3 0.4 0.8 0.9 1.3 3.3 4.1 3.3 4.3 3.7 4.1 16.7 24.5 20.0 11.4 15.0 22.5 10.7 17.3 12.2 5.2 11.8 8.2 3.6 18.4 22.1 9.8 10.3 15.7 29.5 23.4 60.3 31.4 12.5 5.1 8.9 12.1 14.9 18.7 20.5 23.7 26.7 28.6 36.3 35.8 34.0 31.0 32.7 43.7
-9999.0 -9999.0 -9999.0 -9999.0 -9999.0 -9999.0 -9999.0 -9999.0 -9999.0 -9999.0 -9999.0 -9999.0 -9999.0 2.8 4.2 2.5 4.4 2.6 2.8 3.4 5.9 5.3 5.0 3.7 3.1 2.0 1.2 0.7 0.3 0.3 0.2 0.2 0.2 0.5 1.3 2.1 2.0 2.8 5.4 16.8 7.6 11.8 16.3 19.5 40.8 20.9 20.5 10.6 11.1 8.8 11.1 2.1 7.7 18.0 28.4 23.0 12.1 12.5 20.0 6.4 23.1 12.5 9.4 5.7 6.6 9.0 11.1 14.1 16.4 17.7 17.3 18.0 22.2 28.3 35.6 41.7 53.2 31.6 37.4
-9999.0 -9999.0 -9999.0 -9999.0 -9999.0 -9999.0 -9999.0 -9999.0 -9999.0 -9999.0 -9999.0 -9999.0 -9999.0 -9999.0 -9999.0 4.1 4.1 4.6 4.7 5.2 6.7 6.1 6.0 5.5 4.4 3.0 2.3 0.7 0.5 0.1 0.1 0.1 0.3 0.5 0.5 3.0 6.0 1.3 3.1 5.4 15.4 21.5 21.2 18.5 8.7 8.4 16.8 8.9 12.4 4.9 4.9 21.2 5.2 7.9 1.2 15.0 18.3 3.6 24.9 29.5 5.7 5.6 9.0 7.8 7.1 7.8 9.9 13.7 15.3 11.4 9.8 11.5 19.0 25.8 33.3 47.7 46.4 58.3 35.6
-9999.0 -9999.0 -9999.0 -9999.0 -9999.0 -9999.0 -9999.0 -9999.0 -9999.0 -9999.0 -9999.0 -9999.0 -9999.0 -9999.0 -9999.0 -9999.0 -9999.0 44.7 15.4 -9999.0 12.9 10.0 10.9 10.1 7.3 5.2 3.7 1.2 0.3 0.1 0.0 0.0 0.2 0.1 0.1 0.3 5.2 0.2 2.1 4.5 9.6 23.1 18.0 13.2 5.8 8.0 39.6 26.7 9.3 10.7 7.5 3.8 5.7 9.2 14.7 18.3 7.2 23.5 19.4 21.5 1.1 3.3 6.8 7.9 8.3 8.7 10.7 12.9 13.1 8.5 7.9 15.0 23.3 24.2 33.2 44.8 38.7 33.7 34.1
-9999.0 -9999.0 -9999.0 -9999.0 -9999.0 -9999.0 -9999.0 -9999.0 -9999.0 -9999.0 -9999.0 -9999.0 -9999.0 -9999.0 -9999.0 -9999.0 -9999.0 -9999.0 -9999.0 -9999.0 -9999.0 18.0 16.2 15.0 12.3 12.7 7.7 3.4 0.7 0.2 0.0 0.1 0.0 0.1 0.1 0.2 0.2 0.3 0.3 0.1 0.2 19.3 23.3 16.9 5.0 11.3 74.8 14.7 34.9 152.7 12.8 40.2 32.5 5.0 8.6 21.3 20.7 7.3 39.5 11.6 0.7 1.5 4.0 7.9 12.8 16.2 17.2 15.4 14.2 8.3 5.7 13.8 18.9 21.9 25.2 27.6 27.9 26.2 29.3
-9999.0 -9999.0 -9999.0 -9999.0 -9999.0 -9999.0 -9999.0 -9999.0 -9999.0 -9999.0 -9999.0 -9999.0 -9999.0 -9999.0 -9999.0 -9999.0 -9999.0 -9999.0 -9999.0 -9999.0 -9999.0 -9999.0 -9999.0 50.4 24.7 21.4 15.4 7.6 2.1 0.6 0.1 0.1 0.7 0.3 1.2 1.3 3.3 1.0 5.6 10.9 11.3 22.4 8.8 3.1 5.3 82.1 23.1 24.5 42.4 56.0 26.2 37.1 21.7 19.0 8.7 0.9 10.4 22.8 1.9 9.4 1.6 1.7 2.3 6.3 16.5 27.6 28.0 20.4 14.0 8.3 12.1 13.4 17.2 23.6 21.2 22.6 30.0 30.8 30.5
-9999.0 -9999.0 -9999.0 -9999.0 -9999.0 -9999.0 -9999.0 -9999.0 -9999.0 -9999.0 -9999.0 -9999.0 -9999.0 -9999.0 -9999.0 -9999.0 -9999.0 -9999.0 -9999.0 -9999.0 -9999.0 -9999.0 -9999.0 -9999.0 -9999.0 101.6 42.1 13.8 7.2 7.2 1.3 0.8 0.9 1.4 1.5 4.8 17.1 4.0 12.9 7.4 22.1 8.4 1.7 2.5 34.4 85.9 59.2 151.6 31.2 52.0 54.7 47.6 58.0 48.9 18.1 7.9 11.5 4.4 13.5 7.6 3.9 2.4 14.8 4.6 14.9 30.8 32.7 25.2 22.5 19.8 11.3 13.0 14.6 23.9 26.9 26.2 31.2 40.7 65.8
-9999.0 -9999.0 -9999.0 -9999.0 -9999.0 -9999.0 -9999.0 -9999.0 -9999.0 -9999.0 -9999.0 -9999.0 -9999.0 -9999.0 -9999.0 -9999.0 -9999.0 -9999.0 -9999.0 -9999.0 -9999.0 -9999.0 -9999.0 -9999.0 -9999.0 -9999.0 -9999.0 127.3 106.4 25.3 14.1 9.6 6.5 8.0 6.0 12.6 5.1 4.8 2.3 5.4 12.6 1.6 4.3 29.6 46.7 80.4 121.3 146.1 164.5 92.5 156.2 158.7 70.1 59.4 39.1 29.9 7.9 3.5 9.7 3.4 3.4 4.3 1.1 2.2 7.6 14.9 26.2 24.5 17.2 12.7 11.1 18.2 15.3 23.1 24.9 32.7 56.5 68.2 58.8
-9999.0 -9999.0 -9999.0 -9999.0 -9999.0 -9999.0 -9999.0 -9999.0 -9999.0 -9999.0 -9999.0 -9999.0 -9999.0 -9999.0 -9999.0 -9999.0 -9999.0 -9999.0 -9999.0 -9999.0 -9999.0 -9999.0 -9999.0 -9999.0 -9999.0 -9999.0 -9999.0 -9999.0 -9999.0 -9999.0 -9999.0 -9999.0 -9999.0 34.1 12.9 -9999.0 -9999.0 -9999.0 8.7 4.5 3.2 5.4 4.1 36.9 65.0 78.1 -9999.0 -9999.0 -9999.0 -9999.0 -9999.0 -9999.0 93.8 80.0 46.6 21.0 9.1 3.0 3.0 4.2 5.9 7.0 4.5 4.0 5.6 11.0 18.3 22.6 20.8 14.5 12.8 20.0 26.4 22.1 33.9 42.0 76.6 73.7 78.6
-9999.0 -9999.0 -9999.0 -9999.0 -9999.0 -9999.0 -9999.0 -9999.0 -9999.0 -9999.0 -9999.0 -9999.0 -9999.0 -9999.0 -9999.0 -9999.0 -9999.0 -9999.0 -9999.0 -9999.0 -9999.0 -9999.0 -9999.0 -9999.0 -9999.0 -9999.0 -9999.0 -9999.0 -9999.0 -9999.0 -9999.0 -9999.0 -9999.0 -9999.0 -9999.0 -9999.0 -9999.0 -9999.0 -9999.0 45.9 39.1 38.9 41.3 44.9 -9999.0 -9999.0 -9999.0 -9999.0 -9999.0 -9999.0 -9999.0 -9999.0 78.5 88.9 52.8 22.1 8.2 4.2 4.2 6.4 9.4 10.1 9.9 5.5 8.4 13.1 20.6 24.3 24.3 25.9 25.9 25.3 21.8 31.8 32.9 52.3 75.6 84.3 105.1
-9999.0 -9999.0 -9999.0 -9999.0 -9999.0 -9999.0 -9999.0 -9999.0 -9999.0 -9999.0 -9999.0 -9999.0 -9999.0 -9999.0 -9999.0 -9999.0 -9999.0 -9999.0 -9999.0 -9999.0 -9999.0 -9999.0 -9999.0 -9999.0 -9999.0 -9999.0 -9999.0 -9999.0 -9999.0 -9999.0 -9999.0 -9999.0 -9999.0 -9999.0 -9999.0 -9999.0 -9999.0 -9999.0 -9999.0 -9999.0 -9999.0 -9999.0 -9999.0 -9999.0 -9999.0 -9999.0 -9999.0 -9999.0 -9999.0 -9999.0 -9999.0 -9999.0 53.3 86.4 50.6 40.3 14.4 8.1 6.3 7.5 9.6 10.2 19.7 7.4 9.2 12.9 21.7 28.0 29.2 29.4 28.4 27.5 46.2 33.5 44.2 61.8 87.0 95.3 100.8
-9999.0 -9999.0 -9999.0 -9999.0 -9999.0 -9999.0 -9999.0 -9999.0 -9999.0 -9999.0 -9999.0 -9999.0 -9999.0 -9999.0 -9999.0 -9999.0 -9999.0 -9999.0 -9999.0 -9999.0 -9999.0 -9999.0 -9999.0 -9999.0 -9999.0 -9999.0 -9999.0 -9999.0 -9999.0 -9999.0 -9999.0 -9999.0 -9999.0 -9999.0 -9999.0 -9999.0 -9999.0 -9999.0 -9999.0 -9999.0 -9999.0 -9999.0 -9999.0 -9999.0 -9999.0 -9999.0 -9999.0 -9999.0 -9999.0 -9999.0 -9999.0 30.4 37.3 66.9 35.7 34.1 23.5 16.3 9.9 7.1 8.8 8.8 8.6 9.7 11.9 17.1 27.5 30.7 30.6 25.4 22.5 22.3 19.2 26.4 48.2 74.6 100.4 109.7 126.9
-9999.0 -9999.0 -9999.0 -9999.0 -9999.0 -9999.0 -9999.0 -9999.0 -9999.0 -9999.0 -9999.0 -9999.0 -9999.0 -9999.0 -9999.0 -9999.0 -9999.0 -9999.0 -9999.0 -9999.0 -9999.0 -9999.0 -9999.0 -9999.0 -9999.0 -9999.0 -9999.0 -9999.0 -9999.0 -9999.0 -9999.0 -9999.0 -9999.0 -9999.0 -9999.0 -9999.0 -9999.0 -9999.0 -9999.0 -9999.0 -9999.0 -9999.0 -9999.0 -9999.0 -9999.0 -9999.0 -9999.0 -9999.0 -9999.0 -9999.0 20.1 22.1 35.9 49.9 39.9 39.9 27.9 16.5 13.0 11.4 10.6 9.4 12.6 16.6 21.0 26.1 32.2 31.7 29.5 18.9 18.5 15.0 19.6 34.7 58.2 85.9 105.4 128.2 135.9
-9999.0 -9999.0 -9999.0 -9999.0 -9999.0 -9999.0 -9999.0 -9999.0 -9999.0 -9999.0 -9999.0 -9999.0 -9999.0 -9999.0 -9999.0 -9999.0 -9999.0 -9999.0 -9999.0 -9999.0 -9999.0 -9999.0 -9999.0 -9999.0 -9999.0 -9999.0 -9999.0 -9999.0 -9999.0 -9999.0 -9999.0 -9999.0 -9999.0 -9999.0 -9999.0 -9999.0 -9999.0 -9999.0 -9999.0 -9999.0 -9999.0 -9999.0 -9999.0 -9999.0 -9999.0 -9999.0 -9999.0 -9999.0 -9999.0 -9999.0 10.0 22.9 18.3 36.2 43.3 36.9 22.0 25.1 19.9 17.8 21.2 21.4 26.0 26.6 27.6 27.1 28.2 22.0 18.3 13.4 16.4 21.4 30.0 43.7 66.1 91.8 109.1 121.5 116.9
-9999.0 -9999.0 -9999.0 -9999.0 -9999.0 -9999.0 -9999.0 -9999.0 -9999.0 -9999.0 -9999.0 -9999.0 -9999.0 -9999.0 -9999.0 -9999.0 -9999.0 -9999.0 -9999.0 -9999.0 -9999.0 -9999.0 -9999.0 -9999.0 -9999.0 -9999.0 -9999.0 -9999.0 -9999.0 -9999.0 -9999.0 -9999.0 -9999.0 -9999.0 -9999.0 -9999.0 -9999.0 -9999.0 -9999.0 -9999.0 -9999.0 -9999.0 -9999.0 -9999.0 -9999.0 -9999.0 -9999.0 -9999.0 -9999.0 -9999.0 6.5 7.7 13.4 39.4 27.8 27.4 37.2 25.2 26.8 31.7 35.6 36.5 35.5 28.1 23.4 20.1 17.2 12.6 9.4 16.0 17.5 36.2 44.9 60.8 76.0 90.5 96.5 99.6 85.6
-9999.0 -9999.0 -9999.0 -9999.0 -9999.0 -9999.0 -9999.0 -9999.0 -9999.0 -9999.0 -9999.0 -9999.0 -9999.0 -9999.0 -9999.0 -9999.0 -9999.0 -9999.0 -9999.0 -9999.0 -9999.0 -9999.0 -9999.0 -9999.0 -9999.0 -9999.0 -9999.0 -9999.0 -9999.0 -9999.0 -9999.0 -9999.0 -9999.0 -9999.0 -9999.0 -9999.0 -9999.0 -9999.0 -9999.0 -9999.0 -9999.0 -9999.0 -9999.0 -9999.0 -9999.0 -9999.0 -9999.0 -9999.0 -9999.0 -9999.0 3.3 10.5 13.5 22.5 25.9 33.3 20.5 26.7 31.9 43.5 46.4 46.4 32.3 24.2 18.1 14.4 15.2 12.9 17.4 8.0 19.1 34.8 56.6 70.8 76.4 78.4 75.4 67.3 59.3
-9999.0 -9999.0 -9999.0 -9999.0 -9999.0 -9999.0 -9999.0 -9999.0 -9999.0 -9999.0 -9999.0 -9999.0 -9999.0 -9999.0 -9999.0 -9999.0 -9999.0 -9999.0 -9999.0 -9999.0 -9999.0 -9999.0 -9999.0 -9999.0 -9999.0 -9999.0 -9999.0 -9999.0 -9999.0 -9999.0 -9999.0 -9999.0 -9999.0 -9999.0 -9999.0 -9999.0 -9999.0 -9999.0 -9999.0 -9999.0 -9999.0 -9999.0 -9999.0 -9999.0 -9999.0 -9999.0 -9999.0 -9999.0 -9999.0 -9999.0 -9999.0 -9999.0 -9999.0 15.1 17.6 19.4 22.8 27.5 33.5 42.3 46.5 40.1 37.6 21.8 13.6 10.0 13.5 10.5 17.2 19.7 21.8 32.2 51.0 65.0 68.2 62.3 53.5 45.1 41.6
-9999.0 -9999.0 -9999.0 -9999.0 -9999.0 -9999.0 -9999.0 -9999.0 -9999.0 -9999.0 -9999.0 -9999.0 -9999.0 -9999.0 -9999.0 -9999.0 -9999.0 -9999.0 -9999.0 -9999.0 -9999.0 -9999.0 -9999.0 -9999.0 -9999.0 -9999.0 -9999.0 -9999.0 -9999.0 -9999.0 -9999.0 -9999.0 -9999.0 -9999.0 -9999.0 -9999.0 -9999.0 -9999.0 -9999.0 -9999.0 -9999.0 -9999.0 -9999.0 -9999.0 -9999.0 -9999.0 -9999.0 -9999.0 -9999.0 -9999.0 -9999.0 -9999.0 -9999.0 14.2 16.1 31.2 22.6 23.5 26.8 34.5 35.3 36.1 31.9 23.7 15.2 10.9 11.2 16.5 15.6 19.4 21.8 29.9 43.4 52.9 53.3 47.2 38.9 36.7 36.9
-9999.0 -9999.0 -9999.0 -9999.0 -9999.0 -9999.0 -9999.0 -9999.0 -9999.0 -9999.0 -9999.0 -9999.0 -9999.0 -9999.0 -9999.0 -9999.0 -9999.0 -9999.0 -9999.0 -9999.0 -9999.0 -9999.0 -9999.0 -9999.0 -9999.0 -9999.0 -9999.0 -9999.0 -9999.0 -9999.0 -9999.0 -9999.0 -9999.0 -9999.0 -9999.0 -9999.0 -9999.0 -9999.0 -9999.0 -9999.0 -9999.0 -9999.0 -9999.0 -9999.0 -9999.0 -9999.0 -9999.0 -9999.0 -9999.0 -9999.0 -9999.0 -9999.0 -9999.0 14.8 14.9 24.8 25.6 22.7 21.3 21.9 25.4 26.1 26.3 22.1 22.9 -9999.0 -9999.0 -9999.0 20.7 20.7 24.9 31.7 37.3 38.8 35.7 30.7 25.3 27.6 35.8
-9999.0 -9999.0 -9999.0 -9999.0 -9999.0 -9999.0 -9999.0 -9999.0 -9999.0 -9999.0 -9999.0 -9999.0 -9999.0 -9999.0 -9999.0 -9999.0 -9999.0 -9999.0 -9999.0 -9999.0 -9999.0 -9999.0 -9999.0 -9999.0 -9999.0 -9999.0 -9999.0 -9999.0 -9999.0 -9999.0 -9999.0 -9999.0 -9999.0 -9999.0 -9999.0 -9999.0 -9999.0 -9999.0 -9999.0 -9999.0 -9999.0 -9999.0 -9999.0 -9999.0 -9999.0 -9999.0 -9999.0 -9999.0 -9999.0 -9999.0 -9999.0 -9999.0 -9999.0 -9999.0 19.7 23.3 20.6 17.2 16.5 17.0 15.1 -9999.0 -9999.0 -9999.0 -9999.0 -9999.0 -9999.0 -9999.0 19.2 23.7 30.7 29.4 29.4 26.8 21.2 15.5 13.2 16.4 23.8
-9999.0 -9999.0 -9999.0 -9999.0 -9999.0 -9999.0 -9999.0 -9999.0 -9999.0 -9999.0 -9999.0 -9999.0 -9999.0 -9999.0 -9999.0 -9999.0 -9999.0 -9999.0 -9999.0 -9999.0 -9999.0 -9999.0 -9999.0 -9999.0 -9999.0 -9999.0 -9999.0 -9999.0 -9999.0 -9999.0 -9999.0 -9999.0 -9999.0 -9999.0 -9999.0 -9999.0 -9999.0 -9999.0 -9999.0 -9999.0 -9999.0 -9999.0 -9999.0 -9999.0 -9999.0 -9999.0 -9999.0 -9999.0 -9999.0 -9999.0 -9999.0 -9999.0 -9999.0 -9999.0 -9999.0 18.5 25.6 14.6 8.7 8.1 7.8 -9999.0 -9999.0 -9999.0 -9999.0 -9999.0 -9999.0 -9999.0 -9999.0 -9999.0 24.1 -9999.0 -9999.0 -9999.0 -9999.0 -9999.0 7.8 -9999.0 -9999.0
-9999.0 -9999.0 -9999.0 -9999.0 -9999.0 -9999.0 -9999.0 -9999.0 -9999.0 -9999.0 -9999.0 -9999.0 -9999.0 -9999.0 -9999.0 -9999.0 -9999.0 -9999.0 -9999.0 -9999.0 -9999.0 -9999.0 -9999.0 -9999.0 -9999.0 -9999.0 -9999.0 -9999.0 -9999.0 -9999.0 -9999.0 -9999.0 -9999.0 -9999.0 -9999.0 -9999.0 -9999.0 -9999.0 -9999.0 -9999.0 -9999.0 -9999.0 -9999.0 -9999.0 -9999.0 -9999.0 -9999.0 -9999.0 -9999.0 -9999.0 -9999.0 -9999.0 -9999.0 -9999.0 -9999.0 -9999.0 -9999.0 -9999.0 6.0 3.3 -9999.0 -9999.0 -9999.0 -9999.0 -9999.0 -9999.0 -9999.0 -9999.0 -9999.0 -9999.0 -9999.0 -9999.0 -9999.0 -9999.0 -9999.0 7.6 7.9 -9999.0 -9999.0
-9999.0 -9999.0 -9999.0 -9999.0 -9999.0 -9999.0 -9999.0 -9999.0 -9999.0 -9999.0 -9999.0 -9999.0 -9999.0 -9999.0 -9999.0 -9999.0 -9999.0 -9999.0 -9999.0 -9999.0 -9999.0 -9999.0 -9999.0 -9999.0 -9999.0 -9999.0 -9999.0 -9999.0 -9999.0 -9999.0 -9999.0 -9999.0 -9999.0 -9999.0 -9999.0 -9999.0 -9999.0 -9999.0 -9999.0 -9999.0 -9999.0 -9999.0 -9999.0 -9999.0 -9999.0 -9999.0 -9999.0 -9999.0 -9999.0 -9999.0 -9999.0 -9999.0 -9999.0 -9999.0 -9999.0 -9999.0 -9999.0 -9999.0 -9999.0 -9999.0 -9999.0 -9999.0 -9999.0 -9999.0 -9999.0 -9999.0 -9999.0 -9999.0 -9999.0 -9999.0 -9999.0 -9999.0 -9999.0 -9999.0 -9999.0 -9999.0 -9999.0 -9999.0 -9999.0
-9999.0 -9999.0 -9999.0 -9999.0 -9999.0 -9999.0 -9999.0 -9999.0 -9999.0 -9999.0 -9999.0 -9999.0 -9999.0 -9999.0 -9999.0 -9999.0 -9999.0 -9999.0 -9999.0 -9999.0 -9999.0 -9999.0 -9999.0 -9999.0 -9999.0 -9999.0 -9999.0 -9999.0 -9999.0 -9999.0 -9999.0 -9999.0 -9999.0 -9999.0 -9999.0 -9999.0 -9999.0 -9999.0 -9999.0 -9999.0 -9999.0 -9999.0 -9999.0 -9999.0 -9999.0 -9999.0 -9999.0 -9999.0 -9999.0 -9999.0 -9999.0 -9999.0 -9999.0 -9999.0 -9999.0 -9999.0 -9999.0 -9999.0 -9999.0 -9999.0 -9999.0 -9999.0 -9999.0 -9999.0 -9999.0 -9999.0 -9999.0 -9999.0 -9999.0 -9999.0 -9999.0 -9999.0 -9999.0 -9999.0 -9999.0 10.6 15.7 20.9 -9999.0
-9999.0 -9999.0 -9999.0 -9999.0 -9999.0 -9999.0 -9999.0 -9999.0 -9999.0 -9999.0 -9999.0 -9999.0 -9999.0 -9999.0 -9999.0 -9999.0 -9999.0 -9999.0 -9999.0 -9999.0 -9999.0 -9999.0 -9999.0 -9999.0 -9999.0 -9999.0 -9999.0 -9999.0 -9999.0 -9999.0 -9999.0 -9999.0 -9999.0 -9999.0 -9999.0 -9999.0 -9999.0 -9999.0 -9999.0 -9999.0 -9999.0 -9999.0 -9999.0 -9999.0 -9999.0 -9999.0 -9999.0 -9999.0 -9999.0 -9999.0 -9999.0 -9999.0 -9999.0 -9999.0 -9999.0 -9999.0 -9999.0 -9999.0 -9999.0 -9999.0 -9999.0 -9999.0 -9999.0 -9999.0 -9999.0 -9999.0 -9999.0 -9999.0 -9999.0 -9999.0 -9999.0 -9999.0 -9999.0 3.7 5.8 9.8 16.8 -9999.0 -9999.0
