program/excelProcessViaJava/data/SURF_CLI_CHN_PRE_MON_GRID_0.5-200811.txt
NCOLS      128
NROWS       72
XLLCORNER    72.000000000000    
YLLCORNER    18.000000000000    
CELLSIZE    0.50000000000000    
NODATA_VALUE   -9999.000    
[rows 35 to 69 of 72, columns 0 to 78 of 128]
-9999.0 -9999.0 -9999.0 -9999.0 -9999.0 -9999.0 -9999.0 0.0 0.0 0.0 0.0 0.0 0.1 0.1 0.1 0.4 0.3 0.4 0.4 0.3 0.1 0.1 0.0 0.1 0.1 0.1 0.1 0.1 0.2 0.2 0.4 0.6 0.9 1.3 1.9 2.0 3.1 3.1 4.8 5.6 2.3 7.7 7.5 5.3 3.4 1.9 2.9 1.8 2.4 1.2 1.5 2.7 4.5 6.4 6.0 4.0 3.5 2.8 6.1 3.7 6.8 3.9 2.4 2.4 3.1 1.6 1.9 1.8 1.5 1.7 0.9 0.9 1.5 2.2 3.0 4.9 4.7 5.7 5.7
-9999.0 -9999.0 -9999.0 -9999.0 -9999.0 -9999.0 -9999.0 0.0 0.0 0.0 0.0 0.0 0.0 0.0 0.1 0.0 0.1 0.1 0.0 0.1 0.1 0.1 0.1 0.1 0.1 0.1 0.1 0.1 0.2 0.3 0.4 0.6 1.0 1.5 1.7 2.2 2.5 3.5 3.9 4.1 4.9 5.5 6.6 9.6 5.9 3.6 4.4 4.2 6.3 4.8 7.1 6.2 4.5 5.3 5.9 6.2 7.3 8.1 7.6 7.0 8.3 9.2 5.5 5.1 4.6 4.8 4.6 4.0 6.0 2.7 2.5 4.3 6.3 7.8 8.0 12.5 12.9 11.1 9.8
-9999.0 -9999.0 -9999.0 -9999.0 -9999.0 -9999.0 -9999.0 -9999.0 -9999.0 0.0 0.0 0.0 0.0 0.0 0.1 0.1 0.1 0.0 0.1 0.0 0.1 0.1 0.1 0.1 0.1 0.1 0.1 0.2 0.2 0.3 0.4 0.6 0.9 1.4 1.5 1.9 2.2 2.9 2.9 3.7 3.6 4.6 4.7 4.6 5.9 5.9 5.8 5.2 5.0 4.8 5.3 4.7 4.4 4.9 5.8 6.9 9.1 10.0 7.8 7.3 7.5 8.2 10.0 7.9 8.9 9.1 8.3 7.6 11.2 7.1 7.6 9.6 12.4 14.6 17.7 13.7 15.5 16.4 15.5
-9999.0 -9999.0 -9999.0 -9999.0 -9999.0 -9999.0 -9999.0 -9999.0 -9999.0 -9999.0 -9999.0 0.0 0.1 0.0 0.1 0.1 0.1 0.1 0.1 0.1 0.1 0.1 0.1 0.1 0.1 0.1 0.1 0.1 0.2 0.3 0.4 0.6 0.9 1.2 1.5 2.5 2.2 2.5 4.5 3.0 3.8 3.2 2.9 3.0 5.2 4.0 6.0 4.7 5.1 4.6 3.7 4.1 4.6 5.7 6.4 6.5 7.5 7.8 8.0 7.4 6.9 9.3 12.8 13.0 13.4 11.8 8.5 10.1 11.8 11.6 11.3 13.9 14.5 14.9 10.3 12.7 15.5 21.5 19.9
-9999.0 -9999.0 -9999.0 -9999.0 -9999.0 -9999.0 -9999.0 -9999.0 -9999.0 -9999.0 -9999.0 -9999.0 0.0 0.1 0.0 0.1 0.0 0.1 0.1 0.0 0.2 0.1 0.1 0.1 0.1 0.1 0.1 0.1 0.2 0.2 0.4 0.5 0.8 1.3 1.8 2.1 3.2 2.5 2.0 1.6 1.5 1.5 1.6 2.3 2.5 3.2 4.1 3.2 3.7 4.1 5.7 6.1 6.2 6.6 7.4 7.3 6.9 6.9 9.4 7.8 8.2 9.4 12.1 15.3 16.8 19.1 16.4 16.6 15.4 14.6 10.7 8.1 8.1 11.0 19.4 26.9 30.5 26.2 20.6
-9999.0 -9999.0 -9999.0 -9999.0 -9999.0 -9999.0 -9999.0 -9999.0 -9999.0 -9999.0 -9999.0 -9999.0 0.0 0.1 0.2 0.1 0.2 0.2 0.1 0.1 0.1 0.1 0.1 0.1 0.2 0.1 0.1 0.2 0.2 0.2 0.3 0.5 0.8 1.1 1.6 1.8 2.7 2.8 2.2 1.6 0.9 0.8 1.5 0.9 1.6 2.5 2.2 2.5 2.2 4.0 5.1 7.2 7.7 9.1 8.4 8.3 7.5 8.1 11.0 12.0 12.0 13.6 14.8 16.2 20.8 24.2 22.7 21.7 17.6 18.0 23.5 28.4 31.0 36.9 37.7 35.5 29.0 25.8 21.3
-9999.0 -9999.0 -9999.0 -9999.0 -9999.0 -9999.0 -9999.0 -9999.0 -9999.0 -9999.0 -9999.0 -9999.0 -9999.0 0.1 0.0 0.2 0.1 0.2 0.2 0.2 0.2 0.2 0.1 0.2 0.2 0.1 0.1 0.1 0.2 0.2 0.3 0.4 0.7 1.1 1.2 1.6 1.9 2.2 3.5 2.0 1.2 1.2 0.9 1.4 0.9 0.8 1.6 2.8 4.0 5.2 6.9 8.1 9.5 12.0 10.6 8.8 7.3 8.0 9.4 13.2 14.8 16.5 17.3 17.8 16.9 24.9 33.0 39.1 37.3 35.5 39.8 43.2 45.7 44.8 40.7 35.6 27.8 18.2 10.3
-9999.0 -9999.0 -9999.0 -9999.0 -9999.0 -9999.0 -9999.0 -9999.0 -9999.0 -9999.0 -9999.0 -9999.0 0.0 0.0 0.1 0.2 0.1 0.2 0.2 0.3 0.3 0.3 0.2 0.2 0.2 0.1 0.1 0.2 0.2 0.2 0.2 0.3 0.5 0.8 1.2 1.4 2.1 1.5 1.3 1.1 2.0 2.5 2.7 0.6 0.8 0.9 1.0 1.5 3.3 5.5 8.9 11.8 11.7 12.2 10.0 8.1 7.2 6.1 9.4 13.5 15.6 16.6 18.0 19.0 17.7 19.7 22.4 34.8 46.4 45.1 47.7 52.8 48.6 33.2 27.0 22.7 16.2 11.5 8.7
-9999.0 -9999.0 -9999.0 -9999.0 -9999.0 -9999.0 -9999.0 -9999.0 -9999.0 -9999.0 -9999.0 -9999.0 0.0 0.1 0.1 0.0 0.1 0.3 0.3 0.2 0.4 0.3 0.2 0.2 0.2 0.2 0.2 0.2 0.2 0.2 0.2 0.2 0.4 0.5 0.8 1.2 1.3 1.4 1.2 0.6 0.7 0.7 0.7 0.8 0.7 0.8 1.6 2.1 3.7 5.2 7.6 10.9 10.4 9.2 8.4 6.5 5.9 6.0 7.2 10.1 12.8 15.4 15.3 11.8 10.8 12.3 20.1 25.4 33.0 42.0 49.7 52.8 51.5 49.5 39.8 26.3 17.4 16.0 12.4
-9999.0 -9999.0 -9999.0 -9999.0 -9999.0 -9999.0 -9999.0 -9999.0 -9999.0 -9999.0 -9999.0 -9999.0 0.0 0.0 0.1 0.2 0.2 0.2 0.3 0.3 0.2 0.2 0.3 0.2 0.2 0.2 0.2 0.1 0.2 0.2 0.2 0.2 0.3 0.4 0.6 1.0 1.2 1.3 1.1 1.4 1.3 1.2 3.2 0.8 1.2 1.9 2.1 1.6 2.5 4.9 7.1 7.3 10.9 10.3 8.4 5.6 5.2 4.9 5.7 6.7 9.3 12.1 18.0 8.1 4.4 16.1 17.6 22.6 30.7 40.0 48.4 54.4 55.8 48.0 35.5 30.0 26.9 20.0 17.5
-9999.0 -9999.0 -9999.0 -9999.0 -9999.0 -9999.0 -9999.0 -9999.0 -9999.0 -9999.0 -9999.0 -9999.0 -9999.0 0.0 0.0 0.2 0.2 0.3 0.3 0.3 0.2 0.3 0.2 0.2 0.3 0.2 0.2 0.2 0.1 0.2 0.1 0.2 0.2 0.3 0.5 1.2 1.6 1.6 2.0 2.3 3.3 7.1 8.5 6.5 2.4 1.5 1.9 0.9 2.9 4.3 4.5 7.3 7.1 4.9 6.4 5.2 3.8 3.2 3.9 6.7 8.9 15.5 15.9 2.8 15.3 16.0 22.0 30.7 38.1 43.1 50.7 55.3 51.5 44.5 35.3 29.6 29.6 27.2 24.4
-9999.0 -9999.0 -9999.0 -9999.0 -9999.0 -9999.0 -9999.0 -9999.0 -9999.0 -9999.0 -9999.0 -9999.0 -9999.0 0.0 0.1 0.2 0.1 0.3 0.4 0.4 0.2 0.2 0.2 0.3 0.4 0.3 0.2 0.2 0.2 0.1 0.1 0.1 0.2 0.3 0.5 1.0 1.4 2.2 3.8 7.2 8.7 11.9 13.0 10.8 9.7 4.2 2.7 1.5 2.0 2.7 4.1 2.3 4.9 5.5 4.8 3.3 2.2 1.9 2.8 1.9 7.9 4.9 9.7 25.0 16.0 16.0 24.6 35.7 38.2 43.6 49.7 51.4 49.4 41.6 35.9 35.0 36.4 37.3 29.6
-9999.0 -9999.0 -9999.0 -9999.0 -9999.0 -9999.0 -9999.0 -9999.0 -9999.0 -9999.0 -9999.0 -9999.0 -9999.0 -9999.0 -9999.0 0.1 0.2 0.3 0.4 0.6 0.4 0.6 0.6 0.5 0.4 0.3 0.2 0.2 0.1 0.1 0.1 0.1 0.2 0.3 0.4 1.1 2.1 2.7 5.5 9.3 13.4 16.6 17.2 13.7 6.4 4.0 3.5 2.7 2.2 1.0 1.6 4.3 3.1 3.4 1.2 1.8 1.2 0.5 2.2 4.9 2.6 10.9 36.7 29.2 22.2 22.9 30.2 36.4 36.5 39.9 45.5 46.8 38.7 37.2 40.7 43.7 49.5 54.8 50.8
-9999.0 -9999.0 -9999.0 -9999.0 -9999.0 -9999.0 -9999.0 -9999.0 -9999.0 -9999.0 -9999.0 -9999.0 -9999.0 -9999.0 -9999.0 -9999.0 -9999.0 0.1 0.5 -9999.0 1.1 0.7 1.1 1.1 0.6 0.5 0.2 0.2 0.2 0.1 0.1 0.1 0.2 0.2 0.3 0.7 2.0 2.5 6.1 10.3 14.2 16.8 16.4 12.2 3.4 4.6 12.0 3.9 2.2 1.7 0.5 1.3 0.3 2.9 2.2 1.3 0.6 1.0 1.9 4.7 3.5 17.4 33.8 35.5 30.2 29.5 35.5 40.0 45.4 48.9 54.3 42.0 41.6 43.6 50.3 60.8 71.2 78.7 83.6
-9999.0 -9999.0 -9999.0 -9999.0 -9999.0 -9999.0 -9999.0 -9999.0 -9999.0 -9999.0 -9999.0 -9999.0 -9999.0 -9999.0 -9999.0 -9999.0 -9999.0 -9999.0 -9999.0 -9999.0 -9999.0 1.4 1.2 0.7 1.0 1.3 0.9 0.5 0.3 0.2 0.2 0.2 0.2 0.2 0.2 0.5 0.9 2.0 3.6 4.0 5.0 13.4 13.5 10.4 2.0 4.8 10.8 4.7 3.8 7.0 1.7 3.6 3.4 2.1 1.9 1.2 0.8 0.8 3.0 5.1 5.7 14.2 26.7 33.8 38.5 39.2 45.2 51.6 64.1 67.0 60.7 50.1 51.3 59.2 73.7 88.8 102.0 116.0 130.3
-9999.0 -9999.0 -9999.0 -9999.0 -9999.0 -9999.0 -9999.0 -9999.0 -9999.0 -9999.0 -9999.0 -9999.0 -9999.0 -9999.0 -9999.0 -9999.0 -9999.0 -9999.0 -9999.0 -9999.0 -9999.0 -9999.0 -9999.0 2.3 1.9 1.8 1.4 0.9 0.4 0.3 0.2 0.2 0.3 0.3 0.5 0.6 1.2 1.2 3.2 5.4 6.8 9.1 6.0 2.5 1.1 5.7 6.4 6.6 7.5 5.5 2.3 3.4 2.2 2.7 1.7 0.7 0.7 1.4 1.9 6.9 12.0 21.7 25.8 24.6 31.9 47.3 60.8 69.8 67.4 76.1 63.3 63.1 69.6 88.1 113.3 135.7 152.5 175.0 195.7
-9999.0 -9999.0 -9999.0 -9999.0 -9999.0 -9999.0 -9999.0 -9999.0 -9999.0 -9999.0 -9999.0 -9999.0 -9999.0 -9999.0 -9999.0 -9999.0 -9999.0 -9999.0 -9999.0 -9999.0 -9999.0 -9999.0 -9999.0 -9999.0 -9999.0 1.6 2.5 0.7 0.6 0.4 0.4 0.4 0.4 0.4 0.4 0.7 1.6 0.7 2.1 1.7 4.2 2.5 0.1 0.2 1.9 4.8 8.3 10.5 5.0 6.5 4.7 4.2 4.0 2.9 0.8 0.5 0.8 1.5 4.2 9.6 19.9 30.8 48.0 27.3 36.6 56.4 71.9 72.5 76.8 79.3 79.1 83.6 98.1 133.9 169.2 196.1 208.6 231.9 236.1
-9999.0 -9999.0 -9999.0 -9999.0 -9999.0 -9999.0 -9999.0 -9999.0 -9999.0 -9999.0 -9999.0 -9999.0 -9999.0 -9999.0 -9999.0 -9999.0 -9999.0 -9999.0 -9999.0 -9999.0 -9999.0 -9999.0 -9999.0 -9999.0 -9999.0 -9999.0 -9999.0 0.5 0.4 1.2 0.8 0.6 0.7 0.3 0.5 0.0 0.2 0.2 0.0 0.2 0.7 0.1 0.1 0.4 1.7 4.1 6.7 9.7 12.3 13.1 13.1 9.8 4.8 2.3 1.0 0.9 2.2 5.0 7.2 13.6 17.4 37.8 28.2 31.0 42.7 56.1 81.4 97.3 99.1 98.6 101.5 119.3 139.3 187.9 216.4 234.8 241.2 244.1 256.4
-9999.0 -9999.0 -9999.0 -9999.0 -9999.0 -9999.0 -9999.0 -9999.0 -9999.0 -9999.0 -9999.0 -9999.0 -9999.0 -9999.0 -9999.0 -9999.0 -9999.0 -9999.0 -9999.0 -9999.0 -9999.0 -9999.0 -9999.0 -9999.0 -9999.0 -9999.0 -9999.0 -9999.0 -9999.0 -9999.0 -9999.0 -9999.0 -9999.0 0.1 0.3 -9999.0 -9999.0 -9999.0 0.0 0.0 0.0 0.0 0.0 0.2 1.0 3.2 -9999.0 -9999.0 -9999.0 -9999.0 -9999.0 -9999.0 9.4 6.0 3.1 4.4 8.3 12.2 15.0 16.9 28.7 43.0 39.9 42.0 51.5 68.8 92.0 109.2 110.8 112.2 123.3 154.4 198.0 223.1 244.3 239.3 228.9 230.3 219.9
-9999.0 -9999.0 -9999.0 -9999.0 -9999.0 -9999.0 -9999.0 -9999.0 -9999.0 -9999.0 -9999.0 -9999.0 -9999.0 -9999.0 -9999.0 -9999.0 -9999.0 -9999.0 -9999.0 -9999.0 -9999.0 -9999.0 -9999.0 -9999.0 -9999.0 -9999.0 -9999.0 -9999.0 -9999.0 -9999.0 -9999.0 -9999.0 -9999.0 -9999.0 -9999.0 -9999.0 -9999.0 -9999.0 -9999.0 0.0 0.0 0.0 0.0 0.1 -9999.0 -9999.0 -9999.0 -9999.0 -9999.0 -9999.0 -9999.0 -9999.0 18.7 13.4 12.6 12.1 13.5 14.6 16.0 24.4 40.3 53.2 56.3 59.3 70.7 84.1 100.6 107.5 105.2 116.4 141.9 181.6 211.1 234.2 208.3 208.5 199.4 196.7 175.5
-9999.0 -9999.0 -9999.0 -9999.0 -9999.0 -9999.0 -9999.0 -9999.0 -9999.0 -9999.0 -9999.0 -9999.0 -9999.0 -9999.0 -9999.0 -9999.0 -9999.0 -9999.0 -9999.0 -9999.0 -9999.0 -9999.0 -9999.0 -9999.0 -9999.0 -9999.0 -9999.0 -9999.0 -9999.0 -9999.0 -9999.0 -9999.0 -9999.0 -9999.0 -9999.0 -9999.0 -9999.0 -9999.0 -9999.0 -9999.0 -9999.0 -9999.0 -9999.0 -9999.0 -9999.0 -9999.0 -9999.0 -9999.0 -9999.0 -9999.0 -9999.0 -9999.0 17.7 26.1 27.4 27.7 21.4 22.8 32.4 54.3 73.5 82.3 72.6 79.9 86.1 87.5 90.4 92.6 89.6 104.4 141.4 184.3 216.0 201.5 180.2 176.7 170.3 177.2 183.9
-9999.0 -9999.0 -9999.0 -9999.0 -9999.0 -9999.0 -9999.0 -9999.0 -9999.0 -9999.0 -9999.0 -9999.0 -9999.0 -9999.0 -9999.0 -9999.0 -9999.0 -9999.0 -9999.0 -9999.0 -9999.0 -9999.0 -9999.0 -9999.0 -9999.0 -9999.0 -9999.0 -9999.0 -9999.0 -9999.0 -9999.0 -9999.0 -9999.0 -9999.0 -9999.0 -9999.0 -9999.0 -9999.0 -9999.0 -9999.0 -9999.0 -9999.0 -9999.0 -9999.0 -9999.0 -9999.0 -9999.0 -9999.0 -9999.0 -9999.0 -9999.0 36.0 42.0 43.6 25.0 31.5 30.8 48.4 63.8 79.4 98.8 98.6 99.9 93.0 88.7 80.9 82.1 95.7 83.5 99.8 134.5 168.6 169.4 156.7 161.1 175.0 166.5 196.9 160.8
-9999.0 -9999.0 -9999.0 -9999.0 -9999.0 -9999.0 -9999.0 -9999.0 -9999.0 -9999.0 -9999.0 -9999.0 -9999.0 -9999.0 -9999.0 -9999.0 -9999.0 -9999.0 -9999.0 -9999.0 -9999.0 -9999.0 -9999.0 -9999.0 -9999.0 -9999.0 -9999.0 -9999.0 -9999.0 -9999.0 -9999.0 -9999.0 -9999.0 -9999.0 -9999.0 -9999.0 -9999.0 -9999.0 -9999.0 -9999.0 -9999.0 -9999.0 -9999.0 -9999.0 -9999.0 -9999.0 -9999.0 -9999.0 -9999.0 -9999.0 25.0 55.9 57.9 55.3 40.2 44.6 47.8 71.8 104.2 118.6 125.9 95.7 91.9 86.2 74.4 69.2 80.0 96.3 95.7 114.9 139.8 153.3 159.2 172.2 175.3 172.2 199.7 148.1 168.8
-9999.0 -9999.0 -9999.0 -9999.0 -9999.0 -9999.0 -9999.0 -9999.0 -9999.0 -9999.0 -9999.0 -9999.0 -9999.0 -9999.0 -9999.0 -9999.0 -9999.0 -9999.0 -9999.0 -9999.0 -9999.0 -9999.0 -9999.0 -9999.0 -9999.0 -9999.0 -9999.0 -9999.0 -9999.0 -9999.0 -9999.0 -9999.0 -9999.0 -9999.0 -9999.0 -9999.0 -9999.0 -9999.0 -9999.0 -9999.0 -9999.0 -9999.0 -9999.0 -9999.0 -9999.0 -9999.0 -9999.0 -9999.0 -9999.0 -9999.0 25.6 67.0 52.1 61.1 57.2 53.9 62.2 103.5 126.2 126.6 98.8 78.6 68.9 71.7 70.7 79.6 92.6 110.8 114.8 129.0 153.0 165.5 168.6 176.3 181.6 179.3 152.5 142.8 129.3
-9999.0 -9999.0 -9999.0 -9999.0 -9999.0 -9999.0 -9999.0 -9999.0 -9999.0 -9999.0 -9999.0 -9999.0 -9999.0 -9999.0 -9999.0 -9999.0 -9999.0 -9999.0 -9999.0 -9999.0 -9999.0 -9999.0 -9999.0 -9999.0 -9999.0 -9999.0 -9999.0 -9999.0 -9999.0 -9999.0 -9999.0 -9999.0 -9999.0 -9999.0 -9999.0 -9999.0 -9999.0 -9999.0 -9999.0 -9999.0 -9999.0 -9999.0 -9999.0 -9999.0 -9999.0 -9999.0 -9999.0 -9999.0 -9999.0 -9999.0 19.9 47.3 51.8 75.3 64.3 61.2 81.4 105.7 115.8 86.7 68.7 61.1 65.0 77.6 91.2 93.0 104.8 113.8 117.2 143.5 167.0 187.9 169.2 168.6 153.5 145.2 120.2 105.7 85.9
-9999.0 -9999.0 -9999.0 -9999.0 -9999.0 -9999.0 -9999.0 -9999.0 -9999.0 -9999.0 -9999.0 -9999.0 -9999.0 -9999.0 -9999.0 -9999.0 -9999.0 -9999.0 -9999.0 -9999.0 -9999.0 -9999.0 -9999.0 -9999.0 -9999.0 -9999.0 -9999.0 -9999.0 -9999.0 -9999.0 -9999.0 -9999.0 -9999.0 -9999.0 -9999.0 -9999.0 -9999.0 -9999.0 -9999.0 -9999.0 -9999.0 -9999.0 -9999.0 -9999.0 -9999.0 -9999.0 -9999.0 -9999.0 -9999.0 -9999.0 33.7 64.9 80.2 91.3 83.5 73.1 69.8 84.0 88.8 69.4 64.8 65.2 74.9 94.9 108.3 107.3 113.1 124.1 137.3 118.4 167.0 178.7 163.9 137.6 105.6 99.7 88.5 66.1 56.0
-9999.0 -9999.0 -9999.0 -9999.0 -9999.0 -9999.0 -9999.0 -9999.0 -9999.0 -9999.0 -9999.0 -9999.0 -9999.0 -9999.0 -9999.0 -9999.0 -9999.0 -9999.0 -9999.0 -9999.0 -9999.0 -9999.0 -9999.0 -9999.0 -9999.0 -9999.0 -9999.0 -9999.0 -9999.0 -9999.0 -9999.0 -9999.0 -9999.0 -9999.0 -9999.0 -9999.0 -9999.0 -9999.0 -9999.0 -9999.0 -9999.0 -9999.0 -9999.0 -9999.0 -9999.0 -9999.0 -9999.0 -9999.0 -9999.0 -9999.0 -9999.0 -9999.0 -9999.0 98.6 96.2 77.3 65.0 68.5 73.7 82.5 101.8 99.5 115.6 112.4 107.1 103.4 114.8 114.8 128.4 139.1 157.3 160.0 133.1 92.0 63.9 55.8 55.3 42.0 34.5
-9999.0 -9999.0 -9999.0 -9999.0 -9999.0 -9999.0 -9999.0 -9999.0 -9999.0 -9999.0 -9999.0 -9999.0 -9999.0 -9999.0 -9999.0 -9999.0 -9999.0 -9999.0 -9999.0 -9999.0 -9999.0 -9999.0 -9999.0 -9999.0 -9999.0 -9999.0 -9999.0 -9999.0 -9999.0 -9999.0 -9999.0 -9999.0 -9999.0 -9999.0 -9999.0 -9999.0 -9999.0 -9999.0 -9999.0 -9999.0 -9999.0 -9999.0 -9999.0 -9999.0 -9999.0 -9999.0 -9999.0 -9999.0 -9999.0 -9999.0 -9999.0 -9999.0 -9999.0 75.9 75.1 60.2 56.6 63.3 83.2 112.1 134.4 142.6 150.4 126.9 106.5 95.2 83.7 110.1 96.0 114.7 136.5 139.7 111.6 65.9 37.8 42.0 41.6 49.9 51.2
-9999.0 -9999.0 -9999.0 -9999.0 -9999.0 -9999.0 -9999.0 -9999.0 -9999.0 -9999.0 -9999.0 -9999.0 -9999.0 -9999.0 -9999.0 -9999.0 -9999.0 -9999.0 -9999.0 -9999.0 -9999.0 -9999.0 -9999.0 -9999.0 -9999.0 -9999.0 -9999.0 -9999.0 -9999.0 -9999.0 -9999.0 -9999.0 -9999.0 -9999.0 -9999.0 -9999.0 -9999.0 -9999.0 -9999.0 -9999.0 -9999.0 -9999.0 -9999.0 -9999.0 -9999.0 -9999.0 -9999.0 -9999.0 -9999.0 -9999.0 -9999.0 -9999.0 -9999.0 44.7 43.9 41.8 43.3 58.0 84.8 121.4 153.9 164.7 165.4 144.7 99.5 -9999.0 -9999.0 -9999.0 89.2 95.5 127.1 140.3 104.4 54.7 36.2 51.3 56.2 61.3 144.4
-9999.0 -9999.0 -9999.0 -9999.0 -9999.0 -9999.0 -9999.0 -9999.0 -9999.0 -9999.0 -9999.0 -9999.0 -9999.0 -9999.0 -9999.0 -9999.0 -9999.0 -9999.0 -9999.0 -9999.0 -9999.0 -9999.0 -9999.0 -9999.0 -9999.0 -9999.0 -9999.0 -9999.0 -9999.0 -9999.0 -9999.0 -9999.0 -9999.0 -9999.0 -9999.0 -9999.0 -9999.0 -9999.0 -9999.0 -9999.0 -9999.0 -9999.0 -9999.0 -9999.0 -9999.0 -9999.0 -9999.0 -9999.0 -9999.0 -9999.0 -9999.0 -9999.0 -9999.0 -9999.0 20.9 22.3 29.5 45.2 66.3 99.9 115.1 -9999.0 -9999.0 -9999.0 -9999.0 -9999.0 -9999.0 -9999.0 73.5 100.5 143.1 146.7 103.4 54.7 38.7 54.1 80.4 57.1 70.6
-9999.0 -9999.0 -9999.0 -9999.0 -9999.0 -9999.0 -9999.0 -9999.0 -9999.0 -9999.0 -9999.0 -9999.0 -9999.0 -9999.0 -9999.0 -9999.0 -9999.0 -9999.0 -9999.0 -9999.0 -9999.0 -9999.0 -9999.0 -9999.0 -9999.0 -9999.0 -9999.0 -9999.0 -9999.0 -9999.0 -9999.0 -9999.0 -9999.0 -9999.0 -9999.0 -9999.0 -9999.0 -9999.0 -9999.0 -9999.0 -9999.0 -9999.0 -9999.0 -9999.0 -9999.0 -9999.0 -9999.0 -9999.0 -9999.0 -9999.0 -9999.0 -9999.0 -9999.0 -9999.0 -9999.0 7.8 13.1 22.7 37.8 61.0 80.8 -9999.0 -9999.0 -9999.0 -9999.0 -9999.0 -9999.0 -9999.0 -9999.0 -9999.0 135.3 -9999.0 -9999.0 -9999.0 -9999.0 -9999.0 50.4 -9999.0 -9999.0
-9999.0 -9999.0 -9999.0 -9999.0 -9999.0 -9999.0 -9999.0 -9999.0 -9999.0 -9999.0 -9999.0 -9999.0 -9999.0 -9999.0 -9999.0 -9999.0 -9999.0 -9999.0 -9999.0 -9999.0 -9999.0 -9999.0 -9999.0 -9999.0 -9999.0 -9999.0 -9999.0 -9999.0 -9999.0 -9999.0 -9999.0 -9999.0 -9999.0 -9999.0 -9999.0 -9999.0 -9999.0 -9999.0 -9999.0 -9999.0 -9999.0 -9999.0 -9999.0 -9999.0 -9999.0 -9999.0 -9999.0 -9999.0 -9999.0 -9999.0 -9999.0 -9999.0 -9999.0 -9999.0 -9999.0 -9999.0 -9999.0 -9999.0 16.3 27.1 -9999.0 -9999.0 -9999.0 -9999.0 -9999.0 -9999.0 -9999.0 -9999.0 -9999.0 -9999.0 -9999.0 -9999.0 -9999.0 -9999.0 -9999.0 22.0 27.3 -9999.0 -9999.0
-9999.0 -9999.0 -9999.0 -9999.0 -9999.0 -9999.0 -9999.0 -9999.0 -9999.0 -9999.0 -9999.0 -9999.0 -9999.0 -9999.0 -9999.0 -9999.0 -9999.0 -9999.0 -9999.0 -9999.0 -9999.0 -9999.0 -9999.0 -9999.0 -9999.0 -9999.0 -9999.0 -9999.0 -9999.0 -9999.0 -9999.0 -9999.0 -9999.0 -9999.0 -9999.0 -9999.0 -9999.0 -9999.0 -9999.0 -9999.0 -9999.0 -9999.0 -9999.0 -9999.0 -9999.0 -9999.0 -9999.0 -9999.0 -9999.0 -9999.0 -9999.0 -9999.0 -9999.0 -9999.0 -9999.0 -9999.0 -9999.0 -9999.0 -9999.0 -9999.0 -9999.0 -9999.0 -9999.0 -9999.0 -9999.0 -9999.0 -9999.0 -9999.0 -9999.0 -9999.0 -9999.0 -9999.0 -9999.0 -9999.0 -9999.0 -9999.0 -9999.0 -9999.0 -9999.0
-9999.0 -9999.0 -9999.0 -9999.0 -9999.0 -9999.0 -9999.0 -9999.0 -9999.0 -9999.0 -9999.0 -9999.0 -9999.0 -9999.0 -9999.0 -9999.0 -9999.0 -9999.0 -9999.0 -9999.0 -9999.0 -9999.0 -9999.0 -9999.0 -9999.0 -9999.0 -9999.0 -9999.0 -9999.0 -9999.0 -9999.0 -9999.0 -9999.0 -9999.0 -9999.0 -9999.0 -9999.0 -9999.0 -9999.0 -9999.0 -9999.0 -9999.0 -9999.0 -9999.0 -9999.0 -9999.0 -9999.0 -9999.0 -9999.0 -9999.0 -9999.0 -9999.0 -9999.0 -9999.0 -9999.0 -9999.0 -9999.0 -9999.0 -9999.0 -9999.0 -9999.0 -9999.0 -9999.0 -9999.0 -9999.0 -9999.0 -9999.0 -9999.0 -9999.0 -9999.0 -9999.0 -9999.0 -9999.0 -9999.0 -9999.0 54.5 63.3 78.0 -9999.0
-9999.0 -9999.0 -9999.0 -9999.0 -9999.0 -9999.0 -9999.0 -9999.0 -9999.0 -9999.0 -9999.0 -9999.0 -9999.0 -9999.0 -9999.0 -9999.0 -9999.0 -9999.0 -9999.0 -9999.0 -9999.0 -9999.0 -9999.0 -9999.0 -9999.0 -9999.0 -9999.0 -9999.0 -9999.0 -9999.0 -9999.0 -9999.0 -9999.0 -9999.0 -9999.0 -9999.0 -9999.0 -9999.0 -9999.0 -9999.0 -9999.0 -9999.0 -9999.0 -9999.0 -9999.0 -9999.0 -9999.0 -9999.0 -9999.0 -9999.0 -9999.0 -9999.0 -9999.0 -9999.0 -9999.0 -9999.0 -9999.0 -9999.0 -9999.0 -9999.0 -9999.0 -9999.0 -9999.0 -9999.0 -9999.0 -9999.0 -9999.0 -9999.0 -9999.0 -9999.0 -9999.0 -9999.0 -9999.0 44.6 78.1 75.5 101.2 -9999.0 -9999.0
