program/excelProcessViaJava/data/SURF_CLI_CHN_PRE_MON_GRID_0.5-200010.txt
NCOLS      128
NROWS       72
XLLCORNER    72.000000000000    
YLLCORNER    18.000000000000    
CELLSIZE    0.50000000000000    
NODATA_VALUE   -9999.000    
[rows 34 to 67 of 72, columns 0 to 77 of 128]
-9999.0 -9999.0 -9999.0 -9999.0 4.4 2.1 8.4 1.7 12.2 9.9 0.9 5.7 2.4 2.1 0.4 0.4 0.4 0.4 0.4 0.4 0.3 0.3 0.2 0.1 0.0 0.0 0.0 0.0 0.0 0.0 0.1 0.1 0.2 0.3 0.4 0.6 1.3 2.1 1.7 1.3 2.1 0.9 0.8 0.6 0.5 0.4 0.4 0.3 0.3 0.3 0.3 0.3 2.8 2.7 3.3 5.3 7.1 10.5 14.9 16.5 24.0 26.3 27.9 27.9 21.1 18.7 27.9 25.6 27.1 35.5 37.9 46.7 53.1 59.3 62.0 70.3 76.4 92.2
-9999.0 -9999.0 -9999.0 -9999.0 -9999.0 -9999.0 -9999.0 1.7 4.5 2.2 8.7 7.5 2.3 2.8 2.2 0.3 0.5 0.3 0.3 0.2 0.2 0.2 0.1 0.1 0.1 0.0 0.0 0.0 0.1 0.1 0.1 0.2 0.2 0.4 0.7 0.9 1.8 2.2 3.7 4.4 2.2 5.3 4.4 2.4 1.1 0.5 0.6 0.5 0.7 0.4 0.3 0.4 1.3 11.8 11.3 4.4 5.6 8.8 20.5 22.3 33.3 32.9 37.7 43.1 47.7 39.1 43.8 47.4 47.0 50.6 53.9 62.9 76.6 84.0 81.8 90.3 88.6 102.3
-9999.0 -9999.0 -9999.0 -9999.0 -9999.0 -9999.0 -9999.0 8.8 0.6 3.6 5.1 2.6 3.4 5.2 2.4 4.5 1.2 0.8 1.0 0.4 0.3 0.2 0.1 0.1 0.1 0.1 0.1 0.1 0.1 0.1 0.1 0.2 0.3 0.5 0.6 1.1 1.6 2.7 3.5 3.9 4.5 4.5 4.9 7.7 3.3 1.6 2.4 2.9 6.2 4.8 11.4 10.4 4.3 8.3 17.6 7.5 9.2 15.9 26.5 33.8 38.6 48.7 53.0 63.7 61.1 57.6 55.8 56.2 61.3 59.5 64.0 78.0 92.2 99.9 80.9 104.6 101.0 96.2
-9999.0 -9999.0 -9999.0 -9999.0 -9999.0 -9999.0 -9999.0 -9999.0 -9999.0 2.2 1.9 1.4 3.6 2.9 1.8 1.2 1.4 2.6 0.9 1.0 0.4 0.3 0.2 0.1 0.1 0.1 0.1 0.1 0.1 0.1 0.2 0.2 0.3 0.5 0.6 1.0 1.5 2.5 3.2 4.4 4.5 5.2 4.8 4.3 5.8 6.3 7.2 8.1 9.6 10.6 13.7 12.4 11.1 11.1 21.9 15.3 14.6 21.7 34.7 37.7 42.4 51.9 63.6 62.0 66.6 62.9 59.2 59.8 62.9 71.7 77.1 82.8 86.7 94.9 106.6 69.8 74.3 83.6
-9999.0 -9999.0 -9999.0 -9999.0 -9999.0 -9999.0 -9999.0 -9999.0 -9999.0 -9999.0 -9999.0 3.3 0.5 3.1 1.7 1.9 1.3 0.9 0.7 0.6 0.5 0.3 0.3 0.2 0.2 0.2 0.1 0.1 0.1 0.2 0.2 0.3 0.3 0.4 0.6 1.4 1.6 2.5 5.7 4.7 6.5 5.7 4.9 4.8 9.2 7.5 14.0 13.0 16.4 16.9 14.6 15.4 16.2 20.3 28.4 29.6 32.5 40.2 40.1 39.8 43.4 46.0 53.8 56.3 60.9 59.0 60.7 62.2 64.3 72.8 82.6 83.1 74.5 69.8 68.6 78.4 87.1 82.9
-9999.0 -9999.0 -9999.0 -9999.0 -9999.0 -9999.0 -9999.0 -9999.0 -9999.0 -9999.0 -9999.0 -9999.0 0.5 0.6 2.0 1.1 2.5 1.1 0.9 1.2 0.4 0.4 0.3 0.3 0.3 0.2 0.2 0.2 0.2 0.2 0.2 0.3 0.3 0.5 0.8 1.1 2.7 2.6 3.1 3.7 4.5 5.0 5.2 7.2 8.3 11.3 16.1 15.1 18.6 20.9 26.6 26.4 22.7 20.5 25.5 34.1 43.2 51.2 39.8 45.7 40.7 43.7 46.7 49.0 49.7 59.8 60.6 62.7 65.5 71.6 87.8 90.6 81.4 79.0 86.5 145.8 101.9 90.4
-9999.0 -9999.0 -9999.0 -9999.0 -9999.0 -9999.0 -9999.0 -9999.0 -9999.0 -9999.0 -9999.0 -9999.0 2.7 0.4 0.3 1.2 0.5 0.7 1.1 0.8 0.6 0.5 0.4 0.3 0.3 0.2 0.2 0.2 0.2 0.2 0.2 0.3 0.4 0.5 0.7 0.9 2.2 3.3 3.9 4.6 4.5 4.9 8.6 6.5 10.9 16.5 15.8 17.9 17.6 24.6 26.4 29.9 25.7 27.6 23.4 33.8 40.9 49.7 44.2 41.2 38.1 36.5 43.1 52.4 50.4 57.4 63.0 74.7 78.9 81.0 89.7 116.7 140.7 128.2 129.8 109.5 96.4 105.2
-9999.0 -9999.0 -9999.0 -9999.0 -9999.0 -9999.0 -9999.0 -9999.0 -9999.0 -9999.0 -9999.0 -9999.0 -9999.0 0.7 1.9 0.4 0.9 0.6 0.6 0.6 0.6 0.4 0.4 0.3 0.3 0.3 0.3 0.3 0.2 0.2 0.3 0.3 0.4 0.5 0.5 0.8 1.3 2.6 8.2 7.0 7.5 9.6 9.6 14.6 12.9 13.9 20.4 26.1 29.5 30.9 33.0 31.2 29.6 41.6 36.9 37.7 42.5 51.8 59.0 52.7 49.4 44.7 49.0 48.2 50.7 55.4 63.5 79.4 88.4 102.8 132.1 132.2 140.0 150.0 157.3 125.8 109.2 104.4
-9999.0 -9999.0 -9999.0 -9999.0 -9999.0 -9999.0 -9999.0 -9999.0 -9999.0 -9999.0 -9999.0 -9999.0 0.5 1.9 1.4 0.6 1.7 1.0 0.9 0.5 0.5 0.5 0.5 0.4 0.3 0.3 0.3 0.3 0.2 0.3 0.3 0.3 0.4 0.4 0.6 0.7 1.8 1.8 3.0 5.6 13.7 21.0 26.6 13.7 19.1 23.2 24.1 23.9 28.1 31.0 38.1 43.4 35.6 38.0 33.7 37.2 48.2 45.7 55.3 53.7 55.9 59.5 60.0 66.1 60.2 55.7 84.8 91.5 95.9 110.2 134.0 158.5 160.4 139.9 131.6 125.9 131.3 138.0
-9999.0 -9999.0 -9999.0 -9999.0 -9999.0 -9999.0 -9999.0 -9999.0 -9999.0 -9999.0 -9999.0 -9999.0 1.1 0.2 0.4 2.9 2.0 0.6 0.6 0.9 0.6 0.6 0.5 0.5 0.4 0.3 0.3 0.3 0.2 0.2 0.3 0.3 0.4 0.4 0.5 0.7 0.9 1.9 3.4 4.6 8.6 10.5 13.5 18.7 24.7 32.1 41.4 39.2 35.7 25.7 28.5 36.9 31.1 27.4 28.4 29.1 40.8 49.1 50.6 58.4 63.4 69.0 63.2 56.7 51.1 66.7 64.1 97.5 114.3 131.7 155.6 175.5 182.0 201.2 196.0 156.7 153.9 141.6
-9999.0 -9999.0 -9999.0 -9999.0 -9999.0 -9999.0 -9999.0 -9999.0 -9999.0 -9999.0 -9999.0 -9999.0 0.0 0.7 0.2 0.4 0.5 1.8 0.9 1.0 1.4 1.2 0.7 0.6 0.4 0.4 0.3 0.3 0.2 0.2 0.3 0.3 0.4 0.4 0.5 0.7 1.1 2.1 3.7 9.3 12.3 11.4 31.5 15.0 33.1 50.2 54.0 42.8 28.4 25.0 26.6 24.4 42.9 44.1 33.6 20.6 31.6 40.1 46.4 45.4 51.8 58.3 75.4 47.4 34.4 96.7 93.9 95.1 111.3 138.6 156.6 187.6 207.2 229.7 251.8 198.7 195.1 153.7
-9999.0 -9999.0 -9999.0 -9999.0 -9999.0 -9999.0 -9999.0 -9999.0 -9999.0 -9999.0 -9999.0 -9999.0 -9999.0 2.8 1.9 0.4 0.7 0.7 1.4 1.6 2.7 1.1 1.2 1.0 0.5 0.4 0.3 0.3 0.3 0.2 0.3 0.3 0.4 0.5 0.6 1.4 2.2 2.6 5.8 9.8 16.4 41.3 55.9 53.8 40.4 48.1 55.7 34.7 37.7 27.7 18.8 29.2 25.6 17.7 29.6 30.0 18.3 23.0 34.1 51.0 51.9 79.8 62.2 22.9 46.8 58.7 76.0 91.2 117.6 134.2 148.8 157.4 199.3 159.5 211.4 192.6 183.2 173.4
-9999.0 -9999.0 -9999.0 -9999.0 -9999.0 -9999.0 -9999.0 -9999.0 -9999.0 -9999.0 -9999.0 -9999.0 -9999.0 0.0 1.5 0.4 2.2 0.6 0.9 1.4 2.8 2.3 2.0 1.2 0.6 0.5 0.4 0.3 0.2 0.3 0.3 0.3 0.4 0.5 0.9 1.4 1.7 3.3 9.1 27.4 27.9 43.1 56.4 63.9 85.6 63.0 56.3 33.3 26.3 19.5 23.3 13.5 21.6 27.8 30.9 24.2 15.6 18.1 29.3 20.9 44.9 29.1 24.7 37.4 29.6 33.1 53.1 82.7 104.8 118.5 127.2 143.3 156.3 184.8 206.5 222.7 225.0 194.0
-9999.0 -9999.0 -9999.0 -9999.0 -9999.0 -9999.0 -9999.0 -9999.0 -9999.0 -9999.0 -9999.0 -9999.0 -9999.0 -9999.0 -9999.0 0.5 0.5 1.2 1.1 1.0 2.5 1.7 1.4 1.3 1.1 0.7 0.9 0.4 0.4 0.2 0.3 0.3 0.6 0.8 0.8 2.4 5.0 2.9 8.4 18.6 40.6 58.5 67.3 67.4 46.5 40.6 51.1 25.8 26.6 9.2 13.3 30.1 17.9 19.5 10.4 17.5 17.5 9.3 30.0 41.2 19.6 23.8 54.7 37.3 26.4 28.6 47.3 76.3 87.0 94.6 112.6 134.1 193.9 210.9 202.5 245.1 236.4 235.7
-9999.0 -9999.0 -9999.0 -9999.0 -9999.0 -9999.0 -9999.0 -9999.0 -9999.0 -9999.0 -9999.0 -9999.0 -9999.0 -9999.0 -9999.0 -9999.0 -9999.0 0.0 0.2 -9999.0 0.7 2.3 1.4 1.3 1.6 1.0 1.3 0.6 0.3 0.3 0.3 0.3 0.8 0.6 0.7 1.0 5.2 1.9 8.2 17.7 32.9 58.0 60.6 56.7 23.7 36.7 41.9 50.5 18.7 19.3 9.4 13.9 12.8 22.3 22.9 21.6 14.3 25.6 30.0 40.3 14.4 34.3 53.4 42.4 27.4 26.3 42.5 60.4 68.7 80.3 99.3 169.4 207.4 199.7 222.1 244.7 225.3 202.2
-9999.0 -9999.0 -9999.0 -9999.0 -9999.0 -9999.0 -9999.0 -9999.0 -9999.0 -9999.0 -9999.0 -9999.0 -9999.0 -9999.0 -9999.0 -9999.0 -9999.0 -9999.0 -9999.0 -9999.0 -9999.0 1.7 2.5 3.8 2.2 1.2 0.8 0.6 0.4 0.3 0.3 0.4 0.6 0.8 0.7 0.8 1.0 2.0 3.3 2.3 3.6 47.6 59.4 56.0 20.6 44.2 51.4 30.5 47.9 103.8 21.2 42.4 38.7 23.8 25.3 28.2 27.2 23.3 46.3 43.8 23.7 31.7 47.1 38.5 33.0 33.8 47.6 58.5 68.7 80.7 113.5 170.3 198.9 189.0 192.3 197.1 180.0 140.7
-9999.0 -9999.0 -9999.0 -9999.0 -9999.0 -9999.0 -9999.0 -9999.0 -9999.0 -9999.0 -9999.0 -9999.0 -9999.0 -9999.0 -9999.0 -9999.0 -9999.0 -9999.0 -9999.0 -9999.0 -9999.0 -9999.0 -9999.0 1.1 2.3 1.8 1.4 1.1 1.0 0.5 0.5 0.7 2.0 1.5 2.1 1.8 3.5 2.1 8.6 17.5 23.3 42.0 30.8 21.4 18.4 45.8 39.2 38.4 41.6 42.0 29.5 44.6 36.5 40.7 33.9 22.4 30.1 39.9 37.3 55.7 51.4 57.2 50.0 31.3 29.0 41.3 57.8 66.7 69.8 89.3 134.1 175.3 197.2 202.2 171.2 160.7 166.9 142.7
-9999.0 -9999.0 -9999.0 -9999.0 -9999.0 -9999.0 -9999.0 -9999.0 -9999.0 -9999.0 -9999.0 -9999.0 -9999.0 -9999.0 -9999.0 -9999.0 -9999.0 -9999.0 -9999.0 -9999.0 -9999.0 -9999.0 -9999.0 -9999.0 -9999.0 0.7 1.9 4.8 3.1 4.7 1.9 1.3 1.7 2.5 1.8 3.9 11.0 3.2 10.9 8.4 26.2 17.6 2.2 8.0 25.3 50.3 57.6 94.3 47.1 53.4 59.7 57.1 64.4 61.9 43.2 36.2 40.1 41.4 55.8 69.6 88.2 91.7 98.0 36.1 34.9 49.0 62.0 73.4 91.8 114.7 138.4 175.0 172.2 184.5 170.0 141.8 131.8 140.6
-9999.0 -9999.0 -9999.0 -9999.0 -9999.0 -9999.0 -9999.0 -9999.0 -9999.0 -9999.0 -9999.0 -9999.0 -9999.0 -9999.0 -9999.0 -9999.0 -9999.0 -9999.0 -9999.0 -9999.0 -9999.0 -9999.0 -9999.0 -9999.0 -9999.0 -9999.0 -9999.0 0.4 0.5 1.8 1.9 2.1 5.9 2.0 4.0 0.3 1.7 1.5 0.3 2.8 11.2 2.7 3.0 14.2 30.0 53.0 79.1 104.1 126.0 97.8 130.8 125.0 81.8 74.1 61.9 57.2 46.0 53.2 67.1 87.8 108.1 108.9 59.8 39.3 47.1 53.5 75.7 90.1 105.1 117.3 134.3 163.0 137.1 147.3 127.8 124.6 167.7 170.1
-9999.0 -9999.0 -9999.0 -9999.0 -9999.0 -9999.0 -9999.0 -9999.0 -9999.0 -9999.0 -9999.0 -9999.0 -9999.0 -9999.0 -9999.0 -9999.0 -9999.0 -9999.0 -9999.0 -9999.0 -9999.0 -9999.0 -9999.0 -9999.0 -9999.0 -9999.0 -9999.0 -9999.0 -9999.0 -9999.0 -9999.0 -9999.0 -9999.0 0.6 3.7 -9999.0 -9999.0 -9999.0 0.1 0.6 0.3 1.0 3.9 15.5 32.1 53.6 -9999.0 -9999.0 -9999.0 -9999.0 -9999.0 -9999.0 114.4 98.0 74.8 58.3 56.8 66.0 82.8 106.4 117.2 109.1 68.9 48.4 51.9 70.0 95.5 116.6 120.8 112.4 106.0 125.5 130.6 111.5 133.6 128.8 181.4 154.9
-9999.0 -9999.0 -9999.0 -9999.0 -9999.0 -9999.0 -9999.0 -9999.0 -9999.0 -9999.0 -9999.0 -9999.0 -9999.0 -9999.0 -9999.0 -9999.0 -9999.0 -9999.0 -9999.0 -9999.0 -9999.0 -9999.0 -9999.0 -9999.0 -9999.0 -9999.0 -9999.0 -9999.0 -9999.0 -9999.0 -9999.0 -9999.0 -9999.0 -9999.0 -9999.0 -9999.0 -9999.0 -9999.0 -9999.0 0.1 0.3 1.4 5.4 14.1 -9999.0 -9999.0 -9999.0 -9999.0 -9999.0 -9999.0 -9999.0 -9999.0 134.8 119.8 100.9 77.3 67.3 76.9 96.4 115.7 118.5 101.1 85.9 68.1 88.0 104.5 119.0 111.5 102.2 105.6 106.9 100.7 90.5 126.6 126.5 147.9 163.6 151.4
-9999.0 -9999.0 -9999.0 -9999.0 -9999.0 -9999.0 -9999.0 -9999.0 -9999.0 -9999.0 -9999.0 -9999.0 -9999.0 -9999.0 -9999.0 -9999.0 -9999.0 -9999.0 -9999.0 -9999.0 -9999.0 -9999.0 -9999.0 -9999.0 -9999.0 -9999.0 -9999.0 -9999.0 -9999.0 -9999.0 -9999.0 -9999.0 -9999.0 -9999.0 -9999.0 -9999.0 -9999.0 -9999.0 -9999.0 -9999.0 -9999.0 -9999.0 -9999.0 -9999.0 -9999.0 -9999.0 -9999.0 -9999.0 -9999.0 -9999.0 -9999.0 -9999.0 167.2 143.0 128.0 114.0 97.4 100.4 116.3 123.5 116.7 98.3 105.6 92.1 108.0 109.0 101.5 95.2 84.6 85.5 93.3 98.9 148.3 144.4 169.7 156.3 163.1 146.0
-9999.0 -9999.0 -9999.0 -9999.0 -9999.0 -9999.0 -9999.0 -9999.0 -9999.0 -9999.0 -9999.0 -9999.0 -9999.0 -9999.0 -9999.0 -9999.0 -9999.0 -9999.0 -9999.0 -9999.0 -9999.0 -9999.0 -9999.0 -9999.0 -9999.0 -9999.0 -9999.0 -9999.0 -9999.0 -9999.0 -9999.0 -9999.0 -9999.0 -9999.0 -9999.0 -9999.0 -9999.0 -9999.0 -9999.0 -9999.0 -9999.0 -9999.0 -9999.0 -9999.0 -9999.0 -9999.0 -9999.0 -9999.0 -9999.0 -9999.0 -9999.0 207.3 183.8 168.7 145.9 142.3 131.6 131.9 140.7 141.4 102.1 96.7 96.7 98.5 105.9 105.3 98.2 93.2 89.9 91.1 102.8 117.7 127.1 147.7 179.1 168.2 175.1 148.5
-9999.0 -9999.0 -9999.0 -9999.0 -9999.0 -9999.0 -9999.0 -9999.0 -9999.0 -9999.0 -9999.0 -9999.0 -9999.0 -9999.0 -9999.0 -9999.0 -9999.0 -9999.0 -9999.0 -9999.0 -9999.0 -9999.0 -9999.0 -9999.0 -9999.0 -9999.0 -9999.0 -9999.0 -9999.0 -9999.0 -9999.0 -9999.0 -9999.0 -9999.0 -9999.0 -9999.0 -9999.0 -9999.0 -9999.0 -9999.0 -9999.0 -9999.0 -9999.0 -9999.0 -9999.0 -9999.0 -9999.0 -9999.0 -9999.0 -9999.0 170.2 220.6 209.6 197.0 187.0 174.6 164.0 160.8 150.4 110.0 100.0 87.8 97.2 90.2 96.2 103.7 111.7 122.9 132.8 129.6 143.7 147.5 175.1 212.7 221.2 208.8 154.9 206.1
-9999.0 -9999.0 -9999.0 -9999.0 -9999.0 -9999.0 -9999.0 -9999.0 -9999.0 -9999.0 -9999.0 -9999.0 -9999.0 -9999.0 -9999.0 -9999.0 -9999.0 -9999.0 -9999.0 -9999.0 -9999.0 -9999.0 -9999.0 -9999.0 -9999.0 -9999.0 -9999.0 -9999.0 -9999.0 -9999.0 -9999.0 -9999.0 -9999.0 -9999.0 -9999.0 -9999.0 -9999.0 -9999.0 -9999.0 -9999.0 -9999.0 -9999.0 -9999.0 -9999.0 -9999.0 -9999.0 -9999.0 -9999.0 -9999.0 -9999.0 146.2 216.8 247.3 229.1 213.8 201.0 177.9 158.4 123.6 101.9 96.4 90.3 89.4 80.3 90.2 116.0 139.1 164.2 183.6 170.5 185.6 214.1 247.6 251.6 217.0 177.4 188.0 181.5
-9999.0 -9999.0 -9999.0 -9999.0 -9999.0 -9999.0 -9999.0 -9999.0 -9999.0 -9999.0 -9999.0 -9999.0 -9999.0 -9999.0 -9999.0 -9999.0 -9999.0 -9999.0 -9999.0 -9999.0 -9999.0 -9999.0 -9999.0 -9999.0 -9999.0 -9999.0 -9999.0 -9999.0 -9999.0 -9999.0 -9999.0 -9999.0 -9999.0 -9999.0 -9999.0 -9999.0 -9999.0 -9999.0 -9999.0 -9999.0 -9999.0 -9999.0 -9999.0 -9999.0 -9999.0 -9999.0 -9999.0 -9999.0 -9999.0 -9999.0 94.5 175.7 204.3 228.0 231.0 203.6 181.3 156.2 120.2 100.4 87.3 78.3 72.6 74.2 81.2 120.7 175.4 211.2 211.8 243.1 208.3 286.6 265.7 283.2 207.3 172.0 185.3 155.5
-9999.0 -9999.0 -9999.0 -9999.0 -9999.0 -9999.0 -9999.0 -9999.0 -9999.0 -9999.0 -9999.0 -9999.0 -9999.0 -9999.0 -9999.0 -9999.0 -9999.0 -9999.0 -9999.0 -9999.0 -9999.0 -9999.0 -9999.0 -9999.0 -9999.0 -9999.0 -9999.0 -9999.0 -9999.0 -9999.0 -9999.0 -9999.0 -9999.0 -9999.0 -9999.0 -9999.0 -9999.0 -9999.0 -9999.0 -9999.0 -9999.0 -9999.0 -9999.0 -9999.0 -9999.0 -9999.0 -9999.0 -9999.0 -9999.0 -9999.0 94.9 156.5 179.4 207.9 203.7 196.6 138.7 147.4 123.2 80.0 86.5 74.6 69.2 63.2 67.6 107.9 176.1 261.6 297.5 173.3 213.6 233.8 265.2 263.4 188.8 164.5 159.3 120.4
-9999.0 -9999.0 -9999.0 -9999.0 -9999.0 -9999.0 -9999.0 -9999.0 -9999.0 -9999.0 -9999.0 -9999.0 -9999.0 -9999.0 -9999.0 -9999.0 -9999.0 -9999.0 -9999.0 -9999.0 -9999.0 -9999.0 -9999.0 -9999.0 -9999.0 -9999.0 -9999.0 -9999.0 -9999.0 -9999.0 -9999.0 -9999.0 -9999.0 -9999.0 -9999.0 -9999.0 -9999.0 -9999.0 -9999.0 -9999.0 -9999.0 -9999.0 -9999.0 -9999.0 -9999.0 -9999.0 -9999.0 -9999.0 -9999.0 -9999.0 -9999.0 -9999.0 -9999.0 142.0 144.0 143.8 148.7 155.2 80.4 76.9 122.3 65.3 68.5 66.8 70.0 112.8 171.9 277.2 304.5 263.7 207.1 197.9 209.3 198.7 169.5 142.3 143.3 123.5
-9999.0 -9999.0 -9999.0 -9999.0 -9999.0 -9999.0 -9999.0 -9999.0 -9999.0 -9999.0 -9999.0 -9999.0 -9999.0 -9999.0 -9999.0 -9999.0 -9999.0 -9999.0 -9999.0 -9999.0 -9999.0 -9999.0 -9999.0 -9999.0 -9999.0 -9999.0 -9999.0 -9999.0 -9999.0 -9999.0 -9999.0 -9999.0 -9999.0 -9999.0 -9999.0 -9999.0 -9999.0 -9999.0 -9999.0 -9999.0 -9999.0 -9999.0 -9999.0 -9999.0 -9999.0 -9999.0 -9999.0 -9999.0 -9999.0 -9999.0 -9999.0 -9999.0 -9999.0 108.9 109.2 189.3 134.2 108.5 131.2 177.7 115.9 100.6 99.7 152.2 154.2 177.9 254.4 266.3 245.4 208.4 166.2 165.2 179.5 169.8 154.9 189.4 185.5 207.9
-9999.0 -9999.0 -9999.0 -9999.0 -9999.0 -9999.0 -9999.0 -9999.0 -9999.0 -9999.0 -9999.0 -9999.0 -9999.0 -9999.0 -9999.0 -9999.0 -9999.0 -9999.0 -9999.0 -9999.0 -9999.0 -9999.0 -9999.0 -9999.0 -9999.0 -9999.0 -9999.0 -9999.0 -9999.0 -9999.0 -9999.0 -9999.0 -9999.0 -9999.0 -9999.0 -9999.0 -9999.0 -9999.0 -9999.0 -9999.0 -9999.0 -9999.0 -9999.0 -9999.0 -9999.0 -9999.0 -9999.0 -9999.0 -9999.0 -9999.0 -9999.0 -9999.0 -9999.0 97.2 76.0 150.6 149.0 129.4 160.5 166.6 198.1 182.9 164.3 139.6 292.7 -9999.0 -9999.0 -9999.0 238.2 177.6 167.9 181.7 176.1 156.9 173.0 243.2 246.9 267.7
-9999.0 -9999.0 -9999.0 -9999.0 -9999.0 -9999.0 -9999.0 -9999.0 -9999.0 -9999.0 -9999.0 -9999.0 -9999.0 -9999.0 -9999.0 -9999.0 -9999.0 -9999.0 -9999.0 -9999.0 -9999.0 -9999.0 -9999.0 -9999.0 -9999.0 -9999.0 -9999.0 -9999.0 -9999.0 -9999.0 -9999.0 -9999.0 -9999.0 -9999.0 -9999.0 -9999.0 -9999.0 -9999.0 -9999.0 -9999.0 -9999.0 -9999.0 -9999.0 -9999.0 -9999.0 -9999.0 -9999.0 -9999.0 -9999.0 -9999.0 -9999.0 -9999.0 -9999.0 -9999.0 116.6 136.5 103.0 104.8 211.8 281.7 223.2 -9999.0 -9999.0 -9999.0 -9999.0 -9999.0 -9999.0 -9999.0 197.9 194.0 228.5 203.5 187.5 182.5 199.2 231.6 263.2 252.3
-9999.0 -9999.0 -9999.0 -9999.0 -9999.0 -9999.0 -9999.0 -9999.0 -9999.0 -9999.0 -9999.0 -9999.0 -9999.0 -9999.0 -9999.0 -9999.0 -9999.0 -9999.0 -9999.0 -9999.0 -9999.0 -9999.0 -9999.0 -9999.0 -9999.0 -9999.0 -9999.0 -9999.0 -9999.0 -9999.0 -9999.0 -9999.0 -9999.0 -9999.0 -9999.0 -9999.0 -9999.0 -9999.0 -9999.0 -9999.0 -9999.0 -9999.0 -9999.0 -9999.0 -9999.0 -9999.0 -9999.0 -9999.0 -9999.0 -9999.0 -9999.0 -9999.0 -9999.0 -9999.0 -9999.0 123.3 227.8 188.1 210.7 301.1 315.6 -9999.0 -9999.0 -9999.0 -9999.0 -9999.0 -9999.0 -9999.0 -9999.0 -9999.0 203.6 -9999.0 -9999.0 -9999.0 -9999.0 -9999.0 264.7 -9999.0
-9999.0 -9999.0 -9999.0 -9999.0 -9999.0 -9999.0 -9999.0 -9999.0 -9999.0 -9999.0 -9999.0 -9999.0 -9999.0 -9999.0 -9999.0 -9999.0 -9999.0 -9999.0 -9999.0 -9999.0 -9999.0 -9999.0 -9999.0 -9999.0 -9999.0 -9999.0 -9999.0 -9999.0 -9999.0 -9999.0 -9999.0 -9999.0 -9999.0 -9999.0 -9999.0 -9999.0 -9999.0 -9999.0 -9999.0 -9999.0 -9999.0 -9999.0 -9999.0 -9999.0 -9999.0 -9999.0 -9999.0 -9999.0 -9999.0 -9999.0 -9999.0 -9999.0 -9999.0 -9999.0 -9999.0 -9999.0 -9999.0 -9999.0 279.4 300.2 -9999.0 -9999.0 -9999.0 -9999.0 -9999.0 -9999.0 -9999.0 -9999.0 -9999.0 -9999.0 -9999.0 -9999.0 -9999.0 -9999.0 -9999.0 337.4 366.0 -9999.0
-9999.0 -9999.0 -9999.0 -9999.0 -9999.0 -9999.0 -9999.0 -9999.0 -9999.0 -9999.0 -9999.0 -9999.0 -9999.0 -9999.0 -9999.0 -9999.0 -9999.0 -9999.0 -9999.0 -9999.0 -9999.0 -9999.0 -9999.0 -9999.0 -9999.0 -9999.0 -9999.0 -9999.0 -9999.0 -9999.0 -9999.0 -9999.0 -9999.0 -9999.0 -9999.0 -9999.0 -9999.0 -9999.0 -9999.0 -9999.0 -9999.0 -9999.0 -9999.0 -9999.0 -9999.0 -9999.0 -9999.0 -9999.0 -9999.0 -9999.0 -9999.0 -9999.0 -9999.0 -9999.0 -9999.0 -9999.0 -9999.0 -9999.0 -9999.0 -9999.0 -9999.0 -9999.0 -9999.0 -9999.0 -9999.0 -9999.0 -9999.0 -9999.0 -9999.0 -9999.0 -9999.0 -9999.0 -9999.0 -9999.0 -9999.0 -9999.0 -9999.0 -9999.0
