program/excelProcessViaJava/data/SURF_CLI_CHN_PRE_MON_GRID_0.5-200203.txt
NCOLS      128
NROWS       72
XLLCORNER    72.000000000000    
YLLCORNER    18.000000000000    
CELLSIZE    0.50000000000000    
NODATA_VALUE   -9999.000    
[rows 34 to 67 of 72, columns 0 to 77 of 128]
-9999.0 -9999.0 -9999.0 -9999.0 25.6 11.9 19.2 3.2 13.4 6.3 0.1 0.3 0.0 0.0 0.0 0.0 0.0 0.0 0.1 0.1 0.0 0.0 0.0 0.0 0.0 0.1 0.0 0.1 0.2 0.3 0.6 1.5 1.4 1.9 2.8 2.6 4.6 6.9 3.8 1.8 4.1 0.9 0.8 0.7 0.9 1.1 0.9 0.7 0.5 0.7 1.2 2.5 6.1 3.3 1.7 1.4 1.9 3.9 9.2 10.7 13.6 9.9 8.4 5.7 3.7 4.0 4.2 5.4 6.6 8.8 12.3 15.9 17.9 17.4 13.9 11.8 9.1 12.8
-9999.0 -9999.0 -9999.0 -9999.0 -9999.0 -9999.0 -9999.0 5.9 6.5 1.3 5.1 2.1 0.0 0.0 0.0 0.0 0.0 0.0 0.0 0.0 0.0 0.0 0.0 0.0 0.0 0.0 0.1 0.3 0.6 1.5 2.0 2.5 2.9 3.9 5.4 4.4 7.1 6.1 9.3 10.0 3.2 11.8 9.9 5.6 3.3 2.2 2.8 2.2 2.9 2.5 3.5 6.2 8.4 8.3 4.9 1.6 1.7 3.2 8.6 11.0 13.0 6.6 6.1 5.7 5.5 5.6 7.5 9.2 11.1 12.9 15.2 17.4 19.7 19.6 16.1 14.7 10.0 12.1
-9999.0 -9999.0 -9999.0 -9999.0 -9999.0 -9999.0 -9999.0 28.0 2.9 4.6 3.5 0.3 0.2 0.4 0.0 0.2 0.0 0.0 0.0 0.0 0.0 0.0 0.0 0.0 0.1 0.1 0.2 0.8 0.9 1.3 2.8 3.5 4.1 6.1 5.0 5.6 5.2 6.9 6.9 6.1 6.8 6.9 8.2 14.8 6.7 4.3 5.6 6.1 10.7 9.3 15.0 12.5 9.8 7.5 7.1 3.0 3.4 6.0 9.2 11.8 13.8 12.1 6.8 7.6 7.0 8.7 11.2 12.7 13.6 13.2 14.1 16.2 18.7 20.0 15.7 18.1 14.8 11.7
-9999.0 -9999.0 -9999.0 -9999.0 -9999.0 -9999.0 -9999.0 -9999.0 -9999.0 5.5 2.0 0.3 0.6 0.1 0.0 0.0 0.0 0.1 0.0 0.0 0.0 0.0 0.0 0.0 0.1 0.2 0.5 1.0 1.3 3.0 2.4 3.6 4.3 5.7 4.5 4.6 4.4 5.3 4.6 5.4 4.7 6.0 6.0 6.0 8.6 9.2 9.8 10.0 11.2 11.9 13.7 11.5 9.6 8.3 9.0 5.6 6.0 8.2 9.4 11.4 14.1 16.1 18.0 10.5 13.2 13.0 13.6 14.4 13.6 12.4 13.0 13.5 15.4 18.0 19.8 11.5 9.6 10.6
-9999.0 -9999.0 -9999.0 -9999.0 -9999.0 -9999.0 -9999.0 -9999.0 -9999.0 -9999.0 -9999.0 3.5 0.1 0.5 0.0 0.0 0.0 0.0 0.0 0.0 0.0 0.0 0.1 0.1 0.4 0.5 1.2 1.9 2.5 2.9 3.7 5.7 4.9 5.3 4.8 7.4 4.6 4.4 9.1 4.3 5.8 4.5 4.3 5.0 10.5 8.3 14.6 11.6 13.8 13.3 10.8 10.4 10.0 11.2 12.8 10.1 8.4 8.4 8.6 9.2 10.7 15.8 20.3 22.2 25.5 14.8 15.3 16.8 14.2 13.6 13.0 12.9 12.3 12.8 10.5 8.6 8.4 10.0
-9999.0 -9999.0 -9999.0 -9999.0 -9999.0 -9999.0 -9999.0 -9999.0 -9999.0 -9999.0 -9999.0 -9999.0 0.4 0.1 0.2 0.0 0.1 0.0 0.0 0.1 0.0 0.0 0.1 0.1 1.6 0.8 1.1 2.3 2.9 5.1 4.6 5.1 5.5 7.1 7.0 5.6 8.6 4.3 2.8 2.1 2.0 2.4 3.2 5.8 7.5 10.3 13.6 10.0 11.4 12.1 15.9 14.3 11.8 12.0 14.3 14.2 11.6 9.6 7.8 6.7 8.2 12.7 20.4 29.8 31.8 36.3 21.4 21.6 20.1 19.1 13.7 10.3 10.1 11.4 12.8 22.3 13.3 12.3
-9999.0 -9999.0 -9999.0 -9999.0 -9999.0 -9999.0 -9999.0 -9999.0 -9999.0 -9999.0 -9999.0 -9999.0 6.4 0.3 0.1 0.1 0.0 0.0 0.1 0.0 0.1 0.1 0.2 0.2 0.3 0.8 1.3 1.6 2.6 3.1 4.6 6.8 6.3 6.2 6.5 5.0 6.5 5.4 3.2 2.1 1.2 1.4 4.1 3.8 8.1 13.2 11.4 10.3 6.8 10.1 9.8 12.0 10.7 14.8 14.5 16.1 11.6 9.0 7.7 7.5 9.1 15.2 22.5 31.6 39.9 42.0 21.4 22.7 24.0 23.7 24.6 29.4 29.2 18.4 19.2 17.4 17.1 17.0
-9999.0 -9999.0 -9999.0 -9999.0 -9999.0 -9999.0 -9999.0 -9999.0 -9999.0 -9999.0 -9999.0 -9999.0 -9999.0 2.5 2.7 0.2 0.2 0.1 0.1 0.1 0.1 0.1 0.2 0.2 0.4 1.2 1.7 2.9 3.0 3.6 3.8 4.5 6.8 7.2 4.7 4.2 3.6 3.4 8.9 3.1 2.0 2.7 3.0 7.2 7.7 9.5 13.7 15.5 14.3 11.3 10.0 7.5 8.9 22.1 19.2 16.1 10.9 9.1 9.5 8.0 8.9 15.5 24.2 41.9 34.3 39.3 39.1 31.4 34.7 28.4 16.6 13.7 16.1 19.2 22.9 20.6 21.5 27.4
-9999.0 -9999.0 -9999.0 -9999.0 -9999.0 -9999.0 -9999.0 -9999.0 -9999.0 -9999.0 -9999.0 -9999.0 12.8 12.4 6.0 1.7 2.4 0.7 0.4 0.2 0.2 0.2 0.2 0.2 0.3 0.8 0.9 1.1 1.6 2.5 3.2 3.5 6.3 5.2 5.4 3.7 4.7 1.7 1.2 1.1 4.3 7.9 11.4 4.3 8.7 12.7 13.5 10.9 10.4 9.0 12.8 17.7 10.7 16.6 14.1 12.8 13.4 7.2 9.1 10.6 11.1 15.1 26.7 38.9 50.7 45.8 16.6 23.5 40.7 44.6 34.3 19.9 16.4 22.3 25.8 25.5 31.3 43.5
-9999.0 -9999.0 -9999.0 -9999.0 -9999.0 -9999.0 -9999.0 -9999.0 -9999.0 -9999.0 -9999.0 -9999.0 29.9 15.7 10.5 14.3 7.7 2.8 1.8 1.2 0.5 0.3 0.2 0.2 0.2 0.2 0.3 0.4 0.7 1.0 1.7 2.7 4.7 3.6 3.4 3.2 1.8 1.5 0.9 0.3 0.6 0.8 1.8 4.3 8.2 13.3 20.4 18.6 15.1 5.4 5.3 12.7 8.4 8.5 10.1 8.1 10.3 11.3 10.5 13.0 15.8 22.1 34.5 45.2 45.9 20.8 33.5 16.7 15.4 18.3 20.0 19.6 22.6 28.0 29.8 26.1 31.5 35.8
-9999.0 -9999.0 -9999.0 -9999.0 -9999.0 -9999.0 -9999.0 -9999.0 -9999.0 -9999.0 -9999.0 -9999.0 43.3 35.0 24.6 17.8 13.0 11.1 6.0 3.3 2.3 1.1 0.2 0.1 0.1 0.1 0.1 0.3 0.2 0.4 0.8 2.4 2.4 2.6 2.6 2.5 1.8 1.4 0.7 1.2 0.9 0.8 6.6 2.8 8.9 19.3 24.4 17.4 9.1 7.5 8.1 5.5 31.5 35.4 20.8 7.6 11.6 14.3 15.9 14.7 19.0 27.3 44.6 46.1 22.4 18.5 18.5 19.0 21.7 22.8 26.8 34.3 36.5 43.4 69.3 42.4 52.1 43.3
-9999.0 -9999.0 -9999.0 -9999.0 -9999.0 -9999.0 -9999.0 -9999.0 -9999.0 -9999.0 -9999.0 -9999.0 -9999.0 72.0 52.1 36.3 27.8 20.6 13.5 8.0 6.8 1.0 0.4 0.2 0.0 0.0 0.0 0.0 0.1 0.1 0.4 0.9 2.0 2.2 2.7 4.7 3.9 1.7 1.8 1.5 2.2 10.9 17.7 15.6 10.4 13.8 21.3 10.8 19.4 15.4 7.1 20.9 17.4 10.1 27.5 27.0 11.2 13.4 19.6 31.3 31.2 60.8 53.3 33.5 20.9 22.0 24.3 30.4 37.1 44.8 46.5 45.8 52.1 49.9 60.0 60.0 60.5 61.4
-9999.0 -9999.0 -9999.0 -9999.0 -9999.0 -9999.0 -9999.0 -9999.0 -9999.0 -9999.0 -9999.0 -9999.0 -9999.0 99.2 79.4 62.2 50.5 37.4 24.4 13.3 9.4 3.7 1.2 0.1 0.0 0.0 0.0 0.0 0.0 0.2 0.2 0.5 0.9 1.8 3.6 4.2 2.6 2.6 4.7 14.9 8.3 13.1 17.8 20.9 39.0 22.7 23.0 14.2 16.0 15.5 22.6 9.3 23.0 36.4 44.3 33.2 19.1 20.5 28.8 23.3 41.2 41.8 42.1 27.9 24.4 27.0 34.0 46.9 62.3 66.0 61.5 55.7 54.3 65.8 78.8 86.6 87.7 83.5
-9999.0 -9999.0 -9999.0 -9999.0 -9999.0 -9999.0 -9999.0 -9999.0 -9999.0 -9999.0 -9999.0 -9999.0 -9999.0 -9999.0 -9999.0 94.3 77.5 56.4 38.7 22.0 11.7 2.8 0.3 0.1 0.0 0.0 0.1 0.0 0.1 0.0 0.1 0.1 1.4 2.3 2.3 7.2 10.8 2.4 5.6 9.8 21.0 27.9 28.7 26.7 18.9 20.9 25.8 22.6 25.3 19.5 20.8 48.1 26.3 30.4 12.4 31.0 31.1 21.6 39.1 48.4 38.4 49.5 40.3 29.9 27.0 29.7 37.4 53.3 72.5 76.2 68.5 58.1 74.8 83.2 81.3 103.3 100.9 106.1
-9999.0 -9999.0 -9999.0 -9999.0 -9999.0 -9999.0 -9999.0 -9999.0 -9999.0 -9999.0 -9999.0 -9999.0 -9999.0 -9999.0 -9999.0 -9999.0 -9999.0 164.9 76.2 -9999.0 17.3 6.2 0.5 0.1 0.1 0.0 0.4 0.1 0.0 0.1 0.0 0.0 1.4 0.4 0.5 2.2 12.3 1.3 7.4 13.5 21.7 36.7 32.2 27.5 31.1 29.3 109.6 46.8 35.1 36.9 28.2 27.8 14.9 38.9 41.6 39.2 21.6 38.7 38.2 48.1 35.6 40.2 33.1 29.0 28.6 28.3 31.7 45.9 63.1 72.4 70.3 83.5 89.5 74.3 87.4 105.2 103.0 106.8
-9999.0 -9999.0 -9999.0 -9999.0 -9999.0 -9999.0 -9999.0 -9999.0 -9999.0 -9999.0 -9999.0 -9999.0 -9999.0 -9999.0 -9999.0 -9999.0 -9999.0 -9999.0 -9999.0 -9999.0 -9999.0 10.1 4.1 5.4 0.9 0.4 0.6 0.6 0.3 0.1 0.1 0.1 0.1 0.3 0.5 2.1 2.4 3.2 4.3 6.5 10.7 38.4 42.6 35.4 31.8 33.4 151.7 55.1 70.4 188.6 50.3 88.5 79.1 27.9 34.0 44.3 38.0 20.8 60.9 40.1 27.9 31.4 26.4 28.7 30.8 29.8 31.1 42.7 57.4 69.7 80.7 85.8 83.4 74.6 83.3 98.1 109.9 119.0
-9999.0 -9999.0 -9999.0 -9999.0 -9999.0 -9999.0 -9999.0 -9999.0 -9999.0 -9999.0 -9999.0 -9999.0 -9999.0 -9999.0 -9999.0 -9999.0 -9999.0 -9999.0 -9999.0 -9999.0 -9999.0 -9999.0 -9999.0 16.8 5.3 6.2 7.5 6.3 3.4 1.7 0.5 0.4 3.7 2.2 5.8 6.8 12.9 7.1 20.1 30.6 31.7 46.2 27.5 19.6 33.4 155.5 76.9 78.2 94.8 86.7 59.0 89.5 46.0 51.8 28.8 6.4 24.1 40.0 15.0 37.9 30.0 40.2 44.5 29.9 33.1 37.0 43.9 50.2 52.5 67.3 78.6 83.8 83.0 89.0 101.3 120.7 128.2 133.0
-9999.0 -9999.0 -9999.0 -9999.0 -9999.0 -9999.0 -9999.0 -9999.0 -9999.0 -9999.0 -9999.0 -9999.0 -9999.0 -9999.0 -9999.0 -9999.0 -9999.0 -9999.0 -9999.0 -9999.0 -9999.0 -9999.0 -9999.0 -9999.0 -9999.0 94.9 43.3 22.7 16.0 18.2 6.5 3.7 3.3 5.1 4.9 15.3 39.5 15.9 35.5 26.6 50.4 28.0 22.6 24.6 92.0 156.1 124.2 209.9 81.0 89.3 111.7 95.8 108.4 88.6 29.5 17.1 23.3 14.7 34.3 35.8 41.8 47.6 92.0 26.0 31.7 39.8 45.9 38.7 43.2 54.8 66.5 71.4 69.4 84.8 102.4 124.0 129.4 129.8
-9999.0 -9999.0 -9999.0 -9999.0 -9999.0 -9999.0 -9999.0 -9999.0 -9999.0 -9999.0 -9999.0 -9999.0 -9999.0 -9999.0 -9999.0 -9999.0 -9999.0 -9999.0 -9999.0 -9999.0 -9999.0 -9999.0 -9999.0 -9999.0 -9999.0 -9999.0 -9999.0 170.4 150.0 57.1 35.1 23.0 19.3 14.8 14.5 21.8 14.5 16.3 12.3 22.6 37.6 15.6 30.9 81.9 107.0 146.9 185.7 203.9 213.6 131.3 184.2 176.3 103.1 80.9 55.0 42.4 17.5 14.1 28.9 24.8 19.5 46.8 34.1 35.7 45.2 38.0 38.1 34.3 35.8 44.9 51.7 57.5 49.8 66.1 78.5 95.2 109.5 113.9
-9999.0 -9999.0 -9999.0 -9999.0 -9999.0 -9999.0 -9999.0 -9999.0 -9999.0 -9999.0 -9999.0 -9999.0 -9999.0 -9999.0 -9999.0 -9999.0 -9999.0 -9999.0 -9999.0 -9999.0 -9999.0 -9999.0 -9999.0 -9999.0 -9999.0 -9999.0 -9999.0 -9999.0 -9999.0 -9999.0 -9999.0 -9999.0 -9999.0 58.8 26.3 -9999.0 -9999.0 -9999.0 29.0 21.4 22.1 31.9 29.1 91.9 127.5 141.1 -9999.0 -9999.0 -9999.0 -9999.0 -9999.0 -9999.0 131.1 105.6 66.8 34.0 19.2 11.4 13.4 10.5 16.6 33.8 29.4 32.1 33.6 33.4 31.0 29.4 33.8 39.5 41.4 46.7 55.3 50.7 70.4 71.2 100.1 97.7
-9999.0 -9999.0 -9999.0 -9999.0 -9999.0 -9999.0 -9999.0 -9999.0 -9999.0 -9999.0 -9999.0 -9999.0 -9999.0 -9999.0 -9999.0 -9999.0 -9999.0 -9999.0 -9999.0 -9999.0 -9999.0 -9999.0 -9999.0 -9999.0 -9999.0 -9999.0 -9999.0 -9999.0 -9999.0 -9999.0 -9999.0 -9999.0 -9999.0 -9999.0 -9999.0 -9999.0 -9999.0 -9999.0 -9999.0 99.7 92.3 93.5 97.9 102.7 -9999.0 -9999.0 -9999.0 -9999.0 -9999.0 -9999.0 -9999.0 -9999.0 117.6 107.8 60.7 25.0 9.3 4.3 2.3 2.4 5.2 16.1 25.5 24.7 35.3 38.1 37.4 36.9 42.1 43.5 45.7 53.9 57.0 75.7 70.4 81.8 97.7 105.3
-9999.0 -9999.0 -9999.0 -9999.0 -9999.0 -9999.0 -9999.0 -9999.0 -9999.0 -9999.0 -9999.0 -9999.0 -9999.0 -9999.0 -9999.0 -9999.0 -9999.0 -9999.0 -9999.0 -9999.0 -9999.0 -9999.0 -9999.0 -9999.0 -9999.0 -9999.0 -9999.0 -9999.0 -9999.0 -9999.0 -9999.0 -9999.0 -9999.0 -9999.0 -9999.0 -9999.0 -9999.0 -9999.0 -9999.0 -9999.0 -9999.0 -9999.0 -9999.0 -9999.0 -9999.0 -9999.0 -9999.0 -9999.0 -9999.0 -9999.0 -9999.0 -9999.0 78.6 96.9 45.5 33.9 5.8 2.4 1.6 2.4 3.6 9.2 46.4 19.2 26.9 31.5 38.6 48.6 57.2 57.1 57.9 70.4 98.4 103.7 118.9 126.0 133.5 134.7
-9999.0 -9999.0 -9999.0 -9999.0 -9999.0 -9999.0 -9999.0 -9999.0 -9999.0 -9999.0 -9999.0 -9999.0 -9999.0 -9999.0 -9999.0 -9999.0 -9999.0 -9999.0 -9999.0 -9999.0 -9999.0 -9999.0 -9999.0 -9999.0 -9999.0 -9999.0 -9999.0 -9999.0 -9999.0 -9999.0 -9999.0 -9999.0 -9999.0 -9999.0 -9999.0 -9999.0 -9999.0 -9999.0 -9999.0 -9999.0 -9999.0 -9999.0 -9999.0 -9999.0 -9999.0 -9999.0 -9999.0 -9999.0 -9999.0 -9999.0 -9999.0 47.9 51.4 68.1 17.3 13.0 6.5 7.9 5.2 2.6 9.5 11.7 14.3 17.8 23.0 29.4 35.0 31.6 56.2 58.2 62.7 73.9 81.1 97.7 134.2 166.8 165.9 172.4
-9999.0 -9999.0 -9999.0 -9999.0 -9999.0 -9999.0 -9999.0 -9999.0 -9999.0 -9999.0 -9999.0 -9999.0 -9999.0 -9999.0 -9999.0 -9999.0 -9999.0 -9999.0 -9999.0 -9999.0 -9999.0 -9999.0 -9999.0 -9999.0 -9999.0 -9999.0 -9999.0 -9999.0 -9999.0 -9999.0 -9999.0 -9999.0 -9999.0 -9999.0 -9999.0 -9999.0 -9999.0 -9999.0 -9999.0 -9999.0 -9999.0 -9999.0 -9999.0 -9999.0 -9999.0 -9999.0 -9999.0 -9999.0 -9999.0 -9999.0 28.6 40.4 46.9 46.9 20.7 19.1 12.7 11.7 12.8 13.4 10.6 14.0 17.4 22.1 25.8 27.7 32.1 26.0 41.3 38.8 50.9 51.3 62.3 90.2 120.4 144.8 170.9 141.2
-9999.0 -9999.0 -9999.0 -9999.0 -9999.0 -9999.0 -9999.0 -9999.0 -9999.0 -9999.0 -9999.0 -9999.0 -9999.0 -9999.0 -9999.0 -9999.0 -9999.0 -9999.0 -9999.0 -9999.0 -9999.0 -9999.0 -9999.0 -9999.0 -9999.0 -9999.0 -9999.0 -9999.0 -9999.0 -9999.0 -9999.0 -9999.0 -9999.0 -9999.0 -9999.0 -9999.0 -9999.0 -9999.0 -9999.0 -9999.0 -9999.0 -9999.0 -9999.0 -9999.0 -9999.0 -9999.0 -9999.0 -9999.0 -9999.0 -9999.0 16.6 46.7 20.1 36.8 34.7 25.7 14.3 30.1 26.9 16.8 11.5 15.1 20.3 26.3 30.4 24.5 25.9 18.4 24.7 28.9 39.1 47.6 57.2 69.4 85.4 100.5 107.5 106.1
-9999.0 -9999.0 -9999.0 -9999.0 -9999.0 -9999.0 -9999.0 -9999.0 -9999.0 -9999.0 -9999.0 -9999.0 -9999.0 -9999.0 -9999.0 -9999.0 -9999.0 -9999.0 -9999.0 -9999.0 -9999.0 -9999.0 -9999.0 -9999.0 -9999.0 -9999.0 -9999.0 -9999.0 -9999.0 -9999.0 -9999.0 -9999.0 -9999.0 -9999.0 -9999.0 -9999.0 -9999.0 -9999.0 -9999.0 -9999.0 -9999.0 -9999.0 -9999.0 -9999.0 -9999.0 -9999.0 -9999.0 -9999.0 -9999.0 -9999.0 12.8 15.5 13.2 50.5 24.7 23.2 44.9 33.8 33.7 10.8 14.3 19.4 22.9 25.1 36.3 38.9 33.3 28.1 29.4 41.2 43.5 67.7 70.5 78.5 76.5 79.3 89.3 94.9
-9999.0 -9999.0 -9999.0 -9999.0 -9999.0 -9999.0 -9999.0 -9999.0 -9999.0 -9999.0 -9999.0 -9999.0 -9999.0 -9999.0 -9999.0 -9999.0 -9999.0 -9999.0 -9999.0 -9999.0 -9999.0 -9999.0 -9999.0 -9999.0 -9999.0 -9999.0 -9999.0 -9999.0 -9999.0 -9999.0 -9999.0 -9999.0 -9999.0 -9999.0 -9999.0 -9999.0 -9999.0 -9999.0 -9999.0 -9999.0 -9999.0 -9999.0 -9999.0 -9999.0 -9999.0 -9999.0 -9999.0 -9999.0 -9999.0 -9999.0 17.8 30.0 24.3 30.4 27.3 37.7 12.8 28.5 25.3 11.2 23.5 26.1 21.2 34.3 51.1 59.7 65.7 56.3 59.2 42.6 55.2 72.4 88.9 86.3 79.4 81.9 91.2 102.7
-9999.0 -9999.0 -9999.0 -9999.0 -9999.0 -9999.0 -9999.0 -9999.0 -9999.0 -9999.0 -9999.0 -9999.0 -9999.0 -9999.0 -9999.0 -9999.0 -9999.0 -9999.0 -9999.0 -9999.0 -9999.0 -9999.0 -9999.0 -9999.0 -9999.0 -9999.0 -9999.0 -9999.0 -9999.0 -9999.0 -9999.0 -9999.0 -9999.0 -9999.0 -9999.0 -9999.0 -9999.0 -9999.0 -9999.0 -9999.0 -9999.0 -9999.0 -9999.0 -9999.0 -9999.0 -9999.0 -9999.0 -9999.0 -9999.0 -9999.0 -9999.0 -9999.0 -9999.0 16.8 12.3 11.5 17.7 27.1 14.6 20.8 81.3 56.7 79.5 73.5 78.0 79.9 90.7 66.0 68.7 61.0 55.5 59.2 63.0 66.8 75.7 81.7 95.5 111.6
-9999.0 -9999.0 -9999.0 -9999.0 -9999.0 -9999.0 -9999.0 -9999.0 -9999.0 -9999.0 -9999.0 -9999.0 -9999.0 -9999.0 -9999.0 -9999.0 -9999.0 -9999.0 -9999.0 -9999.0 -9999.0 -9999.0 -9999.0 -9999.0 -9999.0 -9999.0 -9999.0 -9999.0 -9999.0 -9999.0 -9999.0 -9999.0 -9999.0 -9999.0 -9999.0 -9999.0 -9999.0 -9999.0 -9999.0 -9999.0 -9999.0 -9999.0 -9999.0 -9999.0 -9999.0 -9999.0 -9999.0 -9999.0 -9999.0 -9999.0 -9999.0 -9999.0 -9999.0 17.5 13.2 27.9 16.7 20.9 30.3 69.5 80.2 114.4 166.3 130.4 115.0 100.5 69.0 91.4 56.2 48.0 40.2 38.8 39.2 49.1 65.1 73.0 84.8 118.0
-9999.0 -9999.0 -9999.0 -9999.0 -9999.0 -9999.0 -9999.0 -9999.0 -9999.0 -9999.0 -9999.0 -9999.0 -9999.0 -9999.0 -9999.0 -9999.0 -9999.0 -9999.0 -9999.0 -9999.0 -9999.0 -9999.0 -9999.0 -9999.0 -9999.0 -9999.0 -9999.0 -9999.0 -9999.0 -9999.0 -9999.0 -9999.0 -9999.0 -9999.0 -9999.0 -9999.0 -9999.0 -9999.0 -9999.0 -9999.0 -9999.0 -9999.0 -9999.0 -9999.0 -9999.0 -9999.0 -9999.0 -9999.0 -9999.0 -9999.0 -9999.0 -9999.0 -9999.0 21.4 19.0 20.1 21.6 29.2 42.9 63.7 123.6 178.3 240.3 233.4 129.6 -9999.0 -9999.0 -9999.0 60.9 37.2 34.4 38.2 43.5 50.6 51.7 54.7 63.6 104.1
-9999.0 -9999.0 -9999.0 -9999.0 -9999.0 -9999.0 -9999.0 -9999.0 -9999.0 -9999.0 -9999.0 -9999.0 -9999.0 -9999.0 -9999.0 -9999.0 -9999.0 -9999.0 -9999.0 -9999.0 -9999.0 -9999.0 -9999.0 -9999.0 -9999.0 -9999.0 -9999.0 -9999.0 -9999.0 -9999.0 -9999.0 -9999.0 -9999.0 -9999.0 -9999.0 -9999.0 -9999.0 -9999.0 -9999.0 -9999.0 -9999.0 -9999.0 -9999.0 -9999.0 -9999.0 -9999.0 -9999.0 -9999.0 -9999.0 -9999.0 -9999.0 -9999.0 -9999.0 -9999.0 23.7 22.8 26.0 37.4 53.6 94.3 120.2 -9999.0 -9999.0 -9999.0 -9999.0 -9999.0 -9999.0 -9999.0 49.4 43.1 48.8 40.8 45.3 45.1 35.1 33.3 46.7 72.7
-9999.0 -9999.0 -9999.0 -9999.0 -9999.0 -9999.0 -9999.0 -9999.0 -9999.0 -9999.0 -9999.0 -9999.0 -9999.0 -9999.0 -9999.0 -9999.0 -9999.0 -9999.0 -9999.0 -9999.0 -9999.0 -9999.0 -9999.0 -9999.0 -9999.0 -9999.0 -9999.0 -9999.0 -9999.0 -9999.0 -9999.0 -9999.0 -9999.0 -9999.0 -9999.0 -9999.0 -9999.0 -9999.0 -9999.0 -9999.0 -9999.0 -9999.0 -9999.0 -9999.0 -9999.0 -9999.0 -9999.0 -9999.0 -9999.0 -9999.0 -9999.0 -9999.0 -9999.0 -9999.0 -9999.0 26.6 34.7 40.4 58.4 91.4 132.2 -9999.0 -9999.0 -9999.0 -9999.0 -9999.0 -9999.0 -9999.0 -9999.0 -9999.0 44.9 -9999.0 -9999.0 -9999.0 -9999.0 -9999.0 43.3 -9999.0
-9999.0 -9999.0 -9999.0 -9999.0 -9999.0 -9999.0 -9999.0 -9999.0 -9999.0 -9999.0 -9999.0 -9999.0 -9999.0 -9999.0 -9999.0 -9999.0 -9999.0 -9999.0 -9999.0 -9999.0 -9999.0 -9999.0 -9999.0 -9999.0 -9999.0 -9999.0 -9999.0 -9999.0 -9999.0 -9999.0 -9999.0 -9999.0 -9999.0 -9999.0 -9999.0 -9999.0 -9999.0 -9999.0 -9999.0 -9999.0 -9999.0 -9999.0 -9999.0 -9999.0 -9999.0 -9999.0 -9999.0 -9999.0 -9999.0 -9999.0 -9999.0 -9999.0 -9999.0 -9999.0 -9999.0 -9999.0 -9999.0 -9999.0 66.0 91.3 -9999.0 -9999.0 -9999.0 -9999.0 -9999.0 -9999.0 -9999.0 -9999.0 -9999.0 -9999.0 -9999.0 -9999.0 -9999.0 -9999.0 -9999.0 40.0 55.1 -9999.0
-9999.0 -9999.0 -9999.0 -9999.0 -9999.0 -9999.0 -9999.0 -9999.0 -9999.0 -9999.0 -9999.0 -9999.0 -9999.0 -9999.0 -9999.0 -9999.0 -9999.0 -9999.0 -9999.0 -9999.0 -9999.0 -9999.0 -9999.0 -9999.0 -9999.0 -9999.0 -9999.0 -9999.0 -9999.0 -9999.0 -9999.0 -9999.0 -9999.0 -9999.0 -9999.0 -9999.0 -9999.0 -9999.0 -9999.0 -9999.0 -9999.0 -9999.0 -9999.0 -9999.0 -9999.0 -9999.0 -9999.0 -9999.0 -9999.0 -9999.0 -9999.0 -9999.0 -9999.0 -9999.0 -9999.0 -9999.0 -9999.0 -9999.0 -9999.0 -9999.0 -9999.0 -9999.0 -9999.0 -9999.0 -9999.0 -9999.0 -9999.0 -9999.0 -9999.0 -9999.0 -9999.0 -9999.0 -9999.0 -9999.0 -9999.0 -9999.0 -9999.0 -9999.0
