program/excelProcessViaJava/data/SURF_CLI_CHN_PRE_MON_GRID_0.5-200804.txt
NCOLS      128
NROWS       72
XLLCORNER    72.000000000000    
YLLCORNER    18.000000000000    
CELLSIZE    0.50000000000000    
NODATA_VALUE   -9999.000    
[rows 34 to 67 of 72, columns 0 to 77 of 128]
-9999.0 -9999.0 -9999.0 -9999.0 0.2 0.2 0.0 0.2 0.0 0.0 0.3 0.0 0.1 0.1 0.4 0.4 0.3 0.3 0.3 0.3 0.3 0.3 0.2 0.1 0.0 0.0 0.0 0.1 0.2 0.3 0.5 0.9 1.2 1.6 2.0 1.9 2.6 3.4 2.1 1.0 2.0 0.5 0.4 0.4 0.4 0.4 0.3 0.3 0.3 0.5 1.2 3.6 9.9 10.2 9.1 10.0 12.0 17.7 26.8 34.8 29.9 28.5 24.1 19.0 14.8 14.6 17.8 16.3 14.6 16.0 13.0 14.5 16.2 18.4 22.1 29.8 37.6 51.6
-9999.0 -9999.0 -9999.0 -9999.0 -9999.0 -9999.0 -9999.0 0.1 0.0 0.1 0.0 0.0 0.0 0.0 0.0 0.4 0.2 0.3 0.3 0.1 0.0 0.0 0.0 0.0 0.0 0.0 0.0 0.1 0.2 0.3 0.5 0.8 1.3 1.8 2.4 2.5 3.4 3.3 4.5 4.8 2.2 5.2 4.3 2.4 1.4 0.9 0.8 0.6 0.8 0.9 1.6 4.0 7.7 8.8 9.1 6.7 8.1 13.6 21.9 31.9 25.6 33.1 34.5 27.9 19.8 15.0 18.6 23.2 18.7 15.9 13.3 15.7 20.1 23.9 26.8 31.6 33.4 42.4
-9999.0 -9999.0 -9999.0 -9999.0 -9999.0 -9999.0 -9999.0 0.0 0.1 0.0 0.0 0.0 0.0 0.0 0.0 0.0 0.0 0.0 0.0 0.0 0.0 0.0 0.0 0.0 0.0 0.0 0.1 0.1 0.2 0.3 0.5 0.8 1.3 1.8 2.3 2.8 3.1 4.0 4.3 4.3 4.6 4.6 4.7 5.9 3.0 1.9 1.8 1.7 2.7 2.8 4.9 5.6 6.6 7.0 7.7 6.6 9.0 14.9 20.3 21.6 25.0 37.0 52.3 43.4 23.7 15.8 16.7 20.3 21.5 13.3 13.0 16.9 22.9 28.7 30.9 35.3 36.8 34.6
-9999.0 -9999.0 -9999.0 -9999.0 -9999.0 -9999.0 -9999.0 -9999.0 -9999.0 0.0 0.0 0.0 0.0 0.0 0.0 0.0 0.0 0.0 0.0 0.0 0.0 0.0 0.0 0.0 0.0 0.1 0.1 0.1 0.2 0.3 0.6 0.9 1.3 1.9 2.3 2.8 3.2 3.9 4.1 4.7 4.6 5.2 4.9 4.3 4.4 3.9 3.5 3.1 3.3 3.8 4.8 5.3 5.8 6.5 7.9 8.0 11.2 17.0 20.8 21.1 19.4 20.8 29.9 49.9 32.7 18.9 15.0 16.1 18.3 15.3 16.9 21.9 27.6 33.4 37.8 35.3 31.2 29.5
-9999.0 -9999.0 -9999.0 -9999.0 -9999.0 -9999.0 -9999.0 -9999.0 -9999.0 -9999.0 -9999.0 0.0 0.1 0.0 0.0 0.0 0.0 0.0 0.0 0.0 0.0 0.0 0.0 0.0 0.0 0.0 0.1 0.1 0.2 0.3 0.6 0.8 1.4 1.9 2.5 3.3 3.5 4.0 5.8 4.8 5.6 5.1 4.8 4.6 5.9 4.7 5.6 4.6 5.1 5.3 5.4 6.2 7.2 8.7 10.5 11.5 14.1 19.3 23.3 22.1 18.5 20.6 34.7 46.8 34.8 22.8 16.0 16.1 17.0 17.9 22.6 29.7 35.0 38.8 42.6 40.3 34.5 36.9
-9999.0 -9999.0 -9999.0 -9999.0 -9999.0 -9999.0 -9999.0 -9999.0 -9999.0 -9999.0 -9999.0 -9999.0 0.1 0.1 0.0 0.0 0.0 0.0 0.0 0.0 0.0 0.0 0.0 0.1 0.0 0.1 0.1 0.1 0.2 0.2 0.5 0.9 1.4 1.9 2.6 3.2 4.4 4.3 4.2 4.1 4.1 4.3 4.6 5.5 5.8 6.4 7.1 6.2 6.7 7.4 9.5 10.5 11.3 12.6 14.7 16.7 19.4 22.8 27.2 25.1 20.8 17.9 19.9 31.1 41.8 30.4 21.4 19.7 19.9 20.4 32.0 39.8 39.9 42.6 45.8 54.2 48.7 57.1
-9999.0 -9999.0 -9999.0 -9999.0 -9999.0 -9999.0 -9999.0 -9999.0 -9999.0 -9999.0 -9999.0 -9999.0 0.0 0.2 0.3 0.0 0.2 0.1 0.0 0.0 0.0 0.0 0.0 0.1 0.2 0.1 0.2 0.3 0.3 0.5 0.5 0.7 1.3 1.9 2.5 3.2 4.2 4.8 4.8 4.4 3.8 3.9 5.4 5.2 7.0 8.8 8.9 9.3 9.1 10.8 12.3 15.3 16.6 18.8 19.8 21.9 25.0 29.0 32.8 30.3 25.7 22.7 22.9 27.0 48.0 39.7 25.7 26.1 29.1 29.8 29.2 34.7 42.6 48.2 50.7 52.4 56.3 77.7
-9999.0 -9999.0 -9999.0 -9999.0 -9999.0 -9999.0 -9999.0 -9999.0 -9999.0 -9999.0 -9999.0 -9999.0 -9999.0 0.2 0.0 0.3 0.1 0.2 0.2 0.2 0.1 0.2 0.1 0.2 0.2 0.1 0.1 0.1 0.2 0.3 0.6 0.9 1.1 1.6 2.4 3.0 3.7 4.5 6.9 5.5 4.8 5.2 5.3 7.4 7.8 9.5 12.2 14.2 15.5 16.5 18.2 19.9 21.8 24.2 23.1 23.0 25.5 29.8 32.8 36.3 34.9 31.9 33.7 45.4 43.2 41.4 37.0 32.1 36.6 44.2 54.9 54.6 54.1 55.1 60.0 59.1 63.4 70.4
-9999.0 -9999.0 -9999.0 -9999.0 -9999.0 -9999.0 -9999.0 -9999.0 -9999.0 -9999.0 -9999.0 -9999.0 0.4 0.1 0.2 0.4 0.1 0.2 0.2 0.4 0.4 0.3 0.3 0.3 0.4 0.1 0.2 0.2 0.3 0.3 0.4 0.9 0.9 1.6 2.2 2.8 4.0 4.2 4.4 4.7 7.1 9.2 10.9 7.1 9.5 12.0 14.5 17.2 19.5 21.1 23.9 26.5 25.3 24.7 21.4 19.5 21.0 24.7 31.6 36.8 43.6 49.6 51.8 58.8 58.6 48.7 23.8 33.8 49.2 57.8 63.7 66.3 59.9 51.1 49.5 52.7 55.5 58.8
-9999.0 -9999.0 -9999.0 -9999.0 -9999.0 -9999.0 -9999.0 -9999.0 -9999.0 -9999.0 -9999.0 -9999.0 0.5 1.6 1.0 0.1 0.2 0.7 0.7 0.3 0.8 0.4 0.4 0.5 0.7 0.7 0.5 0.4 0.3 0.4 0.5 0.7 0.7 1.5 2.0 2.6 3.3 4.3 4.8 4.2 4.9 5.4 6.9 9.0 11.2 14.0 17.8 19.9 22.5 24.3 24.1 25.9 23.1 20.3 18.0 15.3 14.9 19.9 25.7 41.6 56.7 70.8 65.1 63.3 62.5 32.3 41.4 51.6 83.1 104.7 102.7 89.2 78.0 84.1 89.1 68.4 57.8 54.0
-9999.0 -9999.0 -9999.0 -9999.0 -9999.0 -9999.0 -9999.0 -9999.0 -9999.0 -9999.0 -9999.0 -9999.0 3.9 1.6 2.9 2.0 1.8 0.4 0.9 0.8 0.3 0.3 0.8 0.4 0.6 0.2 0.3 0.1 0.3 0.3 0.4 0.3 0.8 1.3 1.7 2.3 3.3 4.8 5.5 7.1 7.1 7.5 14.8 10.7 14.9 19.4 21.3 20.4 23.0 24.6 23.8 21.2 27.0 26.5 20.1 16.5 15.2 20.3 30.8 38.0 56.1 75.8 110.9 76.0 48.0 51.7 57.2 80.3 114.0 140.0 136.0 120.6 113.7 123.3 136.5 111.5 106.6 67.2
-9999.0 -9999.0 -9999.0 -9999.0 -9999.0 -9999.0 -9999.0 -9999.0 -9999.0 -9999.0 -9999.0 -9999.0 -9999.0 2.1 2.2 3.9 3.0 3.1 1.6 1.1 0.3 1.3 0.7 0.4 1.2 0.6 0.4 0.4 0.2 0.3 0.1 0.3 0.4 0.9 1.4 2.6 4.5 6.2 8.9 10.0 12.1 23.4 29.1 26.9 21.1 21.1 23.1 20.7 23.4 23.1 20.7 22.4 20.2 18.3 22.3 22.9 19.2 21.5 35.4 65.5 81.7 129.6 128.6 64.5 60.2 60.1 69.7 97.0 132.7 150.0 147.2 131.6 135.5 114.0 147.9 140.2 132.9 116.1
-9999.0 -9999.0 -9999.0 -9999.0 -9999.0 -9999.0 -9999.0 -9999.0 -9999.0 -9999.0 -9999.0 -9999.0 -9999.0 11.8 5.7 7.4 4.0 6.3 5.5 4.2 1.6 1.5 1.2 1.4 3.5 1.4 0.5 0.5 0.2 0.0 0.0 0.1 0.3 0.5 1.2 2.7 4.8 8.7 14.9 26.4 24.3 31.4 37.0 38.2 44.7 32.1 28.9 25.1 23.7 21.7 21.3 16.8 19.5 24.4 29.0 28.1 26.0 30.4 49.0 44.5 98.8 83.9 66.7 60.6 49.7 45.3 52.5 80.7 114.9 133.6 129.8 119.8 118.4 137.1 163.1 185.4 176.2 169.1
-9999.0 -9999.0 -9999.0 -9999.0 -9999.0 -9999.0 -9999.0 -9999.0 -9999.0 -9999.0 -9999.0 -9999.0 -9999.0 -9999.0 -9999.0 13.2 13.1 10.5 11.1 12.1 6.6 8.3 7.9 5.7 3.3 2.1 0.3 0.2 0.0 0.1 0.0 0.0 0.1 0.3 0.9 3.9 9.4 9.1 18.0 26.7 40.5 48.8 50.6 48.1 40.5 43.7 37.6 40.7 28.9 29.5 19.6 26.8 19.5 22.8 25.2 30.6 35.9 23.8 66.6 96.6 69.6 76.5 86.7 57.7 35.1 29.2 33.6 57.4 87.9 102.6 99.1 90.6 118.1 132.7 136.1 182.1 191.4 182.9
-9999.0 -9999.0 -9999.0 -9999.0 -9999.0 -9999.0 -9999.0 -9999.0 -9999.0 -9999.0 -9999.0 -9999.0 -9999.0 -9999.0 -9999.0 -9999.0 -9999.0 41.6 34.9 -9999.0 30.9 16.3 21.4 18.2 8.2 5.6 0.9 0.4 0.2 0.0 0.0 0.0 0.1 0.2 0.4 2.0 11.8 5.0 19.6 30.3 41.7 58.7 54.8 50.5 60.3 60.2 152.4 48.4 44.5 32.2 41.8 22.3 34.1 26.9 32.4 37.8 33.5 59.1 74.2 103.9 61.4 92.8 106.9 77.6 46.8 37.6 42.5 60.5 80.2 85.7 76.6 101.7 110.7 92.7 109.8 147.1 163.2 161.6
-9999.0 -9999.0 -9999.0 -9999.0 -9999.0 -9999.0 -9999.0 -9999.0 -9999.0 -9999.0 -9999.0 -9999.0 -9999.0 -9999.0 -9999.0 -9999.0 -9999.0 -9999.0 -9999.0 -9999.0 -9999.0 41.9 31.7 17.8 19.0 23.2 13.1 5.1 0.8 0.3 0.0 0.2 0.2 0.2 0.3 1.9 4.0 7.5 9.5 6.7 9.4 60.3 65.8 59.7 67.0 64.3 215.3 84.1 60.7 104.3 40.0 47.7 42.9 27.7 32.0 44.6 51.8 48.5 101.4 97.7 58.7 82.8 115.4 103.7 82.9 70.2 78.0 87.5 91.9 86.1 77.9 89.8 86.7 76.0 73.9 94.6 128.3 126.6
-9999.0 -9999.0 -9999.0 -9999.0 -9999.0 -9999.0 -9999.0 -9999.0 -9999.0 -9999.0 -9999.0 -9999.0 -9999.0 -9999.0 -9999.0 -9999.0 -9999.0 -9999.0 -9999.0 -9999.0 -9999.0 -9999.0 -9999.0 94.0 50.8 42.5 29.2 13.5 2.6 0.9 0.2 0.2 0.9 1.1 4.1 6.8 16.3 12.2 33.2 48.7 49.9 70.0 46.2 40.6 74.0 201.9 146.7 136.7 166.5 165.3 80.9 58.4 48.2 40.7 29.8 13.7 43.0 69.1 30.3 90.7 52.3 78.5 91.3 76.2 76.4 89.8 103.8 107.0 106.2 91.5 91.3 83.4 83.2 83.3 79.1 88.7 117.3 141.5
-9999.0 -9999.0 -9999.0 -9999.0 -9999.0 -9999.0 -9999.0 -9999.0 -9999.0 -9999.0 -9999.0 -9999.0 -9999.0 -9999.0 -9999.0 -9999.0 -9999.0 -9999.0 -9999.0 -9999.0 -9999.0 -9999.0 -9999.0 -9999.0 -9999.0 132.6 80.4 18.2 10.5 7.1 2.5 2.1 2.6 4.8 5.4 18.5 47.0 24.6 54.4 40.8 77.2 44.9 26.8 48.6 134.8 209.1 229.7 309.1 123.1 169.6 95.3 83.7 74.8 61.9 28.3 20.2 36.5 31.8 67.4 71.6 68.8 70.5 138.9 54.5 61.4 81.1 93.9 95.1 99.2 92.6 75.0 67.9 71.8 72.3 72.8 79.3 98.1 127.7
-9999.0 -9999.0 -9999.0 -9999.0 -9999.0 -9999.0 -9999.0 -9999.0 -9999.0 -9999.0 -9999.0 -9999.0 -9999.0 -9999.0 -9999.0 -9999.0 -9999.0 -9999.0 -9999.0 -9999.0 -9999.0 -9999.0 -9999.0 -9999.0 -9999.0 -9999.0 -9999.0 128.7 103.8 45.1 26.0 17.9 17.7 13.1 20.4 7.6 20.7 22.9 8.9 31.9 61.2 23.8 42.4 100.4 150.6 206.8 255.0 296.7 328.8 271.2 313.1 266.6 98.4 70.8 42.9 36.4 16.8 13.8 43.9 29.3 19.7 53.5 35.3 38.1 48.1 52.3 69.1 78.5 74.9 65.4 54.3 52.1 45.6 54.3 57.7 64.0 82.7 99.2
-9999.0 -9999.0 -9999.0 -9999.0 -9999.0 -9999.0 -9999.0 -9999.0 -9999.0 -9999.0 -9999.0 -9999.0 -9999.0 -9999.0 -9999.0 -9999.0 -9999.0 -9999.0 -9999.0 -9999.0 -9999.0 -9999.0 -9999.0 -9999.0 -9999.0 -9999.0 -9999.0 -9999.0 -9999.0 -9999.0 -9999.0 -9999.0 -9999.0 32.5 36.0 -9999.0 -9999.0 -9999.0 14.5 27.8 24.1 38.1 56.6 110.4 151.3 194.9 -9999.0 -9999.0 -9999.0 -9999.0 -9999.0 -9999.0 152.5 84.2 52.7 25.2 14.3 7.9 10.1 10.1 19.0 35.9 27.1 28.6 33.7 42.4 49.9 55.9 59.9 54.3 48.1 46.4 52.0 52.7 59.3 57.6 81.9 82.2
-9999.0 -9999.0 -9999.0 -9999.0 -9999.0 -9999.0 -9999.0 -9999.0 -9999.0 -9999.0 -9999.0 -9999.0 -9999.0 -9999.0 -9999.0 -9999.0 -9999.0 -9999.0 -9999.0 -9999.0 -9999.0 -9999.0 -9999.0 -9999.0 -9999.0 -9999.0 -9999.0 -9999.0 -9999.0 -9999.0 -9999.0 -9999.0 -9999.0 -9999.0 -9999.0 -9999.0 -9999.0 -9999.0 -9999.0 34.1 44.3 60.0 82.0 110.6 -9999.0 -9999.0 -9999.0 -9999.0 -9999.0 -9999.0 -9999.0 -9999.0 144.4 95.5 46.6 19.9 9.5 5.0 3.4 5.5 12.5 23.9 28.9 26.2 31.4 38.9 47.6 59.1 62.0 59.0 58.6 61.4 66.5 78.5 71.3 76.4 93.1 99.1
-9999.0 -9999.0 -9999.0 -9999.0 -9999.0 -9999.0 -9999.0 -9999.0 -9999.0 -9999.0 -9999.0 -9999.0 -9999.0 -9999.0 -9999.0 -9999.0 -9999.0 -9999.0 -9999.0 -9999.0 -9999.0 -9999.0 -9999.0 -9999.0 -9999.0 -9999.0 -9999.0 -9999.0 -9999.0 -9999.0 -9999.0 -9999.0 -9999.0 -9999.0 -9999.0 -9999.0 -9999.0 -9999.0 -9999.0 -9999.0 -9999.0 -9999.0 -9999.0 -9999.0 -9999.0 -9999.0 -9999.0 -9999.0 -9999.0 -9999.0 -9999.0 -9999.0 120.1 103.6 42.1 28.6 8.9 4.4 2.9 5.5 9.7 19.8 54.4 28.4 30.4 34.6 48.0 66.3 70.6 70.2 75.9 82.6 93.6 102.4 109.5 111.6 130.5 135.7
-9999.0 -9999.0 -9999.0 -9999.0 -9999.0 -9999.0 -9999.0 -9999.0 -9999.0 -9999.0 -9999.0 -9999.0 -9999.0 -9999.0 -9999.0 -9999.0 -9999.0 -9999.0 -9999.0 -9999.0 -9999.0 -9999.0 -9999.0 -9999.0 -9999.0 -9999.0 -9999.0 -9999.0 -9999.0 -9999.0 -9999.0 -9999.0 -9999.0 -9999.0 -9999.0 -9999.0 -9999.0 -9999.0 -9999.0 -9999.0 -9999.0 -9999.0 -9999.0 -9999.0 -9999.0 -9999.0 -9999.0 -9999.0 -9999.0 -9999.0 -9999.0 142.9 120.8 100.4 28.2 19.4 10.7 7.6 4.0 1.7 16.9 24.6 27.7 31.6 30.0 30.0 43.2 66.1 79.7 88.5 92.2 92.0 98.8 110.8 125.8 133.9 146.9 140.8
-9999.0 -9999.0 -9999.0 -9999.0 -9999.0 -9999.0 -9999.0 -9999.0 -9999.0 -9999.0 -9999.0 -9999.0 -9999.0 -9999.0 -9999.0 -9999.0 -9999.0 -9999.0 -9999.0 -9999.0 -9999.0 -9999.0 -9999.0 -9999.0 -9999.0 -9999.0 -9999.0 -9999.0 -9999.0 -9999.0 -9999.0 -9999.0 -9999.0 -9999.0 -9999.0 -9999.0 -9999.0 -9999.0 -9999.0 -9999.0 -9999.0 -9999.0 -9999.0 -9999.0 -9999.0 -9999.0 -9999.0 -9999.0 -9999.0 -9999.0 105.0 177.0 147.8 105.7 45.8 29.9 15.5 9.4 6.1 9.7 13.4 27.5 28.2 33.9 33.7 32.1 39.3 62.5 91.3 99.6 88.9 79.1 90.6 111.1 126.4 133.5 115.4 133.6
-9999.0 -9999.0 -9999.0 -9999.0 -9999.0 -9999.0 -9999.0 -9999.0 -9999.0 -9999.0 -9999.0 -9999.0 -9999.0 -9999.0 -9999.0 -9999.0 -9999.0 -9999.0 -9999.0 -9999.0 -9999.0 -9999.0 -9999.0 -9999.0 -9999.0 -9999.0 -9999.0 -9999.0 -9999.0 -9999.0 -9999.0 -9999.0 -9999.0 -9999.0 -9999.0 -9999.0 -9999.0 -9999.0 -9999.0 -9999.0 -9999.0 -9999.0 -9999.0 -9999.0 -9999.0 -9999.0 -9999.0 -9999.0 -9999.0 -9999.0 87.5 228.7 96.4 112.0 76.0 39.9 23.7 17.3 13.6 14.3 19.5 25.1 27.0 33.0 35.2 26.3 32.9 52.6 87.7 89.8 78.6 71.4 83.1 98.2 104.5 101.2 106.7 99.9
-9999.0 -9999.0 -9999.0 -9999.0 -9999.0 -9999.0 -9999.0 -9999.0 -9999.0 -9999.0 -9999.0 -9999.0 -9999.0 -9999.0 -9999.0 -9999.0 -9999.0 -9999.0 -9999.0 -9999.0 -9999.0 -9999.0 -9999.0 -9999.0 -9999.0 -9999.0 -9999.0 -9999.0 -9999.0 -9999.0 -9999.0 -9999.0 -9999.0 -9999.0 -9999.0 -9999.0 -9999.0 -9999.0 -9999.0 -9999.0 -9999.0 -9999.0 -9999.0 -9999.0 -9999.0 -9999.0 -9999.0 -9999.0 -9999.0 -9999.0 63.4 109.6 62.7 166.2 60.8 38.2 41.7 24.3 24.2 32.4 33.7 37.0 37.5 36.4 34.1 26.5 27.4 45.0 66.8 94.4 76.5 87.5 78.4 91.2 89.5 101.7 123.8 114.6
-9999.0 -9999.0 -9999.0 -9999.0 -9999.0 -9999.0 -9999.0 -9999.0 -9999.0 -9999.0 -9999.0 -9999.0 -9999.0 -9999.0 -9999.0 -9999.0 -9999.0 -9999.0 -9999.0 -9999.0 -9999.0 -9999.0 -9999.0 -9999.0 -9999.0 -9999.0 -9999.0 -9999.0 -9999.0 -9999.0 -9999.0 -9999.0 -9999.0 -9999.0 -9999.0 -9999.0 -9999.0 -9999.0 -9999.0 -9999.0 -9999.0 -9999.0 -9999.0 -9999.0 -9999.0 -9999.0 -9999.0 -9999.0 -9999.0 -9999.0 155.4 216.5 135.3 136.5 94.7 75.8 22.6 29.1 34.0 42.6 48.0 53.4 59.7 52.4 43.1 35.2 41.2 55.1 83.7 60.4 78.4 76.6 75.9 78.3 80.6 120.3 152.8 151.1
-9999.0 -9999.0 -9999.0 -9999.0 -9999.0 -9999.0 -9999.0 -9999.0 -9999.0 -9999.0 -9999.0 -9999.0 -9999.0 -9999.0 -9999.0 -9999.0 -9999.0 -9999.0 -9999.0 -9999.0 -9999.0 -9999.0 -9999.0 -9999.0 -9999.0 -9999.0 -9999.0 -9999.0 -9999.0 -9999.0 -9999.0 -9999.0 -9999.0 -9999.0 -9999.0 -9999.0 -9999.0 -9999.0 -9999.0 -9999.0 -9999.0 -9999.0 -9999.0 -9999.0 -9999.0 -9999.0 -9999.0 -9999.0 -9999.0 -9999.0 -9999.0 -9999.0 -9999.0 114.3 87.5 55.9 39.2 37.9 34.8 46.8 80.3 75.2 97.8 87.5 64.0 50.7 61.3 64.1 87.3 93.6 83.8 66.9 53.0 50.1 71.6 124.3 179.5 175.4
-9999.0 -9999.0 -9999.0 -9999.0 -9999.0 -9999.0 -9999.0 -9999.0 -9999.0 -9999.0 -9999.0 -9999.0 -9999.0 -9999.0 -9999.0 -9999.0 -9999.0 -9999.0 -9999.0 -9999.0 -9999.0 -9999.0 -9999.0 -9999.0 -9999.0 -9999.0 -9999.0 -9999.0 -9999.0 -9999.0 -9999.0 -9999.0 -9999.0 -9999.0 -9999.0 -9999.0 -9999.0 -9999.0 -9999.0 -9999.0 -9999.0 -9999.0 -9999.0 -9999.0 -9999.0 -9999.0 -9999.0 -9999.0 -9999.0 -9999.0 -9999.0 -9999.0 -9999.0 141.2 89.3 145.2 50.7 35.1 46.0 78.7 83.6 108.0 159.0 124.8 100.1 80.9 67.6 98.7 90.3 94.6 77.0 53.2 38.6 36.3 59.1 138.9 182.1 189.7
-9999.0 -9999.0 -9999.0 -9999.0 -9999.0 -9999.0 -9999.0 -9999.0 -9999.0 -9999.0 -9999.0 -9999.0 -9999.0 -9999.0 -9999.0 -9999.0 -9999.0 -9999.0 -9999.0 -9999.0 -9999.0 -9999.0 -9999.0 -9999.0 -9999.0 -9999.0 -9999.0 -9999.0 -9999.0 -9999.0 -9999.0 -9999.0 -9999.0 -9999.0 -9999.0 -9999.0 -9999.0 -9999.0 -9999.0 -9999.0 -9999.0 -9999.0 -9999.0 -9999.0 -9999.0 -9999.0 -9999.0 -9999.0 -9999.0 -9999.0 -9999.0 -9999.0 -9999.0 170.3 70.6 123.6 85.8 60.7 68.8 82.9 127.7 161.8 215.3 207.3 115.3 -9999.0 -9999.0 -9999.0 116.3 91.5 73.1 53.8 36.0 32.4 60.5 144.3 172.6 167.4
-9999.0 -9999.0 -9999.0 -9999.0 -9999.0 -9999.0 -9999.0 -9999.0 -9999.0 -9999.0 -9999.0 -9999.0 -9999.0 -9999.0 -9999.0 -9999.0 -9999.0 -9999.0 -9999.0 -9999.0 -9999.0 -9999.0 -9999.0 -9999.0 -9999.0 -9999.0 -9999.0 -9999.0 -9999.0 -9999.0 -9999.0 -9999.0 -9999.0 -9999.0 -9999.0 -9999.0 -9999.0 -9999.0 -9999.0 -9999.0 -9999.0 -9999.0 -9999.0 -9999.0 -9999.0 -9999.0 -9999.0 -9999.0 -9999.0 -9999.0 -9999.0 -9999.0 -9999.0 -9999.0 169.0 140.3 83.5 70.9 108.0 146.9 118.7 -9999.0 -9999.0 -9999.0 -9999.0 -9999.0 -9999.0 -9999.0 94.5 94.9 94.1 42.7 25.0 27.9 48.2 92.3 131.4 123.6
-9999.0 -9999.0 -9999.0 -9999.0 -9999.0 -9999.0 -9999.0 -9999.0 -9999.0 -9999.0 -9999.0 -9999.0 -9999.0 -9999.0 -9999.0 -9999.0 -9999.0 -9999.0 -9999.0 -9999.0 -9999.0 -9999.0 -9999.0 -9999.0 -9999.0 -9999.0 -9999.0 -9999.0 -9999.0 -9999.0 -9999.0 -9999.0 -9999.0 -9999.0 -9999.0 -9999.0 -9999.0 -9999.0 -9999.0 -9999.0 -9999.0 -9999.0 -9999.0 -9999.0 -9999.0 -9999.0 -9999.0 -9999.0 -9999.0 -9999.0 -9999.0 -9999.0 -9999.0 -9999.0 -9999.0 157.6 227.9 135.7 113.4 151.5 156.7 -9999.0 -9999.0 -9999.0 -9999.0 -9999.0 -9999.0 -9999.0 -9999.0 -9999.0 50.3 -9999.0 -9999.0 -9999.0 -9999.0 -9999.0 81.4 -9999.0
-9999.0 -9999.0 -9999.0 -9999.0 -9999.0 -9999.0 -9999.0 -9999.0 -9999.0 -9999.0 -9999.0 -9999.0 -9999.0 -9999.0 -9999.0 -9999.0 -9999.0 -9999.0 -9999.0 -9999.0 -9999.0 -9999.0 -9999.0 -9999.0 -9999.0 -9999.0 -9999.0 -9999.0 -9999.0 -9999.0 -9999.0 -9999.0 -9999.0 -9999.0 -9999.0 -9999.0 -9999.0 -9999.0 -9999.0 -9999.0 -9999.0 -9999.0 -9999.0 -9999.0 -9999.0 -9999.0 -9999.0 -9999.0 -9999.0 -9999.0 -9999.0 -9999.0 -9999.0 -9999.0 -9999.0 -9999.0 -9999.0 -9999.0 174.7 147.2 -9999.0 -9999.0 -9999.0 -9999.0 -9999.0 -9999.0 -9999.0 -9999.0 -9999.0 -9999.0 -9999.0 -9999.0 -9999.0 -9999.0 -9999.0 36.7 57.1 -9999.0
-9999.0 -9999.0 -9999.0 -9999.0 -9999.0 -9999.0 -9999.0 -9999.0 -9999.0 -9999.0 -9999.0 -9999.0 -9999.0 -9999.0 -9999.0 -9999.0 -9999.0 -9999.0 -9999.0 -9999.0 -9999.0 -9999.0 -9999.0 -9999.0 -9999.0 -9999.0 -9999.0 -9999.0 -9999.0 -9999.0 -9999.0 -9999.0 -9999.0 -9999.0 -9999.0 -9999.0 -9999.0 -9999.0 -9999.0 -9999.0 -9999.0 -9999.0 -9999.0 -9999.0 -9999.0 -9999.0 -9999.0 -9999.0 -9999.0 -9999.0 -9999.0 -9999.0 -9999.0 -9999.0 -9999.0 -9999.0 -9999.0 -9999.0 -9999.0 -9999.0 -9999.0 -9999.0 -9999.0 -9999.0 -9999.0 -9999.0 -9999.0 -9999.0 -9999.0 -9999.0 -9999.0 -9999.0 -9999.0 -9999.0 -9999.0 -9999.0 -9999.0 -9999.0
