program/excelProcessViaJava/data/SURF_CLI_CHN_PRE_MON_GRID_0.5-199511.txt
NCOLS      128
NROWS       72
XLLCORNER    72.000000000000    
YLLCORNER    18.000000000000    
CELLSIZE    0.50000000000000    
NODATA_VALUE   -9999.000    
[rows 35 to 69 of 72, columns 0 to 79 of 128]
-9999.0 -9999.0 -9999.0 -9999.0 -9999.0 -9999.0 -9999.0 0.0 0.0 0.0 0.0 0.0 0.0 0.0 0.0 0.0 0.0 0.0 0.0 0.0 0.0 0.0 0.0 0.0 0.0 0.0 0.0 0.0 0.0 0.0 0.1 0.2 0.4 0.7 0.9 1.1 1.2 1.1 1.2 1.1 0.5 1.1 0.9 0.5 0.3 0.2 0.2 0.2 0.3 0.4 0.9 1.4 1.2 2.4 1.3 0.1 0.1 0.5 3.6 4.4 6.0 2.4 0.9 0.7 0.9 0.2 0.5 1.1 0.7 0.9 0.5 0.9 2.7 4.1 3.8 3.7 3.9 3.9 4.0 3.8
-9999.0 -9999.0 -9999.0 -9999.0 -9999.0 -9999.0 -9999.0 0.0 0.0 0.0 0.0 0.0 0.0 0.0 0.0 0.0 0.0 0.0 0.0 0.0 0.0 0.0 0.0 0.0 0.0 0.0 0.0 0.0 0.1 0.2 0.4 0.7 1.2 1.5 1.9 2.1 2.0 2.0 1.8 1.5 1.4 1.2 1.3 2.2 1.1 0.7 1.0 1.3 3.0 2.9 5.5 4.8 2.7 2.3 2.9 0.6 0.7 1.8 4.2 5.8 4.9 4.0 2.0 1.9 1.3 0.8 0.9 1.2 2.7 0.6 0.9 1.9 4.3 5.8 4.8 4.9 4.6 4.8 5.5 3.0
-9999.0 -9999.0 -9999.0 -9999.0 -9999.0 -9999.0 -9999.0 -9999.0 -9999.0 0.0 0.0 0.0 0.0 0.0 0.0 0.0 0.0 0.0 0.0 0.0 0.0 0.0 0.0 0.0 0.0 0.0 0.1 0.1 0.3 0.6 1.2 1.7 2.3 2.9 3.3 3.4 3.3 3.1 2.6 2.4 2.0 2.0 1.9 1.9 2.5 2.9 3.4 3.9 4.8 5.6 6.9 6.0 4.7 3.3 4.0 1.5 1.4 2.6 5.2 5.8 5.2 5.8 6.4 3.1 3.6 2.5 2.3 2.9 5.2 2.2 2.4 3.1 5.3 6.9 6.9 6.3 6.0 5.7 4.2 1.5
-9999.0 -9999.0 -9999.0 -9999.0 -9999.0 -9999.0 -9999.0 -9999.0 -9999.0 -9999.0 -9999.0 0.0 0.0 0.0 0.0 0.0 0.0 0.0 0.0 0.0 0.0 0.0 0.0 0.0 0.0 0.1 0.2 0.4 0.7 1.3 2.0 2.8 3.8 4.6 5.1 5.4 5.0 4.6 4.8 3.6 3.5 3.0 2.9 3.1 4.8 4.5 7.1 6.6 8.0 8.1 6.9 6.7 6.0 5.7 5.7 3.4 2.3 4.1 5.8 6.7 7.9 6.3 6.6 7.1 8.4 4.0 3.3 5.4 6.5 5.6 4.0 4.2 5.1 6.7 9.1 8.0 6.6 4.9 3.0 0.9
-9999.0 -9999.0 -9999.0 -9999.0 -9999.0 -9999.0 -9999.0 -9999.0 -9999.0 -9999.0 -9999.0 -9999.0 0.0 0.0 0.0 0.0 0.0 0.0 0.0 0.0 0.0 0.0 0.1 0.1 0.1 0.3 0.6 0.8 1.3 1.9 3.0 4.2 5.4 6.5 7.3 7.5 7.7 6.5 5.5 4.6 4.1 4.1 4.4 5.5 6.3 7.7 9.5 8.5 9.2 9.2 10.9 9.6 7.3 5.8 5.6 5.2 5.0 7.2 6.2 10.7 10.2 11.7 11.5 10.2 8.7 11.6 6.0 7.6 8.2 7.7 3.5 3.8 5.8 7.9 6.6 8.6 4.9 4.1 2.1 3.2
-9999.0 -9999.0 -9999.0 -9999.0 -9999.0 -9999.0 -9999.0 -9999.0 -9999.0 -9999.0 -9999.0 -9999.0 0.0 0.1 0.1 0.0 0.0 0.0 0.0 0.0 0.1 0.1 0.2 0.4 0.7 0.8 1.1 1.6 2.0 2.9 3.9 5.3 7.0 8.5 9.6 9.9 9.9 9.1 7.7 6.5 5.6 5.5 7.0 7.3 9.6 12.1 12.0 11.6 9.0 9.8 8.4 8.7 7.0 7.9 6.4 7.0 6.2 8.0 8.9 10.7 11.1 10.8 12.9 14.5 8.1 9.8 2.6 3.2 4.0 5.0 6.4 9.0 8.7 3.6 3.6 3.3 3.0 4.5 3.2 1.8
-9999.0 -9999.0 -9999.0 -9999.0 -9999.0 -9999.0 -9999.0 -9999.0 -9999.0 -9999.0 -9999.0 -9999.0 -9999.0 0.2 0.1 0.2 0.1 0.2 0.3 0.3 0.4 0.6 0.6 1.1 1.3 1.2 1.4 1.7 2.3 3.2 4.6 6.3 8.3 10.3 11.7 12.2 11.8 10.9 11.4 8.9 7.9 8.2 8.8 11.4 12.8 14.7 16.9 17.6 16.0 12.4 9.5 6.9 7.2 11.4 10.4 9.9 9.3 10.8 14.7 15.7 16.4 14.1 14.5 8.9 5.0 5.7 5.9 3.4 4.0 3.9 4.6 4.5 3.2 3.0 3.5 2.5 2.1 1.8 1.4 0.7
-9999.0 -9999.0 -9999.0 -9999.0 -9999.0 -9999.0 -9999.0 -9999.0 -9999.0 -9999.0 -9999.0 -9999.0 1.3 0.9 0.8 0.9 0.6 0.7 0.8 1.3 1.5 1.8 1.9 2.2 2.4 2.0 2.1 2.3 2.6 3.3 4.6 6.5 8.9 11.4 13.5 14.3 14.3 12.2 10.4 9.3 10.5 11.8 13.4 12.6 16.2 19.6 21.7 21.3 18.3 13.4 11.4 11.1 8.5 10.6 11.6 12.4 12.9 13.0 15.3 16.6 18.8 20.4 17.3 17.7 11.3 7.8 2.1 2.4 4.4 6.8 5.9 4.6 5.6 7.1 5.0 2.9 1.9 1.7 2.3 2.0
-9999.0 -9999.0 -9999.0 -9999.0 -9999.0 -9999.0 -9999.0 -9999.0 -9999.0 -9999.0 -9999.0 -9999.0 3.7 3.6 3.0 2.4 2.2 2.6 2.7 2.6 3.4 3.3 3.6 3.8 3.9 3.6 3.0 2.6 2.6 3.0 4.0 5.9 8.7 11.5 14.1 15.6 14.9 13.4 11.2 8.9 8.5 8.7 10.4 13.6 17.8 22.1 24.9 24.7 20.9 13.5 8.4 8.5 7.7 10.4 13.7 17.1 15.7 16.3 18.3 21.3 24.5 26.7 21.5 16.6 12.9 6.9 5.8 3.9 4.6 5.7 6.9 7.5 7.6 5.9 4.9 3.0 2.4 2.1 4.2 4.7
-9999.0 -9999.0 -9999.0 -9999.0 -9999.0 -9999.0 -9999.0 -9999.0 -9999.0 -9999.0 -9999.0 -9999.0 9.0 7.3 7.1 6.3 6.0 5.5 5.6 5.8 5.7 5.8 6.4 5.8 5.5 4.2 3.4 2.7 2.3 2.3 3.0 4.9 7.1 10.2 13.3 15.5 15.4 13.7 10.8 9.7 8.0 7.2 11.6 12.0 17.2 21.7 23.6 23.0 18.5 11.5 7.1 4.8 9.0 10.0 11.2 19.8 17.7 17.8 20.2 24.5 28.0 30.1 32.6 23.6 13.7 9.6 7.4 6.8 7.6 9.9 12.4 12.0 11.0 10.2 16.5 6.3 8.1 2.8 4.7 6.3
-9999.0 -9999.0 -9999.0 -9999.0 -9999.0 -9999.0 -9999.0 -9999.0 -9999.0 -9999.0 -9999.0 -9999.0 -9999.0 15.1 13.5 12.4 11.7 11.5 11.2 11.2 11.3 11.2 10.5 9.5 8.7 6.6 4.7 3.1 2.0 1.6 2.1 3.1 5.5 8.3 11.7 14.9 15.3 12.6 10.4 7.5 6.4 10.4 12.8 13.0 14.2 17.6 19.0 17.3 13.0 8.0 3.3 4.6 4.2 6.1 8.2 10.4 15.4 16.9 19.6 24.3 29.8 36.5 36.1 25.2 10.6 8.7 8.4 9.4 11.7 15.6 20.2 20.4 18.5 12.7 13.3 8.9 5.4 4.1 5.2 4.4
-9999.0 -9999.0 -9999.0 -9999.0 -9999.0 -9999.0 -9999.0 -9999.0 -9999.0 -9999.0 -9999.0 -9999.0 -9999.0 26.8 24.3 22.5 22.0 21.0 20.6 20.5 20.5 19.6 18.3 16.3 14.6 10.5 6.9 4.1 2.1 2.3 1.7 2.3 3.4 6.1 9.7 12.1 11.8 10.5 9.6 12.3 6.4 7.2 8.6 10.3 16.2 13.2 13.1 9.6 6.7 3.8 3.3 1.1 2.4 4.2 6.0 6.6 7.7 10.5 15.9 22.0 29.9 34.7 28.8 13.7 8.8 7.3 8.9 12.9 18.0 24.8 30.7 31.3 26.5 24.1 22.5 20.4 17.5 6.4 2.7 2.4
-9999.0 -9999.0 -9999.0 -9999.0 -9999.0 -9999.0 -9999.0 -9999.0 -9999.0 -9999.0 -9999.0 -9999.0 -9999.0 -9999.0 -9999.0 37.9 36.7 35.9 35.5 35.7 34.8 33.8 31.8 28.0 23.1 17.5 12.9 7.0 5.1 1.4 1.2 1.3 3.9 5.6 7.0 11.4 13.3 6.7 6.3 5.9 9.0 9.8 8.9 8.1 6.4 8.3 8.7 7.5 5.0 3.2 1.6 4.1 1.6 2.1 1.7 3.2 4.2 2.8 12.9 20.9 21.0 21.2 20.9 14.9 9.3 7.7 11.5 20.1 29.1 36.2 43.0 44.6 44.5 40.4 32.8 34.8 27.3 22.5 6.7 2.8
-9999.0 -9999.0 -9999.0 -9999.0 -9999.0 -9999.0 -9999.0 -9999.0 -9999.0 -9999.0 -9999.0 -9999.0 -9999.0 -9999.0 -9999.0 -9999.0 -9999.0 78.1 64.9 -9999.0 61.4 55.2 53.9 48.5 39.1 30.6 23.3 13.7 6.2 4.0 1.5 0.8 5.2 3.0 4.3 6.8 13.3 3.3 5.1 5.5 7.1 11.7 8.3 6.1 6.2 6.9 36.8 9.1 6.0 4.3 5.5 2.6 3.3 2.9 3.3 3.6 1.9 7.1 10.9 18.9 6.4 14.4 21.5 18.6 13.8 12.3 18.7 30.8 41.6 46.6 51.6 54.5 55.2 47.9 44.3 43.7 34.3 22.3 12.1 5.9
-9999.0 -9999.0 -9999.0 -9999.0 -9999.0 -9999.0 -9999.0 -9999.0 -9999.0 -9999.0 -9999.0 -9999.0 -9999.0 -9999.0 -9999.0 -9999.0 -9999.0 -9999.0 -9999.0 -9999.0 -9999.0 90.2 83.3 74.3 65.4 56.8 41.3 26.4 14.5 6.4 3.2 2.2 2.8 4.6 5.7 7.7 6.6 5.0 3.1 1.8 2.0 14.1 13.8 9.5 5.3 6.9 46.8 12.7 12.2 33.8 7.9 11.7 10.2 5.6 5.3 6.8 7.1 5.4 17.9 18.1 5.7 13.0 23.6 24.9 22.5 23.3 32.7 45.3 53.9 53.1 53.8 58.2 57.2 45.5 38.2 36.5 31.0 18.6 13.5 11.2
-9999.0 -9999.0 -9999.0 -9999.0 -9999.0 -9999.0 -9999.0 -9999.0 -9999.0 -9999.0 -9999.0 -9999.0 -9999.0 -9999.0 -9999.0 -9999.0 -9999.0 -9999.0 -9999.0 -9999.0 -9999.0 -9999.0 -9999.0 138.6 110.3 95.2 75.4 53.1 35.6 19.6 12.6 11.5 21.0 16.6 21.2 19.4 21.7 12.3 18.9 22.3 19.8 24.6 12.2 5.9 7.3 43.2 22.4 23.1 31.8 31.5 18.3 18.9 16.7 16.7 11.1 2.4 9.6 15.0 6.7 23.3 19.0 27.5 29.2 25.0 26.5 33.5 44.6 54.3 49.9 53.1 55.7 57.3 52.6 47.6 35.4 32.6 33.9 26.6 18.9 16.5
-9999.0 -9999.0 -9999.0 -9999.0 -9999.0 -9999.0 -9999.0 -9999.0 -9999.0 -9999.0 -9999.0 -9999.0 -9999.0 -9999.0 -9999.0 -9999.0 -9999.0 -9999.0 -9999.0 -9999.0 -9999.0 -9999.0 -9999.0 -9999.0 -9999.0 182.3 140.9 101.4 77.9 72.7 44.8 32.8 33.1 39.0 36.7 46.1 62.1 33.9 45.3 33.8 45.9 27.0 11.0 10.4 28.9 46.6 42.5 66.8 26.4 34.6 31.9 32.1 34.0 32.1 15.6 10.7 16.0 14.5 25.2 32.4 44.1 49.8 56.0 27.5 28.0 36.6 43.1 41.2 43.9 50.9 54.6 53.8 43.0 46.0 42.4 35.7 32.1 32.2 36.8 25.5
-9999.0 -9999.0 -9999.0 -9999.0 -9999.0 -9999.0 -9999.0 -9999.0 -9999.0 -9999.0 -9999.0 -9999.0 -9999.0 -9999.0 -9999.0 -9999.0 -9999.0 -9999.0 -9999.0 -9999.0 -9999.0 -9999.0 -9999.0 -9999.0 -9999.0 -9999.0 -9999.0 207.0 179.8 121.0 96.0 83.5 93.6 76.2 84.2 62.9 66.6 59.9 42.4 52.8 61.2 30.5 23.6 34.2 40.2 50.1 60.2 68.2 76.1 57.7 79.0 77.2 45.4 37.3 29.0 27.8 18.2 21.5 34.7 48.4 68.1 68.1 43.7 31.6 31.4 32.2 40.0 36.9 37.4 44.8 49.4 54.9 40.3 45.2 43.0 42.2 47.9 44.5 35.0 32.6
-9999.0 -9999.0 -9999.0 -9999.0 -9999.0 -9999.0 -9999.0 -9999.0 -9999.0 -9999.0 -9999.0 -9999.0 -9999.0 -9999.0 -9999.0 -9999.0 -9999.0 -9999.0 -9999.0 -9999.0 -9999.0 -9999.0 -9999.0 -9999.0 -9999.0 -9999.0 -9999.0 -9999.0 -9999.0 -9999.0 -9999.0 -9999.0 -9999.0 136.1 142.0 -9999.0 -9999.0 -9999.0 69.5 75.0 54.2 45.3 41.3 47.5 52.2 55.6 -9999.0 -9999.0 -9999.0 -9999.0 -9999.0 -9999.0 63.0 53.8 37.1 29.4 29.5 33.5 48.6 70.7 87.7 80.3 65.3 45.3 36.0 35.5 38.6 40.4 39.5 40.6 42.4 51.6 53.2 47.3 55.8 53.3 57.8 47.6 43.6 41.5
-9999.0 -9999.0 -9999.0 -9999.0 -9999.0 -9999.0 -9999.0 -9999.0 -9999.0 -9999.0 -9999.0 -9999.0 -9999.0 -9999.0 -9999.0 -9999.0 -9999.0 -9999.0 -9999.0 -9999.0 -9999.0 -9999.0 -9999.0 -9999.0 -9999.0 -9999.0 -9999.0 -9999.0 -9999.0 -9999.0 -9999.0 -9999.0 -9999.0 -9999.0 -9999.0 -9999.0 -9999.0 -9999.0 -9999.0 86.6 77.0 69.6 64.5 61.5 -9999.0 -9999.0 -9999.0 -9999.0 -9999.0 -9999.0 -9999.0 -9999.0 72.8 67.4 48.2 41.9 42.3 45.5 56.4 78.0 97.3 88.8 72.3 60.0 49.5 47.7 48.5 44.1 42.0 50.3 56.2 55.1 49.1 60.9 59.1 61.8 59.3 51.5 52.2 43.8
-9999.0 -9999.0 -9999.0 -9999.0 -9999.0 -9999.0 -9999.0 -9999.0 -9999.0 -9999.0 -9999.0 -9999.0 -9999.0 -9999.0 -9999.0 -9999.0 -9999.0 -9999.0 -9999.0 -9999.0 -9999.0 -9999.0 -9999.0 -9999.0 -9999.0 -9999.0 -9999.0 -9999.0 -9999.0 -9999.0 -9999.0 -9999.0 -9999.0 -9999.0 -9999.0 -9999.0 -9999.0 -9999.0 -9999.0 -9999.0 -9999.0 -9999.0 -9999.0 -9999.0 -9999.0 -9999.0 -9999.0 -9999.0 -9999.0 -9999.0 -9999.0 -9999.0 100.3 83.9 62.7 61.3 59.0 59.9 66.0 78.1 88.2 87.4 56.5 65.7 58.6 62.3 55.3 47.5 47.5 53.7 59.3 60.3 70.8 65.0 66.5 58.0 57.7 50.6 46.0 44.3
-9999.0 -9999.0 -9999.0 -9999.0 -9999.0 -9999.0 -9999.0 -9999.0 -9999.0 -9999.0 -9999.0 -9999.0 -9999.0 -9999.0 -9999.0 -9999.0 -9999.0 -9999.0 -9999.0 -9999.0 -9999.0 -9999.0 -9999.0 -9999.0 -9999.0 -9999.0 -9999.0 -9999.0 -9999.0 -9999.0 -9999.0 -9999.0 -9999.0 -9999.0 -9999.0 -9999.0 -9999.0 -9999.0 -9999.0 -9999.0 -9999.0 -9999.0 -9999.0 -9999.0 -9999.0 -9999.0 -9999.0 -9999.0 -9999.0 -9999.0 -9999.0 90.3 107.3 104.3 92.2 83.3 80.4 79.8 79.1 76.1 66.6 63.7 76.5 67.1 66.6 71.6 60.8 44.2 49.1 50.1 54.8 57.2 51.9 50.4 54.3 49.0 49.5 43.0 45.7 43.8
-9999.0 -9999.0 -9999.0 -9999.0 -9999.0 -9999.0 -9999.0 -9999.0 -9999.0 -9999.0 -9999.0 -9999.0 -9999.0 -9999.0 -9999.0 -9999.0 -9999.0 -9999.0 -9999.0 -9999.0 -9999.0 -9999.0 -9999.0 -9999.0 -9999.0 -9999.0 -9999.0 -9999.0 -9999.0 -9999.0 -9999.0 -9999.0 -9999.0 -9999.0 -9999.0 -9999.0 -9999.0 -9999.0 -9999.0 -9999.0 -9999.0 -9999.0 -9999.0 -9999.0 -9999.0 -9999.0 -9999.0 -9999.0 -9999.0 -9999.0 80.5 130.0 148.2 143.8 130.8 118.2 106.5 97.3 94.1 76.9 72.5 58.0 73.0 66.7 68.9 69.8 64.6 51.9 48.6 39.4 44.5 41.4 43.8 49.5 48.5 43.9 35.7 37.6 36.2 36.0
-9999.0 -9999.0 -9999.0 -9999.0 -9999.0 -9999.0 -9999.0 -9999.0 -9999.0 -9999.0 -9999.0 -9999.0 -9999.0 -9999.0 -9999.0 -9999.0 -9999.0 -9999.0 -9999.0 -9999.0 -9999.0 -9999.0 -9999.0 -9999.0 -9999.0 -9999.0 -9999.0 -9999.0 -9999.0 -9999.0 -9999.0 -9999.0 -9999.0 -9999.0 -9999.0 -9999.0 -9999.0 -9999.0 -9999.0 -9999.0 -9999.0 -9999.0 -9999.0 -9999.0 -9999.0 -9999.0 -9999.0 -9999.0 -9999.0 -9999.0 104.1 200.6 172.9 202.8 183.0 158.9 125.9 121.1 105.0 99.2 101.5 92.2 99.3 83.9 73.5 67.1 58.8 44.2 37.2 29.4 34.3 39.8 42.4 40.6 37.7 36.0 31.3 30.3 28.4 27.6
-9999.0 -9999.0 -9999.0 -9999.0 -9999.0 -9999.0 -9999.0 -9999.0 -9999.0 -9999.0 -9999.0 -9999.0 -9999.0 -9999.0 -9999.0 -9999.0 -9999.0 -9999.0 -9999.0 -9999.0 -9999.0 -9999.0 -9999.0 -9999.0 -9999.0 -9999.0 -9999.0 -9999.0 -9999.0 -9999.0 -9999.0 -9999.0 -9999.0 -9999.0 -9999.0 -9999.0 -9999.0 -9999.0 -9999.0 -9999.0 -9999.0 -9999.0 -9999.0 -9999.0 -9999.0 -9999.0 -9999.0 -9999.0 -9999.0 -9999.0 134.7 199.8 209.8 261.8 231.6 185.1 160.9 137.6 121.3 131.3 121.8 111.8 110.6 103.9 84.3 66.8 49.9 35.9 26.6 32.3 31.5 45.0 40.2 35.4 29.0 31.9 27.0 30.0 24.6 21.9
-9999.0 -9999.0 -9999.0 -9999.0 -9999.0 -9999.0 -9999.0 -9999.0 -9999.0 -9999.0 -9999.0 -9999.0 -9999.0 -9999.0 -9999.0 -9999.0 -9999.0 -9999.0 -9999.0 -9999.0 -9999.0 -9999.0 -9999.0 -9999.0 -9999.0 -9999.0 -9999.0 -9999.0 -9999.0 -9999.0 -9999.0 -9999.0 -9999.0 -9999.0 -9999.0 -9999.0 -9999.0 -9999.0 -9999.0 -9999.0 -9999.0 -9999.0 -9999.0 -9999.0 -9999.0 -9999.0 -9999.0 -9999.0 -9999.0 -9999.0 244.3 301.4 291.2 287.2 243.0 205.6 134.1 136.7 130.1 124.9 122.8 120.4 107.1 100.1 80.8 62.0 50.4 39.4 38.5 19.0 31.6 38.9 38.5 27.5 21.8 29.7 31.9 35.1 24.6 20.0
-9999.0 -9999.0 -9999.0 -9999.0 -9999.0 -9999.0 -9999.0 -9999.0 -9999.0 -9999.0 -9999.0 -9999.0 -9999.0 -9999.0 -9999.0 -9999.0 -9999.0 -9999.0 -9999.0 -9999.0 -9999.0 -9999.0 -9999.0 -9999.0 -9999.0 -9999.0 -9999.0 -9999.0 -9999.0 -9999.0 -9999.0 -9999.0 -9999.0 -9999.0 -9999.0 -9999.0 -9999.0 -9999.0 -9999.0 -9999.0 -9999.0 -9999.0 -9999.0 -9999.0 -9999.0 -9999.0 -9999.0 -9999.0 -9999.0 -9999.0 -9999.0 -9999.0 -9999.0 233.8 182.7 148.0 131.0 124.7 99.8 101.7 99.4 85.7 92.7 77.9 61.2 47.3 44.4 33.6 38.0 35.7 33.0 32.9 27.8 20.8 22.2 34.7 43.5 41.5 30.7 19.7
-9999.0 -9999.0 -9999.0 -9999.0 -9999.0 -9999.0 -9999.0 -9999.0 -9999.0 -9999.0 -9999.0 -9999.0 -9999.0 -9999.0 -9999.0 -9999.0 -9999.0 -9999.0 -9999.0 -9999.0 -9999.0 -9999.0 -9999.0 -9999.0 -9999.0 -9999.0 -9999.0 -9999.0 -9999.0 -9999.0 -9999.0 -9999.0 -9999.0 -9999.0 -9999.0 -9999.0 -9999.0 -9999.0 -9999.0 -9999.0 -9999.0 -9999.0 -9999.0 -9999.0 -9999.0 -9999.0 -9999.0 -9999.0 -9999.0 -9999.0 -9999.0 -9999.0 -9999.0 191.7 133.2 177.1 102.1 86.3 91.6 94.8 76.9 65.9 70.9 53.4 43.1 35.2 27.3 38.7 32.7 35.0 34.5 35.3 31.3 27.9 30.0 35.0 41.5 37.9 30.8 19.9
-9999.0 -9999.0 -9999.0 -9999.0 -9999.0 -9999.0 -9999.0 -9999.0 -9999.0 -9999.0 -9999.0 -9999.0 -9999.0 -9999.0 -9999.0 -9999.0 -9999.0 -9999.0 -9999.0 -9999.0 -9999.0 -9999.0 -9999.0 -9999.0 -9999.0 -9999.0 -9999.0 -9999.0 -9999.0 -9999.0 -9999.0 -9999.0 -9999.0 -9999.0 -9999.0 -9999.0 -9999.0 -9999.0 -9999.0 -9999.0 -9999.0 -9999.0 -9999.0 -9999.0 -9999.0 -9999.0 -9999.0 -9999.0 -9999.0 -9999.0 -9999.0 -9999.0 -9999.0 165.8 92.2 113.8 91.8 76.5 77.0 70.3 66.4 57.6 55.0 47.0 32.7 -9999.0 -9999.0 -9999.0 38.3 38.9 47.1 56.7 62.2 59.4 46.2 35.5 31.2 30.2 28.0 21.6
-9999.0 -9999.0 -9999.0 -9999.0 -9999.0 -9999.0 -9999.0 -9999.0 -9999.0 -9999.0 -9999.0 -9999.0 -9999.0 -9999.0 -9999.0 -9999.0 -9999.0 -9999.0 -9999.0 -9999.0 -9999.0 -9999.0 -9999.0 -9999.0 -9999.0 -9999.0 -9999.0 -9999.0 -9999.0 -9999.0 -9999.0 -9999.0 -9999.0 -9999.0 -9999.0 -9999.0 -9999.0 -9999.0 -9999.0 -9999.0 -9999.0 -9999.0 -9999.0 -9999.0 -9999.0 -9999.0 -9999.0 -9999.0 -9999.0 -9999.0 -9999.0 -9999.0 -9999.0 -9999.0 113.9 90.9 61.5 55.1 66.3 66.0 45.9 -9999.0 -9999.0 -9999.0 -9999.0 -9999.0 -9999.0 -9999.0 34.5 47.0 63.2 77.8 91.7 84.7 56.6 34.7 22.5 20.5 22.4 -9999.0
-9999.0 -9999.0 -9999.0 -9999.0 -9999.0 -9999.0 -9999.0 -9999.0 -9999.0 -9999.0 -9999.0 -9999.0 -9999.0 -9999.0 -9999.0 -9999.0 -9999.0 -9999.0 -9999.0 -9999.0 -9999.0 -9999.0 -9999.0 -9999.0 -9999.0 -9999.0 -9999.0 -9999.0 -9999.0 -9999.0 -9999.0 -9999.0 -9999.0 -9999.0 -9999.0 -9999.0 -9999.0 -9999.0 -9999.0 -9999.0 -9999.0 -9999.0 -9999.0 -9999.0 -9999.0 -9999.0 -9999.0 -9999.0 -9999.0 -9999.0 -9999.0 -9999.0 -9999.0 -9999.0 -9999.0 74.3 91.2 56.6 46.1 47.1 38.1 -9999.0 -9999.0 -9999.0 -9999.0 -9999.0 -9999.0 -9999.0 -9999.0 -9999.0 62.2 -9999.0 -9999.0 -9999.0 -9999.0 -9999.0 29.9 -9999.0 -9999.0 -9999.0
-9999.0 -9999.0 -9999.0 -9999.0 -9999.0 -9999.0 -9999.0 -9999.0 -9999.0 -9999.0 -9999.0 -9999.0 -9999.0 -9999.0 -9999.0 -9999.0 -9999.0 -9999.0 -9999.0 -9999.0 -9999.0 -9999.0 -9999.0 -9999.0 -9999.0 -9999.0 -9999.0 -9999.0 -9999.0 -9999.0 -9999.0 -9999.0 -9999.0 -9999.0 -9999.0 -9999.0 -9999.0 -9999.0 -9999.0 -9999.0 -9999.0 -9999.0 -9999.0 -9999.0 -9999.0 -9999.0 -9999.0 -9999.0 -9999.0 -9999.0 -9999.0 -9999.0 -9999.0 -9999.0 -9999.0 -9999.0 -9999.0 -9999.0 41.4 30.3 -9999.0 -9999.0 -9999.0 -9999.0 -9999.0 -9999.0 -9999.0 -9999.0 -9999.0 -9999.0 -9999.0 -9999.0 -9999.0 -9999.0 -9999.0 53.9 51.2 -9999.0 -9999.0 -9999.0
-9999.0 -9999.0 -9999.0 -9999.0 -9999.0 -9999.0 -9999.0 -9999.0 -9999.0 -9999.0 -9999.0 -9999.0 -9999.0 -9999.0 -9999.0 -9999.0 -9999.0 -9999.0 -9999.0 -9999.0 -9999.0 -9999.0 -9999.0 -9999.0 -9999.0 -9999.0 -9999.0 -9999.0 -9999.0 -9999.0 -9999.0 -9999.0 -9999.0 -9999.0 -9999.0 -9999.0 -9999.0 -9999.0 -9999.0 -9999.0 -9999.0 -9999.0 -9999.0 -9999.0 -9999.0 -9999.0 -9999.0 -9999.0 -9999.0 -9999.0 -9999.0 -9999.0 -9999.0 -9999.0 -9999.0 -9999.0 -9999.0 -9999.0 -9999.0 -9999.0 -9999.0 -9999.0 -9999.0 -9999.0 -9999.0 -9999.0 -9999.0 -9999.0 -9999.0 -9999.0 -9999.0 -9999.0 -9999.0 -9999.0 -9999.0 -9999.0 -9999.0 -9999.0 -9999.0 -9999.0
-9999.0 -9999.0 -9999.0 -9999.0 -9999.0 -9999.0 -9999.0 -9999.0 -9999.0 -9999.0 -9999.0 -9999.0 -9999.0 -9999.0 -9999.0 -9999.0 -9999.0 -9999.0 -9999.0 -9999.0 -9999.0 -9999.0 -9999.0 -9999.0 -9999.0 -9999.0 -9999.0 -9999.0 -9999.0 -9999.0 -9999.0 -9999.0 -9999.0 -9999.0 -9999.0 -9999.0 -9999.0 -9999.0 -9999.0 -9999.0 -9999.0 -9999.0 -9999.0 -9999.0 -9999.0 -9999.0 -9999.0 -9999.0 -9999.0 -9999.0 -9999.0 -9999.0 -9999.0 -9999.0 -9999.0 -9999.0 -9999.0 -9999.0 -9999.0 -9999.0 -9999.0 -9999.0 -9999.0 -9999.0 -9999.0 -9999.0 -9999.0 -9999.0 -9999.0 -9999.0 -9999.0 -9999.0 -9999.0 -9999.0 -9999.0 99.9 114.8 128.6 -9999.0 -9999.0
-9999.0 -9999.0 -9999.0 -9999.0 -9999.0 -9999.0 -9999.0 -9999.0 -9999.0 -9999.0 -9999.0 -9999.0 -9999.0 -9999.0 -9999.0 -9999.0 -9999.0 -9999.0 -9999.0 -9999.0 -9999.0 -9999.0 -9999.0 -9999.0 -9999.0 -9999.0 -9999.0 -9999.0 -9999.0 -9999.0 -9999.0 -9999.0 -9999.0 -9999.0 -9999.0 -9999.0 -9999.0 -9999.0 -9999.0 -9999.0 -9999.0 -9999.0 -9999.0 -9999.0 -9999.0 -9999.0 -9999.0 -9999.0 -9999.0 -9999.0 -9999.0 -9999.0 -9999.0 -9999.0 -9999.0 -9999.0 -9999.0 -9999.0 -9999.0 -9999.0 -9999.0 -9999.0 -9999.0 -9999.0 -9999.0 -9999.0 -9999.0 -9999.0 -9999.0 -9999.0 -9999.0 -9999.0 -9999.0 43.9 85.8 123.4 166.5 -9999.0 -9999.0 -9999.0
