program/excelProcessViaJava/data/SURF_CLI_CHN_PRE_MON_GRID_0.5-198908.txt
NCOLS      128
NROWS       72
XLLCORNER    72.000000000000    
YLLCORNER    18.000000000000    
CELLSIZE    0.50000000000000    
NODATA_VALUE   -9999.000    
[rows 33 to 65 of 72, columns 0 to 74 of 128]
-9999.0 -9999.0 -9999.0 -9999.0 26.2 32.7 38.8 39.4 40.5 29.4 29.1 21.2 12.9 6.3 5.6 7.2 10.5 15.2 20.2 24.6 26.9 28.1 29.4 31.9 33.7 35.3 35.5 58.0 39.2 39.7 40.3 36.3 33.8 36.3 27.9 26.6 23.5 40.9 35.1 21.6 11.0 7.6 7.4 6.5 6.1 5.7 6.5 10.9 15.6 9.8 12.3 41.9 80.9 130.5 88.8 111.4 123.0 164.8 154.7 162.1 131.4 87.1 62.3 34.8 27.2 37.3 44.8 34.6 60.4 62.7 61.9 65.5 64.8 61.0 56.4
-9999.0 -9999.0 -9999.0 -9999.0 24.4 27.7 34.0 32.9 42.0 42.9 27.9 40.6 32.0 31.7 11.5 13.7 18.2 19.2 22.8 27.6 33.4 36.8 39.9 45.6 53.4 58.9 49.4 47.9 45.0 43.1 41.0 42.4 37.9 36.6 37.0 33.0 38.4 44.6 32.9 23.1 35.0 15.5 13.7 9.6 8.0 6.5 5.4 4.8 4.8 6.3 7.9 15.0 78.8 69.7 77.9 107.9 126.7 145.3 148.2 90.9 108.1 61.5 49.4 48.4 40.7 36.8 56.2 56.1 70.0 95.3 76.4 69.0 61.1 59.5 56.3
-9999.0 -9999.0 -9999.0 -9999.0 -9999.0 -9999.0 -9999.0 28.1 32.2 29.7 39.4 39.9 29.6 33.1 34.1 13.2 26.4 24.3 28.9 37.5 47.0 53.7 55.4 54.4 53.1 51.6 51.2 49.9 48.3 48.5 46.5 44.8 43.0 43.5 45.6 41.3 48.0 45.0 55.7 60.4 36.9 75.2 71.9 50.0 28.6 12.8 17.5 13.3 18.6 9.4 8.0 14.6 43.9 157.6 153.1 107.6 110.2 110.3 137.9 99.7 106.3 67.5 58.2 59.2 65.1 55.9 68.8 89.8 106.0 119.3 100.0 79.5 75.9 76.6 74.2
-9999.0 -9999.0 -9999.0 -9999.0 -9999.0 -9999.0 -9999.0 28.9 21.6 27.4 30.4 26.7 29.9 37.1 31.9 45.0 35.6 37.9 48.0 44.6 47.3 52.4 52.5 53.3 52.9 52.5 51.3 51.6 48.8 47.1 47.8 47.1 46.4 49.3 46.3 47.3 46.1 51.6 52.9 53.2 59.3 64.5 73.5 101.9 61.8 37.0 45.0 47.3 81.2 65.4 125.5 118.1 71.6 109.3 161.2 122.1 121.9 121.3 119.4 109.5 89.0 83.1 82.6 89.7 82.3 74.5 78.7 100.0 138.7 145.6 131.4 108.4 98.4 99.6 90.8
-9999.0 -9999.0 -9999.0 -9999.0 -9999.0 -9999.0 -9999.0 -9999.0 -9999.0 21.1 20.9 19.8 26.6 27.0 25.7 26.2 32.9 45.7 41.3 49.1 47.7 48.3 50.4 52.0 52.7 52.7 52.5 51.7 50.4 50.5 48.3 48.3 48.4 50.2 48.5 49.3 49.5 52.7 51.7 56.5 57.2 67.8 71.8 71.3 83.8 84.4 86.3 85.6 91.4 95.0 114.7 107.7 103.4 106.4 147.7 122.1 111.4 106.2 107.7 94.2 87.0 88.7 90.6 106.0 98.1 84.1 81.0 103.7 146.1 167.3 160.2 130.5 114.6 116.2 124.9
-9999.0 -9999.0 -9999.0 -9999.0 -9999.0 -9999.0 -9999.0 -9999.0 -9999.0 -9999.0 -9999.0 20.7 13.5 23.9 22.3 26.3 28.1 30.6 34.2 39.3 44.8 46.4 49.5 51.2 53.6 53.6 53.8 53.4 52.7 51.9 51.5 52.3 51.9 53.2 54.1 60.3 57.4 58.5 72.6 60.4 68.6 68.4 71.9 76.2 103.9 90.9 121.6 107.9 118.4 114.8 99.7 104.4 109.4 123.0 142.0 128.9 116.3 114.0 100.8 91.5 91.9 85.2 85.8 95.7 95.0 82.3 84.0 103.4 139.1 168.5 168.8 147.1 120.7 109.7 107.3
-9999.0 -9999.0 -9999.0 -9999.0 -9999.0 -9999.0 -9999.0 -9999.0 -9999.0 -9999.0 -9999.0 -9999.0 11.1 12.2 19.6 19.2 28.9 27.9 31.9 39.8 39.1 43.9 47.7 50.7 54.8 54.4 55.5 55.0 54.8 54.6 54.3 54.7 55.9 58.8 62.2 64.8 73.8 69.6 66.3 62.6 62.5 68.1 77.4 93.3 100.6 111.7 126.2 112.4 119.4 120.9 137.6 131.8 116.1 106.8 115.1 124.2 125.7 130.6 100.8 109.5 98.4 100.9 97.1 89.4 86.3 93.8 85.7 104.4 133.5 161.5 161.9 136.8 112.7 103.8 113.5
-9999.0 -9999.0 -9999.0 -9999.0 -9999.0 -9999.0 -9999.0 -9999.0 -9999.0 -9999.0 -9999.0 -9999.0 14.1 8.3 9.2 16.6 16.1 21.6 29.4 33.0 37.5 42.7 46.7 50.5 54.5 56.3 57.7 59.6 58.3 59.0 57.5 57.8 59.7 62.8 67.7 72.8 81.2 85.8 84.3 80.4 75.9 79.7 98.4 98.7 116.3 132.5 123.8 123.3 112.5 129.4 125.9 129.2 112.6 116.0 104.3 118.0 116.4 123.7 114.9 112.5 106.5 100.2 105.2 112.9 74.8 80.4 96.6 119.3 138.4 156.0 172.4 189.6 189.0 143.5 145.8
-9999.0 -9999.0 -9999.0 -9999.0 -9999.0 -9999.0 -9999.0 -9999.0 -9999.0 -9999.0 -9999.0 -9999.0 -9999.0 8.0 13.1 9.7 15.6 18.0 22.6 28.3 34.5 40.0 45.6 51.2 55.4 56.8 58.8 59.2 60.5 60.9 62.5 63.2 63.1 67.0 73.7 81.2 89.9 97.9 110.1 103.9 100.9 106.8 112.9 129.7 128.8 126.6 138.1 149.5 154.7 151.5 145.9 128.6 118.2 147.0 129.1 121.6 118.2 131.0 154.9 144.5 138.5 118.8 119.5 80.6 76.2 76.3 95.2 138.4 166.6 182.7 180.6 161.9 157.8 155.0 171.3
-9999.0 -9999.0 -9999.0 -9999.0 -9999.0 -9999.0 -9999.0 -9999.0 -9999.0 -9999.0 -9999.0 -9999.0 4.8 8.7 9.4 8.8 15.6 17.1 21.6 25.4 31.9 38.6 45.1 51.6 57.7 59.3 63.1 66.5 67.4 66.6 67.3 70.1 66.7 72.1 78.0 88.3 99.5 110.8 115.7 115.5 122.9 133.2 145.2 137.4 145.9 148.4 143.5 140.1 153.0 158.6 167.8 170.3 138.4 138.8 121.0 118.1 134.6 123.7 149.5 150.5 155.7 165.4 139.9 154.9 97.8 88.4 187.5 205.8 204.7 207.0 211.1 197.9 176.8 157.6 156.3
-9999.0 -9999.0 -9999.0 -9999.0 -9999.0 -9999.0 -9999.0 -9999.0 -9999.0 -9999.0 -9999.0 -9999.0 4.4 2.6 4.6 12.1 13.5 13.0 17.7 24.5 30.0 37.2 44.4 51.6 59.6 66.8 71.4 75.0 76.5 79.3 79.6 77.2 72.5 80.8 86.0 93.4 107.4 119.1 125.5 123.4 123.7 129.3 139.3 148.8 153.2 155.5 166.1 165.6 167.8 152.4 156.0 168.2 143.8 127.0 118.7 109.5 125.6 146.7 156.0 190.0 213.8 237.4 144.8 104.2 98.2 161.4 154.2 256.9 290.4 281.1 253.2 223.0 196.3 186.8 181.7
-9999.0 -9999.0 -9999.0 -9999.0 -9999.0 -9999.0 -9999.0 -9999.0 -9999.0 -9999.0 -9999.0 -9999.0 1.0 3.1 2.6 4.8 7.3 14.2 16.5 22.1 29.9 36.5 43.4 50.7 59.4 64.3 72.1 73.5 85.8 88.6 90.1 80.4 88.7 93.5 95.3 98.9 109.7 120.7 127.3 126.1 127.4 136.6 146.2 148.8 151.7 160.0 164.9 153.7 141.1 150.6 160.7 150.9 195.2 193.2 153.5 111.1 129.4 154.1 180.4 177.7 196.0 213.2 323.1 136.1 112.1 236.9 245.5 270.0 291.9 290.9 259.0 226.3 198.3 182.6 202.0
-9999.0 -9999.0 -9999.0 -9999.0 -9999.0 -9999.0 -9999.0 -9999.0 -9999.0 -9999.0 -9999.0 -9999.0 -9999.0 3.9 4.4 3.6 6.3 9.1 15.1 21.0 29.6 34.0 41.9 49.8 60.2 68.7 78.2 88.3 90.7 105.0 95.5 98.6 95.0 102.7 100.6 96.8 106.5 122.3 127.0 129.5 131.2 136.0 144.9 147.7 137.6 131.1 139.2 107.6 144.4 148.6 138.4 175.8 167.1 139.2 168.9 164.3 125.8 139.1 177.0 257.4 266.0 435.3 336.5 122.5 193.7 192.6 217.1 245.6 267.6 256.5 224.8 184.3 168.6 117.7 139.2
-9999.0 -9999.0 -9999.0 -9999.0 -9999.0 -9999.0 -9999.0 -9999.0 -9999.0 -9999.0 -9999.0 -9999.0 -9999.0 0.5 2.7 2.5 6.7 7.1 11.5 17.6 26.5 33.0 40.6 48.7 60.8 70.4 80.6 95.9 104.4 93.8 102.0 106.3 116.4 113.0 103.9 105.9 117.1 125.2 126.2 124.4 130.7 132.5 134.6 133.7 142.4 119.8 113.2 84.8 100.5 114.0 146.7 126.0 164.2 184.4 194.9 171.5 137.2 142.8 189.0 139.1 286.1 202.0 169.0 245.7 195.7 167.5 181.2 209.0 220.8 202.1 167.0 137.3 115.5 115.5 127.2
-9999.0 -9999.0 -9999.0 -9999.0 -9999.0 -9999.0 -9999.0 -9999.0 -9999.0 -9999.0 -9999.0 -9999.0 -9999.0 -9999.0 -9999.0 1.7 2.8 6.1 9.2 13.6 22.2 28.4 36.9 46.7 57.0 68.8 75.7 91.4 94.6 119.2 120.1 129.0 113.4 115.4 121.6 108.5 109.6 134.3 131.4 129.3 123.0 123.2 122.4 117.3 99.5 77.3 85.8 51.9 84.3 61.6 104.4 166.6 146.8 158.1 114.2 156.4 157.3 99.9 214.4 283.5 157.5 201.1 326.2 284.5 222.5 182.4 176.6 184.5 180.2 164.2 131.2 104.1 128.3 125.8 127.2
-9999.0 -9999.0 -9999.0 -9999.0 -9999.0 -9999.0 -9999.0 -9999.0 -9999.0 -9999.0 -9999.0 -9999.0 -9999.0 -9999.0 -9999.0 -9999.0 -9999.0 1.1 4.2 -9999.0 15.0 24.8 32.4 42.9 53.8 66.6 75.2 91.6 113.9 116.0 135.6 159.0 120.5 164.0 169.8 129.9 109.9 139.2 125.3 120.8 114.3 109.9 106.4 99.2 86.3 66.0 55.0 86.7 50.5 77.8 60.5 98.3 83.0 144.5 157.2 164.3 132.8 197.7 214.3 276.6 184.9 281.5 338.5 304.2 246.3 207.5 185.8 172.8 156.3 142.0 105.8 152.6 149.6 121.2 150.5
-9999.0 -9999.0 -9999.0 -9999.0 -9999.0 -9999.0 -9999.0 -9999.0 -9999.0 -9999.0 -9999.0 -9999.0 -9999.0 -9999.0 -9999.0 -9999.0 -9999.0 -9999.0 -9999.0 -9999.0 -9999.0 18.5 27.7 38.6 48.7 63.4 79.4 97.0 113.5 138.9 148.6 182.8 185.2 172.1 166.8 127.1 120.1 116.9 116.9 116.1 106.3 92.2 90.0 84.1 78.5 64.0 61.4 42.8 88.3 208.9 76.2 140.2 144.6 91.6 118.0 161.6 179.5 159.8 301.9 255.3 247.2 286.9 316.0 289.7 259.5 236.2 201.0 165.9 135.0 126.6 125.1 155.8 143.9 117.4 122.9
-9999.0 -9999.0 -9999.0 -9999.0 -9999.0 -9999.0 -9999.0 -9999.0 -9999.0 -9999.0 -9999.0 -9999.0 -9999.0 -9999.0 -9999.0 -9999.0 -9999.0 -9999.0 -9999.0 -9999.0 -9999.0 -9999.0 -9999.0 27.2 40.6 53.8 69.5 86.6 98.4 125.8 135.8 137.8 112.9 123.9 107.0 101.2 92.1 92.2 83.3 78.0 73.9 73.5 68.3 66.2 68.0 63.2 50.4 44.2 46.9 54.3 58.1 100.6 69.1 82.9 82.7 84.9 147.4 216.3 154.4 259.1 247.2 275.4 287.6 268.8 265.3 251.8 206.9 155.6 158.1 129.5 167.6 158.0 146.8 144.9 113.6
-9999.0 -9999.0 -9999.0 -9999.0 -9999.0 -9999.0 -9999.0 -9999.0 -9999.0 -9999.0 -9999.0 -9999.0 -9999.0 -9999.0 -9999.0 -9999.0 -9999.0 -9999.0 -9999.0 -9999.0 -9999.0 -9999.0 -9999.0 -9999.0 -9999.0 36.4 54.7 66.2 79.3 82.9 102.4 120.8 120.0 100.2 94.1 75.3 68.9 64.8 60.1 54.2 55.3 50.3 59.0 57.8 56.7 52.6 53.2 53.2 54.4 56.6 87.7 75.9 98.5 94.8 75.1 90.2 134.1 146.7 225.4 238.8 239.0 235.5 400.0 226.3 234.6 234.1 200.8 186.2 176.5 167.4 146.7 147.0 128.1 142.6 135.5
-9999.0 -9999.0 -9999.0 -9999.0 -9999.0 -9999.0 -9999.0 -9999.0 -9999.0 -9999.0 -9999.0 -9999.0 -9999.0 -9999.0 -9999.0 -9999.0 -9999.0 -9999.0 -9999.0 -9999.0 -9999.0 -9999.0 -9999.0 -9999.0 -9999.0 -9999.0 -9999.0 40.9 53.8 78.0 88.2 92.2 71.3 83.6 59.5 68.7 46.4 41.1 40.4 33.6 34.0 34.7 43.2 42.8 42.4 41.1 40.6 43.3 48.2 64.2 69.3 78.5 76.1 77.9 86.1 111.3 123.0 143.9 194.9 176.3 188.0 187.5 146.4 154.5 176.6 185.4 175.6 144.1 125.5 118.5 115.8 124.4 110.7 120.7 102.8
-9999.0 -9999.0 -9999.0 -9999.0 -9999.0 -9999.0 -9999.0 -9999.0 -9999.0 -9999.0 -9999.0 -9999.0 -9999.0 -9999.0 -9999.0 -9999.0 -9999.0 -9999.0 -9999.0 -9999.0 -9999.0 -9999.0 -9999.0 -9999.0 -9999.0 -9999.0 -9999.0 -9999.0 -9999.0 -9999.0 -9999.0 -9999.0 -9999.0 50.6 37.1 -9999.0 -9999.0 -9999.0 27.6 21.1 24.3 27.4 29.4 28.2 27.0 28.9 -9999.0 -9999.0 -9999.0 -9999.0 -9999.0 -9999.0 90.6 104.2 100.7 115.6 134.5 149.1 150.6 147.1 137.4 142.7 103.2 107.8 124.3 144.3 141.8 125.9 113.3 99.6 91.0 90.2 96.2 94.0 103.3
-9999.0 -9999.0 -9999.0 -9999.0 -9999.0 -9999.0 -9999.0 -9999.0 -9999.0 -9999.0 -9999.0 -9999.0 -9999.0 -9999.0 -9999.0 -9999.0 -9999.0 -9999.0 -9999.0 -9999.0 -9999.0 -9999.0 -9999.0 -9999.0 -9999.0 -9999.0 -9999.0 -9999.0 -9999.0 -9999.0 -9999.0 -9999.0 -9999.0 -9999.0 -9999.0 -9999.0 -9999.0 -9999.0 -9999.0 12.9 13.2 13.7 14.5 15.9 -9999.0 -9999.0 -9999.0 -9999.0 -9999.0 -9999.0 -9999.0 -9999.0 109.8 135.3 123.7 118.3 125.6 129.2 127.4 120.2 106.6 107.6 101.4 79.3 94.9 117.0 130.4 131.5 122.5 105.0 87.3 76.0 73.2 80.8 75.0
-9999.0 -9999.0 -9999.0 -9999.0 -9999.0 -9999.0 -9999.0 -9999.0 -9999.0 -9999.0 -9999.0 -9999.0 -9999.0 -9999.0 -9999.0 -9999.0 -9999.0 -9999.0 -9999.0 -9999.0 -9999.0 -9999.0 -9999.0 -9999.0 -9999.0 -9999.0 -9999.0 -9999.0 -9999.0 -9999.0 -9999.0 -9999.0 -9999.0 -9999.0 -9999.0 -9999.0 -9999.0 -9999.0 -9999.0 -9999.0 -9999.0 -9999.0 -9999.0 -9999.0 -9999.0 -9999.0 -9999.0 -9999.0 -9999.0 -9999.0 -9999.0 -9999.0 79.3 170.0 146.2 157.1 117.2 109.1 108.6 116.3 101.9 95.4 207.6 79.6 92.5 117.5 145.4 154.0 148.1 126.4 98.9 79.4 81.0 69.9 68.6
-9999.0 -9999.0 -9999.0 -9999.0 -9999.0 -9999.0 -9999.0 -9999.0 -9999.0 -9999.0 -9999.0 -9999.0 -9999.0 -9999.0 -9999.0 -9999.0 -9999.0 -9999.0 -9999.0 -9999.0 -9999.0 -9999.0 -9999.0 -9999.0 -9999.0 -9999.0 -9999.0 -9999.0 -9999.0 -9999.0 -9999.0 -9999.0 -9999.0 -9999.0 -9999.0 -9999.0 -9999.0 -9999.0 -9999.0 -9999.0 -9999.0 -9999.0 -9999.0 -9999.0 -9999.0 -9999.0 -9999.0 -9999.0 -9999.0 -9999.0 -9999.0 91.9 157.2 199.6 145.0 139.0 112.7 121.2 107.2 82.5 166.6 151.8 91.8 92.3 99.4 118.9 140.5 142.2 157.5 138.5 111.0 88.8 75.1 69.8 66.2
-9999.0 -9999.0 -9999.0 -9999.0 -9999.0 -9999.0 -9999.0 -9999.0 -9999.0 -9999.0 -9999.0 -9999.0 -9999.0 -9999.0 -9999.0 -9999.0 -9999.0 -9999.0 -9999.0 -9999.0 -9999.0 -9999.0 -9999.0 -9999.0 -9999.0 -9999.0 -9999.0 -9999.0 -9999.0 -9999.0 -9999.0 -9999.0 -9999.0 -9999.0 -9999.0 -9999.0 -9999.0 -9999.0 -9999.0 -9999.0 -9999.0 -9999.0 -9999.0 -9999.0 -9999.0 -9999.0 -9999.0 -9999.0 -9999.0 -9999.0 48.9 159.0 215.2 234.7 193.4 168.9 111.5 82.3 102.8 157.3 153.5 187.5 118.3 114.4 108.1 113.8 126.5 130.5 144.0 132.2 118.2 98.0 84.0 75.6 76.2
-9999.0 -9999.0 -9999.0 -9999.0 -9999.0 -9999.0 -9999.0 -9999.0 -9999.0 -9999.0 -9999.0 -9999.0 -9999.0 -9999.0 -9999.0 -9999.0 -9999.0 -9999.0 -9999.0 -9999.0 -9999.0 -9999.0 -9999.0 -9999.0 -9999.0 -9999.0 -9999.0 -9999.0 -9999.0 -9999.0 -9999.0 -9999.0 -9999.0 -9999.0 -9999.0 -9999.0 -9999.0 -9999.0 -9999.0 -9999.0 -9999.0 -9999.0 -9999.0 -9999.0 -9999.0 -9999.0 -9999.0 -9999.0 -9999.0 -9999.0 58.9 225.1 189.8 261.8 249.6 192.5 116.8 146.0 150.2 139.7 128.5 135.3 98.6 105.8 110.3 93.5 106.1 112.1 128.9 131.5 126.0 111.1 92.5 75.9 71.8
-9999.0 -9999.0 -9999.0 -9999.0 -9999.0 -9999.0 -9999.0 -9999.0 -9999.0 -9999.0 -9999.0 -9999.0 -9999.0 -9999.0 -9999.0 -9999.0 -9999.0 -9999.0 -9999.0 -9999.0 -9999.0 -9999.0 -9999.0 -9999.0 -9999.0 -9999.0 -9999.0 -9999.0 -9999.0 -9999.0 -9999.0 -9999.0 -9999.0 -9999.0 -9999.0 -9999.0 -9999.0 -9999.0 -9999.0 -9999.0 -9999.0 -9999.0 -9999.0 -9999.0 -9999.0 -9999.0 -9999.0 -9999.0 -9999.0 -9999.0 60.9 154.8 178.8 328.6 244.1 211.0 241.2 176.7 183.2 119.6 128.3 124.3 102.1 88.9 111.4 112.7 108.6 118.3 134.5 148.6 135.9 126.4 92.8 81.1 69.9
-9999.0 -9999.0 -9999.0 -9999.0 -9999.0 -9999.0 -9999.0 -9999.0 -9999.0 -9999.0 -9999.0 -9999.0 -9999.0 -9999.0 -9999.0 -9999.0 -9999.0 -9999.0 -9999.0 -9999.0 -9999.0 -9999.0 -9999.0 -9999.0 -9999.0 -9999.0 -9999.0 -9999.0 -9999.0 -9999.0 -9999.0 -9999.0 -9999.0 -9999.0 -9999.0 -9999.0 -9999.0 -9999.0 -9999.0 -9999.0 -9999.0 -9999.0 -9999.0 -9999.0 -9999.0 -9999.0 -9999.0 -9999.0 -9999.0 -9999.0 140.8 253.1 262.6 312.5 302.9 314.4 220.3 227.8 196.6 126.2 118.8 88.4 66.0 93.0 131.0 151.5 165.0 159.4 175.1 141.8 139.2 114.1 93.2 83.2 74.0
-9999.0 -9999.0 -9999.0 -9999.0 -9999.0 -9999.0 -9999.0 -9999.0 -9999.0 -9999.0 -9999.0 -9999.0 -9999.0 -9999.0 -9999.0 -9999.0 -9999.0 -9999.0 -9999.0 -9999.0 -9999.0 -9999.0 -9999.0 -9999.0 -9999.0 -9999.0 -9999.0 -9999.0 -9999.0 -9999.0 -9999.0 -9999.0 -9999.0 -9999.0 -9999.0 -9999.0 -9999.0 -9999.0 -9999.0 -9999.0 -9999.0 -9999.0 -9999.0 -9999.0 -9999.0 -9999.0 -9999.0 -9999.0 -9999.0 -9999.0 -9999.0 -9999.0 -9999.0 284.7 288.9 290.7 291.7 278.0 186.9 144.6 183.6 83.4 110.1 121.7 167.3 195.7 219.2 183.5 194.7 173.6 137.4 108.1 89.4 83.0 86.2
-9999.0 -9999.0 -9999.0 -9999.0 -9999.0 -9999.0 -9999.0 -9999.0 -9999.0 -9999.0 -9999.0 -9999.0 -9999.0 -9999.0 -9999.0 -9999.0 -9999.0 -9999.0 -9999.0 -9999.0 -9999.0 -9999.0 -9999.0 -9999.0 -9999.0 -9999.0 -9999.0 -9999.0 -9999.0 -9999.0 -9999.0 -9999.0 -9999.0 -9999.0 -9999.0 -9999.0 -9999.0 -9999.0 -9999.0 -9999.0 -9999.0 -9999.0 -9999.0 -9999.0 -9999.0 -9999.0 -9999.0 -9999.0 -9999.0 -9999.0 -9999.0 -9999.0 -9999.0 298.5 281.3 426.3 295.0 244.3 231.2 232.3 152.9 131.9 149.8 180.8 216.4 234.4 191.2 237.6 171.7 152.3 129.2 119.3 113.9 112.6 115.0
-9999.0 -9999.0 -9999.0 -9999.0 -9999.0 -9999.0 -9999.0 -9999.0 -9999.0 -9999.0 -9999.0 -9999.0 -9999.0 -9999.0 -9999.0 -9999.0 -9999.0 -9999.0 -9999.0 -9999.0 -9999.0 -9999.0 -9999.0 -9999.0 -9999.0 -9999.0 -9999.0 -9999.0 -9999.0 -9999.0 -9999.0 -9999.0 -9999.0 -9999.0 -9999.0 -9999.0 -9999.0 -9999.0 -9999.0 -9999.0 -9999.0 -9999.0 -9999.0 -9999.0 -9999.0 -9999.0 -9999.0 -9999.0 -9999.0 -9999.0 -9999.0 -9999.0 -9999.0 311.3 233.7 350.1 308.7 254.9 251.5 228.6 224.9 205.5 226.9 259.5 249.7 -9999.0 -9999.0 -9999.0 187.4 142.7 150.3 172.7 184.2 181.5 173.4
-9999.0 -9999.0 -9999.0 -9999.0 -9999.0 -9999.0 -9999.0 -9999.0 -9999.0 -9999.0 -9999.0 -9999.0 -9999.0 -9999.0 -9999.0 -9999.0 -9999.0 -9999.0 -9999.0 -9999.0 -9999.0 -9999.0 -9999.0 -9999.0 -9999.0 -9999.0 -9999.0 -9999.0 -9999.0 -9999.0 -9999.0 -9999.0 -9999.0 -9999.0 -9999.0 -9999.0 -9999.0 -9999.0 -9999.0 -9999.0 -9999.0 -9999.0 -9999.0 -9999.0 -9999.0 -9999.0 -9999.0 -9999.0 -9999.0 -9999.0 -9999.0 -9999.0 -9999.0 -9999.0 324.8 318.6 241.4 221.3 287.0 315.2 247.4 -9999.0 -9999.0 -9999.0 -9999.0 -9999.0 -9999.0 -9999.0 168.2 174.4 218.5 237.4 262.9 262.5 234.4
-9999.0 -9999.0 -9999.0 -9999.0 -9999.0 -9999.0 -9999.0 -9999.0 -9999.0 -9999.0 -9999.0 -9999.0 -9999.0 -9999.0 -9999.0 -9999.0 -9999.0 -9999.0 -9999.0 -9999.0 -9999.0 -9999.0 -9999.0 -9999.0 -9999.0 -9999.0 -9999.0 -9999.0 -9999.0 -9999.0 -9999.0 -9999.0 -9999.0 -9999.0 -9999.0 -9999.0 -9999.0 -9999.0 -9999.0 -9999.0 -9999.0 -9999.0 -9999.0 -9999.0 -9999.0 -9999.0 -9999.0 -9999.0 -9999.0 -9999.0 -9999.0 -9999.0 -9999.0 -9999.0 -9999.0 292.4 396.6 292.8 276.6 323.0 313.7 -9999.0 -9999.0 -9999.0 -9999.0 -9999.0 -9999.0 -9999.0 -9999.0 -9999.0 230.0 -9999.0 -9999.0 -9999.0 -9999.0
