program/excelProcessViaJava/data/SURF_CLI_CHN_PRE_MON_GRID_0.5-198407.txt
NCOLS      128
NROWS       72
XLLCORNER    72.000000000000    
YLLCORNER    18.000000000000    
CELLSIZE    0.50000000000000    
NODATA_VALUE   -9999.000    
[rows 33 to 65 of 72, columns 0 to 73 of 128]
-9999.0 -9999.0 -9999.0 -9999.0 15.6 31.1 50.2 29.3 29.0 10.5 14.4 11.2 8.1 5.0 5.0 5.4 5.2 5.3 6.1 6.8 6.3 6.0 7.1 9.5 12.4 15.8 19.1 58.4 29.6 32.3 34.3 31.3 29.7 30.9 24.3 21.3 17.2 25.6 18.3 8.8 4.4 3.5 3.5 4.2 5.4 6.6 7.6 10.1 14.1 14.2 20.4 41.8 65.3 96.0 64.1 71.6 72.0 101.1 100.0 135.7 130.0 103.6 80.2 52.2 46.4 57.7 63.8 45.2 56.6 53.5 66.2 98.6 134.3 159.9
-9999.0 -9999.0 -9999.0 -9999.0 25.9 22.3 47.9 26.5 75.7 74.3 24.4 66.6 45.0 47.0 13.4 13.9 14.9 10.1 9.5 10.3 11.3 11.7 13.7 23.8 46.4 62.2 40.9 40.3 37.3 36.4 35.3 37.7 33.8 32.6 32.1 27.8 29.5 31.7 19.5 11.7 14.6 6.4 5.7 5.6 6.1 6.4 6.0 5.4 5.9 9.6 16.1 25.8 62.9 54.6 51.0 58.0 60.3 71.9 88.7 78.9 106.6 70.9 59.2 59.2 54.4 48.7 70.1 59.6 61.2 88.5 92.6 128.9 157.9 169.5
-9999.0 -9999.0 -9999.0 -9999.0 -9999.0 -9999.0 -9999.0 33.8 54.0 43.9 92.8 95.4 57.2 69.4 70.3 17.4 36.2 21.9 20.4 28.0 46.2 62.0 61.9 54.5 48.9 45.2 46.1 44.8 43.2 45.0 42.8 41.3 40.0 40.7 42.7 38.0 42.9 37.7 43.9 42.9 20.0 42.4 34.5 20.3 12.7 8.9 9.7 8.0 11.4 10.8 16.7 27.5 45.5 121.2 110.5 56.9 50.3 52.7 93.7 79.9 114.1 69.0 61.7 66.4 74.8 64.8 79.9 96.0 90.2 105.2 110.9 134.1 154.8 154.5
-9999.0 -9999.0 -9999.0 -9999.0 -9999.0 -9999.0 -9999.0 78.0 32.3 63.3 80.9 66.2 81.5 111.0 84.2 130.2 79.6 74.1 98.7 67.4 62.3 71.4 60.7 57.3 52.0 49.6 46.7 49.5 43.8 42.3 45.0 45.0 45.1 49.4 47.0 48.7 47.8 52.5 51.2 46.7 45.5 42.2 43.0 63.1 31.7 19.9 23.4 25.3 48.8 42.9 92.0 90.2 63.6 89.2 139.0 80.6 73.8 81.2 102.7 117.8 103.5 94.2 79.4 89.0 88.8 87.7 93.8 104.1 142.3 108.0 119.0 127.7 128.7 126.5
-9999.0 -9999.0 -9999.0 -9999.0 -9999.0 -9999.0 -9999.0 -9999.0 -9999.0 59.7 61.8 59.7 92.4 91.7 80.9 74.3 89.8 130.5 91.9 108.0 82.0 66.3 61.2 58.0 54.4 50.7 50.4 48.8 46.0 48.7 45.4 47.0 48.7 52.5 53.2 56.5 59.3 64.3 63.4 65.7 59.9 60.6 55.2 50.0 56.9 55.9 56.6 56.5 63.2 70.1 91.3 89.7 92.3 102.0 154.1 110.5 93.2 96.7 122.8 122.7 128.5 147.1 148.7 109.5 117.8 113.0 108.4 119.6 175.6 134.8 137.5 122.6 111.4 112.0
-9999.0 -9999.0 -9999.0 -9999.0 -9999.0 -9999.0 -9999.0 -9999.0 -9999.0 -9999.0 -9999.0 87.3 52.1 99.6 85.3 93.9 88.3 82.5 78.5 80.5 85.2 71.0 68.3 60.5 65.6 57.2 56.2 53.5 51.0 49.5 49.7 52.5 53.4 57.4 62.1 72.9 75.4 81.9 102.2 89.4 94.6 84.3 76.3 72.3 93.9 77.3 105.2 89.4 101.3 100.9 90.5 100.0 114.2 146.3 188.2 166.9 135.1 141.8 135.0 137.9 163.2 158.9 150.1 142.5 159.5 130.5 120.3 142.5 176.3 180.8 163.8 147.0 123.8 117.3
-9999.0 -9999.0 -9999.0 -9999.0 -9999.0 -9999.0 -9999.0 -9999.0 -9999.0 -9999.0 -9999.0 -9999.0 54.9 58.7 90.2 77.6 110.0 86.6 83.9 99.5 68.9 69.6 67.1 61.6 77.2 58.6 55.2 55.6 53.4 54.7 53.0 54.6 57.8 64.0 71.9 81.0 99.3 103.8 109.2 110.7 110.2 108.0 105.4 112.9 114.0 122.2 135.4 115.3 122.4 126.2 150.8 150.4 144.6 153.6 183.7 199.9 194.5 206.5 140.9 184.3 182.8 216.8 221.5 190.1 161.9 202.5 166.1 185.0 203.4 214.5 193.4 186.1 164.1 155.5
-9999.0 -9999.0 -9999.0 -9999.0 -9999.0 -9999.0 -9999.0 -9999.0 -9999.0 -9999.0 -9999.0 -9999.0 87.6 49.4 48.6 77.8 60.8 69.0 84.8 77.4 73.0 74.0 68.7 62.5 59.2 59.3 57.9 57.0 55.7 56.0 55.5 57.5 61.0 67.5 77.3 90.3 109.5 127.4 139.0 144.5 140.9 138.0 151.5 138.7 157.2 177.5 164.1 158.1 137.9 156.0 150.7 162.2 154.3 185.5 181.2 212.2 193.8 200.3 168.2 175.5 187.7 202.3 236.2 259.1 160.1 185.1 174.0 185.3 191.3 211.4 242.6 278.3 282.8 237.3
-9999.0 -9999.0 -9999.0 -9999.0 -9999.0 -9999.0 -9999.0 -9999.0 -9999.0 -9999.0 -9999.0 -9999.0 -9999.0 57.0 80.0 49.9 67.2 60.0 59.3 60.6 64.0 59.9 65.0 60.2 60.8 62.3 60.4 59.7 57.3 56.9 58.9 61.2 62.8 69.7 82.1 97.3 117.7 141.5 175.0 178.7 179.6 183.1 178.9 196.6 190.8 194.5 215.8 227.4 223.2 204.5 188.2 163.2 164.8 247.6 237.7 230.1 209.3 221.9 269.1 232.8 234.6 214.3 235.3 152.4 143.2 157.4 188.1 215.2 229.0 243.4 271.3 254.3 259.7 269.7
-9999.0 -9999.0 -9999.0 -9999.0 -9999.0 -9999.0 -9999.0 -9999.0 -9999.0 -9999.0 -9999.0 -9999.0 45.7 69.0 64.8 50.4 72.2 61.1 60.1 50.8 52.7 54.8 57.9 58.9 60.5 60.9 60.2 60.6 60.4 59.4 61.1 66.7 63.9 72.6 82.5 101.0 123.8 153.2 177.2 192.2 213.1 229.9 242.5 202.6 221.8 239.0 244.0 236.3 237.3 223.9 229.8 241.0 195.2 226.7 216.7 219.2 248.3 180.9 227.7 215.7 231.0 263.7 225.5 264.0 159.9 145.2 238.8 248.1 252.7 272.6 285.9 283.3 255.2 209.6
-9999.0 -9999.0 -9999.0 -9999.0 -9999.0 -9999.0 -9999.0 -9999.0 -9999.0 -9999.0 -9999.0 -9999.0 48.0 28.0 36.8 71.2 63.1 42.7 43.5 50.4 45.7 51.3 53.2 55.6 58.8 62.2 63.4 64.6 65.0 68.8 71.3 70.9 67.2 81.1 90.1 102.6 130.5 159.2 187.0 200.8 205.8 202.1 200.9 209.9 226.1 249.9 283.2 281.6 268.5 211.0 197.6 226.1 195.1 194.1 202.8 191.7 213.3 235.0 217.8 281.1 320.5 364.0 187.7 128.5 121.5 198.1 181.6 281.2 319.2 317.7 302.0 282.6 263.3 288.2
-9999.0 -9999.0 -9999.0 -9999.0 -9999.0 -9999.0 -9999.0 -9999.0 -9999.0 -9999.0 -9999.0 -9999.0 14.2 33.9 22.4 28.8 30.5 47.7 38.3 40.0 49.3 50.5 47.1 50.8 53.7 55.0 57.9 57.0 68.0 71.9 76.7 68.4 84.1 95.4 100.2 107.4 130.5 160.8 191.1 206.4 211.4 203.4 223.0 187.1 216.5 260.2 281.5 257.3 214.2 201.8 199.6 176.0 295.0 313.1 250.5 183.5 207.0 237.9 269.4 234.9 254.3 270.7 467.0 143.1 125.1 320.7 293.5 300.4 319.3 331.1 299.2 280.0 281.8 306.4
-9999.0 -9999.0 -9999.0 -9999.0 -9999.0 -9999.0 -9999.0 -9999.0 -9999.0 -9999.0 -9999.0 -9999.0 -9999.0 41.8 35.2 20.2 24.0 23.4 31.6 35.4 48.6 37.9 42.7 45.9 48.2 51.6 56.5 63.4 63.6 81.6 72.7 82.4 84.7 102.1 103.0 102.1 124.8 164.9 190.4 209.3 213.7 226.4 237.5 224.2 194.8 202.8 232.5 170.8 221.9 200.7 149.2 225.6 210.7 181.0 256.7 261.9 180.8 196.1 262.3 406.8 382.2 703.8 427.6 115.0 331.5 316.3 310.1 310.4 335.1 304.3 273.1 246.2 264.3 233.0
-9999.0 -9999.0 -9999.0 -9999.0 -9999.0 -9999.0 -9999.0 -9999.0 -9999.0 -9999.0 -9999.0 -9999.0 -9999.0 4.8 22.2 12.8 25.3 15.0 17.9 22.9 36.1 36.4 38.7 38.7 43.1 46.7 51.2 62.7 68.2 59.4 69.5 80.4 101.8 107.0 102.6 114.0 142.7 169.7 185.3 199.8 208.6 210.3 209.7 206.6 246.2 195.0 188.7 132.0 140.9 138.4 181.1 120.8 196.0 252.4 292.3 254.1 192.6 210.1 298.6 206.7 418.4 232.0 175.3 405.4 375.5 332.0 313.5 323.7 316.8 292.0 245.1 218.9 226.0 266.4
-9999.0 -9999.0 -9999.0 -9999.0 -9999.0 -9999.0 -9999.0 -9999.0 -9999.0 -9999.0 -9999.0 -9999.0 -9999.0 -9999.0 -9999.0 7.7 7.5 11.6 11.5 13.0 22.7 22.5 26.2 30.9 35.5 40.2 44.1 49.9 52.6 72.0 76.8 93.9 88.8 101.6 120.8 118.0 133.1 183.6 184.9 189.1 192.1 198.6 196.4 186.5 158.8 133.6 145.3 83.2 120.6 57.9 109.7 228.7 164.9 189.2 146.7 213.1 229.4 156.9 355.0 464.3 199.7 186.9 405.9 431.4 427.4 401.2 373.7 360.6 316.1 245.9 208.7 192.4 227.6 274.9
-9999.0 -9999.0 -9999.0 -9999.0 -9999.0 -9999.0 -9999.0 -9999.0 -9999.0 -9999.0 -9999.0 -9999.0 -9999.0 -9999.0 -9999.0 -9999.0 -9999.0 10.4 5.8 -9999.0 11.3 17.3 20.2 25.7 30.2 35.5 40.3 45.8 60.7 62.1 82.9 118.3 92.0 152.6 184.7 145.1 133.0 194.4 166.4 163.8 162.8 171.5 167.5 159.9 184.1 128.0 171.7 153.5 70.4 101.5 58.5 106.7 101.6 177.2 210.6 236.6 193.3 323.9 355.0 445.7 153.7 223.6 364.6 433.2 431.8 418.5 386.4 323.3 265.5 209.7 187.5 195.4 230.1 266.1
-9999.0 -9999.0 -9999.0 -9999.0 -9999.0 -9999.0 -9999.0 -9999.0 -9999.0 -9999.0 -9999.0 -9999.0 -9999.0 -9999.0 -9999.0 -9999.0 -9999.0 -9999.0 -9999.0 -9999.0 -9999.0 11.2 15.8 23.5 25.7 36.5 43.8 51.9 59.1 84.1 93.9 157.8 166.1 163.3 180.3 142.7 149.8 151.4 151.0 163.2 155.3 135.5 143.1 140.6 188.0 122.5 265.2 84.6 162.6 484.0 101.7 231.0 223.1 119.8 165.0 253.8 293.4 253.8 530.0 382.0 159.0 191.6 289.1 353.6 414.8 420.1 364.6 269.6 213.7 180.7 173.1 198.2 229.0 242.3
-9999.0 -9999.0 -9999.0 -9999.0 -9999.0 -9999.0 -9999.0 -9999.0 -9999.0 -9999.0 -9999.0 -9999.0 -9999.0 -9999.0 -9999.0 -9999.0 -9999.0 -9999.0 -9999.0 -9999.0 -9999.0 -9999.0 -9999.0 30.7 23.9 32.5 41.4 48.1 49.7 75.0 86.5 100.1 92.9 117.8 113.0 116.5 112.2 115.1 99.3 94.0 92.6 105.7 107.0 125.9 190.4 402.3 153.1 110.6 110.9 107.9 84.6 171.2 101.5 130.8 132.5 133.2 245.1 375.0 182.0 372.6 189.0 235.3 284.0 296.1 353.1 392.5 334.3 229.1 209.4 177.1 201.7 212.8 233.3 244.4
-9999.0 -9999.0 -9999.0 -9999.0 -9999.0 -9999.0 -9999.0 -9999.0 -9999.0 -9999.0 -9999.0 -9999.0 -9999.0 -9999.0 -9999.0 -9999.0 -9999.0 -9999.0 -9999.0 -9999.0 -9999.0 -9999.0 -9999.0 -9999.0 -9999.0 95.3 54.4 38.9 45.4 55.8 69.8 108.5 128.2 114.3 122.9 98.6 96.4 83.1 73.0 61.9 71.0 72.3 209.4 191.2 365.0 453.7 284.8 412.1 118.9 117.3 178.2 138.9 191.0 180.6 124.3 147.9 229.8 226.7 363.4 336.2 280.6 266.1 577.8 285.0 318.9 331.0 279.4 252.8 254.2 234.0 207.1 211.4 212.6 220.6
-9999.0 -9999.0 -9999.0 -9999.0 -9999.0 -9999.0 -9999.0 -9999.0 -9999.0 -9999.0 -9999.0 -9999.0 -9999.0 -9999.0 -9999.0 -9999.0 -9999.0 -9999.0 -9999.0 -9999.0 -9999.0 -9999.0 -9999.0 -9999.0 -9999.0 -9999.0 -9999.0 178.3 206.5 107.2 119.3 136.6 86.4 166.5 102.7 239.4 85.5 72.3 105.4 52.3 47.5 89.0 245.0 424.1 448.9 494.9 523.4 483.3 415.1 187.1 209.0 167.8 140.6 133.5 150.0 204.4 193.6 209.8 303.0 227.7 244.0 258.9 231.6 248.8 291.4 242.9 215.8 199.7 199.8 196.2 179.6 177.5 167.4 164.2
-9999.0 -9999.0 -9999.0 -9999.0 -9999.0 -9999.0 -9999.0 -9999.0 -9999.0 -9999.0 -9999.0 -9999.0 -9999.0 -9999.0 -9999.0 -9999.0 -9999.0 -9999.0 -9999.0 -9999.0 -9999.0 -9999.0 -9999.0 -9999.0 -9999.0 -9999.0 -9999.0 -9999.0 -9999.0 -9999.0 -9999.0 -9999.0 -9999.0 238.0 109.2 -9999.0 -9999.0 -9999.0 210.8 81.4 156.7 246.4 215.6 492.6 574.8 563.1 -9999.0 -9999.0 -9999.0 -9999.0 -9999.0 -9999.0 147.9 211.4 155.9 182.3 214.7 229.5 224.9 238.5 226.4 233.5 207.4 216.3 223.4 214.3 203.1 205.0 192.1 159.7 136.6 123.8 109.6 95.3
-9999.0 -9999.0 -9999.0 -9999.0 -9999.0 -9999.0 -9999.0 -9999.0 -9999.0 -9999.0 -9999.0 -9999.0 -9999.0 -9999.0 -9999.0 -9999.0 -9999.0 -9999.0 -9999.0 -9999.0 -9999.0 -9999.0 -9999.0 -9999.0 -9999.0 -9999.0 -9999.0 -9999.0 -9999.0 -9999.0 -9999.0 -9999.0 -9999.0 -9999.0 -9999.0 -9999.0 -9999.0 -9999.0 -9999.0 505.8 507.9 532.6 558.5 573.8 -9999.0 -9999.0 -9999.0 -9999.0 -9999.0 -9999.0 -9999.0 -9999.0 182.7 282.4 220.9 200.0 224.1 246.1 266.5 262.6 232.7 205.9 205.4 180.1 231.2 255.4 259.6 198.7 174.2 166.8 130.0 90.4 71.1 59.3
-9999.0 -9999.0 -9999.0 -9999.0 -9999.0 -9999.0 -9999.0 -9999.0 -9999.0 -9999.0 -9999.0 -9999.0 -9999.0 -9999.0 -9999.0 -9999.0 -9999.0 -9999.0 -9999.0 -9999.0 -9999.0 -9999.0 -9999.0 -9999.0 -9999.0 -9999.0 -9999.0 -9999.0 -9999.0 -9999.0 -9999.0 -9999.0 -9999.0 -9999.0 -9999.0 -9999.0 -9999.0 -9999.0 -9999.0 -9999.0 -9999.0 -9999.0 -9999.0 -9999.0 -9999.0 -9999.0 -9999.0 -9999.0 -9999.0 -9999.0 -9999.0 -9999.0 199.0 348.0 255.4 293.6 225.2 225.1 232.0 229.4 206.0 180.2 390.2 167.7 213.8 212.7 182.6 181.6 176.5 163.4 133.0 95.5 90.9 61.2
-9999.0 -9999.0 -9999.0 -9999.0 -9999.0 -9999.0 -9999.0 -9999.0 -9999.0 -9999.0 -9999.0 -9999.0 -9999.0 -9999.0 -9999.0 -9999.0 -9999.0 -9999.0 -9999.0 -9999.0 -9999.0 -9999.0 -9999.0 -9999.0 -9999.0 -9999.0 -9999.0 -9999.0 -9999.0 -9999.0 -9999.0 -9999.0 -9999.0 -9999.0 -9999.0 -9999.0 -9999.0 -9999.0 -9999.0 -9999.0 -9999.0 -9999.0 -9999.0 -9999.0 -9999.0 -9999.0 -9999.0 -9999.0 -9999.0 -9999.0 -9999.0 350.1 267.8 358.8 184.6 224.7 202.4 219.0 192.4 144.6 223.8 203.1 144.2 167.5 205.7 209.6 151.3 102.1 168.2 163.3 155.6 132.5 115.5 108.5
-9999.0 -9999.0 -9999.0 -9999.0 -9999.0 -9999.0 -9999.0 -9999.0 -9999.0 -9999.0 -9999.0 -9999.0 -9999.0 -9999.0 -9999.0 -9999.0 -9999.0 -9999.0 -9999.0 -9999.0 -9999.0 -9999.0 -9999.0 -9999.0 -9999.0 -9999.0 -9999.0 -9999.0 -9999.0 -9999.0 -9999.0 -9999.0 -9999.0 -9999.0 -9999.0 -9999.0 -9999.0 -9999.0 -9999.0 -9999.0 -9999.0 -9999.0 -9999.0 -9999.0 -9999.0 -9999.0 -9999.0 -9999.0 -9999.0 -9999.0 530.8 430.7 371.2 360.2 230.9 231.7 159.0 135.8 155.7 197.8 171.9 218.7 157.6 200.6 236.7 214.1 198.4 127.7 194.7 168.2 179.6 149.5 142.1 127.0
-9999.0 -9999.0 -9999.0 -9999.0 -9999.0 -9999.0 -9999.0 -9999.0 -9999.0 -9999.0 -9999.0 -9999.0 -9999.0 -9999.0 -9999.0 -9999.0 -9999.0 -9999.0 -9999.0 -9999.0 -9999.0 -9999.0 -9999.0 -9999.0 -9999.0 -9999.0 -9999.0 -9999.0 -9999.0 -9999.0 -9999.0 -9999.0 -9999.0 -9999.0 -9999.0 -9999.0 -9999.0 -9999.0 -9999.0 -9999.0 -9999.0 -9999.0 -9999.0 -9999.0 -9999.0 -9999.0 -9999.0 -9999.0 -9999.0 -9999.0 555.0 539.4 410.9 351.8 309.8 210.2 132.9 206.6 205.7 165.0 132.7 146.3 131.4 196.0 253.1 146.4 150.7 121.7 180.0 175.4 179.6 168.1 154.9 131.0
-9999.0 -9999.0 -9999.0 -9999.0 -9999.0 -9999.0 -9999.0 -9999.0 -9999.0 -9999.0 -9999.0 -9999.0 -9999.0 -9999.0 -9999.0 -9999.0 -9999.0 -9999.0 -9999.0 -9999.0 -9999.0 -9999.0 -9999.0 -9999.0 -9999.0 -9999.0 -9999.0 -9999.0 -9999.0 -9999.0 -9999.0 -9999.0 -9999.0 -9999.0 -9999.0 -9999.0 -9999.0 -9999.0 -9999.0 -9999.0 -9999.0 -9999.0 -9999.0 -9999.0 -9999.0 -9999.0 -9999.0 -9999.0 -9999.0 -9999.0 531.9 512.7 418.4 513.8 234.1 186.4 339.9 245.1 272.2 159.8 152.6 156.7 148.6 142.6 204.9 169.4 114.4 118.8 161.1 238.9 182.4 237.7 150.6 142.7
-9999.0 -9999.0 -9999.0 -9999.0 -9999.0 -9999.0 -9999.0 -9999.0 -9999.0 -9999.0 -9999.0 -9999.0 -9999.0 -9999.0 -9999.0 -9999.0 -9999.0 -9999.0 -9999.0 -9999.0 -9999.0 -9999.0 -9999.0 -9999.0 -9999.0 -9999.0 -9999.0 -9999.0 -9999.0 -9999.0 -9999.0 -9999.0 -9999.0 -9999.0 -9999.0 -9999.0 -9999.0 -9999.0 -9999.0 -9999.0 -9999.0 -9999.0 -9999.0 -9999.0 -9999.0 -9999.0 -9999.0 -9999.0 -9999.0 -9999.0 579.9 633.7 493.7 453.8 362.0 424.2 218.6 334.4 334.4 201.3 182.8 132.0 62.6 123.4 177.3 172.1 184.6 156.2 232.9 131.9 177.1 164.8 162.3 148.2
-9999.0 -9999.0 -9999.0 -9999.0 -9999.0 -9999.0 -9999.0 -9999.0 -9999.0 -9999.0 -9999.0 -9999.0 -9999.0 -9999.0 -9999.0 -9999.0 -9999.0 -9999.0 -9999.0 -9999.0 -9999.0 -9999.0 -9999.0 -9999.0 -9999.0 -9999.0 -9999.0 -9999.0 -9999.0 -9999.0 -9999.0 -9999.0 -9999.0 -9999.0 -9999.0 -9999.0 -9999.0 -9999.0 -9999.0 -9999.0 -9999.0 -9999.0 -9999.0 -9999.0 -9999.0 -9999.0 -9999.0 -9999.0 -9999.0 -9999.0 -9999.0 -9999.0 -9999.0 452.9 369.5 336.9 382.7 456.8 323.4 271.0 400.8 104.0 239.5 153.0 155.0 141.0 203.2 120.2 199.1 207.2 163.2 130.6 130.4 136.4
-9999.0 -9999.0 -9999.0 -9999.0 -9999.0 -9999.0 -9999.0 -9999.0 -9999.0 -9999.0 -9999.0 -9999.0 -9999.0 -9999.0 -9999.0 -9999.0 -9999.0 -9999.0 -9999.0 -9999.0 -9999.0 -9999.0 -9999.0 -9999.0 -9999.0 -9999.0 -9999.0 -9999.0 -9999.0 -9999.0 -9999.0 -9999.0 -9999.0 -9999.0 -9999.0 -9999.0 -9999.0 -9999.0 -9999.0 -9999.0 -9999.0 -9999.0 -9999.0 -9999.0 -9999.0 -9999.0 -9999.0 -9999.0 -9999.0 -9999.0 -9999.0 -9999.0 -9999.0 553.1 428.1 794.0 422.9 388.7 455.6 537.5 320.6 197.4 349.3 168.9 150.8 132.1 78.4 205.5 143.8 159.3 130.2 114.7 141.0 169.9
-9999.0 -9999.0 -9999.0 -9999.0 -9999.0 -9999.0 -9999.0 -9999.0 -9999.0 -9999.0 -9999.0 -9999.0 -9999.0 -9999.0 -9999.0 -9999.0 -9999.0 -9999.0 -9999.0 -9999.0 -9999.0 -9999.0 -9999.0 -9999.0 -9999.0 -9999.0 -9999.0 -9999.0 -9999.0 -9999.0 -9999.0 -9999.0 -9999.0 -9999.0 -9999.0 -9999.0 -9999.0 -9999.0 -9999.0 -9999.0 -9999.0 -9999.0 -9999.0 -9999.0 -9999.0 -9999.0 -9999.0 -9999.0 -9999.0 -9999.0 -9999.0 -9999.0 -9999.0 637.5 383.5 583.3 469.3 406.6 473.6 462.0 501.0 421.3 508.0 464.7 162.0 -9999.0 -9999.0 -9999.0 203.6 162.6 174.2 200.8 234.1 254.8
-9999.0 -9999.0 -9999.0 -9999.0 -9999.0 -9999.0 -9999.0 -9999.0 -9999.0 -9999.0 -9999.0 -9999.0 -9999.0 -9999.0 -9999.0 -9999.0 -9999.0 -9999.0 -9999.0 -9999.0 -9999.0 -9999.0 -9999.0 -9999.0 -9999.0 -9999.0 -9999.0 -9999.0 -9999.0 -9999.0 -9999.0 -9999.0 -9999.0 -9999.0 -9999.0 -9999.0 -9999.0 -9999.0 -9999.0 -9999.0 -9999.0 -9999.0 -9999.0 -9999.0 -9999.0 -9999.0 -9999.0 -9999.0 -9999.0 -9999.0 -9999.0 -9999.0 -9999.0 -9999.0 590.8 500.6 316.8 306.8 474.0 605.7 385.0 -9999.0 -9999.0 -9999.0 -9999.0 -9999.0 -9999.0 -9999.0 192.4 250.9 349.2 332.8 360.7 363.0
-9999.0 -9999.0 -9999.0 -9999.0 -9999.0 -9999.0 -9999.0 -9999.0 -9999.0 -9999.0 -9999.0 -9999.0 -9999.0 -9999.0 -9999.0 -9999.0 -9999.0 -9999.0 -9999.0 -9999.0 -9999.0 -9999.0 -9999.0 -9999.0 -9999.0 -9999.0 -9999.0 -9999.0 -9999.0 -9999.0 -9999.0 -9999.0 -9999.0 -9999.0 -9999.0 -9999.0 -9999.0 -9999.0 -9999.0 -9999.0 -9999.0 -9999.0 -9999.0 -9999.0 -9999.0 -9999.0 -9999.0 -9999.0 -9999.0 -9999.0 -9999.0 -9999.0 -9999.0 -9999.0 -9999.0 422.6 614.8 375.6 356.1 474.5 453.3 -9999.0 -9999.0 -9999.0 -9999.0 -9999.0 -9999.0 -9999.0 -9999.0 -9999.0 359.0 -9999.0 -9999.0 -9999.0
