program/excelProcessViaJava/data/SURF_CLI_CHN_PRE_MON_GRID_0.5-199109.txt
NCOLS      128
NROWS       72
XLLCORNER    72.000000000000    
YLLCORNER    18.000000000000    
CELLSIZE    0.50000000000000    
NODATA_VALUE   -9999.000    
[rows 34 to 67 of 72, columns 0 to 75 of 128]
-9999.0 -9999.0 -9999.0 -9999.0 17.8 9.7 40.5 9.6 69.4 59.9 5.4 39.9 16.9 16.8 1.3 1.3 1.3 0.8 0.8 0.8 0.9 1.0 1.4 4.8 28.6 56.3 25.2 25.4 20.8 19.0 16.5 21.2 13.4 12.1 13.1 8.8 14.8 21.1 8.7 3.2 8.5 1.3 1.1 0.7 0.7 0.6 0.6 0.6 0.7 0.8 0.8 0.9 8.3 4.5 4.6 9.7 15.7 25.6 34.5 15.3 37.3 19.4 19.1 20.6 13.4 8.4 15.8 11.7 12.2 14.3 15.1 20.3 30.2 40.9 44.3 44.1
-9999.0 -9999.0 -9999.0 -9999.0 -9999.0 -9999.0 -9999.0 13.7 32.9 18.6 72.9 70.4 24.2 33.3 32.3 1.6 7.0 2.2 1.8 4.1 16.3 35.8 40.4 35.0 30.9 28.2 31.5 30.7 28.3 31.7 26.9 23.0 19.0 19.7 22.6 15.3 23.4 18.0 27.9 29.0 7.4 32.9 25.6 11.5 4.3 1.6 2.8 2.2 3.3 1.6 1.2 1.2 2.4 28.4 21.8 5.3 7.4 11.7 33.7 22.8 41.0 17.7 13.9 17.8 25.5 19.0 21.4 19.7 15.6 14.8 16.8 25.4 37.3 48.7 51.6 49.8
-9999.0 -9999.0 -9999.0 -9999.0 -9999.0 -9999.0 -9999.0 67.1 8.4 35.3 51.8 31.6 44.7 77.0 43.4 99.7 38.4 34.2 65.7 33.0 31.4 47.0 38.4 38.3 34.3 33.3 30.3 36.4 25.8 22.0 26.3 24.2 21.6 26.6 19.1 19.6 17.0 22.4 21.6 18.9 20.4 20.3 23.4 43.3 16.6 8.3 12.4 13.7 25.2 15.9 33.2 23.2 6.3 11.0 30.2 8.1 10.4 19.5 34.7 43.6 36.3 29.4 17.6 22.8 28.4 32.3 30.7 27.2 26.2 20.5 24.9 34.9 48.5 59.5 64.5 59.9
-9999.0 -9999.0 -9999.0 -9999.0 -9999.0 -9999.0 -9999.0 -9999.0 -9999.0 27.9 26.9 22.6 53.4 50.0 37.4 30.9 47.3 103.1 56.2 83.5 54.9 40.5 38.8 38.6 36.8 33.3 34.3 32.0 25.7 31.1 20.0 20.9 20.1 22.6 17.1 17.1 16.6 19.7 17.7 20.4 17.8 21.5 20.6 19.5 27.6 29.8 32.6 32.5 32.8 29.4 31.1 21.9 16.0 14.6 34.5 17.7 16.7 25.3 43.0 46.2 47.1 50.9 50.5 27.4 37.3 41.1 40.0 41.5 45.8 40.5 42.4 51.5 64.7 75.0 75.9 81.5
-9999.0 -9999.0 -9999.0 -9999.0 -9999.0 -9999.0 -9999.0 -9999.0 -9999.0 -9999.0 -9999.0 47.9 13.4 56.4 39.7 49.0 44.4 40.9 40.2 47.3 59.4 46.9 48.7 42.1 53.7 42.8 42.6 38.2 32.5 27.0 24.3 27.5 21.2 21.2 19.4 27.8 20.5 21.1 37.6 22.1 27.1 22.1 20.3 21.4 39.6 33.3 54.5 47.0 50.2 43.1 30.7 27.0 26.1 34.0 51.9 45.9 40.2 49.8 51.6 54.2 59.7 57.9 56.0 47.8 52.3 43.0 46.8 59.2 70.8 70.7 67.1 64.4 75.3 88.5 95.1 93.9
-9999.0 -9999.0 -9999.0 -9999.0 -9999.0 -9999.0 -9999.0 -9999.0 -9999.0 -9999.0 -9999.0 -9999.0 14.1 15.9 43.6 31.3 69.8 45.3 46.7 72.7 39.7 46.1 47.8 44.0 72.3 43.9 37.7 39.4 33.4 35.7 26.9 24.1 23.1 26.7 27.4 25.7 37.0 26.4 22.4 19.7 19.4 20.4 22.4 30.4 34.9 44.5 57.5 52.0 55.4 52.7 57.3 51.6 43.8 43.0 56.0 69.9 75.4 83.5 60.5 70.4 68.0 73.0 74.7 69.5 52.6 67.9 62.5 75.7 86.1 89.5 78.5 75.0 77.5 84.2 83.0 98.5
-9999.0 -9999.0 -9999.0 -9999.0 -9999.0 -9999.0 -9999.0 -9999.0 -9999.0 -9999.0 -9999.0 -9999.0 43.3 9.6 9.2 31.6 18.6 27.9 49.3 46.0 46.5 53.6 51.6 46.3 42.5 43.6 40.6 34.8 32.4 27.6 26.8 28.3 25.4 25.4 28.4 27.9 36.3 37.1 32.1 28.1 23.4 23.5 35.0 29.7 42.6 57.2 53.6 57.5 54.9 63.8 61.4 64.3 58.4 69.8 68.4 89.6 87.3 90.3 75.9 75.8 77.0 78.5 83.0 90.5 63.2 70.3 71.9 71.8 70.1 73.8 86.3 102.0 104.1 75.5 77.6 68.5
-9999.0 -9999.0 -9999.0 -9999.0 -9999.0 -9999.0 -9999.0 -9999.0 -9999.0 -9999.0 -9999.0 -9999.0 -9999.0 14.6 34.5 10.6 24.9 21.4 24.3 29.6 38.1 37.7 48.6 43.9 45.9 49.5 45.2 43.0 34.5 29.7 25.6 23.9 26.7 28.8 27.6 31.0 34.1 38.3 60.7 43.3 38.2 41.6 40.8 54.0 48.3 48.1 61.6 74.4 81.3 82.2 82.5 75.6 75.2 119.5 115.4 115.6 108.4 111.0 120.7 95.8 90.7 89.8 94.5 88.0 76.6 74.5 79.0 70.5 61.0 50.8 44.7 51.4 65.6 75.1 85.0 68.1
-9999.0 -9999.0 -9999.0 -9999.0 -9999.0 -9999.0 -9999.0 -9999.0 -9999.0 -9999.0 -9999.0 -9999.0 8.8 26.6 22.5 12.0 32.8 24.8 27.6 22.7 28.3 34.4 41.2 44.1 45.7 46.6 41.9 36.9 32.0 27.9 25.0 23.9 25.8 27.0 31.8 35.3 44.1 40.3 40.7 42.6 61.0 76.0 87.4 54.8 64.7 69.8 67.6 66.9 80.6 90.1 107.1 123.1 101.5 122.7 119.0 126.8 145.7 108.0 119.2 109.4 108.7 112.8 111.4 120.3 96.9 80.7 82.0 59.8 59.4 79.9 83.6 85.5 96.3 101.3 87.2 68.2
-9999.0 -9999.0 -9999.0 -9999.0 -9999.0 -9999.0 -9999.0 -9999.0 -9999.0 -9999.0 -9999.0 -9999.0 12.3 1.9 5.2 34.2 27.7 12.4 15.7 25.2 24.1 33.1 37.8 41.7 44.2 44.6 41.3 36.8 31.7 28.6 25.8 23.6 23.9 27.9 33.4 40.0 44.3 48.0 48.4 44.3 48.8 51.6 59.1 70.4 80.2 90.9 111.8 109.2 108.2 86.8 95.5 124.1 106.6 104.7 118.5 120.1 144.4 151.8 134.9 149.5 153.9 160.8 127.4 104.9 88.8 92.6 72.3 63.1 55.8 61.8 85.5 121.9 143.9 127.9 109.2 89.9
-9999.0 -9999.0 -9999.0 -9999.0 -9999.0 -9999.0 -9999.0 -9999.0 -9999.0 -9999.0 -9999.0 -9999.0 0.3 5.4 1.3 3.7 5.4 20.0 14.3 18.4 30.5 34.5 32.4 36.9 38.6 37.1 34.9 29.9 30.6 27.5 25.7 21.1 25.6 31.3 37.5 45.1 51.9 55.5 54.9 60.7 60.6 61.0 96.4 74.2 102.3 136.5 150.9 128.3 101.4 103.0 112.2 99.8 197.3 216.1 172.8 121.1 154.7 171.0 177.1 159.4 165.6 165.1 205.2 105.4 76.6 106.3 81.1 67.2 61.3 71.1 96.7 130.0 156.3 144.0 168.1 118.2
-9999.0 -9999.0 -9999.0 -9999.0 -9999.0 -9999.0 -9999.0 -9999.0 -9999.0 -9999.0 -9999.0 -9999.0 -9999.0 14.2 9.2 1.8 4.0 4.8 11.7 16.9 32.4 22.8 28.4 31.2 31.7 31.4 30.8 30.4 25.1 30.3 21.6 23.1 23.9 31.9 38.7 49.0 59.5 63.1 67.1 68.5 75.4 115.6 143.2 142.6 123.8 138.0 165.6 121.8 157.8 141.8 104.1 161.1 146.5 110.4 193.9 204.2 146.7 159.9 191.6 243.3 218.8 318.2 201.7 75.8 100.2 71.3 66.4 62.7 62.6 68.0 92.8 133.2 148.7 204.4 153.7 149.0
-9999.0 -9999.0 -9999.0 -9999.0 -9999.0 -9999.0 -9999.0 -9999.0 -9999.0 -9999.0 -9999.0 -9999.0 -9999.0 0.0 3.8 0.8 7.0 2.2 4.4 8.7 21.4 22.4 24.5 23.4 25.8 25.1 24.0 27.5 25.4 17.5 18.8 21.4 28.4 32.6 39.2 50.8 61.0 69.3 80.2 111.8 102.2 123.9 146.7 165.0 222.6 182.9 185.2 145.1 146.4 134.2 157.3 92.3 152.2 202.8 238.7 211.2 168.4 182.9 225.9 174.8 243.7 151.6 95.7 131.8 75.8 47.0 48.8 58.3 63.2 76.0 93.4 114.3 145.1 155.8 157.3 148.6
-9999.0 -9999.0 -9999.0 -9999.0 -9999.0 -9999.0 -9999.0 -9999.0 -9999.0 -9999.0 -9999.0 -9999.0 -9999.0 -9999.0 -9999.0 0.4 0.5 1.7 2.2 3.6 10.7 10.9 13.7 16.3 17.6 18.1 17.3 16.6 15.2 21.2 20.6 26.6 26.7 34.0 43.4 55.8 71.8 71.0 83.3 98.7 131.0 157.4 172.2 178.7 152.5 143.6 186.1 128.9 159.6 80.8 113.7 209.0 134.8 154.9 96.0 184.1 202.5 159.4 266.4 296.6 158.1 104.5 153.2 105.2 60.4 39.6 44.9 66.2 81.6 83.7 87.3 89.5 91.2 111.9 146.5 154.7
-9999.0 -9999.0 -9999.0 -9999.0 -9999.0 -9999.0 -9999.0 -9999.0 -9999.0 -9999.0 -9999.0 -9999.0 -9999.0 -9999.0 -9999.0 -9999.0 -9999.0 4.5 1.0 -9999.0 4.2 7.5 9.8 12.8 13.1 13.9 13.8 13.0 18.0 15.5 24.1 42.5 30.8 54.9 65.4 54.5 73.3 70.9 83.2 99.5 122.6 163.8 169.0 168.6 111.0 132.8 100.2 215.4 112.1 132.3 50.5 88.4 53.0 147.4 178.2 201.2 170.3 260.3 270.4 294.2 122.8 121.1 122.4 87.8 46.8 31.4 44.3 71.6 98.9 100.5 96.6 77.1 84.6 92.8 127.7 155.0
-9999.0 -9999.0 -9999.0 -9999.0 -9999.0 -9999.0 -9999.0 -9999.0 -9999.0 -9999.0 -9999.0 -9999.0 -9999.0 -9999.0 -9999.0 -9999.0 -9999.0 -9999.0 -9999.0 -9999.0 -9999.0 4.5 6.8 10.6 10.2 16.6 17.2 17.7 17.3 30.5 33.3 79.7 76.2 68.6 71.1 56.3 59.4 65.4 72.3 78.3 83.7 148.2 172.1 170.4 99.2 151.0 105.7 105.7 216.7 527.3 100.5 222.2 197.5 76.9 123.9 202.1 229.6 206.2 351.2 265.9 143.6 114.1 94.7 64.3 41.8 32.6 52.9 86.4 123.1 119.3 88.9 71.1 69.8 88.2 112.1 115.2
-9999.0 -9999.0 -9999.0 -9999.0 -9999.0 -9999.0 -9999.0 -9999.0 -9999.0 -9999.0 -9999.0 -9999.0 -9999.0 -9999.0 -9999.0 -9999.0 -9999.0 -9999.0 -9999.0 -9999.0 -9999.0 -9999.0 -9999.0 24.9 11.2 15.0 17.4 16.8 13.1 26.0 31.6 41.6 42.6 57.6 59.8 61.8 68.5 62.1 76.3 91.6 100.7 137.3 120.6 105.6 86.3 126.8 84.7 81.5 64.7 56.5 56.2 148.5 58.0 84.0 76.2 69.3 170.9 258.7 167.2 250.2 159.9 141.9 111.8 62.0 41.4 37.0 64.7 100.3 96.4 109.0 78.8 66.9 71.5 90.6 90.9 72.7
-9999.0 -9999.0 -9999.0 -9999.0 -9999.0 -9999.0 -9999.0 -9999.0 -9999.0 -9999.0 -9999.0 -9999.0 -9999.0 -9999.0 -9999.0 -9999.0 -9999.0 -9999.0 -9999.0 -9999.0 -9999.0 -9999.0 -9999.0 -9999.0 -9999.0 97.5 37.1 13.9 14.7 22.7 27.6 58.5 77.1 70.5 75.9 71.1 92.6 61.7 77.2 64.6 101.8 86.2 69.3 71.7 100.1 131.8 92.7 146.6 103.1 62.1 157.1 97.4 138.9 118.1 62.4 73.1 135.9 143.7 231.3 222.0 201.6 178.7 236.3 79.2 57.9 50.0 62.7 59.7 67.1 72.5 62.7 58.1 76.6 87.7 89.6 53.6
-9999.0 -9999.0 -9999.0 -9999.0 -9999.0 -9999.0 -9999.0 -9999.0 -9999.0 -9999.0 -9999.0 -9999.0 -9999.0 -9999.0 -9999.0 -9999.0 -9999.0 -9999.0 -9999.0 -9999.0 -9999.0 -9999.0 -9999.0 -9999.0 -9999.0 -9999.0 -9999.0 179.5 196.3 78.4 85.4 100.9 62.9 124.5 84.6 139.0 66.7 57.2 57.7 49.0 64.7 54.2 68.7 104.5 112.7 132.9 155.8 161.1 160.0 86.6 121.9 122.1 81.5 75.6 77.2 104.2 110.6 139.5 190.8 180.0 220.7 202.7 151.2 118.6 92.8 66.5 61.4 66.7 60.7 58.1 51.6 51.3 65.5 77.0 69.5 43.8
-9999.0 -9999.0 -9999.0 -9999.0 -9999.0 -9999.0 -9999.0 -9999.0 -9999.0 -9999.0 -9999.0 -9999.0 -9999.0 -9999.0 -9999.0 -9999.0 -9999.0 -9999.0 -9999.0 -9999.0 -9999.0 -9999.0 -9999.0 -9999.0 -9999.0 -9999.0 -9999.0 -9999.0 -9999.0 -9999.0 -9999.0 -9999.0 -9999.0 178.9 102.5 -9999.0 -9999.0 -9999.0 86.7 49.6 57.1 67.9 61.5 113.7 137.8 140.7 -9999.0 -9999.0 -9999.0 -9999.0 -9999.0 -9999.0 106.6 119.0 107.4 128.3 146.8 202.1 192.1 247.1 253.4 222.1 184.7 139.0 106.5 85.7 73.4 69.3 69.2 62.9 53.4 46.9 54.2 62.1 70.3 41.4
-9999.0 -9999.0 -9999.0 -9999.0 -9999.0 -9999.0 -9999.0 -9999.0 -9999.0 -9999.0 -9999.0 -9999.0 -9999.0 -9999.0 -9999.0 -9999.0 -9999.0 -9999.0 -9999.0 -9999.0 -9999.0 -9999.0 -9999.0 -9999.0 -9999.0 -9999.0 -9999.0 -9999.0 -9999.0 -9999.0 -9999.0 -9999.0 -9999.0 -9999.0 -9999.0 -9999.0 -9999.0 -9999.0 -9999.0 154.1 136.6 129.6 126.7 125.3 -9999.0 -9999.0 -9999.0 -9999.0 -9999.0 -9999.0 -9999.0 -9999.0 132.5 166.1 136.3 161.8 207.2 247.8 290.7 326.0 327.7 257.0 199.1 155.0 123.1 110.4 103.2 95.6 93.1 89.2 68.1 49.0 40.9 47.9 38.0 32.3
-9999.0 -9999.0 -9999.0 -9999.0 -9999.0 -9999.0 -9999.0 -9999.0 -9999.0 -9999.0 -9999.0 -9999.0 -9999.0 -9999.0 -9999.0 -9999.0 -9999.0 -9999.0 -9999.0 -9999.0 -9999.0 -9999.0 -9999.0 -9999.0 -9999.0 -9999.0 -9999.0 -9999.0 -9999.0 -9999.0 -9999.0 -9999.0 -9999.0 -9999.0 -9999.0 -9999.0 -9999.0 -9999.0 -9999.0 -9999.0 -9999.0 -9999.0 -9999.0 -9999.0 -9999.0 -9999.0 -9999.0 -9999.0 -9999.0 -9999.0 -9999.0 -9999.0 168.3 217.8 179.3 204.4 215.6 238.8 269.0 302.3 316.8 277.7 257.7 179.6 151.3 132.4 121.7 112.3 102.1 92.3 74.6 53.1 59.5 31.1 25.1 12.9
-9999.0 -9999.0 -9999.0 -9999.0 -9999.0 -9999.0 -9999.0 -9999.0 -9999.0 -9999.0 -9999.0 -9999.0 -9999.0 -9999.0 -9999.0 -9999.0 -9999.0 -9999.0 -9999.0 -9999.0 -9999.0 -9999.0 -9999.0 -9999.0 -9999.0 -9999.0 -9999.0 -9999.0 -9999.0 -9999.0 -9999.0 -9999.0 -9999.0 -9999.0 -9999.0 -9999.0 -9999.0 -9999.0 -9999.0 -9999.0 -9999.0 -9999.0 -9999.0 -9999.0 -9999.0 -9999.0 -9999.0 -9999.0 -9999.0 -9999.0 -9999.0 185.0 206.0 251.0 196.4 216.5 219.8 241.4 237.5 208.8 277.0 259.4 233.4 209.6 175.0 139.8 117.5 78.8 78.6 68.4 64.0 51.2 28.3 12.2 8.2 6.2
-9999.0 -9999.0 -9999.0 -9999.0 -9999.0 -9999.0 -9999.0 -9999.0 -9999.0 -9999.0 -9999.0 -9999.0 -9999.0 -9999.0 -9999.0 -9999.0 -9999.0 -9999.0 -9999.0 -9999.0 -9999.0 -9999.0 -9999.0 -9999.0 -9999.0 -9999.0 -9999.0 -9999.0 -9999.0 -9999.0 -9999.0 -9999.0 -9999.0 -9999.0 -9999.0 -9999.0 -9999.0 -9999.0 -9999.0 -9999.0 -9999.0 -9999.0 -9999.0 -9999.0 -9999.0 -9999.0 -9999.0 -9999.0 -9999.0 -9999.0 156.6 220.9 251.7 279.2 227.1 244.0 207.2 191.7 221.0 260.8 226.8 238.3 215.6 214.2 182.6 141.3 103.3 59.0 49.5 38.5 45.8 39.2 26.3 17.2 13.1 18.1
-9999.0 -9999.0 -9999.0 -9999.0 -9999.0 -9999.0 -9999.0 -9999.0 -9999.0 -9999.0 -9999.0 -9999.0 -9999.0 -9999.0 -9999.0 -9999.0 -9999.0 -9999.0 -9999.0 -9999.0 -9999.0 -9999.0 -9999.0 -9999.0 -9999.0 -9999.0 -9999.0 -9999.0 -9999.0 -9999.0 -9999.0 -9999.0 -9999.0 -9999.0 -9999.0 -9999.0 -9999.0 -9999.0 -9999.0 -9999.0 -9999.0 -9999.0 -9999.0 -9999.0 -9999.0 -9999.0 -9999.0 -9999.0 -9999.0 -9999.0 143.4 280.0 214.2 275.9 289.9 240.3 151.6 278.3 290.0 231.6 167.1 161.4 153.5 175.1 164.5 137.4 89.5 47.1 28.8 27.3 34.8 39.3 31.4 15.8 5.7 2.7
-9999.0 -9999.0 -9999.0 -9999.0 -9999.0 -9999.0 -9999.0 -9999.0 -9999.0 -9999.0 -9999.0 -9999.0 -9999.0 -9999.0 -9999.0 -9999.0 -9999.0 -9999.0 -9999.0 -9999.0 -9999.0 -9999.0 -9999.0 -9999.0 -9999.0 -9999.0 -9999.0 -9999.0 -9999.0 -9999.0 -9999.0 -9999.0 -9999.0 -9999.0 -9999.0 -9999.0 -9999.0 -9999.0 -9999.0 -9999.0 -9999.0 -9999.0 -9999.0 -9999.0 -9999.0 -9999.0 -9999.0 -9999.0 -9999.0 -9999.0 118.4 186.5 184.0 392.0 232.4 208.0 370.7 285.9 330.4 170.8 162.8 148.4 134.6 133.5 132.4 108.1 87.7 57.1 35.7 31.7 33.7 44.4 28.3 23.0 6.5 5.2
-9999.0 -9999.0 -9999.0 -9999.0 -9999.0 -9999.0 -9999.0 -9999.0 -9999.0 -9999.0 -9999.0 -9999.0 -9999.0 -9999.0 -9999.0 -9999.0 -9999.0 -9999.0 -9999.0 -9999.0 -9999.0 -9999.0 -9999.0 -9999.0 -9999.0 -9999.0 -9999.0 -9999.0 -9999.0 -9999.0 -9999.0 -9999.0 -9999.0 -9999.0 -9999.0 -9999.0 -9999.0 -9999.0 -9999.0 -9999.0 -9999.0 -9999.0 -9999.0 -9999.0 -9999.0 -9999.0 -9999.0 -9999.0 -9999.0 -9999.0 177.9 293.1 265.9 332.6 325.6 399.5 201.7 313.7 308.8 174.7 182.3 137.7 103.2 119.5 113.8 91.8 73.5 64.3 50.0 31.5 28.0 25.6 23.9 21.7 10.2 14.1
-9999.0 -9999.0 -9999.0 -9999.0 -9999.0 -9999.0 -9999.0 -9999.0 -9999.0 -9999.0 -9999.0 -9999.0 -9999.0 -9999.0 -9999.0 -9999.0 -9999.0 -9999.0 -9999.0 -9999.0 -9999.0 -9999.0 -9999.0 -9999.0 -9999.0 -9999.0 -9999.0 -9999.0 -9999.0 -9999.0 -9999.0 -9999.0 -9999.0 -9999.0 -9999.0 -9999.0 -9999.0 -9999.0 -9999.0 -9999.0 -9999.0 -9999.0 -9999.0 -9999.0 -9999.0 -9999.0 -9999.0 -9999.0 -9999.0 -9999.0 -9999.0 -9999.0 -9999.0 279.2 277.9 288.9 325.5 376.7 229.4 213.3 381.7 112.2 184.0 122.6 109.8 96.5 86.0 84.7 63.7 38.6 18.5 11.7 11.0 13.4 16.4 14.8
-9999.0 -9999.0 -9999.0 -9999.0 -9999.0 -9999.0 -9999.0 -9999.0 -9999.0 -9999.0 -9999.0 -9999.0 -9999.0 -9999.0 -9999.0 -9999.0 -9999.0 -9999.0 -9999.0 -9999.0 -9999.0 -9999.0 -9999.0 -9999.0 -9999.0 -9999.0 -9999.0 -9999.0 -9999.0 -9999.0 -9999.0 -9999.0 -9999.0 -9999.0 -9999.0 -9999.0 -9999.0 -9999.0 -9999.0 -9999.0 -9999.0 -9999.0 -9999.0 -9999.0 -9999.0 -9999.0 -9999.0 -9999.0 -9999.0 -9999.0 -9999.0 -9999.0 -9999.0 314.3 276.2 613.0 336.6 281.1 334.1 461.4 252.7 145.7 203.1 137.1 131.0 121.5 120.5 96.3 64.3 32.3 11.0 6.6 9.2 17.3 23.3 25.4
-9999.0 -9999.0 -9999.0 -9999.0 -9999.0 -9999.0 -9999.0 -9999.0 -9999.0 -9999.0 -9999.0 -9999.0 -9999.0 -9999.0 -9999.0 -9999.0 -9999.0 -9999.0 -9999.0 -9999.0 -9999.0 -9999.0 -9999.0 -9999.0 -9999.0 -9999.0 -9999.0 -9999.0 -9999.0 -9999.0 -9999.0 -9999.0 -9999.0 -9999.0 -9999.0 -9999.0 -9999.0 -9999.0 -9999.0 -9999.0 -9999.0 -9999.0 -9999.0 -9999.0 -9999.0 -9999.0 -9999.0 -9999.0 -9999.0 -9999.0 -9999.0 -9999.0 -9999.0 365.1 225.1 454.0 400.0 326.4 362.8 334.8 355.3 243.9 255.0 210.3 154.4 -9999.0 -9999.0 -9999.0 74.7 34.5 15.7 13.3 21.4 35.6 40.2 38.4
-9999.0 -9999.0 -9999.0 -9999.0 -9999.0 -9999.0 -9999.0 -9999.0 -9999.0 -9999.0 -9999.0 -9999.0 -9999.0 -9999.0 -9999.0 -9999.0 -9999.0 -9999.0 -9999.0 -9999.0 -9999.0 -9999.0 -9999.0 -9999.0 -9999.0 -9999.0 -9999.0 -9999.0 -9999.0 -9999.0 -9999.0 -9999.0 -9999.0 -9999.0 -9999.0 -9999.0 -9999.0 -9999.0 -9999.0 -9999.0 -9999.0 -9999.0 -9999.0 -9999.0 -9999.0 -9999.0 -9999.0 -9999.0 -9999.0 -9999.0 -9999.0 -9999.0 -9999.0 -9999.0 420.1 417.4 279.9 248.2 389.5 471.7 222.0 -9999.0 -9999.0 -9999.0 -9999.0 -9999.0 -9999.0 -9999.0 67.4 46.7 39.4 23.3 36.5 63.4 69.1 55.8
-9999.0 -9999.0 -9999.0 -9999.0 -9999.0 -9999.0 -9999.0 -9999.0 -9999.0 -9999.0 -9999.0 -9999.0 -9999.0 -9999.0 -9999.0 -9999.0 -9999.0 -9999.0 -9999.0 -9999.0 -9999.0 -9999.0 -9999.0 -9999.0 -9999.0 -9999.0 -9999.0 -9999.0 -9999.0 -9999.0 -9999.0 -9999.0 -9999.0 -9999.0 -9999.0 -9999.0 -9999.0 -9999.0 -9999.0 -9999.0 -9999.0 -9999.0 -9999.0 -9999.0 -9999.0 -9999.0 -9999.0 -9999.0 -9999.0 -9999.0 -9999.0 -9999.0 -9999.0 -9999.0 -9999.0 375.1 611.2 356.8 279.4 342.0 269.4 -9999.0 -9999.0 -9999.0 -9999.0 -9999.0 -9999.0 -9999.0 -9999.0 -9999.0 36.4 -9999.0 -9999.0 -9999.0 -9999.0 -9999.0
-9999.0 -9999.0 -9999.0 -9999.0 -9999.0 -9999.0 -9999.0 -9999.0 -9999.0 -9999.0 -9999.0 -9999.0 -9999.0 -9999.0 -9999.0 -9999.0 -9999.0 -9999.0 -9999.0 -9999.0 -9999.0 -9999.0 -9999.0 -9999.0 -9999.0 -9999.0 -9999.0 -9999.0 -9999.0 -9999.0 -9999.0 -9999.0 -9999.0 -9999.0 -9999.0 -9999.0 -9999.0 -9999.0 -9999.0 -9999.0 -9999.0 -9999.0 -9999.0 -9999.0 -9999.0 -9999.0 -9999.0 -9999.0 -9999.0 -9999.0 -9999.0 -9999.0 -9999.0 -9999.0 -9999.0 -9999.0 -9999.0 -9999.0 356.5 260.3 -9999.0 -9999.0 -9999.0 -9999.0 -9999.0 -9999.0 -9999.0 -9999.0 -9999.0 -9999.0 -9999.0 -9999.0 -9999.0 -9999.0 -9999.0 151.7
-9999.0 -9999.0 -9999.0 -9999.0 -9999.0 -9999.0 -9999.0 -9999.0 -9999.0 -9999.0 -9999.0 -9999.0 -9999.0 -9999.0 -9999.0 -9999.0 -9999.0 -9999.0 -9999.0 -9999.0 -9999.0 -9999.0 -9999.0 -9999.0 -9999.0 -9999.0 -9999.0 -9999.0 -9999.0 -9999.0 -9999.0 -9999.0 -9999.0 -9999.0 -9999.0 -9999.0 -9999.0 -9999.0 -9999.0 -9999.0 -9999.0 -9999.0 -9999.0 -9999.0 -9999.0 -9999.0 -9999.0 -9999.0 -9999.0 -9999.0 -9999.0 -9999.0 -9999.0 -9999.0 -9999.0 -9999.0 -9999.0 -9999.0 -9999.0 -9999.0 -9999.0 -9999.0 -9999.0 -9999.0 -9999.0 -9999.0 -9999.0 -9999.0 -9999.0 -9999.0 -9999.0 -9999.0 -9999.0 -9999.0 -9999.0 -9999.0
