program/excelProcessViaJava/data/SURF_CLI_CHN_PRE_MON_GRID_0.5-200004.txt
NCOLS      128
NROWS       72
XLLCORNER    72.000000000000    
YLLCORNER    18.000000000000    
CELLSIZE    0.50000000000000    
NODATA_VALUE   -9999.000    
[rows 35 to 69 of 72, columns 0 to 77 of 128]
-9999.0 -9999.0 -9999.0 -9999.0 -9999.0 -9999.0 -9999.0 0.1 0.1 0.5 0.0 0.2 3.0 2.9 3.6 5.9 6.1 3.6 2.2 2.9 2.7 1.5 1.1 1.0 1.0 1.0 0.8 0.9 1.0 1.1 1.5 2.0 2.5 2.9 3.1 3.6 3.4 3.5 3.2 3.1 3.0 2.6 2.3 2.0 2.0 2.5 1.2 0.9 0.7 1.4 3.1 5.6 6.4 1.6 1.5 1.1 1.0 2.1 6.4 11.4 12.2 9.0 6.6 4.5 2.8 1.5 2.1 5.0 9.4 11.7 8.6 9.2 13.3 14.6 13.2 15.1 14.7 12.0
-9999.0 -9999.0 -9999.0 -9999.0 -9999.0 -9999.0 -9999.0 0.0 0.3 0.1 0.1 0.7 0.6 0.2 1.8 0.2 2.6 2.7 0.9 2.1 1.8 1.0 1.1 0.9 1.0 1.0 1.1 1.0 1.6 2.1 2.2 2.8 3.5 3.6 4.5 4.7 4.9 4.7 4.7 4.7 4.6 4.5 4.2 3.2 2.6 2.3 1.3 0.9 0.9 1.7 1.9 2.9 5.2 3.1 1.3 0.7 0.8 2.3 5.5 8.1 10.0 9.6 10.2 9.2 7.0 5.4 6.2 10.3 15.4 13.2 12.6 15.9 20.9 23.6 20.2 25.5 23.8 21.8
-9999.0 -9999.0 -9999.0 -9999.0 -9999.0 -9999.0 -9999.0 -9999.0 -9999.0 0.1 0.2 0.7 0.2 0.5 1.6 2.5 1.5 0.2 1.0 0.3 0.8 1.1 1.0 0.9 1.0 1.2 1.2 1.5 2.2 2.2 3.7 4.2 4.9 5.2 6.1 6.3 6.4 6.3 6.2 6.2 6.2 6.3 6.1 5.3 4.2 3.0 2.1 1.7 2.0 2.9 3.9 4.9 4.9 3.5 1.7 1.1 1.4 3.3 6.5 8.6 8.1 6.8 7.7 17.0 16.3 14.5 14.6 17.2 17.3 16.4 17.4 19.8 25.0 30.1 34.7 30.9 34.0 34.9
-9999.0 -9999.0 -9999.0 -9999.0 -9999.0 -9999.0 -9999.0 -9999.0 -9999.0 -9999.0 -9999.0 0.1 1.8 0.2 1.0 0.8 1.2 1.5 1.4 0.9 0.5 0.8 0.7 0.9 0.5 0.9 1.1 1.5 2.3 3.3 4.3 4.7 6.2 6.9 7.6 7.3 7.9 7.8 7.7 7.6 7.7 7.7 7.6 7.1 6.6 5.0 4.6 3.6 4.2 5.3 6.9 7.8 7.0 4.8 3.0 2.5 3.6 6.1 10.0 11.9 10.4 9.6 13.8 24.2 25.7 24.1 23.2 23.5 19.1 17.9 19.0 22.7 24.6 26.3 26.4 32.9 37.7 38.0
-9999.0 -9999.0 -9999.0 -9999.0 -9999.0 -9999.0 -9999.0 -9999.0 -9999.0 -9999.0 -9999.0 -9999.0 1.1 1.7 0.5 1.4 0.3 0.9 0.8 0.3 1.0 0.7 0.6 0.8 0.2 1.0 1.6 1.7 2.7 3.0 4.9 6.3 7.4 7.8 8.4 9.1 8.9 9.5 9.3 8.9 8.6 8.8 9.2 9.8 9.6 9.0 8.4 6.6 7.5 9.5 12.0 12.5 11.4 8.9 6.3 5.3 6.5 8.7 16.6 16.7 16.6 13.5 14.7 25.6 40.4 37.3 28.9 28.2 24.5 22.6 22.8 22.9 21.7 21.9 27.0 43.6 33.6 28.5
-9999.0 -9999.0 -9999.0 -9999.0 -9999.0 -9999.0 -9999.0 -9999.0 -9999.0 -9999.0 -9999.0 -9999.0 0.1 1.9 2.7 1.0 2.3 1.5 0.5 0.6 0.5 0.4 0.4 0.7 1.1 1.1 1.6 2.6 3.2 4.8 5.7 6.4 8.3 9.4 9.9 10.6 10.7 11.3 11.5 11.2 10.5 10.5 12.2 12.4 14.5 16.1 14.6 13.0 11.8 15.8 18.8 20.6 19.5 16.0 13.5 11.0 13.4 16.5 24.8 27.1 26.1 24.1 24.1 29.4 49.2 50.0 25.7 30.6 32.1 33.7 39.2 49.4 54.4 42.2 36.9 29.3 24.1 24.8
-9999.0 -9999.0 -9999.0 -9999.0 -9999.0 -9999.0 -9999.0 -9999.0 -9999.0 -9999.0 -9999.0 -9999.0 -9999.0 0.8 0.3 2.4 1.2 1.6 1.3 1.0 0.6 0.7 0.4 0.8 0.9 0.6 1.0 1.2 2.6 4.2 6.5 8.4 8.8 9.8 11.4 11.7 12.3 13.1 14.2 14.5 14.2 14.7 15.2 18.5 20.3 23.0 25.6 25.7 25.1 25.8 28.8 30.9 31.4 25.3 22.0 20.3 23.0 24.7 24.3 31.7 33.5 37.9 41.1 64.4 50.0 52.6 53.9 49.4 54.2 54.5 50.9 55.8 57.5 46.9 44.9 30.4 24.6 18.8
-9999.0 -9999.0 -9999.0 -9999.0 -9999.0 -9999.0 -9999.0 -9999.0 -9999.0 -9999.0 -9999.0 -9999.0 0.3 0.2 0.3 1.5 0.3 0.8 0.7 1.1 0.8 0.7 0.6 0.7 0.9 0.6 1.1 2.0 3.1 4.3 6.5 9.2 9.2 11.2 11.4 12.1 12.8 14.5 16.0 17.0 19.2 21.4 23.9 21.2 27.2 33.4 36.5 33.5 33.2 35.1 41.6 44.1 44.7 40.5 38.9 36.3 31.4 48.3 41.3 47.1 50.6 54.0 67.0 72.4 88.1 78.4 41.6 53.8 74.2 84.8 87.4 83.0 54.0 24.0 20.2 20.9 22.4 23.4
-9999.0 -9999.0 -9999.0 -9999.0 -9999.0 -9999.0 -9999.0 -9999.0 -9999.0 -9999.0 -9999.0 -9999.0 0.1 1.2 1.1 0.1 0.2 1.1 0.9 0.5 0.8 0.5 0.5 0.6 0.9 1.2 1.5 2.1 3.0 4.8 6.9 9.0 9.8 12.1 12.0 11.7 12.8 15.1 17.9 19.5 20.6 20.3 21.2 25.2 32.4 41.7 50.4 52.2 50.6 41.9 48.7 55.8 57.4 60.0 60.0 64.4 52.9 50.3 59.4 57.1 62.6 69.7 97.4 100.5 95.8 63.2 75.8 53.2 45.0 45.8 58.9 63.3 50.3 51.9 48.9 29.5 23.4 29.5
-9999.0 -9999.0 -9999.0 -9999.0 -9999.0 -9999.0 -9999.0 -9999.0 -9999.0 -9999.0 -9999.0 -9999.0 0.9 0.3 1.3 1.1 1.1 0.3 0.5 0.4 0.2 0.2 0.5 0.4 0.6 0.4 0.8 0.8 2.3 3.7 5.8 7.2 10.9 12.2 11.6 10.7 11.7 14.8 19.0 22.9 24.6 23.5 29.9 25.4 37.3 51.6 60.8 63.1 58.1 59.2 61.9 61.2 60.8 56.1 59.5 84.6 70.4 64.2 65.9 80.8 90.8 102.5 101.8 105.4 64.2 40.6 47.7 52.2 47.2 33.0 34.6 70.6 64.8 69.9 106.7 56.3 72.4 30.6
-9999.0 -9999.0 -9999.0 -9999.0 -9999.0 -9999.0 -9999.0 -9999.0 -9999.0 -9999.0 -9999.0 -9999.0 -9999.0 0.1 0.2 0.9 0.7 0.8 0.4 0.3 0.1 0.4 0.3 0.3 0.7 0.6 0.8 1.2 1.2 2.7 3.5 6.3 8.8 11.1 10.3 9.4 10.7 14.3 19.8 25.0 28.3 34.3 39.2 40.5 41.8 53.0 65.3 66.3 73.6 71.5 62.8 65.4 61.8 62.7 60.3 60.4 80.0 77.8 75.6 76.4 96.4 93.7 127.1 74.6 38.0 36.1 47.6 58.1 50.0 51.8 47.6 47.9 76.5 30.8 50.5 35.7 35.3 34.3
-9999.0 -9999.0 -9999.0 -9999.0 -9999.0 -9999.0 -9999.0 -9999.0 -9999.0 -9999.0 -9999.0 -9999.0 -9999.0 1.2 0.3 0.9 0.3 0.9 0.8 0.6 0.2 0.3 0.3 0.4 1.3 0.9 0.7 1.0 0.9 0.6 1.6 3.5 6.8 8.7 8.5 8.8 10.0 13.8 20.0 28.4 31.3 35.1 38.8 43.5 57.4 58.4 66.4 67.4 68.6 64.1 63.1 45.5 54.7 57.3 56.2 56.1 62.0 66.0 71.7 86.4 104.4 108.4 77.8 58.2 40.4 40.2 59.3 76.2 80.0 73.8 76.3 83.3 76.1 71.1 60.7 63.4 78.7 36.1
-9999.0 -9999.0 -9999.0 -9999.0 -9999.0 -9999.0 -9999.0 -9999.0 -9999.0 -9999.0 -9999.0 -9999.0 -9999.0 -9999.0 -9999.0 1.1 1.3 0.9 1.2 1.7 0.8 1.4 1.7 1.5 1.1 1.0 0.3 0.4 0.3 0.4 0.7 1.8 3.5 5.7 7.4 9.0 11.9 12.9 19.1 25.7 33.3 38.3 40.5 43.0 46.6 58.8 63.7 64.9 62.9 41.2 44.6 61.9 45.9 48.1 33.8 46.3 46.7 44.1 63.3 80.3 87.1 82.1 93.9 69.5 48.3 47.4 68.7 94.7 107.4 121.2 125.2 120.7 144.6 119.8 76.1 97.7 85.8 97.2
-9999.0 -9999.0 -9999.0 -9999.0 -9999.0 -9999.0 -9999.0 -9999.0 -9999.0 -9999.0 -9999.0 -9999.0 -9999.0 -9999.0 -9999.0 -9999.0 -9999.0 4.3 5.2 -9999.0 6.2 3.1 5.5 5.4 2.7 2.3 0.6 0.5 0.4 0.2 0.3 0.9 2.5 5.3 7.7 8.0 13.3 11.2 17.6 23.4 28.5 37.6 35.9 37.0 65.8 63.1 162.9 70.1 57.4 54.2 46.7 42.0 44.9 51.9 49.8 44.0 32.5 44.2 54.1 74.3 56.5 86.1 97.9 76.1 59.6 60.5 82.9 112.9 128.8 135.0 119.7 169.3 166.9 121.6 112.1 116.2 93.7 81.8
-9999.0 -9999.0 -9999.0 -9999.0 -9999.0 -9999.0 -9999.0 -9999.0 -9999.0 -9999.0 -9999.0 -9999.0 -9999.0 -9999.0 -9999.0 -9999.0 -9999.0 -9999.0 -9999.0 -9999.0 -9999.0 10.5 8.6 4.7 6.6 9.8 6.3 3.1 0.9 0.5 0.3 1.3 2.9 5.9 9.4 9.9 10.1 11.6 13.5 12.6 11.5 33.8 37.2 36.4 67.6 55.2 258.0 85.7 79.6 111.3 67.2 84.8 81.7 64.8 56.7 49.2 40.3 31.3 55.5 64.0 53.6 78.2 97.8 85.0 75.3 84.2 105.1 122.8 127.2 123.5 124.1 154.8 145.0 107.1 99.2 98.3 88.9 73.3
-9999.0 -9999.0 -9999.0 -9999.0 -9999.0 -9999.0 -9999.0 -9999.0 -9999.0 -9999.0 -9999.0 -9999.0 -9999.0 -9999.0 -9999.0 -9999.0 -9999.0 -9999.0 -9999.0 -9999.0 -9999.0 -9999.0 -9999.0 35.2 20.4 19.1 14.7 7.9 2.4 1.4 0.7 1.4 4.8 8.4 13.6 16.9 21.5 17.9 27.8 33.4 29.7 37.8 22.8 24.5 72.6 274.6 150.4 143.2 203.9 239.7 142.8 113.4 137.6 115.1 78.4 29.2 36.1 40.7 24.8 55.7 60.0 85.7 97.5 89.7 88.5 102.9 120.4 123.2 121.1 116.7 140.6 136.6 124.1 121.6 99.2 96.8 111.7 114.2
-9999.0 -9999.0 -9999.0 -9999.0 -9999.0 -9999.0 -9999.0 -9999.0 -9999.0 -9999.0 -9999.0 -9999.0 -9999.0 -9999.0 -9999.0 -9999.0 -9999.0 -9999.0 -9999.0 -9999.0 -9999.0 -9999.0 -9999.0 -9999.0 -9999.0 60.9 42.2 9.6 7.2 5.9 4.2 5.8 10.3 16.2 23.1 30.5 44.8 33.9 47.8 36.0 49.7 24.4 37.2 49.6 183.5 294.9 287.9 439.7 142.7 260.3 148.6 180.7 161.6 149.7 96.5 47.8 36.3 22.2 37.6 46.9 66.9 87.6 122.0 85.2 86.4 100.1 107.4 103.2 118.3 136.6 131.6 123.8 101.3 118.6 120.7 113.4 116.5 151.9
-9999.0 -9999.0 -9999.0 -9999.0 -9999.0 -9999.0 -9999.0 -9999.0 -9999.0 -9999.0 -9999.0 -9999.0 -9999.0 -9999.0 -9999.0 -9999.0 -9999.0 -9999.0 -9999.0 -9999.0 -9999.0 -9999.0 -9999.0 -9999.0 -9999.0 -9999.0 -9999.0 72.6 66.3 34.3 25.4 24.2 23.5 34.7 40.2 39.1 46.0 44.9 28.9 38.6 47.9 19.7 60.3 152.8 214.5 294.4 368.9 431.3 486.8 416.1 528.8 505.8 246.1 200.8 116.8 63.2 21.2 12.0 27.2 29.5 42.1 75.1 62.6 64.8 71.0 73.9 89.8 96.7 108.0 123.9 124.2 129.9 98.0 111.7 119.1 132.8 168.0 196.3
-9999.0 -9999.0 -9999.0 -9999.0 -9999.0 -9999.0 -9999.0 -9999.0 -9999.0 -9999.0 -9999.0 -9999.0 -9999.0 -9999.0 -9999.0 -9999.0 -9999.0 -9999.0 -9999.0 -9999.0 -9999.0 -9999.0 -9999.0 -9999.0 -9999.0 -9999.0 -9999.0 -9999.0 -9999.0 -9999.0 -9999.0 -9999.0 -9999.0 59.1 62.2 -9999.0 -9999.0 -9999.0 46.1 43.2 41.0 60.6 65.9 167.4 227.3 280.0 -9999.0 -9999.0 -9999.0 -9999.0 -9999.0 -9999.0 302.1 165.9 112.1 41.2 12.7 5.5 7.9 13.2 29.2 52.9 51.2 56.0 63.7 72.2 81.3 92.2 106.7 115.4 111.7 120.2 117.6 109.6 132.3 150.8 181.0 186.2
-9999.0 -9999.0 -9999.0 -9999.0 -9999.0 -9999.0 -9999.0 -9999.0 -9999.0 -9999.0 -9999.0 -9999.0 -9999.0 -9999.0 -9999.0 -9999.0 -9999.0 -9999.0 -9999.0 -9999.0 -9999.0 -9999.0 -9999.0 -9999.0 -9999.0 -9999.0 -9999.0 -9999.0 -9999.0 -9999.0 -9999.0 -9999.0 -9999.0 -9999.0 -9999.0 -9999.0 -9999.0 -9999.0 -9999.0 80.5 92.2 110.6 135.9 167.7 -9999.0 -9999.0 -9999.0 -9999.0 -9999.0 -9999.0 -9999.0 -9999.0 214.0 133.5 67.0 22.9 5.6 2.0 1.5 3.8 12.2 28.8 43.5 52.9 72.3 88.9 97.8 93.4 96.5 110.8 120.7 118.6 110.5 128.8 139.5 159.7 176.3 184.5
-9999.0 -9999.0 -9999.0 -9999.0 -9999.0 -9999.0 -9999.0 -9999.0 -9999.0 -9999.0 -9999.0 -9999.0 -9999.0 -9999.0 -9999.0 -9999.0 -9999.0 -9999.0 -9999.0 -9999.0 -9999.0 -9999.0 -9999.0 -9999.0 -9999.0 -9999.0 -9999.0 -9999.0 -9999.0 -9999.0 -9999.0 -9999.0 -9999.0 -9999.0 -9999.0 -9999.0 -9999.0 -9999.0 -9999.0 -9999.0 -9999.0 -9999.0 -9999.0 -9999.0 -9999.0 -9999.0 -9999.0 -9999.0 -9999.0 -9999.0 -9999.0 -9999.0 151.2 101.7 39.4 20.8 4.6 2.1 1.3 2.6 5.2 13.7 55.1 46.7 73.3 98.0 102.1 94.3 86.6 94.4 111.8 123.1 138.6 144.5 161.2 170.3 191.9 205.7
-9999.0 -9999.0 -9999.0 -9999.0 -9999.0 -9999.0 -9999.0 -9999.0 -9999.0 -9999.0 -9999.0 -9999.0 -9999.0 -9999.0 -9999.0 -9999.0 -9999.0 -9999.0 -9999.0 -9999.0 -9999.0 -9999.0 -9999.0 -9999.0 -9999.0 -9999.0 -9999.0 -9999.0 -9999.0 -9999.0 -9999.0 -9999.0 -9999.0 -9999.0 -9999.0 -9999.0 -9999.0 -9999.0 -9999.0 -9999.0 -9999.0 -9999.0 -9999.0 -9999.0 -9999.0 -9999.0 -9999.0 -9999.0 -9999.0 -9999.0 -9999.0 123.8 80.5 67.9 21.7 12.8 7.9 6.3 4.5 1.2 10.3 12.5 15.8 34.9 64.5 95.2 104.1 94.0 91.1 98.9 120.2 135.4 145.1 154.9 170.3 191.7 219.2 252.4
-9999.0 -9999.0 -9999.0 -9999.0 -9999.0 -9999.0 -9999.0 -9999.0 -9999.0 -9999.0 -9999.0 -9999.0 -9999.0 -9999.0 -9999.0 -9999.0 -9999.0 -9999.0 -9999.0 -9999.0 -9999.0 -9999.0 -9999.0 -9999.0 -9999.0 -9999.0 -9999.0 -9999.0 -9999.0 -9999.0 -9999.0 -9999.0 -9999.0 -9999.0 -9999.0 -9999.0 -9999.0 -9999.0 -9999.0 -9999.0 -9999.0 -9999.0 -9999.0 -9999.0 -9999.0 -9999.0 -9999.0 -9999.0 -9999.0 -9999.0 104.0 102.3 76.7 54.9 27.7 19.7 13.6 9.2 10.0 14.0 9.3 14.9 12.3 26.6 51.7 79.8 102.8 99.3 103.9 117.6 138.7 159.4 162.7 165.4 181.9 208.3 270.7 264.1
-9999.0 -9999.0 -9999.0 -9999.0 -9999.0 -9999.0 -9999.0 -9999.0 -9999.0 -9999.0 -9999.0 -9999.0 -9999.0 -9999.0 -9999.0 -9999.0 -9999.0 -9999.0 -9999.0 -9999.0 -9999.0 -9999.0 -9999.0 -9999.0 -9999.0 -9999.0 -9999.0 -9999.0 -9999.0 -9999.0 -9999.0 -9999.0 -9999.0 -9999.0 -9999.0 -9999.0 -9999.0 -9999.0 -9999.0 -9999.0 -9999.0 -9999.0 -9999.0 -9999.0 -9999.0 -9999.0 -9999.0 -9999.0 -9999.0 -9999.0 75.9 112.8 60.7 61.5 44.5 28.6 18.7 22.6 25.5 20.7 14.8 15.4 15.0 23.0 40.2 46.6 65.9 71.5 89.3 109.0 144.0 164.3 166.3 168.9 196.5 244.3 258.0 297.4
-9999.0 -9999.0 -9999.0 -9999.0 -9999.0 -9999.0 -9999.0 -9999.0 -9999.0 -9999.0 -9999.0 -9999.0 -9999.0 -9999.0 -9999.0 -9999.0 -9999.0 -9999.0 -9999.0 -9999.0 -9999.0 -9999.0 -9999.0 -9999.0 -9999.0 -9999.0 -9999.0 -9999.0 -9999.0 -9999.0 -9999.0 -9999.0 -9999.0 -9999.0 -9999.0 -9999.0 -9999.0 -9999.0 -9999.0 -9999.0 -9999.0 -9999.0 -9999.0 -9999.0 -9999.0 -9999.0 -9999.0 -9999.0 -9999.0 -9999.0 55.2 70.6 51.1 86.0 48.7 34.4 39.1 29.8 38.6 25.6 25.1 22.8 19.4 21.5 32.9 36.3 39.0 46.1 53.1 87.1 118.8 139.6 146.9 148.3 176.0 210.1 206.5 245.3
-9999.0 -9999.0 -9999.0 -9999.0 -9999.0 -9999.0 -9999.0 -9999.0 -9999.0 -9999.0 -9999.0 -9999.0 -9999.0 -9999.0 -9999.0 -9999.0 -9999.0 -9999.0 -9999.0 -9999.0 -9999.0 -9999.0 -9999.0 -9999.0 -9999.0 -9999.0 -9999.0 -9999.0 -9999.0 -9999.0 -9999.0 -9999.0 -9999.0 -9999.0 -9999.0 -9999.0 -9999.0 -9999.0 -9999.0 -9999.0 -9999.0 -9999.0 -9999.0 -9999.0 -9999.0 -9999.0 -9999.0 -9999.0 -9999.0 -9999.0 81.9 105.4 82.0 83.5 66.3 56.5 39.0 44.2 51.0 47.5 39.1 26.6 17.8 25.5 37.3 41.7 48.8 49.9 60.3 41.5 85.3 107.1 112.1 116.7 133.4 157.9 174.2 197.4
-9999.0 -9999.0 -9999.0 -9999.0 -9999.0 -9999.0 -9999.0 -9999.0 -9999.0 -9999.0 -9999.0 -9999.0 -9999.0 -9999.0 -9999.0 -9999.0 -9999.0 -9999.0 -9999.0 -9999.0 -9999.0 -9999.0 -9999.0 -9999.0 -9999.0 -9999.0 -9999.0 -9999.0 -9999.0 -9999.0 -9999.0 -9999.0 -9999.0 -9999.0 -9999.0 -9999.0 -9999.0 -9999.0 -9999.0 -9999.0 -9999.0 -9999.0 -9999.0 -9999.0 -9999.0 -9999.0 -9999.0 -9999.0 -9999.0 -9999.0 -9999.0 -9999.0 -9999.0 74.4 68.4 59.5 57.2 65.9 75.7 78.3 84.8 55.5 55.0 54.4 59.7 60.5 68.8 52.2 56.4 59.3 69.9 77.1 79.0 85.5 105.0 138.1 169.0 191.0
-9999.0 -9999.0 -9999.0 -9999.0 -9999.0 -9999.0 -9999.0 -9999.0 -9999.0 -9999.0 -9999.0 -9999.0 -9999.0 -9999.0 -9999.0 -9999.0 -9999.0 -9999.0 -9999.0 -9999.0 -9999.0 -9999.0 -9999.0 -9999.0 -9999.0 -9999.0 -9999.0 -9999.0 -9999.0 -9999.0 -9999.0 -9999.0 -9999.0 -9999.0 -9999.0 -9999.0 -9999.0 -9999.0 -9999.0 -9999.0 -9999.0 -9999.0 -9999.0 -9999.0 -9999.0 -9999.0 -9999.0 -9999.0 -9999.0 -9999.0 -9999.0 -9999.0 -9999.0 73.5 63.5 87.1 66.9 74.0 93.0 118.2 114.6 112.1 128.9 113.4 107.2 97.6 70.5 90.2 64.0 65.9 64.8 61.5 62.5 71.4 97.9 151.1 191.6 214.6
-9999.0 -9999.0 -9999.0 -9999.0 -9999.0 -9999.0 -9999.0 -9999.0 -9999.0 -9999.0 -9999.0 -9999.0 -9999.0 -9999.0 -9999.0 -9999.0 -9999.0 -9999.0 -9999.0 -9999.0 -9999.0 -9999.0 -9999.0 -9999.0 -9999.0 -9999.0 -9999.0 -9999.0 -9999.0 -9999.0 -9999.0 -9999.0 -9999.0 -9999.0 -9999.0 -9999.0 -9999.0 -9999.0 -9999.0 -9999.0 -9999.0 -9999.0 -9999.0 -9999.0 -9999.0 -9999.0 -9999.0 -9999.0 -9999.0 -9999.0 -9999.0 -9999.0 -9999.0 66.9 43.8 69.7 69.6 75.4 98.3 121.0 160.3 181.5 212.1 208.6 140.3 -9999.0 -9999.0 -9999.0 101.4 79.4 68.4 60.2 56.9 68.1 105.8 169.0 201.2 211.4
-9999.0 -9999.0 -9999.0 -9999.0 -9999.0 -9999.0 -9999.0 -9999.0 -9999.0 -9999.0 -9999.0 -9999.0 -9999.0 -9999.0 -9999.0 -9999.0 -9999.0 -9999.0 -9999.0 -9999.0 -9999.0 -9999.0 -9999.0 -9999.0 -9999.0 -9999.0 -9999.0 -9999.0 -9999.0 -9999.0 -9999.0 -9999.0 -9999.0 -9999.0 -9999.0 -9999.0 -9999.0 -9999.0 -9999.0 -9999.0 -9999.0 -9999.0 -9999.0 -9999.0 -9999.0 -9999.0 -9999.0 -9999.0 -9999.0 -9999.0 -9999.0 -9999.0 -9999.0 -9999.0 55.9 56.8 49.3 58.5 98.6 146.0 142.0 -9999.0 -9999.0 -9999.0 -9999.0 -9999.0 -9999.0 -9999.0 104.5 95.6 87.0 53.6 48.1 65.4 100.5 142.8 159.9 146.9
-9999.0 -9999.0 -9999.0 -9999.0 -9999.0 -9999.0 -9999.0 -9999.0 -9999.0 -9999.0 -9999.0 -9999.0 -9999.0 -9999.0 -9999.0 -9999.0 -9999.0 -9999.0 -9999.0 -9999.0 -9999.0 -9999.0 -9999.0 -9999.0 -9999.0 -9999.0 -9999.0 -9999.0 -9999.0 -9999.0 -9999.0 -9999.0 -9999.0 -9999.0 -9999.0 -9999.0 -9999.0 -9999.0 -9999.0 -9999.0 -9999.0 -9999.0 -9999.0 -9999.0 -9999.0 -9999.0 -9999.0 -9999.0 -9999.0 -9999.0 -9999.0 -9999.0 -9999.0 -9999.0 -9999.0 43.3 78.5 64.6 75.5 121.3 151.4 -9999.0 -9999.0 -9999.0 -9999.0 -9999.0 -9999.0 -9999.0 -9999.0 -9999.0 65.1 -9999.0 -9999.0 -9999.0 -9999.0 -9999.0 115.8 -9999.0
-9999.0 -9999.0 -9999.0 -9999.0 -9999.0 -9999.0 -9999.0 -9999.0 -9999.0 -9999.0 -9999.0 -9999.0 -9999.0 -9999.0 -9999.0 -9999.0 -9999.0 -9999.0 -9999.0 -9999.0 -9999.0 -9999.0 -9999.0 -9999.0 -9999.0 -9999.0 -9999.0 -9999.0 -9999.0 -9999.0 -9999.0 -9999.0 -9999.0 -9999.0 -9999.0 -9999.0 -9999.0 -9999.0 -9999.0 -9999.0 -9999.0 -9999.0 -9999.0 -9999.0 -9999.0 -9999.0 -9999.0 -9999.0 -9999.0 -9999.0 -9999.0 -9999.0 -9999.0 -9999.0 -9999.0 -9999.0 -9999.0 -9999.0 80.8 94.7 -9999.0 -9999.0 -9999.0 -9999.0 -9999.0 -9999.0 -9999.0 -9999.0 -9999.0 -9999.0 -9999.0 -9999.0 -9999.0 -9999.0 -9999.0 93.9 106.2 -9999.0
-9999.0 -9999.0 -9999.0 -9999.0 -9999.0 -9999.0 -9999.0 -9999.0 -9999.0 -9999.0 -9999.0 -9999.0 -9999.0 -9999.0 -9999.0 -9999.0 -9999.0 -9999.0 -9999.0 -9999.0 -9999.0 -9999.0 -9999.0 -9999.0 -9999.0 -9999.0 -9999.0 -9999.0 -9999.0 -9999.0 -9999.0 -9999.0 -9999.0 -9999.0 -9999.0 -9999.0 -9999.0 -9999.0 -9999.0 -9999.0 -9999.0 -9999.0 -9999.0 -9999.0 -9999.0 -9999.0 -9999.0 -9999.0 -9999.0 -9999.0 -9999.0 -9999.0 -9999.0 -9999.0 -9999.0 -9999.0 -9999.0 -9999.0 -9999.0 -9999.0 -9999.0 -9999.0 -9999.0 -9999.0 -9999.0 -9999.0 -9999.0 -9999.0 -9999.0 -9999.0 -9999.0 -9999.0 -9999.0 -9999.0 -9999.0 -9999.0 -9999.0 -9999.0
-9999.0 -9999.0 -9999.0 -9999.0 -9999.0 -9999.0 -9999.0 -9999.0 -9999.0 -9999.0 -9999.0 -9999.0 -9999.0 -9999.0 -9999.0 -9999.0 -9999.0 -9999.0 -9999.0 -9999.0 -9999.0 -9999.0 -9999.0 -9999.0 -9999.0 -9999.0 -9999.0 -9999.0 -9999.0 -9999.0 -9999.0 -9999.0 -9999.0 -9999.0 -9999.0 -9999.0 -9999.0 -9999.0 -9999.0 -9999.0 -9999.0 -9999.0 -9999.0 -9999.0 -9999.0 -9999.0 -9999.0 -9999.0 -9999.0 -9999.0 -9999.0 -9999.0 -9999.0 -9999.0 -9999.0 -9999.0 -9999.0 -9999.0 -9999.0 -9999.0 -9999.0 -9999.0 -9999.0 -9999.0 -9999.0 -9999.0 -9999.0 -9999.0 -9999.0 -9999.0 -9999.0 -9999.0 -9999.0 -9999.0 -9999.0 107.1 147.7 189.1
-9999.0 -9999.0 -9999.0 -9999.0 -9999.0 -9999.0 -9999.0 -9999.0 -9999.0 -9999.0 -9999.0 -9999.0 -9999.0 -9999.0 -9999.0 -9999.0 -9999.0 -9999.0 -9999.0 -9999.0 -9999.0 -9999.0 -9999.0 -9999.0 -9999.0 -9999.0 -9999.0 -9999.0 -9999.0 -9999.0 -9999.0 -9999.0 -9999.0 -9999.0 -9999.0 -9999.0 -9999.0 -9999.0 -9999.0 -9999.0 -9999.0 -9999.0 -9999.0 -9999.0 -9999.0 -9999.0 -9999.0 -9999.0 -9999.0 -9999.0 -9999.0 -9999.0 -9999.0 -9999.0 -9999.0 -9999.0 -9999.0 -9999.0 -9999.0 -9999.0 -9999.0 -9999.0 -9999.0 -9999.0 -9999.0 -9999.0 -9999.0 -9999.0 -9999.0 -9999.0 -9999.0 -9999.0 -9999.0 40.7 90.2 122.7 183.6 -9999.0
