program/excelProcessViaJava/data/SURF_CLI_CHN_PRE_MON_GRID_0.5-200702.txt
NCOLS      128
NROWS       72
XLLCORNER    72.000000000000    
YLLCORNER    18.000000000000    
CELLSIZE    0.50000000000000    
NODATA_VALUE   -9999.000    
[rows 35 to 69 of 72, columns 0 to 78 of 128]
-9999.0 -9999.0 -9999.0 -9999.0 -9999.0 -9999.0 -9999.0 5.4 5.9 3.2 5.8 4.2 1.1 0.9 0.5 0.1 0.1 0.0 0.0 0.0 0.0 0.0 0.1 0.1 0.1 0.1 0.2 0.5 0.9 1.9 2.6 3.3 3.8 4.8 6.0 5.1 6.8 5.6 7.0 6.5 2.0 5.3 3.4 1.3 0.6 0.6 0.6 0.7 1.4 3.0 6.2 9.7 10.7 6.6 5.0 4.4 4.1 3.6 4.0 3.1 4.6 0.8 0.4 0.5 1.2 1.2 3.0 4.4 4.2 4.5 4.8 5.7 8.7 14.2 20.1 22.6 16.5 13.1 10.2
-9999.0 -9999.0 -9999.0 -9999.0 -9999.0 -9999.0 -9999.0 12.2 4.1 5.3 4.9 2.5 2.2 2.5 0.8 1.6 0.2 0.1 0.2 0.1 0.0 0.1 0.1 0.1 0.1 0.2 0.3 0.9 1.3 2.0 3.5 4.6 5.5 7.4 6.9 7.3 6.8 7.6 6.9 5.6 5.0 4.1 3.5 4.5 1.4 0.7 0.7 0.7 1.3 2.2 3.7 5.5 8.7 6.9 4.5 4.2 4.9 5.1 3.9 3.9 4.3 2.9 0.5 0.7 0.8 2.0 4.0 5.3 6.1 5.4 6.4 9.5 14.4 20.4 25.8 29.8 24.9 14.7 9.1
-9999.0 -9999.0 -9999.0 -9999.0 -9999.0 -9999.0 -9999.0 -9999.0 -9999.0 5.3 3.8 2.3 2.8 1.8 0.8 0.4 0.3 0.7 0.1 0.2 0.1 0.1 0.1 0.1 0.1 0.2 0.5 1.1 1.8 3.3 4.0 5.5 6.7 8.2 7.8 8.0 7.7 8.0 6.8 6.6 5.1 4.8 3.6 2.5 2.2 1.5 1.0 0.8 0.9 1.5 2.7 4.8 6.8 7.0 4.9 4.1 5.8 5.9 3.2 3.9 4.7 5.4 5.5 0.8 1.6 2.1 3.0 4.0 6.7 7.5 9.0 11.3 17.1 22.5 26.2 17.1 13.2 11.6 10.1
-9999.0 -9999.0 -9999.0 -9999.0 -9999.0 -9999.0 -9999.0 -9999.0 -9999.0 -9999.0 -9999.0 4.1 1.4 2.1 1.0 0.6 0.3 0.2 0.1 0.1 0.1 0.1 0.1 0.1 0.2 0.4 0.8 1.5 2.6 3.9 5.4 7.5 8.3 9.4 9.5 11.4 9.3 8.8 11.5 7.3 7.2 5.2 3.9 3.0 3.4 1.8 1.7 0.9 0.9 1.1 2.3 4.5 6.9 7.4 6.4 4.7 3.9 3.2 3.7 4.4 5.6 6.7 5.7 3.5 4.2 1.4 1.1 3.2 6.9 10.1 10.6 11.4 13.7 16.4 8.8 5.6 5.8 12.2 12.9
-9999.0 -9999.0 -9999.0 -9999.0 -9999.0 -9999.0 -9999.0 -9999.0 -9999.0 -9999.0 -9999.0 -9999.0 1.7 1.1 1.1 0.5 0.5 0.2 0.1 0.1 0.1 0.1 0.1 0.1 0.3 0.5 1.0 1.8 3.1 4.8 6.5 8.3 9.8 11.4 12.1 11.5 13.3 10.0 8.0 6.5 5.6 5.0 4.5 4.5 3.7 3.1 2.4 1.3 1.0 1.2 2.1 4.3 7.6 9.9 9.4 7.6 5.6 4.8 6.1 6.0 8.0 10.8 11.7 8.1 4.1 6.5 2.7 5.2 9.3 13.4 9.3 3.8 4.7 6.1 9.0 13.1 16.9 17.8 18.4
-9999.0 -9999.0 -9999.0 -9999.0 -9999.0 -9999.0 -9999.0 -9999.0 -9999.0 -9999.0 -9999.0 -9999.0 3.0 1.2 0.8 0.5 0.2 0.1 0.1 0.1 0.1 0.1 0.1 0.1 0.4 0.6 1.2 2.4 3.5 5.4 7.2 9.3 10.9 11.9 12.6 11.8 12.7 11.7 9.4 7.5 5.7 5.2 6.5 5.1 5.6 5.4 3.6 2.5 2.1 2.0 3.0 5.7 9.7 11.9 13.0 11.4 9.3 8.1 8.7 9.7 11.2 12.8 14.8 14.6 6.5 7.3 4.3 6.0 9.6 15.7 21.7 22.9 20.8 17.2 15.6 16.7 19.6 18.1 22.4
-9999.0 -9999.0 -9999.0 -9999.0 -9999.0 -9999.0 -9999.0 -9999.0 -9999.0 -9999.0 -9999.0 -9999.0 -9999.0 1.4 1.0 0.5 0.2 0.1 0.1 0.1 0.1 0.1 0.1 0.3 0.4 0.5 1.0 1.7 3.2 5.1 7.6 9.7 11.2 12.5 12.1 11.5 10.7 10.3 13.7 9.1 7.3 7.5 7.2 8.7 7.4 6.7 6.2 5.1 4.1 3.8 4.9 7.8 11.0 13.3 13.9 13.3 11.9 11.9 14.0 15.1 17.3 16.0 16.0 7.0 10.3 10.2 11.3 11.1 14.8 19.4 20.0 23.6 24.9 21.3 19.1 19.6 21.7 25.9 30.9
-9999.0 -9999.0 -9999.0 -9999.0 -9999.0 -9999.0 -9999.0 -9999.0 -9999.0 -9999.0 -9999.0 -9999.0 2.2 1.6 0.8 0.5 0.2 0.1 0.1 0.1 0.1 0.1 0.2 0.4 0.9 0.6 1.3 2.4 3.6 4.9 7.1 9.8 10.7 11.9 11.8 10.6 10.7 8.2 7.1 6.7 9.9 12.5 14.3 9.0 10.2 9.9 8.4 6.7 5.9 5.8 7.2 9.6 10.5 12.2 11.6 11.5 12.9 12.2 15.5 17.1 19.2 21.4 15.4 16.6 8.8 10.9 4.1 7.7 17.6 27.3 32.9 34.3 29.0 22.9 23.4 23.2 24.3 30.0 32.7
-9999.0 -9999.0 -9999.0 -9999.0 -9999.0 -9999.0 -9999.0 -9999.0 -9999.0 -9999.0 -9999.0 -9999.0 2.5 1.7 0.9 0.4 0.2 0.1 0.1 0.1 0.2 0.1 0.2 0.5 1.4 2.3 2.6 3.2 3.8 5.5 7.3 8.8 9.6 11.1 10.3 9.0 7.5 6.8 5.9 4.5 5.2 6.3 8.4 10.7 11.9 12.0 12.4 9.7 7.9 5.6 6.0 8.5 7.3 6.5 6.4 5.8 8.6 12.0 14.0 20.0 24.7 28.5 12.3 8.3 9.3 4.5 8.7 6.1 10.9 21.1 30.9 34.2 33.1 34.4 33.0 27.8 23.6 22.1 26.9
-9999.0 -9999.0 -9999.0 -9999.0 -9999.0 -9999.0 -9999.0 -9999.0 -9999.0 -9999.0 -9999.0 -9999.0 3.8 1.5 1.3 0.5 0.3 0.1 0.1 0.1 0.1 0.1 0.4 0.5 1.3 0.8 1.5 1.0 3.3 4.1 5.5 5.6 9.0 9.9 8.7 7.0 5.9 5.4 4.5 5.2 5.2 6.2 14.1 9.4 13.2 16.3 15.1 9.2 4.9 4.6 5.0 3.7 12.3 13.1 6.8 2.0 4.6 8.6 13.3 13.5 16.9 19.4 35.4 12.0 6.3 2.4 3.1 5.5 10.7 17.7 26.9 37.9 40.7 43.7 37.5 36.6 26.5 28.5 28.2
-9999.0 -9999.0 -9999.0 -9999.0 -9999.0 -9999.0 -9999.0 -9999.0 -9999.0 -9999.0 -9999.0 -9999.0 -9999.0 2.3 1.0 0.7 0.3 0.2 0.1 0.1 0.1 0.3 0.4 0.5 2.5 2.2 2.5 2.9 1.5 3.5 2.1 3.9 5.4 7.3 6.4 5.7 5.3 4.6 4.9 4.8 6.3 16.2 23.0 21.4 13.4 11.7 12.8 3.5 7.6 5.5 2.3 7.0 4.6 1.2 5.7 5.4 1.5 3.2 8.9 22.9 23.5 53.6 31.2 11.2 2.8 2.8 3.3 5.8 10.7 19.0 29.2 40.8 51.2 53.2 59.0 58.8 59.3 52.4 43.7
-9999.0 -9999.0 -9999.0 -9999.0 -9999.0 -9999.0 -9999.0 -9999.0 -9999.0 -9999.0 -9999.0 -9999.0 -9999.0 7.8 1.7 1.3 0.5 0.6 0.5 0.5 0.3 0.6 0.9 1.7 6.9 4.2 2.8 3.6 1.7 0.1 0.3 0.9 2.7 3.7 3.7 3.8 3.6 4.2 6.1 13.3 10.9 17.0 22.8 24.4 32.8 16.4 11.8 3.0 3.5 3.2 5.8 1.0 4.3 7.9 10.0 4.8 1.2 2.4 9.1 4.2 23.0 12.9 10.3 4.3 2.8 2.4 3.0 6.2 13.0 22.8 36.2 51.2 64.2 74.6 84.0 86.6 70.1 89.0 96.4
-9999.0 -9999.0 -9999.0 -9999.0 -9999.0 -9999.0 -9999.0 -9999.0 -9999.0 -9999.0 -9999.0 -9999.0 -9999.0 -9999.0 -9999.0 3.0 2.7 1.6 2.2 4.0 2.3 5.2 7.6 7.6 6.2 5.8 0.9 1.1 0.1 0.2 0.1 0.1 0.3 0.9 1.7 3.0 4.9 2.8 5.1 8.5 17.7 25.1 28.0 25.9 13.8 7.5 10.3 1.9 4.9 1.2 2.8 13.0 4.0 4.6 0.4 3.6 3.8 0.4 14.4 25.3 4.8 9.1 14.2 5.9 2.2 1.4 2.2 6.6 16.3 30.9 47.5 59.9 70.7 84.9 100.5 99.2 96.0 77.6 97.6
-9999.0 -9999.0 -9999.0 -9999.0 -9999.0 -9999.0 -9999.0 -9999.0 -9999.0 -9999.0 -9999.0 -9999.0 -9999.0 -9999.0 -9999.0 -9999.0 -9999.0 110.1 34.8 -9999.0 30.3 12.7 26.7 28.5 14.2 13.0 2.5 1.7 1.1 0.0 0.0 0.0 0.0 0.5 1.4 1.2 4.2 1.1 4.1 8.2 15.1 27.9 26.9 22.9 13.0 9.1 20.1 16.3 3.5 5.8 2.7 3.1 1.8 8.0 10.6 11.8 5.1 17.7 18.8 26.1 2.2 12.8 18.4 9.6 2.8 1.1 1.8 5.9 17.1 33.9 52.0 54.3 68.7 84.7 96.3 102.5 104.4 98.3 98.2
-9999.0 -9999.0 -9999.0 -9999.0 -9999.0 -9999.0 -9999.0 -9999.0 -9999.0 -9999.0 -9999.0 -9999.0 -9999.0 -9999.0 -9999.0 -9999.0 -9999.0 -9999.0 -9999.0 -9999.0 -9999.0 48.1 38.6 21.6 31.9 54.7 36.1 17.6 3.6 1.3 0.0 0.6 0.2 0.4 1.6 1.1 1.1 1.3 1.7 2.3 4.2 26.5 31.4 26.3 15.2 14.8 50.8 8.1 21.9 88.1 7.5 26.0 22.9 5.1 12.1 25.3 28.9 18.8 52.3 23.2 2.5 5.2 16.4 10.9 5.4 2.2 2.9 6.4 17.1 28.2 37.9 43.8 57.7 66.7 73.8 84.7 90.7 96.1 100.8
-9999.0 -9999.0 -9999.0 -9999.0 -9999.0 -9999.0 -9999.0 -9999.0 -9999.0 -9999.0 -9999.0 -9999.0 -9999.0 -9999.0 -9999.0 -9999.0 -9999.0 -9999.0 -9999.0 -9999.0 -9999.0 -9999.0 -9999.0 211.6 96.2 93.3 71.9 36.0 5.3 3.1 0.1 0.0 0.0 0.3 1.3 2.6 4.9 3.4 9.7 16.8 19.2 31.1 19.4 13.8 18.0 80.4 21.3 16.3 21.6 25.1 10.2 21.0 8.2 12.2 12.1 8.1 33.7 49.5 3.2 27.4 0.7 2.2 4.2 4.3 3.3 3.6 5.4 8.3 6.6 16.2 20.5 30.5 42.2 57.8 60.5 73.0 86.5 94.5 101.9
-9999.0 -9999.0 -9999.0 -9999.0 -9999.0 -9999.0 -9999.0 -9999.0 -9999.0 -9999.0 -9999.0 -9999.0 -9999.0 -9999.0 -9999.0 -9999.0 -9999.0 -9999.0 -9999.0 -9999.0 -9999.0 -9999.0 -9999.0 -9999.0 -9999.0 425.0 208.1 20.8 11.6 2.9 0.9 1.9 2.5 2.2 5.6 7.1 16.2 10.3 20.9 17.4 33.9 19.9 17.0 17.8 56.1 96.8 60.4 133.6 20.3 26.3 29.2 19.4 29.1 27.2 13.3 15.0 35.0 23.9 44.2 26.4 9.1 4.2 31.5 3.5 3.2 4.9 5.1 4.0 6.1 11.8 16.4 25.1 32.4 52.3 63.2 69.4 84.8 95.1 88.5
-9999.0 -9999.0 -9999.0 -9999.0 -9999.0 -9999.0 -9999.0 -9999.0 -9999.0 -9999.0 -9999.0 -9999.0 -9999.0 -9999.0 -9999.0 -9999.0 -9999.0 -9999.0 -9999.0 -9999.0 -9999.0 -9999.0 -9999.0 -9999.0 -9999.0 -9999.0 -9999.0 499.1 419.0 119.9 63.0 39.3 5.5 33.1 13.6 53.1 18.2 18.4 16.4 20.3 30.7 14.2 27.5 64.2 78.3 105.6 137.1 152.8 162.2 67.0 121.9 110.3 24.0 22.0 19.7 30.2 16.5 12.4 33.5 9.1 2.1 7.2 1.5 1.8 3.6 4.5 7.7 7.2 8.0 12.9 19.9 31.7 32.9 44.5 46.6 58.3 78.9 83.8 89.2
-9999.0 -9999.0 -9999.0 -9999.0 -9999.0 -9999.0 -9999.0 -9999.0 -9999.0 -9999.0 -9999.0 -9999.0 -9999.0 -9999.0 -9999.0 -9999.0 -9999.0 -9999.0 -9999.0 -9999.0 -9999.0 -9999.0 -9999.0 -9999.0 -9999.0 -9999.0 -9999.0 -9999.0 -9999.0 -9999.0 -9999.0 -9999.0 -9999.0 131.7 39.9 -9999.0 -9999.0 -9999.0 46.7 27.7 28.3 36.4 31.0 81.6 108.1 116.6 -9999.0 -9999.0 -9999.0 -9999.0 -9999.0 -9999.0 48.4 33.7 23.2 17.3 16.2 13.1 11.7 7.8 6.9 10.1 4.5 4.0 4.0 6.5 12.2 15.9 12.9 14.1 20.1 29.7 34.5 29.9 45.8 50.1 73.9 78.8 79.8
-9999.0 -9999.0 -9999.0 -9999.0 -9999.0 -9999.0 -9999.0 -9999.0 -9999.0 -9999.0 -9999.0 -9999.0 -9999.0 -9999.0 -9999.0 -9999.0 -9999.0 -9999.0 -9999.0 -9999.0 -9999.0 -9999.0 -9999.0 -9999.0 -9999.0 -9999.0 -9999.0 -9999.0 -9999.0 -9999.0 -9999.0 -9999.0 -9999.0 -9999.0 -9999.0 -9999.0 -9999.0 -9999.0 -9999.0 126.1 108.9 102.2 99.9 99.4 -9999.0 -9999.0 -9999.0 -9999.0 -9999.0 -9999.0 -9999.0 -9999.0 48.6 45.0 27.2 19.6 17.8 17.4 16.6 15.4 13.7 14.1 14.5 9.9 10.9 13.2 17.2 13.1 9.2 11.2 16.8 23.2 24.6 35.8 42.8 59.0 75.3 85.0 80.3
-9999.0 -9999.0 -9999.0 -9999.0 -9999.0 -9999.0 -9999.0 -9999.0 -9999.0 -9999.0 -9999.0 -9999.0 -9999.0 -9999.0 -9999.0 -9999.0 -9999.0 -9999.0 -9999.0 -9999.0 -9999.0 -9999.0 -9999.0 -9999.0 -9999.0 -9999.0 -9999.0 -9999.0 -9999.0 -9999.0 -9999.0 -9999.0 -9999.0 -9999.0 -9999.0 -9999.0 -9999.0 -9999.0 -9999.0 -9999.0 -9999.0 -9999.0 -9999.0 -9999.0 -9999.0 -9999.0 -9999.0 -9999.0 -9999.0 -9999.0 -9999.0 -9999.0 98.4 55.7 34.4 35.9 24.7 23.1 22.9 23.2 22.1 20.8 46.0 22.9 23.0 18.9 13.1 8.5 6.7 7.7 12.9 23.9 42.1 52.7 73.8 89.7 98.2 106.5 109.5
-9999.0 -9999.0 -9999.0 -9999.0 -9999.0 -9999.0 -9999.0 -9999.0 -9999.0 -9999.0 -9999.0 -9999.0 -9999.0 -9999.0 -9999.0 -9999.0 -9999.0 -9999.0 -9999.0 -9999.0 -9999.0 -9999.0 -9999.0 -9999.0 -9999.0 -9999.0 -9999.0 -9999.0 -9999.0 -9999.0 -9999.0 -9999.0 -9999.0 -9999.0 -9999.0 -9999.0 -9999.0 -9999.0 -9999.0 -9999.0 -9999.0 -9999.0 -9999.0 -9999.0 -9999.0 -9999.0 -9999.0 -9999.0 -9999.0 -9999.0 -9999.0 84.7 67.7 62.9 42.4 39.9 35.6 33.3 30.0 33.1 31.9 32.1 28.0 33.2 31.2 22.4 14.6 20.0 11.1 15.2 23.8 42.5 64.3 75.4 96.9 119.3 117.9 137.1 110.8
-9999.0 -9999.0 -9999.0 -9999.0 -9999.0 -9999.0 -9999.0 -9999.0 -9999.0 -9999.0 -9999.0 -9999.0 -9999.0 -9999.0 -9999.0 -9999.0 -9999.0 -9999.0 -9999.0 -9999.0 -9999.0 -9999.0 -9999.0 -9999.0 -9999.0 -9999.0 -9999.0 -9999.0 -9999.0 -9999.0 -9999.0 -9999.0 -9999.0 -9999.0 -9999.0 -9999.0 -9999.0 -9999.0 -9999.0 -9999.0 -9999.0 -9999.0 -9999.0 -9999.0 -9999.0 -9999.0 -9999.0 -9999.0 -9999.0 -9999.0 69.7 78.3 82.4 80.4 67.2 60.4 48.7 42.5 37.7 35.9 32.1 36.5 31.9 36.7 31.5 23.3 18.0 23.6 23.6 39.4 51.9 77.7 81.1 83.1 91.9 101.5 128.3 100.0 112.7
-9999.0 -9999.0 -9999.0 -9999.0 -9999.0 -9999.0 -9999.0 -9999.0 -9999.0 -9999.0 -9999.0 -9999.0 -9999.0 -9999.0 -9999.0 -9999.0 -9999.0 -9999.0 -9999.0 -9999.0 -9999.0 -9999.0 -9999.0 -9999.0 -9999.0 -9999.0 -9999.0 -9999.0 -9999.0 -9999.0 -9999.0 -9999.0 -9999.0 -9999.0 -9999.0 -9999.0 -9999.0 -9999.0 -9999.0 -9999.0 -9999.0 -9999.0 -9999.0 -9999.0 -9999.0 -9999.0 -9999.0 -9999.0 -9999.0 -9999.0 48.7 90.7 77.9 101.4 97.0 80.5 64.9 53.6 46.3 39.2 33.3 31.0 28.6 31.5 30.1 27.8 26.8 32.7 39.4 50.4 64.2 69.2 65.1 61.6 61.9 69.5 77.2 83.5 78.7
-9999.0 -9999.0 -9999.0 -9999.0 -9999.0 -9999.0 -9999.0 -9999.0 -9999.0 -9999.0 -9999.0 -9999.0 -9999.0 -9999.0 -9999.0 -9999.0 -9999.0 -9999.0 -9999.0 -9999.0 -9999.0 -9999.0 -9999.0 -9999.0 -9999.0 -9999.0 -9999.0 -9999.0 -9999.0 -9999.0 -9999.0 -9999.0 -9999.0 -9999.0 -9999.0 -9999.0 -9999.0 -9999.0 -9999.0 -9999.0 -9999.0 -9999.0 -9999.0 -9999.0 -9999.0 -9999.0 -9999.0 -9999.0 -9999.0 -9999.0 33.5 50.4 57.9 125.7 101.1 84.1 78.8 59.5 53.9 45.8 39.0 37.3 34.4 30.0 29.3 28.3 28.4 28.2 31.5 51.7 53.1 68.2 47.0 46.2 40.1 47.1 51.4 58.0 58.0
-9999.0 -9999.0 -9999.0 -9999.0 -9999.0 -9999.0 -9999.0 -9999.0 -9999.0 -9999.0 -9999.0 -9999.0 -9999.0 -9999.0 -9999.0 -9999.0 -9999.0 -9999.0 -9999.0 -9999.0 -9999.0 -9999.0 -9999.0 -9999.0 -9999.0 -9999.0 -9999.0 -9999.0 -9999.0 -9999.0 -9999.0 -9999.0 -9999.0 -9999.0 -9999.0 -9999.0 -9999.0 -9999.0 -9999.0 -9999.0 -9999.0 -9999.0 -9999.0 -9999.0 -9999.0 -9999.0 -9999.0 -9999.0 -9999.0 -9999.0 38.2 73.9 76.0 108.5 109.6 98.9 65.9 62.4 59.0 53.0 50.3 46.6 37.8 31.6 27.2 25.3 28.8 30.7 44.9 26.0 49.8 51.3 45.0 37.8 35.0 47.4 50.9 59.7 55.0
-9999.0 -9999.0 -9999.0 -9999.0 -9999.0 -9999.0 -9999.0 -9999.0 -9999.0 -9999.0 -9999.0 -9999.0 -9999.0 -9999.0 -9999.0 -9999.0 -9999.0 -9999.0 -9999.0 -9999.0 -9999.0 -9999.0 -9999.0 -9999.0 -9999.0 -9999.0 -9999.0 -9999.0 -9999.0 -9999.0 -9999.0 -9999.0 -9999.0 -9999.0 -9999.0 -9999.0 -9999.0 -9999.0 -9999.0 -9999.0 -9999.0 -9999.0 -9999.0 -9999.0 -9999.0 -9999.0 -9999.0 -9999.0 -9999.0 -9999.0 -9999.0 -9999.0 -9999.0 84.3 92.4 83.1 69.1 63.5 56.0 55.7 68.6 51.4 51.5 32.3 21.6 18.4 25.0 24.2 42.3 54.7 57.8 49.5 37.4 31.2 35.5 49.5 55.9 55.3 54.7
-9999.0 -9999.0 -9999.0 -9999.0 -9999.0 -9999.0 -9999.0 -9999.0 -9999.0 -9999.0 -9999.0 -9999.0 -9999.0 -9999.0 -9999.0 -9999.0 -9999.0 -9999.0 -9999.0 -9999.0 -9999.0 -9999.0 -9999.0 -9999.0 -9999.0 -9999.0 -9999.0 -9999.0 -9999.0 -9999.0 -9999.0 -9999.0 -9999.0 -9999.0 -9999.0 -9999.0 -9999.0 -9999.0 -9999.0 -9999.0 -9999.0 -9999.0 -9999.0 -9999.0 -9999.0 -9999.0 -9999.0 -9999.0 -9999.0 -9999.0 -9999.0 -9999.0 -9999.0 84.2 83.8 92.9 59.2 46.3 48.1 60.7 55.4 53.2 50.0 40.1 25.4 17.9 17.0 28.3 29.5 44.8 52.0 44.4 33.3 27.7 29.6 31.3 34.1 30.6 30.7
-9999.0 -9999.0 -9999.0 -9999.0 -9999.0 -9999.0 -9999.0 -9999.0 -9999.0 -9999.0 -9999.0 -9999.0 -9999.0 -9999.0 -9999.0 -9999.0 -9999.0 -9999.0 -9999.0 -9999.0 -9999.0 -9999.0 -9999.0 -9999.0 -9999.0 -9999.0 -9999.0 -9999.0 -9999.0 -9999.0 -9999.0 -9999.0 -9999.0 -9999.0 -9999.0 -9999.0 -9999.0 -9999.0 -9999.0 -9999.0 -9999.0 -9999.0 -9999.0 -9999.0 -9999.0 -9999.0 -9999.0 -9999.0 -9999.0 -9999.0 -9999.0 -9999.0 -9999.0 77.1 61.0 64.0 41.4 28.0 30.5 36.1 47.4 48.9 46.0 34.6 37.6 -9999.0 -9999.0 -9999.0 26.5 28.9 39.9 42.4 32.8 24.7 21.9 20.2 23.2 24.4 26.5
-9999.0 -9999.0 -9999.0 -9999.0 -9999.0 -9999.0 -9999.0 -9999.0 -9999.0 -9999.0 -9999.0 -9999.0 -9999.0 -9999.0 -9999.0 -9999.0 -9999.0 -9999.0 -9999.0 -9999.0 -9999.0 -9999.0 -9999.0 -9999.0 -9999.0 -9999.0 -9999.0 -9999.0 -9999.0 -9999.0 -9999.0 -9999.0 -9999.0 -9999.0 -9999.0 -9999.0 -9999.0 -9999.0 -9999.0 -9999.0 -9999.0 -9999.0 -9999.0 -9999.0 -9999.0 -9999.0 -9999.0 -9999.0 -9999.0 -9999.0 -9999.0 -9999.0 -9999.0 -9999.0 54.0 37.9 17.0 10.7 17.0 27.4 29.3 -9999.0 -9999.0 -9999.0 -9999.0 -9999.0 -9999.0 -9999.0 16.8 24.8 39.9 37.3 31.3 24.0 18.9 19.9 30.7 38.0 36.0
-9999.0 -9999.0 -9999.0 -9999.0 -9999.0 -9999.0 -9999.0 -9999.0 -9999.0 -9999.0 -9999.0 -9999.0 -9999.0 -9999.0 -9999.0 -9999.0 -9999.0 -9999.0 -9999.0 -9999.0 -9999.0 -9999.0 -9999.0 -9999.0 -9999.0 -9999.0 -9999.0 -9999.0 -9999.0 -9999.0 -9999.0 -9999.0 -9999.0 -9999.0 -9999.0 -9999.0 -9999.0 -9999.0 -9999.0 -9999.0 -9999.0 -9999.0 -9999.0 -9999.0 -9999.0 -9999.0 -9999.0 -9999.0 -9999.0 -9999.0 -9999.0 -9999.0 -9999.0 -9999.0 -9999.0 18.7 18.3 6.4 6.4 12.8 19.1 -9999.0 -9999.0 -9999.0 -9999.0 -9999.0 -9999.0 -9999.0 -9999.0 -9999.0 31.2 -9999.0 -9999.0 -9999.0 -9999.0 -9999.0 23.0 -9999.0 -9999.0
-9999.0 -9999.0 -9999.0 -9999.0 -9999.0 -9999.0 -9999.0 -9999.0 -9999.0 -9999.0 -9999.0 -9999.0 -9999.0 -9999.0 -9999.0 -9999.0 -9999.0 -9999.0 -9999.0 -9999.0 -9999.0 -9999.0 -9999.0 -9999.0 -9999.0 -9999.0 -9999.0 -9999.0 -9999.0 -9999.0 -9999.0 -9999.0 -9999.0 -9999.0 -9999.0 -9999.0 -9999.0 -9999.0 -9999.0 -9999.0 -9999.0 -9999.0 -9999.0 -9999.0 -9999.0 -9999.0 -9999.0 -9999.0 -9999.0 -9999.0 -9999.0 -9999.0 -9999.0 -9999.0 -9999.0 -9999.0 -9999.0 -9999.0 3.7 5.6 -9999.0 -9999.0 -9999.0 -9999.0 -9999.0 -9999.0 -9999.0 -9999.0 -9999.0 -9999.0 -9999.0 -9999.0 -9999.0 -9999.0 -9999.0 8.0 11.0 -9999.0 -9999.0
-9999.0 -9999.0 -9999.0 -9999.0 -9999.0 -9999.0 -9999.0 -9999.0 -9999.0 -9999.0 -9999.0 -9999.0 -9999.0 -9999.0 -9999.0 -9999.0 -9999.0 -9999.0 -9999.0 -9999.0 -9999.0 -9999.0 -9999.0 -9999.0 -9999.0 -9999.0 -9999.0 -9999.0 -9999.0 -9999.0 -9999.0 -9999.0 -9999.0 -9999.0 -9999.0 -9999.0 -9999.0 -9999.0 -9999.0 -9999.0 -9999.0 -9999.0 -9999.0 -9999.0 -9999.0 -9999.0 -9999.0 -9999.0 -9999.0 -9999.0 -9999.0 -9999.0 -9999.0 -9999.0 -9999.0 -9999.0 -9999.0 -9999.0 -9999.0 -9999.0 -9999.0 -9999.0 -9999.0 -9999.0 -9999.0 -9999.0 -9999.0 -9999.0 -9999.0 -9999.0 -9999.0 -9999.0 -9999.0 -9999.0 -9999.0 -9999.0 -9999.0 -9999.0 -9999.0
-9999.0 -9999.0 -9999.0 -9999.0 -9999.0 -9999.0 -9999.0 -9999.0 -9999.0 -9999.0 -9999.0 -9999.0 -9999.0 -9999.0 -9999.0 -9999.0 -9999.0 -9999.0 -9999.0 -9999.0 -9999.0 -9999.0 -9999.0 -9999.0 -9999.0 -9999.0 -9999.0 -9999.0 -9999.0 -9999.0 -9999.0 -9999.0 -9999.0 -9999.0 -9999.0 -9999.0 -9999.0 -9999.0 -9999.0 -9999.0 -9999.0 -9999.0 -9999.0 -9999.0 -9999.0 -9999.0 -9999.0 -9999.0 -9999.0 -9999.0 -9999.0 -9999.0 -9999.0 -9999.0 -9999.0 -9999.0 -9999.0 -9999.0 -9999.0 -9999.0 -9999.0 -9999.0 -9999.0 -9999.0 -9999.0 -9999.0 -9999.0 -9999.0 -9999.0 -9999.0 -9999.0 -9999.0 -9999.0 -9999.0 -9999.0 9.5 10.0 15.9 -9999.0
-9999.0 -9999.0 -9999.0 -9999.0 -9999.0 -9999.0 -9999.0 -9999.0 -9999.0 -9999.0 -9999.0 -9999.0 -9999.0 -9999.0 -9999.0 -9999.0 -9999.0 -9999.0 -9999.0 -9999.0 -9999.0 -9999.0 -9999.0 -9999.0 -9999.0 -9999.0 -9999.0 -9999.0 -9999.0 -9999.0 -9999.0 -9999.0 -9999.0 -9999.0 -9999.0 -9999.0 -9999.0 -9999.0 -9999.0 -9999.0 -9999.0 -9999.0 -9999.0 -9999.0 -9999.0 -9999.0 -9999.0 -9999.0 -9999.0 -9999.0 -9999.0 -9999.0 -9999.0 -9999.0 -9999.0 -9999.0 -9999.0 -9999.0 -9999.0 -9999.0 -9999.0 -9999.0 -9999.0 -9999.0 -9999.0 -9999.0 -9999.0 -9999.0 -9999.0 -9999.0 -9999.0 -9999.0 -9999.0 23.9 16.6 10.4 10.2 -9999.0 -9999.0
