program/excelProcessViaJava/data/SURF_CLI_CHN_PRE_MON_GRID_0.5-199202.txt
NCOLS      128
NROWS       72
XLLCORNER    72.000000000000    
YLLCORNER    18.000000000000    
CELLSIZE    0.50000000000000    
NODATA_VALUE   -9999.000    
[rows 35 to 69 of 72, columns 0 to 78 of 128]
-9999.0 -9999.0 -9999.0 -9999.0 -9999.0 -9999.0 -9999.0 20.5 18.3 18.9 15.3 13.8 11.9 9.5 7.2 3.4 2.9 1.8 1.4 1.1 0.9 0.9 0.9 0.8 0.9 1.0 1.3 1.6 2.0 2.5 2.8 2.9 2.8 2.7 2.6 2.0 1.9 1.3 1.3 1.0 0.4 0.7 0.4 0.2 0.2 0.4 0.3 0.8 1.2 2.7 3.5 2.9 1.6 2.2 1.4 0.3 0.2 0.2 1.1 0.8 4.2 1.5 1.6 2.0 3.0 1.9 2.3 2.5 2.1 2.2 1.1 0.5 0.5 0.4 0.2 0.2 0.1 0.2 0.2
-9999.0 -9999.0 -9999.0 -9999.0 -9999.0 -9999.0 -9999.0 17.3 23.0 18.0 15.7 14.4 11.7 9.4 7.1 5.9 3.6 2.5 2.0 1.2 0.8 0.7 0.6 0.6 0.7 0.8 1.1 1.5 1.8 2.1 2.6 2.8 2.9 3.0 2.4 2.1 1.6 1.4 1.1 0.8 0.7 0.6 0.6 1.0 0.3 0.3 0.3 0.6 1.5 2.1 3.8 3.7 2.4 2.1 2.9 0.5 0.2 0.3 1.5 3.4 3.6 4.4 3.6 4.9 4.4 3.9 3.3 3.0 3.9 2.4 1.3 0.7 0.6 0.5 0.1 0.3 0.2 0.1 0.1
-9999.0 -9999.0 -9999.0 -9999.0 -9999.0 -9999.0 -9999.0 -9999.0 -9999.0 18.6 16.8 14.7 11.0 8.7 6.6 4.7 3.3 2.6 1.4 1.1 0.6 0.5 0.4 0.4 0.5 0.6 0.9 1.2 1.6 2.1 2.4 2.7 2.8 2.8 2.3 1.9 1.5 1.3 1.0 1.0 0.9 0.9 0.8 0.7 0.8 0.8 1.0 1.3 2.3 3.4 5.0 4.8 4.1 3.2 4.5 1.6 0.6 0.7 3.0 4.0 5.0 7.0 7.9 5.2 6.0 5.1 4.2 3.3 4.1 2.3 1.5 0.6 0.5 0.5 0.4 0.1 0.1 0.1 0.2
-9999.0 -9999.0 -9999.0 -9999.0 -9999.0 -9999.0 -9999.0 -9999.0 -9999.0 -9999.0 -9999.0 12.8 12.5 7.9 6.0 4.1 2.7 1.7 1.0 0.6 0.4 0.3 0.2 0.2 0.3 0.4 0.6 1.0 1.4 2.0 2.4 2.9 2.9 2.8 2.4 2.3 1.6 1.4 1.8 1.2 1.4 1.4 1.4 1.3 2.1 1.5 2.9 2.6 4.2 5.5 5.8 6.3 6.1 6.3 7.5 5.6 3.7 4.6 4.7 5.0 6.4 5.7 5.2 5.0 6.3 5.0 3.6 3.2 2.8 2.3 1.1 0.8 0.4 0.2 0.1 0.1 0.1 0.1 0.2
-9999.0 -9999.0 -9999.0 -9999.0 -9999.0 -9999.0 -9999.0 -9999.0 -9999.0 -9999.0 -9999.0 -9999.0 11.9 8.9 5.3 3.8 2.1 1.3 0.7 0.3 0.2 0.1 0.1 0.1 0.2 0.2 0.5 0.7 1.2 1.8 2.4 2.9 3.1 3.1 2.8 2.3 2.4 1.5 1.3 1.3 1.5 1.9 2.4 3.1 3.2 3.6 4.5 3.6 5.3 7.4 10.6 10.5 8.6 7.3 8.2 9.4 10.2 11.9 5.9 8.7 6.4 7.8 7.9 6.3 4.7 8.3 4.8 4.3 3.4 2.9 0.5 0.1 0.1 0.1 0.2 2.1 0.3 0.1 0.1
-9999.0 -9999.0 -9999.0 -9999.0 -9999.0 -9999.0 -9999.0 -9999.0 -9999.0 -9999.0 -9999.0 -9999.0 8.8 9.3 7.1 3.2 2.5 1.2 0.4 0.2 0.1 0.1 0.1 0.1 0.1 0.2 0.3 0.7 1.1 1.8 2.4 3.0 3.3 3.3 3.1 2.5 2.3 2.0 1.8 1.9 2.3 3.1 4.9 4.8 6.3 7.8 6.1 5.8 5.4 9.2 10.4 11.7 9.6 10.7 9.2 12.5 13.2 14.9 10.4 7.8 6.0 5.8 8.6 11.7 4.0 7.4 4.0 3.2 1.9 2.0 4.0 8.6 8.9 2.3 1.6 0.8 0.4 0.4 0.1
-9999.0 -9999.0 -9999.0 -9999.0 -9999.0 -9999.0 -9999.0 -9999.0 -9999.0 -9999.0 -9999.0 -9999.0 -9999.0 7.5 4.0 4.4 1.7 1.1 0.5 0.2 0.1 0.1 0.0 0.1 0.1 0.1 0.2 0.3 0.8 1.5 2.4 3.2 3.6 3.7 3.3 2.8 2.2 2.1 3.7 3.1 4.0 5.9 7.6 10.6 10.1 9.3 10.4 11.5 12.3 12.6 13.2 11.1 10.5 18.2 16.4 16.6 17.6 19.8 21.2 15.1 11.3 8.4 11.0 6.6 1.7 5.7 9.3 7.6 5.3 2.2 0.1 0.3 2.3 2.8 4.2 1.8 0.9 0.3 0.1
-9999.0 -9999.0 -9999.0 -9999.0 -9999.0 -9999.0 -9999.0 -9999.0 -9999.0 -9999.0 -9999.0 -9999.0 9.9 5.5 3.8 3.3 1.0 0.6 0.2 0.3 0.1 0.1 0.0 0.1 0.1 0.1 0.1 0.4 0.8 1.4 2.3 3.3 3.7 4.1 3.9 3.2 2.9 2.1 2.2 3.3 6.8 11.0 15.3 13.3 15.4 15.6 13.2 10.2 11.6 12.9 17.2 20.2 14.2 17.4 16.2 18.0 22.3 19.3 21.2 16.0 14.0 15.3 14.9 19.5 14.4 11.1 13.2 11.1 10.9 12.4 8.8 3.3 1.1 0.7 1.3 1.5 1.1 0.9 0.8
-9999.0 -9999.0 -9999.0 -9999.0 -9999.0 -9999.0 -9999.0 -9999.0 -9999.0 -9999.0 -9999.0 -9999.0 8.2 10.0 5.6 1.5 0.8 0.9 0.4 0.1 0.1 0.0 0.0 0.0 0.1 0.2 0.2 0.4 0.8 1.5 2.4 3.2 3.8 4.4 4.2 3.6 2.8 2.4 2.7 3.6 6.3 9.6 13.4 17.0 18.8 19.4 21.9 19.0 17.0 9.8 11.7 18.4 13.8 13.0 15.3 16.0 20.6 23.4 21.4 23.3 23.3 24.7 17.4 14.3 14.1 17.7 20.2 17.3 9.7 5.7 3.7 2.3 2.3 6.7 9.3 5.1 4.1 4.8 4.5
-9999.0 -9999.0 -9999.0 -9999.0 -9999.0 -9999.0 -9999.0 -9999.0 -9999.0 -9999.0 -9999.0 -9999.0 17.0 6.4 7.5 3.7 2.1 0.3 0.2 0.1 0.0 0.0 0.0 0.0 0.1 0.0 0.1 0.1 0.7 1.2 1.9 2.4 3.7 4.2 4.2 3.7 3.1 2.8 3.1 5.0 7.6 10.6 18.8 15.1 20.2 25.4 26.2 18.6 10.7 11.6 14.1 11.1 29.2 30.6 22.6 13.9 19.8 23.2 24.9 21.0 21.7 23.0 32.4 17.5 12.6 29.7 28.9 23.1 16.1 8.6 5.3 8.7 9.1 16.0 38.7 18.3 26.1 12.6 12.5
-9999.0 -9999.0 -9999.0 -9999.0 -9999.0 -9999.0 -9999.0 -9999.0 -9999.0 -9999.0 -9999.0 -9999.0 -9999.0 4.9 3.4 4.0 1.8 1.2 0.2 0.1 0.0 0.1 0.0 0.0 0.1 0.1 0.2 0.3 0.3 1.0 1.0 1.8 2.6 3.4 3.6 3.7 3.4 2.9 3.5 5.0 8.2 16.6 23.5 24.8 18.4 18.1 22.3 8.8 19.2 16.8 9.6 21.0 17.5 10.3 23.2 23.9 14.1 16.4 22.5 31.0 28.8 42.8 31.0 13.7 25.3 31.0 30.0 26.1 20.0 16.8 11.9 8.5 15.0 7.3 20.1 20.1 22.6 22.4 21.4
-9999.0 -9999.0 -9999.0 -9999.0 -9999.0 -9999.0 -9999.0 -9999.0 -9999.0 -9999.0 -9999.0 -9999.0 -9999.0 19.9 4.2 4.7 1.2 1.8 0.9 0.3 0.1 0.0 0.0 0.1 0.4 0.2 0.2 0.4 0.4 0.1 0.3 0.7 1.4 2.0 2.4 2.7 2.4 2.5 3.8 8.7 9.4 14.9 20.2 23.4 32.8 21.5 19.2 8.3 10.6 10.7 16.5 5.4 15.3 22.3 26.0 20.5 12.3 14.1 22.0 13.7 29.1 18.9 18.6 31.9 32.7 32.8 31.2 29.4 27.4 23.0 19.1 15.3 13.0 19.1 27.5 37.2 43.4 28.8 21.9
-9999.0 -9999.0 -9999.0 -9999.0 -9999.0 -9999.0 -9999.0 -9999.0 -9999.0 -9999.0 -9999.0 -9999.0 -9999.0 -9999.0 -9999.0 5.9 4.7 2.0 1.7 1.7 0.3 0.5 0.5 0.4 0.2 0.3 0.1 0.1 0.1 0.1 0.1 0.2 0.4 0.8 1.2 2.0 2.8 1.7 2.8 5.1 10.8 16.4 19.9 20.7 13.2 8.1 14.3 3.1 10.0 1.1 6.2 22.3 9.8 11.6 1.4 11.5 12.2 1.7 21.7 28.5 14.1 16.5 45.6 45.3 41.5 38.1 35.7 34.4 33.1 34.6 30.7 22.6 33.9 37.2 33.9 53.7 49.3 47.9 28.4
-9999.0 -9999.0 -9999.0 -9999.0 -9999.0 -9999.0 -9999.0 -9999.0 -9999.0 -9999.0 -9999.0 -9999.0 -9999.0 -9999.0 -9999.0 -9999.0 -9999.0 65.1 18.7 -9999.0 8.5 1.4 3.5 3.1 0.9 0.9 0.1 0.1 0.2 0.0 0.1 0.1 0.1 0.2 0.4 0.8 2.1 1.1 2.1 4.0 7.6 14.8 16.0 15.7 8.3 7.1 5.6 18.4 3.0 7.0 0.4 3.3 0.4 9.2 10.7 10.5 3.7 14.5 17.2 24.4 5.3 19.1 37.5 43.8 42.3 40.7 39.6 39.3 39.0 41.6 35.6 46.2 49.0 38.5 47.5 58.3 50.2 41.4 34.2
-9999.0 -9999.0 -9999.0 -9999.0 -9999.0 -9999.0 -9999.0 -9999.0 -9999.0 -9999.0 -9999.0 -9999.0 -9999.0 -9999.0 -9999.0 -9999.0 -9999.0 -9999.0 -9999.0 -9999.0 -9999.0 8.5 4.8 1.5 2.9 6.8 4.3 2.0 0.4 0.3 0.1 0.2 0.1 0.1 0.3 0.6 0.7 0.8 1.0 1.4 2.2 11.5 15.4 15.1 9.8 11.1 21.9 4.4 20.4 68.7 6.0 23.9 19.6 2.3 4.7 10.3 10.1 5.6 25.0 19.9 5.2 14.1 22.8 31.3 38.2 41.5 41.7 40.8 39.1 43.3 47.1 50.8 48.0 36.4 36.9 42.3 41.6 37.2 37.9
-9999.0 -9999.0 -9999.0 -9999.0 -9999.0 -9999.0 -9999.0 -9999.0 -9999.0 -9999.0 -9999.0 -9999.0 -9999.0 -9999.0 -9999.0 -9999.0 -9999.0 -9999.0 -9999.0 -9999.0 -9999.0 -9999.0 -9999.0 41.4 12.9 12.4 9.3 4.3 0.4 0.4 0.1 0.0 0.1 0.1 0.4 0.9 1.5 1.2 2.6 4.7 5.9 11.1 8.4 8.1 12.2 46.9 12.1 8.9 11.3 15.0 7.8 18.3 7.3 7.8 3.9 0.5 6.0 14.1 3.2 19.1 11.6 25.0 33.3 27.5 35.7 43.6 44.4 40.8 46.4 43.9 51.4 50.4 45.7 44.6 33.5 34.8 42.3 43.4 45.8
-9999.0 -9999.0 -9999.0 -9999.0 -9999.0 -9999.0 -9999.0 -9999.0 -9999.0 -9999.0 -9999.0 -9999.0 -9999.0 -9999.0 -9999.0 -9999.0 -9999.0 -9999.0 -9999.0 -9999.0 -9999.0 -9999.0 -9999.0 -9999.0 -9999.0 90.2 33.4 1.6 0.9 0.2 0.1 0.3 0.4 0.4 1.2 1.7 4.0 2.5 4.8 4.0 9.0 6.0 11.0 12.6 39.5 66.5 44.2 93.9 17.7 26.1 27.3 22.9 27.1 23.0 12.5 7.3 9.0 5.9 15.6 18.0 23.3 32.1 39.7 25.9 34.5 46.2 49.5 49.9 49.0 48.3 45.7 44.4 35.6 44.8 43.5 36.2 39.3 50.0 63.8
-9999.0 -9999.0 -9999.0 -9999.0 -9999.0 -9999.0 -9999.0 -9999.0 -9999.0 -9999.0 -9999.0 -9999.0 -9999.0 -9999.0 -9999.0 -9999.0 -9999.0 -9999.0 -9999.0 -9999.0 -9999.0 -9999.0 -9999.0 -9999.0 -9999.0 -9999.0 -9999.0 110.1 91.2 20.0 10.4 6.5 0.9 6.2 2.8 14.5 4.4 4.5 5.1 4.8 7.4 5.6 19.5 48.6 61.6 83.1 106.4 120.4 132.2 79.7 133.5 137.4 46.5 46.0 32.8 23.8 9.7 4.8 14.2 11.0 11.9 30.6 23.2 22.4 24.0 33.9 46.5 43.8 40.9 39.3 38.4 44.0 33.9 44.6 40.8 42.3 59.4 66.7 72.2
-9999.0 -9999.0 -9999.0 -9999.0 -9999.0 -9999.0 -9999.0 -9999.0 -9999.0 -9999.0 -9999.0 -9999.0 -9999.0 -9999.0 -9999.0 -9999.0 -9999.0 -9999.0 -9999.0 -9999.0 -9999.0 -9999.0 -9999.0 -9999.0 -9999.0 -9999.0 -9999.0 -9999.0 -9999.0 -9999.0 -9999.0 -9999.0 -9999.0 30.4 8.2 -9999.0 -9999.0 -9999.0 18.6 8.7 13.8 23.7 22.7 66.7 89.8 100.8 -9999.0 -9999.0 -9999.0 -9999.0 -9999.0 -9999.0 104.2 58.1 53.5 26.2 12.7 4.9 6.0 8.6 17.6 26.3 21.4 17.1 18.8 26.1 33.6 36.3 35.5 34.3 34.6 43.1 51.6 47.8 61.7 59.5 81.0 81.6 95.8
-9999.0 -9999.0 -9999.0 -9999.0 -9999.0 -9999.0 -9999.0 -9999.0 -9999.0 -9999.0 -9999.0 -9999.0 -9999.0 -9999.0 -9999.0 -9999.0 -9999.0 -9999.0 -9999.0 -9999.0 -9999.0 -9999.0 -9999.0 -9999.0 -9999.0 -9999.0 -9999.0 -9999.0 -9999.0 -9999.0 -9999.0 -9999.0 -9999.0 -9999.0 -9999.0 -9999.0 -9999.0 -9999.0 -9999.0 69.0 67.6 71.8 78.3 85.5 -9999.0 -9999.0 -9999.0 -9999.0 -9999.0 -9999.0 -9999.0 -9999.0 104.6 70.1 51.7 25.4 10.9 6.9 8.0 13.6 21.4 23.9 21.9 17.5 18.9 23.1 28.9 34.3 33.9 36.1 44.7 53.5 54.9 71.5 70.8 84.7 98.7 110.6 130.2
-9999.0 -9999.0 -9999.0 -9999.0 -9999.0 -9999.0 -9999.0 -9999.0 -9999.0 -9999.0 -9999.0 -9999.0 -9999.0 -9999.0 -9999.0 -9999.0 -9999.0 -9999.0 -9999.0 -9999.0 -9999.0 -9999.0 -9999.0 -9999.0 -9999.0 -9999.0 -9999.0 -9999.0 -9999.0 -9999.0 -9999.0 -9999.0 -9999.0 -9999.0 -9999.0 -9999.0 -9999.0 -9999.0 -9999.0 -9999.0 -9999.0 -9999.0 -9999.0 -9999.0 -9999.0 -9999.0 -9999.0 -9999.0 -9999.0 -9999.0 -9999.0 -9999.0 94.7 77.5 51.2 38.5 16.7 13.8 16.5 22.0 25.1 25.0 33.2 23.1 26.8 34.2 40.8 40.8 41.0 45.3 55.7 68.2 88.2 87.0 96.3 108.5 129.0 145.2 162.5
-9999.0 -9999.0 -9999.0 -9999.0 -9999.0 -9999.0 -9999.0 -9999.0 -9999.0 -9999.0 -9999.0 -9999.0 -9999.0 -9999.0 -9999.0 -9999.0 -9999.0 -9999.0 -9999.0 -9999.0 -9999.0 -9999.0 -9999.0 -9999.0 -9999.0 -9999.0 -9999.0 -9999.0 -9999.0 -9999.0 -9999.0 -9999.0 -9999.0 -9999.0 -9999.0 -9999.0 -9999.0 -9999.0 -9999.0 -9999.0 -9999.0 -9999.0 -9999.0 -9999.0 -9999.0 -9999.0 -9999.0 -9999.0 -9999.0 -9999.0 -9999.0 92.6 86.6 79.8 44.7 36.9 29.1 30.7 32.0 24.4 30.4 29.1 29.0 34.0 42.3 52.9 56.0 56.4 53.0 55.8 63.6 74.0 78.1 85.7 106.8 129.7 155.0 172.6 189.7
-9999.0 -9999.0 -9999.0 -9999.0 -9999.0 -9999.0 -9999.0 -9999.0 -9999.0 -9999.0 -9999.0 -9999.0 -9999.0 -9999.0 -9999.0 -9999.0 -9999.0 -9999.0 -9999.0 -9999.0 -9999.0 -9999.0 -9999.0 -9999.0 -9999.0 -9999.0 -9999.0 -9999.0 -9999.0 -9999.0 -9999.0 -9999.0 -9999.0 -9999.0 -9999.0 -9999.0 -9999.0 -9999.0 -9999.0 -9999.0 -9999.0 -9999.0 -9999.0 -9999.0 -9999.0 -9999.0 -9999.0 -9999.0 -9999.0 -9999.0 81.5 96.8 93.5 84.7 62.7 56.5 47.9 44.0 45.9 40.7 35.3 36.1 38.9 47.5 58.7 66.9 68.8 65.3 61.7 59.2 64.3 68.1 78.9 97.7 117.6 141.1 157.8 185.6 195.4
-9999.0 -9999.0 -9999.0 -9999.0 -9999.0 -9999.0 -9999.0 -9999.0 -9999.0 -9999.0 -9999.0 -9999.0 -9999.0 -9999.0 -9999.0 -9999.0 -9999.0 -9999.0 -9999.0 -9999.0 -9999.0 -9999.0 -9999.0 -9999.0 -9999.0 -9999.0 -9999.0 -9999.0 -9999.0 -9999.0 -9999.0 -9999.0 -9999.0 -9999.0 -9999.0 -9999.0 -9999.0 -9999.0 -9999.0 -9999.0 -9999.0 -9999.0 -9999.0 -9999.0 -9999.0 -9999.0 -9999.0 -9999.0 -9999.0 -9999.0 71.1 106.6 77.2 93.1 87.0 76.9 55.9 66.8 57.4 47.7 44.1 45.8 48.7 58.1 66.4 60.1 65.7 63.0 61.1 57.1 61.5 72.0 85.3 96.4 107.2 122.8 152.2 166.9 184.3
-9999.0 -9999.0 -9999.0 -9999.0 -9999.0 -9999.0 -9999.0 -9999.0 -9999.0 -9999.0 -9999.0 -9999.0 -9999.0 -9999.0 -9999.0 -9999.0 -9999.0 -9999.0 -9999.0 -9999.0 -9999.0 -9999.0 -9999.0 -9999.0 -9999.0 -9999.0 -9999.0 -9999.0 -9999.0 -9999.0 -9999.0 -9999.0 -9999.0 -9999.0 -9999.0 -9999.0 -9999.0 -9999.0 -9999.0 -9999.0 -9999.0 -9999.0 -9999.0 -9999.0 -9999.0 -9999.0 -9999.0 -9999.0 -9999.0 -9999.0 59.8 74.4 65.1 107.4 87.1 83.5 88.4 75.9 68.7 57.4 58.8 62.0 63.0 59.3 67.2 62.4 55.4 55.1 55.8 60.4 60.4 80.5 88.5 100.0 100.0 113.3 144.4 152.1 172.9
-9999.0 -9999.0 -9999.0 -9999.0 -9999.0 -9999.0 -9999.0 -9999.0 -9999.0 -9999.0 -9999.0 -9999.0 -9999.0 -9999.0 -9999.0 -9999.0 -9999.0 -9999.0 -9999.0 -9999.0 -9999.0 -9999.0 -9999.0 -9999.0 -9999.0 -9999.0 -9999.0 -9999.0 -9999.0 -9999.0 -9999.0 -9999.0 -9999.0 -9999.0 -9999.0 -9999.0 -9999.0 -9999.0 -9999.0 -9999.0 -9999.0 -9999.0 -9999.0 -9999.0 -9999.0 -9999.0 -9999.0 -9999.0 -9999.0 -9999.0 69.4 86.6 79.0 89.4 88.6 92.7 64.6 74.4 71.8 61.6 71.2 69.4 46.8 60.8 68.7 65.8 66.8 60.5 67.2 52.6 60.3 72.8 88.9 95.7 94.9 110.1 133.3 145.3 168.3
-9999.0 -9999.0 -9999.0 -9999.0 -9999.0 -9999.0 -9999.0 -9999.0 -9999.0 -9999.0 -9999.0 -9999.0 -9999.0 -9999.0 -9999.0 -9999.0 -9999.0 -9999.0 -9999.0 -9999.0 -9999.0 -9999.0 -9999.0 -9999.0 -9999.0 -9999.0 -9999.0 -9999.0 -9999.0 -9999.0 -9999.0 -9999.0 -9999.0 -9999.0 -9999.0 -9999.0 -9999.0 -9999.0 -9999.0 -9999.0 -9999.0 -9999.0 -9999.0 -9999.0 -9999.0 -9999.0 -9999.0 -9999.0 -9999.0 -9999.0 -9999.0 -9999.0 -9999.0 57.0 56.1 57.1 60.4 64.9 50.6 56.8 98.8 54.2 90.9 67.4 66.6 63.7 74.0 61.5 71.1 66.0 57.7 62.7 73.8 81.7 90.8 104.5 124.4 140.9 156.0
-9999.0 -9999.0 -9999.0 -9999.0 -9999.0 -9999.0 -9999.0 -9999.0 -9999.0 -9999.0 -9999.0 -9999.0 -9999.0 -9999.0 -9999.0 -9999.0 -9999.0 -9999.0 -9999.0 -9999.0 -9999.0 -9999.0 -9999.0 -9999.0 -9999.0 -9999.0 -9999.0 -9999.0 -9999.0 -9999.0 -9999.0 -9999.0 -9999.0 -9999.0 -9999.0 -9999.0 -9999.0 -9999.0 -9999.0 -9999.0 -9999.0 -9999.0 -9999.0 -9999.0 -9999.0 -9999.0 -9999.0 -9999.0 -9999.0 -9999.0 -9999.0 -9999.0 -9999.0 38.5 32.8 59.7 41.9 40.8 49.8 77.9 66.4 65.3 103.6 73.9 72.3 70.5 65.5 82.8 70.5 62.8 52.0 54.6 64.0 74.6 86.1 103.0 117.1 136.2 152.1
-9999.0 -9999.0 -9999.0 -9999.0 -9999.0 -9999.0 -9999.0 -9999.0 -9999.0 -9999.0 -9999.0 -9999.0 -9999.0 -9999.0 -9999.0 -9999.0 -9999.0 -9999.0 -9999.0 -9999.0 -9999.0 -9999.0 -9999.0 -9999.0 -9999.0 -9999.0 -9999.0 -9999.0 -9999.0 -9999.0 -9999.0 -9999.0 -9999.0 -9999.0 -9999.0 -9999.0 -9999.0 -9999.0 -9999.0 -9999.0 -9999.0 -9999.0 -9999.0 -9999.0 -9999.0 -9999.0 -9999.0 -9999.0 -9999.0 -9999.0 -9999.0 -9999.0 -9999.0 27.0 18.1 33.9 38.7 42.3 52.1 60.4 84.3 95.9 124.9 125.7 94.0 -9999.0 -9999.0 -9999.0 86.0 68.2 58.3 58.6 66.3 75.4 81.1 90.8 100.1 118.8 151.1
-9999.0 -9999.0 -9999.0 -9999.0 -9999.0 -9999.0 -9999.0 -9999.0 -9999.0 -9999.0 -9999.0 -9999.0 -9999.0 -9999.0 -9999.0 -9999.0 -9999.0 -9999.0 -9999.0 -9999.0 -9999.0 -9999.0 -9999.0 -9999.0 -9999.0 -9999.0 -9999.0 -9999.0 -9999.0 -9999.0 -9999.0 -9999.0 -9999.0 -9999.0 -9999.0 -9999.0 -9999.0 -9999.0 -9999.0 -9999.0 -9999.0 -9999.0 -9999.0 -9999.0 -9999.0 -9999.0 -9999.0 -9999.0 -9999.0 -9999.0 -9999.0 -9999.0 -9999.0 -9999.0 23.7 29.6 33.8 44.9 66.2 89.3 90.3 -9999.0 -9999.0 -9999.0 -9999.0 -9999.0 -9999.0 -9999.0 91.1 81.6 74.6 62.4 65.9 70.7 67.1 65.3 72.7 95.0 128.3
-9999.0 -9999.0 -9999.0 -9999.0 -9999.0 -9999.0 -9999.0 -9999.0 -9999.0 -9999.0 -9999.0 -9999.0 -9999.0 -9999.0 -9999.0 -9999.0 -9999.0 -9999.0 -9999.0 -9999.0 -9999.0 -9999.0 -9999.0 -9999.0 -9999.0 -9999.0 -9999.0 -9999.0 -9999.0 -9999.0 -9999.0 -9999.0 -9999.0 -9999.0 -9999.0 -9999.0 -9999.0 -9999.0 -9999.0 -9999.0 -9999.0 -9999.0 -9999.0 -9999.0 -9999.0 -9999.0 -9999.0 -9999.0 -9999.0 -9999.0 -9999.0 -9999.0 -9999.0 -9999.0 -9999.0 31.5 57.2 62.2 77.4 101.9 118.7 -9999.0 -9999.0 -9999.0 -9999.0 -9999.0 -9999.0 -9999.0 -9999.0 -9999.0 74.7 -9999.0 -9999.0 -9999.0 -9999.0 -9999.0 55.3 -9999.0 -9999.0
-9999.0 -9999.0 -9999.0 -9999.0 -9999.0 -9999.0 -9999.0 -9999.0 -9999.0 -9999.0 -9999.0 -9999.0 -9999.0 -9999.0 -9999.0 -9999.0 -9999.0 -9999.0 -9999.0 -9999.0 -9999.0 -9999.0 -9999.0 -9999.0 -9999.0 -9999.0 -9999.0 -9999.0 -9999.0 -9999.0 -9999.0 -9999.0 -9999.0 -9999.0 -9999.0 -9999.0 -9999.0 -9999.0 -9999.0 -9999.0 -9999.0 -9999.0 -9999.0 -9999.0 -9999.0 -9999.0 -9999.0 -9999.0 -9999.0 -9999.0 -9999.0 -9999.0 -9999.0 -9999.0 -9999.0 -9999.0 -9999.0 -9999.0 98.9 117.6 -9999.0 -9999.0 -9999.0 -9999.0 -9999.0 -9999.0 -9999.0 -9999.0 -9999.0 -9999.0 -9999.0 -9999.0 -9999.0 -9999.0 -9999.0 48.8 61.1 -9999.0 -9999.0
-9999.0 -9999.0 -9999.0 -9999.0 -9999.0 -9999.0 -9999.0 -9999.0 -9999.0 -9999.0 -9999.0 -9999.0 -9999.0 -9999.0 -9999.0 -9999.0 -9999.0 -9999.0 -9999.0 -9999.0 -9999.0 -9999.0 -9999.0 -9999.0 -9999.0 -9999.0 -9999.0 -9999.0 -9999.0 -9999.0 -9999.0 -9999.0 -9999.0 -9999.0 -9999.0 -9999.0 -9999.0 -9999.0 -9999.0 -9999.0 -9999.0 -9999.0 -9999.0 -9999.0 -9999.0 -9999.0 -9999.0 -9999.0 -9999.0 -9999.0 -9999.0 -9999.0 -9999.0 -9999.0 -9999.0 -9999.0 -9999.0 -9999.0 -9999.0 -9999.0 -9999.0 -9999.0 -9999.0 -9999.0 -9999.0 -9999.0 -9999.0 -9999.0 -9999.0 -9999.0 -9999.0 -9999.0 -9999.0 -9999.0 -9999.0 -9999.0 -9999.0 -9999.0 -9999.0
-9999.0 -9999.0 -9999.0 -9999.0 -9999.0 -9999.0 -9999.0 -9999.0 -9999.0 -9999.0 -9999.0 -9999.0 -9999.0 -9999.0 -9999.0 -9999.0 -9999.0 -9999.0 -9999.0 -9999.0 -9999.0 -9999.0 -9999.0 -9999.0 -9999.0 -9999.0 -9999.0 -9999.0 -9999.0 -9999.0 -9999.0 -9999.0 -9999.0 -9999.0 -9999.0 -9999.0 -9999.0 -9999.0 -9999.0 -9999.0 -9999.0 -9999.0 -9999.0 -9999.0 -9999.0 -9999.0 -9999.0 -9999.0 -9999.0 -9999.0 -9999.0 -9999.0 -9999.0 -9999.0 -9999.0 -9999.0 -9999.0 -9999.0 -9999.0 -9999.0 -9999.0 -9999.0 -9999.0 -9999.0 -9999.0 -9999.0 -9999.0 -9999.0 -9999.0 -9999.0 -9999.0 -9999.0 -9999.0 -9999.0 -9999.0 83.3 106.3 123.6 -9999.0
-9999.0 -9999.0 -9999.0 -9999.0 -9999.0 -9999.0 -9999.0 -9999.0 -9999.0 -9999.0 -9999.0 -9999.0 -9999.0 -9999.0 -9999.0 -9999.0 -9999.0 -9999.0 -9999.0 -9999.0 -9999.0 -9999.0 -9999.0 -9999.0 -9999.0 -9999.0 -9999.0 -9999.0 -9999.0 -9999.0 -9999.0 -9999.0 -9999.0 -9999.0 -9999.0 -9999.0 -9999.0 -9999.0 -9999.0 -9999.0 -9999.0 -9999.0 -9999.0 -9999.0 -9999.0 -9999.0 -9999.0 -9999.0 -9999.0 -9999.0 -9999.0 -9999.0 -9999.0 -9999.0 -9999.0 -9999.0 -9999.0 -9999.0 -9999.0 -9999.0 -9999.0 -9999.0 -9999.0 -9999.0 -9999.0 -9999.0 -9999.0 -9999.0 -9999.0 -9999.0 -9999.0 -9999.0 -9999.0 75.1 77.3 85.1 99.4 -9999.0 -9999.0
