program/excelProcessViaJava/data/SURF_CLI_CHN_PRE_MON_GRID_0.5-198504.txt
NCOLS      128
NROWS       72
XLLCORNER    72.000000000000    
YLLCORNER    18.000000000000    
CELLSIZE    0.50000000000000    
NODATA_VALUE   -9999.000    
[rows 35 to 69 of 72, columns 0 to 76 of 128]
-9999.0 -9999.0 -9999.0 -9999.0 -9999.0 -9999.0 -9999.0 9.8 16.3 11.4 26.1 24.5 11.7 13.0 11.4 1.6 2.9 0.8 0.4 0.7 1.9 4.1 4.4 3.5 3.0 2.8 3.8 4.4 4.9 7.4 7.6 8.0 8.0 10.4 14.5 11.4 19.5 17.2 26.4 28.4 10.1 30.7 23.9 11.1 3.4 0.7 0.8 0.6 1.6 3.7 9.8 15.4 13.0 9.2 8.0 10.4 14.2 18.6 17.8 23.7 22.1 19.7 20.4 19.6 17.9 13.3 16.0 18.3 18.7 19.5 19.0 18.5 17.4 14.7 11.8 10.5 7.1
-9999.0 -9999.0 -9999.0 -9999.0 -9999.0 -9999.0 -9999.0 27.3 7.4 16.5 20.2 13.5 15.7 21.7 12.4 22.7 8.4 6.5 11.2 4.6 3.9 6.0 4.5 4.5 4.0 4.2 4.2 6.8 5.1 5.1 8.7 9.8 10.6 16.2 13.2 15.5 15.0 20.9 21.4 19.8 21.3 20.5 20.5 27.5 8.6 2.3 2.4 2.4 5.7 6.0 10.1 10.3 12.7 9.9 8.2 7.4 8.5 10.2 12.6 16.3 20.0 20.7 21.9 25.5 23.0 21.1 22.0 22.6 24.9 21.6 24.7 28.0 28.4 25.5 20.5 19.2 13.5
-9999.0 -9999.0 -9999.0 -9999.0 -9999.0 -9999.0 -9999.0 -9999.0 -9999.0 14.4 12.8 10.1 17.2 14.6 9.9 7.2 9.4 20.1 9.2 14.2 8.0 5.1 4.8 4.9 4.8 4.6 5.6 6.2 5.4 9.6 6.1 8.7 10.4 14.4 11.6 13.1 13.8 17.5 15.9 18.3 15.6 17.7 14.8 10.6 10.8 7.7 5.8 4.7 5.4 6.8 9.3 10.5 11.5 10.9 9.0 6.0 5.8 6.8 9.9 15.0 19.4 22.9 26.0 30.5 32.7 30.5 28.1 26.2 28.5 25.5 31.1 36.2 38.7 36.6 32.7 22.6 15.2
-9999.0 -9999.0 -9999.0 -9999.0 -9999.0 -9999.0 -9999.0 -9999.0 -9999.0 -9999.0 -9999.0 18.0 5.6 16.2 10.0 10.8 8.5 6.8 6.0 7.0 9.4 6.6 7.1 5.9 9.5 7.4 8.7 8.9 8.6 8.0 8.8 13.7 11.3 13.2 13.0 21.9 15.7 16.2 29.1 15.5 18.0 12.9 9.8 7.9 12.7 6.4 9.8 5.9 6.9 7.5 9.0 11.3 12.7 12.7 11.9 8.0 5.1 6.5 10.7 16.9 22.9 26.0 28.8 34.0 38.9 30.7 26.0 29.2 30.8 33.7 38.8 44.6 45.2 41.4 32.5 25.5 18.6
-9999.0 -9999.0 -9999.0 -9999.0 -9999.0 -9999.0 -9999.0 -9999.0 -9999.0 -9999.0 -9999.0 -9999.0 5.9 5.1 11.5 6.7 15.6 8.1 7.8 14.1 5.5 6.9 7.4 6.6 16.9 7.9 6.7 9.7 9.2 13.8 10.7 11.1 12.5 17.7 19.5 18.0 27.9 17.5 12.6 8.9 7.3 6.8 6.6 8.6 8.0 8.4 9.2 5.7 6.6 8.0 11.2 13.1 15.0 16.1 15.0 12.4 10.1 11.8 14.8 22.1 28.3 31.8 34.7 37.7 38.1 45.6 30.8 34.2 37.8 43.4 47.5 48.7 45.4 40.8 37.3 49.3 36.5
-9999.0 -9999.0 -9999.0 -9999.0 -9999.0 -9999.0 -9999.0 -9999.0 -9999.0 -9999.0 -9999.0 -9999.0 18.1 3.5 2.3 7.6 3.0 4.6 9.9 8.4 8.2 10.3 9.6 7.7 6.2 7.6 7.7 6.3 8.0 7.3 10.5 15.2 14.2 15.1 18.3 16.9 23.8 22.4 15.7 10.3 5.6 4.5 8.5 5.4 9.0 12.1 8.6 7.5 6.7 9.4 11.8 15.0 17.6 19.6 19.0 17.4 14.9 16.4 21.5 28.4 32.8 34.6 38.4 44.5 38.1 43.7 25.7 31.3 39.1 48.5 59.7 71.0 73.6 55.7 51.6 47.9 44.8
-9999.0 -9999.0 -9999.0 -9999.0 -9999.0 -9999.0 -9999.0 -9999.0 -9999.0 -9999.0 -9999.0 -9999.0 -9999.0 6.8 13.1 2.4 6.0 4.0 4.1 5.1 7.4 6.4 10.2 7.1 7.8 11.8 11.4 13.6 10.4 9.8 8.4 9.2 15.2 17.4 13.4 15.1 16.1 17.7 31.4 15.2 9.2 8.7 7.1 11.6 9.5 9.8 12.8 13.8 13.3 13.2 15.0 17.2 20.0 24.9 24.1 22.7 21.4 23.4 28.4 32.3 35.4 37.6 42.7 46.1 34.9 40.0 43.4 40.7 48.5 55.2 60.3 66.1 67.8 64.5 69.8 63.4 61.5
-9999.0 -9999.0 -9999.0 -9999.0 -9999.0 -9999.0 -9999.0 -9999.0 -9999.0 -9999.0 -9999.0 -9999.0 9.0 17.2 12.1 4.7 13.2 7.9 8.1 4.8 5.9 7.1 9.0 8.6 8.0 11.5 9.4 7.4 7.0 7.9 7.7 6.9 13.7 12.0 14.7 13.4 19.2 12.2 10.3 9.1 16.2 20.7 23.4 8.5 13.1 16.3 16.3 14.4 15.2 16.4 20.9 24.9 23.3 26.1 25.6 25.8 27.8 30.7 34.0 37.9 39.3 44.1 50.7 61.4 62.1 55.3 36.9 45.0 60.4 77.7 84.1 83.2 78.2 74.2 74.4 75.0 69.2
-9999.0 -9999.0 -9999.0 -9999.0 -9999.0 -9999.0 -9999.0 -9999.0 -9999.0 -9999.0 -9999.0 -9999.0 17.8 4.0 5.7 24.3 17.7 5.8 6.3 10.8 7.3 11.1 11.3 10.9 9.0 7.5 6.6 5.5 4.9 4.1 4.3 5.6 9.9 7.7 8.8 10.8 9.2 10.3 8.7 4.6 4.9 4.6 6.4 10.7 15.9 22.0 29.8 28.0 25.8 19.8 22.7 27.8 26.0 26.0 26.3 26.6 29.4 34.1 38.9 45.0 51.4 60.6 64.4 69.2 67.6 41.4 55.7 46.6 52.4 66.7 81.2 89.1 89.4 92.9 101.9 91.7 79.0
-9999.0 -9999.0 -9999.0 -9999.0 -9999.0 -9999.0 -9999.0 -9999.0 -9999.0 -9999.0 -9999.0 -9999.0 4.2 15.3 5.1 7.2 7.3 20.2 12.4 13.7 22.4 22.9 14.8 16.4 12.4 13.5 8.9 9.6 3.7 3.0 2.9 6.1 4.6 5.0 6.2 7.6 7.6 7.7 5.7 7.4 5.5 4.6 18.2 9.7 21.8 37.1 43.1 36.6 30.9 31.6 32.2 29.7 40.3 39.8 30.7 25.4 29.4 36.4 44.6 48.1 57.1 68.9 93.9 81.1 45.6 29.0 37.8 46.2 54.4 62.5 78.4 101.4 105.4 118.3 181.4 124.1 147.8
-9999.0 -9999.0 -9999.0 -9999.0 -9999.0 -9999.0 -9999.0 -9999.0 -9999.0 -9999.0 -9999.0 -9999.0 -9999.0 41.4 30.3 11.6 14.3 12.8 21.5 25.2 40.8 23.1 26.0 25.4 14.7 12.2 8.1 4.6 3.8 1.5 2.8 2.8 4.3 4.3 5.8 10.7 10.4 6.3 6.8 5.9 7.8 26.8 39.4 37.2 30.1 38.3 49.8 42.5 50.1 46.3 38.8 40.6 33.5 26.4 32.0 32.1 25.1 32.0 47.5 70.9 78.9 120.6 107.8 68.4 28.4 31.7 40.1 50.1 55.1 70.7 87.3 104.1 123.4 121.7 129.7 114.4 96.0
-9999.0 -9999.0 -9999.0 -9999.0 -9999.0 -9999.0 -9999.0 -9999.0 -9999.0 -9999.0 -9999.0 -9999.0 -9999.0 7.4 36.2 18.1 37.5 18.6 21.9 28.2 47.8 43.8 41.3 31.3 16.8 14.4 10.0 4.2 2.3 6.5 3.3 2.9 2.4 4.0 7.4 8.6 6.2 6.3 10.4 29.1 18.3 29.2 40.6 48.8 75.4 57.0 59.6 54.4 54.5 49.9 47.4 33.0 33.8 35.7 37.2 30.8 26.3 35.5 56.9 55.7 95.8 83.7 75.5 47.4 36.8 38.3 49.6 63.1 70.8 80.2 101.1 119.8 131.1 141.8 147.0 145.1 145.5
-9999.0 -9999.0 -9999.0 -9999.0 -9999.0 -9999.0 -9999.0 -9999.0 -9999.0 -9999.0 -9999.0 -9999.0 -9999.0 -9999.0 -9999.0 29.0 26.2 35.9 32.3 30.6 50.9 40.2 36.4 34.4 30.4 21.6 25.0 9.6 10.7 1.3 1.6 1.3 5.4 6.1 5.4 13.0 17.9 4.2 8.8 16.3 36.7 51.1 56.7 57.7 48.4 56.1 65.0 66.5 59.4 48.0 39.8 50.3 30.1 26.8 19.9 24.4 30.1 35.5 69.0 97.7 70.8 79.1 93.1 68.9 48.0 42.5 54.9 75.3 81.1 97.1 115.2 122.8 150.3 159.0 158.7 173.5 148.4
-9999.0 -9999.0 -9999.0 -9999.0 -9999.0 -9999.0 -9999.0 -9999.0 -9999.0 -9999.0 -9999.0 -9999.0 -9999.0 -9999.0 -9999.0 -9999.0 -9999.0 12.8 23.5 -9999.0 34.4 57.3 42.3 38.5 41.4 29.5 33.8 14.8 3.9 4.2 0.9 0.3 7.0 2.1 2.5 4.6 18.8 1.5 9.0 18.4 33.6 60.9 58.2 54.6 51.7 59.9 159.0 77.2 60.6 50.9 45.4 30.3 32.5 25.1 24.5 25.8 24.2 50.4 72.8 104.7 50.6 81.8 100.2 83.4 59.3 45.7 53.1 70.9 79.8 95.8 100.4 143.7 159.2 147.8 165.3 176.4 151.0
-9999.0 -9999.0 -9999.0 -9999.0 -9999.0 -9999.0 -9999.0 -9999.0 -9999.0 -9999.0 -9999.0 -9999.0 -9999.0 -9999.0 -9999.0 -9999.0 -9999.0 -9999.0 -9999.0 -9999.0 -9999.0 59.6 67.3 82.5 55.7 33.2 23.1 13.3 6.6 1.2 0.6 0.2 0.8 2.3 2.5 4.2 3.1 2.7 2.7 4.0 10.1 59.6 69.2 60.7 45.8 58.1 210.7 78.6 78.9 168.4 42.6 57.7 43.8 17.9 17.8 27.4 34.7 39.9 94.4 102.1 48.2 71.1 97.2 94.1 72.5 54.7 54.6 64.9 75.7 88.3 98.0 121.2 126.5 124.2 132.5 137.0 129.6
-9999.0 -9999.0 -9999.0 -9999.0 -9999.0 -9999.0 -9999.0 -9999.0 -9999.0 -9999.0 -9999.0 -9999.0 -9999.0 -9999.0 -9999.0 -9999.0 -9999.0 -9999.0 -9999.0 -9999.0 -9999.0 -9999.0 -9999.0 55.4 64.8 51.1 37.4 25.0 20.3 5.1 3.0 3.5 15.7 8.6 14.3 12.2 18.5 6.6 24.1 40.6 43.9 68.9 41.2 28.8 42.9 196.3 102.5 100.1 132.4 136.6 59.6 48.7 31.8 22.9 15.4 13.0 27.2 56.5 45.9 100.9 65.4 89.9 102.2 94.9 84.2 67.8 63.3 67.7 69.8 79.8 92.7 93.1 100.1 118.7 111.4 108.0 117.7
-9999.0 -9999.0 -9999.0 -9999.0 -9999.0 -9999.0 -9999.0 -9999.0 -9999.0 -9999.0 -9999.0 -9999.0 -9999.0 -9999.0 -9999.0 -9999.0 -9999.0 -9999.0 -9999.0 -9999.0 -9999.0 -9999.0 -9999.0 -9999.0 -9999.0 51.9 52.9 82.5 51.7 61.7 20.2 7.5 8.0 14.7 11.3 28.2 65.4 19.5 49.3 34.3 74.0 38.7 20.1 26.9 107.0 194.3 175.3 305.0 76.7 115.6 67.4 51.8 47.2 35.5 23.3 18.8 27.9 35.8 75.1 95.6 105.5 107.4 173.6 95.8 88.5 81.6 74.7 64.5 68.7 79.7 74.0 72.2 81.4 103.9 111.5 99.4 99.5
-9999.0 -9999.0 -9999.0 -9999.0 -9999.0 -9999.0 -9999.0 -9999.0 -9999.0 -9999.0 -9999.0 -9999.0 -9999.0 -9999.0 -9999.0 -9999.0 -9999.0 -9999.0 -9999.0 -9999.0 -9999.0 -9999.0 -9999.0 -9999.0 -9999.0 -9999.0 -9999.0 46.2 37.4 28.8 20.0 16.0 45.5 13.2 28.7 6.7 18.9 18.6 7.1 26.8 53.8 15.8 26.3 78.1 119.1 179.9 243.5 290.9 326.1 196.7 283.2 246.5 60.8 54.3 37.6 30.9 29.5 32.7 67.3 68.4 53.7 107.3 67.4 73.9 78.1 70.8 81.0 83.4 80.9 81.2 70.1 66.0 71.4 86.8 90.9 91.9 123.5
-9999.0 -9999.0 -9999.0 -9999.0 -9999.0 -9999.0 -9999.0 -9999.0 -9999.0 -9999.0 -9999.0 -9999.0 -9999.0 -9999.0 -9999.0 -9999.0 -9999.0 -9999.0 -9999.0 -9999.0 -9999.0 -9999.0 -9999.0 -9999.0 -9999.0 -9999.0 -9999.0 -9999.0 -9999.0 -9999.0 -9999.0 -9999.0 -9999.0 18.1 34.1 -9999.0 -9999.0 -9999.0 9.8 18.8 13.9 20.9 26.0 79.5 124.3 162.7 -9999.0 -9999.0 -9999.0 -9999.0 -9999.0 -9999.0 124.4 56.5 71.5 52.7 38.1 31.8 39.4 41.7 56.9 88.7 63.2 65.1 65.5 68.5 73.3 75.0 80.1 85.0 70.4 58.2 66.6 77.9 89.7 93.1 127.8
-9999.0 -9999.0 -9999.0 -9999.0 -9999.0 -9999.0 -9999.0 -9999.0 -9999.0 -9999.0 -9999.0 -9999.0 -9999.0 -9999.0 -9999.0 -9999.0 -9999.0 -9999.0 -9999.0 -9999.0 -9999.0 -9999.0 -9999.0 -9999.0 -9999.0 -9999.0 -9999.0 -9999.0 -9999.0 -9999.0 -9999.0 -9999.0 -9999.0 -9999.0 -9999.0 -9999.0 -9999.0 -9999.0 -9999.0 22.5 28.5 38.8 53.9 73.8 -9999.0 -9999.0 -9999.0 -9999.0 -9999.0 -9999.0 -9999.0 -9999.0 111.5 66.0 53.5 49.4 39.0 29.9 28.5 33.1 40.4 60.9 70.9 57.2 68.4 74.1 76.0 78.8 77.5 70.2 67.2 67.0 74.6 86.1 96.1 100.1 109.0
-9999.0 -9999.0 -9999.0 -9999.0 -9999.0 -9999.0 -9999.0 -9999.0 -9999.0 -9999.0 -9999.0 -9999.0 -9999.0 -9999.0 -9999.0 -9999.0 -9999.0 -9999.0 -9999.0 -9999.0 -9999.0 -9999.0 -9999.0 -9999.0 -9999.0 -9999.0 -9999.0 -9999.0 -9999.0 -9999.0 -9999.0 -9999.0 -9999.0 -9999.0 -9999.0 -9999.0 -9999.0 -9999.0 -9999.0 -9999.0 -9999.0 -9999.0 -9999.0 -9999.0 -9999.0 -9999.0 -9999.0 -9999.0 -9999.0 -9999.0 -9999.0 -9999.0 146.7 72.6 49.2 44.5 30.0 27.2 29.5 37.6 43.6 50.3 121.3 58.5 69.0 81.9 91.2 81.9 70.5 69.3 78.9 88.5 98.3 106.3 115.7 125.1 119.1
-9999.0 -9999.0 -9999.0 -9999.0 -9999.0 -9999.0 -9999.0 -9999.0 -9999.0 -9999.0 -9999.0 -9999.0 -9999.0 -9999.0 -9999.0 -9999.0 -9999.0 -9999.0 -9999.0 -9999.0 -9999.0 -9999.0 -9999.0 -9999.0 -9999.0 -9999.0 -9999.0 -9999.0 -9999.0 -9999.0 -9999.0 -9999.0 -9999.0 -9999.0 -9999.0 -9999.0 -9999.0 -9999.0 -9999.0 -9999.0 -9999.0 -9999.0 -9999.0 -9999.0 -9999.0 -9999.0 -9999.0 -9999.0 -9999.0 -9999.0 -9999.0 121.3 90.9 72.9 47.3 36.5 31.6 33.5 35.2 47.0 64.9 70.6 57.6 63.9 74.8 89.6 97.9 112.2 75.8 85.5 101.5 111.9 120.9 133.7 152.2 169.9 159.6
-9999.0 -9999.0 -9999.0 -9999.0 -9999.0 -9999.0 -9999.0 -9999.0 -9999.0 -9999.0 -9999.0 -9999.0 -9999.0 -9999.0 -9999.0 -9999.0 -9999.0 -9999.0 -9999.0 -9999.0 -9999.0 -9999.0 -9999.0 -9999.0 -9999.0 -9999.0 -9999.0 -9999.0 -9999.0 -9999.0 -9999.0 -9999.0 -9999.0 -9999.0 -9999.0 -9999.0 -9999.0 -9999.0 -9999.0 -9999.0 -9999.0 -9999.0 -9999.0 -9999.0 -9999.0 -9999.0 -9999.0 -9999.0 -9999.0 -9999.0 85.5 102.9 93.0 81.8 63.5 54.9 50.2 48.2 43.8 55.1 67.6 80.9 70.5 75.5 89.1 103.9 91.8 100.2 86.3 108.6 118.1 125.7 133.9 153.4 171.7 185.0 196.7
-9999.0 -9999.0 -9999.0 -9999.0 -9999.0 -9999.0 -9999.0 -9999.0 -9999.0 -9999.0 -9999.0 -9999.0 -9999.0 -9999.0 -9999.0 -9999.0 -9999.0 -9999.0 -9999.0 -9999.0 -9999.0 -9999.0 -9999.0 -9999.0 -9999.0 -9999.0 -9999.0 -9999.0 -9999.0 -9999.0 -9999.0 -9999.0 -9999.0 -9999.0 -9999.0 -9999.0 -9999.0 -9999.0 -9999.0 -9999.0 -9999.0 -9999.0 -9999.0 -9999.0 -9999.0 -9999.0 -9999.0 -9999.0 -9999.0 -9999.0 52.3 107.4 84.5 100.3 94.5 82.6 68.5 60.7 54.9 57.8 68.8 75.7 74.2 82.8 99.1 121.4 114.6 117.4 112.5 122.6 130.4 133.5 136.8 145.3 150.6 156.9 177.8
-9999.0 -9999.0 -9999.0 -9999.0 -9999.0 -9999.0 -9999.0 -9999.0 -9999.0 -9999.0 -9999.0 -9999.0 -9999.0 -9999.0 -9999.0 -9999.0 -9999.0 -9999.0 -9999.0 -9999.0 -9999.0 -9999.0 -9999.0 -9999.0 -9999.0 -9999.0 -9999.0 -9999.0 -9999.0 -9999.0 -9999.0 -9999.0 -9999.0 -9999.0 -9999.0 -9999.0 -9999.0 -9999.0 -9999.0 -9999.0 -9999.0 -9999.0 -9999.0 -9999.0 -9999.0 -9999.0 -9999.0 -9999.0 -9999.0 -9999.0 23.5 53.3 55.4 130.2 99.6 91.0 95.9 72.2 69.8 68.6 74.7 77.4 75.3 78.7 93.2 115.2 125.2 120.3 117.8 127.6 136.0 146.1 118.9 131.2 115.4 129.8 171.0
-9999.0 -9999.0 -9999.0 -9999.0 -9999.0 -9999.0 -9999.0 -9999.0 -9999.0 -9999.0 -9999.0 -9999.0 -9999.0 -9999.0 -9999.0 -9999.0 -9999.0 -9999.0 -9999.0 -9999.0 -9999.0 -9999.0 -9999.0 -9999.0 -9999.0 -9999.0 -9999.0 -9999.0 -9999.0 -9999.0 -9999.0 -9999.0 -9999.0 -9999.0 -9999.0 -9999.0 -9999.0 -9999.0 -9999.0 -9999.0 -9999.0 -9999.0 -9999.0 -9999.0 -9999.0 -9999.0 -9999.0 -9999.0 -9999.0 -9999.0 30.5 73.4 70.9 104.7 107.9 117.1 64.5 82.1 84.1 83.3 84.4 77.0 70.0 73.0 82.1 98.0 111.4 114.4 116.9 109.2 131.6 126.2 116.1 119.4 106.3 136.6 169.6
-9999.0 -9999.0 -9999.0 -9999.0 -9999.0 -9999.0 -9999.0 -9999.0 -9999.0 -9999.0 -9999.0 -9999.0 -9999.0 -9999.0 -9999.0 -9999.0 -9999.0 -9999.0 -9999.0 -9999.0 -9999.0 -9999.0 -9999.0 -9999.0 -9999.0 -9999.0 -9999.0 -9999.0 -9999.0 -9999.0 -9999.0 -9999.0 -9999.0 -9999.0 -9999.0 -9999.0 -9999.0 -9999.0 -9999.0 -9999.0 -9999.0 -9999.0 -9999.0 -9999.0 -9999.0 -9999.0 -9999.0 -9999.0 -9999.0 -9999.0 -9999.0 -9999.0 -9999.0 62.2 65.9 68.3 79.2 95.2 91.8 104.5 118.7 89.9 92.3 78.2 74.2 80.4 93.3 90.7 99.2 112.8 127.6 125.2 117.5 119.4 129.3 143.0 170.8
-9999.0 -9999.0 -9999.0 -9999.0 -9999.0 -9999.0 -9999.0 -9999.0 -9999.0 -9999.0 -9999.0 -9999.0 -9999.0 -9999.0 -9999.0 -9999.0 -9999.0 -9999.0 -9999.0 -9999.0 -9999.0 -9999.0 -9999.0 -9999.0 -9999.0 -9999.0 -9999.0 -9999.0 -9999.0 -9999.0 -9999.0 -9999.0 -9999.0 -9999.0 -9999.0 -9999.0 -9999.0 -9999.0 -9999.0 -9999.0 -9999.0 -9999.0 -9999.0 -9999.0 -9999.0 -9999.0 -9999.0 -9999.0 -9999.0 -9999.0 -9999.0 -9999.0 -9999.0 57.6 54.8 121.5 74.8 82.6 117.8 149.3 139.6 125.4 121.1 95.2 77.5 69.0 60.8 77.8 70.9 91.5 114.0 126.7 138.4 148.3 156.2 182.7 180.7
-9999.0 -9999.0 -9999.0 -9999.0 -9999.0 -9999.0 -9999.0 -9999.0 -9999.0 -9999.0 -9999.0 -9999.0 -9999.0 -9999.0 -9999.0 -9999.0 -9999.0 -9999.0 -9999.0 -9999.0 -9999.0 -9999.0 -9999.0 -9999.0 -9999.0 -9999.0 -9999.0 -9999.0 -9999.0 -9999.0 -9999.0 -9999.0 -9999.0 -9999.0 -9999.0 -9999.0 -9999.0 -9999.0 -9999.0 -9999.0 -9999.0 -9999.0 -9999.0 -9999.0 -9999.0 -9999.0 -9999.0 -9999.0 -9999.0 -9999.0 -9999.0 -9999.0 -9999.0 60.9 42.2 87.3 84.8 93.0 135.6 169.6 188.8 174.0 158.3 126.6 75.5 -9999.0 -9999.0 -9999.0 59.7 66.7 97.5 133.6 155.2 163.0 176.0 216.1 214.5
-9999.0 -9999.0 -9999.0 -9999.0 -9999.0 -9999.0 -9999.0 -9999.0 -9999.0 -9999.0 -9999.0 -9999.0 -9999.0 -9999.0 -9999.0 -9999.0 -9999.0 -9999.0 -9999.0 -9999.0 -9999.0 -9999.0 -9999.0 -9999.0 -9999.0 -9999.0 -9999.0 -9999.0 -9999.0 -9999.0 -9999.0 -9999.0 -9999.0 -9999.0 -9999.0 -9999.0 -9999.0 -9999.0 -9999.0 -9999.0 -9999.0 -9999.0 -9999.0 -9999.0 -9999.0 -9999.0 -9999.0 -9999.0 -9999.0 -9999.0 -9999.0 -9999.0 -9999.0 -9999.0 75.3 81.6 68.7 88.8 157.9 212.7 191.7 -9999.0 -9999.0 -9999.0 -9999.0 -9999.0 -9999.0 -9999.0 34.5 56.4 104.8 116.0 134.6 154.5 168.1 197.1 255.1
-9999.0 -9999.0 -9999.0 -9999.0 -9999.0 -9999.0 -9999.0 -9999.0 -9999.0 -9999.0 -9999.0 -9999.0 -9999.0 -9999.0 -9999.0 -9999.0 -9999.0 -9999.0 -9999.0 -9999.0 -9999.0 -9999.0 -9999.0 -9999.0 -9999.0 -9999.0 -9999.0 -9999.0 -9999.0 -9999.0 -9999.0 -9999.0 -9999.0 -9999.0 -9999.0 -9999.0 -9999.0 -9999.0 -9999.0 -9999.0 -9999.0 -9999.0 -9999.0 -9999.0 -9999.0 -9999.0 -9999.0 -9999.0 -9999.0 -9999.0 -9999.0 -9999.0 -9999.0 -9999.0 -9999.0 78.9 139.7 124.5 156.2 213.5 216.3 -9999.0 -9999.0 -9999.0 -9999.0 -9999.0 -9999.0 -9999.0 -9999.0 -9999.0 62.1 -9999.0 -9999.0 -9999.0 -9999.0 -9999.0 224.9
-9999.0 -9999.0 -9999.0 -9999.0 -9999.0 -9999.0 -9999.0 -9999.0 -9999.0 -9999.0 -9999.0 -9999.0 -9999.0 -9999.0 -9999.0 -9999.0 -9999.0 -9999.0 -9999.0 -9999.0 -9999.0 -9999.0 -9999.0 -9999.0 -9999.0 -9999.0 -9999.0 -9999.0 -9999.0 -9999.0 -9999.0 -9999.0 -9999.0 -9999.0 -9999.0 -9999.0 -9999.0 -9999.0 -9999.0 -9999.0 -9999.0 -9999.0 -9999.0 -9999.0 -9999.0 -9999.0 -9999.0 -9999.0 -9999.0 -9999.0 -9999.0 -9999.0 -9999.0 -9999.0 -9999.0 -9999.0 -9999.0 -9999.0 181.0 192.1 -9999.0 -9999.0 -9999.0 -9999.0 -9999.0 -9999.0 -9999.0 -9999.0 -9999.0 -9999.0 -9999.0 -9999.0 -9999.0 -9999.0 -9999.0 132.3 161.7
-9999.0 -9999.0 -9999.0 -9999.0 -9999.0 -9999.0 -9999.0 -9999.0 -9999.0 -9999.0 -9999.0 -9999.0 -9999.0 -9999.0 -9999.0 -9999.0 -9999.0 -9999.0 -9999.0 -9999.0 -9999.0 -9999.0 -9999.0 -9999.0 -9999.0 -9999.0 -9999.0 -9999.0 -9999.0 -9999.0 -9999.0 -9999.0 -9999.0 -9999.0 -9999.0 -9999.0 -9999.0 -9999.0 -9999.0 -9999.0 -9999.0 -9999.0 -9999.0 -9999.0 -9999.0 -9999.0 -9999.0 -9999.0 -9999.0 -9999.0 -9999.0 -9999.0 -9999.0 -9999.0 -9999.0 -9999.0 -9999.0 -9999.0 -9999.0 -9999.0 -9999.0 -9999.0 -9999.0 -9999.0 -9999.0 -9999.0 -9999.0 -9999.0 -9999.0 -9999.0 -9999.0 -9999.0 -9999.0 -9999.0 -9999.0 -9999.0 -9999.0
-9999.0 -9999.0 -9999.0 -9999.0 -9999.0 -9999.0 -9999.0 -9999.0 -9999.0 -9999.0 -9999.0 -9999.0 -9999.0 -9999.0 -9999.0 -9999.0 -9999.0 -9999.0 -9999.0 -9999.0 -9999.0 -9999.0 -9999.0 -9999.0 -9999.0 -9999.0 -9999.0 -9999.0 -9999.0 -9999.0 -9999.0 -9999.0 -9999.0 -9999.0 -9999.0 -9999.0 -9999.0 -9999.0 -9999.0 -9999.0 -9999.0 -9999.0 -9999.0 -9999.0 -9999.0 -9999.0 -9999.0 -9999.0 -9999.0 -9999.0 -9999.0 -9999.0 -9999.0 -9999.0 -9999.0 -9999.0 -9999.0 -9999.0 -9999.0 -9999.0 -9999.0 -9999.0 -9999.0 -9999.0 -9999.0 -9999.0 -9999.0 -9999.0 -9999.0 -9999.0 -9999.0 -9999.0 -9999.0 -9999.0 -9999.0 150.4 127.8
-9999.0 -9999.0 -9999.0 -9999.0 -9999.0 -9999.0 -9999.0 -9999.0 -9999.0 -9999.0 -9999.0 -9999.0 -9999.0 -9999.0 -9999.0 -9999.0 -9999.0 -9999.0 -9999.0 -9999.0 -9999.0 -9999.0 -9999.0 -9999.0 -9999.0 -9999.0 -9999.0 -9999.0 -9999.0 -9999.0 -9999.0 -9999.0 -9999.0 -9999.0 -9999.0 -9999.0 -9999.0 -9999.0 -9999.0 -9999.0 -9999.0 -9999.0 -9999.0 -9999.0 -9999.0 -9999.0 -9999.0 -9999.0 -9999.0 -9999.0 -9999.0 -9999.0 -9999.0 -9999.0 -9999.0 -9999.0 -9999.0 -9999.0 -9999.0 -9999.0 -9999.0 -9999.0 -9999.0 -9999.0 -9999.0 -9999.0 -9999.0 -9999.0 -9999.0 -9999.0 -9999.0 -9999.0 -9999.0 50.7 196.0 189.3 201.9
