program/excelProcessViaJava/data/SURF_CLI_CHN_PRE_MON_GRID_0.5-198807.txt
NCOLS      128
NROWS       72
XLLCORNER    72.000000000000    
YLLCORNER    18.000000000000    
CELLSIZE    0.50000000000000    
NODATA_VALUE   -9999.000    
[rows 33 to 65 of 72, columns 0 to 74 of 128]
-9999.0 -9999.0 -9999.0 -9999.0 8.6 18.9 31.0 14.4 13.5 3.8 5.9 4.9 3.8 2.7 2.7 3.1 3.7 4.5 5.1 5.6 6.1 6.6 7.0 7.0 7.1 6.9 7.3 11.9 7.5 8.5 9.7 11.0 12.5 12.9 14.8 14.3 13.6 14.9 13.3 10.3 9.1 9.0 9.2 10.4 12.1 14.5 17.8 23.3 30.1 31.9 34.6 43.8 55.1 76.2 60.8 81.9 99.4 141.5 147.6 172.2 158.3 118.8 82.9 42.2 29.2 35.9 42.7 41.5 64.2 74.4 83.7 96.9 110.2 128.3 155.9
-9999.0 -9999.0 -9999.0 -9999.0 15.7 10.9 27.7 11.1 42.5 39.1 8.7 30.6 17.9 17.9 4.0 4.2 4.8 4.2 4.8 5.6 6.2 6.6 6.7 6.3 9.2 12.5 7.9 8.0 8.1 8.8 9.8 10.9 12.3 13.5 14.2 15.0 15.3 17.0 14.9 13.6 15.6 12.6 12.6 13.2 13.8 15.0 17.1 20.0 23.5 27.7 30.1 31.3 48.5 43.9 48.8 67.6 86.0 108.8 127.8 91.6 130.0 80.7 63.0 55.3 41.7 35.8 52.4 52.8 68.2 98.3 103.7 119.2 133.4 156.0 184.8
-9999.0 -9999.0 -9999.0 -9999.0 -9999.0 -9999.0 -9999.0 15.1 27.1 18.9 48.6 47.6 23.1 28.3 27.2 4.4 10.5 6.2 6.1 8.1 12.3 16.0 14.9 12.1 10.2 9.1 9.1 8.9 9.0 9.7 10.3 11.3 12.6 14.0 15.5 16.8 18.9 19.7 23.9 26.7 20.6 34.5 34.3 27.5 21.9 19.0 22.5 23.8 28.6 28.0 29.2 30.5 34.7 71.0 71.5 58.1 65.5 74.3 109.7 95.8 122.5 79.9 62.4 60.2 67.4 53.6 65.3 80.6 87.3 112.0 124.4 141.1 168.4 198.0 225.4
-9999.0 -9999.0 -9999.0 -9999.0 -9999.0 -9999.0 -9999.0 49.3 13.2 32.5 42.3 30.4 38.1 54.1 35.8 60.1 30.1 26.2 36.2 21.2 18.3 20.3 15.8 13.9 11.8 10.8 9.9 10.3 9.7 10.3 11.0 12.1 13.6 15.4 17.5 19.7 22.0 25.1 27.8 30.0 33.8 37.1 42.1 56.9 41.2 33.2 38.5 41.0 54.4 46.4 64.0 55.3 38.6 47.7 71.0 58.2 65.0 75.6 90.4 101.8 100.5 102.1 84.3 89.1 82.9 79.6 82.2 89.9 127.1 118.9 144.2 169.7 200.0 232.8 240.8
-9999.0 -9999.0 -9999.0 -9999.0 -9999.0 -9999.0 -9999.0 -9999.0 -9999.0 32.6 31.9 28.6 48.8 45.9 37.0 31.5 38.8 59.9 36.5 42.7 28.5 20.8 17.8 15.7 13.9 12.4 11.8 11.2 11.2 11.4 12.9 13.7 15.5 17.4 21.0 24.0 27.3 30.8 34.3 38.8 42.2 48.2 51.7 53.5 61.2 63.5 65.6 64.7 64.4 60.7 61.6 51.6 45.8 46.8 66.5 58.4 60.7 67.0 80.3 86.4 97.1 117.4 136.2 109.5 117.4 105.6 97.7 106.1 153.7 148.7 176.1 187.9 214.5 248.1 272.5
-9999.0 -9999.0 -9999.0 -9999.0 -9999.0 -9999.0 -9999.0 -9999.0 -9999.0 -9999.0 -9999.0 53.8 25.5 57.6 45.1 48.9 43.3 38.1 34.3 33.8 34.3 25.9 23.2 18.9 19.2 15.6 14.5 13.5 12.9 13.2 14.1 14.8 17.7 20.4 24.7 28.0 33.8 38.9 46.7 49.3 56.4 60.4 64.7 68.9 83.8 79.6 94.9 85.9 85.8 76.5 61.4 55.5 52.9 59.3 72.9 69.1 66.6 73.6 76.6 83.5 100.2 116.7 138.8 147.2 157.0 111.1 107.8 131.1 167.6 198.7 209.2 220.7 222.7 233.2 215.0
-9999.0 -9999.0 -9999.0 -9999.0 -9999.0 -9999.0 -9999.0 -9999.0 -9999.0 -9999.0 -9999.0 -9999.0 33.2 34.4 57.1 45.3 66.9 48.0 44.3 51.7 31.4 29.9 26.7 22.6 27.2 18.7 16.9 16.0 15.3 15.0 15.8 17.6 20.0 22.6 27.4 34.1 40.5 48.5 55.7 61.7 67.1 73.4 80.5 90.1 96.5 104.0 111.2 100.7 97.2 89.3 89.6 79.2 67.7 64.5 71.5 78.8 82.6 91.5 81.2 95.1 103.0 124.1 145.8 160.8 141.7 176.6 137.5 166.5 204.9 243.8 219.2 193.0 201.9 214.9 222.6
-9999.0 -9999.0 -9999.0 -9999.0 -9999.0 -9999.0 -9999.0 -9999.0 -9999.0 -9999.0 -9999.0 -9999.0 72.2 34.5 32.3 55.8 39.7 44.7 54.6 46.6 41.0 38.8 32.9 27.3 24.0 22.4 20.7 20.0 18.7 19.3 18.6 19.0 22.3 26.7 32.1 40.9 48.4 58.7 68.7 76.8 83.4 89.9 100.2 105.1 116.3 127.0 123.3 118.1 102.6 102.6 92.9 90.7 80.2 84.0 79.0 88.2 88.4 95.5 95.1 99.7 106.9 120.4 141.3 167.6 128.9 151.7 151.0 181.3 210.5 248.2 299.4 351.4 357.1 289.5 265.1
-9999.0 -9999.0 -9999.0 -9999.0 -9999.0 -9999.0 -9999.0 -9999.0 -9999.0 -9999.0 -9999.0 -9999.0 -9999.0 53.3 74.6 41.8 57.2 48.3 45.6 44.1 43.9 37.4 37.9 31.5 29.4 28.2 25.4 23.7 21.9 21.4 22.9 24.7 24.8 29.1 39.5 48.6 59.9 71.2 81.3 91.9 100.0 107.6 114.9 125.9 130.4 133.8 139.7 140.8 134.9 122.9 113.1 100.4 96.7 118.7 108.1 103.1 100.8 108.3 121.3 113.8 114.3 119.0 136.3 132.9 120.5 136.7 170.5 220.4 254.7 264.9 223.2 222.0 265.1 261.2 260.1
-9999.0 -9999.0 -9999.0 -9999.0 -9999.0 -9999.0 -9999.0 -9999.0 -9999.0 -9999.0 -9999.0 -9999.0 57.7 83.8 76.3 56.8 79.5 64.5 60.4 46.8 44.8 42.6 41.1 37.5 35.0 33.4 30.7 29.2 27.9 26.5 27.1 30.7 28.3 35.5 42.2 55.9 65.7 86.8 99.8 107.8 113.8 123.6 133.7 133.1 140.7 146.1 145.7 139.6 136.8 130.8 134.5 139.2 120.2 124.5 113.3 110.0 118.9 110.7 120.1 118.3 119.9 131.6 137.5 164.5 149.9 157.8 328.6 330.7 308.3 325.0 326.8 275.5 202.6 145.1 133.0
-9999.0 -9999.0 -9999.0 -9999.0 -9999.0 -9999.0 -9999.0 -9999.0 -9999.0 -9999.0 -9999.0 -9999.0 79.6 46.4 58.6 103.1 90.1 60.1 57.7 62.3 50.4 51.7 47.7 44.2 41.3 39.9 38.5 37.4 36.1 36.9 37.4 36.7 34.2 45.2 53.7 63.4 83.6 98.2 112.9 124.7 127.0 131.2 134.3 138.1 142.4 146.8 153.7 150.8 146.0 128.0 126.7 140.9 129.6 123.5 118.5 109.2 116.1 125.6 126.0 141.0 152.2 169.2 143.5 138.8 148.5 293.7 270.3 419.0 405.3 355.1 302.0 240.8 183.7 182.3 178.1
-9999.0 -9999.0 -9999.0 -9999.0 -9999.0 -9999.0 -9999.0 -9999.0 -9999.0 -9999.0 -9999.0 -9999.0 38.0 77.3 52.8 63.9 64.4 89.3 70.6 67.4 73.8 68.1 54.6 53.1 48.5 47.3 44.8 42.7 45.3 45.6 46.5 40.1 48.9 57.6 64.5 72.9 90.2 108.0 126.0 128.3 135.2 142.2 137.4 141.1 138.8 145.7 149.7 139.9 127.0 125.9 130.7 127.9 174.2 179.3 149.0 112.6 121.9 135.5 148.3 145.0 156.0 167.4 225.2 155.5 201.4 438.8 446.5 423.0 387.0 336.6 270.1 242.4 191.2 182.1 241.9
-9999.0 -9999.0 -9999.0 -9999.0 -9999.0 -9999.0 -9999.0 -9999.0 -9999.0 -9999.0 -9999.0 -9999.0 -9999.0 116.0 102.7 69.0 75.5 70.3 81.9 81.6 93.6 68.3 67.5 64.2 55.3 54.1 53.5 54.7 53.5 60.7 53.2 55.5 54.4 64.7 68.1 68.4 85.1 115.2 128.5 139.9 141.7 134.9 138.1 136.6 131.5 127.8 131.9 112.9 128.5 125.4 113.7 150.2 149.9 135.1 166.3 163.1 123.2 133.3 160.7 208.8 205.4 301.8 234.6 167.6 382.6 405.5 401.3 362.6 329.1 282.6 228.2 171.9 164.2 91.7 117.2
-9999.0 -9999.0 -9999.0 -9999.0 -9999.0 -9999.0 -9999.0 -9999.0 -9999.0 -9999.0 -9999.0 -9999.0 -9999.0 39.3 101.0 72.5 103.4 72.4 74.7 79.2 96.3 87.2 81.4 71.0 61.0 61.9 62.5 65.8 68.3 62.8 64.1 65.6 72.9 72.7 69.3 76.6 97.1 115.6 122.6 121.3 134.8 133.7 132.0 129.5 138.8 121.3 117.1 99.3 100.9 102.8 126.4 108.5 150.9 180.9 198.8 180.2 148.5 157.7 194.1 167.9 238.4 200.0 252.3 405.1 364.2 328.1 299.0 279.6 251.2 213.4 170.5 135.2 107.8 106.6 107.8
-9999.0 -9999.0 -9999.0 -9999.0 -9999.0 -9999.0 -9999.0 -9999.0 -9999.0 -9999.0 -9999.0 -9999.0 -9999.0 -9999.0 -9999.0 77.2 72.8 85.3 77.5 71.8 90.8 77.0 72.6 72.4 72.6 71.2 78.0 75.3 78.0 85.3 84.8 88.9 78.6 78.9 84.1 79.1 85.4 116.5 119.9 123.7 122.7 125.3 124.7 120.8 114.8 108.1 102.8 85.7 93.7 71.2 96.1 160.0 143.0 165.5 135.1 184.0 192.2 158.9 242.5 278.7 200.8 298.0 481.5 409.0 332.6 269.7 237.7 226.1 195.4 159.1 128.5 101.3 130.9 127.9 106.4
-9999.0 -9999.0 -9999.0 -9999.0 -9999.0 -9999.0 -9999.0 -9999.0 -9999.0 -9999.0 -9999.0 -9999.0 -9999.0 -9999.0 -9999.0 -9999.0 -9999.0 29.0 48.2 -9999.0 60.3 82.8 69.7 70.3 79.5 78.8 90.2 88.1 95.2 98.4 108.4 123.4 96.6 120.4 125.6 93.9 86.8 109.1 103.2 108.6 112.2 117.2 114.9 110.8 134.7 104.9 154.4 106.8 75.4 88.3 71.8 101.5 100.1 169.9 196.6 215.3 201.5 259.3 273.1 303.3 252.4 360.0 443.6 398.6 294.1 221.9 201.1 187.8 160.3 123.7 93.1 124.8 133.2 110.5 121.7
-9999.0 -9999.0 -9999.0 -9999.0 -9999.0 -9999.0 -9999.0 -9999.0 -9999.0 -9999.0 -9999.0 -9999.0 -9999.0 -9999.0 -9999.0 -9999.0 -9999.0 -9999.0 -9999.0 -9999.0 -9999.0 69.6 79.0 97.5 84.1 78.1 86.1 96.5 108.7 126.6 135.6 164.1 159.2 141.8 133.4 96.6 87.0 84.7 90.1 104.7 109.3 107.3 110.2 105.7 129.8 96.3 200.3 86.0 115.5 258.4 93.0 166.6 177.7 136.8 180.8 234.0 260.6 257.2 353.7 310.2 256.4 275.2 346.2 325.7 284.4 230.0 212.0 192.1 159.8 112.3 86.6 105.6 105.4 92.2 93.6
-9999.0 -9999.0 -9999.0 -9999.0 -9999.0 -9999.0 -9999.0 -9999.0 -9999.0 -9999.0 -9999.0 -9999.0 -9999.0 -9999.0 -9999.0 -9999.0 -9999.0 -9999.0 -9999.0 -9999.0 -9999.0 -9999.0 -9999.0 60.6 77.4 81.5 90.3 103.7 120.2 136.7 148.8 151.9 134.0 131.8 112.0 96.6 86.7 77.0 82.3 89.8 93.4 104.0 97.3 99.4 129.5 253.8 124.9 103.6 109.3 108.8 87.8 138.5 110.6 142.8 159.0 177.9 247.9 309.0 246.4 322.9 229.2 235.8 235.4 236.5 247.7 259.7 248.7 218.8 164.5 118.3 107.3 95.8 91.4 93.8 71.3
-9999.0 -9999.0 -9999.0 -9999.0 -9999.0 -9999.0 -9999.0 -9999.0 -9999.0 -9999.0 -9999.0 -9999.0 -9999.0 -9999.0 -9999.0 -9999.0 -9999.0 -9999.0 -9999.0 -9999.0 -9999.0 -9999.0 -9999.0 -9999.0 -9999.0 79.5 86.9 133.4 135.7 152.1 153.4 168.0 167.4 144.6 128.9 105.8 107.4 80.9 88.4 84.5 99.9 92.6 140.4 131.8 220.1 271.2 197.4 272.5 104.7 113.5 136.5 123.5 157.9 163.3 147.5 175.4 234.0 255.2 316.3 310.3 270.4 232.5 332.6 232.4 261.4 291.7 264.2 203.7 164.3 133.0 101.7 88.9 73.3 81.3 70.0
-9999.0 -9999.0 -9999.0 -9999.0 -9999.0 -9999.0 -9999.0 -9999.0 -9999.0 -9999.0 -9999.0 -9999.0 -9999.0 -9999.0 -9999.0 -9999.0 -9999.0 -9999.0 -9999.0 -9999.0 -9999.0 -9999.0 -9999.0 -9999.0 -9999.0 -9999.0 -9999.0 114.9 135.0 143.3 162.9 174.9 161.9 169.0 134.2 164.2 98.9 89.6 100.5 88.5 96.1 100.5 161.4 239.5 256.1 284.1 306.3 300.1 281.3 168.5 197.3 179.4 138.4 142.6 152.7 186.5 198.9 222.4 281.1 244.0 184.2 221.5 175.1 194.6 212.9 238.2 238.8 198.4 147.1 114.2 94.2 88.6 64.8 66.6 50.0
-9999.0 -9999.0 -9999.0 -9999.0 -9999.0 -9999.0 -9999.0 -9999.0 -9999.0 -9999.0 -9999.0 -9999.0 -9999.0 -9999.0 -9999.0 -9999.0 -9999.0 -9999.0 -9999.0 -9999.0 -9999.0 -9999.0 -9999.0 -9999.0 -9999.0 -9999.0 -9999.0 -9999.0 -9999.0 -9999.0 -9999.0 -9999.0 -9999.0 180.4 144.6 -9999.0 -9999.0 -9999.0 151.2 107.5 134.3 168.3 158.3 266.4 303.4 307.0 -9999.0 -9999.0 -9999.0 -9999.0 -9999.0 -9999.0 171.3 174.0 162.7 167.1 183.9 180.9 202.1 189.5 190.3 199.1 171.9 180.0 195.9 202.9 178.1 141.0 116.5 102.5 89.8 83.8 79.5 56.9 58.3
-9999.0 -9999.0 -9999.0 -9999.0 -9999.0 -9999.0 -9999.0 -9999.0 -9999.0 -9999.0 -9999.0 -9999.0 -9999.0 -9999.0 -9999.0 -9999.0 -9999.0 -9999.0 -9999.0 -9999.0 -9999.0 -9999.0 -9999.0 -9999.0 -9999.0 -9999.0 -9999.0 -9999.0 -9999.0 -9999.0 -9999.0 -9999.0 -9999.0 -9999.0 -9999.0 -9999.0 -9999.0 -9999.0 -9999.0 252.6 257.5 269.8 283.2 293.8 -9999.0 -9999.0 -9999.0 -9999.0 -9999.0 -9999.0 -9999.0 -9999.0 200.8 206.9 183.7 161.5 148.2 140.9 143.5 157.8 170.2 173.9 168.6 161.5 159.6 153.8 136.7 116.6 102.9 96.6 99.7 98.4 81.5 77.4 56.7
-9999.0 -9999.0 -9999.0 -9999.0 -9999.0 -9999.0 -9999.0 -9999.0 -9999.0 -9999.0 -9999.0 -9999.0 -9999.0 -9999.0 -9999.0 -9999.0 -9999.0 -9999.0 -9999.0 -9999.0 -9999.0 -9999.0 -9999.0 -9999.0 -9999.0 -9999.0 -9999.0 -9999.0 -9999.0 -9999.0 -9999.0 -9999.0 -9999.0 -9999.0 -9999.0 -9999.0 -9999.0 -9999.0 -9999.0 -9999.0 -9999.0 -9999.0 -9999.0 -9999.0 -9999.0 -9999.0 -9999.0 -9999.0 -9999.0 -9999.0 -9999.0 -9999.0 214.6 238.2 196.7 190.0 130.0 111.3 113.1 133.6 144.4 151.6 214.2 147.6 145.6 141.0 127.4 108.5 103.0 108.5 120.0 127.5 136.5 103.1 84.8
-9999.0 -9999.0 -9999.0 -9999.0 -9999.0 -9999.0 -9999.0 -9999.0 -9999.0 -9999.0 -9999.0 -9999.0 -9999.0 -9999.0 -9999.0 -9999.0 -9999.0 -9999.0 -9999.0 -9999.0 -9999.0 -9999.0 -9999.0 -9999.0 -9999.0 -9999.0 -9999.0 -9999.0 -9999.0 -9999.0 -9999.0 -9999.0 -9999.0 -9999.0 -9999.0 -9999.0 -9999.0 -9999.0 -9999.0 -9999.0 -9999.0 -9999.0 -9999.0 -9999.0 -9999.0 -9999.0 -9999.0 -9999.0 -9999.0 -9999.0 -9999.0 269.5 250.7 252.4 160.5 143.8 106.3 104.9 90.4 89.3 137.0 143.3 140.1 146.3 149.7 144.4 128.6 132.3 114.1 126.9 142.1 153.9 145.1 129.1 119.1
-9999.0 -9999.0 -9999.0 -9999.0 -9999.0 -9999.0 -9999.0 -9999.0 -9999.0 -9999.0 -9999.0 -9999.0 -9999.0 -9999.0 -9999.0 -9999.0 -9999.0 -9999.0 -9999.0 -9999.0 -9999.0 -9999.0 -9999.0 -9999.0 -9999.0 -9999.0 -9999.0 -9999.0 -9999.0 -9999.0 -9999.0 -9999.0 -9999.0 -9999.0 -9999.0 -9999.0 -9999.0 -9999.0 -9999.0 -9999.0 -9999.0 -9999.0 -9999.0 -9999.0 -9999.0 -9999.0 -9999.0 -9999.0 -9999.0 -9999.0 303.7 309.2 285.0 256.1 173.4 142.8 87.8 66.9 72.9 97.3 105.6 137.4 138.7 154.6 169.0 160.9 133.5 125.2 127.4 139.1 156.7 158.2 161.6 167.5 161.5
-9999.0 -9999.0 -9999.0 -9999.0 -9999.0 -9999.0 -9999.0 -9999.0 -9999.0 -9999.0 -9999.0 -9999.0 -9999.0 -9999.0 -9999.0 -9999.0 -9999.0 -9999.0 -9999.0 -9999.0 -9999.0 -9999.0 -9999.0 -9999.0 -9999.0 -9999.0 -9999.0 -9999.0 -9999.0 -9999.0 -9999.0 -9999.0 -9999.0 -9999.0 -9999.0 -9999.0 -9999.0 -9999.0 -9999.0 -9999.0 -9999.0 -9999.0 -9999.0 -9999.0 -9999.0 -9999.0 -9999.0 -9999.0 -9999.0 -9999.0 313.5 358.8 287.8 258.4 212.6 146.8 100.9 98.8 90.9 84.5 93.5 118.8 137.5 163.9 177.8 156.5 135.9 128.2 135.3 144.0 160.4 170.3 170.8 160.1 145.8
-9999.0 -9999.0 -9999.0 -9999.0 -9999.0 -9999.0 -9999.0 -9999.0 -9999.0 -9999.0 -9999.0 -9999.0 -9999.0 -9999.0 -9999.0 -9999.0 -9999.0 -9999.0 -9999.0 -9999.0 -9999.0 -9999.0 -9999.0 -9999.0 -9999.0 -9999.0 -9999.0 -9999.0 -9999.0 -9999.0 -9999.0 -9999.0 -9999.0 -9999.0 -9999.0 -9999.0 -9999.0 -9999.0 -9999.0 -9999.0 -9999.0 -9999.0 -9999.0 -9999.0 -9999.0 -9999.0 -9999.0 -9999.0 -9999.0 -9999.0 308.5 334.9 295.6 326.4 214.1 168.7 177.4 127.2 119.8 91.7 107.2 134.3 151.2 160.8 168.8 148.8 126.3 121.5 130.4 160.9 160.2 198.5 150.7 162.3 124.7
-9999.0 -9999.0 -9999.0 -9999.0 -9999.0 -9999.0 -9999.0 -9999.0 -9999.0 -9999.0 -9999.0 -9999.0 -9999.0 -9999.0 -9999.0 -9999.0 -9999.0 -9999.0 -9999.0 -9999.0 -9999.0 -9999.0 -9999.0 -9999.0 -9999.0 -9999.0 -9999.0 -9999.0 -9999.0 -9999.0 -9999.0 -9999.0 -9999.0 -9999.0 -9999.0 -9999.0 -9999.0 -9999.0 -9999.0 -9999.0 -9999.0 -9999.0 -9999.0 -9999.0 -9999.0 -9999.0 -9999.0 -9999.0 -9999.0 -9999.0 368.7 402.9 346.7 323.3 270.8 254.3 165.8 168.4 152.0 118.3 143.5 156.7 150.5 174.2 173.7 153.6 142.8 132.3 154.6 120.9 148.4 147.7 147.1 149.7 117.8
-9999.0 -9999.0 -9999.0 -9999.0 -9999.0 -9999.0 -9999.0 -9999.0 -9999.0 -9999.0 -9999.0 -9999.0 -9999.0 -9999.0 -9999.0 -9999.0 -9999.0 -9999.0 -9999.0 -9999.0 -9999.0 -9999.0 -9999.0 -9999.0 -9999.0 -9999.0 -9999.0 -9999.0 -9999.0 -9999.0 -9999.0 -9999.0 -9999.0 -9999.0 -9999.0 -9999.0 -9999.0 -9999.0 -9999.0 -9999.0 -9999.0 -9999.0 -9999.0 -9999.0 -9999.0 -9999.0 -9999.0 -9999.0 -9999.0 -9999.0 -9999.0 -9999.0 -9999.0 304.1 257.8 225.3 211.5 207.5 158.0 165.3 270.4 183.3 259.2 224.8 197.7 167.9 168.8 135.1 154.8 152.0 135.6 128.1 127.8 130.7 137.3
-9999.0 -9999.0 -9999.0 -9999.0 -9999.0 -9999.0 -9999.0 -9999.0 -9999.0 -9999.0 -9999.0 -9999.0 -9999.0 -9999.0 -9999.0 -9999.0 -9999.0 -9999.0 -9999.0 -9999.0 -9999.0 -9999.0 -9999.0 -9999.0 -9999.0 -9999.0 -9999.0 -9999.0 -9999.0 -9999.0 -9999.0 -9999.0 -9999.0 -9999.0 -9999.0 -9999.0 -9999.0 -9999.0 -9999.0 -9999.0 -9999.0 -9999.0 -9999.0 -9999.0 -9999.0 -9999.0 -9999.0 -9999.0 -9999.0 -9999.0 -9999.0 -9999.0 -9999.0 310.3 248.1 346.0 212.4 183.9 217.2 311.0 283.5 263.5 367.0 288.6 251.1 205.6 154.4 182.2 136.1 131.2 121.4 130.9 149.3 160.7 164.3
-9999.0 -9999.0 -9999.0 -9999.0 -9999.0 -9999.0 -9999.0 -9999.0 -9999.0 -9999.0 -9999.0 -9999.0 -9999.0 -9999.0 -9999.0 -9999.0 -9999.0 -9999.0 -9999.0 -9999.0 -9999.0 -9999.0 -9999.0 -9999.0 -9999.0 -9999.0 -9999.0 -9999.0 -9999.0 -9999.0 -9999.0 -9999.0 -9999.0 -9999.0 -9999.0 -9999.0 -9999.0 -9999.0 -9999.0 -9999.0 -9999.0 -9999.0 -9999.0 -9999.0 -9999.0 -9999.0 -9999.0 -9999.0 -9999.0 -9999.0 -9999.0 -9999.0 -9999.0 315.6 209.6 276.3 235.1 209.4 253.3 299.2 396.3 411.5 478.8 442.9 287.7 -9999.0 -9999.0 -9999.0 170.8 136.8 150.7 186.1 208.2 205.5 200.7
-9999.0 -9999.0 -9999.0 -9999.0 -9999.0 -9999.0 -9999.0 -9999.0 -9999.0 -9999.0 -9999.0 -9999.0 -9999.0 -9999.0 -9999.0 -9999.0 -9999.0 -9999.0 -9999.0 -9999.0 -9999.0 -9999.0 -9999.0 -9999.0 -9999.0 -9999.0 -9999.0 -9999.0 -9999.0 -9999.0 -9999.0 -9999.0 -9999.0 -9999.0 -9999.0 -9999.0 -9999.0 -9999.0 -9999.0 -9999.0 -9999.0 -9999.0 -9999.0 -9999.0 -9999.0 -9999.0 -9999.0 -9999.0 -9999.0 -9999.0 -9999.0 -9999.0 -9999.0 -9999.0 283.9 256.2 190.6 188.4 286.5 397.3 324.4 -9999.0 -9999.0 -9999.0 -9999.0 -9999.0 -9999.0 -9999.0 168.5 185.8 242.7 236.6 244.4 237.7 208.5
-9999.0 -9999.0 -9999.0 -9999.0 -9999.0 -9999.0 -9999.0 -9999.0 -9999.0 -9999.0 -9999.0 -9999.0 -9999.0 -9999.0 -9999.0 -9999.0 -9999.0 -9999.0 -9999.0 -9999.0 -9999.0 -9999.0 -9999.0 -9999.0 -9999.0 -9999.0 -9999.0 -9999.0 -9999.0 -9999.0 -9999.0 -9999.0 -9999.0 -9999.0 -9999.0 -9999.0 -9999.0 -9999.0 -9999.0 -9999.0 -9999.0 -9999.0 -9999.0 -9999.0 -9999.0 -9999.0 -9999.0 -9999.0 -9999.0 -9999.0 -9999.0 -9999.0 -9999.0 -9999.0 -9999.0 236.9 334.3 245.4 246.4 343.0 371.6 -9999.0 -9999.0 -9999.0 -9999.0 -9999.0 -9999.0 -9999.0 -9999.0 -9999.0 235.3 -9999.0 -9999.0 -9999.0 -9999.0
