program/excelProcessViaJava/data/SURF_CLI_CHN_PRE_MON_GRID_0.5-201303.txt
NCOLS      128
NROWS       72
XLLCORNER    72.000000000000    
YLLCORNER    18.000000000000    
CELLSIZE    0.50000000000000    
NODATA_VALUE   -9999.000    
[rows 35 to 69 of 72, columns 0 to 78 of 128]
-9999.0 -9999.0 -9999.0 -9999.0 -9999.0 -9999.0 -9999.0 1.3 1.3 0.5 0.7 0.3 0.1 0.1 0.0 0.1 0.0 0.0 0.1 0.0 0.0 0.0 0.0 0.0 0.0 0.0 0.0 0.0 0.0 0.0 0.1 0.1 0.1 0.1 0.1 0.1 0.1 0.2 0.2 0.2 0.2 0.2 0.2 0.2 0.2 0.2 0.2 0.2 0.2 0.3 0.5 0.6 0.6 0.7 0.4 0.2 0.2 0.2 0.3 0.3 0.5 0.2 0.2 0.3 0.5 0.8 2.1 4.6 5.5 4.3 1.4 0.4 0.6 1.4 2.9 4.2 4.2 4.0 3.8
-9999.0 -9999.0 -9999.0 -9999.0 -9999.0 -9999.0 -9999.0 3.1 0.6 0.6 0.4 0.2 0.1 0.1 0.0 0.0 0.0 0.0 0.0 0.0 0.0 0.0 0.0 0.0 0.0 0.0 0.0 0.0 0.1 0.1 0.1 0.1 0.1 0.1 0.1 0.1 0.1 0.1 0.2 0.2 0.2 0.3 0.3 0.3 0.3 0.3 0.3 0.3 0.5 0.6 0.9 0.9 0.7 0.5 0.5 0.2 0.2 0.2 0.2 0.3 0.2 0.2 0.2 0.2 0.2 0.4 1.4 3.9 6.4 5.1 3.0 2.0 2.5 3.5 4.1 4.3 3.6 3.3 3.6
-9999.0 -9999.0 -9999.0 -9999.0 -9999.0 -9999.0 -9999.0 -9999.0 -9999.0 0.5 0.2 0.1 0.1 0.0 0.0 0.0 0.0 0.0 0.0 0.0 0.0 0.0 0.0 0.0 0.0 0.0 0.1 0.1 0.1 0.1 0.1 0.1 0.1 0.1 0.1 0.1 0.1 0.2 0.2 0.3 0.4 0.4 0.5 0.5 0.5 0.6 0.7 0.7 0.9 1.1 1.3 1.2 1.0 0.7 0.8 0.3 0.2 0.2 0.2 0.2 0.3 0.6 0.8 0.3 0.3 0.3 0.7 2.5 5.0 6.0 5.3 4.3 4.9 5.4 4.6 2.7 1.8 1.8 2.3
-9999.0 -9999.0 -9999.0 -9999.0 -9999.0 -9999.0 -9999.0 -9999.0 -9999.0 -9999.0 -9999.0 0.2 0.1 0.0 0.0 0.0 0.0 0.0 0.0 0.0 0.0 0.0 0.0 0.1 0.0 0.1 0.1 0.1 0.1 0.1 0.1 0.1 0.1 0.1 0.1 0.1 0.1 0.2 0.2 0.4 0.6 0.8 1.0 1.1 1.1 1.3 1.5 1.6 1.9 2.1 2.1 2.2 2.0 1.9 1.8 0.8 0.3 0.3 0.3 0.4 0.8 1.0 1.3 1.3 1.5 0.6 1.2 2.3 4.2 5.9 6.2 5.8 5.6 5.2 3.0 1.5 1.0 1.5 1.9
-9999.0 -9999.0 -9999.0 -9999.0 -9999.0 -9999.0 -9999.0 -9999.0 -9999.0 -9999.0 -9999.0 -9999.0 0.1 0.1 0.0 0.0 0.0 0.0 0.0 0.0 0.0 0.0 0.1 0.1 0.0 0.1 0.2 0.1 0.1 0.1 0.1 0.1 0.1 0.1 0.1 0.1 0.1 0.2 0.4 0.7 1.2 1.5 1.8 1.8 2.1 2.4 2.7 3.0 3.4 3.8 4.8 5.1 4.7 3.9 3.3 2.5 1.7 1.7 0.6 1.5 1.9 3.5 4.5 4.2 3.6 3.8 2.8 3.6 4.9 6.0 6.0 4.2 3.7 3.8 3.9 1.6 2.9 3.5 3.9
-9999.0 -9999.0 -9999.0 -9999.0 -9999.0 -9999.0 -9999.0 -9999.0 -9999.0 -9999.0 -9999.0 -9999.0 0.1 0.1 0.1 0.0 0.0 0.0 0.0 0.0 0.1 0.1 0.1 0.2 0.3 0.2 0.2 0.3 0.2 0.2 0.2 0.1 0.1 0.2 0.1 0.2 0.2 0.2 0.4 0.9 1.7 2.3 2.3 3.0 3.3 3.8 4.7 5.3 5.7 6.4 7.2 8.8 8.7 8.7 6.2 5.6 3.6 3.1 2.0 2.5 3.8 5.9 7.8 8.0 8.0 6.8 5.7 5.9 6.8 7.3 7.1 5.9 5.0 5.8 5.7 7.0 8.6 6.5 8.8
-9999.0 -9999.0 -9999.0 -9999.0 -9999.0 -9999.0 -9999.0 -9999.0 -9999.0 -9999.0 -9999.0 -9999.0 -9999.0 0.1 0.1 0.1 0.1 0.1 0.1 0.2 0.2 0.3 0.2 0.6 0.5 0.2 0.2 0.2 0.2 0.2 0.2 0.2 0.2 0.2 0.2 0.2 0.2 0.3 0.5 1.0 1.9 2.6 3.2 3.5 4.5 5.9 6.9 7.8 8.7 9.6 11.1 12.4 13.6 16.7 14.3 11.3 8.1 7.3 8.5 7.0 8.4 9.9 11.0 9.7 11.6 10.0 8.9 8.4 9.3 9.4 8.3 8.4 9.3 10.2 9.8 13.9 16.5 18.5 16.2
-9999.0 -9999.0 -9999.0 -9999.0 -9999.0 -9999.0 -9999.0 -9999.0 -9999.0 -9999.0 -9999.0 -9999.0 0.4 0.2 0.2 0.2 0.1 0.2 0.2 0.5 0.7 0.8 0.8 1.1 1.2 0.5 0.5 0.4 0.3 0.2 0.3 0.3 0.2 0.3 0.3 0.4 0.4 0.7 1.1 2.0 2.6 3.4 3.9 4.6 5.3 6.7 8.6 10.3 10.7 11.5 14.1 17.8 18.4 20.5 18.4 16.6 16.3 10.3 11.8 11.1 13.1 14.6 13.4 11.9 9.6 10.0 6.8 9.4 12.6 12.6 12.5 12.5 15.2 19.5 24.9 29.2 29.0 26.9 25.7
-9999.0 -9999.0 -9999.0 -9999.0 -9999.0 -9999.0 -9999.0 -9999.0 -9999.0 -9999.0 -9999.0 -9999.0 1.0 1.0 0.6 0.3 0.3 0.6 0.8 0.7 1.6 1.3 1.6 1.8 2.2 2.0 1.3 0.8 0.5 0.4 0.4 0.4 0.4 0.7 0.8 0.9 1.2 1.5 2.3 4.2 5.3 5.8 5.6 5.5 6.0 7.1 8.2 9.6 10.6 10.7 11.7 16.7 17.6 18.5 20.1 19.0 20.9 20.7 18.7 20.2 20.4 19.4 14.9 11.2 9.8 9.2 10.8 13.2 16.1 16.6 15.8 17.9 24.9 33.3 35.1 42.3 39.3 36.5 35.7
-9999.0 -9999.0 -9999.0 -9999.0 -9999.0 -9999.0 -9999.0 -9999.0 -9999.0 -9999.0 -9999.0 -9999.0 3.3 1.8 2.2 1.7 1.7 1.0 1.6 1.8 1.3 1.5 2.8 2.1 2.5 1.1 1.0 0.3 0.5 0.3 0.3 0.3 0.6 1.0 1.4 1.7 2.3 3.2 5.0 6.6 8.4 9.0 7.1 7.7 6.7 7.2 8.0 8.3 8.2 7.9 9.4 10.4 22.9 27.2 25.9 20.6 25.6 27.5 28.0 26.9 25.7 22.3 19.7 11.6 11.7 12.3 13.9 19.4 24.8 22.8 22.3 30.6 40.5 45.5 22.3 41.6 24.9 42.5 38.2
-9999.0 -9999.0 -9999.0 -9999.0 -9999.0 -9999.0 -9999.0 -9999.0 -9999.0 -9999.0 -9999.0 -9999.0 -9999.0 3.7 3.2 3.9 3.5 4.0 3.2 3.2 2.2 4.1 3.3 2.6 3.8 2.4 1.6 0.9 0.3 0.3 0.2 0.2 0.5 1.0 1.6 2.2 3.4 5.3 7.5 10.1 11.4 10.0 9.2 8.1 8.1 7.6 7.4 6.8 6.9 6.6 5.2 13.1 15.5 14.4 26.2 29.0 25.8 30.4 34.0 34.7 31.9 28.9 20.9 12.5 14.9 13.0 15.3 21.5 26.4 30.2 32.3 42.1 56.0 60.4 61.6 55.5 50.9 45.4 39.6
-9999.0 -9999.0 -9999.0 -9999.0 -9999.0 -9999.0 -9999.0 -9999.0 -9999.0 -9999.0 -9999.0 -9999.0 -9999.0 12.1 6.8 7.9 5.9 8.4 8.3 7.6 5.2 5.2 4.7 4.8 7.0 3.7 1.8 1.2 0.3 0.1 0.1 0.1 0.3 0.8 1.7 2.9 4.4 6.5 8.9 11.1 12.2 11.9 10.9 9.8 10.2 8.3 7.6 6.1 4.9 4.5 8.0 5.4 14.3 22.6 28.3 28.1 26.8 32.9 38.6 37.5 37.0 25.2 20.7 15.1 9.2 7.7 10.3 15.2 21.0 24.4 32.4 48.1 65.1 72.3 67.0 57.6 46.0 49.7 41.7
-9999.0 -9999.0 -9999.0 -9999.0 -9999.0 -9999.0 -9999.0 -9999.0 -9999.0 -9999.0 -9999.0 -9999.0 -9999.0 -9999.0 -9999.0 14.3 15.1 13.4 15.0 16.9 11.6 13.6 13.2 10.4 7.2 4.9 1.3 0.7 0.1 0.1 0.0 0.1 0.2 0.6 1.6 3.6 5.9 5.7 8.4 10.8 13.3 13.8 12.8 11.8 13.4 15.4 9.3 9.9 6.6 4.8 6.2 16.5 13.5 17.6 10.4 23.6 28.2 27.8 41.6 43.9 37.5 28.1 16.9 9.0 3.6 2.2 3.5 6.3 10.3 16.7 26.3 41.7 62.3 71.9 68.8 62.7 58.8 54.5 55.9
-9999.0 -9999.0 -9999.0 -9999.0 -9999.0 -9999.0 -9999.0 -9999.0 -9999.0 -9999.0 -9999.0 -9999.0 -9999.0 -9999.0 -9999.0 -9999.0 -9999.0 62.8 42.5 -9999.0 36.9 21.8 26.5 22.8 12.4 8.8 2.7 1.2 0.4 0.1 0.0 0.0 0.2 0.4 1.1 3.1 7.4 2.8 7.2 10.0 12.8 16.1 14.4 14.0 36.5 23.1 73.5 13.0 11.4 10.2 11.2 11.4 8.6 18.5 21.9 24.8 24.1 36.2 42.8 47.3 38.5 31.4 15.4 6.3 3.1 2.1 2.5 4.5 6.8 11.5 17.2 43.8 59.2 68.3 72.7 73.8 74.0 74.2 74.2
-9999.0 -9999.0 -9999.0 -9999.0 -9999.0 -9999.0 -9999.0 -9999.0 -9999.0 -9999.0 -9999.0 -9999.0 -9999.0 -9999.0 -9999.0 -9999.0 -9999.0 -9999.0 -9999.0 -9999.0 -9999.0 45.3 35.1 21.7 22.0 24.1 14.0 5.9 1.2 0.3 0.1 0.1 0.2 0.5 1.6 4.0 4.5 4.2 3.6 4.4 8.0 18.5 19.1 17.8 43.1 21.5 120.4 28.6 20.2 39.3 17.9 25.9 25.6 12.1 16.7 24.5 28.4 31.8 42.0 49.2 47.2 48.0 24.1 14.2 7.6 6.8 7.1 10.7 12.2 16.6 23.5 43.1 56.4 59.8 65.9 76.3 83.9 82.5 87.3
-9999.0 -9999.0 -9999.0 -9999.0 -9999.0 -9999.0 -9999.0 -9999.0 -9999.0 -9999.0 -9999.0 -9999.0 -9999.0 -9999.0 -9999.0 -9999.0 -9999.0 -9999.0 -9999.0 -9999.0 -9999.0 -9999.0 -9999.0 88.7 47.6 39.1 26.6 12.8 3.1 1.1 0.2 0.2 1.4 2.4 6.1 8.9 13.0 8.6 16.2 21.0 20.6 25.8 19.4 22.4 50.5 139.8 69.6 56.2 69.9 69.7 33.4 28.2 18.7 16.0 10.2 5.2 20.5 30.3 32.3 44.2 56.7 65.8 66.0 46.3 36.1 23.2 21.1 26.8 35.9 32.1 40.0 47.4 58.3 74.9 71.6 82.6 103.4 108.9 107.0
-9999.0 -9999.0 -9999.0 -9999.0 -9999.0 -9999.0 -9999.0 -9999.0 -9999.0 -9999.0 -9999.0 -9999.0 -9999.0 -9999.0 -9999.0 -9999.0 -9999.0 -9999.0 -9999.0 -9999.0 -9999.0 -9999.0 -9999.0 -9999.0 -9999.0 121.7 65.9 15.7 9.2 6.1 2.5 2.3 3.5 6.9 10.2 18.5 30.8 20.2 32.0 25.9 37.7 25.6 40.4 46.2 106.3 146.0 128.5 179.6 47.4 72.2 38.6 34.1 29.4 21.2 6.6 4.5 12.0 14.4 27.0 33.7 44.0 57.1 51.3 54.0 52.9 44.5 46.6 52.3 48.9 46.6 48.0 57.5 64.2 95.8 107.8 100.4 111.9 132.8 148.3
-9999.0 -9999.0 -9999.0 -9999.0 -9999.0 -9999.0 -9999.0 -9999.0 -9999.0 -9999.0 -9999.0 -9999.0 -9999.0 -9999.0 -9999.0 -9999.0 -9999.0 -9999.0 -9999.0 -9999.0 -9999.0 -9999.0 -9999.0 -9999.0 -9999.0 -9999.0 -9999.0 122.4 98.3 35.4 21.1 16.0 14.6 17.5 23.1 20.8 26.9 27.6 20.2 32.3 43.5 29.0 54.1 95.5 117.0 142.2 163.2 176.4 184.6 123.1 156.6 132.4 33.9 21.4 9.0 6.2 3.6 5.3 15.3 17.0 22.9 41.0 48.5 57.0 57.5 56.6 56.0 56.2 52.0 50.1 58.0 78.0 89.5 123.7 120.7 120.3 160.3 164.8 148.6
-9999.0 -9999.0 -9999.0 -9999.0 -9999.0 -9999.0 -9999.0 -9999.0 -9999.0 -9999.0 -9999.0 -9999.0 -9999.0 -9999.0 -9999.0 -9999.0 -9999.0 -9999.0 -9999.0 -9999.0 -9999.0 -9999.0 -9999.0 -9999.0 -9999.0 -9999.0 -9999.0 -9999.0 -9999.0 -9999.0 -9999.0 -9999.0 -9999.0 43.3 38.9 -9999.0 -9999.0 -9999.0 36.7 39.7 41.3 53.8 58.0 99.3 119.3 132.8 -9999.0 -9999.0 -9999.0 -9999.0 -9999.0 -9999.0 67.0 23.7 20.4 8.5 3.1 3.0 3.4 5.1 11.8 25.5 32.0 41.3 46.5 48.1 47.9 45.9 45.1 53.1 71.1 100.4 137.8 149.9 178.1 161.6 194.9 177.6 174.1
-9999.0 -9999.0 -9999.0 -9999.0 -9999.0 -9999.0 -9999.0 -9999.0 -9999.0 -9999.0 -9999.0 -9999.0 -9999.0 -9999.0 -9999.0 -9999.0 -9999.0 -9999.0 -9999.0 -9999.0 -9999.0 -9999.0 -9999.0 -9999.0 -9999.0 -9999.0 -9999.0 -9999.0 -9999.0 -9999.0 -9999.0 -9999.0 -9999.0 -9999.0 -9999.0 -9999.0 -9999.0 -9999.0 -9999.0 68.7 72.7 79.6 87.9 96.9 -9999.0 -9999.0 -9999.0 -9999.0 -9999.0 -9999.0 -9999.0 -9999.0 65.0 28.9 17.6 11.5 4.7 2.0 1.2 1.6 4.0 12.2 22.6 28.0 39.0 41.5 41.5 40.4 42.2 51.4 78.0 122.8 159.3 191.1 182.8 201.7 209.8 204.5 208.7
-9999.0 -9999.0 -9999.0 -9999.0 -9999.0 -9999.0 -9999.0 -9999.0 -9999.0 -9999.0 -9999.0 -9999.0 -9999.0 -9999.0 -9999.0 -9999.0 -9999.0 -9999.0 -9999.0 -9999.0 -9999.0 -9999.0 -9999.0 -9999.0 -9999.0 -9999.0 -9999.0 -9999.0 -9999.0 -9999.0 -9999.0 -9999.0 -9999.0 -9999.0 -9999.0 -9999.0 -9999.0 -9999.0 -9999.0 -9999.0 -9999.0 -9999.0 -9999.0 -9999.0 -9999.0 -9999.0 -9999.0 -9999.0 -9999.0 -9999.0 -9999.0 -9999.0 81.2 34.9 22.2 11.6 4.8 2.0 1.1 1.3 1.8 4.6 30.0 20.5 32.5 34.6 34.2 35.2 39.3 51.8 78.8 124.0 162.7 193.2 205.1 204.1 219.3 214.0 214.7
-9999.0 -9999.0 -9999.0 -9999.0 -9999.0 -9999.0 -9999.0 -9999.0 -9999.0 -9999.0 -9999.0 -9999.0 -9999.0 -9999.0 -9999.0 -9999.0 -9999.0 -9999.0 -9999.0 -9999.0 -9999.0 -9999.0 -9999.0 -9999.0 -9999.0 -9999.0 -9999.0 -9999.0 -9999.0 -9999.0 -9999.0 -9999.0 -9999.0 -9999.0 -9999.0 -9999.0 -9999.0 -9999.0 -9999.0 -9999.0 -9999.0 -9999.0 -9999.0 -9999.0 -9999.0 -9999.0 -9999.0 -9999.0 -9999.0 -9999.0 -9999.0 53.1 47.9 39.5 25.1 15.1 7.9 4.8 2.7 1.3 5.1 7.4 5.6 13.4 23.8 30.1 26.8 21.5 31.9 42.4 62.5 96.5 132.8 158.2 187.0 194.5 209.2 189.8 198.3
-9999.0 -9999.0 -9999.0 -9999.0 -9999.0 -9999.0 -9999.0 -9999.0 -9999.0 -9999.0 -9999.0 -9999.0 -9999.0 -9999.0 -9999.0 -9999.0 -9999.0 -9999.0 -9999.0 -9999.0 -9999.0 -9999.0 -9999.0 -9999.0 -9999.0 -9999.0 -9999.0 -9999.0 -9999.0 -9999.0 -9999.0 -9999.0 -9999.0 -9999.0 -9999.0 -9999.0 -9999.0 -9999.0 -9999.0 -9999.0 -9999.0 -9999.0 -9999.0 -9999.0 -9999.0 -9999.0 -9999.0 -9999.0 -9999.0 -9999.0 33.6 40.0 42.3 41.0 29.5 22.9 14.8 8.8 5.7 5.7 4.2 10.8 7.3 14.1 20.4 25.4 29.0 18.9 26.0 31.1 43.7 65.3 101.2 146.7 181.7 200.6 175.8 203.6 185.6
-9999.0 -9999.0 -9999.0 -9999.0 -9999.0 -9999.0 -9999.0 -9999.0 -9999.0 -9999.0 -9999.0 -9999.0 -9999.0 -9999.0 -9999.0 -9999.0 -9999.0 -9999.0 -9999.0 -9999.0 -9999.0 -9999.0 -9999.0 -9999.0 -9999.0 -9999.0 -9999.0 -9999.0 -9999.0 -9999.0 -9999.0 -9999.0 -9999.0 -9999.0 -9999.0 -9999.0 -9999.0 -9999.0 -9999.0 -9999.0 -9999.0 -9999.0 -9999.0 -9999.0 -9999.0 -9999.0 -9999.0 -9999.0 -9999.0 -9999.0 20.7 43.5 24.0 40.3 40.6 32.5 18.4 17.0 12.0 7.6 5.7 8.1 6.9 13.4 22.1 17.8 23.6 16.8 23.3 31.3 41.0 55.6 85.5 122.8 153.0 172.2 198.5 195.0 203.8
-9999.0 -9999.0 -9999.0 -9999.0 -9999.0 -9999.0 -9999.0 -9999.0 -9999.0 -9999.0 -9999.0 -9999.0 -9999.0 -9999.0 -9999.0 -9999.0 -9999.0 -9999.0 -9999.0 -9999.0 -9999.0 -9999.0 -9999.0 -9999.0 -9999.0 -9999.0 -9999.0 -9999.0 -9999.0 -9999.0 -9999.0 -9999.0 -9999.0 -9999.0 -9999.0 -9999.0 -9999.0 -9999.0 -9999.0 -9999.0 -9999.0 -9999.0 -9999.0 -9999.0 -9999.0 -9999.0 -9999.0 -9999.0 -9999.0 -9999.0 13.7 19.8 17.0 52.8 36.7 32.1 35.2 21.3 19.1 9.7 11.5 14.9 14.0 12.3 24.8 31.8 28.2 25.6 30.9 45.1 49.2 64.4 74.2 104.5 120.0 156.6 206.3 209.2 225.2
-9999.0 -9999.0 -9999.0 -9999.0 -9999.0 -9999.0 -9999.0 -9999.0 -9999.0 -9999.0 -9999.0 -9999.0 -9999.0 -9999.0 -9999.0 -9999.0 -9999.0 -9999.0 -9999.0 -9999.0 -9999.0 -9999.0 -9999.0 -9999.0 -9999.0 -9999.0 -9999.0 -9999.0 -9999.0 -9999.0 -9999.0 -9999.0 -9999.0 -9999.0 -9999.0 -9999.0 -9999.0 -9999.0 -9999.0 -9999.0 -9999.0 -9999.0 -9999.0 -9999.0 -9999.0 -9999.0 -9999.0 -9999.0 -9999.0 -9999.0 22.8 34.6 27.6 37.8 38.6 42.9 17.7 23.9 22.4 14.9 17.9 15.7 6.9 16.0 32.9 47.8 63.5 56.7 66.4 39.8 53.1 55.2 63.3 77.6 85.3 129.8 182.7 200.1 227.0
-9999.0 -9999.0 -9999.0 -9999.0 -9999.0 -9999.0 -9999.0 -9999.0 -9999.0 -9999.0 -9999.0 -9999.0 -9999.0 -9999.0 -9999.0 -9999.0 -9999.0 -9999.0 -9999.0 -9999.0 -9999.0 -9999.0 -9999.0 -9999.0 -9999.0 -9999.0 -9999.0 -9999.0 -9999.0 -9999.0 -9999.0 -9999.0 -9999.0 -9999.0 -9999.0 -9999.0 -9999.0 -9999.0 -9999.0 -9999.0 -9999.0 -9999.0 -9999.0 -9999.0 -9999.0 -9999.0 -9999.0 -9999.0 -9999.0 -9999.0 -9999.0 -9999.0 -9999.0 20.0 19.1 20.8 24.3 29.0 19.6 22.6 44.1 15.5 33.7 24.3 37.4 51.5 81.4 57.3 75.2 65.9 48.8 40.2 39.0 44.9 62.5 91.3 139.2 172.6 196.2
-9999.0 -9999.0 -9999.0 -9999.0 -9999.0 -9999.0 -9999.0 -9999.0 -9999.0 -9999.0 -9999.0 -9999.0 -9999.0 -9999.0 -9999.0 -9999.0 -9999.0 -9999.0 -9999.0 -9999.0 -9999.0 -9999.0 -9999.0 -9999.0 -9999.0 -9999.0 -9999.0 -9999.0 -9999.0 -9999.0 -9999.0 -9999.0 -9999.0 -9999.0 -9999.0 -9999.0 -9999.0 -9999.0 -9999.0 -9999.0 -9999.0 -9999.0 -9999.0 -9999.0 -9999.0 -9999.0 -9999.0 -9999.0 -9999.0 -9999.0 -9999.0 -9999.0 -9999.0 18.4 14.5 46.7 26.4 25.4 34.3 51.6 36.0 26.6 46.5 22.5 29.7 41.2 26.1 85.4 51.8 48.6 35.5 30.5 30.1 34.4 49.2 84.6 110.9 158.6 182.0
-9999.0 -9999.0 -9999.0 -9999.0 -9999.0 -9999.0 -9999.0 -9999.0 -9999.0 -9999.0 -9999.0 -9999.0 -9999.0 -9999.0 -9999.0 -9999.0 -9999.0 -9999.0 -9999.0 -9999.0 -9999.0 -9999.0 -9999.0 -9999.0 -9999.0 -9999.0 -9999.0 -9999.0 -9999.0 -9999.0 -9999.0 -9999.0 -9999.0 -9999.0 -9999.0 -9999.0 -9999.0 -9999.0 -9999.0 -9999.0 -9999.0 -9999.0 -9999.0 -9999.0 -9999.0 -9999.0 -9999.0 -9999.0 -9999.0 -9999.0 -9999.0 -9999.0 -9999.0 23.5 13.1 38.8 44.2 43.5 50.5 50.4 58.7 50.0 66.9 72.5 17.9 -9999.0 -9999.0 -9999.0 62.5 41.7 42.5 45.7 41.2 37.9 48.9 78.4 92.8 127.5 195.0
-9999.0 -9999.0 -9999.0 -9999.0 -9999.0 -9999.0 -9999.0 -9999.0 -9999.0 -9999.0 -9999.0 -9999.0 -9999.0 -9999.0 -9999.0 -9999.0 -9999.0 -9999.0 -9999.0 -9999.0 -9999.0 -9999.0 -9999.0 -9999.0 -9999.0 -9999.0 -9999.0 -9999.0 -9999.0 -9999.0 -9999.0 -9999.0 -9999.0 -9999.0 -9999.0 -9999.0 -9999.0 -9999.0 -9999.0 -9999.0 -9999.0 -9999.0 -9999.0 -9999.0 -9999.0 -9999.0 -9999.0 -9999.0 -9999.0 -9999.0 -9999.0 -9999.0 -9999.0 -9999.0 39.4 49.9 46.9 49.2 71.5 84.3 46.4 -9999.0 -9999.0 -9999.0 -9999.0 -9999.0 -9999.0 -9999.0 46.2 61.4 84.9 71.0 60.6 51.6 50.3 58.5 74.8 92.1 129.2
-9999.0 -9999.0 -9999.0 -9999.0 -9999.0 -9999.0 -9999.0 -9999.0 -9999.0 -9999.0 -9999.0 -9999.0 -9999.0 -9999.0 -9999.0 -9999.0 -9999.0 -9999.0 -9999.0 -9999.0 -9999.0 -9999.0 -9999.0 -9999.0 -9999.0 -9999.0 -9999.0 -9999.0 -9999.0 -9999.0 -9999.0 -9999.0 -9999.0 -9999.0 -9999.0 -9999.0 -9999.0 -9999.0 -9999.0 -9999.0 -9999.0 -9999.0 -9999.0 -9999.0 -9999.0 -9999.0 -9999.0 -9999.0 -9999.0 -9999.0 -9999.0 -9999.0 -9999.0 -9999.0 -9999.0 60.0 103.9 80.1 67.8 78.7 64.4 -9999.0 -9999.0 -9999.0 -9999.0 -9999.0 -9999.0 -9999.0 -9999.0 -9999.0 88.4 -9999.0 -9999.0 -9999.0 -9999.0 -9999.0 60.7 -9999.0 -9999.0
-9999.0 -9999.0 -9999.0 -9999.0 -9999.0 -9999.0 -9999.0 -9999.0 -9999.0 -9999.0 -9999.0 -9999.0 -9999.0 -9999.0 -9999.0 -9999.0 -9999.0 -9999.0 -9999.0 -9999.0 -9999.0 -9999.0 -9999.0 -9999.0 -9999.0 -9999.0 -9999.0 -9999.0 -9999.0 -9999.0 -9999.0 -9999.0 -9999.0 -9999.0 -9999.0 -9999.0 -9999.0 -9999.0 -9999.0 -9999.0 -9999.0 -9999.0 -9999.0 -9999.0 -9999.0 -9999.0 -9999.0 -9999.0 -9999.0 -9999.0 -9999.0 -9999.0 -9999.0 -9999.0 -9999.0 -9999.0 -9999.0 -9999.0 91.8 70.5 -9999.0 -9999.0 -9999.0 -9999.0 -9999.0 -9999.0 -9999.0 -9999.0 -9999.0 -9999.0 -9999.0 -9999.0 -9999.0 -9999.0 -9999.0 58.6 63.4 -9999.0 -9999.0
-9999.0 -9999.0 -9999.0 -9999.0 -9999.0 -9999.0 -9999.0 -9999.0 -9999.0 -9999.0 -9999.0 -9999.0 -9999.0 -9999.0 -9999.0 -9999.0 -9999.0 -9999.0 -9999.0 -9999.0 -9999.0 -9999.0 -9999.0 -9999.0 -9999.0 -9999.0 -9999.0 -9999.0 -9999.0 -9999.0 -9999.0 -9999.0 -9999.0 -9999.0 -9999.0 -9999.0 -9999.0 -9999.0 -9999.0 -9999.0 -9999.0 -9999.0 -9999.0 -9999.0 -9999.0 -9999.0 -9999.0 -9999.0 -9999.0 -9999.0 -9999.0 -9999.0 -9999.0 -9999.0 -9999.0 -9999.0 -9999.0 -9999.0 -9999.0 -9999.0 -9999.0 -9999.0 -9999.0 -9999.0 -9999.0 -9999.0 -9999.0 -9999.0 -9999.0 -9999.0 -9999.0 -9999.0 -9999.0 -9999.0 -9999.0 -9999.0 -9999.0 -9999.0 -9999.0
-9999.0 -9999.0 -9999.0 -9999.0 -9999.0 -9999.0 -9999.0 -9999.0 -9999.0 -9999.0 -9999.0 -9999.0 -9999.0 -9999.0 -9999.0 -9999.0 -9999.0 -9999.0 -9999.0 -9999.0 -9999.0 -9999.0 -9999.0 -9999.0 -9999.0 -9999.0 -9999.0 -9999.0 -9999.0 -9999.0 -9999.0 -9999.0 -9999.0 -9999.0 -9999.0 -9999.0 -9999.0 -9999.0 -9999.0 -9999.0 -9999.0 -9999.0 -9999.0 -9999.0 -9999.0 -9999.0 -9999.0 -9999.0 -9999.0 -9999.0 -9999.0 -9999.0 -9999.0 -9999.0 -9999.0 -9999.0 -9999.0 -9999.0 -9999.0 -9999.0 -9999.0 -9999.0 -9999.0 -9999.0 -9999.0 -9999.0 -9999.0 -9999.0 -9999.0 -9999.0 -9999.0 -9999.0 -9999.0 -9999.0 -9999.0 96.5 97.3 108.0 -9999.0
-9999.0 -9999.0 -9999.0 -9999.0 -9999.0 -9999.0 -9999.0 -9999.0 -9999.0 -9999.0 -9999.0 -9999.0 -9999.0 -9999.0 -9999.0 -9999.0 -9999.0 -9999.0 -9999.0 -9999.0 -9999.0 -9999.0 -9999.0 -9999.0 -9999.0 -9999.0 -9999.0 -9999.0 -9999.0 -9999.0 -9999.0 -9999.0 -9999.0 -9999.0 -9999.0 -9999.0 -9999.0 -9999.0 -9999.0 -9999.0 -9999.0 -9999.0 -9999.0 -9999.0 -9999.0 -9999.0 -9999.0 -9999.0 -9999.0 -9999.0 -9999.0 -9999.0 -9999.0 -9999.0 -9999.0 -9999.0 -9999.0 -9999.0 -9999.0 -9999.0 -9999.0 -9999.0 -9999.0 -9999.0 -9999.0 -9999.0 -9999.0 -9999.0 -9999.0 -9999.0 -9999.0 -9999.0 -9999.0 76.0 103.5 96.8 99.9 -9999.0 -9999.0
