program/excelProcessViaJava/data/SURF_CLI_CHN_PRE_MON_GRID_0.5-200308.txt
NCOLS      128
NROWS       72
XLLCORNER    72.000000000000    
YLLCORNER    18.000000000000    
CELLSIZE    0.50000000000000    
NODATA_VALUE   -9999.000    
[rows 33 to 65 of 72, columns 0 to 74 of 128]
-9999.0 -9999.0 -9999.0 -9999.0 8.7 9.3 10.4 11.9 13.0 6.0 9.0 7.5 5.8 3.8 5.2 8.1 10.3 11.7 12.1 11.7 9.7 7.3 5.5 5.2 5.1 6.6 8.4 48.3 24.6 29.1 33.2 28.5 25.8 30.8 17.4 15.7 11.8 35.0 26.4 10.5 2.4 1.3 1.6 1.7 2.4 3.2 5.1 10.3 14.4 8.1 9.8 34.3 66.1 103.2 75.7 86.8 94.4 128.7 147.4 173.0 180.4 171.2 148.8 79.2 45.2 62.4 77.4 73.2 92.6 94.7 103.9 114.9 120.7 126.3 135.1
-9999.0 -9999.0 -9999.0 -9999.0 5.8 6.9 8.1 8.8 12.6 15.8 11.3 23.0 23.0 27.6 12.9 16.6 20.6 15.9 13.3 12.6 14.1 13.1 12.9 21.2 37.3 45.9 35.3 36.4 35.0 35.6 35.2 41.1 34.5 33.3 34.6 27.6 36.3 44.6 25.9 12.6 26.7 5.7 5.0 3.2 3.5 3.9 3.8 3.5 3.1 3.7 4.2 7.6 50.3 43.5 46.3 60.6 70.4 89.2 113.2 104.3 142.6 114.0 98.2 90.6 62.1 51.7 92.6 98.7 115.3 144.3 153.8 166.6 169.8 173.9 178.5
-9999.0 -9999.0 -9999.0 -9999.0 -9999.0 -9999.0 -9999.0 7.5 10.3 11.9 17.5 22.1 23.4 29.9 34.8 16.7 32.3 24.9 23.7 30.1 39.4 43.8 43.2 40.4 38.3 37.4 40.0 41.8 43.4 48.7 49.2 49.4 48.2 50.7 55.2 46.7 57.8 51.1 65.4 68.9 31.6 79.8 71.8 44.9 22.9 9.4 14.6 10.2 12.8 4.6 2.9 4.7 17.8 92.1 83.6 49.4 55.3 65.7 94.7 93.9 115.7 95.4 87.0 88.1 101.7 83.0 115.0 143.6 157.0 178.7 191.2 208.8 225.8 229.5 226.8
-9999.0 -9999.0 -9999.0 -9999.0 -9999.0 -9999.0 -9999.0 6.1 7.2 11.5 15.4 18.8 24.3 30.1 34.3 39.4 42.0 43.9 47.4 44.5 43.0 44.6 41.9 41.2 40.2 40.9 41.8 48.0 46.6 48.3 56.3 59.0 60.4 68.3 62.4 64.3 61.1 69.8 69.4 66.0 70.3 71.8 78.2 107.0 59.0 32.7 39.6 38.8 62.9 43.5 84.4 70.7 31.8 54.4 92.2 61.8 71.7 82.9 88.9 95.1 96.6 110.7 110.4 125.3 120.0 126.4 144.1 165.9 199.7 193.5 211.6 245.6 266.4 265.6 239.7
-9999.0 -9999.0 -9999.0 -9999.0 -9999.0 -9999.0 -9999.0 -9999.0 -9999.0 9.9 13.2 16.8 22.8 27.8 32.4 36.2 40.8 42.5 44.7 45.4 44.7 42.4 41.5 41.4 41.9 42.8 46.7 50.4 52.3 61.9 59.5 66.1 70.0 76.6 71.9 73.5 73.4 79.1 75.2 80.3 75.7 84.1 81.7 75.2 85.4 82.0 80.0 74.7 74.2 70.7 80.3 67.5 59.6 60.9 96.7 80.5 90.5 98.8 97.4 98.4 109.0 134.8 164.5 145.0 168.6 161.8 164.5 183.3 222.2 228.4 249.1 264.6 271.5 265.8 261.6
-9999.0 -9999.0 -9999.0 -9999.0 -9999.0 -9999.0 -9999.0 -9999.0 -9999.0 -9999.0 -9999.0 16.0 18.8 25.6 30.8 35.2 38.7 41.0 42.0 42.5 42.8 42.0 42.4 42.3 46.4 48.0 52.9 58.0 63.1 68.0 73.8 83.2 83.7 88.2 88.7 101.9 93.8 95.1 116.9 94.9 102.4 93.4 88.2 85.7 111.3 91.7 118.3 101.0 106.6 98.4 79.3 78.9 81.4 96.1 117.7 110.6 112.4 119.1 117.8 122.6 142.0 152.3 169.0 190.5 215.5 152.4 148.3 188.1 227.6 255.8 271.3 278.9 255.7 227.1 182.3
-9999.0 -9999.0 -9999.0 -9999.0 -9999.0 -9999.0 -9999.0 -9999.0 -9999.0 -9999.0 -9999.0 -9999.0 18.0 23.0 28.3 33.0 34.3 38.4 39.6 39.0 39.9 40.4 41.3 42.7 47.5 50.4 55.4 63.6 71.0 80.7 86.8 93.1 98.8 106.7 111.4 112.8 126.6 117.0 109.8 101.9 98.0 98.4 100.5 110.9 111.0 117.6 129.2 115.1 121.4 121.7 136.7 130.5 115.4 108.6 121.2 133.4 140.6 153.3 142.9 166.3 176.6 199.3 214.2 214.2 180.9 221.8 151.0 190.5 230.2 261.4 254.2 222.2 210.2 197.4 209.4
-9999.0 -9999.0 -9999.0 -9999.0 -9999.0 -9999.0 -9999.0 -9999.0 -9999.0 -9999.0 -9999.0 -9999.0 15.4 20.4 24.5 30.1 33.3 35.7 35.6 36.7 37.3 38.1 39.9 42.7 46.8 52.8 60.2 69.1 78.9 88.8 98.2 106.6 112.7 117.5 122.9 125.9 136.7 141.0 136.9 129.1 117.7 115.4 130.7 119.1 131.4 143.5 134.3 138.3 133.9 153.5 152.4 159.2 142.8 149.2 133.5 151.2 151.6 165.3 163.4 175.9 187.4 196.6 225.9 250.0 137.1 162.8 129.1 165.7 199.7 240.5 293.2 326.3 324.7 307.0 277.5
-9999.0 -9999.0 -9999.0 -9999.0 -9999.0 -9999.0 -9999.0 -9999.0 -9999.0 -9999.0 -9999.0 -9999.0 -9999.0 18.2 21.0 26.6 29.7 32.0 33.0 33.7 34.2 36.1 37.8 42.6 48.0 53.5 62.5 71.6 85.0 97.5 109.8 118.4 122.5 126.8 129.7 134.0 140.9 149.7 163.7 155.7 148.5 149.6 147.3 157.0 146.5 140.6 155.0 175.0 192.2 200.1 201.4 187.0 177.0 212.2 190.2 178.0 170.1 183.9 213.3 201.4 208.7 204.4 226.3 160.9 120.7 116.4 144.3 184.6 212.8 219.6 176.3 266.1 358.7 334.9 292.6
-9999.0 -9999.0 -9999.0 -9999.0 -9999.0 -9999.0 -9999.0 -9999.0 -9999.0 -9999.0 -9999.0 -9999.0 10.6 12.7 17.2 22.6 22.3 26.1 27.3 29.7 31.2 33.6 36.4 41.9 49.2 54.2 65.9 80.1 93.7 105.8 119.0 131.0 128.2 132.7 131.9 134.4 142.3 151.1 157.4 158.5 167.0 175.1 182.1 164.3 166.1 165.1 164.9 178.1 207.6 226.2 241.3 250.0 219.0 220.0 194.1 187.5 205.3 169.5 196.5 185.0 201.9 231.9 218.6 241.0 153.0 124.4 261.6 217.8 230.0 284.8 333.4 370.6 355.9 265.0 229.4
-9999.0 -9999.0 -9999.0 -9999.0 -9999.0 -9999.0 -9999.0 -9999.0 -9999.0 -9999.0 -9999.0 -9999.0 6.6 10.5 14.0 12.5 16.0 21.4 22.8 23.2 27.3 29.0 33.6 40.0 49.8 61.3 73.3 87.5 102.0 119.5 133.3 139.6 133.8 139.3 131.9 126.1 131.3 141.9 151.2 151.6 156.1 163.3 172.3 177.2 175.3 173.9 186.7 196.9 216.9 224.5 229.9 248.4 221.3 198.4 188.2 171.5 193.8 208.3 197.8 229.1 251.5 277.8 181.2 121.6 101.8 301.3 179.5 227.4 221.5 244.5 304.0 356.6 349.6 317.6 258.6
-9999.0 -9999.0 -9999.0 -9999.0 -9999.0 -9999.0 -9999.0 -9999.0 -9999.0 -9999.0 -9999.0 -9999.0 4.3 6.2 9.3 11.6 13.7 12.5 16.1 18.0 18.2 21.4 30.3 35.0 46.3 51.8 67.9 74.9 106.1 122.9 138.2 132.6 149.1 145.9 130.0 114.6 114.0 122.6 132.9 139.1 148.3 164.8 179.0 180.2 177.7 181.1 185.2 179.4 180.7 198.2 214.0 204.0 272.1 274.2 228.3 159.6 186.4 207.7 223.2 204.0 212.5 216.6 311.1 96.1 139.5 391.8 241.2 203.9 211.8 229.7 263.7 336.2 323.9 277.8 253.4
-9999.0 -9999.0 -9999.0 -9999.0 -9999.0 -9999.0 -9999.0 -9999.0 -9999.0 -9999.0 -9999.0 -9999.0 -9999.0 2.0 3.7 6.8 8.0 9.8 10.2 11.8 11.5 19.6 23.1 28.5 45.1 54.7 69.9 88.6 97.2 128.1 124.4 139.5 137.9 141.0 118.8 94.8 93.4 106.3 114.8 125.9 140.2 156.4 172.8 181.1 169.9 156.7 160.8 129.4 169.6 176.7 161.0 224.1 219.7 182.4 231.4 223.0 165.9 177.2 210.6 275.9 261.8 391.9 260.0 54.3 434.7 307.4 220.8 188.6 194.1 199.9 211.9 230.2 250.1 183.0 165.4
-9999.0 -9999.0 -9999.0 -9999.0 -9999.0 -9999.0 -9999.0 -9999.0 -9999.0 -9999.0 -9999.0 -9999.0 -9999.0 1.8 1.7 3.5 3.2 6.0 7.5 9.1 8.7 12.5 17.0 25.9 46.9 53.5 64.4 87.6 98.7 80.5 101.1 114.9 133.3 123.3 97.3 86.3 89.7 95.5 99.4 107.3 127.3 146.5 162.9 167.9 168.2 148.8 138.3 108.7 119.6 129.6 171.4 139.1 204.5 235.6 247.1 217.0 175.3 179.8 217.0 162.0 259.4 139.3 160.2 425.0 274.8 214.5 189.7 179.9 165.8 138.9 127.6 145.8 158.6 148.4 126.4
-9999.0 -9999.0 -9999.0 -9999.0 -9999.0 -9999.0 -9999.0 -9999.0 -9999.0 -9999.0 -9999.0 -9999.0 -9999.0 -9999.0 -9999.0 1.5 2.4 2.9 4.9 8.1 7.8 14.5 21.8 28.0 34.5 46.0 40.3 62.2 57.7 92.7 92.5 105.4 87.2 88.0 89.1 70.7 69.4 96.6 94.0 100.1 108.5 124.0 139.6 146.4 136.3 111.6 112.7 75.1 103.1 64.5 116.8 197.4 178.5 197.3 154.4 194.9 192.5 162.6 230.9 268.4 136.5 211.3 519.0 346.4 216.7 185.8 176.4 156.5 122.1 85.4 69.0 77.2 129.7 124.2 94.4
-9999.0 -9999.0 -9999.0 -9999.0 -9999.0 -9999.0 -9999.0 -9999.0 -9999.0 -9999.0 -9999.0 -9999.0 -9999.0 -9999.0 -9999.0 -9999.0 -9999.0 8.3 8.3 -9999.0 16.3 12.2 26.3 35.6 32.7 44.3 34.8 52.2 74.9 63.8 81.2 102.7 65.9 100.1 107.0 75.7 61.2 106.7 84.7 87.5 93.9 102.5 114.7 120.6 119.5 93.8 65.1 104.6 61.7 89.9 52.6 112.2 88.8 179.2 194.3 200.0 177.3 217.1 218.9 242.6 154.6 269.3 401.6 341.8 202.9 140.6 122.7 98.8 71.9 53.5 33.3 116.2 127.6 93.1 91.3
-9999.0 -9999.0 -9999.0 -9999.0 -9999.0 -9999.0 -9999.0 -9999.0 -9999.0 -9999.0 -9999.0 -9999.0 -9999.0 -9999.0 -9999.0 -9999.0 -9999.0 -9999.0 -9999.0 -9999.0 -9999.0 18.9 20.7 16.5 33.6 65.1 70.8 73.4 69.4 86.2 78.4 114.9 102.1 87.3 89.3 66.4 73.4 81.4 89.5 105.3 104.2 82.1 89.1 93.5 103.8 81.8 65.8 50.2 96.8 179.5 81.8 152.0 162.2 114.4 151.1 188.8 200.7 182.2 256.3 196.9 147.7 156.9 249.6 240.8 190.1 113.2 77.5 57.9 44.1 48.9 69.1 111.9 105.9 77.8 65.3
-9999.0 -9999.0 -9999.0 -9999.0 -9999.0 -9999.0 -9999.0 -9999.0 -9999.0 -9999.0 -9999.0 -9999.0 -9999.0 -9999.0 -9999.0 -9999.0 -9999.0 -9999.0 -9999.0 -9999.0 -9999.0 -9999.0 -9999.0 78.1 51.6 66.9 75.2 71.1 49.8 71.7 63.9 60.5 42.6 54.5 48.2 51.5 52.7 68.5 62.4 61.7 62.5 65.1 68.0 76.6 87.0 83.9 51.9 40.6 33.5 34.3 46.0 103.2 70.3 94.8 103.2 117.9 163.9 196.2 115.5 171.7 121.2 115.2 99.7 118.6 102.6 85.2 52.5 36.7 59.2 58.6 108.1 104.0 95.4 93.4 58.1
-9999.0 -9999.0 -9999.0 -9999.0 -9999.0 -9999.0 -9999.0 -9999.0 -9999.0 -9999.0 -9999.0 -9999.0 -9999.0 -9999.0 -9999.0 -9999.0 -9999.0 -9999.0 -9999.0 -9999.0 -9999.0 -9999.0 -9999.0 -9999.0 -9999.0 164.9 118.5 27.0 35.2 25.1 43.8 69.5 72.7 55.6 62.0 46.9 42.8 60.7 55.5 58.6 53.5 51.3 98.3 83.1 89.1 78.3 57.2 60.1 46.2 38.2 77.5 68.6 92.8 93.5 89.8 103.5 131.7 129.7 162.1 143.9 120.9 106.9 169.2 135.0 100.9 75.6 41.6 54.5 78.0 90.8 75.3 72.9 60.7 88.4 78.5
-9999.0 -9999.0 -9999.0 -9999.0 -9999.0 -9999.0 -9999.0 -9999.0 -9999.0 -9999.0 -9999.0 -9999.0 -9999.0 -9999.0 -9999.0 -9999.0 -9999.0 -9999.0 -9999.0 -9999.0 -9999.0 -9999.0 -9999.0 -9999.0 -9999.0 -9999.0 -9999.0 220.0 230.3 132.9 117.2 111.4 42.0 114.7 61.2 159.0 69.8 71.0 91.1 61.0 49.9 56.8 92.0 96.4 83.3 72.5 64.2 58.3 55.8 50.4 65.3 82.2 74.5 90.0 96.9 105.7 126.5 131.5 136.8 117.9 139.5 104.8 109.0 87.5 62.4 59.7 48.4 36.1 41.2 44.9 38.1 53.0 41.5 75.2 56.7
-9999.0 -9999.0 -9999.0 -9999.0 -9999.0 -9999.0 -9999.0 -9999.0 -9999.0 -9999.0 -9999.0 -9999.0 -9999.0 -9999.0 -9999.0 -9999.0 -9999.0 -9999.0 -9999.0 -9999.0 -9999.0 -9999.0 -9999.0 -9999.0 -9999.0 -9999.0 -9999.0 -9999.0 -9999.0 -9999.0 -9999.0 -9999.0 -9999.0 181.4 87.8 -9999.0 -9999.0 -9999.0 125.5 74.0 87.3 94.1 76.6 88.5 77.2 67.1 -9999.0 -9999.0 -9999.0 -9999.0 -9999.0 -9999.0 113.2 104.2 153.9 167.3 162.0 164.6 146.3 147.7 146.1 112.8 106.5 83.2 72.7 71.9 69.8 63.6 43.1 23.4 17.3 33.0 62.9 62.5 92.3
-9999.0 -9999.0 -9999.0 -9999.0 -9999.0 -9999.0 -9999.0 -9999.0 -9999.0 -9999.0 -9999.0 -9999.0 -9999.0 -9999.0 -9999.0 -9999.0 -9999.0 -9999.0 -9999.0 -9999.0 -9999.0 -9999.0 -9999.0 -9999.0 -9999.0 -9999.0 -9999.0 -9999.0 -9999.0 -9999.0 -9999.0 -9999.0 -9999.0 -9999.0 -9999.0 -9999.0 -9999.0 -9999.0 -9999.0 133.0 118.4 104.7 91.9 80.3 -9999.0 -9999.0 -9999.0 -9999.0 -9999.0 -9999.0 -9999.0 -9999.0 137.1 132.8 175.4 205.5 193.7 169.0 144.7 147.3 163.0 132.8 86.6 69.6 50.7 70.4 89.3 69.2 38.5 29.3 26.6 39.3 52.1 94.4 63.7
-9999.0 -9999.0 -9999.0 -9999.0 -9999.0 -9999.0 -9999.0 -9999.0 -9999.0 -9999.0 -9999.0 -9999.0 -9999.0 -9999.0 -9999.0 -9999.0 -9999.0 -9999.0 -9999.0 -9999.0 -9999.0 -9999.0 -9999.0 -9999.0 -9999.0 -9999.0 -9999.0 -9999.0 -9999.0 -9999.0 -9999.0 -9999.0 -9999.0 -9999.0 -9999.0 -9999.0 -9999.0 -9999.0 -9999.0 -9999.0 -9999.0 -9999.0 -9999.0 -9999.0 -9999.0 -9999.0 -9999.0 -9999.0 -9999.0 -9999.0 -9999.0 -9999.0 85.6 163.6 207.7 205.4 197.3 165.3 137.0 143.6 130.2 121.0 101.6 54.0 52.3 95.0 108.1 77.0 52.0 43.0 48.5 69.4 122.6 101.7 106.7
-9999.0 -9999.0 -9999.0 -9999.0 -9999.0 -9999.0 -9999.0 -9999.0 -9999.0 -9999.0 -9999.0 -9999.0 -9999.0 -9999.0 -9999.0 -9999.0 -9999.0 -9999.0 -9999.0 -9999.0 -9999.0 -9999.0 -9999.0 -9999.0 -9999.0 -9999.0 -9999.0 -9999.0 -9999.0 -9999.0 -9999.0 -9999.0 -9999.0 -9999.0 -9999.0 -9999.0 -9999.0 -9999.0 -9999.0 -9999.0 -9999.0 -9999.0 -9999.0 -9999.0 -9999.0 -9999.0 -9999.0 -9999.0 -9999.0 -9999.0 -9999.0 96.7 146.1 190.3 157.7 191.9 177.0 176.0 137.3 56.6 163.7 129.5 74.9 59.0 70.5 115.2 120.0 71.9 80.6 77.9 93.2 114.1 92.3 63.9 88.4
-9999.0 -9999.0 -9999.0 -9999.0 -9999.0 -9999.0 -9999.0 -9999.0 -9999.0 -9999.0 -9999.0 -9999.0 -9999.0 -9999.0 -9999.0 -9999.0 -9999.0 -9999.0 -9999.0 -9999.0 -9999.0 -9999.0 -9999.0 -9999.0 -9999.0 -9999.0 -9999.0 -9999.0 -9999.0 -9999.0 -9999.0 -9999.0 -9999.0 -9999.0 -9999.0 -9999.0 -9999.0 -9999.0 -9999.0 -9999.0 -9999.0 -9999.0 -9999.0 -9999.0 -9999.0 -9999.0 -9999.0 -9999.0 -9999.0 -9999.0 69.3 143.4 170.7 183.6 152.0 164.2 143.7 131.6 138.5 170.3 132.5 145.9 85.1 77.3 103.3 140.7 137.4 109.6 125.1 118.4 143.0 131.2 115.9 131.2 149.9
-9999.0 -9999.0 -9999.0 -9999.0 -9999.0 -9999.0 -9999.0 -9999.0 -9999.0 -9999.0 -9999.0 -9999.0 -9999.0 -9999.0 -9999.0 -9999.0 -9999.0 -9999.0 -9999.0 -9999.0 -9999.0 -9999.0 -9999.0 -9999.0 -9999.0 -9999.0 -9999.0 -9999.0 -9999.0 -9999.0 -9999.0 -9999.0 -9999.0 -9999.0 -9999.0 -9999.0 -9999.0 -9999.0 -9999.0 -9999.0 -9999.0 -9999.0 -9999.0 -9999.0 -9999.0 -9999.0 -9999.0 -9999.0 -9999.0 -9999.0 83.2 175.9 159.0 173.6 157.8 132.2 100.4 179.3 200.2 175.0 123.2 110.9 78.6 91.4 121.3 130.6 134.5 119.8 145.3 140.4 155.5 161.0 158.0 150.4 154.6
-9999.0 -9999.0 -9999.0 -9999.0 -9999.0 -9999.0 -9999.0 -9999.0 -9999.0 -9999.0 -9999.0 -9999.0 -9999.0 -9999.0 -9999.0 -9999.0 -9999.0 -9999.0 -9999.0 -9999.0 -9999.0 -9999.0 -9999.0 -9999.0 -9999.0 -9999.0 -9999.0 -9999.0 -9999.0 -9999.0 -9999.0 -9999.0 -9999.0 -9999.0 -9999.0 -9999.0 -9999.0 -9999.0 -9999.0 -9999.0 -9999.0 -9999.0 -9999.0 -9999.0 -9999.0 -9999.0 -9999.0 -9999.0 -9999.0 -9999.0 91.2 153.3 166.3 187.4 151.1 120.6 165.4 196.7 235.4 179.6 156.3 124.6 94.5 92.4 116.6 137.8 140.2 144.6 155.5 196.7 155.4 227.3 168.5 219.8 198.8
-9999.0 -9999.0 -9999.0 -9999.0 -9999.0 -9999.0 -9999.0 -9999.0 -9999.0 -9999.0 -9999.0 -9999.0 -9999.0 -9999.0 -9999.0 -9999.0 -9999.0 -9999.0 -9999.0 -9999.0 -9999.0 -9999.0 -9999.0 -9999.0 -9999.0 -9999.0 -9999.0 -9999.0 -9999.0 -9999.0 -9999.0 -9999.0 -9999.0 -9999.0 -9999.0 -9999.0 -9999.0 -9999.0 -9999.0 -9999.0 -9999.0 -9999.0 -9999.0 -9999.0 -9999.0 -9999.0 -9999.0 -9999.0 -9999.0 -9999.0 147.9 199.1 217.0 211.3 178.2 156.3 180.6 227.7 271.7 222.9 191.0 135.3 103.8 117.0 133.4 157.1 182.7 200.4 233.9 144.8 167.1 168.7 197.4 236.3 218.5
-9999.0 -9999.0 -9999.0 -9999.0 -9999.0 -9999.0 -9999.0 -9999.0 -9999.0 -9999.0 -9999.0 -9999.0 -9999.0 -9999.0 -9999.0 -9999.0 -9999.0 -9999.0 -9999.0 -9999.0 -9999.0 -9999.0 -9999.0 -9999.0 -9999.0 -9999.0 -9999.0 -9999.0 -9999.0 -9999.0 -9999.0 -9999.0 -9999.0 -9999.0 -9999.0 -9999.0 -9999.0 -9999.0 -9999.0 -9999.0 -9999.0 -9999.0 -9999.0 -9999.0 -9999.0 -9999.0 -9999.0 -9999.0 -9999.0 -9999.0 -9999.0 -9999.0 -9999.0 234.1 219.9 201.3 210.3 255.4 308.8 302.5 278.7 186.8 192.4 201.9 207.0 223.0 243.4 247.0 268.9 242.8 190.6 164.6 168.1 189.6 208.7
-9999.0 -9999.0 -9999.0 -9999.0 -9999.0 -9999.0 -9999.0 -9999.0 -9999.0 -9999.0 -9999.0 -9999.0 -9999.0 -9999.0 -9999.0 -9999.0 -9999.0 -9999.0 -9999.0 -9999.0 -9999.0 -9999.0 -9999.0 -9999.0 -9999.0 -9999.0 -9999.0 -9999.0 -9999.0 -9999.0 -9999.0 -9999.0 -9999.0 -9999.0 -9999.0 -9999.0 -9999.0 -9999.0 -9999.0 -9999.0 -9999.0 -9999.0 -9999.0 -9999.0 -9999.0 -9999.0 -9999.0 -9999.0 -9999.0 -9999.0 -9999.0 -9999.0 -9999.0 233.8 235.1 191.5 226.1 273.9 358.1 415.9 422.2 344.8 358.6 400.2 393.9 369.4 331.3 344.9 276.7 242.1 197.6 185.2 198.7 218.2 220.9
-9999.0 -9999.0 -9999.0 -9999.0 -9999.0 -9999.0 -9999.0 -9999.0 -9999.0 -9999.0 -9999.0 -9999.0 -9999.0 -9999.0 -9999.0 -9999.0 -9999.0 -9999.0 -9999.0 -9999.0 -9999.0 -9999.0 -9999.0 -9999.0 -9999.0 -9999.0 -9999.0 -9999.0 -9999.0 -9999.0 -9999.0 -9999.0 -9999.0 -9999.0 -9999.0 -9999.0 -9999.0 -9999.0 -9999.0 -9999.0 -9999.0 -9999.0 -9999.0 -9999.0 -9999.0 -9999.0 -9999.0 -9999.0 -9999.0 -9999.0 -9999.0 -9999.0 -9999.0 211.2 214.1 198.2 204.6 253.3 371.3 506.0 585.4 591.3 569.5 543.3 591.3 -9999.0 -9999.0 -9999.0 354.8 266.5 254.9 287.6 332.1 348.4 313.3
-9999.0 -9999.0 -9999.0 -9999.0 -9999.0 -9999.0 -9999.0 -9999.0 -9999.0 -9999.0 -9999.0 -9999.0 -9999.0 -9999.0 -9999.0 -9999.0 -9999.0 -9999.0 -9999.0 -9999.0 -9999.0 -9999.0 -9999.0 -9999.0 -9999.0 -9999.0 -9999.0 -9999.0 -9999.0 -9999.0 -9999.0 -9999.0 -9999.0 -9999.0 -9999.0 -9999.0 -9999.0 -9999.0 -9999.0 -9999.0 -9999.0 -9999.0 -9999.0 -9999.0 -9999.0 -9999.0 -9999.0 -9999.0 -9999.0 -9999.0 -9999.0 -9999.0 -9999.0 -9999.0 172.4 168.5 173.9 220.9 357.8 521.7 590.9 -9999.0 -9999.0 -9999.0 -9999.0 -9999.0 -9999.0 -9999.0 377.3 357.3 403.4 388.3 452.4 487.5 398.3
-9999.0 -9999.0 -9999.0 -9999.0 -9999.0 -9999.0 -9999.0 -9999.0 -9999.0 -9999.0 -9999.0 -9999.0 -9999.0 -9999.0 -9999.0 -9999.0 -9999.0 -9999.0 -9999.0 -9999.0 -9999.0 -9999.0 -9999.0 -9999.0 -9999.0 -9999.0 -9999.0 -9999.0 -9999.0 -9999.0 -9999.0 -9999.0 -9999.0 -9999.0 -9999.0 -9999.0 -9999.0 -9999.0 -9999.0 -9999.0 -9999.0 -9999.0 -9999.0 -9999.0 -9999.0 -9999.0 -9999.0 -9999.0 -9999.0 -9999.0 -9999.0 -9999.0 -9999.0 -9999.0 -9999.0 135.1 164.1 214.3 319.0 489.5 632.6 -9999.0 -9999.0 -9999.0 -9999.0 -9999.0 -9999.0 -9999.0 -9999.0 -9999.0 433.7 -9999.0 -9999.0 -9999.0 -9999.0
