program/excelProcessViaJava/data/SURF_CLI_CHN_PRE_MON_GRID_0.5-198905.txt
NCOLS      128
NROWS       72
XLLCORNER    72.000000000000    
YLLCORNER    18.000000000000    
CELLSIZE    0.50000000000000    
NODATA_VALUE   -9999.000    
[rows 34 to 67 of 72, columns 0 to 76 of 128]
-9999.0 -9999.0 -9999.0 -9999.0 5.0 5.2 0.8 3.2 0.1 0.2 4.4 0.5 2.3 2.4 7.0 5.6 4.5 2.7 2.0 2.6 5.1 6.9 8.0 8.2 4.4 2.9 8.1 10.3 13.6 16.5 19.3 21.5 23.0 23.6 24.1 21.6 24.3 26.4 19.2 11.5 18.6 5.6 4.7 2.9 3.2 3.7 4.0 4.6 6.4 12.4 21.4 32.9 38.8 37.9 32.5 28.3 25.5 27.1 30.3 16.6 24.1 12.0 8.4 7.1 4.3 3.6 14.5 14.8 16.1 16.4 14.0 11.2 8.1 6.1 5.3 5.5 5.8
-9999.0 -9999.0 -9999.0 -9999.0 -9999.0 -9999.0 -9999.0 1.9 0.4 1.1 0.1 0.1 0.8 0.5 0.5 5.3 3.1 4.1 4.3 4.7 2.6 1.1 1.2 2.3 3.7 5.5 6.8 9.2 12.5 15.2 19.5 23.4 26.5 28.9 31.1 30.0 33.3 31.4 35.7 36.8 21.6 40.9 39.3 29.5 18.8 9.8 16.2 14.6 21.8 19.8 27.1 40.3 48.5 34.5 34.5 33.8 24.4 18.2 24.5 16.7 19.4 10.3 6.7 6.7 10.9 9.3 18.0 22.4 19.6 19.1 16.9 13.6 11.4 9.6 9.2 11.0 11.4
-9999.0 -9999.0 -9999.0 -9999.0 -9999.0 -9999.0 -9999.0 0.1 2.0 0.3 0.1 0.3 0.1 0.0 0.2 0.0 0.2 0.3 0.1 0.5 0.7 0.4 1.0 1.6 2.9 4.3 6.7 7.9 13.0 17.4 20.7 25.4 29.7 33.7 35.6 37.4 36.9 39.9 39.7 38.2 39.9 41.1 45.2 57.8 42.6 30.8 40.0 44.1 57.9 54.4 55.5 51.7 55.4 48.5 35.6 44.4 36.2 29.6 25.0 21.3 20.1 18.5 12.1 13.8 15.3 19.1 23.0 23.7 27.4 20.1 18.8 16.4 14.9 13.1 11.9 18.5 23.0
-9999.0 -9999.0 -9999.0 -9999.0 -9999.0 -9999.0 -9999.0 -9999.0 -9999.0 0.3 0.3 0.4 0.0 0.1 0.1 0.2 0.1 0.0 0.1 0.0 0.1 0.4 0.7 1.2 2.2 3.9 5.4 8.2 12.9 15.6 22.8 27.7 32.8 37.7 39.8 41.8 42.2 44.4 42.3 44.3 42.1 46.7 47.6 48.4 59.3 64.2 69.5 72.0 74.2 72.5 68.1 62.4 58.2 55.1 40.9 51.6 47.4 39.1 30.0 26.1 25.6 26.5 30.9 23.8 32.6 32.1 28.6 28.3 39.0 29.8 26.6 19.2 16.9 16.9 20.5 22.1 30.3
-9999.0 -9999.0 -9999.0 -9999.0 -9999.0 -9999.0 -9999.0 -9999.0 -9999.0 -9999.0 -9999.0 0.1 0.7 0.0 0.1 0.0 0.1 0.1 0.1 0.1 0.0 0.2 0.3 0.7 0.5 2.0 3.3 6.1 10.5 16.4 22.5 28.2 35.6 41.5 45.4 51.7 49.8 50.0 58.5 48.8 52.6 49.1 48.7 52.4 73.0 72.7 91.0 91.1 93.1 88.0 80.3 72.3 64.0 54.3 44.5 50.4 56.3 48.1 42.0 36.6 32.8 37.4 46.1 53.1 59.4 35.1 24.6 38.7 52.5 52.0 40.9 29.5 20.0 18.3 18.5 28.0 38.6
-9999.0 -9999.0 -9999.0 -9999.0 -9999.0 -9999.0 -9999.0 -9999.0 -9999.0 -9999.0 -9999.0 -9999.0 0.5 0.4 0.0 0.1 0.0 0.0 0.0 0.0 0.2 0.1 0.2 0.5 0.1 1.4 3.6 4.8 9.2 12.9 21.6 29.7 37.7 45.4 52.2 55.9 62.3 57.4 51.9 46.6 44.6 45.6 49.3 61.3 70.6 84.6 98.7 100.4 103.6 99.1 88.4 76.2 68.8 66.2 61.4 59.2 59.4 52.1 64.2 49.0 46.4 42.4 47.4 64.2 72.2 79.0 53.1 67.0 78.0 77.5 56.8 29.2 20.0 22.1 34.4 61.0 59.9
-9999.0 -9999.0 -9999.0 -9999.0 -9999.0 -9999.0 -9999.0 -9999.0 -9999.0 -9999.0 -9999.0 -9999.0 0.0 0.8 0.9 0.1 0.3 0.1 0.0 0.0 0.0 0.0 0.1 0.3 0.8 1.1 2.3 5.5 8.4 14.6 20.6 28.2 38.6 47.7 55.8 60.2 66.3 66.5 60.5 53.4 45.5 44.6 57.2 56.2 74.0 91.3 97.0 104.1 102.2 103.5 93.9 81.3 75.2 69.1 80.7 74.6 82.4 77.3 87.7 78.6 68.4 62.9 59.3 61.7 85.8 94.0 60.7 75.5 92.5 96.1 87.5 79.3 72.9 61.9 65.8 65.4 63.4
-9999.0 -9999.0 -9999.0 -9999.0 -9999.0 -9999.0 -9999.0 -9999.0 -9999.0 -9999.0 -9999.0 -9999.0 -9999.0 0.4 0.0 0.7 0.1 0.2 0.2 0.1 0.1 0.2 0.1 0.3 0.4 0.3 0.7 1.6 5.4 10.9 19.3 28.5 37.9 48.8 56.6 62.9 66.3 67.8 75.3 62.3 54.1 54.8 55.0 68.4 71.7 80.1 96.4 106.1 107.2 101.2 91.0 80.9 75.6 61.4 67.8 77.4 89.9 86.8 72.8 87.5 82.8 82.0 75.3 94.3 87.4 101.8 110.0 106.5 114.0 105.8 84.5 75.3 73.6 74.4 78.4 74.1 69.1
-9999.0 -9999.0 -9999.0 -9999.0 -9999.0 -9999.0 -9999.0 -9999.0 -9999.0 -9999.0 -9999.0 -9999.0 1.1 0.1 0.2 0.5 0.0 0.1 0.1 0.3 0.2 0.2 0.1 0.2 0.4 0.2 0.6 2.1 4.7 9.0 16.4 26.3 36.1 47.7 57.9 63.7 71.4 65.4 60.6 56.0 63.9 69.5 75.2 60.0 72.9 83.7 89.8 92.6 96.2 92.1 83.7 72.7 69.0 66.0 75.2 82.2 77.3 115.4 100.9 111.9 104.6 91.3 93.9 86.1 106.1 116.9 79.8 99.3 123.5 122.6 108.1 88.6 73.9 68.1 73.0 73.6 70.7
-9999.0 -9999.0 -9999.0 -9999.0 -9999.0 -9999.0 -9999.0 -9999.0 -9999.0 -9999.0 -9999.0 -9999.0 1.0 4.1 1.7 0.0 0.1 0.4 0.3 0.1 0.3 0.1 0.1 0.1 0.3 0.5 0.8 1.8 3.7 7.9 14.2 22.7 33.1 44.0 53.2 61.4 62.7 64.8 59.6 47.4 46.1 44.7 49.9 60.1 71.0 82.4 93.9 93.4 89.3 77.3 72.0 66.9 63.9 68.0 74.9 88.5 85.9 88.3 107.8 96.7 92.9 86.6 114.0 112.0 110.7 91.9 117.2 98.8 93.7 89.7 85.0 77.2 72.0 77.0 82.4 77.7 77.8
-9999.0 -9999.0 -9999.0 -9999.0 -9999.0 -9999.0 -9999.0 -9999.0 -9999.0 -9999.0 -9999.0 -9999.0 11.9 2.7 5.4 2.5 1.6 0.1 0.3 0.2 0.0 0.0 0.1 0.1 0.2 0.1 0.3 0.4 2.5 5.4 10.7 17.7 28.5 38.0 47.0 55.3 59.7 61.3 54.8 54.2 46.5 41.7 67.2 50.6 71.9 88.8 92.1 83.2 70.9 65.9 61.5 55.5 55.8 53.0 58.9 81.5 81.2 83.0 88.0 109.3 112.9 112.0 85.9 109.6 86.8 64.1 83.4 100.6 100.7 81.5 73.9 85.1 83.3 93.1 122.4 96.2 107.4
-9999.0 -9999.0 -9999.0 -9999.0 -9999.0 -9999.0 -9999.0 -9999.0 -9999.0 -9999.0 -9999.0 -9999.0 -9999.0 2.3 2.2 5.1 2.6 2.2 0.5 0.3 0.0 0.2 0.1 0.1 0.3 0.3 0.4 0.7 1.2 3.9 6.7 13.6 23.0 32.1 41.5 54.3 60.9 58.1 58.4 51.3 50.2 76.8 89.0 86.0 73.1 77.2 82.5 62.0 67.2 57.8 46.2 50.9 48.2 48.4 52.1 55.8 74.0 81.1 81.9 75.8 90.1 68.3 97.2 91.4 53.2 56.5 70.1 88.9 89.6 90.4 83.5 86.0 105.4 97.4 111.9 103.5 95.9
-9999.0 -9999.0 -9999.0 -9999.0 -9999.0 -9999.0 -9999.0 -9999.0 -9999.0 -9999.0 -9999.0 -9999.0 -9999.0 27.4 7.3 10.4 3.0 6.0 3.8 1.7 0.3 0.2 0.2 0.3 0.9 0.5 0.4 0.8 1.1 1.5 4.2 9.5 17.0 25.8 36.8 46.1 49.1 54.8 63.6 83.6 67.2 77.8 88.1 92.6 106.8 84.0 75.0 52.7 48.1 41.7 43.0 31.6 40.5 44.1 45.6 48.7 56.6 64.7 69.6 84.1 85.2 97.8 88.6 62.9 56.3 57.5 66.6 76.8 86.6 89.4 97.8 112.9 124.2 133.5 137.3 140.8 146.9
-9999.0 -9999.0 -9999.0 -9999.0 -9999.0 -9999.0 -9999.0 -9999.0 -9999.0 -9999.0 -9999.0 -9999.0 -9999.0 -9999.0 -9999.0 19.6 17.4 10.6 10.0 9.4 3.0 3.7 3.2 2.1 1.2 1.1 0.4 0.6 0.7 1.5 3.1 6.8 15.0 23.1 28.5 45.6 58.8 40.2 54.1 64.0 86.1 96.7 98.0 94.2 75.2 65.8 66.4 42.2 41.9 24.1 27.3 39.4 31.9 35.4 27.1 40.7 46.5 53.5 63.5 71.7 83.1 86.8 79.0 73.5 65.6 64.7 67.6 70.6 80.8 101.8 118.9 134.7 152.0 152.0 138.0 159.2 156.6
-9999.0 -9999.0 -9999.0 -9999.0 -9999.0 -9999.0 -9999.0 -9999.0 -9999.0 -9999.0 -9999.0 -9999.0 -9999.0 -9999.0 -9999.0 -9999.0 -9999.0 62.6 44.1 -9999.0 28.8 11.4 15.1 12.2 5.6 4.6 2.0 1.8 1.9 1.9 3.1 6.0 16.2 14.8 14.7 26.3 57.0 17.3 44.1 57.5 73.7 99.6 91.5 83.7 68.1 66.2 82.4 59.4 31.9 28.9 20.0 20.2 17.2 29.5 32.8 36.5 40.4 53.3 66.4 78.8 83.0 86.9 80.3 72.8 73.6 78.0 79.6 82.8 90.1 107.0 119.7 140.6 143.3 125.5 124.8 144.1 146.3
-9999.0 -9999.0 -9999.0 -9999.0 -9999.0 -9999.0 -9999.0 -9999.0 -9999.0 -9999.0 -9999.0 -9999.0 -9999.0 -9999.0 -9999.0 -9999.0 -9999.0 -9999.0 -9999.0 -9999.0 -9999.0 40.3 28.8 16.8 18.5 23.1 16.1 10.2 5.9 5.3 5.3 9.9 12.8 16.7 14.7 23.8 21.5 20.2 16.5 10.9 16.9 91.5 96.1 83.8 67.0 67.4 102.7 48.3 49.6 81.2 22.0 33.5 29.9 16.3 23.6 34.6 43.4 57.6 67.8 95.9 104.8 112.7 84.4 75.2 74.0 83.7 91.4 97.1 101.3 110.2 121.7 124.8 116.0 92.8 91.6 108.6 126.2
-9999.0 -9999.0 -9999.0 -9999.0 -9999.0 -9999.0 -9999.0 -9999.0 -9999.0 -9999.0 -9999.0 -9999.0 -9999.0 -9999.0 -9999.0 -9999.0 -9999.0 -9999.0 -9999.0 -9999.0 -9999.0 -9999.0 -9999.0 99.3 57.1 51.3 41.3 28.2 17.6 14.5 14.3 20.7 41.4 41.3 54.6 51.1 62.9 31.9 63.3 80.5 75.0 98.8 61.6 49.4 63.5 99.7 78.9 63.0 65.3 61.4 26.7 25.2 15.9 15.8 16.3 22.5 43.3 61.2 105.7 108.7 152.3 145.0 115.1 79.7 74.3 85.1 99.8 108.9 107.9 113.2 111.0 107.1 91.4 80.9 87.9 108.1 119.5
-9999.0 -9999.0 -9999.0 -9999.0 -9999.0 -9999.0 -9999.0 -9999.0 -9999.0 -9999.0 -9999.0 -9999.0 -9999.0 -9999.0 -9999.0 -9999.0 -9999.0 -9999.0 -9999.0 -9999.0 -9999.0 -9999.0 -9999.0 -9999.0 -9999.0 160.3 112.0 56.2 50.0 56.3 47.0 49.9 60.8 78.6 70.5 101.9 148.7 68.3 109.9 70.9 117.2 61.4 28.6 43.8 78.6 102.2 109.5 133.2 47.0 57.5 32.6 22.6 22.9 20.2 19.0 27.6 46.4 70.7 89.5 115.1 136.6 133.3 112.7 65.3 64.6 79.8 97.2 95.4 99.6 102.1 104.2 94.8 76.7 70.9 79.0 105.2 109.4
-9999.0 -9999.0 -9999.0 -9999.0 -9999.0 -9999.0 -9999.0 -9999.0 -9999.0 -9999.0 -9999.0 -9999.0 -9999.0 -9999.0 -9999.0 -9999.0 -9999.0 -9999.0 -9999.0 -9999.0 -9999.0 -9999.0 -9999.0 -9999.0 -9999.0 -9999.0 -9999.0 190.6 170.8 129.1 114.6 113.3 149.7 106.9 150.4 46.3 95.5 77.1 29.1 64.0 97.4 32.1 37.2 62.1 82.3 102.2 118.0 132.7 143.3 99.3 123.7 103.6 24.3 24.5 25.5 35.7 57.5 77.4 95.0 108.9 107.7 114.6 66.6 52.2 49.0 53.1 83.5 105.7 108.1 102.8 96.5 85.7 72.7 68.4 79.7 96.6 116.7
-9999.0 -9999.0 -9999.0 -9999.0 -9999.0 -9999.0 -9999.0 -9999.0 -9999.0 -9999.0 -9999.0 -9999.0 -9999.0 -9999.0 -9999.0 -9999.0 -9999.0 -9999.0 -9999.0 -9999.0 -9999.0 -9999.0 -9999.0 -9999.0 -9999.0 -9999.0 -9999.0 -9999.0 -9999.0 -9999.0 -9999.0 -9999.0 -9999.0 132.9 207.3 -9999.0 -9999.0 -9999.0 39.4 60.5 37.7 39.6 48.1 66.3 80.5 97.9 -9999.0 -9999.0 -9999.0 -9999.0 -9999.0 -9999.0 48.8 28.6 41.1 56.1 72.6 78.8 83.1 80.4 87.7 95.9 62.8 51.0 45.2 51.1 73.1 96.0 101.1 97.4 89.9 81.5 78.8 83.1 93.9 112.2 146.9
-9999.0 -9999.0 -9999.0 -9999.0 -9999.0 -9999.0 -9999.0 -9999.0 -9999.0 -9999.0 -9999.0 -9999.0 -9999.0 -9999.0 -9999.0 -9999.0 -9999.0 -9999.0 -9999.0 -9999.0 -9999.0 -9999.0 -9999.0 -9999.0 -9999.0 -9999.0 -9999.0 -9999.0 -9999.0 -9999.0 -9999.0 -9999.0 -9999.0 -9999.0 -9999.0 -9999.0 -9999.0 -9999.0 -9999.0 42.1 44.0 48.1 55.5 66.2 -9999.0 -9999.0 -9999.0 -9999.0 -9999.0 -9999.0 -9999.0 -9999.0 46.1 37.7 42.0 57.6 72.6 71.3 64.8 63.8 66.5 78.8 79.5 63.6 68.0 68.3 79.0 94.4 98.9 95.6 93.3 92.0 94.0 108.8 130.3 149.4 180.1
-9999.0 -9999.0 -9999.0 -9999.0 -9999.0 -9999.0 -9999.0 -9999.0 -9999.0 -9999.0 -9999.0 -9999.0 -9999.0 -9999.0 -9999.0 -9999.0 -9999.0 -9999.0 -9999.0 -9999.0 -9999.0 -9999.0 -9999.0 -9999.0 -9999.0 -9999.0 -9999.0 -9999.0 -9999.0 -9999.0 -9999.0 -9999.0 -9999.0 -9999.0 -9999.0 -9999.0 -9999.0 -9999.0 -9999.0 -9999.0 -9999.0 -9999.0 -9999.0 -9999.0 -9999.0 -9999.0 -9999.0 -9999.0 -9999.0 -9999.0 -9999.0 -9999.0 72.1 45.6 42.8 60.1 60.3 65.1 65.7 70.6 67.3 77.7 129.9 97.1 100.5 90.8 89.0 96.2 106.4 110.2 110.4 114.4 130.0 137.3 153.3 175.3 210.0
-9999.0 -9999.0 -9999.0 -9999.0 -9999.0 -9999.0 -9999.0 -9999.0 -9999.0 -9999.0 -9999.0 -9999.0 -9999.0 -9999.0 -9999.0 -9999.0 -9999.0 -9999.0 -9999.0 -9999.0 -9999.0 -9999.0 -9999.0 -9999.0 -9999.0 -9999.0 -9999.0 -9999.0 -9999.0 -9999.0 -9999.0 -9999.0 -9999.0 -9999.0 -9999.0 -9999.0 -9999.0 -9999.0 -9999.0 -9999.0 -9999.0 -9999.0 -9999.0 -9999.0 -9999.0 -9999.0 -9999.0 -9999.0 -9999.0 -9999.0 -9999.0 80.4 47.2 45.1 27.8 39.9 50.8 74.4 77.2 56.9 106.6 114.5 112.7 132.9 134.2 120.1 109.2 134.9 126.0 136.5 136.0 139.7 146.2 156.1 171.1 199.2 242.2
-9999.0 -9999.0 -9999.0 -9999.0 -9999.0 -9999.0 -9999.0 -9999.0 -9999.0 -9999.0 -9999.0 -9999.0 -9999.0 -9999.0 -9999.0 -9999.0 -9999.0 -9999.0 -9999.0 -9999.0 -9999.0 -9999.0 -9999.0 -9999.0 -9999.0 -9999.0 -9999.0 -9999.0 -9999.0 -9999.0 -9999.0 -9999.0 -9999.0 -9999.0 -9999.0 -9999.0 -9999.0 -9999.0 -9999.0 -9999.0 -9999.0 -9999.0 -9999.0 -9999.0 -9999.0 -9999.0 -9999.0 -9999.0 -9999.0 -9999.0 83.5 65.9 47.9 43.0 31.9 42.8 52.0 69.2 86.8 106.3 106.9 135.2 135.9 154.6 155.9 144.2 125.7 147.9 149.5 170.2 169.6 167.0 172.1 184.7 198.1 224.8 265.7
-9999.0 -9999.0 -9999.0 -9999.0 -9999.0 -9999.0 -9999.0 -9999.0 -9999.0 -9999.0 -9999.0 -9999.0 -9999.0 -9999.0 -9999.0 -9999.0 -9999.0 -9999.0 -9999.0 -9999.0 -9999.0 -9999.0 -9999.0 -9999.0 -9999.0 -9999.0 -9999.0 -9999.0 -9999.0 -9999.0 -9999.0 -9999.0 -9999.0 -9999.0 -9999.0 -9999.0 -9999.0 -9999.0 -9999.0 -9999.0 -9999.0 -9999.0 -9999.0 -9999.0 -9999.0 -9999.0 -9999.0 -9999.0 -9999.0 -9999.0 68.0 66.7 61.7 46.9 47.2 48.0 57.1 92.2 110.7 113.9 114.2 124.6 129.4 147.8 153.6 164.3 155.9 176.9 179.3 188.2 194.6 199.1 200.6 195.0 191.5 205.5 240.5
-9999.0 -9999.0 -9999.0 -9999.0 -9999.0 -9999.0 -9999.0 -9999.0 -9999.0 -9999.0 -9999.0 -9999.0 -9999.0 -9999.0 -9999.0 -9999.0 -9999.0 -9999.0 -9999.0 -9999.0 -9999.0 -9999.0 -9999.0 -9999.0 -9999.0 -9999.0 -9999.0 -9999.0 -9999.0 -9999.0 -9999.0 -9999.0 -9999.0 -9999.0 -9999.0 -9999.0 -9999.0 -9999.0 -9999.0 -9999.0 -9999.0 -9999.0 -9999.0 -9999.0 -9999.0 -9999.0 -9999.0 -9999.0 -9999.0 -9999.0 50.0 59.6 62.6 71.5 54.6 55.6 94.9 105.0 134.8 134.1 146.1 146.9 142.2 140.4 138.2 142.9 161.0 169.8 171.1 184.7 194.6 221.0 209.1 201.2 166.2 175.0 215.7
-9999.0 -9999.0 -9999.0 -9999.0 -9999.0 -9999.0 -9999.0 -9999.0 -9999.0 -9999.0 -9999.0 -9999.0 -9999.0 -9999.0 -9999.0 -9999.0 -9999.0 -9999.0 -9999.0 -9999.0 -9999.0 -9999.0 -9999.0 -9999.0 -9999.0 -9999.0 -9999.0 -9999.0 -9999.0 -9999.0 -9999.0 -9999.0 -9999.0 -9999.0 -9999.0 -9999.0 -9999.0 -9999.0 -9999.0 -9999.0 -9999.0 -9999.0 -9999.0 -9999.0 -9999.0 -9999.0 -9999.0 -9999.0 -9999.0 -9999.0 51.6 70.1 68.5 79.1 80.4 97.2 85.2 126.4 157.5 165.3 199.7 197.0 190.9 163.8 141.4 132.3 135.0 148.8 159.0 144.3 176.8 200.9 208.9 188.7 143.0 157.8 190.3
-9999.0 -9999.0 -9999.0 -9999.0 -9999.0 -9999.0 -9999.0 -9999.0 -9999.0 -9999.0 -9999.0 -9999.0 -9999.0 -9999.0 -9999.0 -9999.0 -9999.0 -9999.0 -9999.0 -9999.0 -9999.0 -9999.0 -9999.0 -9999.0 -9999.0 -9999.0 -9999.0 -9999.0 -9999.0 -9999.0 -9999.0 -9999.0 -9999.0 -9999.0 -9999.0 -9999.0 -9999.0 -9999.0 -9999.0 -9999.0 -9999.0 -9999.0 -9999.0 -9999.0 -9999.0 -9999.0 -9999.0 -9999.0 -9999.0 -9999.0 -9999.0 -9999.0 -9999.0 85.8 94.2 103.5 126.0 164.4 173.0 209.0 302.9 267.2 272.0 223.4 172.5 147.6 143.8 146.2 150.6 152.7 157.2 169.3 171.2 155.9 141.7 138.8 166.8
-9999.0 -9999.0 -9999.0 -9999.0 -9999.0 -9999.0 -9999.0 -9999.0 -9999.0 -9999.0 -9999.0 -9999.0 -9999.0 -9999.0 -9999.0 -9999.0 -9999.0 -9999.0 -9999.0 -9999.0 -9999.0 -9999.0 -9999.0 -9999.0 -9999.0 -9999.0 -9999.0 -9999.0 -9999.0 -9999.0 -9999.0 -9999.0 -9999.0 -9999.0 -9999.0 -9999.0 -9999.0 -9999.0 -9999.0 -9999.0 -9999.0 -9999.0 -9999.0 -9999.0 -9999.0 -9999.0 -9999.0 -9999.0 -9999.0 -9999.0 -9999.0 -9999.0 -9999.0 99.6 108.1 172.2 154.0 179.8 226.8 313.4 321.1 310.0 369.2 273.2 220.7 180.3 155.2 163.4 144.1 143.3 138.7 143.1 147.8 143.8 139.5 161.0 161.5
-9999.0 -9999.0 -9999.0 -9999.0 -9999.0 -9999.0 -9999.0 -9999.0 -9999.0 -9999.0 -9999.0 -9999.0 -9999.0 -9999.0 -9999.0 -9999.0 -9999.0 -9999.0 -9999.0 -9999.0 -9999.0 -9999.0 -9999.0 -9999.0 -9999.0 -9999.0 -9999.0 -9999.0 -9999.0 -9999.0 -9999.0 -9999.0 -9999.0 -9999.0 -9999.0 -9999.0 -9999.0 -9999.0 -9999.0 -9999.0 -9999.0 -9999.0 -9999.0 -9999.0 -9999.0 -9999.0 -9999.0 -9999.0 -9999.0 -9999.0 -9999.0 -9999.0 -9999.0 112.1 104.0 158.8 174.9 199.2 246.3 284.0 366.8 382.3 420.7 361.3 215.2 -9999.0 -9999.0 -9999.0 170.5 149.9 149.0 154.8 145.5 130.3 137.5 181.9 178.3
-9999.0 -9999.0 -9999.0 -9999.0 -9999.0 -9999.0 -9999.0 -9999.0 -9999.0 -9999.0 -9999.0 -9999.0 -9999.0 -9999.0 -9999.0 -9999.0 -9999.0 -9999.0 -9999.0 -9999.0 -9999.0 -9999.0 -9999.0 -9999.0 -9999.0 -9999.0 -9999.0 -9999.0 -9999.0 -9999.0 -9999.0 -9999.0 -9999.0 -9999.0 -9999.0 -9999.0 -9999.0 -9999.0 -9999.0 -9999.0 -9999.0 -9999.0 -9999.0 -9999.0 -9999.0 -9999.0 -9999.0 -9999.0 -9999.0 -9999.0 -9999.0 -9999.0 -9999.0 -9999.0 135.4 151.7 150.2 175.0 242.7 319.4 262.3 -9999.0 -9999.0 -9999.0 -9999.0 -9999.0 -9999.0 -9999.0 153.2 171.5 201.4 154.7 126.5 116.4 122.7 153.8 201.0
-9999.0 -9999.0 -9999.0 -9999.0 -9999.0 -9999.0 -9999.0 -9999.0 -9999.0 -9999.0 -9999.0 -9999.0 -9999.0 -9999.0 -9999.0 -9999.0 -9999.0 -9999.0 -9999.0 -9999.0 -9999.0 -9999.0 -9999.0 -9999.0 -9999.0 -9999.0 -9999.0 -9999.0 -9999.0 -9999.0 -9999.0 -9999.0 -9999.0 -9999.0 -9999.0 -9999.0 -9999.0 -9999.0 -9999.0 -9999.0 -9999.0 -9999.0 -9999.0 -9999.0 -9999.0 -9999.0 -9999.0 -9999.0 -9999.0 -9999.0 -9999.0 -9999.0 -9999.0 -9999.0 -9999.0 136.2 206.2 178.9 185.5 242.8 251.4 -9999.0 -9999.0 -9999.0 -9999.0 -9999.0 -9999.0 -9999.0 -9999.0 -9999.0 150.6 -9999.0 -9999.0 -9999.0 -9999.0 -9999.0 185.5
-9999.0 -9999.0 -9999.0 -9999.0 -9999.0 -9999.0 -9999.0 -9999.0 -9999.0 -9999.0 -9999.0 -9999.0 -9999.0 -9999.0 -9999.0 -9999.0 -9999.0 -9999.0 -9999.0 -9999.0 -9999.0 -9999.0 -9999.0 -9999.0 -9999.0 -9999.0 -9999.0 -9999.0 -9999.0 -9999.0 -9999.0 -9999.0 -9999.0 -9999.0 -9999.0 -9999.0 -9999.0 -9999.0 -9999.0 -9999.0 -9999.0 -9999.0 -9999.0 -9999.0 -9999.0 -9999.0 -9999.0 -9999.0 -9999.0 -9999.0 -9999.0 -9999.0 -9999.0 -9999.0 -9999.0 -9999.0 -9999.0 -9999.0 184.0 174.1 -9999.0 -9999.0 -9999.0 -9999.0 -9999.0 -9999.0 -9999.0 -9999.0 -9999.0 -9999.0 -9999.0 -9999.0 -9999.0 -9999.0 -9999.0 143.7 168.1
-9999.0 -9999.0 -9999.0 -9999.0 -9999.0 -9999.0 -9999.0 -9999.0 -9999.0 -9999.0 -9999.0 -9999.0 -9999.0 -9999.0 -9999.0 -9999.0 -9999.0 -9999.0 -9999.0 -9999.0 -9999.0 -9999.0 -9999.0 -9999.0 -9999.0 -9999.0 -9999.0 -9999.0 -9999.0 -9999.0 -9999.0 -9999.0 -9999.0 -9999.0 -9999.0 -9999.0 -9999.0 -9999.0 -9999.0 -9999.0 -9999.0 -9999.0 -9999.0 -9999.0 -9999.0 -9999.0 -9999.0 -9999.0 -9999.0 -9999.0 -9999.0 -9999.0 -9999.0 -9999.0 -9999.0 -9999.0 -9999.0 -9999.0 -9999.0 -9999.0 -9999.0 -9999.0 -9999.0 -9999.0 -9999.0 -9999.0 -9999.0 -9999.0 -9999.0 -9999.0 -9999.0 -9999.0 -9999.0 -9999.0 -9999.0 -9999.0 -9999.0
