program/excelProcessViaJava/data/SURF_CLI_CHN_PRE_MON_GRID_0.5-200206.txt
NCOLS      128
NROWS       72
XLLCORNER    72.000000000000    
YLLCORNER    18.000000000000    
CELLSIZE    0.50000000000000    
NODATA_VALUE   -9999.000    
[rows 33 to 65 of 72, columns 0 to 74 of 128]
-9999.0 -9999.0 -9999.0 -9999.0 16.0 24.4 31.6 28.3 30.3 13.5 20.2 16.2 11.3 5.8 6.3 8.4 9.3 11.6 18.4 29.0 36.2 39.0 39.3 41.2 41.8 45.5 49.1 86.2 71.0 73.7 75.1 71.2 68.0 67.4 56.3 49.4 39.8 46.5 34.5 17.3 6.3 3.5 3.5 5.3 10.2 17.4 25.5 36.9 48.0 44.2 53.9 86.6 98.1 103.9 83.1 92.6 94.3 95.6 86.9 74.5 72.2 80.6 88.8 85.1 65.4 75.2 84.7 79.3 111.3 121.0 128.5 136.5 151.2 174.6 187.1
-9999.0 -9999.0 -9999.0 -9999.0 19.0 19.3 29.0 24.4 39.4 42.6 26.4 47.5 42.4 46.2 18.2 21.0 25.6 18.7 21.1 31.8 47.7 55.3 60.6 75.0 86.0 87.5 81.6 80.5 78.2 77.2 76.0 77.5 73.1 70.3 67.5 59.5 58.5 57.0 39.4 22.9 27.9 8.9 7.5 7.6 12.2 18.0 20.9 21.0 22.3 32.2 45.3 63.5 104.7 86.1 73.0 78.7 79.1 79.4 76.9 67.3 80.0 87.5 84.6 84.6 71.1 60.2 91.9 101.2 118.5 139.5 144.8 147.6 153.7 173.8 180.5
-9999.0 -9999.0 -9999.0 -9999.0 -9999.0 -9999.0 -9999.0 24.9 32.7 31.9 44.7 48.4 42.9 50.1 54.2 20.4 46.0 35.8 40.7 61.8 80.4 86.5 87.5 86.8 85.2 83.3 82.7 81.7 80.8 81.6 80.8 80.0 78.6 78.0 77.7 71.6 73.1 66.0 68.8 66.1 37.5 62.7 55.2 39.3 28.9 23.7 30.8 27.9 37.3 33.2 41.9 63.8 91.3 99.3 92.9 64.7 56.0 53.4 65.1 67.3 74.2 76.8 64.4 68.3 73.2 60.6 80.2 107.3 122.0 140.2 144.8 143.6 153.2 163.6 152.6
-9999.0 -9999.0 -9999.0 -9999.0 -9999.0 -9999.0 -9999.0 30.8 22.6 33.5 39.2 38.7 45.0 52.9 52.8 62.6 61.2 65.4 73.9 75.2 79.0 82.6 83.7 83.9 83.1 82.2 80.9 81.3 79.6 79.1 80.9 81.3 81.5 83.5 81.1 80.8 78.1 80.3 78.0 73.2 71.6 67.5 66.6 77.3 51.6 38.1 43.5 46.5 66.5 68.6 88.8 92.2 91.2 89.2 83.6 65.7 57.5 57.7 58.0 61.1 78.9 92.6 71.4 73.6 62.9 56.3 66.3 93.3 125.9 124.3 128.1 130.7 138.1 142.3 104.6
-9999.0 -9999.0 -9999.0 -9999.0 -9999.0 -9999.0 -9999.0 -9999.0 -9999.0 29.1 31.4 32.7 42.3 45.4 46.8 49.2 57.4 64.6 67.1 71.3 74.3 76.5 78.3 79.3 79.4 78.9 78.7 78.4 77.8 79.6 78.7 80.5 81.9 84.2 83.6 84.7 85.2 88.2 86.9 89.0 84.1 84.2 76.4 66.7 67.3 62.0 59.4 58.5 63.6 70.2 79.3 80.4 80.1 78.7 77.0 71.3 62.9 62.2 60.1 66.0 81.7 91.1 96.8 73.7 71.5 60.4 68.5 95.8 129.1 123.3 122.6 111.0 113.4 118.3 110.4
-9999.0 -9999.0 -9999.0 -9999.0 -9999.0 -9999.0 -9999.0 -9999.0 -9999.0 -9999.0 -9999.0 34.3 27.7 41.5 42.4 47.7 50.9 54.4 58.4 63.1 66.9 69.5 71.8 73.3 74.0 74.6 74.9 75.2 75.7 76.4 77.7 80.2 81.5 84.1 86.2 92.4 92.6 96.1 107.4 101.8 105.6 97.5 86.8 76.9 82.4 66.0 73.8 64.7 70.0 72.2 71.1 72.4 71.9 72.8 73.9 77.7 82.0 79.0 77.1 84.3 93.1 105.8 106.0 97.1 88.2 67.6 70.2 98.3 124.6 132.3 122.1 118.7 107.5 98.5 78.1
-9999.0 -9999.0 -9999.0 -9999.0 -9999.0 -9999.0 -9999.0 -9999.0 -9999.0 -9999.0 -9999.0 -9999.0 24.8 27.7 37.9 38.7 46.6 47.9 51.4 55.7 57.5 61.1 63.8 65.9 66.1 68.6 69.5 70.2 71.3 72.7 74.5 76.8 79.7 83.8 88.1 92.1 100.5 102.3 104.8 106.1 106.5 103.6 97.1 93.6 84.8 79.8 78.6 68.1 72.1 75.8 80.7 76.2 70.9 70.9 75.3 81.8 89.3 90.6 105.8 105.8 117.6 110.7 106.3 104.1 92.4 93.0 77.7 98.6 122.3 141.0 123.6 112.2 116.6 116.3 120.2
-9999.0 -9999.0 -9999.0 -9999.0 -9999.0 -9999.0 -9999.0 -9999.0 -9999.0 -9999.0 -9999.0 -9999.0 27.7 20.6 21.7 33.0 31.4 37.3 43.4 45.9 48.9 52.1 54.9 57.6 59.9 61.7 63.1 64.7 65.8 67.7 69.7 72.7 76.2 80.4 85.7 90.9 99.0 105.5 109.9 112.7 111.6 109.3 111.2 98.7 97.8 96.7 85.6 81.7 77.7 85.6 83.4 79.8 73.7 75.0 80.1 88.5 101.8 111.1 128.5 138.1 137.4 126.9 112.4 102.7 88.7 93.9 54.6 76.0 107.9 149.0 194.4 216.4 216.0 221.1 187.5
-9999.0 -9999.0 -9999.0 -9999.0 -9999.0 -9999.0 -9999.0 -9999.0 -9999.0 -9999.0 -9999.0 -9999.0 -9999.0 19.7 25.8 20.2 27.7 28.3 31.1 34.7 38.8 41.6 45.6 48.7 51.7 53.2 55.0 56.3 58.7 61.1 64.1 67.4 71.3 76.3 81.4 87.9 95.1 102.8 113.9 115.0 116.1 117.3 114.4 115.6 108.3 103.3 105.2 107.1 107.1 103.5 97.0 86.6 82.3 88.5 91.0 99.6 112.6 123.9 126.6 140.0 135.5 124.7 113.2 104.1 57.4 75.1 87.5 101.2 154.2 200.3 198.6 256.3 305.2 272.2 210.8
-9999.0 -9999.0 -9999.0 -9999.0 -9999.0 -9999.0 -9999.0 -9999.0 -9999.0 -9999.0 -9999.0 -9999.0 13.2 18.4 18.9 16.9 23.1 22.9 24.8 24.7 28.2 32.1 36.2 39.8 43.3 45.2 47.7 50.1 52.1 54.3 57.5 61.6 65.5 70.8 77.1 84.2 92.9 99.7 105.8 110.4 117.7 122.9 126.0 117.0 119.7 121.7 121.9 121.2 122.0 118.0 113.6 108.3 98.5 101.9 107.1 117.0 128.1 140.8 149.3 152.2 138.9 123.8 114.3 111.2 109.3 99.2 81.4 142.2 209.9 257.3 310.5 348.1 308.5 198.8 147.0
-9999.0 -9999.0 -9999.0 -9999.0 -9999.0 -9999.0 -9999.0 -9999.0 -9999.0 -9999.0 -9999.0 -9999.0 11.5 6.7 9.7 16.9 16.9 13.8 15.4 19.2 20.0 24.3 27.8 31.4 35.2 38.6 41.1 43.3 45.3 48.3 51.5 55.1 59.4 65.7 72.4 80.3 89.7 98.7 105.2 108.6 111.2 114.0 117.1 120.9 125.4 130.7 136.3 137.3 135.2 124.7 119.2 119.6 115.3 119.0 125.8 134.0 147.9 158.3 164.4 159.6 148.2 135.6 119.3 111.3 112.4 72.7 119.9 171.0 234.9 293.2 320.7 315.1 283.5 266.8 202.2
-9999.0 -9999.0 -9999.0 -9999.0 -9999.0 -9999.0 -9999.0 -9999.0 -9999.0 -9999.0 -9999.0 -9999.0 2.3 7.4 4.4 6.4 7.2 11.8 10.9 12.6 16.3 18.7 20.6 24.1 27.6 29.9 32.8 34.2 38.3 41.0 44.5 47.9 54.1 60.7 67.9 76.8 88.3 99.9 108.2 110.6 113.0 119.3 121.9 124.7 126.5 131.8 134.8 132.4 124.0 121.0 122.0 119.7 139.1 144.5 146.0 141.9 161.9 175.2 180.1 174.4 162.8 148.9 145.3 124.1 86.1 76.4 134.2 184.2 222.1 233.2 228.0 264.1 249.6 226.7 169.0
-9999.0 -9999.0 -9999.0 -9999.0 -9999.0 -9999.0 -9999.0 -9999.0 -9999.0 -9999.0 -9999.0 -9999.0 -9999.0 7.6 6.7 3.7 4.7 4.8 7.4 9.2 12.8 12.7 15.8 18.6 21.6 24.4 27.1 29.6 31.0 35.0 36.9 41.8 47.6 54.9 63.1 74.8 87.7 102.9 112.9 117.4 119.6 121.1 124.5 124.3 121.7 117.4 117.5 99.7 112.3 110.6 102.3 130.0 133.6 131.0 158.0 169.9 160.2 178.3 194.2 197.6 186.9 178.6 164.9 116.4 50.8 97.7 188.3 230.1 220.0 193.4 162.3 143.8 168.2 128.9 143.6
-9999.0 -9999.0 -9999.0 -9999.0 -9999.0 -9999.0 -9999.0 -9999.0 -9999.0 -9999.0 -9999.0 -9999.0 -9999.0 0.6 4.0 2.0 4.6 2.6 3.6 5.4 9.2 10.7 12.8 14.8 17.6 20.1 22.2 25.0 26.2 27.2 30.5 35.3 41.6 49.1 59.5 71.6 85.2 102.5 114.0 117.6 120.9 122.3 122.3 118.5 116.8 102.2 93.4 69.3 73.2 79.0 104.1 90.1 126.9 149.8 168.5 174.1 167.6 186.6 210.3 189.3 207.6 176.2 125.1 79.1 86.4 135.0 235.6 279.1 228.3 166.5 117.3 97.3 96.2 111.3 129.9
-9999.0 -9999.0 -9999.0 -9999.0 -9999.0 -9999.0 -9999.0 -9999.0 -9999.0 -9999.0 -9999.0 -9999.0 -9999.0 -9999.0 -9999.0 1.4 1.3 2.2 2.3 3.0 6.4 7.3 9.6 12.4 15.1 17.5 18.9 20.2 21.3 22.9 25.2 29.5 37.3 45.1 52.9 69.9 85.3 90.5 106.4 112.4 114.1 113.9 111.9 106.4 98.5 81.0 68.9 41.7 56.6 34.1 68.7 120.2 106.6 121.2 91.3 157.3 182.0 145.6 227.5 234.8 193.0 174.0 159.6 153.9 158.4 196.2 272.1 320.0 267.3 178.2 113.1 80.5 99.0 105.0 139.5
-9999.0 -9999.0 -9999.0 -9999.0 -9999.0 -9999.0 -9999.0 -9999.0 -9999.0 -9999.0 -9999.0 -9999.0 -9999.0 -9999.0 -9999.0 -9999.0 -9999.0 0.2 0.9 -9999.0 3.2 7.0 8.8 12.0 14.9 17.3 18.4 19.0 19.7 19.8 21.1 24.2 33.8 34.0 36.2 52.3 79.2 59.6 87.2 95.3 98.8 100.8 95.8 90.2 121.6 72.7 104.4 60.1 30.4 48.0 23.7 62.8 38.4 102.6 129.0 157.6 156.3 218.5 232.9 243.6 184.9 170.0 181.2 214.0 231.4 257.6 320.0 353.6 338.0 240.1 145.2 142.0 135.2 128.3 170.2
-9999.0 -9999.0 -9999.0 -9999.0 -9999.0 -9999.0 -9999.0 -9999.0 -9999.0 -9999.0 -9999.0 -9999.0 -9999.0 -9999.0 -9999.0 -9999.0 -9999.0 -9999.0 -9999.0 -9999.0 -9999.0 6.7 10.3 14.3 16.9 21.9 23.4 22.8 20.3 19.6 18.5 21.5 22.9 26.4 25.9 40.2 45.4 51.0 54.5 66.7 82.4 82.8 79.8 72.7 110.5 55.2 130.5 32.7 57.5 129.8 44.2 99.7 105.1 51.3 90.5 151.5 185.2 195.4 243.7 242.3 178.1 171.8 154.3 203.1 257.7 289.3 338.1 354.4 377.1 317.4 218.9 204.7 190.9 206.3 259.2
-9999.0 -9999.0 -9999.0 -9999.0 -9999.0 -9999.0 -9999.0 -9999.0 -9999.0 -9999.0 -9999.0 -9999.0 -9999.0 -9999.0 -9999.0 -9999.0 -9999.0 -9999.0 -9999.0 -9999.0 -9999.0 -9999.0 -9999.0 20.8 23.0 27.9 30.3 28.1 23.0 20.9 18.9 20.8 32.0 30.7 41.3 44.9 58.7 46.1 65.2 70.6 65.6 69.8 58.4 63.5 99.0 179.4 65.0 37.0 29.5 21.8 18.4 67.5 31.7 54.6 58.8 59.1 156.4 207.3 196.7 236.0 228.8 218.4 191.6 146.1 177.4 237.9 278.0 278.1 295.8 317.2 317.8 302.4 297.2 303.1 323.7
-9999.0 -9999.0 -9999.0 -9999.0 -9999.0 -9999.0 -9999.0 -9999.0 -9999.0 -9999.0 -9999.0 -9999.0 -9999.0 -9999.0 -9999.0 -9999.0 -9999.0 -9999.0 -9999.0 -9999.0 -9999.0 -9999.0 -9999.0 -9999.0 -9999.0 47.3 48.7 32.9 31.0 33.4 26.6 23.9 24.8 31.5 28.9 50.9 77.2 48.3 67.2 52.8 65.5 47.5 106.9 95.7 166.6 188.1 119.5 163.7 29.9 23.8 54.2 43.7 70.5 74.1 56.9 76.7 137.8 165.4 207.0 218.3 224.1 215.3 204.7 109.5 135.2 173.3 190.7 206.2 265.6 332.7 366.9 372.8 343.2 342.8 317.3
-9999.0 -9999.0 -9999.0 -9999.0 -9999.0 -9999.0 -9999.0 -9999.0 -9999.0 -9999.0 -9999.0 -9999.0 -9999.0 -9999.0 -9999.0 -9999.0 -9999.0 -9999.0 -9999.0 -9999.0 -9999.0 -9999.0 -9999.0 -9999.0 -9999.0 -9999.0 -9999.0 66.1 66.6 50.3 40.7 35.3 44.6 29.3 40.7 34.7 36.3 38.1 38.5 43.9 50.8 48.8 115.7 179.1 187.5 197.8 201.0 188.8 171.3 64.8 108.9 109.2 54.2 67.6 77.8 103.8 128.4 170.2 186.5 204.1 224.5 187.2 158.5 134.7 143.9 132.4 143.5 150.2 209.8 300.9 348.1 389.3 285.2 293.2 246.5
-9999.0 -9999.0 -9999.0 -9999.0 -9999.0 -9999.0 -9999.0 -9999.0 -9999.0 -9999.0 -9999.0 -9999.0 -9999.0 -9999.0 -9999.0 -9999.0 -9999.0 -9999.0 -9999.0 -9999.0 -9999.0 -9999.0 -9999.0 -9999.0 -9999.0 -9999.0 -9999.0 -9999.0 -9999.0 -9999.0 -9999.0 -9999.0 -9999.0 49.7 44.6 -9999.0 -9999.0 -9999.0 69.9 51.3 76.2 112.3 104.7 196.0 216.5 216.0 -9999.0 -9999.0 -9999.0 -9999.0 -9999.0 -9999.0 96.6 86.7 109.6 121.6 142.2 189.6 196.0 209.3 190.7 158.6 147.7 136.2 136.0 137.4 145.6 172.8 219.6 252.8 256.5 315.9 293.4 211.3 204.3
-9999.0 -9999.0 -9999.0 -9999.0 -9999.0 -9999.0 -9999.0 -9999.0 -9999.0 -9999.0 -9999.0 -9999.0 -9999.0 -9999.0 -9999.0 -9999.0 -9999.0 -9999.0 -9999.0 -9999.0 -9999.0 -9999.0 -9999.0 -9999.0 -9999.0 -9999.0 -9999.0 -9999.0 -9999.0 -9999.0 -9999.0 -9999.0 -9999.0 -9999.0 -9999.0 -9999.0 -9999.0 -9999.0 -9999.0 153.3 169.2 187.5 204.0 216.1 -9999.0 -9999.0 -9999.0 -9999.0 -9999.0 -9999.0 -9999.0 -9999.0 109.9 106.9 115.5 127.0 143.7 172.3 192.6 194.2 176.1 141.6 126.6 137.7 169.1 193.8 200.9 190.9 215.5 261.4 266.6 236.5 191.8 208.2 169.1
-9999.0 -9999.0 -9999.0 -9999.0 -9999.0 -9999.0 -9999.0 -9999.0 -9999.0 -9999.0 -9999.0 -9999.0 -9999.0 -9999.0 -9999.0 -9999.0 -9999.0 -9999.0 -9999.0 -9999.0 -9999.0 -9999.0 -9999.0 -9999.0 -9999.0 -9999.0 -9999.0 -9999.0 -9999.0 -9999.0 -9999.0 -9999.0 -9999.0 -9999.0 -9999.0 -9999.0 -9999.0 -9999.0 -9999.0 -9999.0 -9999.0 -9999.0 -9999.0 -9999.0 -9999.0 -9999.0 -9999.0 -9999.0 -9999.0 -9999.0 -9999.0 -9999.0 122.9 126.6 128.3 140.7 142.5 155.9 174.3 183.1 170.9 146.7 128.3 146.7 181.2 210.9 203.1 208.6 225.9 225.7 197.1 183.2 236.9 211.9 220.4
-9999.0 -9999.0 -9999.0 -9999.0 -9999.0 -9999.0 -9999.0 -9999.0 -9999.0 -9999.0 -9999.0 -9999.0 -9999.0 -9999.0 -9999.0 -9999.0 -9999.0 -9999.0 -9999.0 -9999.0 -9999.0 -9999.0 -9999.0 -9999.0 -9999.0 -9999.0 -9999.0 -9999.0 -9999.0 -9999.0 -9999.0 -9999.0 -9999.0 -9999.0 -9999.0 -9999.0 -9999.0 -9999.0 -9999.0 -9999.0 -9999.0 -9999.0 -9999.0 -9999.0 -9999.0 -9999.0 -9999.0 -9999.0 -9999.0 -9999.0 -9999.0 178.8 140.6 141.9 104.8 132.5 141.3 170.6 180.1 155.0 166.6 147.0 164.9 177.3 212.7 234.1 226.7 211.0 226.2 202.7 173.5 187.2 225.9 282.1 332.9
-9999.0 -9999.0 -9999.0 -9999.0 -9999.0 -9999.0 -9999.0 -9999.0 -9999.0 -9999.0 -9999.0 -9999.0 -9999.0 -9999.0 -9999.0 -9999.0 -9999.0 -9999.0 -9999.0 -9999.0 -9999.0 -9999.0 -9999.0 -9999.0 -9999.0 -9999.0 -9999.0 -9999.0 -9999.0 -9999.0 -9999.0 -9999.0 -9999.0 -9999.0 -9999.0 -9999.0 -9999.0 -9999.0 -9999.0 -9999.0 -9999.0 -9999.0 -9999.0 -9999.0 -9999.0 -9999.0 -9999.0 -9999.0 -9999.0 -9999.0 228.3 203.6 165.8 149.6 118.1 133.9 132.9 145.2 189.7 206.6 191.6 162.3 188.7 213.9 280.9 300.3 256.4 250.3 244.6 256.9 257.9 286.6 335.5 397.5 430.8
-9999.0 -9999.0 -9999.0 -9999.0 -9999.0 -9999.0 -9999.0 -9999.0 -9999.0 -9999.0 -9999.0 -9999.0 -9999.0 -9999.0 -9999.0 -9999.0 -9999.0 -9999.0 -9999.0 -9999.0 -9999.0 -9999.0 -9999.0 -9999.0 -9999.0 -9999.0 -9999.0 -9999.0 -9999.0 -9999.0 -9999.0 -9999.0 -9999.0 -9999.0 -9999.0 -9999.0 -9999.0 -9999.0 -9999.0 -9999.0 -9999.0 -9999.0 -9999.0 -9999.0 -9999.0 -9999.0 -9999.0 -9999.0 -9999.0 -9999.0 244.3 231.0 190.8 154.4 136.9 120.3 100.7 185.7 216.7 208.0 182.2 185.4 203.0 258.2 325.1 360.1 313.3 296.9 299.9 356.6 395.0 398.3 417.0 481.8 506.9
-9999.0 -9999.0 -9999.0 -9999.0 -9999.0 -9999.0 -9999.0 -9999.0 -9999.0 -9999.0 -9999.0 -9999.0 -9999.0 -9999.0 -9999.0 -9999.0 -9999.0 -9999.0 -9999.0 -9999.0 -9999.0 -9999.0 -9999.0 -9999.0 -9999.0 -9999.0 -9999.0 -9999.0 -9999.0 -9999.0 -9999.0 -9999.0 -9999.0 -9999.0 -9999.0 -9999.0 -9999.0 -9999.0 -9999.0 -9999.0 -9999.0 -9999.0 -9999.0 -9999.0 -9999.0 -9999.0 -9999.0 -9999.0 -9999.0 -9999.0 241.8 244.2 196.5 187.4 119.0 99.9 159.2 173.6 215.8 163.2 174.0 180.6 180.6 225.9 288.7 306.7 310.3 306.7 332.6 395.1 466.3 427.6 420.5 401.5 381.1
-9999.0 -9999.0 -9999.0 -9999.0 -9999.0 -9999.0 -9999.0 -9999.0 -9999.0 -9999.0 -9999.0 -9999.0 -9999.0 -9999.0 -9999.0 -9999.0 -9999.0 -9999.0 -9999.0 -9999.0 -9999.0 -9999.0 -9999.0 -9999.0 -9999.0 -9999.0 -9999.0 -9999.0 -9999.0 -9999.0 -9999.0 -9999.0 -9999.0 -9999.0 -9999.0 -9999.0 -9999.0 -9999.0 -9999.0 -9999.0 -9999.0 -9999.0 -9999.0 -9999.0 -9999.0 -9999.0 -9999.0 -9999.0 -9999.0 -9999.0 295.7 290.5 239.3 199.7 150.3 142.3 133.4 181.7 213.4 175.1 167.0 137.0 100.2 166.6 221.4 239.1 246.7 289.2 345.6 326.5 400.3 381.5 341.0 292.3 257.0
-9999.0 -9999.0 -9999.0 -9999.0 -9999.0 -9999.0 -9999.0 -9999.0 -9999.0 -9999.0 -9999.0 -9999.0 -9999.0 -9999.0 -9999.0 -9999.0 -9999.0 -9999.0 -9999.0 -9999.0 -9999.0 -9999.0 -9999.0 -9999.0 -9999.0 -9999.0 -9999.0 -9999.0 -9999.0 -9999.0 -9999.0 -9999.0 -9999.0 -9999.0 -9999.0 -9999.0 -9999.0 -9999.0 -9999.0 -9999.0 -9999.0 -9999.0 -9999.0 -9999.0 -9999.0 -9999.0 -9999.0 -9999.0 -9999.0 -9999.0 -9999.0 -9999.0 -9999.0 233.0 183.9 148.7 158.9 197.2 227.1 214.4 244.9 126.2 158.2 165.5 193.4 215.0 239.2 282.9 341.6 331.6 278.9 255.3 239.2 231.0 227.3
-9999.0 -9999.0 -9999.0 -9999.0 -9999.0 -9999.0 -9999.0 -9999.0 -9999.0 -9999.0 -9999.0 -9999.0 -9999.0 -9999.0 -9999.0 -9999.0 -9999.0 -9999.0 -9999.0 -9999.0 -9999.0 -9999.0 -9999.0 -9999.0 -9999.0 -9999.0 -9999.0 -9999.0 -9999.0 -9999.0 -9999.0 -9999.0 -9999.0 -9999.0 -9999.0 -9999.0 -9999.0 -9999.0 -9999.0 -9999.0 -9999.0 -9999.0 -9999.0 -9999.0 -9999.0 -9999.0 -9999.0 -9999.0 -9999.0 -9999.0 -9999.0 -9999.0 -9999.0 289.1 234.6 220.6 174.7 180.1 228.1 301.0 271.5 220.9 256.7 250.9 249.7 246.0 238.9 289.9 252.1 229.1 200.3 224.7 244.0 270.9 297.5
-9999.0 -9999.0 -9999.0 -9999.0 -9999.0 -9999.0 -9999.0 -9999.0 -9999.0 -9999.0 -9999.0 -9999.0 -9999.0 -9999.0 -9999.0 -9999.0 -9999.0 -9999.0 -9999.0 -9999.0 -9999.0 -9999.0 -9999.0 -9999.0 -9999.0 -9999.0 -9999.0 -9999.0 -9999.0 -9999.0 -9999.0 -9999.0 -9999.0 -9999.0 -9999.0 -9999.0 -9999.0 -9999.0 -9999.0 -9999.0 -9999.0 -9999.0 -9999.0 -9999.0 -9999.0 -9999.0 -9999.0 -9999.0 -9999.0 -9999.0 -9999.0 -9999.0 -9999.0 336.9 248.9 237.8 186.8 164.7 220.1 292.0 374.5 375.7 387.6 349.4 313.1 -9999.0 -9999.0 -9999.0 251.3 213.0 256.8 341.3 406.5 429.9 396.7
-9999.0 -9999.0 -9999.0 -9999.0 -9999.0 -9999.0 -9999.0 -9999.0 -9999.0 -9999.0 -9999.0 -9999.0 -9999.0 -9999.0 -9999.0 -9999.0 -9999.0 -9999.0 -9999.0 -9999.0 -9999.0 -9999.0 -9999.0 -9999.0 -9999.0 -9999.0 -9999.0 -9999.0 -9999.0 -9999.0 -9999.0 -9999.0 -9999.0 -9999.0 -9999.0 -9999.0 -9999.0 -9999.0 -9999.0 -9999.0 -9999.0 -9999.0 -9999.0 -9999.0 -9999.0 -9999.0 -9999.0 -9999.0 -9999.0 -9999.0 -9999.0 -9999.0 -9999.0 -9999.0 306.9 243.0 158.1 136.0 230.4 349.0 326.4 -9999.0 -9999.0 -9999.0 -9999.0 -9999.0 -9999.0 -9999.0 242.5 284.5 380.8 522.9 600.4 537.7 426.9
-9999.0 -9999.0 -9999.0 -9999.0 -9999.0 -9999.0 -9999.0 -9999.0 -9999.0 -9999.0 -9999.0 -9999.0 -9999.0 -9999.0 -9999.0 -9999.0 -9999.0 -9999.0 -9999.0 -9999.0 -9999.0 -9999.0 -9999.0 -9999.0 -9999.0 -9999.0 -9999.0 -9999.0 -9999.0 -9999.0 -9999.0 -9999.0 -9999.0 -9999.0 -9999.0 -9999.0 -9999.0 -9999.0 -9999.0 -9999.0 -9999.0 -9999.0 -9999.0 -9999.0 -9999.0 -9999.0 -9999.0 -9999.0 -9999.0 -9999.0 -9999.0 -9999.0 -9999.0 -9999.0 -9999.0 237.8 262.7 191.3 205.8 314.4 371.2 -9999.0 -9999.0 -9999.0 -9999.0 -9999.0 -9999.0 -9999.0 -9999.0 -9999.0 452.9 -9999.0 -9999.0 -9999.0 -9999.0
