program/excelProcessViaJava/data/SURF_CLI_CHN_PRE_MON_GRID_0.5-201511.txt
NCOLS      128
NROWS       72
XLLCORNER    72.000000000000    
YLLCORNER    18.000000000000    
CELLSIZE    0.50000000000000    
NODATA_VALUE   -9999.000    
[rows 35 to 69 of 72, columns 0 to 78 of 128]
-9999.0 -9999.0 -9999.0 -9999.0 -9999.0 0.4 61.0 12.1 19.7 8.9 27.9 22.0 4.7 5.1 3.5 0.1 0.2 0.1 0.1 0.1 0.1 0.2 0.2 0.1 0.1 0.0 0.1 0.1 0.1 0.2 0.2 0.2 0.3 0.4 1.1 0.9 2.7 2.5 5.1 5.7 1.2 5.8 3.5 0.9 0.3 0.2 0.3 0.3 0.6 1.3 2.5 4.0 5.7 11.5 10.8 5.4 4.7 5.2 13.5 8.1 13.1 8.2 6.6 7.8 13.0 12.1 17.2 20.7 22.9 30.0 38.9 48.0 51.1 50.6 50.7 48.2 46.9 42.2 43.7
-9999.0 -9999.0 -9999.0 -9999.0 -9999.0 -9999.0 -9999.0 45.7 6.1 17.3 20.2 9.0 10.4 16.4 5.5 15.1 2.1 1.0 3.0 0.3 0.2 0.4 0.2 0.1 0.1 0.1 0.1 0.1 0.1 0.1 0.2 0.2 0.3 0.8 0.6 1.1 1.3 2.7 3.2 3.0 3.2 2.7 2.5 4.8 0.6 0.2 0.3 0.4 1.9 2.0 6.9 6.8 4.5 6.1 10.8 5.2 6.4 10.5 13.9 14.1 11.6 11.6 9.2 12.0 13.0 15.5 18.2 20.1 25.3 32.0 40.1 43.5 44.6 45.1 48.3 44.6 42.2 44.9 60.4
-9999.0 -9999.0 -9999.0 -9999.0 -9999.0 -9999.0 -9999.0 12.6 0.3 14.4 10.5 6.2 13.7 9.6 4.5 2.2 3.3 11.2 2.3 4.5 1.0 0.3 0.2 0.2 0.1 0.1 0.1 0.1 0.1 0.2 0.1 0.1 0.2 0.4 0.3 0.5 0.8 1.6 1.8 2.6 2.1 2.3 1.5 0.8 1.0 0.7 0.7 0.9 1.8 2.9 5.4 5.0 4.5 4.5 9.3 5.1 6.0 9.8 12.8 12.5 11.4 11.2 11.7 13.0 15.2 15.8 16.6 17.6 23.3 29.9 35.9 38.3 40.3 42.2 43.7 47.4 47.2 50.2 61.8
-9999.0 -9999.0 -9999.0 -9999.0 -9999.0 -9999.0 -9999.0 -9999.0 -9999.0 -9999.0 7.6 16.5 2.2 12.2 5.3 5.4 3.2 1.8 1.1 1.1 1.5 0.5 0.4 0.2 0.4 0.2 0.2 0.2 0.2 0.1 0.1 0.3 0.2 0.3 0.3 1.1 0.7 1.1 4.5 2.2 3.2 1.9 1.0 0.6 1.8 0.5 2.3 1.4 3.1 4.1 3.6 4.2 4.5 6.5 10.4 7.8 6.2 8.8 9.9 10.0 9.7 8.8 8.8 10.6 11.8 12.5 12.4 15.3 20.0 26.3 34.0 39.4 42.8 44.4 43.1 44.9 46.1 47.2 51.6
-9999.0 -9999.0 -9999.0 -9999.0 -9999.0 -9999.0 -9999.0 -9999.0 -9999.0 -9999.0 -9999.0 4.2 2.6 1.9 6.9 2.6 8.8 2.6 1.9 4.4 0.5 0.5 0.4 0.3 1.9 0.2 0.1 0.2 0.2 0.3 0.2 0.2 0.2 0.3 0.4 0.4 1.9 1.0 0.9 0.9 1.0 1.0 0.8 1.1 0.9 1.3 2.3 1.2 2.7 4.5 8.7 8.1 5.7 5.0 7.4 9.4 9.3 11.1 6.8 8.5 7.5 8.0 7.9 7.5 8.4 11.1 13.4 16.6 20.4 26.5 35.9 43.8 40.5 39.4 45.7 46.1 52.4 45.8 42.4
-9999.0 -9999.0 -9999.0 -9999.0 -9999.0 -9999.0 -9999.0 -9999.0 -9999.0 -9999.0 -9999.0 -9999.0 14.4 1.0 0.4 3.2 0.5 0.9 2.8 1.5 1.0 1.2 0.7 0.3 0.2 0.2 0.2 0.1 0.2 0.1 0.2 0.3 0.2 0.2 0.3 0.3 1.0 1.3 1.1 1.0 0.6 0.6 1.7 0.7 1.7 3.4 2.1 2.2 1.8 5.3 5.8 7.1 4.7 7.1 5.8 9.5 7.3 7.8 5.1 5.3 5.8 6.4 7.0 8.2 5.7 8.0 11.3 17.0 21.4 28.9 42.2 55.3 61.8 60.7 59.0 55.8 51.7 43.8 38.8
-9999.0 -9999.0 -9999.0 -9999.0 -9999.0 -9999.0 -9999.0 -9999.0 -9999.0 -9999.0 -9999.0 -9999.0 2.5 2.8 7.2 0.4 1.6 0.6 0.5 0.5 0.7 0.3 0.7 0.3 0.3 0.6 0.5 0.7 0.3 0.2 0.2 0.1 0.3 0.3 0.2 0.2 0.3 0.6 3.9 1.6 1.2 1.6 1.4 3.4 2.4 2.4 4.8 7.5 9.0 8.7 8.0 4.6 3.9 14.9 12.3 10.8 7.5 7.7 10.8 6.0 5.7 5.9 6.5 4.9 5.8 7.0 13.1 24.6 34.0 37.3 30.5 41.6 61.3 63.6 66.1 54.3 48.3 43.3 43.3
-9999.0 -9999.0 -9999.0 -9999.0 -9999.0 -9999.0 -9999.0 -9999.0 -9999.0 -9999.0 -9999.0 4.7 3.4 9.2 5.1 0.9 4.7 1.6 1.3 0.3 0.3 0.3 0.4 0.3 0.3 0.6 0.4 0.3 0.2 0.2 0.2 0.1 0.3 0.2 0.2 0.2 0.5 0.3 0.3 0.5 2.8 5.6 8.2 2.2 4.6 6.8 7.3 6.7 8.9 9.1 11.9 14.0 5.9 9.8 8.1 8.6 11.4 2.7 5.2 3.7 5.2 7.4 6.7 8.6 5.5 8.1 23.4 30.4 41.1 50.9 60.3 59.6 45.6 24.8 23.7 28.7 35.3 42.9 42.4
-9999.0 -9999.0 -9999.0 -9999.0 -9999.0 -9999.0 -9999.0 -9999.0 -9999.0 -9999.0 -9999.0 6.6 7.5 0.4 0.8 10.4 5.7 0.5 0.5 1.1 0.4 0.7 0.6 0.5 0.3 0.3 0.3 0.3 0.2 0.2 0.2 0.2 0.3 0.1 0.1 0.2 0.2 0.3 0.3 0.2 0.4 0.4 1.0 2.8 5.7 10.1 17.6 17.8 16.3 6.7 5.5 9.5 4.1 3.4 5.0 4.6 7.1 7.5 4.3 7.8 10.3 13.8 7.2 5.7 6.1 21.8 19.0 25.4 24.9 29.7 39.2 45.0 43.6 60.3 66.9 37.4 30.7 32.7 32.9
-9999.0 -9999.0 -9999.0 -9999.0 -9999.0 -9999.0 -9999.0 -9999.0 -9999.0 -9999.0 -9999.0 -9999.0 0.2 3.5 0.3 0.6 0.5 4.1 1.2 1.2 3.1 2.9 0.9 1.2 0.7 1.1 0.6 0.9 0.3 0.2 0.2 0.3 0.2 0.1 0.1 0.2 0.3 0.5 0.5 0.9 0.6 0.3 4.7 1.0 7.0 17.9 24.1 19.4 11.4 8.9 7.2 2.6 18.7 19.8 9.9 3.0 5.8 7.1 7.8 5.0 7.1 9.6 23.4 6.9 9.1 26.0 22.0 18.1 17.2 22.1 30.7 53.0 59.6 75.9 107.0 64.8 65.9 32.7 30.4
-9999.0 -9999.0 -9999.0 -9999.0 -9999.0 -9999.0 -9999.0 -9999.0 -9999.0 -9999.0 -9999.0 -9999.0 1.5 13.7 7.4 0.7 1.1 0.7 2.3 2.9 7.8 1.9 2.6 2.8 0.9 0.9 0.6 0.4 0.4 0.2 0.4 0.3 0.3 0.2 0.3 0.9 1.4 1.4 2.0 1.5 1.4 8.2 13.5 11.9 7.4 12.4 21.7 11.3 20.3 14.0 3.6 9.9 5.2 1.3 8.8 9.3 2.4 2.9 6.2 16.6 14.0 45.8 20.4 4.7 18.4 17.4 15.4 14.5 18.5 25.2 35.0 41.6 58.6 38.7 57.9 49.1 50.1 45.7 40.8
-9999.0 -9999.0 -9999.0 -9999.0 -9999.0 -9999.0 -9999.0 -9999.0 -9999.0 -9999.0 -9999.0 -9999.0 -9999.0 0.1 6.0 0.9 5.6 0.7 1.1 2.0 7.2 5.8 5.4 3.2 0.9 1.1 0.9 0.5 0.4 1.4 0.8 0.6 0.4 0.4 1.0 1.5 1.9 3.5 6.1 12.7 6.9 9.2 12.1 14.9 31.2 19.1 20.4 11.1 11.8 8.3 9.2 0.6 3.6 7.7 10.9 6.4 1.9 2.4 7.1 1.8 15.0 4.5 5.2 21.2 15.7 11.3 10.4 15.3 23.2 31.0 34.8 39.9 44.5 50.5 58.3 70.0 73.6 68.7 76.3
-9999.0 -9999.0 -9999.0 -9999.0 -9999.0 -9999.0 -9999.0 -9999.0 -9999.0 -9999.0 -9999.0 -9999.0 -9999.0 -9999.0 0.2 1.3 0.8 2.1 1.3 1.0 4.8 2.6 2.2 2.4 2.6 1.9 3.8 1.4 2.3 0.5 0.7 0.6 1.4 1.3 1.1 3.4 5.9 3.7 7.7 10.7 17.6 21.4 20.9 18.5 9.3 8.1 16.8 7.1 11.0 1.4 2.3 10.6 1.4 1.8 0.3 2.2 2.6 0.2 9.4 17.7 1.4 3.1 32.5 26.9 16.4 10.4 11.5 19.8 27.5 26.2 26.6 30.5 46.5 50.3 57.6 80.1 85.2 84.5 85.3
-9999.0 -9999.0 -9999.0 -9999.0 -9999.0 -9999.0 -9999.0 -9999.0 -9999.0 -9999.0 -9999.0 -9999.0 -9999.0 -9999.0 -9999.0 -9999.0 -9999.0 0.3 0.2 0.3 0.6 3.5 1.6 1.6 3.1 2.2 4.6 2.0 0.7 1.2 0.6 0.4 1.9 0.5 0.4 1.2 5.7 1.2 7.9 13.2 18.8 27.2 23.9 18.4 3.5 7.8 11.9 20.5 5.1 5.0 0.3 0.4 0.2 1.2 2.0 2.6 0.7 6.2 7.9 14.9 0.3 6.8 36.0 38.0 15.7 8.4 12.2 18.6 22.9 20.7 17.7 40.5 47.9 40.1 57.1 81.9 93.9 94.7 94.5
-9999.0 -9999.0 -9999.0 -9999.0 -9999.0 -9999.0 -9999.0 -9999.0 -9999.0 -9999.0 -9999.0 -9999.0 -9999.0 -9999.0 -9999.0 -9999.0 -9999.0 -9999.0 -9999.0 -9999.0 0.5 1.6 3.0 7.3 3.4 1.4 1.2 0.9 0.8 0.4 0.4 0.3 0.4 0.5 0.4 0.7 0.8 1.6 3.5 4.5 7.1 27.0 29.1 23.3 3.2 12.3 13.0 7.4 17.4 74.3 1.7 9.9 5.5 0.3 0.6 2.9 4.0 1.8 22.4 10.0 0.2 2.0 21.2 26.9 19.2 12.4 16.3 18.8 21.4 19.9 22.1 37.3 38.9 40.1 56.3 77.8 94.4 100.4 97.4
-9999.0 -9999.0 -9999.0 -9999.0 -9999.0 -9999.0 -9999.0 -9999.0 -9999.0 -9999.0 -9999.0 -9999.0 -9999.0 -9999.0 -9999.0 -9999.0 -9999.0 -9999.0 -9999.0 -9999.0 -9999.0 -9999.0 5.6 1.0 2.1 1.7 1.4 1.2 1.6 0.5 0.5 0.6 2.0 0.9 1.3 1.0 1.8 1.2 6.1 12.9 18.3 25.7 19.7 9.9 3.1 11.3 7.1 6.7 5.7 3.6 1.0 4.1 0.5 0.7 0.4 0.2 1.5 8.1 0.2 9.9 0.5 2.8 5.1 7.9 10.6 18.5 23.5 21.1 21.1 21.5 34.8 36.6 41.4 53.4 63.3 76.0 88.0 92.9 96.6
-9999.0 -9999.0 -9999.0 -9999.0 -9999.0 -9999.0 -9999.0 -9999.0 -9999.0 -9999.0 -9999.0 -9999.0 -9999.0 -9999.0 -9999.0 -9999.0 -9999.0 -9999.0 -9999.0 -9999.0 -9999.0 -9999.0 -9999.0 -9999.0 3.0 1.6 1.2 6.5 3.5 5.8 1.3 0.4 0.4 0.6 0.3 1.0 4.2 0.9 4.6 6.5 15.2 15.0 1.3 2.1 4.2 11.4 8.3 20.8 5.5 3.2 6.9 2.5 4.0 2.4 0.7 0.3 0.9 0.6 8.2 8.4 6.5 5.6 35.5 7.2 9.1 18.7 18.9 16.4 24.5 32.6 29.4 34.0 41.7 61.2 71.8 72.9 79.4 92.3 121.3
-9999.0 -9999.0 -9999.0 -9999.0 -9999.0 -9999.0 -9999.0 -9999.0 -9999.0 -9999.0 -9999.0 -9999.0 -9999.0 -9999.0 -9999.0 -9999.0 -9999.0 -9999.0 -9999.0 -9999.0 -9999.0 -9999.0 -9999.0 -9999.0 -9999.0 3.6 1.8 1.9 1.4 0.5 0.4 0.3 1.5 0.2 0.3 0.1 0.2 0.2 0.3 2.0 6.2 3.9 0.8 2.6 5.2 10.7 18.4 22.4 23.7 6.7 13.3 12.0 3.4 3.1 1.6 1.1 0.3 0.3 5.0 2.0 0.3 7.1 0.3 0.7 3.5 4.9 10.8 13.9 15.2 20.8 25.4 39.1 39.4 59.8 66.0 74.3 102.7 122.8 136.9
-9999.0 -9999.0 -9999.0 -9999.0 -9999.0 -9999.0 -9999.0 -9999.0 -9999.0 -9999.0 -9999.0 -9999.0 -9999.0 -9999.0 -9999.0 -9999.0 -9999.0 -9999.0 -9999.0 -9999.0 -9999.0 -9999.0 -9999.0 -9999.0 -9999.0 -9999.0 -9999.0 5.4 3.8 0.8 1.7 0.6 0.3 0.1 0.1 0.1 -9999.0 0.0 0.1 0.3 0.3 0.3 0.6 3.2 8.2 11.3 14.7 -9999.0 -9999.0 12.6 19.7 19.8 9.1 6.1 5.9 2.9 1.1 0.7 0.9 0.8 1.6 6.5 1.2 1.2 1.5 4.1 7.9 11.9 16.0 21.3 28.2 41.9 56.6 58.6 83.0 94.0 144.6 163.6 191.8
-9999.0 -9999.0 -9999.0 -9999.0 -9999.0 -9999.0 -9999.0 -9999.0 -9999.0 -9999.0 -9999.0 -9999.0 -9999.0 -9999.0 -9999.0 -9999.0 -9999.0 -9999.0 -9999.0 -9999.0 -9999.0 -9999.0 -9999.0 -9999.0 -9999.0 -9999.0 -9999.0 -9999.0 -9999.0 -9999.0 -9999.0 -9999.0 -9999.0 1.4 0.7 -9999.0 -9999.0 -9999.0 -9999.0 0.8 1.0 1.7 2.8 4.3 5.8 -9999.0 -9999.0 -9999.0 -9999.0 -9999.0 -9999.0 -9999.0 11.8 11.5 9.3 7.4 4.3 2.8 2.3 1.9 1.9 5.4 7.3 3.1 4.7 7.1 11.7 14.7 20.8 31.3 44.5 57.5 64.8 86.2 104.8 144.6 194.4 239.0 264.2
-9999.0 -9999.0 -9999.0 -9999.0 -9999.0 -9999.0 -9999.0 -9999.0 -9999.0 -9999.0 -9999.0 -9999.0 -9999.0 -9999.0 -9999.0 -9999.0 -9999.0 -9999.0 -9999.0 -9999.0 -9999.0 -9999.0 -9999.0 -9999.0 -9999.0 -9999.0 -9999.0 -9999.0 -9999.0 -9999.0 -9999.0 -9999.0 -9999.0 -9999.0 -9999.0 -9999.0 -9999.0 -9999.0 -9999.0 0.6 0.8 0.9 0.9 2.5 -9999.0 -9999.0 -9999.0 -9999.0 -9999.0 -9999.0 -9999.0 -9999.0 16.5 17.4 15.5 14.5 9.6 7.0 6.2 6.8 6.5 8.5 40.1 9.0 10.3 12.2 18.8 25.1 32.6 43.6 60.5 81.9 113.5 122.6 157.6 229.7 276.3 321.5 322.9
-9999.0 -9999.0 -9999.0 -9999.0 -9999.0 -9999.0 -9999.0 -9999.0 -9999.0 -9999.0 -9999.0 -9999.0 -9999.0 -9999.0 -9999.0 -9999.0 -9999.0 -9999.0 -9999.0 -9999.0 -9999.0 -9999.0 -9999.0 -9999.0 -9999.0 -9999.0 -9999.0 -9999.0 -9999.0 -9999.0 -9999.0 -9999.0 -9999.0 -9999.0 -9999.0 -9999.0 -9999.0 -9999.0 -9999.0 -9999.0 -9999.0 -9999.0 -9999.0 -9999.0 -9999.0 -9999.0 -9999.0 -9999.0 -9999.0 -9999.0 -9999.0 9.9 11.9 20.2 14.2 17.6 14.9 15.4 13.6 13.6 24.8 25.0 16.4 14.2 15.4 21.2 37.4 72.8 54.7 66.6 85.3 114.4 148.9 191.1 241.9 323.6 340.7 387.9 351.7
-9999.0 -9999.0 -9999.0 -9999.0 -9999.0 -9999.0 -9999.0 -9999.0 -9999.0 -9999.0 -9999.0 -9999.0 -9999.0 -9999.0 -9999.0 -9999.0 -9999.0 -9999.0 -9999.0 -9999.0 -9999.0 -9999.0 -9999.0 -9999.0 -9999.0 -9999.0 -9999.0 -9999.0 -9999.0 -9999.0 -9999.0 -9999.0 -9999.0 -9999.0 -9999.0 -9999.0 -9999.0 -9999.0 -9999.0 -9999.0 -9999.0 -9999.0 -9999.0 -9999.0 -9999.0 -9999.0 -9999.0 -9999.0 -9999.0 -9999.0 10.6 7.4 12.3 19.1 17.4 21.7 17.2 16.2 22.4 33.6 34.4 41.8 28.7 24.6 25.0 37.5 51.1 86.3 80.1 98.9 118.6 168.1 214.1 242.0 277.4 314.3 407.2 350.2 348.0
-9999.0 -9999.0 -9999.0 -9999.0 -9999.0 -9999.0 -9999.0 -9999.0 -9999.0 -9999.0 -9999.0 -9999.0 -9999.0 -9999.0 -9999.0 -9999.0 -9999.0 -9999.0 -9999.0 -9999.0 -9999.0 -9999.0 -9999.0 -9999.0 -9999.0 -9999.0 -9999.0 -9999.0 -9999.0 -9999.0 -9999.0 -9999.0 -9999.0 -9999.0 -9999.0 -9999.0 -9999.0 -9999.0 -9999.0 -9999.0 -9999.0 -9999.0 -9999.0 -9999.0 -9999.0 -9999.0 -9999.0 -9999.0 -9999.0 -9999.0 8.5 8.3 8.7 16.3 23.0 24.1 22.0 33.7 41.9 44.6 45.2 46.9 38.2 36.6 40.4 57.2 75.9 110.7 111.7 121.4 149.8 203.8 255.7 285.1 304.2 323.3 314.8 331.2 305.4
-9999.0 -9999.0 -9999.0 -9999.0 -9999.0 -9999.0 -9999.0 -9999.0 -9999.0 -9999.0 -9999.0 -9999.0 -9999.0 -9999.0 -9999.0 -9999.0 -9999.0 -9999.0 -9999.0 -9999.0 -9999.0 -9999.0 -9999.0 -9999.0 -9999.0 -9999.0 -9999.0 -9999.0 -9999.0 -9999.0 -9999.0 -9999.0 -9999.0 -9999.0 -9999.0 -9999.0 -9999.0 -9999.0 -9999.0 -9999.0 -9999.0 -9999.0 -9999.0 -9999.0 -9999.0 -9999.0 -9999.0 -9999.0 -9999.0 -9999.0 9.9 8.1 13.5 22.6 25.1 31.9 46.0 46.3 59.3 53.1 59.9 61.1 52.4 47.0 54.5 62.6 82.8 108.7 119.6 136.1 160.4 206.4 263.9 264.9 265.9 249.0 229.8 250.2 239.3
-9999.0 -9999.0 -9999.0 -9999.0 -9999.0 -9999.0 -9999.0 -9999.0 -9999.0 -9999.0 -9999.0 -9999.0 -9999.0 -9999.0 -9999.0 -9999.0 -9999.0 -9999.0 -9999.0 -9999.0 -9999.0 -9999.0 -9999.0 -9999.0 -9999.0 -9999.0 -9999.0 -9999.0 -9999.0 -9999.0 -9999.0 -9999.0 -9999.0 -9999.0 -9999.0 -9999.0 -9999.0 -9999.0 -9999.0 -9999.0 -9999.0 -9999.0 -9999.0 -9999.0 -9999.0 -9999.0 -9999.0 -9999.0 -9999.0 -9999.0 6.4 10.3 17.5 25.9 37.0 48.8 63.5 63.6 69.1 63.3 72.6 66.6 52.9 57.6 67.9 75.7 97.8 123.2 150.9 115.5 150.2 184.5 215.4 214.6 208.1 188.4 178.0 185.1 173.8
-9999.0 -9999.0 -9999.0 -9999.0 -9999.0 -9999.0 -9999.0 -9999.0 -9999.0 -9999.0 -9999.0 -9999.0 -9999.0 -9999.0 -9999.0 -9999.0 -9999.0 -9999.0 -9999.0 -9999.0 -9999.0 -9999.0 -9999.0 -9999.0 -9999.0 -9999.0 -9999.0 -9999.0 -9999.0 -9999.0 -9999.0 -9999.0 -9999.0 -9999.0 -9999.0 -9999.0 -9999.0 -9999.0 -9999.0 -9999.0 -9999.0 -9999.0 -9999.0 -9999.0 -9999.0 -9999.0 -9999.0 -9999.0 -9999.0 -9999.0 8.4 17.0 23.2 38.4 55.9 72.9 76.6 75.7 61.7 62.9 113.7 71.8 92.5 77.5 77.9 83.2 119.3 131.7 165.7 152.7 125.1 123.6 135.1 147.6 159.4 160.8 150.8 135.6 110.4
-9999.0 -9999.0 -9999.0 -9999.0 -9999.0 -9999.0 -9999.0 -9999.0 -9999.0 -9999.0 -9999.0 -9999.0 -9999.0 -9999.0 -9999.0 -9999.0 -9999.0 -9999.0 -9999.0 -9999.0 -9999.0 -9999.0 -9999.0 -9999.0 -9999.0 -9999.0 -9999.0 -9999.0 -9999.0 -9999.0 -9999.0 -9999.0 -9999.0 -9999.0 -9999.0 -9999.0 -9999.0 -9999.0 -9999.0 -9999.0 -9999.0 -9999.0 -9999.0 -9999.0 -9999.0 -9999.0 -9999.0 -9999.0 -9999.0 -9999.0 -9999.0 -9999.0 -9999.0 42.9 60.6 79.5 81.0 65.9 59.7 90.5 75.8 81.4 128.6 88.8 85.7 91.6 94.0 164.0 138.1 120.3 84.4 82.7 101.1 126.7 145.7 148.1 135.8 93.8 58.8
-9999.0 -9999.0 -9999.0 -9999.0 -9999.0 -9999.0 -9999.0 -9999.0 -9999.0 -9999.0 -9999.0 -9999.0 -9999.0 -9999.0 -9999.0 -9999.0 -9999.0 -9999.0 -9999.0 -9999.0 -9999.0 -9999.0 -9999.0 -9999.0 -9999.0 -9999.0 -9999.0 -9999.0 -9999.0 -9999.0 -9999.0 -9999.0 -9999.0 -9999.0 -9999.0 -9999.0 -9999.0 -9999.0 -9999.0 -9999.0 -9999.0 -9999.0 -9999.0 -9999.0 -9999.0 -9999.0 -9999.0 -9999.0 -9999.0 -9999.0 -9999.0 -9999.0 -9999.0 46.2 57.1 81.3 86.3 69.3 61.2 58.7 91.3 109.3 157.5 160.6 86.5 92.6 -9999.0 143.2 152.0 102.1 77.8 91.0 135.8 175.5 157.5 132.4 106.1 61.3 69.6
-9999.0 -9999.0 -9999.0 -9999.0 -9999.0 -9999.0 -9999.0 -9999.0 -9999.0 -9999.0 -9999.0 -9999.0 -9999.0 -9999.0 -9999.0 -9999.0 -9999.0 -9999.0 -9999.0 -9999.0 -9999.0 -9999.0 -9999.0 -9999.0 -9999.0 -9999.0 -9999.0 -9999.0 -9999.0 -9999.0 -9999.0 -9999.0 -9999.0 -9999.0 -9999.0 -9999.0 -9999.0 -9999.0 -9999.0 -9999.0 -9999.0 -9999.0 -9999.0 -9999.0 -9999.0 -9999.0 -9999.0 -9999.0 -9999.0 -9999.0 -9999.0 -9999.0 -9999.0 54.2 66.8 82.3 75.0 62.9 76.7 96.7 70.6 113.1 122.5 -9999.0 -9999.0 -9999.0 -9999.0 -9999.0 117.2 112.6 110.8 101.1 150.7 180.0 148.3 123.6 92.0 50.3 30.4
-9999.0 -9999.0 -9999.0 -9999.0 -9999.0 -9999.0 -9999.0 -9999.0 -9999.0 -9999.0 -9999.0 -9999.0 -9999.0 -9999.0 -9999.0 -9999.0 -9999.0 -9999.0 -9999.0 -9999.0 -9999.0 -9999.0 -9999.0 -9999.0 -9999.0 -9999.0 -9999.0 -9999.0 -9999.0 -9999.0 -9999.0 -9999.0 -9999.0 -9999.0 -9999.0 -9999.0 -9999.0 -9999.0 -9999.0 -9999.0 -9999.0 -9999.0 -9999.0 -9999.0 -9999.0 -9999.0 -9999.0 -9999.0 -9999.0 -9999.0 -9999.0 -9999.0 -9999.0 -9999.0 -9999.0 81.1 118.8 88.9 73.7 90.7 91.9 -9999.0 -9999.0 -9999.0 -9999.0 -9999.0 -9999.0 -9999.0 -9999.0 94.8 85.9 83.2 98.3 97.9 94.4 114.8 107.8 66.2 43.0
-9999.0 -9999.0 -9999.0 -9999.0 -9999.0 -9999.0 -9999.0 -9999.0 -9999.0 -9999.0 -9999.0 -9999.0 -9999.0 -9999.0 -9999.0 -9999.0 -9999.0 -9999.0 -9999.0 -9999.0 -9999.0 -9999.0 -9999.0 -9999.0 -9999.0 -9999.0 -9999.0 -9999.0 -9999.0 -9999.0 -9999.0 -9999.0 -9999.0 -9999.0 -9999.0 -9999.0 -9999.0 -9999.0 -9999.0 -9999.0 -9999.0 -9999.0 -9999.0 -9999.0 -9999.0 -9999.0 -9999.0 -9999.0 -9999.0 -9999.0 -9999.0 -9999.0 -9999.0 -9999.0 -9999.0 -9999.0 55.9 87.4 101.5 89.2 105.4 -9999.0 -9999.0 -9999.0 -9999.0 -9999.0 -9999.0 -9999.0 -9999.0 -9999.0 -9999.0 -9999.0 55.1 49.5 61.1 102.8 120.0 90.1 65.8
-9999.0 -9999.0 -9999.0 -9999.0 -9999.0 -9999.0 -9999.0 -9999.0 -9999.0 -9999.0 -9999.0 -9999.0 -9999.0 -9999.0 -9999.0 -9999.0 -9999.0 -9999.0 -9999.0 -9999.0 -9999.0 -9999.0 -9999.0 -9999.0 -9999.0 -9999.0 -9999.0 -9999.0 -9999.0 -9999.0 -9999.0 -9999.0 -9999.0 -9999.0 -9999.0 -9999.0 -9999.0 -9999.0 -9999.0 -9999.0 -9999.0 -9999.0 -9999.0 -9999.0 -9999.0 -9999.0 -9999.0 -9999.0 -9999.0 -9999.0 -9999.0 -9999.0 -9999.0 -9999.0 -9999.0 -9999.0 -9999.0 -9999.0 -9999.0 -9999.0 -9999.0 -9999.0 -9999.0 -9999.0 -9999.0 -9999.0 -9999.0 -9999.0 -9999.0 -9999.0 -9999.0 -9999.0 -9999.0 38.5 54.3 88.4 108.9 98.6 85.1
-9999.0 -9999.0 -9999.0 -9999.0 -9999.0 -9999.0 -9999.0 -9999.0 -9999.0 -9999.0 -9999.0 -9999.0 -9999.0 -9999.0 -9999.0 -9999.0 -9999.0 -9999.0 -9999.0 -9999.0 -9999.0 -9999.0 -9999.0 -9999.0 -9999.0 -9999.0 -9999.0 -9999.0 -9999.0 -9999.0 -9999.0 -9999.0 -9999.0 -9999.0 -9999.0 -9999.0 -9999.0 -9999.0 -9999.0 -9999.0 -9999.0 -9999.0 -9999.0 -9999.0 -9999.0 -9999.0 -9999.0 -9999.0 -9999.0 -9999.0 -9999.0 -9999.0 -9999.0 -9999.0 -9999.0 -9999.0 -9999.0 -9999.0 -9999.0 -9999.0 -9999.0 -9999.0 -9999.0 -9999.0 -9999.0 -9999.0 -9999.0 -9999.0 -9999.0 -9999.0 -9999.0 -9999.0 35.8 38.1 53.1 80.6 101.3 103.3 103.7
-9999.0 -9999.0 -9999.0 -9999.0 -9999.0 -9999.0 -9999.0 -9999.0 -9999.0 -9999.0 -9999.0 -9999.0 -9999.0 -9999.0 -9999.0 -9999.0 -9999.0 -9999.0 -9999.0 -9999.0 -9999.0 -9999.0 -9999.0 -9999.0 -9999.0 -9999.0 -9999.0 -9999.0 -9999.0 -9999.0 -9999.0 -9999.0 -9999.0 -9999.0 -9999.0 -9999.0 -9999.0 -9999.0 -9999.0 -9999.0 -9999.0 -9999.0 -9999.0 -9999.0 -9999.0 -9999.0 -9999.0 -9999.0 -9999.0 -9999.0 -9999.0 -9999.0 -9999.0 -9999.0 -9999.0 -9999.0 -9999.0 -9999.0 -9999.0 -9999.0 -9999.0 -9999.0 -9999.0 -9999.0 -9999.0 -9999.0 -9999.0 -9999.0 -9999.0 -9999.0 -9999.0 -9999.0 35.4 37.2 49.0 78.5 110.4 126.2 135.2
