program/excelProcessViaJava/data/SURF_CLI_CHN_PRE_MON_GRID_0.5-201508.txt
NCOLS      128
NROWS       72
XLLCORNER    72.000000000000    
YLLCORNER    18.000000000000    
CELLSIZE    0.50000000000000    
NODATA_VALUE   -9999.000    
[rows 33 to 65 of 72, columns 0 to 74 of 128]
-9999.0 -9999.0 -9999.0 19.6 24.0 44.6 65.8 68.5 81.9 56.8 78.7 71.4 52.9 24.0 12.6 7.6 4.4 3.3 3.8 4.8 3.8 2.5 2.1 3.2 5.5 11.0 16.9 98.1 48.3 52.1 53.8 42.9 36.0 38.3 21.5 18.1 13.0 28.1 19.2 7.7 2.5 1.6 1.5 1.5 1.6 1.9 2.5 3.9 6.4 10.0 14.3 20.3 30.3 45.6 55.0 70.9 82.3 102.2 103.2 109.5 94.8 65.2 42.3 25.4 22.6 21.1 22.6 28.4 41.8 55.9 67.2 75.1 75.4 71.3 69.4
-9999.0 -9999.0 -9999.0 -9999.0 24.2 30.5 55.8 55.6 94.7 110.1 85.7 131.0 118.9 119.9 42.7 34.6 30.4 11.2 6.4 6.7 10.3 10.5 13.3 40.1 89.5 110.0 77.1 74.0 65.0 59.7 53.4 56.0 42.7 37.6 35.7 26.6 31.1 33.8 18.5 9.0 13.9 3.7 2.9 2.3 2.4 2.8 3.7 5.2 7.3 9.4 11.5 14.2 22.0 29.7 41.6 57.0 71.2 86.9 99.3 70.3 91.7 50.1 37.9 34.6 30.0 26.4 29.9 35.2 47.5 66.2 72.5 79.8 78.9 73.8 62.9
-9999.0 -9999.0 -9999.0 -9999.0 -9999.0 4.2 54.5 52.3 77.2 84.7 119.8 133.5 120.6 133.8 135.5 38.1 79.5 39.3 31.1 51.4 91.3 116.5 115.8 104.2 94.2 86.5 87.1 82.9 77.1 77.8 69.4 61.8 53.8 51.5 51.5 40.0 45.7 37.4 43.2 40.8 17.5 36.0 27.5 14.5 7.5 5.3 6.5 7.1 8.3 9.0 9.8 10.5 13.8 34.5 42.6 46.9 57.5 67.4 96.1 85.2 99.0 57.4 45.3 41.0 37.4 30.6 34.4 45.3 57.6 75.2 82.0 85.4 91.4 85.5 67.6
-9999.0 -9999.0 -9999.0 -9999.0 -9999.0 -9999.0 -9999.0 60.6 53.4 85.1 105.9 110.3 128.1 150.1 140.9 170.5 139.6 133.5 158.0 124.7 117.3 130.4 115.3 109.9 100.0 94.9 87.6 92.8 76.7 68.8 72.9 67.5 61.5 64.5 52.9 51.0 45.5 49.3 46.1 40.9 39.5 36.0 34.6 42.1 21.2 13.2 14.4 14.1 18.3 14.0 22.3 19.6 13.7 22.9 42.5 44.4 57.7 73.2 88.3 95.6 89.5 76.1 54.0 47.4 38.0 33.2 35.6 46.2 71.3 78.8 92.6 100.7 105.1 97.7 63.8
-9999.0 -9999.0 -9999.0 -9999.0 -9999.0 -9999.0 -9999.0 38.2 21.0 73.4 86.7 95.7 124.4 133.1 131.7 128.6 145.7 175.3 151.7 166.5 144.1 124.0 116.3 111.1 104.2 95.5 94.9 89.9 78.2 85.5 65.8 66.5 63.3 64.9 54.4 52.9 50.9 53.8 49.7 51.1 45.7 46.5 41.3 35.2 36.2 32.6 30.1 27.0 25.2 22.6 23.7 19.8 19.1 23.6 42.6 45.2 55.3 67.6 81.8 84.3 82.6 81.1 74.5 46.3 43.0 36.4 35.0 43.5 74.1 84.7 102.4 102.7 102.0 99.1 96.0
-9999.0 -9999.0 -9999.0 -9999.0 -9999.0 -9999.0 -9999.0 -9999.0 -9999.0 -9999.0 72.8 101.0 86.7 128.8 128.2 140.3 140.4 137.9 135.7 140.6 148.6 131.8 129.2 115.6 127.4 110.8 109.0 101.8 92.3 82.2 76.7 81.1 68.4 66.6 61.6 72.4 61.7 61.9 77.4 61.0 63.7 55.5 49.3 45.1 53.1 42.6 49.6 40.4 39.4 34.0 25.9 24.4 25.9 34.7 50.9 55.9 61.4 73.5 77.3 78.0 80.3 69.8 62.3 55.6 58.0 38.1 33.5 43.0 65.4 87.6 99.0 102.5 90.0 79.1 62.3
-9999.0 -9999.0 -9999.0 -9999.0 -9999.0 -9999.0 -9999.0 -9999.0 -9999.0 -9999.0 -9999.0 71.9 80.9 90.7 124.2 120.6 151.3 139.0 140.3 159.3 125.4 129.7 127.6 117.1 147.9 112.8 100.6 106.5 96.7 101.4 85.2 78.4 74.7 78.9 77.5 73.2 85.6 73.4 68.1 63.7 61.6 60.1 58.3 60.9 58.7 59.0 60.4 50.1 48.0 44.5 47.5 43.4 38.6 40.7 53.0 67.2 77.6 90.8 73.9 87.9 77.9 80.1 77.1 69.0 58.8 75.3 49.1 56.1 70.7 88.5 83.4 76.4 72.6 71.2 76.7
-9999.0 -9999.0 -9999.0 -9999.0 -9999.0 -9999.0 -9999.0 -9999.0 -9999.0 -9999.0 -9999.0 -9999.0 93.4 73.0 75.0 114.9 98.6 114.5 139.1 135.0 132.8 138.3 132.1 118.8 105.6 109.9 105.9 93.5 95.5 85.4 88.4 91.6 82.2 78.4 80.4 77.1 87.6 88.3 82.9 77.6 70.3 67.7 74.6 66.8 72.2 76.4 68.2 62.9 53.0 56.4 52.8 54.8 50.3 59.7 61.2 78.7 82.7 92.7 81.5 78.7 72.5 68.4 82.8 100.6 69.6 80.6 61.7 62.3 66.8 79.3 105.1 150.0 171.5 125.5 130.0
-9999.0 -9999.0 -9999.0 -9999.0 -9999.0 -9999.0 -9999.0 -9999.0 -9999.0 -9999.0 -9999.0 -9999.0 60.1 75.0 101.4 75.3 104.6 98.5 100.8 106.6 117.6 109.3 126.5 108.4 110.9 125.8 120.9 122.1 107.4 98.7 87.1 81.7 88.6 86.7 76.1 78.9 83.1 89.6 107.3 93.2 86.0 85.1 81.4 87.0 82.2 80.4 83.9 84.9 82.0 76.3 73.0 66.3 67.4 97.0 96.0 98.8 98.0 108.2 128.0 106.9 98.0 83.1 99.1 83.5 77.4 87.7 93.8 87.9 87.0 82.7 71.0 78.8 109.9 130.1 163.7
-9999.0 -9999.0 -9999.0 -9999.0 -9999.0 -9999.0 -9999.0 -9999.0 -9999.0 -9999.0 -9999.0 41.5 51.5 76.3 82.9 74.3 105.4 99.8 103.9 87.1 92.9 99.0 109.1 107.4 105.0 122.0 114.1 104.6 99.9 97.7 90.5 80.5 90.5 80.8 82.3 79.7 91.8 87.5 90.4 91.7 100.9 104.7 106.4 89.2 94.5 97.8 96.7 91.9 92.1 91.4 99.9 109.2 96.9 110.6 108.6 113.9 131.7 100.5 122.6 107.1 110.8 128.8 124.5 157.2 128.3 113.4 123.4 116.7 114.3 129.0 126.4 109.7 99.1 87.5 96.1
-9999.0 -9999.0 -9999.0 -9999.0 -9999.0 -9999.0 -9999.0 -9999.0 -9999.0 -9999.0 -9999.0 33.6 46.7 33.3 49.4 88.4 91.5 70.3 75.0 94.5 81.5 100.8 104.3 106.4 101.7 99.3 100.0 97.5 95.0 87.9 83.6 82.6 87.9 75.5 74.3 78.4 79.6 89.0 93.3 89.8 91.1 90.3 92.5 97.3 103.1 109.9 118.7 119.0 117.8 106.1 109.6 125.5 119.3 119.8 125.5 122.2 139.6 152.2 138.5 165.9 181.2 203.0 135.9 122.4 126.4 123.7 137.6 140.1 124.1 112.2 106.8 104.0 109.9 151.0 173.9
-9999.0 -9999.0 -9999.0 -9999.0 -9999.0 -9999.0 -9999.0 -9999.0 -9999.0 -9999.0 -9999.0 -9999.0 11.9 38.3 27.9 41.7 47.8 79.8 71.6 79.2 102.6 110.0 98.5 110.4 106.1 116.5 108.5 113.6 93.0 88.7 84.5 91.5 79.2 73.7 73.0 76.1 80.6 89.1 93.7 99.6 98.1 98.9 108.4 105.8 112.4 123.4 130.7 130.2 128.4 131.1 136.3 135.8 178.3 193.7 177.8 141.7 164.8 183.7 196.7 168.6 175.1 187.7 289.2 145.1 110.4 152.5 158.1 164.5 156.9 134.2 115.3 133.2 142.1 176.5 262.5
-9999.0 -9999.0 -9999.0 -9999.0 -9999.0 -9999.0 -9999.0 -9999.0 -9999.0 -9999.0 -9999.0 -9999.0 14.0 37.9 41.7 30.1 40.5 42.7 63.9 76.3 101.6 88.9 103.1 111.5 100.1 104.3 101.0 94.9 96.6 83.8 91.1 86.4 86.6 79.4 79.9 90.1 92.5 93.8 103.2 107.7 111.8 120.6 124.6 122.3 121.9 125.3 131.4 134.4 141.5 146.3 146.4 168.2 173.0 163.9 211.1 223.2 179.3 190.9 227.3 295.8 276.2 413.3 300.7 127.3 178.1 179.4 190.2 201.9 196.7 169.8 136.2 116.1 142.0 98.7 142.3
-9999.0 -9999.0 -9999.0 -9999.0 -9999.0 -9999.0 -9999.0 -9999.0 -9999.0 -9999.0 -9999.0 -9999.0 -9999.0 2.7 27.3 20.2 42.8 30.2 40.2 55.8 85.2 92.4 101.1 102.0 89.9 98.2 99.3 90.3 89.0 104.0 95.9 92.6 86.7 87.9 93.9 96.0 95.2 104.4 117.7 131.1 130.5 132.4 131.8 129.4 134.0 126.9 128.1 129.3 132.6 138.3 153.8 146.9 182.2 220.3 253.9 252.4 222.9 235.9 285.8 206.6 329.0 202.0 159.2 220.9 205.6 201.5 217.2 239.5 236.2 193.1 145.7 121.7 112.4 121.9 129.6
-9999.0 -9999.0 -9999.0 -9999.0 -9999.0 -9999.0 -9999.0 -9999.0 -9999.0 -9999.0 -9999.0 -9999.0 -9999.0 -9999.0 0.0 13.6 15.6 28.0 30.7 35.3 65.2 66.8 75.3 86.9 95.9 97.4 109.7 98.2 104.1 86.4 89.7 88.3 99.8 100.7 98.7 112.3 120.5 112.9 129.8 140.5 142.8 141.6 137.2 131.1 130.7 135.7 120.3 130.2 121.5 122.7 129.2 180.6 174.9 207.0 175.9 256.8 278.7 206.9 353.4 401.2 212.7 180.2 252.2 237.1 212.2 205.1 224.5 251.9 250.1 199.7 150.8 121.7 146.6 147.1 129.1
-9999.0 -9999.0 -9999.0 -9999.0 -9999.0 -9999.0 -9999.0 -9999.0 -9999.0 -9999.0 -9999.0 -9999.0 -9999.0 -9999.0 -9999.0 -9999.0 -9999.0 0.1 5.4 10.3 25.6 60.2 59.5 70.6 89.4 91.8 104.2 95.8 84.7 90.2 83.4 80.2 102.1 92.5 92.5 107.3 127.7 110.9 136.7 146.6 147.0 141.7 133.7 124.9 162.1 134.8 257.5 115.4 113.1 112.7 120.4 127.3 136.6 208.4 252.3 289.1 272.0 363.8 382.2 423.0 178.7 212.7 260.5 245.1 202.9 191.6 211.9 232.6 227.6 186.8 144.6 162.3 169.7 147.5 159.2
-9999.0 -9999.0 -9999.0 -9999.0 -9999.0 -9999.0 -9999.0 -9999.0 -9999.0 -9999.0 -9999.0 -9999.0 -9999.0 -9999.0 -9999.0 -9999.0 -9999.0 -9999.0 -9999.0 -9999.0 6.3 40.3 60.2 82.7 82.5 77.6 81.8 82.0 80.8 72.5 74.6 70.4 81.1 92.4 95.3 109.8 113.0 117.8 125.2 135.5 142.8 132.7 124.0 113.1 146.9 106.1 292.0 125.2 115.2 202.8 112.4 175.6 199.8 165.4 226.2 305.5 347.3 333.7 477.8 406.5 191.2 213.9 251.7 240.8 206.6 197.4 213.4 222.3 213.1 180.8 154.2 163.7 164.7 152.3 149.9
-9999.0 -9999.0 -9999.0 -9999.0 -9999.0 -9999.0 -9999.0 -9999.0 -9999.0 -9999.0 -9999.0 -9999.0 -9999.0 -9999.0 -9999.0 -9999.0 -9999.0 -9999.0 -9999.0 -9999.0 -9999.0 -9999.0 60.1 37.2 69.1 75.0 79.1 80.8 84.2 72.6 73.5 79.2 98.2 98.3 110.3 115.2 124.3 116.2 129.0 130.5 123.9 119.4 103.9 98.3 133.6 279.5 167.8 147.3 176.0 178.9 120.4 150.2 139.0 176.1 192.0 182.3 315.9 402.4 244.7 406.4 233.9 259.8 269.9 239.9 234.7 231.4 240.8 237.8 210.4 186.9 173.6 166.1 165.6 177.8 153.9
-9999.0 -9999.0 -9999.0 -9999.0 -9999.0 -9999.0 -9999.0 -9999.0 -9999.0 -9999.0 -9999.0 -9999.0 -9999.0 -9999.0 -9999.0 -9999.0 -9999.0 -9999.0 -9999.0 -9999.0 -9999.0 -9999.0 -9999.0 -9999.0 12.0 32.5 68.3 92.0 87.7 94.2 80.3 72.4 77.5 91.0 93.0 112.0 127.7 110.1 120.4 108.6 112.3 94.1 117.3 113.4 205.7 263.6 233.1 306.3 108.9 153.4 133.3 140.3 181.0 203.2 176.2 202.2 291.7 292.9 396.8 381.6 332.6 297.4 461.2 239.9 250.0 268.6 278.4 245.6 214.0 194.6 176.1 161.3 143.6 181.8 191.1
-9999.0 -9999.0 -9999.0 -9999.0 -9999.0 -9999.0 -9999.0 -9999.0 -9999.0 -9999.0 -9999.0 -9999.0 -9999.0 -9999.0 -9999.0 -9999.0 -9999.0 -9999.0 -9999.0 -9999.0 -9999.0 -9999.0 -9999.0 -9999.0 -9999.0 12.7 32.2 31.4 36.9 63.9 63.4 64.0 88.0 67.3 88.1 61.4 86.8 86.3 76.9 85.2 87.9 77.7 115.0 175.6 205.6 243.0 273.3 288.3 292.8 205.5 247.8 233.3 168.6 183.0 201.5 249.7 242.9 257.9 351.3 299.5 267.6 314.2 231.7 236.9 261.4 264.0 290.4 282.4 238.4 202.7 176.1 166.0 132.8 175.4 173.1
-9999.0 -9999.0 -9999.0 -9999.0 -9999.0 -9999.0 -9999.0 -9999.0 -9999.0 -9999.0 -9999.0 -9999.0 -9999.0 -9999.0 -9999.0 -9999.0 -9999.0 -9999.0 -9999.0 -9999.0 -9999.0 -9999.0 -9999.0 -9999.0 -9999.0 -9999.0 -9999.0 11.2 17.8 39.7 28.7 37.5 41.1 51.3 71.3 71.5 -9999.0 64.4 70.9 70.3 78.2 97.0 96.9 168.7 203.0 225.6 245.5 -9999.0 -9999.0 242.1 254.5 243.5 200.6 216.0 223.5 246.0 268.9 285.0 293.2 305.9 305.1 314.6 261.5 248.9 243.9 252.5 261.8 254.6 238.3 212.8 180.2 169.5 182.7 172.6 213.1
-9999.0 -9999.0 -9999.0 -9999.0 -9999.0 -9999.0 -9999.0 -9999.0 -9999.0 -9999.0 -9999.0 -9999.0 -9999.0 -9999.0 -9999.0 -9999.0 -9999.0 -9999.0 -9999.0 -9999.0 -9999.0 -9999.0 -9999.0 -9999.0 -9999.0 -9999.0 -9999.0 -9999.0 -9999.0 -9999.0 -9999.0 -9999.0 -9999.0 31.6 38.6 -9999.0 -9999.0 -9999.0 -9999.0 86.6 101.4 119.0 138.8 159.7 180.3 -9999.0 -9999.0 -9999.0 -9999.0 -9999.0 -9999.0 -9999.0 210.4 241.5 253.2 272.8 297.3 314.4 330.3 336.4 326.0 311.6 299.9 263.3 259.8 247.9 245.4 262.9 255.1 226.4 206.5 203.0 198.1 220.3 193.2
-9999.0 -9999.0 -9999.0 -9999.0 -9999.0 -9999.0 -9999.0 -9999.0 -9999.0 -9999.0 -9999.0 -9999.0 -9999.0 -9999.0 -9999.0 -9999.0 -9999.0 -9999.0 -9999.0 -9999.0 -9999.0 -9999.0 -9999.0 -9999.0 -9999.0 -9999.0 -9999.0 -9999.0 -9999.0 -9999.0 -9999.0 -9999.0 -9999.0 -9999.0 -9999.0 -9999.0 -9999.0 -9999.0 -9999.0 77.5 91.2 105.5 119.8 141.6 -9999.0 -9999.0 -9999.0 -9999.0 -9999.0 -9999.0 -9999.0 -9999.0 198.7 261.5 270.4 303.4 302.1 306.6 311.4 314.9 303.6 299.0 382.1 290.9 281.3 264.2 272.6 277.5 270.7 252.7 235.2 233.5 241.4 227.9 212.3
-9999.0 -9999.0 -9999.0 -9999.0 -9999.0 -9999.0 -9999.0 -9999.0 -9999.0 -9999.0 -9999.0 -9999.0 -9999.0 -9999.0 -9999.0 -9999.0 -9999.0 -9999.0 -9999.0 -9999.0 -9999.0 -9999.0 -9999.0 -9999.0 -9999.0 -9999.0 -9999.0 -9999.0 -9999.0 -9999.0 -9999.0 -9999.0 -9999.0 -9999.0 -9999.0 -9999.0 -9999.0 -9999.0 -9999.0 -9999.0 -9999.0 -9999.0 -9999.0 -9999.0 -9999.0 -9999.0 -9999.0 -9999.0 -9999.0 -9999.0 -9999.0 206.0 214.2 265.2 226.0 275.4 280.9 296.9 278.4 238.3 311.3 314.5 295.3 312.1 305.0 291.0 292.0 302.9 289.6 275.4 248.1 230.6 208.8 187.7 186.1
-9999.0 -9999.0 -9999.0 -9999.0 -9999.0 -9999.0 -9999.0 -9999.0 -9999.0 -9999.0 -9999.0 -9999.0 -9999.0 -9999.0 -9999.0 -9999.0 -9999.0 -9999.0 -9999.0 -9999.0 -9999.0 -9999.0 -9999.0 -9999.0 -9999.0 -9999.0 -9999.0 -9999.0 -9999.0 -9999.0 -9999.0 -9999.0 -9999.0 -9999.0 -9999.0 -9999.0 -9999.0 -9999.0 -9999.0 -9999.0 -9999.0 -9999.0 -9999.0 -9999.0 -9999.0 -9999.0 -9999.0 -9999.0 -9999.0 -9999.0 191.1 216.4 229.1 253.5 230.6 260.1 237.6 224.6 244.9 279.4 258.3 317.9 299.9 321.7 316.9 307.4 301.5 312.7 308.9 297.1 257.3 208.6 176.3 165.1 165.4
-9999.0 -9999.0 -9999.0 -9999.0 -9999.0 -9999.0 -9999.0 -9999.0 -9999.0 -9999.0 -9999.0 -9999.0 -9999.0 -9999.0 -9999.0 -9999.0 -9999.0 -9999.0 -9999.0 -9999.0 -9999.0 -9999.0 -9999.0 -9999.0 -9999.0 -9999.0 -9999.0 -9999.0 -9999.0 -9999.0 -9999.0 -9999.0 -9999.0 -9999.0 -9999.0 -9999.0 -9999.0 -9999.0 -9999.0 -9999.0 -9999.0 -9999.0 -9999.0 -9999.0 -9999.0 -9999.0 -9999.0 -9999.0 -9999.0 -9999.0 180.4 229.9 199.9 230.2 245.3 230.0 178.2 264.3 274.5 249.3 228.4 260.3 256.6 289.4 297.1 290.5 309.5 335.2 340.4 321.6 270.1 209.1 163.6 143.8 149.4
-9999.0 -9999.0 -9999.0 -9999.0 -9999.0 -9999.0 -9999.0 -9999.0 -9999.0 -9999.0 -9999.0 -9999.0 -9999.0 -9999.0 -9999.0 -9999.0 -9999.0 -9999.0 -9999.0 -9999.0 -9999.0 -9999.0 -9999.0 -9999.0 -9999.0 -9999.0 -9999.0 -9999.0 -9999.0 -9999.0 -9999.0 -9999.0 -9999.0 -9999.0 -9999.0 -9999.0 -9999.0 -9999.0 -9999.0 -9999.0 -9999.0 -9999.0 -9999.0 -9999.0 -9999.0 -9999.0 -9999.0 -9999.0 -9999.0 -9999.0 165.5 192.3 180.7 259.5 199.3 201.3 284.7 256.7 287.2 200.0 239.4 262.9 252.2 235.2 255.5 265.2 309.1 351.2 352.3 311.4 272.9 204.5 167.8 146.5 154.4
-9999.0 -9999.0 -9999.0 -9999.0 -9999.0 -9999.0 -9999.0 -9999.0 -9999.0 -9999.0 -9999.0 -9999.0 -9999.0 -9999.0 -9999.0 -9999.0 -9999.0 -9999.0 -9999.0 -9999.0 -9999.0 -9999.0 -9999.0 -9999.0 -9999.0 -9999.0 -9999.0 -9999.0 -9999.0 -9999.0 -9999.0 -9999.0 -9999.0 -9999.0 -9999.0 -9999.0 -9999.0 -9999.0 -9999.0 -9999.0 -9999.0 -9999.0 -9999.0 -9999.0 -9999.0 -9999.0 -9999.0 -9999.0 -9999.0 -9999.0 194.7 229.6 218.5 236.9 237.1 271.2 214.8 265.9 264.6 183.3 240.4 227.6 166.9 210.0 227.8 236.8 262.4 311.5 292.1 279.2 229.3 187.2 166.4 159.3 170.0
-9999.0 -9999.0 -9999.0 -9999.0 -9999.0 -9999.0 -9999.0 -9999.0 -9999.0 -9999.0 -9999.0 -9999.0 -9999.0 -9999.0 -9999.0 -9999.0 -9999.0 -9999.0 -9999.0 -9999.0 -9999.0 -9999.0 -9999.0 -9999.0 -9999.0 -9999.0 -9999.0 -9999.0 -9999.0 -9999.0 -9999.0 -9999.0 -9999.0 -9999.0 -9999.0 -9999.0 -9999.0 -9999.0 -9999.0 -9999.0 -9999.0 -9999.0 -9999.0 -9999.0 -9999.0 -9999.0 -9999.0 -9999.0 -9999.0 -9999.0 248.1 196.5 258.6 246.7 249.6 253.5 270.6 291.1 214.3 203.1 369.9 172.7 274.4 224.2 223.1 229.5 245.5 297.5 255.5 211.1 169.1 145.4 155.7 175.6 183.8
-9999.0 -9999.0 -9999.0 -9999.0 -9999.0 -9999.0 -9999.0 -9999.0 -9999.0 -9999.0 -9999.0 -9999.0 -9999.0 -9999.0 -9999.0 -9999.0 -9999.0 -9999.0 -9999.0 -9999.0 -9999.0 -9999.0 -9999.0 -9999.0 -9999.0 -9999.0 -9999.0 -9999.0 -9999.0 -9999.0 -9999.0 -9999.0 -9999.0 -9999.0 -9999.0 -9999.0 -9999.0 -9999.0 -9999.0 -9999.0 -9999.0 -9999.0 -9999.0 -9999.0 -9999.0 -9999.0 -9999.0 -9999.0 -9999.0 -9999.0 -9999.0 -9999.0 -9999.0 295.8 292.4 351.9 294.5 270.2 289.9 380.6 295.7 228.0 339.4 252.7 258.0 263.9 299.4 264.5 248.5 190.6 139.4 125.0 148.8 183.3 202.1
-9999.0 -9999.0 -9999.0 -9999.0 -9999.0 -9999.0 -9999.0 -9999.0 -9999.0 -9999.0 -9999.0 -9999.0 -9999.0 -9999.0 -9999.0 -9999.0 -9999.0 -9999.0 -9999.0 -9999.0 -9999.0 -9999.0 -9999.0 -9999.0 -9999.0 -9999.0 -9999.0 -9999.0 -9999.0 -9999.0 -9999.0 -9999.0 -9999.0 -9999.0 -9999.0 -9999.0 -9999.0 -9999.0 -9999.0 -9999.0 -9999.0 -9999.0 -9999.0 -9999.0 -9999.0 -9999.0 -9999.0 -9999.0 -9999.0 -9999.0 -9999.0 -9999.0 -9999.0 346.0 316.2 361.1 337.5 313.2 341.7 357.3 419.9 388.0 431.8 390.7 302.9 314.3 -9999.0 302.5 266.9 211.6 152.1 135.5 157.2 194.7 217.6
-9999.0 -9999.0 -9999.0 -9999.0 -9999.0 -9999.0 -9999.0 -9999.0 -9999.0 -9999.0 -9999.0 -9999.0 -9999.0 -9999.0 -9999.0 -9999.0 -9999.0 -9999.0 -9999.0 -9999.0 -9999.0 -9999.0 -9999.0 -9999.0 -9999.0 -9999.0 -9999.0 -9999.0 -9999.0 -9999.0 -9999.0 -9999.0 -9999.0 -9999.0 -9999.0 -9999.0 -9999.0 -9999.0 -9999.0 -9999.0 -9999.0 -9999.0 -9999.0 -9999.0 -9999.0 -9999.0 -9999.0 -9999.0 -9999.0 -9999.0 -9999.0 -9999.0 -9999.0 400.4 393.0 384.6 335.0 320.6 399.3 479.9 372.3 453.5 426.7 -9999.0 -9999.0 -9999.0 -9999.0 -9999.0 299.2 249.6 197.5 167.7 179.7 207.0 223.4
-9999.0 -9999.0 -9999.0 -9999.0 -9999.0 -9999.0 -9999.0 -9999.0 -9999.0 -9999.0 -9999.0 -9999.0 -9999.0 -9999.0 -9999.0 -9999.0 -9999.0 -9999.0 -9999.0 -9999.0 -9999.0 -9999.0 -9999.0 -9999.0 -9999.0 -9999.0 -9999.0 -9999.0 -9999.0 -9999.0 -9999.0 -9999.0 -9999.0 -9999.0 -9999.0 -9999.0 -9999.0 -9999.0 -9999.0 -9999.0 -9999.0 -9999.0 -9999.0 -9999.0 -9999.0 -9999.0 -9999.0 -9999.0 -9999.0 -9999.0 -9999.0 -9999.0 -9999.0 -9999.0 -9999.0 401.2 455.7 402.5 398.2 466.6 462.8 -9999.0 -9999.0 -9999.0 -9999.0 -9999.0 -9999.0 -9999.0 -9999.0 268.2 223.2 195.3 197.9 211.3 210.8
