program/excelProcessViaJava/data/SURF_CLI_CHN_PRE_MON_GRID_0.5-201109.txt
NCOLS      128
NROWS       72
XLLCORNER    72.000000000000    
YLLCORNER    18.000000000000    
CELLSIZE    0.50000000000000    
NODATA_VALUE   -9999.000    
[rows 33 to 65 of 72, columns 0 to 75 of 128]
-9999.0 -9999.0 -9999.0 -9999.0 20.4 27.1 33.0 28.8 29.5 19.2 21.4 16.7 10.9 4.4 2.2 1.5 1.1 0.9 0.9 1.1 1.2 1.4 1.7 2.3 3.2 5.2 7.5 42.9 23.0 27.9 32.4 29.4 28.2 33.9 23.0 22.6 19.4 42.7 34.9 17.5 5.4 2.3 1.6 1.0 0.8 0.8 1.0 2.1 3.6 2.7 3.6 11.2 24.0 45.1 37.2 57.2 78.0 121.8 138.4 168.6 168.3 146.1 123.4 68.8 42.8 56.2 64.3 62.5 87.0 98.4 106.8 114.4 116.9 116.2 111.9 103.0
-9999.0 -9999.0 -9999.0 -9999.0 18.6 18.8 25.6 22.5 32.6 33.6 22.9 32.8 26.7 25.2 8.1 6.2 5.2 2.0 1.2 1.3 2.4 3.3 4.8 11.8 26.8 36.9 28.5 30.5 30.1 31.2 31.6 37.3 32.6 32.7 35.3 30.4 39.7 48.4 31.8 17.6 30.6 6.5 4.0 1.5 1.2 1.1 1.2 1.5 2.0 2.9 3.6 5.5 25.1 23.8 30.2 48.5 68.5 96.5 121.3 84.5 133.5 84.2 73.1 71.1 52.0 43.5 65.3 68.9 85.6 108.1 111.8 118.0 121.8 126.5 122.6 119.5
-9999.0 -9999.0 -9999.0 -9999.0 -9999.0 -9999.0 -9999.0 19.3 23.7 23.2 29.9 30.7 25.0 26.2 25.2 6.7 12.9 6.0 4.7 8.4 17.2 24.6 26.8 26.5 26.6 27.2 30.7 32.7 34.3 39.0 39.5 39.8 39.4 42.3 47.4 41.6 53.0 49.0 63.3 67.5 32.8 75.2 64.1 34.9 13.5 4.1 7.6 6.7 9.9 6.2 5.4 7.2 16.1 65.1 65.5 43.8 52.0 64.9 110.9 91.2 127.3 68.0 51.7 55.3 68.3 56.2 69.0 82.1 96.3 115.5 124.2 129.9 140.8 151.9 153.4 155.6
-9999.0 -9999.0 -9999.0 -9999.0 -9999.0 -9999.0 -9999.0 18.9 16.0 20.6 23.1 22.2 23.9 27.0 23.6 29.1 22.0 20.9 26.4 20.7 20.8 25.5 24.7 26.1 26.7 28.3 29.5 34.9 33.0 33.7 40.0 41.9 43.1 50.4 46.0 49.0 48.1 57.9 60.2 59.7 65.4 66.9 70.6 91.0 45.4 22.4 28.3 29.5 46.2 36.6 61.9 57.0 34.1 50.9 81.0 55.8 61.6 78.6 105.6 121.3 111.1 96.8 63.4 70.0 70.5 74.2 81.0 93.6 120.3 139.6 155.8 166.0 176.9 190.7 191.5 204.4
-9999.0 -9999.0 -9999.0 -9999.0 -9999.0 -9999.0 -9999.0 -9999.0 -9999.0 15.8 16.9 17.2 20.4 20.7 19.5 18.3 20.7 26.5 22.6 26.7 24.1 22.4 23.4 25.0 26.4 27.5 30.6 32.7 32.6 39.7 35.5 40.2 42.9 48.6 44.8 47.2 48.9 56.3 56.4 64.8 64.3 74.5 72.2 63.8 70.2 65.0 62.5 59.4 60.5 60.6 68.9 65.5 63.4 64.2 89.8 74.1 72.0 85.3 113.3 121.1 124.9 128.4 123.2 81.3 91.2 90.1 95.5 114.7 145.8 177.8 202.7 221.9 229.5 238.7 247.7 239.4
-9999.0 -9999.0 -9999.0 -9999.0 -9999.0 -9999.0 -9999.0 -9999.0 -9999.0 -9999.0 -9999.0 15.3 13.0 17.4 16.7 17.9 17.8 17.7 18.1 20.0 23.0 22.4 24.5 25.0 30.3 30.2 33.3 35.3 36.6 37.5 39.8 46.9 45.1 48.5 48.8 61.9 55.3 59.0 83.4 68.2 80.8 76.8 73.7 70.9 92.4 74.1 92.9 80.4 84.3 81.5 75.6 80.3 85.0 93.4 105.5 101.8 101.6 114.5 121.8 129.3 135.7 132.9 124.0 113.2 114.8 92.8 103.5 133.6 169.6 210.3 255.5 281.9 295.0 292.2 280.0 277.9
-9999.0 -9999.0 -9999.0 -9999.0 -9999.0 -9999.0 -9999.0 -9999.0 -9999.0 -9999.0 -9999.0 -9999.0 10.5 11.1 14.2 13.6 17.4 16.2 17.2 21.2 18.4 21.2 23.5 24.8 33.0 30.1 31.0 35.7 37.2 43.4 42.7 45.0 48.3 56.1 60.1 60.5 76.0 66.8 64.3 63.7 67.2 73.4 78.8 90.0 89.4 93.4 100.2 89.6 93.8 96.0 107.4 110.9 108.8 105.1 109.0 115.3 122.6 132.3 132.0 140.0 141.8 139.0 135.2 130.6 112.6 126.2 117.8 147.9 187.3 234.5 311.3 365.4 369.0 342.3 317.6 317.4
-9999.0 -9999.0 -9999.0 -9999.0 -9999.0 -9999.0 -9999.0 -9999.0 -9999.0 -9999.0 -9999.0 -9999.0 9.7 8.1 8.2 11.5 10.5 12.4 15.8 16.9 18.6 21.6 23.7 25.1 26.4 29.9 32.2 33.0 36.6 38.0 43.5 50.5 52.4 56.1 62.6 63.8 76.4 80.6 78.8 78.5 76.2 81.2 101.5 91.7 103.3 111.2 100.2 100.5 98.2 111.4 117.9 128.7 128.2 129.2 119.8 125.9 131.2 140.0 146.1 149.5 149.7 145.4 137.5 134.7 112.1 121.4 123.8 162.6 209.8 265.1 311.5 325.8 338.1 359.0 341.8 325.4
-9999.0 -9999.0 -9999.0 -9999.0 -9999.0 -9999.0 -9999.0 -9999.0 -9999.0 -9999.0 -9999.0 -9999.0 -9999.0 6.9 8.9 7.5 9.9 10.2 11.5 13.6 16.7 18.7 23.2 24.9 28.1 32.4 34.6 37.9 38.9 41.1 42.8 46.4 55.6 61.9 61.3 67.3 73.1 81.9 108.3 99.9 101.2 110.8 112.5 124.3 113.2 105.2 112.2 120.4 126.8 132.0 139.9 145.7 148.4 154.2 145.6 141.0 143.9 149.4 149.2 151.1 148.4 146.7 139.6 133.7 93.6 110.5 137.3 187.5 247.3 312.8 353.9 389.0 402.4 380.9 349.1 320.6
-9999.0 -9999.0 -9999.0 -9999.0 -9999.0 -9999.0 -9999.0 -9999.0 -9999.0 -9999.0 -9999.0 -9999.0 4.3 5.8 6.5 6.5 9.0 9.6 11.3 12.1 15.0 18.6 22.8 26.4 29.6 32.9 34.7 35.9 37.6 40.3 43.1 45.9 56.1 59.7 67.7 71.3 84.2 81.6 89.0 100.9 125.5 141.0 150.0 127.7 130.0 126.8 120.2 119.8 131.9 141.6 154.3 163.3 162.1 160.7 152.9 149.5 150.4 158.7 155.8 157.1 151.1 143.3 140.5 135.2 124.2 115.4 177.4 244.7 297.4 335.0 396.4 446.4 431.4 371.9 326.8 280.1
-9999.0 -9999.0 -9999.0 -9999.0 -9999.0 -9999.0 -9999.0 -9999.0 -9999.0 -9999.0 -9999.0 -9999.0 3.3 3.1 4.1 6.5 7.4 7.4 9.2 12.5 15.0 19.7 24.1 28.4 32.2 34.9 36.2 36.9 37.6 38.8 41.2 45.6 53.9 57.5 64.6 73.4 76.6 85.9 94.5 100.4 115.8 124.0 132.2 138.5 139.2 138.5 143.1 140.5 141.4 136.0 143.1 156.2 154.8 152.1 149.0 144.7 146.7 148.0 151.0 148.0 144.8 140.8 136.8 117.4 104.6 118.4 157.8 286.2 390.8 467.6 491.6 481.5 436.7 379.3 316.3 257.0
-9999.0 -9999.0 -9999.0 -9999.0 -9999.0 -9999.0 -9999.0 -9999.0 -9999.0 -9999.0 -9999.0 -9999.0 1.6 2.7 2.8 3.8 4.9 7.7 9.0 12.1 16.7 21.1 26.1 30.7 35.1 36.4 37.9 37.4 38.2 38.5 40.3 45.1 49.4 55.3 62.9 71.8 77.9 85.1 91.4 109.6 117.9 119.5 145.4 130.3 142.1 147.6 145.9 135.5 123.5 121.4 125.0 122.6 149.2 149.9 140.0 123.7 130.2 134.2 138.0 141.3 142.3 139.2 135.7 106.1 83.3 154.4 205.5 280.2 359.6 416.0 431.7 414.4 372.9 309.9 248.0 219.6
-9999.0 -9999.0 -9999.0 -9999.0 -9999.0 -9999.0 -9999.0 -9999.0 -9999.0 -9999.0 -9999.0 -9999.0 -9999.0 2.5 3.1 3.2 4.5 6.0 9.2 12.9 17.9 23.0 28.4 33.1 39.7 41.3 41.9 41.1 38.2 38.7 38.3 41.6 47.2 53.4 61.3 73.2 79.5 78.3 87.4 95.0 107.1 133.4 143.5 142.3 132.6 130.5 129.5 107.7 112.4 102.3 83.6 110.4 109.4 98.8 119.7 117.8 103.4 112.2 124.8 134.0 137.3 138.6 130.2 83.8 135.4 158.0 191.1 226.3 264.9 295.5 306.9 292.0 260.1 216.0 186.8 152.5
-9999.0 -9999.0 -9999.0 -9999.0 -9999.0 -9999.0 -9999.0 -9999.0 -9999.0 -9999.0 -9999.0 -9999.0 -9999.0 1.3 2.6 3.0 5.2 6.2 9.4 14.1 19.9 25.8 31.7 38.3 48.1 48.0 46.5 46.0 41.0 35.8 35.9 38.3 43.3 49.6 57.3 64.0 64.9 67.6 78.4 100.8 97.2 110.0 119.3 123.5 131.1 115.8 106.1 81.9 72.9 63.1 72.3 48.0 79.6 97.0 104.2 96.0 85.9 98.0 115.4 125.4 134.1 122.1 108.0 139.2 138.8 143.1 148.7 152.5 157.2 171.8 181.7 174.3 157.2 138.7 124.0 119.0
-9999.0 -9999.0 -9999.0 -9999.0 -9999.0 -9999.0 -9999.0 -9999.0 -9999.0 -9999.0 -9999.0 -9999.0 -9999.0 -9999.0 -9999.0 3.4 4.9 7.8 11.6 17.5 24.2 33.4 42.6 49.2 52.6 55.1 46.8 46.8 39.3 37.7 34.4 35.7 39.6 45.0 49.8 57.4 63.8 50.9 59.1 68.7 86.9 96.6 100.4 100.5 92.1 83.8 78.9 52.0 50.6 20.2 30.9 65.7 49.6 61.0 37.2 69.4 76.7 84.7 108.9 122.9 126.0 112.1 129.0 124.8 122.0 117.6 109.1 95.9 86.9 94.8 101.9 98.6 95.3 93.5 90.5 103.5
-9999.0 -9999.0 -9999.0 -9999.0 -9999.0 -9999.0 -9999.0 -9999.0 -9999.0 -9999.0 -9999.0 -9999.0 -9999.0 -9999.0 -9999.0 -9999.0 -9999.0 15.4 18.9 -9999.0 37.8 42.4 59.2 69.3 65.8 69.0 55.5 54.4 50.7 38.9 35.3 36.4 37.1 44.0 47.0 45.0 53.7 38.5 48.0 54.9 64.7 77.9 77.9 76.7 76.7 66.4 78.3 55.5 24.8 24.4 8.1 16.3 9.9 43.7 53.9 60.7 57.6 85.5 101.4 117.7 99.8 89.7 88.7 92.7 88.5 80.4 71.5 59.9 55.3 60.0 67.7 67.5 74.1 80.2 87.5 98.3
-9999.0 -9999.0 -9999.0 -9999.0 -9999.0 -9999.0 -9999.0 -9999.0 -9999.0 -9999.0 -9999.0 -9999.0 -9999.0 -9999.0 -9999.0 -9999.0 -9999.0 -9999.0 -9999.0 -9999.0 -9999.0 63.6 71.8 69.1 85.8 106.6 98.4 83.8 64.4 55.1 41.5 46.9 45.6 45.8 47.1 41.0 38.8 38.0 38.9 42.3 45.5 60.3 63.6 61.4 65.8 51.9 86.2 32.2 38.4 83.8 13.5 40.3 40.7 14.9 31.6 54.2 65.0 71.9 101.3 111.6 80.3 64.5 51.0 54.7 59.8 54.3 47.9 42.2 42.3 45.8 50.1 55.3 68.1 86.2 88.0 86.3
-9999.0 -9999.0 -9999.0 -9999.0 -9999.0 -9999.0 -9999.0 -9999.0 -9999.0 -9999.0 -9999.0 -9999.0 -9999.0 -9999.0 -9999.0 -9999.0 -9999.0 -9999.0 -9999.0 -9999.0 -9999.0 -9999.0 -9999.0 150.4 130.1 137.8 131.7 109.8 75.4 69.2 51.5 44.2 40.7 43.0 42.3 41.7 41.9 38.9 42.1 44.8 45.3 50.4 46.2 46.6 59.6 93.5 54.8 37.7 35.7 30.4 11.7 23.6 9.5 16.7 18.2 20.6 55.1 79.1 86.4 103.9 85.7 70.3 50.2 34.6 36.8 41.3 39.7 37.4 39.1 40.3 42.9 51.5 71.4 90.2 81.6 65.3
-9999.0 -9999.0 -9999.0 -9999.0 -9999.0 -9999.0 -9999.0 -9999.0 -9999.0 -9999.0 -9999.0 -9999.0 -9999.0 -9999.0 -9999.0 -9999.0 -9999.0 -9999.0 -9999.0 -9999.0 -9999.0 -9999.0 -9999.0 -9999.0 -9999.0 229.1 204.9 96.3 88.8 67.4 63.4 64.0 60.5 51.7 51.9 45.1 46.6 41.7 42.9 40.6 43.6 39.5 58.0 55.8 84.0 92.0 80.9 90.8 26.2 31.9 25.7 19.4 28.4 29.5 21.4 34.0 58.3 71.2 91.1 99.1 97.5 79.2 86.9 41.4 39.5 42.8 42.7 43.7 43.5 41.4 39.5 47.0 68.2 87.8 87.1 49.2
-9999.0 -9999.0 -9999.0 -9999.0 -9999.0 -9999.0 -9999.0 -9999.0 -9999.0 -9999.0 -9999.0 -9999.0 -9999.0 -9999.0 -9999.0 -9999.0 -9999.0 -9999.0 -9999.0 -9999.0 -9999.0 -9999.0 -9999.0 -9999.0 -9999.0 -9999.0 -9999.0 255.0 240.8 172.0 134.2 111.2 63.6 91.7 60.7 90.8 53.0 49.4 54.0 43.3 40.4 42.9 64.6 82.0 86.1 89.2 89.2 89.2 88.5 63.1 73.4 64.1 30.4 34.3 42.9 59.4 72.2 85.4 94.5 99.6 111.9 87.5 62.9 47.3 44.6 50.5 55.3 54.2 50.4 42.7 38.3 45.7 58.2 80.1 63.1 39.5
-9999.0 -9999.0 -9999.0 -9999.0 -9999.0 -9999.0 -9999.0 -9999.0 -9999.0 -9999.0 -9999.0 -9999.0 -9999.0 -9999.0 -9999.0 -9999.0 -9999.0 -9999.0 -9999.0 -9999.0 -9999.0 -9999.0 -9999.0 -9999.0 -9999.0 -9999.0 -9999.0 -9999.0 -9999.0 -9999.0 -9999.0 -9999.0 -9999.0 140.5 85.6 -9999.0 -9999.0 -9999.0 76.3 54.9 61.3 68.2 63.5 81.3 81.8 83.8 -9999.0 -9999.0 -9999.0 -9999.0 -9999.0 -9999.0 60.2 57.2 70.3 85.5 98.3 111.7 111.4 128.4 124.2 98.5 82.6 66.4 68.9 73.5 73.2 67.1 56.4 46.4 42.0 48.8 66.7 69.6 87.2 55.6
-9999.0 -9999.0 -9999.0 -9999.0 -9999.0 -9999.0 -9999.0 -9999.0 -9999.0 -9999.0 -9999.0 -9999.0 -9999.0 -9999.0 -9999.0 -9999.0 -9999.0 -9999.0 -9999.0 -9999.0 -9999.0 -9999.0 -9999.0 -9999.0 -9999.0 -9999.0 -9999.0 -9999.0 -9999.0 -9999.0 -9999.0 -9999.0 -9999.0 -9999.0 -9999.0 -9999.0 -9999.0 -9999.0 -9999.0 82.5 78.9 76.4 75.4 75.8 -9999.0 -9999.0 -9999.0 -9999.0 -9999.0 -9999.0 -9999.0 -9999.0 80.0 80.6 89.1 102.5 118.2 128.3 141.5 157.5 160.7 122.3 97.2 96.5 95.3 99.3 95.3 81.5 65.2 55.7 55.1 58.9 61.9 85.2 64.6 83.9
-9999.0 -9999.0 -9999.0 -9999.0 -9999.0 -9999.0 -9999.0 -9999.0 -9999.0 -9999.0 -9999.0 -9999.0 -9999.0 -9999.0 -9999.0 -9999.0 -9999.0 -9999.0 -9999.0 -9999.0 -9999.0 -9999.0 -9999.0 -9999.0 -9999.0 -9999.0 -9999.0 -9999.0 -9999.0 -9999.0 -9999.0 -9999.0 -9999.0 -9999.0 -9999.0 -9999.0 -9999.0 -9999.0 -9999.0 -9999.0 -9999.0 -9999.0 -9999.0 -9999.0 -9999.0 -9999.0 -9999.0 -9999.0 -9999.0 -9999.0 -9999.0 -9999.0 100.0 104.0 103.5 113.4 115.4 123.6 134.9 149.3 163.8 149.1 113.2 114.1 115.9 118.1 103.1 88.2 78.6 75.7 75.6 75.7 98.8 87.5 94.4 79.4
-9999.0 -9999.0 -9999.0 -9999.0 -9999.0 -9999.0 -9999.0 -9999.0 -9999.0 -9999.0 -9999.0 -9999.0 -9999.0 -9999.0 -9999.0 -9999.0 -9999.0 -9999.0 -9999.0 -9999.0 -9999.0 -9999.0 -9999.0 -9999.0 -9999.0 -9999.0 -9999.0 -9999.0 -9999.0 -9999.0 -9999.0 -9999.0 -9999.0 -9999.0 -9999.0 -9999.0 -9999.0 -9999.0 -9999.0 -9999.0 -9999.0 -9999.0 -9999.0 -9999.0 -9999.0 -9999.0 -9999.0 -9999.0 -9999.0 -9999.0 -9999.0 117.1 126.9 125.8 101.4 106.7 108.1 118.4 122.8 122.1 145.1 141.3 131.2 115.4 114.2 109.6 87.0 66.9 85.4 92.1 95.2 93.6 78.6 65.2 77.1 74.9
-9999.0 -9999.0 -9999.0 -9999.0 -9999.0 -9999.0 -9999.0 -9999.0 -9999.0 -9999.0 -9999.0 -9999.0 -9999.0 -9999.0 -9999.0 -9999.0 -9999.0 -9999.0 -9999.0 -9999.0 -9999.0 -9999.0 -9999.0 -9999.0 -9999.0 -9999.0 -9999.0 -9999.0 -9999.0 -9999.0 -9999.0 -9999.0 -9999.0 -9999.0 -9999.0 -9999.0 -9999.0 -9999.0 -9999.0 -9999.0 -9999.0 -9999.0 -9999.0 -9999.0 -9999.0 -9999.0 -9999.0 -9999.0 -9999.0 -9999.0 88.1 156.6 163.5 151.9 123.5 118.3 107.1 110.0 120.7 136.5 139.2 137.8 115.3 102.2 93.9 82.6 77.0 67.5 91.0 96.9 107.9 97.1 90.8 98.2 106.1 119.1
-9999.0 -9999.0 -9999.0 -9999.0 -9999.0 -9999.0 -9999.0 -9999.0 -9999.0 -9999.0 -9999.0 -9999.0 -9999.0 -9999.0 -9999.0 -9999.0 -9999.0 -9999.0 -9999.0 -9999.0 -9999.0 -9999.0 -9999.0 -9999.0 -9999.0 -9999.0 -9999.0 -9999.0 -9999.0 -9999.0 -9999.0 -9999.0 -9999.0 -9999.0 -9999.0 -9999.0 -9999.0 -9999.0 -9999.0 -9999.0 -9999.0 -9999.0 -9999.0 -9999.0 -9999.0 -9999.0 -9999.0 -9999.0 -9999.0 -9999.0 91.3 199.6 175.4 192.3 167.6 141.5 122.0 145.7 149.3 140.9 120.6 106.4 73.8 72.8 75.0 58.3 63.1 64.9 89.5 97.8 110.4 116.4 114.8 100.4 87.5 74.2
-9999.0 -9999.0 -9999.0 -9999.0 -9999.0 -9999.0 -9999.0 -9999.0 -9999.0 -9999.0 -9999.0 -9999.0 -9999.0 -9999.0 -9999.0 -9999.0 -9999.0 -9999.0 -9999.0 -9999.0 -9999.0 -9999.0 -9999.0 -9999.0 -9999.0 -9999.0 -9999.0 -9999.0 -9999.0 -9999.0 -9999.0 -9999.0 -9999.0 -9999.0 -9999.0 -9999.0 -9999.0 -9999.0 -9999.0 -9999.0 -9999.0 -9999.0 -9999.0 -9999.0 -9999.0 -9999.0 -9999.0 -9999.0 -9999.0 -9999.0 84.8 155.7 163.5 241.7 199.7 177.3 196.3 195.9 196.6 154.8 127.2 95.7 67.0 53.9 71.5 76.3 75.2 80.8 91.6 121.8 112.6 153.4 115.7 127.1 87.4 85.7
-9999.0 -9999.0 -9999.0 -9999.0 -9999.0 -9999.0 -9999.0 -9999.0 -9999.0 -9999.0 -9999.0 -9999.0 -9999.0 -9999.0 -9999.0 -9999.0 -9999.0 -9999.0 -9999.0 -9999.0 -9999.0 -9999.0 -9999.0 -9999.0 -9999.0 -9999.0 -9999.0 -9999.0 -9999.0 -9999.0 -9999.0 -9999.0 -9999.0 -9999.0 -9999.0 -9999.0 -9999.0 -9999.0 -9999.0 -9999.0 -9999.0 -9999.0 -9999.0 -9999.0 -9999.0 -9999.0 -9999.0 -9999.0 -9999.0 -9999.0 148.0 225.3 233.4 264.2 251.4 250.5 212.8 256.3 257.2 186.9 152.8 95.5 56.8 67.8 90.7 107.6 121.1 120.2 132.4 90.8 119.8 130.9 141.0 145.2 98.1 103.8
-9999.0 -9999.0 -9999.0 -9999.0 -9999.0 -9999.0 -9999.0 -9999.0 -9999.0 -9999.0 -9999.0 -9999.0 -9999.0 -9999.0 -9999.0 -9999.0 -9999.0 -9999.0 -9999.0 -9999.0 -9999.0 -9999.0 -9999.0 -9999.0 -9999.0 -9999.0 -9999.0 -9999.0 -9999.0 -9999.0 -9999.0 -9999.0 -9999.0 -9999.0 -9999.0 -9999.0 -9999.0 -9999.0 -9999.0 -9999.0 -9999.0 -9999.0 -9999.0 -9999.0 -9999.0 -9999.0 -9999.0 -9999.0 -9999.0 -9999.0 -9999.0 -9999.0 -9999.0 252.1 256.8 260.5 278.9 310.6 248.6 232.4 231.0 109.1 118.8 110.5 129.7 145.6 159.2 131.8 134.6 131.5 136.6 150.9 165.0 163.5 143.2 110.2
-9999.0 -9999.0 -9999.0 -9999.0 -9999.0 -9999.0 -9999.0 -9999.0 -9999.0 -9999.0 -9999.0 -9999.0 -9999.0 -9999.0 -9999.0 -9999.0 -9999.0 -9999.0 -9999.0 -9999.0 -9999.0 -9999.0 -9999.0 -9999.0 -9999.0 -9999.0 -9999.0 -9999.0 -9999.0 -9999.0 -9999.0 -9999.0 -9999.0 -9999.0 -9999.0 -9999.0 -9999.0 -9999.0 -9999.0 -9999.0 -9999.0 -9999.0 -9999.0 -9999.0 -9999.0 -9999.0 -9999.0 -9999.0 -9999.0 -9999.0 -9999.0 -9999.0 -9999.0 256.9 254.8 320.6 281.5 274.8 322.3 355.2 254.8 169.7 187.9 185.0 195.9 191.3 144.9 168.8 115.0 120.8 141.9 180.3 221.5 227.5 200.9 204.8
-9999.0 -9999.0 -9999.0 -9999.0 -9999.0 -9999.0 -9999.0 -9999.0 -9999.0 -9999.0 -9999.0 -9999.0 -9999.0 -9999.0 -9999.0 -9999.0 -9999.0 -9999.0 -9999.0 -9999.0 -9999.0 -9999.0 -9999.0 -9999.0 -9999.0 -9999.0 -9999.0 -9999.0 -9999.0 -9999.0 -9999.0 -9999.0 -9999.0 -9999.0 -9999.0 -9999.0 -9999.0 -9999.0 -9999.0 -9999.0 -9999.0 -9999.0 -9999.0 -9999.0 -9999.0 -9999.0 -9999.0 -9999.0 -9999.0 -9999.0 -9999.0 -9999.0 -9999.0 248.1 213.4 277.4 270.2 269.1 317.4 323.6 332.5 279.7 275.1 264.5 234.1 -9999.0 -9999.0 -9999.0 135.2 117.1 162.7 236.1 280.0 271.5 257.7 280.6
-9999.0 -9999.0 -9999.0 -9999.0 -9999.0 -9999.0 -9999.0 -9999.0 -9999.0 -9999.0 -9999.0 -9999.0 -9999.0 -9999.0 -9999.0 -9999.0 -9999.0 -9999.0 -9999.0 -9999.0 -9999.0 -9999.0 -9999.0 -9999.0 -9999.0 -9999.0 -9999.0 -9999.0 -9999.0 -9999.0 -9999.0 -9999.0 -9999.0 -9999.0 -9999.0 -9999.0 -9999.0 -9999.0 -9999.0 -9999.0 -9999.0 -9999.0 -9999.0 -9999.0 -9999.0 -9999.0 -9999.0 -9999.0 -9999.0 -9999.0 -9999.0 -9999.0 -9999.0 -9999.0 228.9 227.9 193.6 201.5 292.9 356.2 267.3 -9999.0 -9999.0 -9999.0 -9999.0 -9999.0 -9999.0 -9999.0 119.0 148.4 237.6 270.4 295.8 294.4 268.7 239.6
-9999.0 -9999.0 -9999.0 -9999.0 -9999.0 -9999.0 -9999.0 -9999.0 -9999.0 -9999.0 -9999.0 -9999.0 -9999.0 -9999.0 -9999.0 -9999.0 -9999.0 -9999.0 -9999.0 -9999.0 -9999.0 -9999.0 -9999.0 -9999.0 -9999.0 -9999.0 -9999.0 -9999.0 -9999.0 -9999.0 -9999.0 -9999.0 -9999.0 -9999.0 -9999.0 -9999.0 -9999.0 -9999.0 -9999.0 -9999.0 -9999.0 -9999.0 -9999.0 -9999.0 -9999.0 -9999.0 -9999.0 -9999.0 -9999.0 -9999.0 -9999.0 -9999.0 -9999.0 -9999.0 -9999.0 174.3 232.5 202.4 214.2 278.3 280.1 -9999.0 -9999.0 -9999.0 -9999.0 -9999.0 -9999.0 -9999.0 -9999.0 -9999.0 220.7 -9999.0 -9999.0 -9999.0 -9999.0 -9999.0
