program/excelProcessViaJava/data/SURF_CLI_CHN_PRE_MON_GRID_0.5-198508.txt
NCOLS      128
NROWS       72
XLLCORNER    72.000000000000    
YLLCORNER    18.000000000000    
CELLSIZE    0.50000000000000    
NODATA_VALUE   -9999.000    
[rows 33 to 65 of 72, columns 0 to 74 of 128]
-9999.0 -9999.0 -9999.0 -9999.0 58.1 104.5 147.2 79.1 68.7 11.5 19.3 11.7 6.3 2.0 1.4 1.3 1.3 1.3 1.4 1.5 1.5 1.7 2.3 3.3 4.3 5.8 7.4 87.1 26.4 32.3 37.7 29.1 25.4 33.5 17.1 16.7 13.5 46.0 34.1 13.0 2.8 1.2 1.1 0.8 0.8 0.8 1.0 1.8 3.3 2.9 4.9 16.7 35.8 66.1 53.0 77.0 93.2 128.0 123.6 145.1 127.0 93.0 73.0 57.6 64.1 87.0 112.1 112.0 147.6 148.1 142.4 147.4 149.4 145.6 136.8
-9999.0 -9999.0 -9999.0 -9999.0 95.2 72.6 136.8 65.5 172.9 153.9 35.4 110.3 60.8 56.8 6.4 5.6 5.5 2.0 1.3 1.3 2.1 3.0 4.9 16.4 55.7 88.9 49.8 50.0 43.5 41.5 38.5 47.2 35.6 34.8 38.5 31.0 45.4 59.1 33.3 15.8 30.6 5.1 3.2 1.4 1.2 1.2 1.2 1.3 1.6 2.6 4.3 8.2 30.6 31.9 41.2 61.8 78.4 95.3 107.2 73.8 99.7 62.1 53.7 57.3 67.7 87.1 119.1 128.7 131.8 143.6 128.0 136.6 149.5 160.0 153.2
-9999.0 -9999.0 -9999.0 -9999.0 -9999.0 -9999.0 -9999.0 81.0 117.6 80.7 166.1 154.7 73.3 84.4 77.6 5.2 21.8 6.6 4.8 11.6 36.5 65.4 70.9 63.3 57.6 54.0 59.5 59.4 57.6 64.8 59.9 56.4 52.5 56.9 65.9 54.7 74.5 66.4 88.1 90.8 37.7 92.1 72.3 35.2 12.7 4.0 6.0 4.6 6.5 4.8 6.0 9.6 18.6 70.1 72.3 50.5 56.4 63.0 97.3 78.4 101.6 61.4 53.6 59.2 78.1 94.0 113.6 123.0 112.7 106.8 95.3 106.0 139.3 163.2 167.6
-9999.0 -9999.0 -9999.0 -9999.0 -9999.0 -9999.0 -9999.0 184.3 60.4 116.4 135.9 93.0 107.7 146.6 92.0 160.9 75.0 65.6 106.4 59.8 56.3 77.9 65.8 66.0 61.0 60.9 58.2 70.4 56.5 53.1 64.9 65.1 64.8 78.9 69.0 74.9 73.6 89.9 91.4 86.4 88.8 84.1 83.2 107.4 47.3 21.9 25.0 23.8 38.2 26.5 51.6 43.8 26.8 44.0 83.2 53.7 55.9 66.2 89.0 103.7 89.0 78.5 70.1 79.7 92.4 102.7 107.0 105.4 106.0 80.8 76.7 88.2 119.4 140.6 132.9
-9999.0 -9999.0 -9999.0 -9999.0 -9999.0 -9999.0 -9999.0 -9999.0 -9999.0 104.2 93.0 75.3 121.4 107.8 80.8 64.6 86.0 154.9 92.2 125.8 87.4 66.4 64.0 64.6 63.4 60.1 65.2 65.4 58.3 73.9 56.7 64.5 68.4 79.7 72.7 78.7 83.4 96.7 95.6 104.8 97.4 102.5 91.5 76.3 79.2 69.3 62.5 54.9 52.1 47.7 52.0 44.0 42.9 51.1 89.4 67.4 58.4 65.2 97.3 104.4 107.2 117.2 118.3 106.5 118.1 116.5 109.3 107.0 113.2 93.1 87.5 86.0 98.2 107.4 114.2
-9999.0 -9999.0 -9999.0 -9999.0 -9999.0 -9999.0 -9999.0 -9999.0 -9999.0 -9999.0 -9999.0 124.2 47.8 119.0 84.9 93.3 81.3 72.0 68.1 77.1 93.8 74.8 77.9 68.5 90.3 76.1 80.9 79.0 74.5 69.6 70.4 84.6 76.5 83.1 85.0 111.3 101.6 109.4 146.7 119.8 130.4 115.6 102.3 91.8 110.6 84.1 101.4 81.1 80.9 71.5 57.1 55.5 60.5 81.3 113.7 109.8 92.9 104.4 109.4 121.7 143.8 136.8 134.3 140.0 148.5 127.4 121.4 127.9 134.1 128.8 113.1 99.8 83.5 67.0 47.6
-9999.0 -9999.0 -9999.0 -9999.0 -9999.0 -9999.0 -9999.0 -9999.0 -9999.0 -9999.0 -9999.0 -9999.0 51.9 48.6 94.1 66.3 122.0 80.6 79.9 117.1 64.0 73.8 76.8 70.7 123.1 78.3 71.3 84.3 79.7 93.6 81.2 81.3 85.7 100.8 108.6 111.2 139.5 125.9 122.2 118.8 118.2 117.3 114.2 118.5 111.6 110.8 113.7 96.0 95.7 91.9 97.1 91.6 88.0 97.7 121.5 138.5 141.7 156.3 119.7 164.3 170.3 191.5 190.1 170.4 151.4 164.5 145.9 157.5 164.3 160.4 123.8 81.7 61.2 49.8 50.2
-9999.0 -9999.0 -9999.0 -9999.0 -9999.0 -9999.0 -9999.0 -9999.0 -9999.0 -9999.0 -9999.0 -9999.0 117.4 36.3 28.6 71.4 39.6 54.1 89.1 80.7 79.2 90.6 86.3 75.4 67.4 76.9 78.4 71.8 79.2 75.3 85.1 97.3 95.1 100.0 111.7 115.7 137.4 143.8 139.2 134.2 125.1 123.0 136.0 120.1 127.2 132.2 117.2 113.1 104.9 113.0 108.5 109.7 107.4 125.9 132.4 152.2 144.6 152.0 140.3 157.6 173.7 181.9 201.1 210.3 134.6 149.2 144.7 156.2 159.0 157.6 153.2 151.8 137.4 89.8 80.3
-9999.0 -9999.0 -9999.0 -9999.0 -9999.0 -9999.0 -9999.0 -9999.0 -9999.0 -9999.0 -9999.0 -9999.0 -9999.0 56.4 92.3 31.0 59.5 46.5 48.0 55.0 69.1 62.8 85.6 69.6 76.4 97.9 97.2 105.1 93.0 89.7 84.5 86.4 101.3 108.4 106.1 116.6 126.7 137.3 164.7 144.7 136.7 138.1 134.4 142.3 131.1 123.5 128.7 134.4 136.7 134.2 130.0 121.1 122.8 158.0 161.0 161.9 152.1 160.8 197.5 187.4 197.4 181.8 193.5 126.1 113.1 124.5 147.7 160.9 159.6 134.0 87.5 86.6 98.6 94.6 96.5
-9999.0 -9999.0 -9999.0 -9999.0 -9999.0 -9999.0 -9999.0 -9999.0 -9999.0 -9999.0 -9999.0 -9999.0 57.5 95.9 78.4 43.5 88.0 64.9 66.6 46.8 53.7 61.4 73.8 74.8 76.1 97.1 92.3 87.1 86.9 89.4 88.1 86.1 100.9 100.4 109.9 115.0 130.1 126.3 126.7 125.8 137.9 145.7 150.7 129.8 133.2 132.5 128.1 126.9 134.8 138.1 143.1 148.8 137.4 152.7 154.5 157.1 169.8 144.6 170.4 169.1 184.9 210.9 178.8 205.0 126.1 116.5 156.0 149.7 156.3 165.2 147.0 117.3 106.8 109.8 108.9
-9999.0 -9999.0 -9999.0 -9999.0 -9999.0 -9999.0 -9999.0 -9999.0 -9999.0 -9999.0 -9999.0 -9999.0 81.0 27.3 38.8 112.4 92.8 44.9 48.3 70.0 54.1 74.1 77.8 80.9 78.5 79.4 83.0 84.2 85.5 84.1 84.9 87.7 95.6 95.4 101.9 109.9 113.7 117.2 114.3 105.9 105.1 107.4 114.0 120.8 124.3 126.7 134.1 133.8 135.3 128.8 131.2 142.1 138.4 144.3 152.1 152.9 158.1 170.7 169.2 207.9 239.1 273.6 143.7 99.7 98.8 143.1 134.7 152.9 145.5 137.5 136.7 138.5 137.3 120.5 109.9
-9999.0 -9999.0 -9999.0 -9999.0 -9999.0 -9999.0 -9999.0 -9999.0 -9999.0 -9999.0 -9999.0 -9999.0 18.5 60.9 26.5 38.1 40.1 86.7 62.7 68.4 98.4 102.9 81.2 93.4 87.7 100.0 93.1 100.9 86.6 86.9 87.3 91.8 90.7 95.0 99.8 104.1 106.4 104.9 98.6 93.2 89.4 95.6 104.2 109.4 111.0 118.7 123.4 117.1 111.7 116.2 123.1 124.2 165.5 179.8 165.3 156.1 161.5 175.1 193.6 176.0 189.3 204.5 347.4 117.1 94.9 164.2 153.8 153.9 159.4 168.5 177.9 172.8 162.6 136.1 149.4
-9999.0 -9999.0 -9999.0 -9999.0 -9999.0 -9999.0 -9999.0 -9999.0 -9999.0 -9999.0 -9999.0 -9999.0 -9999.0 109.1 86.5 40.3 50.4 47.7 74.0 85.5 124.4 86.2 99.3 105.1 86.1 90.2 88.6 86.8 90.5 88.2 91.2 91.1 91.9 95.4 97.7 100.0 99.4 95.4 88.2 81.9 80.2 86.3 94.0 95.4 94.5 93.1 98.6 86.1 102.7 104.7 101.1 129.3 133.3 131.3 164.4 173.3 152.1 153.3 182.9 269.4 266.5 478.5 328.6 108.1 133.6 112.8 121.9 139.5 161.9 176.2 195.8 209.0 186.0 177.5 132.9
-9999.0 -9999.0 -9999.0 -9999.0 -9999.0 -9999.0 -9999.0 -9999.0 -9999.0 -9999.0 -9999.0 -9999.0 -9999.0 13.7 77.1 41.7 84.2 46.7 56.0 71.5 113.1 109.7 111.2 99.9 78.5 86.0 88.2 84.6 87.9 100.2 95.3 94.6 96.3 96.8 95.9 95.5 93.8 89.2 81.6 81.2 73.7 74.9 77.7 79.6 89.5 77.9 76.9 66.2 72.9 79.8 99.5 90.7 121.2 148.8 171.7 164.2 142.7 146.4 191.3 128.7 283.9 188.1 208.0 213.3 127.7 88.4 93.8 115.7 135.1 152.0 170.5 190.9 196.8 173.7 138.7
-9999.0 -9999.0 -9999.0 -9999.0 -9999.0 -9999.0 -9999.0 -9999.0 -9999.0 -9999.0 -9999.0 -9999.0 -9999.0 -9999.0 -9999.0 44.9 41.7 59.8 55.4 54.0 90.5 77.4 77.4 83.5 88.4 86.3 104.7 90.6 100.8 91.7 95.7 98.8 99.0 98.2 97.7 94.1 91.1 89.7 80.0 73.3 68.7 67.8 67.1 66.1 64.5 58.4 57.4 47.7 60.1 54.0 72.6 115.3 102.7 117.9 89.6 136.6 145.8 96.7 214.0 288.1 150.9 279.1 390.9 268.5 162.5 103.7 92.6 102.4 107.4 116.3 131.9 154.9 177.9 173.7 134.9
-9999.0 -9999.0 -9999.0 -9999.0 -9999.0 -9999.0 -9999.0 -9999.0 -9999.0 -9999.0 -9999.0 -9999.0 -9999.0 -9999.0 -9999.0 -9999.0 -9999.0 7.7 21.6 -9999.0 39.7 75.3 60.9 64.7 81.9 79.6 99.5 88.3 84.9 93.4 96.8 107.8 101.2 114.9 119.0 94.0 86.9 98.6 77.7 70.3 63.5 60.1 57.1 54.9 75.0 49.8 75.2 55.8 43.5 56.7 54.3 70.0 60.5 106.0 124.0 138.9 116.2 187.9 210.1 276.6 195.4 371.7 441.4 351.6 230.1 145.9 116.1 110.3 102.5 103.7 110.0 150.7 167.6 147.0 144.3
-9999.0 -9999.0 -9999.0 -9999.0 -9999.0 -9999.0 -9999.0 -9999.0 -9999.0 -9999.0 -9999.0 -9999.0 -9999.0 -9999.0 -9999.0 -9999.0 -9999.0 -9999.0 -9999.0 -9999.0 -9999.0 49.9 64.0 89.6 72.4 60.6 66.1 72.3 80.3 88.8 97.7 121.1 126.1 119.2 116.1 90.8 86.5 84.2 86.0 99.7 91.5 51.5 48.3 44.8 68.0 38.9 99.4 38.4 58.6 156.1 59.3 103.2 110.3 71.6 96.5 141.4 164.6 149.2 301.5 246.2 216.6 292.1 428.2 397.3 301.8 208.4 166.5 149.9 130.2 114.9 112.4 134.0 139.8 118.7 111.5
-9999.0 -9999.0 -9999.0 -9999.0 -9999.0 -9999.0 -9999.0 -9999.0 -9999.0 -9999.0 -9999.0 -9999.0 -9999.0 -9999.0 -9999.0 -9999.0 -9999.0 -9999.0 -9999.0 -9999.0 -9999.0 -9999.0 -9999.0 36.0 52.5 54.0 58.5 66.2 78.6 83.5 92.9 99.3 96.9 97.3 88.6 81.9 76.1 74.9 64.0 55.8 49.0 44.2 40.5 43.7 63.1 135.8 51.4 43.6 53.5 60.2 55.6 81.8 64.6 78.1 78.9 76.4 140.7 210.3 125.9 244.3 172.4 213.9 252.9 307.9 284.4 246.6 214.2 196.2 169.2 136.4 130.2 123.7 125.4 138.7 109.3
-9999.0 -9999.0 -9999.0 -9999.0 -9999.0 -9999.0 -9999.0 -9999.0 -9999.0 -9999.0 -9999.0 -9999.0 -9999.0 -9999.0 -9999.0 -9999.0 -9999.0 -9999.0 -9999.0 -9999.0 -9999.0 -9999.0 -9999.0 -9999.0 -9999.0 47.4 47.6 83.0 78.9 93.1 85.3 95.4 101.0 90.9 87.2 75.0 73.3 65.0 56.5 50.9 42.8 37.5 91.8 68.6 118.9 141.7 86.0 128.0 43.9 57.9 71.9 72.6 94.1 98.5 84.1 96.5 136.4 142.8 218.3 220.4 198.2 185.9 390.1 258.3 244.1 238.7 220.8 194.1 179.6 162.0 132.5 122.3 110.7 151.0 152.8
-9999.0 -9999.0 -9999.0 -9999.0 -9999.0 -9999.0 -9999.0 -9999.0 -9999.0 -9999.0 -9999.0 -9999.0 -9999.0 -9999.0 -9999.0 -9999.0 -9999.0 -9999.0 -9999.0 -9999.0 -9999.0 -9999.0 -9999.0 -9999.0 -9999.0 -9999.0 -9999.0 75.5 90.1 72.7 83.9 94.2 82.2 105.9 76.4 140.7 68.1 64.2 83.5 50.7 37.9 48.7 96.1 140.6 136.3 144.3 152.4 141.9 126.5 71.2 83.2 80.4 86.5 94.8 106.5 126.4 130.7 140.7 185.9 150.9 142.6 162.5 142.6 156.4 172.1 170.6 183.8 186.2 171.7 156.2 140.4 146.5 119.4 152.6 116.9
-9999.0 -9999.0 -9999.0 -9999.0 -9999.0 -9999.0 -9999.0 -9999.0 -9999.0 -9999.0 -9999.0 -9999.0 -9999.0 -9999.0 -9999.0 -9999.0 -9999.0 -9999.0 -9999.0 -9999.0 -9999.0 -9999.0 -9999.0 -9999.0 -9999.0 -9999.0 -9999.0 -9999.0 -9999.0 -9999.0 -9999.0 -9999.0 -9999.0 128.4 75.9 -9999.0 -9999.0 -9999.0 121.9 61.7 83.6 102.2 76.9 153.2 170.0 158.1 -9999.0 -9999.0 -9999.0 -9999.0 -9999.0 -9999.0 100.7 120.2 131.5 142.0 146.3 153.9 144.4 139.0 129.2 139.4 117.6 127.3 134.3 141.7 145.2 148.1 154.5 154.4 145.2 155.8 167.5 139.5 158.0
-9999.0 -9999.0 -9999.0 -9999.0 -9999.0 -9999.0 -9999.0 -9999.0 -9999.0 -9999.0 -9999.0 -9999.0 -9999.0 -9999.0 -9999.0 -9999.0 -9999.0 -9999.0 -9999.0 -9999.0 -9999.0 -9999.0 -9999.0 -9999.0 -9999.0 -9999.0 -9999.0 -9999.0 -9999.0 -9999.0 -9999.0 -9999.0 -9999.0 -9999.0 -9999.0 -9999.0 -9999.0 -9999.0 -9999.0 208.8 196.5 190.2 183.5 173.9 -9999.0 -9999.0 -9999.0 -9999.0 -9999.0 -9999.0 -9999.0 -9999.0 120.4 142.3 151.4 162.9 165.6 163.7 157.4 144.7 128.8 125.4 127.5 113.8 131.2 146.9 155.8 145.7 148.5 162.8 169.9 163.4 147.0 174.6 120.5
-9999.0 -9999.0 -9999.0 -9999.0 -9999.0 -9999.0 -9999.0 -9999.0 -9999.0 -9999.0 -9999.0 -9999.0 -9999.0 -9999.0 -9999.0 -9999.0 -9999.0 -9999.0 -9999.0 -9999.0 -9999.0 -9999.0 -9999.0 -9999.0 -9999.0 -9999.0 -9999.0 -9999.0 -9999.0 -9999.0 -9999.0 -9999.0 -9999.0 -9999.0 -9999.0 -9999.0 -9999.0 -9999.0 -9999.0 -9999.0 -9999.0 -9999.0 -9999.0 -9999.0 -9999.0 -9999.0 -9999.0 -9999.0 -9999.0 -9999.0 -9999.0 -9999.0 146.2 162.9 172.6 179.8 177.8 163.6 150.8 144.6 132.2 125.6 228.8 130.9 154.5 176.1 168.4 153.6 151.9 166.2 177.2 174.9 225.3 183.6 178.1
-9999.0 -9999.0 -9999.0 -9999.0 -9999.0 -9999.0 -9999.0 -9999.0 -9999.0 -9999.0 -9999.0 -9999.0 -9999.0 -9999.0 -9999.0 -9999.0 -9999.0 -9999.0 -9999.0 -9999.0 -9999.0 -9999.0 -9999.0 -9999.0 -9999.0 -9999.0 -9999.0 -9999.0 -9999.0 -9999.0 -9999.0 -9999.0 -9999.0 -9999.0 -9999.0 -9999.0 -9999.0 -9999.0 -9999.0 -9999.0 -9999.0 -9999.0 -9999.0 -9999.0 -9999.0 -9999.0 -9999.0 -9999.0 -9999.0 -9999.0 -9999.0 151.7 162.9 180.1 195.5 197.6 186.7 170.7 149.1 123.7 168.3 166.6 141.9 166.1 197.9 223.5 185.3 132.0 158.6 160.9 176.4 188.0 167.9 147.0 162.4
-9999.0 -9999.0 -9999.0 -9999.0 -9999.0 -9999.0 -9999.0 -9999.0 -9999.0 -9999.0 -9999.0 -9999.0 -9999.0 -9999.0 -9999.0 -9999.0 -9999.0 -9999.0 -9999.0 -9999.0 -9999.0 -9999.0 -9999.0 -9999.0 -9999.0 -9999.0 -9999.0 -9999.0 -9999.0 -9999.0 -9999.0 -9999.0 -9999.0 -9999.0 -9999.0 -9999.0 -9999.0 -9999.0 -9999.0 -9999.0 -9999.0 -9999.0 -9999.0 -9999.0 -9999.0 -9999.0 -9999.0 -9999.0 -9999.0 -9999.0 191.6 163.7 180.4 196.6 205.5 207.0 190.8 165.8 155.4 173.9 169.0 195.5 177.2 208.7 235.1 235.0 228.7 166.5 185.7 156.8 181.8 166.0 164.5 199.4 228.5
-9999.0 -9999.0 -9999.0 -9999.0 -9999.0 -9999.0 -9999.0 -9999.0 -9999.0 -9999.0 -9999.0 -9999.0 -9999.0 -9999.0 -9999.0 -9999.0 -9999.0 -9999.0 -9999.0 -9999.0 -9999.0 -9999.0 -9999.0 -9999.0 -9999.0 -9999.0 -9999.0 -9999.0 -9999.0 -9999.0 -9999.0 -9999.0 -9999.0 -9999.0 -9999.0 -9999.0 -9999.0 -9999.0 -9999.0 -9999.0 -9999.0 -9999.0 -9999.0 -9999.0 -9999.0 -9999.0 -9999.0 -9999.0 -9999.0 -9999.0 214.9 181.4 224.1 211.7 216.8 212.3 195.5 203.0 197.2 178.5 162.8 178.9 172.4 212.3 238.9 178.4 198.1 171.1 191.2 174.7 192.9 197.2 194.1 187.9 183.0
-9999.0 -9999.0 -9999.0 -9999.0 -9999.0 -9999.0 -9999.0 -9999.0 -9999.0 -9999.0 -9999.0 -9999.0 -9999.0 -9999.0 -9999.0 -9999.0 -9999.0 -9999.0 -9999.0 -9999.0 -9999.0 -9999.0 -9999.0 -9999.0 -9999.0 -9999.0 -9999.0 -9999.0 -9999.0 -9999.0 -9999.0 -9999.0 -9999.0 -9999.0 -9999.0 -9999.0 -9999.0 -9999.0 -9999.0 -9999.0 -9999.0 -9999.0 -9999.0 -9999.0 -9999.0 -9999.0 -9999.0 -9999.0 -9999.0 -9999.0 250.4 239.6 275.8 232.8 226.3 217.4 248.5 225.4 232.4 166.2 180.1 194.9 194.9 185.3 222.5 209.4 202.3 219.0 228.3 289.1 245.9 335.1 219.8 270.4 195.7
-9999.0 -9999.0 -9999.0 -9999.0 -9999.0 -9999.0 -9999.0 -9999.0 -9999.0 -9999.0 -9999.0 -9999.0 -9999.0 -9999.0 -9999.0 -9999.0 -9999.0 -9999.0 -9999.0 -9999.0 -9999.0 -9999.0 -9999.0 -9999.0 -9999.0 -9999.0 -9999.0 -9999.0 -9999.0 -9999.0 -9999.0 -9999.0 -9999.0 -9999.0 -9999.0 -9999.0 -9999.0 -9999.0 -9999.0 -9999.0 -9999.0 -9999.0 -9999.0 -9999.0 -9999.0 -9999.0 -9999.0 -9999.0 -9999.0 -9999.0 236.9 243.7 269.5 258.0 247.8 264.0 227.4 258.6 250.4 181.8 195.9 181.8 132.3 181.1 221.9 241.4 297.3 342.6 409.7 247.6 315.8 307.6 319.0 339.5 241.7
-9999.0 -9999.0 -9999.0 -9999.0 -9999.0 -9999.0 -9999.0 -9999.0 -9999.0 -9999.0 -9999.0 -9999.0 -9999.0 -9999.0 -9999.0 -9999.0 -9999.0 -9999.0 -9999.0 -9999.0 -9999.0 -9999.0 -9999.0 -9999.0 -9999.0 -9999.0 -9999.0 -9999.0 -9999.0 -9999.0 -9999.0 -9999.0 -9999.0 -9999.0 -9999.0 -9999.0 -9999.0 -9999.0 -9999.0 -9999.0 -9999.0 -9999.0 -9999.0 -9999.0 -9999.0 -9999.0 -9999.0 -9999.0 -9999.0 -9999.0 -9999.0 -9999.0 -9999.0 291.3 272.7 261.9 281.0 312.0 252.0 232.8 318.1 170.9 255.3 208.3 223.8 256.9 357.2 382.6 467.4 442.9 376.0 350.6 363.2 373.0 335.2
-9999.0 -9999.0 -9999.0 -9999.0 -9999.0 -9999.0 -9999.0 -9999.0 -9999.0 -9999.0 -9999.0 -9999.0 -9999.0 -9999.0 -9999.0 -9999.0 -9999.0 -9999.0 -9999.0 -9999.0 -9999.0 -9999.0 -9999.0 -9999.0 -9999.0 -9999.0 -9999.0 -9999.0 -9999.0 -9999.0 -9999.0 -9999.0 -9999.0 -9999.0 -9999.0 -9999.0 -9999.0 -9999.0 -9999.0 -9999.0 -9999.0 -9999.0 -9999.0 -9999.0 -9999.0 -9999.0 -9999.0 -9999.0 -9999.0 -9999.0 -9999.0 -9999.0 -9999.0 303.3 285.9 354.9 305.7 311.8 353.0 400.1 316.5 263.9 329.4 260.2 265.5 293.8 292.0 465.9 392.9 391.9 361.6 392.7 468.2 512.4 479.3
-9999.0 -9999.0 -9999.0 -9999.0 -9999.0 -9999.0 -9999.0 -9999.0 -9999.0 -9999.0 -9999.0 -9999.0 -9999.0 -9999.0 -9999.0 -9999.0 -9999.0 -9999.0 -9999.0 -9999.0 -9999.0 -9999.0 -9999.0 -9999.0 -9999.0 -9999.0 -9999.0 -9999.0 -9999.0 -9999.0 -9999.0 -9999.0 -9999.0 -9999.0 -9999.0 -9999.0 -9999.0 -9999.0 -9999.0 -9999.0 -9999.0 -9999.0 -9999.0 -9999.0 -9999.0 -9999.0 -9999.0 -9999.0 -9999.0 -9999.0 -9999.0 -9999.0 -9999.0 312.3 280.0 332.4 344.0 358.9 419.1 438.0 466.0 430.3 452.5 430.4 324.7 -9999.0 -9999.0 -9999.0 422.7 352.2 393.8 500.9 612.9 680.5 690.5
-9999.0 -9999.0 -9999.0 -9999.0 -9999.0 -9999.0 -9999.0 -9999.0 -9999.0 -9999.0 -9999.0 -9999.0 -9999.0 -9999.0 -9999.0 -9999.0 -9999.0 -9999.0 -9999.0 -9999.0 -9999.0 -9999.0 -9999.0 -9999.0 -9999.0 -9999.0 -9999.0 -9999.0 -9999.0 -9999.0 -9999.0 -9999.0 -9999.0 -9999.0 -9999.0 -9999.0 -9999.0 -9999.0 -9999.0 -9999.0 -9999.0 -9999.0 -9999.0 -9999.0 -9999.0 -9999.0 -9999.0 -9999.0 -9999.0 -9999.0 -9999.0 -9999.0 -9999.0 -9999.0 327.4 339.1 323.3 356.7 485.3 575.6 491.7 -9999.0 -9999.0 -9999.0 -9999.0 -9999.0 -9999.0 -9999.0 345.8 395.9 523.8 549.2 671.3 800.7 841.4
-9999.0 -9999.0 -9999.0 -9999.0 -9999.0 -9999.0 -9999.0 -9999.0 -9999.0 -9999.0 -9999.0 -9999.0 -9999.0 -9999.0 -9999.0 -9999.0 -9999.0 -9999.0 -9999.0 -9999.0 -9999.0 -9999.0 -9999.0 -9999.0 -9999.0 -9999.0 -9999.0 -9999.0 -9999.0 -9999.0 -9999.0 -9999.0 -9999.0 -9999.0 -9999.0 -9999.0 -9999.0 -9999.0 -9999.0 -9999.0 -9999.0 -9999.0 -9999.0 -9999.0 -9999.0 -9999.0 -9999.0 -9999.0 -9999.0 -9999.0 -9999.0 -9999.0 -9999.0 -9999.0 -9999.0 353.4 468.4 449.0 492.8 594.4 603.9 -9999.0 -9999.0 -9999.0 -9999.0 -9999.0 -9999.0 -9999.0 -9999.0 -9999.0 463.4 -9999.0 -9999.0 -9999.0 -9999.0
