program/excelProcessViaJava/data/SURF_CLI_CHN_PRE_MON_GRID_0.5-199506.txt
NCOLS      128
NROWS       72
XLLCORNER    72.000000000000    
YLLCORNER    18.000000000000    
CELLSIZE    0.50000000000000    
NODATA_VALUE   -9999.000    
[rows 34 to 67 of 72, columns 0 to 75 of 128]
-9999.0 -9999.0 -9999.0 -9999.0 123.8 100.9 95.7 70.2 75.0 64.3 36.8 47.2 36.0 32.3 12.2 10.2 9.0 4.2 3.4 4.3 5.7 5.9 6.9 10.2 11.1 10.5 10.4 10.6 11.0 11.7 12.6 14.0 14.4 15.2 16.2 15.6 18.1 20.8 16.0 10.7 16.5 5.8 4.6 2.4 1.7 1.2 1.0 1.0 1.0 1.3 1.6 4.2 40.9 35.9 39.7 56.7 66.1 78.1 86.0 58.0 71.1 39.7 26.5 19.7 15.6 17.2 27.4 36.6 42.9 51.0 38.5 36.3 36.6 39.6 41.0 39.7
-9999.0 -9999.0 -9999.0 -9999.0 -9999.0 -9999.0 -9999.0 71.2 64.8 52.4 51.1 44.3 34.9 31.8 27.8 11.3 16.8 10.4 9.1 11.2 11.8 10.1 8.7 7.9 7.5 7.4 7.3 7.8 8.5 9.4 10.8 12.2 13.6 15.0 16.7 16.9 19.7 19.8 24.6 27.5 17.3 36.2 35.7 24.5 12.0 3.2 6.0 4.0 6.7 2.0 1.3 3.1 16.4 80.7 79.4 44.9 43.6 46.0 78.0 60.9 70.5 41.7 28.7 22.6 19.4 19.4 27.7 42.3 47.7 46.0 31.9 28.4 35.6 40.7 40.3 37.0
-9999.0 -9999.0 -9999.0 -9999.0 -9999.0 -9999.0 -9999.0 72.0 55.9 51.3 44.2 37.0 32.1 27.1 23.3 18.2 16.6 13.9 10.4 9.6 8.1 6.1 5.5 4.9 4.8 4.8 5.3 5.4 6.9 8.3 9.2 10.8 12.6 14.2 15.7 17.2 18.3 21.2 23.1 24.7 28.6 32.1 37.8 54.5 33.1 17.2 22.3 22.9 41.5 29.8 60.8 54.8 28.0 48.8 80.8 50.1 49.4 57.6 70.0 72.1 64.1 54.3 37.6 30.1 23.5 22.3 29.5 43.5 57.4 36.3 27.1 26.0 34.9 39.9 33.5 33.6
-9999.0 -9999.0 -9999.0 -9999.0 -9999.0 -9999.0 -9999.0 -9999.0 -9999.0 46.3 39.0 32.7 26.7 22.3 18.8 15.7 12.0 7.0 6.9 4.2 4.0 3.9 3.3 3.0 3.0 3.4 3.6 4.3 5.9 6.3 9.3 10.6 12.3 13.9 15.8 17.3 18.7 21.1 22.7 26.6 29.1 35.9 39.7 41.1 50.3 51.3 51.4 48.1 47.8 45.8 53.5 46.9 43.5 45.5 73.7 54.2 46.9 53.1 68.1 66.6 64.7 60.6 51.8 38.5 32.2 31.2 40.1 52.5 67.2 45.8 37.0 30.3 34.6 37.7 36.4 24.4
-9999.0 -9999.0 -9999.0 -9999.0 -9999.0 -9999.0 -9999.0 -9999.0 -9999.0 -9999.0 -9999.0 27.1 24.6 17.1 14.7 10.9 8.6 6.7 5.1 3.3 1.9 1.9 1.5 1.7 1.1 1.7 2.0 2.8 4.2 6.3 8.3 9.2 12.6 14.5 16.7 18.3 20.4 22.6 28.7 29.0 35.9 39.6 44.4 49.6 69.1 62.2 80.2 67.1 67.6 59.1 45.2 45.6 48.7 60.1 75.7 69.0 61.2 68.2 67.8 68.3 69.9 64.7 57.6 49.7 44.0 49.9 58.4 67.5 77.5 73.4 55.4 44.9 35.5 31.7 29.4 24.1
-9999.0 -9999.0 -9999.0 -9999.0 -9999.0 -9999.0 -9999.0 -9999.0 -9999.0 -9999.0 -9999.0 -9999.0 21.6 17.4 10.6 9.3 4.0 4.0 2.6 1.0 1.7 1.1 0.9 1.0 0.4 1.2 2.1 2.1 3.6 4.0 7.7 10.6 13.1 14.4 16.9 19.9 22.4 25.5 28.1 31.1 35.7 43.0 52.4 66.3 75.6 85.4 93.2 78.2 74.2 67.2 73.0 67.7 59.4 56.8 66.4 74.5 77.5 84.3 70.9 81.7 77.9 75.9 69.6 61.5 56.6 58.2 71.7 82.8 94.2 98.5 61.1 34.1 29.2 29.5 26.8 54.8
-9999.0 -9999.0 -9999.0 -9999.0 -9999.0 -9999.0 -9999.0 -9999.0 -9999.0 -9999.0 -9999.0 -9999.0 13.4 16.1 13.5 6.5 6.9 3.8 1.2 0.9 0.8 0.5 0.5 0.7 1.1 1.0 1.5 3.4 4.1 7.3 8.2 9.1 13.4 16.6 18.7 22.3 24.5 28.8 33.4 38.0 42.9 51.0 66.5 74.7 92.4 107.3 104.0 96.5 76.9 79.6 72.1 74.7 66.7 74.4 68.1 80.0 78.8 86.5 85.7 89.6 88.7 85.8 80.8 75.5 64.3 68.9 76.0 78.4 81.7 89.7 103.2 115.4 104.0 49.0 40.3 28.8
-9999.0 -9999.0 -9999.0 -9999.0 -9999.0 -9999.0 -9999.0 -9999.0 -9999.0 -9999.0 -9999.0 -9999.0 -9999.0 11.5 5.4 8.8 3.6 3.3 2.2 1.2 0.7 0.8 0.3 0.8 0.8 0.4 0.7 0.8 2.6 5.4 10.3 14.3 13.8 16.8 23.0 25.4 28.7 32.8 37.9 45.4 53.1 63.3 74.7 91.4 103.0 112.6 122.3 123.4 116.2 104.4 96.5 85.9 84.3 108.5 100.6 95.5 90.8 97.5 107.4 107.7 104.9 97.6 91.6 77.9 62.8 73.3 83.4 85.3 87.0 74.5 37.4 35.0 50.9 50.1 57.4 39.4
-9999.0 -9999.0 -9999.0 -9999.0 -9999.0 -9999.0 -9999.0 -9999.0 -9999.0 -9999.0 -9999.0 -9999.0 12.8 5.6 4.4 5.6 1.2 1.3 0.8 1.4 0.9 0.7 0.5 0.6 0.8 0.4 0.9 2.5 4.6 6.7 11.3 18.7 15.4 22.2 24.0 28.6 30.0 38.1 44.7 51.9 60.1 71.0 83.8 93.7 108.7 122.1 128.2 123.4 122.3 119.4 125.7 131.1 117.1 123.1 115.5 111.3 113.5 100.7 113.3 116.1 115.7 111.8 103.1 99.2 87.6 83.9 93.6 101.1 102.9 118.9 110.7 77.5 51.7 42.5 44.0 42.9
-9999.0 -9999.0 -9999.0 -9999.0 -9999.0 -9999.0 -9999.0 -9999.0 -9999.0 -9999.0 -9999.0 -9999.0 7.8 12.5 7.2 0.8 0.7 2.0 1.3 0.4 0.9 0.3 0.4 0.4 0.9 1.7 2.6 4.5 7.2 13.1 18.8 22.1 19.9 30.7 32.4 32.3 37.2 41.5 49.4 59.2 67.2 75.7 83.9 93.8 105.5 117.9 130.5 135.9 138.2 126.3 132.8 148.5 142.4 141.1 140.4 132.9 129.2 128.1 126.6 132.0 131.8 128.7 116.8 103.3 96.3 84.7 107.3 130.4 122.0 107.5 101.8 96.4 91.0 96.2 91.1 72.0
-9999.0 -9999.0 -9999.0 -9999.0 -9999.0 -9999.0 -9999.0 -9999.0 -9999.0 -9999.0 -9999.0 -9999.0 17.9 5.3 8.8 4.4 2.9 0.3 0.6 0.4 0.1 0.0 0.3 0.2 0.5 0.3 1.0 0.9 9.0 14.7 22.0 18.4 33.9 40.8 40.1 37.4 39.3 44.0 53.4 61.6 72.8 82.4 83.4 92.9 98.2 109.7 121.7 127.6 129.9 141.9 154.5 156.4 181.8 182.6 174.4 163.9 157.1 151.8 150.2 149.1 149.4 146.8 142.4 125.0 85.6 89.1 126.5 147.6 138.9 120.2 124.8 152.0 152.0 144.3 146.4 111.0
-9999.0 -9999.0 -9999.0 -9999.0 -9999.0 -9999.0 -9999.0 -9999.0 -9999.0 -9999.0 -9999.0 -9999.0 -9999.0 1.2 1.1 3.5 1.4 1.2 0.3 0.1 0.0 0.1 0.0 0.0 0.5 0.7 1.8 5.5 6.2 21.0 16.8 27.6 31.9 44.5 42.2 33.4 36.9 46.2 54.1 67.7 78.5 75.8 79.7 85.2 91.3 95.6 106.2 107.9 133.2 148.6 153.3 180.4 186.1 183.3 193.5 188.9 181.0 175.2 173.2 171.4 171.9 163.0 164.5 125.1 69.0 99.9 131.8 139.8 120.8 129.8 152.3 179.7 197.4 181.0 163.5 148.6
-9999.0 -9999.0 -9999.0 -9999.0 -9999.0 -9999.0 -9999.0 -9999.0 -9999.0 -9999.0 -9999.0 -9999.0 -9999.0 17.0 1.1 3.0 0.3 1.2 0.7 0.2 0.0 0.0 0.0 0.0 1.0 0.8 1.3 6.9 10.0 2.5 10.3 20.3 38.8 43.0 36.9 38.6 45.8 49.1 54.5 57.3 77.3 80.2 80.5 81.3 85.2 87.8 94.0 97.3 113.6 131.7 157.9 151.7 185.9 198.8 201.4 197.8 193.3 193.6 193.3 204.5 195.4 200.9 130.2 71.0 89.8 119.0 138.0 128.9 120.0 129.6 165.0 202.2 220.3 217.0 201.7 196.7
-9999.0 -9999.0 -9999.0 -9999.0 -9999.0 -9999.0 -9999.0 -9999.0 -9999.0 -9999.0 -9999.0 -9999.0 -9999.0 -9999.0 -9999.0 2.4 2.2 0.6 0.7 0.8 0.0 0.2 0.3 0.2 0.2 0.5 0.1 1.0 0.6 11.2 12.6 24.7 19.1 29.6 43.9 34.7 37.2 58.7 61.9 71.2 71.2 74.5 77.8 79.7 89.7 98.5 86.8 96.7 103.3 98.5 128.5 172.3 170.3 182.3 161.2 189.5 193.0 200.4 202.5 204.5 229.4 172.5 107.1 108.5 124.6 144.4 142.2 124.1 131.2 162.7 183.3 198.1 228.1 232.6 232.7 253.3
-9999.0 -9999.0 -9999.0 -9999.0 -9999.0 -9999.0 -9999.0 -9999.0 -9999.0 -9999.0 -9999.0 -9999.0 -9999.0 -9999.0 -9999.0 -9999.0 -9999.0 53.3 17.1 -9999.0 6.6 0.2 1.3 1.5 0.2 0.6 0.1 0.7 6.2 3.1 13.9 35.7 14.3 54.8 73.3 56.8 40.3 68.1 66.2 73.5 76.7 73.1 78.4 81.6 141.4 111.4 231.2 94.1 94.2 105.1 88.9 124.6 107.6 164.2 172.5 176.2 173.6 190.5 202.7 212.3 206.9 178.2 157.1 150.8 161.3 169.4 155.4 147.8 164.7 189.9 175.8 226.2 235.4 227.9 259.1 303.1
-9999.0 -9999.0 -9999.0 -9999.0 -9999.0 -9999.0 -9999.0 -9999.0 -9999.0 -9999.0 -9999.0 -9999.0 -9999.0 -9999.0 -9999.0 -9999.0 -9999.0 -9999.0 -9999.0 -9999.0 -9999.0 2.9 0.7 0.0 0.5 7.5 7.3 7.4 6.4 19.3 19.4 58.4 55.7 55.8 71.6 60.3 66.0 64.6 65.1 74.9 86.6 73.4 75.6 80.2 146.3 93.9 282.5 113.5 104.7 149.0 105.6 150.6 157.2 120.2 140.1 159.2 165.1 172.4 187.8 213.4 211.4 213.9 208.4 195.6 178.2 164.9 153.4 164.3 183.1 208.0 210.6 234.2 230.2 224.4 266.4 326.6
-9999.0 -9999.0 -9999.0 -9999.0 -9999.0 -9999.0 -9999.0 -9999.0 -9999.0 -9999.0 -9999.0 -9999.0 -9999.0 -9999.0 -9999.0 -9999.0 -9999.0 -9999.0 -9999.0 -9999.0 -9999.0 -9999.0 -9999.0 48.4 6.5 10.1 11.2 7.9 1.6 12.6 13.0 17.1 9.8 30.6 33.4 46.1 47.7 58.7 57.1 60.9 68.4 70.9 82.0 96.7 153.7 313.7 182.3 146.2 149.8 130.3 89.0 128.0 99.8 117.5 110.7 102.8 139.1 162.1 193.6 198.3 229.5 220.5 201.0 201.9 182.0 162.8 154.9 177.0 221.7 240.2 265.8 258.5 248.3 268.9 311.2 362.6
-9999.0 -9999.0 -9999.0 -9999.0 -9999.0 -9999.0 -9999.0 -9999.0 -9999.0 -9999.0 -9999.0 -9999.0 -9999.0 -9999.0 -9999.0 -9999.0 -9999.0 -9999.0 -9999.0 -9999.0 -9999.0 -9999.0 -9999.0 -9999.0 -9999.0 139.4 48.8 0.1 0.4 0.1 3.7 25.0 36.7 32.1 49.6 38.3 32.8 52.4 51.3 58.5 62.9 75.9 134.6 144.3 266.2 337.5 284.1 371.3 114.3 127.0 121.5 112.2 129.3 124.9 102.7 101.7 123.3 137.8 163.7 183.1 202.4 202.2 177.4 204.8 180.9 174.2 177.0 200.0 238.1 270.6 295.3 295.1 278.6 306.1 344.4 392.4
-9999.0 -9999.0 -9999.0 -9999.0 -9999.0 -9999.0 -9999.0 -9999.0 -9999.0 -9999.0 -9999.0 -9999.0 -9999.0 -9999.0 -9999.0 -9999.0 -9999.0 -9999.0 -9999.0 -9999.0 -9999.0 -9999.0 -9999.0 -9999.0 -9999.0 -9999.0 -9999.0 193.2 188.1 63.8 55.3 57.4 10.9 74.1 42.0 97.6 54.1 53.3 63.0 59.7 66.4 91.1 163.8 264.2 309.0 358.7 394.4 406.1 401.9 222.4 296.1 264.1 120.1 120.5 110.9 112.9 121.0 142.0 158.1 182.6 223.6 192.3 178.8 159.1 133.1 143.9 187.6 232.6 267.3 290.1 304.9 313.6 314.5 327.9 360.1 368.0
-9999.0 -9999.0 -9999.0 -9999.0 -9999.0 -9999.0 -9999.0 -9999.0 -9999.0 -9999.0 -9999.0 -9999.0 -9999.0 -9999.0 -9999.0 -9999.0 -9999.0 -9999.0 -9999.0 -9999.0 -9999.0 -9999.0 -9999.0 -9999.0 -9999.0 -9999.0 -9999.0 -9999.0 -9999.0 -9999.0 -9999.0 -9999.0 -9999.0 124.6 58.0 -9999.0 -9999.0 -9999.0 105.8 76.9 112.6 160.4 169.1 298.9 352.9 384.0 -9999.0 -9999.0 -9999.0 -9999.0 -9999.0 -9999.0 180.1 132.2 143.2 142.6 144.3 173.6 181.1 215.8 226.2 203.7 186.7 159.5 143.6 154.6 195.2 241.6 269.8 277.2 286.7 307.1 323.1 333.3 323.0 322.8
-9999.0 -9999.0 -9999.0 -9999.0 -9999.0 -9999.0 -9999.0 -9999.0 -9999.0 -9999.0 -9999.0 -9999.0 -9999.0 -9999.0 -9999.0 -9999.0 -9999.0 -9999.0 -9999.0 -9999.0 -9999.0 -9999.0 -9999.0 -9999.0 -9999.0 -9999.0 -9999.0 -9999.0 -9999.0 -9999.0 -9999.0 -9999.0 -9999.0 -9999.0 -9999.0 -9999.0 -9999.0 -9999.0 -9999.0 214.1 232.2 260.7 294.2 329.0 -9999.0 -9999.0 -9999.0 -9999.0 -9999.0 -9999.0 -9999.0 -9999.0 193.5 158.3 145.9 164.9 186.9 203.7 219.5 239.0 250.8 232.3 196.0 164.7 140.6 155.5 194.9 252.0 258.6 252.6 262.1 302.1 332.9 319.5 307.7 280.5
-9999.0 -9999.0 -9999.0 -9999.0 -9999.0 -9999.0 -9999.0 -9999.0 -9999.0 -9999.0 -9999.0 -9999.0 -9999.0 -9999.0 -9999.0 -9999.0 -9999.0 -9999.0 -9999.0 -9999.0 -9999.0 -9999.0 -9999.0 -9999.0 -9999.0 -9999.0 -9999.0 -9999.0 -9999.0 -9999.0 -9999.0 -9999.0 -9999.0 -9999.0 -9999.0 -9999.0 -9999.0 -9999.0 -9999.0 -9999.0 -9999.0 -9999.0 -9999.0 -9999.0 -9999.0 -9999.0 -9999.0 -9999.0 -9999.0 -9999.0 -9999.0 -9999.0 281.6 194.6 171.4 182.6 202.6 217.2 226.7 243.2 235.2 233.3 192.8 171.0 151.5 175.2 225.9 249.9 242.5 233.7 248.2 296.5 303.8 304.7 272.8 268.5
-9999.0 -9999.0 -9999.0 -9999.0 -9999.0 -9999.0 -9999.0 -9999.0 -9999.0 -9999.0 -9999.0 -9999.0 -9999.0 -9999.0 -9999.0 -9999.0 -9999.0 -9999.0 -9999.0 -9999.0 -9999.0 -9999.0 -9999.0 -9999.0 -9999.0 -9999.0 -9999.0 -9999.0 -9999.0 -9999.0 -9999.0 -9999.0 -9999.0 -9999.0 -9999.0 -9999.0 -9999.0 -9999.0 -9999.0 -9999.0 -9999.0 -9999.0 -9999.0 -9999.0 -9999.0 -9999.0 -9999.0 -9999.0 -9999.0 -9999.0 -9999.0 350.8 260.7 231.5 165.1 188.9 199.7 226.9 221.0 147.3 255.9 244.4 207.7 186.2 172.5 184.1 227.8 243.8 246.6 244.7 257.0 294.8 310.6 283.4 264.1 272.8
-9999.0 -9999.0 -9999.0 -9999.0 -9999.0 -9999.0 -9999.0 -9999.0 -9999.0 -9999.0 -9999.0 -9999.0 -9999.0 -9999.0 -9999.0 -9999.0 -9999.0 -9999.0 -9999.0 -9999.0 -9999.0 -9999.0 -9999.0 -9999.0 -9999.0 -9999.0 -9999.0 -9999.0 -9999.0 -9999.0 -9999.0 -9999.0 -9999.0 -9999.0 -9999.0 -9999.0 -9999.0 -9999.0 -9999.0 -9999.0 -9999.0 -9999.0 -9999.0 -9999.0 -9999.0 -9999.0 -9999.0 -9999.0 -9999.0 -9999.0 378.3 377.2 307.5 267.1 187.1 196.2 160.1 141.9 172.3 211.4 202.4 248.1 221.7 207.2 210.0 216.7 217.0 250.8 277.5 301.1 315.3 321.3 296.3 258.9 239.3 246.4
-9999.0 -9999.0 -9999.0 -9999.0 -9999.0 -9999.0 -9999.0 -9999.0 -9999.0 -9999.0 -9999.0 -9999.0 -9999.0 -9999.0 -9999.0 -9999.0 -9999.0 -9999.0 -9999.0 -9999.0 -9999.0 -9999.0 -9999.0 -9999.0 -9999.0 -9999.0 -9999.0 -9999.0 -9999.0 -9999.0 -9999.0 -9999.0 -9999.0 -9999.0 -9999.0 -9999.0 -9999.0 -9999.0 -9999.0 -9999.0 -9999.0 -9999.0 -9999.0 -9999.0 -9999.0 -9999.0 -9999.0 -9999.0 -9999.0 -9999.0 362.4 444.4 309.4 293.8 256.6 188.8 96.0 180.0 171.4 147.3 160.6 211.7 220.0 223.2 225.7 223.8 228.1 254.0 313.0 349.3 373.1 347.3 291.2 243.4 239.1 290.2
-9999.0 -9999.0 -9999.0 -9999.0 -9999.0 -9999.0 -9999.0 -9999.0 -9999.0 -9999.0 -9999.0 -9999.0 -9999.0 -9999.0 -9999.0 -9999.0 -9999.0 -9999.0 -9999.0 -9999.0 -9999.0 -9999.0 -9999.0 -9999.0 -9999.0 -9999.0 -9999.0 -9999.0 -9999.0 -9999.0 -9999.0 -9999.0 -9999.0 -9999.0 -9999.0 -9999.0 -9999.0 -9999.0 -9999.0 -9999.0 -9999.0 -9999.0 -9999.0 -9999.0 -9999.0 -9999.0 -9999.0 -9999.0 -9999.0 -9999.0 315.8 364.7 270.9 420.6 228.2 182.7 257.0 172.8 169.7 123.0 156.1 196.1 198.5 193.2 191.6 196.1 218.0 253.3 294.7 372.7 379.0 355.4 293.2 240.2 242.4 285.1
-9999.0 -9999.0 -9999.0 -9999.0 -9999.0 -9999.0 -9999.0 -9999.0 -9999.0 -9999.0 -9999.0 -9999.0 -9999.0 -9999.0 -9999.0 -9999.0 -9999.0 -9999.0 -9999.0 -9999.0 -9999.0 -9999.0 -9999.0 -9999.0 -9999.0 -9999.0 -9999.0 -9999.0 -9999.0 -9999.0 -9999.0 -9999.0 -9999.0 -9999.0 -9999.0 -9999.0 -9999.0 -9999.0 -9999.0 -9999.0 -9999.0 -9999.0 -9999.0 -9999.0 -9999.0 -9999.0 -9999.0 -9999.0 -9999.0 -9999.0 425.3 498.8 390.9 401.2 346.6 350.0 182.8 202.4 175.8 149.5 167.3 171.2 164.1 159.2 157.0 166.4 196.8 254.2 307.0 243.5 313.7 310.4 283.3 242.6 251.2 272.7
-9999.0 -9999.0 -9999.0 -9999.0 -9999.0 -9999.0 -9999.0 -9999.0 -9999.0 -9999.0 -9999.0 -9999.0 -9999.0 -9999.0 -9999.0 -9999.0 -9999.0 -9999.0 -9999.0 -9999.0 -9999.0 -9999.0 -9999.0 -9999.0 -9999.0 -9999.0 -9999.0 -9999.0 -9999.0 -9999.0 -9999.0 -9999.0 -9999.0 -9999.0 -9999.0 -9999.0 -9999.0 -9999.0 -9999.0 -9999.0 -9999.0 -9999.0 -9999.0 -9999.0 -9999.0 -9999.0 -9999.0 -9999.0 -9999.0 -9999.0 -9999.0 -9999.0 -9999.0 362.6 325.2 297.3 271.1 245.5 196.9 208.0 258.8 217.0 189.5 182.1 160.8 162.9 191.1 221.1 258.8 248.9 228.3 236.0 247.5 256.1 276.4 306.4
-9999.0 -9999.0 -9999.0 -9999.0 -9999.0 -9999.0 -9999.0 -9999.0 -9999.0 -9999.0 -9999.0 -9999.0 -9999.0 -9999.0 -9999.0 -9999.0 -9999.0 -9999.0 -9999.0 -9999.0 -9999.0 -9999.0 -9999.0 -9999.0 -9999.0 -9999.0 -9999.0 -9999.0 -9999.0 -9999.0 -9999.0 -9999.0 -9999.0 -9999.0 -9999.0 -9999.0 -9999.0 -9999.0 -9999.0 -9999.0 -9999.0 -9999.0 -9999.0 -9999.0 -9999.0 -9999.0 -9999.0 -9999.0 -9999.0 -9999.0 -9999.0 -9999.0 -9999.0 413.6 335.1 505.7 282.6 231.5 257.5 334.0 340.4 314.5 325.1 244.8 200.4 179.1 151.9 217.7 179.2 175.2 174.6 216.0 258.2 298.5 332.0 295.1
-9999.0 -9999.0 -9999.0 -9999.0 -9999.0 -9999.0 -9999.0 -9999.0 -9999.0 -9999.0 -9999.0 -9999.0 -9999.0 -9999.0 -9999.0 -9999.0 -9999.0 -9999.0 -9999.0 -9999.0 -9999.0 -9999.0 -9999.0 -9999.0 -9999.0 -9999.0 -9999.0 -9999.0 -9999.0 -9999.0 -9999.0 -9999.0 -9999.0 -9999.0 -9999.0 -9999.0 -9999.0 -9999.0 -9999.0 -9999.0 -9999.0 -9999.0 -9999.0 -9999.0 -9999.0 -9999.0 -9999.0 -9999.0 -9999.0 -9999.0 -9999.0 -9999.0 -9999.0 464.9 301.9 411.3 328.2 280.9 324.4 386.8 473.4 478.2 465.4 376.8 207.7 -9999.0 -9999.0 -9999.0 190.0 174.0 214.2 286.8 358.4 402.9 385.3 304.3
-9999.0 -9999.0 -9999.0 -9999.0 -9999.0 -9999.0 -9999.0 -9999.0 -9999.0 -9999.0 -9999.0 -9999.0 -9999.0 -9999.0 -9999.0 -9999.0 -9999.0 -9999.0 -9999.0 -9999.0 -9999.0 -9999.0 -9999.0 -9999.0 -9999.0 -9999.0 -9999.0 -9999.0 -9999.0 -9999.0 -9999.0 -9999.0 -9999.0 -9999.0 -9999.0 -9999.0 -9999.0 -9999.0 -9999.0 -9999.0 -9999.0 -9999.0 -9999.0 -9999.0 -9999.0 -9999.0 -9999.0 -9999.0 -9999.0 -9999.0 -9999.0 -9999.0 -9999.0 -9999.0 459.7 406.9 305.9 304.9 403.8 508.7 464.5 -9999.0 -9999.0 -9999.0 -9999.0 -9999.0 -9999.0 -9999.0 201.0 239.2 306.5 407.1 492.8 489.8 414.5 339.2
-9999.0 -9999.0 -9999.0 -9999.0 -9999.0 -9999.0 -9999.0 -9999.0 -9999.0 -9999.0 -9999.0 -9999.0 -9999.0 -9999.0 -9999.0 -9999.0 -9999.0 -9999.0 -9999.0 -9999.0 -9999.0 -9999.0 -9999.0 -9999.0 -9999.0 -9999.0 -9999.0 -9999.0 -9999.0 -9999.0 -9999.0 -9999.0 -9999.0 -9999.0 -9999.0 -9999.0 -9999.0 -9999.0 -9999.0 -9999.0 -9999.0 -9999.0 -9999.0 -9999.0 -9999.0 -9999.0 -9999.0 -9999.0 -9999.0 -9999.0 -9999.0 -9999.0 -9999.0 -9999.0 -9999.0 420.1 517.7 412.3 429.4 529.5 553.8 -9999.0 -9999.0 -9999.0 -9999.0 -9999.0 -9999.0 -9999.0 -9999.0 -9999.0 393.9 -9999.0 -9999.0 -9999.0 -9999.0 -9999.0
-9999.0 -9999.0 -9999.0 -9999.0 -9999.0 -9999.0 -9999.0 -9999.0 -9999.0 -9999.0 -9999.0 -9999.0 -9999.0 -9999.0 -9999.0 -9999.0 -9999.0 -9999.0 -9999.0 -9999.0 -9999.0 -9999.0 -9999.0 -9999.0 -9999.0 -9999.0 -9999.0 -9999.0 -9999.0 -9999.0 -9999.0 -9999.0 -9999.0 -9999.0 -9999.0 -9999.0 -9999.0 -9999.0 -9999.0 -9999.0 -9999.0 -9999.0 -9999.0 -9999.0 -9999.0 -9999.0 -9999.0 -9999.0 -9999.0 -9999.0 -9999.0 -9999.0 -9999.0 -9999.0 -9999.0 -9999.0 -9999.0 -9999.0 528.6 537.4 -9999.0 -9999.0 -9999.0 -9999.0 -9999.0 -9999.0 -9999.0 -9999.0 -9999.0 -9999.0 -9999.0 -9999.0 -9999.0 -9999.0 -9999.0 251.7
-9999.0 -9999.0 -9999.0 -9999.0 -9999.0 -9999.0 -9999.0 -9999.0 -9999.0 -9999.0 -9999.0 -9999.0 -9999.0 -9999.0 -9999.0 -9999.0 -9999.0 -9999.0 -9999.0 -9999.0 -9999.0 -9999.0 -9999.0 -9999.0 -9999.0 -9999.0 -9999.0 -9999.0 -9999.0 -9999.0 -9999.0 -9999.0 -9999.0 -9999.0 -9999.0 -9999.0 -9999.0 -9999.0 -9999.0 -9999.0 -9999.0 -9999.0 -9999.0 -9999.0 -9999.0 -9999.0 -9999.0 -9999.0 -9999.0 -9999.0 -9999.0 -9999.0 -9999.0 -9999.0 -9999.0 -9999.0 -9999.0 -9999.0 -9999.0 -9999.0 -9999.0 -9999.0 -9999.0 -9999.0 -9999.0 -9999.0 -9999.0 -9999.0 -9999.0 -9999.0 -9999.0 -9999.0 -9999.0 -9999.0 -9999.0 -9999.0
