program/excelProcessViaJava/data/SURF_CLI_CHN_PRE_MON_GRID_0.5-198007.txt
NCOLS      128
NROWS       72
XLLCORNER    72.000000000000    
YLLCORNER    18.000000000000    
CELLSIZE    0.50000000000000    
NODATA_VALUE   -9999.000    
[rows 33 to 65 of 72, columns 0 to 73 of 128]
-9999.0 -9999.0 -9999.0 -9999.0 42.6 70.1 93.5 52.0 44.5 7.7 12.3 7.4 3.9 1.4 1.2 1.4 2.3 3.8 5.3 6.3 5.9 5.2 4.9 5.4 6.3 8.9 12.2 87.3 36.9 43.0 47.2 38.6 33.6 37.2 22.7 20.2 16.2 33.1 25.2 13.2 6.6 5.2 5.2 5.0 5.2 5.5 7.0 12.0 17.9 14.7 18.6 39.7 59.8 83.8 61.8 78.0 92.6 121.4 124.3 129.5 110.8 77.6 48.9 30.1 24.5 25.7 29.7 29.2 41.0 44.5 49.6 55.7 53.8 50.2
-9999.0 -9999.0 -9999.0 -9999.0 65.9 50.8 88.7 44.6 107.8 96.9 24.0 72.1 41.9 40.8 5.4 6.0 7.7 5.2 5.2 6.0 7.8 8.4 10.1 24.0 63.4 92.5 61.5 63.0 57.7 55.6 51.7 56.5 43.9 39.4 37.8 28.9 33.6 37.9 22.4 13.2 21.6 8.1 7.3 5.5 5.1 4.9 5.2 6.1 7.9 12.2 16.9 24.1 59.0 49.2 50.6 66.9 84.2 105.0 118.1 94.4 102.5 62.4 43.6 36.1 31.9 29.1 42.0 45.1 57.7 85.6 84.9 90.3 82.8 75.9
-9999.0 -9999.0 -9999.0 -9999.0 -9999.0 -9999.0 -9999.0 55.4 77.9 55.3 107.7 102.6 53.6 63.2 61.4 6.6 24.8 12.2 11.8 21.4 46.3 71.9 78.3 74.0 71.0 69.8 76.7 78.1 76.8 82.2 75.5 68.6 60.4 57.7 57.1 43.5 49.3 39.9 48.5 49.2 22.8 57.7 53.5 35.4 20.0 9.5 16.1 15.0 23.3 17.7 19.9 27.5 41.7 94.0 84.6 60.2 72.0 86.6 115.3 104.5 106.0 70.0 52.6 47.2 51.2 47.4 63.2 84.1 96.3 119.3 120.6 119.9 119.3 116.5
-9999.0 -9999.0 -9999.0 -9999.0 -9999.0 -9999.0 -9999.0 117.5 43.1 79.7 92.9 67.9 79.7 106.9 75.3 122.8 70.2 66.5 99.0 67.7 67.1 87.1 79.6 82.3 80.4 83.0 82.9 96.1 83.5 79.3 87.2 82.4 75.4 77.8 62.0 57.5 49.1 52.1 48.4 44.0 46.8 49.2 57.7 89.4 53.9 34.3 47.2 52.6 83.6 68.2 104.7 90.4 56.6 67.0 91.5 66.3 77.9 96.5 110.6 111.6 99.4 87.4 73.1 70.5 70.5 78.0 91.1 106.4 148.7 134.7 143.5 141.9 137.0 139.2
-9999.0 -9999.0 -9999.0 -9999.0 -9999.0 -9999.0 -9999.0 -9999.0 -9999.0 73.7 68.3 58.7 91.5 86.1 71.1 62.7 81.8 131.2 93.1 120.2 96.2 82.2 83.1 86.8 89.0 89.2 97.6 100.3 94.0 108.3 88.5 90.3 85.8 85.0 69.3 63.4 57.2 57.3 51.1 53.6 50.6 59.2 62.4 64.9 83.2 89.9 96.2 95.8 97.3 94.3 100.7 86.6 74.9 69.1 90.3 75.3 82.3 96.1 107.6 103.7 96.3 96.0 98.9 87.2 99.7 106.0 107.1 116.4 171.0 155.4 163.8 145.5 134.6 137.6
-9999.0 -9999.0 -9999.0 -9999.0 -9999.0 -9999.0 -9999.0 -9999.0 -9999.0 -9999.0 -9999.0 92.3 43.1 95.9 76.7 86.2 81.2 77.6 77.7 88.0 104.7 93.1 99.8 95.4 120.3 112.2 121.6 123.4 120.9 115.3 112.8 119.4 102.5 96.5 85.4 92.1 73.8 69.5 87.3 65.8 73.7 70.5 73.2 79.9 113.8 104.6 136.6 120.8 123.3 112.5 93.3 88.7 84.3 87.8 100.4 94.4 94.6 104.3 103.6 99.5 101.8 98.5 104.0 111.8 133.1 101.2 88.9 119.8 161.6 183.1 180.2 165.5 134.8 117.7
-9999.0 -9999.0 -9999.0 -9999.0 -9999.0 -9999.0 -9999.0 -9999.0 -9999.0 -9999.0 -9999.0 -9999.0 47.4 47.8 84.6 68.2 111.0 85.7 88.5 119.9 82.2 94.7 102.1 101.6 154.4 121.2 119.9 138.9 137.6 152.1 136.7 129.7 123.2 123.2 114.5 101.7 110.4 89.6 80.2 74.8 75.4 81.7 91.6 110.5 120.2 132.7 144.4 124.0 123.7 118.9 126.6 115.7 99.4 91.3 99.0 110.6 116.7 125.1 101.7 112.8 108.3 123.8 136.4 141.0 126.0 175.8 117.1 150.0 186.5 212.2 196.1 147.9 115.3 98.3
-9999.0 -9999.0 -9999.0 -9999.0 -9999.0 -9999.0 -9999.0 -9999.0 -9999.0 -9999.0 -9999.0 -9999.0 92.2 38.0 33.9 72.2 49.3 64.5 95.5 92.7 95.6 110.2 112.5 108.8 107.3 125.2 134.6 133.9 148.1 145.8 155.4 161.2 147.3 136.6 130.4 117.6 122.6 118.0 108.9 103.6 99.5 105.4 128.3 127.7 147.1 161.3 144.6 134.2 117.8 128.0 121.2 122.4 109.3 115.3 111.9 127.4 126.1 129.2 115.0 113.4 117.6 129.2 156.0 185.9 127.4 157.7 114.5 142.6 183.1 223.4 253.0 264.2 241.2 187.4
-9999.0 -9999.0 -9999.0 -9999.0 -9999.0 -9999.0 -9999.0 -9999.0 -9999.0 -9999.0 -9999.0 -9999.0 -9999.0 52.9 82.0 37.7 64.7 56.3 59.9 69.0 85.5 84.4 112.0 103.6 118.9 151.0 160.8 178.5 174.2 175.3 169.1 165.5 170.5 161.0 139.1 132.1 128.8 131.7 154.8 139.6 138.2 147.9 154.7 173.2 170.1 164.7 168.3 168.3 162.9 152.0 143.1 127.7 123.6 157.0 148.8 147.2 141.7 145.7 161.9 146.1 148.7 151.7 176.4 154.6 119.8 139.9 166.8 175.7 205.4 216.3 170.5 184.4 214.7 193.5
-9999.0 -9999.0 -9999.0 -9999.0 -9999.0 -9999.0 -9999.0 -9999.0 -9999.0 -9999.0 -9999.0 -9999.0 48.2 77.8 69.4 46.1 82.7 68.4 72.5 58.0 68.2 80.6 99.4 108.4 118.7 152.6 159.3 164.7 174.8 185.6 186.7 179.4 187.3 168.4 157.8 143.7 148.6 141.6 147.0 154.4 173.8 189.2 202.1 188.3 195.9 195.0 184.1 170.4 168.4 162.4 166.7 171.9 146.6 158.2 151.5 153.9 166.1 141.7 157.4 152.5 164.6 189.9 194.0 229.1 190.6 169.4 171.6 174.9 214.9 262.4 264.0 222.9 162.8 97.9
-9999.0 -9999.0 -9999.0 -9999.0 -9999.0 -9999.0 -9999.0 -9999.0 -9999.0 -9999.0 -9999.0 -9999.0 61.0 24.6 36.1 91.2 81.3 47.0 52.0 74.4 64.7 89.6 101.0 113.2 120.6 132.3 148.4 161.9 175.4 182.3 189.0 193.6 196.4 174.6 158.6 148.4 142.3 150.6 160.0 165.4 176.1 185.2 195.8 204.5 207.4 206.2 208.4 196.8 185.4 156.8 150.0 165.7 146.5 142.3 148.7 147.4 161.0 171.2 166.5 192.3 214.1 242.9 191.3 170.7 168.3 177.7 183.0 177.2 173.7 186.2 194.1 178.8 154.5 172.9
-9999.0 -9999.0 -9999.0 -9999.0 -9999.0 -9999.0 -9999.0 -9999.0 -9999.0 -9999.0 -9999.0 -9999.0 13.3 46.1 22.3 33.0 36.1 74.7 59.2 68.1 99.9 112.2 102.0 124.3 129.7 154.9 159.8 181.7 174.2 184.9 193.4 207.3 195.8 180.2 161.6 146.6 142.0 150.5 161.9 175.4 183.9 193.2 207.0 205.2 206.6 210.6 207.7 185.7 159.2 150.8 149.3 134.2 199.7 207.9 176.9 143.1 162.5 179.0 194.0 186.1 200.2 216.2 306.8 170.3 132.5 204.7 184.8 175.4 180.2 187.7 189.1 204.4 194.6 217.4
-9999.0 -9999.0 -9999.0 -9999.0 -9999.0 -9999.0 -9999.0 -9999.0 -9999.0 -9999.0 -9999.0 -9999.0 -9999.0 73.2 61.2 30.3 39.4 39.0 63.6 78.3 117.7 95.2 117.4 134.1 127.2 142.4 150.8 157.5 173.0 173.9 193.9 198.9 200.3 185.0 164.5 153.4 144.8 147.0 160.2 171.5 181.9 195.2 204.6 203.4 192.2 182.4 182.1 143.7 161.6 148.5 119.8 162.6 153.7 129.0 180.9 185.0 147.7 161.5 193.0 254.5 250.1 382.2 285.9 120.3 190.6 180.4 167.4 167.7 184.1 195.0 200.4 196.3 214.0 184.4
-9999.0 -9999.0 -9999.0 -9999.0 -9999.0 -9999.0 -9999.0 -9999.0 -9999.0 -9999.0 -9999.0 -9999.0 -9999.0 6.9 51.0 27.8 60.6 34.6 45.3 64.0 107.3 115.0 127.7 129.4 119.7 136.4 146.1 146.3 154.8 181.9 182.7 187.6 186.7 178.9 163.6 146.9 135.0 140.4 152.1 168.7 170.8 178.9 184.0 184.1 194.8 167.8 156.0 121.5 119.5 114.8 137.0 98.4 145.1 178.8 200.7 179.6 146.0 159.8 204.3 166.0 259.4 178.4 140.9 238.8 200.4 163.8 150.2 163.0 178.3 195.5 195.9 197.3 214.5 247.0
-9999.0 -9999.0 -9999.0 -9999.0 -9999.0 -9999.0 -9999.0 -9999.0 -9999.0 -9999.0 -9999.0 -9999.0 -9999.0 -9999.0 -9999.0 27.9 27.0 43.4 43.9 48.7 89.6 88.7 100.1 116.7 130.9 136.2 158.6 146.6 160.8 144.8 155.1 160.1 170.4 163.9 147.8 144.3 140.7 125.1 134.9 144.0 155.4 162.9 165.1 162.3 151.0 133.5 128.4 93.2 106.3 68.1 95.4 163.7 126.3 140.9 93.7 152.9 162.5 116.7 227.8 276.6 154.2 160.2 311.2 276.6 215.8 165.4 152.7 173.7 188.5 174.0 170.7 181.6 236.3 294.2
-9999.0 -9999.0 -9999.0 -9999.0 -9999.0 -9999.0 -9999.0 -9999.0 -9999.0 -9999.0 -9999.0 -9999.0 -9999.0 -9999.0 -9999.0 -9999.0 -9999.0 5.1 18.5 -9999.0 47.7 91.6 90.2 104.9 128.4 131.4 150.7 137.2 124.3 132.4 126.3 127.4 147.9 134.8 123.6 115.3 126.6 102.3 113.8 123.1 132.6 143.5 143.6 141.0 162.9 121.7 160.4 122.2 76.0 90.9 63.4 89.7 76.0 135.2 154.9 168.8 137.3 216.2 231.3 272.3 136.9 188.2 285.3 283.4 204.8 151.2 149.1 167.0 190.9 168.6 172.1 197.0 254.2 309.7
-9999.0 -9999.0 -9999.0 -9999.0 -9999.0 -9999.0 -9999.0 -9999.0 -9999.0 -9999.0 -9999.0 -9999.0 -9999.0 -9999.0 -9999.0 -9999.0 -9999.0 -9999.0 -9999.0 -9999.0 -9999.0 75.9 101.1 132.8 126.5 121.4 122.9 118.5 111.7 100.9 99.9 104.0 112.0 114.2 105.8 97.7 89.0 87.0 94.1 122.2 138.2 123.3 128.0 125.4 158.1 109.0 228.6 84.6 121.5 268.3 87.9 161.8 161.4 91.3 123.5 180.2 203.5 183.7 323.6 256.8 140.7 148.5 204.4 209.0 191.8 160.9 162.5 171.5 204.8 178.2 148.8 192.1 241.5 330.1
-9999.0 -9999.0 -9999.0 -9999.0 -9999.0 -9999.0 -9999.0 -9999.0 -9999.0 -9999.0 -9999.0 -9999.0 -9999.0 -9999.0 -9999.0 -9999.0 -9999.0 -9999.0 -9999.0 -9999.0 -9999.0 -9999.0 -9999.0 97.5 120.9 125.7 125.3 118.5 112.8 94.3 90.0 94.0 112.9 103.5 104.0 94.2 93.1 79.1 88.0 95.1 99.9 110.3 111.5 121.6 160.1 325.6 132.1 100.9 106.9 108.6 79.0 126.3 85.4 101.8 95.9 85.6 176.1 254.9 159.9 271.5 165.9 162.8 149.0 133.6 144.3 169.9 183.3 180.7 174.3 170.9 179.8 202.8 252.6 314.4
-9999.0 -9999.0 -9999.0 -9999.0 -9999.0 -9999.0 -9999.0 -9999.0 -9999.0 -9999.0 -9999.0 -9999.0 -9999.0 -9999.0 -9999.0 -9999.0 -9999.0 -9999.0 -9999.0 -9999.0 -9999.0 -9999.0 -9999.0 -9999.0 -9999.0 134.1 136.7 141.2 123.6 131.0 98.9 89.8 93.9 96.9 91.1 94.3 107.0 78.1 86.5 84.4 96.2 98.6 201.5 177.5 300.3 368.7 240.9 355.9 94.9 105.8 123.1 104.5 133.1 127.4 87.9 96.2 161.6 175.2 268.4 270.8 238.2 191.4 324.8 124.5 141.4 180.7 197.4 210.3 206.9 194.3 178.9 211.0 271.9 278.6
-9999.0 -9999.0 -9999.0 -9999.0 -9999.0 -9999.0 -9999.0 -9999.0 -9999.0 -9999.0 -9999.0 -9999.0 -9999.0 -9999.0 -9999.0 -9999.0 -9999.0 -9999.0 -9999.0 -9999.0 -9999.0 -9999.0 -9999.0 -9999.0 -9999.0 -9999.0 -9999.0 169.0 173.5 124.0 111.6 107.5 107.5 110.8 97.0 148.4 84.2 83.3 115.2 91.7 92.3 127.5 237.4 355.6 371.7 406.6 433.0 411.3 368.7 167.6 210.9 179.0 102.2 98.1 97.5 126.6 126.0 158.4 243.4 228.5 194.3 206.3 124.7 124.2 168.0 183.0 215.1 200.1 174.1 155.7 165.0 195.5 250.8 238.5
-9999.0 -9999.0 -9999.0 -9999.0 -9999.0 -9999.0 -9999.0 -9999.0 -9999.0 -9999.0 -9999.0 -9999.0 -9999.0 -9999.0 -9999.0 -9999.0 -9999.0 -9999.0 -9999.0 -9999.0 -9999.0 -9999.0 -9999.0 -9999.0 -9999.0 -9999.0 -9999.0 -9999.0 -9999.0 -9999.0 -9999.0 -9999.0 -9999.0 167.6 110.4 -9999.0 -9999.0 -9999.0 204.4 130.3 192.5 256.6 230.6 418.0 473.1 466.2 -9999.0 -9999.0 -9999.0 -9999.0 -9999.0 -9999.0 115.9 120.8 104.3 110.4 130.3 154.6 194.3 209.0 204.3 199.1 146.7 143.6 154.2 183.3 215.7 216.3 178.2 152.5 170.1 191.5 214.2 226.5
-9999.0 -9999.0 -9999.0 -9999.0 -9999.0 -9999.0 -9999.0 -9999.0 -9999.0 -9999.0 -9999.0 -9999.0 -9999.0 -9999.0 -9999.0 -9999.0 -9999.0 -9999.0 -9999.0 -9999.0 -9999.0 -9999.0 -9999.0 -9999.0 -9999.0 -9999.0 -9999.0 -9999.0 -9999.0 -9999.0 -9999.0 -9999.0 -9999.0 -9999.0 -9999.0 -9999.0 -9999.0 -9999.0 -9999.0 414.9 431.1 456.1 478.2 490.6 -9999.0 -9999.0 -9999.0 -9999.0 -9999.0 -9999.0 -9999.0 -9999.0 115.6 140.9 114.2 110.7 121.6 137.0 158.3 182.1 187.3 175.8 166.4 146.8 178.6 206.5 232.7 218.8 185.7 177.9 191.8 218.8 238.2 225.6
-9999.0 -9999.0 -9999.0 -9999.0 -9999.0 -9999.0 -9999.0 -9999.0 -9999.0 -9999.0 -9999.0 -9999.0 -9999.0 -9999.0 -9999.0 -9999.0 -9999.0 -9999.0 -9999.0 -9999.0 -9999.0 -9999.0 -9999.0 -9999.0 -9999.0 -9999.0 -9999.0 -9999.0 -9999.0 -9999.0 -9999.0 -9999.0 -9999.0 -9999.0 -9999.0 -9999.0 -9999.0 -9999.0 -9999.0 -9999.0 -9999.0 -9999.0 -9999.0 -9999.0 -9999.0 -9999.0 -9999.0 -9999.0 -9999.0 -9999.0 -9999.0 -9999.0 150.2 158.5 120.8 138.7 117.1 119.0 128.9 152.4 162.9 156.3 273.0 158.6 193.7 225.2 251.9 241.9 213.1 209.1 233.3 258.5 261.1 247.1
-9999.0 -9999.0 -9999.0 -9999.0 -9999.0 -9999.0 -9999.0 -9999.0 -9999.0 -9999.0 -9999.0 -9999.0 -9999.0 -9999.0 -9999.0 -9999.0 -9999.0 -9999.0 -9999.0 -9999.0 -9999.0 -9999.0 -9999.0 -9999.0 -9999.0 -9999.0 -9999.0 -9999.0 -9999.0 -9999.0 -9999.0 -9999.0 -9999.0 -9999.0 -9999.0 -9999.0 -9999.0 -9999.0 -9999.0 -9999.0 -9999.0 -9999.0 -9999.0 -9999.0 -9999.0 -9999.0 -9999.0 -9999.0 -9999.0 -9999.0 -9999.0 239.4 146.4 159.7 103.6 116.8 112.3 116.3 107.5 117.2 163.8 168.7 148.3 174.8 217.7 264.2 291.7 300.7 260.9 261.9 279.2 284.7 265.0 249.7
-9999.0 -9999.0 -9999.0 -9999.0 -9999.0 -9999.0 -9999.0 -9999.0 -9999.0 -9999.0 -9999.0 -9999.0 -9999.0 -9999.0 -9999.0 -9999.0 -9999.0 -9999.0 -9999.0 -9999.0 -9999.0 -9999.0 -9999.0 -9999.0 -9999.0 -9999.0 -9999.0 -9999.0 -9999.0 -9999.0 -9999.0 -9999.0 -9999.0 -9999.0 -9999.0 -9999.0 -9999.0 -9999.0 -9999.0 -9999.0 -9999.0 -9999.0 -9999.0 -9999.0 -9999.0 -9999.0 -9999.0 -9999.0 -9999.0 -9999.0 432.9 265.7 196.3 172.7 127.9 128.8 106.9 92.7 93.6 121.8 131.3 179.0 163.5 200.3 246.0 288.5 312.0 325.0 310.5 318.8 309.7 283.7 253.6 252.6
-9999.0 -9999.0 -9999.0 -9999.0 -9999.0 -9999.0 -9999.0 -9999.0 -9999.0 -9999.0 -9999.0 -9999.0 -9999.0 -9999.0 -9999.0 -9999.0 -9999.0 -9999.0 -9999.0 -9999.0 -9999.0 -9999.0 -9999.0 -9999.0 -9999.0 -9999.0 -9999.0 -9999.0 -9999.0 -9999.0 -9999.0 -9999.0 -9999.0 -9999.0 -9999.0 -9999.0 -9999.0 -9999.0 -9999.0 -9999.0 -9999.0 -9999.0 -9999.0 -9999.0 -9999.0 -9999.0 -9999.0 -9999.0 -9999.0 -9999.0 477.8 328.3 300.9 209.4 180.2 143.3 118.8 121.6 115.9 105.0 109.4 145.2 152.6 198.6 243.9 243.8 291.9 327.3 344.9 339.9 319.8 288.6 258.6 242.6
-9999.0 -9999.0 -9999.0 -9999.0 -9999.0 -9999.0 -9999.0 -9999.0 -9999.0 -9999.0 -9999.0 -9999.0 -9999.0 -9999.0 -9999.0 -9999.0 -9999.0 -9999.0 -9999.0 -9999.0 -9999.0 -9999.0 -9999.0 -9999.0 -9999.0 -9999.0 -9999.0 -9999.0 -9999.0 -9999.0 -9999.0 -9999.0 -9999.0 -9999.0 -9999.0 -9999.0 -9999.0 -9999.0 -9999.0 -9999.0 -9999.0 -9999.0 -9999.0 -9999.0 -9999.0 -9999.0 -9999.0 -9999.0 -9999.0 -9999.0 501.0 437.6 377.7 306.4 208.4 169.8 201.7 152.3 151.8 107.3 123.4 160.5 170.2 163.7 214.8 231.6 255.8 303.1 333.7 345.4 316.7 330.5 277.2 276.9
-9999.0 -9999.0 -9999.0 -9999.0 -9999.0 -9999.0 -9999.0 -9999.0 -9999.0 -9999.0 -9999.0 -9999.0 -9999.0 -9999.0 -9999.0 -9999.0 -9999.0 -9999.0 -9999.0 -9999.0 -9999.0 -9999.0 -9999.0 -9999.0 -9999.0 -9999.0 -9999.0 -9999.0 -9999.0 -9999.0 -9999.0 -9999.0 -9999.0 -9999.0 -9999.0 -9999.0 -9999.0 -9999.0 -9999.0 -9999.0 -9999.0 -9999.0 -9999.0 -9999.0 -9999.0 -9999.0 -9999.0 -9999.0 -9999.0 -9999.0 511.0 478.6 408.0 349.6 285.6 280.6 183.9 203.8 187.5 133.2 152.0 150.6 98.3 158.0 212.3 238.8 283.3 307.3 348.5 288.5 310.1 310.3 314.2 301.6
-9999.0 -9999.0 -9999.0 -9999.0 -9999.0 -9999.0 -9999.0 -9999.0 -9999.0 -9999.0 -9999.0 -9999.0 -9999.0 -9999.0 -9999.0 -9999.0 -9999.0 -9999.0 -9999.0 -9999.0 -9999.0 -9999.0 -9999.0 -9999.0 -9999.0 -9999.0 -9999.0 -9999.0 -9999.0 -9999.0 -9999.0 -9999.0 -9999.0 -9999.0 -9999.0 -9999.0 -9999.0 -9999.0 -9999.0 -9999.0 -9999.0 -9999.0 -9999.0 -9999.0 -9999.0 -9999.0 -9999.0 -9999.0 -9999.0 -9999.0 -9999.0 -9999.0 -9999.0 365.3 294.9 253.1 251.6 263.4 199.3 186.3 322.6 145.1 265.8 208.2 229.9 249.7 317.3 297.4 342.4 338.4 315.3 306.2 305.8 284.6
-9999.0 -9999.0 -9999.0 -9999.0 -9999.0 -9999.0 -9999.0 -9999.0 -9999.0 -9999.0 -9999.0 -9999.0 -9999.0 -9999.0 -9999.0 -9999.0 -9999.0 -9999.0 -9999.0 -9999.0 -9999.0 -9999.0 -9999.0 -9999.0 -9999.0 -9999.0 -9999.0 -9999.0 -9999.0 -9999.0 -9999.0 -9999.0 -9999.0 -9999.0 -9999.0 -9999.0 -9999.0 -9999.0 -9999.0 -9999.0 -9999.0 -9999.0 -9999.0 -9999.0 -9999.0 -9999.0 -9999.0 -9999.0 -9999.0 -9999.0 -9999.0 -9999.0 -9999.0 389.1 300.6 437.3 264.0 242.2 282.0 384.0 313.8 258.6 408.2 271.4 278.4 288.3 261.8 372.6 321.9 332.5 325.3 326.7 325.6 290.5
-9999.0 -9999.0 -9999.0 -9999.0 -9999.0 -9999.0 -9999.0 -9999.0 -9999.0 -9999.0 -9999.0 -9999.0 -9999.0 -9999.0 -9999.0 -9999.0 -9999.0 -9999.0 -9999.0 -9999.0 -9999.0 -9999.0 -9999.0 -9999.0 -9999.0 -9999.0 -9999.0 -9999.0 -9999.0 -9999.0 -9999.0 -9999.0 -9999.0 -9999.0 -9999.0 -9999.0 -9999.0 -9999.0 -9999.0 -9999.0 -9999.0 -9999.0 -9999.0 -9999.0 -9999.0 -9999.0 -9999.0 -9999.0 -9999.0 -9999.0 -9999.0 -9999.0 -9999.0 408.3 267.3 347.0 300.5 281.4 346.3 397.5 509.5 506.8 609.7 585.3 333.1 -9999.0 -9999.0 -9999.0 403.4 370.8 394.9 416.7 386.6 313.6
-9999.0 -9999.0 -9999.0 -9999.0 -9999.0 -9999.0 -9999.0 -9999.0 -9999.0 -9999.0 -9999.0 -9999.0 -9999.0 -9999.0 -9999.0 -9999.0 -9999.0 -9999.0 -9999.0 -9999.0 -9999.0 -9999.0 -9999.0 -9999.0 -9999.0 -9999.0 -9999.0 -9999.0 -9999.0 -9999.0 -9999.0 -9999.0 -9999.0 -9999.0 -9999.0 -9999.0 -9999.0 -9999.0 -9999.0 -9999.0 -9999.0 -9999.0 -9999.0 -9999.0 -9999.0 -9999.0 -9999.0 -9999.0 -9999.0 -9999.0 -9999.0 -9999.0 -9999.0 -9999.0 370.9 332.3 254.9 273.6 424.2 584.0 483.7 -9999.0 -9999.0 -9999.0 -9999.0 -9999.0 -9999.0 -9999.0 435.1 484.6 556.3 507.2 441.5 354.7
-9999.0 -9999.0 -9999.0 -9999.0 -9999.0 -9999.0 -9999.0 -9999.0 -9999.0 -9999.0 -9999.0 -9999.0 -9999.0 -9999.0 -9999.0 -9999.0 -9999.0 -9999.0 -9999.0 -9999.0 -9999.0 -9999.0 -9999.0 -9999.0 -9999.0 -9999.0 -9999.0 -9999.0 -9999.0 -9999.0 -9999.0 -9999.0 -9999.0 -9999.0 -9999.0 -9999.0 -9999.0 -9999.0 -9999.0 -9999.0 -9999.0 -9999.0 -9999.0 -9999.0 -9999.0 -9999.0 -9999.0 -9999.0 -9999.0 -9999.0 -9999.0 -9999.0 -9999.0 -9999.0 -9999.0 330.7 475.6 380.5 419.1 577.0 623.9 -9999.0 -9999.0 -9999.0 -9999.0 -9999.0 -9999.0 -9999.0 -9999.0 -9999.0 584.9 -9999.0 -9999.0 -9999.0
