program/excelProcessViaJava/data/SURF_CLI_CHN_PRE_MON_GRID_0.5-200605.txt
NCOLS      128
NROWS       72
XLLCORNER    72.000000000000    
YLLCORNER    18.000000000000    
CELLSIZE    0.50000000000000    
NODATA_VALUE   -9999.000    
[rows 34 to 67 of 72, columns 0 to 76 of 128]
-9999.0 -9999.0 -9999.0 -9999.0 0.3 0.9 0.6 3.7 1.0 2.3 11.1 6.5 11.3 10.9 10.2 8.3 6.3 3.0 1.6 1.5 2.2 2.8 2.9 0.8 0.0 0.0 0.0 0.0 0.1 0.1 0.3 0.3 1.1 2.0 2.1 4.4 2.4 1.6 5.2 9.3 5.7 11.3 10.4 9.6 6.3 3.2 1.3 0.5 0.4 0.6 2.1 7.1 12.4 18.9 19.5 18.8 22.9 34.4 49.4 54.5 55.8 44.6 38.0 36.3 31.9 29.3 36.7 37.3 40.7 43.6 52.6 58.0 67.5 76.8 72.2 61.4 50.6
-9999.0 -9999.0 -9999.0 -9999.0 -9999.0 -9999.0 -9999.0 1.8 1.7 4.7 1.1 1.6 7.7 5.9 5.3 9.1 7.1 5.5 3.9 2.9 0.7 0.1 0.0 0.0 0.0 0.0 0.0 0.0 0.0 0.0 0.1 0.3 0.7 1.0 0.9 2.9 1.5 3.1 2.0 2.7 10.7 4.4 6.3 8.2 7.3 5.2 2.2 1.1 1.0 1.6 4.4 10.6 17.3 9.9 13.7 19.1 23.0 32.2 44.2 51.4 54.2 40.3 34.5 38.7 46.7 46.2 51.9 53.0 54.2 55.1 58.9 62.4 71.3 78.8 72.6 61.3 50.6
-9999.0 -9999.0 -9999.0 -9999.0 -9999.0 -9999.0 -9999.0 0.1 2.6 1.4 1.1 3.9 2.8 0.7 2.8 0.2 1.9 1.4 0.1 0.5 0.3 0.0 0.1 0.0 0.1 0.0 0.1 0.0 0.2 0.4 0.3 0.5 0.9 0.6 2.4 2.7 4.1 3.0 4.0 6.2 7.9 10.6 11.4 7.3 10.7 8.8 5.9 4.6 4.7 5.7 5.9 8.1 15.9 15.1 12.3 19.2 23.7 32.8 44.4 53.3 56.6 54.2 42.4 48.6 52.3 58.3 64.5 67.2 63.0 61.3 58.8 61.8 71.4 76.9 68.7 64.4 60.7
-9999.0 -9999.0 -9999.0 -9999.0 -9999.0 -9999.0 -9999.0 -9999.0 -9999.0 0.9 1.9 3.7 1.1 1.5 2.8 3.4 1.0 0.0 0.2 0.0 0.1 0.1 0.1 0.1 0.1 0.2 0.1 0.2 0.5 0.2 2.0 1.9 2.6 2.2 5.4 5.8 6.3 5.1 6.7 6.9 10.5 12.6 16.3 17.4 14.2 12.5 11.0 10.3 10.2 10.8 10.8 12.2 14.1 16.1 13.9 19.8 25.6 34.7 46.3 56.5 62.2 67.0 71.1 49.2 56.5 56.6 64.5 74.7 66.9 62.7 58.8 59.5 68.8 76.2 75.5 60.2 57.5
-9999.0 -9999.0 -9999.0 -9999.0 -9999.0 -9999.0 -9999.0 -9999.0 -9999.0 -9999.0 -9999.0 0.5 5.5 0.5 1.7 0.8 0.9 0.9 0.6 0.3 0.0 0.1 0.1 0.2 0.0 0.1 0.1 0.2 0.4 1.1 2.0 1.1 4.4 5.1 7.3 3.3 7.1 6.8 2.7 7.2 7.4 12.8 18.2 20.5 15.9 18.0 14.9 16.8 16.9 17.8 18.9 18.0 17.3 16.7 16.3 20.6 26.5 35.0 47.3 56.5 62.5 69.2 73.5 65.6 64.3 41.7 58.8 75.8 72.5 67.5 60.9 61.5 64.7 68.6 54.9 51.5 52.5
-9999.0 -9999.0 -9999.0 -9999.0 -9999.0 -9999.0 -9999.0 -9999.0 -9999.0 -9999.0 -9999.0 -9999.0 3.7 4.5 0.7 2.1 0.1 0.5 0.4 0.0 0.5 0.2 0.1 0.3 0.0 0.2 0.6 0.3 0.7 0.4 2.5 4.6 6.1 4.5 5.3 7.6 3.5 7.8 9.5 10.8 11.9 14.8 18.9 19.5 21.0 20.6 20.4 24.6 26.0 27.2 24.6 23.1 23.0 24.2 24.2 25.2 28.7 34.2 47.7 53.9 59.7 65.7 71.3 70.8 49.6 59.0 49.7 66.0 75.5 77.0 63.0 44.4 49.5 59.3 74.6 78.3 73.8
-9999.0 -9999.0 -9999.0 -9999.0 -9999.0 -9999.0 -9999.0 -9999.0 -9999.0 -9999.0 -9999.0 -9999.0 0.2 5.0 7.0 1.2 4.6 2.0 0.2 0.2 0.2 0.1 0.1 0.4 1.2 0.7 1.0 3.4 2.6 6.1 4.5 3.0 7.0 9.4 8.9 12.0 7.3 7.7 9.9 11.4 14.9 18.2 17.2 25.0 23.0 22.0 26.3 30.2 35.9 36.4 36.5 32.4 31.6 29.5 33.3 31.7 35.1 39.4 50.4 55.3 58.2 63.3 68.3 70.7 48.8 50.9 46.8 62.0 80.1 88.9 94.2 100.1 102.4 110.4 107.2 101.6 90.1
-9999.0 -9999.0 -9999.0 -9999.0 -9999.0 -9999.0 -9999.0 -9999.0 -9999.0 -9999.0 -9999.0 -9999.0 -9999.0 1.5 0.3 5.9 1.5 2.8 2.4 1.5 0.5 1.1 0.2 1.4 1.2 0.2 0.3 0.2 1.5 3.7 9.4 12.8 7.7 9.2 18.6 18.1 17.3 14.5 6.1 12.2 15.7 17.6 23.2 22.8 28.4 30.4 29.4 31.9 36.8 41.7 42.6 41.6 38.8 30.0 32.3 34.6 38.1 41.3 45.2 56.4 60.7 64.4 68.4 63.2 56.6 53.1 55.0 60.8 81.2 93.1 77.1 109.2 140.6 137.7 116.3 110.1 95.3
-9999.0 -9999.0 -9999.0 -9999.0 -9999.0 -9999.0 -9999.0 -9999.0 -9999.0 -9999.0 -9999.0 -9999.0 0.5 0.1 0.3 2.6 0.2 0.7 0.6 3.0 2.3 1.8 0.9 1.6 2.9 0.4 1.4 4.2 6.2 6.9 11.4 20.5 10.2 19.1 18.8 24.4 17.5 26.3 25.7 23.5 16.7 16.5 18.7 36.6 34.9 34.2 36.4 42.1 46.2 50.0 46.8 41.5 42.8 38.1 39.6 39.4 37.5 51.5 52.9 63.1 67.1 71.8 75.9 82.7 76.4 71.3 52.7 66.1 95.2 125.4 148.2 170.6 173.4 148.3 137.1 116.0 100.7
-9999.0 -9999.0 -9999.0 -9999.0 -9999.0 -9999.0 -9999.0 -9999.0 -9999.0 -9999.0 -9999.0 -9999.0 0.0 2.2 1.6 0.0 0.1 2.1 2.0 0.4 2.6 0.6 0.9 1.4 4.0 6.8 7.8 10.3 12.3 19.2 24.1 24.4 16.6 32.4 34.2 31.5 37.1 33.9 34.3 40.0 39.3 46.9 51.8 51.1 48.2 43.6 39.0 43.7 50.6 64.3 62.2 51.5 51.2 50.1 48.7 51.8 45.8 48.2 59.7 65.6 75.9 87.4 93.1 93.8 94.7 74.1 83.5 81.9 102.7 133.2 169.9 193.7 182.7 148.0 110.7 90.7 85.3
-9999.0 -9999.0 -9999.0 -9999.0 -9999.0 -9999.0 -9999.0 -9999.0 -9999.0 -9999.0 -9999.0 -9999.0 1.0 0.1 1.9 1.2 1.5 0.0 0.4 0.4 0.0 0.0 0.6 0.3 1.7 0.5 3.0 1.3 15.9 21.2 27.2 16.5 35.2 44.0 43.8 40.1 41.4 41.1 45.6 41.0 51.6 73.8 52.5 90.7 64.1 47.5 44.4 53.5 69.6 73.1 68.5 66.5 46.3 43.0 47.7 67.2 56.0 55.7 63.0 77.3 92.4 108.6 128.4 122.3 105.0 68.0 73.3 96.5 128.9 153.3 179.3 196.3 168.4 128.9 105.3 76.6 68.3
-9999.0 -9999.0 -9999.0 -9999.0 -9999.0 -9999.0 -9999.0 -9999.0 -9999.0 -9999.0 -9999.0 -9999.0 -9999.0 0.0 0.0 0.5 0.3 0.6 0.1 0.0 0.0 0.1 0.0 0.0 1.9 2.2 5.5 12.1 10.2 29.7 17.6 26.7 27.7 42.2 40.3 27.6 32.5 46.6 47.9 57.8 67.3 49.9 49.9 63.1 82.2 69.2 55.3 73.8 61.5 68.6 77.9 60.2 59.4 65.1 53.1 54.0 71.5 68.0 72.3 88.5 110.8 138.3 161.7 133.3 83.4 76.1 79.5 102.1 137.9 183.6 195.3 181.0 151.2 119.2 94.3 85.4 88.6
-9999.0 -9999.0 -9999.0 -9999.0 -9999.0 -9999.0 -9999.0 -9999.0 -9999.0 -9999.0 -9999.0 -9999.0 -9999.0 0.5 0.0 0.2 0.0 0.3 0.3 0.1 0.0 0.0 0.0 0.0 3.6 2.5 3.6 13.9 15.9 1.6 8.3 15.7 31.8 33.9 27.3 30.9 44.6 49.7 47.7 35.7 65.5 70.1 73.1 72.2 48.7 64.1 60.4 72.9 69.7 71.4 64.3 70.0 61.0 56.5 55.0 59.9 71.5 73.5 83.0 92.8 133.2 142.0 123.3 90.5 81.7 88.6 104.0 125.2 171.4 201.3 197.5 167.5 134.0 111.7 101.8 99.9 98.6
-9999.0 -9999.0 -9999.0 -9999.0 -9999.0 -9999.0 -9999.0 -9999.0 -9999.0 -9999.0 -9999.0 -9999.0 -9999.0 -9999.0 -9999.0 0.0 0.1 0.0 0.1 0.4 0.0 0.1 0.2 0.2 0.2 0.6 0.0 1.4 0.3 12.6 10.5 18.8 9.8 16.9 30.2 21.4 23.9 61.8 59.6 62.8 53.6 55.9 64.6 71.6 91.8 96.8 64.3 84.7 63.3 75.5 63.4 57.1 60.3 60.4 69.7 63.9 68.6 87.0 95.7 124.1 122.3 117.5 100.5 84.2 72.4 89.1 116.2 143.2 185.4 203.1 183.8 148.2 131.6 118.3 110.3 124.3 129.0
-9999.0 -9999.0 -9999.0 -9999.0 -9999.0 -9999.0 -9999.0 -9999.0 -9999.0 -9999.0 -9999.0 -9999.0 -9999.0 -9999.0 -9999.0 -9999.0 -9999.0 7.4 4.9 -9999.0 4.1 0.0 1.3 2.0 0.2 0.5 0.0 0.5 7.5 2.1 11.0 27.9 5.4 34.7 51.1 41.1 25.4 74.2 62.8 64.4 61.5 51.2 60.5 67.9 124.5 96.0 177.1 53.6 69.4 58.5 61.2 54.9 53.3 58.3 59.9 62.7 67.1 83.9 105.2 138.1 106.6 111.9 107.6 81.9 70.9 85.3 105.6 130.5 149.8 160.8 154.8 156.3 151.2 121.2 131.9 153.2 163.3
-9999.0 -9999.0 -9999.0 -9999.0 -9999.0 -9999.0 -9999.0 -9999.0 -9999.0 -9999.0 -9999.0 -9999.0 -9999.0 -9999.0 -9999.0 -9999.0 -9999.0 -9999.0 -9999.0 -9999.0 -9999.0 1.0 0.2 0.0 0.2 8.4 8.2 8.1 6.1 18.4 15.3 46.2 35.7 31.5 44.1 40.7 53.9 62.1 69.3 79.6 79.8 47.4 46.7 51.6 104.1 64.7 184.9 81.2 52.8 44.7 54.0 58.7 60.3 47.4 54.4 64.2 72.5 80.6 121.8 140.2 94.9 103.0 114.8 93.8 74.3 79.0 90.6 103.2 105.0 113.2 126.1 158.6 159.3 145.6 150.0 167.2 188.4
-9999.0 -9999.0 -9999.0 -9999.0 -9999.0 -9999.0 -9999.0 -9999.0 -9999.0 -9999.0 -9999.0 -9999.0 -9999.0 -9999.0 -9999.0 -9999.0 -9999.0 -9999.0 -9999.0 -9999.0 -9999.0 -9999.0 -9999.0 32.2 3.8 7.4 8.8 5.8 0.5 8.6 7.4 8.2 2.1 13.4 15.6 27.4 32.2 51.8 46.8 44.5 43.9 38.5 42.2 50.9 86.3 164.5 109.1 93.1 99.8 89.5 54.8 60.6 46.0 51.6 43.5 30.7 66.4 93.9 80.2 138.2 101.2 106.8 99.1 80.5 75.7 84.6 99.6 100.2 117.8 105.8 155.3 170.6 188.3 204.2 183.0 182.4 200.6
-9999.0 -9999.0 -9999.0 -9999.0 -9999.0 -9999.0 -9999.0 -9999.0 -9999.0 -9999.0 -9999.0 -9999.0 -9999.0 -9999.0 -9999.0 -9999.0 -9999.0 -9999.0 -9999.0 -9999.0 -9999.0 -9999.0 -9999.0 -9999.0 -9999.0 79.0 32.9 0.0 0.0 0.0 0.5 11.7 17.4 13.7 26.2 20.8 16.7 41.5 37.3 41.0 34.2 32.6 59.2 61.7 114.8 143.3 141.8 181.9 69.4 84.0 67.9 64.2 69.2 65.0 37.7 37.8 62.3 68.4 111.6 129.1 134.7 126.1 242.2 72.2 67.3 90.2 118.9 140.3 164.7 173.4 154.2 176.5 188.2 233.8 235.1 188.0 171.7
-9999.0 -9999.0 -9999.0 -9999.0 -9999.0 -9999.0 -9999.0 -9999.0 -9999.0 -9999.0 -9999.0 -9999.0 -9999.0 -9999.0 -9999.0 -9999.0 -9999.0 -9999.0 -9999.0 -9999.0 -9999.0 -9999.0 -9999.0 -9999.0 -9999.0 -9999.0 -9999.0 86.3 87.7 33.9 27.7 27.7 1.8 35.9 20.3 45.4 35.3 37.0 35.3 33.1 30.1 28.6 53.3 81.6 100.4 121.0 140.2 163.5 188.7 141.5 196.8 184.2 73.8 64.5 54.7 59.8 58.3 67.0 102.0 98.6 113.5 143.3 88.9 69.0 95.8 78.6 109.9 132.2 140.2 144.2 145.0 175.0 160.4 205.6 184.1 169.6 222.8
-9999.0 -9999.0 -9999.0 -9999.0 -9999.0 -9999.0 -9999.0 -9999.0 -9999.0 -9999.0 -9999.0 -9999.0 -9999.0 -9999.0 -9999.0 -9999.0 -9999.0 -9999.0 -9999.0 -9999.0 -9999.0 -9999.0 -9999.0 -9999.0 -9999.0 -9999.0 -9999.0 -9999.0 -9999.0 -9999.0 -9999.0 -9999.0 -9999.0 44.4 25.5 -9999.0 -9999.0 -9999.0 30.1 27.2 29.8 38.1 42.5 64.7 76.8 96.0 -9999.0 -9999.0 -9999.0 -9999.0 -9999.0 -9999.0 127.1 88.2 83.8 81.9 82.8 87.0 85.4 97.5 123.4 147.0 108.7 90.2 82.1 84.7 108.4 140.0 149.2 139.1 133.4 147.4 163.6 138.3 193.9 174.4 242.5
-9999.0 -9999.0 -9999.0 -9999.0 -9999.0 -9999.0 -9999.0 -9999.0 -9999.0 -9999.0 -9999.0 -9999.0 -9999.0 -9999.0 -9999.0 -9999.0 -9999.0 -9999.0 -9999.0 -9999.0 -9999.0 -9999.0 -9999.0 -9999.0 -9999.0 -9999.0 -9999.0 -9999.0 -9999.0 -9999.0 -9999.0 -9999.0 -9999.0 -9999.0 -9999.0 -9999.0 -9999.0 -9999.0 -9999.0 18.0 21.9 26.9 34.1 44.7 -9999.0 -9999.0 -9999.0 -9999.0 -9999.0 -9999.0 -9999.0 -9999.0 151.7 117.7 96.2 97.6 104.0 94.1 85.5 101.8 131.0 140.8 142.6 109.3 145.3 144.4 144.3 132.2 143.5 155.2 154.5 151.4 130.9 151.1 150.8 194.2 220.6
-9999.0 -9999.0 -9999.0 -9999.0 -9999.0 -9999.0 -9999.0 -9999.0 -9999.0 -9999.0 -9999.0 -9999.0 -9999.0 -9999.0 -9999.0 -9999.0 -9999.0 -9999.0 -9999.0 -9999.0 -9999.0 -9999.0 -9999.0 -9999.0 -9999.0 -9999.0 -9999.0 -9999.0 -9999.0 -9999.0 -9999.0 -9999.0 -9999.0 -9999.0 -9999.0 -9999.0 -9999.0 -9999.0 -9999.0 -9999.0 -9999.0 -9999.0 -9999.0 -9999.0 -9999.0 -9999.0 -9999.0 -9999.0 -9999.0 -9999.0 -9999.0 -9999.0 212.1 155.6 117.1 118.1 103.6 93.1 87.3 106.4 125.5 130.6 224.1 129.4 152.1 125.6 108.5 122.0 139.7 155.1 165.5 173.1 196.7 167.4 184.7 221.0 226.9
-9999.0 -9999.0 -9999.0 -9999.0 -9999.0 -9999.0 -9999.0 -9999.0 -9999.0 -9999.0 -9999.0 -9999.0 -9999.0 -9999.0 -9999.0 -9999.0 -9999.0 -9999.0 -9999.0 -9999.0 -9999.0 -9999.0 -9999.0 -9999.0 -9999.0 -9999.0 -9999.0 -9999.0 -9999.0 -9999.0 -9999.0 -9999.0 -9999.0 -9999.0 -9999.0 -9999.0 -9999.0 -9999.0 -9999.0 -9999.0 -9999.0 -9999.0 -9999.0 -9999.0 -9999.0 -9999.0 -9999.0 -9999.0 -9999.0 -9999.0 -9999.0 209.8 238.5 198.6 111.6 110.1 99.0 101.7 89.0 91.7 132.0 138.7 122.2 139.0 152.3 138.5 122.4 145.5 136.0 154.7 172.5 185.2 181.6 185.0 214.8 268.2 255.4
-9999.0 -9999.0 -9999.0 -9999.0 -9999.0 -9999.0 -9999.0 -9999.0 -9999.0 -9999.0 -9999.0 -9999.0 -9999.0 -9999.0 -9999.0 -9999.0 -9999.0 -9999.0 -9999.0 -9999.0 -9999.0 -9999.0 -9999.0 -9999.0 -9999.0 -9999.0 -9999.0 -9999.0 -9999.0 -9999.0 -9999.0 -9999.0 -9999.0 -9999.0 -9999.0 -9999.0 -9999.0 -9999.0 -9999.0 -9999.0 -9999.0 -9999.0 -9999.0 -9999.0 -9999.0 -9999.0 -9999.0 -9999.0 -9999.0 -9999.0 102.2 294.5 312.3 257.9 167.6 139.7 98.1 82.0 91.0 113.7 119.1 138.6 132.3 159.5 182.9 181.9 154.3 144.1 139.2 168.1 187.9 202.7 194.0 192.6 216.4 247.7 331.7
-9999.0 -9999.0 -9999.0 -9999.0 -9999.0 -9999.0 -9999.0 -9999.0 -9999.0 -9999.0 -9999.0 -9999.0 -9999.0 -9999.0 -9999.0 -9999.0 -9999.0 -9999.0 -9999.0 -9999.0 -9999.0 -9999.0 -9999.0 -9999.0 -9999.0 -9999.0 -9999.0 -9999.0 -9999.0 -9999.0 -9999.0 -9999.0 -9999.0 -9999.0 -9999.0 -9999.0 -9999.0 -9999.0 -9999.0 -9999.0 -9999.0 -9999.0 -9999.0 -9999.0 -9999.0 -9999.0 -9999.0 -9999.0 -9999.0 -9999.0 93.3 388.3 251.2 313.7 248.1 174.5 115.2 132.3 127.0 118.4 112.5 117.4 121.1 162.7 206.2 208.2 182.8 154.7 151.2 184.7 211.6 216.2 203.3 200.5 230.8 277.0 272.7
-9999.0 -9999.0 -9999.0 -9999.0 -9999.0 -9999.0 -9999.0 -9999.0 -9999.0 -9999.0 -9999.0 -9999.0 -9999.0 -9999.0 -9999.0 -9999.0 -9999.0 -9999.0 -9999.0 -9999.0 -9999.0 -9999.0 -9999.0 -9999.0 -9999.0 -9999.0 -9999.0 -9999.0 -9999.0 -9999.0 -9999.0 -9999.0 -9999.0 -9999.0 -9999.0 -9999.0 -9999.0 -9999.0 -9999.0 -9999.0 -9999.0 -9999.0 -9999.0 -9999.0 -9999.0 -9999.0 -9999.0 -9999.0 -9999.0 -9999.0 77.2 211.4 194.6 401.8 241.7 200.6 225.2 170.8 167.4 122.3 122.4 119.4 114.3 133.1 181.8 185.4 157.5 138.0 156.5 195.6 233.2 237.5 233.9 216.7 241.2 269.9 264.4
-9999.0 -9999.0 -9999.0 -9999.0 -9999.0 -9999.0 -9999.0 -9999.0 -9999.0 -9999.0 -9999.0 -9999.0 -9999.0 -9999.0 -9999.0 -9999.0 -9999.0 -9999.0 -9999.0 -9999.0 -9999.0 -9999.0 -9999.0 -9999.0 -9999.0 -9999.0 -9999.0 -9999.0 -9999.0 -9999.0 -9999.0 -9999.0 -9999.0 -9999.0 -9999.0 -9999.0 -9999.0 -9999.0 -9999.0 -9999.0 -9999.0 -9999.0 -9999.0 -9999.0 -9999.0 -9999.0 -9999.0 -9999.0 -9999.0 -9999.0 217.4 384.6 344.2 379.3 323.3 308.9 170.9 199.2 183.7 130.3 139.1 105.0 65.8 101.2 141.9 148.3 147.2 136.8 184.3 199.1 247.3 260.2 254.4 235.8 248.8 277.6 289.1
-9999.0 -9999.0 -9999.0 -9999.0 -9999.0 -9999.0 -9999.0 -9999.0 -9999.0 -9999.0 -9999.0 -9999.0 -9999.0 -9999.0 -9999.0 -9999.0 -9999.0 -9999.0 -9999.0 -9999.0 -9999.0 -9999.0 -9999.0 -9999.0 -9999.0 -9999.0 -9999.0 -9999.0 -9999.0 -9999.0 -9999.0 -9999.0 -9999.0 -9999.0 -9999.0 -9999.0 -9999.0 -9999.0 -9999.0 -9999.0 -9999.0 -9999.0 -9999.0 -9999.0 -9999.0 -9999.0 -9999.0 -9999.0 -9999.0 -9999.0 -9999.0 -9999.0 -9999.0 331.2 299.7 244.3 218.6 215.5 151.7 155.1 249.6 101.1 135.2 102.8 110.9 112.2 142.1 128.2 203.9 242.9 238.4 233.0 227.0 225.2 251.8 301.6 318.2
-9999.0 -9999.0 -9999.0 -9999.0 -9999.0 -9999.0 -9999.0 -9999.0 -9999.0 -9999.0 -9999.0 -9999.0 -9999.0 -9999.0 -9999.0 -9999.0 -9999.0 -9999.0 -9999.0 -9999.0 -9999.0 -9999.0 -9999.0 -9999.0 -9999.0 -9999.0 -9999.0 -9999.0 -9999.0 -9999.0 -9999.0 -9999.0 -9999.0 -9999.0 -9999.0 -9999.0 -9999.0 -9999.0 -9999.0 -9999.0 -9999.0 -9999.0 -9999.0 -9999.0 -9999.0 -9999.0 -9999.0 -9999.0 -9999.0 -9999.0 -9999.0 -9999.0 -9999.0 309.6 243.6 356.6 204.1 179.3 207.7 290.1 218.9 156.6 207.9 117.7 103.9 99.1 87.6 169.4 176.5 205.2 194.5 188.6 184.7 194.3 239.1 302.6 323.5
-9999.0 -9999.0 -9999.0 -9999.0 -9999.0 -9999.0 -9999.0 -9999.0 -9999.0 -9999.0 -9999.0 -9999.0 -9999.0 -9999.0 -9999.0 -9999.0 -9999.0 -9999.0 -9999.0 -9999.0 -9999.0 -9999.0 -9999.0 -9999.0 -9999.0 -9999.0 -9999.0 -9999.0 -9999.0 -9999.0 -9999.0 -9999.0 -9999.0 -9999.0 -9999.0 -9999.0 -9999.0 -9999.0 -9999.0 -9999.0 -9999.0 -9999.0 -9999.0 -9999.0 -9999.0 -9999.0 -9999.0 -9999.0 -9999.0 -9999.0 -9999.0 -9999.0 -9999.0 266.2 156.0 248.3 226.9 222.9 251.7 261.4 305.6 267.7 289.7 241.9 106.3 -9999.0 -9999.0 -9999.0 186.5 172.5 178.1 177.6 162.8 162.5 205.1 273.3 298.2
-9999.0 -9999.0 -9999.0 -9999.0 -9999.0 -9999.0 -9999.0 -9999.0 -9999.0 -9999.0 -9999.0 -9999.0 -9999.0 -9999.0 -9999.0 -9999.0 -9999.0 -9999.0 -9999.0 -9999.0 -9999.0 -9999.0 -9999.0 -9999.0 -9999.0 -9999.0 -9999.0 -9999.0 -9999.0 -9999.0 -9999.0 -9999.0 -9999.0 -9999.0 -9999.0 -9999.0 -9999.0 -9999.0 -9999.0 -9999.0 -9999.0 -9999.0 -9999.0 -9999.0 -9999.0 -9999.0 -9999.0 -9999.0 -9999.0 -9999.0 -9999.0 -9999.0 -9999.0 -9999.0 213.4 212.2 194.0 220.5 278.8 332.7 231.3 -9999.0 -9999.0 -9999.0 -9999.0 -9999.0 -9999.0 -9999.0 159.8 185.2 209.1 174.5 144.8 127.8 143.5 186.2 222.0
-9999.0 -9999.0 -9999.0 -9999.0 -9999.0 -9999.0 -9999.0 -9999.0 -9999.0 -9999.0 -9999.0 -9999.0 -9999.0 -9999.0 -9999.0 -9999.0 -9999.0 -9999.0 -9999.0 -9999.0 -9999.0 -9999.0 -9999.0 -9999.0 -9999.0 -9999.0 -9999.0 -9999.0 -9999.0 -9999.0 -9999.0 -9999.0 -9999.0 -9999.0 -9999.0 -9999.0 -9999.0 -9999.0 -9999.0 -9999.0 -9999.0 -9999.0 -9999.0 -9999.0 -9999.0 -9999.0 -9999.0 -9999.0 -9999.0 -9999.0 -9999.0 -9999.0 -9999.0 -9999.0 -9999.0 182.3 275.9 237.0 230.3 270.5 254.3 -9999.0 -9999.0 -9999.0 -9999.0 -9999.0 -9999.0 -9999.0 -9999.0 -9999.0 191.6 -9999.0 -9999.0 -9999.0 -9999.0 -9999.0 156.3
-9999.0 -9999.0 -9999.0 -9999.0 -9999.0 -9999.0 -9999.0 -9999.0 -9999.0 -9999.0 -9999.0 -9999.0 -9999.0 -9999.0 -9999.0 -9999.0 -9999.0 -9999.0 -9999.0 -9999.0 -9999.0 -9999.0 -9999.0 -9999.0 -9999.0 -9999.0 -9999.0 -9999.0 -9999.0 -9999.0 -9999.0 -9999.0 -9999.0 -9999.0 -9999.0 -9999.0 -9999.0 -9999.0 -9999.0 -9999.0 -9999.0 -9999.0 -9999.0 -9999.0 -9999.0 -9999.0 -9999.0 -9999.0 -9999.0 -9999.0 -9999.0 -9999.0 -9999.0 -9999.0 -9999.0 -9999.0 -9999.0 -9999.0 232.1 211.2 -9999.0 -9999.0 -9999.0 -9999.0 -9999.0 -9999.0 -9999.0 -9999.0 -9999.0 -9999.0 -9999.0 -9999.0 -9999.0 -9999.0 -9999.0 76.7 125.8
-9999.0 -9999.0 -9999.0 -9999.0 -9999.0 -9999.0 -9999.0 -9999.0 -9999.0 -9999.0 -9999.0 -9999.0 -9999.0 -9999.0 -9999.0 -9999.0 -9999.0 -9999.0 -9999.0 -9999.0 -9999.0 -9999.0 -9999.0 -9999.0 -9999.0 -9999.0 -9999.0 -9999.0 -9999.0 -9999.0 -9999.0 -9999.0 -9999.0 -9999.0 -9999.0 -9999.0 -9999.0 -9999.0 -9999.0 -9999.0 -9999.0 -9999.0 -9999.0 -9999.0 -9999.0 -9999.0 -9999.0 -9999.0 -9999.0 -9999.0 -9999.0 -9999.0 -9999.0 -9999.0 -9999.0 -9999.0 -9999.0 -9999.0 -9999.0 -9999.0 -9999.0 -9999.0 -9999.0 -9999.0 -9999.0 -9999.0 -9999.0 -9999.0 -9999.0 -9999.0 -9999.0 -9999.0 -9999.0 -9999.0 -9999.0 -9999.0 -9999.0
