program/excelProcessViaJava/data/SURF_CLI_CHN_PRE_MON_GRID_0.5-198810.txt
NCOLS      128
NROWS       72
XLLCORNER    72.000000000000    
YLLCORNER    18.000000000000    
CELLSIZE    0.50000000000000    
NODATA_VALUE   -9999.000    
[rows 35 to 69 of 72, columns 0 to 77 of 128]
-9999.0 -9999.0 -9999.0 -9999.0 -9999.0 -9999.0 -9999.0 3.4 3.9 2.8 4.6 3.9 1.9 1.7 1.2 0.3 0.2 0.2 0.1 0.1 0.1 0.1 0.1 0.1 0.1 0.1 0.1 0.1 0.2 0.3 0.4 0.5 0.5 0.7 1.0 0.6 1.1 0.7 1.2 1.2 0.2 1.3 1.0 0.5 0.4 0.3 0.6 0.5 1.0 0.6 0.5 0.9 3.1 27.8 31.5 20.6 25.9 30.1 48.9 38.2 42.7 26.9 25.8 23.8 21.8 18.2 22.7 26.1 21.6 21.7 20.2 20.7 22.0 21.3 16.5 13.1 9.3 9.4
-9999.0 -9999.0 -9999.0 -9999.0 -9999.0 -9999.0 -9999.0 6.3 2.4 3.1 3.4 2.2 2.2 2.7 1.3 2.3 0.5 0.3 0.4 0.1 0.1 0.1 0.1 0.1 0.1 0.1 0.1 0.2 0.2 0.2 0.4 0.5 0.6 1.0 0.7 0.8 0.6 0.8 0.6 0.3 0.3 0.3 0.5 2.7 1.0 1.0 2.0 3.0 6.9 5.3 13.4 12.1 6.0 12.9 31.4 20.4 25.3 34.5 46.4 49.9 41.5 36.4 32.2 33.4 25.7 21.1 22.4 25.0 29.8 22.7 23.8 25.7 28.7 30.7 27.7 25.8 23.7 20.7
-9999.0 -9999.0 -9999.0 -9999.0 -9999.0 -9999.0 -9999.0 -9999.0 -9999.0 2.6 2.2 1.7 2.2 1.7 1.0 0.6 0.5 1.2 0.3 0.4 0.1 0.1 0.1 0.1 0.1 0.1 0.1 0.1 0.2 0.3 0.3 0.4 0.5 0.7 0.5 0.5 0.5 0.5 0.3 0.3 0.2 0.2 0.3 0.5 1.8 3.4 5.4 7.0 8.4 8.8 11.1 9.7 9.9 12.8 29.2 24.0 24.9 34.0 53.2 55.4 53.7 51.8 47.9 49.9 44.6 35.8 31.8 37.3 45.4 40.0 41.6 45.8 49.7 52.3 51.4 48.0 45.2 44.2
-9999.0 -9999.0 -9999.0 -9999.0 -9999.0 -9999.0 -9999.0 -9999.0 -9999.0 -9999.0 -9999.0 2.3 1.0 1.7 0.9 0.8 0.4 0.2 0.2 0.1 0.1 0.1 0.1 0.1 0.1 0.1 0.1 0.2 0.2 0.2 0.3 0.6 0.5 0.6 0.6 1.1 0.6 0.6 1.7 0.4 0.5 0.3 0.3 0.5 3.1 3.8 9.8 10.1 12.5 11.9 9.6 10.4 12.9 20.7 35.0 39.1 41.3 55.6 63.6 68.6 72.0 66.3 62.1 67.4 66.1 61.1 57.0 63.1 68.8 70.9 71.2 74.1 80.4 83.4 83.2 77.7 74.7 73.6
-9999.0 -9999.0 -9999.0 -9999.0 -9999.0 -9999.0 -9999.0 -9999.0 -9999.0 -9999.0 -9999.0 -9999.0 0.9 0.7 0.9 0.5 0.7 0.2 0.2 0.2 0.1 0.1 0.1 0.1 0.2 0.1 0.1 0.2 0.2 0.3 0.3 0.4 0.6 0.9 1.0 0.9 1.9 0.9 0.5 0.3 0.2 0.2 0.3 1.1 2.5 5.6 10.4 11.0 13.0 13.4 17.0 18.1 19.4 24.7 36.9 51.6 64.7 81.1 77.4 93.4 91.3 90.4 83.6 79.1 94.0 84.3 85.9 88.2 92.3 97.6 90.1 92.8 97.8 97.9 93.4 99.7 94.3 93.3
-9999.0 -9999.0 -9999.0 -9999.0 -9999.0 -9999.0 -9999.0 -9999.0 -9999.0 -9999.0 -9999.0 -9999.0 1.5 0.6 0.4 0.4 0.2 0.2 0.2 0.1 0.1 0.1 0.1 0.1 0.1 0.1 0.1 0.2 0.2 0.2 0.3 0.6 0.6 0.7 0.9 0.9 1.6 1.7 1.2 0.8 0.4 0.3 1.1 1.0 3.3 7.8 9.4 11.9 11.5 14.8 16.2 21.2 25.1 35.8 45.1 62.2 74.8 91.4 100.8 109.1 111.6 109.5 99.0 88.5 101.1 96.0 69.3 75.9 85.1 98.9 108.8 115.8 115.0 94.4 94.3 94.9 97.7 101.6
-9999.0 -9999.0 -9999.0 -9999.0 -9999.0 -9999.0 -9999.0 -9999.0 -9999.0 -9999.0 -9999.0 -9999.0 -9999.0 0.5 0.6 0.3 0.2 0.2 0.1 0.1 0.1 0.1 0.1 0.1 0.1 0.1 0.1 0.2 0.2 0.2 0.3 0.4 0.6 0.8 0.7 0.8 1.0 1.5 4.9 2.3 1.5 1.6 1.4 3.4 3.7 5.9 11.0 15.7 17.9 18.4 20.6 23.5 30.9 47.7 56.4 67.9 80.4 96.0 110.0 121.0 123.1 116.9 100.5 84.4 77.0 77.9 82.2 78.9 92.8 99.1 82.5 70.2 82.5 86.7 99.3 91.8 91.7 84.0
-9999.0 -9999.0 -9999.0 -9999.0 -9999.0 -9999.0 -9999.0 -9999.0 -9999.0 -9999.0 -9999.0 -9999.0 0.5 0.7 0.4 0.2 0.2 0.2 0.1 0.1 0.1 0.1 0.1 0.1 0.1 0.1 0.1 0.2 0.2 0.2 0.3 0.4 0.6 0.6 0.7 0.7 1.5 1.1 1.4 1.8 4.4 6.7 8.4 2.5 5.4 9.3 12.3 14.0 16.9 18.8 25.0 32.4 34.4 44.7 53.0 62.2 72.7 83.7 97.9 110.7 114.8 107.4 88.8 77.2 58.9 61.6 47.0 63.6 90.4 107.6 106.2 86.2 71.1 67.9 67.9 68.4 67.2 60.9
-9999.0 -9999.0 -9999.0 -9999.0 -9999.0 -9999.0 -9999.0 -9999.0 -9999.0 -9999.0 -9999.0 -9999.0 0.5 0.3 0.2 0.4 0.2 0.1 0.1 0.1 0.1 0.1 0.1 0.1 0.2 0.2 0.2 0.2 0.2 0.3 0.3 0.4 0.4 0.4 0.4 0.5 0.5 1.0 1.5 1.2 1.7 1.4 1.7 3.2 6.4 12.1 20.2 22.5 22.5 17.2 19.7 27.3 29.7 36.4 43.7 50.1 54.2 62.5 72.9 84.6 92.1 93.6 69.9 47.7 41.6 42.1 52.1 64.1 84.5 92.8 91.6 87.2 84.0 87.8 90.5 68.7 56.8 54.0
-9999.0 -9999.0 -9999.0 -9999.0 -9999.0 -9999.0 -9999.0 -9999.0 -9999.0 -9999.0 -9999.0 -9999.0 0.3 0.2 0.2 0.2 0.1 0.1 0.1 0.1 0.1 0.1 0.1 0.1 0.2 0.1 0.2 0.1 0.2 0.3 0.3 0.2 0.3 0.4 0.3 0.3 0.4 0.7 1.0 2.3 2.1 1.2 5.7 2.3 8.1 18.3 25.1 24.2 20.5 18.7 18.5 17.6 31.4 35.2 31.2 33.6 35.0 40.1 48.5 56.2 64.7 66.7 79.9 36.3 25.6 39.2 52.0 75.8 98.5 107.0 102.4 104.0 98.7 96.2 135.6 84.9 103.9 47.7
-9999.0 -9999.0 -9999.0 -9999.0 -9999.0 -9999.0 -9999.0 -9999.0 -9999.0 -9999.0 -9999.0 -9999.0 -9999.0 0.4 0.2 0.1 0.1 0.1 0.1 0.1 0.2 0.1 0.1 0.2 0.3 0.2 0.2 0.3 0.2 0.3 0.2 0.2 0.2 0.3 0.2 0.4 0.6 0.5 1.1 1.4 2.0 8.6 13.1 11.5 9.9 16.0 23.5 21.3 22.8 18.3 11.9 16.0 13.2 11.2 18.5 20.1 15.8 18.5 26.4 43.3 47.7 84.7 59.4 16.9 25.8 35.6 54.8 83.8 113.3 118.5 110.9 100.8 93.5 79.8 70.6 60.3 54.6 46.0
-9999.0 -9999.0 -9999.0 -9999.0 -9999.0 -9999.0 -9999.0 -9999.0 -9999.0 -9999.0 -9999.0 -9999.0 -9999.0 0.4 0.2 0.1 0.2 0.1 0.1 0.1 0.2 0.2 0.2 0.3 0.8 0.4 0.3 0.4 0.2 0.1 0.1 0.1 0.1 0.2 0.2 0.3 0.2 0.4 1.4 7.7 3.6 6.5 9.9 13.4 28.1 20.1 22.0 17.4 15.1 11.2 10.9 3.7 6.2 10.3 13.9 9.7 5.4 7.4 14.9 14.7 33.6 25.6 19.2 22.5 22.4 31.8 52.1 83.8 109.1 116.0 106.1 91.6 79.2 67.3 57.6 54.2 62.6 42.8
-9999.0 -9999.0 -9999.0 -9999.0 -9999.0 -9999.0 -9999.0 -9999.0 -9999.0 -9999.0 -9999.0 -9999.0 -9999.0 -9999.0 -9999.0 0.2 0.2 0.2 0.2 0.3 0.3 0.5 0.8 0.8 0.7 0.7 0.2 0.2 0.1 0.1 0.0 0.0 0.1 0.1 0.1 0.5 1.4 0.2 0.6 1.9 8.1 13.0 14.5 15.5 15.8 23.2 21.1 20.5 13.9 8.8 4.3 12.0 2.3 2.4 0.5 3.1 4.2 3.2 13.3 24.4 13.1 16.4 29.5 21.7 22.2 32.4 55.1 85.3 98.5 96.2 87.6 73.2 65.7 57.8 50.7 54.0 51.6 64.3
-9999.0 -9999.0 -9999.0 -9999.0 -9999.0 -9999.0 -9999.0 -9999.0 -9999.0 -9999.0 -9999.0 -9999.0 -9999.0 -9999.0 -9999.0 -9999.0 -9999.0 22.7 4.3 -9999.0 3.5 1.3 3.0 3.4 1.7 1.6 0.5 0.3 0.2 0.0 0.0 0.0 0.0 0.1 0.1 0.1 1.4 0.1 0.6 1.9 5.7 16.3 15.3 16.1 49.8 35.8 187.3 28.1 19.3 11.8 15.8 3.3 7.4 3.3 4.9 6.2 3.3 12.3 15.4 25.1 5.9 13.7 23.1 23.7 26.1 37.3 62.5 84.7 88.9 82.0 70.6 67.4 63.9 54.6 53.3 55.0 52.0 56.1
-9999.0 -9999.0 -9999.0 -9999.0 -9999.0 -9999.0 -9999.0 -9999.0 -9999.0 -9999.0 -9999.0 -9999.0 -9999.0 -9999.0 -9999.0 -9999.0 -9999.0 -9999.0 -9999.0 -9999.0 -9999.0 5.2 4.3 2.9 3.9 7.6 4.9 2.3 0.5 0.3 0.0 0.2 0.1 0.1 0.1 0.1 0.2 0.2 0.3 0.5 1.5 17.8 23.8 23.7 67.5 34.9 356.5 58.3 38.0 111.7 18.0 29.7 22.6 7.0 8.9 16.8 19.4 17.4 43.4 35.8 8.8 12.0 18.9 25.0 37.4 55.7 82.2 95.3 94.4 80.8 66.3 63.5 59.2 60.3 62.9 61.4 65.0 75.1
-9999.0 -9999.0 -9999.0 -9999.0 -9999.0 -9999.0 -9999.0 -9999.0 -9999.0 -9999.0 -9999.0 -9999.0 -9999.0 -9999.0 -9999.0 -9999.0 -9999.0 -9999.0 -9999.0 -9999.0 -9999.0 -9999.0 -9999.0 34.8 12.5 12.7 9.9 4.6 0.5 0.3 0.1 0.0 0.0 0.0 0.2 0.3 1.6 1.2 5.8 12.0 14.7 27.3 20.3 26.6 94.5 464.7 173.8 138.8 193.9 200.5 71.5 44.8 42.5 33.6 27.2 24.3 35.9 48.7 60.8 59.0 37.1 37.8 36.9 25.9 40.8 71.0 97.4 101.6 85.8 80.2 74.2 68.1 65.7 68.0 69.3 69.9 73.3 80.1
-9999.0 -9999.0 -9999.0 -9999.0 -9999.0 -9999.0 -9999.0 -9999.0 -9999.0 -9999.0 -9999.0 -9999.0 -9999.0 -9999.0 -9999.0 -9999.0 -9999.0 -9999.0 -9999.0 -9999.0 -9999.0 -9999.0 -9999.0 -9999.0 -9999.0 89.5 32.6 3.0 1.3 0.7 0.1 0.1 0.1 0.1 0.2 1.5 9.8 5.4 16.1 16.1 33.7 25.2 78.5 90.6 342.3 546.7 422.9 678.4 113.4 211.5 90.9 92.1 87.2 82.5 61.8 63.3 71.5 79.6 79.4 79.6 73.1 63.6 95.8 34.5 49.6 73.7 83.4 74.6 75.0 76.7 74.3 74.3 71.7 73.0 70.8 70.4 73.1 74.0
-9999.0 -9999.0 -9999.0 -9999.0 -9999.0 -9999.0 -9999.0 -9999.0 -9999.0 -9999.0 -9999.0 -9999.0 -9999.0 -9999.0 -9999.0 -9999.0 -9999.0 -9999.0 -9999.0 -9999.0 -9999.0 -9999.0 -9999.0 -9999.0 -9999.0 -9999.0 -9999.0 121.8 106.9 18.4 8.5 4.6 0.4 4.9 1.2 29.9 6.4 11.2 20.2 25.0 39.3 39.0 140.4 355.1 458.9 599.1 715.1 750.2 737.4 422.0 517.3 420.0 156.1 132.6 109.2 111.8 112.5 117.8 99.0 80.2 77.5 71.9 58.2 58.6 63.2 56.8 65.7 59.7 56.9 62.0 68.6 77.0 68.9 70.8 69.6 69.8 69.3 66.1
-9999.0 -9999.0 -9999.0 -9999.0 -9999.0 -9999.0 -9999.0 -9999.0 -9999.0 -9999.0 -9999.0 -9999.0 -9999.0 -9999.0 -9999.0 -9999.0 -9999.0 -9999.0 -9999.0 -9999.0 -9999.0 -9999.0 -9999.0 -9999.0 -9999.0 -9999.0 -9999.0 -9999.0 -9999.0 -9999.0 -9999.0 -9999.0 -9999.0 45.3 6.7 -9999.0 -9999.0 -9999.0 75.2 44.6 80.8 148.5 151.5 438.6 586.1 653.4 -9999.0 -9999.0 -9999.0 -9999.0 -9999.0 -9999.0 250.4 177.0 127.1 114.0 122.6 116.0 91.9 79.9 74.2 67.1 74.3 71.4 57.9 49.7 52.7 56.8 51.7 52.1 59.7 70.2 71.3 63.7 66.7 66.0 63.3 47.2
-9999.0 -9999.0 -9999.0 -9999.0 -9999.0 -9999.0 -9999.0 -9999.0 -9999.0 -9999.0 -9999.0 -9999.0 -9999.0 -9999.0 -9999.0 -9999.0 -9999.0 -9999.0 -9999.0 -9999.0 -9999.0 -9999.0 -9999.0 -9999.0 -9999.0 -9999.0 -9999.0 -9999.0 -9999.0 -9999.0 -9999.0 -9999.0 -9999.0 -9999.0 -9999.0 -9999.0 -9999.0 -9999.0 -9999.0 300.8 330.6 384.3 447.6 511.0 -9999.0 -9999.0 -9999.0 -9999.0 -9999.0 -9999.0 -9999.0 -9999.0 258.1 210.8 157.7 109.1 96.7 90.8 83.3 80.8 78.9 60.0 53.5 57.0 51.9 52.8 57.8 50.8 46.7 56.1 66.5 68.8 59.2 63.3 60.4 58.9 50.5 36.3
-9999.0 -9999.0 -9999.0 -9999.0 -9999.0 -9999.0 -9999.0 -9999.0 -9999.0 -9999.0 -9999.0 -9999.0 -9999.0 -9999.0 -9999.0 -9999.0 -9999.0 -9999.0 -9999.0 -9999.0 -9999.0 -9999.0 -9999.0 -9999.0 -9999.0 -9999.0 -9999.0 -9999.0 -9999.0 -9999.0 -9999.0 -9999.0 -9999.0 -9999.0 -9999.0 -9999.0 -9999.0 -9999.0 -9999.0 -9999.0 -9999.0 -9999.0 -9999.0 -9999.0 -9999.0 -9999.0 -9999.0 -9999.0 -9999.0 -9999.0 -9999.0 -9999.0 318.6 225.8 157.4 140.3 74.8 63.9 60.3 60.7 61.6 52.4 77.2 44.8 51.0 55.4 51.5 49.6 52.9 62.4 71.6 72.1 79.1 56.7 53.4 49.7 40.4 30.2
-9999.0 -9999.0 -9999.0 -9999.0 -9999.0 -9999.0 -9999.0 -9999.0 -9999.0 -9999.0 -9999.0 -9999.0 -9999.0 -9999.0 -9999.0 -9999.0 -9999.0 -9999.0 -9999.0 -9999.0 -9999.0 -9999.0 -9999.0 -9999.0 -9999.0 -9999.0 -9999.0 -9999.0 -9999.0 -9999.0 -9999.0 -9999.0 -9999.0 -9999.0 -9999.0 -9999.0 -9999.0 -9999.0 -9999.0 -9999.0 -9999.0 -9999.0 -9999.0 -9999.0 -9999.0 -9999.0 -9999.0 -9999.0 -9999.0 -9999.0 -9999.0 379.8 253.8 205.5 110.9 83.0 54.8 56.8 46.1 36.1 56.2 49.1 41.7 46.2 56.0 63.2 58.5 60.0 67.7 76.0 80.5 73.4 50.5 35.7 39.5 38.7 33.2 25.4
-9999.0 -9999.0 -9999.0 -9999.0 -9999.0 -9999.0 -9999.0 -9999.0 -9999.0 -9999.0 -9999.0 -9999.0 -9999.0 -9999.0 -9999.0 -9999.0 -9999.0 -9999.0 -9999.0 -9999.0 -9999.0 -9999.0 -9999.0 -9999.0 -9999.0 -9999.0 -9999.0 -9999.0 -9999.0 -9999.0 -9999.0 -9999.0 -9999.0 -9999.0 -9999.0 -9999.0 -9999.0 -9999.0 -9999.0 -9999.0 -9999.0 -9999.0 -9999.0 -9999.0 -9999.0 -9999.0 -9999.0 -9999.0 -9999.0 -9999.0 402.3 281.9 209.6 166.5 100.0 76.4 41.0 29.6 40.2 59.2 49.7 60.3 44.2 52.8 60.9 67.0 76.4 77.7 90.2 92.7 89.7 64.8 40.7 33.8 34.8 36.0 25.3 37.9
-9999.0 -9999.0 -9999.0 -9999.0 -9999.0 -9999.0 -9999.0 -9999.0 -9999.0 -9999.0 -9999.0 -9999.0 -9999.0 -9999.0 -9999.0 -9999.0 -9999.0 -9999.0 -9999.0 -9999.0 -9999.0 -9999.0 -9999.0 -9999.0 -9999.0 -9999.0 -9999.0 -9999.0 -9999.0 -9999.0 -9999.0 -9999.0 -9999.0 -9999.0 -9999.0 -9999.0 -9999.0 -9999.0 -9999.0 -9999.0 -9999.0 -9999.0 -9999.0 -9999.0 -9999.0 -9999.0 -9999.0 -9999.0 -9999.0 -9999.0 297.7 210.4 169.5 120.7 100.1 70.5 45.8 68.5 74.3 61.9 47.4 46.7 36.6 48.9 60.3 57.9 72.8 85.3 98.6 99.2 91.4 65.3 41.9 33.9 36.2 38.4 41.8 48.8
-9999.0 -9999.0 -9999.0 -9999.0 -9999.0 -9999.0 -9999.0 -9999.0 -9999.0 -9999.0 -9999.0 -9999.0 -9999.0 -9999.0 -9999.0 -9999.0 -9999.0 -9999.0 -9999.0 -9999.0 -9999.0 -9999.0 -9999.0 -9999.0 -9999.0 -9999.0 -9999.0 -9999.0 -9999.0 -9999.0 -9999.0 -9999.0 -9999.0 -9999.0 -9999.0 -9999.0 -9999.0 -9999.0 -9999.0 -9999.0 -9999.0 -9999.0 -9999.0 -9999.0 -9999.0 -9999.0 -9999.0 -9999.0 -9999.0 -9999.0 210.4 148.0 114.4 121.4 66.8 73.7 124.5 99.4 112.5 52.5 62.1 55.6 42.4 40.0 58.0 61.7 71.5 88.1 94.7 107.7 95.7 89.5 53.8 57.7 62.4 62.3 65.8 74.5
-9999.0 -9999.0 -9999.0 -9999.0 -9999.0 -9999.0 -9999.0 -9999.0 -9999.0 -9999.0 -9999.0 -9999.0 -9999.0 -9999.0 -9999.0 -9999.0 -9999.0 -9999.0 -9999.0 -9999.0 -9999.0 -9999.0 -9999.0 -9999.0 -9999.0 -9999.0 -9999.0 -9999.0 -9999.0 -9999.0 -9999.0 -9999.0 -9999.0 -9999.0 -9999.0 -9999.0 -9999.0 -9999.0 -9999.0 -9999.0 -9999.0 -9999.0 -9999.0 -9999.0 -9999.0 -9999.0 -9999.0 -9999.0 -9999.0 -9999.0 132.5 116.7 86.2 82.6 85.5 132.8 88.5 130.7 113.5 45.3 70.9 47.8 22.6 39.8 60.5 70.4 84.1 98.3 110.7 95.9 111.1 100.9 91.1 97.3 100.1 85.3 79.6 78.6
-9999.0 -9999.0 -9999.0 -9999.0 -9999.0 -9999.0 -9999.0 -9999.0 -9999.0 -9999.0 -9999.0 -9999.0 -9999.0 -9999.0 -9999.0 -9999.0 -9999.0 -9999.0 -9999.0 -9999.0 -9999.0 -9999.0 -9999.0 -9999.0 -9999.0 -9999.0 -9999.0 -9999.0 -9999.0 -9999.0 -9999.0 -9999.0 -9999.0 -9999.0 -9999.0 -9999.0 -9999.0 -9999.0 -9999.0 -9999.0 -9999.0 -9999.0 -9999.0 -9999.0 -9999.0 -9999.0 -9999.0 -9999.0 -9999.0 -9999.0 -9999.0 -9999.0 -9999.0 89.0 94.4 111.5 138.5 155.3 59.1 50.0 167.3 34.3 68.7 51.9 67.6 80.9 97.3 102.6 110.3 122.9 144.0 154.0 154.3 146.4 120.4 89.3 78.2 81.4
-9999.0 -9999.0 -9999.0 -9999.0 -9999.0 -9999.0 -9999.0 -9999.0 -9999.0 -9999.0 -9999.0 -9999.0 -9999.0 -9999.0 -9999.0 -9999.0 -9999.0 -9999.0 -9999.0 -9999.0 -9999.0 -9999.0 -9999.0 -9999.0 -9999.0 -9999.0 -9999.0 -9999.0 -9999.0 -9999.0 -9999.0 -9999.0 -9999.0 -9999.0 -9999.0 -9999.0 -9999.0 -9999.0 -9999.0 -9999.0 -9999.0 -9999.0 -9999.0 -9999.0 -9999.0 -9999.0 -9999.0 -9999.0 -9999.0 -9999.0 -9999.0 -9999.0 -9999.0 133.4 138.6 208.4 140.0 102.0 107.0 169.0 86.9 63.0 95.9 91.6 101.1 105.8 109.9 110.8 106.0 130.6 175.2 211.6 223.6 189.8 128.7 93.4 81.6 105.8
-9999.0 -9999.0 -9999.0 -9999.0 -9999.0 -9999.0 -9999.0 -9999.0 -9999.0 -9999.0 -9999.0 -9999.0 -9999.0 -9999.0 -9999.0 -9999.0 -9999.0 -9999.0 -9999.0 -9999.0 -9999.0 -9999.0 -9999.0 -9999.0 -9999.0 -9999.0 -9999.0 -9999.0 -9999.0 -9999.0 -9999.0 -9999.0 -9999.0 -9999.0 -9999.0 -9999.0 -9999.0 -9999.0 -9999.0 -9999.0 -9999.0 -9999.0 -9999.0 -9999.0 -9999.0 -9999.0 -9999.0 -9999.0 -9999.0 -9999.0 -9999.0 -9999.0 -9999.0 180.2 163.8 190.0 147.7 107.3 115.6 111.8 143.7 125.7 145.3 138.7 148.7 -9999.0 -9999.0 -9999.0 108.0 125.8 180.9 238.1 256.0 210.8 141.0 108.6 96.0 123.6
-9999.0 -9999.0 -9999.0 -9999.0 -9999.0 -9999.0 -9999.0 -9999.0 -9999.0 -9999.0 -9999.0 -9999.0 -9999.0 -9999.0 -9999.0 -9999.0 -9999.0 -9999.0 -9999.0 -9999.0 -9999.0 -9999.0 -9999.0 -9999.0 -9999.0 -9999.0 -9999.0 -9999.0 -9999.0 -9999.0 -9999.0 -9999.0 -9999.0 -9999.0 -9999.0 -9999.0 -9999.0 -9999.0 -9999.0 -9999.0 -9999.0 -9999.0 -9999.0 -9999.0 -9999.0 -9999.0 -9999.0 -9999.0 -9999.0 -9999.0 -9999.0 -9999.0 -9999.0 -9999.0 201.8 172.5 104.3 81.0 125.8 174.6 122.9 -9999.0 -9999.0 -9999.0 -9999.0 -9999.0 -9999.0 -9999.0 103.9 128.4 186.9 232.7 244.5 205.4 150.4 125.5 127.3 126.4
-9999.0 -9999.0 -9999.0 -9999.0 -9999.0 -9999.0 -9999.0 -9999.0 -9999.0 -9999.0 -9999.0 -9999.0 -9999.0 -9999.0 -9999.0 -9999.0 -9999.0 -9999.0 -9999.0 -9999.0 -9999.0 -9999.0 -9999.0 -9999.0 -9999.0 -9999.0 -9999.0 -9999.0 -9999.0 -9999.0 -9999.0 -9999.0 -9999.0 -9999.0 -9999.0 -9999.0 -9999.0 -9999.0 -9999.0 -9999.0 -9999.0 -9999.0 -9999.0 -9999.0 -9999.0 -9999.0 -9999.0 -9999.0 -9999.0 -9999.0 -9999.0 -9999.0 -9999.0 -9999.0 -9999.0 148.7 169.6 108.7 107.5 148.4 155.8 -9999.0 -9999.0 -9999.0 -9999.0 -9999.0 -9999.0 -9999.0 -9999.0 -9999.0 176.5 -9999.0 -9999.0 -9999.0 -9999.0 -9999.0 175.6 -9999.0
-9999.0 -9999.0 -9999.0 -9999.0 -9999.0 -9999.0 -9999.0 -9999.0 -9999.0 -9999.0 -9999.0 -9999.0 -9999.0 -9999.0 -9999.0 -9999.0 -9999.0 -9999.0 -9999.0 -9999.0 -9999.0 -9999.0 -9999.0 -9999.0 -9999.0 -9999.0 -9999.0 -9999.0 -9999.0 -9999.0 -9999.0 -9999.0 -9999.0 -9999.0 -9999.0 -9999.0 -9999.0 -9999.0 -9999.0 -9999.0 -9999.0 -9999.0 -9999.0 -9999.0 -9999.0 -9999.0 -9999.0 -9999.0 -9999.0 -9999.0 -9999.0 -9999.0 -9999.0 -9999.0 -9999.0 -9999.0 -9999.0 -9999.0 128.7 131.8 -9999.0 -9999.0 -9999.0 -9999.0 -9999.0 -9999.0 -9999.0 -9999.0 -9999.0 -9999.0 -9999.0 -9999.0 -9999.0 -9999.0 -9999.0 255.0 260.2 -9999.0
-9999.0 -9999.0 -9999.0 -9999.0 -9999.0 -9999.0 -9999.0 -9999.0 -9999.0 -9999.0 -9999.0 -9999.0 -9999.0 -9999.0 -9999.0 -9999.0 -9999.0 -9999.0 -9999.0 -9999.0 -9999.0 -9999.0 -9999.0 -9999.0 -9999.0 -9999.0 -9999.0 -9999.0 -9999.0 -9999.0 -9999.0 -9999.0 -9999.0 -9999.0 -9999.0 -9999.0 -9999.0 -9999.0 -9999.0 -9999.0 -9999.0 -9999.0 -9999.0 -9999.0 -9999.0 -9999.0 -9999.0 -9999.0 -9999.0 -9999.0 -9999.0 -9999.0 -9999.0 -9999.0 -9999.0 -9999.0 -9999.0 -9999.0 -9999.0 -9999.0 -9999.0 -9999.0 -9999.0 -9999.0 -9999.0 -9999.0 -9999.0 -9999.0 -9999.0 -9999.0 -9999.0 -9999.0 -9999.0 -9999.0 -9999.0 -9999.0 -9999.0 -9999.0
-9999.0 -9999.0 -9999.0 -9999.0 -9999.0 -9999.0 -9999.0 -9999.0 -9999.0 -9999.0 -9999.0 -9999.0 -9999.0 -9999.0 -9999.0 -9999.0 -9999.0 -9999.0 -9999.0 -9999.0 -9999.0 -9999.0 -9999.0 -9999.0 -9999.0 -9999.0 -9999.0 -9999.0 -9999.0 -9999.0 -9999.0 -9999.0 -9999.0 -9999.0 -9999.0 -9999.0 -9999.0 -9999.0 -9999.0 -9999.0 -9999.0 -9999.0 -9999.0 -9999.0 -9999.0 -9999.0 -9999.0 -9999.0 -9999.0 -9999.0 -9999.0 -9999.0 -9999.0 -9999.0 -9999.0 -9999.0 -9999.0 -9999.0 -9999.0 -9999.0 -9999.0 -9999.0 -9999.0 -9999.0 -9999.0 -9999.0 -9999.0 -9999.0 -9999.0 -9999.0 -9999.0 -9999.0 -9999.0 -9999.0 -9999.0 617.2 578.3 511.9
-9999.0 -9999.0 -9999.0 -9999.0 -9999.0 -9999.0 -9999.0 -9999.0 -9999.0 -9999.0 -9999.0 -9999.0 -9999.0 -9999.0 -9999.0 -9999.0 -9999.0 -9999.0 -9999.0 -9999.0 -9999.0 -9999.0 -9999.0 -9999.0 -9999.0 -9999.0 -9999.0 -9999.0 -9999.0 -9999.0 -9999.0 -9999.0 -9999.0 -9999.0 -9999.0 -9999.0 -9999.0 -9999.0 -9999.0 -9999.0 -9999.0 -9999.0 -9999.0 -9999.0 -9999.0 -9999.0 -9999.0 -9999.0 -9999.0 -9999.0 -9999.0 -9999.0 -9999.0 -9999.0 -9999.0 -9999.0 -9999.0 -9999.0 -9999.0 -9999.0 -9999.0 -9999.0 -9999.0 -9999.0 -9999.0 -9999.0 -9999.0 -9999.0 -9999.0 -9999.0 -9999.0 -9999.0 -9999.0 436.3 694.6 766.7 798.0 -9999.0
