program/excelProcessViaJava/data/SURF_CLI_CHN_PRE_MON_GRID_0.5-198704.txt
NCOLS      128
NROWS       72
XLLCORNER    72.000000000000    
YLLCORNER    18.000000000000    
CELLSIZE    0.50000000000000    
NODATA_VALUE   -9999.000    
[rows 34 to 67 of 72, columns 0 to 76 of 128]
-9999.0 -9999.0 -9999.0 -9999.0 0.3 0.2 0.2 0.2 0.2 0.2 0.2 0.3 0.5 0.8 2.6 5.7 9.8 18.8 24.6 26.1 25.2 26.2 25.2 14.1 6.8 6.7 8.6 9.7 11.2 12.7 14.0 15.8 15.8 16.0 16.0 13.5 14.3 14.6 7.8 3.4 5.2 1.4 1.6 2.0 2.8 3.7 4.6 5.6 7.9 13.1 19.7 24.7 30.6 27.0 22.0 19.0 16.1 16.6 19.0 13.1 22.1 16.9 12.1 9.1 9.6 12.1 16.0 15.7 14.7 17.7 13.1 15.2 17.0 20.1 24.9 29.8 30.4
-9999.0 -9999.0 -9999.0 -9999.0 -9999.0 -9999.0 -9999.0 0.1 0.1 0.1 0.2 0.2 0.3 0.5 0.9 6.0 4.9 12.4 17.0 13.3 7.4 5.3 5.6 6.5 7.6 8.6 9.1 10.2 11.6 13.1 14.5 15.7 16.3 16.9 17.6 14.9 16.2 12.9 14.6 13.6 5.2 13.4 11.3 7.1 4.9 3.9 5.1 5.5 8.7 11.2 17.3 23.8 27.7 29.0 28.5 22.8 16.4 12.1 20.7 16.8 26.8 21.9 21.7 20.9 20.1 21.0 21.3 22.1 19.0 21.6 19.2 18.9 21.5 22.5 25.3 28.7 24.4
-9999.0 -9999.0 -9999.0 -9999.0 -9999.0 -9999.0 -9999.0 0.1 0.1 0.1 0.1 0.1 0.2 0.3 0.5 0.7 1.6 2.5 2.2 4.2 5.2 4.6 5.9 6.6 7.7 8.5 9.6 9.9 11.6 12.8 13.9 15.0 15.6 17.1 15.5 15.0 13.1 13.5 11.9 10.0 9.9 9.7 10.7 16.1 8.9 6.4 8.2 9.7 15.6 16.3 22.4 23.7 27.2 28.7 28.0 28.4 23.2 20.3 21.9 25.5 31.2 32.4 32.4 33.3 32.7 29.1 24.5 22.4 31.3 26.2 27.5 26.0 24.1 22.0 22.0 28.1 25.9
-9999.0 -9999.0 -9999.0 -9999.0 -9999.0 -9999.0 -9999.0 -9999.0 -9999.0 0.0 0.1 0.1 0.1 0.2 0.4 0.8 1.0 1.1 2.0 2.1 3.3 4.9 5.8 6.6 7.5 8.5 8.9 9.7 11.1 11.5 12.8 13.5 14.1 14.9 13.6 12.9 11.7 11.5 9.7 9.7 8.4 9.5 9.4 9.1 11.3 12.0 13.1 14.0 15.6 17.1 19.6 21.3 24.5 28.1 27.7 28.5 24.3 21.5 22.5 26.7 34.1 37.5 36.8 41.0 36.8 32.3 25.1 25.6 43.2 40.9 41.2 27.1 20.3 18.6 22.9 29.1 29.7
-9999.0 -9999.0 -9999.0 -9999.0 -9999.0 -9999.0 -9999.0 -9999.0 -9999.0 -9999.0 -9999.0 0.1 0.2 0.2 0.3 0.4 0.8 1.4 2.1 2.4 2.6 3.9 4.5 5.9 5.3 6.7 7.1 8.0 9.1 10.2 11.1 12.2 12.6 13.1 12.7 14.4 11.6 10.7 14.6 9.1 10.1 8.6 8.3 8.8 13.4 12.1 17.0 16.2 17.6 17.8 18.7 21.3 24.6 27.5 28.1 27.3 24.4 22.9 24.0 29.1 35.2 41.6 41.5 38.9 37.5 31.4 27.6 35.3 54.3 68.9 56.3 35.9 18.5 16.8 32.2 39.1 39.5
-9999.0 -9999.0 -9999.0 -9999.0 -9999.0 -9999.0 -9999.0 -9999.0 -9999.0 -9999.0 -9999.0 -9999.0 0.1 0.2 0.2 0.4 0.4 0.9 1.4 1.4 3.2 3.4 4.0 5.1 3.8 5.7 6.8 6.5 7.3 8.1 9.1 10.1 11.0 12.4 13.0 12.4 15.0 11.1 9.0 7.4 6.8 7.1 7.9 10.1 11.3 13.7 16.6 16.5 17.8 18.5 20.5 23.0 27.0 31.2 31.4 28.9 26.5 25.6 29.0 31.1 37.9 40.5 42.7 42.2 36.8 46.1 40.8 54.5 75.6 93.3 57.3 32.3 31.9 39.4 40.7 55.0 43.8
-9999.0 -9999.0 -9999.0 -9999.0 -9999.0 -9999.0 -9999.0 -9999.0 -9999.0 -9999.0 -9999.0 -9999.0 0.1 0.3 0.5 0.3 1.1 1.2 1.0 1.5 2.1 2.3 3.0 4.2 5.6 5.0 5.1 6.0 5.7 6.6 7.1 8.4 9.4 10.4 11.6 11.5 13.6 13.2 11.0 9.2 7.4 7.5 10.4 9.4 12.4 15.4 15.3 16.8 18.0 19.7 22.3 26.0 31.1 32.9 34.9 31.6 31.5 31.1 34.3 36.4 40.1 42.9 43.3 46.3 38.2 45.9 41.7 48.4 60.3 78.6 92.6 99.1 87.4 51.8 51.3 47.5 45.5
-9999.0 -9999.0 -9999.0 -9999.0 -9999.0 -9999.0 -9999.0 -9999.0 -9999.0 -9999.0 -9999.0 -9999.0 -9999.0 0.2 0.2 0.9 0.6 1.3 1.9 2.2 2.2 3.4 2.7 4.4 4.2 3.0 3.1 3.1 3.6 4.2 5.1 6.1 7.8 9.4 9.7 10.7 11.5 12.5 19.3 13.5 11.6 12.4 12.1 15.0 13.5 13.6 16.1 18.3 19.8 21.4 24.5 29.6 33.8 30.5 31.1 31.2 33.9 34.2 31.6 34.5 35.9 39.5 41.9 41.4 32.6 42.8 55.9 55.3 63.3 64.6 64.8 69.4 68.0 67.0 68.5 57.7 53.6
-9999.0 -9999.0 -9999.0 -9999.0 -9999.0 -9999.0 -9999.0 -9999.0 -9999.0 -9999.0 -9999.0 -9999.0 0.2 0.2 0.3 0.6 0.4 0.8 1.1 2.8 3.3 3.5 3.2 3.8 4.0 2.4 2.4 2.5 2.4 2.6 3.2 4.2 5.9 7.2 9.2 10.2 13.1 11.7 12.2 13.2 19.3 23.7 25.9 16.1 17.5 17.8 17.4 18.2 20.2 22.4 25.1 27.4 30.8 29.3 29.5 28.8 27.5 40.4 34.8 35.8 35.1 36.7 40.3 46.7 46.2 45.5 32.0 40.0 64.8 89.4 89.9 83.4 87.6 94.9 78.7 58.0 47.4
-9999.0 -9999.0 -9999.0 -9999.0 -9999.0 -9999.0 -9999.0 -9999.0 -9999.0 -9999.0 -9999.0 -9999.0 0.3 0.7 0.7 0.4 0.6 1.6 2.1 1.7 3.6 2.7 3.1 3.3 3.8 3.4 2.5 1.9 1.5 1.6 1.9 2.5 4.0 5.5 7.3 9.4 10.5 12.4 13.7 13.8 16.6 18.3 20.3 21.9 22.2 22.4 23.8 22.3 22.0 22.6 24.1 24.6 26.3 27.0 25.6 27.3 24.3 26.4 32.6 31.5 33.5 37.5 40.1 39.7 41.1 25.9 44.0 37.4 48.5 71.7 87.0 93.4 93.1 81.3 81.3 70.7 56.2
-9999.0 -9999.0 -9999.0 -9999.0 -9999.0 -9999.0 -9999.0 -9999.0 -9999.0 -9999.0 -9999.0 -9999.0 1.7 0.7 1.8 1.5 1.9 1.2 1.9 2.3 2.0 2.3 3.5 2.8 2.9 1.7 1.4 0.8 0.8 0.7 0.8 1.3 2.4 4.1 6.0 8.3 10.3 12.6 14.4 19.2 21.9 24.6 34.3 27.6 28.8 30.3 28.1 22.9 21.4 20.8 20.0 20.0 20.1 19.0 16.7 24.9 20.7 22.3 26.0 33.6 36.8 39.9 46.2 42.9 29.8 31.1 35.7 43.5 57.7 76.2 89.2 86.7 84.6 84.4 126.4 91.5 113.9
-9999.0 -9999.0 -9999.0 -9999.0 -9999.0 -9999.0 -9999.0 -9999.0 -9999.0 -9999.0 -9999.0 -9999.0 -9999.0 1.6 1.6 2.7 2.6 3.3 2.8 3.1 3.3 4.1 3.8 3.3 3.8 2.5 1.5 0.9 0.4 0.3 0.3 0.5 1.3 2.7 4.9 9.0 11.9 12.9 17.1 21.3 28.3 44.7 51.4 45.8 35.0 29.8 26.8 20.7 18.9 16.5 14.9 14.3 12.5 12.7 12.3 12.8 21.8 24.2 24.8 27.8 34.8 44.2 47.8 43.6 33.8 30.6 36.9 49.2 65.1 73.5 79.7 86.1 84.5 99.2 91.0 85.5 76.7
-9999.0 -9999.0 -9999.0 -9999.0 -9999.0 -9999.0 -9999.0 -9999.0 -9999.0 -9999.0 -9999.0 -9999.0 -9999.0 9.4 3.7 5.1 4.2 6.2 6.4 6.4 6.2 6.5 6.4 5.9 6.9 3.9 2.0 1.1 0.3 0.3 0.2 0.3 0.5 1.7 4.6 7.9 9.8 13.3 20.9 39.7 38.0 49.2 55.0 51.9 53.5 33.1 24.8 16.3 13.4 11.5 11.0 8.0 8.3 10.0 11.2 10.3 15.0 19.5 22.3 33.6 35.9 45.6 50.6 49.1 34.1 27.5 34.6 49.9 61.8 66.5 67.2 75.8 91.2 99.9 105.7 109.6 114.3
-9999.0 -9999.0 -9999.0 -9999.0 -9999.0 -9999.0 -9999.0 -9999.0 -9999.0 -9999.0 -9999.0 -9999.0 -9999.0 -9999.0 -9999.0 9.8 11.1 10.3 12.1 14.5 12.2 13.9 14.2 12.4 9.6 6.9 4.0 1.5 0.7 0.1 0.1 0.1 0.8 1.9 3.4 10.5 18.0 11.9 19.9 30.4 48.8 58.7 58.6 50.9 37.2 33.4 22.3 21.0 12.2 15.0 7.3 11.9 5.9 6.4 4.8 8.2 11.0 20.0 21.6 28.9 39.7 42.4 54.6 46.7 31.9 25.3 32.8 49.7 57.7 54.2 57.0 72.5 95.8 109.7 119.9 130.2 128.7
-9999.0 -9999.0 -9999.0 -9999.0 -9999.0 -9999.0 -9999.0 -9999.0 -9999.0 -9999.0 -9999.0 -9999.0 -9999.0 -9999.0 -9999.0 -9999.0 -9999.0 104.4 46.8 -9999.0 38.4 25.2 30.3 27.8 19.1 14.6 9.2 4.2 1.2 0.4 0.1 0.1 1.3 0.8 2.4 5.6 20.1 9.5 20.0 30.1 42.2 58.5 50.8 40.8 56.8 36.9 179.4 21.6 19.1 11.9 23.6 7.3 10.0 8.1 9.7 11.1 9.9 18.0 23.1 30.8 32.7 42.6 47.4 41.7 31.2 25.3 32.9 46.7 53.6 52.3 61.0 88.9 110.6 120.9 124.9 137.6 139.9
-9999.0 -9999.0 -9999.0 -9999.0 -9999.0 -9999.0 -9999.0 -9999.0 -9999.0 -9999.0 -9999.0 -9999.0 -9999.0 -9999.0 -9999.0 -9999.0 -9999.0 -9999.0 -9999.0 -9999.0 -9999.0 53.8 47.0 39.1 37.1 37.9 25.3 13.6 5.0 1.4 0.3 0.3 0.5 1.3 2.7 6.0 8.7 11.4 12.9 15.5 19.7 50.5 49.6 36.9 50.9 26.7 285.7 44.0 25.2 70.4 17.6 24.5 22.0 8.6 11.9 18.8 20.4 18.8 33.6 32.6 36.6 47.7 42.1 40.3 35.3 32.9 41.3 52.7 60.6 57.8 63.8 92.7 111.7 124.2 121.2 127.2 131.6
-9999.0 -9999.0 -9999.0 -9999.0 -9999.0 -9999.0 -9999.0 -9999.0 -9999.0 -9999.0 -9999.0 -9999.0 -9999.0 -9999.0 -9999.0 -9999.0 -9999.0 -9999.0 -9999.0 -9999.0 -9999.0 -9999.0 -9999.0 129.4 77.3 68.5 52.8 32.8 16.5 7.4 2.9 2.3 8.5 6.4 12.9 15.3 25.7 18.0 35.1 45.3 41.1 51.7 26.3 18.3 50.3 322.4 107.1 89.6 139.2 147.7 53.1 34.0 30.6 25.7 16.7 5.8 24.5 32.7 18.8 34.8 39.8 51.0 53.0 41.1 39.7 40.9 51.0 61.8 58.3 61.8 79.6 90.4 105.0 122.7 142.9 158.1 151.8
-9999.0 -9999.0 -9999.0 -9999.0 -9999.0 -9999.0 -9999.0 -9999.0 -9999.0 -9999.0 -9999.0 -9999.0 -9999.0 -9999.0 -9999.0 -9999.0 -9999.0 -9999.0 -9999.0 -9999.0 -9999.0 -9999.0 -9999.0 -9999.0 -9999.0 221.6 122.6 61.5 43.9 40.8 19.4 12.2 12.3 17.0 17.2 34.5 67.4 34.6 58.6 40.5 62.2 28.0 40.2 38.4 196.6 342.0 252.5 457.7 60.0 131.7 54.7 59.7 57.9 54.0 29.3 19.9 30.2 24.0 36.2 34.7 34.9 37.4 52.3 30.7 33.9 40.5 49.3 60.5 74.7 86.8 76.8 80.9 88.5 111.2 134.8 179.1 184.7
-9999.0 -9999.0 -9999.0 -9999.0 -9999.0 -9999.0 -9999.0 -9999.0 -9999.0 -9999.0 -9999.0 -9999.0 -9999.0 -9999.0 -9999.0 -9999.0 -9999.0 -9999.0 -9999.0 -9999.0 -9999.0 -9999.0 -9999.0 -9999.0 -9999.0 -9999.0 -9999.0 269.3 227.9 91.4 62.2 48.0 49.8 41.8 44.5 56.1 41.0 40.6 29.8 38.0 49.1 18.9 63.7 189.0 248.8 342.8 431.4 470.4 484.3 255.6 369.0 318.8 98.1 87.5 59.1 45.7 25.3 19.4 33.1 23.6 10.5 27.8 11.9 16.7 26.8 29.1 42.7 52.3 63.6 72.7 70.3 82.5 71.9 88.7 112.7 147.2 144.3
-9999.0 -9999.0 -9999.0 -9999.0 -9999.0 -9999.0 -9999.0 -9999.0 -9999.0 -9999.0 -9999.0 -9999.0 -9999.0 -9999.0 -9999.0 -9999.0 -9999.0 -9999.0 -9999.0 -9999.0 -9999.0 -9999.0 -9999.0 -9999.0 -9999.0 -9999.0 -9999.0 -9999.0 -9999.0 -9999.0 -9999.0 -9999.0 -9999.0 114.8 75.8 -9999.0 -9999.0 -9999.0 70.1 43.8 47.6 73.1 61.2 226.3 314.4 352.9 -9999.0 -9999.0 -9999.0 -9999.0 -9999.0 -9999.0 183.0 98.1 96.7 55.0 30.1 17.1 16.6 11.5 13.1 20.8 11.5 12.3 12.7 19.0 38.6 64.9 67.7 59.8 56.7 72.4 78.4 69.5 83.6 106.9 119.6
-9999.0 -9999.0 -9999.0 -9999.0 -9999.0 -9999.0 -9999.0 -9999.0 -9999.0 -9999.0 -9999.0 -9999.0 -9999.0 -9999.0 -9999.0 -9999.0 -9999.0 -9999.0 -9999.0 -9999.0 -9999.0 -9999.0 -9999.0 -9999.0 -9999.0 -9999.0 -9999.0 -9999.0 -9999.0 -9999.0 -9999.0 -9999.0 -9999.0 -9999.0 -9999.0 -9999.0 -9999.0 -9999.0 -9999.0 212.2 208.7 221.7 242.1 264.6 -9999.0 -9999.0 -9999.0 -9999.0 -9999.0 -9999.0 -9999.0 -9999.0 164.5 104.8 80.8 52.9 26.0 12.9 8.1 8.0 10.0 15.2 17.4 10.6 15.3 23.1 41.0 40.4 43.6 61.9 69.1 71.8 69.0 83.2 86.7 105.5 119.8
-9999.0 -9999.0 -9999.0 -9999.0 -9999.0 -9999.0 -9999.0 -9999.0 -9999.0 -9999.0 -9999.0 -9999.0 -9999.0 -9999.0 -9999.0 -9999.0 -9999.0 -9999.0 -9999.0 -9999.0 -9999.0 -9999.0 -9999.0 -9999.0 -9999.0 -9999.0 -9999.0 -9999.0 -9999.0 -9999.0 -9999.0 -9999.0 -9999.0 -9999.0 -9999.0 -9999.0 -9999.0 -9999.0 -9999.0 -9999.0 -9999.0 -9999.0 -9999.0 -9999.0 -9999.0 -9999.0 -9999.0 -9999.0 -9999.0 -9999.0 -9999.0 -9999.0 194.8 103.2 70.8 50.2 21.7 10.6 7.8 9.6 10.9 13.2 33.0 13.9 16.8 15.4 12.4 17.1 28.2 44.0 57.8 72.9 107.9 104.2 118.4 143.3 149.7
-9999.0 -9999.0 -9999.0 -9999.0 -9999.0 -9999.0 -9999.0 -9999.0 -9999.0 -9999.0 -9999.0 -9999.0 -9999.0 -9999.0 -9999.0 -9999.0 -9999.0 -9999.0 -9999.0 -9999.0 -9999.0 -9999.0 -9999.0 -9999.0 -9999.0 -9999.0 -9999.0 -9999.0 -9999.0 -9999.0 -9999.0 -9999.0 -9999.0 -9999.0 -9999.0 -9999.0 -9999.0 -9999.0 -9999.0 -9999.0 -9999.0 -9999.0 -9999.0 -9999.0 -9999.0 -9999.0 -9999.0 -9999.0 -9999.0 -9999.0 -9999.0 164.1 112.7 92.6 56.6 37.6 20.0 13.6 9.3 9.4 12.7 14.7 14.9 17.5 19.6 18.0 10.8 13.3 24.7 34.9 48.7 68.6 89.7 124.1 153.7 177.8 173.2
-9999.0 -9999.0 -9999.0 -9999.0 -9999.0 -9999.0 -9999.0 -9999.0 -9999.0 -9999.0 -9999.0 -9999.0 -9999.0 -9999.0 -9999.0 -9999.0 -9999.0 -9999.0 -9999.0 -9999.0 -9999.0 -9999.0 -9999.0 -9999.0 -9999.0 -9999.0 -9999.0 -9999.0 -9999.0 -9999.0 -9999.0 -9999.0 -9999.0 -9999.0 -9999.0 -9999.0 -9999.0 -9999.0 -9999.0 -9999.0 -9999.0 -9999.0 -9999.0 -9999.0 -9999.0 -9999.0 -9999.0 -9999.0 -9999.0 -9999.0 172.6 126.3 105.3 88.2 64.0 43.6 23.9 13.6 11.5 11.5 12.7 15.3 19.1 25.0 28.0 25.7 29.3 28.8 39.4 41.3 51.9 61.3 86.5 121.6 144.6 155.7 188.8
-9999.0 -9999.0 -9999.0 -9999.0 -9999.0 -9999.0 -9999.0 -9999.0 -9999.0 -9999.0 -9999.0 -9999.0 -9999.0 -9999.0 -9999.0 -9999.0 -9999.0 -9999.0 -9999.0 -9999.0 -9999.0 -9999.0 -9999.0 -9999.0 -9999.0 -9999.0 -9999.0 -9999.0 -9999.0 -9999.0 -9999.0 -9999.0 -9999.0 -9999.0 -9999.0 -9999.0 -9999.0 -9999.0 -9999.0 -9999.0 -9999.0 -9999.0 -9999.0 -9999.0 -9999.0 -9999.0 -9999.0 -9999.0 -9999.0 -9999.0 137.5 124.9 104.7 98.0 79.5 57.3 45.6 23.3 17.5 16.6 18.9 21.9 25.9 32.6 38.1 28.6 36.9 39.9 47.1 49.2 58.2 66.9 81.4 103.0 116.7 127.8 141.0
-9999.0 -9999.0 -9999.0 -9999.0 -9999.0 -9999.0 -9999.0 -9999.0 -9999.0 -9999.0 -9999.0 -9999.0 -9999.0 -9999.0 -9999.0 -9999.0 -9999.0 -9999.0 -9999.0 -9999.0 -9999.0 -9999.0 -9999.0 -9999.0 -9999.0 -9999.0 -9999.0 -9999.0 -9999.0 -9999.0 -9999.0 -9999.0 -9999.0 -9999.0 -9999.0 -9999.0 -9999.0 -9999.0 -9999.0 -9999.0 -9999.0 -9999.0 -9999.0 -9999.0 -9999.0 -9999.0 -9999.0 -9999.0 -9999.0 -9999.0 115.9 107.9 99.2 114.1 94.2 73.8 49.0 35.3 29.2 29.1 30.4 34.4 38.2 37.2 46.1 42.2 36.5 36.1 38.5 52.8 63.6 75.7 80.0 86.4 90.1 95.7 105.2
-9999.0 -9999.0 -9999.0 -9999.0 -9999.0 -9999.0 -9999.0 -9999.0 -9999.0 -9999.0 -9999.0 -9999.0 -9999.0 -9999.0 -9999.0 -9999.0 -9999.0 -9999.0 -9999.0 -9999.0 -9999.0 -9999.0 -9999.0 -9999.0 -9999.0 -9999.0 -9999.0 -9999.0 -9999.0 -9999.0 -9999.0 -9999.0 -9999.0 -9999.0 -9999.0 -9999.0 -9999.0 -9999.0 -9999.0 -9999.0 -9999.0 -9999.0 -9999.0 -9999.0 -9999.0 -9999.0 -9999.0 -9999.0 -9999.0 -9999.0 109.0 121.0 111.0 114.7 100.6 79.3 59.9 46.7 46.1 41.5 45.4 43.7 27.5 48.1 63.6 62.5 58.7 41.9 43.2 37.9 59.0 73.6 79.2 77.2 79.8 82.7 88.8
-9999.0 -9999.0 -9999.0 -9999.0 -9999.0 -9999.0 -9999.0 -9999.0 -9999.0 -9999.0 -9999.0 -9999.0 -9999.0 -9999.0 -9999.0 -9999.0 -9999.0 -9999.0 -9999.0 -9999.0 -9999.0 -9999.0 -9999.0 -9999.0 -9999.0 -9999.0 -9999.0 -9999.0 -9999.0 -9999.0 -9999.0 -9999.0 -9999.0 -9999.0 -9999.0 -9999.0 -9999.0 -9999.0 -9999.0 -9999.0 -9999.0 -9999.0 -9999.0 -9999.0 -9999.0 -9999.0 -9999.0 -9999.0 -9999.0 -9999.0 -9999.0 -9999.0 -9999.0 101.7 91.9 75.0 57.7 51.7 48.6 50.7 77.9 34.0 80.0 71.4 86.5 81.7 81.7 40.1 38.8 41.3 54.0 66.8 72.3 73.0 75.4 83.3 82.9
-9999.0 -9999.0 -9999.0 -9999.0 -9999.0 -9999.0 -9999.0 -9999.0 -9999.0 -9999.0 -9999.0 -9999.0 -9999.0 -9999.0 -9999.0 -9999.0 -9999.0 -9999.0 -9999.0 -9999.0 -9999.0 -9999.0 -9999.0 -9999.0 -9999.0 -9999.0 -9999.0 -9999.0 -9999.0 -9999.0 -9999.0 -9999.0 -9999.0 -9999.0 -9999.0 -9999.0 -9999.0 -9999.0 -9999.0 -9999.0 -9999.0 -9999.0 -9999.0 -9999.0 -9999.0 -9999.0 -9999.0 -9999.0 -9999.0 -9999.0 -9999.0 -9999.0 -9999.0 97.8 81.6 87.0 52.2 46.0 55.9 83.9 73.5 57.3 118.8 75.5 91.7 92.2 56.7 76.0 52.5 55.2 60.2 64.1 65.5 68.4 74.5 70.8 69.2
-9999.0 -9999.0 -9999.0 -9999.0 -9999.0 -9999.0 -9999.0 -9999.0 -9999.0 -9999.0 -9999.0 -9999.0 -9999.0 -9999.0 -9999.0 -9999.0 -9999.0 -9999.0 -9999.0 -9999.0 -9999.0 -9999.0 -9999.0 -9999.0 -9999.0 -9999.0 -9999.0 -9999.0 -9999.0 -9999.0 -9999.0 -9999.0 -9999.0 -9999.0 -9999.0 -9999.0 -9999.0 -9999.0 -9999.0 -9999.0 -9999.0 -9999.0 -9999.0 -9999.0 -9999.0 -9999.0 -9999.0 -9999.0 -9999.0 -9999.0 -9999.0 -9999.0 -9999.0 96.0 70.3 68.6 51.7 50.4 68.7 91.4 121.2 128.3 176.0 195.0 94.4 -9999.0 -9999.0 -9999.0 93.4 86.4 77.5 68.4 64.7 69.0 75.1 68.5 63.0
-9999.0 -9999.0 -9999.0 -9999.0 -9999.0 -9999.0 -9999.0 -9999.0 -9999.0 -9999.0 -9999.0 -9999.0 -9999.0 -9999.0 -9999.0 -9999.0 -9999.0 -9999.0 -9999.0 -9999.0 -9999.0 -9999.0 -9999.0 -9999.0 -9999.0 -9999.0 -9999.0 -9999.0 -9999.0 -9999.0 -9999.0 -9999.0 -9999.0 -9999.0 -9999.0 -9999.0 -9999.0 -9999.0 -9999.0 -9999.0 -9999.0 -9999.0 -9999.0 -9999.0 -9999.0 -9999.0 -9999.0 -9999.0 -9999.0 -9999.0 -9999.0 -9999.0 -9999.0 -9999.0 82.7 67.5 55.6 66.8 96.6 139.4 145.5 -9999.0 -9999.0 -9999.0 -9999.0 -9999.0 -9999.0 -9999.0 128.1 117.7 97.8 76.0 68.9 72.3 79.7 82.1 71.3
-9999.0 -9999.0 -9999.0 -9999.0 -9999.0 -9999.0 -9999.0 -9999.0 -9999.0 -9999.0 -9999.0 -9999.0 -9999.0 -9999.0 -9999.0 -9999.0 -9999.0 -9999.0 -9999.0 -9999.0 -9999.0 -9999.0 -9999.0 -9999.0 -9999.0 -9999.0 -9999.0 -9999.0 -9999.0 -9999.0 -9999.0 -9999.0 -9999.0 -9999.0 -9999.0 -9999.0 -9999.0 -9999.0 -9999.0 -9999.0 -9999.0 -9999.0 -9999.0 -9999.0 -9999.0 -9999.0 -9999.0 -9999.0 -9999.0 -9999.0 -9999.0 -9999.0 -9999.0 -9999.0 -9999.0 78.9 93.3 97.6 133.7 180.1 210.6 -9999.0 -9999.0 -9999.0 -9999.0 -9999.0 -9999.0 -9999.0 -9999.0 -9999.0 107.7 -9999.0 -9999.0 -9999.0 -9999.0 -9999.0 85.0
-9999.0 -9999.0 -9999.0 -9999.0 -9999.0 -9999.0 -9999.0 -9999.0 -9999.0 -9999.0 -9999.0 -9999.0 -9999.0 -9999.0 -9999.0 -9999.0 -9999.0 -9999.0 -9999.0 -9999.0 -9999.0 -9999.0 -9999.0 -9999.0 -9999.0 -9999.0 -9999.0 -9999.0 -9999.0 -9999.0 -9999.0 -9999.0 -9999.0 -9999.0 -9999.0 -9999.0 -9999.0 -9999.0 -9999.0 -9999.0 -9999.0 -9999.0 -9999.0 -9999.0 -9999.0 -9999.0 -9999.0 -9999.0 -9999.0 -9999.0 -9999.0 -9999.0 -9999.0 -9999.0 -9999.0 -9999.0 -9999.0 -9999.0 178.1 220.3 -9999.0 -9999.0 -9999.0 -9999.0 -9999.0 -9999.0 -9999.0 -9999.0 -9999.0 -9999.0 -9999.0 -9999.0 -9999.0 -9999.0 -9999.0 101.7 103.7
-9999.0 -9999.0 -9999.0 -9999.0 -9999.0 -9999.0 -9999.0 -9999.0 -9999.0 -9999.0 -9999.0 -9999.0 -9999.0 -9999.0 -9999.0 -9999.0 -9999.0 -9999.0 -9999.0 -9999.0 -9999.0 -9999.0 -9999.0 -9999.0 -9999.0 -9999.0 -9999.0 -9999.0 -9999.0 -9999.0 -9999.0 -9999.0 -9999.0 -9999.0 -9999.0 -9999.0 -9999.0 -9999.0 -9999.0 -9999.0 -9999.0 -9999.0 -9999.0 -9999.0 -9999.0 -9999.0 -9999.0 -9999.0 -9999.0 -9999.0 -9999.0 -9999.0 -9999.0 -9999.0 -9999.0 -9999.0 -9999.0 -9999.0 -9999.0 -9999.0 -9999.0 -9999.0 -9999.0 -9999.0 -9999.0 -9999.0 -9999.0 -9999.0 -9999.0 -9999.0 -9999.0 -9999.0 -9999.0 -9999.0 -9999.0 -9999.0 -9999.0
