program/excelProcessViaJava/data/SURF_CLI_CHN_PRE_MON_GRID_0.5-198705.txt
NCOLS      128
NROWS       72
XLLCORNER    72.000000000000    
YLLCORNER    18.000000000000    
CELLSIZE    0.50000000000000    
NODATA_VALUE   -9999.000    
[rows 34 to 67 of 72, columns 0 to 76 of 128]
-9999.0 -9999.0 -9999.0 -9999.0 0.0 0.1 0.0 0.5 0.0 0.0 5.6 0.2 2.0 2.5 22.0 22.7 23.7 33.5 39.6 39.7 31.6 24.1 16.0 4.4 0.3 0.1 0.4 0.5 0.8 1.2 2.0 2.9 4.4 6.0 7.7 8.9 12.1 16.1 14.6 11.8 19.4 9.7 9.2 7.0 6.3 5.8 5.8 6.9 9.8 17.2 28.5 42.8 54.6 58.7 58.1 57.3 59.0 65.5 73.0 69.5 75.4 56.9 43.7 37.5 29.3 23.7 25.5 19.9 21.0 30.9 27.7 27.9 25.8 27.0 27.3 29.8 25.3
-9999.0 -9999.0 -9999.0 -9999.0 -9999.0 -9999.0 -9999.0 0.1 0.0 0.2 0.0 0.0 0.6 0.3 0.5 24.1 9.5 25.0 30.5 17.5 2.9 0.4 0.3 0.3 0.4 0.5 0.4 0.6 0.8 1.1 2.0 3.3 4.9 6.6 8.7 10.0 13.6 15.2 21.2 25.8 17.9 37.0 37.1 26.7 15.1 7.0 10.0 9.5 15.4 17.7 28.1 43.5 55.2 55.9 59.3 63.7 65.1 69.6 81.0 87.7 88.2 78.6 61.4 54.9 54.1 40.8 37.3 34.3 32.2 39.6 40.1 36.4 38.8 39.8 37.9 42.7 32.5
-9999.0 -9999.0 -9999.0 -9999.0 -9999.0 -9999.0 -9999.0 0.0 0.2 0.0 0.0 0.1 0.0 0.0 0.1 0.0 0.3 0.5 0.0 0.7 0.8 0.2 0.4 0.4 0.5 0.5 0.7 0.6 1.2 2.0 2.6 3.9 5.5 7.2 8.8 10.6 11.9 15.5 18.1 20.5 25.5 29.9 35.4 48.4 29.0 16.3 20.8 23.3 38.3 36.5 51.1 50.7 53.2 57.4 59.8 69.5 74.4 81.1 86.3 89.3 99.8 105.4 94.9 91.3 79.9 67.4 54.8 45.2 50.3 51.6 58.1 60.0 60.9 59.7 46.7 62.5 59.0
-9999.0 -9999.0 -9999.0 -9999.0 -9999.0 -9999.0 -9999.0 -9999.0 -9999.0 0.0 0.0 0.1 0.0 0.0 0.1 0.3 0.1 0.0 0.1 0.0 0.1 0.5 0.5 0.5 0.6 0.8 0.7 1.0 1.8 1.9 3.9 4.9 6.3 7.8 8.8 9.9 10.9 13.3 14.3 18.1 20.2 27.1 30.0 29.9 36.4 36.4 37.4 38.0 42.1 45.3 50.8 49.6 50.9 56.0 60.8 71.7 79.1 85.2 87.0 89.8 94.5 97.1 104.3 116.5 109.9 91.6 70.4 58.9 63.2 70.3 79.0 75.9 76.8 78.7 82.0 59.5 57.0
-9999.0 -9999.0 -9999.0 -9999.0 -9999.0 -9999.0 -9999.0 -9999.0 -9999.0 -9999.0 -9999.0 0.0 0.4 0.0 0.0 0.0 0.1 0.2 0.3 0.2 0.1 0.3 0.3 0.6 0.2 0.5 0.6 0.9 1.6 2.9 4.2 5.1 7.0 8.4 9.3 11.5 10.9 11.8 18.6 15.1 20.6 21.8 24.2 26.9 42.4 36.1 51.6 46.3 52.3 52.6 49.2 50.0 51.1 55.4 61.6 69.9 80.2 84.9 86.2 85.5 85.0 93.8 109.4 122.8 119.4 97.1 79.3 73.9 76.0 87.3 94.5 94.5 91.6 93.3 89.4 82.5 77.9
-9999.0 -9999.0 -9999.0 -9999.0 -9999.0 -9999.0 -9999.0 -9999.0 -9999.0 -9999.0 -9999.0 -9999.0 0.2 0.3 0.0 0.1 0.0 0.1 0.1 0.0 0.5 0.4 0.4 0.6 0.0 0.7 1.2 1.0 1.9 2.2 4.5 6.3 7.8 9.2 10.5 11.0 13.9 11.8 10.7 10.3 11.7 15.3 20.4 30.1 35.4 42.9 51.5 46.0 51.7 55.0 60.7 57.3 53.6 55.4 61.8 69.8 78.1 83.2 83.7 82.0 79.9 83.4 93.0 110.7 118.1 116.9 91.6 87.2 91.0 101.7 107.9 109.8 126.9 139.5 126.9 145.6 115.8
-9999.0 -9999.0 -9999.0 -9999.0 -9999.0 -9999.0 -9999.0 -9999.0 -9999.0 -9999.0 -9999.0 -9999.0 0.0 0.6 1.7 0.1 1.0 0.4 0.0 0.1 0.2 0.1 0.2 0.6 1.4 0.9 1.2 2.4 2.5 4.3 5.0 6.2 8.5 9.9 10.9 11.0 13.0 13.6 12.3 11.6 10.8 13.5 24.7 25.5 38.2 49.9 47.1 47.8 43.8 54.4 54.9 56.1 52.7 56.2 60.0 68.4 76.7 83.7 82.9 80.3 79.8 85.2 96.1 110.7 114.3 113.8 93.0 95.8 106.2 114.6 123.2 137.1 146.8 143.9 142.3 131.5 122.6
-9999.0 -9999.0 -9999.0 -9999.0 -9999.0 -9999.0 -9999.0 -9999.0 -9999.0 -9999.0 -9999.0 -9999.0 -9999.0 0.1 0.0 1.7 0.2 0.8 1.1 0.9 0.5 1.1 0.3 1.4 1.1 0.4 0.6 0.7 1.8 3.3 5.9 7.9 8.9 10.5 10.9 11.0 11.1 12.3 19.5 15.6 15.6 20.4 24.4 36.8 38.7 41.8 50.9 56.2 57.0 55.0 53.8 49.6 49.8 59.1 59.7 64.3 71.0 80.1 88.5 89.0 91.4 96.6 110.5 121.7 98.7 103.3 99.8 96.7 113.7 130.7 155.0 155.2 145.6 143.2 142.1 130.9 127.2
-9999.0 -9999.0 -9999.0 -9999.0 -9999.0 -9999.0 -9999.0 -9999.0 -9999.0 -9999.0 -9999.0 -9999.0 0.1 0.0 0.0 0.6 0.0 0.2 0.3 2.8 2.5 2.0 1.0 1.4 1.7 0.5 0.9 1.8 2.6 3.6 5.8 8.6 9.2 11.0 11.4 10.8 12.3 10.4 10.9 13.0 22.2 31.5 40.9 32.9 43.1 49.6 49.3 45.1 46.8 46.6 51.4 54.2 47.9 52.0 52.2 55.6 64.7 61.9 79.4 84.5 99.8 118.3 131.9 147.8 139.7 111.3 73.0 91.9 115.5 126.7 134.5 141.5 141.1 127.3 114.3 109.6 113.6
-9999.0 -9999.0 -9999.0 -9999.0 -9999.0 -9999.0 -9999.0 -9999.0 -9999.0 -9999.0 -9999.0 -9999.0 0.0 2.4 0.9 0.0 0.0 1.8 2.3 0.6 3.7 1.0 1.1 1.3 2.2 2.6 2.3 2.6 3.1 4.9 6.7 8.5 9.5 11.1 10.6 10.0 8.7 9.6 10.5 10.3 14.4 18.3 25.3 35.0 44.0 51.5 59.0 54.3 48.0 34.6 36.1 43.8 41.1 42.0 43.3 42.1 49.4 60.6 67.0 92.4 115.4 139.3 144.0 140.0 128.2 61.5 83.3 83.7 106.4 124.3 134.9 137.0 129.1 121.5 120.9 107.9 104.8
-9999.0 -9999.0 -9999.0 -9999.0 -9999.0 -9999.0 -9999.0 -9999.0 -9999.0 -9999.0 -9999.0 -9999.0 7.2 0.2 5.3 2.5 3.1 0.1 1.1 1.1 0.2 0.2 1.3 0.7 1.3 0.6 1.0 0.7 2.9 4.0 5.8 6.5 10.0 10.8 9.8 8.5 7.5 7.9 8.4 12.8 15.1 17.2 36.1 29.1 45.5 58.7 60.9 49.3 34.8 31.3 32.3 31.3 46.8 49.2 42.8 32.1 39.7 52.0 68.7 77.3 104.9 136.0 178.4 140.6 62.0 43.3 62.0 83.9 104.2 121.2 132.2 130.8 125.6 124.0 151.6 126.9 154.1
-9999.0 -9999.0 -9999.0 -9999.0 -9999.0 -9999.0 -9999.0 -9999.0 -9999.0 -9999.0 -9999.0 -9999.0 -9999.0 0.0 0.1 3.8 2.4 4.7 0.8 0.6 0.0 1.0 0.5 0.4 1.8 1.2 1.5 2.1 1.6 3.7 3.4 5.9 8.0 9.7 8.9 8.5 7.9 6.6 8.4 10.5 15.5 33.8 46.8 50.6 46.0 50.7 55.1 37.9 41.0 32.8 25.0 33.3 31.6 28.1 37.9 40.2 27.8 36.0 60.6 101.0 121.8 175.0 179.6 86.9 28.9 40.2 64.7 87.7 104.7 118.8 130.0 131.4 127.1 115.0 126.9 117.2 117.4
-9999.0 -9999.0 -9999.0 -9999.0 -9999.0 -9999.0 -9999.0 -9999.0 -9999.0 -9999.0 -9999.0 -9999.0 -9999.0 28.4 0.3 6.4 0.4 8.8 6.7 3.2 0.2 0.3 0.3 0.7 4.3 2.0 1.4 2.3 1.7 0.7 1.5 3.1 5.9 7.3 7.3 7.0 5.8 6.0 9.3 20.8 20.5 31.9 43.7 52.5 67.3 56.5 52.4 37.9 32.6 26.7 27.8 20.6 26.1 32.2 37.4 34.3 26.5 35.1 62.3 61.1 122.7 113.1 66.7 37.9 33.1 41.5 63.6 83.2 96.4 110.6 123.6 127.3 126.6 134.5 151.8 175.7 204.7
-9999.0 -9999.0 -9999.0 -9999.0 -9999.0 -9999.0 -9999.0 -9999.0 -9999.0 -9999.0 -9999.0 -9999.0 -9999.0 -9999.0 -9999.0 9.3 14.6 6.8 11.4 15.4 1.9 5.3 5.7 3.6 2.0 2.0 0.4 0.8 0.4 0.9 0.9 1.8 2.7 4.4 5.4 6.5 8.1 4.6 7.7 13.5 26.9 38.9 47.7 52.8 47.8 46.6 49.2 37.2 33.3 24.3 20.8 29.3 20.3 21.7 12.3 24.1 29.1 20.2 66.0 98.6 83.5 81.5 81.8 60.3 47.5 47.4 59.3 72.7 83.6 99.2 113.1 119.6 131.4 151.8 180.4 229.4 256.8
-9999.0 -9999.0 -9999.0 -9999.0 -9999.0 -9999.0 -9999.0 -9999.0 -9999.0 -9999.0 -9999.0 -9999.0 -9999.0 -9999.0 -9999.0 -9999.0 -9999.0 203.4 89.9 -9999.0 50.4 8.9 20.1 16.1 4.5 4.1 0.6 0.9 1.2 0.5 0.7 1.2 1.5 3.5 4.7 4.5 7.6 3.4 7.6 13.5 23.7 39.6 45.2 48.6 45.5 48.2 70.0 47.1 32.9 26.9 26.7 17.2 18.2 18.5 20.5 23.2 19.0 43.2 60.1 90.5 75.3 106.6 113.3 94.1 73.4 64.5 70.5 78.3 84.9 95.9 105.5 121.6 138.9 160.2 210.7 261.9 282.3
-9999.0 -9999.0 -9999.0 -9999.0 -9999.0 -9999.0 -9999.0 -9999.0 -9999.0 -9999.0 -9999.0 -9999.0 -9999.0 -9999.0 -9999.0 -9999.0 -9999.0 -9999.0 -9999.0 -9999.0 -9999.0 40.4 21.0 5.1 10.7 21.3 12.8 6.5 2.2 1.7 0.8 2.0 2.3 3.3 4.8 4.5 4.5 4.6 5.4 7.4 12.5 37.5 46.8 49.3 48.1 50.1 98.4 47.1 42.3 68.2 23.6 28.6 24.0 12.1 13.1 21.1 27.1 28.6 72.3 77.1 86.3 98.1 121.8 113.4 109.8 106.2 112.6 111.2 110.7 110.4 114.1 126.2 143.6 170.1 211.6 248.3 246.8
-9999.0 -9999.0 -9999.0 -9999.0 -9999.0 -9999.0 -9999.0 -9999.0 -9999.0 -9999.0 -9999.0 -9999.0 -9999.0 -9999.0 -9999.0 -9999.0 -9999.0 -9999.0 -9999.0 -9999.0 -9999.0 -9999.0 -9999.0 121.8 39.7 35.2 25.3 12.7 2.8 3.0 1.2 1.1 1.8 3.4 5.2 6.6 8.8 7.6 13.9 21.5 27.0 39.7 37.4 38.6 51.7 113.7 68.9 61.4 70.2 70.4 35.4 24.3 18.7 13.2 9.0 7.6 17.6 37.5 34.9 70.3 69.1 82.3 86.3 83.3 98.0 143.1 170.9 162.0 144.6 138.1 132.3 139.0 159.1 193.8 219.4 231.1 246.3
-9999.0 -9999.0 -9999.0 -9999.0 -9999.0 -9999.0 -9999.0 -9999.0 -9999.0 -9999.0 -9999.0 -9999.0 -9999.0 -9999.0 -9999.0 -9999.0 -9999.0 -9999.0 -9999.0 -9999.0 -9999.0 -9999.0 -9999.0 -9999.0 -9999.0 201.4 78.6 5.7 5.0 2.2 2.8 4.8 6.4 7.0 10.1 11.5 17.4 14.4 22.7 23.0 36.9 33.1 39.9 46.3 92.1 128.6 106.7 153.1 48.1 63.2 32.5 25.4 20.8 15.2 8.4 7.0 13.6 20.3 45.8 63.2 76.4 78.5 131.3 70.6 87.9 144.5 181.4 155.6 147.4 141.5 147.1 154.4 179.9 210.1 244.1 243.2 226.0
-9999.0 -9999.0 -9999.0 -9999.0 -9999.0 -9999.0 -9999.0 -9999.0 -9999.0 -9999.0 -9999.0 -9999.0 -9999.0 -9999.0 -9999.0 -9999.0 -9999.0 -9999.0 -9999.0 -9999.0 -9999.0 -9999.0 -9999.0 -9999.0 -9999.0 -9999.0 -9999.0 223.9 184.4 52.0 33.3 26.4 10.0 28.2 18.7 42.2 21.8 22.6 24.2 28.1 37.6 32.6 55.6 98.3 115.5 139.3 159.6 163.4 158.0 89.7 104.1 79.8 20.5 13.2 7.4 7.8 9.1 18.4 38.0 51.4 52.7 73.4 39.3 43.5 71.3 102.6 152.5 177.7 164.1 153.7 155.3 156.4 189.4 218.8 263.1 266.8 244.8
-9999.0 -9999.0 -9999.0 -9999.0 -9999.0 -9999.0 -9999.0 -9999.0 -9999.0 -9999.0 -9999.0 -9999.0 -9999.0 -9999.0 -9999.0 -9999.0 -9999.0 -9999.0 -9999.0 -9999.0 -9999.0 -9999.0 -9999.0 -9999.0 -9999.0 -9999.0 -9999.0 -9999.0 -9999.0 -9999.0 -9999.0 -9999.0 -9999.0 83.8 39.3 -9999.0 -9999.0 -9999.0 56.2 40.4 49.1 64.9 63.0 122.7 148.5 154.4 -9999.0 -9999.0 -9999.0 -9999.0 -9999.0 -9999.0 27.8 11.6 7.1 4.8 6.5 14.6 28.4 43.4 55.1 66.9 46.5 48.0 68.4 100.2 119.4 120.9 130.5 149.3 159.4 154.3 168.1 215.2 240.0 273.8 221.6
-9999.0 -9999.0 -9999.0 -9999.0 -9999.0 -9999.0 -9999.0 -9999.0 -9999.0 -9999.0 -9999.0 -9999.0 -9999.0 -9999.0 -9999.0 -9999.0 -9999.0 -9999.0 -9999.0 -9999.0 -9999.0 -9999.0 -9999.0 -9999.0 -9999.0 -9999.0 -9999.0 -9999.0 -9999.0 -9999.0 -9999.0 -9999.0 -9999.0 -9999.0 -9999.0 -9999.0 -9999.0 -9999.0 -9999.0 143.3 139.3 142.5 147.7 151.8 -9999.0 -9999.0 -9999.0 -9999.0 -9999.0 -9999.0 -9999.0 -9999.0 21.0 11.4 4.6 2.7 3.5 8.1 17.6 32.6 49.5 61.0 65.9 62.7 82.7 101.3 109.5 116.8 119.7 117.0 132.5 148.7 164.8 173.3 234.9 239.4 217.0
-9999.0 -9999.0 -9999.0 -9999.0 -9999.0 -9999.0 -9999.0 -9999.0 -9999.0 -9999.0 -9999.0 -9999.0 -9999.0 -9999.0 -9999.0 -9999.0 -9999.0 -9999.0 -9999.0 -9999.0 -9999.0 -9999.0 -9999.0 -9999.0 -9999.0 -9999.0 -9999.0 -9999.0 -9999.0 -9999.0 -9999.0 -9999.0 -9999.0 -9999.0 -9999.0 -9999.0 -9999.0 -9999.0 -9999.0 -9999.0 -9999.0 -9999.0 -9999.0 -9999.0 -9999.0 -9999.0 -9999.0 -9999.0 -9999.0 -9999.0 -9999.0 -9999.0 34.9 11.0 3.7 3.5 1.9 4.1 9.7 22.3 36.5 53.5 94.1 70.3 86.6 109.3 131.7 128.7 115.4 115.2 132.5 145.6 137.3 153.8 177.1 245.7 222.9
-9999.0 -9999.0 -9999.0 -9999.0 -9999.0 -9999.0 -9999.0 -9999.0 -9999.0 -9999.0 -9999.0 -9999.0 -9999.0 -9999.0 -9999.0 -9999.0 -9999.0 -9999.0 -9999.0 -9999.0 -9999.0 -9999.0 -9999.0 -9999.0 -9999.0 -9999.0 -9999.0 -9999.0 -9999.0 -9999.0 -9999.0 -9999.0 -9999.0 -9999.0 -9999.0 -9999.0 -9999.0 -9999.0 -9999.0 -9999.0 -9999.0 -9999.0 -9999.0 -9999.0 -9999.0 -9999.0 -9999.0 -9999.0 -9999.0 -9999.0 -9999.0 37.1 15.6 9.3 2.8 1.6 1.6 4.1 6.7 6.7 35.5 47.4 50.7 62.9 81.6 110.3 143.3 170.1 135.6 142.1 152.3 150.1 154.9 186.4 216.4 277.4 239.6
-9999.0 -9999.0 -9999.0 -9999.0 -9999.0 -9999.0 -9999.0 -9999.0 -9999.0 -9999.0 -9999.0 -9999.0 -9999.0 -9999.0 -9999.0 -9999.0 -9999.0 -9999.0 -9999.0 -9999.0 -9999.0 -9999.0 -9999.0 -9999.0 -9999.0 -9999.0 -9999.0 -9999.0 -9999.0 -9999.0 -9999.0 -9999.0 -9999.0 -9999.0 -9999.0 -9999.0 -9999.0 -9999.0 -9999.0 -9999.0 -9999.0 -9999.0 -9999.0 -9999.0 -9999.0 -9999.0 -9999.0 -9999.0 -9999.0 -9999.0 73.1 27.8 15.8 9.7 3.9 3.0 2.2 2.6 5.8 17.5 22.6 43.2 41.5 56.1 71.8 102.0 135.7 160.3 159.4 181.9 178.2 172.6 173.6 189.6 218.7 238.6 353.8
-9999.0 -9999.0 -9999.0 -9999.0 -9999.0 -9999.0 -9999.0 -9999.0 -9999.0 -9999.0 -9999.0 -9999.0 -9999.0 -9999.0 -9999.0 -9999.0 -9999.0 -9999.0 -9999.0 -9999.0 -9999.0 -9999.0 -9999.0 -9999.0 -9999.0 -9999.0 -9999.0 -9999.0 -9999.0 -9999.0 -9999.0 -9999.0 -9999.0 -9999.0 -9999.0 -9999.0 -9999.0 -9999.0 -9999.0 -9999.0 -9999.0 -9999.0 -9999.0 -9999.0 -9999.0 -9999.0 -9999.0 -9999.0 -9999.0 -9999.0 73.6 32.8 23.5 14.0 9.7 6.2 4.9 8.7 14.4 18.4 22.9 33.3 35.2 50.0 67.2 84.3 118.9 145.1 174.7 204.3 214.0 201.8 199.0 231.3 280.7 329.7 295.9
-9999.0 -9999.0 -9999.0 -9999.0 -9999.0 -9999.0 -9999.0 -9999.0 -9999.0 -9999.0 -9999.0 -9999.0 -9999.0 -9999.0 -9999.0 -9999.0 -9999.0 -9999.0 -9999.0 -9999.0 -9999.0 -9999.0 -9999.0 -9999.0 -9999.0 -9999.0 -9999.0 -9999.0 -9999.0 -9999.0 -9999.0 -9999.0 -9999.0 -9999.0 -9999.0 -9999.0 -9999.0 -9999.0 -9999.0 -9999.0 -9999.0 -9999.0 -9999.0 -9999.0 -9999.0 -9999.0 -9999.0 -9999.0 -9999.0 -9999.0 87.9 51.5 42.4 27.2 19.6 13.4 17.0 14.8 25.3 21.9 36.5 46.1 49.3 51.5 77.3 89.0 98.4 119.5 156.1 205.1 237.5 229.6 233.7 241.3 289.9 322.8 271.0
-9999.0 -9999.0 -9999.0 -9999.0 -9999.0 -9999.0 -9999.0 -9999.0 -9999.0 -9999.0 -9999.0 -9999.0 -9999.0 -9999.0 -9999.0 -9999.0 -9999.0 -9999.0 -9999.0 -9999.0 -9999.0 -9999.0 -9999.0 -9999.0 -9999.0 -9999.0 -9999.0 -9999.0 -9999.0 -9999.0 -9999.0 -9999.0 -9999.0 -9999.0 -9999.0 -9999.0 -9999.0 -9999.0 -9999.0 -9999.0 -9999.0 -9999.0 -9999.0 -9999.0 -9999.0 -9999.0 -9999.0 -9999.0 -9999.0 -9999.0 79.8 60.8 52.9 42.5 33.7 27.9 19.4 24.3 31.3 27.0 46.1 48.4 32.9 68.0 106.6 122.0 136.1 130.5 169.8 171.6 229.8 247.8 252.4 259.7 297.8 329.8 302.1
-9999.0 -9999.0 -9999.0 -9999.0 -9999.0 -9999.0 -9999.0 -9999.0 -9999.0 -9999.0 -9999.0 -9999.0 -9999.0 -9999.0 -9999.0 -9999.0 -9999.0 -9999.0 -9999.0 -9999.0 -9999.0 -9999.0 -9999.0 -9999.0 -9999.0 -9999.0 -9999.0 -9999.0 -9999.0 -9999.0 -9999.0 -9999.0 -9999.0 -9999.0 -9999.0 -9999.0 -9999.0 -9999.0 -9999.0 -9999.0 -9999.0 -9999.0 -9999.0 -9999.0 -9999.0 -9999.0 -9999.0 -9999.0 -9999.0 -9999.0 -9999.0 -9999.0 -9999.0 57.7 45.1 34.2 30.8 34.8 29.0 31.1 80.8 35.5 94.5 95.0 134.5 147.4 174.0 120.3 158.7 182.9 207.3 235.7 260.6 288.8 331.9 378.9 356.5
-9999.0 -9999.0 -9999.0 -9999.0 -9999.0 -9999.0 -9999.0 -9999.0 -9999.0 -9999.0 -9999.0 -9999.0 -9999.0 -9999.0 -9999.0 -9999.0 -9999.0 -9999.0 -9999.0 -9999.0 -9999.0 -9999.0 -9999.0 -9999.0 -9999.0 -9999.0 -9999.0 -9999.0 -9999.0 -9999.0 -9999.0 -9999.0 -9999.0 -9999.0 -9999.0 -9999.0 -9999.0 -9999.0 -9999.0 -9999.0 -9999.0 -9999.0 -9999.0 -9999.0 -9999.0 -9999.0 -9999.0 -9999.0 -9999.0 -9999.0 -9999.0 -9999.0 -9999.0 62.2 49.7 45.9 36.6 37.0 39.9 59.2 48.3 50.3 114.8 99.9 133.1 146.0 97.2 170.4 128.2 154.8 186.7 236.3 283.0 326.4 371.1 383.0 360.2
-9999.0 -9999.0 -9999.0 -9999.0 -9999.0 -9999.0 -9999.0 -9999.0 -9999.0 -9999.0 -9999.0 -9999.0 -9999.0 -9999.0 -9999.0 -9999.0 -9999.0 -9999.0 -9999.0 -9999.0 -9999.0 -9999.0 -9999.0 -9999.0 -9999.0 -9999.0 -9999.0 -9999.0 -9999.0 -9999.0 -9999.0 -9999.0 -9999.0 -9999.0 -9999.0 -9999.0 -9999.0 -9999.0 -9999.0 -9999.0 -9999.0 -9999.0 -9999.0 -9999.0 -9999.0 -9999.0 -9999.0 -9999.0 -9999.0 -9999.0 -9999.0 -9999.0 -9999.0 60.6 50.1 41.5 39.1 41.0 45.4 48.5 67.9 83.6 142.6 189.9 116.7 -9999.0 -9999.0 -9999.0 148.6 147.5 201.1 274.3 332.9 367.4 381.5 367.1 323.6
-9999.0 -9999.0 -9999.0 -9999.0 -9999.0 -9999.0 -9999.0 -9999.0 -9999.0 -9999.0 -9999.0 -9999.0 -9999.0 -9999.0 -9999.0 -9999.0 -9999.0 -9999.0 -9999.0 -9999.0 -9999.0 -9999.0 -9999.0 -9999.0 -9999.0 -9999.0 -9999.0 -9999.0 -9999.0 -9999.0 -9999.0 -9999.0 -9999.0 -9999.0 -9999.0 -9999.0 -9999.0 -9999.0 -9999.0 -9999.0 -9999.0 -9999.0 -9999.0 -9999.0 -9999.0 -9999.0 -9999.0 -9999.0 -9999.0 -9999.0 -9999.0 -9999.0 -9999.0 -9999.0 46.3 40.0 38.3 42.2 50.4 66.7 63.9 -9999.0 -9999.0 -9999.0 -9999.0 -9999.0 -9999.0 -9999.0 130.4 173.5 252.6 308.8 359.6 369.9 349.9 316.8 269.5
-9999.0 -9999.0 -9999.0 -9999.0 -9999.0 -9999.0 -9999.0 -9999.0 -9999.0 -9999.0 -9999.0 -9999.0 -9999.0 -9999.0 -9999.0 -9999.0 -9999.0 -9999.0 -9999.0 -9999.0 -9999.0 -9999.0 -9999.0 -9999.0 -9999.0 -9999.0 -9999.0 -9999.0 -9999.0 -9999.0 -9999.0 -9999.0 -9999.0 -9999.0 -9999.0 -9999.0 -9999.0 -9999.0 -9999.0 -9999.0 -9999.0 -9999.0 -9999.0 -9999.0 -9999.0 -9999.0 -9999.0 -9999.0 -9999.0 -9999.0 -9999.0 -9999.0 -9999.0 -9999.0 -9999.0 38.7 44.4 43.2 49.0 62.9 74.5 -9999.0 -9999.0 -9999.0 -9999.0 -9999.0 -9999.0 -9999.0 -9999.0 -9999.0 237.2 -9999.0 -9999.0 -9999.0 -9999.0 -9999.0 258.3
-9999.0 -9999.0 -9999.0 -9999.0 -9999.0 -9999.0 -9999.0 -9999.0 -9999.0 -9999.0 -9999.0 -9999.0 -9999.0 -9999.0 -9999.0 -9999.0 -9999.0 -9999.0 -9999.0 -9999.0 -9999.0 -9999.0 -9999.0 -9999.0 -9999.0 -9999.0 -9999.0 -9999.0 -9999.0 -9999.0 -9999.0 -9999.0 -9999.0 -9999.0 -9999.0 -9999.0 -9999.0 -9999.0 -9999.0 -9999.0 -9999.0 -9999.0 -9999.0 -9999.0 -9999.0 -9999.0 -9999.0 -9999.0 -9999.0 -9999.0 -9999.0 -9999.0 -9999.0 -9999.0 -9999.0 -9999.0 -9999.0 -9999.0 50.5 57.0 -9999.0 -9999.0 -9999.0 -9999.0 -9999.0 -9999.0 -9999.0 -9999.0 -9999.0 -9999.0 -9999.0 -9999.0 -9999.0 -9999.0 -9999.0 293.1 282.9
-9999.0 -9999.0 -9999.0 -9999.0 -9999.0 -9999.0 -9999.0 -9999.0 -9999.0 -9999.0 -9999.0 -9999.0 -9999.0 -9999.0 -9999.0 -9999.0 -9999.0 -9999.0 -9999.0 -9999.0 -9999.0 -9999.0 -9999.0 -9999.0 -9999.0 -9999.0 -9999.0 -9999.0 -9999.0 -9999.0 -9999.0 -9999.0 -9999.0 -9999.0 -9999.0 -9999.0 -9999.0 -9999.0 -9999.0 -9999.0 -9999.0 -9999.0 -9999.0 -9999.0 -9999.0 -9999.0 -9999.0 -9999.0 -9999.0 -9999.0 -9999.0 -9999.0 -9999.0 -9999.0 -9999.0 -9999.0 -9999.0 -9999.0 -9999.0 -9999.0 -9999.0 -9999.0 -9999.0 -9999.0 -9999.0 -9999.0 -9999.0 -9999.0 -9999.0 -9999.0 -9999.0 -9999.0 -9999.0 -9999.0 -9999.0 -9999.0 -9999.0
