program/excelProcessViaJava/data/SURF_CLI_CHN_PRE_MON_GRID_0.5-199510.txt
NCOLS      128
NROWS       72
XLLCORNER    72.000000000000    
YLLCORNER    18.000000000000    
CELLSIZE    0.50000000000000    
NODATA_VALUE   -9999.000    
[rows 34 to 67 of 72, columns 0 to 77 of 128]
-9999.0 -9999.0 -9999.0 -9999.0 0.0 0.0 0.0 0.0 0.0 0.0 0.3 0.0 0.1 0.2 3.6 5.0 5.9 6.7 6.3 5.7 4.9 3.8 3.1 1.1 0.0 0.0 0.0 0.1 0.2 0.3 0.7 0.6 2.3 3.4 3.8 5.4 4.1 3.2 4.2 3.5 2.3 1.1 0.5 0.3 0.3 0.3 0.3 0.3 0.4 1.3 2.6 3.9 10.9 8.9 8.6 11.8 13.7 16.2 17.3 15.7 19.1 28.1 30.0 29.7 21.3 16.1 30.0 24.3 24.8 32.2 30.1 30.4 28.5 27.2 26.9 30.4 32.9 36.0
-9999.0 -9999.0 -9999.0 -9999.0 -9999.0 -9999.0 -9999.0 0.0 0.0 0.0 0.0 0.0 0.0 0.0 0.0 5.5 2.3 6.6 7.4 4.4 0.4 0.0 0.0 0.0 0.0 0.1 0.0 0.1 0.1 0.1 0.3 0.7 1.6 2.2 2.3 4.2 3.2 4.1 3.0 2.9 3.5 2.6 2.5 1.8 1.0 0.5 0.6 0.6 1.5 1.3 1.8 3.4 7.5 16.0 17.3 13.8 13.2 13.1 19.2 18.3 20.1 29.7 29.9 35.4 39.5 30.6 36.1 40.2 38.3 44.0 44.8 42.6 41.8 37.4 32.5 34.2 36.6 41.0
-9999.0 -9999.0 -9999.0 -9999.0 -9999.0 -9999.0 -9999.0 0.0 0.0 0.0 0.0 0.0 0.0 0.0 0.0 0.0 0.0 0.1 0.0 0.1 0.1 0.0 0.0 0.0 0.1 0.1 0.1 0.1 0.3 0.6 0.4 0.8 1.6 1.4 3.3 3.8 4.8 4.1 4.3 4.5 4.4 4.4 4.3 4.2 3.2 1.9 2.7 3.8 8.7 9.8 16.4 17.2 13.0 16.9 19.9 19.4 19.6 21.3 23.0 22.6 27.9 38.2 41.3 47.6 42.3 37.0 36.4 40.3 50.6 52.6 54.5 54.4 54.7 48.5 39.4 41.8 44.7 53.1
-9999.0 -9999.0 -9999.0 -9999.0 -9999.0 -9999.0 -9999.0 -9999.0 -9999.0 0.0 0.0 0.0 0.0 0.0 0.0 0.0 0.0 0.0 0.0 0.0 0.0 0.1 0.1 0.1 0.1 0.2 0.2 0.2 0.5 0.3 1.6 1.7 2.3 2.4 4.5 5.1 5.6 5.2 5.6 5.3 5.6 5.8 5.9 5.4 5.9 6.2 7.4 9.5 13.4 17.4 21.9 21.5 20.0 19.7 22.9 22.3 21.2 24.1 28.0 29.4 31.0 29.5 32.0 46.6 46.4 41.1 38.5 43.0 57.2 56.5 56.5 53.3 54.1 52.2 49.5 50.5 56.2 66.3
-9999.0 -9999.0 -9999.0 -9999.0 -9999.0 -9999.0 -9999.0 -9999.0 -9999.0 -9999.0 -9999.0 0.0 0.0 0.0 0.0 0.0 0.0 0.0 0.1 0.0 0.0 0.1 0.0 0.2 0.0 0.1 0.1 0.2 0.3 0.7 1.2 0.8 2.5 3.2 4.7 3.4 5.7 5.9 4.1 5.9 5.9 6.6 7.0 7.0 8.7 8.4 13.1 15.1 21.6 26.7 27.5 28.0 26.5 26.4 26.6 25.9 26.9 31.3 35.0 36.5 33.0 33.7 35.6 43.8 43.9 43.0 35.8 46.7 56.7 56.6 52.8 51.8 50.9 52.4 57.8 61.4 65.7 76.7
-9999.0 -9999.0 -9999.0 -9999.0 -9999.0 -9999.0 -9999.0 -9999.0 -9999.0 -9999.0 -9999.0 -9999.0 0.0 0.0 0.0 0.0 0.0 0.0 0.0 0.0 0.2 0.1 0.1 0.3 0.0 0.2 0.5 0.2 0.4 0.2 0.9 1.6 2.3 2.1 3.0 4.6 3.5 6.1 6.9 7.0 7.0 7.4 8.1 9.2 10.2 12.2 16.3 18.5 26.7 35.2 43.0 41.7 35.4 29.8 28.9 29.4 32.1 36.4 44.3 43.2 40.8 33.8 31.9 39.4 54.7 52.9 52.3 59.1 61.5 58.7 58.4 60.4 59.4 64.6 72.4 73.9 81.4 91.0
-9999.0 -9999.0 -9999.0 -9999.0 -9999.0 -9999.0 -9999.0 -9999.0 -9999.0 -9999.0 -9999.0 -9999.0 0.0 0.1 0.4 0.0 0.4 0.2 0.0 0.0 0.1 0.0 0.1 0.3 1.1 0.5 0.6 1.4 0.8 1.6 1.0 0.6 1.7 2.7 3.2 5.1 4.5 5.6 7.1 7.7 8.2 8.8 10.2 11.1 13.4 16.8 18.1 22.4 26.8 41.8 48.2 49.3 40.9 37.1 30.2 32.9 36.9 45.8 56.4 58.5 54.6 50.6 43.8 41.8 64.1 68.2 45.9 53.0 59.3 65.8 72.9 85.8 94.6 97.8 96.2 95.5 96.3 110.0
-9999.0 -9999.0 -9999.0 -9999.0 -9999.0 -9999.0 -9999.0 -9999.0 -9999.0 -9999.0 -9999.0 -9999.0 -9999.0 0.0 0.0 0.5 0.1 0.3 0.5 0.5 0.3 0.8 0.2 1.3 1.0 0.1 0.2 0.1 0.3 0.5 1.4 2.0 1.1 1.6 4.4 5.5 6.7 7.3 5.4 8.2 9.4 10.7 12.8 15.5 17.3 18.6 23.0 29.9 38.5 47.4 54.0 50.9 44.9 45.6 39.4 37.6 41.6 51.3 55.3 65.8 64.1 65.8 61.2 77.9 60.1 73.0 81.1 73.1 74.8 78.0 77.2 100.3 129.3 127.2 125.3 114.4 112.8 112.4
-9999.0 -9999.0 -9999.0 -9999.0 -9999.0 -9999.0 -9999.0 -9999.0 -9999.0 -9999.0 -9999.0 -9999.0 0.0 0.0 0.0 0.2 0.0 0.1 0.1 1.5 1.6 1.5 0.8 1.4 1.9 0.2 0.4 0.8 0.9 0.6 1.0 2.2 0.8 2.3 3.0 5.3 5.5 9.3 10.4 10.5 10.3 12.2 15.4 19.8 23.3 26.3 27.8 29.0 36.9 45.9 55.7 57.5 49.6 46.0 39.8 39.5 44.8 52.8 64.5 73.7 76.4 73.4 80.6 74.5 88.9 89.3 57.1 62.9 91.3 116.9 139.1 160.3 145.1 112.2 105.4 104.5 106.5 114.2
-9999.0 -9999.0 -9999.0 -9999.0 -9999.0 -9999.0 -9999.0 -9999.0 -9999.0 -9999.0 -9999.0 -9999.0 0.0 0.2 0.1 0.0 0.0 0.5 0.7 0.2 1.9 0.5 0.8 1.1 2.2 2.7 2.1 1.9 1.5 2.0 2.1 1.7 0.8 2.9 3.9 4.9 7.9 9.7 11.3 12.7 13.5 16.7 21.0 25.7 30.0 33.7 38.0 40.8 43.8 40.9 47.7 53.1 46.6 40.3 37.9 36.7 44.0 52.5 63.6 69.3 72.8 73.1 100.8 99.5 92.4 80.7 90.2 65.7 74.6 116.9 165.1 194.3 194.7 193.9 177.6 138.0 125.9 142.1
-9999.0 -9999.0 -9999.0 -9999.0 -9999.0 -9999.0 -9999.0 -9999.0 -9999.0 -9999.0 -9999.0 -9999.0 0.3 0.0 0.4 0.3 0.4 0.0 0.2 0.3 0.0 0.0 0.6 0.3 0.9 0.2 0.5 0.1 1.5 1.5 1.6 0.4 1.7 2.7 3.4 4.4 6.9 9.7 12.3 12.6 15.2 20.9 24.2 33.7 37.0 39.9 43.1 44.9 42.7 44.5 46.7 43.5 45.7 42.7 39.7 33.0 41.3 49.2 57.6 69.8 81.3 90.7 77.0 93.5 62.8 68.5 73.7 73.2 90.3 130.8 187.5 231.2 239.0 222.9 222.2 198.6 225.2 168.6
-9999.0 -9999.0 -9999.0 -9999.0 -9999.0 -9999.0 -9999.0 -9999.0 -9999.0 -9999.0 -9999.0 -9999.0 -9999.0 0.0 0.0 0.2 0.2 0.4 0.1 0.0 0.0 0.2 0.1 0.0 0.8 0.6 0.8 1.3 0.5 2.0 0.4 0.6 0.5 1.4 1.8 1.8 4.2 9.4 12.3 15.0 17.7 20.4 25.8 33.6 42.1 44.7 44.5 45.2 43.8 42.0 37.6 37.5 34.3 29.8 34.3 35.8 33.4 40.5 50.4 55.7 68.1 56.6 84.9 60.2 40.3 56.5 75.4 86.6 102.8 145.1 199.9 230.3 220.9 213.4 205.0 196.7 193.9 188.7
-9999.0 -9999.0 -9999.0 -9999.0 -9999.0 -9999.0 -9999.0 -9999.0 -9999.0 -9999.0 -9999.0 -9999.0 -9999.0 1.0 0.0 0.2 0.0 0.5 0.4 0.2 0.0 0.0 0.0 0.1 1.6 0.6 0.4 1.4 0.9 0.0 0.1 0.2 0.4 0.5 0.5 1.3 4.4 8.6 11.7 12.6 18.4 22.8 28.5 34.0 35.2 40.8 40.3 38.1 33.1 28.2 26.1 19.2 22.4 24.7 26.8 28.7 28.4 32.4 40.3 44.8 58.6 70.8 56.3 41.3 41.4 54.3 80.3 100.7 114.2 142.8 176.6 184.7 182.9 185.1 195.5 203.0 219.0 165.3
-9999.0 -9999.0 -9999.0 -9999.0 -9999.0 -9999.0 -9999.0 -9999.0 -9999.0 -9999.0 -9999.0 -9999.0 -9999.0 -9999.0 -9999.0 0.2 0.4 0.2 0.5 1.2 0.0 0.3 0.4 0.3 0.2 0.3 0.0 0.1 0.0 0.3 0.1 0.2 0.1 0.1 0.4 0.6 1.9 7.4 11.4 14.6 17.2 21.0 25.3 29.8 35.9 40.8 32.6 29.3 20.8 10.2 9.7 15.0 10.8 13.3 13.3 19.1 21.8 13.4 29.1 35.6 45.0 56.4 64.7 59.3 51.9 58.8 81.2 105.5 115.7 120.1 131.4 131.9 122.5 149.0 192.8 197.3 183.5 188.7
-9999.0 -9999.0 -9999.0 -9999.0 -9999.0 -9999.0 -9999.0 -9999.0 -9999.0 -9999.0 -9999.0 -9999.0 -9999.0 -9999.0 -9999.0 -9999.0 -9999.0 9.4 8.8 -9999.0 6.6 0.3 2.4 2.2 0.2 0.3 0.0 0.1 0.3 0.0 0.1 0.3 0.0 0.3 0.4 0.6 1.8 3.6 8.4 11.7 14.6 18.7 20.1 22.3 35.1 33.5 61.0 19.9 10.7 6.5 2.7 2.5 5.2 6.7 9.3 11.2 10.1 14.9 17.9 24.6 34.5 46.7 55.0 58.7 55.1 56.7 74.3 92.0 101.1 100.2 116.7 87.4 104.0 153.8 189.9 185.6 152.4 110.5
-9999.0 -9999.0 -9999.0 -9999.0 -9999.0 -9999.0 -9999.0 -9999.0 -9999.0 -9999.0 -9999.0 -9999.0 -9999.0 -9999.0 -9999.0 -9999.0 -9999.0 -9999.0 -9999.0 -9999.0 -9999.0 3.8 1.1 0.0 0.4 3.6 2.1 1.1 0.3 0.7 0.3 1.3 0.4 0.2 0.3 0.4 1.0 2.3 3.1 1.9 2.4 15.3 17.1 16.9 24.2 20.1 52.0 17.1 11.1 19.2 1.7 5.5 4.7 2.9 4.1 5.9 6.4 5.5 11.7 16.2 39.0 55.6 40.5 46.4 52.2 56.3 71.2 82.8 95.3 94.6 93.2 83.6 108.9 172.6 200.9 173.9 125.1 86.5
-9999.0 -9999.0 -9999.0 -9999.0 -9999.0 -9999.0 -9999.0 -9999.0 -9999.0 -9999.0 -9999.0 -9999.0 -9999.0 -9999.0 -9999.0 -9999.0 -9999.0 -9999.0 -9999.0 -9999.0 -9999.0 -9999.0 -9999.0 19.3 4.4 4.6 3.4 1.3 0.1 0.4 0.2 0.1 0.1 0.2 0.3 0.7 2.3 2.4 7.4 11.2 10.8 14.9 8.2 7.0 15.9 30.5 29.4 20.4 20.2 16.0 2.9 3.1 2.8 3.1 2.5 1.1 2.5 4.6 7.6 12.4 58.3 65.5 48.2 33.5 33.5 51.8 71.6 82.0 74.4 87.1 71.9 91.1 120.1 135.9 144.9 119.2 108.8 107.1
-9999.0 -9999.0 -9999.0 -9999.0 -9999.0 -9999.0 -9999.0 -9999.0 -9999.0 -9999.0 -9999.0 -9999.0 -9999.0 -9999.0 -9999.0 -9999.0 -9999.0 -9999.0 -9999.0 -9999.0 -9999.0 -9999.0 -9999.0 -9999.0 -9999.0 25.4 13.0 0.0 0.1 0.0 0.1 0.4 0.5 0.4 0.6 2.0 6.1 4.8 12.1 8.8 16.9 6.7 1.5 4.8 15.6 21.3 32.8 32.6 9.5 13.8 6.0 4.6 5.2 5.0 3.2 2.3 2.4 3.2 6.0 13.3 36.6 58.4 38.5 35.0 30.9 48.5 64.8 57.6 58.9 59.1 79.0 102.6 130.3 100.3 85.7 71.9 81.8 114.8
-9999.0 -9999.0 -9999.0 -9999.0 -9999.0 -9999.0 -9999.0 -9999.0 -9999.0 -9999.0 -9999.0 -9999.0 -9999.0 -9999.0 -9999.0 -9999.0 -9999.0 -9999.0 -9999.0 -9999.0 -9999.0 -9999.0 -9999.0 -9999.0 -9999.0 -9999.0 -9999.0 17.4 14.2 7.0 4.0 2.7 0.6 1.5 2.2 0.2 3.1 3.7 0.4 5.2 12.2 1.1 1.5 5.0 10.2 14.8 17.8 23.5 29.9 31.4 40.5 39.3 11.0 10.2 7.2 5.6 7.6 12.7 10.1 30.2 67.8 66.9 63.9 40.1 28.4 30.6 60.1 78.4 77.2 75.1 90.1 87.9 109.5 70.1 49.5 46.9 76.2 113.1
-9999.0 -9999.0 -9999.0 -9999.0 -9999.0 -9999.0 -9999.0 -9999.0 -9999.0 -9999.0 -9999.0 -9999.0 -9999.0 -9999.0 -9999.0 -9999.0 -9999.0 -9999.0 -9999.0 -9999.0 -9999.0 -9999.0 -9999.0 -9999.0 -9999.0 -9999.0 -9999.0 -9999.0 -9999.0 -9999.0 -9999.0 -9999.0 -9999.0 1.6 4.1 -9999.0 -9999.0 -9999.0 0.1 2.0 0.4 0.6 2.2 2.9 4.5 8.9 -9999.0 -9999.0 -9999.0 -9999.0 -9999.0 -9999.0 28.5 16.3 17.0 16.9 19.7 38.3 42.0 75.8 99.1 80.1 85.7 59.9 46.1 49.7 64.3 73.8 79.6 82.6 91.2 79.4 65.2 51.8 33.9 37.9 72.8 102.5
-9999.0 -9999.0 -9999.0 -9999.0 -9999.0 -9999.0 -9999.0 -9999.0 -9999.0 -9999.0 -9999.0 -9999.0 -9999.0 -9999.0 -9999.0 -9999.0 -9999.0 -9999.0 -9999.0 -9999.0 -9999.0 -9999.0 -9999.0 -9999.0 -9999.0 -9999.0 -9999.0 -9999.0 -9999.0 -9999.0 -9999.0 -9999.0 -9999.0 -9999.0 -9999.0 -9999.0 -9999.0 -9999.0 -9999.0 0.0 0.0 0.1 0.3 1.1 -9999.0 -9999.0 -9999.0 -9999.0 -9999.0 -9999.0 -9999.0 -9999.0 38.5 30.0 26.6 31.7 43.0 61.0 84.6 123.4 152.5 99.4 59.5 55.7 49.4 68.2 82.9 96.6 82.3 63.7 53.1 49.9 51.5 38.5 32.9 41.9 68.4 90.5
-9999.0 -9999.0 -9999.0 -9999.0 -9999.0 -9999.0 -9999.0 -9999.0 -9999.0 -9999.0 -9999.0 -9999.0 -9999.0 -9999.0 -9999.0 -9999.0 -9999.0 -9999.0 -9999.0 -9999.0 -9999.0 -9999.0 -9999.0 -9999.0 -9999.0 -9999.0 -9999.0 -9999.0 -9999.0 -9999.0 -9999.0 -9999.0 -9999.0 -9999.0 -9999.0 -9999.0 -9999.0 -9999.0 -9999.0 -9999.0 -9999.0 -9999.0 -9999.0 -9999.0 -9999.0 -9999.0 -9999.0 -9999.0 -9999.0 -9999.0 -9999.0 -9999.0 48.6 53.6 48.8 49.0 65.4 78.9 97.4 123.8 137.4 95.2 25.2 38.1 49.0 103.8 127.4 100.2 64.5 41.9 30.9 26.4 29.5 36.9 46.5 49.0 70.6 80.2
-9999.0 -9999.0 -9999.0 -9999.0 -9999.0 -9999.0 -9999.0 -9999.0 -9999.0 -9999.0 -9999.0 -9999.0 -9999.0 -9999.0 -9999.0 -9999.0 -9999.0 -9999.0 -9999.0 -9999.0 -9999.0 -9999.0 -9999.0 -9999.0 -9999.0 -9999.0 -9999.0 -9999.0 -9999.0 -9999.0 -9999.0 -9999.0 -9999.0 -9999.0 -9999.0 -9999.0 -9999.0 -9999.0 -9999.0 -9999.0 -9999.0 -9999.0 -9999.0 -9999.0 -9999.0 -9999.0 -9999.0 -9999.0 -9999.0 -9999.0 -9999.0 60.1 84.3 88.5 88.9 88.9 93.2 94.9 98.5 78.9 78.4 52.2 44.9 40.8 67.6 113.6 102.8 53.2 41.6 26.5 20.2 19.6 25.6 35.4 49.5 56.2 85.5 79.9
-9999.0 -9999.0 -9999.0 -9999.0 -9999.0 -9999.0 -9999.0 -9999.0 -9999.0 -9999.0 -9999.0 -9999.0 -9999.0 -9999.0 -9999.0 -9999.0 -9999.0 -9999.0 -9999.0 -9999.0 -9999.0 -9999.0 -9999.0 -9999.0 -9999.0 -9999.0 -9999.0 -9999.0 -9999.0 -9999.0 -9999.0 -9999.0 -9999.0 -9999.0 -9999.0 -9999.0 -9999.0 -9999.0 -9999.0 -9999.0 -9999.0 -9999.0 -9999.0 -9999.0 -9999.0 -9999.0 -9999.0 -9999.0 -9999.0 -9999.0 37.2 104.5 130.0 134.8 131.0 124.2 116.7 97.5 90.1 83.2 61.4 37.9 38.5 47.3 95.8 104.0 62.0 29.7 27.3 21.4 20.6 20.4 27.5 44.7 65.9 92.1 76.2 156.3
-9999.0 -9999.0 -9999.0 -9999.0 -9999.0 -9999.0 -9999.0 -9999.0 -9999.0 -9999.0 -9999.0 -9999.0 -9999.0 -9999.0 -9999.0 -9999.0 -9999.0 -9999.0 -9999.0 -9999.0 -9999.0 -9999.0 -9999.0 -9999.0 -9999.0 -9999.0 -9999.0 -9999.0 -9999.0 -9999.0 -9999.0 -9999.0 -9999.0 -9999.0 -9999.0 -9999.0 -9999.0 -9999.0 -9999.0 -9999.0 -9999.0 -9999.0 -9999.0 -9999.0 -9999.0 -9999.0 -9999.0 -9999.0 -9999.0 -9999.0 45.5 158.3 128.1 173.2 165.1 145.3 132.0 110.3 92.7 61.6 36.1 29.8 35.8 59.4 91.4 47.1 24.0 12.1 18.3 19.2 22.2 25.8 34.4 45.2 56.5 73.6 140.2 159.5
-9999.0 -9999.0 -9999.0 -9999.0 -9999.0 -9999.0 -9999.0 -9999.0 -9999.0 -9999.0 -9999.0 -9999.0 -9999.0 -9999.0 -9999.0 -9999.0 -9999.0 -9999.0 -9999.0 -9999.0 -9999.0 -9999.0 -9999.0 -9999.0 -9999.0 -9999.0 -9999.0 -9999.0 -9999.0 -9999.0 -9999.0 -9999.0 -9999.0 -9999.0 -9999.0 -9999.0 -9999.0 -9999.0 -9999.0 -9999.0 -9999.0 -9999.0 -9999.0 -9999.0 -9999.0 -9999.0 -9999.0 -9999.0 -9999.0 -9999.0 45.7 103.8 109.7 209.6 151.1 130.7 135.0 99.8 87.4 37.5 27.8 22.2 22.5 38.8 56.8 37.1 13.6 12.0 15.7 27.7 21.0 41.6 31.8 60.3 63.1 107.3 220.4 213.9
-9999.0 -9999.0 -9999.0 -9999.0 -9999.0 -9999.0 -9999.0 -9999.0 -9999.0 -9999.0 -9999.0 -9999.0 -9999.0 -9999.0 -9999.0 -9999.0 -9999.0 -9999.0 -9999.0 -9999.0 -9999.0 -9999.0 -9999.0 -9999.0 -9999.0 -9999.0 -9999.0 -9999.0 -9999.0 -9999.0 -9999.0 -9999.0 -9999.0 -9999.0 -9999.0 -9999.0 -9999.0 -9999.0 -9999.0 -9999.0 -9999.0 -9999.0 -9999.0 -9999.0 -9999.0 -9999.0 -9999.0 -9999.0 -9999.0 -9999.0 104.6 168.2 143.8 159.2 137.6 141.8 98.3 94.2 81.0 46.7 36.0 18.9 10.3 20.1 31.7 28.7 24.9 26.1 34.7 11.5 20.3 25.1 41.7 73.9 88.4 165.9 261.6 256.5
-9999.0 -9999.0 -9999.0 -9999.0 -9999.0 -9999.0 -9999.0 -9999.0 -9999.0 -9999.0 -9999.0 -9999.0 -9999.0 -9999.0 -9999.0 -9999.0 -9999.0 -9999.0 -9999.0 -9999.0 -9999.0 -9999.0 -9999.0 -9999.0 -9999.0 -9999.0 -9999.0 -9999.0 -9999.0 -9999.0 -9999.0 -9999.0 -9999.0 -9999.0 -9999.0 -9999.0 -9999.0 -9999.0 -9999.0 -9999.0 -9999.0 -9999.0 -9999.0 -9999.0 -9999.0 -9999.0 -9999.0 -9999.0 -9999.0 -9999.0 -9999.0 -9999.0 -9999.0 103.0 84.9 85.4 90.6 97.2 90.2 80.4 100.6 38.0 30.0 25.2 26.6 27.7 33.7 36.1 41.8 33.1 23.7 30.3 55.0 91.5 137.4 194.8 269.6 274.6
-9999.0 -9999.0 -9999.0 -9999.0 -9999.0 -9999.0 -9999.0 -9999.0 -9999.0 -9999.0 -9999.0 -9999.0 -9999.0 -9999.0 -9999.0 -9999.0 -9999.0 -9999.0 -9999.0 -9999.0 -9999.0 -9999.0 -9999.0 -9999.0 -9999.0 -9999.0 -9999.0 -9999.0 -9999.0 -9999.0 -9999.0 -9999.0 -9999.0 -9999.0 -9999.0 -9999.0 -9999.0 -9999.0 -9999.0 -9999.0 -9999.0 -9999.0 -9999.0 -9999.0 -9999.0 -9999.0 -9999.0 -9999.0 -9999.0 -9999.0 -9999.0 -9999.0 -9999.0 104.9 81.5 157.7 77.5 76.6 101.5 155.5 133.3 93.8 86.2 71.4 56.8 48.6 41.5 54.1 34.2 27.7 25.2 46.7 96.0 146.9 189.1 271.4 287.9 331.1
-9999.0 -9999.0 -9999.0 -9999.0 -9999.0 -9999.0 -9999.0 -9999.0 -9999.0 -9999.0 -9999.0 -9999.0 -9999.0 -9999.0 -9999.0 -9999.0 -9999.0 -9999.0 -9999.0 -9999.0 -9999.0 -9999.0 -9999.0 -9999.0 -9999.0 -9999.0 -9999.0 -9999.0 -9999.0 -9999.0 -9999.0 -9999.0 -9999.0 -9999.0 -9999.0 -9999.0 -9999.0 -9999.0 -9999.0 -9999.0 -9999.0 -9999.0 -9999.0 -9999.0 -9999.0 -9999.0 -9999.0 -9999.0 -9999.0 -9999.0 -9999.0 -9999.0 -9999.0 117.7 69.7 96.1 63.7 55.8 89.3 132.0 184.1 170.7 157.8 119.3 96.9 -9999.0 -9999.0 -9999.0 48.9 31.7 42.7 83.5 145.6 200.5 248.7 324.4 313.1 342.3
-9999.0 -9999.0 -9999.0 -9999.0 -9999.0 -9999.0 -9999.0 -9999.0 -9999.0 -9999.0 -9999.0 -9999.0 -9999.0 -9999.0 -9999.0 -9999.0 -9999.0 -9999.0 -9999.0 -9999.0 -9999.0 -9999.0 -9999.0 -9999.0 -9999.0 -9999.0 -9999.0 -9999.0 -9999.0 -9999.0 -9999.0 -9999.0 -9999.0 -9999.0 -9999.0 -9999.0 -9999.0 -9999.0 -9999.0 -9999.0 -9999.0 -9999.0 -9999.0 -9999.0 -9999.0 -9999.0 -9999.0 -9999.0 -9999.0 -9999.0 -9999.0 -9999.0 -9999.0 -9999.0 94.2 65.3 28.3 28.0 67.2 133.7 118.7 -9999.0 -9999.0 -9999.0 -9999.0 -9999.0 -9999.0 -9999.0 45.0 52.6 86.9 107.2 161.1 223.9 271.7 312.0 329.9 349.5
-9999.0 -9999.0 -9999.0 -9999.0 -9999.0 -9999.0 -9999.0 -9999.0 -9999.0 -9999.0 -9999.0 -9999.0 -9999.0 -9999.0 -9999.0 -9999.0 -9999.0 -9999.0 -9999.0 -9999.0 -9999.0 -9999.0 -9999.0 -9999.0 -9999.0 -9999.0 -9999.0 -9999.0 -9999.0 -9999.0 -9999.0 -9999.0 -9999.0 -9999.0 -9999.0 -9999.0 -9999.0 -9999.0 -9999.0 -9999.0 -9999.0 -9999.0 -9999.0 -9999.0 -9999.0 -9999.0 -9999.0 -9999.0 -9999.0 -9999.0 -9999.0 -9999.0 -9999.0 -9999.0 -9999.0 39.0 59.6 24.4 31.6 74.9 104.3 -9999.0 -9999.0 -9999.0 -9999.0 -9999.0 -9999.0 -9999.0 -9999.0 -9999.0 82.3 -9999.0 -9999.0 -9999.0 -9999.0 -9999.0 389.3 -9999.0
-9999.0 -9999.0 -9999.0 -9999.0 -9999.0 -9999.0 -9999.0 -9999.0 -9999.0 -9999.0 -9999.0 -9999.0 -9999.0 -9999.0 -9999.0 -9999.0 -9999.0 -9999.0 -9999.0 -9999.0 -9999.0 -9999.0 -9999.0 -9999.0 -9999.0 -9999.0 -9999.0 -9999.0 -9999.0 -9999.0 -9999.0 -9999.0 -9999.0 -9999.0 -9999.0 -9999.0 -9999.0 -9999.0 -9999.0 -9999.0 -9999.0 -9999.0 -9999.0 -9999.0 -9999.0 -9999.0 -9999.0 -9999.0 -9999.0 -9999.0 -9999.0 -9999.0 -9999.0 -9999.0 -9999.0 -9999.0 -9999.0 -9999.0 28.8 38.6 -9999.0 -9999.0 -9999.0 -9999.0 -9999.0 -9999.0 -9999.0 -9999.0 -9999.0 -9999.0 -9999.0 -9999.0 -9999.0 -9999.0 -9999.0 353.4 399.4 -9999.0
-9999.0 -9999.0 -9999.0 -9999.0 -9999.0 -9999.0 -9999.0 -9999.0 -9999.0 -9999.0 -9999.0 -9999.0 -9999.0 -9999.0 -9999.0 -9999.0 -9999.0 -9999.0 -9999.0 -9999.0 -9999.0 -9999.0 -9999.0 -9999.0 -9999.0 -9999.0 -9999.0 -9999.0 -9999.0 -9999.0 -9999.0 -9999.0 -9999.0 -9999.0 -9999.0 -9999.0 -9999.0 -9999.0 -9999.0 -9999.0 -9999.0 -9999.0 -9999.0 -9999.0 -9999.0 -9999.0 -9999.0 -9999.0 -9999.0 -9999.0 -9999.0 -9999.0 -9999.0 -9999.0 -9999.0 -9999.0 -9999.0 -9999.0 -9999.0 -9999.0 -9999.0 -9999.0 -9999.0 -9999.0 -9999.0 -9999.0 -9999.0 -9999.0 -9999.0 -9999.0 -9999.0 -9999.0 -9999.0 -9999.0 -9999.0 -9999.0 -9999.0 -9999.0
