program/excelProcessViaJava/data/SURF_CLI_CHN_PRE_MON_GRID_0.5-199407.txt
NCOLS      128
NROWS       72
XLLCORNER    72.000000000000    
YLLCORNER    18.000000000000    
CELLSIZE    0.50000000000000    
NODATA_VALUE   -9999.000    
[rows 34 to 67 of 72, columns 0 to 74 of 128]
-9999.0 -9999.0 -9999.0 -9999.0 25.0 16.5 55.8 20.0 91.7 85.5 16.6 68.5 39.5 41.1 5.5 6.4 8.2 4.6 3.7 4.0 6.1 6.9 9.2 27.1 68.1 93.4 63.2 62.9 56.9 54.0 49.9 53.7 43.2 40.1 40.2 33.2 40.3 46.7 32.2 20.5 34.3 13.3 13.0 11.2 13.1 14.9 15.7 16.0 16.8 20.2 24.8 32.4 53.2 54.1 60.7 75.8 90.8 109.4 122.6 96.2 117.1 94.0 87.9 84.8 71.3 55.6 69.7 52.3 56.6 97.5 107.2 126.5 117.6 99.2 85.4
-9999.0 -9999.0 -9999.0 -9999.0 -9999.0 -9999.0 -9999.0 24.8 50.0 34.5 94.8 94.4 45.8 58.9 59.6 6.6 25.0 12.5 11.8 21.8 46.8 70.6 74.4 67.8 62.6 58.9 61.9 60.3 57.2 59.2 53.4 48.2 42.7 41.9 43.2 35.1 42.3 37.8 48.1 52.1 30.0 64.0 60.9 44.3 29.5 19.7 24.9 22.8 27.2 24.6 28.3 37.1 48.3 73.5 76.9 71.8 77.9 87.0 117.5 107.5 122.2 92.1 77.2 76.7 80.2 67.6 73.0 80.5 75.4 91.6 92.6 94.9 98.9 90.9 82.9
-9999.0 -9999.0 -9999.0 -9999.0 -9999.0 -9999.0 -9999.0 79.7 17.8 52.5 71.1 50.9 66.5 99.0 67.8 120.6 65.4 62.2 93.8 62.0 59.7 74.9 65.0 63.6 58.3 56.5 52.7 58.3 47.2 42.4 45.9 42.5 38.6 41.3 33.3 32.7 29.9 35.1 36.2 37.1 43.4 48.9 56.2 73.0 46.9 32.2 36.6 37.7 51.2 47.5 65.4 63.3 55.5 63.7 78.3 75.9 81.8 93.7 110.7 121.9 121.2 112.6 81.8 79.2 74.8 72.6 74.3 75.1 95.7 64.0 66.1 68.8 75.3 79.2 67.9
-9999.0 -9999.0 -9999.0 -9999.0 -9999.0 -9999.0 -9999.0 -9999.0 -9999.0 43.9 43.7 39.2 73.7 71.2 58.9 52.5 71.3 120.3 80.6 103.6 77.8 62.2 58.8 56.9 53.6 49.0 49.6 47.0 40.0 45.3 32.9 33.2 31.2 31.9 25.4 24.3 23.4 26.2 25.8 31.2 33.6 43.5 47.4 46.8 52.9 50.8 49.8 48.9 52.3 55.9 63.3 61.8 60.9 62.8 75.9 78.7 81.6 90.6 109.8 120.4 133.2 141.0 136.3 83.4 82.3 73.9 69.7 65.6 90.2 59.9 60.6 52.9 57.3 69.9 88.3
-9999.0 -9999.0 -9999.0 -9999.0 -9999.0 -9999.0 -9999.0 -9999.0 -9999.0 -9999.0 -9999.0 68.2 27.8 77.8 61.1 71.3 66.9 63.2 62.1 68.4 78.4 64.0 63.4 54.3 64.5 52.6 52.1 47.6 41.7 35.7 32.4 34.8 27.2 25.7 22.4 27.6 21.2 21.5 33.1 25.2 33.1 35.1 38.8 41.7 56.1 46.9 59.3 52.5 58.9 61.1 59.1 61.3 61.9 66.1 76.7 84.3 94.2 104.6 110.3 120.0 132.2 143.0 140.8 115.6 103.0 63.6 48.3 59.3 73.7 74.0 65.8 65.2 56.2 58.3 51.6
-9999.0 -9999.0 -9999.0 -9999.0 -9999.0 -9999.0 -9999.0 -9999.0 -9999.0 -9999.0 -9999.0 -9999.0 31.0 33.4 67.6 53.5 93.4 68.4 68.8 92.3 56.4 60.3 58.9 51.4 78.5 48.5 40.8 44.5 38.5 41.5 31.6 27.7 25.4 26.8 25.2 21.9 27.8 20.4 18.2 18.0 20.7 26.5 33.8 43.8 46.9 50.7 55.7 48.9 55.4 61.4 71.7 70.4 64.4 62.8 72.0 87.8 102.3 113.0 108.5 118.0 122.6 125.9 127.3 122.9 91.5 97.2 61.4 72.6 83.8 89.2 73.6 46.8 40.4 56.5 96.4
-9999.0 -9999.0 -9999.0 -9999.0 -9999.0 -9999.0 -9999.0 -9999.0 -9999.0 -9999.0 -9999.0 -9999.0 72.8 26.7 25.0 58.0 38.6 50.7 74.8 68.3 65.0 68.9 62.1 51.0 41.8 43.3 40.3 33.1 33.6 28.1 29.2 30.7 25.5 23.2 23.3 20.5 24.2 23.6 20.9 20.1 20.4 25.5 38.8 40.1 49.8 57.0 50.6 50.0 48.2 61.4 64.7 68.6 62.6 68.2 71.6 90.3 102.1 111.3 107.6 107.5 108.3 109.6 109.6 111.2 86.0 85.0 59.6 72.2 87.0 99.5 116.2 148.6 173.6 187.2 203.8
-9999.0 -9999.0 -9999.0 -9999.0 -9999.0 -9999.0 -9999.0 -9999.0 -9999.0 -9999.0 -9999.0 -9999.0 -9999.0 41.8 70.3 31.2 54.4 46.4 47.6 51.3 58.3 50.3 60.3 45.2 44.5 52.7 48.0 48.5 37.9 32.5 26.3 23.6 26.7 25.7 20.5 20.7 21.0 22.6 33.7 26.9 27.9 35.1 41.5 53.5 53.3 51.7 56.5 61.3 65.1 66.8 68.2 62.3 60.7 84.5 84.5 92.3 100.1 109.3 115.8 103.9 96.9 92.7 95.5 96.0 79.0 76.3 82.3 93.7 107.6 113.6 94.5 120.0 187.7 223.1 240.7
-9999.0 -9999.0 -9999.0 -9999.0 -9999.0 -9999.0 -9999.0 -9999.0 -9999.0 -9999.0 -9999.0 -9999.0 40.4 71.4 64.5 42.9 77.5 62.3 63.1 46.8 48.7 49.8 52.9 47.8 43.0 51.3 43.8 36.7 33.1 31.2 27.1 22.4 27.2 23.2 24.1 22.9 26.9 23.4 24.3 27.3 38.9 50.3 61.1 55.8 62.5 63.8 59.4 55.0 60.5 64.3 73.7 80.7 65.5 76.1 75.6 86.0 103.8 91.0 101.7 90.1 86.5 89.6 88.6 97.6 89.9 85.1 108.1 109.0 119.2 138.1 157.6 168.1 161.8 125.3 132.4
-9999.0 -9999.0 -9999.0 -9999.0 -9999.0 -9999.0 -9999.0 -9999.0 -9999.0 -9999.0 -9999.0 -9999.0 60.0 26.3 39.3 96.9 85.7 50.5 52.6 67.1 51.3 61.0 57.6 53.2 45.1 40.2 38.0 34.7 31.9 27.3 24.6 23.7 26.5 22.5 23.6 26.2 26.6 28.8 29.9 30.4 36.5 44.3 54.8 64.7 69.7 71.4 76.3 72.2 69.9 56.4 58.0 71.2 57.8 54.4 63.6 69.0 90.9 102.1 93.2 101.2 101.8 106.4 84.1 84.0 84.2 122.5 103.0 118.0 110.1 114.1 127.9 139.0 152.7 208.5 220.3
-9999.0 -9999.0 -9999.0 -9999.0 -9999.0 -9999.0 -9999.0 -9999.0 -9999.0 -9999.0 -9999.0 -9999.0 17.7 56.2 32.2 45.8 49.7 88.5 69.0 71.0 89.7 87.3 64.4 66.6 55.4 58.8 48.3 49.9 34.0 30.2 26.9 29.5 24.0 23.7 26.2 30.2 33.1 35.4 36.1 40.2 44.0 51.2 68.5 67.7 76.2 83.9 85.2 72.9 59.4 59.5 61.6 51.5 96.6 105.3 86.9 61.0 87.9 103.0 107.8 87.1 85.5 90.0 130.7 84.4 92.4 170.8 132.9 106.0 98.1 97.0 108.5 159.4 181.6 216.9 225.0
-9999.0 -9999.0 -9999.0 -9999.0 -9999.0 -9999.0 -9999.0 -9999.0 -9999.0 -9999.0 -9999.0 -9999.0 -9999.0 98.6 87.5 52.6 64.3 62.7 85.1 92.0 118.0 82.4 86.3 83.8 60.9 57.9 50.4 42.9 41.8 32.0 33.9 29.6 29.1 27.4 31.2 39.0 42.4 43.4 45.9 47.5 52.8 69.2 81.9 85.8 79.0 77.8 82.9 60.4 76.3 70.8 55.2 77.9 70.4 51.0 96.6 107.1 80.1 91.7 109.8 140.6 123.0 188.6 132.2 78.3 144.1 131.6 102.3 85.7 85.6 104.4 120.9 132.5 177.6 128.2 180.9
-9999.0 -9999.0 -9999.0 -9999.0 -9999.0 -9999.0 -9999.0 -9999.0 -9999.0 -9999.0 -9999.0 -9999.0 -9999.0 20.8 87.5 59.4 101.7 68.3 76.9 89.0 120.7 112.6 107.4 90.7 63.6 63.8 59.2 47.7 44.3 54.2 43.6 37.8 31.9 32.8 38.6 43.1 46.4 51.3 55.9 66.2 64.8 74.4 84.2 90.4 105.1 88.4 84.2 65.4 67.7 65.9 76.2 51.2 76.5 102.1 123.9 116.9 96.2 105.1 129.8 84.5 140.9 92.8 111.9 163.0 134.8 105.5 85.7 88.0 105.5 124.6 140.2 148.6 148.8 164.7 178.3
-9999.0 -9999.0 -9999.0 -9999.0 -9999.0 -9999.0 -9999.0 -9999.0 -9999.0 -9999.0 -9999.0 -9999.0 -9999.0 -9999.0 -9999.0 69.2 68.7 89.8 84.9 80.9 113.9 96.0 89.6 88.7 86.5 77.1 88.6 67.0 71.1 49.5 47.9 41.7 45.9 43.1 41.5 51.4 57.7 56.5 62.1 67.1 77.6 86.8 92.5 94.3 82.8 74.0 84.5 63.2 75.7 54.8 66.1 104.8 79.3 92.4 62.7 115.9 127.3 80.1 160.4 180.0 87.9 129.5 232.8 197.3 150.9 115.8 106.4 125.6 154.1 170.3 168.6 154.2 170.8 173.4 174.9
-9999.0 -9999.0 -9999.0 -9999.0 -9999.0 -9999.0 -9999.0 -9999.0 -9999.0 -9999.0 -9999.0 -9999.0 -9999.0 -9999.0 -9999.0 -9999.0 -9999.0 12.0 44.4 -9999.0 67.2 107.3 84.2 81.9 95.2 85.1 99.6 79.0 62.3 65.7 54.1 45.1 55.4 40.6 40.2 47.6 62.0 59.5 66.2 72.4 80.6 94.1 96.4 95.9 81.8 80.5 89.4 103.4 74.3 82.9 73.1 76.4 73.0 108.8 129.3 145.6 123.4 176.0 174.8 190.1 99.7 174.6 243.9 222.8 170.4 138.0 139.5 165.2 195.7 193.8 162.0 165.8 167.6 162.1 177.0
-9999.0 -9999.0 -9999.0 -9999.0 -9999.0 -9999.0 -9999.0 -9999.0 -9999.0 -9999.0 -9999.0 -9999.0 -9999.0 -9999.0 -9999.0 -9999.0 -9999.0 -9999.0 -9999.0 -9999.0 -9999.0 89.0 103.3 128.1 101.2 75.3 73.6 71.2 70.2 60.1 58.9 47.9 46.3 45.2 43.8 49.9 54.4 61.3 68.5 75.4 80.3 98.3 106.5 106.3 95.7 100.3 137.5 95.9 125.7 226.4 103.1 146.9 146.7 102.9 127.9 171.8 187.1 161.7 251.5 187.6 125.9 158.4 223.2 212.1 182.0 162.2 164.9 179.7 192.5 180.4 151.7 151.0 149.0 141.3 148.8
-9999.0 -9999.0 -9999.0 -9999.0 -9999.0 -9999.0 -9999.0 -9999.0 -9999.0 -9999.0 -9999.0 -9999.0 -9999.0 -9999.0 -9999.0 -9999.0 -9999.0 -9999.0 -9999.0 -9999.0 -9999.0 -9999.0 -9999.0 57.1 89.1 82.4 79.1 79.9 88.9 71.3 69.7 66.2 74.2 59.5 61.8 59.8 66.4 65.5 77.0 86.8 93.1 107.8 105.0 105.7 116.6 169.6 134.9 136.4 163.0 185.3 151.1 154.8 138.1 137.5 129.2 110.8 182.0 229.9 131.3 210.2 155.1 168.5 174.4 186.4 174.2 165.0 164.1 164.5 164.4 153.3 146.9 137.7 134.9 149.5 139.9
-9999.0 -9999.0 -9999.0 -9999.0 -9999.0 -9999.0 -9999.0 -9999.0 -9999.0 -9999.0 -9999.0 -9999.0 -9999.0 -9999.0 -9999.0 -9999.0 -9999.0 -9999.0 -9999.0 -9999.0 -9999.0 -9999.0 -9999.0 -9999.0 -9999.0 40.5 67.5 130.0 112.2 122.6 89.9 70.1 64.2 66.2 59.6 71.7 90.4 74.0 88.8 90.1 109.0 107.6 125.7 132.1 173.5 200.7 205.9 237.2 175.9 220.9 191.9 186.0 193.7 185.8 149.3 147.3 189.4 182.2 240.2 228.3 213.2 200.9 265.8 172.3 161.8 148.5 139.2 140.7 141.9 141.2 135.0 133.6 126.1 161.1 175.4
-9999.0 -9999.0 -9999.0 -9999.0 -9999.0 -9999.0 -9999.0 -9999.0 -9999.0 -9999.0 -9999.0 -9999.0 -9999.0 -9999.0 -9999.0 -9999.0 -9999.0 -9999.0 -9999.0 -9999.0 -9999.0 -9999.0 -9999.0 -9999.0 -9999.0 -9999.0 -9999.0 38.7 41.7 67.7 69.2 67.6 93.7 62.6 72.8 69.8 74.2 81.1 91.9 99.2 113.6 120.9 151.9 183.7 204.9 226.3 243.2 259.6 274.0 292.2 294.7 281.3 223.9 206.5 189.4 198.6 187.0 199.7 243.8 225.1 217.5 220.1 152.5 146.6 144.4 138.8 123.4 113.2 112.5 118.1 132.3 156.9 149.2 181.0 190.2
-9999.0 -9999.0 -9999.0 -9999.0 -9999.0 -9999.0 -9999.0 -9999.0 -9999.0 -9999.0 -9999.0 -9999.0 -9999.0 -9999.0 -9999.0 -9999.0 -9999.0 -9999.0 -9999.0 -9999.0 -9999.0 -9999.0 -9999.0 -9999.0 -9999.0 -9999.0 -9999.0 -9999.0 -9999.0 -9999.0 -9999.0 -9999.0 -9999.0 65.4 77.9 -9999.0 -9999.0 -9999.0 110.5 116.3 135.5 157.7 172.5 204.6 222.6 243.2 -9999.0 -9999.0 -9999.0 -9999.0 -9999.0 -9999.0 270.1 246.9 223.4 211.6 215.4 237.7 243.9 242.5 225.8 214.5 143.3 125.1 124.1 128.1 123.7 110.0 92.8 104.6 138.9 178.5 200.4 200.9 231.3
-9999.0 -9999.0 -9999.0 -9999.0 -9999.0 -9999.0 -9999.0 -9999.0 -9999.0 -9999.0 -9999.0 -9999.0 -9999.0 -9999.0 -9999.0 -9999.0 -9999.0 -9999.0 -9999.0 -9999.0 -9999.0 -9999.0 -9999.0 -9999.0 -9999.0 -9999.0 -9999.0 -9999.0 -9999.0 -9999.0 -9999.0 -9999.0 -9999.0 -9999.0 -9999.0 -9999.0 -9999.0 -9999.0 -9999.0 134.5 153.5 173.0 193.5 215.1 -9999.0 -9999.0 -9999.0 -9999.0 -9999.0 -9999.0 -9999.0 -9999.0 284.8 285.6 242.3 221.9 229.5 248.6 253.6 236.1 203.5 187.3 156.5 113.4 114.8 122.4 127.2 109.2 87.2 95.8 147.6 201.1 216.3 229.6 238.3
-9999.0 -9999.0 -9999.0 -9999.0 -9999.0 -9999.0 -9999.0 -9999.0 -9999.0 -9999.0 -9999.0 -9999.0 -9999.0 -9999.0 -9999.0 -9999.0 -9999.0 -9999.0 -9999.0 -9999.0 -9999.0 -9999.0 -9999.0 -9999.0 -9999.0 -9999.0 -9999.0 -9999.0 -9999.0 -9999.0 -9999.0 -9999.0 -9999.0 -9999.0 -9999.0 -9999.0 -9999.0 -9999.0 -9999.0 -9999.0 -9999.0 -9999.0 -9999.0 -9999.0 -9999.0 -9999.0 -9999.0 -9999.0 -9999.0 -9999.0 -9999.0 -9999.0 264.2 317.7 254.7 264.4 238.0 249.1 252.4 244.2 196.0 167.4 265.6 125.5 128.9 140.2 147.7 131.8 112.2 123.4 174.2 230.1 265.5 256.4 257.8
-9999.0 -9999.0 -9999.0 -9999.0 -9999.0 -9999.0 -9999.0 -9999.0 -9999.0 -9999.0 -9999.0 -9999.0 -9999.0 -9999.0 -9999.0 -9999.0 -9999.0 -9999.0 -9999.0 -9999.0 -9999.0 -9999.0 -9999.0 -9999.0 -9999.0 -9999.0 -9999.0 -9999.0 -9999.0 -9999.0 -9999.0 -9999.0 -9999.0 -9999.0 -9999.0 -9999.0 -9999.0 -9999.0 -9999.0 -9999.0 -9999.0 -9999.0 -9999.0 -9999.0 -9999.0 -9999.0 -9999.0 -9999.0 -9999.0 -9999.0 -9999.0 292.9 292.1 322.5 226.4 239.3 239.3 268.8 260.6 192.5 277.6 234.2 153.0 150.2 155.6 171.2 175.5 162.8 163.6 187.1 236.9 284.7 309.5 313.3 310.8
-9999.0 -9999.0 -9999.0 -9999.0 -9999.0 -9999.0 -9999.0 -9999.0 -9999.0 -9999.0 -9999.0 -9999.0 -9999.0 -9999.0 -9999.0 -9999.0 -9999.0 -9999.0 -9999.0 -9999.0 -9999.0 -9999.0 -9999.0 -9999.0 -9999.0 -9999.0 -9999.0 -9999.0 -9999.0 -9999.0 -9999.0 -9999.0 -9999.0 -9999.0 -9999.0 -9999.0 -9999.0 -9999.0 -9999.0 -9999.0 -9999.0 -9999.0 -9999.0 -9999.0 -9999.0 -9999.0 -9999.0 -9999.0 -9999.0 -9999.0 272.0 341.1 334.0 324.3 247.3 252.8 218.1 207.4 249.2 301.0 261.3 287.3 197.1 188.1 183.5 192.0 204.8 202.8 229.4 274.4 322.8 363.0 384.3 399.7 393.2
-9999.0 -9999.0 -9999.0 -9999.0 -9999.0 -9999.0 -9999.0 -9999.0 -9999.0 -9999.0 -9999.0 -9999.0 -9999.0 -9999.0 -9999.0 -9999.0 -9999.0 -9999.0 -9999.0 -9999.0 -9999.0 -9999.0 -9999.0 -9999.0 -9999.0 -9999.0 -9999.0 -9999.0 -9999.0 -9999.0 -9999.0 -9999.0 -9999.0 -9999.0 -9999.0 -9999.0 -9999.0 -9999.0 -9999.0 -9999.0 -9999.0 -9999.0 -9999.0 -9999.0 -9999.0 -9999.0 -9999.0 -9999.0 -9999.0 -9999.0 276.9 415.6 294.5 324.7 305.2 249.4 174.1 275.6 299.4 276.2 248.5 255.8 198.3 193.3 194.1 178.8 216.2 240.9 299.2 354.2 405.0 436.5 456.2 455.1 411.0
-9999.0 -9999.0 -9999.0 -9999.0 -9999.0 -9999.0 -9999.0 -9999.0 -9999.0 -9999.0 -9999.0 -9999.0 -9999.0 -9999.0 -9999.0 -9999.0 -9999.0 -9999.0 -9999.0 -9999.0 -9999.0 -9999.0 -9999.0 -9999.0 -9999.0 -9999.0 -9999.0 -9999.0 -9999.0 -9999.0 -9999.0 -9999.0 -9999.0 -9999.0 -9999.0 -9999.0 -9999.0 -9999.0 -9999.0 -9999.0 -9999.0 -9999.0 -9999.0 -9999.0 -9999.0 -9999.0 -9999.0 -9999.0 -9999.0 -9999.0 263.7 333.3 278.2 423.3 271.8 238.9 341.4 284.1 328.8 237.9 270.2 272.8 222.7 170.2 188.2 213.2 252.4 306.3 362.5 427.9 444.5 497.8 471.1 516.4 448.7
-9999.0 -9999.0 -9999.0 -9999.0 -9999.0 -9999.0 -9999.0 -9999.0 -9999.0 -9999.0 -9999.0 -9999.0 -9999.0 -9999.0 -9999.0 -9999.0 -9999.0 -9999.0 -9999.0 -9999.0 -9999.0 -9999.0 -9999.0 -9999.0 -9999.0 -9999.0 -9999.0 -9999.0 -9999.0 -9999.0 -9999.0 -9999.0 -9999.0 -9999.0 -9999.0 -9999.0 -9999.0 -9999.0 -9999.0 -9999.0 -9999.0 -9999.0 -9999.0 -9999.0 -9999.0 -9999.0 -9999.0 -9999.0 -9999.0 -9999.0 380.7 450.0 374.1 382.6 345.6 375.5 246.2 325.1 334.2 256.7 274.3 229.7 149.6 163.8 193.1 242.4 322.9 398.3 461.8 401.4 439.3 443.9 472.4 522.6 494.4
-9999.0 -9999.0 -9999.0 -9999.0 -9999.0 -9999.0 -9999.0 -9999.0 -9999.0 -9999.0 -9999.0 -9999.0 -9999.0 -9999.0 -9999.0 -9999.0 -9999.0 -9999.0 -9999.0 -9999.0 -9999.0 -9999.0 -9999.0 -9999.0 -9999.0 -9999.0 -9999.0 -9999.0 -9999.0 -9999.0 -9999.0 -9999.0 -9999.0 -9999.0 -9999.0 -9999.0 -9999.0 -9999.0 -9999.0 -9999.0 -9999.0 -9999.0 -9999.0 -9999.0 -9999.0 -9999.0 -9999.0 -9999.0 -9999.0 -9999.0 -9999.0 -9999.0 -9999.0 309.8 283.3 287.6 326.0 378.0 311.1 310.0 384.2 213.9 232.9 195.3 216.7 275.5 366.6 440.4 496.0 474.5 426.5 423.9 452.6 493.1 520.0
-9999.0 -9999.0 -9999.0 -9999.0 -9999.0 -9999.0 -9999.0 -9999.0 -9999.0 -9999.0 -9999.0 -9999.0 -9999.0 -9999.0 -9999.0 -9999.0 -9999.0 -9999.0 -9999.0 -9999.0 -9999.0 -9999.0 -9999.0 -9999.0 -9999.0 -9999.0 -9999.0 -9999.0 -9999.0 -9999.0 -9999.0 -9999.0 -9999.0 -9999.0 -9999.0 -9999.0 -9999.0 -9999.0 -9999.0 -9999.0 -9999.0 -9999.0 -9999.0 -9999.0 -9999.0 -9999.0 -9999.0 -9999.0 -9999.0 -9999.0 -9999.0 -9999.0 -9999.0 281.4 226.5 444.1 299.4 311.5 393.2 467.7 378.2 313.0 305.5 308.3 317.9 358.0 418.9 492.3 473.0 457.5 446.9 497.2 549.2 579.0 580.7
-9999.0 -9999.0 -9999.0 -9999.0 -9999.0 -9999.0 -9999.0 -9999.0 -9999.0 -9999.0 -9999.0 -9999.0 -9999.0 -9999.0 -9999.0 -9999.0 -9999.0 -9999.0 -9999.0 -9999.0 -9999.0 -9999.0 -9999.0 -9999.0 -9999.0 -9999.0 -9999.0 -9999.0 -9999.0 -9999.0 -9999.0 -9999.0 -9999.0 -9999.0 -9999.0 -9999.0 -9999.0 -9999.0 -9999.0 -9999.0 -9999.0 -9999.0 -9999.0 -9999.0 -9999.0 -9999.0 -9999.0 -9999.0 -9999.0 -9999.0 -9999.0 -9999.0 -9999.0 252.7 143.3 285.6 293.0 313.0 408.3 457.5 492.9 453.1 429.4 404.2 467.9 -9999.0 -9999.0 -9999.0 539.1 532.1 604.9 721.0 802.7 801.3 742.9
-9999.0 -9999.0 -9999.0 -9999.0 -9999.0 -9999.0 -9999.0 -9999.0 -9999.0 -9999.0 -9999.0 -9999.0 -9999.0 -9999.0 -9999.0 -9999.0 -9999.0 -9999.0 -9999.0 -9999.0 -9999.0 -9999.0 -9999.0 -9999.0 -9999.0 -9999.0 -9999.0 -9999.0 -9999.0 -9999.0 -9999.0 -9999.0 -9999.0 -9999.0 -9999.0 -9999.0 -9999.0 -9999.0 -9999.0 -9999.0 -9999.0 -9999.0 -9999.0 -9999.0 -9999.0 -9999.0 -9999.0 -9999.0 -9999.0 -9999.0 -9999.0 -9999.0 -9999.0 -9999.0 215.9 225.6 195.0 245.1 413.5 532.8 475.5 -9999.0 -9999.0 -9999.0 -9999.0 -9999.0 -9999.0 -9999.0 631.9 698.5 824.0 1011.2 1099.2 1026.7 886.6
-9999.0 -9999.0 -9999.0 -9999.0 -9999.0 -9999.0 -9999.0 -9999.0 -9999.0 -9999.0 -9999.0 -9999.0 -9999.0 -9999.0 -9999.0 -9999.0 -9999.0 -9999.0 -9999.0 -9999.0 -9999.0 -9999.0 -9999.0 -9999.0 -9999.0 -9999.0 -9999.0 -9999.0 -9999.0 -9999.0 -9999.0 -9999.0 -9999.0 -9999.0 -9999.0 -9999.0 -9999.0 -9999.0 -9999.0 -9999.0 -9999.0 -9999.0 -9999.0 -9999.0 -9999.0 -9999.0 -9999.0 -9999.0 -9999.0 -9999.0 -9999.0 -9999.0 -9999.0 -9999.0 -9999.0 188.0 347.1 295.8 348.2 481.2 531.7 -9999.0 -9999.0 -9999.0 -9999.0 -9999.0 -9999.0 -9999.0 -9999.0 -9999.0 1021.3 -9999.0 -9999.0 -9999.0 -9999.0
-9999.0 -9999.0 -9999.0 -9999.0 -9999.0 -9999.0 -9999.0 -9999.0 -9999.0 -9999.0 -9999.0 -9999.0 -9999.0 -9999.0 -9999.0 -9999.0 -9999.0 -9999.0 -9999.0 -9999.0 -9999.0 -9999.0 -9999.0 -9999.0 -9999.0 -9999.0 -9999.0 -9999.0 -9999.0 -9999.0 -9999.0 -9999.0 -9999.0 -9999.0 -9999.0 -9999.0 -9999.0 -9999.0 -9999.0 -9999.0 -9999.0 -9999.0 -9999.0 -9999.0 -9999.0 -9999.0 -9999.0 -9999.0 -9999.0 -9999.0 -9999.0 -9999.0 -9999.0 -9999.0 -9999.0 -9999.0 -9999.0 -9999.0 385.9 439.4 -9999.0 -9999.0 -9999.0 -9999.0 -9999.0 -9999.0 -9999.0 -9999.0 -9999.0 -9999.0 -9999.0 -9999.0 -9999.0 -9999.0 -9999.0
-9999.0 -9999.0 -9999.0 -9999.0 -9999.0 -9999.0 -9999.0 -9999.0 -9999.0 -9999.0 -9999.0 -9999.0 -9999.0 -9999.0 -9999.0 -9999.0 -9999.0 -9999.0 -9999.0 -9999.0 -9999.0 -9999.0 -9999.0 -9999.0 -9999.0 -9999.0 -9999.0 -9999.0 -9999.0 -9999.0 -9999.0 -9999.0 -9999.0 -9999.0 -9999.0 -9999.0 -9999.0 -9999.0 -9999.0 -9999.0 -9999.0 -9999.0 -9999.0 -9999.0 -9999.0 -9999.0 -9999.0 -9999.0 -9999.0 -9999.0 -9999.0 -9999.0 -9999.0 -9999.0 -9999.0 -9999.0 -9999.0 -9999.0 -9999.0 -9999.0 -9999.0 -9999.0 -9999.0 -9999.0 -9999.0 -9999.0 -9999.0 -9999.0 -9999.0 -9999.0 -9999.0 -9999.0 -9999.0 -9999.0 -9999.0
