program/excelProcessViaJava/data/SURF_CLI_CHN_PRE_MON_GRID_0.5-198911.txt
NCOLS      128
NROWS       72
XLLCORNER    72.000000000000    
YLLCORNER    18.000000000000    
CELLSIZE    0.50000000000000    
NODATA_VALUE   -9999.000    
[rows 35 to 69 of 72, columns 0 to 77 of 128]
-9999.0 -9999.0 -9999.0 -9999.0 -9999.0 -9999.0 -9999.0 0.8 1.1 0.3 1.3 0.8 0.1 0.1 0.1 0.0 0.0 0.0 0.0 0.0 0.0 0.0 0.0 0.0 0.0 0.0 0.0 0.0 0.0 0.1 0.1 0.2 0.2 0.3 0.6 0.5 1.0 0.9 1.9 2.4 0.7 3.7 3.2 1.6 0.8 0.5 0.6 0.6 1.2 1.8 3.7 5.9 6.8 10.8 8.6 6.2 7.5 8.8 10.7 9.2 10.5 5.4 4.1 5.3 9.1 10.3 17.3 23.2 25.5 27.8 28.4 28.1 25.8 24.1 23.1 21.2 20.0 19.2
-9999.0 -9999.0 -9999.0 -9999.0 -9999.0 -9999.0 -9999.0 4.6 0.2 0.8 0.9 0.2 0.3 0.6 0.1 0.5 0.1 0.0 0.1 0.0 0.0 0.0 0.0 0.0 0.0 0.0 0.0 0.1 0.0 0.1 0.2 0.2 0.3 0.6 0.5 0.7 0.7 1.1 1.3 1.3 1.7 2.1 2.9 5.9 2.2 1.1 1.6 2.0 5.5 5.4 12.0 11.0 7.1 7.4 9.7 4.1 4.0 5.0 6.4 7.9 9.0 8.7 5.5 8.1 10.6 15.1 21.1 25.8 31.1 29.5 29.5 28.4 26.3 24.3 24.0 21.0 20.3 19.5
-9999.0 -9999.0 -9999.0 -9999.0 -9999.0 -9999.0 -9999.0 -9999.0 -9999.0 0.7 0.4 0.2 0.6 0.3 0.2 0.1 0.1 0.6 0.1 0.2 0.1 0.0 0.0 0.0 0.0 0.0 0.0 0.1 0.1 0.2 0.1 0.2 0.3 0.6 0.5 0.6 0.6 0.9 0.8 1.2 1.3 2.0 2.4 2.4 3.4 3.6 4.0 4.5 6.3 8.2 11.6 10.5 9.0 7.5 10.0 3.8 2.3 2.6 4.4 5.9 8.2 10.8 13.0 10.5 15.8 19.5 22.7 25.3 30.5 27.1 26.4 25.9 25.9 24.8 22.7 22.7 22.0 21.7
-9999.0 -9999.0 -9999.0 -9999.0 -9999.0 -9999.0 -9999.0 -9999.0 -9999.0 -9999.0 -9999.0 1.1 0.1 0.8 0.3 0.3 0.2 0.1 0.1 0.1 0.1 0.1 0.1 0.0 0.1 0.1 0.1 0.1 0.1 0.2 0.2 0.5 0.5 0.7 0.7 1.5 1.0 1.0 2.5 1.2 1.9 1.9 2.1 2.5 5.1 3.7 7.5 6.4 9.4 10.9 10.1 10.8 10.5 11.4 12.6 7.3 3.5 3.9 4.2 5.6 8.2 10.5 13.2 15.8 20.4 19.3 17.8 22.7 24.9 23.4 21.6 22.6 24.4 24.8 22.2 23.2 24.5 25.0
-9999.0 -9999.0 -9999.0 -9999.0 -9999.0 -9999.0 -9999.0 -9999.0 -9999.0 -9999.0 -9999.0 -9999.0 0.2 0.1 0.5 0.2 0.9 0.2 0.2 0.4 0.1 0.1 0.1 0.1 0.3 0.1 0.1 0.2 0.2 0.4 0.4 0.5 0.8 1.4 1.7 1.6 2.8 1.6 1.2 1.0 1.1 1.6 2.4 3.9 4.6 5.8 7.8 6.3 8.9 11.8 17.2 16.5 12.9 10.4 10.5 9.5 8.0 9.0 5.3 8.6 9.2 11.5 13.7 17.1 21.0 27.0 20.9 23.8 24.5 23.1 19.5 18.9 19.0 20.0 23.4 27.1 26.5 28.6
-9999.0 -9999.0 -9999.0 -9999.0 -9999.0 -9999.0 -9999.0 -9999.0 -9999.0 -9999.0 -9999.0 -9999.0 1.7 0.1 0.1 0.4 0.1 0.2 0.3 0.2 0.2 0.2 0.1 0.1 0.1 0.1 0.1 0.1 0.2 0.2 0.5 1.0 1.2 1.6 2.2 2.2 3.1 3.0 2.3 1.9 1.8 2.3 4.4 4.4 6.6 9.0 7.5 7.5 6.8 12.2 13.7 15.6 11.9 12.6 8.2 9.9 8.5 10.5 9.5 10.3 10.9 11.8 14.8 19.5 21.0 25.7 14.9 20.0 25.5 27.2 29.0 35.4 37.7 32.1 32.4 31.2 31.9 35.3
-9999.0 -9999.0 -9999.0 -9999.0 -9999.0 -9999.0 -9999.0 -9999.0 -9999.0 -9999.0 -9999.0 -9999.0 -9999.0 0.4 1.2 0.2 0.3 0.2 0.2 0.2 0.2 0.1 0.2 0.1 0.1 0.2 0.2 0.4 0.3 0.4 0.5 0.8 1.8 2.5 2.5 3.0 3.3 3.6 6.6 4.2 4.0 5.1 6.0 8.8 8.6 8.4 10.3 12.5 14.2 15.0 15.8 12.7 11.1 19.3 14.2 11.6 10.9 14.4 19.2 18.0 17.5 15.9 18.1 18.6 14.4 20.3 24.8 26.3 35.2 38.7 35.8 34.8 38.0 40.8 44.7 41.0 40.3 42.0
-9999.0 -9999.0 -9999.0 -9999.0 -9999.0 -9999.0 -9999.0 -9999.0 -9999.0 -9999.0 -9999.0 -9999.0 0.6 1.9 1.2 0.3 1.2 0.5 0.4 0.2 0.2 0.2 0.2 0.2 0.2 0.2 0.2 0.2 0.2 0.4 0.6 0.8 2.1 2.5 3.6 4.0 5.3 4.2 4.2 4.7 7.5 10.2 12.7 9.6 11.6 12.5 11.7 10.2 12.3 14.4 19.3 22.0 13.8 14.9 11.1 10.9 14.6 13.6 19.5 19.8 21.9 24.6 23.4 28.3 25.8 25.3 17.3 28.1 44.3 51.9 53.5 50.2 46.3 44.1 47.0 48.4 50.3 53.8
-9999.0 -9999.0 -9999.0 -9999.0 -9999.0 -9999.0 -9999.0 -9999.0 -9999.0 -9999.0 -9999.0 -9999.0 1.8 0.2 0.4 2.9 1.7 0.3 0.3 0.4 0.2 0.3 0.3 0.3 0.2 0.2 0.2 0.2 0.2 0.3 0.4 0.8 1.8 2.3 3.5 4.8 5.0 5.4 5.4 5.4 6.5 7.8 9.5 11.4 12.9 14.2 17.4 17.1 17.3 12.7 14.5 19.0 12.8 9.9 9.6 9.3 12.5 17.0 19.6 26.0 30.6 35.2 26.1 23.9 25.8 19.8 29.8 31.3 39.7 48.1 53.2 54.8 57.1 67.4 72.9 63.0 60.1 54.6
-9999.0 -9999.0 -9999.0 -9999.0 -9999.0 -9999.0 -9999.0 -9999.0 -9999.0 -9999.0 -9999.0 -9999.0 0.2 1.3 0.3 0.4 0.4 1.6 0.6 0.6 1.1 1.0 0.5 0.5 0.4 0.4 0.3 0.4 0.2 0.3 0.3 0.9 1.1 1.9 3.2 4.8 5.6 5.8 5.8 6.9 7.6 8.9 11.9 11.7 13.0 16.4 18.7 16.3 14.1 16.3 17.9 14.2 24.7 23.3 14.3 9.8 12.7 16.8 21.7 22.5 27.0 31.5 47.3 27.8 20.4 21.7 29.8 38.4 46.3 49.6 53.0 64.4 70.7 85.3 124.7 89.0 104.0 58.6
-9999.0 -9999.0 -9999.0 -9999.0 -9999.0 -9999.0 -9999.0 -9999.0 -9999.0 -9999.0 -9999.0 -9999.0 -9999.0 4.6 2.9 0.6 0.8 0.6 1.2 1.4 2.9 1.0 1.2 1.2 0.6 0.5 0.4 0.3 0.2 0.2 0.3 0.4 0.9 1.5 2.8 5.3 6.0 5.3 5.8 6.4 7.8 11.2 13.6 13.1 11.6 11.7 14.5 10.8 17.6 18.6 15.7 19.6 14.9 8.7 14.3 14.2 11.3 13.4 19.2 31.3 33.7 59.2 45.4 23.3 18.7 25.1 37.5 47.9 52.5 54.9 54.7 57.4 74.1 70.2 88.2 82.3 76.8 68.8
-9999.0 -9999.0 -9999.0 -9999.0 -9999.0 -9999.0 -9999.0 -9999.0 -9999.0 -9999.0 -9999.0 -9999.0 -9999.0 0.2 2.9 0.9 2.8 0.9 1.0 1.5 3.3 2.8 2.6 1.7 0.9 0.8 0.5 0.3 0.2 0.4 0.3 0.4 0.5 1.0 2.4 3.6 3.6 4.0 5.2 9.1 7.6 9.2 10.4 11.1 15.8 10.9 10.9 8.2 10.6 12.3 15.7 8.8 12.4 14.8 16.2 12.3 9.6 11.5 18.5 14.2 33.1 25.1 24.9 23.5 22.3 28.2 41.6 51.4 53.8 51.3 50.0 54.6 63.9 80.2 91.7 100.7 113.6 84.2
-9999.0 -9999.0 -9999.0 -9999.0 -9999.0 -9999.0 -9999.0 -9999.0 -9999.0 -9999.0 -9999.0 -9999.0 -9999.0 -9999.0 -9999.0 1.5 1.2 1.9 1.6 1.6 3.3 2.4 2.3 2.2 2.0 1.4 1.6 0.6 0.6 0.2 0.2 0.2 0.7 1.0 1.2 3.2 4.6 2.1 3.4 5.0 7.8 9.3 9.3 8.8 8.0 8.1 7.3 5.6 7.3 3.9 6.9 16.3 8.2 8.3 3.5 8.0 9.0 4.7 19.1 29.0 17.2 24.2 34.5 29.1 26.0 29.6 39.1 46.2 47.5 49.2 49.2 52.6 83.2 97.5 98.2 121.1 116.5 125.4
-9999.0 -9999.0 -9999.0 -9999.0 -9999.0 -9999.0 -9999.0 -9999.0 -9999.0 -9999.0 -9999.0 -9999.0 -9999.0 -9999.0 -9999.0 -9999.0 -9999.0 3.8 1.9 -9999.0 2.6 4.0 3.3 3.2 3.1 2.3 2.4 1.0 0.4 0.3 0.2 0.1 0.6 0.2 0.3 0.8 3.2 0.9 2.2 3.6 5.2 7.8 6.9 6.2 14.6 7.9 37.0 7.8 3.5 4.8 3.0 4.5 4.2 7.5 8.4 8.8 5.3 13.7 17.1 25.8 12.9 25.8 32.3 29.6 27.9 30.8 38.1 43.9 45.9 50.1 49.7 79.9 98.7 100.5 114.7 126.3 122.2 127.7
-9999.0 -9999.0 -9999.0 -9999.0 -9999.0 -9999.0 -9999.0 -9999.0 -9999.0 -9999.0 -9999.0 -9999.0 -9999.0 -9999.0 -9999.0 -9999.0 -9999.0 -9999.0 -9999.0 -9999.0 -9999.0 5.0 5.6 6.8 4.9 4.0 2.7 1.5 0.6 0.3 0.2 0.2 0.2 0.2 0.2 0.4 0.5 0.6 0.9 1.8 2.7 5.6 6.0 5.0 12.2 4.4 53.2 5.6 8.2 42.0 4.6 15.0 13.9 5.4 6.6 10.5 11.5 8.7 28.7 21.6 11.4 17.4 24.3 25.8 29.1 35.4 42.9 46.7 48.7 53.8 61.7 80.5 91.8 97.8 108.8 118.0 128.8 149.0
-9999.0 -9999.0 -9999.0 -9999.0 -9999.0 -9999.0 -9999.0 -9999.0 -9999.0 -9999.0 -9999.0 -9999.0 -9999.0 -9999.0 -9999.0 -9999.0 -9999.0 -9999.0 -9999.0 -9999.0 -9999.0 -9999.0 -9999.0 11.2 7.6 6.6 5.0 3.0 1.5 0.5 0.2 0.2 0.8 0.4 0.8 0.8 1.2 0.5 1.7 2.8 3.0 4.7 2.7 2.7 9.8 56.8 15.4 10.0 15.4 17.1 6.7 11.3 9.6 10.2 7.5 4.1 9.2 17.4 7.0 21.2 10.6 14.5 16.3 17.5 24.5 37.3 46.9 48.6 48.5 53.4 67.2 74.9 81.2 92.2 93.5 102.5 111.0 121.8
-9999.0 -9999.0 -9999.0 -9999.0 -9999.0 -9999.0 -9999.0 -9999.0 -9999.0 -9999.0 -9999.0 -9999.0 -9999.0 -9999.0 -9999.0 -9999.0 -9999.0 -9999.0 -9999.0 -9999.0 -9999.0 -9999.0 -9999.0 -9999.0 -9999.0 22.9 11.2 6.6 3.7 4.1 1.1 0.5 0.5 0.7 0.6 1.4 4.1 0.9 2.4 1.6 3.7 1.8 5.8 5.6 30.1 51.4 32.4 61.8 5.2 12.6 10.8 11.8 16.2 16.1 10.1 6.9 9.6 8.4 18.8 19.2 17.1 15.0 40.8 12.2 19.0 32.3 40.5 38.9 43.8 53.1 55.5 60.7 58.5 74.5 77.3 76.6 79.6 84.6
-9999.0 -9999.0 -9999.0 -9999.0 -9999.0 -9999.0 -9999.0 -9999.0 -9999.0 -9999.0 -9999.0 -9999.0 -9999.0 -9999.0 -9999.0 -9999.0 -9999.0 -9999.0 -9999.0 -9999.0 -9999.0 -9999.0 -9999.0 -9999.0 -9999.0 -9999.0 -9999.0 30.4 26.1 6.8 3.9 2.6 2.4 2.0 1.5 3.9 0.9 0.8 0.9 1.0 1.8 0.9 6.6 24.7 31.4 42.9 53.5 54.8 52.5 22.2 36.9 36.3 17.2 17.0 12.9 11.7 6.9 6.0 15.2 9.7 5.8 16.0 4.1 6.0 13.7 19.7 29.7 31.3 31.5 37.6 41.5 53.5 42.5 56.1 55.4 57.4 66.9 68.1
-9999.0 -9999.0 -9999.0 -9999.0 -9999.0 -9999.0 -9999.0 -9999.0 -9999.0 -9999.0 -9999.0 -9999.0 -9999.0 -9999.0 -9999.0 -9999.0 -9999.0 -9999.0 -9999.0 -9999.0 -9999.0 -9999.0 -9999.0 -9999.0 -9999.0 -9999.0 -9999.0 -9999.0 -9999.0 -9999.0 -9999.0 -9999.0 -9999.0 8.8 2.6 -9999.0 -9999.0 -9999.0 4.3 1.0 2.1 5.1 3.5 25.0 36.6 37.9 -9999.0 -9999.0 -9999.0 -9999.0 -9999.0 -9999.0 19.5 17.9 13.1 8.9 7.3 4.8 6.0 6.5 10.2 15.7 6.2 5.7 8.2 14.6 22.5 29.0 31.4 30.0 28.5 40.5 48.2 44.1 57.2 54.7 68.4 60.8
-9999.0 -9999.0 -9999.0 -9999.0 -9999.0 -9999.0 -9999.0 -9999.0 -9999.0 -9999.0 -9999.0 -9999.0 -9999.0 -9999.0 -9999.0 -9999.0 -9999.0 -9999.0 -9999.0 -9999.0 -9999.0 -9999.0 -9999.0 -9999.0 -9999.0 -9999.0 -9999.0 -9999.0 -9999.0 -9999.0 -9999.0 -9999.0 -9999.0 -9999.0 -9999.0 -9999.0 -9999.0 -9999.0 -9999.0 26.5 24.6 25.3 26.5 26.9 -9999.0 -9999.0 -9999.0 -9999.0 -9999.0 -9999.0 -9999.0 -9999.0 12.9 18.2 13.3 8.7 6.5 5.4 5.9 9.4 13.6 15.4 13.8 6.5 11.6 17.7 26.0 26.7 29.5 38.1 39.1 36.3 33.0 51.1 51.1 60.3 66.7 60.4
-9999.0 -9999.0 -9999.0 -9999.0 -9999.0 -9999.0 -9999.0 -9999.0 -9999.0 -9999.0 -9999.0 -9999.0 -9999.0 -9999.0 -9999.0 -9999.0 -9999.0 -9999.0 -9999.0 -9999.0 -9999.0 -9999.0 -9999.0 -9999.0 -9999.0 -9999.0 -9999.0 -9999.0 -9999.0 -9999.0 -9999.0 -9999.0 -9999.0 -9999.0 -9999.0 -9999.0 -9999.0 -9999.0 -9999.0 -9999.0 -9999.0 -9999.0 -9999.0 -9999.0 -9999.0 -9999.0 -9999.0 -9999.0 -9999.0 -9999.0 -9999.0 -9999.0 7.8 17.5 13.0 15.9 10.1 9.1 10.2 15.1 17.2 18.2 46.9 12.9 15.1 15.2 18.4 23.8 28.6 33.0 33.5 33.8 56.1 48.2 54.1 51.0 58.9 50.4
-9999.0 -9999.0 -9999.0 -9999.0 -9999.0 -9999.0 -9999.0 -9999.0 -9999.0 -9999.0 -9999.0 -9999.0 -9999.0 -9999.0 -9999.0 -9999.0 -9999.0 -9999.0 -9999.0 -9999.0 -9999.0 -9999.0 -9999.0 -9999.0 -9999.0 -9999.0 -9999.0 -9999.0 -9999.0 -9999.0 -9999.0 -9999.0 -9999.0 -9999.0 -9999.0 -9999.0 -9999.0 -9999.0 -9999.0 -9999.0 -9999.0 -9999.0 -9999.0 -9999.0 -9999.0 -9999.0 -9999.0 -9999.0 -9999.0 -9999.0 -9999.0 3.1 4.3 14.0 9.7 14.8 15.2 17.8 16.5 10.5 28.2 30.3 23.1 24.0 20.3 17.1 18.0 19.1 25.5 24.3 24.0 26.2 25.9 30.4 36.9 35.0 42.5 31.3
-9999.0 -9999.0 -9999.0 -9999.0 -9999.0 -9999.0 -9999.0 -9999.0 -9999.0 -9999.0 -9999.0 -9999.0 -9999.0 -9999.0 -9999.0 -9999.0 -9999.0 -9999.0 -9999.0 -9999.0 -9999.0 -9999.0 -9999.0 -9999.0 -9999.0 -9999.0 -9999.0 -9999.0 -9999.0 -9999.0 -9999.0 -9999.0 -9999.0 -9999.0 -9999.0 -9999.0 -9999.0 -9999.0 -9999.0 -9999.0 -9999.0 -9999.0 -9999.0 -9999.0 -9999.0 -9999.0 -9999.0 -9999.0 -9999.0 -9999.0 5.3 2.0 5.8 12.8 15.5 21.2 20.6 17.4 18.5 23.4 21.0 33.8 29.2 33.4 25.0 19.1 20.8 21.4 25.6 18.8 19.1 14.8 18.3 26.3 28.7 29.0 18.3 27.1
-9999.0 -9999.0 -9999.0 -9999.0 -9999.0 -9999.0 -9999.0 -9999.0 -9999.0 -9999.0 -9999.0 -9999.0 -9999.0 -9999.0 -9999.0 -9999.0 -9999.0 -9999.0 -9999.0 -9999.0 -9999.0 -9999.0 -9999.0 -9999.0 -9999.0 -9999.0 -9999.0 -9999.0 -9999.0 -9999.0 -9999.0 -9999.0 -9999.0 -9999.0 -9999.0 -9999.0 -9999.0 -9999.0 -9999.0 -9999.0 -9999.0 -9999.0 -9999.0 -9999.0 -9999.0 -9999.0 -9999.0 -9999.0 -9999.0 -9999.0 5.1 3.8 6.0 14.5 22.7 26.8 22.4 27.9 24.8 17.9 14.0 17.2 16.0 21.5 20.5 14.8 17.3 19.2 21.2 16.8 15.4 14.9 15.9 15.5 13.3 11.7 14.2 11.8
-9999.0 -9999.0 -9999.0 -9999.0 -9999.0 -9999.0 -9999.0 -9999.0 -9999.0 -9999.0 -9999.0 -9999.0 -9999.0 -9999.0 -9999.0 -9999.0 -9999.0 -9999.0 -9999.0 -9999.0 -9999.0 -9999.0 -9999.0 -9999.0 -9999.0 -9999.0 -9999.0 -9999.0 -9999.0 -9999.0 -9999.0 -9999.0 -9999.0 -9999.0 -9999.0 -9999.0 -9999.0 -9999.0 -9999.0 -9999.0 -9999.0 -9999.0 -9999.0 -9999.0 -9999.0 -9999.0 -9999.0 -9999.0 -9999.0 -9999.0 9.5 6.5 13.4 21.3 26.3 29.7 36.8 30.0 28.2 15.7 13.7 12.9 10.8 8.3 11.0 9.6 11.3 15.0 17.5 21.7 13.8 19.9 11.5 12.0 7.6 8.1 11.1 9.3
-9999.0 -9999.0 -9999.0 -9999.0 -9999.0 -9999.0 -9999.0 -9999.0 -9999.0 -9999.0 -9999.0 -9999.0 -9999.0 -9999.0 -9999.0 -9999.0 -9999.0 -9999.0 -9999.0 -9999.0 -9999.0 -9999.0 -9999.0 -9999.0 -9999.0 -9999.0 -9999.0 -9999.0 -9999.0 -9999.0 -9999.0 -9999.0 -9999.0 -9999.0 -9999.0 -9999.0 -9999.0 -9999.0 -9999.0 -9999.0 -9999.0 -9999.0 -9999.0 -9999.0 -9999.0 -9999.0 -9999.0 -9999.0 -9999.0 -9999.0 7.7 11.0 19.1 26.1 31.5 36.3 28.8 32.6 29.5 19.5 16.4 9.2 4.0 4.6 7.2 8.0 11.2 14.5 22.9 10.1 10.7 9.1 9.6 9.1 6.6 7.9 8.7 7.0
-9999.0 -9999.0 -9999.0 -9999.0 -9999.0 -9999.0 -9999.0 -9999.0 -9999.0 -9999.0 -9999.0 -9999.0 -9999.0 -9999.0 -9999.0 -9999.0 -9999.0 -9999.0 -9999.0 -9999.0 -9999.0 -9999.0 -9999.0 -9999.0 -9999.0 -9999.0 -9999.0 -9999.0 -9999.0 -9999.0 -9999.0 -9999.0 -9999.0 -9999.0 -9999.0 -9999.0 -9999.0 -9999.0 -9999.0 -9999.0 -9999.0 -9999.0 -9999.0 -9999.0 -9999.0 -9999.0 -9999.0 -9999.0 -9999.0 -9999.0 -9999.0 -9999.0 -9999.0 35.3 35.7 32.1 32.1 34.6 23.3 22.2 31.7 10.8 10.9 6.1 7.1 8.0 13.6 11.9 19.5 14.8 6.6 4.9 6.0 7.9 9.8 9.8 8.2 5.8
-9999.0 -9999.0 -9999.0 -9999.0 -9999.0 -9999.0 -9999.0 -9999.0 -9999.0 -9999.0 -9999.0 -9999.0 -9999.0 -9999.0 -9999.0 -9999.0 -9999.0 -9999.0 -9999.0 -9999.0 -9999.0 -9999.0 -9999.0 -9999.0 -9999.0 -9999.0 -9999.0 -9999.0 -9999.0 -9999.0 -9999.0 -9999.0 -9999.0 -9999.0 -9999.0 -9999.0 -9999.0 -9999.0 -9999.0 -9999.0 -9999.0 -9999.0 -9999.0 -9999.0 -9999.0 -9999.0 -9999.0 -9999.0 -9999.0 -9999.0 -9999.0 -9999.0 -9999.0 38.6 37.8 38.3 28.4 22.5 25.1 36.1 22.6 14.4 17.7 9.7 8.9 8.9 6.3 16.2 8.8 6.3 3.5 4.9 7.0 10.1 13.4 10.3 7.3 5.3
-9999.0 -9999.0 -9999.0 -9999.0 -9999.0 -9999.0 -9999.0 -9999.0 -9999.0 -9999.0 -9999.0 -9999.0 -9999.0 -9999.0 -9999.0 -9999.0 -9999.0 -9999.0 -9999.0 -9999.0 -9999.0 -9999.0 -9999.0 -9999.0 -9999.0 -9999.0 -9999.0 -9999.0 -9999.0 -9999.0 -9999.0 -9999.0 -9999.0 -9999.0 -9999.0 -9999.0 -9999.0 -9999.0 -9999.0 -9999.0 -9999.0 -9999.0 -9999.0 -9999.0 -9999.0 -9999.0 -9999.0 -9999.0 -9999.0 -9999.0 -9999.0 -9999.0 -9999.0 37.3 34.1 32.1 26.1 18.8 20.4 20.5 27.4 23.1 26.2 23.3 10.1 -9999.0 -9999.0 -9999.0 9.7 5.9 9.1 14.9 15.8 13.0 10.4 6.6 5.1 5.2
-9999.0 -9999.0 -9999.0 -9999.0 -9999.0 -9999.0 -9999.0 -9999.0 -9999.0 -9999.0 -9999.0 -9999.0 -9999.0 -9999.0 -9999.0 -9999.0 -9999.0 -9999.0 -9999.0 -9999.0 -9999.0 -9999.0 -9999.0 -9999.0 -9999.0 -9999.0 -9999.0 -9999.0 -9999.0 -9999.0 -9999.0 -9999.0 -9999.0 -9999.0 -9999.0 -9999.0 -9999.0 -9999.0 -9999.0 -9999.0 -9999.0 -9999.0 -9999.0 -9999.0 -9999.0 -9999.0 -9999.0 -9999.0 -9999.0 -9999.0 -9999.0 -9999.0 -9999.0 -9999.0 30.5 25.8 15.2 10.2 18.8 28.0 16.3 -9999.0 -9999.0 -9999.0 -9999.0 -9999.0 -9999.0 -9999.0 10.2 14.9 25.4 37.8 32.3 15.1 6.7 4.5 5.2 7.7
-9999.0 -9999.0 -9999.0 -9999.0 -9999.0 -9999.0 -9999.0 -9999.0 -9999.0 -9999.0 -9999.0 -9999.0 -9999.0 -9999.0 -9999.0 -9999.0 -9999.0 -9999.0 -9999.0 -9999.0 -9999.0 -9999.0 -9999.0 -9999.0 -9999.0 -9999.0 -9999.0 -9999.0 -9999.0 -9999.0 -9999.0 -9999.0 -9999.0 -9999.0 -9999.0 -9999.0 -9999.0 -9999.0 -9999.0 -9999.0 -9999.0 -9999.0 -9999.0 -9999.0 -9999.0 -9999.0 -9999.0 -9999.0 -9999.0 -9999.0 -9999.0 -9999.0 -9999.0 -9999.0 -9999.0 18.7 24.4 13.6 11.6 18.5 18.3 -9999.0 -9999.0 -9999.0 -9999.0 -9999.0 -9999.0 -9999.0 -9999.0 -9999.0 43.0 -9999.0 -9999.0 -9999.0 -9999.0 -9999.0 14.4 -9999.0
-9999.0 -9999.0 -9999.0 -9999.0 -9999.0 -9999.0 -9999.0 -9999.0 -9999.0 -9999.0 -9999.0 -9999.0 -9999.0 -9999.0 -9999.0 -9999.0 -9999.0 -9999.0 -9999.0 -9999.0 -9999.0 -9999.0 -9999.0 -9999.0 -9999.0 -9999.0 -9999.0 -9999.0 -9999.0 -9999.0 -9999.0 -9999.0 -9999.0 -9999.0 -9999.0 -9999.0 -9999.0 -9999.0 -9999.0 -9999.0 -9999.0 -9999.0 -9999.0 -9999.0 -9999.0 -9999.0 -9999.0 -9999.0 -9999.0 -9999.0 -9999.0 -9999.0 -9999.0 -9999.0 -9999.0 -9999.0 -9999.0 -9999.0 12.7 11.5 -9999.0 -9999.0 -9999.0 -9999.0 -9999.0 -9999.0 -9999.0 -9999.0 -9999.0 -9999.0 -9999.0 -9999.0 -9999.0 -9999.0 -9999.0 24.0 45.6 -9999.0
-9999.0 -9999.0 -9999.0 -9999.0 -9999.0 -9999.0 -9999.0 -9999.0 -9999.0 -9999.0 -9999.0 -9999.0 -9999.0 -9999.0 -9999.0 -9999.0 -9999.0 -9999.0 -9999.0 -9999.0 -9999.0 -9999.0 -9999.0 -9999.0 -9999.0 -9999.0 -9999.0 -9999.0 -9999.0 -9999.0 -9999.0 -9999.0 -9999.0 -9999.0 -9999.0 -9999.0 -9999.0 -9999.0 -9999.0 -9999.0 -9999.0 -9999.0 -9999.0 -9999.0 -9999.0 -9999.0 -9999.0 -9999.0 -9999.0 -9999.0 -9999.0 -9999.0 -9999.0 -9999.0 -9999.0 -9999.0 -9999.0 -9999.0 -9999.0 -9999.0 -9999.0 -9999.0 -9999.0 -9999.0 -9999.0 -9999.0 -9999.0 -9999.0 -9999.0 -9999.0 -9999.0 -9999.0 -9999.0 -9999.0 -9999.0 -9999.0 -9999.0 -9999.0
-9999.0 -9999.0 -9999.0 -9999.0 -9999.0 -9999.0 -9999.0 -9999.0 -9999.0 -9999.0 -9999.0 -9999.0 -9999.0 -9999.0 -9999.0 -9999.0 -9999.0 -9999.0 -9999.0 -9999.0 -9999.0 -9999.0 -9999.0 -9999.0 -9999.0 -9999.0 -9999.0 -9999.0 -9999.0 -9999.0 -9999.0 -9999.0 -9999.0 -9999.0 -9999.0 -9999.0 -9999.0 -9999.0 -9999.0 -9999.0 -9999.0 -9999.0 -9999.0 -9999.0 -9999.0 -9999.0 -9999.0 -9999.0 -9999.0 -9999.0 -9999.0 -9999.0 -9999.0 -9999.0 -9999.0 -9999.0 -9999.0 -9999.0 -9999.0 -9999.0 -9999.0 -9999.0 -9999.0 -9999.0 -9999.0 -9999.0 -9999.0 -9999.0 -9999.0 -9999.0 -9999.0 -9999.0 -9999.0 -9999.0 -9999.0 93.3 167.4 229.8
-9999.0 -9999.0 -9999.0 -9999.0 -9999.0 -9999.0 -9999.0 -9999.0 -9999.0 -9999.0 -9999.0 -9999.0 -9999.0 -9999.0 -9999.0 -9999.0 -9999.0 -9999.0 -9999.0 -9999.0 -9999.0 -9999.0 -9999.0 -9999.0 -9999.0 -9999.0 -9999.0 -9999.0 -9999.0 -9999.0 -9999.0 -9999.0 -9999.0 -9999.0 -9999.0 -9999.0 -9999.0 -9999.0 -9999.0 -9999.0 -9999.0 -9999.0 -9999.0 -9999.0 -9999.0 -9999.0 -9999.0 -9999.0 -9999.0 -9999.0 -9999.0 -9999.0 -9999.0 -9999.0 -9999.0 -9999.0 -9999.0 -9999.0 -9999.0 -9999.0 -9999.0 -9999.0 -9999.0 -9999.0 -9999.0 -9999.0 -9999.0 -9999.0 -9999.0 -9999.0 -9999.0 -9999.0 -9999.0 27.9 46.2 104.5 191.7 -9999.0
