program/excelProcessViaJava/data/SURF_CLI_CHN_PRE_MON_GRID_0.5-200905.txt
NCOLS      128
NROWS       72
XLLCORNER    72.000000000000    
YLLCORNER    18.000000000000    
CELLSIZE    0.50000000000000    
NODATA_VALUE   -9999.000    
[rows 34 to 67 of 72, columns 0 to 75 of 128]
-9999.0 -9999.0 -9999.0 -9999.0 0.2 0.4 0.1 0.6 0.1 0.2 1.6 0.5 1.2 1.5 1.9 2.1 2.2 1.7 1.5 1.5 1.6 1.6 1.9 3.7 5.9 8.2 12.3 17.2 23.0 29.4 35.7 42.6 44.9 46.6 47.0 41.5 41.8 40.3 27.1 14.9 19.2 5.3 4.4 3.7 5.8 9.7 15.3 22.6 31.1 41.9 47.9 49.2 48.4 44.8 42.4 46.9 52.1 64.5 79.7 69.8 69.0 39.1 19.6 12.7 8.5 7.2 9.6 10.4 13.0 19.8 22.7 31.9 41.7 49.9 53.3 65.4
-9999.0 -9999.0 -9999.0 -9999.0 -9999.0 -9999.0 -9999.0 0.4 0.3 0.6 0.2 0.3 1.2 1.3 1.6 2.9 3.1 3.1 2.9 3.1 3.1 3.2 3.9 5.5 7.7 11.0 15.8 21.9 29.1 37.5 45.2 51.8 56.0 58.8 59.8 53.6 53.2 45.0 44.6 40.7 22.0 36.8 32.4 22.9 16.0 12.7 20.1 23.8 32.0 34.2 37.0 40.5 43.7 43.1 51.4 55.6 54.0 56.6 78.9 76.9 65.3 43.1 26.6 18.9 14.6 9.3 11.3 15.3 17.9 24.0 29.1 39.5 53.7 65.3 69.9 83.4
-9999.0 -9999.0 -9999.0 -9999.0 -9999.0 -9999.0 -9999.0 0.1 1.0 0.4 0.4 0.9 0.9 0.7 1.7 0.8 2.4 2.8 2.0 3.1 3.4 3.7 4.9 6.7 9.4 13.4 18.9 26.7 34.5 43.3 53.9 61.8 67.1 71.8 68.2 65.0 57.5 54.4 47.7 40.9 38.5 36.4 36.6 42.6 28.7 21.4 25.6 28.2 34.8 34.8 37.1 36.4 41.0 47.1 51.6 75.0 78.4 81.0 79.1 70.9 70.0 65.7 49.1 39.8 26.4 20.7 21.1 25.1 34.8 35.0 40.4 50.2 63.2 79.2 83.6 111.1
-9999.0 -9999.0 -9999.0 -9999.0 -9999.0 -9999.0 -9999.0 -9999.0 -9999.0 0.6 1.0 1.6 1.0 1.5 2.5 3.2 2.7 1.4 2.7 2.3 3.4 4.4 5.5 7.5 10.6 15.1 21.7 30.1 39.3 52.1 59.7 70.3 77.0 81.7 76.8 72.2 64.8 59.4 50.3 46.6 41.0 42.0 39.9 36.3 37.9 35.5 34.2 33.5 34.9 35.9 37.1 35.9 38.8 49.0 55.5 80.9 88.2 86.9 77.0 70.3 66.8 61.5 63.0 61.9 51.9 41.9 40.5 46.0 56.1 57.1 58.9 59.8 65.1 84.8 115.4 120.0
-9999.0 -9999.0 -9999.0 -9999.0 -9999.0 -9999.0 -9999.0 -9999.0 -9999.0 -9999.0 -9999.0 1.0 3.7 1.7 2.9 2.8 3.3 3.6 3.6 3.5 3.5 4.5 5.7 7.8 11.5 16.5 24.2 33.8 45.0 56.9 69.4 83.1 88.1 92.0 88.8 89.7 75.8 66.7 67.4 51.7 50.5 45.9 44.0 42.5 48.3 40.4 45.2 39.8 42.3 42.5 40.3 40.6 43.5 51.7 59.7 74.0 85.9 83.6 78.9 70.3 61.1 69.9 83.5 88.5 79.2 62.8 58.7 68.4 76.3 79.9 77.7 74.6 70.8 83.2 114.4 144.4
-9999.0 -9999.0 -9999.0 -9999.0 -9999.0 -9999.0 -9999.0 -9999.0 -9999.0 -9999.0 -9999.0 -9999.0 4.4 4.9 3.1 4.3 2.5 3.6 3.5 2.8 3.8 4.3 5.5 7.5 11.8 16.5 23.6 35.4 47.8 64.5 77.2 89.6 99.2 106.9 105.9 97.6 94.4 76.6 63.3 53.7 49.1 49.0 51.0 54.7 53.8 52.9 52.7 45.9 48.7 51.8 56.6 54.9 54.6 61.5 70.9 77.3 81.6 79.6 90.2 72.4 68.0 66.5 77.2 99.5 102.6 102.2 79.0 86.4 94.9 101.6 90.0 85.5 94.1 111.3 140.7 189.8
-9999.0 -9999.0 -9999.0 -9999.0 -9999.0 -9999.0 -9999.0 -9999.0 -9999.0 -9999.0 -9999.0 -9999.0 2.4 6.5 7.1 4.6 5.7 4.5 3.2 3.2 3.3 3.8 4.9 6.6 9.4 15.0 22.9 32.2 47.3 61.5 81.2 99.6 109.4 114.6 115.5 106.4 101.0 88.5 74.2 63.8 57.2 57.5 64.0 63.8 67.1 68.2 61.9 58.2 53.9 63.0 64.5 66.4 64.3 69.6 76.3 81.8 89.1 93.7 107.4 101.9 95.1 99.8 100.3 107.5 118.6 116.7 64.3 73.5 90.9 113.7 143.5 175.7 189.3 176.0 181.6 177.7
-9999.0 -9999.0 -9999.0 -9999.0 -9999.0 -9999.0 -9999.0 -9999.0 -9999.0 -9999.0 -9999.0 -9999.0 -9999.0 5.9 4.1 7.0 4.9 4.6 3.7 3.0 2.8 3.0 4.0 5.2 8.2 14.5 22.5 34.8 47.8 64.2 80.0 96.8 116.0 123.9 117.6 111.7 101.3 91.0 89.0 74.3 68.9 70.4 73.4 78.3 79.2 77.5 76.9 76.5 76.6 76.0 75.5 70.1 68.7 74.1 73.8 76.8 84.4 94.4 95.5 114.4 113.9 124.6 128.8 156.0 96.9 100.5 101.6 93.7 124.6 139.3 117.4 167.2 214.9 208.4 200.4 170.8
-9999.0 -9999.0 -9999.0 -9999.0 -9999.0 -9999.0 -9999.0 -9999.0 -9999.0 -9999.0 -9999.0 -9999.0 6.6 4.5 5.0 6.3 3.7 3.6 2.8 2.4 2.1 2.2 2.8 4.1 6.3 12.0 18.5 27.6 41.0 58.9 77.0 91.8 115.8 120.5 122.4 112.1 106.0 87.4 78.0 73.5 75.7 77.8 80.8 84.9 87.1 86.9 84.1 78.8 78.5 78.2 81.6 81.2 70.9 69.4 64.3 64.9 71.5 88.7 107.0 130.2 133.5 132.5 150.3 152.8 156.2 119.6 68.5 99.4 162.7 215.7 249.5 264.1 231.0 160.9 141.7 138.6
-9999.0 -9999.0 -9999.0 -9999.0 -9999.0 -9999.0 -9999.0 -9999.0 -9999.0 -9999.0 -9999.0 -9999.0 6.1 9.0 7.2 3.5 3.4 3.4 2.3 1.7 1.5 1.7 2.2 3.3 4.9 8.0 13.3 21.3 32.9 46.2 63.2 83.6 106.6 107.3 107.8 103.8 89.1 80.4 72.3 68.0 70.3 75.5 81.8 85.6 86.2 84.1 82.0 79.7 77.9 69.2 68.6 72.6 61.1 52.7 49.3 47.0 56.7 72.1 94.5 110.3 121.5 128.8 151.2 140.7 123.0 80.7 97.4 103.1 135.2 180.8 232.9 257.4 229.1 215.6 197.3 146.8
-9999.0 -9999.0 -9999.0 -9999.0 -9999.0 -9999.0 -9999.0 -9999.0 -9999.0 -9999.0 -9999.0 -9999.0 12.0 7.3 7.9 5.7 4.1 2.5 1.8 1.4 1.6 1.9 2.0 3.2 4.6 8.4 12.1 20.8 25.2 36.6 50.8 75.6 82.4 86.4 87.7 84.5 73.7 64.8 57.9 59.0 61.7 70.8 70.9 85.5 76.1 70.7 68.2 63.4 57.4 58.4 59.8 52.7 64.2 59.5 47.7 36.4 46.7 62.3 81.4 100.9 116.7 128.1 134.4 108.9 58.9 62.3 68.6 94.4 131.4 151.5 184.8 261.2 245.0 245.6 270.4 193.9
-9999.0 -9999.0 -9999.0 -9999.0 -9999.0 -9999.0 -9999.0 -9999.0 -9999.0 -9999.0 -9999.0 -9999.0 -9999.0 6.8 6.2 5.6 3.8 2.5 1.9 1.7 2.4 1.9 2.8 4.2 4.7 7.0 9.6 13.0 20.2 24.2 41.0 52.6 67.4 67.5 68.7 71.2 59.4 43.9 41.5 42.1 47.6 52.2 55.5 58.1 61.1 52.3 47.5 35.6 44.0 44.5 39.4 50.3 44.3 32.8 41.6 42.0 41.0 54.8 74.2 92.7 108.4 114.3 123.0 50.2 47.9 48.7 54.7 75.1 102.1 145.9 170.7 186.3 239.2 178.0 234.4 205.1
-9999.0 -9999.0 -9999.0 -9999.0 -9999.0 -9999.0 -9999.0 -9999.0 -9999.0 -9999.0 -9999.0 -9999.0 -9999.0 14.7 8.2 6.6 4.8 3.0 2.3 2.3 3.6 4.1 5.1 5.8 5.9 7.8 9.7 10.5 13.4 27.2 31.5 39.1 41.8 47.0 51.3 44.7 30.4 24.6 26.6 36.3 31.8 36.6 40.5 42.0 42.1 35.4 29.7 18.8 20.4 23.4 33.5 24.0 34.4 38.3 40.2 37.4 39.6 52.7 71.2 78.0 102.6 81.3 42.7 38.5 33.9 35.7 44.2 61.9 91.0 118.0 145.3 172.9 191.8 232.7 263.5 271.7
-9999.0 -9999.0 -9999.0 -9999.0 -9999.0 -9999.0 -9999.0 -9999.0 -9999.0 -9999.0 -9999.0 -9999.0 -9999.0 -9999.0 -9999.0 9.5 7.0 5.5 4.4 4.1 6.1 6.3 7.5 9.2 11.0 11.8 16.4 13.5 19.4 13.0 18.7 21.5 36.1 36.1 27.5 34.5 32.0 8.9 12.3 16.3 23.5 26.1 26.9 28.5 36.4 34.7 18.8 11.1 13.0 6.3 16.2 34.9 24.9 25.5 18.1 29.8 38.1 41.9 69.7 87.7 80.1 59.7 52.5 32.7 23.2 26.6 38.4 57.1 81.9 115.2 138.0 151.8 226.3 261.0 255.7 304.4
-9999.0 -9999.0 -9999.0 -9999.0 -9999.0 -9999.0 -9999.0 -9999.0 -9999.0 -9999.0 -9999.0 -9999.0 -9999.0 -9999.0 -9999.0 -9999.0 -9999.0 29.7 13.4 -9999.0 12.2 14.2 15.9 18.1 20.1 20.0 23.9 18.7 12.6 16.0 12.1 9.7 30.3 11.6 6.7 10.1 24.6 2.6 7.4 11.1 14.6 20.6 18.0 20.1 94.9 41.3 118.4 16.9 8.0 11.9 7.2 16.2 10.0 22.2 25.1 29.1 29.0 50.8 67.6 87.8 75.4 77.9 67.0 41.6 25.2 25.4 38.1 58.1 83.5 108.8 116.2 175.9 215.5 214.5 257.9 291.1
-9999.0 -9999.0 -9999.0 -9999.0 -9999.0 -9999.0 -9999.0 -9999.0 -9999.0 -9999.0 -9999.0 -9999.0 -9999.0 -9999.0 -9999.0 -9999.0 -9999.0 -9999.0 -9999.0 -9999.0 -9999.0 30.1 33.6 38.4 38.3 38.5 33.8 26.8 19.8 12.1 10.5 7.8 9.1 10.8 7.2 9.0 4.8 4.1 5.7 9.9 10.6 18.1 17.9 16.6 104.8 25.6 195.8 24.3 21.9 59.5 17.3 36.0 34.4 13.3 19.0 30.7 37.6 42.8 72.1 90.6 87.0 89.8 86.3 59.5 42.3 37.9 49.3 69.2 96.0 112.9 121.9 152.0 172.2 172.7 197.8 218.8
-9999.0 -9999.0 -9999.0 -9999.0 -9999.0 -9999.0 -9999.0 -9999.0 -9999.0 -9999.0 -9999.0 -9999.0 -9999.0 -9999.0 -9999.0 -9999.0 -9999.0 -9999.0 -9999.0 -9999.0 -9999.0 -9999.0 -9999.0 87.0 74.8 74.4 67.6 54.8 45.5 28.4 24.4 27.7 53.5 38.6 44.8 33.8 35.7 17.5 31.5 35.5 25.7 28.0 13.4 23.8 112.2 271.3 105.6 60.1 62.6 52.7 23.6 35.9 19.6 22.8 16.3 8.0 34.1 55.0 57.6 96.0 102.8 107.6 84.1 61.5 46.9 56.9 77.3 98.9 111.0 134.7 136.1 141.2 153.9 186.3 194.2 204.9
-9999.0 -9999.0 -9999.0 -9999.0 -9999.0 -9999.0 -9999.0 -9999.0 -9999.0 -9999.0 -9999.0 -9999.0 -9999.0 -9999.0 -9999.0 -9999.0 -9999.0 -9999.0 -9999.0 -9999.0 -9999.0 -9999.0 -9999.0 -9999.0 -9999.0 176.7 143.6 117.8 102.0 114.0 78.0 63.1 68.4 84.1 74.5 94.3 125.9 67.2 89.0 63.0 69.3 27.8 97.1 100.5 249.7 297.6 221.7 278.4 47.2 64.4 48.2 43.8 48.7 43.1 18.7 19.3 38.9 47.3 76.6 102.1 132.3 134.6 115.1 69.2 53.9 71.0 92.8 79.6 93.0 115.5 146.1 143.5 154.9 189.2 221.3 219.4
-9999.0 -9999.0 -9999.0 -9999.0 -9999.0 -9999.0 -9999.0 -9999.0 -9999.0 -9999.0 -9999.0 -9999.0 -9999.0 -9999.0 -9999.0 -9999.0 -9999.0 -9999.0 -9999.0 -9999.0 -9999.0 -9999.0 -9999.0 -9999.0 -9999.0 -9999.0 -9999.0 265.8 250.4 179.1 157.8 152.2 191.7 155.6 183.9 145.3 148.0 136.8 104.6 108.7 103.4 54.9 157.5 273.2 296.9 317.8 322.3 306.4 281.3 143.5 178.3 142.8 59.0 48.7 40.8 45.8 37.3 46.1 80.7 101.5 97.3 141.6 78.1 54.0 41.0 51.0 88.0 121.6 121.8 131.1 143.9 132.7 168.1 185.6 210.4 213.2
-9999.0 -9999.0 -9999.0 -9999.0 -9999.0 -9999.0 -9999.0 -9999.0 -9999.0 -9999.0 -9999.0 -9999.0 -9999.0 -9999.0 -9999.0 -9999.0 -9999.0 -9999.0 -9999.0 -9999.0 -9999.0 -9999.0 -9999.0 -9999.0 -9999.0 -9999.0 -9999.0 -9999.0 -9999.0 -9999.0 -9999.0 -9999.0 -9999.0 287.9 315.3 -9999.0 -9999.0 -9999.0 218.6 178.4 172.5 209.0 186.8 324.1 346.9 341.3 -9999.0 -9999.0 -9999.0 -9999.0 -9999.0 -9999.0 99.3 75.6 59.2 48.0 48.8 45.3 65.5 78.2 107.4 119.6 78.9 56.6 51.9 67.2 91.8 101.8 98.6 121.3 146.0 120.8 126.9 166.3 178.6 191.3
-9999.0 -9999.0 -9999.0 -9999.0 -9999.0 -9999.0 -9999.0 -9999.0 -9999.0 -9999.0 -9999.0 -9999.0 -9999.0 -9999.0 -9999.0 -9999.0 -9999.0 -9999.0 -9999.0 -9999.0 -9999.0 -9999.0 -9999.0 -9999.0 -9999.0 -9999.0 -9999.0 -9999.0 -9999.0 -9999.0 -9999.0 -9999.0 -9999.0 -9999.0 -9999.0 -9999.0 -9999.0 -9999.0 -9999.0 385.0 379.5 379.3 379.2 375.3 -9999.0 -9999.0 -9999.0 -9999.0 -9999.0 -9999.0 -9999.0 -9999.0 113.4 95.2 73.6 56.3 48.6 42.3 42.9 59.5 81.2 85.0 70.0 65.7 64.4 76.2 99.7 141.0 126.3 103.1 111.5 115.6 122.3 119.5 160.3 154.8
-9999.0 -9999.0 -9999.0 -9999.0 -9999.0 -9999.0 -9999.0 -9999.0 -9999.0 -9999.0 -9999.0 -9999.0 -9999.0 -9999.0 -9999.0 -9999.0 -9999.0 -9999.0 -9999.0 -9999.0 -9999.0 -9999.0 -9999.0 -9999.0 -9999.0 -9999.0 -9999.0 -9999.0 -9999.0 -9999.0 -9999.0 -9999.0 -9999.0 -9999.0 -9999.0 -9999.0 -9999.0 -9999.0 -9999.0 -9999.0 -9999.0 -9999.0 -9999.0 -9999.0 -9999.0 -9999.0 -9999.0 -9999.0 -9999.0 -9999.0 -9999.0 -9999.0 150.1 110.4 80.1 79.5 59.6 46.5 42.3 55.3 63.5 63.3 59.9 71.6 89.9 126.6 172.6 182.0 167.1 156.9 161.9 138.6 95.4 106.5 126.5 164.1
-9999.0 -9999.0 -9999.0 -9999.0 -9999.0 -9999.0 -9999.0 -9999.0 -9999.0 -9999.0 -9999.0 -9999.0 -9999.0 -9999.0 -9999.0 -9999.0 -9999.0 -9999.0 -9999.0 -9999.0 -9999.0 -9999.0 -9999.0 -9999.0 -9999.0 -9999.0 -9999.0 -9999.0 -9999.0 -9999.0 -9999.0 -9999.0 -9999.0 -9999.0 -9999.0 -9999.0 -9999.0 -9999.0 -9999.0 -9999.0 -9999.0 -9999.0 -9999.0 -9999.0 -9999.0 -9999.0 -9999.0 -9999.0 -9999.0 -9999.0 -9999.0 155.7 129.3 116.4 62.8 72.5 65.8 60.7 46.9 36.6 57.2 54.7 56.1 64.9 96.9 137.9 161.1 169.9 171.0 203.8 218.5 170.8 125.7 128.5 155.3 206.1
-9999.0 -9999.0 -9999.0 -9999.0 -9999.0 -9999.0 -9999.0 -9999.0 -9999.0 -9999.0 -9999.0 -9999.0 -9999.0 -9999.0 -9999.0 -9999.0 -9999.0 -9999.0 -9999.0 -9999.0 -9999.0 -9999.0 -9999.0 -9999.0 -9999.0 -9999.0 -9999.0 -9999.0 -9999.0 -9999.0 -9999.0 -9999.0 -9999.0 -9999.0 -9999.0 -9999.0 -9999.0 -9999.0 -9999.0 -9999.0 -9999.0 -9999.0 -9999.0 -9999.0 -9999.0 -9999.0 -9999.0 -9999.0 -9999.0 -9999.0 168.1 167.9 148.6 123.6 88.0 85.9 75.3 66.8 53.1 47.1 52.1 50.4 62.5 65.8 100.6 127.8 103.0 117.4 132.8 178.1 188.8 147.8 122.5 128.1 148.0 168.3
-9999.0 -9999.0 -9999.0 -9999.0 -9999.0 -9999.0 -9999.0 -9999.0 -9999.0 -9999.0 -9999.0 -9999.0 -9999.0 -9999.0 -9999.0 -9999.0 -9999.0 -9999.0 -9999.0 -9999.0 -9999.0 -9999.0 -9999.0 -9999.0 -9999.0 -9999.0 -9999.0 -9999.0 -9999.0 -9999.0 -9999.0 -9999.0 -9999.0 -9999.0 -9999.0 -9999.0 -9999.0 -9999.0 -9999.0 -9999.0 -9999.0 -9999.0 -9999.0 -9999.0 -9999.0 -9999.0 -9999.0 -9999.0 -9999.0 -9999.0 172.2 204.3 126.5 130.5 110.5 96.3 94.1 81.8 60.6 47.9 48.0 59.0 80.4 92.1 112.8 138.4 105.4 108.3 122.1 142.9 147.2 133.1 129.1 142.9 159.6 191.9
-9999.0 -9999.0 -9999.0 -9999.0 -9999.0 -9999.0 -9999.0 -9999.0 -9999.0 -9999.0 -9999.0 -9999.0 -9999.0 -9999.0 -9999.0 -9999.0 -9999.0 -9999.0 -9999.0 -9999.0 -9999.0 -9999.0 -9999.0 -9999.0 -9999.0 -9999.0 -9999.0 -9999.0 -9999.0 -9999.0 -9999.0 -9999.0 -9999.0 -9999.0 -9999.0 -9999.0 -9999.0 -9999.0 -9999.0 -9999.0 -9999.0 -9999.0 -9999.0 -9999.0 -9999.0 -9999.0 -9999.0 -9999.0 -9999.0 -9999.0 200.5 180.9 142.8 156.1 99.8 90.7 100.4 101.1 76.9 60.5 48.9 56.5 70.2 96.0 112.1 122.9 117.3 111.9 128.9 162.4 145.8 178.8 168.6 178.1 175.5 195.3
-9999.0 -9999.0 -9999.0 -9999.0 -9999.0 -9999.0 -9999.0 -9999.0 -9999.0 -9999.0 -9999.0 -9999.0 -9999.0 -9999.0 -9999.0 -9999.0 -9999.0 -9999.0 -9999.0 -9999.0 -9999.0 -9999.0 -9999.0 -9999.0 -9999.0 -9999.0 -9999.0 -9999.0 -9999.0 -9999.0 -9999.0 -9999.0 -9999.0 -9999.0 -9999.0 -9999.0 -9999.0 -9999.0 -9999.0 -9999.0 -9999.0 -9999.0 -9999.0 -9999.0 -9999.0 -9999.0 -9999.0 -9999.0 -9999.0 -9999.0 288.8 270.7 219.1 170.1 122.3 111.0 87.4 111.4 107.2 76.8 70.1 63.2 64.7 91.5 107.1 116.7 122.4 140.0 187.8 133.2 161.8 184.4 221.8 221.4 229.4 285.2
-9999.0 -9999.0 -9999.0 -9999.0 -9999.0 -9999.0 -9999.0 -9999.0 -9999.0 -9999.0 -9999.0 -9999.0 -9999.0 -9999.0 -9999.0 -9999.0 -9999.0 -9999.0 -9999.0 -9999.0 -9999.0 -9999.0 -9999.0 -9999.0 -9999.0 -9999.0 -9999.0 -9999.0 -9999.0 -9999.0 -9999.0 -9999.0 -9999.0 -9999.0 -9999.0 -9999.0 -9999.0 -9999.0 -9999.0 -9999.0 -9999.0 -9999.0 -9999.0 -9999.0 -9999.0 -9999.0 -9999.0 -9999.0 -9999.0 -9999.0 -9999.0 -9999.0 -9999.0 224.7 162.4 118.4 117.7 144.9 137.3 136.8 162.1 103.0 121.9 132.9 131.6 136.9 155.1 176.4 239.1 216.5 153.6 158.6 192.5 217.6 273.5 376.5
-9999.0 -9999.0 -9999.0 -9999.0 -9999.0 -9999.0 -9999.0 -9999.0 -9999.0 -9999.0 -9999.0 -9999.0 -9999.0 -9999.0 -9999.0 -9999.0 -9999.0 -9999.0 -9999.0 -9999.0 -9999.0 -9999.0 -9999.0 -9999.0 -9999.0 -9999.0 -9999.0 -9999.0 -9999.0 -9999.0 -9999.0 -9999.0 -9999.0 -9999.0 -9999.0 -9999.0 -9999.0 -9999.0 -9999.0 -9999.0 -9999.0 -9999.0 -9999.0 -9999.0 -9999.0 -9999.0 -9999.0 -9999.0 -9999.0 -9999.0 -9999.0 -9999.0 -9999.0 264.8 203.8 173.3 158.1 186.5 242.0 293.7 262.9 213.2 261.1 245.8 222.2 198.0 173.4 236.5 187.4 155.1 113.5 137.3 175.5 210.4 268.2 349.9
-9999.0 -9999.0 -9999.0 -9999.0 -9999.0 -9999.0 -9999.0 -9999.0 -9999.0 -9999.0 -9999.0 -9999.0 -9999.0 -9999.0 -9999.0 -9999.0 -9999.0 -9999.0 -9999.0 -9999.0 -9999.0 -9999.0 -9999.0 -9999.0 -9999.0 -9999.0 -9999.0 -9999.0 -9999.0 -9999.0 -9999.0 -9999.0 -9999.0 -9999.0 -9999.0 -9999.0 -9999.0 -9999.0 -9999.0 -9999.0 -9999.0 -9999.0 -9999.0 -9999.0 -9999.0 -9999.0 -9999.0 -9999.0 -9999.0 -9999.0 -9999.0 -9999.0 -9999.0 282.3 221.7 190.5 186.9 224.2 288.6 328.5 390.1 380.6 397.4 345.7 288.1 -9999.0 -9999.0 -9999.0 200.5 132.8 145.4 198.4 235.4 242.3 253.1 293.1
-9999.0 -9999.0 -9999.0 -9999.0 -9999.0 -9999.0 -9999.0 -9999.0 -9999.0 -9999.0 -9999.0 -9999.0 -9999.0 -9999.0 -9999.0 -9999.0 -9999.0 -9999.0 -9999.0 -9999.0 -9999.0 -9999.0 -9999.0 -9999.0 -9999.0 -9999.0 -9999.0 -9999.0 -9999.0 -9999.0 -9999.0 -9999.0 -9999.0 -9999.0 -9999.0 -9999.0 -9999.0 -9999.0 -9999.0 -9999.0 -9999.0 -9999.0 -9999.0 -9999.0 -9999.0 -9999.0 -9999.0 -9999.0 -9999.0 -9999.0 -9999.0 -9999.0 -9999.0 -9999.0 221.3 185.0 171.9 193.0 258.1 341.9 281.8 -9999.0 -9999.0 -9999.0 -9999.0 -9999.0 -9999.0 -9999.0 159.3 178.1 243.6 279.1 294.0 250.5 210.3 219.2
-9999.0 -9999.0 -9999.0 -9999.0 -9999.0 -9999.0 -9999.0 -9999.0 -9999.0 -9999.0 -9999.0 -9999.0 -9999.0 -9999.0 -9999.0 -9999.0 -9999.0 -9999.0 -9999.0 -9999.0 -9999.0 -9999.0 -9999.0 -9999.0 -9999.0 -9999.0 -9999.0 -9999.0 -9999.0 -9999.0 -9999.0 -9999.0 -9999.0 -9999.0 -9999.0 -9999.0 -9999.0 -9999.0 -9999.0 -9999.0 -9999.0 -9999.0 -9999.0 -9999.0 -9999.0 -9999.0 -9999.0 -9999.0 -9999.0 -9999.0 -9999.0 -9999.0 -9999.0 -9999.0 -9999.0 158.1 164.9 155.7 164.1 222.8 251.2 -9999.0 -9999.0 -9999.0 -9999.0 -9999.0 -9999.0 -9999.0 -9999.0 -9999.0 241.2 -9999.0 -9999.0 -9999.0 -9999.0 -9999.0
-9999.0 -9999.0 -9999.0 -9999.0 -9999.0 -9999.0 -9999.0 -9999.0 -9999.0 -9999.0 -9999.0 -9999.0 -9999.0 -9999.0 -9999.0 -9999.0 -9999.0 -9999.0 -9999.0 -9999.0 -9999.0 -9999.0 -9999.0 -9999.0 -9999.0 -9999.0 -9999.0 -9999.0 -9999.0 -9999.0 -9999.0 -9999.0 -9999.0 -9999.0 -9999.0 -9999.0 -9999.0 -9999.0 -9999.0 -9999.0 -9999.0 -9999.0 -9999.0 -9999.0 -9999.0 -9999.0 -9999.0 -9999.0 -9999.0 -9999.0 -9999.0 -9999.0 -9999.0 -9999.0 -9999.0 -9999.0 -9999.0 -9999.0 123.3 127.7 -9999.0 -9999.0 -9999.0 -9999.0 -9999.0 -9999.0 -9999.0 -9999.0 -9999.0 -9999.0 -9999.0 -9999.0 -9999.0 -9999.0 -9999.0 127.7
-9999.0 -9999.0 -9999.0 -9999.0 -9999.0 -9999.0 -9999.0 -9999.0 -9999.0 -9999.0 -9999.0 -9999.0 -9999.0 -9999.0 -9999.0 -9999.0 -9999.0 -9999.0 -9999.0 -9999.0 -9999.0 -9999.0 -9999.0 -9999.0 -9999.0 -9999.0 -9999.0 -9999.0 -9999.0 -9999.0 -9999.0 -9999.0 -9999.0 -9999.0 -9999.0 -9999.0 -9999.0 -9999.0 -9999.0 -9999.0 -9999.0 -9999.0 -9999.0 -9999.0 -9999.0 -9999.0 -9999.0 -9999.0 -9999.0 -9999.0 -9999.0 -9999.0 -9999.0 -9999.0 -9999.0 -9999.0 -9999.0 -9999.0 -9999.0 -9999.0 -9999.0 -9999.0 -9999.0 -9999.0 -9999.0 -9999.0 -9999.0 -9999.0 -9999.0 -9999.0 -9999.0 -9999.0 -9999.0 -9999.0 -9999.0 -9999.0
