program/excelProcessViaJava/data/SURF_CLI_CHN_PRE_MON_GRID_0.5-198611.txt
NCOLS      128
NROWS       72
XLLCORNER    72.000000000000    
YLLCORNER    18.000000000000    
CELLSIZE    0.50000000000000    
NODATA_VALUE   -9999.000    
[rows 35 to 69 of 72, columns 0 to 78 of 128]
-9999.0 -9999.0 -9999.0 -9999.0 -9999.0 -9999.0 -9999.0 0.7 0.7 1.6 1.2 1.6 2.2 2.2 2.2 2.2 2.0 2.2 2.3 2.1 2.1 2.4 2.5 2.2 2.1 2.0 2.3 2.6 2.9 3.8 4.0 4.3 4.5 5.1 5.7 4.5 5.1 3.6 3.8 2.8 0.6 1.5 0.7 0.2 0.1 0.1 0.2 0.4 0.5 0.8 0.6 0.3 0.4 2.3 2.3 1.0 1.0 1.2 4.0 3.0 6.1 2.9 2.2 2.7 3.7 2.7 3.6 4.1 3.9 4.9 6.0 8.0 10.5 10.4 7.3 6.5 4.6 5.8 6.3
-9999.0 -9999.0 -9999.0 -9999.0 -9999.0 -9999.0 -9999.0 0.1 1.1 0.6 0.8 1.4 1.5 1.7 1.9 2.3 2.1 2.1 2.5 2.1 2.0 2.2 2.0 1.9 1.8 1.8 1.9 2.5 2.3 2.5 3.6 4.1 4.5 5.8 4.9 4.9 4.0 4.0 2.9 1.8 1.3 0.9 0.7 1.0 0.2 0.2 0.2 0.4 0.7 0.9 1.8 2.1 1.2 2.0 3.8 1.5 1.3 2.0 3.8 5.4 5.2 5.3 3.5 5.4 5.7 5.9 6.1 5.8 6.9 5.8 8.4 11.4 13.8 14.5 8.8 10.3 8.3 5.6 3.0
-9999.0 -9999.0 -9999.0 -9999.0 -9999.0 -9999.0 -9999.0 -9999.0 -9999.0 0.4 0.7 1.0 0.9 1.2 1.4 1.6 1.7 2.1 1.8 2.1 1.8 1.7 1.6 1.5 1.4 1.4 1.6 1.8 1.8 2.8 2.4 3.2 3.8 4.8 4.1 4.0 3.5 3.3 2.2 1.7 1.0 0.8 0.5 0.4 0.4 0.5 0.6 0.8 1.3 1.9 2.7 3.0 3.1 2.9 4.7 2.4 1.3 1.8 4.4 5.3 6.6 9.1 10.9 7.2 10.3 10.9 11.2 10.7 12.9 11.3 13.4 12.7 13.2 15.3 16.2 8.7 7.6 6.2 4.5
-9999.0 -9999.0 -9999.0 -9999.0 -9999.0 -9999.0 -9999.0 -9999.0 -9999.0 -9999.0 -9999.0 0.4 1.1 0.7 1.0 1.1 1.2 1.3 1.3 1.3 1.4 1.3 1.2 1.1 1.3 1.2 1.4 1.6 1.7 1.9 2.3 3.5 3.4 4.0 4.0 5.5 3.8 3.2 4.5 1.7 1.5 0.7 0.5 0.4 0.9 0.7 1.4 1.6 2.3 3.1 3.6 4.1 4.4 5.0 6.2 4.9 3.2 4.3 4.7 5.9 8.6 8.8 9.7 10.6 14.0 13.9 14.0 17.5 20.2 21.6 19.4 15.3 11.2 11.0 12.0 11.7 10.1 8.1 6.0
-9999.0 -9999.0 -9999.0 -9999.0 -9999.0 -9999.0 -9999.0 -9999.0 -9999.0 -9999.0 -9999.0 -9999.0 0.6 0.8 0.6 0.8 0.8 0.9 0.9 0.9 0.9 0.9 0.8 0.8 1.2 0.8 0.8 1.1 1.3 2.0 2.0 2.5 3.1 4.4 5.0 4.7 6.4 3.8 2.3 1.2 0.7 0.5 0.5 0.8 1.0 1.5 2.1 2.4 3.3 4.3 5.3 5.5 5.2 4.9 5.6 6.3 6.5 8.2 4.3 9.0 9.1 10.9 11.2 10.9 11.6 18.5 19.8 24.4 27.9 30.1 20.8 12.6 11.2 13.2 14.4 25.1 12.7 9.7 6.9
-9999.0 -9999.0 -9999.0 -9999.0 -9999.0 -9999.0 -9999.0 -9999.0 -9999.0 -9999.0 -9999.0 -9999.0 0.1 0.6 0.9 0.4 0.8 0.7 0.5 0.6 0.5 0.5 0.5 0.5 0.5 0.5 0.5 0.5 0.7 0.9 1.5 2.4 2.8 3.4 4.5 4.5 6.0 5.5 3.6 2.1 0.9 0.7 1.3 1.0 1.9 2.8 3.0 3.7 4.6 5.6 5.8 5.6 4.9 5.4 4.9 6.6 6.4 7.9 5.8 6.6 7.1 6.9 9.3 12.2 8.4 15.7 10.8 16.6 22.6 27.7 31.3 36.9 36.3 20.8 20.7 16.9 12.4 15.6 11.3
-9999.0 -9999.0 -9999.0 -9999.0 -9999.0 -9999.0 -9999.0 -9999.0 -9999.0 -9999.0 -9999.0 -9999.0 -9999.0 0.2 0.1 0.6 0.3 0.5 0.5 0.4 0.3 0.4 0.3 0.3 0.3 0.3 0.3 0.5 0.5 0.7 0.9 1.2 2.4 3.4 3.3 4.1 4.8 5.2 8.1 4.2 2.5 2.3 2.0 3.1 2.8 3.3 4.6 5.7 6.5 6.7 6.3 5.1 4.3 6.3 6.3 6.8 7.2 9.3 12.9 11.2 10.7 7.2 8.2 4.4 2.9 9.2 16.9 19.6 27.3 28.5 24.9 23.5 23.9 24.6 27.8 21.5 16.8 12.4 10.5
-9999.0 -9999.0 -9999.0 -9999.0 -9999.0 -9999.0 -9999.0 -9999.0 -9999.0 -9999.0 -9999.0 -9999.0 0.1 0.0 0.1 0.2 0.1 0.2 0.2 0.3 0.3 0.2 0.2 0.2 0.2 0.2 0.2 0.2 0.2 0.4 0.5 0.7 1.7 2.1 3.2 3.7 5.7 4.4 4.0 3.6 5.3 6.3 7.0 3.4 4.6 5.5 5.9 6.3 7.0 7.0 6.4 5.9 4.0 4.6 4.6 5.5 8.2 6.3 10.5 9.1 10.1 11.4 7.9 10.9 8.3 11.2 10.9 21.1 34.5 43.4 42.8 36.5 31.0 26.7 26.1 24.3 20.3 17.6 15.6
-9999.0 -9999.0 -9999.0 -9999.0 -9999.0 -9999.0 -9999.0 -9999.0 -9999.0 -9999.0 -9999.0 -9999.0 0.0 0.1 0.1 0.0 0.1 0.2 0.2 0.1 0.2 0.1 0.1 0.1 0.1 0.1 0.1 0.1 0.1 0.2 0.2 0.4 0.9 1.1 1.7 2.8 3.1 4.0 3.8 2.4 2.7 2.7 3.5 4.8 6.0 7.2 8.8 8.4 8.0 6.2 5.2 4.9 3.3 3.0 3.5 3.8 6.0 8.8 9.4 13.2 14.9 16.0 5.7 4.7 7.5 8.9 19.6 26.3 33.1 39.5 42.3 40.5 36.0 35.5 35.6 30.1 26.1 22.3 20.5
-9999.0 -9999.0 -9999.0 -9999.0 -9999.0 -9999.0 -9999.0 -9999.0 -9999.0 -9999.0 -9999.0 -9999.0 0.1 0.0 0.1 0.1 0.1 0.0 0.1 0.1 0.1 0.1 0.1 0.1 0.1 0.1 0.1 0.1 0.1 0.1 0.1 0.2 0.3 0.5 1.0 1.7 2.4 2.9 2.5 3.4 2.8 2.4 7.4 4.1 7.6 10.8 11.4 9.0 7.0 6.2 5.1 3.3 6.4 6.6 4.6 3.3 5.4 8.2 11.1 9.5 9.6 9.5 17.7 6.4 7.6 12.9 23.2 32.6 38.4 38.1 38.1 45.2 41.4 43.1 70.6 40.4 54.1 25.2 27.2
-9999.0 -9999.0 -9999.0 -9999.0 -9999.0 -9999.0 -9999.0 -9999.0 -9999.0 -9999.0 -9999.0 -9999.0 -9999.0 0.0 0.0 0.0 0.0 0.1 0.0 0.0 0.0 0.1 0.1 0.1 0.1 0.1 0.1 0.1 0.1 0.1 0.1 0.1 0.2 0.3 0.6 1.9 2.5 2.0 2.4 2.1 2.7 9.0 12.7 12.1 8.7 9.8 12.0 7.8 10.1 8.0 4.5 5.9 4.3 3.1 5.3 5.9 4.5 6.4 10.4 16.1 14.8 25.1 14.0 7.9 9.4 16.6 28.6 38.2 40.8 43.8 41.9 39.5 45.2 35.1 40.3 35.7 30.4 28.8 35.4
-9999.0 -9999.0 -9999.0 -9999.0 -9999.0 -9999.0 -9999.0 -9999.0 -9999.0 -9999.0 -9999.0 -9999.0 -9999.0 0.1 0.0 0.0 0.0 0.0 0.0 0.0 0.0 0.0 0.0 0.1 0.1 0.1 0.1 0.1 0.1 0.1 0.1 0.1 0.1 0.2 0.5 1.1 1.2 1.5 2.6 7.3 4.7 8.0 11.6 13.8 20.2 14.2 13.8 10.3 10.3 8.6 8.3 4.3 5.8 7.0 7.8 6.4 5.3 7.3 11.8 9.1 15.7 9.1 14.5 15.9 14.4 18.5 30.0 40.8 46.2 48.8 51.2 50.6 45.4 43.7 43.7 44.3 48.6 32.1 36.6
-9999.0 -9999.0 -9999.0 -9999.0 -9999.0 -9999.0 -9999.0 -9999.0 -9999.0 -9999.0 -9999.0 -9999.0 -9999.0 -9999.0 -9999.0 0.0 0.0 0.0 0.0 0.1 0.0 0.1 0.1 0.1 0.1 0.1 0.1 0.1 0.1 0.0 0.0 0.0 0.1 0.2 0.2 1.1 2.3 0.7 1.5 3.0 7.8 11.7 13.8 14.4 10.1 10.0 14.9 12.3 13.5 10.1 9.1 12.3 8.2 8.2 6.2 6.7 7.0 5.4 13.2 16.8 11.6 17.7 30.7 27.0 19.3 18.5 27.2 40.1 48.9 59.1 65.2 62.0 61.7 52.7 45.2 50.7 45.7 54.0 40.8
-9999.0 -9999.0 -9999.0 -9999.0 -9999.0 -9999.0 -9999.0 -9999.0 -9999.0 -9999.0 -9999.0 -9999.0 -9999.0 -9999.0 -9999.0 -9999.0 -9999.0 8.5 0.9 -9999.0 0.4 0.1 0.2 0.2 0.1 0.1 0.1 0.1 0.1 0.0 0.0 0.0 0.1 0.1 0.1 0.2 1.6 0.2 1.1 2.5 5.5 11.8 12.4 12.2 5.9 10.3 17.5 20.4 16.1 15.9 16.2 13.0 16.7 13.3 11.8 10.0 7.1 10.7 12.8 16.0 11.6 19.3 28.3 27.8 21.8 19.4 27.9 41.3 52.9 63.1 65.4 73.4 68.8 52.8 48.6 50.3 43.5 42.0 45.6
-9999.0 -9999.0 -9999.0 -9999.0 -9999.0 -9999.0 -9999.0 -9999.0 -9999.0 -9999.0 -9999.0 -9999.0 -9999.0 -9999.0 -9999.0 -9999.0 -9999.0 -9999.0 -9999.0 -9999.0 -9999.0 0.2 0.1 0.1 0.2 0.6 0.4 0.2 0.1 0.1 0.1 0.1 0.1 0.1 0.1 0.2 0.2 0.2 0.3 0.4 0.9 9.7 13.0 12.9 5.9 13.7 26.7 19.5 25.4 43.4 21.8 25.2 23.5 21.5 16.9 14.2 11.9 9.2 15.4 14.1 14.4 23.7 21.6 24.6 26.4 30.0 40.7 51.0 61.5 65.8 67.0 69.7 63.4 52.8 47.3 43.6 42.6 44.6 48.6
-9999.0 -9999.0 -9999.0 -9999.0 -9999.0 -9999.0 -9999.0 -9999.0 -9999.0 -9999.0 -9999.0 -9999.0 -9999.0 -9999.0 -9999.0 -9999.0 -9999.0 -9999.0 -9999.0 -9999.0 -9999.0 -9999.0 -9999.0 4.2 0.9 1.0 0.9 0.5 0.1 0.2 0.1 0.1 0.1 0.1 0.2 0.3 0.7 0.4 1.6 3.5 4.7 9.4 7.0 5.7 6.9 28.3 19.9 25.5 35.8 43.7 36.2 32.8 37.9 32.0 24.5 14.7 12.5 12.9 9.6 12.7 32.3 42.3 42.9 25.1 28.9 43.7 60.6 66.0 58.3 64.2 65.4 63.5 60.1 56.7 51.7 47.1 47.8 51.4 55.0
-9999.0 -9999.0 -9999.0 -9999.0 -9999.0 -9999.0 -9999.0 -9999.0 -9999.0 -9999.0 -9999.0 -9999.0 -9999.0 -9999.0 -9999.0 -9999.0 -9999.0 -9999.0 -9999.0 -9999.0 -9999.0 -9999.0 -9999.0 -9999.0 -9999.0 12.8 3.8 0.3 0.2 0.2 0.1 0.1 0.1 0.1 0.2 0.5 2.1 0.7 2.6 2.2 6.6 4.6 3.5 5.1 18.8 34.7 34.6 57.3 34.4 49.1 41.6 45.3 43.0 39.7 31.5 19.2 13.9 9.1 11.0 11.7 20.4 35.9 26.3 19.8 29.7 48.0 60.0 49.0 54.3 61.9 59.9 58.1 57.5 54.2 50.5 50.3 52.1 58.0 80.0
-9999.0 -9999.0 -9999.0 -9999.0 -9999.0 -9999.0 -9999.0 -9999.0 -9999.0 -9999.0 -9999.0 -9999.0 -9999.0 -9999.0 -9999.0 -9999.0 -9999.0 -9999.0 -9999.0 -9999.0 -9999.0 -9999.0 -9999.0 -9999.0 -9999.0 -9999.0 -9999.0 17.2 14.7 2.8 1.5 1.0 0.2 0.8 0.3 2.0 0.5 0.7 0.9 1.7 4.1 2.4 6.3 18.3 26.9 39.8 52.9 63.0 72.2 70.1 87.0 89.5 56.5 48.8 34.2 23.6 12.9 9.7 10.1 13.5 30.0 25.6 21.7 22.1 28.4 31.9 48.5 59.1 57.6 57.8 55.1 55.7 47.2 43.6 45.2 50.1 55.3 67.5 70.8
-9999.0 -9999.0 -9999.0 -9999.0 -9999.0 -9999.0 -9999.0 -9999.0 -9999.0 -9999.0 -9999.0 -9999.0 -9999.0 -9999.0 -9999.0 -9999.0 -9999.0 -9999.0 -9999.0 -9999.0 -9999.0 -9999.0 -9999.0 -9999.0 -9999.0 -9999.0 -9999.0 -9999.0 -9999.0 -9999.0 -9999.0 -9999.0 -9999.0 4.4 0.8 -9999.0 -9999.0 -9999.0 3.3 2.0 3.4 6.6 7.7 24.7 36.5 45.3 -9999.0 -9999.0 -9999.0 -9999.0 -9999.0 -9999.0 67.8 48.0 33.2 20.8 13.9 12.9 12.0 17.5 20.2 20.1 18.9 19.7 23.3 31.8 44.7 55.2 56.9 51.1 43.0 43.0 37.4 32.6 35.3 48.6 60.4 70.7 80.2
-9999.0 -9999.0 -9999.0 -9999.0 -9999.0 -9999.0 -9999.0 -9999.0 -9999.0 -9999.0 -9999.0 -9999.0 -9999.0 -9999.0 -9999.0 -9999.0 -9999.0 -9999.0 -9999.0 -9999.0 -9999.0 -9999.0 -9999.0 -9999.0 -9999.0 -9999.0 -9999.0 -9999.0 -9999.0 -9999.0 -9999.0 -9999.0 -9999.0 -9999.0 -9999.0 -9999.0 -9999.0 -9999.0 -9999.0 16.2 17.5 20.8 25.5 31.2 -9999.0 -9999.0 -9999.0 -9999.0 -9999.0 -9999.0 -9999.0 -9999.0 63.7 49.7 34.4 24.0 19.1 17.2 16.5 16.5 16.6 17.1 18.6 18.0 28.4 38.2 49.7 55.1 49.9 45.0 38.2 29.2 24.1 31.5 43.0 56.5 70.5 88.1 96.7
-9999.0 -9999.0 -9999.0 -9999.0 -9999.0 -9999.0 -9999.0 -9999.0 -9999.0 -9999.0 -9999.0 -9999.0 -9999.0 -9999.0 -9999.0 -9999.0 -9999.0 -9999.0 -9999.0 -9999.0 -9999.0 -9999.0 -9999.0 -9999.0 -9999.0 -9999.0 -9999.0 -9999.0 -9999.0 -9999.0 -9999.0 -9999.0 -9999.0 -9999.0 -9999.0 -9999.0 -9999.0 -9999.0 -9999.0 -9999.0 -9999.0 -9999.0 -9999.0 -9999.0 -9999.0 -9999.0 -9999.0 -9999.0 -9999.0 -9999.0 -9999.0 -9999.0 59.5 53.1 39.6 31.1 27.5 23.4 19.5 17.8 15.7 16.4 28.8 24.1 34.7 43.9 51.8 51.2 41.5 31.0 23.7 21.0 32.4 38.8 59.3 84.5 96.5 117.6 113.0
-9999.0 -9999.0 -9999.0 -9999.0 -9999.0 -9999.0 -9999.0 -9999.0 -9999.0 -9999.0 -9999.0 -9999.0 -9999.0 -9999.0 -9999.0 -9999.0 -9999.0 -9999.0 -9999.0 -9999.0 -9999.0 -9999.0 -9999.0 -9999.0 -9999.0 -9999.0 -9999.0 -9999.0 -9999.0 -9999.0 -9999.0 -9999.0 -9999.0 -9999.0 -9999.0 -9999.0 -9999.0 -9999.0 -9999.0 -9999.0 -9999.0 -9999.0 -9999.0 -9999.0 -9999.0 -9999.0 -9999.0 -9999.0 -9999.0 -9999.0 -9999.0 68.6 64.9 58.8 48.8 44.1 39.3 30.6 24.7 13.1 22.8 25.2 23.9 34.5 43.1 50.8 51.3 39.2 32.6 20.7 17.4 22.0 34.5 55.6 83.7 119.5 119.7 141.7 95.5
-9999.0 -9999.0 -9999.0 -9999.0 -9999.0 -9999.0 -9999.0 -9999.0 -9999.0 -9999.0 -9999.0 -9999.0 -9999.0 -9999.0 -9999.0 -9999.0 -9999.0 -9999.0 -9999.0 -9999.0 -9999.0 -9999.0 -9999.0 -9999.0 -9999.0 -9999.0 -9999.0 -9999.0 -9999.0 -9999.0 -9999.0 -9999.0 -9999.0 -9999.0 -9999.0 -9999.0 -9999.0 -9999.0 -9999.0 -9999.0 -9999.0 -9999.0 -9999.0 -9999.0 -9999.0 -9999.0 -9999.0 -9999.0 -9999.0 -9999.0 62.8 73.5 71.6 67.4 58.9 55.4 50.3 40.6 29.6 24.6 21.6 28.5 28.9 40.0 43.1 45.0 48.6 36.7 26.8 17.8 19.6 34.8 56.5 79.2 102.9 114.8 157.5 86.0 69.9
-9999.0 -9999.0 -9999.0 -9999.0 -9999.0 -9999.0 -9999.0 -9999.0 -9999.0 -9999.0 -9999.0 -9999.0 -9999.0 -9999.0 -9999.0 -9999.0 -9999.0 -9999.0 -9999.0 -9999.0 -9999.0 -9999.0 -9999.0 -9999.0 -9999.0 -9999.0 -9999.0 -9999.0 -9999.0 -9999.0 -9999.0 -9999.0 -9999.0 -9999.0 -9999.0 -9999.0 -9999.0 -9999.0 -9999.0 -9999.0 -9999.0 -9999.0 -9999.0 -9999.0 -9999.0 -9999.0 -9999.0 -9999.0 -9999.0 -9999.0 59.0 79.9 65.7 74.8 72.1 65.5 51.5 46.8 34.3 24.0 16.8 17.9 16.6 26.0 30.4 23.7 30.4 26.6 21.3 20.8 28.6 48.1 76.6 109.7 129.9 131.5 92.4 72.3 44.1
-9999.0 -9999.0 -9999.0 -9999.0 -9999.0 -9999.0 -9999.0 -9999.0 -9999.0 -9999.0 -9999.0 -9999.0 -9999.0 -9999.0 -9999.0 -9999.0 -9999.0 -9999.0 -9999.0 -9999.0 -9999.0 -9999.0 -9999.0 -9999.0 -9999.0 -9999.0 -9999.0 -9999.0 -9999.0 -9999.0 -9999.0 -9999.0 -9999.0 -9999.0 -9999.0 -9999.0 -9999.0 -9999.0 -9999.0 -9999.0 -9999.0 -9999.0 -9999.0 -9999.0 -9999.0 -9999.0 -9999.0 -9999.0 -9999.0 -9999.0 51.8 62.8 58.9 86.9 73.8 66.4 61.5 50.1 37.7 23.3 18.2 17.1 16.1 13.1 18.0 16.9 17.4 19.5 21.2 23.6 42.2 52.6 92.8 103.5 113.0 89.7 46.1 38.0 26.7
-9999.0 -9999.0 -9999.0 -9999.0 -9999.0 -9999.0 -9999.0 -9999.0 -9999.0 -9999.0 -9999.0 -9999.0 -9999.0 -9999.0 -9999.0 -9999.0 -9999.0 -9999.0 -9999.0 -9999.0 -9999.0 -9999.0 -9999.0 -9999.0 -9999.0 -9999.0 -9999.0 -9999.0 -9999.0 -9999.0 -9999.0 -9999.0 -9999.0 -9999.0 -9999.0 -9999.0 -9999.0 -9999.0 -9999.0 -9999.0 -9999.0 -9999.0 -9999.0 -9999.0 -9999.0 -9999.0 -9999.0 -9999.0 -9999.0 -9999.0 58.5 73.5 71.1 80.3 76.4 70.2 45.8 45.7 37.4 24.7 24.3 20.4 11.0 13.9 14.8 13.2 15.4 17.2 21.2 37.2 52.2 73.6 88.4 88.5 82.9 54.3 28.5 25.2 19.7
-9999.0 -9999.0 -9999.0 -9999.0 -9999.0 -9999.0 -9999.0 -9999.0 -9999.0 -9999.0 -9999.0 -9999.0 -9999.0 -9999.0 -9999.0 -9999.0 -9999.0 -9999.0 -9999.0 -9999.0 -9999.0 -9999.0 -9999.0 -9999.0 -9999.0 -9999.0 -9999.0 -9999.0 -9999.0 -9999.0 -9999.0 -9999.0 -9999.0 -9999.0 -9999.0 -9999.0 -9999.0 -9999.0 -9999.0 -9999.0 -9999.0 -9999.0 -9999.0 -9999.0 -9999.0 -9999.0 -9999.0 -9999.0 -9999.0 -9999.0 -9999.0 -9999.0 -9999.0 62.7 55.2 45.6 40.7 38.9 30.2 31.8 49.0 30.9 46.0 27.1 16.6 11.6 15.3 17.7 25.2 37.3 55.2 71.0 77.9 75.0 62.1 43.8 26.0 24.0 28.0
-9999.0 -9999.0 -9999.0 -9999.0 -9999.0 -9999.0 -9999.0 -9999.0 -9999.0 -9999.0 -9999.0 -9999.0 -9999.0 -9999.0 -9999.0 -9999.0 -9999.0 -9999.0 -9999.0 -9999.0 -9999.0 -9999.0 -9999.0 -9999.0 -9999.0 -9999.0 -9999.0 -9999.0 -9999.0 -9999.0 -9999.0 -9999.0 -9999.0 -9999.0 -9999.0 -9999.0 -9999.0 -9999.0 -9999.0 -9999.0 -9999.0 -9999.0 -9999.0 -9999.0 -9999.0 -9999.0 -9999.0 -9999.0 -9999.0 -9999.0 -9999.0 -9999.0 -9999.0 53.6 43.6 50.2 30.3 27.0 36.4 58.9 65.7 52.4 89.1 32.2 20.8 15.0 13.9 22.9 33.3 45.7 56.9 61.9 60.9 58.4 51.7 33.2 25.5 19.6 25.5
-9999.0 -9999.0 -9999.0 -9999.0 -9999.0 -9999.0 -9999.0 -9999.0 -9999.0 -9999.0 -9999.0 -9999.0 -9999.0 -9999.0 -9999.0 -9999.0 -9999.0 -9999.0 -9999.0 -9999.0 -9999.0 -9999.0 -9999.0 -9999.0 -9999.0 -9999.0 -9999.0 -9999.0 -9999.0 -9999.0 -9999.0 -9999.0 -9999.0 -9999.0 -9999.0 -9999.0 -9999.0 -9999.0 -9999.0 -9999.0 -9999.0 -9999.0 -9999.0 -9999.0 -9999.0 -9999.0 -9999.0 -9999.0 -9999.0 -9999.0 -9999.0 -9999.0 -9999.0 44.5 31.6 33.6 26.9 26.1 40.8 62.3 97.7 105.9 124.3 95.5 19.9 -9999.0 -9999.0 -9999.0 40.3 50.8 54.3 51.7 48.1 46.5 42.0 28.9 24.5 20.6 14.1
-9999.0 -9999.0 -9999.0 -9999.0 -9999.0 -9999.0 -9999.0 -9999.0 -9999.0 -9999.0 -9999.0 -9999.0 -9999.0 -9999.0 -9999.0 -9999.0 -9999.0 -9999.0 -9999.0 -9999.0 -9999.0 -9999.0 -9999.0 -9999.0 -9999.0 -9999.0 -9999.0 -9999.0 -9999.0 -9999.0 -9999.0 -9999.0 -9999.0 -9999.0 -9999.0 -9999.0 -9999.0 -9999.0 -9999.0 -9999.0 -9999.0 -9999.0 -9999.0 -9999.0 -9999.0 -9999.0 -9999.0 -9999.0 -9999.0 -9999.0 -9999.0 -9999.0 -9999.0 -9999.0 30.7 25.7 18.7 21.4 44.6 79.9 70.2 -9999.0 -9999.0 -9999.0 -9999.0 -9999.0 -9999.0 -9999.0 44.6 50.8 49.4 45.2 41.9 40.7 38.1 31.5 25.0 21.3 22.3
-9999.0 -9999.0 -9999.0 -9999.0 -9999.0 -9999.0 -9999.0 -9999.0 -9999.0 -9999.0 -9999.0 -9999.0 -9999.0 -9999.0 -9999.0 -9999.0 -9999.0 -9999.0 -9999.0 -9999.0 -9999.0 -9999.0 -9999.0 -9999.0 -9999.0 -9999.0 -9999.0 -9999.0 -9999.0 -9999.0 -9999.0 -9999.0 -9999.0 -9999.0 -9999.0 -9999.0 -9999.0 -9999.0 -9999.0 -9999.0 -9999.0 -9999.0 -9999.0 -9999.0 -9999.0 -9999.0 -9999.0 -9999.0 -9999.0 -9999.0 -9999.0 -9999.0 -9999.0 -9999.0 -9999.0 19.5 29.5 26.6 36.3 65.6 79.6 -9999.0 -9999.0 -9999.0 -9999.0 -9999.0 -9999.0 -9999.0 -9999.0 -9999.0 45.4 -9999.0 -9999.0 -9999.0 -9999.0 -9999.0 23.2 -9999.0 -9999.0
-9999.0 -9999.0 -9999.0 -9999.0 -9999.0 -9999.0 -9999.0 -9999.0 -9999.0 -9999.0 -9999.0 -9999.0 -9999.0 -9999.0 -9999.0 -9999.0 -9999.0 -9999.0 -9999.0 -9999.0 -9999.0 -9999.0 -9999.0 -9999.0 -9999.0 -9999.0 -9999.0 -9999.0 -9999.0 -9999.0 -9999.0 -9999.0 -9999.0 -9999.0 -9999.0 -9999.0 -9999.0 -9999.0 -9999.0 -9999.0 -9999.0 -9999.0 -9999.0 -9999.0 -9999.0 -9999.0 -9999.0 -9999.0 -9999.0 -9999.0 -9999.0 -9999.0 -9999.0 -9999.0 -9999.0 -9999.0 -9999.0 -9999.0 39.6 49.2 -9999.0 -9999.0 -9999.0 -9999.0 -9999.0 -9999.0 -9999.0 -9999.0 -9999.0 -9999.0 -9999.0 -9999.0 -9999.0 -9999.0 -9999.0 29.1 24.6 -9999.0 -9999.0
-9999.0 -9999.0 -9999.0 -9999.0 -9999.0 -9999.0 -9999.0 -9999.0 -9999.0 -9999.0 -9999.0 -9999.0 -9999.0 -9999.0 -9999.0 -9999.0 -9999.0 -9999.0 -9999.0 -9999.0 -9999.0 -9999.0 -9999.0 -9999.0 -9999.0 -9999.0 -9999.0 -9999.0 -9999.0 -9999.0 -9999.0 -9999.0 -9999.0 -9999.0 -9999.0 -9999.0 -9999.0 -9999.0 -9999.0 -9999.0 -9999.0 -9999.0 -9999.0 -9999.0 -9999.0 -9999.0 -9999.0 -9999.0 -9999.0 -9999.0 -9999.0 -9999.0 -9999.0 -9999.0 -9999.0 -9999.0 -9999.0 -9999.0 -9999.0 -9999.0 -9999.0 -9999.0 -9999.0 -9999.0 -9999.0 -9999.0 -9999.0 -9999.0 -9999.0 -9999.0 -9999.0 -9999.0 -9999.0 -9999.0 -9999.0 -9999.0 -9999.0 -9999.0 -9999.0
-9999.0 -9999.0 -9999.0 -9999.0 -9999.0 -9999.0 -9999.0 -9999.0 -9999.0 -9999.0 -9999.0 -9999.0 -9999.0 -9999.0 -9999.0 -9999.0 -9999.0 -9999.0 -9999.0 -9999.0 -9999.0 -9999.0 -9999.0 -9999.0 -9999.0 -9999.0 -9999.0 -9999.0 -9999.0 -9999.0 -9999.0 -9999.0 -9999.0 -9999.0 -9999.0 -9999.0 -9999.0 -9999.0 -9999.0 -9999.0 -9999.0 -9999.0 -9999.0 -9999.0 -9999.0 -9999.0 -9999.0 -9999.0 -9999.0 -9999.0 -9999.0 -9999.0 -9999.0 -9999.0 -9999.0 -9999.0 -9999.0 -9999.0 -9999.0 -9999.0 -9999.0 -9999.0 -9999.0 -9999.0 -9999.0 -9999.0 -9999.0 -9999.0 -9999.0 -9999.0 -9999.0 -9999.0 -9999.0 -9999.0 -9999.0 39.3 51.9 67.2 -9999.0
-9999.0 -9999.0 -9999.0 -9999.0 -9999.0 -9999.0 -9999.0 -9999.0 -9999.0 -9999.0 -9999.0 -9999.0 -9999.0 -9999.0 -9999.0 -9999.0 -9999.0 -9999.0 -9999.0 -9999.0 -9999.0 -9999.0 -9999.0 -9999.0 -9999.0 -9999.0 -9999.0 -9999.0 -9999.0 -9999.0 -9999.0 -9999.0 -9999.0 -9999.0 -9999.0 -9999.0 -9999.0 -9999.0 -9999.0 -9999.0 -9999.0 -9999.0 -9999.0 -9999.0 -9999.0 -9999.0 -9999.0 -9999.0 -9999.0 -9999.0 -9999.0 -9999.0 -9999.0 -9999.0 -9999.0 -9999.0 -9999.0 -9999.0 -9999.0 -9999.0 -9999.0 -9999.0 -9999.0 -9999.0 -9999.0 -9999.0 -9999.0 -9999.0 -9999.0 -9999.0 -9999.0 -9999.0 -9999.0 25.7 31.2 46.5 69.8 -9999.0 -9999.0
