program/excelProcessViaJava/data/SURF_CLI_CHN_PRE_MON_GRID_0.5-201111.txt
NCOLS      128
NROWS       72
XLLCORNER    72.000000000000    
YLLCORNER    18.000000000000    
CELLSIZE    0.50000000000000    
NODATA_VALUE   -9999.000    
[rows 35 to 69 of 72, columns 0 to 78 of 128]
-9999.0 -9999.0 -9999.0 -9999.0 -9999.0 -9999.0 -9999.0 0.5 1.4 0.9 3.1 2.9 1.1 1.3 1.1 0.4 0.4 0.3 0.3 0.3 0.3 0.3 0.3 0.2 0.2 0.2 0.3 0.3 0.4 0.5 0.7 1.0 1.3 1.7 2.3 2.5 3.2 3.1 3.7 3.6 1.8 3.1 2.2 1.0 0.5 0.4 0.4 0.4 0.5 0.9 1.7 2.7 2.8 2.2 1.8 1.5 2.6 5.5 10.0 10.6 14.5 6.9 5.6 5.9 9.1 11.3 19.4 28.0 42.3 50.2 59.2 60.4 56.5 55.1 58.2 61.4 63.2 64.9 67.0
-9999.0 -9999.0 -9999.0 -9999.0 -9999.0 -9999.0 -9999.0 2.6 0.3 1.3 2.0 1.2 1.6 2.5 1.3 2.5 0.8 0.6 0.9 0.4 0.3 0.4 0.3 0.3 0.2 0.3 0.3 0.4 0.4 0.5 0.7 1.0 1.3 1.9 2.2 2.6 2.8 3.4 3.5 3.2 3.1 2.7 2.4 2.9 1.2 0.7 0.8 0.9 1.6 1.8 2.8 2.9 2.8 2.3 2.6 1.4 2.3 5.5 10.8 15.2 14.6 13.5 10.8 13.1 14.0 18.0 25.2 36.6 41.8 63.0 66.8 64.5 58.7 55.1 59.4 58.5 63.0 66.3 69.4
-9999.0 -9999.0 -9999.0 -9999.0 -9999.0 -9999.0 -9999.0 -9999.0 -9999.0 0.9 0.9 0.8 1.8 1.6 1.1 0.8 1.0 2.0 0.8 1.0 0.5 0.3 0.3 0.3 0.3 0.3 0.3 0.3 0.4 0.6 0.6 0.9 1.2 1.7 2.0 2.4 2.7 3.1 3.2 3.4 3.1 3.1 2.5 2.0 2.0 1.8 1.8 2.0 2.5 3.1 3.8 3.9 3.6 3.1 3.7 2.6 3.5 6.8 13.3 16.8 18.2 20.6 20.9 16.8 19.8 22.7 30.1 43.0 47.3 67.7 70.3 69.4 62.0 56.2 54.4 64.7 67.5 71.7 79.7
-9999.0 -9999.0 -9999.0 -9999.0 -9999.0 -9999.0 -9999.0 -9999.0 -9999.0 -9999.0 -9999.0 1.6 0.5 1.8 1.1 1.2 1.0 0.8 0.6 0.6 0.6 0.4 0.4 0.3 0.4 0.3 0.4 0.4 0.4 0.5 0.6 1.0 1.2 1.6 1.9 2.7 2.7 3.0 4.3 3.4 3.8 3.2 2.7 2.4 3.0 2.4 3.4 3.2 4.1 4.8 5.3 5.5 5.3 5.2 6.1 6.2 7.3 11.4 15.2 18.1 21.8 20.6 18.8 17.9 19.8 22.6 32.8 44.8 54.9 63.8 70.8 68.6 64.0 61.7 66.2 69.5 73.6 78.1 88.1
-9999.0 -9999.0 -9999.0 -9999.0 -9999.0 -9999.0 -9999.0 -9999.0 -9999.0 -9999.0 -9999.0 -9999.0 0.5 0.5 1.3 0.8 1.7 0.9 0.8 1.1 0.4 0.4 0.4 0.3 0.6 0.3 0.3 0.4 0.4 0.6 0.7 0.8 1.1 1.6 2.0 2.3 3.3 2.9 2.9 2.9 3.0 3.0 2.9 3.2 3.2 3.5 4.3 4.2 5.4 6.6 7.8 8.2 7.9 7.5 7.9 9.4 11.9 15.9 15.0 21.5 22.5 26.8 26.3 20.7 16.6 21.1 31.4 43.0 53.6 61.3 71.3 67.2 64.0 65.5 69.3 55.9 71.7 80.0 92.5
-9999.0 -9999.0 -9999.0 -9999.0 -9999.0 -9999.0 -9999.0 -9999.0 -9999.0 -9999.0 -9999.0 -9999.0 1.5 0.4 0.4 0.9 0.5 0.6 0.9 0.7 0.6 0.6 0.4 0.4 0.3 0.3 0.3 0.3 0.4 0.4 0.6 0.9 1.1 1.4 1.9 2.1 2.9 3.2 3.1 3.0 2.9 3.0 3.9 3.4 4.2 5.2 4.9 5.5 6.4 8.3 9.7 10.5 10.6 10.5 10.4 11.9 13.6 16.4 16.3 17.8 20.4 23.6 27.4 27.3 16.0 21.1 40.9 54.2 63.0 69.0 72.2 69.7 69.3 74.6 72.6 74.3 78.9 76.0 86.6
-9999.0 -9999.0 -9999.0 -9999.0 -9999.0 -9999.0 -9999.0 -9999.0 -9999.0 -9999.0 -9999.0 -9999.0 -9999.0 0.5 1.2 0.4 0.7 0.5 0.5 0.5 0.5 0.4 0.5 0.3 0.3 0.4 0.4 0.5 0.4 0.5 0.5 0.7 1.1 1.4 1.6 1.9 2.3 2.7 4.6 3.6 3.5 4.1 4.3 5.6 5.3 5.4 6.6 7.9 9.0 10.0 11.3 12.1 12.5 13.3 13.1 13.7 15.0 17.2 21.0 20.7 22.8 23.1 25.8 16.1 20.7 26.5 39.5 63.5 74.3 80.8 78.2 88.0 96.2 91.6 84.1 78.8 77.7 82.0 88.2
-9999.0 -9999.0 -9999.0 -9999.0 -9999.0 -9999.0 -9999.0 -9999.0 -9999.0 -9999.0 -9999.0 -9999.0 0.4 1.1 0.9 0.5 1.1 0.7 0.7 0.4 0.4 0.4 0.4 0.4 0.3 0.4 0.4 0.3 0.4 0.4 0.5 0.5 1.0 1.1 1.6 1.9 2.6 2.4 2.5 3.0 4.9 6.9 8.5 6.1 7.4 8.2 8.2 8.2 9.4 10.4 12.2 13.5 13.1 13.5 13.4 13.7 15.3 16.0 17.6 17.3 19.8 24.1 22.4 25.7 19.4 27.0 60.9 78.4 90.6 101.0 115.4 124.6 116.7 90.2 77.4 72.7 72.5 76.2 78.9
-9999.0 -9999.0 -9999.0 -9999.0 -9999.0 -9999.0 -9999.0 -9999.0 -9999.0 -9999.0 -9999.0 -9999.0 0.6 0.2 0.3 1.7 1.3 0.5 0.5 0.6 0.4 0.5 0.5 0.4 0.4 0.3 0.3 0.3 0.3 0.3 0.4 0.5 0.8 0.9 1.4 1.9 2.2 2.5 2.7 2.7 3.6 4.7 6.3 8.1 9.6 10.9 12.6 11.8 11.1 9.3 10.2 12.3 12.1 12.2 12.3 12.5 13.2 14.9 15.6 18.9 22.4 26.8 17.8 15.5 18.8 38.1 52.9 84.9 106.0 124.3 141.7 150.2 140.9 132.9 118.7 87.0 70.5 70.2 70.2
-9999.0 -9999.0 -9999.0 -9999.0 -9999.0 -9999.0 -9999.0 -9999.0 -9999.0 -9999.0 -9999.0 -9999.0 0.1 0.4 0.2 0.3 0.4 1.1 0.6 0.7 1.1 1.0 0.6 0.6 0.5 0.5 0.4 0.4 0.3 0.3 0.3 0.5 0.5 0.8 1.3 1.9 2.4 2.8 3.0 3.8 4.7 6.2 10.8 9.1 12.3 15.4 15.7 12.4 8.9 8.4 9.0 8.9 13.7 14.0 11.2 10.0 10.9 12.5 14.6 14.3 16.5 19.2 31.8 17.0 19.8 31.7 49.7 80.7 113.4 134.1 153.0 180.5 176.0 165.3 147.2 120.3 108.5 72.6 71.1
-9999.0 -9999.0 -9999.0 -9999.0 -9999.0 -9999.0 -9999.0 -9999.0 -9999.0 -9999.0 -9999.0 -9999.0 -9999.0 1.4 1.0 0.3 0.5 0.5 0.9 1.1 2.1 0.9 1.1 1.0 0.6 0.5 0.4 0.4 0.3 0.3 0.4 0.4 0.5 0.7 1.3 2.4 3.2 3.5 4.1 4.9 6.8 12.5 16.9 17.4 14.3 14.4 15.3 9.1 10.9 8.7 6.1 9.5 8.3 6.2 9.2 9.3 7.9 8.8 11.3 18.4 19.2 38.3 27.5 16.6 19.2 21.0 35.4 68.5 106.1 142.1 164.1 177.4 192.6 150.3 152.5 118.0 96.6 84.4 80.1
-9999.0 -9999.0 -9999.0 -9999.0 -9999.0 -9999.0 -9999.0 -9999.0 -9999.0 -9999.0 -9999.0 -9999.0 -9999.0 0.0 0.8 0.3 1.2 0.5 0.6 1.0 2.2 2.0 1.9 1.3 0.7 0.7 0.6 0.4 0.3 0.6 0.4 0.4 0.4 0.7 1.5 2.5 3.2 4.3 5.8 10.2 10.4 14.7 18.5 19.9 24.1 16.8 14.2 7.8 7.0 5.9 7.5 3.9 6.3 8.0 9.0 6.9 5.4 6.4 9.9 7.9 18.1 15.2 23.8 23.2 15.2 14.8 26.4 56.7 99.1 132.6 158.3 175.7 175.7 168.8 152.7 136.5 122.3 90.4 75.8
-9999.0 -9999.0 -9999.0 -9999.0 -9999.0 -9999.0 -9999.0 -9999.0 -9999.0 -9999.0 -9999.0 -9999.0 -9999.0 -9999.0 -9999.0 0.4 0.4 0.8 0.7 0.7 1.9 1.4 1.3 1.4 1.3 1.1 1.5 0.7 0.9 0.4 0.4 0.4 0.8 1.0 1.3 3.4 5.3 4.6 6.5 9.0 14.0 18.2 20.4 19.7 13.0 9.0 11.2 4.8 6.6 2.5 4.1 9.3 4.2 4.0 1.1 3.7 4.4 4.1 10.1 16.0 10.4 25.1 36.5 22.6 13.5 12.3 21.2 46.4 85.7 126.1 148.0 151.2 162.6 152.4 127.6 131.7 114.4 105.9 73.2
-9999.0 -9999.0 -9999.0 -9999.0 -9999.0 -9999.0 -9999.0 -9999.0 -9999.0 -9999.0 -9999.0 -9999.0 -9999.0 -9999.0 -9999.0 -9999.0 -9999.0 0.1 0.3 -9999.0 0.7 1.9 1.4 1.4 1.9 1.5 2.1 1.1 0.5 0.6 0.4 0.3 1.0 0.4 0.7 2.0 5.7 4.4 6.5 8.9 12.4 17.8 17.6 15.2 6.4 6.0 7.5 10.9 3.5 4.8 2.3 3.1 1.4 3.2 3.4 3.7 2.2 6.9 8.9 14.3 13.7 31.6 35.0 22.0 13.5 12.5 19.8 40.7 73.0 106.0 116.1 135.7 134.6 105.5 102.8 107.0 91.6 78.3 61.8
-9999.0 -9999.0 -9999.0 -9999.0 -9999.0 -9999.0 -9999.0 -9999.0 -9999.0 -9999.0 -9999.0 -9999.0 -9999.0 -9999.0 -9999.0 -9999.0 -9999.0 -9999.0 -9999.0 -9999.0 -9999.0 1.5 2.2 3.7 2.4 1.5 1.3 1.0 0.7 0.4 0.4 0.3 0.3 0.4 0.5 1.7 2.7 3.8 4.4 5.6 7.1 14.1 15.4 12.5 3.7 5.9 10.0 3.2 10.0 37.1 4.1 10.0 7.4 1.2 1.7 4.1 5.2 3.9 17.7 12.2 14.0 21.7 31.4 22.3 15.2 15.0 21.7 38.3 61.0 82.8 94.9 105.7 95.6 70.9 66.3 67.9 65.8 55.0 48.3
-9999.0 -9999.0 -9999.0 -9999.0 -9999.0 -9999.0 -9999.0 -9999.0 -9999.0 -9999.0 -9999.0 -9999.0 -9999.0 -9999.0 -9999.0 -9999.0 -9999.0 -9999.0 -9999.0 -9999.0 -9999.0 -9999.0 -9999.0 1.6 2.4 2.1 1.8 1.5 1.4 0.6 0.5 0.5 1.7 1.0 2.1 2.6 4.6 3.5 6.2 8.2 8.2 11.6 6.7 3.5 2.0 10.5 2.6 2.7 4.2 5.5 3.4 6.3 2.3 1.9 1.0 0.6 3.4 9.6 3.2 13.7 9.4 17.7 25.4 23.2 20.7 20.8 28.0 40.7 55.4 67.8 84.4 86.4 76.5 69.1 59.7 60.3 61.8 55.9 48.8
-9999.0 -9999.0 -9999.0 -9999.0 -9999.0 -9999.0 -9999.0 -9999.0 -9999.0 -9999.0 -9999.0 -9999.0 -9999.0 -9999.0 -9999.0 -9999.0 -9999.0 -9999.0 -9999.0 -9999.0 -9999.0 -9999.0 -9999.0 -9999.0 -9999.0 1.9 2.2 5.1 3.3 4.8 1.5 0.6 0.6 1.2 1.1 3.7 9.4 3.7 7.2 4.5 8.8 4.0 2.0 1.3 4.6 8.8 5.0 13.4 3.2 4.1 6.9 4.2 5.5 3.8 1.1 1.0 3.3 3.8 12.7 14.9 17.0 22.1 48.0 23.6 24.1 26.8 33.1 39.6 52.5 66.6 72.4 77.5 66.0 63.2 58.4 58.2 57.1 52.3 53.0
-9999.0 -9999.0 -9999.0 -9999.0 -9999.0 -9999.0 -9999.0 -9999.0 -9999.0 -9999.0 -9999.0 -9999.0 -9999.0 -9999.0 -9999.0 -9999.0 -9999.0 -9999.0 -9999.0 -9999.0 -9999.0 -9999.0 -9999.0 -9999.0 -9999.0 -9999.0 -9999.0 1.8 1.7 1.3 0.9 0.7 3.1 0.6 2.0 1.1 1.9 2.0 1.2 2.0 3.5 0.8 1.2 3.3 4.2 6.5 9.5 11.1 12.2 5.6 10.2 9.7 2.8 1.9 1.5 2.8 2.5 4.1 12.2 10.3 7.8 25.2 19.1 23.5 27.2 24.8 30.2 37.7 43.1 55.5 67.5 75.5 59.0 53.0 50.2 52.8 49.4 45.7 40.7
-9999.0 -9999.0 -9999.0 -9999.0 -9999.0 -9999.0 -9999.0 -9999.0 -9999.0 -9999.0 -9999.0 -9999.0 -9999.0 -9999.0 -9999.0 -9999.0 -9999.0 -9999.0 -9999.0 -9999.0 -9999.0 -9999.0 -9999.0 -9999.0 -9999.0 -9999.0 -9999.0 -9999.0 -9999.0 -9999.0 -9999.0 -9999.0 -9999.0 0.8 1.4 -9999.0 -9999.0 -9999.0 0.9 0.8 0.6 0.7 0.4 2.5 4.1 4.8 -9999.0 -9999.0 -9999.0 -9999.0 -9999.0 -9999.0 2.7 3.2 1.4 2.1 4.0 6.5 8.1 7.4 11.2 23.6 19.9 22.6 23.0 24.1 28.0 36.5 46.6 55.9 60.8 65.2 55.3 42.1 41.4 45.4 42.1 38.4 36.3
-9999.0 -9999.0 -9999.0 -9999.0 -9999.0 -9999.0 -9999.0 -9999.0 -9999.0 -9999.0 -9999.0 -9999.0 -9999.0 -9999.0 -9999.0 -9999.0 -9999.0 -9999.0 -9999.0 -9999.0 -9999.0 -9999.0 -9999.0 -9999.0 -9999.0 -9999.0 -9999.0 -9999.0 -9999.0 -9999.0 -9999.0 -9999.0 -9999.0 -9999.0 -9999.0 -9999.0 -9999.0 -9999.0 -9999.0 1.3 1.3 1.4 1.6 1.8 -9999.0 -9999.0 -9999.0 -9999.0 -9999.0 -9999.0 -9999.0 -9999.0 1.8 4.8 2.4 2.7 5.5 8.3 8.6 7.9 9.2 18.0 24.3 21.1 24.4 28.0 33.5 36.2 48.6 65.2 65.8 54.0 40.4 37.7 39.3 39.8 38.0 37.6 37.9
-9999.0 -9999.0 -9999.0 -9999.0 -9999.0 -9999.0 -9999.0 -9999.0 -9999.0 -9999.0 -9999.0 -9999.0 -9999.0 -9999.0 -9999.0 -9999.0 -9999.0 -9999.0 -9999.0 -9999.0 -9999.0 -9999.0 -9999.0 -9999.0 -9999.0 -9999.0 -9999.0 -9999.0 -9999.0 -9999.0 -9999.0 -9999.0 -9999.0 -9999.0 -9999.0 -9999.0 -9999.0 -9999.0 -9999.0 -9999.0 -9999.0 -9999.0 -9999.0 -9999.0 -9999.0 -9999.0 -9999.0 -9999.0 -9999.0 -9999.0 -9999.0 -9999.0 1.8 6.4 3.6 7.8 8.2 11.5 12.6 13.0 11.8 15.3 50.0 20.9 23.9 23.7 23.7 31.2 44.3 54.8 51.9 42.9 44.7 34.6 35.3 37.8 35.4 38.2 44.3
-9999.0 -9999.0 -9999.0 -9999.0 -9999.0 -9999.0 -9999.0 -9999.0 -9999.0 -9999.0 -9999.0 -9999.0 -9999.0 -9999.0 -9999.0 -9999.0 -9999.0 -9999.0 -9999.0 -9999.0 -9999.0 -9999.0 -9999.0 -9999.0 -9999.0 -9999.0 -9999.0 -9999.0 -9999.0 -9999.0 -9999.0 -9999.0 -9999.0 -9999.0 -9999.0 -9999.0 -9999.0 -9999.0 -9999.0 -9999.0 -9999.0 -9999.0 -9999.0 -9999.0 -9999.0 -9999.0 -9999.0 -9999.0 -9999.0 -9999.0 -9999.0 1.2 1.8 6.4 3.8 8.4 13.0 19.7 20.3 15.1 25.6 23.2 15.4 18.2 19.9 19.2 19.1 27.3 35.5 39.3 37.0 33.8 31.6 32.0 30.6 31.7 29.6 35.2 33.7
-9999.0 -9999.0 -9999.0 -9999.0 -9999.0 -9999.0 -9999.0 -9999.0 -9999.0 -9999.0 -9999.0 -9999.0 -9999.0 -9999.0 -9999.0 -9999.0 -9999.0 -9999.0 -9999.0 -9999.0 -9999.0 -9999.0 -9999.0 -9999.0 -9999.0 -9999.0 -9999.0 -9999.0 -9999.0 -9999.0 -9999.0 -9999.0 -9999.0 -9999.0 -9999.0 -9999.0 -9999.0 -9999.0 -9999.0 -9999.0 -9999.0 -9999.0 -9999.0 -9999.0 -9999.0 -9999.0 -9999.0 -9999.0 -9999.0 -9999.0 0.9 1.9 4.0 8.0 8.3 14.8 17.9 21.8 28.6 33.4 24.5 26.5 14.1 17.1 16.9 16.8 20.3 25.1 33.4 34.7 33.2 32.5 30.2 24.4 20.8 19.8 24.6 21.5 25.1
-9999.0 -9999.0 -9999.0 -9999.0 -9999.0 -9999.0 -9999.0 -9999.0 -9999.0 -9999.0 -9999.0 -9999.0 -9999.0 -9999.0 -9999.0 -9999.0 -9999.0 -9999.0 -9999.0 -9999.0 -9999.0 -9999.0 -9999.0 -9999.0 -9999.0 -9999.0 -9999.0 -9999.0 -9999.0 -9999.0 -9999.0 -9999.0 -9999.0 -9999.0 -9999.0 -9999.0 -9999.0 -9999.0 -9999.0 -9999.0 -9999.0 -9999.0 -9999.0 -9999.0 -9999.0 -9999.0 -9999.0 -9999.0 -9999.0 -9999.0 0.7 4.7 3.6 10.2 16.7 20.1 17.4 38.8 44.0 35.1 21.4 15.2 8.9 12.6 16.6 15.5 19.6 28.3 36.5 42.0 37.5 31.6 24.8 16.8 11.5 10.5 12.1 15.4 17.5
-9999.0 -9999.0 -9999.0 -9999.0 -9999.0 -9999.0 -9999.0 -9999.0 -9999.0 -9999.0 -9999.0 -9999.0 -9999.0 -9999.0 -9999.0 -9999.0 -9999.0 -9999.0 -9999.0 -9999.0 -9999.0 -9999.0 -9999.0 -9999.0 -9999.0 -9999.0 -9999.0 -9999.0 -9999.0 -9999.0 -9999.0 -9999.0 -9999.0 -9999.0 -9999.0 -9999.0 -9999.0 -9999.0 -9999.0 -9999.0 -9999.0 -9999.0 -9999.0 -9999.0 -9999.0 -9999.0 -9999.0 -9999.0 -9999.0 -9999.0 0.8 2.9 4.4 20.6 16.4 22.5 45.7 43.7 50.6 26.9 21.6 15.8 12.2 12.2 18.5 18.3 19.7 29.5 43.0 43.0 37.9 24.7 15.0 8.5 5.4 5.6 9.8 13.6 18.0
-9999.0 -9999.0 -9999.0 -9999.0 -9999.0 -9999.0 -9999.0 -9999.0 -9999.0 -9999.0 -9999.0 -9999.0 -9999.0 -9999.0 -9999.0 -9999.0 -9999.0 -9999.0 -9999.0 -9999.0 -9999.0 -9999.0 -9999.0 -9999.0 -9999.0 -9999.0 -9999.0 -9999.0 -9999.0 -9999.0 -9999.0 -9999.0 -9999.0 -9999.0 -9999.0 -9999.0 -9999.0 -9999.0 -9999.0 -9999.0 -9999.0 -9999.0 -9999.0 -9999.0 -9999.0 -9999.0 -9999.0 -9999.0 -9999.0 -9999.0 2.6 8.9 11.7 21.1 28.4 42.9 30.2 46.0 45.0 27.3 26.0 19.1 15.4 18.0 21.7 21.1 23.5 27.6 37.3 41.9 26.6 13.2 6.2 4.2 3.9 7.1 14.3 21.6 31.0
-9999.0 -9999.0 -9999.0 -9999.0 -9999.0 -9999.0 -9999.0 -9999.0 -9999.0 -9999.0 -9999.0 -9999.0 -9999.0 -9999.0 -9999.0 -9999.0 -9999.0 -9999.0 -9999.0 -9999.0 -9999.0 -9999.0 -9999.0 -9999.0 -9999.0 -9999.0 -9999.0 -9999.0 -9999.0 -9999.0 -9999.0 -9999.0 -9999.0 -9999.0 -9999.0 -9999.0 -9999.0 -9999.0 -9999.0 -9999.0 -9999.0 -9999.0 -9999.0 -9999.0 -9999.0 -9999.0 -9999.0 -9999.0 -9999.0 -9999.0 -9999.0 -9999.0 -9999.0 23.2 31.3 37.9 44.4 51.0 36.3 36.5 55.8 30.5 37.3 26.6 22.7 20.7 25.2 28.3 34.2 27.8 12.9 5.0 2.9 3.4 6.5 14.4 27.5 39.7 49.8
-9999.0 -9999.0 -9999.0 -9999.0 -9999.0 -9999.0 -9999.0 -9999.0 -9999.0 -9999.0 -9999.0 -9999.0 -9999.0 -9999.0 -9999.0 -9999.0 -9999.0 -9999.0 -9999.0 -9999.0 -9999.0 -9999.0 -9999.0 -9999.0 -9999.0 -9999.0 -9999.0 -9999.0 -9999.0 -9999.0 -9999.0 -9999.0 -9999.0 -9999.0 -9999.0 -9999.0 -9999.0 -9999.0 -9999.0 -9999.0 -9999.0 -9999.0 -9999.0 -9999.0 -9999.0 -9999.0 -9999.0 -9999.0 -9999.0 -9999.0 -9999.0 -9999.0 -9999.0 27.6 32.6 59.2 46.1 44.8 52.8 67.0 54.2 51.3 49.3 47.5 36.7 29.9 35.5 30.4 26.4 15.8 5.5 3.0 3.7 7.0 14.5 31.6 47.5 66.5 72.7
-9999.0 -9999.0 -9999.0 -9999.0 -9999.0 -9999.0 -9999.0 -9999.0 -9999.0 -9999.0 -9999.0 -9999.0 -9999.0 -9999.0 -9999.0 -9999.0 -9999.0 -9999.0 -9999.0 -9999.0 -9999.0 -9999.0 -9999.0 -9999.0 -9999.0 -9999.0 -9999.0 -9999.0 -9999.0 -9999.0 -9999.0 -9999.0 -9999.0 -9999.0 -9999.0 -9999.0 -9999.0 -9999.0 -9999.0 -9999.0 -9999.0 -9999.0 -9999.0 -9999.0 -9999.0 -9999.0 -9999.0 -9999.0 -9999.0 -9999.0 -9999.0 -9999.0 -9999.0 28.2 25.9 46.9 49.5 50.0 58.8 63.9 71.0 66.7 63.7 54.6 65.3 -9999.0 -9999.0 -9999.0 25.7 13.4 7.3 6.7 9.9 16.7 30.0 54.7 66.3 80.6 119.7
-9999.0 -9999.0 -9999.0 -9999.0 -9999.0 -9999.0 -9999.0 -9999.0 -9999.0 -9999.0 -9999.0 -9999.0 -9999.0 -9999.0 -9999.0 -9999.0 -9999.0 -9999.0 -9999.0 -9999.0 -9999.0 -9999.0 -9999.0 -9999.0 -9999.0 -9999.0 -9999.0 -9999.0 -9999.0 -9999.0 -9999.0 -9999.0 -9999.0 -9999.0 -9999.0 -9999.0 -9999.0 -9999.0 -9999.0 -9999.0 -9999.0 -9999.0 -9999.0 -9999.0 -9999.0 -9999.0 -9999.0 -9999.0 -9999.0 -9999.0 -9999.0 -9999.0 -9999.0 -9999.0 32.2 38.4 35.8 39.3 56.5 70.8 60.7 -9999.0 -9999.0 -9999.0 -9999.0 -9999.0 -9999.0 -9999.0 25.9 20.5 21.6 17.2 22.4 34.0 47.4 60.9 71.5 70.9 69.1
-9999.0 -9999.0 -9999.0 -9999.0 -9999.0 -9999.0 -9999.0 -9999.0 -9999.0 -9999.0 -9999.0 -9999.0 -9999.0 -9999.0 -9999.0 -9999.0 -9999.0 -9999.0 -9999.0 -9999.0 -9999.0 -9999.0 -9999.0 -9999.0 -9999.0 -9999.0 -9999.0 -9999.0 -9999.0 -9999.0 -9999.0 -9999.0 -9999.0 -9999.0 -9999.0 -9999.0 -9999.0 -9999.0 -9999.0 -9999.0 -9999.0 -9999.0 -9999.0 -9999.0 -9999.0 -9999.0 -9999.0 -9999.0 -9999.0 -9999.0 -9999.0 -9999.0 -9999.0 -9999.0 -9999.0 27.6 47.5 38.1 38.5 51.2 55.1 -9999.0 -9999.0 -9999.0 -9999.0 -9999.0 -9999.0 -9999.0 -9999.0 -9999.0 30.1 -9999.0 -9999.0 -9999.0 -9999.0 -9999.0 66.0 -9999.0 -9999.0
-9999.0 -9999.0 -9999.0 -9999.0 -9999.0 -9999.0 -9999.0 -9999.0 -9999.0 -9999.0 -9999.0 -9999.0 -9999.0 -9999.0 -9999.0 -9999.0 -9999.0 -9999.0 -9999.0 -9999.0 -9999.0 -9999.0 -9999.0 -9999.0 -9999.0 -9999.0 -9999.0 -9999.0 -9999.0 -9999.0 -9999.0 -9999.0 -9999.0 -9999.0 -9999.0 -9999.0 -9999.0 -9999.0 -9999.0 -9999.0 -9999.0 -9999.0 -9999.0 -9999.0 -9999.0 -9999.0 -9999.0 -9999.0 -9999.0 -9999.0 -9999.0 -9999.0 -9999.0 -9999.0 -9999.0 -9999.0 -9999.0 -9999.0 33.3 33.5 -9999.0 -9999.0 -9999.0 -9999.0 -9999.0 -9999.0 -9999.0 -9999.0 -9999.0 -9999.0 -9999.0 -9999.0 -9999.0 -9999.0 -9999.0 76.3 62.3 -9999.0 -9999.0
-9999.0 -9999.0 -9999.0 -9999.0 -9999.0 -9999.0 -9999.0 -9999.0 -9999.0 -9999.0 -9999.0 -9999.0 -9999.0 -9999.0 -9999.0 -9999.0 -9999.0 -9999.0 -9999.0 -9999.0 -9999.0 -9999.0 -9999.0 -9999.0 -9999.0 -9999.0 -9999.0 -9999.0 -9999.0 -9999.0 -9999.0 -9999.0 -9999.0 -9999.0 -9999.0 -9999.0 -9999.0 -9999.0 -9999.0 -9999.0 -9999.0 -9999.0 -9999.0 -9999.0 -9999.0 -9999.0 -9999.0 -9999.0 -9999.0 -9999.0 -9999.0 -9999.0 -9999.0 -9999.0 -9999.0 -9999.0 -9999.0 -9999.0 -9999.0 -9999.0 -9999.0 -9999.0 -9999.0 -9999.0 -9999.0 -9999.0 -9999.0 -9999.0 -9999.0 -9999.0 -9999.0 -9999.0 -9999.0 -9999.0 -9999.0 -9999.0 -9999.0 -9999.0 -9999.0
-9999.0 -9999.0 -9999.0 -9999.0 -9999.0 -9999.0 -9999.0 -9999.0 -9999.0 -9999.0 -9999.0 -9999.0 -9999.0 -9999.0 -9999.0 -9999.0 -9999.0 -9999.0 -9999.0 -9999.0 -9999.0 -9999.0 -9999.0 -9999.0 -9999.0 -9999.0 -9999.0 -9999.0 -9999.0 -9999.0 -9999.0 -9999.0 -9999.0 -9999.0 -9999.0 -9999.0 -9999.0 -9999.0 -9999.0 -9999.0 -9999.0 -9999.0 -9999.0 -9999.0 -9999.0 -9999.0 -9999.0 -9999.0 -9999.0 -9999.0 -9999.0 -9999.0 -9999.0 -9999.0 -9999.0 -9999.0 -9999.0 -9999.0 -9999.0 -9999.0 -9999.0 -9999.0 -9999.0 -9999.0 -9999.0 -9999.0 -9999.0 -9999.0 -9999.0 -9999.0 -9999.0 -9999.0 -9999.0 -9999.0 -9999.0 140.3 97.7 62.7 -9999.0
-9999.0 -9999.0 -9999.0 -9999.0 -9999.0 -9999.0 -9999.0 -9999.0 -9999.0 -9999.0 -9999.0 -9999.0 -9999.0 -9999.0 -9999.0 -9999.0 -9999.0 -9999.0 -9999.0 -9999.0 -9999.0 -9999.0 -9999.0 -9999.0 -9999.0 -9999.0 -9999.0 -9999.0 -9999.0 -9999.0 -9999.0 -9999.0 -9999.0 -9999.0 -9999.0 -9999.0 -9999.0 -9999.0 -9999.0 -9999.0 -9999.0 -9999.0 -9999.0 -9999.0 -9999.0 -9999.0 -9999.0 -9999.0 -9999.0 -9999.0 -9999.0 -9999.0 -9999.0 -9999.0 -9999.0 -9999.0 -9999.0 -9999.0 -9999.0 -9999.0 -9999.0 -9999.0 -9999.0 -9999.0 -9999.0 -9999.0 -9999.0 -9999.0 -9999.0 -9999.0 -9999.0 -9999.0 -9999.0 108.9 195.8 182.5 157.6 -9999.0 -9999.0
