program/excelProcessViaJava/data/SURF_CLI_CHN_PRE_MON_GRID_0.5-198510.txt
NCOLS      128
NROWS       72
XLLCORNER    72.000000000000    
YLLCORNER    18.000000000000    
CELLSIZE    0.50000000000000    
NODATA_VALUE   -9999.000    
[rows 34 to 67 of 72, columns 0 to 76 of 128]
-9999.0 -9999.0 -9999.0 -9999.0 2.0 1.5 0.2 0.3 0.0 0.0 0.1 0.0 0.0 0.0 0.0 0.0 0.0 0.1 0.3 0.3 0.1 0.1 0.1 0.0 0.0 0.0 0.0 0.0 0.0 0.1 0.4 0.9 2.6 4.3 5.8 7.8 7.9 7.7 7.7 6.6 4.3 3.4 2.2 1.6 1.2 1.3 1.9 3.3 6.0 10.5 15.7 20.5 22.4 21.1 20.3 22.5 26.6 32.6 37.8 33.5 39.5 41.6 40.4 38.3 40.4 44.1 45.1 47.3 48.4 58.6 55.8 55.7 52.3 49.1 41.8 40.6 42.7
-9999.0 -9999.0 -9999.0 -9999.0 -9999.0 -9999.0 -9999.0 0.2 0.0 0.0 0.0 0.0 0.0 0.0 0.0 0.0 0.0 0.0 0.0 0.0 0.0 0.0 0.0 0.0 0.0 0.0 0.0 0.0 0.1 0.2 0.8 2.4 5.0 7.5 9.6 13.6 13.8 15.3 13.6 11.8 9.8 6.6 4.5 3.1 2.5 2.4 3.5 5.3 9.8 13.3 18.3 24.5 28.9 26.6 26.5 29.1 30.2 32.1 41.5 43.1 43.7 45.0 43.0 43.5 41.3 41.6 39.8 39.8 40.3 46.7 49.8 52.2 59.3 61.2 54.7 54.1 52.2
-9999.0 -9999.0 -9999.0 -9999.0 -9999.0 -9999.0 -9999.0 0.0 0.3 0.0 0.0 0.0 0.0 0.0 0.0 0.0 0.0 0.0 0.0 0.0 0.0 0.0 0.0 0.0 0.0 0.0 0.0 0.0 0.3 1.3 2.2 4.8 8.7 11.0 17.5 21.0 25.0 24.7 24.9 23.0 18.3 13.2 9.4 8.6 6.4 5.7 7.5 10.5 17.2 22.3 28.7 33.0 35.4 33.9 28.8 34.6 37.6 41.3 41.3 40.3 48.8 52.8 48.9 49.5 44.6 39.1 36.1 37.0 40.8 47.4 55.5 64.3 75.5 83.0 76.6 78.2 72.5
-9999.0 -9999.0 -9999.0 -9999.0 -9999.0 -9999.0 -9999.0 -9999.0 -9999.0 0.0 0.0 0.0 0.0 0.0 0.0 0.0 0.0 0.0 0.0 0.0 0.0 0.0 0.0 0.0 0.0 0.0 0.1 0.2 1.2 1.4 7.0 9.9 14.9 18.5 27.9 32.9 37.5 38.5 40.9 38.0 33.7 25.3 18.7 14.7 13.3 13.1 14.3 16.7 21.0 26.4 32.3 37.0 38.5 35.8 29.0 31.9 36.0 38.6 33.8 35.4 38.0 37.6 41.6 50.3 48.0 40.1 37.3 42.9 48.9 58.6 68.1 78.1 91.3 103.6 107.8 100.2 95.7
-9999.0 -9999.0 -9999.0 -9999.0 -9999.0 -9999.0 -9999.0 -9999.0 -9999.0 -9999.0 -9999.0 0.0 0.0 0.0 0.0 0.0 0.0 0.0 0.0 0.0 0.0 0.0 0.0 0.0 0.0 0.0 0.1 0.2 1.1 4.1 8.3 10.0 20.3 26.7 35.7 34.1 46.5 50.6 43.9 54.5 49.1 43.5 34.1 26.8 23.6 20.9 22.4 22.3 25.1 28.4 32.2 36.3 36.8 32.2 25.8 23.2 24.7 24.3 26.4 27.5 25.9 32.2 41.7 51.1 48.9 39.3 39.2 47.4 55.9 64.9 73.8 85.1 96.9 108.9 117.9 118.9 117.7
-9999.0 -9999.0 -9999.0 -9999.0 -9999.0 -9999.0 -9999.0 -9999.0 -9999.0 -9999.0 -9999.0 -9999.0 0.1 0.0 0.0 0.0 0.0 0.0 0.0 0.0 0.0 0.0 0.0 0.0 0.0 0.1 0.4 0.3 1.8 2.0 8.8 16.0 23.5 26.3 33.5 43.3 39.6 54.9 64.3 70.6 70.6 62.2 50.1 40.2 34.1 30.7 29.0 26.2 26.3 27.5 30.6 32.2 31.6 28.0 23.3 19.5 17.2 15.6 22.7 18.2 20.7 20.0 24.7 37.9 46.0 47.4 38.6 46.4 54.8 64.2 63.6 73.1 87.6 99.8 109.9 126.1 129.0
-9999.0 -9999.0 -9999.0 -9999.0 -9999.0 -9999.0 -9999.0 -9999.0 -9999.0 -9999.0 -9999.0 -9999.0 0.0 0.3 0.4 0.0 0.1 0.0 0.0 0.0 0.0 0.0 0.0 0.0 0.3 0.2 0.5 3.0 3.3 8.9 9.8 11.4 22.4 31.7 36.3 46.1 42.3 47.3 57.3 66.1 72.7 68.3 56.6 49.6 43.0 38.9 34.1 29.3 24.5 24.8 25.2 26.9 26.1 24.4 21.7 18.7 16.8 15.6 19.6 21.2 21.4 21.6 22.8 28.5 35.8 43.3 24.7 31.5 39.7 53.1 75.0 98.7 109.7 96.6 101.0 107.4 120.7
-9999.0 -9999.0 -9999.0 -9999.0 -9999.0 -9999.0 -9999.0 -9999.0 -9999.0 -9999.0 -9999.0 -9999.0 -9999.0 0.2 0.0 0.7 0.0 0.1 0.1 0.0 0.0 0.1 0.0 0.3 0.3 0.0 0.1 0.1 1.1 3.9 11.8 19.6 18.1 25.1 43.0 45.6 46.0 43.9 35.2 48.7 56.4 56.7 55.1 49.8 46.4 42.2 37.7 32.1 26.7 22.9 22.0 21.6 21.8 23.5 20.9 18.6 16.9 16.1 15.6 18.9 20.6 23.6 25.9 36.6 19.0 29.4 38.0 37.4 49.7 55.9 57.9 71.9 86.0 88.7 100.4 97.0 108.3
-9999.0 -9999.0 -9999.0 -9999.0 -9999.0 -9999.0 -9999.0 -9999.0 -9999.0 -9999.0 -9999.0 -9999.0 1.3 0.1 0.1 0.6 0.0 0.0 0.0 0.4 0.3 0.3 0.2 0.4 1.2 0.1 0.3 1.4 2.6 3.5 8.4 20.1 14.2 29.1 32.8 41.3 32.1 39.0 38.1 39.5 38.3 40.9 43.4 46.1 44.3 41.8 36.7 28.2 22.3 19.1 20.5 22.4 20.3 21.6 20.0 18.9 18.5 18.2 19.9 24.8 26.3 27.0 33.5 38.9 46.6 40.1 20.1 35.1 64.4 86.0 94.6 93.6 88.3 81.5 76.4 76.6 86.1
-9999.0 -9999.0 -9999.0 -9999.0 -9999.0 -9999.0 -9999.0 -9999.0 -9999.0 -9999.0 -9999.0 -9999.0 1.1 8.9 3.4 0.0 0.0 0.9 0.7 0.1 1.1 0.2 0.3 0.5 2.1 3.5 2.9 3.1 3.4 7.1 11.4 14.4 12.0 31.7 38.1 36.0 37.9 29.0 26.4 31.2 33.1 37.5 39.1 39.3 39.3 38.0 35.1 28.7 22.2 14.7 15.3 19.4 18.4 18.4 19.2 18.1 19.5 20.5 21.7 25.1 28.3 32.2 43.0 47.0 46.1 25.8 40.1 38.2 55.4 80.3 98.0 104.3 101.3 98.2 98.7 82.0 81.3
-9999.0 -9999.0 -9999.0 -9999.0 -9999.0 -9999.0 -9999.0 -9999.0 -9999.0 -9999.0 -9999.0 -9999.0 27.8 3.7 13.2 5.6 4.0 0.0 0.3 0.2 0.0 0.0 0.4 0.1 0.6 0.0 0.2 0.0 2.3 3.4 6.2 2.7 16.1 28.6 33.0 30.6 27.8 21.2 19.8 17.7 23.7 31.7 30.9 34.9 34.5 34.7 32.3 25.7 17.6 15.3 16.2 16.3 25.6 27.9 25.2 18.9 22.2 24.3 26.4 27.1 32.8 40.0 46.9 50.6 29.3 23.6 31.0 42.6 61.1 80.8 102.6 119.0 116.2 114.8 157.9 113.2 145.3
-9999.0 -9999.0 -9999.0 -9999.0 -9999.0 -9999.0 -9999.0 -9999.0 -9999.0 -9999.0 -9999.0 -9999.0 -9999.0 1.8 1.8 9.7 4.4 4.7 0.4 0.1 0.0 0.2 0.0 0.0 1.2 0.4 0.6 1.1 0.2 3.1 0.3 1.8 3.3 13.3 15.0 8.0 9.3 12.6 10.2 13.2 17.6 19.0 24.8 29.7 31.7 30.4 28.3 21.9 20.7 17.9 16.1 20.8 21.6 20.8 29.2 31.4 23.2 24.6 30.8 39.1 41.2 52.6 54.9 40.4 15.8 20.1 29.6 43.4 59.5 86.1 108.6 118.5 119.3 107.6 111.0 105.4 104.2
-9999.0 -9999.0 -9999.0 -9999.0 -9999.0 -9999.0 -9999.0 -9999.0 -9999.0 -9999.0 -9999.0 -9999.0 -9999.0 71.7 7.1 17.4 1.9 11.3 6.8 2.4 0.0 0.0 0.0 0.1 5.5 1.0 0.3 1.3 0.3 0.0 0.0 0.0 0.7 1.8 1.1 2.0 5.0 4.7 3.5 3.8 9.6 15.1 21.3 25.7 28.0 27.5 25.3 20.9 17.9 16.3 18.0 16.6 21.6 28.2 34.2 35.5 31.2 32.6 39.8 35.0 49.3 51.6 46.0 22.0 16.2 17.7 27.6 42.5 61.8 85.0 106.0 111.9 108.0 107.3 111.9 123.3 140.8
-9999.0 -9999.0 -9999.0 -9999.0 -9999.0 -9999.0 -9999.0 -9999.0 -9999.0 -9999.0 -9999.0 -9999.0 -9999.0 -9999.0 -9999.0 28.9 29.2 13.3 16.1 20.1 2.0 6.3 7.1 3.5 1.0 0.7 0.0 0.0 0.0 0.0 0.0 0.0 0.0 0.0 0.1 0.0 0.1 2.7 1.7 2.7 4.7 9.2 14.8 20.1 26.5 30.0 22.6 21.6 16.8 14.4 13.8 21.3 18.4 23.0 22.2 34.1 39.2 28.5 48.9 54.9 52.7 60.1 51.5 36.0 22.2 18.6 26.1 42.5 63.9 83.4 95.7 95.3 101.2 104.0 102.9 131.0 131.5
-9999.0 -9999.0 -9999.0 -9999.0 -9999.0 -9999.0 -9999.0 -9999.0 -9999.0 -9999.0 -9999.0 -9999.0 -9999.0 -9999.0 -9999.0 -9999.0 -9999.0 427.5 158.9 -9999.0 92.0 16.1 40.4 33.8 5.4 4.1 0.0 0.0 0.1 0.0 0.0 0.0 0.0 0.1 1.6 0.1 0.0 6.3 0.9 1.5 2.8 6.2 9.6 14.1 44.3 30.2 66.8 19.6 15.1 12.8 11.1 10.4 11.5 18.7 25.8 32.9 32.4 46.5 50.4 57.6 49.9 64.8 66.1 50.1 34.0 26.1 32.3 49.3 68.5 77.7 82.4 92.1 100.1 90.4 101.2 120.3 110.3
-9999.0 -9999.0 -9999.0 -9999.0 -9999.0 -9999.0 -9999.0 -9999.0 -9999.0 -9999.0 -9999.0 -9999.0 -9999.0 -9999.0 -9999.0 -9999.0 -9999.0 -9999.0 -9999.0 -9999.0 -9999.0 93.0 50.1 10.4 23.1 59.9 33.2 12.8 1.0 1.6 0.0 5.8 1.1 0.3 1.5 0.1 0.4 1.7 4.5 7.8 4.2 4.6 7.6 10.0 41.3 19.0 92.9 21.4 18.1 46.5 9.0 19.4 18.7 8.3 16.4 30.6 37.7 36.3 60.6 55.0 49.0 70.4 74.7 64.4 48.1 41.1 48.5 63.6 78.0 77.0 74.1 85.8 87.8 81.1 81.1 84.1 81.0
-9999.0 -9999.0 -9999.0 -9999.0 -9999.0 -9999.0 -9999.0 -9999.0 -9999.0 -9999.0 -9999.0 -9999.0 -9999.0 -9999.0 -9999.0 -9999.0 -9999.0 -9999.0 -9999.0 -9999.0 -9999.0 -9999.0 -9999.0 394.5 123.1 114.6 83.8 37.1 1.6 5.5 0.3 0.1 0.0 0.1 0.1 0.3 0.6 4.0 3.7 4.6 4.2 6.5 4.2 8.0 38.0 129.9 42.9 28.2 28.5 23.5 7.9 12.7 5.1 8.2 11.2 14.0 31.6 47.4 32.2 53.2 60.5 82.8 89.9 66.8 55.0 53.1 64.8 78.2 76.5 81.5 83.2 86.3 85.9 90.6 82.0 80.2 88.3
-9999.0 -9999.0 -9999.0 -9999.0 -9999.0 -9999.0 -9999.0 -9999.0 -9999.0 -9999.0 -9999.0 -9999.0 -9999.0 -9999.0 -9999.0 -9999.0 -9999.0 -9999.0 -9999.0 -9999.0 -9999.0 -9999.0 -9999.0 -9999.0 -9999.0 861.9 332.8 10.8 7.6 0.3 2.3 17.6 21.8 9.7 19.1 7.6 8.1 17.0 16.0 15.2 14.7 6.5 37.0 31.1 108.0 143.5 83.8 128.5 17.0 20.7 16.6 11.0 17.0 18.2 15.7 24.2 37.0 35.9 50.7 50.2 56.7 74.8 80.9 50.5 47.5 50.9 59.7 58.9 66.5 72.9 80.5 83.8 80.7 92.1 99.6 94.2 91.1
-9999.0 -9999.0 -9999.0 -9999.0 -9999.0 -9999.0 -9999.0 -9999.0 -9999.0 -9999.0 -9999.0 -9999.0 -9999.0 -9999.0 -9999.0 -9999.0 -9999.0 -9999.0 -9999.0 -9999.0 -9999.0 -9999.0 -9999.0 -9999.0 -9999.0 -9999.0 -9999.0 1159.9 1035.2 309.0 215.8 179.9 27.0 185.6 66.2 301.4 76.2 70.6 85.7 42.0 29.9 18.5 69.8 144.1 144.1 155.2 160.2 145.2 126.7 49.1 72.4 62.1 21.4 26.7 34.8 48.1 39.5 32.0 48.2 35.7 40.8 60.1 47.5 42.6 47.2 40.2 46.3 58.7 62.5 64.4 69.4 71.3 74.4 84.3 92.5 95.7 100.5
-9999.0 -9999.0 -9999.0 -9999.0 -9999.0 -9999.0 -9999.0 -9999.0 -9999.0 -9999.0 -9999.0 -9999.0 -9999.0 -9999.0 -9999.0 -9999.0 -9999.0 -9999.0 -9999.0 -9999.0 -9999.0 -9999.0 -9999.0 -9999.0 -9999.0 -9999.0 -9999.0 -9999.0 -9999.0 -9999.0 -9999.0 -9999.0 -9999.0 588.2 226.5 -9999.0 -9999.0 -9999.0 244.2 102.0 106.9 122.4 79.4 190.0 202.4 179.3 -9999.0 -9999.0 -9999.0 -9999.0 -9999.0 -9999.0 52.7 51.3 52.0 48.9 47.3 28.3 27.5 26.4 36.3 46.1 36.2 32.6 35.5 41.1 46.5 51.5 55.0 58.0 61.6 59.4 63.6 68.1 80.3 82.4 85.4
-9999.0 -9999.0 -9999.0 -9999.0 -9999.0 -9999.0 -9999.0 -9999.0 -9999.0 -9999.0 -9999.0 -9999.0 -9999.0 -9999.0 -9999.0 -9999.0 -9999.0 -9999.0 -9999.0 -9999.0 -9999.0 -9999.0 -9999.0 -9999.0 -9999.0 -9999.0 -9999.0 -9999.0 -9999.0 -9999.0 -9999.0 -9999.0 -9999.0 -9999.0 -9999.0 -9999.0 -9999.0 -9999.0 -9999.0 497.1 403.8 340.9 291.4 248.3 -9999.0 -9999.0 -9999.0 -9999.0 -9999.0 -9999.0 -9999.0 -9999.0 72.8 78.0 78.9 61.5 44.1 30.0 24.6 28.1 33.4 34.6 33.8 29.2 42.9 54.7 61.0 56.8 58.7 60.4 58.0 54.7 52.5 56.9 57.2 63.5 62.3
-9999.0 -9999.0 -9999.0 -9999.0 -9999.0 -9999.0 -9999.0 -9999.0 -9999.0 -9999.0 -9999.0 -9999.0 -9999.0 -9999.0 -9999.0 -9999.0 -9999.0 -9999.0 -9999.0 -9999.0 -9999.0 -9999.0 -9999.0 -9999.0 -9999.0 -9999.0 -9999.0 -9999.0 -9999.0 -9999.0 -9999.0 -9999.0 -9999.0 -9999.0 -9999.0 -9999.0 -9999.0 -9999.0 -9999.0 -9999.0 -9999.0 -9999.0 -9999.0 -9999.0 -9999.0 -9999.0 -9999.0 -9999.0 -9999.0 -9999.0 -9999.0 -9999.0 95.0 101.8 95.1 94.4 55.6 37.1 31.0 33.5 33.0 30.0 59.0 31.1 44.4 56.1 57.3 60.0 66.1 70.9 69.3 60.6 63.8 52.7 52.9 50.8 53.6
-9999.0 -9999.0 -9999.0 -9999.0 -9999.0 -9999.0 -9999.0 -9999.0 -9999.0 -9999.0 -9999.0 -9999.0 -9999.0 -9999.0 -9999.0 -9999.0 -9999.0 -9999.0 -9999.0 -9999.0 -9999.0 -9999.0 -9999.0 -9999.0 -9999.0 -9999.0 -9999.0 -9999.0 -9999.0 -9999.0 -9999.0 -9999.0 -9999.0 -9999.0 -9999.0 -9999.0 -9999.0 -9999.0 -9999.0 -9999.0 -9999.0 -9999.0 -9999.0 -9999.0 -9999.0 -9999.0 -9999.0 -9999.0 -9999.0 -9999.0 -9999.0 96.2 99.5 113.7 82.5 79.9 59.1 54.5 41.2 32.6 42.1 35.5 28.9 34.7 46.8 57.3 52.3 43.2 64.7 70.3 72.5 64.7 50.9 48.6 49.3 45.9 50.5
-9999.0 -9999.0 -9999.0 -9999.0 -9999.0 -9999.0 -9999.0 -9999.0 -9999.0 -9999.0 -9999.0 -9999.0 -9999.0 -9999.0 -9999.0 -9999.0 -9999.0 -9999.0 -9999.0 -9999.0 -9999.0 -9999.0 -9999.0 -9999.0 -9999.0 -9999.0 -9999.0 -9999.0 -9999.0 -9999.0 -9999.0 -9999.0 -9999.0 -9999.0 -9999.0 -9999.0 -9999.0 -9999.0 -9999.0 -9999.0 -9999.0 -9999.0 -9999.0 -9999.0 -9999.0 -9999.0 -9999.0 -9999.0 -9999.0 -9999.0 102.5 100.9 108.8 113.4 89.2 82.2 55.8 43.0 48.6 55.1 42.6 43.9 34.2 41.1 50.8 53.5 52.3 44.7 60.5 51.3 58.1 41.0 40.9 51.8 52.3 49.9 35.9
-9999.0 -9999.0 -9999.0 -9999.0 -9999.0 -9999.0 -9999.0 -9999.0 -9999.0 -9999.0 -9999.0 -9999.0 -9999.0 -9999.0 -9999.0 -9999.0 -9999.0 -9999.0 -9999.0 -9999.0 -9999.0 -9999.0 -9999.0 -9999.0 -9999.0 -9999.0 -9999.0 -9999.0 -9999.0 -9999.0 -9999.0 -9999.0 -9999.0 -9999.0 -9999.0 -9999.0 -9999.0 -9999.0 -9999.0 -9999.0 -9999.0 -9999.0 -9999.0 -9999.0 -9999.0 -9999.0 -9999.0 -9999.0 -9999.0 -9999.0 101.8 116.3 102.7 110.3 101.7 78.4 57.4 67.6 70.6 60.0 45.8 41.7 35.6 43.0 51.4 43.7 44.4 39.9 48.9 43.7 46.7 42.0 38.3 38.0 33.8 27.4 30.6
-9999.0 -9999.0 -9999.0 -9999.0 -9999.0 -9999.0 -9999.0 -9999.0 -9999.0 -9999.0 -9999.0 -9999.0 -9999.0 -9999.0 -9999.0 -9999.0 -9999.0 -9999.0 -9999.0 -9999.0 -9999.0 -9999.0 -9999.0 -9999.0 -9999.0 -9999.0 -9999.0 -9999.0 -9999.0 -9999.0 -9999.0 -9999.0 -9999.0 -9999.0 -9999.0 -9999.0 -9999.0 -9999.0 -9999.0 -9999.0 -9999.0 -9999.0 -9999.0 -9999.0 -9999.0 -9999.0 -9999.0 -9999.0 -9999.0 -9999.0 107.4 106.1 106.6 127.2 101.0 76.9 86.4 68.4 82.8 54.0 56.3 51.6 42.1 38.1 47.5 47.5 46.4 48.0 50.7 71.5 59.4 73.6 34.5 38.4 22.4 20.8 28.6
-9999.0 -9999.0 -9999.0 -9999.0 -9999.0 -9999.0 -9999.0 -9999.0 -9999.0 -9999.0 -9999.0 -9999.0 -9999.0 -9999.0 -9999.0 -9999.0 -9999.0 -9999.0 -9999.0 -9999.0 -9999.0 -9999.0 -9999.0 -9999.0 -9999.0 -9999.0 -9999.0 -9999.0 -9999.0 -9999.0 -9999.0 -9999.0 -9999.0 -9999.0 -9999.0 -9999.0 -9999.0 -9999.0 -9999.0 -9999.0 -9999.0 -9999.0 -9999.0 -9999.0 -9999.0 -9999.0 -9999.0 -9999.0 -9999.0 -9999.0 120.4 128.8 122.6 123.2 107.5 93.3 64.9 73.9 82.0 58.4 66.9 50.1 27.2 37.1 46.9 52.2 62.4 70.6 85.4 52.9 69.7 57.7 45.0 36.2 19.1 22.7 26.7
-9999.0 -9999.0 -9999.0 -9999.0 -9999.0 -9999.0 -9999.0 -9999.0 -9999.0 -9999.0 -9999.0 -9999.0 -9999.0 -9999.0 -9999.0 -9999.0 -9999.0 -9999.0 -9999.0 -9999.0 -9999.0 -9999.0 -9999.0 -9999.0 -9999.0 -9999.0 -9999.0 -9999.0 -9999.0 -9999.0 -9999.0 -9999.0 -9999.0 -9999.0 -9999.0 -9999.0 -9999.0 -9999.0 -9999.0 -9999.0 -9999.0 -9999.0 -9999.0 -9999.0 -9999.0 -9999.0 -9999.0 -9999.0 -9999.0 -9999.0 -9999.0 -9999.0 -9999.0 112.3 100.8 87.2 80.8 90.0 70.2 68.3 127.6 41.7 67.5 48.8 51.8 59.1 76.6 80.7 92.6 85.8 69.0 55.0 43.1 29.0 19.9 20.5 28.3
-9999.0 -9999.0 -9999.0 -9999.0 -9999.0 -9999.0 -9999.0 -9999.0 -9999.0 -9999.0 -9999.0 -9999.0 -9999.0 -9999.0 -9999.0 -9999.0 -9999.0 -9999.0 -9999.0 -9999.0 -9999.0 -9999.0 -9999.0 -9999.0 -9999.0 -9999.0 -9999.0 -9999.0 -9999.0 -9999.0 -9999.0 -9999.0 -9999.0 -9999.0 -9999.0 -9999.0 -9999.0 -9999.0 -9999.0 -9999.0 -9999.0 -9999.0 -9999.0 -9999.0 -9999.0 -9999.0 -9999.0 -9999.0 -9999.0 -9999.0 -9999.0 -9999.0 -9999.0 107.2 95.2 112.6 94.5 89.1 95.9 133.3 84.0 62.0 96.0 79.4 80.4 82.9 84.5 103.5 82.6 72.3 55.2 48.8 45.2 30.3 18.8 31.8 37.1
-9999.0 -9999.0 -9999.0 -9999.0 -9999.0 -9999.0 -9999.0 -9999.0 -9999.0 -9999.0 -9999.0 -9999.0 -9999.0 -9999.0 -9999.0 -9999.0 -9999.0 -9999.0 -9999.0 -9999.0 -9999.0 -9999.0 -9999.0 -9999.0 -9999.0 -9999.0 -9999.0 -9999.0 -9999.0 -9999.0 -9999.0 -9999.0 -9999.0 -9999.0 -9999.0 -9999.0 -9999.0 -9999.0 -9999.0 -9999.0 -9999.0 -9999.0 -9999.0 -9999.0 -9999.0 -9999.0 -9999.0 -9999.0 -9999.0 -9999.0 -9999.0 -9999.0 -9999.0 107.6 88.4 108.7 112.2 104.3 101.9 89.3 109.9 101.1 129.3 124.0 111.8 -9999.0 -9999.0 -9999.0 97.2 67.4 56.0 52.6 43.5 29.0 25.9 48.7 54.3
-9999.0 -9999.0 -9999.0 -9999.0 -9999.0 -9999.0 -9999.0 -9999.0 -9999.0 -9999.0 -9999.0 -9999.0 -9999.0 -9999.0 -9999.0 -9999.0 -9999.0 -9999.0 -9999.0 -9999.0 -9999.0 -9999.0 -9999.0 -9999.0 -9999.0 -9999.0 -9999.0 -9999.0 -9999.0 -9999.0 -9999.0 -9999.0 -9999.0 -9999.0 -9999.0 -9999.0 -9999.0 -9999.0 -9999.0 -9999.0 -9999.0 -9999.0 -9999.0 -9999.0 -9999.0 -9999.0 -9999.0 -9999.0 -9999.0 -9999.0 -9999.0 -9999.0 -9999.0 -9999.0 108.7 111.6 99.3 86.4 100.9 117.4 63.5 -9999.0 -9999.0 -9999.0 -9999.0 -9999.0 -9999.0 -9999.0 86.1 80.2 83.5 50.8 36.4 31.7 36.9 56.1 78.4
-9999.0 -9999.0 -9999.0 -9999.0 -9999.0 -9999.0 -9999.0 -9999.0 -9999.0 -9999.0 -9999.0 -9999.0 -9999.0 -9999.0 -9999.0 -9999.0 -9999.0 -9999.0 -9999.0 -9999.0 -9999.0 -9999.0 -9999.0 -9999.0 -9999.0 -9999.0 -9999.0 -9999.0 -9999.0 -9999.0 -9999.0 -9999.0 -9999.0 -9999.0 -9999.0 -9999.0 -9999.0 -9999.0 -9999.0 -9999.0 -9999.0 -9999.0 -9999.0 -9999.0 -9999.0 -9999.0 -9999.0 -9999.0 -9999.0 -9999.0 -9999.0 -9999.0 -9999.0 -9999.0 -9999.0 106.4 139.8 95.8 66.4 75.7 69.0 -9999.0 -9999.0 -9999.0 -9999.0 -9999.0 -9999.0 -9999.0 -9999.0 -9999.0 69.6 -9999.0 -9999.0 -9999.0 -9999.0 -9999.0 135.6
-9999.0 -9999.0 -9999.0 -9999.0 -9999.0 -9999.0 -9999.0 -9999.0 -9999.0 -9999.0 -9999.0 -9999.0 -9999.0 -9999.0 -9999.0 -9999.0 -9999.0 -9999.0 -9999.0 -9999.0 -9999.0 -9999.0 -9999.0 -9999.0 -9999.0 -9999.0 -9999.0 -9999.0 -9999.0 -9999.0 -9999.0 -9999.0 -9999.0 -9999.0 -9999.0 -9999.0 -9999.0 -9999.0 -9999.0 -9999.0 -9999.0 -9999.0 -9999.0 -9999.0 -9999.0 -9999.0 -9999.0 -9999.0 -9999.0 -9999.0 -9999.0 -9999.0 -9999.0 -9999.0 -9999.0 -9999.0 -9999.0 -9999.0 76.6 53.9 -9999.0 -9999.0 -9999.0 -9999.0 -9999.0 -9999.0 -9999.0 -9999.0 -9999.0 -9999.0 -9999.0 -9999.0 -9999.0 -9999.0 -9999.0 150.9 186.4
-9999.0 -9999.0 -9999.0 -9999.0 -9999.0 -9999.0 -9999.0 -9999.0 -9999.0 -9999.0 -9999.0 -9999.0 -9999.0 -9999.0 -9999.0 -9999.0 -9999.0 -9999.0 -9999.0 -9999.0 -9999.0 -9999.0 -9999.0 -9999.0 -9999.0 -9999.0 -9999.0 -9999.0 -9999.0 -9999.0 -9999.0 -9999.0 -9999.0 -9999.0 -9999.0 -9999.0 -9999.0 -9999.0 -9999.0 -9999.0 -9999.0 -9999.0 -9999.0 -9999.0 -9999.0 -9999.0 -9999.0 -9999.0 -9999.0 -9999.0 -9999.0 -9999.0 -9999.0 -9999.0 -9999.0 -9999.0 -9999.0 -9999.0 -9999.0 -9999.0 -9999.0 -9999.0 -9999.0 -9999.0 -9999.0 -9999.0 -9999.0 -9999.0 -9999.0 -9999.0 -9999.0 -9999.0 -9999.0 -9999.0 -9999.0 -9999.0 -9999.0
