program/excelProcessViaJava/data/SURF_CLI_CHN_PRE_MON_GRID_0.5-200611.txt
NCOLS      128
NROWS       72
XLLCORNER    72.000000000000    
YLLCORNER    18.000000000000    
CELLSIZE    0.50000000000000    
NODATA_VALUE   -9999.000    
[rows 35 to 69 of 72, columns 0 to 78 of 128]
-9999.0 -9999.0 -9999.0 -9999.0 -9999.0 -9999.0 -9999.0 0.3 0.8 0.4 2.3 2.1 0.6 0.8 0.8 0.7 0.3 0.4 0.2 0.1 0.2 0.4 0.5 0.5 0.5 0.6 1.1 1.6 2.0 3.2 3.3 3.4 3.1 3.7 4.6 3.0 5.2 3.8 6.5 6.8 1.1 7.7 5.9 2.4 0.8 0.2 0.5 0.3 0.6 0.3 0.4 0.6 0.7 2.6 1.5 0.5 0.8 1.3 3.7 3.2 6.1 5.4 5.3 5.9 6.4 5.6 5.7 6.1 6.7 8.5 10.9 13.7 15.4 16.3 16.8 15.0 12.9 12.9 13.6
-9999.0 -9999.0 -9999.0 -9999.0 -9999.0 -9999.0 -9999.0 2.6 0.2 0.8 1.4 0.7 1.1 2.2 1.0 2.9 0.7 0.5 1.2 0.3 0.3 0.5 0.3 0.4 0.4 0.6 0.7 1.6 1.2 1.3 2.5 2.8 2.9 4.5 3.1 3.4 2.9 4.5 4.4 3.7 4.0 3.9 4.6 9.8 2.8 0.9 1.7 1.9 4.9 2.7 6.5 3.9 0.8 1.1 3.0 0.4 0.5 1.4 3.4 5.1 4.9 6.2 5.2 6.7 6.1 6.5 7.1 7.6 9.5 9.8 13.0 15.7 16.6 17.4 17.7 16.2 13.9 15.1 20.5
-9999.0 -9999.0 -9999.0 -9999.0 -9999.0 -9999.0 -9999.0 -9999.0 -9999.0 0.6 0.6 0.5 1.4 1.2 0.8 0.6 0.9 2.8 0.9 1.7 0.7 0.3 0.3 0.3 0.3 0.3 0.6 0.8 0.7 1.8 1.0 1.6 1.9 2.8 1.9 2.1 2.2 3.2 2.7 3.6 2.8 3.6 3.1 2.7 4.5 4.8 5.4 5.3 5.7 5.2 5.8 3.4 2.0 1.4 4.3 1.3 0.8 1.5 4.8 5.7 6.9 9.4 10.8 5.6 7.1 7.1 7.5 7.3 9.6 10.1 12.9 14.3 14.7 16.0 17.6 16.3 15.6 17.1 20.5
-9999.0 -9999.0 -9999.0 -9999.0 -9999.0 -9999.0 -9999.0 -9999.0 -9999.0 -9999.0 -9999.0 1.4 0.3 1.6 0.9 1.1 0.8 0.6 0.5 0.5 0.7 0.4 0.4 0.3 0.7 0.5 0.7 0.9 0.9 0.9 1.0 2.2 1.5 1.8 1.6 4.1 2.3 2.7 8.0 3.4 4.9 3.2 2.3 2.3 6.8 4.5 10.3 7.8 9.2 7.6 4.3 3.5 3.0 4.3 7.5 6.3 4.8 6.7 6.6 7.8 10.8 9.6 8.5 7.4 8.7 6.8 5.9 6.5 8.1 9.8 11.5 12.5 12.0 11.8 11.0 12.6 13.6 14.8 18.4
-9999.0 -9999.0 -9999.0 -9999.0 -9999.0 -9999.0 -9999.0 -9999.0 -9999.0 -9999.0 -9999.0 -9999.0 0.4 0.4 1.1 0.6 1.8 0.8 0.6 1.4 0.3 0.3 0.3 0.2 1.7 0.3 0.3 0.7 0.7 1.7 1.0 1.1 1.3 2.5 3.0 2.6 6.4 3.2 2.4 1.9 1.9 2.0 2.1 3.7 4.4 6.6 9.9 7.3 8.4 7.9 9.7 7.4 4.7 4.1 6.7 10.2 12.0 14.7 6.7 13.2 12.8 14.6 13.6 10.5 7.0 10.9 6.6 7.6 8.7 9.7 10.9 11.1 8.6 7.9 11.2 18.9 15.8 15.5 19.0
-9999.0 -9999.0 -9999.0 -9999.0 -9999.0 -9999.0 -9999.0 -9999.0 -9999.0 -9999.0 -9999.0 -9999.0 1.7 0.3 0.3 0.8 0.3 0.4 0.9 0.6 0.4 0.5 0.4 0.2 0.2 0.2 0.2 0.2 0.3 0.3 0.7 1.8 1.5 1.6 2.5 2.2 5.1 5.5 4.1 3.2 2.0 1.8 4.3 2.5 5.6 9.6 7.8 7.8 5.4 7.7 6.3 6.5 4.4 6.7 6.2 11.7 11.7 13.3 7.9 9.0 10.6 10.9 14.5 18.0 7.4 10.2 5.4 7.4 9.4 10.6 11.7 15.3 17.6 16.3 18.5 18.0 16.6 19.2 21.6
-9999.0 -9999.0 -9999.0 -9999.0 -9999.0 -9999.0 -9999.0 -9999.0 -9999.0 -9999.0 -9999.0 -9999.0 -9999.0 0.6 1.4 0.3 0.6 0.4 0.3 0.3 0.3 0.2 0.4 0.2 0.2 0.5 0.5 0.9 0.6 0.5 0.4 0.5 1.8 2.5 1.3 1.9 2.7 4.3 13.6 6.9 4.9 5.4 4.3 7.5 5.8 6.1 9.9 12.4 12.2 9.7 7.6 4.6 4.4 14.0 13.4 14.3 13.2 15.1 20.5 13.8 14.3 12.9 17.3 12.4 7.2 9.4 11.4 11.5 13.4 13.9 13.5 12.8 15.2 18.6 22.2 21.4 20.6 21.1 26.1
-9999.0 -9999.0 -9999.0 -9999.0 -9999.0 -9999.0 -9999.0 -9999.0 -9999.0 -9999.0 -9999.0 -9999.0 0.7 1.7 1.2 0.5 1.4 0.7 0.6 0.3 0.3 0.3 0.3 0.2 0.2 0.4 0.3 0.2 0.2 0.3 0.4 0.3 1.9 1.3 2.2 2.0 5.2 3.0 3.7 5.0 11.4 15.2 17.0 5.3 8.3 10.8 10.9 9.5 10.0 8.7 10.2 12.2 6.8 11.2 11.2 13.6 19.3 8.7 14.0 10.7 14.4 21.4 22.3 29.9 22.0 16.6 13.6 14.4 18.1 20.3 19.5 17.3 16.1 15.5 18.0 20.3 22.4 25.9 29.9
-9999.0 -9999.0 -9999.0 -9999.0 -9999.0 -9999.0 -9999.0 -9999.0 -9999.0 -9999.0 -9999.0 -9999.0 1.5 0.4 0.6 2.9 1.9 0.5 0.5 0.7 0.4 0.5 0.4 0.4 0.2 0.2 0.2 0.1 0.2 0.1 0.2 0.3 1.3 0.6 1.0 2.1 2.0 3.8 4.7 3.7 4.9 4.0 4.3 6.2 9.4 14.0 20.6 19.0 15.3 6.4 5.6 9.6 6.7 7.3 9.7 9.9 15.3 18.3 14.2 21.8 27.8 35.9 24.5 22.7 22.2 21.0 20.4 17.3 17.5 19.4 20.0 19.4 20.4 25.8 27.5 24.0 24.9 27.2 29.8
-9999.0 -9999.0 -9999.0 -9999.0 -9999.0 -9999.0 -9999.0 -9999.0 -9999.0 -9999.0 -9999.0 -9999.0 0.3 1.3 0.5 0.7 0.7 2.1 1.0 1.0 2.0 1.9 0.8 1.0 0.6 0.8 0.4 0.7 0.1 0.1 0.1 0.8 0.3 0.4 0.8 2.0 3.0 4.8 5.2 9.0 7.0 3.5 12.1 3.5 11.3 22.2 26.8 21.1 12.2 8.5 7.7 5.5 21.0 24.4 17.1 8.4 14.4 19.4 22.9 18.4 23.0 29.8 55.6 26.1 17.8 22.4 20.3 20.0 21.4 22.3 23.5 28.0 29.4 32.4 37.8 29.5 30.7 28.3 28.1
-9999.0 -9999.0 -9999.0 -9999.0 -9999.0 -9999.0 -9999.0 -9999.0 -9999.0 -9999.0 -9999.0 -9999.0 -9999.0 4.3 3.1 1.1 1.4 1.2 2.1 2.5 5.2 2.1 2.6 2.6 1.1 0.9 0.5 0.2 0.3 0.1 0.3 0.4 1.0 0.7 1.9 7.8 9.4 6.7 9.5 8.9 8.9 21.0 24.5 18.6 12.7 18.5 25.9 17.8 20.4 14.1 6.7 14.1 11.9 8.2 19.0 20.8 10.8 14.0 22.8 41.3 39.9 79.6 54.3 17.0 20.9 19.3 19.8 22.3 25.7 29.9 32.0 32.8 36.4 28.4 31.6 28.9 31.0 31.7 29.9
-9999.0 -9999.0 -9999.0 -9999.0 -9999.0 -9999.0 -9999.0 -9999.0 -9999.0 -9999.0 -9999.0 -9999.0 -9999.0 0.7 3.6 1.7 4.2 1.9 2.3 3.1 6.6 6.0 5.9 4.2 1.9 1.7 1.2 0.4 0.3 1.9 1.1 1.2 0.8 1.8 6.2 9.4 7.9 10.0 16.8 33.4 17.8 19.2 19.9 20.8 36.3 24.4 25.6 18.4 16.4 12.7 14.8 7.0 13.5 20.3 25.4 20.0 12.4 15.5 27.5 17.0 45.6 25.4 14.3 21.5 16.8 16.3 19.8 25.7 33.0 39.1 42.9 44.1 41.7 39.6 38.7 40.6 41.7 40.1 35.6
-9999.0 -9999.0 -9999.0 -9999.0 -9999.0 -9999.0 -9999.0 -9999.0 -9999.0 -9999.0 -9999.0 -9999.0 -9999.0 -9999.0 -9999.0 2.9 2.8 4.1 3.9 3.9 7.5 6.0 5.7 5.7 5.4 3.9 5.8 2.1 3.4 0.4 0.8 0.8 4.9 6.5 6.3 19.1 27.7 8.7 16.4 21.2 32.1 32.8 27.4 22.5 15.4 17.4 23.2 18.5 18.7 12.0 11.8 24.0 13.6 14.9 5.9 14.5 16.1 7.1 34.6 50.7 18.2 13.9 28.8 22.0 16.6 17.7 23.1 32.1 42.6 51.4 55.9 54.5 53.7 50.8 50.6 55.2 55.7 53.3 50.0
-9999.0 -9999.0 -9999.0 -9999.0 -9999.0 -9999.0 -9999.0 -9999.0 -9999.0 -9999.0 -9999.0 -9999.0 -9999.0 -9999.0 -9999.0 -9999.0 -9999.0 5.4 4.5 -9999.0 6.3 10.2 8.3 8.1 9.1 7.0 9.3 4.4 1.3 2.1 0.8 0.3 7.6 1.6 1.2 8.9 32.0 4.1 18.8 23.7 28.0 36.4 26.3 19.5 15.2 17.5 49.6 28.0 18.7 18.0 16.2 13.3 11.4 16.7 17.4 17.4 10.3 27.7 35.5 51.9 14.1 27.7 43.7 37.8 27.4 25.9 31.2 41.0 53.3 60.8 62.6 62.1 62.0 58.4 64.6 70.3 72.5 71.1 70.7
-9999.0 -9999.0 -9999.0 -9999.0 -9999.0 -9999.0 -9999.0 -9999.0 -9999.0 -9999.0 -9999.0 -9999.0 -9999.0 -9999.0 -9999.0 -9999.0 -9999.0 -9999.0 -9999.0 -9999.0 -9999.0 12.7 14.9 19.4 14.4 9.9 7.4 4.6 2.7 0.7 0.6 0.2 0.5 1.9 1.7 9.3 10.6 11.2 9.7 7.4 9.2 32.3 29.9 21.4 13.8 17.1 69.2 24.6 30.7 83.6 19.8 33.2 29.2 12.3 13.1 19.6 22.1 19.2 56.7 51.3 25.6 35.0 58.8 57.1 51.9 46.6 49.8 57.4 67.8 67.4 63.5 64.8 64.8 62.3 69.1 77.4 80.2 81.5 88.5
-9999.0 -9999.0 -9999.0 -9999.0 -9999.0 -9999.0 -9999.0 -9999.0 -9999.0 -9999.0 -9999.0 -9999.0 -9999.0 -9999.0 -9999.0 -9999.0 -9999.0 -9999.0 -9999.0 -9999.0 -9999.0 -9999.0 -9999.0 19.0 19.6 16.9 13.4 9.4 8.1 2.5 1.9 2.8 13.4 9.1 17.9 19.5 29.3 16.5 29.7 33.1 27.0 31.6 15.1 8.7 12.9 66.7 31.7 32.1 44.6 48.0 26.3 28.9 20.1 17.7 11.5 6.8 16.3 34.1 24.9 55.6 33.1 42.6 47.8 51.2 53.8 65.4 75.1 79.4 70.1 72.0 67.2 67.3 68.4 73.9 69.4 72.5 82.7 86.7 92.3
-9999.0 -9999.0 -9999.0 -9999.0 -9999.0 -9999.0 -9999.0 -9999.0 -9999.0 -9999.0 -9999.0 -9999.0 -9999.0 -9999.0 -9999.0 -9999.0 -9999.0 -9999.0 -9999.0 -9999.0 -9999.0 -9999.0 -9999.0 -9999.0 -9999.0 23.4 21.4 28.2 19.4 25.5 9.6 3.8 4.3 10.7 9.0 27.6 53.1 21.7 35.8 20.6 32.3 13.8 7.0 8.1 35.3 66.8 55.7 105.2 27.0 40.6 33.1 28.6 30.4 24.8 13.5 9.8 15.9 19.6 42.3 52.7 53.5 47.7 84.3 44.4 48.8 65.6 77.7 69.0 67.6 68.6 70.3 70.0 70.1 82.3 85.1 74.9 78.6 85.5 84.5
-9999.0 -9999.0 -9999.0 -9999.0 -9999.0 -9999.0 -9999.0 -9999.0 -9999.0 -9999.0 -9999.0 -9999.0 -9999.0 -9999.0 -9999.0 -9999.0 -9999.0 -9999.0 -9999.0 -9999.0 -9999.0 -9999.0 -9999.0 -9999.0 -9999.0 -9999.0 -9999.0 21.0 16.2 11.3 7.4 5.5 22.6 3.9 16.2 1.4 12.2 11.5 3.9 10.5 15.9 4.4 8.4 27.1 40.7 62.0 85.0 100.0 110.2 62.1 94.4 86.9 28.7 23.6 15.8 14.7 11.6 15.5 34.5 32.5 18.6 40.6 25.3 27.5 32.4 42.2 61.6 70.2 68.8 68.7 68.4 68.9 71.3 83.2 82.0 79.8 86.0 80.3 75.4
-9999.0 -9999.0 -9999.0 -9999.0 -9999.0 -9999.0 -9999.0 -9999.0 -9999.0 -9999.0 -9999.0 -9999.0 -9999.0 -9999.0 -9999.0 -9999.0 -9999.0 -9999.0 -9999.0 -9999.0 -9999.0 -9999.0 -9999.0 -9999.0 -9999.0 -9999.0 -9999.0 -9999.0 -9999.0 -9999.0 -9999.0 -9999.0 -9999.0 4.2 12.1 -9999.0 -9999.0 -9999.0 3.2 5.2 4.1 6.6 7.1 29.2 46.4 58.0 -9999.0 -9999.0 -9999.0 -9999.0 -9999.0 -9999.0 39.4 24.0 17.4 11.1 9.6 10.5 14.8 12.6 15.3 26.2 16.3 16.4 18.7 27.2 39.1 45.5 46.7 52.2 55.1 56.9 64.0 68.8 80.2 77.3 76.9 70.4 69.4
-9999.0 -9999.0 -9999.0 -9999.0 -9999.0 -9999.0 -9999.0 -9999.0 -9999.0 -9999.0 -9999.0 -9999.0 -9999.0 -9999.0 -9999.0 -9999.0 -9999.0 -9999.0 -9999.0 -9999.0 -9999.0 -9999.0 -9999.0 -9999.0 -9999.0 -9999.0 -9999.0 -9999.0 -9999.0 -9999.0 -9999.0 -9999.0 -9999.0 -9999.0 -9999.0 -9999.0 -9999.0 -9999.0 -9999.0 10.6 13.1 17.5 23.3 30.2 -9999.0 -9999.0 -9999.0 -9999.0 -9999.0 -9999.0 -9999.0 -9999.0 29.9 25.0 13.7 8.0 5.8 5.4 5.2 5.1 6.2 13.1 16.0 10.9 12.5 17.1 23.2 24.7 25.2 27.0 33.2 41.7 47.6 55.2 57.4 63.3 64.6 66.8 70.9
-9999.0 -9999.0 -9999.0 -9999.0 -9999.0 -9999.0 -9999.0 -9999.0 -9999.0 -9999.0 -9999.0 -9999.0 -9999.0 -9999.0 -9999.0 -9999.0 -9999.0 -9999.0 -9999.0 -9999.0 -9999.0 -9999.0 -9999.0 -9999.0 -9999.0 -9999.0 -9999.0 -9999.0 -9999.0 -9999.0 -9999.0 -9999.0 -9999.0 -9999.0 -9999.0 -9999.0 -9999.0 -9999.0 -9999.0 -9999.0 -9999.0 -9999.0 -9999.0 -9999.0 -9999.0 -9999.0 -9999.0 -9999.0 -9999.0 -9999.0 -9999.0 -9999.0 29.5 24.9 11.8 11.4 4.2 3.4 3.5 4.8 5.8 10.0 35.3 12.8 13.2 16.0 17.6 15.3 15.6 19.1 26.2 35.2 45.3 47.0 50.5 56.8 64.9 77.6 93.8
-9999.0 -9999.0 -9999.0 -9999.0 -9999.0 -9999.0 -9999.0 -9999.0 -9999.0 -9999.0 -9999.0 -9999.0 -9999.0 -9999.0 -9999.0 -9999.0 -9999.0 -9999.0 -9999.0 -9999.0 -9999.0 -9999.0 -9999.0 -9999.0 -9999.0 -9999.0 -9999.0 -9999.0 -9999.0 -9999.0 -9999.0 -9999.0 -9999.0 -9999.0 -9999.0 -9999.0 -9999.0 -9999.0 -9999.0 -9999.0 -9999.0 -9999.0 -9999.0 -9999.0 -9999.0 -9999.0 -9999.0 -9999.0 -9999.0 -9999.0 -9999.0 18.6 15.1 20.8 5.5 6.3 4.6 5.7 4.8 5.9 13.5 17.6 18.8 20.1 20.4 22.4 23.1 25.9 22.3 26.6 33.1 40.6 46.4 50.5 55.5 69.2 82.4 114.3 114.5
-9999.0 -9999.0 -9999.0 -9999.0 -9999.0 -9999.0 -9999.0 -9999.0 -9999.0 -9999.0 -9999.0 -9999.0 -9999.0 -9999.0 -9999.0 -9999.0 -9999.0 -9999.0 -9999.0 -9999.0 -9999.0 -9999.0 -9999.0 -9999.0 -9999.0 -9999.0 -9999.0 -9999.0 -9999.0 -9999.0 -9999.0 -9999.0 -9999.0 -9999.0 -9999.0 -9999.0 -9999.0 -9999.0 -9999.0 -9999.0 -9999.0 -9999.0 -9999.0 -9999.0 -9999.0 -9999.0 -9999.0 -9999.0 -9999.0 -9999.0 18.3 17.5 18.7 19.6 10.1 10.6 7.4 7.4 8.6 12.3 14.2 21.9 25.7 27.6 28.1 29.2 32.3 33.7 38.2 39.1 45.9 51.0 61.7 71.3 76.1 86.1 130.8 116.3 150.1
-9999.0 -9999.0 -9999.0 -9999.0 -9999.0 -9999.0 -9999.0 -9999.0 -9999.0 -9999.0 -9999.0 -9999.0 -9999.0 -9999.0 -9999.0 -9999.0 -9999.0 -9999.0 -9999.0 -9999.0 -9999.0 -9999.0 -9999.0 -9999.0 -9999.0 -9999.0 -9999.0 -9999.0 -9999.0 -9999.0 -9999.0 -9999.0 -9999.0 -9999.0 -9999.0 -9999.0 -9999.0 -9999.0 -9999.0 -9999.0 -9999.0 -9999.0 -9999.0 -9999.0 -9999.0 -9999.0 -9999.0 -9999.0 -9999.0 -9999.0 14.9 27.3 14.4 23.1 23.0 18.1 15.2 18.6 18.0 15.3 14.0 18.5 22.4 24.4 23.3 21.5 29.6 32.6 43.5 42.7 52.7 65.3 80.1 90.0 93.4 105.9 124.5 154.8 153.8
-9999.0 -9999.0 -9999.0 -9999.0 -9999.0 -9999.0 -9999.0 -9999.0 -9999.0 -9999.0 -9999.0 -9999.0 -9999.0 -9999.0 -9999.0 -9999.0 -9999.0 -9999.0 -9999.0 -9999.0 -9999.0 -9999.0 -9999.0 -9999.0 -9999.0 -9999.0 -9999.0 -9999.0 -9999.0 -9999.0 -9999.0 -9999.0 -9999.0 -9999.0 -9999.0 -9999.0 -9999.0 -9999.0 -9999.0 -9999.0 -9999.0 -9999.0 -9999.0 -9999.0 -9999.0 -9999.0 -9999.0 -9999.0 -9999.0 -9999.0 13.8 20.0 17.0 39.5 27.0 26.0 34.9 30.4 27.7 16.6 13.0 13.8 14.7 11.4 12.3 13.3 19.6 27.2 33.4 55.4 52.7 82.4 80.2 94.7 93.3 104.7 113.9 147.4 151.3
-9999.0 -9999.0 -9999.0 -9999.0 -9999.0 -9999.0 -9999.0 -9999.0 -9999.0 -9999.0 -9999.0 -9999.0 -9999.0 -9999.0 -9999.0 -9999.0 -9999.0 -9999.0 -9999.0 -9999.0 -9999.0 -9999.0 -9999.0 -9999.0 -9999.0 -9999.0 -9999.0 -9999.0 -9999.0 -9999.0 -9999.0 -9999.0 -9999.0 -9999.0 -9999.0 -9999.0 -9999.0 -9999.0 -9999.0 -9999.0 -9999.0 -9999.0 -9999.0 -9999.0 -9999.0 -9999.0 -9999.0 -9999.0 -9999.0 -9999.0 23.2 32.4 27.4 32.0 32.2 40.8 32.9 42.2 35.9 19.5 13.7 9.9 6.0 8.1 9.6 11.6 20.0 30.6 49.4 29.1 53.8 65.8 78.2 87.3 87.6 102.8 114.7 145.3 149.1
-9999.0 -9999.0 -9999.0 -9999.0 -9999.0 -9999.0 -9999.0 -9999.0 -9999.0 -9999.0 -9999.0 -9999.0 -9999.0 -9999.0 -9999.0 -9999.0 -9999.0 -9999.0 -9999.0 -9999.0 -9999.0 -9999.0 -9999.0 -9999.0 -9999.0 -9999.0 -9999.0 -9999.0 -9999.0 -9999.0 -9999.0 -9999.0 -9999.0 -9999.0 -9999.0 -9999.0 -9999.0 -9999.0 -9999.0 -9999.0 -9999.0 -9999.0 -9999.0 -9999.0 -9999.0 -9999.0 -9999.0 -9999.0 -9999.0 -9999.0 -9999.0 -9999.0 -9999.0 14.0 12.6 20.7 38.3 50.2 36.2 24.1 33.0 13.1 22.8 17.1 15.6 16.6 26.5 29.2 47.0 56.6 60.5 62.8 66.1 70.5 76.9 88.1 101.7 119.4 134.1
-9999.0 -9999.0 -9999.0 -9999.0 -9999.0 -9999.0 -9999.0 -9999.0 -9999.0 -9999.0 -9999.0 -9999.0 -9999.0 -9999.0 -9999.0 -9999.0 -9999.0 -9999.0 -9999.0 -9999.0 -9999.0 -9999.0 -9999.0 -9999.0 -9999.0 -9999.0 -9999.0 -9999.0 -9999.0 -9999.0 -9999.0 -9999.0 -9999.0 -9999.0 -9999.0 -9999.0 -9999.0 -9999.0 -9999.0 -9999.0 -9999.0 -9999.0 -9999.0 -9999.0 -9999.0 -9999.0 -9999.0 -9999.0 -9999.0 -9999.0 -9999.0 -9999.0 -9999.0 7.3 5.8 39.3 34.3 40.2 42.6 47.3 29.5 27.0 46.7 37.7 34.2 30.5 24.9 44.3 38.6 50.6 57.7 58.9 57.7 54.9 56.6 62.5 66.1 77.1 81.8
-9999.0 -9999.0 -9999.0 -9999.0 -9999.0 -9999.0 -9999.0 -9999.0 -9999.0 -9999.0 -9999.0 -9999.0 -9999.0 -9999.0 -9999.0 -9999.0 -9999.0 -9999.0 -9999.0 -9999.0 -9999.0 -9999.0 -9999.0 -9999.0 -9999.0 -9999.0 -9999.0 -9999.0 -9999.0 -9999.0 -9999.0 -9999.0 -9999.0 -9999.0 -9999.0 -9999.0 -9999.0 -9999.0 -9999.0 -9999.0 -9999.0 -9999.0 -9999.0 -9999.0 -9999.0 -9999.0 -9999.0 -9999.0 -9999.0 -9999.0 -9999.0 -9999.0 -9999.0 5.3 2.0 24.0 39.2 41.5 43.0 36.1 47.3 51.8 73.6 73.5 46.4 -9999.0 -9999.0 -9999.0 49.0 46.9 60.8 67.3 53.3 39.4 41.8 50.4 51.9 59.8 67.8
-9999.0 -9999.0 -9999.0 -9999.0 -9999.0 -9999.0 -9999.0 -9999.0 -9999.0 -9999.0 -9999.0 -9999.0 -9999.0 -9999.0 -9999.0 -9999.0 -9999.0 -9999.0 -9999.0 -9999.0 -9999.0 -9999.0 -9999.0 -9999.0 -9999.0 -9999.0 -9999.0 -9999.0 -9999.0 -9999.0 -9999.0 -9999.0 -9999.0 -9999.0 -9999.0 -9999.0 -9999.0 -9999.0 -9999.0 -9999.0 -9999.0 -9999.0 -9999.0 -9999.0 -9999.0 -9999.0 -9999.0 -9999.0 -9999.0 -9999.0 -9999.0 -9999.0 -9999.0 -9999.0 9.3 20.7 22.4 23.7 42.8 54.6 26.7 -9999.0 -9999.0 -9999.0 -9999.0 -9999.0 -9999.0 -9999.0 44.8 61.3 89.7 82.2 61.6 46.1 48.3 56.7 65.4 67.1 54.6
-9999.0 -9999.0 -9999.0 -9999.0 -9999.0 -9999.0 -9999.0 -9999.0 -9999.0 -9999.0 -9999.0 -9999.0 -9999.0 -9999.0 -9999.0 -9999.0 -9999.0 -9999.0 -9999.0 -9999.0 -9999.0 -9999.0 -9999.0 -9999.0 -9999.0 -9999.0 -9999.0 -9999.0 -9999.0 -9999.0 -9999.0 -9999.0 -9999.0 -9999.0 -9999.0 -9999.0 -9999.0 -9999.0 -9999.0 -9999.0 -9999.0 -9999.0 -9999.0 -9999.0 -9999.0 -9999.0 -9999.0 -9999.0 -9999.0 -9999.0 -9999.0 -9999.0 -9999.0 -9999.0 -9999.0 13.3 48.6 29.6 19.6 31.0 29.4 -9999.0 -9999.0 -9999.0 -9999.0 -9999.0 -9999.0 -9999.0 -9999.0 -9999.0 91.8 -9999.0 -9999.0 -9999.0 -9999.0 -9999.0 95.4 -9999.0 -9999.0
-9999.0 -9999.0 -9999.0 -9999.0 -9999.0 -9999.0 -9999.0 -9999.0 -9999.0 -9999.0 -9999.0 -9999.0 -9999.0 -9999.0 -9999.0 -9999.0 -9999.0 -9999.0 -9999.0 -9999.0 -9999.0 -9999.0 -9999.0 -9999.0 -9999.0 -9999.0 -9999.0 -9999.0 -9999.0 -9999.0 -9999.0 -9999.0 -9999.0 -9999.0 -9999.0 -9999.0 -9999.0 -9999.0 -9999.0 -9999.0 -9999.0 -9999.0 -9999.0 -9999.0 -9999.0 -9999.0 -9999.0 -9999.0 -9999.0 -9999.0 -9999.0 -9999.0 -9999.0 -9999.0 -9999.0 -9999.0 -9999.0 -9999.0 20.5 12.6 -9999.0 -9999.0 -9999.0 -9999.0 -9999.0 -9999.0 -9999.0 -9999.0 -9999.0 -9999.0 -9999.0 -9999.0 -9999.0 -9999.0 -9999.0 119.4 117.9 -9999.0 -9999.0
-9999.0 -9999.0 -9999.0 -9999.0 -9999.0 -9999.0 -9999.0 -9999.0 -9999.0 -9999.0 -9999.0 -9999.0 -9999.0 -9999.0 -9999.0 -9999.0 -9999.0 -9999.0 -9999.0 -9999.0 -9999.0 -9999.0 -9999.0 -9999.0 -9999.0 -9999.0 -9999.0 -9999.0 -9999.0 -9999.0 -9999.0 -9999.0 -9999.0 -9999.0 -9999.0 -9999.0 -9999.0 -9999.0 -9999.0 -9999.0 -9999.0 -9999.0 -9999.0 -9999.0 -9999.0 -9999.0 -9999.0 -9999.0 -9999.0 -9999.0 -9999.0 -9999.0 -9999.0 -9999.0 -9999.0 -9999.0 -9999.0 -9999.0 -9999.0 -9999.0 -9999.0 -9999.0 -9999.0 -9999.0 -9999.0 -9999.0 -9999.0 -9999.0 -9999.0 -9999.0 -9999.0 -9999.0 -9999.0 -9999.0 -9999.0 -9999.0 -9999.0 -9999.0 -9999.0
-9999.0 -9999.0 -9999.0 -9999.0 -9999.0 -9999.0 -9999.0 -9999.0 -9999.0 -9999.0 -9999.0 -9999.0 -9999.0 -9999.0 -9999.0 -9999.0 -9999.0 -9999.0 -9999.0 -9999.0 -9999.0 -9999.0 -9999.0 -9999.0 -9999.0 -9999.0 -9999.0 -9999.0 -9999.0 -9999.0 -9999.0 -9999.0 -9999.0 -9999.0 -9999.0 -9999.0 -9999.0 -9999.0 -9999.0 -9999.0 -9999.0 -9999.0 -9999.0 -9999.0 -9999.0 -9999.0 -9999.0 -9999.0 -9999.0 -9999.0 -9999.0 -9999.0 -9999.0 -9999.0 -9999.0 -9999.0 -9999.0 -9999.0 -9999.0 -9999.0 -9999.0 -9999.0 -9999.0 -9999.0 -9999.0 -9999.0 -9999.0 -9999.0 -9999.0 -9999.0 -9999.0 -9999.0 -9999.0 -9999.0 -9999.0 122.4 123.6 130.3 -9999.0
-9999.0 -9999.0 -9999.0 -9999.0 -9999.0 -9999.0 -9999.0 -9999.0 -9999.0 -9999.0 -9999.0 -9999.0 -9999.0 -9999.0 -9999.0 -9999.0 -9999.0 -9999.0 -9999.0 -9999.0 -9999.0 -9999.0 -9999.0 -9999.0 -9999.0 -9999.0 -9999.0 -9999.0 -9999.0 -9999.0 -9999.0 -9999.0 -9999.0 -9999.0 -9999.0 -9999.0 -9999.0 -9999.0 -9999.0 -9999.0 -9999.0 -9999.0 -9999.0 -9999.0 -9999.0 -9999.0 -9999.0 -9999.0 -9999.0 -9999.0 -9999.0 -9999.0 -9999.0 -9999.0 -9999.0 -9999.0 -9999.0 -9999.0 -9999.0 -9999.0 -9999.0 -9999.0 -9999.0 -9999.0 -9999.0 -9999.0 -9999.0 -9999.0 -9999.0 -9999.0 -9999.0 -9999.0 -9999.0 54.6 92.7 108.6 137.9 -9999.0 -9999.0
