program/excelProcessViaJava/data/SURF_CLI_CHN_PRE_MON_GRID_0.5-201305.txt
NCOLS      128
NROWS       72
XLLCORNER    72.000000000000    
YLLCORNER    18.000000000000    
CELLSIZE    0.50000000000000    
NODATA_VALUE   -9999.000    
[rows 34 to 67 of 72, columns 0 to 75 of 128]
-9999.0 -9999.0 -9999.0 -9999.0 0.1 0.8 0.4 9.2 1.0 4.2 48.4 18.8 40.0 39.9 50.4 39.6 33.9 26.3 25.7 28.6 31.3 29.6 26.5 20.6 9.9 5.9 14.1 17.3 23.2 29.2 36.0 39.3 47.3 50.4 50.3 49.1 44.6 40.4 33.6 23.9 23.9 11.0 7.8 5.0 4.2 4.4 6.3 10.7 17.7 27.5 33.5 37.2 53.2 41.3 31.3 30.6 35.3 53.4 74.3 65.1 73.3 41.0 28.5 26.1 21.6 21.4 33.9 39.0 44.8 48.8 48.6 51.4 47.2 38.6 33.7 34.2
-9999.0 -9999.0 -9999.0 -9999.0 -9999.0 -9999.0 -9999.0 3.3 2.5 11.7 1.8 3.6 21.9 17.5 17.7 34.3 29.1 29.2 29.4 27.8 16.4 8.0 6.7 8.2 10.1 12.5 13.8 17.5 22.7 26.5 34.2 41.5 48.0 50.4 50.1 50.9 46.4 43.0 39.9 37.7 27.9 36.4 33.4 23.5 13.8 8.4 12.7 16.0 25.7 27.6 29.6 33.4 40.9 55.3 53.6 36.8 37.4 47.6 77.4 77.3 79.5 47.4 38.6 44.7 51.8 44.2 53.0 61.5 64.7 69.2 67.8 70.6 71.8 66.2 59.3 61.0
-9999.0 -9999.0 -9999.0 -9999.0 -9999.0 -9999.0 -9999.0 0.0 6.1 1.9 1.6 7.7 5.8 1.8 7.5 0.7 8.1 8.6 2.4 7.9 8.2 4.5 6.6 7.2 9.5 11.6 15.5 16.5 26.0 33.9 36.9 43.8 50.0 50.3 54.8 53.0 50.1 45.4 41.7 38.5 37.8 38.0 39.1 44.7 30.4 20.5 25.2 29.9 44.9 45.2 57.4 54.4 46.7 53.5 63.6 60.5 63.9 75.1 85.1 84.8 80.5 72.5 64.8 81.4 81.9 77.4 77.5 81.5 95.6 77.4 76.2 76.5 80.7 85.9 75.0 89.8
-9999.0 -9999.0 -9999.0 -9999.0 -9999.0 -9999.0 -9999.0 -9999.0 -9999.0 1.0 2.5 5.6 1.4 2.2 4.7 6.5 3.0 0.2 1.9 0.5 2.1 4.6 5.6 6.6 8.6 12.0 14.4 19.2 28.0 29.7 44.7 49.3 54.7 55.8 60.2 57.8 53.6 47.9 42.9 39.9 38.3 41.2 42.5 40.7 43.3 42.3 43.4 45.7 51.7 56.1 60.7 55.9 54.3 61.4 76.1 85.4 88.4 93.2 93.7 86.0 80.3 80.5 86.9 105.2 113.8 106.6 98.0 95.7 115.6 86.0 80.9 72.3 76.2 89.4 103.6 81.0
-9999.0 -9999.0 -9999.0 -9999.0 -9999.0 -9999.0 -9999.0 -9999.0 -9999.0 -9999.0 -9999.0 0.4 6.3 0.5 1.6 1.0 1.5 1.9 2.2 1.5 0.8 2.3 2.6 4.9 3.6 8.0 10.5 15.8 23.7 33.8 42.7 45.5 57.4 60.9 63.6 57.4 56.8 51.1 46.1 40.8 40.6 41.4 44.4 46.7 55.7 50.9 62.0 59.2 67.8 71.0 66.2 64.2 65.5 77.4 91.9 105.5 110.8 109.6 100.1 87.8 83.9 86.9 100.0 120.3 133.0 110.8 97.1 107.5 114.0 106.2 91.9 88.5 87.7 94.5 102.5 95.6
-9999.0 -9999.0 -9999.0 -9999.0 -9999.0 -9999.0 -9999.0 -9999.0 -9999.0 -9999.0 -9999.0 -9999.0 2.4 2.8 0.4 1.1 0.1 0.6 0.6 0.2 1.7 1.4 1.8 3.5 0.8 6.7 12.4 13.9 22.2 25.3 40.1 50.5 58.0 58.9 61.5 63.1 56.4 55.2 49.4 43.2 39.8 42.1 48.4 56.7 61.8 66.8 72.5 68.5 77.1 84.6 91.9 86.0 81.6 91.1 108.9 120.1 122.3 117.1 104.0 99.1 92.0 103.4 119.8 138.7 138.9 159.3 130.2 136.7 135.5 130.9 115.6 148.2 164.8 157.1 144.6 128.5
-9999.0 -9999.0 -9999.0 -9999.0 -9999.0 -9999.0 -9999.0 -9999.0 -9999.0 -9999.0 -9999.0 -9999.0 0.1 2.0 2.9 0.4 1.7 0.8 0.2 0.4 0.5 0.4 0.7 2.1 5.0 6.0 9.4 17.4 22.0 33.6 38.9 43.3 55.6 62.5 63.9 66.8 61.3 59.1 55.9 50.9 47.6 49.6 57.6 64.8 74.4 82.8 83.0 82.9 79.6 93.6 93.4 91.3 86.6 98.3 114.2 123.6 124.0 120.3 114.6 106.6 106.8 125.3 146.9 162.2 138.0 159.1 128.7 138.1 141.0 145.5 151.0 148.4 141.1 149.2 157.1 164.4
-9999.0 -9999.0 -9999.0 -9999.0 -9999.0 -9999.0 -9999.0 -9999.0 -9999.0 -9999.0 -9999.0 -9999.0 -9999.0 0.4 0.1 1.2 0.3 0.6 0.7 0.6 0.4 0.8 0.5 2.0 2.7 2.0 4.2 6.2 14.7 24.3 38.3 49.6 50.7 56.8 68.0 68.4 67.8 65.4 58.6 59.8 58.7 60.7 66.7 75.5 84.6 91.8 96.6 98.8 99.3 97.1 92.3 81.1 80.1 93.2 99.4 105.7 107.0 109.4 113.9 121.9 128.1 146.3 169.5 167.4 109.0 139.2 162.2 174.2 183.6 177.3 173.6 171.5 161.4 162.4 158.1 161.9
-9999.0 -9999.0 -9999.0 -9999.0 -9999.0 -9999.0 -9999.0 -9999.0 -9999.0 -9999.0 -9999.0 -9999.0 0.2 0.0 0.1 0.4 0.0 0.2 0.2 0.6 0.6 0.6 0.6 1.0 2.0 1.3 3.6 8.5 14.4 21.2 32.5 47.6 46.0 58.3 60.1 65.0 62.0 70.2 70.9 68.8 65.4 67.4 72.4 81.7 88.9 95.6 98.6 94.0 89.8 85.2 85.0 82.8 71.7 76.9 79.0 81.2 85.1 93.4 106.9 120.6 135.0 156.4 180.4 195.6 179.4 152.6 168.4 186.3 202.4 198.9 190.9 181.1 173.5 158.5 138.5 135.5
-9999.0 -9999.0 -9999.0 -9999.0 -9999.0 -9999.0 -9999.0 -9999.0 -9999.0 -9999.0 -9999.0 -9999.0 0.0 0.4 0.3 0.0 0.0 0.3 0.3 0.1 0.5 0.3 0.4 0.5 1.3 2.6 4.1 7.3 11.9 20.9 31.3 40.4 42.4 57.0 58.7 56.7 61.7 64.5 69.4 74.0 73.8 76.6 79.4 82.6 86.3 88.7 88.9 86.8 82.0 69.2 64.2 66.6 59.8 60.6 62.0 63.0 66.3 79.3 98.8 117.4 138.1 160.4 175.1 159.3 144.3 142.3 157.5 166.3 169.1 192.3 210.4 209.8 188.8 165.6 161.8 135.1
-9999.0 -9999.0 -9999.0 -9999.0 -9999.0 -9999.0 -9999.0 -9999.0 -9999.0 -9999.0 -9999.0 -9999.0 0.4 0.1 0.4 0.3 0.3 0.0 0.1 0.1 0.0 0.0 0.3 0.2 0.5 0.4 1.2 1.6 7.9 13.9 22.8 25.9 42.6 50.8 49.9 45.5 46.8 51.7 60.6 63.7 71.2 80.3 72.3 87.3 78.5 75.6 75.0 71.3 65.8 60.7 56.3 51.0 64.5 65.2 58.0 59.5 61.4 74.8 94.0 113.6 134.3 156.3 184.5 138.8 87.6 129.6 143.0 153.0 163.4 198.8 236.0 227.3 212.7 190.3 166.2 157.2
-9999.0 -9999.0 -9999.0 -9999.0 -9999.0 -9999.0 -9999.0 -9999.0 -9999.0 -9999.0 -9999.0 -9999.0 -9999.0 0.0 0.0 0.3 0.2 0.3 0.1 0.1 0.0 0.1 0.1 0.1 0.5 0.5 1.0 2.3 3.1 9.2 11.0 20.1 27.1 36.9 34.1 26.3 28.0 37.0 44.2 55.5 63.7 59.5 61.5 64.5 70.3 65.4 60.6 60.2 55.6 51.6 44.2 50.9 50.0 51.5 58.2 60.8 67.1 77.4 94.8 121.0 142.1 171.6 177.9 81.0 98.8 126.1 155.0 172.1 193.6 211.4 249.4 273.6 242.9 246.4 197.3 165.1
-9999.0 -9999.0 -9999.0 -9999.0 -9999.0 -9999.0 -9999.0 -9999.0 -9999.0 -9999.0 -9999.0 -9999.0 -9999.0 0.6 0.1 0.3 0.1 0.4 0.4 0.3 0.1 0.1 0.1 0.2 0.8 0.6 0.6 1.4 1.8 1.2 3.7 8.3 17.1 20.8 17.7 17.1 20.1 24.4 29.7 35.9 47.5 51.8 53.8 54.2 54.2 52.5 50.3 51.1 43.8 38.7 40.5 33.8 47.5 58.4 65.0 65.4 70.3 81.2 101.0 107.8 148.3 128.0 98.6 94.8 101.3 129.4 166.5 200.1 220.6 243.0 259.6 274.6 282.0 253.4 216.3 179.2
-9999.0 -9999.0 -9999.0 -9999.0 -9999.0 -9999.0 -9999.0 -9999.0 -9999.0 -9999.0 -9999.0 -9999.0 -9999.0 -9999.0 -9999.0 0.5 0.7 0.5 0.7 1.2 0.4 0.7 0.9 0.7 0.6 0.6 0.3 0.5 0.3 0.8 1.3 3.4 5.0 7.9 10.6 10.1 12.4 19.5 23.3 30.5 36.3 41.1 43.2 44.1 53.3 65.9 44.6 58.8 36.5 30.7 27.1 48.0 45.4 57.0 56.9 67.0 73.6 74.3 110.2 137.8 117.5 118.2 128.5 102.1 103.0 127.1 162.2 204.8 235.7 227.3 235.2 248.7 222.4 222.5 221.6 179.9
-9999.0 -9999.0 -9999.0 -9999.0 -9999.0 -9999.0 -9999.0 -9999.0 -9999.0 -9999.0 -9999.0 -9999.0 -9999.0 -9999.0 -9999.0 -9999.0 -9999.0 6.1 7.5 -9999.0 7.6 2.3 5.1 4.8 1.9 1.7 0.5 0.5 0.6 0.4 0.5 1.4 2.4 6.2 11.0 8.0 11.2 21.9 20.0 26.5 31.9 37.9 36.5 36.5 92.0 67.0 223.4 40.5 39.5 29.6 31.2 30.1 42.3 61.2 68.1 70.9 65.8 93.6 115.5 146.4 89.0 120.4 124.7 103.6 95.2 104.5 130.9 160.7 194.1 198.9 215.6 182.2 185.8 209.0 201.2 180.1
-9999.0 -9999.0 -9999.0 -9999.0 -9999.0 -9999.0 -9999.0 -9999.0 -9999.0 -9999.0 -9999.0 -9999.0 -9999.0 -9999.0 -9999.0 -9999.0 -9999.0 -9999.0 -9999.0 -9999.0 -9999.0 13.0 9.7 4.9 7.1 11.2 7.2 3.7 1.2 0.8 0.5 2.1 3.4 5.2 8.9 7.9 11.3 16.7 23.9 32.5 32.5 38.8 39.3 35.4 81.8 44.4 287.0 69.5 45.7 91.0 34.6 61.2 67.3 50.6 61.1 74.0 80.1 83.4 130.4 152.1 91.6 110.3 115.7 97.7 88.8 90.1 107.2 127.6 161.6 171.1 169.1 161.5 168.4 194.6 210.0 202.7
-9999.0 -9999.0 -9999.0 -9999.0 -9999.0 -9999.0 -9999.0 -9999.0 -9999.0 -9999.0 -9999.0 -9999.0 -9999.0 -9999.0 -9999.0 -9999.0 -9999.0 -9999.0 -9999.0 -9999.0 -9999.0 -9999.0 -9999.0 49.0 27.3 25.6 20.0 11.4 4.3 2.8 1.6 2.4 6.6 8.7 13.3 16.3 23.6 26.4 39.2 48.5 47.3 52.8 35.8 34.3 83.5 290.8 140.4 113.6 140.9 133.5 59.1 65.3 55.9 62.2 49.0 27.7 69.1 100.4 92.6 154.9 130.9 144.7 131.2 92.7 85.1 88.6 102.3 117.6 123.5 149.3 149.3 151.0 156.6 168.2 206.3 218.5
-9999.0 -9999.0 -9999.0 -9999.0 -9999.0 -9999.0 -9999.0 -9999.0 -9999.0 -9999.0 -9999.0 -9999.0 -9999.0 -9999.0 -9999.0 -9999.0 -9999.0 -9999.0 -9999.0 -9999.0 -9999.0 -9999.0 -9999.0 -9999.0 -9999.0 89.3 62.8 20.8 16.7 15.9 11.3 13.4 19.7 26.2 33.0 43.7 66.4 58.0 79.5 74.3 87.9 57.3 77.8 77.0 209.7 288.2 258.7 350.9 87.4 132.2 84.5 82.1 90.2 83.9 44.4 38.1 64.8 73.4 119.4 148.9 174.4 174.8 212.7 98.2 99.1 104.1 106.6 107.6 125.1 145.0 152.9 150.3 158.6 157.6 173.4 220.0
-9999.0 -9999.0 -9999.0 -9999.0 -9999.0 -9999.0 -9999.0 -9999.0 -9999.0 -9999.0 -9999.0 -9999.0 -9999.0 -9999.0 -9999.0 -9999.0 -9999.0 -9999.0 -9999.0 -9999.0 -9999.0 -9999.0 -9999.0 -9999.0 -9999.0 -9999.0 -9999.0 114.1 110.6 68.1 56.7 57.0 57.4 77.4 81.9 101.6 96.0 103.3 93.2 108.0 118.6 71.9 114.5 192.1 231.6 276.5 309.4 334.7 351.2 246.5 300.4 254.3 106.0 85.1 63.6 64.6 52.7 63.9 108.5 123.0 127.1 175.7 121.4 118.5 131.7 119.9 124.1 132.5 141.4 156.5 158.0 163.2 158.6 158.3 189.5 224.8
-9999.0 -9999.0 -9999.0 -9999.0 -9999.0 -9999.0 -9999.0 -9999.0 -9999.0 -9999.0 -9999.0 -9999.0 -9999.0 -9999.0 -9999.0 -9999.0 -9999.0 -9999.0 -9999.0 -9999.0 -9999.0 -9999.0 -9999.0 -9999.0 -9999.0 -9999.0 -9999.0 -9999.0 -9999.0 -9999.0 -9999.0 -9999.0 -9999.0 139.5 153.2 -9999.0 -9999.0 -9999.0 134.5 141.3 125.7 136.0 135.1 198.2 224.0 254.4 -9999.0 -9999.0 -9999.0 -9999.0 -9999.0 -9999.0 162.2 113.5 78.5 63.4 64.0 63.9 80.1 97.1 126.1 149.9 124.0 119.2 122.9 138.6 155.5 170.4 178.3 171.7 166.8 195.3 205.4 175.5 179.9 220.1
-9999.0 -9999.0 -9999.0 -9999.0 -9999.0 -9999.0 -9999.0 -9999.0 -9999.0 -9999.0 -9999.0 -9999.0 -9999.0 -9999.0 -9999.0 -9999.0 -9999.0 -9999.0 -9999.0 -9999.0 -9999.0 -9999.0 -9999.0 -9999.0 -9999.0 -9999.0 -9999.0 -9999.0 -9999.0 -9999.0 -9999.0 -9999.0 -9999.0 -9999.0 -9999.0 -9999.0 -9999.0 -9999.0 -9999.0 129.0 138.7 148.6 162.4 181.5 -9999.0 -9999.0 -9999.0 -9999.0 -9999.0 -9999.0 -9999.0 -9999.0 178.5 141.4 93.7 63.7 59.9 59.1 64.8 83.1 104.2 116.6 113.5 96.9 114.1 143.4 175.6 196.9 208.6 222.0 226.7 264.8 255.5 243.4 217.1 224.8
-9999.0 -9999.0 -9999.0 -9999.0 -9999.0 -9999.0 -9999.0 -9999.0 -9999.0 -9999.0 -9999.0 -9999.0 -9999.0 -9999.0 -9999.0 -9999.0 -9999.0 -9999.0 -9999.0 -9999.0 -9999.0 -9999.0 -9999.0 -9999.0 -9999.0 -9999.0 -9999.0 -9999.0 -9999.0 -9999.0 -9999.0 -9999.0 -9999.0 -9999.0 -9999.0 -9999.0 -9999.0 -9999.0 -9999.0 -9999.0 -9999.0 -9999.0 -9999.0 -9999.0 -9999.0 -9999.0 -9999.0 -9999.0 -9999.0 -9999.0 -9999.0 -9999.0 187.2 168.9 99.9 89.9 53.9 54.3 60.6 77.4 93.1 104.2 136.4 95.1 106.7 139.5 176.9 197.0 213.3 223.2 230.6 295.3 366.3 293.3 245.1 252.4
-9999.0 -9999.0 -9999.0 -9999.0 -9999.0 -9999.0 -9999.0 -9999.0 -9999.0 -9999.0 -9999.0 -9999.0 -9999.0 -9999.0 -9999.0 -9999.0 -9999.0 -9999.0 -9999.0 -9999.0 -9999.0 -9999.0 -9999.0 -9999.0 -9999.0 -9999.0 -9999.0 -9999.0 -9999.0 -9999.0 -9999.0 -9999.0 -9999.0 -9999.0 -9999.0 -9999.0 -9999.0 -9999.0 -9999.0 -9999.0 -9999.0 -9999.0 -9999.0 -9999.0 -9999.0 -9999.0 -9999.0 -9999.0 -9999.0 -9999.0 -9999.0 236.6 219.9 184.9 67.9 62.1 51.5 59.1 59.4 66.0 95.1 117.6 135.0 129.2 127.9 147.1 175.3 197.7 194.5 187.4 182.9 247.0 259.6 223.0 237.8 275.0
-9999.0 -9999.0 -9999.0 -9999.0 -9999.0 -9999.0 -9999.0 -9999.0 -9999.0 -9999.0 -9999.0 -9999.0 -9999.0 -9999.0 -9999.0 -9999.0 -9999.0 -9999.0 -9999.0 -9999.0 -9999.0 -9999.0 -9999.0 -9999.0 -9999.0 -9999.0 -9999.0 -9999.0 -9999.0 -9999.0 -9999.0 -9999.0 -9999.0 -9999.0 -9999.0 -9999.0 -9999.0 -9999.0 -9999.0 -9999.0 -9999.0 -9999.0 -9999.0 -9999.0 -9999.0 -9999.0 -9999.0 -9999.0 -9999.0 -9999.0 153.2 305.5 277.8 208.3 113.5 84.6 58.7 52.8 59.1 74.7 96.4 123.0 170.1 167.9 162.4 168.3 176.1 200.8 198.4 185.3 197.6 218.2 245.0 260.5 253.7 266.8
-9999.0 -9999.0 -9999.0 -9999.0 -9999.0 -9999.0 -9999.0 -9999.0 -9999.0 -9999.0 -9999.0 -9999.0 -9999.0 -9999.0 -9999.0 -9999.0 -9999.0 -9999.0 -9999.0 -9999.0 -9999.0 -9999.0 -9999.0 -9999.0 -9999.0 -9999.0 -9999.0 -9999.0 -9999.0 -9999.0 -9999.0 -9999.0 -9999.0 -9999.0 -9999.0 -9999.0 -9999.0 -9999.0 -9999.0 -9999.0 -9999.0 -9999.0 -9999.0 -9999.0 -9999.0 -9999.0 -9999.0 -9999.0 -9999.0 -9999.0 125.3 362.4 214.7 231.2 165.1 104.8 57.7 70.1 71.0 77.4 97.0 130.1 156.2 173.6 179.2 186.4 206.2 206.7 208.4 195.7 225.4 266.8 282.6 251.4 220.8 226.0
-9999.0 -9999.0 -9999.0 -9999.0 -9999.0 -9999.0 -9999.0 -9999.0 -9999.0 -9999.0 -9999.0 -9999.0 -9999.0 -9999.0 -9999.0 -9999.0 -9999.0 -9999.0 -9999.0 -9999.0 -9999.0 -9999.0 -9999.0 -9999.0 -9999.0 -9999.0 -9999.0 -9999.0 -9999.0 -9999.0 -9999.0 -9999.0 -9999.0 -9999.0 -9999.0 -9999.0 -9999.0 -9999.0 -9999.0 -9999.0 -9999.0 -9999.0 -9999.0 -9999.0 -9999.0 -9999.0 -9999.0 -9999.0 -9999.0 -9999.0 81.6 181.6 149.1 272.0 148.3 105.4 110.6 76.3 85.2 86.3 103.3 124.5 141.2 146.8 174.9 194.3 198.4 186.0 179.0 234.6 224.8 312.3 267.7 275.7 230.4 225.4
-9999.0 -9999.0 -9999.0 -9999.0 -9999.0 -9999.0 -9999.0 -9999.0 -9999.0 -9999.0 -9999.0 -9999.0 -9999.0 -9999.0 -9999.0 -9999.0 -9999.0 -9999.0 -9999.0 -9999.0 -9999.0 -9999.0 -9999.0 -9999.0 -9999.0 -9999.0 -9999.0 -9999.0 -9999.0 -9999.0 -9999.0 -9999.0 -9999.0 -9999.0 -9999.0 -9999.0 -9999.0 -9999.0 -9999.0 -9999.0 -9999.0 -9999.0 -9999.0 -9999.0 -9999.0 -9999.0 -9999.0 -9999.0 -9999.0 -9999.0 173.8 278.1 224.0 227.1 175.4 152.3 84.3 96.7 107.7 125.5 129.1 130.4 114.4 134.3 161.2 178.6 215.0 212.2 255.5 117.8 191.0 213.5 241.3 263.3 257.6 280.4
-9999.0 -9999.0 -9999.0 -9999.0 -9999.0 -9999.0 -9999.0 -9999.0 -9999.0 -9999.0 -9999.0 -9999.0 -9999.0 -9999.0 -9999.0 -9999.0 -9999.0 -9999.0 -9999.0 -9999.0 -9999.0 -9999.0 -9999.0 -9999.0 -9999.0 -9999.0 -9999.0 -9999.0 -9999.0 -9999.0 -9999.0 -9999.0 -9999.0 -9999.0 -9999.0 -9999.0 -9999.0 -9999.0 -9999.0 -9999.0 -9999.0 -9999.0 -9999.0 -9999.0 -9999.0 -9999.0 -9999.0 -9999.0 -9999.0 -9999.0 -9999.0 -9999.0 -9999.0 178.6 155.6 129.8 119.7 132.0 147.6 188.0 200.4 184.7 196.8 165.1 145.9 134.7 200.4 158.7 228.1 208.4 162.3 156.0 171.6 200.3 247.2 302.1
-9999.0 -9999.0 -9999.0 -9999.0 -9999.0 -9999.0 -9999.0 -9999.0 -9999.0 -9999.0 -9999.0 -9999.0 -9999.0 -9999.0 -9999.0 -9999.0 -9999.0 -9999.0 -9999.0 -9999.0 -9999.0 -9999.0 -9999.0 -9999.0 -9999.0 -9999.0 -9999.0 -9999.0 -9999.0 -9999.0 -9999.0 -9999.0 -9999.0 -9999.0 -9999.0 -9999.0 -9999.0 -9999.0 -9999.0 -9999.0 -9999.0 -9999.0 -9999.0 -9999.0 -9999.0 -9999.0 -9999.0 -9999.0 -9999.0 -9999.0 -9999.0 -9999.0 -9999.0 152.8 123.5 187.5 125.2 134.1 196.6 269.2 297.8 276.0 326.5 215.4 158.9 124.9 88.9 219.0 150.3 158.4 142.4 158.4 170.8 175.1 202.0 285.2
-9999.0 -9999.0 -9999.0 -9999.0 -9999.0 -9999.0 -9999.0 -9999.0 -9999.0 -9999.0 -9999.0 -9999.0 -9999.0 -9999.0 -9999.0 -9999.0 -9999.0 -9999.0 -9999.0 -9999.0 -9999.0 -9999.0 -9999.0 -9999.0 -9999.0 -9999.0 -9999.0 -9999.0 -9999.0 -9999.0 -9999.0 -9999.0 -9999.0 -9999.0 -9999.0 -9999.0 -9999.0 -9999.0 -9999.0 -9999.0 -9999.0 -9999.0 -9999.0 -9999.0 -9999.0 -9999.0 -9999.0 -9999.0 -9999.0 -9999.0 -9999.0 -9999.0 -9999.0 125.6 69.5 135.0 134.0 148.3 219.8 295.8 394.1 421.7 461.6 406.4 187.7 -9999.0 -9999.0 -9999.0 219.5 186.1 240.5 299.2 269.5 194.4 170.5 235.9
-9999.0 -9999.0 -9999.0 -9999.0 -9999.0 -9999.0 -9999.0 -9999.0 -9999.0 -9999.0 -9999.0 -9999.0 -9999.0 -9999.0 -9999.0 -9999.0 -9999.0 -9999.0 -9999.0 -9999.0 -9999.0 -9999.0 -9999.0 -9999.0 -9999.0 -9999.0 -9999.0 -9999.0 -9999.0 -9999.0 -9999.0 -9999.0 -9999.0 -9999.0 -9999.0 -9999.0 -9999.0 -9999.0 -9999.0 -9999.0 -9999.0 -9999.0 -9999.0 -9999.0 -9999.0 -9999.0 -9999.0 -9999.0 -9999.0 -9999.0 -9999.0 -9999.0 -9999.0 -9999.0 99.8 105.4 87.7 112.6 227.6 353.0 315.9 -9999.0 -9999.0 -9999.0 -9999.0 -9999.0 -9999.0 -9999.0 233.4 337.0 498.5 500.5 390.2 227.5 140.8 146.7
-9999.0 -9999.0 -9999.0 -9999.0 -9999.0 -9999.0 -9999.0 -9999.0 -9999.0 -9999.0 -9999.0 -9999.0 -9999.0 -9999.0 -9999.0 -9999.0 -9999.0 -9999.0 -9999.0 -9999.0 -9999.0 -9999.0 -9999.0 -9999.0 -9999.0 -9999.0 -9999.0 -9999.0 -9999.0 -9999.0 -9999.0 -9999.0 -9999.0 -9999.0 -9999.0 -9999.0 -9999.0 -9999.0 -9999.0 -9999.0 -9999.0 -9999.0 -9999.0 -9999.0 -9999.0 -9999.0 -9999.0 -9999.0 -9999.0 -9999.0 -9999.0 -9999.0 -9999.0 -9999.0 -9999.0 75.7 168.7 137.6 166.5 284.7 336.1 -9999.0 -9999.0 -9999.0 -9999.0 -9999.0 -9999.0 -9999.0 -9999.0 -9999.0 571.9 -9999.0 -9999.0 -9999.0 -9999.0 -9999.0
-9999.0 -9999.0 -9999.0 -9999.0 -9999.0 -9999.0 -9999.0 -9999.0 -9999.0 -9999.0 -9999.0 -9999.0 -9999.0 -9999.0 -9999.0 -9999.0 -9999.0 -9999.0 -9999.0 -9999.0 -9999.0 -9999.0 -9999.0 -9999.0 -9999.0 -9999.0 -9999.0 -9999.0 -9999.0 -9999.0 -9999.0 -9999.0 -9999.0 -9999.0 -9999.0 -9999.0 -9999.0 -9999.0 -9999.0 -9999.0 -9999.0 -9999.0 -9999.0 -9999.0 -9999.0 -9999.0 -9999.0 -9999.0 -9999.0 -9999.0 -9999.0 -9999.0 -9999.0 -9999.0 -9999.0 -9999.0 -9999.0 -9999.0 181.7 204.9 -9999.0 -9999.0 -9999.0 -9999.0 -9999.0 -9999.0 -9999.0 -9999.0 -9999.0 -9999.0 -9999.0 -9999.0 -9999.0 -9999.0 -9999.0 115.1
-9999.0 -9999.0 -9999.0 -9999.0 -9999.0 -9999.0 -9999.0 -9999.0 -9999.0 -9999.0 -9999.0 -9999.0 -9999.0 -9999.0 -9999.0 -9999.0 -9999.0 -9999.0 -9999.0 -9999.0 -9999.0 -9999.0 -9999.0 -9999.0 -9999.0 -9999.0 -9999.0 -9999.0 -9999.0 -9999.0 -9999.0 -9999.0 -9999.0 -9999.0 -9999.0 -9999.0 -9999.0 -9999.0 -9999.0 -9999.0 -9999.0 -9999.0 -9999.0 -9999.0 -9999.0 -9999.0 -9999.0 -9999.0 -9999.0 -9999.0 -9999.0 -9999.0 -9999.0 -9999.0 -9999.0 -9999.0 -9999.0 -9999.0 -9999.0 -9999.0 -9999.0 -9999.0 -9999.0 -9999.0 -9999.0 -9999.0 -9999.0 -9999.0 -9999.0 -9999.0 -9999.0 -9999.0 -9999.0 -9999.0 -9999.0 -9999.0
