program/excelProcessViaJava/data/SURF_CLI_CHN_PRE_MON_GRID_0.5-201105.txt
NCOLS      128
NROWS       72
XLLCORNER    72.000000000000    
YLLCORNER    18.000000000000    
CELLSIZE    0.50000000000000    
NODATA_VALUE   -9999.000    
[rows 34 to 67 of 72, columns 0 to 76 of 128]
-9999.0 -9999.0 -9999.0 -9999.0 0.0 0.0 0.0 0.0 0.0 0.1 3.5 1.0 5.0 6.4 11.2 8.0 5.8 3.4 3.2 4.6 6.8 8.6 9.7 7.5 3.3 2.0 4.1 4.5 5.6 6.7 8.1 9.2 10.7 11.8 12.6 12.3 12.9 13.0 10.1 6.8 7.8 3.9 3.5 3.2 3.3 3.0 2.2 1.5 1.7 4.2 11.0 23.8 38.8 47.8 47.3 46.9 49.9 61.0 69.2 45.0 59.3 41.0 35.8 35.2 28.7 25.2 30.0 30.5 31.2 30.7 29.9 31.9 38.1 48.8 62.5 69.5 70.2
-9999.0 -9999.0 -9999.0 -9999.0 -9999.0 -9999.0 -9999.0 0.0 0.0 0.1 0.0 0.1 2.0 2.2 3.0 6.2 5.8 4.7 4.5 5.4 4.5 2.9 2.6 3.1 3.5 4.0 4.2 5.0 6.1 7.2 9.1 11.2 13.2 14.9 16.4 16.7 18.0 17.2 18.2 17.9 12.1 17.4 16.0 12.6 9.6 6.7 6.4 4.5 5.9 6.2 11.6 23.2 36.9 34.3 41.9 46.0 46.9 49.3 66.3 48.2 52.0 32.8 29.5 30.5 31.7 24.2 24.5 24.9 28.6 31.4 30.8 32.5 38.9 48.6 59.4 64.3 67.6
-9999.0 -9999.0 -9999.0 -9999.0 -9999.0 -9999.0 -9999.0 0.0 0.0 0.0 0.0 0.3 0.4 0.3 1.5 0.4 2.6 3.1 1.5 3.2 3.4 2.4 3.0 3.2 3.7 4.2 5.1 5.5 7.7 9.6 11.3 13.8 16.3 18.7 20.4 21.9 22.2 23.6 23.5 22.7 23.0 23.1 24.1 27.7 22.0 17.0 17.8 17.3 22.3 21.3 25.7 27.3 34.4 37.2 37.3 49.8 58.1 68.4 68.3 60.3 50.2 44.7 40.4 42.2 34.2 28.3 26.0 27.9 35.9 38.1 40.3 41.8 45.2 50.5 54.2 54.9 58.7
-9999.0 -9999.0 -9999.0 -9999.0 -9999.0 -9999.0 -9999.0 -9999.0 -9999.0 0.0 0.0 0.3 0.2 0.5 1.3 2.4 1.9 0.5 1.9 1.0 2.1 3.1 3.3 3.6 4.1 5.0 5.7 7.0 9.2 10.8 14.1 16.8 19.8 22.9 24.6 26.4 27.4 29.1 28.8 30.1 29.6 31.8 32.4 32.6 35.9 36.4 36.4 35.2 34.6 33.7 33.5 32.8 34.1 38.0 38.5 51.5 63.2 73.0 69.6 63.6 54.5 47.4 46.6 49.1 45.0 37.2 35.9 40.9 53.5 55.5 60.4 58.5 56.4 56.7 57.5 59.6 57.4
-9999.0 -9999.0 -9999.0 -9999.0 -9999.0 -9999.0 -9999.0 -9999.0 -9999.0 -9999.0 -9999.0 0.0 0.7 0.3 0.9 1.1 1.9 2.6 2.9 2.6 2.1 3.0 3.0 3.9 3.4 4.9 5.9 7.7 10.2 13.2 16.5 20.1 23.8 27.3 29.9 34.5 34.1 35.3 41.1 37.3 40.4 39.9 40.6 42.6 50.7 49.2 55.1 52.6 51.8 48.7 45.6 43.6 42.0 41.8 42.7 50.1 62.5 69.3 73.4 68.6 58.6 52.8 53.5 59.0 58.6 49.8 52.4 61.6 74.6 86.4 90.4 87.2 74.5 67.0 74.4 78.3 72.1
-9999.0 -9999.0 -9999.0 -9999.0 -9999.0 -9999.0 -9999.0 -9999.0 -9999.0 -9999.0 -9999.0 -9999.0 0.5 1.0 0.6 1.9 0.7 2.3 2.6 1.4 3.7 3.4 3.5 4.3 2.7 5.6 7.5 8.8 11.7 14.6 19.1 23.5 28.0 33.1 37.2 39.4 44.9 42.6 41.2 40.6 42.0 44.8 48.3 54.9 58.8 63.7 68.1 65.8 65.5 63.5 61.7 58.8 56.3 54.3 53.1 54.9 60.8 66.0 81.0 74.8 68.7 60.9 59.4 67.2 76.5 81.2 82.7 92.4 105.7 122.8 119.8 109.6 98.8 89.3 83.6 92.7 82.8
-9999.0 -9999.0 -9999.0 -9999.0 -9999.0 -9999.0 -9999.0 -9999.0 -9999.0 -9999.0 -9999.0 -9999.0 0.1 1.1 2.5 1.6 4.0 3.8 2.4 3.0 3.3 3.0 3.5 4.6 6.0 6.6 8.3 11.1 13.7 17.7 21.9 27.1 32.4 37.3 42.4 44.5 50.1 51.3 49.4 48.2 47.0 49.9 59.8 59.9 68.7 75.3 73.7 73.4 69.3 73.9 75.3 75.5 72.2 65.9 61.9 61.8 68.1 76.8 90.6 92.3 86.4 79.9 80.0 85.8 99.1 109.0 101.1 111.0 121.7 143.1 164.0 158.6 142.7 111.5 98.0 88.3 89.8
-9999.0 -9999.0 -9999.0 -9999.0 -9999.0 -9999.0 -9999.0 -9999.0 -9999.0 -9999.0 -9999.0 -9999.0 -9999.0 0.6 0.5 3.6 3.0 4.5 4.9 4.8 4.2 4.9 4.1 5.7 6.2 6.3 8.3 10.5 14.8 19.4 24.6 29.9 36.6 42.7 44.8 48.3 50.6 53.2 63.5 57.1 56.3 61.6 65.2 74.7 74.7 74.5 78.6 80.2 79.4 78.9 81.6 82.9 79.3 74.2 68.4 66.7 72.2 83.7 92.8 108.8 112.1 111.2 113.8 120.9 104.3 122.3 136.1 146.2 156.0 160.8 153.8 141.6 133.0 117.2 110.2 94.7 93.1
-9999.0 -9999.0 -9999.0 -9999.0 -9999.0 -9999.0 -9999.0 -9999.0 -9999.0 -9999.0 -9999.0 -9999.0 0.2 0.2 0.6 2.7 1.5 3.4 3.9 5.6 5.6 5.5 5.3 6.1 7.2 7.3 9.9 13.3 17.1 21.6 27.0 32.3 39.9 44.6 50.1 50.9 56.9 50.2 50.0 52.9 66.1 75.9 84.0 76.2 82.8 84.1 79.0 71.5 72.3 74.1 81.9 85.6 79.0 75.6 67.5 67.4 76.0 91.5 109.8 127.8 138.4 144.3 151.8 155.0 153.0 140.1 174.4 191.4 184.3 184.8 178.2 155.7 127.2 106.8 92.8 79.7 65.2
-9999.0 -9999.0 -9999.0 -9999.0 -9999.0 -9999.0 -9999.0 -9999.0 -9999.0 -9999.0 -9999.0 -9999.0 0.1 0.7 1.4 0.4 1.2 4.5 5.1 4.2 5.9 5.2 5.7 6.5 8.2 10.1 12.4 15.6 19.4 24.2 29.2 34.6 41.7 44.4 47.9 51.2 47.2 47.9 46.8 44.4 52.8 60.6 71.4 82.0 88.0 90.2 91.9 83.6 75.9 60.6 64.8 76.5 66.9 59.2 59.0 59.9 74.5 92.5 113.8 133.2 149.8 162.0 169.6 151.8 140.4 132.8 164.2 220.7 215.4 188.7 170.4 156.0 142.5 129.8 113.9 95.8 73.1
-9999.0 -9999.0 -9999.0 -9999.0 -9999.0 -9999.0 -9999.0 -9999.0 -9999.0 -9999.0 -9999.0 -9999.0 0.2 0.2 1.3 2.1 3.2 1.7 3.8 4.2 3.2 3.6 6.0 6.3 8.4 9.3 12.8 15.2 21.6 26.3 31.3 36.9 40.9 43.6 46.2 48.4 45.1 42.1 38.3 47.0 51.4 58.7 85.3 79.4 93.5 101.1 98.2 82.4 62.3 58.0 60.6 54.5 80.6 80.4 68.6 53.3 71.8 90.7 111.0 126.3 148.3 167.7 184.4 141.9 96.4 157.0 191.9 223.1 222.7 201.4 180.7 165.7 156.1 136.0 116.1 110.3 109.5
-9999.0 -9999.0 -9999.0 -9999.0 -9999.0 -9999.0 -9999.0 -9999.0 -9999.0 -9999.0 -9999.0 -9999.0 -9999.0 0.0 0.2 1.4 2.0 3.2 2.7 3.0 1.9 4.8 5.0 5.9 9.7 11.7 15.1 19.4 22.8 29.0 32.9 38.1 43.1 44.8 47.9 55.8 51.5 36.4 36.9 39.3 51.1 82.0 98.8 102.8 96.0 95.4 94.8 69.9 73.8 63.4 48.7 66.4 60.4 45.6 69.1 73.0 60.9 74.8 101.3 132.5 151.2 170.2 184.2 92.9 147.1 158.1 181.9 207.8 213.8 196.8 181.2 172.7 154.8 164.3 136.5 139.0 126.0
-9999.0 -9999.0 -9999.0 -9999.0 -9999.0 -9999.0 -9999.0 -9999.0 -9999.0 -9999.0 -9999.0 -9999.0 -9999.0 0.3 0.2 0.8 0.6 2.6 3.2 3.4 2.2 3.3 4.3 6.8 11.8 13.4 16.4 21.7 25.5 27.0 33.6 39.5 43.7 47.1 53.0 53.5 41.8 35.3 42.2 68.8 61.4 79.9 95.4 103.6 114.6 99.0 90.2 67.8 60.4 52.8 59.3 39.7 57.1 68.3 74.8 70.4 62.0 72.1 98.5 94.3 146.0 125.6 102.4 161.2 156.7 153.3 163.8 181.6 186.3 178.0 167.1 158.7 153.3 142.1 136.1 127.2 116.9
-9999.0 -9999.0 -9999.0 -9999.0 -9999.0 -9999.0 -9999.0 -9999.0 -9999.0 -9999.0 -9999.0 -9999.0 -9999.0 -9999.0 -9999.0 0.5 1.1 1.4 2.7 4.1 3.1 5.5 7.4 8.8 10.6 13.8 13.8 20.1 22.2 30.4 34.7 40.4 46.4 51.4 51.5 61.5 65.3 32.2 41.1 53.3 76.2 89.3 95.7 97.1 86.3 79.9 80.3 58.6 58.5 34.1 42.8 68.5 50.4 54.2 35.7 58.6 65.0 60.6 98.8 123.9 114.8 104.3 151.3 156.9 145.0 134.3 136.9 144.4 148.9 146.8 140.0 133.2 113.4 110.2 125.5 112.3 117.8
-9999.0 -9999.0 -9999.0 -9999.0 -9999.0 -9999.0 -9999.0 -9999.0 -9999.0 -9999.0 -9999.0 -9999.0 -9999.0 -9999.0 -9999.0 -9999.0 -9999.0 0.7 3.5 -9999.0 6.8 5.3 9.5 11.9 11.6 15.1 14.4 20.3 26.7 28.5 34.6 40.7 45.8 46.5 41.6 49.0 69.2 30.5 49.6 59.1 70.4 86.5 83.7 79.9 72.0 69.4 93.3 73.5 45.5 47.5 28.1 38.1 26.0 52.0 55.9 58.2 50.4 76.6 91.9 117.1 96.3 100.6 116.5 117.9 104.8 93.7 92.3 100.1 108.9 112.9 109.7 97.0 92.7 105.7 110.4 110.1 117.0
-9999.0 -9999.0 -9999.0 -9999.0 -9999.0 -9999.0 -9999.0 -9999.0 -9999.0 -9999.0 -9999.0 -9999.0 -9999.0 -9999.0 -9999.0 -9999.0 -9999.0 -9999.0 -9999.0 -9999.0 -9999.0 7.8 8.5 7.4 12.8 20.3 22.9 25.2 26.8 31.4 33.5 39.6 41.8 42.7 38.2 47.1 47.0 45.3 41.2 38.1 41.3 74.0 75.1 67.8 59.6 60.1 117.6 53.3 68.4 110.9 43.8 71.9 67.5 33.2 43.3 57.2 61.1 60.8 97.2 108.7 88.7 87.1 75.8 70.8 63.8 59.5 59.5 71.8 83.4 86.9 85.8 83.2 88.3 106.3 119.1 119.6 113.2
-9999.0 -9999.0 -9999.0 -9999.0 -9999.0 -9999.0 -9999.0 -9999.0 -9999.0 -9999.0 -9999.0 -9999.0 -9999.0 -9999.0 -9999.0 -9999.0 -9999.0 -9999.0 -9999.0 -9999.0 -9999.0 -9999.0 -9999.0 18.2 16.9 20.9 23.9 24.9 23.5 28.2 29.4 32.3 38.7 40.3 48.5 52.5 64.8 52.1 66.6 68.3 58.9 65.2 43.8 36.5 50.3 132.7 67.8 59.8 67.0 66.5 42.7 62.6 37.3 43.2 35.2 28.1 51.1 70.6 75.9 101.4 103.1 110.0 99.6 58.6 52.3 50.4 58.7 74.8 81.7 81.4 72.8 79.0 90.5 103.2 118.5 113.1 105.4
-9999.0 -9999.0 -9999.0 -9999.0 -9999.0 -9999.0 -9999.0 -9999.0 -9999.0 -9999.0 -9999.0 -9999.0 -9999.0 -9999.0 -9999.0 -9999.0 -9999.0 -9999.0 -9999.0 -9999.0 -9999.0 -9999.0 -9999.0 -9999.0 -9999.0 24.7 28.1 16.6 20.3 21.6 25.2 27.0 27.8 31.8 30.3 50.7 74.1 53.1 69.6 49.2 61.9 33.7 33.1 35.9 95.7 144.7 116.0 190.2 57.1 69.5 69.3 60.7 68.9 62.3 38.8 40.7 52.5 57.0 77.5 92.9 114.1 124.9 140.8 55.2 50.7 55.9 73.0 62.9 54.5 52.3 71.3 84.1 100.8 102.5 111.3 103.6 88.4
-9999.0 -9999.0 -9999.0 -9999.0 -9999.0 -9999.0 -9999.0 -9999.0 -9999.0 -9999.0 -9999.0 -9999.0 -9999.0 -9999.0 -9999.0 -9999.0 -9999.0 -9999.0 -9999.0 -9999.0 -9999.0 -9999.0 -9999.0 -9999.0 -9999.0 -9999.0 -9999.0 24.3 25.9 26.6 24.4 22.7 27.6 19.2 27.3 16.4 29.8 31.5 18.8 29.5 37.2 16.5 39.4 89.9 117.0 154.9 191.1 212.3 224.6 127.3 183.5 166.3 71.3 65.9 59.8 61.2 61.7 66.1 72.6 79.9 100.9 121.2 91.8 71.0 59.2 46.6 60.4 79.2 62.7 56.7 73.7 76.6 102.5 101.3 109.2 104.6 111.8
-9999.0 -9999.0 -9999.0 -9999.0 -9999.0 -9999.0 -9999.0 -9999.0 -9999.0 -9999.0 -9999.0 -9999.0 -9999.0 -9999.0 -9999.0 -9999.0 -9999.0 -9999.0 -9999.0 -9999.0 -9999.0 -9999.0 -9999.0 -9999.0 -9999.0 -9999.0 -9999.0 -9999.0 -9999.0 -9999.0 -9999.0 -9999.0 -9999.0 16.8 18.1 -9999.0 -9999.0 -9999.0 20.4 19.4 22.1 36.4 37.3 106.7 145.4 170.6 -9999.0 -9999.0 -9999.0 -9999.0 -9999.0 -9999.0 114.2 84.8 83.1 78.8 75.7 77.2 66.6 72.5 89.6 103.7 94.6 71.3 51.6 41.5 37.7 33.5 36.0 60.3 92.1 90.6 100.2 108.3 121.0 132.4 140.0
-9999.0 -9999.0 -9999.0 -9999.0 -9999.0 -9999.0 -9999.0 -9999.0 -9999.0 -9999.0 -9999.0 -9999.0 -9999.0 -9999.0 -9999.0 -9999.0 -9999.0 -9999.0 -9999.0 -9999.0 -9999.0 -9999.0 -9999.0 -9999.0 -9999.0 -9999.0 -9999.0 -9999.0 -9999.0 -9999.0 -9999.0 -9999.0 -9999.0 -9999.0 -9999.0 -9999.0 -9999.0 -9999.0 -9999.0 50.5 62.9 80.3 101.5 124.9 -9999.0 -9999.0 -9999.0 -9999.0 -9999.0 -9999.0 -9999.0 -9999.0 122.8 99.7 86.8 77.5 71.5 63.7 57.3 60.8 72.9 81.0 78.3 62.6 47.5 36.0 32.3 43.6 53.1 56.2 87.0 128.7 144.4 141.1 155.9 176.1 178.0
-9999.0 -9999.0 -9999.0 -9999.0 -9999.0 -9999.0 -9999.0 -9999.0 -9999.0 -9999.0 -9999.0 -9999.0 -9999.0 -9999.0 -9999.0 -9999.0 -9999.0 -9999.0 -9999.0 -9999.0 -9999.0 -9999.0 -9999.0 -9999.0 -9999.0 -9999.0 -9999.0 -9999.0 -9999.0 -9999.0 -9999.0 -9999.0 -9999.0 -9999.0 -9999.0 -9999.0 -9999.0 -9999.0 -9999.0 -9999.0 -9999.0 -9999.0 -9999.0 -9999.0 -9999.0 -9999.0 -9999.0 -9999.0 -9999.0 -9999.0 -9999.0 -9999.0 168.6 111.8 88.4 81.6 55.2 47.7 44.5 47.1 51.3 55.8 66.0 46.6 39.9 38.8 56.6 78.5 97.7 114.0 147.8 186.9 182.1 195.8 203.9 221.4 221.2
-9999.0 -9999.0 -9999.0 -9999.0 -9999.0 -9999.0 -9999.0 -9999.0 -9999.0 -9999.0 -9999.0 -9999.0 -9999.0 -9999.0 -9999.0 -9999.0 -9999.0 -9999.0 -9999.0 -9999.0 -9999.0 -9999.0 -9999.0 -9999.0 -9999.0 -9999.0 -9999.0 -9999.0 -9999.0 -9999.0 -9999.0 -9999.0 -9999.0 -9999.0 -9999.0 -9999.0 -9999.0 -9999.0 -9999.0 -9999.0 -9999.0 -9999.0 -9999.0 -9999.0 -9999.0 -9999.0 -9999.0 -9999.0 -9999.0 -9999.0 -9999.0 164.9 134.4 118.9 74.7 62.2 48.4 50.3 42.8 33.9 43.7 40.5 35.5 33.0 34.0 43.6 73.5 113.4 154.6 191.9 215.9 230.8 228.3 220.6 241.5 254.9 258.3
-9999.0 -9999.0 -9999.0 -9999.0 -9999.0 -9999.0 -9999.0 -9999.0 -9999.0 -9999.0 -9999.0 -9999.0 -9999.0 -9999.0 -9999.0 -9999.0 -9999.0 -9999.0 -9999.0 -9999.0 -9999.0 -9999.0 -9999.0 -9999.0 -9999.0 -9999.0 -9999.0 -9999.0 -9999.0 -9999.0 -9999.0 -9999.0 -9999.0 -9999.0 -9999.0 -9999.0 -9999.0 -9999.0 -9999.0 -9999.0 -9999.0 -9999.0 -9999.0 -9999.0 -9999.0 -9999.0 -9999.0 -9999.0 -9999.0 -9999.0 196.2 167.0 148.7 129.0 92.5 75.6 56.1 49.9 47.2 45.1 38.4 40.2 35.1 34.9 37.8 50.4 73.1 102.2 158.3 212.4 236.2 227.1 224.9 249.1 259.7 264.4 271.5
-9999.0 -9999.0 -9999.0 -9999.0 -9999.0 -9999.0 -9999.0 -9999.0 -9999.0 -9999.0 -9999.0 -9999.0 -9999.0 -9999.0 -9999.0 -9999.0 -9999.0 -9999.0 -9999.0 -9999.0 -9999.0 -9999.0 -9999.0 -9999.0 -9999.0 -9999.0 -9999.0 -9999.0 -9999.0 -9999.0 -9999.0 -9999.0 -9999.0 -9999.0 -9999.0 -9999.0 -9999.0 -9999.0 -9999.0 -9999.0 -9999.0 -9999.0 -9999.0 -9999.0 -9999.0 -9999.0 -9999.0 -9999.0 -9999.0 -9999.0 207.3 202.8 144.5 145.8 122.2 93.5 68.5 74.0 63.2 49.4 44.4 50.8 57.4 56.1 53.2 55.9 68.0 78.4 128.3 179.7 216.0 218.2 221.6 235.9 229.8 222.2 265.0
-9999.0 -9999.0 -9999.0 -9999.0 -9999.0 -9999.0 -9999.0 -9999.0 -9999.0 -9999.0 -9999.0 -9999.0 -9999.0 -9999.0 -9999.0 -9999.0 -9999.0 -9999.0 -9999.0 -9999.0 -9999.0 -9999.0 -9999.0 -9999.0 -9999.0 -9999.0 -9999.0 -9999.0 -9999.0 -9999.0 -9999.0 -9999.0 -9999.0 -9999.0 -9999.0 -9999.0 -9999.0 -9999.0 -9999.0 -9999.0 -9999.0 -9999.0 -9999.0 -9999.0 -9999.0 -9999.0 -9999.0 -9999.0 -9999.0 -9999.0 225.4 220.7 174.1 183.1 128.8 105.4 111.5 93.5 82.3 55.6 55.3 68.2 75.7 76.5 71.7 68.1 69.5 78.1 107.1 167.7 193.0 226.9 207.2 228.3 204.2 204.5 245.3
-9999.0 -9999.0 -9999.0 -9999.0 -9999.0 -9999.0 -9999.0 -9999.0 -9999.0 -9999.0 -9999.0 -9999.0 -9999.0 -9999.0 -9999.0 -9999.0 -9999.0 -9999.0 -9999.0 -9999.0 -9999.0 -9999.0 -9999.0 -9999.0 -9999.0 -9999.0 -9999.0 -9999.0 -9999.0 -9999.0 -9999.0 -9999.0 -9999.0 -9999.0 -9999.0 -9999.0 -9999.0 -9999.0 -9999.0 -9999.0 -9999.0 -9999.0 -9999.0 -9999.0 -9999.0 -9999.0 -9999.0 -9999.0 -9999.0 -9999.0 292.0 278.7 234.3 197.1 157.3 142.3 97.2 108.9 99.5 69.5 68.0 67.5 52.3 84.0 91.8 90.4 98.0 104.4 134.9 112.3 160.4 174.3 183.9 190.0 181.8 200.3 225.6
-9999.0 -9999.0 -9999.0 -9999.0 -9999.0 -9999.0 -9999.0 -9999.0 -9999.0 -9999.0 -9999.0 -9999.0 -9999.0 -9999.0 -9999.0 -9999.0 -9999.0 -9999.0 -9999.0 -9999.0 -9999.0 -9999.0 -9999.0 -9999.0 -9999.0 -9999.0 -9999.0 -9999.0 -9999.0 -9999.0 -9999.0 -9999.0 -9999.0 -9999.0 -9999.0 -9999.0 -9999.0 -9999.0 -9999.0 -9999.0 -9999.0 -9999.0 -9999.0 -9999.0 -9999.0 -9999.0 -9999.0 -9999.0 -9999.0 -9999.0 -9999.0 -9999.0 -9999.0 198.1 152.2 123.6 115.5 121.9 99.4 99.0 139.4 67.7 124.9 120.8 125.6 122.2 131.1 114.6 134.2 132.7 121.3 115.5 112.2 119.9 147.1 180.1 210.4
-9999.0 -9999.0 -9999.0 -9999.0 -9999.0 -9999.0 -9999.0 -9999.0 -9999.0 -9999.0 -9999.0 -9999.0 -9999.0 -9999.0 -9999.0 -9999.0 -9999.0 -9999.0 -9999.0 -9999.0 -9999.0 -9999.0 -9999.0 -9999.0 -9999.0 -9999.0 -9999.0 -9999.0 -9999.0 -9999.0 -9999.0 -9999.0 -9999.0 -9999.0 -9999.0 -9999.0 -9999.0 -9999.0 -9999.0 -9999.0 -9999.0 -9999.0 -9999.0 -9999.0 -9999.0 -9999.0 -9999.0 -9999.0 -9999.0 -9999.0 -9999.0 -9999.0 -9999.0 190.0 139.3 155.4 106.2 100.1 134.8 187.2 160.5 140.7 215.7 197.9 196.5 175.4 130.1 155.7 107.7 97.8 85.1 86.0 89.6 103.4 136.1 195.6 217.4
-9999.0 -9999.0 -9999.0 -9999.0 -9999.0 -9999.0 -9999.0 -9999.0 -9999.0 -9999.0 -9999.0 -9999.0 -9999.0 -9999.0 -9999.0 -9999.0 -9999.0 -9999.0 -9999.0 -9999.0 -9999.0 -9999.0 -9999.0 -9999.0 -9999.0 -9999.0 -9999.0 -9999.0 -9999.0 -9999.0 -9999.0 -9999.0 -9999.0 -9999.0 -9999.0 -9999.0 -9999.0 -9999.0 -9999.0 -9999.0 -9999.0 -9999.0 -9999.0 -9999.0 -9999.0 -9999.0 -9999.0 -9999.0 -9999.0 -9999.0 -9999.0 -9999.0 -9999.0 171.9 109.5 119.9 105.3 104.9 147.6 189.3 252.5 270.7 328.2 324.9 248.7 -9999.0 -9999.0 -9999.0 122.6 84.4 89.7 113.5 137.8 157.1 176.4 224.2 236.6
-9999.0 -9999.0 -9999.0 -9999.0 -9999.0 -9999.0 -9999.0 -9999.0 -9999.0 -9999.0 -9999.0 -9999.0 -9999.0 -9999.0 -9999.0 -9999.0 -9999.0 -9999.0 -9999.0 -9999.0 -9999.0 -9999.0 -9999.0 -9999.0 -9999.0 -9999.0 -9999.0 -9999.0 -9999.0 -9999.0 -9999.0 -9999.0 -9999.0 -9999.0 -9999.0 -9999.0 -9999.0 -9999.0 -9999.0 -9999.0 -9999.0 -9999.0 -9999.0 -9999.0 -9999.0 -9999.0 -9999.0 -9999.0 -9999.0 -9999.0 -9999.0 -9999.0 -9999.0 -9999.0 117.7 98.5 73.5 79.9 148.9 233.3 207.7 -9999.0 -9999.0 -9999.0 -9999.0 -9999.0 -9999.0 -9999.0 102.0 101.6 130.8 141.6 176.2 195.1 186.9 198.5 222.8
-9999.0 -9999.0 -9999.0 -9999.0 -9999.0 -9999.0 -9999.0 -9999.0 -9999.0 -9999.0 -9999.0 -9999.0 -9999.0 -9999.0 -9999.0 -9999.0 -9999.0 -9999.0 -9999.0 -9999.0 -9999.0 -9999.0 -9999.0 -9999.0 -9999.0 -9999.0 -9999.0 -9999.0 -9999.0 -9999.0 -9999.0 -9999.0 -9999.0 -9999.0 -9999.0 -9999.0 -9999.0 -9999.0 -9999.0 -9999.0 -9999.0 -9999.0 -9999.0 -9999.0 -9999.0 -9999.0 -9999.0 -9999.0 -9999.0 -9999.0 -9999.0 -9999.0 -9999.0 -9999.0 -9999.0 76.5 112.7 91.4 107.2 181.3 225.1 -9999.0 -9999.0 -9999.0 -9999.0 -9999.0 -9999.0 -9999.0 -9999.0 -9999.0 110.1 -9999.0 -9999.0 -9999.0 -9999.0 -9999.0 184.3
-9999.0 -9999.0 -9999.0 -9999.0 -9999.0 -9999.0 -9999.0 -9999.0 -9999.0 -9999.0 -9999.0 -9999.0 -9999.0 -9999.0 -9999.0 -9999.0 -9999.0 -9999.0 -9999.0 -9999.0 -9999.0 -9999.0 -9999.0 -9999.0 -9999.0 -9999.0 -9999.0 -9999.0 -9999.0 -9999.0 -9999.0 -9999.0 -9999.0 -9999.0 -9999.0 -9999.0 -9999.0 -9999.0 -9999.0 -9999.0 -9999.0 -9999.0 -9999.0 -9999.0 -9999.0 -9999.0 -9999.0 -9999.0 -9999.0 -9999.0 -9999.0 -9999.0 -9999.0 -9999.0 -9999.0 -9999.0 -9999.0 -9999.0 110.8 131.0 -9999.0 -9999.0 -9999.0 -9999.0 -9999.0 -9999.0 -9999.0 -9999.0 -9999.0 -9999.0 -9999.0 -9999.0 -9999.0 -9999.0 -9999.0 107.7 146.0
-9999.0 -9999.0 -9999.0 -9999.0 -9999.0 -9999.0 -9999.0 -9999.0 -9999.0 -9999.0 -9999.0 -9999.0 -9999.0 -9999.0 -9999.0 -9999.0 -9999.0 -9999.0 -9999.0 -9999.0 -9999.0 -9999.0 -9999.0 -9999.0 -9999.0 -9999.0 -9999.0 -9999.0 -9999.0 -9999.0 -9999.0 -9999.0 -9999.0 -9999.0 -9999.0 -9999.0 -9999.0 -9999.0 -9999.0 -9999.0 -9999.0 -9999.0 -9999.0 -9999.0 -9999.0 -9999.0 -9999.0 -9999.0 -9999.0 -9999.0 -9999.0 -9999.0 -9999.0 -9999.0 -9999.0 -9999.0 -9999.0 -9999.0 -9999.0 -9999.0 -9999.0 -9999.0 -9999.0 -9999.0 -9999.0 -9999.0 -9999.0 -9999.0 -9999.0 -9999.0 -9999.0 -9999.0 -9999.0 -9999.0 -9999.0 -9999.0 -9999.0
