program/excelProcessViaJava/data/SURF_CLI_CHN_PRE_MON_GRID_0.5-199604.txt
NCOLS      128
NROWS       72
XLLCORNER    72.000000000000    
YLLCORNER    18.000000000000    
CELLSIZE    0.50000000000000    
NODATA_VALUE   -9999.000    
[rows 35 to 69 of 72, columns 0 to 77 of 128]
-9999.0 -9999.0 -9999.0 -9999.0 -9999.0 -9999.0 -9999.0 0.1 0.0 0.6 0.0 0.0 1.8 0.8 0.8 11.2 4.9 6.6 5.9 3.3 0.6 0.1 0.1 0.1 0.2 0.3 0.3 0.6 1.1 1.5 2.7 4.0 5.3 5.9 5.9 6.5 5.3 4.9 3.7 3.0 2.3 2.0 1.7 1.4 1.3 1.3 1.4 1.4 2.0 1.6 1.9 3.8 9.7 24.2 22.2 8.1 7.8 10.9 30.2 23.5 32.7 22.0 21.2 21.3 21.2 14.7 18.4 18.8 14.9 13.9 10.9 10.2 13.1 19.7 27.5 29.0 27.4 32.4
-9999.0 -9999.0 -9999.0 -9999.0 -9999.0 -9999.0 -9999.0 0.0 0.5 0.0 0.0 0.3 0.1 0.0 0.2 0.0 0.3 0.4 0.0 0.3 0.3 0.1 0.2 0.2 0.3 0.4 0.8 0.8 2.2 3.5 4.0 5.3 6.7 6.8 8.3 8.1 7.8 6.6 5.7 4.7 3.9 3.3 3.0 3.3 2.9 2.8 3.7 4.9 9.5 10.8 19.4 21.5 15.3 19.7 26.6 12.8 13.0 21.7 34.4 37.7 33.0 32.4 30.3 30.5 23.0 19.8 18.7 16.8 17.3 15.3 14.1 13.3 15.5 23.0 28.9 26.7 26.1 28.5
-9999.0 -9999.0 -9999.0 -9999.0 -9999.0 -9999.0 -9999.0 -9999.0 -9999.0 0.0 0.1 0.4 0.0 0.1 0.3 0.6 0.2 0.0 0.1 0.0 0.1 0.3 0.3 0.4 0.6 1.0 1.3 2.0 3.6 3.7 6.9 7.9 9.2 9.5 11.1 11.0 10.4 9.0 7.9 6.6 5.6 4.9 4.5 4.3 4.9 5.8 7.5 9.9 13.6 17.7 23.0 23.9 23.0 21.6 28.5 20.9 18.2 26.3 40.1 40.1 36.4 31.7 28.3 28.5 24.5 20.0 17.5 16.8 20.2 21.4 20.6 19.5 23.1 30.8 33.4 27.8 26.7 29.0
-9999.0 -9999.0 -9999.0 -9999.0 -9999.0 -9999.0 -9999.0 -9999.0 -9999.0 -9999.0 -9999.0 0.0 1.6 0.0 0.2 0.1 0.2 0.3 0.3 0.2 0.1 0.3 0.3 0.7 0.4 1.1 1.4 2.3 3.9 6.0 7.9 8.2 11.3 12.3 13.3 11.5 12.4 11.2 8.5 8.3 7.0 6.3 5.8 5.8 6.7 7.6 10.8 13.5 18.7 23.1 24.5 25.8 25.8 27.3 30.2 30.3 30.7 36.3 38.2 37.0 32.4 27.9 24.4 23.5 20.2 16.8 13.0 18.3 24.2 27.0 26.4 26.2 30.3 37.0 28.7 28.2 28.6 35.6
-9999.0 -9999.0 -9999.0 -9999.0 -9999.0 -9999.0 -9999.0 -9999.0 -9999.0 -9999.0 -9999.0 -9999.0 0.8 1.1 0.1 0.4 0.0 0.2 0.2 0.0 0.7 0.6 0.6 1.2 0.2 1.8 3.2 3.1 5.0 5.0 8.7 11.1 12.8 12.6 13.3 14.2 11.7 12.6 11.5 9.9 8.4 7.3 6.8 6.9 7.6 9.2 12.1 14.8 20.1 25.3 29.9 29.6 26.6 24.8 27.0 29.8 31.6 31.9 29.1 28.3 25.3 21.0 18.1 17.9 20.2 19.1 19.6 25.4 30.7 32.5 27.4 16.1 15.3 21.9 34.4 36.3 43.9 47.0
-9999.0 -9999.0 -9999.0 -9999.0 -9999.0 -9999.0 -9999.0 -9999.0 -9999.0 -9999.0 -9999.0 -9999.0 0.0 2.0 3.4 0.3 2.1 1.0 0.2 0.3 0.5 0.4 0.7 1.7 3.1 3.0 3.8 6.0 6.6 9.3 9.8 10.1 13.1 14.6 14.6 15.5 13.2 12.5 11.7 10.1 8.7 7.7 7.2 7.5 8.3 10.1 12.1 15.1 18.4 24.5 26.6 26.3 23.3 24.1 24.1 26.6 25.9 24.5 21.7 20.7 19.8 19.1 16.8 15.9 22.7 24.1 17.6 25.2 34.3 39.3 38.0 34.7 34.3 41.2 44.2 44.9 44.2 55.2
-9999.0 -9999.0 -9999.0 -9999.0 -9999.0 -9999.0 -9999.0 -9999.0 -9999.0 -9999.0 -9999.0 -9999.0 -9999.0 0.4 0.1 3.0 0.6 1.7 1.9 1.7 1.1 2.2 1.1 3.1 3.3 1.9 2.6 2.7 5.3 7.6 11.1 13.4 12.4 13.4 16.3 15.8 14.9 13.2 9.4 9.2 7.9 7.1 7.2 7.7 8.7 10.0 11.9 14.8 18.4 21.6 22.9 21.1 20.1 23.1 23.8 24.3 22.5 20.0 18.3 15.9 15.1 16.6 17.3 24.9 24.5 28.6 34.2 36.1 44.8 43.9 31.8 34.5 39.5 41.0 42.8 43.4 45.8 44.6
-9999.0 -9999.0 -9999.0 -9999.0 -9999.0 -9999.0 -9999.0 -9999.0 -9999.0 -9999.0 -9999.0 -9999.0 0.3 0.0 0.1 1.4 0.1 0.6 0.8 3.2 3.1 3.1 2.6 3.4 4.3 2.4 3.6 5.3 6.5 7.6 10.2 13.8 11.7 14.5 14.0 14.6 12.3 13.2 11.2 8.6 6.9 6.6 7.2 8.1 9.1 10.2 11.4 12.9 15.2 17.6 19.3 19.7 18.9 20.9 23.5 24.6 22.8 19.8 17.8 17.0 16.2 17.2 21.6 25.4 34.6 39.7 14.7 25.8 48.8 55.7 52.4 46.0 37.7 24.1 22.3 23.0 21.6 24.3
-9999.0 -9999.0 -9999.0 -9999.0 -9999.0 -9999.0 -9999.0 -9999.0 -9999.0 -9999.0 -9999.0 -9999.0 0.1 3.0 1.7 0.0 0.1 2.3 2.6 1.2 3.7 2.2 2.6 3.2 4.6 5.3 5.3 5.7 6.5 8.5 10.7 12.2 11.3 14.8 14.2 12.5 12.6 11.3 9.6 7.6 6.1 6.5 7.9 9.3 10.5 11.2 12.1 13.1 14.5 16.5 17.8 18.0 19.2 22.4 25.9 29.3 26.6 23.8 22.5 21.5 22.6 26.0 34.6 44.1 49.1 30.9 41.5 22.4 23.7 31.1 38.9 40.7 38.0 39.5 39.2 29.4 18.5 39.5
-9999.0 -9999.0 -9999.0 -9999.0 -9999.0 -9999.0 -9999.0 -9999.0 -9999.0 -9999.0 -9999.0 -9999.0 5.1 0.4 4.2 2.6 2.8 0.3 1.5 1.6 0.4 0.5 2.6 1.9 3.1 1.8 2.8 1.9 5.0 6.2 8.1 7.7 12.1 13.7 12.5 10.3 9.7 9.3 8.3 6.0 5.6 7.9 9.2 14.1 13.6 13.7 14.2 14.7 17.0 18.6 18.9 20.0 18.9 20.0 23.0 30.9 29.1 27.4 27.7 30.3 35.0 42.7 50.9 63.0 49.0 25.1 27.3 28.9 32.7 32.8 37.0 52.3 50.8 51.0 58.8 48.6 64.1 40.8
-9999.0 -9999.0 -9999.0 -9999.0 -9999.0 -9999.0 -9999.0 -9999.0 -9999.0 -9999.0 -9999.0 -9999.0 -9999.0 0.0 0.2 2.9 2.1 3.1 1.1 0.8 0.2 1.6 1.1 0.9 3.0 2.4 2.6 2.9 2.3 4.3 3.9 6.2 7.7 10.2 8.9 6.1 6.3 8.2 7.5 6.6 6.6 8.8 12.0 15.4 19.4 19.5 18.6 22.9 19.6 20.5 22.8 19.0 19.0 20.4 21.1 22.9 25.1 27.3 32.7 41.4 52.3 64.0 81.2 73.5 28.0 30.7 40.1 48.9 51.9 58.4 55.9 54.6 64.1 44.8 53.4 41.6 38.1 44.2
-9999.0 -9999.0 -9999.0 -9999.0 -9999.0 -9999.0 -9999.0 -9999.0 -9999.0 -9999.0 -9999.0 -9999.0 -9999.0 11.1 0.4 3.7 0.5 4.3 3.7 2.4 0.4 0.6 0.6 1.3 4.0 2.3 1.7 2.1 1.5 0.5 1.2 2.3 4.9 5.9 4.8 4.6 5.9 7.2 7.0 7.2 8.3 11.6 16.4 20.5 21.7 24.7 25.4 31.3 27.7 25.4 21.6 21.0 18.6 18.9 19.9 19.6 18.2 24.0 37.1 46.7 72.8 87.3 77.0 41.8 36.0 41.1 57.7 70.6 77.8 77.0 74.4 69.8 64.9 65.8 64.9 64.7 67.0 41.3
-9999.0 -9999.0 -9999.0 -9999.0 -9999.0 -9999.0 -9999.0 -9999.0 -9999.0 -9999.0 -9999.0 -9999.0 -9999.0 -9999.0 -9999.0 4.8 6.4 3.8 5.4 6.9 2.0 4.0 4.3 3.2 2.2 1.8 0.4 0.5 0.2 0.4 0.4 0.9 1.2 2.1 3.1 2.8 3.5 5.7 6.5 7.5 10.5 14.5 19.1 24.1 31.6 41.8 34.1 49.2 32.5 35.5 24.4 22.6 18.5 16.9 8.3 15.1 17.4 13.8 43.6 66.5 69.9 69.7 71.8 61.2 51.0 50.3 60.2 69.8 76.2 84.0 79.3 65.5 69.3 68.7 60.2 71.6 66.7 70.4
-9999.0 -9999.0 -9999.0 -9999.0 -9999.0 -9999.0 -9999.0 -9999.0 -9999.0 -9999.0 -9999.0 -9999.0 -9999.0 -9999.0 -9999.0 -9999.0 -9999.0 41.7 25.3 -9999.0 18.0 6.0 10.4 8.8 3.5 2.8 0.5 0.4 0.4 0.2 0.2 0.4 0.5 1.8 2.8 2.1 3.2 2.3 4.4 6.8 10.7 17.3 20.7 25.3 45.2 48.0 110.1 37.6 45.9 33.7 36.3 23.9 18.6 18.8 18.0 18.4 14.8 33.1 49.0 76.1 37.2 64.2 82.3 77.7 68.1 60.1 58.6 63.1 64.9 67.9 56.5 65.4 61.9 46.7 53.3 64.6 63.1 56.1
-9999.0 -9999.0 -9999.0 -9999.0 -9999.0 -9999.0 -9999.0 -9999.0 -9999.0 -9999.0 -9999.0 -9999.0 -9999.0 -9999.0 -9999.0 -9999.0 -9999.0 -9999.0 -9999.0 -9999.0 -9999.0 18.5 12.2 5.0 7.1 10.1 5.7 2.3 0.5 0.3 0.1 0.4 0.7 1.4 2.1 1.6 1.4 1.4 1.7 2.4 5.1 19.7 24.8 27.5 42.9 41.5 136.1 64.8 42.6 46.3 36.9 33.7 30.2 18.8 18.2 23.4 28.2 31.0 64.6 76.7 34.1 56.4 79.1 85.4 78.9 67.2 59.3 57.4 53.1 52.5 48.8 53.7 46.1 37.5 41.7 53.0 61.6 53.8
-9999.0 -9999.0 -9999.0 -9999.0 -9999.0 -9999.0 -9999.0 -9999.0 -9999.0 -9999.0 -9999.0 -9999.0 -9999.0 -9999.0 -9999.0 -9999.0 -9999.0 -9999.0 -9999.0 -9999.0 -9999.0 -9999.0 -9999.0 45.5 20.8 17.5 11.9 5.4 1.2 0.6 0.3 0.4 1.1 2.0 3.3 3.6 5.2 3.2 9.2 15.6 18.0 26.9 21.5 22.9 43.2 125.3 86.8 85.9 106.4 107.3 60.3 41.2 37.1 28.1 16.5 5.0 24.9 43.3 21.3 74.8 43.1 63.2 69.5 59.9 67.3 73.7 69.2 63.4 67.1 54.3 58.6 51.0 46.9 47.2 53.3 62.7 69.4 71.6
-9999.0 -9999.0 -9999.0 -9999.0 -9999.0 -9999.0 -9999.0 -9999.0 -9999.0 -9999.0 -9999.0 -9999.0 -9999.0 -9999.0 -9999.0 -9999.0 -9999.0 -9999.0 -9999.0 -9999.0 -9999.0 -9999.0 -9999.0 -9999.0 -9999.0 66.0 35.3 6.3 4.3 3.0 1.9 2.5 4.2 6.2 7.7 11.0 19.6 11.7 23.4 21.1 35.9 24.4 23.7 31.2 83.2 126.2 128.5 180.3 70.4 102.1 54.7 52.9 42.3 32.9 13.6 7.3 18.2 21.4 52.3 66.1 71.0 69.5 147.0 45.9 55.9 77.4 88.0 83.9 77.6 70.9 59.7 54.2 53.3 54.8 58.0 71.0 76.5 81.8
-9999.0 -9999.0 -9999.0 -9999.0 -9999.0 -9999.0 -9999.0 -9999.0 -9999.0 -9999.0 -9999.0 -9999.0 -9999.0 -9999.0 -9999.0 -9999.0 -9999.0 -9999.0 -9999.0 -9999.0 -9999.0 -9999.0 -9999.0 -9999.0 -9999.0 -9999.0 -9999.0 70.0 58.6 24.8 17.2 15.4 14.1 18.6 21.0 17.2 20.3 20.9 14.1 27.6 41.7 21.1 33.4 66.9 91.2 121.7 150.0 173.3 191.6 146.6 179.8 155.9 50.9 35.2 16.8 11.6 11.8 17.4 40.8 41.0 33.4 71.6 33.7 34.4 52.4 56.1 85.9 96.5 82.0 68.1 61.1 64.1 54.8 61.8 68.5 77.1 80.9 90.2
-9999.0 -9999.0 -9999.0 -9999.0 -9999.0 -9999.0 -9999.0 -9999.0 -9999.0 -9999.0 -9999.0 -9999.0 -9999.0 -9999.0 -9999.0 -9999.0 -9999.0 -9999.0 -9999.0 -9999.0 -9999.0 -9999.0 -9999.0 -9999.0 -9999.0 -9999.0 -9999.0 -9999.0 -9999.0 -9999.0 -9999.0 -9999.0 -9999.0 37.9 40.3 -9999.0 -9999.0 -9999.0 25.0 32.4 28.0 34.3 39.3 71.2 93.3 114.0 -9999.0 -9999.0 -9999.0 -9999.0 -9999.0 -9999.0 78.6 30.0 34.5 28.3 22.8 29.7 29.5 33.6 43.4 64.6 41.7 39.3 43.0 53.3 66.1 68.4 62.8 60.3 57.7 70.2 77.9 75.8 85.2 92.0 91.3 101.0
-9999.0 -9999.0 -9999.0 -9999.0 -9999.0 -9999.0 -9999.0 -9999.0 -9999.0 -9999.0 -9999.0 -9999.0 -9999.0 -9999.0 -9999.0 -9999.0 -9999.0 -9999.0 -9999.0 -9999.0 -9999.0 -9999.0 -9999.0 -9999.0 -9999.0 -9999.0 -9999.0 -9999.0 -9999.0 -9999.0 -9999.0 -9999.0 -9999.0 -9999.0 -9999.0 -9999.0 -9999.0 -9999.0 -9999.0 39.6 43.5 50.0 59.1 70.9 -9999.0 -9999.0 -9999.0 -9999.0 -9999.0 -9999.0 -9999.0 -9999.0 64.9 29.7 23.3 33.2 37.9 35.6 33.6 35.9 41.6 52.6 58.7 44.2 61.6 68.7 71.9 66.7 54.4 49.1 65.3 82.8 82.7 107.2 106.7 109.0 104.5 100.5
-9999.0 -9999.0 -9999.0 -9999.0 -9999.0 -9999.0 -9999.0 -9999.0 -9999.0 -9999.0 -9999.0 -9999.0 -9999.0 -9999.0 -9999.0 -9999.0 -9999.0 -9999.0 -9999.0 -9999.0 -9999.0 -9999.0 -9999.0 -9999.0 -9999.0 -9999.0 -9999.0 -9999.0 -9999.0 -9999.0 -9999.0 -9999.0 -9999.0 -9999.0 -9999.0 -9999.0 -9999.0 -9999.0 -9999.0 -9999.0 -9999.0 -9999.0 -9999.0 -9999.0 -9999.0 -9999.0 -9999.0 -9999.0 -9999.0 -9999.0 -9999.0 -9999.0 83.8 29.7 21.6 20.3 25.7 28.0 29.7 34.0 37.7 43.0 92.2 44.6 56.2 64.0 76.6 74.6 59.7 54.0 66.0 88.6 122.4 117.7 115.8 110.8 104.3 101.1
-9999.0 -9999.0 -9999.0 -9999.0 -9999.0 -9999.0 -9999.0 -9999.0 -9999.0 -9999.0 -9999.0 -9999.0 -9999.0 -9999.0 -9999.0 -9999.0 -9999.0 -9999.0 -9999.0 -9999.0 -9999.0 -9999.0 -9999.0 -9999.0 -9999.0 -9999.0 -9999.0 -9999.0 -9999.0 -9999.0 -9999.0 -9999.0 -9999.0 -9999.0 -9999.0 -9999.0 -9999.0 -9999.0 -9999.0 -9999.0 -9999.0 -9999.0 -9999.0 -9999.0 -9999.0 -9999.0 -9999.0 -9999.0 -9999.0 -9999.0 -9999.0 67.2 43.2 27.7 19.4 16.1 17.5 22.6 24.4 23.2 37.2 40.8 33.5 35.3 43.5 58.9 78.7 83.3 71.3 62.4 64.3 77.7 82.2 86.3 103.0 121.9 119.4 141.5
-9999.0 -9999.0 -9999.0 -9999.0 -9999.0 -9999.0 -9999.0 -9999.0 -9999.0 -9999.0 -9999.0 -9999.0 -9999.0 -9999.0 -9999.0 -9999.0 -9999.0 -9999.0 -9999.0 -9999.0 -9999.0 -9999.0 -9999.0 -9999.0 -9999.0 -9999.0 -9999.0 -9999.0 -9999.0 -9999.0 -9999.0 -9999.0 -9999.0 -9999.0 -9999.0 -9999.0 -9999.0 -9999.0 -9999.0 -9999.0 -9999.0 -9999.0 -9999.0 -9999.0 -9999.0 -9999.0 -9999.0 -9999.0 -9999.0 -9999.0 59.9 49.0 36.2 27.4 19.3 18.0 17.8 19.3 20.6 24.8 24.4 33.3 28.6 32.7 38.1 52.6 71.3 77.2 76.2 67.7 67.7 66.3 79.5 104.3 121.6 135.7 203.9 120.5
-9999.0 -9999.0 -9999.0 -9999.0 -9999.0 -9999.0 -9999.0 -9999.0 -9999.0 -9999.0 -9999.0 -9999.0 -9999.0 -9999.0 -9999.0 -9999.0 -9999.0 -9999.0 -9999.0 -9999.0 -9999.0 -9999.0 -9999.0 -9999.0 -9999.0 -9999.0 -9999.0 -9999.0 -9999.0 -9999.0 -9999.0 -9999.0 -9999.0 -9999.0 -9999.0 -9999.0 -9999.0 -9999.0 -9999.0 -9999.0 -9999.0 -9999.0 -9999.0 -9999.0 -9999.0 -9999.0 -9999.0 -9999.0 -9999.0 -9999.0 43.8 48.1 39.0 33.5 30.1 28.4 36.2 25.9 24.1 20.1 18.7 22.3 22.7 28.7 36.7 36.6 50.2 54.5 62.4 61.6 67.5 75.5 88.8 105.4 125.9 164.0 170.0 209.8
-9999.0 -9999.0 -9999.0 -9999.0 -9999.0 -9999.0 -9999.0 -9999.0 -9999.0 -9999.0 -9999.0 -9999.0 -9999.0 -9999.0 -9999.0 -9999.0 -9999.0 -9999.0 -9999.0 -9999.0 -9999.0 -9999.0 -9999.0 -9999.0 -9999.0 -9999.0 -9999.0 -9999.0 -9999.0 -9999.0 -9999.0 -9999.0 -9999.0 -9999.0 -9999.0 -9999.0 -9999.0 -9999.0 -9999.0 -9999.0 -9999.0 -9999.0 -9999.0 -9999.0 -9999.0 -9999.0 -9999.0 -9999.0 -9999.0 -9999.0 31.7 37.6 38.7 49.7 46.6 47.1 42.5 34.4 29.3 20.5 21.3 26.7 28.6 27.7 37.3 36.8 33.0 35.4 40.2 54.5 54.4 71.3 69.1 82.7 99.5 141.2 141.7 197.1
-9999.0 -9999.0 -9999.0 -9999.0 -9999.0 -9999.0 -9999.0 -9999.0 -9999.0 -9999.0 -9999.0 -9999.0 -9999.0 -9999.0 -9999.0 -9999.0 -9999.0 -9999.0 -9999.0 -9999.0 -9999.0 -9999.0 -9999.0 -9999.0 -9999.0 -9999.0 -9999.0 -9999.0 -9999.0 -9999.0 -9999.0 -9999.0 -9999.0 -9999.0 -9999.0 -9999.0 -9999.0 -9999.0 -9999.0 -9999.0 -9999.0 -9999.0 -9999.0 -9999.0 -9999.0 -9999.0 -9999.0 -9999.0 -9999.0 -9999.0 35.6 48.4 45.6 54.8 57.2 60.2 42.9 38.2 30.9 26.3 33.0 36.9 29.9 37.8 46.2 45.3 47.8 39.5 47.7 26.1 37.6 41.6 47.2 56.2 75.6 125.1 147.8 185.1
-9999.0 -9999.0 -9999.0 -9999.0 -9999.0 -9999.0 -9999.0 -9999.0 -9999.0 -9999.0 -9999.0 -9999.0 -9999.0 -9999.0 -9999.0 -9999.0 -9999.0 -9999.0 -9999.0 -9999.0 -9999.0 -9999.0 -9999.0 -9999.0 -9999.0 -9999.0 -9999.0 -9999.0 -9999.0 -9999.0 -9999.0 -9999.0 -9999.0 -9999.0 -9999.0 -9999.0 -9999.0 -9999.0 -9999.0 -9999.0 -9999.0 -9999.0 -9999.0 -9999.0 -9999.0 -9999.0 -9999.0 -9999.0 -9999.0 -9999.0 -9999.0 -9999.0 -9999.0 48.4 49.4 49.5 45.1 40.7 29.5 40.2 84.5 64.5 86.4 68.7 61.2 52.2 58.8 35.5 41.8 36.0 28.5 28.8 36.7 51.5 80.9 136.6 171.6 182.6
-9999.0 -9999.0 -9999.0 -9999.0 -9999.0 -9999.0 -9999.0 -9999.0 -9999.0 -9999.0 -9999.0 -9999.0 -9999.0 -9999.0 -9999.0 -9999.0 -9999.0 -9999.0 -9999.0 -9999.0 -9999.0 -9999.0 -9999.0 -9999.0 -9999.0 -9999.0 -9999.0 -9999.0 -9999.0 -9999.0 -9999.0 -9999.0 -9999.0 -9999.0 -9999.0 -9999.0 -9999.0 -9999.0 -9999.0 -9999.0 -9999.0 -9999.0 -9999.0 -9999.0 -9999.0 -9999.0 -9999.0 -9999.0 -9999.0 -9999.0 -9999.0 -9999.0 -9999.0 53.1 48.8 81.9 42.6 31.5 43.0 87.8 100.5 113.4 155.6 114.3 92.3 70.8 44.8 59.2 35.1 29.2 22.5 26.7 41.7 64.6 93.5 117.7 148.4 146.9
-9999.0 -9999.0 -9999.0 -9999.0 -9999.0 -9999.0 -9999.0 -9999.0 -9999.0 -9999.0 -9999.0 -9999.0 -9999.0 -9999.0 -9999.0 -9999.0 -9999.0 -9999.0 -9999.0 -9999.0 -9999.0 -9999.0 -9999.0 -9999.0 -9999.0 -9999.0 -9999.0 -9999.0 -9999.0 -9999.0 -9999.0 -9999.0 -9999.0 -9999.0 -9999.0 -9999.0 -9999.0 -9999.0 -9999.0 -9999.0 -9999.0 -9999.0 -9999.0 -9999.0 -9999.0 -9999.0 -9999.0 -9999.0 -9999.0 -9999.0 -9999.0 -9999.0 -9999.0 65.0 46.7 69.0 54.5 42.8 58.8 88.3 150.6 182.7 225.2 206.9 120.2 -9999.0 -9999.0 -9999.0 47.7 28.7 24.2 30.5 49.0 75.4 92.7 95.2 107.3 120.1
-9999.0 -9999.0 -9999.0 -9999.0 -9999.0 -9999.0 -9999.0 -9999.0 -9999.0 -9999.0 -9999.0 -9999.0 -9999.0 -9999.0 -9999.0 -9999.0 -9999.0 -9999.0 -9999.0 -9999.0 -9999.0 -9999.0 -9999.0 -9999.0 -9999.0 -9999.0 -9999.0 -9999.0 -9999.0 -9999.0 -9999.0 -9999.0 -9999.0 -9999.0 -9999.0 -9999.0 -9999.0 -9999.0 -9999.0 -9999.0 -9999.0 -9999.0 -9999.0 -9999.0 -9999.0 -9999.0 -9999.0 -9999.0 -9999.0 -9999.0 -9999.0 -9999.0 -9999.0 -9999.0 78.1 72.4 47.7 43.3 79.0 134.8 128.5 -9999.0 -9999.0 -9999.0 -9999.0 -9999.0 -9999.0 -9999.0 40.2 32.6 32.0 26.4 42.3 67.2 78.2 77.4 75.5 84.5
-9999.0 -9999.0 -9999.0 -9999.0 -9999.0 -9999.0 -9999.0 -9999.0 -9999.0 -9999.0 -9999.0 -9999.0 -9999.0 -9999.0 -9999.0 -9999.0 -9999.0 -9999.0 -9999.0 -9999.0 -9999.0 -9999.0 -9999.0 -9999.0 -9999.0 -9999.0 -9999.0 -9999.0 -9999.0 -9999.0 -9999.0 -9999.0 -9999.0 -9999.0 -9999.0 -9999.0 -9999.0 -9999.0 -9999.0 -9999.0 -9999.0 -9999.0 -9999.0 -9999.0 -9999.0 -9999.0 -9999.0 -9999.0 -9999.0 -9999.0 -9999.0 -9999.0 -9999.0 -9999.0 -9999.0 75.2 110.6 73.4 74.8 122.3 151.2 -9999.0 -9999.0 -9999.0 -9999.0 -9999.0 -9999.0 -9999.0 -9999.0 -9999.0 19.1 -9999.0 -9999.0 -9999.0 -9999.0 -9999.0 55.8 -9999.0
-9999.0 -9999.0 -9999.0 -9999.0 -9999.0 -9999.0 -9999.0 -9999.0 -9999.0 -9999.0 -9999.0 -9999.0 -9999.0 -9999.0 -9999.0 -9999.0 -9999.0 -9999.0 -9999.0 -9999.0 -9999.0 -9999.0 -9999.0 -9999.0 -9999.0 -9999.0 -9999.0 -9999.0 -9999.0 -9999.0 -9999.0 -9999.0 -9999.0 -9999.0 -9999.0 -9999.0 -9999.0 -9999.0 -9999.0 -9999.0 -9999.0 -9999.0 -9999.0 -9999.0 -9999.0 -9999.0 -9999.0 -9999.0 -9999.0 -9999.0 -9999.0 -9999.0 -9999.0 -9999.0 -9999.0 -9999.0 -9999.0 -9999.0 107.5 113.0 -9999.0 -9999.0 -9999.0 -9999.0 -9999.0 -9999.0 -9999.0 -9999.0 -9999.0 -9999.0 -9999.0 -9999.0 -9999.0 -9999.0 -9999.0 43.0 46.0 -9999.0
-9999.0 -9999.0 -9999.0 -9999.0 -9999.0 -9999.0 -9999.0 -9999.0 -9999.0 -9999.0 -9999.0 -9999.0 -9999.0 -9999.0 -9999.0 -9999.0 -9999.0 -9999.0 -9999.0 -9999.0 -9999.0 -9999.0 -9999.0 -9999.0 -9999.0 -9999.0 -9999.0 -9999.0 -9999.0 -9999.0 -9999.0 -9999.0 -9999.0 -9999.0 -9999.0 -9999.0 -9999.0 -9999.0 -9999.0 -9999.0 -9999.0 -9999.0 -9999.0 -9999.0 -9999.0 -9999.0 -9999.0 -9999.0 -9999.0 -9999.0 -9999.0 -9999.0 -9999.0 -9999.0 -9999.0 -9999.0 -9999.0 -9999.0 -9999.0 -9999.0 -9999.0 -9999.0 -9999.0 -9999.0 -9999.0 -9999.0 -9999.0 -9999.0 -9999.0 -9999.0 -9999.0 -9999.0 -9999.0 -9999.0 -9999.0 -9999.0 -9999.0 -9999.0
-9999.0 -9999.0 -9999.0 -9999.0 -9999.0 -9999.0 -9999.0 -9999.0 -9999.0 -9999.0 -9999.0 -9999.0 -9999.0 -9999.0 -9999.0 -9999.0 -9999.0 -9999.0 -9999.0 -9999.0 -9999.0 -9999.0 -9999.0 -9999.0 -9999.0 -9999.0 -9999.0 -9999.0 -9999.0 -9999.0 -9999.0 -9999.0 -9999.0 -9999.0 -9999.0 -9999.0 -9999.0 -9999.0 -9999.0 -9999.0 -9999.0 -9999.0 -9999.0 -9999.0 -9999.0 -9999.0 -9999.0 -9999.0 -9999.0 -9999.0 -9999.0 -9999.0 -9999.0 -9999.0 -9999.0 -9999.0 -9999.0 -9999.0 -9999.0 -9999.0 -9999.0 -9999.0 -9999.0 -9999.0 -9999.0 -9999.0 -9999.0 -9999.0 -9999.0 -9999.0 -9999.0 -9999.0 -9999.0 -9999.0 -9999.0 37.3 51.6 70.6
-9999.0 -9999.0 -9999.0 -9999.0 -9999.0 -9999.0 -9999.0 -9999.0 -9999.0 -9999.0 -9999.0 -9999.0 -9999.0 -9999.0 -9999.0 -9999.0 -9999.0 -9999.0 -9999.0 -9999.0 -9999.0 -9999.0 -9999.0 -9999.0 -9999.0 -9999.0 -9999.0 -9999.0 -9999.0 -9999.0 -9999.0 -9999.0 -9999.0 -9999.0 -9999.0 -9999.0 -9999.0 -9999.0 -9999.0 -9999.0 -9999.0 -9999.0 -9999.0 -9999.0 -9999.0 -9999.0 -9999.0 -9999.0 -9999.0 -9999.0 -9999.0 -9999.0 -9999.0 -9999.0 -9999.0 -9999.0 -9999.0 -9999.0 -9999.0 -9999.0 -9999.0 -9999.0 -9999.0 -9999.0 -9999.0 -9999.0 -9999.0 -9999.0 -9999.0 -9999.0 -9999.0 -9999.0 -9999.0 13.7 35.6 52.9 77.9 -9999.0
