program/excelProcessViaJava/data/SURF_CLI_CHN_PRE_MON_GRID_0.5-199310.txt
NCOLS      128
NROWS       72
XLLCORNER    72.000000000000    
YLLCORNER    18.000000000000    
CELLSIZE    0.50000000000000    
NODATA_VALUE   -9999.000    
[rows 35 to 69 of 72, columns 0 to 77 of 128]
-9999.0 -9999.0 -9999.0 -9999.0 -9999.0 -9999.0 -9999.0 1.0 2.4 1.7 4.9 4.8 2.5 2.9 2.6 0.6 1.1 0.6 0.4 0.4 0.3 0.3 0.2 0.2 0.1 0.1 0.1 0.1 0.1 0.1 0.1 0.2 0.2 0.2 0.4 0.4 1.0 1.2 2.7 3.8 1.3 6.5 5.8 2.7 1.0 0.4 0.6 0.5 0.9 0.3 0.2 0.3 4.0 35.4 31.7 11.5 10.7 12.2 22.9 15.2 19.6 6.5 3.5 3.0 4.5 4.2 8.9 16.0 21.3 29.7 34.6 41.8 57.8 70.6 72.1 72.9 63.8 71.0
-9999.0 -9999.0 -9999.0 -9999.0 -9999.0 -9999.0 -9999.0 3.9 0.4 2.1 3.1 2.1 2.8 3.9 2.4 3.8 1.6 1.2 1.3 0.6 0.4 0.3 0.2 0.2 0.1 0.1 0.1 0.1 0.1 0.1 0.1 0.1 0.2 0.3 0.3 0.4 0.5 1.2 1.7 2.1 3.0 3.7 4.8 9.4 3.2 1.3 2.0 2.4 6.8 5.0 17.7 17.7 8.0 17.8 34.6 17.9 16.5 17.9 20.7 20.3 15.2 13.7 10.7 11.4 10.2 11.2 16.3 27.0 43.2 47.2 56.0 64.9 75.0 79.7 66.9 79.1 76.2 68.9
-9999.0 -9999.0 -9999.0 -9999.0 -9999.0 -9999.0 -9999.0 -9999.0 -9999.0 1.3 1.3 1.2 2.7 2.4 1.8 1.4 1.6 2.4 1.0 1.0 0.4 0.3 0.2 0.2 0.1 0.1 0.1 0.1 0.1 0.1 0.1 0.1 0.1 0.2 0.2 0.3 0.4 0.7 1.0 1.8 2.1 3.2 3.4 3.1 4.5 4.6 4.9 5.0 6.0 7.1 11.8 12.3 13.7 17.0 32.2 25.0 20.3 19.3 22.1 18.3 17.0 19.5 22.4 21.5 22.2 21.4 26.6 40.7 61.2 63.1 69.6 65.6 67.3 70.7 75.3 58.5 61.0 61.9
-9999.0 -9999.0 -9999.0 -9999.0 -9999.0 -9999.0 -9999.0 -9999.0 -9999.0 -9999.0 -9999.0 2.1 0.7 2.4 1.6 1.7 1.3 1.0 0.7 0.5 0.4 0.3 0.2 0.2 0.1 0.1 0.1 0.1 0.1 0.1 0.1 0.1 0.1 0.2 0.2 0.4 0.3 0.6 2.2 1.4 2.6 2.5 2.5 2.6 5.9 4.0 8.3 6.2 8.0 8.1 7.2 10.2 14.8 22.8 33.8 35.8 33.9 31.8 24.6 20.2 20.8 22.0 27.1 32.3 35.0 32.6 36.9 52.3 67.4 72.2 66.9 62.9 51.2 47.1 49.7 50.5 49.8 49.6
-9999.0 -9999.0 -9999.0 -9999.0 -9999.0 -9999.0 -9999.0 -9999.0 -9999.0 -9999.0 -9999.0 -9999.0 0.5 0.6 1.6 1.0 1.9 1.0 0.7 0.8 0.3 0.3 0.2 0.2 0.2 0.1 0.1 0.1 0.1 0.1 0.1 0.1 0.2 0.2 0.2 0.3 0.8 0.6 0.6 0.8 1.1 1.6 2.1 3.5 4.1 5.6 7.8 5.8 7.0 7.9 12.8 15.3 17.2 21.8 31.3 40.7 44.1 42.7 29.1 28.9 25.7 29.6 34.3 40.0 44.9 53.6 53.4 65.9 73.5 75.4 57.3 50.1 46.3 46.5 45.2 81.8 44.4 34.3
-9999.0 -9999.0 -9999.0 -9999.0 -9999.0 -9999.0 -9999.0 -9999.0 -9999.0 -9999.0 -9999.0 -9999.0 1.7 0.3 0.3 1.0 0.5 0.6 0.8 0.5 0.4 0.3 0.2 0.2 0.1 0.1 0.1 0.1 0.1 0.1 0.1 0.2 0.2 0.2 0.2 0.3 0.6 0.9 1.0 1.2 1.1 1.5 3.7 2.9 5.6 8.8 7.4 7.6 6.5 9.6 11.1 15.9 19.1 27.8 35.5 44.9 47.2 45.4 39.5 36.6 35.6 38.0 44.3 53.1 54.1 65.0 53.5 62.7 65.1 69.5 80.4 99.1 100.7 64.1 54.9 37.0 23.0 31.0
-9999.0 -9999.0 -9999.0 -9999.0 -9999.0 -9999.0 -9999.0 -9999.0 -9999.0 -9999.0 -9999.0 -9999.0 -9999.0 0.5 1.3 0.3 0.7 0.5 0.4 0.4 0.3 0.3 0.2 0.2 0.2 0.1 0.1 0.1 0.1 0.1 0.2 0.2 0.2 0.3 0.3 0.3 0.4 0.8 3.7 2.6 2.8 4.2 4.6 8.3 7.6 8.2 12.0 15.2 16.4 16.1 17.2 18.4 23.7 37.7 42.6 48.2 50.0 50.1 52.5 52.0 52.9 54.1 59.0 60.7 53.7 67.3 81.8 84.3 87.4 81.1 72.2 69.8 68.8 59.7 57.1 32.1 19.1 10.5
-9999.0 -9999.0 -9999.0 -9999.0 -9999.0 -9999.0 -9999.0 -9999.0 -9999.0 -9999.0 -9999.0 -9999.0 0.3 1.1 0.9 0.4 1.1 0.6 0.5 0.3 0.3 0.3 0.2 0.2 0.2 0.2 0.1 0.2 0.2 0.2 0.2 0.3 0.3 0.3 0.4 0.4 0.9 0.9 1.5 2.6 7.3 12.5 17.2 9.2 13.6 17.1 18.4 18.8 21.6 22.6 27.0 32.3 31.1 39.7 45.9 51.3 53.8 57.9 61.0 69.4 72.8 75.7 77.9 85.6 82.2 81.4 63.2 79.1 101.3 108.6 100.0 81.2 59.7 38.6 27.0 19.0 13.7 12.0
-9999.0 -9999.0 -9999.0 -9999.0 -9999.0 -9999.0 -9999.0 -9999.0 -9999.0 -9999.0 -9999.0 -9999.0 0.5 0.1 0.2 1.8 1.2 0.4 0.4 0.5 0.3 0.3 0.3 0.3 0.2 0.2 0.2 0.2 0.2 0.2 0.3 0.3 0.4 0.5 0.6 0.7 0.9 1.6 2.5 3.3 5.6 7.3 10.2 15.0 20.9 28.1 37.7 38.3 36.8 28.0 28.1 35.3 34.9 41.9 50.9 60.0 59.6 63.6 74.4 82.4 91.8 100.0 95.9 86.4 84.5 69.2 83.1 72.3 75.7 83.4 82.2 70.3 55.8 50.2 43.7 24.1 18.3 16.1
-9999.0 -9999.0 -9999.0 -9999.0 -9999.0 -9999.0 -9999.0 -9999.0 -9999.0 -9999.0 -9999.0 -9999.0 0.0 0.3 0.1 0.2 0.3 1.0 0.5 0.5 0.8 0.7 0.4 0.4 0.3 0.3 0.2 0.2 0.2 0.3 0.4 0.4 0.7 1.0 1.1 1.2 1.7 2.7 4.0 7.5 9.7 10.5 24.8 16.9 31.4 48.1 55.9 50.9 41.8 37.7 36.0 32.0 52.6 55.6 52.3 68.5 66.4 71.0 82.0 101.3 113.5 119.6 131.0 97.3 67.6 67.6 65.4 64.8 69.4 71.3 71.4 75.9 64.3 60.1 93.0 40.9 53.4 22.9
-9999.0 -9999.0 -9999.0 -9999.0 -9999.0 -9999.0 -9999.0 -9999.0 -9999.0 -9999.0 -9999.0 -9999.0 -9999.0 1.4 0.9 0.2 0.3 0.3 0.8 1.0 1.8 0.8 0.8 0.7 0.5 0.4 0.3 0.3 0.2 0.3 0.3 0.5 0.8 1.4 1.7 2.2 3.2 4.4 7.1 10.0 14.7 32.9 46.1 47.5 41.9 52.1 64.7 51.8 59.5 50.0 33.9 46.7 42.5 41.6 51.8 55.2 68.6 76.4 87.5 104.6 124.7 147.2 143.9 79.6 60.4 59.1 61.4 65.1 69.7 78.1 78.9 74.0 73.2 52.2 48.1 37.1 33.3 34.0
-9999.0 -9999.0 -9999.0 -9999.0 -9999.0 -9999.0 -9999.0 -9999.0 -9999.0 -9999.0 -9999.0 -9999.0 -9999.0 0.0 0.7 0.2 1.2 0.3 0.6 1.0 2.3 1.9 1.7 1.2 0.8 0.6 0.4 0.4 0.3 0.3 0.3 0.5 1.0 1.5 2.1 3.0 4.2 6.2 10.9 25.1 24.5 36.7 49.1 59.0 85.4 70.0 71.5 55.6 53.4 45.6 48.7 28.2 42.2 50.4 53.9 48.5 51.2 63.6 82.9 108.1 132.1 125.3 85.0 74.7 60.7 55.9 62.7 74.2 83.1 90.6 95.8 92.7 81.3 69.9 60.0 56.3 61.3 49.7
-9999.0 -9999.0 -9999.0 -9999.0 -9999.0 -9999.0 -9999.0 -9999.0 -9999.0 -9999.0 -9999.0 -9999.0 -9999.0 -9999.0 -9999.0 0.2 0.2 0.7 0.7 0.9 2.4 1.9 1.8 1.8 1.5 1.1 1.0 0.5 0.4 0.3 0.3 0.4 0.9 1.5 2.3 4.3 7.6 6.1 10.6 18.4 36.9 52.6 61.6 65.5 53.8 55.4 70.9 51.7 56.5 30.2 35.1 60.4 37.6 39.3 28.5 35.7 38.7 45.3 77.0 107.1 104.8 82.0 102.6 87.0 68.3 59.2 66.8 84.7 94.0 100.0 107.9 105.6 99.5 88.1 73.7 78.8 75.0 82.1
-9999.0 -9999.0 -9999.0 -9999.0 -9999.0 -9999.0 -9999.0 -9999.0 -9999.0 -9999.0 -9999.0 -9999.0 -9999.0 -9999.0 -9999.0 -9999.0 -9999.0 0.0 0.2 -9999.0 1.2 3.0 2.6 2.7 2.7 2.0 1.9 0.9 0.4 0.3 0.2 0.3 1.0 1.3 2.4 2.8 8.0 3.2 9.2 17.3 31.4 56.8 59.9 59.5 38.0 52.8 77.8 82.2 45.2 46.3 23.5 28.6 22.7 38.1 37.8 35.6 25.4 51.7 69.8 100.5 50.7 68.8 97.2 96.0 75.5 61.3 67.1 82.0 90.5 92.7 98.8 105.9 106.0 91.8 88.2 91.5 85.2 81.8
-9999.0 -9999.0 -9999.0 -9999.0 -9999.0 -9999.0 -9999.0 -9999.0 -9999.0 -9999.0 -9999.0 -9999.0 -9999.0 -9999.0 -9999.0 -9999.0 -9999.0 -9999.0 -9999.0 -9999.0 -9999.0 3.1 4.5 6.1 4.4 3.5 2.6 1.5 0.7 0.3 0.2 0.4 0.6 0.9 1.3 1.7 2.1 2.5 2.4 2.1 5.4 51.3 65.4 63.4 30.1 58.2 74.0 53.0 84.6 191.2 38.0 75.6 63.2 23.2 28.5 40.7 43.5 38.4 93.2 89.0 36.4 48.4 78.8 88.3 79.6 65.8 69.2 79.7 85.9 82.7 84.4 99.0 99.1 88.1 84.2 84.1 80.7 72.9
-9999.0 -9999.0 -9999.0 -9999.0 -9999.0 -9999.0 -9999.0 -9999.0 -9999.0 -9999.0 -9999.0 -9999.0 -9999.0 -9999.0 -9999.0 -9999.0 -9999.0 -9999.0 -9999.0 -9999.0 -9999.0 -9999.0 -9999.0 4.8 6.2 5.6 4.4 2.8 1.6 0.5 0.3 0.4 1.6 1.1 2.2 2.3 4.9 2.2 10.4 21.4 28.2 51.9 38.1 27.5 22.9 47.2 47.8 49.4 48.2 43.3 28.7 59.5 25.4 30.8 20.8 9.7 36.9 65.5 32.6 87.0 48.2 57.3 57.9 61.6 64.3 66.2 72.6 82.6 85.6 82.4 91.9 95.2 93.3 91.2 80.7 79.5 84.3 79.5
-9999.0 -9999.0 -9999.0 -9999.0 -9999.0 -9999.0 -9999.0 -9999.0 -9999.0 -9999.0 -9999.0 -9999.0 -9999.0 -9999.0 -9999.0 -9999.0 -9999.0 -9999.0 -9999.0 -9999.0 -9999.0 -9999.0 -9999.0 -9999.0 -9999.0 5.0 7.1 8.0 4.6 5.9 1.5 0.6 0.7 1.3 0.9 4.2 16.2 3.6 15.7 11.8 38.4 25.3 3.3 9.2 19.1 34.4 43.6 66.2 51.1 37.9 71.7 46.6 62.3 51.1 18.9 16.5 37.9 37.1 78.5 86.7 88.5 81.6 131.2 60.1 58.3 64.2 74.0 78.7 83.5 90.1 93.2 94.5 83.0 88.4 85.4 79.8 79.9 87.3
-9999.0 -9999.0 -9999.0 -9999.0 -9999.0 -9999.0 -9999.0 -9999.0 -9999.0 -9999.0 -9999.0 -9999.0 -9999.0 -9999.0 -9999.0 -9999.0 -9999.0 -9999.0 -9999.0 -9999.0 -9999.0 -9999.0 -9999.0 -9999.0 -9999.0 -9999.0 -9999.0 2.6 2.4 2.9 1.6 1.1 4.5 0.6 2.3 0.1 1.0 1.1 0.1 4.5 19.7 4.5 1.8 5.5 12.4 22.4 34.5 48.5 63.6 50.9 80.6 87.5 40.6 33.5 29.2 40.1 27.5 33.7 76.3 73.6 83.9 102.5 65.0 58.7 57.6 53.6 63.9 74.4 79.2 83.9 87.3 92.8 75.2 80.8 75.4 78.4 100.5 108.5
-9999.0 -9999.0 -9999.0 -9999.0 -9999.0 -9999.0 -9999.0 -9999.0 -9999.0 -9999.0 -9999.0 -9999.0 -9999.0 -9999.0 -9999.0 -9999.0 -9999.0 -9999.0 -9999.0 -9999.0 -9999.0 -9999.0 -9999.0 -9999.0 -9999.0 -9999.0 -9999.0 -9999.0 -9999.0 -9999.0 -9999.0 -9999.0 -9999.0 0.2 1.5 -9999.0 -9999.0 -9999.0 0.0 0.6 0.2 0.2 1.7 2.3 5.8 12.3 -9999.0 -9999.0 -9999.0 -9999.0 -9999.0 -9999.0 48.6 57.3 34.5 35.0 41.3 47.3 63.3 85.9 106.7 112.0 86.9 69.8 53.8 43.7 40.2 43.3 55.8 66.7 68.3 77.5 81.9 72.1 83.3 82.6 110.5 106.2
-9999.0 -9999.0 -9999.0 -9999.0 -9999.0 -9999.0 -9999.0 -9999.0 -9999.0 -9999.0 -9999.0 -9999.0 -9999.0 -9999.0 -9999.0 -9999.0 -9999.0 -9999.0 -9999.0 -9999.0 -9999.0 -9999.0 -9999.0 -9999.0 -9999.0 -9999.0 -9999.0 -9999.0 -9999.0 -9999.0 -9999.0 -9999.0 -9999.0 -9999.0 -9999.0 -9999.0 -9999.0 -9999.0 -9999.0 0.0 0.0 0.0 0.1 0.4 -9999.0 -9999.0 -9999.0 -9999.0 -9999.0 -9999.0 -9999.0 -9999.0 48.4 80.4 52.9 51.0 61.2 67.8 81.1 106.9 127.7 116.8 96.4 73.9 57.1 41.7 32.8 30.8 38.4 48.6 58.4 65.2 64.9 79.9 76.7 88.6 102.7 106.5
-9999.0 -9999.0 -9999.0 -9999.0 -9999.0 -9999.0 -9999.0 -9999.0 -9999.0 -9999.0 -9999.0 -9999.0 -9999.0 -9999.0 -9999.0 -9999.0 -9999.0 -9999.0 -9999.0 -9999.0 -9999.0 -9999.0 -9999.0 -9999.0 -9999.0 -9999.0 -9999.0 -9999.0 -9999.0 -9999.0 -9999.0 -9999.0 -9999.0 -9999.0 -9999.0 -9999.0 -9999.0 -9999.0 -9999.0 -9999.0 -9999.0 -9999.0 -9999.0 -9999.0 -9999.0 -9999.0 -9999.0 -9999.0 -9999.0 -9999.0 -9999.0 -9999.0 43.8 106.3 74.6 91.5 84.9 85.1 92.0 115.0 136.2 127.0 143.0 80.6 65.8 47.1 31.4 25.4 28.4 35.5 43.1 53.0 74.5 73.6 79.8 81.6 95.9 99.8
-9999.0 -9999.0 -9999.0 -9999.0 -9999.0 -9999.0 -9999.0 -9999.0 -9999.0 -9999.0 -9999.0 -9999.0 -9999.0 -9999.0 -9999.0 -9999.0 -9999.0 -9999.0 -9999.0 -9999.0 -9999.0 -9999.0 -9999.0 -9999.0 -9999.0 -9999.0 -9999.0 -9999.0 -9999.0 -9999.0 -9999.0 -9999.0 -9999.0 -9999.0 -9999.0 -9999.0 -9999.0 -9999.0 -9999.0 -9999.0 -9999.0 -9999.0 -9999.0 -9999.0 -9999.0 -9999.0 -9999.0 -9999.0 -9999.0 -9999.0 -9999.0 49.5 75.4 127.0 87.8 108.6 104.9 100.5 93.5 105.5 140.3 137.5 106.2 85.8 70.0 54.7 35.6 26.4 25.9 26.9 30.8 39.3 46.7 54.6 63.1 68.5 80.3 85.0
-9999.0 -9999.0 -9999.0 -9999.0 -9999.0 -9999.0 -9999.0 -9999.0 -9999.0 -9999.0 -9999.0 -9999.0 -9999.0 -9999.0 -9999.0 -9999.0 -9999.0 -9999.0 -9999.0 -9999.0 -9999.0 -9999.0 -9999.0 -9999.0 -9999.0 -9999.0 -9999.0 -9999.0 -9999.0 -9999.0 -9999.0 -9999.0 -9999.0 -9999.0 -9999.0 -9999.0 -9999.0 -9999.0 -9999.0 -9999.0 -9999.0 -9999.0 -9999.0 -9999.0 -9999.0 -9999.0 -9999.0 -9999.0 -9999.0 -9999.0 26.9 110.0 153.3 176.6 156.8 151.2 119.0 96.2 87.0 107.2 121.9 140.1 100.7 80.7 59.6 50.4 46.1 32.8 30.6 25.2 28.3 33.2 41.4 47.1 50.6 54.8 60.8 71.0
-9999.0 -9999.0 -9999.0 -9999.0 -9999.0 -9999.0 -9999.0 -9999.0 -9999.0 -9999.0 -9999.0 -9999.0 -9999.0 -9999.0 -9999.0 -9999.0 -9999.0 -9999.0 -9999.0 -9999.0 -9999.0 -9999.0 -9999.0 -9999.0 -9999.0 -9999.0 -9999.0 -9999.0 -9999.0 -9999.0 -9999.0 -9999.0 -9999.0 -9999.0 -9999.0 -9999.0 -9999.0 -9999.0 -9999.0 -9999.0 -9999.0 -9999.0 -9999.0 -9999.0 -9999.0 -9999.0 -9999.0 -9999.0 -9999.0 -9999.0 34.2 203.9 166.0 254.2 242.7 196.7 150.2 117.2 94.9 86.8 91.3 95.3 70.2 56.4 44.7 45.1 46.9 37.8 32.1 27.1 30.0 36.1 40.4 38.9 38.6 42.5 45.1 59.6
-9999.0 -9999.0 -9999.0 -9999.0 -9999.0 -9999.0 -9999.0 -9999.0 -9999.0 -9999.0 -9999.0 -9999.0 -9999.0 -9999.0 -9999.0 -9999.0 -9999.0 -9999.0 -9999.0 -9999.0 -9999.0 -9999.0 -9999.0 -9999.0 -9999.0 -9999.0 -9999.0 -9999.0 -9999.0 -9999.0 -9999.0 -9999.0 -9999.0 -9999.0 -9999.0 -9999.0 -9999.0 -9999.0 -9999.0 -9999.0 -9999.0 -9999.0 -9999.0 -9999.0 -9999.0 -9999.0 -9999.0 -9999.0 -9999.0 -9999.0 33.7 132.4 157.5 348.1 281.0 236.9 201.3 145.0 109.6 89.9 79.8 76.5 59.0 41.3 37.3 41.7 48.6 42.9 33.2 32.9 28.7 34.7 32.2 30.3 30.4 33.9 31.9 43.6
-9999.0 -9999.0 -9999.0 -9999.0 -9999.0 -9999.0 -9999.0 -9999.0 -9999.0 -9999.0 -9999.0 -9999.0 -9999.0 -9999.0 -9999.0 -9999.0 -9999.0 -9999.0 -9999.0 -9999.0 -9999.0 -9999.0 -9999.0 -9999.0 -9999.0 -9999.0 -9999.0 -9999.0 -9999.0 -9999.0 -9999.0 -9999.0 -9999.0 -9999.0 -9999.0 -9999.0 -9999.0 -9999.0 -9999.0 -9999.0 -9999.0 -9999.0 -9999.0 -9999.0 -9999.0 -9999.0 -9999.0 -9999.0 -9999.0 -9999.0 115.0 253.1 268.8 344.6 331.5 298.7 233.4 179.0 131.7 96.0 80.9 66.9 55.9 42.4 38.7 42.9 51.6 52.0 47.6 22.7 25.1 23.7 23.6 24.6 25.9 29.5 25.8 25.9
-9999.0 -9999.0 -9999.0 -9999.0 -9999.0 -9999.0 -9999.0 -9999.0 -9999.0 -9999.0 -9999.0 -9999.0 -9999.0 -9999.0 -9999.0 -9999.0 -9999.0 -9999.0 -9999.0 -9999.0 -9999.0 -9999.0 -9999.0 -9999.0 -9999.0 -9999.0 -9999.0 -9999.0 -9999.0 -9999.0 -9999.0 -9999.0 -9999.0 -9999.0 -9999.0 -9999.0 -9999.0 -9999.0 -9999.0 -9999.0 -9999.0 -9999.0 -9999.0 -9999.0 -9999.0 -9999.0 -9999.0 -9999.0 -9999.0 -9999.0 -9999.0 -9999.0 -9999.0 286.4 297.0 287.9 253.0 199.6 145.6 104.5 109.3 74.3 67.1 53.3 46.3 48.3 56.3 50.8 47.3 35.0 23.8 18.6 19.0 23.5 27.7 27.5 21.1 14.1
-9999.0 -9999.0 -9999.0 -9999.0 -9999.0 -9999.0 -9999.0 -9999.0 -9999.0 -9999.0 -9999.0 -9999.0 -9999.0 -9999.0 -9999.0 -9999.0 -9999.0 -9999.0 -9999.0 -9999.0 -9999.0 -9999.0 -9999.0 -9999.0 -9999.0 -9999.0 -9999.0 -9999.0 -9999.0 -9999.0 -9999.0 -9999.0 -9999.0 -9999.0 -9999.0 -9999.0 -9999.0 -9999.0 -9999.0 -9999.0 -9999.0 -9999.0 -9999.0 -9999.0 -9999.0 -9999.0 -9999.0 -9999.0 -9999.0 -9999.0 -9999.0 -9999.0 -9999.0 275.6 269.6 337.2 243.5 187.1 146.8 132.1 100.6 77.1 81.1 64.2 57.0 53.6 43.1 58.1 36.9 29.3 19.7 16.7 20.3 26.7 28.0 20.4 11.4 9.7
-9999.0 -9999.0 -9999.0 -9999.0 -9999.0 -9999.0 -9999.0 -9999.0 -9999.0 -9999.0 -9999.0 -9999.0 -9999.0 -9999.0 -9999.0 -9999.0 -9999.0 -9999.0 -9999.0 -9999.0 -9999.0 -9999.0 -9999.0 -9999.0 -9999.0 -9999.0 -9999.0 -9999.0 -9999.0 -9999.0 -9999.0 -9999.0 -9999.0 -9999.0 -9999.0 -9999.0 -9999.0 -9999.0 -9999.0 -9999.0 -9999.0 -9999.0 -9999.0 -9999.0 -9999.0 -9999.0 -9999.0 -9999.0 -9999.0 -9999.0 -9999.0 -9999.0 -9999.0 257.1 206.0 271.7 221.7 165.6 135.0 109.4 105.7 87.3 87.4 75.6 43.4 -9999.0 -9999.0 -9999.0 39.0 22.8 19.0 20.8 24.7 27.5 23.6 17.0 8.9 12.8
-9999.0 -9999.0 -9999.0 -9999.0 -9999.0 -9999.0 -9999.0 -9999.0 -9999.0 -9999.0 -9999.0 -9999.0 -9999.0 -9999.0 -9999.0 -9999.0 -9999.0 -9999.0 -9999.0 -9999.0 -9999.0 -9999.0 -9999.0 -9999.0 -9999.0 -9999.0 -9999.0 -9999.0 -9999.0 -9999.0 -9999.0 -9999.0 -9999.0 -9999.0 -9999.0 -9999.0 -9999.0 -9999.0 -9999.0 -9999.0 -9999.0 -9999.0 -9999.0 -9999.0 -9999.0 -9999.0 -9999.0 -9999.0 -9999.0 -9999.0 -9999.0 -9999.0 -9999.0 -9999.0 225.6 210.4 149.5 113.2 113.4 108.7 56.5 -9999.0 -9999.0 -9999.0 -9999.0 -9999.0 -9999.0 -9999.0 17.4 21.6 32.0 18.3 20.5 25.8 20.1 13.5 16.6 25.9
-9999.0 -9999.0 -9999.0 -9999.0 -9999.0 -9999.0 -9999.0 -9999.0 -9999.0 -9999.0 -9999.0 -9999.0 -9999.0 -9999.0 -9999.0 -9999.0 -9999.0 -9999.0 -9999.0 -9999.0 -9999.0 -9999.0 -9999.0 -9999.0 -9999.0 -9999.0 -9999.0 -9999.0 -9999.0 -9999.0 -9999.0 -9999.0 -9999.0 -9999.0 -9999.0 -9999.0 -9999.0 -9999.0 -9999.0 -9999.0 -9999.0 -9999.0 -9999.0 -9999.0 -9999.0 -9999.0 -9999.0 -9999.0 -9999.0 -9999.0 -9999.0 -9999.0 -9999.0 -9999.0 -9999.0 139.1 166.8 93.9 60.1 58.7 39.6 -9999.0 -9999.0 -9999.0 -9999.0 -9999.0 -9999.0 -9999.0 -9999.0 -9999.0 12.3 -9999.0 -9999.0 -9999.0 -9999.0 -9999.0 28.5 -9999.0
-9999.0 -9999.0 -9999.0 -9999.0 -9999.0 -9999.0 -9999.0 -9999.0 -9999.0 -9999.0 -9999.0 -9999.0 -9999.0 -9999.0 -9999.0 -9999.0 -9999.0 -9999.0 -9999.0 -9999.0 -9999.0 -9999.0 -9999.0 -9999.0 -9999.0 -9999.0 -9999.0 -9999.0 -9999.0 -9999.0 -9999.0 -9999.0 -9999.0 -9999.0 -9999.0 -9999.0 -9999.0 -9999.0 -9999.0 -9999.0 -9999.0 -9999.0 -9999.0 -9999.0 -9999.0 -9999.0 -9999.0 -9999.0 -9999.0 -9999.0 -9999.0 -9999.0 -9999.0 -9999.0 -9999.0 -9999.0 -9999.0 -9999.0 38.8 17.1 -9999.0 -9999.0 -9999.0 -9999.0 -9999.0 -9999.0 -9999.0 -9999.0 -9999.0 -9999.0 -9999.0 -9999.0 -9999.0 -9999.0 -9999.0 47.8 56.4 -9999.0
-9999.0 -9999.0 -9999.0 -9999.0 -9999.0 -9999.0 -9999.0 -9999.0 -9999.0 -9999.0 -9999.0 -9999.0 -9999.0 -9999.0 -9999.0 -9999.0 -9999.0 -9999.0 -9999.0 -9999.0 -9999.0 -9999.0 -9999.0 -9999.0 -9999.0 -9999.0 -9999.0 -9999.0 -9999.0 -9999.0 -9999.0 -9999.0 -9999.0 -9999.0 -9999.0 -9999.0 -9999.0 -9999.0 -9999.0 -9999.0 -9999.0 -9999.0 -9999.0 -9999.0 -9999.0 -9999.0 -9999.0 -9999.0 -9999.0 -9999.0 -9999.0 -9999.0 -9999.0 -9999.0 -9999.0 -9999.0 -9999.0 -9999.0 -9999.0 -9999.0 -9999.0 -9999.0 -9999.0 -9999.0 -9999.0 -9999.0 -9999.0 -9999.0 -9999.0 -9999.0 -9999.0 -9999.0 -9999.0 -9999.0 -9999.0 -9999.0 -9999.0 -9999.0
-9999.0 -9999.0 -9999.0 -9999.0 -9999.0 -9999.0 -9999.0 -9999.0 -9999.0 -9999.0 -9999.0 -9999.0 -9999.0 -9999.0 -9999.0 -9999.0 -9999.0 -9999.0 -9999.0 -9999.0 -9999.0 -9999.0 -9999.0 -9999.0 -9999.0 -9999.0 -9999.0 -9999.0 -9999.0 -9999.0 -9999.0 -9999.0 -9999.0 -9999.0 -9999.0 -9999.0 -9999.0 -9999.0 -9999.0 -9999.0 -9999.0 -9999.0 -9999.0 -9999.0 -9999.0 -9999.0 -9999.0 -9999.0 -9999.0 -9999.0 -9999.0 -9999.0 -9999.0 -9999.0 -9999.0 -9999.0 -9999.0 -9999.0 -9999.0 -9999.0 -9999.0 -9999.0 -9999.0 -9999.0 -9999.0 -9999.0 -9999.0 -9999.0 -9999.0 -9999.0 -9999.0 -9999.0 -9999.0 -9999.0 -9999.0 268.5 273.3 283.5
-9999.0 -9999.0 -9999.0 -9999.0 -9999.0 -9999.0 -9999.0 -9999.0 -9999.0 -9999.0 -9999.0 -9999.0 -9999.0 -9999.0 -9999.0 -9999.0 -9999.0 -9999.0 -9999.0 -9999.0 -9999.0 -9999.0 -9999.0 -9999.0 -9999.0 -9999.0 -9999.0 -9999.0 -9999.0 -9999.0 -9999.0 -9999.0 -9999.0 -9999.0 -9999.0 -9999.0 -9999.0 -9999.0 -9999.0 -9999.0 -9999.0 -9999.0 -9999.0 -9999.0 -9999.0 -9999.0 -9999.0 -9999.0 -9999.0 -9999.0 -9999.0 -9999.0 -9999.0 -9999.0 -9999.0 -9999.0 -9999.0 -9999.0 -9999.0 -9999.0 -9999.0 -9999.0 -9999.0 -9999.0 -9999.0 -9999.0 -9999.0 -9999.0 -9999.0 -9999.0 -9999.0 -9999.0 -9999.0 54.5 279.7 375.0 483.1 -9999.0
