program/excelProcessViaJava/data/SURF_CLI_CHN_PRE_MON_GRID_0.5-198809.txt
NCOLS      128
NROWS       72
XLLCORNER    72.000000000000    
YLLCORNER    18.000000000000    
CELLSIZE    0.50000000000000    
NODATA_VALUE   -9999.000    
[rows 34 to 67 of 72, columns 0 to 75 of 128]
-9999.0 -9999.0 -9999.0 -9999.0 7.5 6.0 10.4 6.4 13.9 13.5 6.4 12.2 9.2 9.4 4.0 3.8 3.5 1.9 1.2 1.2 2.0 2.9 4.6 10.9 24.5 34.6 30.4 34.4 36.1 38.6 39.9 45.4 41.1 40.4 41.3 35.3 40.7 44.5 29.7 16.7 24.7 6.0 3.8 1.6 1.3 1.2 1.5 2.6 4.9 10.0 17.1 26.4 35.2 46.1 54.7 64.4 73.4 86.2 96.5 66.7 97.5 68.2 62.2 60.6 45.7 34.1 51.0 43.2 45.8 60.4 54.9 57.8 57.5 56.1 50.4 39.7
-9999.0 -9999.0 -9999.0 -9999.0 -9999.0 -9999.0 -9999.0 5.6 7.9 6.9 11.8 12.1 8.4 9.6 9.7 3.6 5.7 3.4 2.9 4.8 9.9 15.5 18.4 20.1 22.3 25.0 29.8 33.8 37.3 42.7 44.6 45.8 45.7 47.5 50.2 44.3 50.3 45.1 51.9 52.0 27.1 52.3 44.3 25.7 11.2 3.9 6.9 6.7 10.7 11.1 15.7 23.2 31.5 39.5 51.0 59.7 62.2 64.8 91.9 79.3 98.5 73.2 62.0 62.4 62.0 44.4 48.8 56.0 55.6 62.7 63.3 65.7 66.9 63.1 55.7 42.4
-9999.0 -9999.0 -9999.0 -9999.0 -9999.0 -9999.0 -9999.0 7.9 4.3 6.7 8.1 7.1 8.3 10.5 8.7 12.5 8.8 8.8 12.2 9.9 10.8 14.4 15.4 17.9 20.3 23.6 26.9 32.9 34.4 37.2 43.3 46.0 47.5 52.3 48.7 49.4 47.0 51.2 50.4 47.9 49.4 48.7 50.1 62.5 34.3 18.4 22.6 23.1 31.9 24.8 31.4 26.9 26.2 34.0 47.2 55.7 60.3 68.0 81.8 89.2 87.0 88.6 81.2 80.0 59.6 41.7 36.4 39.4 53.8 51.6 62.2 68.2 66.5 58.7 47.4 37.9
-9999.0 -9999.0 -9999.0 -9999.0 -9999.0 -9999.0 -9999.0 -9999.0 -9999.0 4.9 5.2 5.2 7.0 7.1 6.6 6.4 7.7 10.9 9.2 11.7 11.1 11.4 13.1 15.5 18.2 21.2 25.4 29.5 32.5 39.1 39.4 44.0 46.8 50.6 48.0 48.3 47.8 50.5 48.6 51.8 49.9 54.9 53.1 48.6 54.0 51.7 50.1 46.4 43.7 38.1 35.1 27.7 26.2 32.5 47.4 53.7 54.9 60.2 76.9 79.4 79.0 78.2 75.0 82.0 61.3 37.7 26.4 28.5 43.0 50.4 62.5 66.6 61.1 51.8 43.2 30.8
-9999.0 -9999.0 -9999.0 -9999.0 -9999.0 -9999.0 -9999.0 -9999.0 -9999.0 -9999.0 -9999.0 5.1 4.1 5.8 5.5 6.0 6.1 6.3 6.7 7.8 9.4 10.1 12.0 13.8 17.6 20.2 24.3 28.4 32.6 36.6 40.9 46.7 47.9 50.5 50.7 56.6 51.9 52.2 63.6 54.1 60.2 57.6 56.2 56.1 73.0 63.4 78.1 68.3 66.6 56.6 42.5 35.7 34.0 41.9 56.8 64.7 66.8 74.1 75.1 75.3 76.4 69.0 64.3 66.5 55.2 36.4 28.1 30.4 41.5 55.9 69.0 71.6 65.2 56.2 52.0 39.2
-9999.0 -9999.0 -9999.0 -9999.0 -9999.0 -9999.0 -9999.0 -9999.0 -9999.0 -9999.0 -9999.0 -9999.0 3.5 3.7 4.5 4.4 5.6 5.3 5.8 7.2 7.1 8.5 10.2 12.2 15.9 18.1 21.7 26.3 30.9 36.6 41.0 45.5 49.5 54.0 56.2 56.1 61.6 56.2 53.2 51.4 52.4 55.8 60.3 70.3 75.0 83.0 91.7 83.9 83.6 77.1 73.1 61.7 53.4 56.1 68.5 81.5 89.2 96.1 75.9 85.2 76.9 75.6 68.2 58.9 57.6 46.4 37.4 41.0 52.1 65.5 90.3 104.0 101.2 90.7 69.3 65.8
-9999.0 -9999.0 -9999.0 -9999.0 -9999.0 -9999.0 -9999.0 -9999.0 -9999.0 -9999.0 -9999.0 -9999.0 3.4 3.1 3.3 3.7 3.8 4.2 4.8 5.4 6.2 7.4 8.9 10.9 13.5 16.4 20.0 24.5 29.2 34.7 40.2 45.9 50.8 54.6 57.6 58.1 61.4 61.8 59.4 57.7 55.8 58.7 72.0 71.4 85.8 99.3 98.5 100.7 93.7 99.4 91.1 85.2 76.6 83.0 87.4 101.8 104.4 107.1 91.0 85.0 80.9 77.7 75.3 70.3 63.9 53.5 62.8 74.6 86.3 88.9 87.0 87.5 90.4 90.4 84.7 78.1
-9999.0 -9999.0 -9999.0 -9999.0 -9999.0 -9999.0 -9999.0 -9999.0 -9999.0 -9999.0 -9999.0 -9999.0 -9999.0 2.7 3.0 3.2 3.3 3.7 4.1 4.7 5.4 6.6 7.7 10.1 12.2 14.0 17.3 20.8 26.3 32.3 39.3 45.8 50.8 55.8 59.1 60.7 61.4 62.3 69.9 65.3 65.0 70.3 74.6 87.4 90.3 95.8 109.7 120.9 126.1 124.2 118.8 107.3 103.3 119.6 121.2 126.0 126.7 128.8 130.9 112.2 102.0 91.3 86.6 74.5 82.2 72.1 70.9 90.7 98.8 109.3 126.1 120.0 110.2 106.3 103.2 100.4
-9999.0 -9999.0 -9999.0 -9999.0 -9999.0 -9999.0 -9999.0 -9999.0 -9999.0 -9999.0 -9999.0 -9999.0 2.2 2.3 2.5 2.9 2.8 3.2 3.5 4.6 5.3 6.3 7.4 9.3 11.6 12.3 15.6 20.0 24.7 30.0 37.2 45.9 49.8 57.2 60.9 63.6 64.8 64.5 64.2 65.2 73.3 81.8 90.4 84.6 95.1 104.5 111.1 117.3 129.3 135.8 142.0 143.5 133.1 138.3 137.7 141.9 150.7 134.5 139.6 123.8 117.6 114.5 101.4 96.5 82.1 84.1 119.2 117.1 104.4 98.4 103.2 111.0 118.3 123.8 117.7 113.4
-9999.0 -9999.0 -9999.0 -9999.0 -9999.0 -9999.0 -9999.0 -9999.0 -9999.0 -9999.0 -9999.0 -9999.0 2.0 2.6 2.6 2.2 2.4 3.3 3.7 3.7 5.4 5.5 6.8 8.4 11.0 13.6 15.8 18.9 22.9 29.5 36.9 44.2 49.0 59.9 64.6 66.4 68.7 68.8 68.9 68.4 70.4 73.8 79.3 86.4 93.9 102.8 116.1 124.4 133.9 135.5 143.8 153.5 149.1 146.1 145.7 141.6 153.8 159.4 152.7 154.7 150.4 145.5 119.2 106.7 100.4 121.2 111.5 123.2 118.4 111.8 113.3 121.5 128.0 125.5 128.7 130.0
-9999.0 -9999.0 -9999.0 -9999.0 -9999.0 -9999.0 -9999.0 -9999.0 -9999.0 -9999.0 -9999.0 -9999.0 2.7 2.1 3.0 2.9 3.1 2.4 3.3 3.7 3.4 4.0 6.3 6.6 8.9 8.7 11.5 12.0 19.9 25.4 33.0 36.9 51.5 61.9 67.1 69.1 71.9 73.6 75.1 74.7 76.7 80.5 87.1 85.7 90.9 99.9 107.2 109.8 115.5 129.4 142.4 147.6 165.8 169.7 161.4 136.3 151.3 162.8 169.6 163.2 161.9 157.7 164.5 128.4 118.5 133.7 128.1 121.3 116.9 122.9 133.7 132.4 139.6 137.8 156.4 145.7
-9999.0 -9999.0 -9999.0 -9999.0 -9999.0 -9999.0 -9999.0 -9999.0 -9999.0 -9999.0 -9999.0 -9999.0 -9999.0 1.8 2.0 3.0 3.0 3.5 3.0 3.2 2.7 4.7 4.7 5.0 8.4 8.8 10.5 13.3 14.0 22.5 24.0 34.2 43.3 57.7 63.0 61.6 67.9 77.8 80.4 83.5 85.7 87.4 91.0 91.0 86.3 83.4 86.9 80.9 98.2 109.1 117.2 141.0 149.4 144.5 158.8 157.6 140.8 154.3 174.8 193.6 193.7 206.4 182.7 134.5 139.0 136.7 125.8 121.3 127.1 137.2 154.8 169.2 156.5 178.4 153.0 145.5
-9999.0 -9999.0 -9999.0 -9999.0 -9999.0 -9999.0 -9999.0 -9999.0 -9999.0 -9999.0 -9999.0 -9999.0 -9999.0 4.8 2.3 3.5 2.5 4.3 4.4 4.3 3.0 3.5 3.9 5.0 9.6 8.3 8.3 11.4 12.0 9.1 14.9 23.2 37.8 47.4 50.2 57.1 69.0 77.5 80.4 78.2 89.6 91.6 91.6 87.4 83.7 72.6 66.8 56.9 62.2 71.7 93.8 96.5 129.2 145.7 152.7 147.5 141.8 158.9 184.7 192.4 214.3 189.9 145.4 145.6 153.1 151.6 141.4 143.7 159.0 176.9 184.3 181.3 179.0 166.2 157.0 147.9
-9999.0 -9999.0 -9999.0 -9999.0 -9999.0 -9999.0 -9999.0 -9999.0 -9999.0 -9999.0 -9999.0 -9999.0 -9999.0 -9999.0 -9999.0 4.2 5.1 4.4 5.6 7.2 4.5 6.6 7.6 7.2 6.5 6.9 3.8 5.6 4.3 8.9 10.6 17.7 21.0 30.9 43.4 44.0 50.6 75.2 79.8 84.1 81.9 83.6 84.0 79.4 73.6 65.0 48.4 39.3 39.5 31.4 50.7 91.0 100.3 120.0 112.1 129.4 138.5 169.4 190.4 214.9 204.1 157.0 142.7 154.5 174.8 187.0 188.7 199.6 222.9 221.2 200.4 177.1 151.0 144.0 149.2 149.1
-9999.0 -9999.0 -9999.0 -9999.0 -9999.0 -9999.0 -9999.0 -9999.0 -9999.0 -9999.0 -9999.0 -9999.0 -9999.0 -9999.0 -9999.0 -9999.0 -9999.0 33.0 19.3 -9999.0 17.6 8.2 13.6 13.6 7.7 7.8 3.5 4.4 6.2 4.2 7.4 15.4 13.8 34.0 48.1 42.9 41.9 67.5 68.3 73.8 75.4 72.7 73.1 68.7 99.2 62.1 129.5 33.2 20.4 23.6 22.9 41.0 55.5 95.3 108.0 116.6 128.4 156.3 189.1 218.1 170.4 136.9 134.8 161.3 193.0 220.5 238.9 254.3 274.2 253.7 206.0 166.9 148.0 132.9 140.6 153.3
-9999.0 -9999.0 -9999.0 -9999.0 -9999.0 -9999.0 -9999.0 -9999.0 -9999.0 -9999.0 -9999.0 -9999.0 -9999.0 -9999.0 -9999.0 -9999.0 -9999.0 -9999.0 -9999.0 -9999.0 -9999.0 19.1 14.2 7.5 11.1 19.2 14.8 10.5 6.5 8.1 6.9 19.9 24.4 29.6 39.8 34.4 40.6 48.4 58.6 69.5 72.1 60.6 58.7 55.0 94.2 41.5 169.4 27.9 22.2 60.2 16.1 44.3 56.8 56.8 78.0 98.3 118.0 148.3 175.9 214.6 160.9 138.1 117.9 145.5 193.2 228.9 254.5 264.9 269.6 244.7 187.0 158.2 133.2 129.7 149.5 162.2
-9999.0 -9999.0 -9999.0 -9999.0 -9999.0 -9999.0 -9999.0 -9999.0 -9999.0 -9999.0 -9999.0 -9999.0 -9999.0 -9999.0 -9999.0 -9999.0 -9999.0 -9999.0 -9999.0 -9999.0 -9999.0 -9999.0 -9999.0 60.8 26.5 26.4 22.2 14.2 5.4 7.9 6.3 8.1 8.7 17.6 20.6 26.0 29.1 37.1 39.9 44.1 48.1 48.2 50.2 54.8 90.4 207.7 76.6 41.4 44.6 40.0 11.6 21.2 23.6 36.1 50.3 81.2 99.9 131.2 198.3 201.9 205.2 174.0 132.5 104.8 136.0 196.5 227.2 230.1 233.3 211.8 188.4 149.7 130.7 140.9 162.0 180.5
-9999.0 -9999.0 -9999.0 -9999.0 -9999.0 -9999.0 -9999.0 -9999.0 -9999.0 -9999.0 -9999.0 -9999.0 -9999.0 -9999.0 -9999.0 -9999.0 -9999.0 -9999.0 -9999.0 -9999.0 -9999.0 -9999.0 -9999.0 -9999.0 -9999.0 119.3 57.7 6.4 6.0 3.7 6.1 14.7 21.6 20.9 29.5 23.8 24.3 31.4 32.5 37.5 38.1 42.2 95.4 88.1 177.3 218.5 152.6 210.1 13.7 27.8 11.1 11.1 19.1 25.3 41.2 60.9 84.4 128.0 153.1 191.9 218.7 193.9 180.3 90.5 110.5 154.7 177.9 184.7 197.9 197.9 169.4 145.1 134.7 152.4 168.8 180.5
-9999.0 -9999.0 -9999.0 -9999.0 -9999.0 -9999.0 -9999.0 -9999.0 -9999.0 -9999.0 -9999.0 -9999.0 -9999.0 -9999.0 -9999.0 -9999.0 -9999.0 -9999.0 -9999.0 -9999.0 -9999.0 -9999.0 -9999.0 -9999.0 -9999.0 -9999.0 -9999.0 155.3 146.9 54.1 43.1 42.4 15.0 56.2 31.8 89.4 36.7 37.1 54.2 38.7 36.0 52.8 113.8 187.5 204.9 226.5 236.8 226.4 204.9 78.4 115.0 93.4 16.0 24.7 30.8 45.2 89.0 140.7 149.0 212.5 244.9 201.9 127.1 92.3 85.0 106.7 145.3 164.0 176.6 174.8 160.5 157.1 144.8 156.8 152.4 152.0
-9999.0 -9999.0 -9999.0 -9999.0 -9999.0 -9999.0 -9999.0 -9999.0 -9999.0 -9999.0 -9999.0 -9999.0 -9999.0 -9999.0 -9999.0 -9999.0 -9999.0 -9999.0 -9999.0 -9999.0 -9999.0 -9999.0 -9999.0 -9999.0 -9999.0 -9999.0 -9999.0 -9999.0 -9999.0 -9999.0 -9999.0 -9999.0 -9999.0 111.3 52.0 -9999.0 -9999.0 -9999.0 98.9 55.7 84.0 117.2 105.8 208.2 236.0 240.1 -9999.0 -9999.0 -9999.0 -9999.0 -9999.0 -9999.0 43.6 20.1 42.2 61.6 89.9 148.2 185.6 247.6 255.8 202.8 148.7 99.5 86.7 99.2 118.9 138.2 164.8 173.8 166.9 168.6 172.4 153.3 157.6 138.6
-9999.0 -9999.0 -9999.0 -9999.0 -9999.0 -9999.0 -9999.0 -9999.0 -9999.0 -9999.0 -9999.0 -9999.0 -9999.0 -9999.0 -9999.0 -9999.0 -9999.0 -9999.0 -9999.0 -9999.0 -9999.0 -9999.0 -9999.0 -9999.0 -9999.0 -9999.0 -9999.0 -9999.0 -9999.0 -9999.0 -9999.0 -9999.0 -9999.0 -9999.0 -9999.0 -9999.0 -9999.0 -9999.0 -9999.0 186.1 191.2 202.3 214.9 225.9 -9999.0 -9999.0 -9999.0 -9999.0 -9999.0 -9999.0 -9999.0 -9999.0 51.9 29.0 41.1 68.5 102.5 143.7 194.7 246.6 264.0 207.4 146.5 108.2 88.2 93.3 110.6 154.0 177.4 179.3 186.1 188.8 168.2 161.4 132.9 143.9
-9999.0 -9999.0 -9999.0 -9999.0 -9999.0 -9999.0 -9999.0 -9999.0 -9999.0 -9999.0 -9999.0 -9999.0 -9999.0 -9999.0 -9999.0 -9999.0 -9999.0 -9999.0 -9999.0 -9999.0 -9999.0 -9999.0 -9999.0 -9999.0 -9999.0 -9999.0 -9999.0 -9999.0 -9999.0 -9999.0 -9999.0 -9999.0 -9999.0 -9999.0 -9999.0 -9999.0 -9999.0 -9999.0 -9999.0 -9999.0 -9999.0 -9999.0 -9999.0 -9999.0 -9999.0 -9999.0 -9999.0 -9999.0 -9999.0 -9999.0 -9999.0 -9999.0 108.0 48.0 61.8 71.8 103.7 130.5 166.9 207.9 226.1 194.9 130.6 113.6 101.9 121.5 163.9 188.3 195.0 196.4 198.9 189.3 180.5 136.4 127.9 136.1
-9999.0 -9999.0 -9999.0 -9999.0 -9999.0 -9999.0 -9999.0 -9999.0 -9999.0 -9999.0 -9999.0 -9999.0 -9999.0 -9999.0 -9999.0 -9999.0 -9999.0 -9999.0 -9999.0 -9999.0 -9999.0 -9999.0 -9999.0 -9999.0 -9999.0 -9999.0 -9999.0 -9999.0 -9999.0 -9999.0 -9999.0 -9999.0 -9999.0 -9999.0 -9999.0 -9999.0 -9999.0 -9999.0 -9999.0 -9999.0 -9999.0 -9999.0 -9999.0 -9999.0 -9999.0 -9999.0 -9999.0 -9999.0 -9999.0 -9999.0 -9999.0 179.4 132.3 85.1 99.1 99.5 107.2 123.1 138.9 149.3 165.9 150.5 139.2 123.6 127.9 150.4 183.4 168.6 189.8 184.6 176.1 149.4 100.5 77.4 97.3 123.4
-9999.0 -9999.0 -9999.0 -9999.0 -9999.0 -9999.0 -9999.0 -9999.0 -9999.0 -9999.0 -9999.0 -9999.0 -9999.0 -9999.0 -9999.0 -9999.0 -9999.0 -9999.0 -9999.0 -9999.0 -9999.0 -9999.0 -9999.0 -9999.0 -9999.0 -9999.0 -9999.0 -9999.0 -9999.0 -9999.0 -9999.0 -9999.0 -9999.0 -9999.0 -9999.0 -9999.0 -9999.0 -9999.0 -9999.0 -9999.0 -9999.0 -9999.0 -9999.0 -9999.0 -9999.0 -9999.0 -9999.0 -9999.0 -9999.0 -9999.0 227.4 200.9 161.2 133.5 126.6 118.3 105.8 99.9 119.8 140.1 139.5 126.1 122.6 128.3 156.7 171.4 169.2 145.9 152.3 137.4 132.6 93.5 68.6 67.3 80.8 103.0
-9999.0 -9999.0 -9999.0 -9999.0 -9999.0 -9999.0 -9999.0 -9999.0 -9999.0 -9999.0 -9999.0 -9999.0 -9999.0 -9999.0 -9999.0 -9999.0 -9999.0 -9999.0 -9999.0 -9999.0 -9999.0 -9999.0 -9999.0 -9999.0 -9999.0 -9999.0 -9999.0 -9999.0 -9999.0 -9999.0 -9999.0 -9999.0 -9999.0 -9999.0 -9999.0 -9999.0 -9999.0 -9999.0 -9999.0 -9999.0 -9999.0 -9999.0 -9999.0 -9999.0 -9999.0 -9999.0 -9999.0 -9999.0 -9999.0 -9999.0 228.1 209.6 213.1 171.4 150.9 129.3 88.0 123.9 129.8 126.3 115.6 105.3 106.1 128.1 154.5 128.0 120.6 96.4 104.2 106.9 109.2 92.6 69.4 54.0 54.0 61.8
-9999.0 -9999.0 -9999.0 -9999.0 -9999.0 -9999.0 -9999.0 -9999.0 -9999.0 -9999.0 -9999.0 -9999.0 -9999.0 -9999.0 -9999.0 -9999.0 -9999.0 -9999.0 -9999.0 -9999.0 -9999.0 -9999.0 -9999.0 -9999.0 -9999.0 -9999.0 -9999.0 -9999.0 -9999.0 -9999.0 -9999.0 -9999.0 -9999.0 -9999.0 -9999.0 -9999.0 -9999.0 -9999.0 -9999.0 -9999.0 -9999.0 -9999.0 -9999.0 -9999.0 -9999.0 -9999.0 -9999.0 -9999.0 -9999.0 -9999.0 199.2 220.2 204.1 195.6 152.4 130.1 157.2 128.9 144.8 118.6 115.5 103.6 99.1 108.4 126.2 112.2 87.6 80.7 85.0 100.6 105.0 96.2 66.0 55.3 45.8 52.2
-9999.0 -9999.0 -9999.0 -9999.0 -9999.0 -9999.0 -9999.0 -9999.0 -9999.0 -9999.0 -9999.0 -9999.0 -9999.0 -9999.0 -9999.0 -9999.0 -9999.0 -9999.0 -9999.0 -9999.0 -9999.0 -9999.0 -9999.0 -9999.0 -9999.0 -9999.0 -9999.0 -9999.0 -9999.0 -9999.0 -9999.0 -9999.0 -9999.0 -9999.0 -9999.0 -9999.0 -9999.0 -9999.0 -9999.0 -9999.0 -9999.0 -9999.0 -9999.0 -9999.0 -9999.0 -9999.0 -9999.0 -9999.0 -9999.0 -9999.0 199.0 219.1 205.6 200.9 182.3 185.8 120.5 144.5 154.4 140.7 145.7 120.9 94.2 107.5 118.6 109.8 103.6 91.1 94.5 78.2 87.9 74.5 57.3 49.2 44.7 57.6
-9999.0 -9999.0 -9999.0 -9999.0 -9999.0 -9999.0 -9999.0 -9999.0 -9999.0 -9999.0 -9999.0 -9999.0 -9999.0 -9999.0 -9999.0 -9999.0 -9999.0 -9999.0 -9999.0 -9999.0 -9999.0 -9999.0 -9999.0 -9999.0 -9999.0 -9999.0 -9999.0 -9999.0 -9999.0 -9999.0 -9999.0 -9999.0 -9999.0 -9999.0 -9999.0 -9999.0 -9999.0 -9999.0 -9999.0 -9999.0 -9999.0 -9999.0 -9999.0 -9999.0 -9999.0 -9999.0 -9999.0 -9999.0 -9999.0 -9999.0 -9999.0 -9999.0 -9999.0 194.7 186.0 172.5 161.0 168.6 147.9 180.5 247.8 137.3 175.5 132.2 125.5 112.6 118.1 88.4 90.0 80.3 66.5 51.3 38.9 36.7 45.3 58.1
-9999.0 -9999.0 -9999.0 -9999.0 -9999.0 -9999.0 -9999.0 -9999.0 -9999.0 -9999.0 -9999.0 -9999.0 -9999.0 -9999.0 -9999.0 -9999.0 -9999.0 -9999.0 -9999.0 -9999.0 -9999.0 -9999.0 -9999.0 -9999.0 -9999.0 -9999.0 -9999.0 -9999.0 -9999.0 -9999.0 -9999.0 -9999.0 -9999.0 -9999.0 -9999.0 -9999.0 -9999.0 -9999.0 -9999.0 -9999.0 -9999.0 -9999.0 -9999.0 -9999.0 -9999.0 -9999.0 -9999.0 -9999.0 -9999.0 -9999.0 -9999.0 -9999.0 -9999.0 192.0 176.3 244.2 160.9 144.0 189.9 286.6 241.8 163.1 232.7 122.8 116.4 108.6 73.3 112.3 78.6 70.1 55.0 45.1 39.0 40.2 48.5 66.3
-9999.0 -9999.0 -9999.0 -9999.0 -9999.0 -9999.0 -9999.0 -9999.0 -9999.0 -9999.0 -9999.0 -9999.0 -9999.0 -9999.0 -9999.0 -9999.0 -9999.0 -9999.0 -9999.0 -9999.0 -9999.0 -9999.0 -9999.0 -9999.0 -9999.0 -9999.0 -9999.0 -9999.0 -9999.0 -9999.0 -9999.0 -9999.0 -9999.0 -9999.0 -9999.0 -9999.0 -9999.0 -9999.0 -9999.0 -9999.0 -9999.0 -9999.0 -9999.0 -9999.0 -9999.0 -9999.0 -9999.0 -9999.0 -9999.0 -9999.0 -9999.0 -9999.0 -9999.0 179.6 134.8 188.1 166.4 152.8 192.0 224.1 280.4 234.8 271.0 239.5 78.9 -9999.0 -9999.0 -9999.0 96.2 74.9 69.3 68.9 66.9 63.8 61.6 71.0
-9999.0 -9999.0 -9999.0 -9999.0 -9999.0 -9999.0 -9999.0 -9999.0 -9999.0 -9999.0 -9999.0 -9999.0 -9999.0 -9999.0 -9999.0 -9999.0 -9999.0 -9999.0 -9999.0 -9999.0 -9999.0 -9999.0 -9999.0 -9999.0 -9999.0 -9999.0 -9999.0 -9999.0 -9999.0 -9999.0 -9999.0 -9999.0 -9999.0 -9999.0 -9999.0 -9999.0 -9999.0 -9999.0 -9999.0 -9999.0 -9999.0 -9999.0 -9999.0 -9999.0 -9999.0 -9999.0 -9999.0 -9999.0 -9999.0 -9999.0 -9999.0 -9999.0 -9999.0 -9999.0 154.7 148.8 111.3 106.7 168.0 237.5 133.2 -9999.0 -9999.0 -9999.0 -9999.0 -9999.0 -9999.0 -9999.0 80.9 93.8 110.3 94.1 92.0 86.5 68.4 56.1
-9999.0 -9999.0 -9999.0 -9999.0 -9999.0 -9999.0 -9999.0 -9999.0 -9999.0 -9999.0 -9999.0 -9999.0 -9999.0 -9999.0 -9999.0 -9999.0 -9999.0 -9999.0 -9999.0 -9999.0 -9999.0 -9999.0 -9999.0 -9999.0 -9999.0 -9999.0 -9999.0 -9999.0 -9999.0 -9999.0 -9999.0 -9999.0 -9999.0 -9999.0 -9999.0 -9999.0 -9999.0 -9999.0 -9999.0 -9999.0 -9999.0 -9999.0 -9999.0 -9999.0 -9999.0 -9999.0 -9999.0 -9999.0 -9999.0 -9999.0 -9999.0 -9999.0 -9999.0 -9999.0 -9999.0 103.0 159.9 101.9 85.5 124.6 111.7 -9999.0 -9999.0 -9999.0 -9999.0 -9999.0 -9999.0 -9999.0 -9999.0 -9999.0 94.7 -9999.0 -9999.0 -9999.0 -9999.0 -9999.0
-9999.0 -9999.0 -9999.0 -9999.0 -9999.0 -9999.0 -9999.0 -9999.0 -9999.0 -9999.0 -9999.0 -9999.0 -9999.0 -9999.0 -9999.0 -9999.0 -9999.0 -9999.0 -9999.0 -9999.0 -9999.0 -9999.0 -9999.0 -9999.0 -9999.0 -9999.0 -9999.0 -9999.0 -9999.0 -9999.0 -9999.0 -9999.0 -9999.0 -9999.0 -9999.0 -9999.0 -9999.0 -9999.0 -9999.0 -9999.0 -9999.0 -9999.0 -9999.0 -9999.0 -9999.0 -9999.0 -9999.0 -9999.0 -9999.0 -9999.0 -9999.0 -9999.0 -9999.0 -9999.0 -9999.0 -9999.0 -9999.0 -9999.0 71.6 51.1 -9999.0 -9999.0 -9999.0 -9999.0 -9999.0 -9999.0 -9999.0 -9999.0 -9999.0 -9999.0 -9999.0 -9999.0 -9999.0 -9999.0 -9999.0 47.0
-9999.0 -9999.0 -9999.0 -9999.0 -9999.0 -9999.0 -9999.0 -9999.0 -9999.0 -9999.0 -9999.0 -9999.0 -9999.0 -9999.0 -9999.0 -9999.0 -9999.0 -9999.0 -9999.0 -9999.0 -9999.0 -9999.0 -9999.0 -9999.0 -9999.0 -9999.0 -9999.0 -9999.0 -9999.0 -9999.0 -9999.0 -9999.0 -9999.0 -9999.0 -9999.0 -9999.0 -9999.0 -9999.0 -9999.0 -9999.0 -9999.0 -9999.0 -9999.0 -9999.0 -9999.0 -9999.0 -9999.0 -9999.0 -9999.0 -9999.0 -9999.0 -9999.0 -9999.0 -9999.0 -9999.0 -9999.0 -9999.0 -9999.0 -9999.0 -9999.0 -9999.0 -9999.0 -9999.0 -9999.0 -9999.0 -9999.0 -9999.0 -9999.0 -9999.0 -9999.0 -9999.0 -9999.0 -9999.0 -9999.0 -9999.0 -9999.0
