program/excelProcessViaJava/data/SURF_CLI_CHN_PRE_MON_GRID_0.5-199408.txt
NCOLS      128
NROWS       72
XLLCORNER    72.000000000000    
YLLCORNER    18.000000000000    
CELLSIZE    0.50000000000000    
NODATA_VALUE   -9999.000    
[rows 33 to 65 of 72, columns 0 to 74 of 128]
-9999.0 -9999.0 -9999.0 -9999.0 3.7 12.9 26.0 8.2 7.8 1.6 4.0 4.8 5.7 5.7 5.6 5.9 6.6 7.6 7.9 7.5 6.3 4.9 4.0 4.0 4.6 6.9 10.1 107.7 39.1 48.5 56.5 45.8 40.4 48.5 26.8 24.0 17.7 40.0 25.2 8.3 1.7 1.0 0.9 1.0 1.2 1.7 2.7 5.2 8.9 8.9 11.9 25.4 41.3 62.0 48.8 65.9 80.7 107.4 120.1 141.9 154.6 159.4 158.3 108.6 73.6 98.0 111.4 78.4 126.6 127.7 138.1 167.9 195.3 220.0 237.5
-9999.0 -9999.0 -9999.0 -9999.0 8.9 4.6 20.5 5.1 38.7 36.2 6.2 31.4 19.7 22.9 7.9 9.0 10.5 9.0 8.5 8.2 8.5 8.0 8.4 19.5 61.9 101.7 61.7 64.9 59.3 58.3 55.0 65.8 49.4 45.8 46.2 33.7 41.5 45.6 20.7 7.5 12.9 1.9 1.6 1.3 1.8 2.6 3.6 4.8 6.5 9.6 12.7 17.8 44.7 40.2 45.9 62.7 77.1 92.8 108.4 99.9 139.9 123.6 119.9 120.8 92.5 72.2 109.0 96.8 103.3 134.7 118.8 137.5 159.4 181.4 185.0
-9999.0 -9999.0 -9999.0 -9999.0 -9999.0 -9999.0 -9999.0 7.6 19.8 13.2 49.4 52.3 25.5 36.3 39.7 9.1 21.2 13.8 13.4 19.7 39.8 65.8 73.6 68.8 65.2 63.6 72.8 75.6 75.4 86.1 79.9 73.8 65.8 66.7 70.6 51.2 61.8 45.7 54.1 48.4 13.3 42.8 32.9 17.1 9.4 6.2 11.3 12.2 18.5 15.6 17.1 22.8 35.6 79.8 73.5 59.3 64.2 70.8 87.3 97.6 121.1 117.7 109.5 109.5 111.9 80.2 87.7 96.4 92.0 94.7 81.4 87.0 113.7 134.7 133.9
-9999.0 -9999.0 -9999.0 -9999.0 -9999.0 -9999.0 -9999.0 40.1 6.1 25.4 39.3 29.0 42.7 71.3 50.8 101.1 55.4 55.1 90.1 59.3 59.0 80.5 71.3 73.3 69.7 71.5 70.2 88.2 71.2 66.9 82.8 80.9 76.2 88.1 67.8 65.4 54.2 58.9 50.1 38.9 36.1 32.6 35.4 59.3 29.9 20.7 31.2 38.4 64.7 57.1 90.3 79.9 51.9 61.6 78.0 59.9 59.0 59.3 63.8 75.6 99.8 132.2 132.4 129.4 98.2 72.0 61.1 63.4 76.8 62.4 57.7 59.7 74.7 93.6 85.6
-9999.0 -9999.0 -9999.0 -9999.0 -9999.0 -9999.0 -9999.0 -9999.0 -9999.0 23.1 25.0 24.5 53.2 55.3 48.8 46.6 67.1 125.1 84.6 118.2 89.6 72.5 71.3 72.7 72.2 69.2 77.1 79.0 69.6 92.7 65.5 74.1 74.6 83.0 64.4 61.8 56.2 58.2 46.7 45.6 35.5 38.3 35.9 35.4 49.3 56.1 64.9 71.2 80.0 83.6 92.2 80.2 68.9 62.4 74.5 59.1 52.0 47.9 50.4 58.7 81.1 107.4 128.8 120.0 87.7 54.4 40.2 44.8 58.9 56.3 55.9 52.5 53.2 62.4 69.3
-9999.0 -9999.0 -9999.0 -9999.0 -9999.0 -9999.0 -9999.0 -9999.0 -9999.0 -9999.0 -9999.0 49.6 21.4 66.4 55.4 69.2 68.6 67.9 69.6 80.8 99.3 82.8 87.1 76.9 104.4 87.8 96.2 95.3 89.6 81.4 80.5 99.3 79.3 80.5 72.2 95.5 68.8 64.4 90.9 52.2 54.7 42.1 38.3 41.3 69.6 64.5 97.4 92.7 105.0 102.4 86.9 80.8 73.4 72.0 76.9 66.8 58.6 54.2 49.4 56.0 72.8 97.0 115.6 100.2 69.5 42.4 36.3 38.5 49.7 58.6 62.4 59.4 44.4 34.9 35.0
-9999.0 -9999.0 -9999.0 -9999.0 -9999.0 -9999.0 -9999.0 -9999.0 -9999.0 -9999.0 -9999.0 -9999.0 25.5 30.2 65.8 55.3 104.2 78.9 83.2 121.5 72.8 83.1 86.3 78.5 147.2 88.2 78.5 100.2 93.7 117.7 93.1 87.8 87.3 102.5 101.4 89.7 115.3 79.2 61.1 47.7 41.4 40.0 42.7 56.6 65.9 82.4 102.2 95.8 105.0 105.9 112.6 97.8 77.3 66.0 68.4 73.7 73.6 73.8 58.2 66.1 74.5 83.4 87.5 79.2 52.4 41.8 35.6 38.7 49.0 60.9 63.9 45.1 30.5 26.3 26.6
-9999.0 -9999.0 -9999.0 -9999.0 -9999.0 -9999.0 -9999.0 -9999.0 -9999.0 -9999.0 -9999.0 -9999.0 65.2 25.4 25.8 62.7 43.8 60.0 95.3 90.3 90.0 102.7 97.4 82.4 69.7 82.4 84.9 73.8 87.7 78.7 95.8 114.8 99.8 95.8 102.6 92.0 112.8 105.4 83.0 64.6 47.3 43.5 59.9 53.8 75.0 97.0 95.1 98.1 88.4 102.1 94.0 89.6 72.6 75.1 70.4 82.2 80.2 80.9 72.3 75.5 80.2 82.6 78.8 74.1 53.4 39.6 55.7 53.3 52.7 60.1 74.8 88.6 87.2 49.1 38.8
-9999.0 -9999.0 -9999.0 -9999.0 -9999.0 -9999.0 -9999.0 -9999.0 -9999.0 -9999.0 -9999.0 -9999.0 -9999.0 40.3 73.8 34.0 62.9 55.2 58.5 65.7 80.1 70.5 96.1 71.8 78.5 112.9 114.6 133.7 112.3 105.5 89.6 86.3 112.3 113.0 86.1 90.4 93.8 99.9 135.8 89.0 68.1 65.1 60.3 76.4 74.4 79.6 97.4 109.2 110.8 103.0 93.9 76.7 72.2 105.2 99.5 100.4 96.0 98.5 107.0 90.5 84.8 80.1 76.9 65.4 79.2 56.3 56.0 71.9 71.2 63.2 34.2 43.8 69.1 68.1 68.7
-9999.0 -9999.0 -9999.0 -9999.0 -9999.0 -9999.0 -9999.0 -9999.0 -9999.0 -9999.0 -9999.0 -9999.0 35.8 70.6 67.2 46.1 91.0 74.7 78.8 56.9 62.1 67.6 79.4 76.2 74.0 110.3 103.2 94.3 96.0 103.3 96.5 79.9 114.9 92.4 97.8 87.0 110.4 84.7 79.3 73.4 88.8 93.5 96.1 62.5 75.7 85.6 86.8 82.4 88.6 88.6 98.5 107.5 86.1 104.4 106.2 114.7 128.6 94.5 106.1 91.4 88.2 89.7 80.4 81.1 55.9 55.3 119.4 95.6 94.5 105.0 109.4 93.5 81.0 70.9 78.5
-9999.0 -9999.0 -9999.0 -9999.0 -9999.0 -9999.0 -9999.0 -9999.0 -9999.0 -9999.0 -9999.0 -9999.0 53.6 23.2 37.8 107.9 98.7 55.5 59.6 84.0 61.8 83.8 84.5 84.4 75.5 73.8 80.6 84.1 88.8 82.2 79.4 83.1 104.5 72.6 70.5 77.7 69.5 77.6 72.3 53.3 50.6 44.9 47.7 57.0 67.5 79.6 98.2 96.2 92.3 67.4 72.2 98.4 91.1 100.0 115.1 117.4 133.9 134.8 111.4 118.9 118.0 121.4 78.6 59.4 50.8 120.5 86.3 90.4 81.5 92.0 98.6 99.8 109.3 145.9 146.6
-9999.0 -9999.0 -9999.0 -9999.0 -9999.0 -9999.0 -9999.0 -9999.0 -9999.0 -9999.0 -9999.0 -9999.0 12.7 49.9 27.5 42.7 48.2 101.1 76.6 83.0 121.5 127.5 91.2 108.7 95.2 123.1 109.5 137.6 91.6 89.7 84.8 110.4 74.9 60.9 59.2 63.9 62.9 64.4 54.9 56.9 43.3 34.4 57.4 41.4 60.9 86.6 99.9 86.1 65.9 68.3 79.4 78.8 156.6 175.7 155.3 116.5 137.8 141.9 135.9 99.7 95.9 97.9 153.0 56.3 61.9 128.0 81.0 65.2 74.4 79.5 88.7 141.1 157.5 185.9 198.5
-9999.0 -9999.0 -9999.0 -9999.0 -9999.0 -9999.0 -9999.0 -9999.0 -9999.0 -9999.0 -9999.0 -9999.0 -9999.0 90.3 81.4 44.7 59.1 58.2 91.1 106.8 162.3 106.3 127.1 138.6 98.8 108.5 105.1 98.3 115.0 86.1 113.2 97.3 94.9 68.3 67.7 92.1 81.7 56.9 54.6 43.4 38.9 61.7 71.2 65.0 56.9 67.9 89.1 64.7 95.8 91.6 72.0 127.4 130.9 117.0 174.7 177.1 116.9 112.1 126.7 168.8 139.8 241.1 146.8 41.9 150.0 86.2 42.8 39.5 57.7 89.4 99.2 106.9 164.4 106.1 169.0
-9999.0 -9999.0 -9999.0 -9999.0 -9999.0 -9999.0 -9999.0 -9999.0 -9999.0 -9999.0 -9999.0 -9999.0 -9999.0 11.3 74.2 45.6 96.3 56.5 68.8 89.8 152.3 151.0 157.5 139.4 91.3 110.5 118.6 100.6 108.8 177.0 148.0 129.3 94.3 87.0 99.4 92.3 67.2 61.0 65.2 88.7 51.1 52.9 57.7 65.3 100.4 83.2 92.1 78.6 87.9 90.6 120.1 87.1 147.0 188.9 211.4 181.9 124.3 114.1 138.0 63.8 149.1 71.6 103.5 212.9 128.1 57.7 26.6 32.5 62.5 85.9 101.4 117.1 123.0 141.3 152.4
-9999.0 -9999.0 -9999.0 -9999.0 -9999.0 -9999.0 -9999.0 -9999.0 -9999.0 -9999.0 -9999.0 -9999.0 -9999.0 -9999.0 -9999.0 48.4 48.0 72.9 68.4 65.8 123.6 102.7 102.6 116.3 131.1 129.3 191.1 150.4 195.0 132.1 146.5 128.5 156.8 134.4 101.6 132.3 131.7 63.0 68.0 65.8 75.4 75.0 71.0 71.8 71.0 76.1 97.0 81.9 107.3 71.2 107.1 185.8 152.4 172.7 101.7 166.0 153.0 74.0 165.7 189.3 60.6 133.5 259.6 196.1 112.8 50.3 31.8 46.2 73.9 109.0 122.2 119.6 160.6 154.4 122.3
-9999.0 -9999.0 -9999.0 -9999.0 -9999.0 -9999.0 -9999.0 -9999.0 -9999.0 -9999.0 -9999.0 -9999.0 -9999.0 -9999.0 -9999.0 -9999.0 -9999.0 2.9 19.1 -9999.0 41.1 106.1 76.7 84.2 130.7 128.3 196.9 164.4 133.4 174.4 147.8 117.1 183.0 95.3 69.5 99.5 147.7 71.2 85.2 80.2 77.6 87.3 77.9 78.3 92.4 89.6 86.3 135.5 100.1 124.8 77.4 123.9 81.5 187.6 202.3 199.3 140.0 189.6 172.5 186.5 102.4 172.0 211.9 182.3 113.3 61.1 50.0 70.7 98.0 125.6 114.4 157.3 157.6 118.9 119.0
-9999.0 -9999.0 -9999.0 -9999.0 -9999.0 -9999.0 -9999.0 -9999.0 -9999.0 -9999.0 -9999.0 -9999.0 -9999.0 -9999.0 -9999.0 -9999.0 -9999.0 -9999.0 -9999.0 -9999.0 -9999.0 62.5 93.7 158.1 121.6 82.2 96.1 110.7 131.9 117.6 135.9 96.7 101.4 103.4 84.5 114.3 108.1 103.7 96.7 93.6 88.0 93.1 94.2 92.5 110.8 106.1 111.2 107.8 170.0 328.7 139.9 230.7 232.6 140.9 183.4 227.5 222.1 166.6 263.2 170.4 118.7 138.6 166.7 171.7 137.9 96.2 83.0 99.5 114.3 131.8 135.9 137.9 123.3 79.9 60.1
-9999.0 -9999.0 -9999.0 -9999.0 -9999.0 -9999.0 -9999.0 -9999.0 -9999.0 -9999.0 -9999.0 -9999.0 -9999.0 -9999.0 -9999.0 -9999.0 -9999.0 -9999.0 -9999.0 -9999.0 -9999.0 -9999.0 -9999.0 24.4 77.1 78.3 87.5 109.1 161.6 128.1 146.7 156.6 208.7 158.7 172.3 157.6 164.8 129.7 132.0 120.3 102.3 106.4 90.9 99.7 128.0 152.0 121.8 118.0 109.3 103.0 118.6 201.5 126.9 163.7 160.0 138.7 210.0 240.1 112.0 178.9 128.7 150.7 176.7 184.7 187.0 150.1 121.9 121.6 129.7 125.4 123.9 110.8 92.7 82.6 44.6
-9999.0 -9999.0 -9999.0 -9999.0 -9999.0 -9999.0 -9999.0 -9999.0 -9999.0 -9999.0 -9999.0 -9999.0 -9999.0 -9999.0 -9999.0 -9999.0 -9999.0 -9999.0 -9999.0 -9999.0 -9999.0 -9999.0 -9999.0 -9999.0 -9999.0 13.0 47.7 211.9 195.2 256.3 184.4 135.9 130.2 155.8 134.2 182.6 220.2 148.8 154.0 119.5 125.3 99.3 149.1 143.3 177.0 179.0 151.6 152.1 152.2 123.8 203.8 170.1 213.5 206.1 148.0 164.7 205.1 169.0 204.2 170.3 148.5 156.0 244.0 205.2 225.6 200.9 161.5 145.4 127.7 116.2 97.5 83.4 61.4 77.3 69.0
-9999.0 -9999.0 -9999.0 -9999.0 -9999.0 -9999.0 -9999.0 -9999.0 -9999.0 -9999.0 -9999.0 -9999.0 -9999.0 -9999.0 -9999.0 -9999.0 -9999.0 -9999.0 -9999.0 -9999.0 -9999.0 -9999.0 -9999.0 -9999.0 -9999.0 -9999.0 -9999.0 17.1 23.4 69.6 86.6 95.6 202.5 96.6 153.0 101.2 142.3 141.0 135.1 125.8 121.6 122.8 180.0 213.4 211.9 208.1 198.5 180.0 157.8 128.3 109.7 97.7 148.3 140.0 162.9 202.3 163.2 149.5 174.0 136.6 170.6 147.8 165.3 198.9 207.6 219.6 183.3 137.8 115.1 97.9 80.7 87.0 62.3 82.3 58.3
-9999.0 -9999.0 -9999.0 -9999.0 -9999.0 -9999.0 -9999.0 -9999.0 -9999.0 -9999.0 -9999.0 -9999.0 -9999.0 -9999.0 -9999.0 -9999.0 -9999.0 -9999.0 -9999.0 -9999.0 -9999.0 -9999.0 -9999.0 -9999.0 -9999.0 -9999.0 -9999.0 -9999.0 -9999.0 -9999.0 -9999.0 -9999.0 -9999.0 84.1 130.9 -9999.0 -9999.0 -9999.0 167.0 150.0 174.4 202.9 196.0 250.9 255.3 244.4 -9999.0 -9999.0 -9999.0 -9999.0 -9999.0 -9999.0 114.0 187.9 131.5 141.9 151.3 155.4 145.1 164.4 154.4 141.0 153.3 170.3 187.0 191.2 165.7 133.6 113.3 89.8 74.8 98.1 124.1 104.3 130.9
-9999.0 -9999.0 -9999.0 -9999.0 -9999.0 -9999.0 -9999.0 -9999.0 -9999.0 -9999.0 -9999.0 -9999.0 -9999.0 -9999.0 -9999.0 -9999.0 -9999.0 -9999.0 -9999.0 -9999.0 -9999.0 -9999.0 -9999.0 -9999.0 -9999.0 -9999.0 -9999.0 -9999.0 -9999.0 -9999.0 -9999.0 -9999.0 -9999.0 -9999.0 -9999.0 -9999.0 -9999.0 -9999.0 -9999.0 246.3 264.3 280.0 290.6 294.3 -9999.0 -9999.0 -9999.0 -9999.0 -9999.0 -9999.0 -9999.0 -9999.0 127.9 204.2 157.1 137.6 146.7 162.6 181.5 183.4 168.2 146.7 137.5 137.1 128.1 133.0 130.8 124.7 105.9 100.2 105.5 129.9 144.2 189.9 152.9
-9999.0 -9999.0 -9999.0 -9999.0 -9999.0 -9999.0 -9999.0 -9999.0 -9999.0 -9999.0 -9999.0 -9999.0 -9999.0 -9999.0 -9999.0 -9999.0 -9999.0 -9999.0 -9999.0 -9999.0 -9999.0 -9999.0 -9999.0 -9999.0 -9999.0 -9999.0 -9999.0 -9999.0 -9999.0 -9999.0 -9999.0 -9999.0 -9999.0 -9999.0 -9999.0 -9999.0 -9999.0 -9999.0 -9999.0 -9999.0 -9999.0 -9999.0 -9999.0 -9999.0 -9999.0 -9999.0 -9999.0 -9999.0 -9999.0 -9999.0 -9999.0 -9999.0 137.0 215.2 162.0 171.1 150.4 149.6 154.7 158.5 161.3 153.7 147.4 129.5 122.2 142.8 150.9 127.4 106.8 102.2 115.8 156.3 234.6 230.0 242.8
-9999.0 -9999.0 -9999.0 -9999.0 -9999.0 -9999.0 -9999.0 -9999.0 -9999.0 -9999.0 -9999.0 -9999.0 -9999.0 -9999.0 -9999.0 -9999.0 -9999.0 -9999.0 -9999.0 -9999.0 -9999.0 -9999.0 -9999.0 -9999.0 -9999.0 -9999.0 -9999.0 -9999.0 -9999.0 -9999.0 -9999.0 -9999.0 -9999.0 -9999.0 -9999.0 -9999.0 -9999.0 -9999.0 -9999.0 -9999.0 -9999.0 -9999.0 -9999.0 -9999.0 -9999.0 -9999.0 -9999.0 -9999.0 -9999.0 -9999.0 -9999.0 210.9 181.6 214.9 160.8 168.5 156.8 139.0 129.0 126.3 157.3 167.6 166.3 161.4 159.0 175.4 170.9 130.7 125.8 117.2 128.5 168.4 189.1 197.4 247.4
-9999.0 -9999.0 -9999.0 -9999.0 -9999.0 -9999.0 -9999.0 -9999.0 -9999.0 -9999.0 -9999.0 -9999.0 -9999.0 -9999.0 -9999.0 -9999.0 -9999.0 -9999.0 -9999.0 -9999.0 -9999.0 -9999.0 -9999.0 -9999.0 -9999.0 -9999.0 -9999.0 -9999.0 -9999.0 -9999.0 -9999.0 -9999.0 -9999.0 -9999.0 -9999.0 -9999.0 -9999.0 -9999.0 -9999.0 -9999.0 -9999.0 -9999.0 -9999.0 -9999.0 -9999.0 -9999.0 -9999.0 -9999.0 -9999.0 -9999.0 304.2 289.3 259.3 241.8 200.6 187.1 161.5 138.0 123.7 142.0 162.7 182.6 199.1 201.4 209.9 217.7 197.8 177.2 182.4 171.8 188.0 196.4 222.7 265.5 317.2
-9999.0 -9999.0 -9999.0 -9999.0 -9999.0 -9999.0 -9999.0 -9999.0 -9999.0 -9999.0 -9999.0 -9999.0 -9999.0 -9999.0 -9999.0 -9999.0 -9999.0 -9999.0 -9999.0 -9999.0 -9999.0 -9999.0 -9999.0 -9999.0 -9999.0 -9999.0 -9999.0 -9999.0 -9999.0 -9999.0 -9999.0 -9999.0 -9999.0 -9999.0 -9999.0 -9999.0 -9999.0 -9999.0 -9999.0 -9999.0 -9999.0 -9999.0 -9999.0 -9999.0 -9999.0 -9999.0 -9999.0 -9999.0 -9999.0 -9999.0 369.1 388.4 309.0 284.0 243.3 191.6 132.1 149.1 142.8 142.8 154.5 189.6 206.4 226.3 234.3 245.7 246.6 236.5 256.0 255.3 273.3 292.9 306.6 308.8 344.5
-9999.0 -9999.0 -9999.0 -9999.0 -9999.0 -9999.0 -9999.0 -9999.0 -9999.0 -9999.0 -9999.0 -9999.0 -9999.0 -9999.0 -9999.0 -9999.0 -9999.0 -9999.0 -9999.0 -9999.0 -9999.0 -9999.0 -9999.0 -9999.0 -9999.0 -9999.0 -9999.0 -9999.0 -9999.0 -9999.0 -9999.0 -9999.0 -9999.0 -9999.0 -9999.0 -9999.0 -9999.0 -9999.0 -9999.0 -9999.0 -9999.0 -9999.0 -9999.0 -9999.0 -9999.0 -9999.0 -9999.0 -9999.0 -9999.0 -9999.0 416.9 418.9 332.5 357.9 225.8 165.4 190.0 144.3 156.8 122.6 160.8 194.1 214.7 221.3 231.4 255.3 294.8 313.6 320.6 356.7 340.6 380.3 365.8 354.1 347.8
-9999.0 -9999.0 -9999.0 -9999.0 -9999.0 -9999.0 -9999.0 -9999.0 -9999.0 -9999.0 -9999.0 -9999.0 -9999.0 -9999.0 -9999.0 -9999.0 -9999.0 -9999.0 -9999.0 -9999.0 -9999.0 -9999.0 -9999.0 -9999.0 -9999.0 -9999.0 -9999.0 -9999.0 -9999.0 -9999.0 -9999.0 -9999.0 -9999.0 -9999.0 -9999.0 -9999.0 -9999.0 -9999.0 -9999.0 -9999.0 -9999.0 -9999.0 -9999.0 -9999.0 -9999.0 -9999.0 -9999.0 -9999.0 -9999.0 -9999.0 555.0 537.0 425.9 358.9 268.1 234.6 117.0 149.8 156.4 122.6 161.0 181.8 178.9 217.4 222.9 245.1 290.9 358.5 388.6 311.8 355.2 375.3 376.7 335.0 295.1
-9999.0 -9999.0 -9999.0 -9999.0 -9999.0 -9999.0 -9999.0 -9999.0 -9999.0 -9999.0 -9999.0 -9999.0 -9999.0 -9999.0 -9999.0 -9999.0 -9999.0 -9999.0 -9999.0 -9999.0 -9999.0 -9999.0 -9999.0 -9999.0 -9999.0 -9999.0 -9999.0 -9999.0 -9999.0 -9999.0 -9999.0 -9999.0 -9999.0 -9999.0 -9999.0 -9999.0 -9999.0 -9999.0 -9999.0 -9999.0 -9999.0 -9999.0 -9999.0 -9999.0 -9999.0 -9999.0 -9999.0 -9999.0 -9999.0 -9999.0 -9999.0 -9999.0 -9999.0 359.2 264.5 203.3 180.7 189.2 139.3 148.2 210.0 149.7 229.8 222.5 218.5 238.7 279.2 338.2 363.8 345.5 321.1 326.3 315.1 273.7 248.1
-9999.0 -9999.0 -9999.0 -9999.0 -9999.0 -9999.0 -9999.0 -9999.0 -9999.0 -9999.0 -9999.0 -9999.0 -9999.0 -9999.0 -9999.0 -9999.0 -9999.0 -9999.0 -9999.0 -9999.0 -9999.0 -9999.0 -9999.0 -9999.0 -9999.0 -9999.0 -9999.0 -9999.0 -9999.0 -9999.0 -9999.0 -9999.0 -9999.0 -9999.0 -9999.0 -9999.0 -9999.0 -9999.0 -9999.0 -9999.0 -9999.0 -9999.0 -9999.0 -9999.0 -9999.0 -9999.0 -9999.0 -9999.0 -9999.0 -9999.0 -9999.0 -9999.0 -9999.0 424.9 311.9 366.0 226.6 195.1 222.2 253.3 209.7 187.9 252.7 225.7 227.3 235.3 241.2 294.9 266.0 263.8 270.8 304.5 308.0 276.7 251.9
-9999.0 -9999.0 -9999.0 -9999.0 -9999.0 -9999.0 -9999.0 -9999.0 -9999.0 -9999.0 -9999.0 -9999.0 -9999.0 -9999.0 -9999.0 -9999.0 -9999.0 -9999.0 -9999.0 -9999.0 -9999.0 -9999.0 -9999.0 -9999.0 -9999.0 -9999.0 -9999.0 -9999.0 -9999.0 -9999.0 -9999.0 -9999.0 -9999.0 -9999.0 -9999.0 -9999.0 -9999.0 -9999.0 -9999.0 -9999.0 -9999.0 -9999.0 -9999.0 -9999.0 -9999.0 -9999.0 -9999.0 -9999.0 -9999.0 -9999.0 -9999.0 -9999.0 -9999.0 506.5 344.6 368.7 299.7 258.8 279.1 280.6 291.9 275.4 288.4 269.3 218.4 -9999.0 -9999.0 -9999.0 233.4 228.8 292.0 376.6 412.8 380.4 328.9
-9999.0 -9999.0 -9999.0 -9999.0 -9999.0 -9999.0 -9999.0 -9999.0 -9999.0 -9999.0 -9999.0 -9999.0 -9999.0 -9999.0 -9999.0 -9999.0 -9999.0 -9999.0 -9999.0 -9999.0 -9999.0 -9999.0 -9999.0 -9999.0 -9999.0 -9999.0 -9999.0 -9999.0 -9999.0 -9999.0 -9999.0 -9999.0 -9999.0 -9999.0 -9999.0 -9999.0 -9999.0 -9999.0 -9999.0 -9999.0 -9999.0 -9999.0 -9999.0 -9999.0 -9999.0 -9999.0 -9999.0 -9999.0 -9999.0 -9999.0 -9999.0 -9999.0 -9999.0 -9999.0 490.9 410.9 305.2 275.7 334.4 363.4 287.6 -9999.0 -9999.0 -9999.0 -9999.0 -9999.0 -9999.0 -9999.0 204.6 259.4 369.1 492.2 556.4 507.4 404.5
-9999.0 -9999.0 -9999.0 -9999.0 -9999.0 -9999.0 -9999.0 -9999.0 -9999.0 -9999.0 -9999.0 -9999.0 -9999.0 -9999.0 -9999.0 -9999.0 -9999.0 -9999.0 -9999.0 -9999.0 -9999.0 -9999.0 -9999.0 -9999.0 -9999.0 -9999.0 -9999.0 -9999.0 -9999.0 -9999.0 -9999.0 -9999.0 -9999.0 -9999.0 -9999.0 -9999.0 -9999.0 -9999.0 -9999.0 -9999.0 -9999.0 -9999.0 -9999.0 -9999.0 -9999.0 -9999.0 -9999.0 -9999.0 -9999.0 -9999.0 -9999.0 -9999.0 -9999.0 -9999.0 -9999.0 447.9 474.6 367.9 340.7 368.9 342.5 -9999.0 -9999.0 -9999.0 -9999.0 -9999.0 -9999.0 -9999.0 -9999.0 -9999.0 417.8 -9999.0 -9999.0 -9999.0 -9999.0
