program/excelProcessViaJava/data/SURF_CLI_CHN_PRE_MON_GRID_0.5-200104.txt
NCOLS      128
NROWS       72
XLLCORNER    72.000000000000    
YLLCORNER    18.000000000000    
CELLSIZE    0.50000000000000    
NODATA_VALUE   -9999.000    
[rows 34 to 67 of 72, columns 0 to 76 of 128]
-9999.0 -9999.0 -9999.0 -9999.0 34.7 25.2 31.1 17.1 25.7 19.9 6.9 10.5 5.7 4.2 1.2 1.2 1.1 1.1 0.8 0.5 0.4 0.3 0.3 0.3 0.4 0.7 0.5 0.7 0.9 1.2 1.6 2.3 2.3 2.6 2.9 2.5 3.0 3.5 1.7 0.8 1.2 0.4 0.4 0.6 0.9 1.3 2.3 4.1 6.9 10.9 14.1 16.0 22.5 14.8 9.6 8.7 9.4 13.5 20.2 13.6 25.0 14.7 12.3 12.0 10.3 9.1 14.9 18.0 27.9 39.7 49.1 51.5 48.8 45.7 41.3 39.1 29.7
-9999.0 -9999.0 -9999.0 -9999.0 -9999.0 -9999.0 -9999.0 19.7 20.1 13.3 16.5 12.5 6.1 5.0 3.6 1.4 1.3 1.1 0.9 0.6 0.5 0.6 0.7 0.7 0.9 1.0 1.4 1.8 2.4 3.2 3.8 4.3 4.7 5.3 5.9 5.0 5.8 4.6 5.6 5.4 1.8 6.1 5.4 3.3 2.3 2.2 4.3 6.3 11.3 13.1 15.5 18.2 20.5 28.6 21.0 8.5 7.9 9.3 19.1 16.9 28.8 16.1 16.8 19.3 21.6 20.7 23.6 26.1 30.8 40.5 49.8 51.3 48.0 40.8 31.6 29.3 19.7
-9999.0 -9999.0 -9999.0 -9999.0 -9999.0 -9999.0 -9999.0 32.2 14.4 16.2 14.1 8.7 7.2 6.7 3.6 4.1 1.7 1.2 1.4 0.8 0.8 1.0 1.0 1.3 1.6 2.0 2.6 3.4 4.0 4.8 6.0 6.9 7.5 8.7 8.0 7.9 6.9 7.1 6.3 5.1 5.1 5.2 6.4 12.3 7.1 5.8 10.0 14.4 25.6 26.1 37.4 34.5 24.8 23.6 27.1 12.0 10.1 12.7 21.4 29.9 32.3 31.7 28.0 32.3 32.6 33.1 33.1 31.7 34.2 39.9 46.0 49.1 46.2 38.9 26.1 30.0 26.6
-9999.0 -9999.0 -9999.0 -9999.0 -9999.0 -9999.0 -9999.0 -9999.0 -9999.0 15.3 11.1 7.5 7.3 4.9 2.9 1.8 1.6 2.2 1.1 1.4 1.1 1.1 1.4 1.8 2.4 3.1 3.9 4.9 5.9 7.4 8.1 9.3 10.2 11.2 10.4 10.0 9.0 8.6 7.0 6.7 5.6 6.5 6.9 7.6 11.8 15.1 19.6 23.8 28.9 32.2 36.4 33.1 29.1 25.8 31.1 19.0 14.3 16.7 28.4 34.4 40.1 46.0 48.8 40.9 42.3 39.0 35.8 34.1 36.2 39.0 42.5 43.1 41.3 37.6 35.5 21.4 18.0
-9999.0 -9999.0 -9999.0 -9999.0 -9999.0 -9999.0 -9999.0 -9999.0 -9999.0 -9999.0 -9999.0 9.9 4.1 4.9 2.6 2.0 1.3 0.9 0.8 0.9 1.1 1.3 1.7 2.3 3.1 4.1 5.2 6.4 7.8 9.2 10.7 12.4 13.1 13.8 13.6 14.9 12.2 10.8 13.2 8.1 8.6 7.2 7.4 9.0 16.8 17.3 28.7 29.3 35.0 35.8 32.1 31.7 31.2 33.8 39.2 34.5 28.5 32.4 34.6 39.2 46.8 50.2 54.5 53.4 53.0 36.4 30.4 33.0 34.7 36.5 37.0 37.1 35.5 34.2 29.7 25.8 22.3
-9999.0 -9999.0 -9999.0 -9999.0 -9999.0 -9999.0 -9999.0 -9999.0 -9999.0 -9999.0 -9999.0 -9999.0 4.1 2.6 2.6 1.3 1.6 0.8 0.7 1.0 0.9 1.2 1.8 2.6 3.6 4.7 6.1 7.3 8.9 10.7 12.4 14.1 15.5 17.1 17.6 16.8 18.2 13.8 10.6 8.1 6.9 6.9 8.2 12.2 15.9 22.0 29.5 29.0 32.6 34.0 39.0 37.2 34.3 35.1 40.8 45.9 47.6 52.0 37.5 48.7 48.5 57.0 62.2 62.5 54.0 59.7 36.2 35.7 35.5 36.0 29.8 28.5 32.8 38.0 40.8 64.7 45.5
-9999.0 -9999.0 -9999.0 -9999.0 -9999.0 -9999.0 -9999.0 -9999.0 -9999.0 -9999.0 -9999.0 -9999.0 7.0 2.2 1.2 1.2 0.6 0.5 0.6 0.6 0.8 1.1 1.7 2.5 3.8 4.9 6.2 7.8 9.2 11.1 13.0 15.2 17.0 18.4 19.4 18.8 19.7 18.0 14.1 10.6 7.8 7.6 11.5 12.0 18.7 26.5 27.4 28.7 25.3 30.1 29.8 33.0 33.2 40.8 44.4 53.5 53.6 56.2 46.1 45.0 46.4 51.9 64.8 76.8 60.0 62.2 34.0 30.1 29.5 32.7 40.7 56.5 63.7 53.5 58.3 55.5 52.3
-9999.0 -9999.0 -9999.0 -9999.0 -9999.0 -9999.0 -9999.0 -9999.0 -9999.0 -9999.0 -9999.0 -9999.0 -9999.0 2.8 2.5 0.7 0.6 0.4 0.3 0.4 0.5 0.9 1.3 2.3 3.3 3.9 5.0 6.1 7.9 9.9 12.3 14.7 17.1 19.1 19.6 19.8 19.3 18.5 22.1 14.6 11.2 11.6 12.4 18.4 20.2 23.6 29.4 32.8 32.4 29.5 28.4 27.4 32.5 48.5 53.6 59.7 61.4 65.9 75.5 63.6 60.4 56.7 70.3 66.1 60.6 63.1 59.3 40.5 38.3 34.8 32.1 38.7 50.0 59.4 69.1 66.0 65.9
-9999.0 -9999.0 -9999.0 -9999.0 -9999.0 -9999.0 -9999.0 -9999.0 -9999.0 -9999.0 -9999.0 -9999.0 5.4 4.9 2.4 0.8 0.9 0.4 0.3 0.3 0.4 0.6 0.9 1.6 2.5 2.8 3.8 4.9 6.2 7.8 10.2 13.1 15.5 17.7 19.3 19.5 20.8 17.8 15.2 12.9 16.2 20.0 24.2 17.8 24.0 28.8 30.1 28.2 27.7 26.1 29.4 34.2 33.3 42.7 49.6 57.7 69.3 60.7 72.5 65.3 67.8 81.1 82.4 107.0 94.9 84.7 41.9 37.0 50.4 63.8 59.8 52.5 53.3 58.1 64.6 67.9 68.5
-9999.0 -9999.0 -9999.0 -9999.0 -9999.0 -9999.0 -9999.0 -9999.0 -9999.0 -9999.0 -9999.0 -9999.0 8.4 3.0 1.8 2.7 1.1 0.3 0.3 0.3 0.3 0.3 0.5 0.8 1.5 2.1 2.6 3.1 4.0 5.6 7.7 10.2 12.9 15.6 17.0 17.6 17.2 16.9 14.7 10.9 10.7 11.9 15.8 21.6 27.4 32.6 37.8 35.5 31.6 24.0 23.8 28.5 30.9 37.6 42.9 47.5 59.9 72.8 75.6 92.6 106.3 125.6 94.7 98.1 106.2 72.9 77.0 40.8 32.7 36.6 44.1 50.3 57.4 69.0 74.3 70.2 79.0
-9999.0 -9999.0 -9999.0 -9999.0 -9999.0 -9999.0 -9999.0 -9999.0 -9999.0 -9999.0 -9999.0 -9999.0 6.3 6.0 2.4 1.4 0.8 0.8 0.3 0.2 0.2 0.2 0.2 0.3 0.4 0.5 0.8 0.9 1.8 2.7 4.5 6.5 10.1 13.1 14.5 14.9 15.2 15.1 13.2 12.7 12.1 15.1 25.6 26.3 33.1 40.5 42.0 35.4 29.1 25.7 23.8 24.0 33.1 38.3 36.0 34.1 47.2 66.0 85.4 89.8 106.1 126.2 192.4 130.8 89.4 68.4 58.7 49.8 45.8 40.1 42.5 67.0 75.3 89.8 143.3 88.6 116.3
-9999.0 -9999.0 -9999.0 -9999.0 -9999.0 -9999.0 -9999.0 -9999.0 -9999.0 -9999.0 -9999.0 -9999.0 -9999.0 13.4 7.3 2.6 1.5 0.7 0.5 0.3 0.4 0.1 0.2 0.2 0.2 0.2 0.3 0.3 0.4 1.0 1.6 3.5 6.3 9.7 11.6 13.7 14.8 14.4 14.5 13.9 16.4 29.5 39.7 42.0 40.3 40.5 40.7 32.9 30.7 25.0 20.3 20.7 18.6 19.0 26.2 33.2 31.2 48.5 79.8 128.9 151.5 235.7 217.1 122.8 55.7 50.2 48.3 52.1 54.6 61.1 59.6 66.8 100.8 83.5 96.8 85.5 90.0
-9999.0 -9999.0 -9999.0 -9999.0 -9999.0 -9999.0 -9999.0 -9999.0 -9999.0 -9999.0 -9999.0 -9999.0 -9999.0 9.6 10.6 4.8 4.5 1.6 0.8 0.4 0.5 0.3 0.2 0.1 0.1 0.1 0.1 0.1 0.1 0.2 0.4 1.2 3.3 6.3 9.3 11.8 13.0 15.0 18.0 28.5 25.2 34.9 44.9 50.0 58.4 46.0 40.3 31.0 25.4 20.0 17.5 11.7 11.9 16.5 23.3 23.1 24.4 42.6 80.6 95.9 171.1 164.7 98.0 70.8 43.5 34.5 37.9 48.8 66.2 75.1 82.3 99.3 116.8 131.2 124.2 121.3 138.5
-9999.0 -9999.0 -9999.0 -9999.0 -9999.0 -9999.0 -9999.0 -9999.0 -9999.0 -9999.0 -9999.0 -9999.0 -9999.0 -9999.0 -9999.0 9.2 5.8 4.0 2.0 0.9 0.7 0.2 0.1 0.1 0.1 0.1 0.1 0.1 0.1 0.1 0.1 0.3 1.9 4.4 6.9 13.2 18.9 14.4 18.8 24.1 36.1 45.5 51.0 52.7 49.9 50.2 39.2 36.1 24.5 21.3 11.9 17.2 7.1 7.4 5.1 13.0 22.7 30.7 82.4 135.9 127.7 90.6 128.3 101.2 57.4 36.5 35.1 46.5 69.2 95.4 108.9 124.0 188.3 194.2 153.6 169.9 158.2
-9999.0 -9999.0 -9999.0 -9999.0 -9999.0 -9999.0 -9999.0 -9999.0 -9999.0 -9999.0 -9999.0 -9999.0 -9999.0 -9999.0 -9999.0 -9999.0 -9999.0 19.9 7.5 -9999.0 1.9 1.0 0.4 0.3 0.3 0.3 0.3 0.1 0.1 0.1 0.0 0.1 1.7 2.2 4.6 8.2 20.9 11.0 18.7 25.1 33.7 48.6 47.7 46.7 71.1 54.0 147.4 37.7 29.2 19.8 23.3 9.1 12.3 8.1 10.9 15.4 14.3 45.2 73.2 123.5 67.9 106.6 174.3 156.1 94.7 56.9 47.5 57.1 77.5 96.6 95.3 184.7 222.2 208.0 197.4 192.5 168.6
-9999.0 -9999.0 -9999.0 -9999.0 -9999.0 -9999.0 -9999.0 -9999.0 -9999.0 -9999.0 -9999.0 -9999.0 -9999.0 -9999.0 -9999.0 -9999.0 -9999.0 -9999.0 -9999.0 -9999.0 -9999.0 3.8 2.9 4.0 2.4 3.2 2.7 1.5 0.4 0.2 0.1 0.4 0.7 2.2 4.0 8.0 10.1 11.8 12.1 14.2 18.5 44.5 48.2 43.1 64.1 42.4 203.9 52.2 38.9 91.1 22.3 30.0 24.6 12.1 12.8 21.6 28.4 28.8 92.6 96.5 54.9 85.7 169.9 166.0 123.9 83.1 69.6 72.7 81.5 89.4 103.2 172.8 202.9 194.0 172.4 160.0 161.9
-9999.0 -9999.0 -9999.0 -9999.0 -9999.0 -9999.0 -9999.0 -9999.0 -9999.0 -9999.0 -9999.0 -9999.0 -9999.0 -9999.0 -9999.0 -9999.0 -9999.0 -9999.0 -9999.0 -9999.0 -9999.0 -9999.0 -9999.0 24.9 13.3 15.4 15.3 10.1 4.0 1.9 0.7 1.3 7.7 7.9 16.0 18.8 28.2 18.3 32.8 40.1 35.9 47.4 28.3 26.0 57.6 210.2 94.5 80.3 105.1 108.5 51.8 39.7 41.8 34.5 23.9 8.5 23.2 46.0 16.5 74.9 35.7 58.5 75.1 88.6 87.7 89.3 88.3 89.4 97.9 95.1 135.1 157.6 182.3 193.6 154.4 143.5 176.6
-9999.0 -9999.0 -9999.0 -9999.0 -9999.0 -9999.0 -9999.0 -9999.0 -9999.0 -9999.0 -9999.0 -9999.0 -9999.0 -9999.0 -9999.0 -9999.0 -9999.0 -9999.0 -9999.0 -9999.0 -9999.0 -9999.0 -9999.0 -9999.0 -9999.0 108.2 68.0 28.9 21.5 23.7 11.7 10.7 14.2 21.5 23.2 41.9 73.1 36.5 57.4 37.0 57.3 26.4 36.2 38.6 129.4 200.8 165.2 268.4 62.8 105.9 62.4 68.6 65.1 61.3 38.8 19.1 22.4 15.4 44.1 49.9 48.1 45.2 136.5 48.4 53.7 74.6 93.6 113.3 124.2 131.1 124.4 144.0 154.8 162.8 147.2 134.5 171.9
-9999.0 -9999.0 -9999.0 -9999.0 -9999.0 -9999.0 -9999.0 -9999.0 -9999.0 -9999.0 -9999.0 -9999.0 -9999.0 -9999.0 -9999.0 -9999.0 -9999.0 -9999.0 -9999.0 -9999.0 -9999.0 -9999.0 -9999.0 -9999.0 -9999.0 -9999.0 -9999.0 182.0 170.2 87.2 63.0 53.1 55.1 51.0 59.3 51.1 48.8 43.8 26.6 35.1 45.6 16.7 44.6 105.9 135.5 178.5 219.9 246.2 266.6 181.9 259.9 256.1 110.8 96.8 56.7 33.3 7.6 3.3 22.9 14.1 7.1 30.4 16.0 18.2 34.1 51.8 84.8 102.1 107.0 108.4 115.1 134.1 131.9 131.6 128.5 142.4 177.3
-9999.0 -9999.0 -9999.0 -9999.0 -9999.0 -9999.0 -9999.0 -9999.0 -9999.0 -9999.0 -9999.0 -9999.0 -9999.0 -9999.0 -9999.0 -9999.0 -9999.0 -9999.0 -9999.0 -9999.0 -9999.0 -9999.0 -9999.0 -9999.0 -9999.0 -9999.0 -9999.0 -9999.0 -9999.0 -9999.0 -9999.0 -9999.0 -9999.0 111.5 98.0 -9999.0 -9999.0 -9999.0 49.8 37.8 33.2 43.7 39.0 104.6 136.8 155.3 -9999.0 -9999.0 -9999.0 -9999.0 -9999.0 -9999.0 167.4 88.0 61.3 17.3 3.0 0.4 1.5 2.3 5.7 15.2 8.0 8.7 15.2 34.7 66.9 95.5 101.2 101.3 112.0 126.5 132.7 124.3 135.4 164.9 185.1
-9999.0 -9999.0 -9999.0 -9999.0 -9999.0 -9999.0 -9999.0 -9999.0 -9999.0 -9999.0 -9999.0 -9999.0 -9999.0 -9999.0 -9999.0 -9999.0 -9999.0 -9999.0 -9999.0 -9999.0 -9999.0 -9999.0 -9999.0 -9999.0 -9999.0 -9999.0 -9999.0 -9999.0 -9999.0 -9999.0 -9999.0 -9999.0 -9999.0 -9999.0 -9999.0 -9999.0 -9999.0 -9999.0 -9999.0 91.2 86.1 87.0 91.5 98.2 -9999.0 -9999.0 -9999.0 -9999.0 -9999.0 -9999.0 -9999.0 -9999.0 133.5 76.5 38.9 10.2 1.0 0.3 0.3 0.6 1.7 5.4 8.7 6.6 14.4 31.4 56.7 63.3 74.1 104.0 128.3 143.9 143.8 146.0 165.6 192.2 203.7
-9999.0 -9999.0 -9999.0 -9999.0 -9999.0 -9999.0 -9999.0 -9999.0 -9999.0 -9999.0 -9999.0 -9999.0 -9999.0 -9999.0 -9999.0 -9999.0 -9999.0 -9999.0 -9999.0 -9999.0 -9999.0 -9999.0 -9999.0 -9999.0 -9999.0 -9999.0 -9999.0 -9999.0 -9999.0 -9999.0 -9999.0 -9999.0 -9999.0 -9999.0 -9999.0 -9999.0 -9999.0 -9999.0 -9999.0 -9999.0 -9999.0 -9999.0 -9999.0 -9999.0 -9999.0 -9999.0 -9999.0 -9999.0 -9999.0 -9999.0 -9999.0 -9999.0 93.1 60.8 25.7 9.8 1.4 0.5 0.4 0.5 0.7 1.8 21.1 8.0 15.7 25.5 27.9 32.1 47.0 82.4 124.4 153.3 173.8 166.5 180.3 218.1 237.1
-9999.0 -9999.0 -9999.0 -9999.0 -9999.0 -9999.0 -9999.0 -9999.0 -9999.0 -9999.0 -9999.0 -9999.0 -9999.0 -9999.0 -9999.0 -9999.0 -9999.0 -9999.0 -9999.0 -9999.0 -9999.0 -9999.0 -9999.0 -9999.0 -9999.0 -9999.0 -9999.0 -9999.0 -9999.0 -9999.0 -9999.0 -9999.0 -9999.0 -9999.0 -9999.0 -9999.0 -9999.0 -9999.0 -9999.0 -9999.0 -9999.0 -9999.0 -9999.0 -9999.0 -9999.0 -9999.0 -9999.0 -9999.0 -9999.0 -9999.0 -9999.0 51.6 56.0 42.6 23.2 8.3 3.7 1.4 1.0 0.5 0.6 1.2 2.6 7.6 16.3 24.6 21.4 26.1 31.7 56.9 93.5 124.1 134.0 149.5 183.0 225.9 261.0
-9999.0 -9999.0 -9999.0 -9999.0 -9999.0 -9999.0 -9999.0 -9999.0 -9999.0 -9999.0 -9999.0 -9999.0 -9999.0 -9999.0 -9999.0 -9999.0 -9999.0 -9999.0 -9999.0 -9999.0 -9999.0 -9999.0 -9999.0 -9999.0 -9999.0 -9999.0 -9999.0 -9999.0 -9999.0 -9999.0 -9999.0 -9999.0 -9999.0 -9999.0 -9999.0 -9999.0 -9999.0 -9999.0 -9999.0 -9999.0 -9999.0 -9999.0 -9999.0 -9999.0 -9999.0 -9999.0 -9999.0 -9999.0 -9999.0 -9999.0 21.2 31.5 34.5 29.5 16.8 10.1 6.6 4.0 1.8 0.6 0.3 0.6 2.2 7.4 18.2 28.0 29.8 28.8 33.7 46.5 67.9 77.0 93.7 127.8 165.6 210.2 253.3
-9999.0 -9999.0 -9999.0 -9999.0 -9999.0 -9999.0 -9999.0 -9999.0 -9999.0 -9999.0 -9999.0 -9999.0 -9999.0 -9999.0 -9999.0 -9999.0 -9999.0 -9999.0 -9999.0 -9999.0 -9999.0 -9999.0 -9999.0 -9999.0 -9999.0 -9999.0 -9999.0 -9999.0 -9999.0 -9999.0 -9999.0 -9999.0 -9999.0 -9999.0 -9999.0 -9999.0 -9999.0 -9999.0 -9999.0 -9999.0 -9999.0 -9999.0 -9999.0 -9999.0 -9999.0 -9999.0 -9999.0 -9999.0 -9999.0 -9999.0 8.0 25.8 9.6 18.6 16.6 10.6 3.0 4.0 2.0 1.0 1.1 1.5 4.8 10.2 21.1 34.4 36.2 38.5 39.3 47.7 59.8 68.8 79.1 99.6 132.0 173.9 220.8
-9999.0 -9999.0 -9999.0 -9999.0 -9999.0 -9999.0 -9999.0 -9999.0 -9999.0 -9999.0 -9999.0 -9999.0 -9999.0 -9999.0 -9999.0 -9999.0 -9999.0 -9999.0 -9999.0 -9999.0 -9999.0 -9999.0 -9999.0 -9999.0 -9999.0 -9999.0 -9999.0 -9999.0 -9999.0 -9999.0 -9999.0 -9999.0 -9999.0 -9999.0 -9999.0 -9999.0 -9999.0 -9999.0 -9999.0 -9999.0 -9999.0 -9999.0 -9999.0 -9999.0 -9999.0 -9999.0 -9999.0 -9999.0 -9999.0 -9999.0 2.9 6.2 5.6 23.3 12.4 9.0 10.0 3.6 2.8 2.6 3.7 5.4 10.1 18.1 24.7 32.0 36.9 39.0 44.5 58.9 71.6 92.5 83.3 101.9 115.4 154.6 198.7
-9999.0 -9999.0 -9999.0 -9999.0 -9999.0 -9999.0 -9999.0 -9999.0 -9999.0 -9999.0 -9999.0 -9999.0 -9999.0 -9999.0 -9999.0 -9999.0 -9999.0 -9999.0 -9999.0 -9999.0 -9999.0 -9999.0 -9999.0 -9999.0 -9999.0 -9999.0 -9999.0 -9999.0 -9999.0 -9999.0 -9999.0 -9999.0 -9999.0 -9999.0 -9999.0 -9999.0 -9999.0 -9999.0 -9999.0 -9999.0 -9999.0 -9999.0 -9999.0 -9999.0 -9999.0 -9999.0 -9999.0 -9999.0 -9999.0 -9999.0 5.9 13.8 12.1 18.3 18.3 17.6 5.0 4.8 3.7 6.4 11.4 19.6 32.6 34.6 37.7 40.0 42.7 44.3 58.8 64.0 87.0 98.7 104.9 109.9 114.9 161.4 198.0
-9999.0 -9999.0 -9999.0 -9999.0 -9999.0 -9999.0 -9999.0 -9999.0 -9999.0 -9999.0 -9999.0 -9999.0 -9999.0 -9999.0 -9999.0 -9999.0 -9999.0 -9999.0 -9999.0 -9999.0 -9999.0 -9999.0 -9999.0 -9999.0 -9999.0 -9999.0 -9999.0 -9999.0 -9999.0 -9999.0 -9999.0 -9999.0 -9999.0 -9999.0 -9999.0 -9999.0 -9999.0 -9999.0 -9999.0 -9999.0 -9999.0 -9999.0 -9999.0 -9999.0 -9999.0 -9999.0 -9999.0 -9999.0 -9999.0 -9999.0 -9999.0 -9999.0 -9999.0 12.8 14.0 12.8 10.9 9.4 9.9 17.5 27.4 54.1 59.7 69.1 67.1 62.8 67.0 59.9 77.7 91.7 98.5 102.3 102.2 104.0 123.5 163.1 204.8
-9999.0 -9999.0 -9999.0 -9999.0 -9999.0 -9999.0 -9999.0 -9999.0 -9999.0 -9999.0 -9999.0 -9999.0 -9999.0 -9999.0 -9999.0 -9999.0 -9999.0 -9999.0 -9999.0 -9999.0 -9999.0 -9999.0 -9999.0 -9999.0 -9999.0 -9999.0 -9999.0 -9999.0 -9999.0 -9999.0 -9999.0 -9999.0 -9999.0 -9999.0 -9999.0 -9999.0 -9999.0 -9999.0 -9999.0 -9999.0 -9999.0 -9999.0 -9999.0 -9999.0 -9999.0 -9999.0 -9999.0 -9999.0 -9999.0 -9999.0 -9999.0 -9999.0 -9999.0 9.0 7.8 24.3 14.1 15.8 23.0 36.7 61.2 83.2 109.0 102.6 99.1 91.4 74.7 101.9 95.5 105.1 101.2 98.1 97.3 98.9 114.5 165.2 186.4
-9999.0 -9999.0 -9999.0 -9999.0 -9999.0 -9999.0 -9999.0 -9999.0 -9999.0 -9999.0 -9999.0 -9999.0 -9999.0 -9999.0 -9999.0 -9999.0 -9999.0 -9999.0 -9999.0 -9999.0 -9999.0 -9999.0 -9999.0 -9999.0 -9999.0 -9999.0 -9999.0 -9999.0 -9999.0 -9999.0 -9999.0 -9999.0 -9999.0 -9999.0 -9999.0 -9999.0 -9999.0 -9999.0 -9999.0 -9999.0 -9999.0 -9999.0 -9999.0 -9999.0 -9999.0 -9999.0 -9999.0 -9999.0 -9999.0 -9999.0 -9999.0 -9999.0 -9999.0 6.2 2.3 15.7 21.6 28.4 39.9 56.4 85.4 111.4 145.9 157.8 97.7 -9999.0 -9999.0 -9999.0 131.3 118.0 114.6 111.5 98.2 86.0 96.5 143.3 148.8
-9999.0 -9999.0 -9999.0 -9999.0 -9999.0 -9999.0 -9999.0 -9999.0 -9999.0 -9999.0 -9999.0 -9999.0 -9999.0 -9999.0 -9999.0 -9999.0 -9999.0 -9999.0 -9999.0 -9999.0 -9999.0 -9999.0 -9999.0 -9999.0 -9999.0 -9999.0 -9999.0 -9999.0 -9999.0 -9999.0 -9999.0 -9999.0 -9999.0 -9999.0 -9999.0 -9999.0 -9999.0 -9999.0 -9999.0 -9999.0 -9999.0 -9999.0 -9999.0 -9999.0 -9999.0 -9999.0 -9999.0 -9999.0 -9999.0 -9999.0 -9999.0 -9999.0 -9999.0 -9999.0 7.8 14.4 19.1 29.1 48.7 71.8 65.3 -9999.0 -9999.0 -9999.0 -9999.0 -9999.0 -9999.0 -9999.0 114.8 132.7 152.2 105.2 78.5 67.8 67.1 78.5 99.3
-9999.0 -9999.0 -9999.0 -9999.0 -9999.0 -9999.0 -9999.0 -9999.0 -9999.0 -9999.0 -9999.0 -9999.0 -9999.0 -9999.0 -9999.0 -9999.0 -9999.0 -9999.0 -9999.0 -9999.0 -9999.0 -9999.0 -9999.0 -9999.0 -9999.0 -9999.0 -9999.0 -9999.0 -9999.0 -9999.0 -9999.0 -9999.0 -9999.0 -9999.0 -9999.0 -9999.0 -9999.0 -9999.0 -9999.0 -9999.0 -9999.0 -9999.0 -9999.0 -9999.0 -9999.0 -9999.0 -9999.0 -9999.0 -9999.0 -9999.0 -9999.0 -9999.0 -9999.0 -9999.0 -9999.0 11.8 38.2 32.9 33.6 53.2 61.3 -9999.0 -9999.0 -9999.0 -9999.0 -9999.0 -9999.0 -9999.0 -9999.0 -9999.0 96.1 -9999.0 -9999.0 -9999.0 -9999.0 -9999.0 69.4
-9999.0 -9999.0 -9999.0 -9999.0 -9999.0 -9999.0 -9999.0 -9999.0 -9999.0 -9999.0 -9999.0 -9999.0 -9999.0 -9999.0 -9999.0 -9999.0 -9999.0 -9999.0 -9999.0 -9999.0 -9999.0 -9999.0 -9999.0 -9999.0 -9999.0 -9999.0 -9999.0 -9999.0 -9999.0 -9999.0 -9999.0 -9999.0 -9999.0 -9999.0 -9999.0 -9999.0 -9999.0 -9999.0 -9999.0 -9999.0 -9999.0 -9999.0 -9999.0 -9999.0 -9999.0 -9999.0 -9999.0 -9999.0 -9999.0 -9999.0 -9999.0 -9999.0 -9999.0 -9999.0 -9999.0 -9999.0 -9999.0 -9999.0 33.7 30.2 -9999.0 -9999.0 -9999.0 -9999.0 -9999.0 -9999.0 -9999.0 -9999.0 -9999.0 -9999.0 -9999.0 -9999.0 -9999.0 -9999.0 -9999.0 43.1 50.3
-9999.0 -9999.0 -9999.0 -9999.0 -9999.0 -9999.0 -9999.0 -9999.0 -9999.0 -9999.0 -9999.0 -9999.0 -9999.0 -9999.0 -9999.0 -9999.0 -9999.0 -9999.0 -9999.0 -9999.0 -9999.0 -9999.0 -9999.0 -9999.0 -9999.0 -9999.0 -9999.0 -9999.0 -9999.0 -9999.0 -9999.0 -9999.0 -9999.0 -9999.0 -9999.0 -9999.0 -9999.0 -9999.0 -9999.0 -9999.0 -9999.0 -9999.0 -9999.0 -9999.0 -9999.0 -9999.0 -9999.0 -9999.0 -9999.0 -9999.0 -9999.0 -9999.0 -9999.0 -9999.0 -9999.0 -9999.0 -9999.0 -9999.0 -9999.0 -9999.0 -9999.0 -9999.0 -9999.0 -9999.0 -9999.0 -9999.0 -9999.0 -9999.0 -9999.0 -9999.0 -9999.0 -9999.0 -9999.0 -9999.0 -9999.0 -9999.0 -9999.0
