program/excelProcessViaJava/data/SURF_CLI_CHN_PRE_MON_GRID_0.5-199805.txt
NCOLS      128
NROWS       72
XLLCORNER    72.000000000000    
YLLCORNER    18.000000000000    
CELLSIZE    0.50000000000000    
NODATA_VALUE   -9999.000    
[rows 34 to 67 of 72, columns 0 to 75 of 128]
-9999.0 -9999.0 -9999.0 -9999.0 2.1 3.9 0.2 3.2 0.0 0.0 5.6 0.2 1.0 0.7 3.3 1.7 0.9 0.6 0.6 0.6 0.6 0.5 0.4 0.1 0.0 0.0 0.0 0.0 0.1 0.1 0.2 0.4 0.7 1.2 2.3 3.1 5.6 8.6 7.5 4.9 9.5 2.4 1.9 1.0 1.0 1.0 1.0 1.1 1.5 2.9 5.2 9.9 30.3 25.9 24.4 28.0 34.9 49.7 67.0 77.2 77.5 74.3 65.7 65.1 54.4 43.7 66.8 65.4 78.8 101.5 115.4 119.8 122.2 126.9 118.7 105.2
-9999.0 -9999.0 -9999.0 -9999.0 -9999.0 -9999.0 -9999.0 1.0 0.2 0.6 0.0 0.0 0.3 0.1 0.1 1.3 0.4 0.5 0.5 0.3 0.0 0.0 0.0 0.0 0.0 0.0 0.0 0.0 0.0 0.1 0.2 0.3 0.6 1.1 2.2 3.4 5.9 7.8 11.7 14.7 9.2 20.3 19.7 13.4 6.8 2.4 4.3 3.2 5.5 3.1 3.6 7.1 16.5 45.0 39.4 25.4 32.8 46.9 68.0 77.3 79.9 75.8 69.1 73.6 79.0 58.7 67.5 77.2 86.1 106.7 120.4 121.2 129.2 141.6 139.6 129.1
-9999.0 -9999.0 -9999.0 -9999.0 -9999.0 -9999.0 -9999.0 0.0 1.3 0.1 0.0 0.1 0.0 0.0 0.0 0.0 0.0 0.0 0.0 0.0 0.0 0.0 0.0 0.0 0.0 0.0 0.0 0.0 0.1 0.1 0.2 0.3 0.5 0.9 1.8 3.2 4.9 7.7 10.5 12.7 15.5 17.3 19.7 27.3 17.0 9.6 12.9 14.4 27.0 23.2 43.2 41.7 24.8 33.4 45.7 31.2 40.1 57.7 72.3 80.1 85.6 93.9 89.2 98.2 86.1 72.7 68.0 74.0 94.4 115.7 121.1 118.5 127.8 144.5 141.4 146.1
-9999.0 -9999.0 -9999.0 -9999.0 -9999.0 -9999.0 -9999.0 -9999.0 -9999.0 0.1 0.1 0.1 0.0 0.0 0.0 0.0 0.0 0.0 0.0 0.0 0.0 0.0 0.0 0.0 0.0 0.0 0.0 0.0 0.1 0.1 0.2 0.3 0.5 0.8 1.5 2.6 4.2 6.7 9.2 12.7 14.9 18.2 19.1 19.1 23.4 24.6 26.3 27.4 30.8 34.0 42.4 41.6 39.2 36.8 49.1 39.8 46.0 62.9 79.6 88.8 96.9 104.1 111.4 101.7 99.3 79.4 67.3 74.5 100.6 119.8 124.0 118.9 123.2 139.6 153.0 134.6
-9999.0 -9999.0 -9999.0 -9999.0 -9999.0 -9999.0 -9999.0 -9999.0 -9999.0 -9999.0 -9999.0 0.0 0.2 0.0 0.0 0.0 0.0 0.0 0.0 0.0 0.0 0.0 0.0 0.0 0.0 0.0 0.0 0.0 0.1 0.1 0.2 0.2 0.4 0.7 1.2 2.2 3.6 5.7 9.4 11.9 16.2 18.1 19.0 20.3 28.5 26.6 36.5 34.8 40.0 41.7 39.8 44.0 46.5 50.4 55.8 53.4 58.7 75.6 90.5 102.8 111.2 116.9 121.0 119.3 110.2 69.6 55.8 72.1 97.7 116.7 125.6 124.4 119.2 122.9 120.3 133.2
-9999.0 -9999.0 -9999.0 -9999.0 -9999.0 -9999.0 -9999.0 -9999.0 -9999.0 -9999.0 -9999.0 -9999.0 0.1 0.1 0.0 0.0 0.0 0.0 0.0 0.0 0.0 0.0 0.0 0.0 0.0 0.0 0.1 0.0 0.1 0.1 0.1 0.2 0.4 0.6 0.9 1.7 2.9 4.6 6.8 9.5 12.8 15.9 18.6 23.1 26.5 31.5 37.5 36.6 40.9 44.5 53.4 56.4 54.1 50.5 53.7 59.8 70.1 86.2 102.6 119.2 127.6 125.0 123.5 125.8 104.9 106.4 66.9 78.4 96.9 115.6 130.1 119.1 104.7 109.0 127.3 150.1
-9999.0 -9999.0 -9999.0 -9999.0 -9999.0 -9999.0 -9999.0 -9999.0 -9999.0 -9999.0 -9999.0 -9999.0 0.0 0.2 0.3 0.0 0.1 0.0 0.0 0.0 0.0 0.0 0.0 0.1 0.1 0.1 0.1 0.1 0.1 0.1 0.1 0.2 0.3 0.5 0.7 1.3 2.0 3.3 5.2 7.6 10.3 13.4 18.5 20.5 26.9 33.5 35.9 39.0 39.2 46.9 51.2 58.1 56.9 59.2 54.2 63.7 74.5 94.3 115.5 132.1 139.4 139.4 134.4 131.9 111.0 105.4 63.9 78.5 101.0 125.8 144.4 153.8 158.1 155.8 148.9 137.5
-9999.0 -9999.0 -9999.0 -9999.0 -9999.0 -9999.0 -9999.0 -9999.0 -9999.0 -9999.0 -9999.0 -9999.0 -9999.0 0.1 0.0 0.3 0.0 0.1 0.1 0.1 0.1 0.2 0.1 0.2 0.1 0.0 0.0 0.0 0.1 0.1 0.2 0.2 0.3 0.4 0.7 1.0 1.5 2.3 3.8 5.5 8.1 11.7 15.4 21.0 24.6 29.0 35.2 40.5 44.9 49.2 54.8 58.4 60.6 68.1 66.7 69.6 79.9 98.2 113.8 132.5 140.1 145.8 147.2 155.9 105.5 103.0 101.5 107.2 136.1 164.0 182.5 187.2 184.4 169.6 155.2 132.5
-9999.0 -9999.0 -9999.0 -9999.0 -9999.0 -9999.0 -9999.0 -9999.0 -9999.0 -9999.0 -9999.0 -9999.0 0.3 0.0 0.1 0.3 0.0 0.1 0.1 0.5 0.5 0.4 0.3 0.3 0.3 0.1 0.1 0.1 0.1 0.1 0.1 0.3 0.2 0.4 0.6 0.9 1.1 1.7 2.4 3.7 6.6 10.8 15.7 17.5 22.5 27.0 30.8 34.3 39.0 44.7 52.2 59.0 61.8 64.6 65.1 70.5 81.9 96.0 113.1 125.6 137.0 146.1 158.6 161.6 161.0 133.6 111.0 144.7 174.7 187.7 206.5 221.4 206.6 159.7 125.4 105.3
-9999.0 -9999.0 -9999.0 -9999.0 -9999.0 -9999.0 -9999.0 -9999.0 -9999.0 -9999.0 -9999.0 -9999.0 0.3 2.8 1.1 0.0 0.1 0.8 0.8 0.4 1.1 0.5 0.5 0.4 0.5 0.4 0.3 0.2 0.1 0.2 0.2 0.2 0.3 0.5 0.7 0.9 1.3 1.6 2.1 3.1 5.0 8.4 12.7 17.0 20.7 23.7 26.9 28.9 32.2 37.1 43.2 49.6 53.6 56.2 60.5 66.8 77.2 89.8 103.1 116.8 130.3 143.7 163.0 165.2 155.8 120.6 139.1 173.5 206.6 227.1 240.7 243.6 224.0 191.6 161.8 119.6
-9999.0 -9999.0 -9999.0 -9999.0 -9999.0 -9999.0 -9999.0 -9999.0 -9999.0 -9999.0 -9999.0 -9999.0 10.7 1.4 5.7 3.1 2.9 0.4 1.2 1.1 0.3 0.3 0.8 0.4 0.5 0.2 0.2 0.1 0.2 0.1 0.2 0.2 0.4 0.6 0.9 1.2 1.7 2.2 2.9 3.8 6.3 11.5 16.4 20.3 21.8 22.9 23.2 22.4 24.7 28.7 33.2 38.4 44.5 49.8 53.6 59.0 67.9 78.9 91.7 102.5 119.2 139.3 159.0 154.6 114.6 131.8 145.8 170.8 194.8 212.4 235.9 244.6 233.5 204.5 197.9 157.8
-9999.0 -9999.0 -9999.0 -9999.0 -9999.0 -9999.0 -9999.0 -9999.0 -9999.0 -9999.0 -9999.0 -9999.0 -9999.0 0.8 1.4 7.1 5.1 6.1 2.4 1.5 0.3 1.5 0.6 0.4 0.8 0.4 0.3 0.2 0.1 0.2 0.1 0.2 0.3 0.7 1.0 1.1 1.9 3.6 4.7 6.9 10.9 15.9 21.7 26.1 26.8 23.4 20.4 19.7 18.9 20.7 24.8 27.9 31.8 36.2 43.4 50.2 54.0 62.8 77.8 98.9 115.4 139.6 157.9 111.2 102.6 115.5 118.3 134.6 155.3 185.5 218.9 239.4 228.2 210.3 181.6 152.2
-9999.0 -9999.0 -9999.0 -9999.0 -9999.0 -9999.0 -9999.0 -9999.0 -9999.0 -9999.0 -9999.0 -9999.0 -9999.0 31.8 5.9 14.1 4.5 13.2 10.6 6.6 1.3 1.1 0.8 0.8 1.9 0.7 0.3 0.3 0.2 0.0 0.1 0.1 0.4 0.6 0.9 1.6 3.3 5.3 6.9 8.6 16.3 24.2 31.4 33.4 28.0 25.8 20.9 19.5 16.3 16.1 17.2 20.6 23.2 29.4 36.3 40.4 43.1 51.5 68.4 73.7 108.2 112.1 90.8 89.9 99.7 106.7 107.0 122.0 146.1 175.4 204.0 216.0 219.1 209.3 192.5 185.6
-9999.0 -9999.0 -9999.0 -9999.0 -9999.0 -9999.0 -9999.0 -9999.0 -9999.0 -9999.0 -9999.0 -9999.0 -9999.0 -9999.0 -9999.0 23.4 25.2 17.2 19.0 19.3 6.6 8.1 6.4 3.5 1.6 0.9 0.2 0.2 0.1 0.1 0.1 0.2 0.3 0.6 1.3 1.7 2.6 7.2 9.7 13.7 17.9 25.0 33.0 37.2 41.5 43.2 24.4 31.8 16.3 22.7 14.3 17.8 18.1 22.1 26.3 31.9 38.3 39.9 64.1 84.5 84.7 93.8 105.8 101.7 107.1 118.6 131.1 154.7 177.8 188.8 199.0 199.5 197.1 206.1 196.4 209.0
-9999.0 -9999.0 -9999.0 -9999.0 -9999.0 -9999.0 -9999.0 -9999.0 -9999.0 -9999.0 -9999.0 -9999.0 -9999.0 -9999.0 -9999.0 -9999.0 -9999.0 79.0 59.4 -9999.0 38.0 13.8 16.7 11.5 3.7 2.2 0.4 0.3 0.3 0.1 0.2 0.4 0.4 1.4 3.3 3.4 3.5 7.3 9.2 13.6 19.1 24.4 31.9 37.2 75.8 55.8 157.7 21.5 28.2 17.1 32.5 17.0 29.7 21.1 25.9 31.2 32.7 48.0 59.6 78.8 86.6 111.6 114.0 104.4 106.5 123.5 149.3 178.8 207.3 214.1 232.3 189.8 197.4 205.1 202.4 211.8
-9999.0 -9999.0 -9999.0 -9999.0 -9999.0 -9999.0 -9999.0 -9999.0 -9999.0 -9999.0 -9999.0 -9999.0 -9999.0 -9999.0 -9999.0 -9999.0 -9999.0 -9999.0 -9999.0 -9999.0 -9999.0 36.1 21.4 8.2 8.7 9.9 4.9 2.0 0.7 0.6 0.5 1.3 1.9 3.2 5.8 5.3 5.5 6.0 7.9 12.9 18.6 22.3 27.5 32.4 80.9 42.9 228.0 59.9 23.5 29.5 23.3 22.5 24.1 24.6 27.0 33.9 39.8 42.9 66.5 73.6 108.7 119.5 111.4 92.6 89.1 102.1 132.7 169.9 213.9 228.7 225.4 195.1 202.4 212.2 200.8 200.3
-9999.0 -9999.0 -9999.0 -9999.0 -9999.0 -9999.0 -9999.0 -9999.0 -9999.0 -9999.0 -9999.0 -9999.0 -9999.0 -9999.0 -9999.0 -9999.0 -9999.0 -9999.0 -9999.0 -9999.0 -9999.0 -9999.0 -9999.0 57.3 25.0 18.6 11.9 5.8 1.8 1.8 1.4 2.0 2.9 6.0 7.4 8.6 8.3 7.6 9.5 12.5 15.5 21.0 24.8 36.6 89.0 259.2 133.5 107.4 133.6 127.8 55.6 31.2 38.8 33.9 31.6 26.6 39.6 51.1 54.6 71.4 106.1 118.0 116.2 83.2 70.9 74.0 99.8 137.0 145.0 193.9 176.6 193.1 201.7 203.1 212.0 219.4
-9999.0 -9999.0 -9999.0 -9999.0 -9999.0 -9999.0 -9999.0 -9999.0 -9999.0 -9999.0 -9999.0 -9999.0 -9999.0 -9999.0 -9999.0 -9999.0 -9999.0 -9999.0 -9999.0 -9999.0 -9999.0 -9999.0 -9999.0 -9999.0 -9999.0 72.0 35.6 7.4 5.9 4.2 5.1 8.9 13.1 15.4 20.0 16.5 15.9 13.6 15.0 14.3 19.4 19.5 69.3 77.8 209.1 289.7 250.0 334.2 72.4 124.0 46.6 51.7 45.5 44.9 35.5 33.3 41.4 43.9 57.9 67.2 83.8 102.6 113.3 67.3 59.6 58.9 66.1 72.3 94.0 122.1 162.0 183.8 198.6 196.5 206.1 230.0
-9999.0 -9999.0 -9999.0 -9999.0 -9999.0 -9999.0 -9999.0 -9999.0 -9999.0 -9999.0 -9999.0 -9999.0 -9999.0 -9999.0 -9999.0 -9999.0 -9999.0 -9999.0 -9999.0 -9999.0 -9999.0 -9999.0 -9999.0 -9999.0 -9999.0 -9999.0 -9999.0 80.6 70.8 34.1 29.5 30.6 22.7 39.9 35.6 45.4 30.0 25.2 27.6 21.7 23.7 31.8 103.2 209.7 259.7 315.5 352.9 363.1 352.7 216.4 240.6 184.0 70.5 58.0 45.0 43.5 39.0 44.2 53.6 59.4 82.3 82.1 83.8 71.7 66.1 51.1 56.1 68.4 87.7 117.1 155.6 175.7 196.3 188.7 199.8 217.7
-9999.0 -9999.0 -9999.0 -9999.0 -9999.0 -9999.0 -9999.0 -9999.0 -9999.0 -9999.0 -9999.0 -9999.0 -9999.0 -9999.0 -9999.0 -9999.0 -9999.0 -9999.0 -9999.0 -9999.0 -9999.0 -9999.0 -9999.0 -9999.0 -9999.0 -9999.0 -9999.0 -9999.0 -9999.0 -9999.0 -9999.0 -9999.0 -9999.0 72.3 62.2 -9999.0 -9999.0 -9999.0 70.4 43.8 68.5 110.4 112.8 252.3 310.2 344.0 -9999.0 -9999.0 -9999.0 -9999.0 -9999.0 -9999.0 109.5 66.6 51.6 40.7 39.6 42.7 44.9 47.4 54.1 63.6 65.8 65.9 63.3 64.4 72.5 84.7 98.9 124.6 164.1 182.3 180.4 173.0 156.6 180.2
-9999.0 -9999.0 -9999.0 -9999.0 -9999.0 -9999.0 -9999.0 -9999.0 -9999.0 -9999.0 -9999.0 -9999.0 -9999.0 -9999.0 -9999.0 -9999.0 -9999.0 -9999.0 -9999.0 -9999.0 -9999.0 -9999.0 -9999.0 -9999.0 -9999.0 -9999.0 -9999.0 -9999.0 -9999.0 -9999.0 -9999.0 -9999.0 -9999.0 -9999.0 -9999.0 -9999.0 -9999.0 -9999.0 -9999.0 164.5 186.4 216.7 252.3 289.7 -9999.0 -9999.0 -9999.0 -9999.0 -9999.0 -9999.0 -9999.0 -9999.0 118.7 77.4 55.8 40.5 35.0 33.1 30.7 30.6 34.2 46.5 54.6 58.8 74.8 96.1 114.0 126.7 133.9 138.0 153.9 174.9 177.3 145.6 150.2 152.0
-9999.0 -9999.0 -9999.0 -9999.0 -9999.0 -9999.0 -9999.0 -9999.0 -9999.0 -9999.0 -9999.0 -9999.0 -9999.0 -9999.0 -9999.0 -9999.0 -9999.0 -9999.0 -9999.0 -9999.0 -9999.0 -9999.0 -9999.0 -9999.0 -9999.0 -9999.0 -9999.0 -9999.0 -9999.0 -9999.0 -9999.0 -9999.0 -9999.0 -9999.0 -9999.0 -9999.0 -9999.0 -9999.0 -9999.0 -9999.0 -9999.0 -9999.0 -9999.0 -9999.0 -9999.0 -9999.0 -9999.0 -9999.0 -9999.0 -9999.0 -9999.0 -9999.0 166.7 89.7 60.6 50.8 33.7 28.5 26.5 29.6 29.8 36.9 66.6 55.8 80.0 123.2 156.0 171.9 177.5 166.4 160.3 164.1 141.7 138.9 134.7 184.4
-9999.0 -9999.0 -9999.0 -9999.0 -9999.0 -9999.0 -9999.0 -9999.0 -9999.0 -9999.0 -9999.0 -9999.0 -9999.0 -9999.0 -9999.0 -9999.0 -9999.0 -9999.0 -9999.0 -9999.0 -9999.0 -9999.0 -9999.0 -9999.0 -9999.0 -9999.0 -9999.0 -9999.0 -9999.0 -9999.0 -9999.0 -9999.0 -9999.0 -9999.0 -9999.0 -9999.0 -9999.0 -9999.0 -9999.0 -9999.0 -9999.0 -9999.0 -9999.0 -9999.0 -9999.0 -9999.0 -9999.0 -9999.0 -9999.0 -9999.0 -9999.0 246.5 156.8 101.6 57.2 43.8 33.1 34.1 30.0 21.0 44.8 46.2 42.1 55.2 83.7 129.1 163.2 172.3 196.8 189.2 175.4 165.2 168.5 186.8 185.2 227.3
-9999.0 -9999.0 -9999.0 -9999.0 -9999.0 -9999.0 -9999.0 -9999.0 -9999.0 -9999.0 -9999.0 -9999.0 -9999.0 -9999.0 -9999.0 -9999.0 -9999.0 -9999.0 -9999.0 -9999.0 -9999.0 -9999.0 -9999.0 -9999.0 -9999.0 -9999.0 -9999.0 -9999.0 -9999.0 -9999.0 -9999.0 -9999.0 -9999.0 -9999.0 -9999.0 -9999.0 -9999.0 -9999.0 -9999.0 -9999.0 -9999.0 -9999.0 -9999.0 -9999.0 -9999.0 -9999.0 -9999.0 -9999.0 -9999.0 -9999.0 325.9 255.6 174.1 117.4 69.6 51.9 33.4 25.8 31.2 42.0 44.2 51.2 45.9 57.3 83.9 119.0 139.1 161.1 176.8 176.4 172.9 170.5 179.3 177.3 173.2 170.0
-9999.0 -9999.0 -9999.0 -9999.0 -9999.0 -9999.0 -9999.0 -9999.0 -9999.0 -9999.0 -9999.0 -9999.0 -9999.0 -9999.0 -9999.0 -9999.0 -9999.0 -9999.0 -9999.0 -9999.0 -9999.0 -9999.0 -9999.0 -9999.0 -9999.0 -9999.0 -9999.0 -9999.0 -9999.0 -9999.0 -9999.0 -9999.0 -9999.0 -9999.0 -9999.0 -9999.0 -9999.0 -9999.0 -9999.0 -9999.0 -9999.0 -9999.0 -9999.0 -9999.0 -9999.0 -9999.0 -9999.0 -9999.0 -9999.0 -9999.0 331.1 273.9 227.1 145.7 99.6 66.2 43.2 45.3 42.6 38.6 39.3 45.4 45.0 58.3 80.0 101.5 117.1 124.6 140.1 145.1 159.3 171.2 187.8 208.9 222.2 244.5
-9999.0 -9999.0 -9999.0 -9999.0 -9999.0 -9999.0 -9999.0 -9999.0 -9999.0 -9999.0 -9999.0 -9999.0 -9999.0 -9999.0 -9999.0 -9999.0 -9999.0 -9999.0 -9999.0 -9999.0 -9999.0 -9999.0 -9999.0 -9999.0 -9999.0 -9999.0 -9999.0 -9999.0 -9999.0 -9999.0 -9999.0 -9999.0 -9999.0 -9999.0 -9999.0 -9999.0 -9999.0 -9999.0 -9999.0 -9999.0 -9999.0 -9999.0 -9999.0 -9999.0 -9999.0 -9999.0 -9999.0 -9999.0 -9999.0 -9999.0 308.6 306.5 245.8 183.7 132.2 92.2 81.9 57.7 53.3 36.8 43.9 51.5 53.1 58.3 78.4 92.7 97.0 96.1 101.4 132.8 147.5 180.3 229.1 217.6 238.3 230.7
-9999.0 -9999.0 -9999.0 -9999.0 -9999.0 -9999.0 -9999.0 -9999.0 -9999.0 -9999.0 -9999.0 -9999.0 -9999.0 -9999.0 -9999.0 -9999.0 -9999.0 -9999.0 -9999.0 -9999.0 -9999.0 -9999.0 -9999.0 -9999.0 -9999.0 -9999.0 -9999.0 -9999.0 -9999.0 -9999.0 -9999.0 -9999.0 -9999.0 -9999.0 -9999.0 -9999.0 -9999.0 -9999.0 -9999.0 -9999.0 -9999.0 -9999.0 -9999.0 -9999.0 -9999.0 -9999.0 -9999.0 -9999.0 -9999.0 -9999.0 334.0 309.9 255.1 205.9 156.4 127.3 79.5 72.8 60.6 46.6 58.7 61.8 56.7 72.2 90.5 100.5 109.7 103.7 120.2 83.8 133.4 192.6 244.2 233.7 246.0 235.1
-9999.0 -9999.0 -9999.0 -9999.0 -9999.0 -9999.0 -9999.0 -9999.0 -9999.0 -9999.0 -9999.0 -9999.0 -9999.0 -9999.0 -9999.0 -9999.0 -9999.0 -9999.0 -9999.0 -9999.0 -9999.0 -9999.0 -9999.0 -9999.0 -9999.0 -9999.0 -9999.0 -9999.0 -9999.0 -9999.0 -9999.0 -9999.0 -9999.0 -9999.0 -9999.0 -9999.0 -9999.0 -9999.0 -9999.0 -9999.0 -9999.0 -9999.0 -9999.0 -9999.0 -9999.0 -9999.0 -9999.0 -9999.0 -9999.0 -9999.0 -9999.0 -9999.0 -9999.0 174.5 133.8 109.4 97.6 91.4 68.3 77.6 129.3 105.8 125.9 117.5 119.8 119.3 134.4 101.4 118.2 110.4 110.7 152.2 199.4 216.0 235.8 286.1
-9999.0 -9999.0 -9999.0 -9999.0 -9999.0 -9999.0 -9999.0 -9999.0 -9999.0 -9999.0 -9999.0 -9999.0 -9999.0 -9999.0 -9999.0 -9999.0 -9999.0 -9999.0 -9999.0 -9999.0 -9999.0 -9999.0 -9999.0 -9999.0 -9999.0 -9999.0 -9999.0 -9999.0 -9999.0 -9999.0 -9999.0 -9999.0 -9999.0 -9999.0 -9999.0 -9999.0 -9999.0 -9999.0 -9999.0 -9999.0 -9999.0 -9999.0 -9999.0 -9999.0 -9999.0 -9999.0 -9999.0 -9999.0 -9999.0 -9999.0 -9999.0 -9999.0 -9999.0 143.3 102.7 155.3 99.3 91.1 114.6 169.9 178.1 188.9 223.2 187.6 168.7 150.3 104.7 153.4 101.2 92.5 86.2 115.1 151.0 180.5 227.2 287.3
-9999.0 -9999.0 -9999.0 -9999.0 -9999.0 -9999.0 -9999.0 -9999.0 -9999.0 -9999.0 -9999.0 -9999.0 -9999.0 -9999.0 -9999.0 -9999.0 -9999.0 -9999.0 -9999.0 -9999.0 -9999.0 -9999.0 -9999.0 -9999.0 -9999.0 -9999.0 -9999.0 -9999.0 -9999.0 -9999.0 -9999.0 -9999.0 -9999.0 -9999.0 -9999.0 -9999.0 -9999.0 -9999.0 -9999.0 -9999.0 -9999.0 -9999.0 -9999.0 -9999.0 -9999.0 -9999.0 -9999.0 -9999.0 -9999.0 -9999.0 -9999.0 -9999.0 -9999.0 126.5 73.1 123.5 128.1 130.7 168.0 208.8 279.2 300.5 336.8 319.1 193.6 -9999.0 -9999.0 -9999.0 140.2 100.3 102.1 125.9 151.6 179.3 229.3 300.8
-9999.0 -9999.0 -9999.0 -9999.0 -9999.0 -9999.0 -9999.0 -9999.0 -9999.0 -9999.0 -9999.0 -9999.0 -9999.0 -9999.0 -9999.0 -9999.0 -9999.0 -9999.0 -9999.0 -9999.0 -9999.0 -9999.0 -9999.0 -9999.0 -9999.0 -9999.0 -9999.0 -9999.0 -9999.0 -9999.0 -9999.0 -9999.0 -9999.0 -9999.0 -9999.0 -9999.0 -9999.0 -9999.0 -9999.0 -9999.0 -9999.0 -9999.0 -9999.0 -9999.0 -9999.0 -9999.0 -9999.0 -9999.0 -9999.0 -9999.0 -9999.0 -9999.0 -9999.0 -9999.0 117.3 128.2 118.4 136.4 223.2 307.2 259.9 -9999.0 -9999.0 -9999.0 -9999.0 -9999.0 -9999.0 -9999.0 130.4 138.1 161.8 144.9 154.7 169.8 195.6 250.1
-9999.0 -9999.0 -9999.0 -9999.0 -9999.0 -9999.0 -9999.0 -9999.0 -9999.0 -9999.0 -9999.0 -9999.0 -9999.0 -9999.0 -9999.0 -9999.0 -9999.0 -9999.0 -9999.0 -9999.0 -9999.0 -9999.0 -9999.0 -9999.0 -9999.0 -9999.0 -9999.0 -9999.0 -9999.0 -9999.0 -9999.0 -9999.0 -9999.0 -9999.0 -9999.0 -9999.0 -9999.0 -9999.0 -9999.0 -9999.0 -9999.0 -9999.0 -9999.0 -9999.0 -9999.0 -9999.0 -9999.0 -9999.0 -9999.0 -9999.0 -9999.0 -9999.0 -9999.0 -9999.0 -9999.0 132.6 235.9 200.4 208.3 292.0 311.3 -9999.0 -9999.0 -9999.0 -9999.0 -9999.0 -9999.0 -9999.0 -9999.0 -9999.0 142.4 -9999.0 -9999.0 -9999.0 -9999.0 -9999.0
-9999.0 -9999.0 -9999.0 -9999.0 -9999.0 -9999.0 -9999.0 -9999.0 -9999.0 -9999.0 -9999.0 -9999.0 -9999.0 -9999.0 -9999.0 -9999.0 -9999.0 -9999.0 -9999.0 -9999.0 -9999.0 -9999.0 -9999.0 -9999.0 -9999.0 -9999.0 -9999.0 -9999.0 -9999.0 -9999.0 -9999.0 -9999.0 -9999.0 -9999.0 -9999.0 -9999.0 -9999.0 -9999.0 -9999.0 -9999.0 -9999.0 -9999.0 -9999.0 -9999.0 -9999.0 -9999.0 -9999.0 -9999.0 -9999.0 -9999.0 -9999.0 -9999.0 -9999.0 -9999.0 -9999.0 -9999.0 -9999.0 -9999.0 262.3 257.7 -9999.0 -9999.0 -9999.0 -9999.0 -9999.0 -9999.0 -9999.0 -9999.0 -9999.0 -9999.0 -9999.0 -9999.0 -9999.0 -9999.0 -9999.0 109.4
-9999.0 -9999.0 -9999.0 -9999.0 -9999.0 -9999.0 -9999.0 -9999.0 -9999.0 -9999.0 -9999.0 -9999.0 -9999.0 -9999.0 -9999.0 -9999.0 -9999.0 -9999.0 -9999.0 -9999.0 -9999.0 -9999.0 -9999.0 -9999.0 -9999.0 -9999.0 -9999.0 -9999.0 -9999.0 -9999.0 -9999.0 -9999.0 -9999.0 -9999.0 -9999.0 -9999.0 -9999.0 -9999.0 -9999.0 -9999.0 -9999.0 -9999.0 -9999.0 -9999.0 -9999.0 -9999.0 -9999.0 -9999.0 -9999.0 -9999.0 -9999.0 -9999.0 -9999.0 -9999.0 -9999.0 -9999.0 -9999.0 -9999.0 -9999.0 -9999.0 -9999.0 -9999.0 -9999.0 -9999.0 -9999.0 -9999.0 -9999.0 -9999.0 -9999.0 -9999.0 -9999.0 -9999.0 -9999.0 -9999.0 -9999.0 -9999.0
