program/excelProcessViaJava/data/SURF_CLI_CHN_PRE_MON_GRID_0.5-199403.txt
NCOLS      128
NROWS       72
XLLCORNER    72.000000000000    
YLLCORNER    18.000000000000    
CELLSIZE    0.50000000000000    
NODATA_VALUE   -9999.000    
[rows 35 to 69 of 72, columns 0 to 77 of 128]
-9999.0 -9999.0 -9999.0 -9999.0 -9999.0 -9999.0 -9999.0 2.3 4.2 1.9 6.5 5.1 1.0 1.1 0.7 0.1 0.1 0.0 0.1 0.0 0.0 0.2 0.3 0.4 0.6 0.9 1.9 3.0 4.3 6.8 7.9 9.0 9.4 10.6 11.8 9.0 10.2 7.1 7.2 5.2 1.2 2.4 1.1 0.3 0.3 0.8 0.4 0.5 0.4 1.2 2.6 3.7 3.4 2.5 1.7 0.1 0.1 0.2 5.1 4.5 11.8 5.6 5.4 6.6 7.2 5.0 6.4 8.4 10.0 12.7 12.4 12.9 16.0 16.4 13.1 12.0 8.5 10.9
-9999.0 -9999.0 -9999.0 -9999.0 -9999.0 -9999.0 -9999.0 11.3 1.5 4.1 4.8 2.1 2.4 3.9 1.2 3.7 0.4 0.2 0.8 0.1 0.1 0.3 0.3 0.4 0.6 1.1 1.7 3.7 4.1 5.4 8.6 10.4 11.6 14.6 12.6 12.3 10.2 9.9 7.4 4.7 3.2 1.9 1.3 1.7 0.6 0.7 0.8 1.0 1.6 2.4 3.7 4.7 5.4 4.2 3.9 0.8 0.3 1.4 6.9 12.4 12.1 10.6 7.2 9.8 8.8 7.9 8.9 10.9 14.6 14.6 15.9 17.7 20.3 20.5 12.3 14.0 11.7 9.7
-9999.0 -9999.0 -9999.0 -9999.0 -9999.0 -9999.0 -9999.0 -9999.0 -9999.0 3.8 2.8 1.7 3.4 2.3 1.0 0.5 0.7 2.7 0.5 1.3 0.4 0.2 0.2 0.4 0.6 1.0 1.9 3.0 4.0 7.3 7.4 10.2 12.2 14.8 13.3 13.0 11.5 10.6 7.6 5.9 3.4 2.3 1.3 0.9 0.9 1.1 1.5 2.2 3.3 4.6 6.2 7.7 8.1 6.7 6.3 3.6 1.8 3.4 12.0 15.7 16.3 15.3 12.3 10.7 10.7 10.2 11.6 13.1 15.5 15.1 17.2 17.6 18.7 20.0 20.0 12.8 14.5 16.5
-9999.0 -9999.0 -9999.0 -9999.0 -9999.0 -9999.0 -9999.0 -9999.0 -9999.0 -9999.0 -9999.0 4.6 0.8 3.1 1.3 1.2 0.7 0.4 0.2 0.3 0.4 0.2 0.3 0.4 1.1 1.2 2.2 3.4 4.7 6.3 8.5 12.7 13.3 15.3 15.4 18.4 14.0 11.8 13.3 6.6 5.0 2.5 1.3 0.9 1.3 1.3 2.4 3.3 4.8 6.5 8.6 10.2 10.5 9.4 9.2 9.0 9.4 13.2 16.5 18.9 19.1 14.2 9.9 9.2 9.6 11.4 12.3 13.3 13.2 14.0 15.4 17.4 15.8 15.3 19.3 22.3 25.5 23.6
-9999.0 -9999.0 -9999.0 -9999.0 -9999.0 -9999.0 -9999.0 -9999.0 -9999.0 -9999.0 -9999.0 -9999.0 1.2 0.8 1.9 0.7 2.0 0.5 0.4 0.9 0.1 0.2 0.2 0.3 1.9 1.0 1.4 3.0 4.2 7.6 8.8 11.3 14.1 18.1 19.5 18.1 20.4 13.6 9.1 5.7 3.5 2.0 1.1 0.9 0.8 1.3 2.4 3.6 5.6 7.6 9.8 11.7 12.3 11.3 10.7 12.4 15.4 19.2 18.1 22.6 19.3 16.1 12.6 10.1 10.8 12.5 12.6 13.7 13.5 13.8 14.7 18.2 18.5 21.1 22.4 35.8 23.9 23.4
-9999.0 -9999.0 -9999.0 -9999.0 -9999.0 -9999.0 -9999.0 -9999.0 -9999.0 -9999.0 -9999.0 -9999.0 5.0 0.8 0.5 1.0 0.3 0.2 0.5 0.3 0.2 0.3 0.3 0.2 0.3 0.7 1.1 1.8 3.2 4.7 7.8 12.2 14.5 17.0 19.5 18.4 19.6 16.2 10.6 6.3 3.1 1.6 1.4 0.5 0.7 1.4 1.7 3.3 5.7 8.3 11.2 13.6 14.7 14.2 13.8 15.0 17.2 20.4 21.7 21.9 19.4 16.1 14.8 15.3 12.9 14.9 13.7 17.4 16.6 15.0 16.9 25.3 31.0 22.8 24.7 23.7 22.9 25.4
-9999.0 -9999.0 -9999.0 -9999.0 -9999.0 -9999.0 -9999.0 -9999.0 -9999.0 -9999.0 -9999.0 -9999.0 -9999.0 1.8 2.7 0.5 0.6 0.3 0.2 0.1 0.1 0.1 0.2 0.2 0.3 0.6 1.0 2.1 2.7 4.2 6.0 8.7 13.8 17.4 17.2 17.8 16.4 14.2 16.8 7.6 3.8 2.4 1.2 1.3 0.6 0.6 1.6 3.7 6.5 9.7 13.3 16.2 17.7 18.8 17.8 17.9 19.2 21.9 24.8 25.7 23.7 21.3 20.5 20.3 11.8 15.7 19.8 25.7 25.7 22.8 23.2 19.4 18.5 20.7 26.2 23.0 22.0 22.3
-9999.0 -9999.0 -9999.0 -9999.0 -9999.0 -9999.0 -9999.0 -9999.0 -9999.0 -9999.0 -9999.0 -9999.0 3.3 4.7 2.7 0.9 1.6 0.6 0.4 0.2 0.2 0.1 0.2 0.2 0.2 0.4 0.5 0.8 1.4 2.6 4.2 6.3 11.4 13.6 16.9 16.5 17.6 11.0 7.2 4.8 5.9 6.0 5.6 1.0 1.2 1.4 1.8 3.2 6.9 11.5 16.8 20.9 20.8 21.6 20.9 21.1 22.2 27.6 28.8 31.0 29.6 28.0 28.7 28.1 26.1 21.0 27.7 33.4 31.9 26.5 22.6 17.6 15.5 18.6 20.5 22.1 26.6 31.0
-9999.0 -9999.0 -9999.0 -9999.0 -9999.0 -9999.0 -9999.0 -9999.0 -9999.0 -9999.0 -9999.0 -9999.0 6.4 2.2 1.9 4.6 2.4 0.6 0.4 0.4 0.3 0.2 0.2 0.2 0.2 0.3 0.3 0.4 0.6 1.1 2.1 3.9 7.6 9.5 12.1 14.0 11.4 9.1 5.7 2.6 2.0 1.6 1.6 1.9 2.2 3.1 6.0 7.8 11.2 12.5 16.7 22.5 21.6 22.1 23.3 25.1 25.8 28.6 34.6 33.7 33.6 33.1 36.0 30.2 24.2 22.0 26.3 32.4 31.1 27.1 21.3 16.3 13.9 15.4 21.0 18.8 23.8 23.3
-9999.0 -9999.0 -9999.0 -9999.0 -9999.0 -9999.0 -9999.0 -9999.0 -9999.0 -9999.0 -9999.0 -9999.0 4.1 5.4 2.6 2.1 1.5 2.2 0.9 0.7 0.8 0.6 0.3 0.3 0.2 0.2 0.1 0.2 0.2 0.3 0.8 2.1 3.4 5.5 8.0 10.1 9.0 6.6 3.6 3.4 2.4 2.5 6.1 3.4 5.0 9.0 12.0 11.4 12.3 16.3 19.6 17.8 32.5 32.7 26.2 24.9 27.0 29.5 32.6 36.9 38.5 38.3 35.8 27.5 16.3 30.1 31.3 29.9 28.8 28.0 23.8 18.4 16.0 21.0 58.0 30.3 50.2 22.3
-9999.0 -9999.0 -9999.0 -9999.0 -9999.0 -9999.0 -9999.0 -9999.0 -9999.0 -9999.0 -9999.0 -9999.0 -9999.0 13.4 8.5 3.6 2.9 2.1 2.0 1.8 2.7 1.0 0.8 0.6 0.3 0.2 0.1 0.1 0.1 0.1 0.1 0.4 1.4 2.6 4.8 9.0 8.5 4.3 3.5 2.9 4.0 11.6 16.2 14.0 9.6 10.4 15.4 11.6 21.6 23.2 16.6 28.5 24.4 17.4 27.7 26.9 21.3 24.0 29.5 34.9 36.4 40.9 34.8 17.5 27.3 30.1 33.9 33.1 33.3 31.0 27.7 22.9 21.6 20.4 27.4 26.3 25.8 28.0
-9999.0 -9999.0 -9999.0 -9999.0 -9999.0 -9999.0 -9999.0 -9999.0 -9999.0 -9999.0 -9999.0 -9999.0 -9999.0 9.0 11.4 6.3 7.7 4.1 3.4 3.1 4.2 3.0 2.3 1.2 0.9 0.3 0.1 0.1 0.0 0.1 0.0 0.1 0.2 0.9 3.1 4.7 3.4 3.0 4.8 14.5 9.6 14.9 19.6 21.5 32.7 20.7 21.3 16.3 20.6 22.1 29.4 12.7 26.2 33.7 35.6 26.6 17.4 19.6 27.8 25.4 35.7 29.1 22.9 29.7 27.3 28.5 33.5 36.2 35.5 35.0 32.3 27.3 25.0 30.0 38.2 48.6 63.5 39.4
-9999.0 -9999.0 -9999.0 -9999.0 -9999.0 -9999.0 -9999.0 -9999.0 -9999.0 -9999.0 -9999.0 -9999.0 -9999.0 -9999.0 -9999.0 11.0 9.0 8.3 6.9 6.2 6.3 4.8 3.9 2.8 1.7 0.8 0.4 0.1 0.0 0.0 0.0 0.0 0.2 0.7 0.9 5.2 8.8 1.6 4.5 9.3 20.2 27.3 29.2 28.2 22.7 24.8 27.3 24.0 28.6 15.9 23.6 50.8 28.5 29.5 10.4 23.6 22.0 10.2 31.5 37.5 29.7 22.6 30.6 28.5 26.9 28.3 33.3 37.1 35.4 34.7 34.2 29.3 38.7 47.2 48.7 76.1 76.4 89.7
-9999.0 -9999.0 -9999.0 -9999.0 -9999.0 -9999.0 -9999.0 -9999.0 -9999.0 -9999.0 -9999.0 -9999.0 -9999.0 -9999.0 -9999.0 -9999.0 -9999.0 46.7 20.4 -9999.0 14.6 9.9 9.4 7.5 4.3 2.4 1.3 0.2 0.0 0.0 0.0 0.0 0.2 0.0 0.1 0.7 9.0 1.1 6.2 12.6 20.8 35.0 31.8 28.7 41.3 35.9 128.2 49.9 35.4 40.8 27.3 34.7 23.6 44.8 43.6 38.1 21.2 35.4 36.4 42.0 19.7 21.5 27.5 30.1 29.4 30.5 37.2 40.6 38.2 37.0 33.9 45.2 54.8 51.3 66.7 87.3 80.2 73.4
-9999.0 -9999.0 -9999.0 -9999.0 -9999.0 -9999.0 -9999.0 -9999.0 -9999.0 -9999.0 -9999.0 -9999.0 -9999.0 -9999.0 -9999.0 -9999.0 -9999.0 -9999.0 -9999.0 -9999.0 -9999.0 21.0 17.0 14.1 10.2 9.5 4.8 1.5 0.1 0.0 0.0 0.0 0.0 0.1 0.1 0.7 1.2 2.5 4.5 6.3 8.2 36.5 40.8 35.1 43.5 39.3 204.4 63.7 79.6 173.9 67.9 107.2 101.1 57.6 58.6 61.4 52.0 36.9 60.0 49.7 22.9 26.7 28.3 33.4 38.9 43.6 52.7 56.1 52.2 46.8 44.5 53.8 56.8 51.0 54.5 62.3 62.3 53.6
-9999.0 -9999.0 -9999.0 -9999.0 -9999.0 -9999.0 -9999.0 -9999.0 -9999.0 -9999.0 -9999.0 -9999.0 -9999.0 -9999.0 -9999.0 -9999.0 -9999.0 -9999.0 -9999.0 -9999.0 -9999.0 -9999.0 -9999.0 52.9 25.2 20.4 13.5 6.0 1.5 0.3 0.1 0.1 2.0 1.4 4.7 5.8 12.5 7.5 21.6 32.1 31.1 45.3 24.3 19.2 46.7 221.3 109.3 108.7 147.1 161.7 114.9 138.0 125.8 123.2 88.8 40.1 61.9 67.6 42.5 62.1 55.5 59.8 51.4 39.0 42.7 57.6 71.2 74.9 69.3 63.0 66.5 65.0 62.6 67.3 53.4 54.3 68.0 66.6
-9999.0 -9999.0 -9999.0 -9999.0 -9999.0 -9999.0 -9999.0 -9999.0 -9999.0 -9999.0 -9999.0 -9999.0 -9999.0 -9999.0 -9999.0 -9999.0 -9999.0 -9999.0 -9999.0 -9999.0 -9999.0 -9999.0 -9999.0 -9999.0 -9999.0 104.9 45.2 17.1 9.4 11.0 2.9 2.3 3.4 6.1 6.8 18.9 46.6 21.1 44.0 31.1 56.0 25.8 23.6 30.4 134.7 234.1 205.0 347.8 127.3 190.3 176.2 195.4 202.3 190.7 133.0 83.9 76.9 57.3 72.3 73.4 85.0 91.3 77.5 52.9 52.3 66.8 78.3 76.3 77.5 80.1 78.2 74.7 61.4 75.0 73.6 61.7 63.8 81.3
-9999.0 -9999.0 -9999.0 -9999.0 -9999.0 -9999.0 -9999.0 -9999.0 -9999.0 -9999.0 -9999.0 -9999.0 -9999.0 -9999.0 -9999.0 -9999.0 -9999.0 -9999.0 -9999.0 -9999.0 -9999.0 -9999.0 -9999.0 -9999.0 -9999.0 -9999.0 -9999.0 136.8 116.7 34.7 22.9 18.8 20.9 19.4 23.5 26.2 24.3 25.9 15.5 28.4 44.6 13.4 38.0 115.5 161.8 230.5 299.6 348.9 393.7 312.3 449.0 483.1 286.4 272.7 192.8 126.9 72.4 55.4 73.7 76.1 96.3 108.7 87.2 62.5 51.5 59.6 79.1 82.3 82.7 83.7 82.0 87.2 67.4 79.0 72.0 72.7 105.8 118.5
-9999.0 -9999.0 -9999.0 -9999.0 -9999.0 -9999.0 -9999.0 -9999.0 -9999.0 -9999.0 -9999.0 -9999.0 -9999.0 -9999.0 -9999.0 -9999.0 -9999.0 -9999.0 -9999.0 -9999.0 -9999.0 -9999.0 -9999.0 -9999.0 -9999.0 -9999.0 -9999.0 -9999.0 -9999.0 -9999.0 -9999.0 -9999.0 -9999.0 59.0 42.3 -9999.0 -9999.0 -9999.0 34.1 27.8 25.5 39.5 39.1 132.6 190.1 225.7 -9999.0 -9999.0 -9999.0 -9999.0 -9999.0 -9999.0 395.8 261.2 247.4 138.4 72.5 52.6 55.1 70.9 97.8 111.5 98.7 72.1 60.7 63.4 70.8 75.3 77.8 77.9 75.0 84.6 89.4 81.9 96.9 94.4 128.6 125.9
-9999.0 -9999.0 -9999.0 -9999.0 -9999.0 -9999.0 -9999.0 -9999.0 -9999.0 -9999.0 -9999.0 -9999.0 -9999.0 -9999.0 -9999.0 -9999.0 -9999.0 -9999.0 -9999.0 -9999.0 -9999.0 -9999.0 -9999.0 -9999.0 -9999.0 -9999.0 -9999.0 -9999.0 -9999.0 -9999.0 -9999.0 -9999.0 -9999.0 -9999.0 -9999.0 -9999.0 -9999.0 -9999.0 -9999.0 105.6 105.0 114.4 129.2 147.3 -9999.0 -9999.0 -9999.0 -9999.0 -9999.0 -9999.0 -9999.0 -9999.0 324.4 242.5 183.7 113.6 60.0 42.6 43.1 57.9 83.3 102.3 100.2 83.2 73.4 71.7 72.3 70.3 67.5 71.4 78.6 82.0 78.2 95.3 97.2 109.8 124.4 129.9
-9999.0 -9999.0 -9999.0 -9999.0 -9999.0 -9999.0 -9999.0 -9999.0 -9999.0 -9999.0 -9999.0 -9999.0 -9999.0 -9999.0 -9999.0 -9999.0 -9999.0 -9999.0 -9999.0 -9999.0 -9999.0 -9999.0 -9999.0 -9999.0 -9999.0 -9999.0 -9999.0 -9999.0 -9999.0 -9999.0 -9999.0 -9999.0 -9999.0 -9999.0 -9999.0 -9999.0 -9999.0 -9999.0 -9999.0 -9999.0 -9999.0 -9999.0 -9999.0 -9999.0 -9999.0 -9999.0 -9999.0 -9999.0 -9999.0 -9999.0 -9999.0 -9999.0 207.0 209.7 142.7 102.1 53.7 40.5 39.7 50.3 64.0 83.8 111.6 87.9 84.2 83.4 75.5 64.2 58.4 60.9 68.5 75.6 96.3 90.9 99.7 107.7 121.2 125.4
-9999.0 -9999.0 -9999.0 -9999.0 -9999.0 -9999.0 -9999.0 -9999.0 -9999.0 -9999.0 -9999.0 -9999.0 -9999.0 -9999.0 -9999.0 -9999.0 -9999.0 -9999.0 -9999.0 -9999.0 -9999.0 -9999.0 -9999.0 -9999.0 -9999.0 -9999.0 -9999.0 -9999.0 -9999.0 -9999.0 -9999.0 -9999.0 -9999.0 -9999.0 -9999.0 -9999.0 -9999.0 -9999.0 -9999.0 -9999.0 -9999.0 -9999.0 -9999.0 -9999.0 -9999.0 -9999.0 -9999.0 -9999.0 -9999.0 -9999.0 -9999.0 138.9 143.8 162.8 98.1 82.0 62.6 55.2 49.1 36.3 70.5 79.8 78.5 86.3 89.6 89.3 75.7 65.3 53.1 52.6 57.1 63.0 66.0 77.4 95.6 112.5 127.3 135.4
-9999.0 -9999.0 -9999.0 -9999.0 -9999.0 -9999.0 -9999.0 -9999.0 -9999.0 -9999.0 -9999.0 -9999.0 -9999.0 -9999.0 -9999.0 -9999.0 -9999.0 -9999.0 -9999.0 -9999.0 -9999.0 -9999.0 -9999.0 -9999.0 -9999.0 -9999.0 -9999.0 -9999.0 -9999.0 -9999.0 -9999.0 -9999.0 -9999.0 -9999.0 -9999.0 -9999.0 -9999.0 -9999.0 -9999.0 -9999.0 -9999.0 -9999.0 -9999.0 -9999.0 -9999.0 -9999.0 -9999.0 -9999.0 -9999.0 -9999.0 98.3 118.3 129.3 130.8 105.0 94.3 81.1 66.9 58.4 60.9 55.3 78.2 72.6 83.5 89.3 87.7 74.7 60.3 50.6 47.4 49.6 51.2 62.9 84.5 105.2 124.0 141.9 145.6
-9999.0 -9999.0 -9999.0 -9999.0 -9999.0 -9999.0 -9999.0 -9999.0 -9999.0 -9999.0 -9999.0 -9999.0 -9999.0 -9999.0 -9999.0 -9999.0 -9999.0 -9999.0 -9999.0 -9999.0 -9999.0 -9999.0 -9999.0 -9999.0 -9999.0 -9999.0 -9999.0 -9999.0 -9999.0 -9999.0 -9999.0 -9999.0 -9999.0 -9999.0 -9999.0 -9999.0 -9999.0 -9999.0 -9999.0 -9999.0 -9999.0 -9999.0 -9999.0 -9999.0 -9999.0 -9999.0 -9999.0 -9999.0 -9999.0 -9999.0 74.7 120.9 86.7 119.2 116.0 102.9 72.2 83.0 71.3 56.8 50.8 59.4 62.0 74.9 82.1 74.9 64.0 51.7 43.6 41.4 45.5 54.8 69.9 88.1 106.2 125.9 140.3 145.7
-9999.0 -9999.0 -9999.0 -9999.0 -9999.0 -9999.0 -9999.0 -9999.0 -9999.0 -9999.0 -9999.0 -9999.0 -9999.0 -9999.0 -9999.0 -9999.0 -9999.0 -9999.0 -9999.0 -9999.0 -9999.0 -9999.0 -9999.0 -9999.0 -9999.0 -9999.0 -9999.0 -9999.0 -9999.0 -9999.0 -9999.0 -9999.0 -9999.0 -9999.0 -9999.0 -9999.0 -9999.0 -9999.0 -9999.0 -9999.0 -9999.0 -9999.0 -9999.0 -9999.0 -9999.0 -9999.0 -9999.0 -9999.0 -9999.0 -9999.0 64.8 75.3 72.7 122.0 97.8 87.2 95.2 77.9 74.1 52.2 54.9 57.5 56.9 59.5 67.3 60.2 46.0 36.5 33.5 38.1 43.1 63.1 74.4 90.3 95.2 112.2 129.1 127.0
-9999.0 -9999.0 -9999.0 -9999.0 -9999.0 -9999.0 -9999.0 -9999.0 -9999.0 -9999.0 -9999.0 -9999.0 -9999.0 -9999.0 -9999.0 -9999.0 -9999.0 -9999.0 -9999.0 -9999.0 -9999.0 -9999.0 -9999.0 -9999.0 -9999.0 -9999.0 -9999.0 -9999.0 -9999.0 -9999.0 -9999.0 -9999.0 -9999.0 -9999.0 -9999.0 -9999.0 -9999.0 -9999.0 -9999.0 -9999.0 -9999.0 -9999.0 -9999.0 -9999.0 -9999.0 -9999.0 -9999.0 -9999.0 -9999.0 -9999.0 76.7 94.6 88.7 95.2 87.9 87.9 61.6 70.3 66.8 50.5 52.4 44.6 36.5 43.1 47.4 42.8 38.0 30.9 35.9 32.6 43.1 60.7 81.6 93.5 90.6 104.5 115.9 106.6
-9999.0 -9999.0 -9999.0 -9999.0 -9999.0 -9999.0 -9999.0 -9999.0 -9999.0 -9999.0 -9999.0 -9999.0 -9999.0 -9999.0 -9999.0 -9999.0 -9999.0 -9999.0 -9999.0 -9999.0 -9999.0 -9999.0 -9999.0 -9999.0 -9999.0 -9999.0 -9999.0 -9999.0 -9999.0 -9999.0 -9999.0 -9999.0 -9999.0 -9999.0 -9999.0 -9999.0 -9999.0 -9999.0 -9999.0 -9999.0 -9999.0 -9999.0 -9999.0 -9999.0 -9999.0 -9999.0 -9999.0 -9999.0 -9999.0 -9999.0 -9999.0 -9999.0 -9999.0 76.5 68.7 64.6 65.1 68.1 51.0 47.3 65.3 41.1 42.8 37.0 32.9 30.3 33.6 33.3 42.5 46.5 48.7 64.3 87.5 107.4 119.5 117.3 111.4 97.5
-9999.0 -9999.0 -9999.0 -9999.0 -9999.0 -9999.0 -9999.0 -9999.0 -9999.0 -9999.0 -9999.0 -9999.0 -9999.0 -9999.0 -9999.0 -9999.0 -9999.0 -9999.0 -9999.0 -9999.0 -9999.0 -9999.0 -9999.0 -9999.0 -9999.0 -9999.0 -9999.0 -9999.0 -9999.0 -9999.0 -9999.0 -9999.0 -9999.0 -9999.0 -9999.0 -9999.0 -9999.0 -9999.0 -9999.0 -9999.0 -9999.0 -9999.0 -9999.0 -9999.0 -9999.0 -9999.0 -9999.0 -9999.0 -9999.0 -9999.0 -9999.0 -9999.0 -9999.0 79.3 72.7 78.4 64.1 55.7 54.3 61.3 49.1 59.2 52.0 65.9 52.5 44.7 59.4 51.7 61.9 63.2 62.8 79.8 108.6 142.2 164.3 160.2 125.3 108.5
-9999.0 -9999.0 -9999.0 -9999.0 -9999.0 -9999.0 -9999.0 -9999.0 -9999.0 -9999.0 -9999.0 -9999.0 -9999.0 -9999.0 -9999.0 -9999.0 -9999.0 -9999.0 -9999.0 -9999.0 -9999.0 -9999.0 -9999.0 -9999.0 -9999.0 -9999.0 -9999.0 -9999.0 -9999.0 -9999.0 -9999.0 -9999.0 -9999.0 -9999.0 -9999.0 -9999.0 -9999.0 -9999.0 -9999.0 -9999.0 -9999.0 -9999.0 -9999.0 -9999.0 -9999.0 -9999.0 -9999.0 -9999.0 -9999.0 -9999.0 -9999.0 -9999.0 -9999.0 90.3 82.0 79.3 68.4 56.6 55.2 55.0 63.5 74.2 72.3 65.5 110.5 -9999.0 -9999.0 -9999.0 95.5 97.1 97.8 113.5 140.4 165.7 175.6 169.6 126.6 102.3
-9999.0 -9999.0 -9999.0 -9999.0 -9999.0 -9999.0 -9999.0 -9999.0 -9999.0 -9999.0 -9999.0 -9999.0 -9999.0 -9999.0 -9999.0 -9999.0 -9999.0 -9999.0 -9999.0 -9999.0 -9999.0 -9999.0 -9999.0 -9999.0 -9999.0 -9999.0 -9999.0 -9999.0 -9999.0 -9999.0 -9999.0 -9999.0 -9999.0 -9999.0 -9999.0 -9999.0 -9999.0 -9999.0 -9999.0 -9999.0 -9999.0 -9999.0 -9999.0 -9999.0 -9999.0 -9999.0 -9999.0 -9999.0 -9999.0 -9999.0 -9999.0 -9999.0 -9999.0 -9999.0 96.2 85.8 67.0 57.5 66.8 76.4 89.3 -9999.0 -9999.0 -9999.0 -9999.0 -9999.0 -9999.0 -9999.0 124.0 128.5 135.4 130.0 136.2 139.9 126.5 109.4 93.5 77.6
-9999.0 -9999.0 -9999.0 -9999.0 -9999.0 -9999.0 -9999.0 -9999.0 -9999.0 -9999.0 -9999.0 -9999.0 -9999.0 -9999.0 -9999.0 -9999.0 -9999.0 -9999.0 -9999.0 -9999.0 -9999.0 -9999.0 -9999.0 -9999.0 -9999.0 -9999.0 -9999.0 -9999.0 -9999.0 -9999.0 -9999.0 -9999.0 -9999.0 -9999.0 -9999.0 -9999.0 -9999.0 -9999.0 -9999.0 -9999.0 -9999.0 -9999.0 -9999.0 -9999.0 -9999.0 -9999.0 -9999.0 -9999.0 -9999.0 -9999.0 -9999.0 -9999.0 -9999.0 -9999.0 -9999.0 93.1 95.1 78.8 81.7 95.4 110.5 -9999.0 -9999.0 -9999.0 -9999.0 -9999.0 -9999.0 -9999.0 -9999.0 -9999.0 123.4 -9999.0 -9999.0 -9999.0 -9999.0 -9999.0 52.2 -9999.0
-9999.0 -9999.0 -9999.0 -9999.0 -9999.0 -9999.0 -9999.0 -9999.0 -9999.0 -9999.0 -9999.0 -9999.0 -9999.0 -9999.0 -9999.0 -9999.0 -9999.0 -9999.0 -9999.0 -9999.0 -9999.0 -9999.0 -9999.0 -9999.0 -9999.0 -9999.0 -9999.0 -9999.0 -9999.0 -9999.0 -9999.0 -9999.0 -9999.0 -9999.0 -9999.0 -9999.0 -9999.0 -9999.0 -9999.0 -9999.0 -9999.0 -9999.0 -9999.0 -9999.0 -9999.0 -9999.0 -9999.0 -9999.0 -9999.0 -9999.0 -9999.0 -9999.0 -9999.0 -9999.0 -9999.0 -9999.0 -9999.0 -9999.0 104.3 114.6 -9999.0 -9999.0 -9999.0 -9999.0 -9999.0 -9999.0 -9999.0 -9999.0 -9999.0 -9999.0 -9999.0 -9999.0 -9999.0 -9999.0 -9999.0 30.9 31.3 -9999.0
-9999.0 -9999.0 -9999.0 -9999.0 -9999.0 -9999.0 -9999.0 -9999.0 -9999.0 -9999.0 -9999.0 -9999.0 -9999.0 -9999.0 -9999.0 -9999.0 -9999.0 -9999.0 -9999.0 -9999.0 -9999.0 -9999.0 -9999.0 -9999.0 -9999.0 -9999.0 -9999.0 -9999.0 -9999.0 -9999.0 -9999.0 -9999.0 -9999.0 -9999.0 -9999.0 -9999.0 -9999.0 -9999.0 -9999.0 -9999.0 -9999.0 -9999.0 -9999.0 -9999.0 -9999.0 -9999.0 -9999.0 -9999.0 -9999.0 -9999.0 -9999.0 -9999.0 -9999.0 -9999.0 -9999.0 -9999.0 -9999.0 -9999.0 -9999.0 -9999.0 -9999.0 -9999.0 -9999.0 -9999.0 -9999.0 -9999.0 -9999.0 -9999.0 -9999.0 -9999.0 -9999.0 -9999.0 -9999.0 -9999.0 -9999.0 -9999.0 -9999.0 -9999.0
-9999.0 -9999.0 -9999.0 -9999.0 -9999.0 -9999.0 -9999.0 -9999.0 -9999.0 -9999.0 -9999.0 -9999.0 -9999.0 -9999.0 -9999.0 -9999.0 -9999.0 -9999.0 -9999.0 -9999.0 -9999.0 -9999.0 -9999.0 -9999.0 -9999.0 -9999.0 -9999.0 -9999.0 -9999.0 -9999.0 -9999.0 -9999.0 -9999.0 -9999.0 -9999.0 -9999.0 -9999.0 -9999.0 -9999.0 -9999.0 -9999.0 -9999.0 -9999.0 -9999.0 -9999.0 -9999.0 -9999.0 -9999.0 -9999.0 -9999.0 -9999.0 -9999.0 -9999.0 -9999.0 -9999.0 -9999.0 -9999.0 -9999.0 -9999.0 -9999.0 -9999.0 -9999.0 -9999.0 -9999.0 -9999.0 -9999.0 -9999.0 -9999.0 -9999.0 -9999.0 -9999.0 -9999.0 -9999.0 -9999.0 -9999.0 60.0 51.6 47.6
-9999.0 -9999.0 -9999.0 -9999.0 -9999.0 -9999.0 -9999.0 -9999.0 -9999.0 -9999.0 -9999.0 -9999.0 -9999.0 -9999.0 -9999.0 -9999.0 -9999.0 -9999.0 -9999.0 -9999.0 -9999.0 -9999.0 -9999.0 -9999.0 -9999.0 -9999.0 -9999.0 -9999.0 -9999.0 -9999.0 -9999.0 -9999.0 -9999.0 -9999.0 -9999.0 -9999.0 -9999.0 -9999.0 -9999.0 -9999.0 -9999.0 -9999.0 -9999.0 -9999.0 -9999.0 -9999.0 -9999.0 -9999.0 -9999.0 -9999.0 -9999.0 -9999.0 -9999.0 -9999.0 -9999.0 -9999.0 -9999.0 -9999.0 -9999.0 -9999.0 -9999.0 -9999.0 -9999.0 -9999.0 -9999.0 -9999.0 -9999.0 -9999.0 -9999.0 -9999.0 -9999.0 -9999.0 -9999.0 22.8 83.3 90.3 102.1 -9999.0
