program/excelProcessViaJava/data/SURF_CLI_CHN_PRE_MON_GRID_0.5-198505.txt
NCOLS      128
NROWS       72
XLLCORNER    72.000000000000    
YLLCORNER    18.000000000000    
CELLSIZE    0.50000000000000    
NODATA_VALUE   -9999.000    
[rows 34 to 67 of 72, columns 0 to 75 of 128]
-9999.0 -9999.0 -9999.0 -9999.0 3.5 3.0 1.5 2.2 0.6 0.6 2.9 0.7 1.6 1.5 5.4 5.1 4.8 6.3 6.4 5.8 5.2 4.8 3.6 0.8 0.1 0.0 0.1 0.1 0.2 0.3 0.6 0.6 1.6 2.6 3.4 5.4 5.5 6.4 8.3 8.6 9.4 6.1 4.6 3.1 2.2 1.7 1.6 2.3 4.7 10.3 18.4 28.6 46.7 50.9 56.5 67.2 79.1 92.1 101.2 101.4 99.9 89.5 73.9 63.4 59.8 61.9 83.0 86.9 88.0 100.4 97.3 99.0 91.6 82.1 73.7 70.8
-9999.0 -9999.0 -9999.0 -9999.0 -9999.0 -9999.0 -9999.0 1.0 0.6 0.8 0.2 0.2 0.6 0.4 0.4 4.6 1.5 3.5 3.7 1.8 0.4 0.1 0.0 0.1 0.1 0.1 0.1 0.1 0.2 0.2 0.3 0.6 1.1 1.6 2.1 4.1 4.7 6.9 8.7 11.5 12.5 17.2 17.5 12.8 7.3 4.1 4.5 4.5 7.8 9.3 13.5 21.0 33.4 52.2 57.5 61.8 71.7 80.7 90.5 94.4 87.6 91.7 82.9 77.4 75.3 76.1 89.1 98.2 92.4 93.6 93.6 95.6 95.8 89.7 82.9 83.8
-9999.0 -9999.0 -9999.0 -9999.0 -9999.0 -9999.0 -9999.0 0.2 0.7 0.3 0.1 0.3 0.1 0.0 0.1 0.0 0.1 0.1 0.0 0.1 0.1 0.0 0.1 0.1 0.1 0.1 0.2 0.1 0.3 0.4 0.4 0.6 0.9 1.0 2.4 3.4 5.2 6.6 9.4 12.8 16.7 20.3 22.7 26.1 17.6 10.9 12.0 13.1 22.4 22.2 36.9 38.2 33.1 43.3 54.3 59.3 70.7 80.6 82.3 80.4 84.5 92.8 99.3 94.9 84.6 80.8 85.4 88.6 91.3 76.6 86.0 95.8 99.0 99.6 92.5 105.8
-9999.0 -9999.0 -9999.0 -9999.0 -9999.0 -9999.0 -9999.0 -9999.0 -9999.0 0.2 0.2 0.2 0.0 0.0 0.1 0.1 0.0 0.0 0.0 0.0 0.0 0.1 0.1 0.2 0.2 0.3 0.2 0.3 0.5 0.3 0.8 0.8 1.2 1.3 2.8 3.7 5.2 6.6 9.5 12.9 17.4 22.7 25.7 25.0 26.0 24.6 24.4 25.0 28.3 31.6 38.1 37.5 37.9 41.7 52.7 56.4 67.0 76.5 76.0 77.2 79.1 80.3 84.7 98.7 87.4 79.1 79.4 83.9 86.3 76.8 83.9 89.0 97.6 108.7 119.8 109.5
-9999.0 -9999.0 -9999.0 -9999.0 -9999.0 -9999.0 -9999.0 -9999.0 -9999.0 -9999.0 -9999.0 0.0 0.3 0.0 0.0 0.0 0.0 0.1 0.1 0.1 0.0 0.1 0.1 0.2 0.1 0.2 0.2 0.3 0.4 0.6 0.7 0.6 1.2 1.6 2.5 2.4 4.5 6.1 8.0 12.0 17.0 22.1 26.0 27.5 33.1 29.1 36.9 34.8 40.4 42.3 39.6 41.2 43.1 49.0 55.6 56.8 62.3 69.6 75.5 78.8 80.3 87.0 93.5 93.0 84.1 72.4 80.1 87.3 86.5 83.8 85.3 91.8 97.3 106.8 103.4 114.4
-9999.0 -9999.0 -9999.0 -9999.0 -9999.0 -9999.0 -9999.0 -9999.0 -9999.0 -9999.0 -9999.0 -9999.0 0.1 0.1 0.0 0.1 0.0 0.0 0.1 0.0 0.2 0.2 0.2 0.5 0.0 0.4 0.7 0.4 0.5 0.3 0.7 1.0 1.2 1.1 1.6 2.6 2.9 5.4 8.0 11.1 15.0 20.3 25.8 31.3 33.7 36.9 42.0 40.5 46.7 51.5 59.2 57.5 53.1 52.5 57.2 60.7 64.3 70.5 81.1 83.1 88.3 91.3 94.2 93.1 78.0 81.1 80.1 90.7 93.1 92.3 91.3 85.6 87.8 97.4 118.8 182.9
-9999.0 -9999.0 -9999.0 -9999.0 -9999.0 -9999.0 -9999.0 -9999.0 -9999.0 -9999.0 -9999.0 -9999.0 0.0 0.2 0.3 0.0 0.3 0.2 0.0 0.1 0.2 0.2 0.3 0.7 1.5 1.0 1.0 1.7 1.0 1.5 0.9 0.7 1.1 1.5 1.7 2.7 3.1 4.8 7.5 10.9 15.1 20.7 28.9 32.5 39.2 45.6 45.2 48.8 49.9 61.2 63.0 65.1 60.1 63.3 61.8 66.6 69.8 77.1 87.9 93.2 97.3 103.4 103.1 99.8 80.2 81.4 93.6 108.1 107.7 104.5 122.7 152.6 172.8 164.2 164.9 161.2
-9999.0 -9999.0 -9999.0 -9999.0 -9999.0 -9999.0 -9999.0 -9999.0 -9999.0 -9999.0 -9999.0 -9999.0 -9999.0 0.1 0.0 0.4 0.1 0.3 0.5 0.6 0.5 1.2 0.6 2.3 2.1 0.6 0.7 0.4 0.7 0.9 1.6 1.8 1.0 1.2 2.5 3.0 3.9 5.4 7.9 12.1 17.5 25.0 32.7 42.2 45.4 47.6 54.8 63.4 70.6 74.0 74.3 68.9 67.6 76.8 75.0 75.7 78.4 84.5 90.9 96.6 98.8 104.5 107.1 99.8 91.0 92.5 105.3 126.3 128.4 132.4 146.4 177.9 197.1 183.8 186.5 163.4
-9999.0 -9999.0 -9999.0 -9999.0 -9999.0 -9999.0 -9999.0 -9999.0 -9999.0 -9999.0 -9999.0 -9999.0 0.1 0.0 0.0 0.2 0.0 0.2 0.3 1.7 2.3 2.7 2.3 3.5 4.4 1.3 1.7 2.3 2.1 1.5 1.8 2.9 1.1 2.1 2.2 3.4 3.8 6.8 9.8 14.2 22.1 32.9 44.7 48.7 56.6 61.5 63.9 68.0 76.0 79.4 82.1 82.5 75.8 79.0 80.3 84.0 88.1 92.8 97.4 98.7 101.2 106.8 109.9 113.0 103.7 104.8 125.9 140.6 152.0 171.2 203.0 244.7 227.2 151.9 117.1 105.7
-9999.0 -9999.0 -9999.0 -9999.0 -9999.0 -9999.0 -9999.0 -9999.0 -9999.0 -9999.0 -9999.0 -9999.0 0.0 0.5 0.3 0.0 0.1 0.8 1.4 0.8 4.0 2.5 3.4 4.2 6.4 7.1 5.7 4.9 3.9 4.3 4.1 3.3 1.7 3.8 4.1 4.2 6.3 8.3 12.1 17.8 25.9 37.1 49.5 60.8 68.4 73.7 79.8 81.5 82.8 78.3 75.2 77.2 73.7 76.6 83.3 90.8 96.0 100.7 104.6 109.8 115.0 121.4 116.2 109.7 106.8 116.5 130.1 150.3 163.4 189.7 231.4 259.8 229.1 188.5 176.6 122.8
-9999.0 -9999.0 -9999.0 -9999.0 -9999.0 -9999.0 -9999.0 -9999.0 -9999.0 -9999.0 -9999.0 -9999.0 0.8 0.1 0.9 0.7 1.1 0.2 1.2 1.7 0.7 0.8 4.2 2.9 5.1 2.2 3.3 1.3 4.8 4.5 4.6 2.0 4.7 6.0 5.9 5.8 7.6 10.7 15.8 22.6 33.2 46.8 65.3 70.2 80.7 86.7 87.2 81.4 75.1 70.7 66.9 61.9 74.0 76.9 79.2 89.2 97.5 104.6 112.3 115.9 122.7 129.2 145.6 117.9 94.8 108.8 132.9 149.4 156.8 165.1 191.2 230.1 215.2 197.1 260.0 183.1
-9999.0 -9999.0 -9999.0 -9999.0 -9999.0 -9999.0 -9999.0 -9999.0 -9999.0 -9999.0 -9999.0 -9999.0 -9999.0 0.0 0.1 1.2 1.3 2.8 1.3 1.2 0.4 3.1 2.1 1.7 6.1 4.8 5.0 5.6 3.2 6.4 2.7 3.7 3.6 6.2 5.9 4.9 7.9 14.0 20.3 29.6 42.6 63.2 81.0 91.1 88.1 86.3 84.3 68.1 67.9 58.8 47.2 55.0 53.6 54.6 68.5 78.0 87.8 98.4 113.5 132.4 141.9 165.6 157.0 106.6 85.5 107.2 138.1 149.2 139.3 146.2 164.6 192.9 203.5 199.1 180.4 158.3
-9999.0 -9999.0 -9999.0 -9999.0 -9999.0 -9999.0 -9999.0 -9999.0 -9999.0 -9999.0 -9999.0 -9999.0 -9999.0 4.3 0.3 2.2 0.5 5.0 5.3 4.1 0.8 1.2 1.2 2.5 9.2 5.7 4.3 6.4 4.7 0.7 1.4 2.2 4.8 5.3 4.7 6.6 11.6 17.5 25.5 39.0 53.6 73.2 90.4 98.5 103.3 88.6 77.3 56.1 47.9 39.3 40.2 28.0 39.2 49.4 58.7 63.8 71.6 87.6 112.1 109.0 152.2 130.7 118.8 96.7 94.8 114.3 146.2 155.5 139.4 134.3 156.6 186.1 206.8 203.6 203.5 215.5
-9999.0 -9999.0 -9999.0 -9999.0 -9999.0 -9999.0 -9999.0 -9999.0 -9999.0 -9999.0 -9999.0 -9999.0 -9999.0 -9999.0 -9999.0 3.3 6.0 4.3 7.7 11.3 3.2 7.0 7.9 6.2 4.4 4.3 0.8 2.0 0.6 2.8 1.9 3.1 1.9 3.3 6.1 6.9 11.6 20.4 29.3 42.7 62.4 81.0 94.0 96.6 80.0 68.2 66.4 43.3 39.1 21.2 21.9 36.9 26.4 32.4 28.7 46.0 58.2 57.4 108.4 139.5 100.0 109.3 133.9 119.4 111.9 123.1 147.2 156.6 137.2 139.1 155.5 171.0 181.4 191.2 215.1 256.0
-9999.0 -9999.0 -9999.0 -9999.0 -9999.0 -9999.0 -9999.0 -9999.0 -9999.0 -9999.0 -9999.0 -9999.0 -9999.0 -9999.0 -9999.0 -9999.0 -9999.0 46.1 33.9 -9999.0 28.3 8.4 16.5 14.6 5.6 5.5 1.0 1.8 3.5 1.2 2.5 5.4 1.9 7.8 11.5 9.7 14.0 17.8 29.1 43.0 60.6 81.8 87.5 84.0 56.8 58.8 73.5 55.4 28.4 24.9 16.3 16.0 18.0 27.5 33.5 39.8 41.1 71.9 98.2 132.9 57.1 95.1 131.0 132.7 125.4 127.3 142.3 147.2 132.7 135.8 133.5 178.9 190.8 184.1 215.6 261.8
-9999.0 -9999.0 -9999.0 -9999.0 -9999.0 -9999.0 -9999.0 -9999.0 -9999.0 -9999.0 -9999.0 -9999.0 -9999.0 -9999.0 -9999.0 -9999.0 -9999.0 -9999.0 -9999.0 -9999.0 -9999.0 23.0 13.9 4.3 8.3 16.1 11.4 7.7 4.4 6.0 4.3 11.5 9.9 8.8 10.3 9.6 12.8 16.5 19.0 19.9 28.1 76.1 84.8 79.1 48.1 58.7 91.6 41.3 47.1 86.3 21.7 37.1 34.5 24.3 28.4 38.4 47.4 53.5 105.6 117.3 45.1 71.6 110.0 125.6 134.5 140.2 149.1 147.7 136.8 143.1 158.5 194.0 195.6 178.7 180.2 194.1
-9999.0 -9999.0 -9999.0 -9999.0 -9999.0 -9999.0 -9999.0 -9999.0 -9999.0 -9999.0 -9999.0 -9999.0 -9999.0 -9999.0 -9999.0 -9999.0 -9999.0 -9999.0 -9999.0 -9999.0 -9999.0 -9999.0 -9999.0 55.0 21.1 19.7 15.7 9.7 3.4 6.0 4.7 5.1 4.4 7.7 9.6 12.2 18.4 18.1 33.8 48.8 56.5 74.9 60.2 46.8 44.5 100.0 60.4 53.2 59.2 59.6 33.9 37.0 35.1 35.4 31.1 25.1 38.4 65.1 45.9 108.9 71.0 96.6 103.0 89.2 106.7 146.3 166.7 162.5 183.4 179.7 217.7 222.5 220.3 224.0 170.0 146.7
-9999.0 -9999.0 -9999.0 -9999.0 -9999.0 -9999.0 -9999.0 -9999.0 -9999.0 -9999.0 -9999.0 -9999.0 -9999.0 -9999.0 -9999.0 -9999.0 -9999.0 -9999.0 -9999.0 -9999.0 -9999.0 -9999.0 -9999.0 -9999.0 -9999.0 79.6 37.3 3.4 3.9 2.5 5.2 10.9 13.6 13.2 14.7 19.3 31.7 25.3 44.3 41.6 67.8 51.8 27.9 35.7 73.2 112.5 101.9 159.3 53.7 69.9 52.6 50.6 52.0 49.2 39.2 29.3 36.5 40.5 79.5 100.4 117.3 123.5 177.8 72.7 89.2 134.5 164.3 162.2 185.1 204.4 218.6 222.9 212.3 246.9 222.6 143.5
-9999.0 -9999.0 -9999.0 -9999.0 -9999.0 -9999.0 -9999.0 -9999.0 -9999.0 -9999.0 -9999.0 -9999.0 -9999.0 -9999.0 -9999.0 -9999.0 -9999.0 -9999.0 -9999.0 -9999.0 -9999.0 -9999.0 -9999.0 -9999.0 -9999.0 -9999.0 -9999.0 81.5 74.0 32.3 27.0 26.3 15.9 27.0 24.7 22.2 23.4 24.4 16.1 33.2 53.9 28.9 34.0 66.1 90.4 123.9 158.3 183.8 202.5 137.8 183.5 167.5 76.4 68.4 48.8 39.7 30.1 33.2 70.4 77.2 83.2 124.3 64.6 56.2 65.4 77.2 130.6 175.9 188.6 191.1 179.1 190.5 179.1 226.8 179.1 130.7
-9999.0 -9999.0 -9999.0 -9999.0 -9999.0 -9999.0 -9999.0 -9999.0 -9999.0 -9999.0 -9999.0 -9999.0 -9999.0 -9999.0 -9999.0 -9999.0 -9999.0 -9999.0 -9999.0 -9999.0 -9999.0 -9999.0 -9999.0 -9999.0 -9999.0 -9999.0 -9999.0 -9999.0 -9999.0 -9999.0 -9999.0 -9999.0 -9999.0 39.2 34.9 -9999.0 -9999.0 -9999.0 20.2 26.7 24.2 31.7 38.8 77.6 108.8 136.3 -9999.0 -9999.0 -9999.0 -9999.0 -9999.0 -9999.0 131.3 78.9 67.0 44.8 35.5 33.4 47.1 62.7 83.8 103.1 61.0 50.0 54.1 72.4 97.7 126.8 170.4 182.0 152.2 153.8 191.1 185.7 218.0 148.5
-9999.0 -9999.0 -9999.0 -9999.0 -9999.0 -9999.0 -9999.0 -9999.0 -9999.0 -9999.0 -9999.0 -9999.0 -9999.0 -9999.0 -9999.0 -9999.0 -9999.0 -9999.0 -9999.0 -9999.0 -9999.0 -9999.0 -9999.0 -9999.0 -9999.0 -9999.0 -9999.0 -9999.0 -9999.0 -9999.0 -9999.0 -9999.0 -9999.0 -9999.0 -9999.0 -9999.0 -9999.0 -9999.0 -9999.0 36.5 42.3 52.5 67.1 86.2 -9999.0 -9999.0 -9999.0 -9999.0 -9999.0 -9999.0 -9999.0 -9999.0 152.5 99.0 75.6 53.9 39.8 35.5 42.7 58.6 70.2 75.6 69.4 50.9 71.3 89.6 111.3 161.8 206.4 203.4 192.9 187.0 186.1 234.5 188.7 201.0
-9999.0 -9999.0 -9999.0 -9999.0 -9999.0 -9999.0 -9999.0 -9999.0 -9999.0 -9999.0 -9999.0 -9999.0 -9999.0 -9999.0 -9999.0 -9999.0 -9999.0 -9999.0 -9999.0 -9999.0 -9999.0 -9999.0 -9999.0 -9999.0 -9999.0 -9999.0 -9999.0 -9999.0 -9999.0 -9999.0 -9999.0 -9999.0 -9999.0 -9999.0 -9999.0 -9999.0 -9999.0 -9999.0 -9999.0 -9999.0 -9999.0 -9999.0 -9999.0 -9999.0 -9999.0 -9999.0 -9999.0 -9999.0 -9999.0 -9999.0 -9999.0 -9999.0 229.7 124.4 96.3 79.9 52.4 44.4 51.2 71.7 79.3 75.5 159.5 71.4 95.4 119.4 172.2 224.5 258.0 261.3 258.0 261.6 296.1 273.9 269.1 236.9
-9999.0 -9999.0 -9999.0 -9999.0 -9999.0 -9999.0 -9999.0 -9999.0 -9999.0 -9999.0 -9999.0 -9999.0 -9999.0 -9999.0 -9999.0 -9999.0 -9999.0 -9999.0 -9999.0 -9999.0 -9999.0 -9999.0 -9999.0 -9999.0 -9999.0 -9999.0 -9999.0 -9999.0 -9999.0 -9999.0 -9999.0 -9999.0 -9999.0 -9999.0 -9999.0 -9999.0 -9999.0 -9999.0 -9999.0 -9999.0 -9999.0 -9999.0 -9999.0 -9999.0 -9999.0 -9999.0 -9999.0 -9999.0 -9999.0 -9999.0 -9999.0 271.6 225.5 155.6 128.0 95.0 75.2 79.5 79.0 77.2 137.0 130.0 96.7 106.7 126.0 150.7 204.4 261.8 275.8 293.1 302.9 306.2 288.0 258.8 268.8 269.1
-9999.0 -9999.0 -9999.0 -9999.0 -9999.0 -9999.0 -9999.0 -9999.0 -9999.0 -9999.0 -9999.0 -9999.0 -9999.0 -9999.0 -9999.0 -9999.0 -9999.0 -9999.0 -9999.0 -9999.0 -9999.0 -9999.0 -9999.0 -9999.0 -9999.0 -9999.0 -9999.0 -9999.0 -9999.0 -9999.0 -9999.0 -9999.0 -9999.0 -9999.0 -9999.0 -9999.0 -9999.0 -9999.0 -9999.0 -9999.0 -9999.0 -9999.0 -9999.0 -9999.0 -9999.0 -9999.0 -9999.0 -9999.0 -9999.0 -9999.0 247.9 266.2 233.0 191.1 156.9 129.7 107.8 100.6 117.6 162.2 162.7 183.6 144.7 153.7 162.8 173.0 190.2 206.1 214.1 245.0 271.0 284.8 279.2 289.2 297.7 325.0
-9999.0 -9999.0 -9999.0 -9999.0 -9999.0 -9999.0 -9999.0 -9999.0 -9999.0 -9999.0 -9999.0 -9999.0 -9999.0 -9999.0 -9999.0 -9999.0 -9999.0 -9999.0 -9999.0 -9999.0 -9999.0 -9999.0 -9999.0 -9999.0 -9999.0 -9999.0 -9999.0 -9999.0 -9999.0 -9999.0 -9999.0 -9999.0 -9999.0 -9999.0 -9999.0 -9999.0 -9999.0 -9999.0 -9999.0 -9999.0 -9999.0 -9999.0 -9999.0 -9999.0 -9999.0 -9999.0 -9999.0 -9999.0 -9999.0 -9999.0 217.2 251.7 248.1 216.0 183.4 152.2 120.2 159.7 181.0 174.8 156.0 169.2 146.7 166.7 176.9 142.5 139.2 138.8 140.7 170.9 204.4 236.3 253.9 251.4 231.4 220.8
-9999.0 -9999.0 -9999.0 -9999.0 -9999.0 -9999.0 -9999.0 -9999.0 -9999.0 -9999.0 -9999.0 -9999.0 -9999.0 -9999.0 -9999.0 -9999.0 -9999.0 -9999.0 -9999.0 -9999.0 -9999.0 -9999.0 -9999.0 -9999.0 -9999.0 -9999.0 -9999.0 -9999.0 -9999.0 -9999.0 -9999.0 -9999.0 -9999.0 -9999.0 -9999.0 -9999.0 -9999.0 -9999.0 -9999.0 -9999.0 -9999.0 -9999.0 -9999.0 -9999.0 -9999.0 -9999.0 -9999.0 -9999.0 -9999.0 -9999.0 171.6 208.2 211.7 221.5 180.8 145.4 178.7 165.1 199.2 131.5 155.1 169.3 152.8 136.6 151.9 122.9 94.8 92.2 100.8 110.2 143.9 186.7 208.0 240.4 217.9 234.0
-9999.0 -9999.0 -9999.0 -9999.0 -9999.0 -9999.0 -9999.0 -9999.0 -9999.0 -9999.0 -9999.0 -9999.0 -9999.0 -9999.0 -9999.0 -9999.0 -9999.0 -9999.0 -9999.0 -9999.0 -9999.0 -9999.0 -9999.0 -9999.0 -9999.0 -9999.0 -9999.0 -9999.0 -9999.0 -9999.0 -9999.0 -9999.0 -9999.0 -9999.0 -9999.0 -9999.0 -9999.0 -9999.0 -9999.0 -9999.0 -9999.0 -9999.0 -9999.0 -9999.0 -9999.0 -9999.0 -9999.0 -9999.0 -9999.0 -9999.0 155.8 194.6 197.1 202.8 181.8 173.1 135.3 164.2 174.8 129.0 149.7 131.1 90.3 115.0 128.1 109.8 92.8 78.2 85.0 101.0 109.1 136.8 173.4 211.9 222.5 273.3
-9999.0 -9999.0 -9999.0 -9999.0 -9999.0 -9999.0 -9999.0 -9999.0 -9999.0 -9999.0 -9999.0 -9999.0 -9999.0 -9999.0 -9999.0 -9999.0 -9999.0 -9999.0 -9999.0 -9999.0 -9999.0 -9999.0 -9999.0 -9999.0 -9999.0 -9999.0 -9999.0 -9999.0 -9999.0 -9999.0 -9999.0 -9999.0 -9999.0 -9999.0 -9999.0 -9999.0 -9999.0 -9999.0 -9999.0 -9999.0 -9999.0 -9999.0 -9999.0 -9999.0 -9999.0 -9999.0 -9999.0 -9999.0 -9999.0 -9999.0 -9999.0 -9999.0 -9999.0 177.5 170.7 158.2 160.8 181.7 168.5 163.5 258.9 134.7 163.6 133.8 127.6 113.6 104.9 98.2 99.2 96.7 93.3 107.7 133.1 160.8 194.7 235.2
-9999.0 -9999.0 -9999.0 -9999.0 -9999.0 -9999.0 -9999.0 -9999.0 -9999.0 -9999.0 -9999.0 -9999.0 -9999.0 -9999.0 -9999.0 -9999.0 -9999.0 -9999.0 -9999.0 -9999.0 -9999.0 -9999.0 -9999.0 -9999.0 -9999.0 -9999.0 -9999.0 -9999.0 -9999.0 -9999.0 -9999.0 -9999.0 -9999.0 -9999.0 -9999.0 -9999.0 -9999.0 -9999.0 -9999.0 -9999.0 -9999.0 -9999.0 -9999.0 -9999.0 -9999.0 -9999.0 -9999.0 -9999.0 -9999.0 -9999.0 -9999.0 -9999.0 -9999.0 169.2 175.1 193.0 181.7 185.9 210.3 272.6 235.8 232.2 228.0 263.9 228.9 189.6 198.7 134.8 126.0 104.2 90.5 97.7 113.7 127.7 144.1 195.1
-9999.0 -9999.0 -9999.0 -9999.0 -9999.0 -9999.0 -9999.0 -9999.0 -9999.0 -9999.0 -9999.0 -9999.0 -9999.0 -9999.0 -9999.0 -9999.0 -9999.0 -9999.0 -9999.0 -9999.0 -9999.0 -9999.0 -9999.0 -9999.0 -9999.0 -9999.0 -9999.0 -9999.0 -9999.0 -9999.0 -9999.0 -9999.0 -9999.0 -9999.0 -9999.0 -9999.0 -9999.0 -9999.0 -9999.0 -9999.0 -9999.0 -9999.0 -9999.0 -9999.0 -9999.0 -9999.0 -9999.0 -9999.0 -9999.0 -9999.0 -9999.0 -9999.0 -9999.0 160.6 166.2 191.8 196.5 196.2 223.3 253.2 305.7 316.9 320.9 295.9 413.5 -9999.0 -9999.0 -9999.0 161.8 128.8 113.4 115.9 120.0 117.3 123.3 162.1
-9999.0 -9999.0 -9999.0 -9999.0 -9999.0 -9999.0 -9999.0 -9999.0 -9999.0 -9999.0 -9999.0 -9999.0 -9999.0 -9999.0 -9999.0 -9999.0 -9999.0 -9999.0 -9999.0 -9999.0 -9999.0 -9999.0 -9999.0 -9999.0 -9999.0 -9999.0 -9999.0 -9999.0 -9999.0 -9999.0 -9999.0 -9999.0 -9999.0 -9999.0 -9999.0 -9999.0 -9999.0 -9999.0 -9999.0 -9999.0 -9999.0 -9999.0 -9999.0 -9999.0 -9999.0 -9999.0 -9999.0 -9999.0 -9999.0 -9999.0 -9999.0 -9999.0 -9999.0 -9999.0 162.8 176.2 165.4 160.9 209.9 273.7 266.5 -9999.0 -9999.0 -9999.0 -9999.0 -9999.0 -9999.0 -9999.0 208.0 172.4 163.5 148.2 136.6 124.9 120.8 133.1
-9999.0 -9999.0 -9999.0 -9999.0 -9999.0 -9999.0 -9999.0 -9999.0 -9999.0 -9999.0 -9999.0 -9999.0 -9999.0 -9999.0 -9999.0 -9999.0 -9999.0 -9999.0 -9999.0 -9999.0 -9999.0 -9999.0 -9999.0 -9999.0 -9999.0 -9999.0 -9999.0 -9999.0 -9999.0 -9999.0 -9999.0 -9999.0 -9999.0 -9999.0 -9999.0 -9999.0 -9999.0 -9999.0 -9999.0 -9999.0 -9999.0 -9999.0 -9999.0 -9999.0 -9999.0 -9999.0 -9999.0 -9999.0 -9999.0 -9999.0 -9999.0 -9999.0 -9999.0 -9999.0 -9999.0 139.1 179.5 152.2 149.2 203.1 249.3 -9999.0 -9999.0 -9999.0 -9999.0 -9999.0 -9999.0 -9999.0 -9999.0 -9999.0 194.3 -9999.0 -9999.0 -9999.0 -9999.0 -9999.0
-9999.0 -9999.0 -9999.0 -9999.0 -9999.0 -9999.0 -9999.0 -9999.0 -9999.0 -9999.0 -9999.0 -9999.0 -9999.0 -9999.0 -9999.0 -9999.0 -9999.0 -9999.0 -9999.0 -9999.0 -9999.0 -9999.0 -9999.0 -9999.0 -9999.0 -9999.0 -9999.0 -9999.0 -9999.0 -9999.0 -9999.0 -9999.0 -9999.0 -9999.0 -9999.0 -9999.0 -9999.0 -9999.0 -9999.0 -9999.0 -9999.0 -9999.0 -9999.0 -9999.0 -9999.0 -9999.0 -9999.0 -9999.0 -9999.0 -9999.0 -9999.0 -9999.0 -9999.0 -9999.0 -9999.0 -9999.0 -9999.0 -9999.0 135.8 150.0 -9999.0 -9999.0 -9999.0 -9999.0 -9999.0 -9999.0 -9999.0 -9999.0 -9999.0 -9999.0 -9999.0 -9999.0 -9999.0 -9999.0 -9999.0 153.5
-9999.0 -9999.0 -9999.0 -9999.0 -9999.0 -9999.0 -9999.0 -9999.0 -9999.0 -9999.0 -9999.0 -9999.0 -9999.0 -9999.0 -9999.0 -9999.0 -9999.0 -9999.0 -9999.0 -9999.0 -9999.0 -9999.0 -9999.0 -9999.0 -9999.0 -9999.0 -9999.0 -9999.0 -9999.0 -9999.0 -9999.0 -9999.0 -9999.0 -9999.0 -9999.0 -9999.0 -9999.0 -9999.0 -9999.0 -9999.0 -9999.0 -9999.0 -9999.0 -9999.0 -9999.0 -9999.0 -9999.0 -9999.0 -9999.0 -9999.0 -9999.0 -9999.0 -9999.0 -9999.0 -9999.0 -9999.0 -9999.0 -9999.0 -9999.0 -9999.0 -9999.0 -9999.0 -9999.0 -9999.0 -9999.0 -9999.0 -9999.0 -9999.0 -9999.0 -9999.0 -9999.0 -9999.0 -9999.0 -9999.0 -9999.0 -9999.0
