program/excelProcessViaJava/data/SURF_CLI_CHN_PRE_MON_GRID_0.5-201206.txt
NCOLS      128
NROWS       72
XLLCORNER    72.000000000000    
YLLCORNER    18.000000000000    
CELLSIZE    0.50000000000000    
NODATA_VALUE   -9999.000    
[rows 34 to 67 of 72, columns 0 to 75 of 128]
-9999.0 -9999.0 -9999.0 -9999.0 23.0 23.1 16.8 20.0 10.7 9.8 16.4 9.1 11.9 11.7 23.6 28.3 31.2 38.0 42.1 45.0 42.9 39.8 33.4 15.9 4.0 2.1 4.5 5.3 7.4 10.1 14.3 18.2 25.7 32.3 38.2 43.2 47.7 52.6 46.4 36.8 42.7 25.7 24.0 21.7 21.6 20.9 19.7 19.4 21.7 29.9 39.5 49.3 77.9 58.7 44.4 43.9 45.7 56.5 67.9 48.1 84.4 53.7 43.7 46.5 40.6 42.7 72.5 73.7 83.5 105.8 100.5 107.5 108.3 102.7 81.4 70.7
-9999.0 -9999.0 -9999.0 -9999.0 -9999.0 -9999.0 -9999.0 14.9 10.7 11.6 5.3 4.6 8.4 6.7 6.7 27.7 18.0 30.4 34.6 25.7 10.9 4.5 3.4 3.6 3.9 4.1 3.8 4.5 6.1 7.8 11.9 17.4 24.5 31.7 39.3 47.0 54.3 57.9 65.3 68.4 50.6 72.6 66.7 50.6 37.1 27.0 27.4 23.5 29.0 26.9 32.6 43.3 58.5 100.4 85.6 40.6 34.6 33.6 64.3 40.6 74.3 42.6 36.4 37.6 50.6 51.0 69.9 85.3 86.0 95.0 88.3 86.2 95.4 92.0 69.8 57.7
-9999.0 -9999.0 -9999.0 -9999.0 -9999.0 -9999.0 -9999.0 6.0 11.3 6.3 4.3 5.5 3.9 1.9 3.7 1.1 4.3 5.1 1.8 5.4 5.6 2.8 3.7 3.4 3.7 3.7 4.2 3.7 6.5 9.4 11.3 16.6 23.7 30.7 41.2 50.2 58.0 65.6 70.0 71.0 73.0 72.7 74.1 87.4 60.3 44.3 46.1 45.8 64.3 58.3 88.6 87.0 67.2 76.9 99.6 53.3 46.6 51.3 62.2 67.2 49.4 46.9 46.3 52.7 53.4 58.6 67.8 74.1 91.3 66.2 61.4 61.8 72.0 76.7 51.6 51.5
-9999.0 -9999.0 -9999.0 -9999.0 -9999.0 -9999.0 -9999.0 -9999.0 -9999.0 4.5 4.2 4.4 1.9 1.9 2.8 3.8 2.2 0.6 1.7 0.8 1.9 3.6 3.8 3.7 3.8 4.3 3.9 4.5 6.8 6.7 13.2 17.0 23.7 31.2 43.2 53.2 62.4 70.4 74.6 78.9 77.9 81.1 79.0 74.6 78.6 76.1 74.3 71.0 71.2 71.4 80.5 78.6 78.3 78.8 103.9 72.6 56.1 55.3 70.1 62.1 59.2 69.7 70.3 60.2 60.9 59.0 61.4 63.4 81.1 55.9 47.5 38.3 50.7 63.6 61.2 30.6
-9999.0 -9999.0 -9999.0 -9999.0 -9999.0 -9999.0 -9999.0 -9999.0 -9999.0 -9999.0 -9999.0 1.2 4.0 0.9 1.4 1.1 1.5 2.0 2.5 2.0 1.3 2.6 2.4 3.5 1.6 2.8 2.6 3.2 4.7 7.4 10.6 13.0 22.2 31.0 43.0 53.0 66.0 75.2 87.1 84.5 88.9 85.1 82.6 81.6 95.7 86.4 101.4 90.0 89.9 82.5 72.5 75.6 82.3 97.1 118.2 109.2 89.6 89.3 76.1 69.8 81.3 69.5 61.0 61.9 68.1 57.3 51.3 60.2 69.9 64.8 45.8 40.5 43.5 46.3 30.3 27.7
-9999.0 -9999.0 -9999.0 -9999.0 -9999.0 -9999.0 -9999.0 -9999.0 -9999.0 -9999.0 -9999.0 -9999.0 2.1 2.2 0.7 1.3 0.4 1.0 1.2 0.6 3.2 2.6 2.6 3.8 0.7 3.1 4.4 2.9 4.2 3.8 8.1 12.8 19.2 26.2 38.3 53.5 66.7 79.2 84.8 85.0 83.7 83.6 85.3 92.8 96.9 104.5 112.9 102.7 98.7 90.3 93.7 91.5 90.9 98.2 116.3 130.3 130.4 134.7 79.6 106.8 97.6 113.7 108.6 84.7 72.7 83.9 61.7 73.3 84.0 81.8 49.7 31.5 30.5 33.1 39.2 69.5
-9999.0 -9999.0 -9999.0 -9999.0 -9999.0 -9999.0 -9999.0 -9999.0 -9999.0 -9999.0 -9999.0 -9999.0 0.3 1.9 2.9 0.7 2.6 1.7 0.7 1.1 1.5 1.3 1.9 3.7 6.1 4.2 4.1 6.1 4.6 7.0 6.6 7.8 14.7 23.8 35.0 51.7 66.0 80.9 89.2 89.7 85.0 83.8 94.0 92.6 107.2 122.5 121.6 121.4 109.1 104.9 94.5 96.5 97.0 115.9 124.0 145.3 138.5 137.7 104.2 102.0 107.7 113.7 131.6 139.4 81.1 84.6 62.5 77.0 91.8 91.8 92.2 117.9 125.8 86.5 79.0 58.5
-9999.0 -9999.0 -9999.0 -9999.0 -9999.0 -9999.0 -9999.0 -9999.0 -9999.0 -9999.0 -9999.0 -9999.0 -9999.0 0.6 0.2 1.9 0.8 1.8 2.6 2.9 2.3 4.6 2.1 6.2 5.3 1.8 1.8 1.2 2.3 3.3 6.1 9.0 9.9 17.0 32.7 47.6 64.7 79.6 92.3 93.3 89.9 91.9 93.6 109.2 113.7 123.7 141.1 151.6 149.1 135.0 120.8 108.7 112.1 153.5 160.0 167.3 162.2 166.3 190.0 160.2 161.2 148.4 156.6 101.1 77.4 81.7 89.5 94.8 105.3 92.5 50.0 59.8 93.1 99.7 111.1 81.2
-9999.0 -9999.0 -9999.0 -9999.0 -9999.0 -9999.0 -9999.0 -9999.0 -9999.0 -9999.0 -9999.0 -9999.0 0.3 0.1 0.2 0.7 0.2 0.6 0.9 4.2 4.9 5.4 4.3 5.9 7.2 2.2 2.9 3.9 3.7 3.1 4.3 8.1 6.5 14.6 23.8 40.8 55.6 75.5 83.8 84.6 93.4 104.9 117.7 104.8 124.5 143.6 158.1 168.4 173.0 163.8 158.2 159.8 142.9 163.6 170.4 182.0 202.6 177.5 194.2 178.7 190.6 209.3 178.6 184.9 116.3 95.0 88.0 98.2 117.9 138.8 137.0 117.3 89.0 49.5 44.1 45.4
-9999.0 -9999.0 -9999.0 -9999.0 -9999.0 -9999.0 -9999.0 -9999.0 -9999.0 -9999.0 -9999.0 -9999.0 0.1 0.6 0.4 0.0 0.1 1.1 1.8 1.0 4.9 2.7 3.7 4.7 7.7 9.0 7.5 6.6 5.4 6.4 6.6 6.1 4.8 13.6 22.1 33.1 51.5 65.1 73.2 72.0 73.4 78.7 90.6 108.5 130.1 155.1 183.0 195.9 199.8 182.7 171.0 179.1 168.8 175.2 186.4 191.5 212.4 231.1 230.9 252.9 267.2 279.5 175.4 121.6 103.1 85.1 100.1 103.2 101.1 98.5 102.0 105.0 94.8 111.3 121.8 68.9
-9999.0 -9999.0 -9999.0 -9999.0 -9999.0 -9999.0 -9999.0 -9999.0 -9999.0 -9999.0 -9999.0 -9999.0 0.5 0.1 0.6 0.5 0.7 0.1 0.7 0.9 0.4 0.5 2.7 1.8 4.0 1.7 3.2 1.2 6.4 6.2 6.4 2.4 7.5 13.7 19.7 27.5 40.8 52.4 59.8 62.6 66.9 79.5 104.4 109.9 133.9 165.2 186.1 190.1 185.6 183.4 183.3 174.3 239.1 254.6 230.8 200.7 226.0 251.3 270.8 258.6 255.9 245.5 314.5 128.8 72.5 92.5 94.5 107.5 119.9 110.6 98.3 123.1 115.6 130.2 228.2 129.4
-9999.0 -9999.0 -9999.0 -9999.0 -9999.0 -9999.0 -9999.0 -9999.0 -9999.0 -9999.0 -9999.0 -9999.0 -9999.0 0.0 0.0 0.3 0.3 0.6 0.3 0.3 0.1 0.8 0.6 0.6 3.5 3.2 4.5 6.7 4.0 10.6 3.4 4.7 4.3 10.3 13.8 16.5 28.3 43.9 50.8 57.8 68.7 94.9 120.4 131.8 132.0 141.1 158.9 136.5 168.3 168.4 148.8 209.7 216.3 203.0 254.6 256.0 217.8 237.0 270.6 328.5 309.9 427.3 282.2 84.8 92.9 106.9 105.0 116.2 137.9 139.1 119.8 98.8 104.2 54.4 74.3 48.6
-9999.0 -9999.0 -9999.0 -9999.0 -9999.0 -9999.0 -9999.0 -9999.0 -9999.0 -9999.0 -9999.0 -9999.0 -9999.0 0.4 0.0 0.1 0.0 0.5 0.6 0.4 0.1 0.1 0.2 0.5 4.2 2.9 3.2 8.2 7.8 0.9 2.1 3.2 7.4 8.5 9.1 16.0 29.9 40.8 47.9 64.1 75.3 97.8 120.0 132.1 153.0 129.1 123.1 88.5 99.5 110.1 157.6 130.2 216.9 265.9 287.0 258.9 216.0 228.3 275.0 214.6 313.8 175.1 87.1 86.1 100.8 114.2 112.5 128.4 149.7 149.4 119.6 90.9 73.6 65.9 60.0 75.7
-9999.0 -9999.0 -9999.0 -9999.0 -9999.0 -9999.0 -9999.0 -9999.0 -9999.0 -9999.0 -9999.0 -9999.0 -9999.0 -9999.0 -9999.0 0.1 0.2 0.1 0.3 0.7 0.1 0.5 0.7 0.7 0.7 1.2 0.4 1.8 0.8 7.6 5.3 8.1 3.6 6.3 13.3 15.1 24.4 48.9 52.7 63.0 80.1 100.6 117.0 122.6 112.7 97.0 86.9 51.0 71.7 41.3 90.6 204.9 196.4 236.9 163.6 229.8 224.4 164.7 290.2 339.9 164.8 106.9 116.4 101.5 110.8 123.2 130.4 149.6 160.7 132.5 103.1 78.1 87.9 84.5 62.2 111.4
-9999.0 -9999.0 -9999.0 -9999.0 -9999.0 -9999.0 -9999.0 -9999.0 -9999.0 -9999.0 -9999.0 -9999.0 -9999.0 -9999.0 -9999.0 -9999.0 -9999.0 16.2 4.3 -9999.0 2.9 0.2 1.1 1.4 0.5 0.9 0.3 1.3 7.5 3.7 10.8 24.2 5.1 26.9 42.8 27.3 27.5 69.0 55.7 63.4 75.3 93.9 102.0 103.4 163.1 94.7 238.6 80.8 37.7 59.4 45.7 99.1 89.5 223.2 238.5 232.3 184.4 260.1 286.2 335.3 118.1 130.6 151.9 143.8 129.3 127.5 141.8 149.5 158.7 136.4 118.8 114.4 119.5 93.9 107.5 141.9
-9999.0 -9999.0 -9999.0 -9999.0 -9999.0 -9999.0 -9999.0 -9999.0 -9999.0 -9999.0 -9999.0 -9999.0 -9999.0 -9999.0 -9999.0 -9999.0 -9999.0 -9999.0 -9999.0 -9999.0 -9999.0 0.6 0.3 0.0 0.4 3.5 4.7 6.9 8.4 23.4 23.0 59.5 48.0 37.1 46.3 32.1 44.6 55.9 63.8 77.8 79.1 80.2 88.3 86.2 160.5 71.8 376.6 56.2 80.2 243.8 65.7 172.3 200.3 134.3 179.5 220.5 229.9 218.3 350.1 329.9 152.5 148.8 177.1 161.7 158.3 148.2 161.3 159.4 180.5 172.5 159.5 142.5 139.8 139.5 161.9 186.8
-9999.0 -9999.0 -9999.0 -9999.0 -9999.0 -9999.0 -9999.0 -9999.0 -9999.0 -9999.0 -9999.0 -9999.0 -9999.0 -9999.0 -9999.0 -9999.0 -9999.0 -9999.0 -9999.0 -9999.0 -9999.0 -9999.0 -9999.0 9.8 0.8 1.9 3.6 4.8 2.9 17.4 19.7 20.4 8.9 19.6 19.1 27.2 35.3 51.0 53.4 58.7 60.3 70.6 63.8 74.0 157.6 497.2 155.8 97.4 120.9 120.9 58.5 117.9 85.2 122.5 117.1 104.3 185.5 260.4 239.1 339.5 238.8 214.6 159.8 119.7 110.9 146.8 175.4 171.7 139.2 178.7 164.3 174.1 178.3 201.6 235.8 263.5
-9999.0 -9999.0 -9999.0 -9999.0 -9999.0 -9999.0 -9999.0 -9999.0 -9999.0 -9999.0 -9999.0 -9999.0 -9999.0 -9999.0 -9999.0 -9999.0 -9999.0 -9999.0 -9999.0 -9999.0 -9999.0 -9999.0 -9999.0 -9999.0 -9999.0 42.1 9.4 0.2 0.8 0.7 7.0 27.5 32.8 22.0 30.1 25.8 33.5 46.8 53.3 52.9 61.2 50.7 156.1 142.1 379.4 522.7 349.2 558.3 61.1 106.1 87.9 85.1 123.3 126.6 87.6 103.7 161.0 192.5 280.4 322.7 330.1 279.1 350.5 141.5 120.6 141.5 141.9 103.5 116.6 142.6 168.9 182.0 180.8 232.0 272.1 283.5
-9999.0 -9999.0 -9999.0 -9999.0 -9999.0 -9999.0 -9999.0 -9999.0 -9999.0 -9999.0 -9999.0 -9999.0 -9999.0 -9999.0 -9999.0 -9999.0 -9999.0 -9999.0 -9999.0 -9999.0 -9999.0 -9999.0 -9999.0 -9999.0 -9999.0 -9999.0 -9999.0 75.3 89.7 30.2 35.9 42.8 9.5 57.0 24.4 120.6 41.2 47.8 69.6 50.3 50.9 57.3 184.5 375.7 434.0 520.8 592.1 599.5 573.0 235.5 344.0 275.3 90.0 90.7 91.0 117.6 129.2 166.5 243.6 266.7 302.2 295.1 190.4 137.4 118.9 108.6 129.8 145.8 147.2 158.4 169.2 190.3 159.6 214.7 224.1 220.0
-9999.0 -9999.0 -9999.0 -9999.0 -9999.0 -9999.0 -9999.0 -9999.0 -9999.0 -9999.0 -9999.0 -9999.0 -9999.0 -9999.0 -9999.0 -9999.0 -9999.0 -9999.0 -9999.0 -9999.0 -9999.0 -9999.0 -9999.0 -9999.0 -9999.0 -9999.0 -9999.0 -9999.0 -9999.0 -9999.0 -9999.0 -9999.0 -9999.0 98.1 31.4 -9999.0 -9999.0 -9999.0 124.6 59.9 101.4 165.3 145.5 392.1 490.6 523.9 -9999.0 -9999.0 -9999.0 -9999.0 -9999.0 -9999.0 140.3 98.8 99.7 106.1 128.2 154.9 189.3 237.5 279.5 276.6 215.6 169.6 149.7 143.2 147.3 162.4 182.7 185.6 164.5 179.6 192.0 163.1 203.0 160.3
-9999.0 -9999.0 -9999.0 -9999.0 -9999.0 -9999.0 -9999.0 -9999.0 -9999.0 -9999.0 -9999.0 -9999.0 -9999.0 -9999.0 -9999.0 -9999.0 -9999.0 -9999.0 -9999.0 -9999.0 -9999.0 -9999.0 -9999.0 -9999.0 -9999.0 -9999.0 -9999.0 -9999.0 -9999.0 -9999.0 -9999.0 -9999.0 -9999.0 -9999.0 -9999.0 -9999.0 -9999.0 -9999.0 -9999.0 270.0 287.9 320.5 358.4 395.2 -9999.0 -9999.0 -9999.0 -9999.0 -9999.0 -9999.0 -9999.0 -9999.0 143.9 108.9 100.4 105.4 122.8 139.8 161.1 202.1 245.9 247.8 231.2 210.0 209.1 197.6 191.3 210.8 230.4 228.9 208.7 173.2 139.3 182.3 138.2 151.5
-9999.0 -9999.0 -9999.0 -9999.0 -9999.0 -9999.0 -9999.0 -9999.0 -9999.0 -9999.0 -9999.0 -9999.0 -9999.0 -9999.0 -9999.0 -9999.0 -9999.0 -9999.0 -9999.0 -9999.0 -9999.0 -9999.0 -9999.0 -9999.0 -9999.0 -9999.0 -9999.0 -9999.0 -9999.0 -9999.0 -9999.0 -9999.0 -9999.0 -9999.0 -9999.0 -9999.0 -9999.0 -9999.0 -9999.0 -9999.0 -9999.0 -9999.0 -9999.0 -9999.0 -9999.0 -9999.0 -9999.0 -9999.0 -9999.0 -9999.0 -9999.0 -9999.0 326.2 122.5 110.0 123.1 124.4 133.9 143.3 169.5 184.4 208.3 287.9 256.0 280.1 263.8 236.1 243.5 260.2 252.0 207.2 174.0 242.1 190.4 196.8 177.3
-9999.0 -9999.0 -9999.0 -9999.0 -9999.0 -9999.0 -9999.0 -9999.0 -9999.0 -9999.0 -9999.0 -9999.0 -9999.0 -9999.0 -9999.0 -9999.0 -9999.0 -9999.0 -9999.0 -9999.0 -9999.0 -9999.0 -9999.0 -9999.0 -9999.0 -9999.0 -9999.0 -9999.0 -9999.0 -9999.0 -9999.0 -9999.0 -9999.0 -9999.0 -9999.0 -9999.0 -9999.0 -9999.0 -9999.0 -9999.0 -9999.0 -9999.0 -9999.0 -9999.0 -9999.0 -9999.0 -9999.0 -9999.0 -9999.0 -9999.0 -9999.0 401.9 247.2 144.3 125.2 122.6 130.8 148.8 140.8 90.4 170.6 189.3 221.7 297.2 355.0 334.7 269.0 261.8 257.9 238.7 202.0 198.8 189.9 185.6 219.4 256.7
-9999.0 -9999.0 -9999.0 -9999.0 -9999.0 -9999.0 -9999.0 -9999.0 -9999.0 -9999.0 -9999.0 -9999.0 -9999.0 -9999.0 -9999.0 -9999.0 -9999.0 -9999.0 -9999.0 -9999.0 -9999.0 -9999.0 -9999.0 -9999.0 -9999.0 -9999.0 -9999.0 -9999.0 -9999.0 -9999.0 -9999.0 -9999.0 -9999.0 -9999.0 -9999.0 -9999.0 -9999.0 -9999.0 -9999.0 -9999.0 -9999.0 -9999.0 -9999.0 -9999.0 -9999.0 -9999.0 -9999.0 -9999.0 -9999.0 -9999.0 420.8 350.6 260.7 189.3 167.2 150.6 146.2 137.8 135.4 135.8 119.6 166.3 209.6 304.7 384.2 360.3 302.8 265.0 256.0 243.2 259.0 274.6 278.9 290.6 326.4 386.9
-9999.0 -9999.0 -9999.0 -9999.0 -9999.0 -9999.0 -9999.0 -9999.0 -9999.0 -9999.0 -9999.0 -9999.0 -9999.0 -9999.0 -9999.0 -9999.0 -9999.0 -9999.0 -9999.0 -9999.0 -9999.0 -9999.0 -9999.0 -9999.0 -9999.0 -9999.0 -9999.0 -9999.0 -9999.0 -9999.0 -9999.0 -9999.0 -9999.0 -9999.0 -9999.0 -9999.0 -9999.0 -9999.0 -9999.0 -9999.0 -9999.0 -9999.0 -9999.0 -9999.0 -9999.0 -9999.0 -9999.0 -9999.0 -9999.0 -9999.0 346.7 311.2 390.5 254.2 201.2 181.6 163.4 175.8 157.5 121.2 100.2 122.2 170.3 269.0 348.8 319.5 309.4 287.8 276.1 283.7 329.3 378.5 378.8 342.8 356.1 415.6
-9999.0 -9999.0 -9999.0 -9999.0 -9999.0 -9999.0 -9999.0 -9999.0 -9999.0 -9999.0 -9999.0 -9999.0 -9999.0 -9999.0 -9999.0 -9999.0 -9999.0 -9999.0 -9999.0 -9999.0 -9999.0 -9999.0 -9999.0 -9999.0 -9999.0 -9999.0 -9999.0 -9999.0 -9999.0 -9999.0 -9999.0 -9999.0 -9999.0 -9999.0 -9999.0 -9999.0 -9999.0 -9999.0 -9999.0 -9999.0 -9999.0 -9999.0 -9999.0 -9999.0 -9999.0 -9999.0 -9999.0 -9999.0 -9999.0 -9999.0 261.8 314.1 349.6 260.0 230.3 194.1 203.9 189.9 177.6 127.0 116.3 121.6 147.8 201.6 278.4 290.0 303.8 324.8 321.6 341.8 347.1 406.5 361.8 368.1 356.6 427.7
-9999.0 -9999.0 -9999.0 -9999.0 -9999.0 -9999.0 -9999.0 -9999.0 -9999.0 -9999.0 -9999.0 -9999.0 -9999.0 -9999.0 -9999.0 -9999.0 -9999.0 -9999.0 -9999.0 -9999.0 -9999.0 -9999.0 -9999.0 -9999.0 -9999.0 -9999.0 -9999.0 -9999.0 -9999.0 -9999.0 -9999.0 -9999.0 -9999.0 -9999.0 -9999.0 -9999.0 -9999.0 -9999.0 -9999.0 -9999.0 -9999.0 -9999.0 -9999.0 -9999.0 -9999.0 -9999.0 -9999.0 -9999.0 -9999.0 -9999.0 219.0 284.6 309.8 296.5 249.5 224.7 148.3 180.3 182.0 148.8 162.1 136.1 114.9 156.3 210.9 236.9 286.4 356.7 394.0 286.9 303.4 283.5 276.4 290.4 299.5 377.1
-9999.0 -9999.0 -9999.0 -9999.0 -9999.0 -9999.0 -9999.0 -9999.0 -9999.0 -9999.0 -9999.0 -9999.0 -9999.0 -9999.0 -9999.0 -9999.0 -9999.0 -9999.0 -9999.0 -9999.0 -9999.0 -9999.0 -9999.0 -9999.0 -9999.0 -9999.0 -9999.0 -9999.0 -9999.0 -9999.0 -9999.0 -9999.0 -9999.0 -9999.0 -9999.0 -9999.0 -9999.0 -9999.0 -9999.0 -9999.0 -9999.0 -9999.0 -9999.0 -9999.0 -9999.0 -9999.0 -9999.0 -9999.0 -9999.0 -9999.0 -9999.0 -9999.0 -9999.0 324.5 288.8 207.1 160.5 164.1 131.2 184.9 288.8 181.1 195.5 160.5 163.6 181.0 262.4 343.3 395.8 341.3 239.2 174.2 150.1 175.5 246.1 302.6
-9999.0 -9999.0 -9999.0 -9999.0 -9999.0 -9999.0 -9999.0 -9999.0 -9999.0 -9999.0 -9999.0 -9999.0 -9999.0 -9999.0 -9999.0 -9999.0 -9999.0 -9999.0 -9999.0 -9999.0 -9999.0 -9999.0 -9999.0 -9999.0 -9999.0 -9999.0 -9999.0 -9999.0 -9999.0 -9999.0 -9999.0 -9999.0 -9999.0 -9999.0 -9999.0 -9999.0 -9999.0 -9999.0 -9999.0 -9999.0 -9999.0 -9999.0 -9999.0 -9999.0 -9999.0 -9999.0 -9999.0 -9999.0 -9999.0 -9999.0 -9999.0 -9999.0 -9999.0 340.2 296.5 248.2 133.1 99.1 159.6 316.1 318.3 255.1 306.1 192.5 166.1 173.3 217.0 324.2 300.7 257.4 178.7 138.7 130.6 172.9 261.1 345.3
-9999.0 -9999.0 -9999.0 -9999.0 -9999.0 -9999.0 -9999.0 -9999.0 -9999.0 -9999.0 -9999.0 -9999.0 -9999.0 -9999.0 -9999.0 -9999.0 -9999.0 -9999.0 -9999.0 -9999.0 -9999.0 -9999.0 -9999.0 -9999.0 -9999.0 -9999.0 -9999.0 -9999.0 -9999.0 -9999.0 -9999.0 -9999.0 -9999.0 -9999.0 -9999.0 -9999.0 -9999.0 -9999.0 -9999.0 -9999.0 -9999.0 -9999.0 -9999.0 -9999.0 -9999.0 -9999.0 -9999.0 -9999.0 -9999.0 -9999.0 -9999.0 -9999.0 -9999.0 313.8 240.7 195.2 112.9 87.1 151.0 252.2 395.6 393.8 409.9 334.1 193.3 -9999.0 -9999.0 -9999.0 291.5 229.0 209.0 216.0 242.1 296.9 360.9 423.2
-9999.0 -9999.0 -9999.0 -9999.0 -9999.0 -9999.0 -9999.0 -9999.0 -9999.0 -9999.0 -9999.0 -9999.0 -9999.0 -9999.0 -9999.0 -9999.0 -9999.0 -9999.0 -9999.0 -9999.0 -9999.0 -9999.0 -9999.0 -9999.0 -9999.0 -9999.0 -9999.0 -9999.0 -9999.0 -9999.0 -9999.0 -9999.0 -9999.0 -9999.0 -9999.0 -9999.0 -9999.0 -9999.0 -9999.0 -9999.0 -9999.0 -9999.0 -9999.0 -9999.0 -9999.0 -9999.0 -9999.0 -9999.0 -9999.0 -9999.0 -9999.0 -9999.0 -9999.0 -9999.0 210.8 138.6 66.9 60.3 140.7 285.1 275.7 -9999.0 -9999.0 -9999.0 -9999.0 -9999.0 -9999.0 -9999.0 260.5 282.4 327.1 329.5 382.1 424.7 426.9 439.0
-9999.0 -9999.0 -9999.0 -9999.0 -9999.0 -9999.0 -9999.0 -9999.0 -9999.0 -9999.0 -9999.0 -9999.0 -9999.0 -9999.0 -9999.0 -9999.0 -9999.0 -9999.0 -9999.0 -9999.0 -9999.0 -9999.0 -9999.0 -9999.0 -9999.0 -9999.0 -9999.0 -9999.0 -9999.0 -9999.0 -9999.0 -9999.0 -9999.0 -9999.0 -9999.0 -9999.0 -9999.0 -9999.0 -9999.0 -9999.0 -9999.0 -9999.0 -9999.0 -9999.0 -9999.0 -9999.0 -9999.0 -9999.0 -9999.0 -9999.0 -9999.0 -9999.0 -9999.0 -9999.0 -9999.0 93.9 99.2 70.3 106.0 213.7 285.6 -9999.0 -9999.0 -9999.0 -9999.0 -9999.0 -9999.0 -9999.0 -9999.0 -9999.0 369.3 -9999.0 -9999.0 -9999.0 -9999.0 -9999.0
-9999.0 -9999.0 -9999.0 -9999.0 -9999.0 -9999.0 -9999.0 -9999.0 -9999.0 -9999.0 -9999.0 -9999.0 -9999.0 -9999.0 -9999.0 -9999.0 -9999.0 -9999.0 -9999.0 -9999.0 -9999.0 -9999.0 -9999.0 -9999.0 -9999.0 -9999.0 -9999.0 -9999.0 -9999.0 -9999.0 -9999.0 -9999.0 -9999.0 -9999.0 -9999.0 -9999.0 -9999.0 -9999.0 -9999.0 -9999.0 -9999.0 -9999.0 -9999.0 -9999.0 -9999.0 -9999.0 -9999.0 -9999.0 -9999.0 -9999.0 -9999.0 -9999.0 -9999.0 -9999.0 -9999.0 -9999.0 -9999.0 -9999.0 114.9 165.2 -9999.0 -9999.0 -9999.0 -9999.0 -9999.0 -9999.0 -9999.0 -9999.0 -9999.0 -9999.0 -9999.0 -9999.0 -9999.0 -9999.0 -9999.0 340.1
-9999.0 -9999.0 -9999.0 -9999.0 -9999.0 -9999.0 -9999.0 -9999.0 -9999.0 -9999.0 -9999.0 -9999.0 -9999.0 -9999.0 -9999.0 -9999.0 -9999.0 -9999.0 -9999.0 -9999.0 -9999.0 -9999.0 -9999.0 -9999.0 -9999.0 -9999.0 -9999.0 -9999.0 -9999.0 -9999.0 -9999.0 -9999.0 -9999.0 -9999.0 -9999.0 -9999.0 -9999.0 -9999.0 -9999.0 -9999.0 -9999.0 -9999.0 -9999.0 -9999.0 -9999.0 -9999.0 -9999.0 -9999.0 -9999.0 -9999.0 -9999.0 -9999.0 -9999.0 -9999.0 -9999.0 -9999.0 -9999.0 -9999.0 -9999.0 -9999.0 -9999.0 -9999.0 -9999.0 -9999.0 -9999.0 -9999.0 -9999.0 -9999.0 -9999.0 -9999.0 -9999.0 -9999.0 -9999.0 -9999.0 -9999.0 -9999.0
