program/excelProcessViaJava/data/SURF_CLI_CHN_PRE_MON_GRID_0.5-199002.txt
NCOLS      128
NROWS       72
XLLCORNER    72.000000000000    
YLLCORNER    18.000000000000    
CELLSIZE    0.50000000000000    
NODATA_VALUE   -9999.000    
[rows 35 to 69 of 72, columns 0 to 77 of 128]
-9999.0 -9999.0 -9999.0 -9999.0 -9999.0 -9999.0 -9999.0 5.1 8.2 4.8 12.9 11.4 3.9 4.4 3.7 0.7 0.8 0.7 0.6 0.2 0.1 0.2 0.2 0.1 0.1 0.1 0.2 0.3 0.6 1.4 1.7 2.1 2.3 3.0 4.3 2.9 5.2 3.8 6.8 7.4 1.3 9.3 7.0 2.6 0.7 0.2 0.2 0.2 0.4 0.7 2.2 4.1 4.6 9.8 6.8 1.2 1.0 1.6 9.8 4.3 12.3 4.0 4.2 5.3 7.2 4.6 7.2 10.6 12.4 17.8 18.8 16.5 15.2 16.2 18.6 21.5 18.9 22.6
-9999.0 -9999.0 -9999.0 -9999.0 -9999.0 -9999.0 -9999.0 17.5 4.1 8.8 10.6 6.2 7.2 10.3 5.0 10.0 2.7 1.7 2.8 0.6 0.3 0.4 0.2 0.1 0.1 0.1 0.1 0.5 0.4 0.6 1.7 2.3 2.8 4.8 3.6 4.0 3.4 5.0 4.8 4.1 4.8 5.0 6.1 12.2 3.1 0.9 1.3 1.4 4.3 3.4 9.7 8.9 5.7 6.6 11.2 2.6 2.5 5.5 11.2 14.4 10.7 9.4 7.9 10.6 9.3 8.1 8.2 9.4 15.7 15.3 17.1 16.0 15.4 17.2 19.4 23.9 23.9 19.7
-9999.0 -9999.0 -9999.0 -9999.0 -9999.0 -9999.0 -9999.0 -9999.0 -9999.0 8.7 7.4 5.6 9.3 7.4 4.7 3.1 3.5 7.1 2.1 2.9 0.8 0.2 0.1 0.1 0.1 0.1 0.1 0.2 0.3 1.2 0.9 1.8 2.6 4.0 3.0 3.2 3.1 3.9 3.1 3.9 3.3 4.7 4.5 3.9 5.5 5.1 4.8 4.4 5.0 5.7 8.5 8.2 8.2 7.9 13.4 5.2 4.0 6.7 12.9 13.7 13.5 15.4 16.2 11.5 12.4 10.2 8.4 9.4 16.3 15.5 17.1 16.6 15.6 17.4 21.4 19.9 17.8 18.4
-9999.0 -9999.0 -9999.0 -9999.0 -9999.0 -9999.0 -9999.0 -9999.0 -9999.0 -9999.0 -9999.0 11.2 4.1 9.2 5.5 5.2 3.5 2.1 1.3 0.9 0.8 0.2 0.2 0.1 0.2 0.1 0.2 0.3 0.5 0.8 1.3 3.1 2.8 3.7 3.6 6.5 3.8 3.7 8.9 3.5 5.0 3.7 3.4 3.6 8.5 5.3 10.2 6.8 8.1 7.7 6.6 8.3 10.1 13.6 17.9 11.3 6.7 9.5 11.2 12.6 15.1 13.4 12.0 11.4 14.4 8.3 5.8 8.7 12.9 15.3 16.5 16.6 16.1 17.2 20.7 20.0 18.5 20.6
-9999.0 -9999.0 -9999.0 -9999.0 -9999.0 -9999.0 -9999.0 -9999.0 -9999.0 -9999.0 -9999.0 -9999.0 5.3 4.5 6.8 4.0 6.1 2.6 1.6 2.1 0.3 0.2 0.1 0.1 0.6 0.1 0.1 0.3 0.5 1.6 1.7 2.4 3.4 5.6 6.4 5.6 9.5 4.7 2.9 1.9 1.7 2.2 2.9 5.4 6.4 8.4 10.7 7.1 7.8 8.2 12.4 13.7 13.2 13.0 14.5 13.5 11.2 13.5 8.5 14.1 14.2 18.1 19.0 15.2 10.8 18.9 8.7 11.0 12.9 14.8 14.7 19.7 17.9 17.0 19.7 32.2 24.8 25.2
-9999.0 -9999.0 -9999.0 -9999.0 -9999.0 -9999.0 -9999.0 -9999.0 -9999.0 -9999.0 -9999.0 -9999.0 12.0 4.7 3.7 4.7 2.4 1.9 1.9 0.9 0.4 0.3 0.1 0.1 0.1 0.1 0.1 0.1 0.3 0.6 1.6 3.6 4.2 5.2 6.7 6.0 8.7 7.8 4.9 3.1 1.8 2.0 5.4 4.4 8.5 12.9 10.1 9.0 6.3 9.1 9.8 13.8 13.3 16.8 11.1 12.7 8.6 10.0 9.1 11.6 13.6 15.7 20.2 24.7 10.8 15.8 6.3 8.2 9.0 11.7 16.6 25.0 28.2 20.2 24.0 26.1 27.1 33.7
-9999.0 -9999.0 -9999.0 -9999.0 -9999.0 -9999.0 -9999.0 -9999.0 -9999.0 -9999.0 -9999.0 -9999.0 -9999.0 6.8 7.9 3.7 3.3 1.9 1.2 0.6 0.3 0.2 0.1 0.1 0.1 0.1 0.1 0.3 0.4 0.8 1.3 2.2 5.1 7.0 5.8 6.5 6.5 6.9 15.1 6.8 4.6 5.6 5.8 10.6 9.7 10.2 13.8 15.6 15.0 13.4 13.7 12.7 13.8 27.9 21.7 16.1 11.0 12.1 17.3 15.4 17.5 18.6 21.9 15.8 7.2 12.0 17.7 18.0 19.4 16.8 18.0 15.8 15.8 19.4 27.7 27.9 31.6 37.9
-9999.0 -9999.0 -9999.0 -9999.0 -9999.0 -9999.0 -9999.0 -9999.0 -9999.0 -9999.0 -9999.0 -9999.0 9.1 10.8 7.7 4.6 4.8 2.5 1.5 0.8 0.4 0.2 0.1 0.1 0.1 0.1 0.1 0.1 0.2 0.5 1.1 1.9 5.0 5.6 7.7 7.2 10.0 5.7 4.8 4.9 10.7 15.6 19.5 8.7 13.0 15.8 15.2 12.8 13.8 14.1 19.4 25.4 18.1 23.0 18.4 16.9 18.8 10.9 14.5 15.6 18.2 21.7 23.3 27.4 21.2 17.1 9.8 18.8 30.2 29.8 23.7 16.0 14.3 14.1 16.3 23.0 36.2 56.8
-9999.0 -9999.0 -9999.0 -9999.0 -9999.0 -9999.0 -9999.0 -9999.0 -9999.0 -9999.0 -9999.0 -9999.0 12.6 7.7 6.6 8.9 5.5 2.7 1.7 1.0 0.7 0.3 0.2 0.1 0.1 0.1 0.1 0.1 0.1 0.3 0.7 1.5 4.0 4.4 5.8 7.4 6.2 6.4 5.4 3.6 4.6 5.0 6.8 10.2 14.0 18.3 24.8 22.6 19.9 10.9 12.3 20.5 15.0 13.7 15.9 15.4 17.9 17.5 14.9 17.9 20.6 24.6 24.1 21.7 18.2 11.7 20.0 22.7 28.1 28.0 22.4 17.2 16.8 22.5 29.4 27.6 41.1 47.9
-9999.0 -9999.0 -9999.0 -9999.0 -9999.0 -9999.0 -9999.0 -9999.0 -9999.0 -9999.0 -9999.0 -9999.0 11.1 10.8 8.0 6.3 4.7 4.0 2.2 1.4 1.0 0.6 0.3 0.2 0.2 0.1 0.1 0.1 0.1 0.2 0.4 1.4 2.1 3.3 4.8 6.6 6.7 6.3 4.9 6.6 5.8 5.3 14.8 7.7 15.1 25.4 29.2 21.1 12.5 12.1 13.4 9.8 31.9 33.3 21.6 13.2 16.7 16.4 15.8 13.9 16.6 20.3 27.6 21.5 11.1 16.3 21.4 30.8 36.5 34.5 30.0 26.3 26.1 33.5 73.3 44.8 71.2 44.8
-9999.0 -9999.0 -9999.0 -9999.0 -9999.0 -9999.0 -9999.0 -9999.0 -9999.0 -9999.0 -9999.0 -9999.0 -9999.0 17.6 12.3 7.8 5.9 4.5 3.2 2.3 2.5 1.1 0.7 0.4 0.4 0.2 0.1 0.1 0.1 0.1 0.2 0.5 1.6 2.5 4.5 9.4 9.7 5.9 6.2 5.7 7.3 19.2 26.2 22.8 15.1 17.1 23.4 10.5 19.6 15.6 7.6 18.1 13.3 6.1 17.7 17.1 9.5 9.1 10.9 16.5 15.5 30.4 21.5 15.6 15.9 16.9 24.0 34.2 40.5 40.3 37.2 31.9 31.9 29.1 40.2 43.0 45.9 48.4
-9999.0 -9999.0 -9999.0 -9999.0 -9999.0 -9999.0 -9999.0 -9999.0 -9999.0 -9999.0 -9999.0 -9999.0 -9999.0 18.4 14.5 10.4 9.3 6.6 5.1 3.9 3.7 2.6 1.8 1.1 1.4 0.5 0.2 0.2 0.1 0.1 0.1 0.2 0.6 1.8 5.0 7.2 5.7 5.5 8.2 20.1 12.3 17.5 21.9 23.9 38.7 21.7 19.6 8.6 9.6 8.5 13.1 2.6 9.3 15.0 17.5 10.4 4.6 4.7 7.6 5.3 11.8 12.6 16.6 18.6 14.4 14.6 21.8 33.1 39.1 40.0 37.5 32.3 29.1 34.5 45.9 60.0 77.7 59.0
-9999.0 -9999.0 -9999.0 -9999.0 -9999.0 -9999.0 -9999.0 -9999.0 -9999.0 -9999.0 -9999.0 -9999.0 -9999.0 -9999.0 -9999.0 14.6 12.5 9.9 8.6 8.2 5.9 5.3 4.6 3.3 2.0 1.1 0.3 0.1 0.1 0.0 0.0 0.1 0.7 2.0 2.9 9.1 13.4 3.0 5.8 9.4 19.5 25.2 25.5 23.1 14.5 10.8 14.4 4.6 8.8 1.0 4.0 18.8 4.8 4.9 0.2 3.4 2.9 0.5 6.0 9.1 5.3 7.4 16.7 14.7 12.3 12.5 19.2 30.9 34.7 32.5 30.6 27.1 31.4 38.3 47.6 72.2 79.7 97.6
-9999.0 -9999.0 -9999.0 -9999.0 -9999.0 -9999.0 -9999.0 -9999.0 -9999.0 -9999.0 -9999.0 -9999.0 -9999.0 -9999.0 -9999.0 -9999.0 -9999.0 92.9 34.4 -9999.0 22.1 10.4 12.9 10.8 5.0 3.3 1.0 0.2 0.1 0.0 0.0 0.0 0.6 0.3 0.6 3.0 12.5 0.9 4.8 8.3 13.9 24.8 21.1 17.5 17.4 10.6 32.5 18.4 3.6 6.2 1.0 2.5 0.5 4.7 5.1 4.2 0.6 4.1 4.0 6.2 1.0 5.2 11.7 13.9 11.8 10.7 15.8 22.6 25.3 23.9 23.2 24.8 31.4 34.7 51.0 71.7 80.1 92.4
-9999.0 -9999.0 -9999.0 -9999.0 -9999.0 -9999.0 -9999.0 -9999.0 -9999.0 -9999.0 -9999.0 -9999.0 -9999.0 -9999.0 -9999.0 -9999.0 -9999.0 -9999.0 -9999.0 -9999.0 -9999.0 26.8 19.3 12.2 11.6 15.5 8.6 3.2 0.4 0.1 0.0 0.2 0.1 0.3 1.0 3.1 2.8 1.9 1.2 1.9 3.9 18.9 20.9 16.1 16.7 10.5 72.1 7.7 21.2 94.8 7.2 25.9 20.0 2.5 4.0 7.3 5.6 1.6 11.3 4.5 1.3 4.1 8.0 12.2 14.6 13.9 17.0 18.6 20.1 19.0 18.1 21.2 27.0 37.3 53.8 68.5 82.0 104.3
-9999.0 -9999.0 -9999.0 -9999.0 -9999.0 -9999.0 -9999.0 -9999.0 -9999.0 -9999.0 -9999.0 -9999.0 -9999.0 -9999.0 -9999.0 -9999.0 -9999.0 -9999.0 -9999.0 -9999.0 -9999.0 -9999.0 -9999.0 86.4 33.5 29.1 20.1 8.6 1.1 0.4 0.1 0.1 1.3 1.8 5.6 7.3 10.8 4.2 9.6 13.0 11.0 17.8 7.6 5.7 16.1 107.7 23.2 16.6 26.1 32.2 13.4 23.1 13.0 13.2 7.6 1.7 5.7 8.8 1.0 5.4 3.9 9.5 13.1 7.7 10.3 16.9 21.7 19.1 15.5 16.2 17.3 21.3 29.2 41.3 58.9 71.2 78.1 92.6
-9999.0 -9999.0 -9999.0 -9999.0 -9999.0 -9999.0 -9999.0 -9999.0 -9999.0 -9999.0 -9999.0 -9999.0 -9999.0 -9999.0 -9999.0 -9999.0 -9999.0 -9999.0 -9999.0 -9999.0 -9999.0 -9999.0 -9999.0 -9999.0 -9999.0 176.9 68.7 9.7 4.7 3.8 0.8 1.3 2.4 4.5 6.9 13.8 28.0 9.9 18.0 8.6 18.4 5.3 12.9 11.9 67.0 122.1 75.3 168.1 18.6 37.8 31.9 30.9 36.2 32.7 18.8 11.1 9.9 4.5 7.8 6.1 7.1 11.7 17.1 4.7 7.6 16.7 21.3 14.9 14.1 15.0 17.3 22.2 31.1 41.5 52.7 64.5 69.3 77.4
-9999.0 -9999.0 -9999.0 -9999.0 -9999.0 -9999.0 -9999.0 -9999.0 -9999.0 -9999.0 -9999.0 -9999.0 -9999.0 -9999.0 -9999.0 -9999.0 -9999.0 -9999.0 -9999.0 -9999.0 -9999.0 -9999.0 -9999.0 -9999.0 -9999.0 -9999.0 -9999.0 216.6 179.6 41.4 23.0 16.4 8.9 16.2 14.7 23.8 13.1 10.3 5.6 6.4 9.9 2.2 19.2 68.1 88.4 125.4 164.9 183.8 196.1 99.3 175.7 175.5 54.7 53.0 35.9 24.0 9.3 4.0 7.0 3.8 3.1 10.6 3.5 3.6 7.9 8.3 16.2 17.6 15.9 15.0 16.3 23.1 26.3 39.4 48.8 56.0 66.0 76.5
-9999.0 -9999.0 -9999.0 -9999.0 -9999.0 -9999.0 -9999.0 -9999.0 -9999.0 -9999.0 -9999.0 -9999.0 -9999.0 -9999.0 -9999.0 -9999.0 -9999.0 -9999.0 -9999.0 -9999.0 -9999.0 -9999.0 -9999.0 -9999.0 -9999.0 -9999.0 -9999.0 -9999.0 -9999.0 -9999.0 -9999.0 -9999.0 -9999.0 58.5 24.8 -9999.0 -9999.0 -9999.0 21.8 7.6 10.1 20.0 14.7 81.3 118.2 130.8 -9999.0 -9999.0 -9999.0 -9999.0 -9999.0 -9999.0 103.7 50.4 45.0 19.0 6.9 3.0 2.2 2.2 4.3 9.3 5.8 5.1 5.4 8.7 12.5 13.7 14.5 14.5 14.9 24.6 37.6 42.4 58.5 61.0 80.8 83.8
-9999.0 -9999.0 -9999.0 -9999.0 -9999.0 -9999.0 -9999.0 -9999.0 -9999.0 -9999.0 -9999.0 -9999.0 -9999.0 -9999.0 -9999.0 -9999.0 -9999.0 -9999.0 -9999.0 -9999.0 -9999.0 -9999.0 -9999.0 -9999.0 -9999.0 -9999.0 -9999.0 -9999.0 -9999.0 -9999.0 -9999.0 -9999.0 -9999.0 -9999.0 -9999.0 -9999.0 -9999.0 -9999.0 -9999.0 94.8 86.0 86.8 90.9 95.6 -9999.0 -9999.0 -9999.0 -9999.0 -9999.0 -9999.0 -9999.0 -9999.0 82.3 44.6 24.4 9.5 3.1 1.4 1.0 1.5 3.3 7.8 10.6 6.6 11.5 15.7 18.2 16.7 15.9 17.8 25.9 37.4 42.9 69.2 70.9 82.8 95.5 104.2
-9999.0 -9999.0 -9999.0 -9999.0 -9999.0 -9999.0 -9999.0 -9999.0 -9999.0 -9999.0 -9999.0 -9999.0 -9999.0 -9999.0 -9999.0 -9999.0 -9999.0 -9999.0 -9999.0 -9999.0 -9999.0 -9999.0 -9999.0 -9999.0 -9999.0 -9999.0 -9999.0 -9999.0 -9999.0 -9999.0 -9999.0 -9999.0 -9999.0 -9999.0 -9999.0 -9999.0 -9999.0 -9999.0 -9999.0 -9999.0 -9999.0 -9999.0 -9999.0 -9999.0 -9999.0 -9999.0 -9999.0 -9999.0 -9999.0 -9999.0 -9999.0 -9999.0 85.8 36.5 15.2 8.3 2.2 1.3 1.0 2.1 3.3 6.8 24.6 11.3 16.1 20.8 21.7 21.0 21.7 25.6 35.3 53.1 90.1 86.6 94.4 96.4 116.6 124.9
-9999.0 -9999.0 -9999.0 -9999.0 -9999.0 -9999.0 -9999.0 -9999.0 -9999.0 -9999.0 -9999.0 -9999.0 -9999.0 -9999.0 -9999.0 -9999.0 -9999.0 -9999.0 -9999.0 -9999.0 -9999.0 -9999.0 -9999.0 -9999.0 -9999.0 -9999.0 -9999.0 -9999.0 -9999.0 -9999.0 -9999.0 -9999.0 -9999.0 -9999.0 -9999.0 -9999.0 -9999.0 -9999.0 -9999.0 -9999.0 -9999.0 -9999.0 -9999.0 -9999.0 -9999.0 -9999.0 -9999.0 -9999.0 -9999.0 -9999.0 -9999.0 59.5 50.7 29.9 20.7 8.8 5.9 4.1 3.0 0.6 9.0 12.9 10.8 16.1 20.0 23.7 22.8 23.0 26.3 28.7 36.2 52.1 57.2 64.7 86.9 102.8 134.4 142.1
-9999.0 -9999.0 -9999.0 -9999.0 -9999.0 -9999.0 -9999.0 -9999.0 -9999.0 -9999.0 -9999.0 -9999.0 -9999.0 -9999.0 -9999.0 -9999.0 -9999.0 -9999.0 -9999.0 -9999.0 -9999.0 -9999.0 -9999.0 -9999.0 -9999.0 -9999.0 -9999.0 -9999.0 -9999.0 -9999.0 -9999.0 -9999.0 -9999.0 -9999.0 -9999.0 -9999.0 -9999.0 -9999.0 -9999.0 -9999.0 -9999.0 -9999.0 -9999.0 -9999.0 -9999.0 -9999.0 -9999.0 -9999.0 -9999.0 -9999.0 45.1 42.9 42.4 34.3 27.8 19.9 17.9 12.9 7.9 8.4 8.4 15.8 14.8 21.4 21.6 22.9 25.4 27.0 30.5 29.0 38.2 40.4 52.2 75.6 99.6 129.4 133.3 170.8
-9999.0 -9999.0 -9999.0 -9999.0 -9999.0 -9999.0 -9999.0 -9999.0 -9999.0 -9999.0 -9999.0 -9999.0 -9999.0 -9999.0 -9999.0 -9999.0 -9999.0 -9999.0 -9999.0 -9999.0 -9999.0 -9999.0 -9999.0 -9999.0 -9999.0 -9999.0 -9999.0 -9999.0 -9999.0 -9999.0 -9999.0 -9999.0 -9999.0 -9999.0 -9999.0 -9999.0 -9999.0 -9999.0 -9999.0 -9999.0 -9999.0 -9999.0 -9999.0 -9999.0 -9999.0 -9999.0 -9999.0 -9999.0 -9999.0 -9999.0 29.0 39.0 33.5 43.8 40.3 35.6 22.5 23.1 16.9 12.4 10.2 12.4 12.3 19.7 24.3 25.2 30.5 32.0 34.4 36.3 48.5 63.1 76.2 85.2 101.4 125.4 169.3 188.3
-9999.0 -9999.0 -9999.0 -9999.0 -9999.0 -9999.0 -9999.0 -9999.0 -9999.0 -9999.0 -9999.0 -9999.0 -9999.0 -9999.0 -9999.0 -9999.0 -9999.0 -9999.0 -9999.0 -9999.0 -9999.0 -9999.0 -9999.0 -9999.0 -9999.0 -9999.0 -9999.0 -9999.0 -9999.0 -9999.0 -9999.0 -9999.0 -9999.0 -9999.0 -9999.0 -9999.0 -9999.0 -9999.0 -9999.0 -9999.0 -9999.0 -9999.0 -9999.0 -9999.0 -9999.0 -9999.0 -9999.0 -9999.0 -9999.0 -9999.0 22.2 23.7 30.4 51.4 48.9 41.5 38.6 30.4 25.8 18.3 18.5 18.8 19.6 21.4 32.6 36.4 37.3 37.5 41.5 61.5 72.9 109.9 118.6 141.1 152.6 170.7 211.3 216.1
-9999.0 -9999.0 -9999.0 -9999.0 -9999.0 -9999.0 -9999.0 -9999.0 -9999.0 -9999.0 -9999.0 -9999.0 -9999.0 -9999.0 -9999.0 -9999.0 -9999.0 -9999.0 -9999.0 -9999.0 -9999.0 -9999.0 -9999.0 -9999.0 -9999.0 -9999.0 -9999.0 -9999.0 -9999.0 -9999.0 -9999.0 -9999.0 -9999.0 -9999.0 -9999.0 -9999.0 -9999.0 -9999.0 -9999.0 -9999.0 -9999.0 -9999.0 -9999.0 -9999.0 -9999.0 -9999.0 -9999.0 -9999.0 -9999.0 -9999.0 15.6 27.8 36.6 50.5 53.0 49.1 34.6 33.8 30.3 24.3 28.4 25.9 18.7 31.0 45.0 51.4 59.1 58.4 76.0 57.2 91.3 120.7 154.0 180.5 201.1 211.3 225.5 223.6
-9999.0 -9999.0 -9999.0 -9999.0 -9999.0 -9999.0 -9999.0 -9999.0 -9999.0 -9999.0 -9999.0 -9999.0 -9999.0 -9999.0 -9999.0 -9999.0 -9999.0 -9999.0 -9999.0 -9999.0 -9999.0 -9999.0 -9999.0 -9999.0 -9999.0 -9999.0 -9999.0 -9999.0 -9999.0 -9999.0 -9999.0 -9999.0 -9999.0 -9999.0 -9999.0 -9999.0 -9999.0 -9999.0 -9999.0 -9999.0 -9999.0 -9999.0 -9999.0 -9999.0 -9999.0 -9999.0 -9999.0 -9999.0 -9999.0 -9999.0 -9999.0 -9999.0 -9999.0 42.0 43.7 39.3 36.1 34.4 31.4 31.1 52.2 36.0 54.4 48.8 55.1 59.7 77.2 64.8 89.2 93.7 92.8 107.8 129.8 158.5 192.2 208.5 219.9 226.6
-9999.0 -9999.0 -9999.0 -9999.0 -9999.0 -9999.0 -9999.0 -9999.0 -9999.0 -9999.0 -9999.0 -9999.0 -9999.0 -9999.0 -9999.0 -9999.0 -9999.0 -9999.0 -9999.0 -9999.0 -9999.0 -9999.0 -9999.0 -9999.0 -9999.0 -9999.0 -9999.0 -9999.0 -9999.0 -9999.0 -9999.0 -9999.0 -9999.0 -9999.0 -9999.0 -9999.0 -9999.0 -9999.0 -9999.0 -9999.0 -9999.0 -9999.0 -9999.0 -9999.0 -9999.0 -9999.0 -9999.0 -9999.0 -9999.0 -9999.0 -9999.0 -9999.0 -9999.0 33.9 35.5 38.3 31.9 31.9 34.4 49.0 54.6 59.8 84.2 68.2 67.6 67.5 55.9 94.1 75.6 81.3 84.0 102.0 119.6 145.9 181.0 209.1 233.8 247.4
-9999.0 -9999.0 -9999.0 -9999.0 -9999.0 -9999.0 -9999.0 -9999.0 -9999.0 -9999.0 -9999.0 -9999.0 -9999.0 -9999.0 -9999.0 -9999.0 -9999.0 -9999.0 -9999.0 -9999.0 -9999.0 -9999.0 -9999.0 -9999.0 -9999.0 -9999.0 -9999.0 -9999.0 -9999.0 -9999.0 -9999.0 -9999.0 -9999.0 -9999.0 -9999.0 -9999.0 -9999.0 -9999.0 -9999.0 -9999.0 -9999.0 -9999.0 -9999.0 -9999.0 -9999.0 -9999.0 -9999.0 -9999.0 -9999.0 -9999.0 -9999.0 -9999.0 -9999.0 26.0 28.2 28.6 29.0 31.5 39.1 52.4 75.2 91.7 113.7 116.2 82.7 -9999.0 -9999.0 -9999.0 91.1 84.4 107.4 143.3 174.1 196.8 209.4 228.1 271.1 293.3
-9999.0 -9999.0 -9999.0 -9999.0 -9999.0 -9999.0 -9999.0 -9999.0 -9999.0 -9999.0 -9999.0 -9999.0 -9999.0 -9999.0 -9999.0 -9999.0 -9999.0 -9999.0 -9999.0 -9999.0 -9999.0 -9999.0 -9999.0 -9999.0 -9999.0 -9999.0 -9999.0 -9999.0 -9999.0 -9999.0 -9999.0 -9999.0 -9999.0 -9999.0 -9999.0 -9999.0 -9999.0 -9999.0 -9999.0 -9999.0 -9999.0 -9999.0 -9999.0 -9999.0 -9999.0 -9999.0 -9999.0 -9999.0 -9999.0 -9999.0 -9999.0 -9999.0 -9999.0 -9999.0 22.4 24.5 27.1 33.1 45.1 66.0 79.7 -9999.0 -9999.0 -9999.0 -9999.0 -9999.0 -9999.0 -9999.0 92.2 114.0 156.3 202.5 243.8 246.5 228.3 241.4 293.1 320.6
-9999.0 -9999.0 -9999.0 -9999.0 -9999.0 -9999.0 -9999.0 -9999.0 -9999.0 -9999.0 -9999.0 -9999.0 -9999.0 -9999.0 -9999.0 -9999.0 -9999.0 -9999.0 -9999.0 -9999.0 -9999.0 -9999.0 -9999.0 -9999.0 -9999.0 -9999.0 -9999.0 -9999.0 -9999.0 -9999.0 -9999.0 -9999.0 -9999.0 -9999.0 -9999.0 -9999.0 -9999.0 -9999.0 -9999.0 -9999.0 -9999.0 -9999.0 -9999.0 -9999.0 -9999.0 -9999.0 -9999.0 -9999.0 -9999.0 -9999.0 -9999.0 -9999.0 -9999.0 -9999.0 -9999.0 22.3 31.0 35.9 48.3 68.5 89.2 -9999.0 -9999.0 -9999.0 -9999.0 -9999.0 -9999.0 -9999.0 -9999.0 -9999.0 178.4 -9999.0 -9999.0 -9999.0 -9999.0 -9999.0 205.1 -9999.0
-9999.0 -9999.0 -9999.0 -9999.0 -9999.0 -9999.0 -9999.0 -9999.0 -9999.0 -9999.0 -9999.0 -9999.0 -9999.0 -9999.0 -9999.0 -9999.0 -9999.0 -9999.0 -9999.0 -9999.0 -9999.0 -9999.0 -9999.0 -9999.0 -9999.0 -9999.0 -9999.0 -9999.0 -9999.0 -9999.0 -9999.0 -9999.0 -9999.0 -9999.0 -9999.0 -9999.0 -9999.0 -9999.0 -9999.0 -9999.0 -9999.0 -9999.0 -9999.0 -9999.0 -9999.0 -9999.0 -9999.0 -9999.0 -9999.0 -9999.0 -9999.0 -9999.0 -9999.0 -9999.0 -9999.0 -9999.0 -9999.0 -9999.0 52.5 69.5 -9999.0 -9999.0 -9999.0 -9999.0 -9999.0 -9999.0 -9999.0 -9999.0 -9999.0 -9999.0 -9999.0 -9999.0 -9999.0 -9999.0 -9999.0 105.1 122.6 -9999.0
-9999.0 -9999.0 -9999.0 -9999.0 -9999.0 -9999.0 -9999.0 -9999.0 -9999.0 -9999.0 -9999.0 -9999.0 -9999.0 -9999.0 -9999.0 -9999.0 -9999.0 -9999.0 -9999.0 -9999.0 -9999.0 -9999.0 -9999.0 -9999.0 -9999.0 -9999.0 -9999.0 -9999.0 -9999.0 -9999.0 -9999.0 -9999.0 -9999.0 -9999.0 -9999.0 -9999.0 -9999.0 -9999.0 -9999.0 -9999.0 -9999.0 -9999.0 -9999.0 -9999.0 -9999.0 -9999.0 -9999.0 -9999.0 -9999.0 -9999.0 -9999.0 -9999.0 -9999.0 -9999.0 -9999.0 -9999.0 -9999.0 -9999.0 -9999.0 -9999.0 -9999.0 -9999.0 -9999.0 -9999.0 -9999.0 -9999.0 -9999.0 -9999.0 -9999.0 -9999.0 -9999.0 -9999.0 -9999.0 -9999.0 -9999.0 -9999.0 -9999.0 -9999.0
-9999.0 -9999.0 -9999.0 -9999.0 -9999.0 -9999.0 -9999.0 -9999.0 -9999.0 -9999.0 -9999.0 -9999.0 -9999.0 -9999.0 -9999.0 -9999.0 -9999.0 -9999.0 -9999.0 -9999.0 -9999.0 -9999.0 -9999.0 -9999.0 -9999.0 -9999.0 -9999.0 -9999.0 -9999.0 -9999.0 -9999.0 -9999.0 -9999.0 -9999.0 -9999.0 -9999.0 -9999.0 -9999.0 -9999.0 -9999.0 -9999.0 -9999.0 -9999.0 -9999.0 -9999.0 -9999.0 -9999.0 -9999.0 -9999.0 -9999.0 -9999.0 -9999.0 -9999.0 -9999.0 -9999.0 -9999.0 -9999.0 -9999.0 -9999.0 -9999.0 -9999.0 -9999.0 -9999.0 -9999.0 -9999.0 -9999.0 -9999.0 -9999.0 -9999.0 -9999.0 -9999.0 -9999.0 -9999.0 -9999.0 -9999.0 68.4 82.9 100.7
-9999.0 -9999.0 -9999.0 -9999.0 -9999.0 -9999.0 -9999.0 -9999.0 -9999.0 -9999.0 -9999.0 -9999.0 -9999.0 -9999.0 -9999.0 -9999.0 -9999.0 -9999.0 -9999.0 -9999.0 -9999.0 -9999.0 -9999.0 -9999.0 -9999.0 -9999.0 -9999.0 -9999.0 -9999.0 -9999.0 -9999.0 -9999.0 -9999.0 -9999.0 -9999.0 -9999.0 -9999.0 -9999.0 -9999.0 -9999.0 -9999.0 -9999.0 -9999.0 -9999.0 -9999.0 -9999.0 -9999.0 -9999.0 -9999.0 -9999.0 -9999.0 -9999.0 -9999.0 -9999.0 -9999.0 -9999.0 -9999.0 -9999.0 -9999.0 -9999.0 -9999.0 -9999.0 -9999.0 -9999.0 -9999.0 -9999.0 -9999.0 -9999.0 -9999.0 -9999.0 -9999.0 -9999.0 -9999.0 49.4 46.7 46.6 49.1 -9999.0
