program/excelProcessViaJava/data/SURF_CLI_CHN_PRE_MON_GRID_0.5-198808.txt
NCOLS      128
NROWS       72
XLLCORNER    72.000000000000    
YLLCORNER    18.000000000000    
CELLSIZE    0.50000000000000    
NODATA_VALUE   -9999.000    
[rows 33 to 65 of 72, columns 0 to 74 of 128]
-9999.0 -9999.0 -9999.0 -9999.0 11.4 18.9 25.7 36.1 45.2 25.8 42.5 37.9 27.2 9.5 4.3 3.0 2.6 3.1 3.8 4.6 4.0 3.4 3.8 6.5 10.4 17.6 24.3 61.5 48.5 51.8 53.9 50.1 47.3 50.1 38.3 35.6 30.1 46.0 37.5 21.1 8.5 4.9 4.6 4.5 5.5 7.4 11.3 19.9 30.1 30.7 35.6 57.9 81.3 113.6 93.8 122.2 142.4 179.2 170.8 176.3 151.6 117.6 90.9 58.7 37.4 44.9 51.6 39.2 71.9 84.7 105.7 129.9 146.5 152.4 146.3
-9999.0 -9999.0 -9999.0 -9999.0 8.6 13.9 21.1 28.6 36.7 47.7 48.7 67.5 70.1 72.8 27.0 24.2 24.4 11.2 7.3 7.6 12.3 14.2 18.6 39.4 57.7 59.0 54.8 54.5 53.1 52.7 51.9 54.1 50.4 49.1 49.1 43.7 47.7 50.8 37.5 24.4 34.0 13.2 11.2 8.6 9.0 10.4 13.2 17.6 23.0 29.2 32.1 35.9 67.7 59.7 64.2 89.6 115.0 141.5 154.0 109.2 136.0 106.4 90.8 74.8 53.2 42.2 66.3 69.1 89.3 123.9 141.2 166.4 177.7 175.1 166.9
-9999.0 -9999.0 -9999.0 -9999.0 -9999.0 -9999.0 -9999.0 24.0 32.9 41.7 47.0 55.4 64.2 69.6 72.3 27.0 55.0 33.3 29.4 43.7 61.1 64.8 62.6 59.9 57.6 55.8 55.2 54.5 54.0 54.5 54.5 54.6 54.3 54.9 56.2 52.5 56.5 52.9 59.3 61.3 39.1 68.6 64.0 45.0 28.3 18.5 25.9 27.7 36.0 33.0 31.7 33.3 40.6 95.6 93.4 60.5 74.5 91.4 136.1 112.5 126.8 102.8 85.2 76.9 73.5 63.6 81.7 108.5 126.4 144.7 163.4 191.5 202.8 199.0 192.6
-9999.0 -9999.0 -9999.0 -9999.0 -9999.0 -9999.0 -9999.0 16.0 24.8 34.2 41.0 50.3 56.2 58.1 65.6 62.2 69.5 69.4 68.1 67.6 65.7 64.2 62.1 60.1 58.3 56.7 55.6 54.3 54.4 54.4 54.8 55.7 56.6 58.3 57.9 58.3 56.8 59.5 59.5 58.6 62.5 65.4 70.5 87.6 57.1 39.0 45.9 48.9 66.9 57.4 80.6 70.1 43.4 56.0 92.4 54.8 65.3 91.0 117.7 122.9 105.2 98.2 92.3 90.4 80.2 78.7 93.1 118.5 144.6 128.9 163.6 200.7 214.6 213.5 205.8
-9999.0 -9999.0 -9999.0 -9999.0 -9999.0 -9999.0 -9999.0 -9999.0 -9999.0 27.3 35.0 42.2 46.9 53.1 58.7 61.9 63.9 57.3 64.8 60.3 63.6 63.8 62.5 61.0 59.6 58.6 56.9 56.1 56.7 54.9 58.0 58.5 59.9 61.1 62.2 62.3 61.5 62.1 60.0 62.5 62.4 70.3 72.0 68.8 75.6 73.2 72.3 70.1 71.5 69.4 72.6 59.7 51.1 51.4 85.5 62.4 61.4 81.4 112.7 110.7 99.0 87.1 74.5 88.3 81.6 84.0 100.3 125.1 142.7 141.5 174.1 202.8 221.1 223.6 213.1
-9999.0 -9999.0 -9999.0 -9999.0 -9999.0 -9999.0 -9999.0 -9999.0 -9999.0 -9999.0 -9999.0 32.6 40.0 44.0 51.3 54.5 58.3 61.1 62.7 62.6 60.3 62.5 61.4 62.1 56.8 58.6 56.4 56.1 57.1 59.1 60.5 59.3 64.6 66.7 69.2 69.4 69.4 67.9 72.8 65.1 69.9 69.6 71.2 72.5 90.8 78.3 96.3 83.4 87.7 81.2 64.4 57.8 55.4 68.2 91.4 87.4 83.9 102.9 109.2 109.7 103.7 79.4 62.7 64.3 63.4 92.2 112.4 133.9 150.0 168.5 193.7 217.1 216.7 204.2 159.3
-9999.0 -9999.0 -9999.0 -9999.0 -9999.0 -9999.0 -9999.0 -9999.0 -9999.0 -9999.0 -9999.0 -9999.0 33.4 39.4 43.0 49.6 46.8 55.0 57.2 52.3 62.6 62.0 61.9 63.7 48.7 61.2 63.4 57.6 59.5 54.5 62.1 66.0 69.3 69.7 73.8 78.0 77.1 76.9 72.0 66.1 63.4 66.1 72.1 83.4 87.8 93.9 101.1 86.0 88.7 87.4 94.1 81.9 66.8 63.6 76.9 88.5 97.6 113.6 101.2 118.7 106.3 89.2 68.9 55.7 71.5 67.9 103.5 126.4 155.1 186.0 198.9 143.5 111.5 105.8 158.0
-9999.0 -9999.0 -9999.0 -9999.0 -9999.0 -9999.0 -9999.0 -9999.0 -9999.0 -9999.0 -9999.0 -9999.0 23.6 31.8 36.8 42.2 48.5 52.3 50.5 54.7 57.4 56.5 59.4 64.7 69.9 66.5 66.1 70.9 66.0 70.7 65.9 62.8 71.9 78.6 82.1 89.2 86.9 87.2 83.9 77.2 70.7 70.8 83.4 83.7 98.1 110.7 101.8 95.9 80.9 93.4 86.4 84.5 69.0 75.4 65.0 79.6 81.9 96.8 98.4 105.7 100.2 83.5 72.4 66.7 76.4 77.9 104.6 129.0 158.5 202.5 240.5 253.7 259.5 249.8 234.5
-9999.0 -9999.0 -9999.0 -9999.0 -9999.0 -9999.0 -9999.0 -9999.0 -9999.0 -9999.0 -9999.0 -9999.0 -9999.0 25.4 27.9 36.7 41.0 47.3 51.9 55.6 56.8 63.3 59.2 70.3 70.6 58.8 58.9 52.7 60.9 64.7 74.2 79.2 72.2 78.9 98.5 103.2 105.2 102.0 93.6 90.9 85.3 86.1 89.3 102.6 104.8 106.7 116.1 120.9 119.0 110.4 101.9 84.0 77.8 105.8 92.3 84.7 81.1 92.1 108.5 104.3 99.6 85.2 79.3 69.6 83.6 88.1 104.0 143.0 168.2 184.6 140.6 177.2 243.3 246.7 242.1
-9999.0 -9999.0 -9999.0 -9999.0 -9999.0 -9999.0 -9999.0 -9999.0 -9999.0 -9999.0 -9999.0 -9999.0 13.6 16.1 21.9 29.9 29.8 38.1 42.8 52.8 57.9 62.4 63.9 70.2 76.1 62.0 67.2 73.6 74.0 70.9 76.6 90.9 74.3 94.4 101.2 117.6 112.2 123.5 115.3 103.6 98.3 101.9 109.8 103.9 114.2 121.2 119.6 111.1 114.5 114.2 124.2 129.0 105.0 109.5 97.3 92.1 97.7 82.9 96.2 94.9 96.5 99.4 91.9 97.3 85.4 94.8 217.4 210.1 182.8 201.2 224.1 220.1 188.8 146.5 165.1
-9999.0 -9999.0 -9999.0 -9999.0 -9999.0 -9999.0 -9999.0 -9999.0 -9999.0 -9999.0 -9999.0 -9999.0 7.5 12.3 17.6 15.6 21.7 34.0 39.8 41.0 53.6 53.7 59.9 66.5 77.9 85.6 86.2 87.9 87.2 95.1 99.1 96.7 83.0 116.5 128.5 132.9 147.5 140.4 131.3 120.3 108.3 104.9 106.3 111.5 117.3 123.8 135.4 133.6 131.6 111.0 118.8 138.4 128.2 124.1 117.7 106.1 103.5 103.5 99.4 111.6 120.5 130.8 106.1 93.6 94.6 169.1 169.8 253.0 196.6 150.6 152.5 162.7 170.0 203.7 201.5
-9999.0 -9999.0 -9999.0 -9999.0 -9999.0 -9999.0 -9999.0 -9999.0 -9999.0 -9999.0 -9999.0 -9999.0 3.5 6.9 11.3 16.1 21.2 19.7 29.5 34.6 31.2 34.9 53.5 53.1 66.7 58.0 70.9 58.7 95.3 100.5 107.0 81.3 117.3 140.0 148.9 151.2 158.9 154.7 148.7 128.2 122.7 123.7 121.8 115.8 120.1 131.4 137.3 126.3 112.5 123.9 140.4 144.3 174.5 169.7 148.7 124.7 117.4 114.2 116.6 112.2 123.5 138.6 181.3 117.9 105.1 247.5 262.2 235.7 188.0 145.5 133.5 169.1 177.0 192.8 205.0
-9999.0 -9999.0 -9999.0 -9999.0 -9999.0 -9999.0 -9999.0 -9999.0 -9999.0 -9999.0 -9999.0 -9999.0 -9999.0 2.0 4.4 9.9 13.5 19.0 19.8 22.5 17.1 35.0 35.1 37.4 62.5 65.6 76.8 91.8 84.2 122.2 91.2 106.2 104.7 139.4 141.7 119.1 135.5 163.9 154.7 151.8 145.2 131.6 134.5 135.8 123.0 116.8 125.1 96.3 132.4 140.1 139.3 176.5 178.3 167.3 165.1 148.5 122.5 114.2 122.5 151.9 164.9 221.7 217.4 110.2 232.0 237.7 223.7 188.5 156.1 139.6 132.4 132.6 163.5 124.4 169.9
-9999.0 -9999.0 -9999.0 -9999.0 -9999.0 -9999.0 -9999.0 -9999.0 -9999.0 -9999.0 -9999.0 -9999.0 -9999.0 1.0 1.9 5.2 5.2 12.6 16.6 19.0 13.3 17.9 21.4 31.9 63.0 62.4 68.1 96.4 101.1 53.1 74.4 89.7 126.3 128.3 109.8 119.1 152.4 161.6 150.0 124.8 155.4 153.1 151.2 145.5 143.6 126.5 119.8 95.7 111.1 127.1 161.4 151.1 186.3 188.9 177.3 152.1 125.5 118.3 133.3 118.6 191.8 171.2 149.7 296.8 264.4 211.4 165.7 133.5 115.4 104.4 106.7 118.8 125.4 146.4 167.7
-9999.0 -9999.0 -9999.0 -9999.0 -9999.0 -9999.0 -9999.0 -9999.0 -9999.0 -9999.0 -9999.0 -9999.0 -9999.0 -9999.0 -9999.0 2.0 4.3 5.9 10.4 16.6 12.3 22.2 29.9 33.6 36.7 47.5 30.4 58.4 42.9 100.1 91.7 113.9 77.5 91.5 119.5 87.2 89.8 172.0 161.9 160.6 142.8 146.0 152.7 151.0 138.1 118.3 116.7 88.9 115.4 91.8 139.3 192.3 182.7 182.3 130.0 144.5 129.0 109.1 146.4 181.9 155.7 179.2 342.3 342.0 277.6 191.8 129.8 95.2 79.0 89.0 96.6 103.2 150.6 160.1 152.8
-9999.0 -9999.0 -9999.0 -9999.0 -9999.0 -9999.0 -9999.0 -9999.0 -9999.0 -9999.0 -9999.0 -9999.0 -9999.0 -9999.0 -9999.0 -9999.0 -9999.0 1.5 9.9 -9999.0 23.1 14.7 31.2 39.2 30.3 41.9 25.2 48.6 89.2 68.5 108.2 166.3 69.8 179.9 210.4 123.3 77.9 184.8 148.0 150.6 146.8 137.3 149.6 151.5 166.9 135.0 157.1 134.9 104.0 129.8 103.4 152.3 114.9 180.2 167.9 149.7 126.0 139.9 152.7 190.7 188.9 241.6 332.8 346.8 261.3 169.7 115.6 88.1 77.1 90.1 82.6 144.2 161.6 141.9 167.4
-9999.0 -9999.0 -9999.0 -9999.0 -9999.0 -9999.0 -9999.0 -9999.0 -9999.0 -9999.0 -9999.0 -9999.0 -9999.0 -9999.0 -9999.0 -9999.0 -9999.0 -9999.0 -9999.0 -9999.0 -9999.0 18.0 17.5 10.4 26.1 60.7 70.8 82.4 88.6 138.8 138.9 245.3 229.1 190.8 193.0 109.6 112.1 125.8 151.8 175.7 166.5 125.6 133.4 142.8 182.4 143.0 205.3 129.1 156.3 221.1 149.1 197.9 196.9 151.5 158.0 155.9 147.5 141.4 181.1 196.7 248.6 258.2 277.3 287.5 250.8 172.7 128.2 108.1 100.0 110.2 122.3 144.7 147.8 124.3 141.5
-9999.0 -9999.0 -9999.0 -9999.0 -9999.0 -9999.0 -9999.0 -9999.0 -9999.0 -9999.0 -9999.0 -9999.0 -9999.0 -9999.0 -9999.0 -9999.0 -9999.0 -9999.0 -9999.0 -9999.0 -9999.0 -9999.0 -9999.0 55.0 35.5 50.9 65.0 71.8 55.5 114.9 118.8 118.3 59.4 96.5 68.3 68.5 60.0 87.6 79.6 85.5 99.5 105.6 127.1 148.7 193.1 244.6 191.7 169.4 171.2 165.6 149.5 186.6 149.4 159.1 153.7 169.5 153.4 163.4 214.3 205.4 294.8 284.0 246.8 210.7 195.7 182.4 155.1 138.7 139.3 139.6 151.6 147.0 145.3 177.6 178.1
-9999.0 -9999.0 -9999.0 -9999.0 -9999.0 -9999.0 -9999.0 -9999.0 -9999.0 -9999.0 -9999.0 -9999.0 -9999.0 -9999.0 -9999.0 -9999.0 -9999.0 -9999.0 -9999.0 -9999.0 -9999.0 -9999.0 -9999.0 -9999.0 -9999.0 109.1 87.6 14.5 28.9 18.5 63.4 133.5 143.7 91.6 97.6 47.5 32.1 59.3 53.9 71.9 74.2 96.7 172.6 182.4 245.7 260.6 253.7 256.9 184.8 193.8 198.2 181.6 188.9 174.1 160.6 177.6 168.9 185.5 184.4 208.5 246.1 251.0 290.9 216.8 193.8 193.7 164.7 144.6 157.3 165.2 156.8 150.6 142.4 226.6 289.6
-9999.0 -9999.0 -9999.0 -9999.0 -9999.0 -9999.0 -9999.0 -9999.0 -9999.0 -9999.0 -9999.0 -9999.0 -9999.0 -9999.0 -9999.0 -9999.0 -9999.0 -9999.0 -9999.0 -9999.0 -9999.0 -9999.0 -9999.0 -9999.0 -9999.0 -9999.0 -9999.0 152.0 187.1 147.2 157.6 168.5 47.4 172.2 67.8 190.8 61.9 60.6 94.5 65.7 66.9 105.0 181.7 236.2 256.6 270.1 272.5 272.8 267.3 250.7 234.9 209.2 177.4 160.9 163.2 174.4 210.7 242.1 193.8 234.2 312.3 219.2 167.2 142.9 140.5 146.5 166.4 170.1 173.5 176.9 169.5 183.4 183.2 263.1 302.2
-9999.0 -9999.0 -9999.0 -9999.0 -9999.0 -9999.0 -9999.0 -9999.0 -9999.0 -9999.0 -9999.0 -9999.0 -9999.0 -9999.0 -9999.0 -9999.0 -9999.0 -9999.0 -9999.0 -9999.0 -9999.0 -9999.0 -9999.0 -9999.0 -9999.0 -9999.0 -9999.0 -9999.0 -9999.0 -9999.0 -9999.0 -9999.0 -9999.0 190.9 82.2 -9999.0 -9999.0 -9999.0 127.5 77.6 117.9 158.6 169.0 233.1 250.1 268.8 -9999.0 -9999.0 -9999.0 -9999.0 -9999.0 -9999.0 192.5 189.0 156.4 180.7 211.8 269.9 253.9 304.6 270.9 206.7 170.9 148.7 155.1 175.2 191.9 203.6 210.2 204.6 198.7 208.6 239.6 267.3 338.3
-9999.0 -9999.0 -9999.0 -9999.0 -9999.0 -9999.0 -9999.0 -9999.0 -9999.0 -9999.0 -9999.0 -9999.0 -9999.0 -9999.0 -9999.0 -9999.0 -9999.0 -9999.0 -9999.0 -9999.0 -9999.0 -9999.0 -9999.0 -9999.0 -9999.0 -9999.0 -9999.0 -9999.0 -9999.0 -9999.0 -9999.0 -9999.0 -9999.0 -9999.0 -9999.0 -9999.0 -9999.0 -9999.0 -9999.0 146.3 157.8 173.6 193.4 216.7 -9999.0 -9999.0 -9999.0 -9999.0 -9999.0 -9999.0 -9999.0 -9999.0 221.6 220.6 176.9 167.9 202.1 247.0 297.8 322.2 297.3 219.5 179.0 164.9 177.4 218.3 252.7 262.2 251.0 246.2 238.5 240.2 260.0 283.5 326.3
-9999.0 -9999.0 -9999.0 -9999.0 -9999.0 -9999.0 -9999.0 -9999.0 -9999.0 -9999.0 -9999.0 -9999.0 -9999.0 -9999.0 -9999.0 -9999.0 -9999.0 -9999.0 -9999.0 -9999.0 -9999.0 -9999.0 -9999.0 -9999.0 -9999.0 -9999.0 -9999.0 -9999.0 -9999.0 -9999.0 -9999.0 -9999.0 -9999.0 -9999.0 -9999.0 -9999.0 -9999.0 -9999.0 -9999.0 -9999.0 -9999.0 -9999.0 -9999.0 -9999.0 -9999.0 -9999.0 -9999.0 -9999.0 -9999.0 -9999.0 -9999.0 -9999.0 203.4 258.5 192.0 189.7 165.2 185.2 220.2 246.3 251.7 217.8 191.0 180.5 210.5 287.6 323.7 309.2 284.4 276.5 279.3 283.9 292.6 319.4 359.9
-9999.0 -9999.0 -9999.0 -9999.0 -9999.0 -9999.0 -9999.0 -9999.0 -9999.0 -9999.0 -9999.0 -9999.0 -9999.0 -9999.0 -9999.0 -9999.0 -9999.0 -9999.0 -9999.0 -9999.0 -9999.0 -9999.0 -9999.0 -9999.0 -9999.0 -9999.0 -9999.0 -9999.0 -9999.0 -9999.0 -9999.0 -9999.0 -9999.0 -9999.0 -9999.0 -9999.0 -9999.0 -9999.0 -9999.0 -9999.0 -9999.0 -9999.0 -9999.0 -9999.0 -9999.0 -9999.0 -9999.0 -9999.0 -9999.0 -9999.0 -9999.0 337.6 300.0 285.7 158.8 154.8 138.5 154.8 164.1 165.5 206.3 200.6 186.5 196.4 238.3 311.6 320.6 261.0 308.9 318.4 341.5 353.0 393.5 477.8 510.6
-9999.0 -9999.0 -9999.0 -9999.0 -9999.0 -9999.0 -9999.0 -9999.0 -9999.0 -9999.0 -9999.0 -9999.0 -9999.0 -9999.0 -9999.0 -9999.0 -9999.0 -9999.0 -9999.0 -9999.0 -9999.0 -9999.0 -9999.0 -9999.0 -9999.0 -9999.0 -9999.0 -9999.0 -9999.0 -9999.0 -9999.0 -9999.0 -9999.0 -9999.0 -9999.0 -9999.0 -9999.0 -9999.0 -9999.0 -9999.0 -9999.0 -9999.0 -9999.0 -9999.0 -9999.0 -9999.0 -9999.0 -9999.0 -9999.0 -9999.0 345.5 425.5 365.9 306.5 186.8 163.9 123.7 126.7 151.4 190.1 204.8 199.6 195.3 203.5 228.8 261.5 301.7 270.0 333.2 361.2 402.8 420.4 448.5 479.7 472.7
-9999.0 -9999.0 -9999.0 -9999.0 -9999.0 -9999.0 -9999.0 -9999.0 -9999.0 -9999.0 -9999.0 -9999.0 -9999.0 -9999.0 -9999.0 -9999.0 -9999.0 -9999.0 -9999.0 -9999.0 -9999.0 -9999.0 -9999.0 -9999.0 -9999.0 -9999.0 -9999.0 -9999.0 -9999.0 -9999.0 -9999.0 -9999.0 -9999.0 -9999.0 -9999.0 -9999.0 -9999.0 -9999.0 -9999.0 -9999.0 -9999.0 -9999.0 -9999.0 -9999.0 -9999.0 -9999.0 -9999.0 -9999.0 -9999.0 -9999.0 343.3 490.8 378.0 314.6 248.6 165.0 111.8 169.9 187.0 194.0 197.9 207.6 193.8 193.7 200.8 173.3 215.5 216.3 302.6 361.9 423.7 429.8 434.4 456.8 423.5
-9999.0 -9999.0 -9999.0 -9999.0 -9999.0 -9999.0 -9999.0 -9999.0 -9999.0 -9999.0 -9999.0 -9999.0 -9999.0 -9999.0 -9999.0 -9999.0 -9999.0 -9999.0 -9999.0 -9999.0 -9999.0 -9999.0 -9999.0 -9999.0 -9999.0 -9999.0 -9999.0 -9999.0 -9999.0 -9999.0 -9999.0 -9999.0 -9999.0 -9999.0 -9999.0 -9999.0 -9999.0 -9999.0 -9999.0 -9999.0 -9999.0 -9999.0 -9999.0 -9999.0 -9999.0 -9999.0 -9999.0 -9999.0 -9999.0 -9999.0 288.1 390.8 360.2 436.0 230.3 169.5 247.6 194.1 217.8 164.2 192.1 206.4 194.7 177.0 190.7 187.5 185.7 208.9 255.3 368.0 395.2 440.3 408.9 393.4 327.6
-9999.0 -9999.0 -9999.0 -9999.0 -9999.0 -9999.0 -9999.0 -9999.0 -9999.0 -9999.0 -9999.0 -9999.0 -9999.0 -9999.0 -9999.0 -9999.0 -9999.0 -9999.0 -9999.0 -9999.0 -9999.0 -9999.0 -9999.0 -9999.0 -9999.0 -9999.0 -9999.0 -9999.0 -9999.0 -9999.0 -9999.0 -9999.0 -9999.0 -9999.0 -9999.0 -9999.0 -9999.0 -9999.0 -9999.0 -9999.0 -9999.0 -9999.0 -9999.0 -9999.0 -9999.0 -9999.0 -9999.0 -9999.0 -9999.0 -9999.0 366.1 498.4 438.5 437.1 356.6 352.4 202.0 241.4 231.0 173.4 196.1 186.5 158.4 177.0 199.7 214.2 249.1 265.3 318.5 225.0 329.6 368.8 376.1 336.2 275.9
-9999.0 -9999.0 -9999.0 -9999.0 -9999.0 -9999.0 -9999.0 -9999.0 -9999.0 -9999.0 -9999.0 -9999.0 -9999.0 -9999.0 -9999.0 -9999.0 -9999.0 -9999.0 -9999.0 -9999.0 -9999.0 -9999.0 -9999.0 -9999.0 -9999.0 -9999.0 -9999.0 -9999.0 -9999.0 -9999.0 -9999.0 -9999.0 -9999.0 -9999.0 -9999.0 -9999.0 -9999.0 -9999.0 -9999.0 -9999.0 -9999.0 -9999.0 -9999.0 -9999.0 -9999.0 -9999.0 -9999.0 -9999.0 -9999.0 -9999.0 -9999.0 -9999.0 -9999.0 455.4 404.0 346.1 319.5 315.8 247.3 237.6 334.6 212.9 235.6 228.9 229.8 234.5 280.2 235.2 272.9 264.3 263.7 290.7 297.9 273.9 251.3
-9999.0 -9999.0 -9999.0 -9999.0 -9999.0 -9999.0 -9999.0 -9999.0 -9999.0 -9999.0 -9999.0 -9999.0 -9999.0 -9999.0 -9999.0 -9999.0 -9999.0 -9999.0 -9999.0 -9999.0 -9999.0 -9999.0 -9999.0 -9999.0 -9999.0 -9999.0 -9999.0 -9999.0 -9999.0 -9999.0 -9999.0 -9999.0 -9999.0 -9999.0 -9999.0 -9999.0 -9999.0 -9999.0 -9999.0 -9999.0 -9999.0 -9999.0 -9999.0 -9999.0 -9999.0 -9999.0 -9999.0 -9999.0 -9999.0 -9999.0 -9999.0 -9999.0 -9999.0 518.6 440.7 637.8 350.8 295.0 337.2 442.4 392.7 338.7 405.4 309.0 280.3 256.5 176.8 286.6 194.9 205.1 227.2 282.7 307.7 295.7 276.5
-9999.0 -9999.0 -9999.0 -9999.0 -9999.0 -9999.0 -9999.0 -9999.0 -9999.0 -9999.0 -9999.0 -9999.0 -9999.0 -9999.0 -9999.0 -9999.0 -9999.0 -9999.0 -9999.0 -9999.0 -9999.0 -9999.0 -9999.0 -9999.0 -9999.0 -9999.0 -9999.0 -9999.0 -9999.0 -9999.0 -9999.0 -9999.0 -9999.0 -9999.0 -9999.0 -9999.0 -9999.0 -9999.0 -9999.0 -9999.0 -9999.0 -9999.0 -9999.0 -9999.0 -9999.0 -9999.0 -9999.0 -9999.0 -9999.0 -9999.0 -9999.0 -9999.0 -9999.0 547.3 367.3 493.3 373.7 314.5 388.6 465.0 577.6 566.5 597.5 530.4 280.1 -9999.0 -9999.0 -9999.0 239.2 221.3 303.8 418.0 474.1 446.5 379.2
-9999.0 -9999.0 -9999.0 -9999.0 -9999.0 -9999.0 -9999.0 -9999.0 -9999.0 -9999.0 -9999.0 -9999.0 -9999.0 -9999.0 -9999.0 -9999.0 -9999.0 -9999.0 -9999.0 -9999.0 -9999.0 -9999.0 -9999.0 -9999.0 -9999.0 -9999.0 -9999.0 -9999.0 -9999.0 -9999.0 -9999.0 -9999.0 -9999.0 -9999.0 -9999.0 -9999.0 -9999.0 -9999.0 -9999.0 -9999.0 -9999.0 -9999.0 -9999.0 -9999.0 -9999.0 -9999.0 -9999.0 -9999.0 -9999.0 -9999.0 -9999.0 -9999.0 -9999.0 -9999.0 487.7 413.5 268.5 267.0 427.0 597.6 507.6 -9999.0 -9999.0 -9999.0 -9999.0 -9999.0 -9999.0 -9999.0 244.8 325.6 478.5 616.1 690.5 622.8 483.3
-9999.0 -9999.0 -9999.0 -9999.0 -9999.0 -9999.0 -9999.0 -9999.0 -9999.0 -9999.0 -9999.0 -9999.0 -9999.0 -9999.0 -9999.0 -9999.0 -9999.0 -9999.0 -9999.0 -9999.0 -9999.0 -9999.0 -9999.0 -9999.0 -9999.0 -9999.0 -9999.0 -9999.0 -9999.0 -9999.0 -9999.0 -9999.0 -9999.0 -9999.0 -9999.0 -9999.0 -9999.0 -9999.0 -9999.0 -9999.0 -9999.0 -9999.0 -9999.0 -9999.0 -9999.0 -9999.0 -9999.0 -9999.0 -9999.0 -9999.0 -9999.0 -9999.0 -9999.0 -9999.0 -9999.0 341.8 478.0 334.8 369.2 529.2 573.4 -9999.0 -9999.0 -9999.0 -9999.0 -9999.0 -9999.0 -9999.0 -9999.0 -9999.0 557.5 -9999.0 -9999.0 -9999.0 -9999.0
