program/excelProcessViaJava/data/SURF_CLI_CHN_PRE_MON_GRID_0.5-200610.txt
NCOLS      128
NROWS       72
XLLCORNER    72.000000000000    
YLLCORNER    18.000000000000    
CELLSIZE    0.50000000000000    
NODATA_VALUE   -9999.000    
[rows 35 to 69 of 72, columns 0 to 77 of 128]
-9999.0 -9999.0 -9999.0 -9999.0 -9999.0 -9999.0 -9999.0 2.3 7.2 6.3 19.7 22.1 13.4 17.4 17.8 2.5 7.0 2.7 1.9 3.2 7.0 10.5 10.2 8.3 7.0 6.2 6.8 6.7 6.5 7.4 6.6 6.0 5.2 5.5 6.4 4.9 7.6 7.1 11.4 14.1 8.3 21.7 22.1 16.5 9.9 4.3 6.1 5.1 7.4 4.7 3.8 3.8 4.9 14.8 11.0 2.9 3.5 7.4 26.5 25.8 37.4 32.9 29.5 26.8 23.8 12.8 13.5 14.2 11.8 10.4 7.1 6.8 8.2 8.8 7.6 7.6 5.5 6.8
-9999.0 -9999.0 -9999.0 -9999.0 -9999.0 -9999.0 -9999.0 9.4 2.4 9.7 15.5 13.6 18.7 27.0 20.7 32.1 18.5 16.1 21.6 12.3 10.3 12.2 9.2 8.3 7.1 6.7 6.2 7.7 5.9 5.4 6.7 6.4 5.9 7.2 5.4 5.7 5.3 7.5 8.5 9.4 12.3 15.2 19.3 29.5 17.6 10.0 12.8 13.4 21.3 15.2 23.2 16.9 6.4 8.0 14.1 5.1 5.5 11.3 22.4 29.8 33.0 41.7 41.9 38.6 26.2 17.2 13.5 12.8 15.4 9.5 8.5 9.2 11.7 13.9 12.7 15.1 13.9 9.2
-9999.0 -9999.0 -9999.0 -9999.0 -9999.0 -9999.0 -9999.0 -9999.0 -9999.0 8.3 10.3 11.3 20.5 21.4 19.1 17.1 20.6 29.9 19.1 22.2 14.6 9.9 8.3 7.4 6.7 5.9 6.4 6.4 5.5 7.6 5.0 5.7 5.6 6.3 4.6 4.6 4.5 5.8 5.9 8.0 9.0 13.0 15.2 16.2 21.3 22.3 23.2 22.3 22.0 19.6 19.9 14.1 9.9 8.2 14.7 8.7 7.2 11.6 22.7 27.6 33.9 41.6 49.1 46.2 37.3 23.8 16.6 15.6 20.4 15.5 16.0 17.4 22.0 26.7 30.1 24.1 20.1 16.3
-9999.0 -9999.0 -9999.0 -9999.0 -9999.0 -9999.0 -9999.0 -9999.0 -9999.0 -9999.0 -9999.0 17.2 10.0 22.7 19.6 21.6 19.5 16.9 14.6 14.0 14.5 10.0 9.1 6.9 9.1 6.9 7.5 7.4 7.0 6.4 6.3 7.9 6.0 5.9 5.0 7.3 5.0 5.3 10.5 6.9 10.0 10.4 12.0 14.2 24.7 21.4 32.3 27.1 28.0 23.3 15.6 13.2 11.8 13.5 17.9 16.1 15.4 20.6 24.0 29.0 35.6 44.6 56.8 60.6 50.9 32.4 21.7 25.8 30.6 32.1 31.9 35.2 38.3 39.4 30.0 29.2 27.2 28.5
-9999.0 -9999.0 -9999.0 -9999.0 -9999.0 -9999.0 -9999.0 -9999.0 -9999.0 -9999.0 -9999.0 -9999.0 10.5 12.0 20.4 16.8 24.4 17.3 15.2 18.3 8.9 8.5 7.5 5.8 12.0 6.0 5.2 7.2 6.9 9.3 7.4 7.0 6.9 7.9 7.5 6.3 9.4 6.1 5.2 4.9 5.7 7.7 10.7 16.6 20.2 25.6 31.9 26.7 26.9 24.2 26.1 21.7 16.0 13.5 16.2 19.7 22.8 27.7 26.2 33.5 38.4 43.0 48.7 58.9 66.5 54.8 44.6 47.8 53.1 56.5 52.9 44.8 38.4 34.1 39.8 58.6 49.7 37.3
-9999.0 -9999.0 -9999.0 -9999.0 -9999.0 -9999.0 -9999.0 -9999.0 -9999.0 -9999.0 -9999.0 -9999.0 18.2 9.4 9.0 16.5 10.8 11.8 14.8 11.5 9.2 8.9 7.0 4.9 3.6 4.5 4.9 4.4 6.0 5.8 7.7 9.6 8.3 7.7 7.9 6.6 8.8 8.9 7.6 7.0 6.5 8.2 15.2 15.2 23.3 31.5 29.1 28.8 22.8 26.7 23.5 24.0 18.7 20.5 17.1 22.1 23.6 28.6 31.7 37.4 43.5 49.5 50.6 51.8 76.1 70.7 46.3 55.8 71.6 82.2 82.5 77.0 72.7 64.3 58.6 51.9 44.0 36.5
-9999.0 -9999.0 -9999.0 -9999.0 -9999.0 -9999.0 -9999.0 -9999.0 -9999.0 -9999.0 -9999.0 -9999.0 -9999.0 11.6 17.3 8.7 12.5 8.9 7.2 6.2 6.1 4.0 5.3 3.0 3.3 5.6 6.0 8.0 7.2 7.7 7.3 7.6 10.0 9.8 7.0 7.0 7.4 8.9 16.5 12.3 12.1 15.5 17.8 26.3 26.4 27.5 34.7 40.1 40.8 37.1 33.7 27.3 25.1 35.9 30.1 27.6 27.3 31.6 37.2 41.2 46.0 52.5 53.8 68.4 60.0 67.4 71.6 73.7 94.1 105.1 86.9 85.0 81.9 68.0 59.5 47.5 38.5 28.4
-9999.0 -9999.0 -9999.0 -9999.0 -9999.0 -9999.0 -9999.0 -9999.0 -9999.0 -9999.0 -9999.0 -9999.0 8.9 14.8 13.6 9.1 13.8 9.4 7.6 3.6 3.0 2.6 2.8 2.3 2.2 4.2 4.2 4.3 5.3 7.0 7.7 7.4 10.8 8.8 8.8 7.5 10.1 8.7 10.2 12.7 21.0 28.7 36.1 27.8 35.1 39.9 40.2 39.6 44.4 44.9 48.9 50.8 38.8 40.1 34.3 32.5 34.5 33.4 38.9 45.3 51.7 54.7 58.6 57.9 65.6 68.6 46.3 75.0 112.4 124.5 130.0 123.5 96.9 68.1 51.5 40.6 33.4 27.6
-9999.0 -9999.0 -9999.0 -9999.0 -9999.0 -9999.0 -9999.0 -9999.0 -9999.0 -9999.0 -9999.0 -9999.0 10.1 4.8 6.7 14.8 11.7 4.8 3.7 4.3 1.9 2.6 2.2 2.0 1.6 1.7 2.3 3.0 4.1 4.8 6.0 7.7 10.5 8.0 7.3 7.6 7.5 10.1 12.6 13.5 17.8 21.6 27.8 35.9 43.3 50.8 61.3 62.2 61.8 50.2 49.4 55.9 46.0 41.6 41.1 38.9 38.6 40.0 43.0 49.2 54.8 58.6 65.8 65.5 64.6 51.3 66.3 89.2 134.7 168.9 167.9 145.9 114.4 79.3 53.6 40.1 35.4 23.7
-9999.0 -9999.0 -9999.0 -9999.0 -9999.0 -9999.0 -9999.0 -9999.0 -9999.0 -9999.0 -9999.0 -9999.0 2.3 7.3 3.5 4.4 3.7 7.2 3.5 2.9 4.5 4.1 1.9 2.5 1.9 3.2 2.9 4.8 3.3 4.3 5.5 9.2 8.1 7.5 7.0 7.1 8.1 11.1 13.9 19.5 22.4 25.0 42.8 37.8 53.2 68.0 75.0 70.4 62.1 60.9 60.0 51.1 70.3 67.2 55.5 47.7 47.3 47.4 50.1 55.3 63.1 68.4 67.8 66.7 55.8 48.0 62.4 95.8 133.7 153.1 153.9 134.2 108.2 72.4 43.5 33.7 23.0 23.7
-9999.0 -9999.0 -9999.0 -9999.0 -9999.0 -9999.0 -9999.0 -9999.0 -9999.0 -9999.0 -9999.0 -9999.0 -9999.0 10.6 8.3 3.1 3.2 2.1 3.3 3.4 6.5 2.3 3.1 3.5 1.8 2.2 2.2 2.2 3.3 2.9 5.7 6.8 8.7 7.8 7.7 9.9 11.0 12.6 17.4 20.6 25.9 43.6 56.6 62.2 60.8 68.0 77.5 64.3 75.5 69.0 53.2 66.2 58.9 47.5 60.8 58.9 51.5 51.6 56.1 63.7 68.8 74.8 76.4 60.8 44.9 48.2 62.8 87.4 108.6 117.1 118.2 116.4 91.3 99.3 58.1 48.6 33.8 25.4
-9999.0 -9999.0 -9999.0 -9999.0 -9999.0 -9999.0 -9999.0 -9999.0 -9999.0 -9999.0 -9999.0 -9999.0 -9999.0 1.1 6.2 2.4 5.4 1.4 1.4 2.0 5.4 4.7 4.8 3.6 1.8 2.3 2.5 1.9 2.1 5.8 5.4 6.2 6.2 7.3 8.8 9.4 10.0 14.0 20.1 31.5 31.5 42.7 55.4 66.2 82.1 76.7 77.0 63.2 61.6 55.4 59.9 36.8 53.8 62.2 65.3 59.3 52.1 54.5 62.2 65.2 76.5 79.3 61.6 45.6 41.3 46.1 58.9 74.6 84.5 87.3 89.2 89.6 88.8 76.6 64.2 46.7 33.5 38.7
-9999.0 -9999.0 -9999.0 -9999.0 -9999.0 -9999.0 -9999.0 -9999.0 -9999.0 -9999.0 -9999.0 -9999.0 -9999.0 -9999.0 -9999.0 2.4 1.6 2.2 1.5 1.2 3.9 2.7 2.8 3.5 4.0 3.6 6.0 3.4 5.1 2.1 3.1 3.3 6.6 7.0 6.3 10.6 14.0 12.2 17.6 23.1 34.9 45.9 55.4 63.7 63.8 63.4 69.1 48.9 53.9 24.4 35.2 59.8 40.7 45.3 26.9 50.1 53.4 45.4 67.5 76.6 78.3 68.1 56.3 45.0 38.9 44.6 56.4 68.2 75.5 76.0 78.5 80.1 62.5 63.6 78.9 56.5 56.1 50.1
-9999.0 -9999.0 -9999.0 -9999.0 -9999.0 -9999.0 -9999.0 -9999.0 -9999.0 -9999.0 -9999.0 -9999.0 -9999.0 -9999.0 -9999.0 -9999.0 -9999.0 1.9 0.8 -9999.0 1.5 4.4 3.5 4.1 6.0 5.3 7.6 4.6 2.3 3.0 1.7 1.1 5.5 2.2 2.2 5.0 12.2 8.0 13.8 18.6 26.4 40.4 46.5 53.4 57.6 58.2 56.6 62.7 32.4 34.6 11.8 21.5 11.6 37.3 43.8 47.9 41.9 60.4 67.9 79.8 73.8 73.1 65.5 51.9 44.2 47.7 58.4 67.5 75.6 80.9 98.8 69.5 68.2 86.9 90.4 84.5 97.1 105.7
-9999.0 -9999.0 -9999.0 -9999.0 -9999.0 -9999.0 -9999.0 -9999.0 -9999.0 -9999.0 -9999.0 -9999.0 -9999.0 -9999.0 -9999.0 -9999.0 -9999.0 -9999.0 -9999.0 -9999.0 -9999.0 5.2 7.6 11.7 9.4 7.6 6.6 4.9 3.2 1.4 1.0 0.6 0.8 1.5 1.6 3.6 4.7 6.6 8.3 9.5 12.0 30.8 39.7 44.9 53.1 51.5 62.2 36.5 51.4 95.8 22.2 47.9 43.5 16.9 28.7 44.5 49.9 50.2 74.1 80.9 88.5 90.6 82.2 67.7 59.3 59.6 70.0 77.7 89.7 97.3 106.5 91.6 99.1 127.5 142.6 147.0 155.7 170.5
-9999.0 -9999.0 -9999.0 -9999.0 -9999.0 -9999.0 -9999.0 -9999.0 -9999.0 -9999.0 -9999.0 -9999.0 -9999.0 -9999.0 -9999.0 -9999.0 -9999.0 -9999.0 -9999.0 -9999.0 -9999.0 -9999.0 -9999.0 14.5 14.7 14.4 12.7 9.7 7.8 3.4 2.3 2.4 6.5 4.1 6.1 5.9 8.2 6.5 10.8 14.5 16.3 25.2 24.3 30.3 46.3 69.5 46.1 35.1 30.3 26.2 15.5 31.3 13.6 19.7 17.8 14.8 39.6 56.5 65.1 80.0 112.2 119.4 110.2 80.5 69.4 74.8 88.6 96.4 88.2 112.2 106.3 121.4 132.9 136.4 160.8 171.1 168.8 171.1
-9999.0 -9999.0 -9999.0 -9999.0 -9999.0 -9999.0 -9999.0 -9999.0 -9999.0 -9999.0 -9999.0 -9999.0 -9999.0 -9999.0 -9999.0 -9999.0 -9999.0 -9999.0 -9999.0 -9999.0 -9999.0 -9999.0 -9999.0 -9999.0 -9999.0 36.0 26.3 23.6 17.6 19.1 9.1 5.3 5.4 7.3 6.6 10.4 17.2 8.8 13.1 10.5 17.6 14.1 28.5 33.2 59.4 72.0 56.8 72.8 28.0 25.4 32.0 22.8 30.7 28.4 14.7 20.2 36.2 43.5 61.4 76.4 104.4 130.5 122.6 95.7 83.6 89.8 94.9 79.7 87.1 101.3 130.3 145.4 152.2 138.3 138.5 144.9 147.9 149.2
-9999.0 -9999.0 -9999.0 -9999.0 -9999.0 -9999.0 -9999.0 -9999.0 -9999.0 -9999.0 -9999.0 -9999.0 -9999.0 -9999.0 -9999.0 -9999.0 -9999.0 -9999.0 -9999.0 -9999.0 -9999.0 -9999.0 -9999.0 -9999.0 -9999.0 -9999.0 -9999.0 60.2 54.6 26.3 19.6 16.4 19.3 15.7 15.8 23.3 12.8 12.0 13.6 10.9 13.0 13.3 35.2 61.8 67.5 74.7 79.5 76.9 72.2 39.0 52.5 48.6 21.9 20.1 21.9 31.4 36.0 49.9 57.5 78.3 150.8 126.1 127.7 101.5 90.1 80.1 97.9 111.0 118.2 129.8 142.7 138.4 135.3 118.9 98.0 92.0 124.5 133.6
-9999.0 -9999.0 -9999.0 -9999.0 -9999.0 -9999.0 -9999.0 -9999.0 -9999.0 -9999.0 -9999.0 -9999.0 -9999.0 -9999.0 -9999.0 -9999.0 -9999.0 -9999.0 -9999.0 -9999.0 -9999.0 -9999.0 -9999.0 -9999.0 -9999.0 -9999.0 -9999.0 -9999.0 -9999.0 -9999.0 -9999.0 -9999.0 -9999.0 46.3 29.5 -9999.0 -9999.0 -9999.0 37.2 19.3 27.7 40.3 35.9 76.2 86.9 83.6 -9999.0 -9999.0 -9999.0 -9999.0 -9999.0 -9999.0 29.4 31.2 27.0 34.1 44.7 68.2 69.9 107.1 127.6 120.9 126.7 109.7 101.2 102.2 115.7 133.4 147.4 148.9 141.2 125.9 112.6 89.6 87.3 67.6 119.0 107.8
-9999.0 -9999.0 -9999.0 -9999.0 -9999.0 -9999.0 -9999.0 -9999.0 -9999.0 -9999.0 -9999.0 -9999.0 -9999.0 -9999.0 -9999.0 -9999.0 -9999.0 -9999.0 -9999.0 -9999.0 -9999.0 -9999.0 -9999.0 -9999.0 -9999.0 -9999.0 -9999.0 -9999.0 -9999.0 -9999.0 -9999.0 -9999.0 -9999.0 -9999.0 -9999.0 -9999.0 -9999.0 -9999.0 -9999.0 110.8 105.7 104.9 103.9 100.7 -9999.0 -9999.0 -9999.0 -9999.0 -9999.0 -9999.0 -9999.0 -9999.0 32.3 41.3 37.2 42.5 56.4 74.4 96.5 124.6 143.8 122.9 115.8 115.3 135.1 155.1 176.8 190.8 188.9 177.0 146.4 114.9 93.3 92.5 73.9 80.4 98.9 90.0
-9999.0 -9999.0 -9999.0 -9999.0 -9999.0 -9999.0 -9999.0 -9999.0 -9999.0 -9999.0 -9999.0 -9999.0 -9999.0 -9999.0 -9999.0 -9999.0 -9999.0 -9999.0 -9999.0 -9999.0 -9999.0 -9999.0 -9999.0 -9999.0 -9999.0 -9999.0 -9999.0 -9999.0 -9999.0 -9999.0 -9999.0 -9999.0 -9999.0 -9999.0 -9999.0 -9999.0 -9999.0 -9999.0 -9999.0 -9999.0 -9999.0 -9999.0 -9999.0 -9999.0 -9999.0 -9999.0 -9999.0 -9999.0 -9999.0 -9999.0 -9999.0 -9999.0 50.5 54.8 51.7 60.7 65.6 76.4 92.9 113.3 133.5 124.6 122.8 128.6 162.5 197.3 221.0 230.5 216.3 187.8 148.1 115.5 121.5 101.4 103.7 85.8 97.9 69.6
-9999.0 -9999.0 -9999.0 -9999.0 -9999.0 -9999.0 -9999.0 -9999.0 -9999.0 -9999.0 -9999.0 -9999.0 -9999.0 -9999.0 -9999.0 -9999.0 -9999.0 -9999.0 -9999.0 -9999.0 -9999.0 -9999.0 -9999.0 -9999.0 -9999.0 -9999.0 -9999.0 -9999.0 -9999.0 -9999.0 -9999.0 -9999.0 -9999.0 -9999.0 -9999.0 -9999.0 -9999.0 -9999.0 -9999.0 -9999.0 -9999.0 -9999.0 -9999.0 -9999.0 -9999.0 -9999.0 -9999.0 -9999.0 -9999.0 -9999.0 -9999.0 44.8 50.7 72.7 69.9 83.2 88.0 94.0 100.9 111.2 116.0 122.4 131.3 153.1 186.8 218.4 212.1 154.8 193.5 160.9 134.8 118.1 103.0 90.6 93.0 76.2 89.9 38.5
-9999.0 -9999.0 -9999.0 -9999.0 -9999.0 -9999.0 -9999.0 -9999.0 -9999.0 -9999.0 -9999.0 -9999.0 -9999.0 -9999.0 -9999.0 -9999.0 -9999.0 -9999.0 -9999.0 -9999.0 -9999.0 -9999.0 -9999.0 -9999.0 -9999.0 -9999.0 -9999.0 -9999.0 -9999.0 -9999.0 -9999.0 -9999.0 -9999.0 -9999.0 -9999.0 -9999.0 -9999.0 -9999.0 -9999.0 -9999.0 -9999.0 -9999.0 -9999.0 -9999.0 -9999.0 -9999.0 -9999.0 -9999.0 -9999.0 -9999.0 73.8 61.2 81.2 105.2 117.0 131.0 128.7 121.8 126.4 129.0 139.7 137.2 156.8 179.7 197.2 193.7 198.1 143.7 158.0 129.7 124.6 106.4 86.9 82.0 80.1 80.2 24.0 82.7
-9999.0 -9999.0 -9999.0 -9999.0 -9999.0 -9999.0 -9999.0 -9999.0 -9999.0 -9999.0 -9999.0 -9999.0 -9999.0 -9999.0 -9999.0 -9999.0 -9999.0 -9999.0 -9999.0 -9999.0 -9999.0 -9999.0 -9999.0 -9999.0 -9999.0 -9999.0 -9999.0 -9999.0 -9999.0 -9999.0 -9999.0 -9999.0 -9999.0 -9999.0 -9999.0 -9999.0 -9999.0 -9999.0 -9999.0 -9999.0 -9999.0 -9999.0 -9999.0 -9999.0 -9999.0 -9999.0 -9999.0 -9999.0 -9999.0 -9999.0 107.6 111.5 102.0 154.0 183.8 196.9 164.1 180.0 168.1 167.3 171.2 172.3 179.8 194.3 196.5 139.7 130.1 98.1 107.2 109.6 105.1 82.6 56.3 36.8 24.3 16.5 36.6 19.8
-9999.0 -9999.0 -9999.0 -9999.0 -9999.0 -9999.0 -9999.0 -9999.0 -9999.0 -9999.0 -9999.0 -9999.0 -9999.0 -9999.0 -9999.0 -9999.0 -9999.0 -9999.0 -9999.0 -9999.0 -9999.0 -9999.0 -9999.0 -9999.0 -9999.0 -9999.0 -9999.0 -9999.0 -9999.0 -9999.0 -9999.0 -9999.0 -9999.0 -9999.0 -9999.0 -9999.0 -9999.0 -9999.0 -9999.0 -9999.0 -9999.0 -9999.0 -9999.0 -9999.0 -9999.0 -9999.0 -9999.0 -9999.0 -9999.0 -9999.0 179.1 160.3 160.8 229.5 234.8 246.3 246.9 233.2 215.4 215.2 205.9 196.7 197.2 193.7 190.0 140.6 92.3 76.7 84.0 95.5 78.2 65.0 19.0 17.5 5.7 10.3 47.9 22.4
-9999.0 -9999.0 -9999.0 -9999.0 -9999.0 -9999.0 -9999.0 -9999.0 -9999.0 -9999.0 -9999.0 -9999.0 -9999.0 -9999.0 -9999.0 -9999.0 -9999.0 -9999.0 -9999.0 -9999.0 -9999.0 -9999.0 -9999.0 -9999.0 -9999.0 -9999.0 -9999.0 -9999.0 -9999.0 -9999.0 -9999.0 -9999.0 -9999.0 -9999.0 -9999.0 -9999.0 -9999.0 -9999.0 -9999.0 -9999.0 -9999.0 -9999.0 -9999.0 -9999.0 -9999.0 -9999.0 -9999.0 -9999.0 -9999.0 -9999.0 264.8 263.5 263.5 285.4 297.9 301.2 247.0 259.5 251.5 242.4 229.7 209.1 176.7 177.2 163.4 122.7 95.1 69.4 77.1 56.8 44.9 18.6 6.5 5.9 2.7 12.2 32.5 16.2
-9999.0 -9999.0 -9999.0 -9999.0 -9999.0 -9999.0 -9999.0 -9999.0 -9999.0 -9999.0 -9999.0 -9999.0 -9999.0 -9999.0 -9999.0 -9999.0 -9999.0 -9999.0 -9999.0 -9999.0 -9999.0 -9999.0 -9999.0 -9999.0 -9999.0 -9999.0 -9999.0 -9999.0 -9999.0 -9999.0 -9999.0 -9999.0 -9999.0 -9999.0 -9999.0 -9999.0 -9999.0 -9999.0 -9999.0 -9999.0 -9999.0 -9999.0 -9999.0 -9999.0 -9999.0 -9999.0 -9999.0 -9999.0 -9999.0 -9999.0 -9999.0 -9999.0 -9999.0 333.6 311.6 285.2 263.0 250.3 238.8 246.8 226.1 205.6 192.5 156.4 117.7 81.2 74.2 46.0 53.8 43.6 20.6 6.0 2.2 3.0 6.7 9.4 14.2 7.8
-9999.0 -9999.0 -9999.0 -9999.0 -9999.0 -9999.0 -9999.0 -9999.0 -9999.0 -9999.0 -9999.0 -9999.0 -9999.0 -9999.0 -9999.0 -9999.0 -9999.0 -9999.0 -9999.0 -9999.0 -9999.0 -9999.0 -9999.0 -9999.0 -9999.0 -9999.0 -9999.0 -9999.0 -9999.0 -9999.0 -9999.0 -9999.0 -9999.0 -9999.0 -9999.0 -9999.0 -9999.0 -9999.0 -9999.0 -9999.0 -9999.0 -9999.0 -9999.0 -9999.0 -9999.0 -9999.0 -9999.0 -9999.0 -9999.0 -9999.0 -9999.0 -9999.0 -9999.0 397.8 348.6 296.9 235.9 209.9 219.0 233.4 240.8 210.7 204.3 131.0 87.4 56.8 34.9 44.9 29.4 20.5 8.5 4.4 4.9 9.4 15.6 21.9 12.5 17.8
-9999.0 -9999.0 -9999.0 -9999.0 -9999.0 -9999.0 -9999.0 -9999.0 -9999.0 -9999.0 -9999.0 -9999.0 -9999.0 -9999.0 -9999.0 -9999.0 -9999.0 -9999.0 -9999.0 -9999.0 -9999.0 -9999.0 -9999.0 -9999.0 -9999.0 -9999.0 -9999.0 -9999.0 -9999.0 -9999.0 -9999.0 -9999.0 -9999.0 -9999.0 -9999.0 -9999.0 -9999.0 -9999.0 -9999.0 -9999.0 -9999.0 -9999.0 -9999.0 -9999.0 -9999.0 -9999.0 -9999.0 -9999.0 -9999.0 -9999.0 -9999.0 -9999.0 -9999.0 434.1 371.5 274.7 203.0 174.2 184.3 211.0 227.4 223.2 200.7 154.7 78.2 -9999.0 -9999.0 -9999.0 27.7 15.6 11.1 11.3 14.0 18.4 23.8 30.2 20.2 26.2
-9999.0 -9999.0 -9999.0 -9999.0 -9999.0 -9999.0 -9999.0 -9999.0 -9999.0 -9999.0 -9999.0 -9999.0 -9999.0 -9999.0 -9999.0 -9999.0 -9999.0 -9999.0 -9999.0 -9999.0 -9999.0 -9999.0 -9999.0 -9999.0 -9999.0 -9999.0 -9999.0 -9999.0 -9999.0 -9999.0 -9999.0 -9999.0 -9999.0 -9999.0 -9999.0 -9999.0 -9999.0 -9999.0 -9999.0 -9999.0 -9999.0 -9999.0 -9999.0 -9999.0 -9999.0 -9999.0 -9999.0 -9999.0 -9999.0 -9999.0 -9999.0 -9999.0 -9999.0 -9999.0 346.0 249.7 182.3 155.8 153.6 175.3 197.6 -9999.0 -9999.0 -9999.0 -9999.0 -9999.0 -9999.0 -9999.0 27.7 25.4 28.2 24.5 25.3 26.4 26.0 25.8 30.2 38.5
-9999.0 -9999.0 -9999.0 -9999.0 -9999.0 -9999.0 -9999.0 -9999.0 -9999.0 -9999.0 -9999.0 -9999.0 -9999.0 -9999.0 -9999.0 -9999.0 -9999.0 -9999.0 -9999.0 -9999.0 -9999.0 -9999.0 -9999.0 -9999.0 -9999.0 -9999.0 -9999.0 -9999.0 -9999.0 -9999.0 -9999.0 -9999.0 -9999.0 -9999.0 -9999.0 -9999.0 -9999.0 -9999.0 -9999.0 -9999.0 -9999.0 -9999.0 -9999.0 -9999.0 -9999.0 -9999.0 -9999.0 -9999.0 -9999.0 -9999.0 -9999.0 -9999.0 -9999.0 -9999.0 -9999.0 234.3 159.8 136.2 144.5 156.2 174.6 -9999.0 -9999.0 -9999.0 -9999.0 -9999.0 -9999.0 -9999.0 -9999.0 -9999.0 41.8 -9999.0 -9999.0 -9999.0 -9999.0 -9999.0 40.6 -9999.0
-9999.0 -9999.0 -9999.0 -9999.0 -9999.0 -9999.0 -9999.0 -9999.0 -9999.0 -9999.0 -9999.0 -9999.0 -9999.0 -9999.0 -9999.0 -9999.0 -9999.0 -9999.0 -9999.0 -9999.0 -9999.0 -9999.0 -9999.0 -9999.0 -9999.0 -9999.0 -9999.0 -9999.0 -9999.0 -9999.0 -9999.0 -9999.0 -9999.0 -9999.0 -9999.0 -9999.0 -9999.0 -9999.0 -9999.0 -9999.0 -9999.0 -9999.0 -9999.0 -9999.0 -9999.0 -9999.0 -9999.0 -9999.0 -9999.0 -9999.0 -9999.0 -9999.0 -9999.0 -9999.0 -9999.0 -9999.0 -9999.0 -9999.0 131.8 147.9 -9999.0 -9999.0 -9999.0 -9999.0 -9999.0 -9999.0 -9999.0 -9999.0 -9999.0 -9999.0 -9999.0 -9999.0 -9999.0 -9999.0 -9999.0 42.3 55.4 -9999.0
-9999.0 -9999.0 -9999.0 -9999.0 -9999.0 -9999.0 -9999.0 -9999.0 -9999.0 -9999.0 -9999.0 -9999.0 -9999.0 -9999.0 -9999.0 -9999.0 -9999.0 -9999.0 -9999.0 -9999.0 -9999.0 -9999.0 -9999.0 -9999.0 -9999.0 -9999.0 -9999.0 -9999.0 -9999.0 -9999.0 -9999.0 -9999.0 -9999.0 -9999.0 -9999.0 -9999.0 -9999.0 -9999.0 -9999.0 -9999.0 -9999.0 -9999.0 -9999.0 -9999.0 -9999.0 -9999.0 -9999.0 -9999.0 -9999.0 -9999.0 -9999.0 -9999.0 -9999.0 -9999.0 -9999.0 -9999.0 -9999.0 -9999.0 -9999.0 -9999.0 -9999.0 -9999.0 -9999.0 -9999.0 -9999.0 -9999.0 -9999.0 -9999.0 -9999.0 -9999.0 -9999.0 -9999.0 -9999.0 -9999.0 -9999.0 -9999.0 -9999.0 -9999.0
-9999.0 -9999.0 -9999.0 -9999.0 -9999.0 -9999.0 -9999.0 -9999.0 -9999.0 -9999.0 -9999.0 -9999.0 -9999.0 -9999.0 -9999.0 -9999.0 -9999.0 -9999.0 -9999.0 -9999.0 -9999.0 -9999.0 -9999.0 -9999.0 -9999.0 -9999.0 -9999.0 -9999.0 -9999.0 -9999.0 -9999.0 -9999.0 -9999.0 -9999.0 -9999.0 -9999.0 -9999.0 -9999.0 -9999.0 -9999.0 -9999.0 -9999.0 -9999.0 -9999.0 -9999.0 -9999.0 -9999.0 -9999.0 -9999.0 -9999.0 -9999.0 -9999.0 -9999.0 -9999.0 -9999.0 -9999.0 -9999.0 -9999.0 -9999.0 -9999.0 -9999.0 -9999.0 -9999.0 -9999.0 -9999.0 -9999.0 -9999.0 -9999.0 -9999.0 -9999.0 -9999.0 -9999.0 -9999.0 -9999.0 -9999.0 85.1 97.8 109.3
-9999.0 -9999.0 -9999.0 -9999.0 -9999.0 -9999.0 -9999.0 -9999.0 -9999.0 -9999.0 -9999.0 -9999.0 -9999.0 -9999.0 -9999.0 -9999.0 -9999.0 -9999.0 -9999.0 -9999.0 -9999.0 -9999.0 -9999.0 -9999.0 -9999.0 -9999.0 -9999.0 -9999.0 -9999.0 -9999.0 -9999.0 -9999.0 -9999.0 -9999.0 -9999.0 -9999.0 -9999.0 -9999.0 -9999.0 -9999.0 -9999.0 -9999.0 -9999.0 -9999.0 -9999.0 -9999.0 -9999.0 -9999.0 -9999.0 -9999.0 -9999.0 -9999.0 -9999.0 -9999.0 -9999.0 -9999.0 -9999.0 -9999.0 -9999.0 -9999.0 -9999.0 -9999.0 -9999.0 -9999.0 -9999.0 -9999.0 -9999.0 -9999.0 -9999.0 -9999.0 -9999.0 -9999.0 -9999.0 119.6 106.7 102.8 114.9 -9999.0
