program/excelProcessViaJava/data/SURF_CLI_CHN_PRE_MON_GRID_0.5-201408.txt
NCOLS      128
NROWS       72
XLLCORNER    72.000000000000    
YLLCORNER    18.000000000000    
CELLSIZE    0.50000000000000    
NODATA_VALUE   -9999.000    
[rows 33 to 65 of 72, columns 0 to 74 of 128]
-9999.0 -9999.0 -9999.0 18.1 25.0 30.3 33.6 41.9 45.0 37.7 38.3 28.8 16.5 5.5 2.3 1.4 1.1 1.1 1.1 1.1 1.1 1.2 1.3 1.6 2.1 3.0 4.1 13.6 9.1 11.1 13.4 13.9 15.0 18.6 16.0 16.9 16.0 29.0 24.8 13.5 4.9 2.4 1.9 1.6 2.1 3.2 5.9 12.5 20.8 20.8 26.8 52.0 80.3 120.0 95.4 123.4 135.2 172.8 156.2 174.8 154.1 119.3 99.0 64.0 50.5 66.8 79.9 85.9 101.3 99.0 91.9 88.9 89.2 91.4 90.5
-9999.0 -9999.0 -9999.0 -9999.0 21.9 28.1 30.5 37.0 34.5 36.2 35.5 33.9 28.3 23.2 6.7 4.5 3.5 1.6 1.2 1.2 1.7 2.0 2.7 5.2 9.4 12.0 10.3 11.3 12.0 13.3 14.7 17.8 18.5 20.6 23.7 24.0 29.9 35.9 27.3 17.3 24.3 7.0 4.7 2.8 2.8 3.4 4.5 6.2 8.6 12.8 16.6 23.3 65.1 61.6 68.7 93.9 107.2 118.0 120.5 61.1 106.7 66.2 65.0 69.0 59.4 57.2 79.2 90.7 100.8 103.5 99.4 97.2 99.7 108.0 112.7
-9999.0 -9999.0 -9999.0 -9999.0 -9999.0 17.5 23.0 31.0 31.4 32.4 28.9 27.4 24.0 20.9 17.5 4.4 7.5 3.5 2.8 4.3 7.2 9.2 9.7 9.7 10.0 10.6 11.9 13.1 14.5 16.7 18.4 20.6 22.9 26.5 31.2 32.9 40.8 42.3 51.8 55.4 31.9 58.1 48.6 27.6 13.3 6.5 9.8 9.5 14.1 11.3 12.0 16.8 33.0 104.6 104.4 70.5 70.0 67.8 102.5 69.9 100.5 64.9 58.4 63.9 74.1 63.8 73.0 81.1 88.6 94.0 96.5 98.6 106.9 116.4 124.1
-9999.0 -9999.0 -9999.0 -9999.0 -9999.0 -9999.0 -9999.0 21.9 26.4 25.3 23.8 22.2 19.9 18.0 14.9 14.8 10.9 9.5 10.7 8.5 8.4 9.7 9.7 10.4 11.2 12.3 13.4 15.4 16.6 18.4 21.1 23.8 26.9 31.7 35.0 40.5 45.2 54.0 59.5 61.4 63.7 61.0 59.3 73.3 36.9 19.6 22.9 24.0 42.2 35.1 70.8 66.7 40.5 62.4 101.9 68.6 71.7 79.0 86.3 90.2 85.9 87.9 77.0 82.6 77.4 70.5 66.5 68.1 76.3 86.3 97.7 108.2 117.6 120.4 116.9
-9999.0 -9999.0 -9999.0 -9999.0 -9999.0 -9999.0 -9999.0 19.4 17.5 19.7 18.8 17.0 15.6 13.8 11.6 9.6 9.5 10.8 9.0 10.1 9.4 9.4 10.2 11.4 12.8 14.2 16.0 17.9 19.9 22.1 24.8 27.6 31.1 35.5 40.1 46.1 53.0 62.4 69.4 78.3 78.8 80.8 72.5 60.7 61.0 53.5 49.1 45.5 48.3 51.2 64.6 60.2 57.7 60.9 95.9 69.7 66.3 71.7 81.3 82.8 88.8 97.7 101.3 92.8 90.6 73.5 58.7 57.4 68.0 84.9 107.7 129.3 137.7 134.1 135.2
-9999.0 -9999.0 -9999.0 -9999.0 -9999.0 -9999.0 -9999.0 -9999.0 -9999.0 -9999.0 13.9 12.9 10.6 10.7 9.1 8.5 7.8 7.4 7.4 8.2 9.4 10.0 11.5 13.0 15.0 17.0 19.1 21.3 23.8 26.6 29.5 31.9 36.3 40.6 46.3 53.3 61.6 72.1 88.8 95.0 105.7 102.0 91.6 80.5 90.6 68.3 82.9 66.0 72.1 70.8 62.2 66.9 72.8 89.1 112.4 96.0 79.9 87.8 89.1 94.9 106.1 102.2 100.0 101.3 96.8 61.8 43.3 48.1 61.2 83.6 118.2 150.7 159.9 145.9 108.7
-9999.0 -9999.0 -9999.0 -9999.0 -9999.0 -9999.0 -9999.0 -9999.0 -9999.0 -9999.0 -9999.0 8.9 7.7 6.8 7.1 6.2 7.1 6.6 7.1 8.5 8.8 10.7 12.7 15.1 16.9 20.4 23.8 25.5 28.7 30.0 34.5 38.2 41.8 45.0 50.7 58.6 68.0 80.3 94.1 107.1 116.7 119.0 113.9 112.5 103.9 100.6 101.7 81.9 85.6 89.8 109.5 110.2 102.3 100.5 114.7 124.4 124.0 137.2 111.4 137.1 132.1 134.0 123.9 106.5 88.9 87.1 41.4 45.5 60.0 84.9 118.9 127.6 125.3 120.7 136.4
-9999.0 -9999.0 -9999.0 -9999.0 -9999.0 -9999.0 -9999.0 -9999.0 -9999.0 -9999.0 -9999.0 -9999.0 6.1 4.6 4.0 4.9 4.4 5.2 6.6 7.7 9.3 11.5 14.1 17.7 22.0 25.1 28.8 33.9 35.7 40.4 41.0 41.8 47.0 51.6 55.9 64.0 71.5 84.6 101.2 118.4 130.7 135.1 141.3 128.4 132.7 137.3 121.4 112.6 99.1 116.6 120.1 133.4 126.8 143.2 132.9 153.2 144.8 157.7 149.5 156.4 150.4 136.6 137.4 137.6 78.2 73.1 37.4 47.3 64.8 90.1 127.0 171.0 203.5 205.6 207.3
-9999.0 -9999.0 -9999.0 -9999.0 -9999.0 -9999.0 -9999.0 -9999.0 -9999.0 -9999.0 -9999.0 -9999.0 3.5 3.4 3.8 3.1 3.9 4.4 5.6 7.3 9.7 12.9 15.9 21.4 25.8 27.5 31.6 33.6 39.6 44.2 50.5 54.4 52.0 55.4 65.3 70.3 77.9 88.5 103.4 123.2 140.4 151.0 152.7 158.7 152.3 149.7 157.3 161.4 161.3 158.3 160.0 153.4 157.6 210.1 198.7 189.8 176.7 191.6 224.7 204.2 190.3 154.4 150.7 96.5 59.2 59.2 61.0 69.4 91.2 109.4 107.2 124.0 170.8 193.1 218.8
-9999.0 -9999.0 -9999.0 -9999.0 -9999.0 -9999.0 -9999.0 -9999.0 -9999.0 -9999.0 -9999.0 2.4 2.3 2.6 2.6 2.5 3.5 4.1 5.4 7.5 10.5 14.4 18.7 24.6 31.2 32.6 39.1 46.2 50.9 53.3 58.5 66.9 58.9 67.3 69.3 77.6 79.3 96.3 111.9 130.1 145.5 160.4 171.2 159.9 166.9 174.5 176.8 171.7 175.7 178.6 197.7 218.2 199.1 218.8 205.0 200.2 219.7 165.6 206.8 190.7 192.7 201.4 163.9 178.3 109.3 81.3 92.5 111.9 130.2 153.6 171.0 167.8 145.6 111.2 107.0
-9999.0 -9999.0 -9999.0 -9999.0 -9999.0 -9999.0 -9999.0 -9999.0 -9999.0 -9999.0 -9999.0 1.4 1.5 1.3 1.6 2.4 2.8 3.4 5.1 7.3 11.2 14.9 20.4 27.0 35.9 44.6 51.2 57.9 63.1 71.5 77.0 77.7 70.4 85.5 88.4 88.2 99.4 105.0 121.2 146.7 159.1 165.1 162.2 161.6 167.0 178.3 194.6 197.5 197.2 175.6 183.9 217.9 208.8 206.6 204.7 182.7 199.1 214.3 195.7 240.9 261.3 280.7 155.7 114.2 104.6 90.9 111.8 142.6 159.4 170.6 178.9 183.1 179.6 197.1 212.8
-9999.0 -9999.0 -9999.0 -9999.0 -9999.0 -9999.0 -9999.0 -9999.0 -9999.0 -9999.0 -9999.0 -9999.0 0.8 1.1 1.1 1.4 2.0 3.1 4.7 7.2 9.8 13.7 21.4 26.7 36.5 39.8 50.6 51.5 73.0 80.9 88.4 77.8 96.9 106.6 107.0 104.2 110.1 118.6 139.8 152.1 173.2 180.6 168.5 158.7 162.5 179.2 191.1 186.2 172.1 174.9 187.7 188.8 269.5 288.6 251.1 177.0 195.6 217.5 237.6 202.1 214.6 226.4 360.5 143.9 91.3 115.0 133.4 161.6 187.6 203.1 219.3 242.6 248.2 249.4 294.6
-9999.0 -9999.0 -9999.0 -9999.0 -9999.0 -9999.0 -9999.0 -9999.0 -9999.0 -9999.0 -9999.0 -9999.0 0.6 0.9 1.0 1.2 1.7 2.7 4.2 6.5 8.8 14.8 19.3 25.0 38.4 46.1 57.1 70.0 73.1 96.4 86.7 97.8 98.2 114.9 111.4 95.7 104.2 129.9 144.5 172.0 186.4 167.7 167.0 164.4 157.9 158.5 169.1 152.1 175.3 174.1 158.5 213.8 220.9 208.9 260.6 259.7 175.5 182.3 234.6 342.1 318.6 537.7 356.2 131.2 133.3 136.9 152.2 176.9 206.0 238.6 268.0 294.6 285.8 298.4 270.4
-9999.0 -9999.0 -9999.0 -9999.0 -9999.0 -9999.0 -9999.0 -9999.0 -9999.0 -9999.0 -9999.0 -9999.0 -9999.0 0.4 0.8 0.9 1.4 2.3 3.9 6.3 8.4 12.5 17.3 25.1 41.2 47.7 56.7 75.1 83.8 66.7 81.9 93.3 114.5 115.1 102.0 103.8 121.0 131.9 137.1 133.4 170.6 169.8 164.2 157.5 159.4 150.0 149.0 134.8 137.5 139.5 166.8 149.4 205.2 251.0 283.5 260.8 202.1 208.4 276.1 192.7 360.0 223.1 179.7 194.8 171.2 161.4 167.6 184.6 213.0 250.6 284.0 299.5 303.2 277.0 264.8
-9999.0 -9999.0 -9999.0 -9999.0 -9999.0 -9999.0 -9999.0 -9999.0 -9999.0 -9999.0 -9999.0 -9999.0 -9999.0 -9999.0 0.3 0.7 1.1 1.8 3.4 6.2 8.3 13.8 20.4 26.8 33.6 43.7 42.2 60.2 58.3 90.0 91.2 105.9 90.3 98.1 111.7 93.7 94.9 142.0 139.7 146.2 138.5 141.5 144.9 144.4 150.1 144.8 128.4 115.9 119.3 98.9 119.5 188.2 174.9 206.7 186.7 234.5 244.8 178.5 337.1 417.6 223.7 235.6 287.5 249.3 210.8 184.0 175.5 183.7 208.6 244.0 261.1 257.2 222.7 208.0 217.0
-9999.0 -9999.0 -9999.0 -9999.0 -9999.0 -9999.0 -9999.0 -9999.0 -9999.0 -9999.0 -9999.0 -9999.0 -9999.0 -9999.0 -9999.0 -9999.0 -9999.0 1.8 3.7 7.1 10.9 12.2 21.4 29.3 31.7 41.9 39.9 55.6 78.2 74.1 95.9 125.0 85.0 138.3 156.1 115.3 90.6 157.4 125.4 125.1 122.1 116.4 122.3 126.8 193.0 140.8 194.0 115.5 93.2 98.5 95.1 108.3 133.1 181.0 214.8 241.8 217.6 319.7 352.8 428.2 242.6 296.0 326.5 294.5 243.3 204.6 185.2 188.2 210.1 235.2 241.5 220.1 198.4 168.8 172.1
-9999.0 -9999.0 -9999.0 -9999.0 -9999.0 -9999.0 -9999.0 -9999.0 -9999.0 -9999.0 -9999.0 -9999.0 -9999.0 -9999.0 -9999.0 -9999.0 -9999.0 -9999.0 -9999.0 -9999.0 12.2 13.1 17.0 18.6 29.6 48.4 57.9 67.6 74.5 98.2 102.2 147.0 145.5 134.7 140.7 106.0 109.6 114.2 122.1 140.2 134.9 90.3 92.9 98.1 177.2 106.5 223.3 99.1 104.7 219.7 84.5 147.5 158.7 116.5 158.4 230.6 273.5 266.1 466.9 403.6 282.0 300.1 329.5 305.1 261.1 220.5 200.6 203.8 215.5 224.3 216.3 202.6 178.5 172.6 187.7
-9999.0 -9999.0 -9999.0 -9999.0 -9999.0 -9999.0 -9999.0 -9999.0 -9999.0 -9999.0 -9999.0 -9999.0 -9999.0 -9999.0 -9999.0 -9999.0 -9999.0 -9999.0 -9999.0 -9999.0 -9999.0 -9999.0 12.7 34.0 31.8 42.6 52.7 59.5 56.6 82.0 86.2 89.0 69.0 85.9 75.8 77.1 72.4 82.6 69.8 64.8 63.3 64.3 70.4 92.0 151.0 228.6 137.7 108.3 116.7 118.6 77.3 101.3 78.4 95.1 103.4 112.9 216.0 326.7 231.0 396.9 316.1 342.9 345.6 283.1 264.9 229.8 211.5 211.0 217.2 203.3 205.6 191.3 188.4 199.1 236.1
-9999.0 -9999.0 -9999.0 -9999.0 -9999.0 -9999.0 -9999.0 -9999.0 -9999.0 -9999.0 -9999.0 -9999.0 -9999.0 -9999.0 -9999.0 -9999.0 -9999.0 -9999.0 -9999.0 -9999.0 -9999.0 -9999.0 -9999.0 -9999.0 47.3 60.8 56.5 31.6 40.6 38.7 57.8 83.1 88.2 71.9 74.8 56.4 49.6 55.2 47.5 44.4 42.6 42.4 118.3 113.9 176.6 194.6 169.3 203.2 77.0 99.7 88.1 77.7 101.2 103.6 82.6 102.5 176.3 196.9 328.1 353.2 360.8 368.0 624.8 262.1 254.7 230.2 208.4 221.9 220.2 201.6 162.0 169.0 198.5 214.1 232.7
-9999.0 -9999.0 -9999.0 -9999.0 -9999.0 -9999.0 -9999.0 -9999.0 -9999.0 -9999.0 -9999.0 -9999.0 -9999.0 -9999.0 -9999.0 -9999.0 -9999.0 -9999.0 -9999.0 -9999.0 -9999.0 -9999.0 -9999.0 -9999.0 -9999.0 48.0 61.3 76.7 90.6 74.5 78.0 81.7 45.3 84.5 50.3 100.6 45.0 40.4 51.0 30.2 26.1 38.2 94.2 133.4 142.9 153.8 163.3 171.1 178.5 135.5 169.6 162.7 84.0 87.4 92.5 124.7 127.5 154.1 259.1 249.0 327.9 343.2 263.7 265.8 347.1 258.6 194.1 153.1 131.2 123.6 119.3 139.2 179.3 199.5 206.1
-9999.0 -9999.0 -9999.0 -9999.0 -9999.0 -9999.0 -9999.0 -9999.0 -9999.0 -9999.0 -9999.0 -9999.0 -9999.0 -9999.0 -9999.0 -9999.0 -9999.0 -9999.0 -9999.0 -9999.0 -9999.0 -9999.0 -9999.0 -9999.0 -9999.0 -9999.0 -9999.0 51.7 63.5 73.1 82.2 87.5 89.5 78.2 40.6 36.3 -9999.0 49.9 53.6 24.9 40.3 58.5 55.7 95.5 105.5 113.1 122.0 -9999.0 -9999.0 149.8 166.0 173.1 128.6 114.7 122.8 126.8 136.1 155.8 179.6 231.8 261.3 284.2 248.2 260.2 270.2 247.9 210.2 177.2 131.5 104.0 106.5 118.3 146.0 170.4 165.0
-9999.0 -9999.0 -9999.0 -9999.0 -9999.0 -9999.0 -9999.0 -9999.0 -9999.0 -9999.0 -9999.0 -9999.0 -9999.0 -9999.0 -9999.0 -9999.0 -9999.0 -9999.0 -9999.0 -9999.0 -9999.0 -9999.0 -9999.0 -9999.0 -9999.0 -9999.0 -9999.0 -9999.0 -9999.0 -9999.0 -9999.0 -9999.0 -9999.0 56.6 55.8 -9999.0 -9999.0 -9999.0 -9999.0 49.4 49.8 52.3 56.0 61.0 67.2 -9999.0 -9999.0 -9999.0 -9999.0 -9999.0 -9999.0 -9999.0 152.3 151.3 150.6 151.8 154.0 164.9 191.7 226.9 241.3 221.8 228.1 221.0 300.9 313.9 282.9 170.4 140.6 145.7 127.3 121.7 139.5 151.8 137.4
-9999.0 -9999.0 -9999.0 -9999.0 -9999.0 -9999.0 -9999.0 -9999.0 -9999.0 -9999.0 -9999.0 -9999.0 -9999.0 -9999.0 -9999.0 -9999.0 -9999.0 -9999.0 -9999.0 -9999.0 -9999.0 -9999.0 -9999.0 -9999.0 -9999.0 -9999.0 -9999.0 -9999.0 -9999.0 -9999.0 -9999.0 -9999.0 -9999.0 -9999.0 -9999.0 -9999.0 -9999.0 -9999.0 -9999.0 23.6 24.3 25.4 27.6 32.3 -9999.0 -9999.0 -9999.0 -9999.0 -9999.0 -9999.0 -9999.0 -9999.0 149.9 191.7 186.9 192.1 171.9 171.6 187.4 210.9 218.2 197.0 381.6 195.5 256.6 242.6 192.3 173.2 170.3 169.2 153.2 141.6 160.9 154.2 150.4
-9999.0 -9999.0 -9999.0 -9999.0 -9999.0 -9999.0 -9999.0 -9999.0 -9999.0 -9999.0 -9999.0 -9999.0 -9999.0 -9999.0 -9999.0 -9999.0 -9999.0 -9999.0 -9999.0 -9999.0 -9999.0 -9999.0 -9999.0 -9999.0 -9999.0 -9999.0 -9999.0 -9999.0 -9999.0 -9999.0 -9999.0 -9999.0 -9999.0 -9999.0 -9999.0 -9999.0 -9999.0 -9999.0 -9999.0 -9999.0 -9999.0 -9999.0 -9999.0 -9999.0 -9999.0 -9999.0 -9999.0 -9999.0 -9999.0 -9999.0 -9999.0 146.7 203.6 229.0 179.4 190.9 175.5 187.3 187.8 172.0 226.2 216.2 174.1 183.7 212.7 214.8 180.2 165.5 185.4 177.0 167.5 159.6 161.6 169.2 168.3
-9999.0 -9999.0 -9999.0 -9999.0 -9999.0 -9999.0 -9999.0 -9999.0 -9999.0 -9999.0 -9999.0 -9999.0 -9999.0 -9999.0 -9999.0 -9999.0 -9999.0 -9999.0 -9999.0 -9999.0 -9999.0 -9999.0 -9999.0 -9999.0 -9999.0 -9999.0 -9999.0 -9999.0 -9999.0 -9999.0 -9999.0 -9999.0 -9999.0 -9999.0 -9999.0 -9999.0 -9999.0 -9999.0 -9999.0 -9999.0 -9999.0 -9999.0 -9999.0 -9999.0 -9999.0 -9999.0 -9999.0 -9999.0 -9999.0 -9999.0 74.9 196.2 248.6 257.2 212.3 197.8 153.8 142.6 166.3 196.9 195.9 230.3 186.5 200.2 199.9 188.0 194.1 181.0 196.3 172.2 167.1 163.7 172.1 179.8 195.3
-9999.0 -9999.0 -9999.0 -9999.0 -9999.0 -9999.0 -9999.0 -9999.0 -9999.0 -9999.0 -9999.0 -9999.0 -9999.0 -9999.0 -9999.0 -9999.0 -9999.0 -9999.0 -9999.0 -9999.0 -9999.0 -9999.0 -9999.0 -9999.0 -9999.0 -9999.0 -9999.0 -9999.0 -9999.0 -9999.0 -9999.0 -9999.0 -9999.0 -9999.0 -9999.0 -9999.0 -9999.0 -9999.0 -9999.0 -9999.0 -9999.0 -9999.0 -9999.0 -9999.0 -9999.0 -9999.0 -9999.0 -9999.0 -9999.0 -9999.0 63.4 232.0 220.9 271.4 243.8 186.2 133.8 160.5 162.1 152.8 148.4 163.9 149.9 179.7 196.9 144.5 164.8 174.7 186.7 168.9 165.4 172.8 186.5 195.7 213.4
-9999.0 -9999.0 -9999.0 -9999.0 -9999.0 -9999.0 -9999.0 -9999.0 -9999.0 -9999.0 -9999.0 -9999.0 -9999.0 -9999.0 -9999.0 -9999.0 -9999.0 -9999.0 -9999.0 -9999.0 -9999.0 -9999.0 -9999.0 -9999.0 -9999.0 -9999.0 -9999.0 -9999.0 -9999.0 -9999.0 -9999.0 -9999.0 -9999.0 -9999.0 -9999.0 -9999.0 -9999.0 -9999.0 -9999.0 -9999.0 -9999.0 -9999.0 -9999.0 -9999.0 -9999.0 -9999.0 -9999.0 -9999.0 -9999.0 -9999.0 48.1 137.7 184.8 294.9 226.5 175.1 190.8 153.4 157.1 141.6 130.7 143.9 149.6 148.2 192.9 178.2 163.0 178.5 183.6 197.4 174.7 207.3 205.9 223.3 228.8
-9999.0 -9999.0 -9999.0 -9999.0 -9999.0 -9999.0 -9999.0 -9999.0 -9999.0 -9999.0 -9999.0 -9999.0 -9999.0 -9999.0 -9999.0 -9999.0 -9999.0 -9999.0 -9999.0 -9999.0 -9999.0 -9999.0 -9999.0 -9999.0 -9999.0 -9999.0 -9999.0 -9999.0 -9999.0 -9999.0 -9999.0 -9999.0 -9999.0 -9999.0 -9999.0 -9999.0 -9999.0 -9999.0 -9999.0 -9999.0 -9999.0 -9999.0 -9999.0 -9999.0 -9999.0 -9999.0 -9999.0 -9999.0 -9999.0 -9999.0 84.4 191.4 225.7 269.5 244.5 221.8 164.5 167.2 166.9 162.9 136.4 125.3 102.4 151.3 208.0 221.1 243.5 235.4 253.1 170.5 187.1 194.9 214.7 230.7 224.9
-9999.0 -9999.0 -9999.0 -9999.0 -9999.0 -9999.0 -9999.0 -9999.0 -9999.0 -9999.0 -9999.0 -9999.0 -9999.0 -9999.0 -9999.0 -9999.0 -9999.0 -9999.0 -9999.0 -9999.0 -9999.0 -9999.0 -9999.0 -9999.0 -9999.0 -9999.0 -9999.0 -9999.0 -9999.0 -9999.0 -9999.0 -9999.0 -9999.0 -9999.0 -9999.0 -9999.0 -9999.0 -9999.0 -9999.0 -9999.0 -9999.0 -9999.0 -9999.0 -9999.0 -9999.0 -9999.0 -9999.0 -9999.0 -9999.0 -9999.0 144.9 103.0 231.4 239.0 237.2 217.1 200.8 198.0 202.0 197.4 214.6 155.0 210.3 197.1 226.7 239.9 292.4 255.0 272.3 239.2 196.4 178.3 182.3 199.7 213.7
-9999.0 -9999.0 -9999.0 -9999.0 -9999.0 -9999.0 -9999.0 -9999.0 -9999.0 -9999.0 -9999.0 -9999.0 -9999.0 -9999.0 -9999.0 -9999.0 -9999.0 -9999.0 -9999.0 -9999.0 -9999.0 -9999.0 -9999.0 -9999.0 -9999.0 -9999.0 -9999.0 -9999.0 -9999.0 -9999.0 -9999.0 -9999.0 -9999.0 -9999.0 -9999.0 -9999.0 -9999.0 -9999.0 -9999.0 -9999.0 -9999.0 -9999.0 -9999.0 -9999.0 -9999.0 -9999.0 -9999.0 -9999.0 -9999.0 -9999.0 -9999.0 -9999.0 -9999.0 247.9 253.6 298.4 242.7 224.3 233.6 256.9 243.9 246.5 299.5 296.7 301.4 297.3 276.1 328.7 255.0 225.2 185.8 175.6 189.7 220.2 240.6
-9999.0 -9999.0 -9999.0 -9999.0 -9999.0 -9999.0 -9999.0 -9999.0 -9999.0 -9999.0 -9999.0 -9999.0 -9999.0 -9999.0 -9999.0 -9999.0 -9999.0 -9999.0 -9999.0 -9999.0 -9999.0 -9999.0 -9999.0 -9999.0 -9999.0 -9999.0 -9999.0 -9999.0 -9999.0 -9999.0 -9999.0 -9999.0 -9999.0 -9999.0 -9999.0 -9999.0 -9999.0 -9999.0 -9999.0 -9999.0 -9999.0 -9999.0 -9999.0 -9999.0 -9999.0 -9999.0 -9999.0 -9999.0 -9999.0 -9999.0 -9999.0 -9999.0 -9999.0 272.9 262.4 324.6 306.6 276.5 283.7 298.9 338.8 367.8 425.3 448.3 421.3 384.5 -9999.0 328.5 299.8 229.8 218.0 245.7 290.0 333.1 340.8
-9999.0 -9999.0 -9999.0 -9999.0 -9999.0 -9999.0 -9999.0 -9999.0 -9999.0 -9999.0 -9999.0 -9999.0 -9999.0 -9999.0 -9999.0 -9999.0 -9999.0 -9999.0 -9999.0 -9999.0 -9999.0 -9999.0 -9999.0 -9999.0 -9999.0 -9999.0 -9999.0 -9999.0 -9999.0 -9999.0 -9999.0 -9999.0 -9999.0 -9999.0 -9999.0 -9999.0 -9999.0 -9999.0 -9999.0 -9999.0 -9999.0 -9999.0 -9999.0 -9999.0 -9999.0 -9999.0 -9999.0 -9999.0 -9999.0 -9999.0 -9999.0 -9999.0 -9999.0 321.1 341.4 361.7 323.8 302.6 351.9 400.0 384.6 463.5 506.1 -9999.0 -9999.0 -9999.0 -9999.0 -9999.0 291.3 285.7 329.4 338.9 415.1 480.7 446.1
-9999.0 -9999.0 -9999.0 -9999.0 -9999.0 -9999.0 -9999.0 -9999.0 -9999.0 -9999.0 -9999.0 -9999.0 -9999.0 -9999.0 -9999.0 -9999.0 -9999.0 -9999.0 -9999.0 -9999.0 -9999.0 -9999.0 -9999.0 -9999.0 -9999.0 -9999.0 -9999.0 -9999.0 -9999.0 -9999.0 -9999.0 -9999.0 -9999.0 -9999.0 -9999.0 -9999.0 -9999.0 -9999.0 -9999.0 -9999.0 -9999.0 -9999.0 -9999.0 -9999.0 -9999.0 -9999.0 -9999.0 -9999.0 -9999.0 -9999.0 -9999.0 -9999.0 -9999.0 -9999.0 -9999.0 379.5 458.1 393.3 377.3 434.4 462.8 -9999.0 -9999.0 -9999.0 -9999.0 -9999.0 -9999.0 -9999.0 -9999.0 305.2 339.7 386.7 485.7 548.5 494.2
