program/excelProcessViaJava/data/SURF_CLI_CHN_PRE_MON_GRID_0.5-198411.txt
NCOLS      128
NROWS       72
XLLCORNER    72.000000000000    
YLLCORNER    18.000000000000    
CELLSIZE    0.50000000000000    
NODATA_VALUE   -9999.000    
[rows 35 to 69 of 72, columns 0 to 78 of 128]
-9999.0 -9999.0 -9999.0 -9999.0 -9999.0 -9999.0 -9999.0 0.4 0.7 0.4 1.2 0.9 0.3 0.3 0.2 0.1 0.1 0.1 0.1 0.1 0.0 0.0 0.0 0.0 0.0 0.0 0.0 0.1 0.1 0.1 0.2 0.2 0.2 0.3 0.4 0.3 0.6 0.5 0.9 1.2 0.4 2.0 1.8 1.0 0.5 0.3 0.3 0.3 0.4 0.4 0.4 0.5 0.6 4.1 3.4 1.1 1.4 1.7 8.4 2.6 9.7 1.1 0.4 0.2 0.2 0.2 0.3 0.6 0.8 2.0 3.4 6.1 9.2 11.7 13.2 13.9 13.6 14.0 14.9
-9999.0 -9999.0 -9999.0 -9999.0 -9999.0 -9999.0 -9999.0 1.4 0.2 0.6 0.8 0.4 0.5 0.7 0.3 0.5 0.2 0.1 0.2 0.1 0.1 0.1 0.1 0.1 0.1 0.1 0.1 0.1 0.1 0.2 0.2 0.3 0.3 0.5 0.4 0.5 0.4 0.6 0.7 0.7 0.9 1.1 1.5 3.5 1.2 0.5 0.7 0.8 2.3 1.7 4.8 3.8 1.3 2.2 6.0 1.4 1.4 2.9 7.8 11.7 7.0 3.4 0.8 0.6 0.4 0.3 0.6 1.2 3.4 3.1 6.1 10.1 13.7 16.8 16.7 19.0 18.7 19.7 22.5
-9999.0 -9999.0 -9999.0 -9999.0 -9999.0 -9999.0 -9999.0 -9999.0 -9999.0 0.5 0.4 0.3 0.6 0.5 0.3 0.2 0.2 0.4 0.2 0.2 0.1 0.1 0.1 0.1 0.1 0.1 0.2 0.2 0.2 0.3 0.3 0.4 0.5 0.6 0.5 0.5 0.5 0.6 0.5 0.7 0.7 1.2 1.3 1.3 2.0 2.0 2.1 2.1 2.8 3.4 5.0 4.0 3.2 2.9 7.2 2.3 1.0 2.0 9.1 10.9 10.8 11.2 8.5 2.0 1.7 1.3 1.7 3.2 7.4 6.5 9.8 12.7 16.0 19.5 22.1 17.7 18.4 20.6 23.7
-9999.0 -9999.0 -9999.0 -9999.0 -9999.0 -9999.0 -9999.0 -9999.0 -9999.0 -9999.0 -9999.0 0.7 0.2 0.7 0.4 0.4 0.3 0.2 0.2 0.2 0.2 0.2 0.2 0.2 0.2 0.2 0.2 0.3 0.3 0.4 0.5 0.7 0.7 0.8 0.7 1.1 0.7 0.7 1.8 0.9 1.4 1.3 1.4 1.6 3.8 2.4 5.1 3.5 5.0 5.4 4.3 4.6 4.8 6.7 10.5 7.3 3.9 6.9 9.0 11.3 14.7 11.9 9.6 7.1 7.1 2.9 3.3 6.5 10.4 12.1 12.8 15.1 16.9 18.5 18.2 19.2 20.7 24.1 27.6
-9999.0 -9999.0 -9999.0 -9999.0 -9999.0 -9999.0 -9999.0 -9999.0 -9999.0 -9999.0 -9999.0 -9999.0 0.3 0.3 0.5 0.3 0.6 0.3 0.3 0.4 0.2 0.2 0.2 0.2 0.4 0.3 0.3 0.4 0.5 0.8 0.8 1.0 1.1 1.5 1.6 1.4 2.2 1.3 1.0 0.9 1.1 1.5 2.1 3.5 4.0 5.0 6.3 3.8 5.0 6.3 9.9 9.4 7.2 6.4 8.5 10.3 10.6 14.6 7.5 16.1 14.6 17.5 16.9 13.7 8.5 13.3 7.1 11.6 15.5 17.4 13.1 14.6 17.8 20.6 23.3 38.4 31.1 35.3 38.5
-9999.0 -9999.0 -9999.0 -9999.0 -9999.0 -9999.0 -9999.0 -9999.0 -9999.0 -9999.0 -9999.0 -9999.0 0.8 0.2 0.2 0.4 0.3 0.3 0.4 0.3 0.3 0.3 0.3 0.3 0.3 0.4 0.4 0.5 0.7 0.8 1.1 1.6 1.8 2.0 2.3 2.1 2.8 2.7 2.2 2.1 2.0 2.5 5.1 4.5 7.3 9.9 7.1 5.7 3.5 6.7 7.0 8.7 6.5 8.8 6.6 9.9 8.2 10.9 9.3 11.2 11.9 13.0 16.6 19.9 9.0 12.8 5.2 9.2 13.2 17.1 23.4 35.7 41.6 33.1 37.4 38.5 42.3 50.8 53.7
-9999.0 -9999.0 -9999.0 -9999.0 -9999.0 -9999.0 -9999.0 -9999.0 -9999.0 -9999.0 -9999.0 -9999.0 -9999.0 0.3 0.6 0.2 0.4 0.3 0.3 0.3 0.3 0.3 0.4 0.4 0.4 0.6 0.7 0.9 0.9 1.1 1.3 1.6 2.5 3.1 2.8 3.0 3.1 3.4 6.9 4.9 5.1 6.7 7.5 11.3 10.6 10.0 11.8 12.2 11.0 9.1 8.2 5.6 5.3 13.7 10.8 9.0 7.0 9.5 16.2 14.7 14.6 12.1 15.0 11.0 4.7 9.2 14.5 14.8 18.9 17.9 14.8 22.9 34.9 44.6 54.8 53.8 56.6 60.9 57.8
-9999.0 -9999.0 -9999.0 -9999.0 -9999.0 -9999.0 -9999.0 -9999.0 -9999.0 -9999.0 -9999.0 -9999.0 0.3 0.6 0.5 0.3 0.6 0.4 0.4 0.3 0.3 0.4 0.4 0.5 0.5 0.6 0.7 0.7 0.9 1.2 1.5 1.8 3.1 3.4 4.3 4.3 5.5 4.1 4.4 5.8 10.3 14.3 17.7 11.9 15.1 16.5 14.1 9.4 8.6 7.5 9.9 11.9 6.0 8.2 6.0 5.4 7.3 3.7 8.4 8.8 10.9 14.5 13.1 19.1 15.5 15.2 7.8 13.3 24.4 35.3 37.4 38.2 45.5 47.2 53.2 58.4 63.0 67.1 58.2
-9999.0 -9999.0 -9999.0 -9999.0 -9999.0 -9999.0 -9999.0 -9999.0 -9999.0 -9999.0 -9999.0 -9999.0 0.4 0.2 0.2 0.9 0.6 0.3 0.3 0.4 0.4 0.4 0.5 0.5 0.6 0.6 0.6 0.7 0.8 1.0 1.3 1.8 3.1 3.4 4.4 5.5 5.2 5.6 6.1 6.4 8.6 9.4 10.8 13.4 16.1 18.7 22.2 18.0 12.9 3.7 3.5 7.1 3.5 2.8 3.2 2.7 3.5 5.0 5.5 10.5 14.5 19.2 9.9 11.0 15.0 10.9 18.9 13.9 13.8 18.2 27.9 40.1 52.3 70.5 79.2 66.8 58.4 54.9 49.4
-9999.0 -9999.0 -9999.0 -9999.0 -9999.0 -9999.0 -9999.0 -9999.0 -9999.0 -9999.0 -9999.0 -9999.0 0.1 0.3 0.2 0.2 0.3 0.6 0.4 0.4 0.7 0.7 0.5 0.7 0.6 0.8 0.7 0.9 0.7 0.9 1.1 1.9 2.2 2.9 4.3 5.9 6.3 6.5 6.6 9.4 9.8 8.0 15.3 7.9 14.9 22.4 24.1 16.4 6.6 4.5 4.1 1.8 11.1 10.6 4.8 2.3 2.9 4.3 6.5 6.1 8.2 11.0 26.1 14.1 13.5 10.7 12.7 14.4 16.8 18.7 26.7 48.0 59.6 76.4 111.9 78.7 90.7 43.5 43.0
-9999.0 -9999.0 -9999.0 -9999.0 -9999.0 -9999.0 -9999.0 -9999.0 -9999.0 -9999.0 -9999.0 -9999.0 -9999.0 0.7 0.5 0.2 0.3 0.3 0.5 0.6 1.2 0.6 0.8 0.9 0.7 0.7 0.7 0.6 0.7 0.6 1.0 1.2 2.0 2.5 4.0 7.0 7.6 5.9 6.7 7.1 8.2 15.0 18.3 16.2 11.1 13.6 18.5 7.5 12.7 7.8 2.0 5.9 3.2 1.1 4.0 3.8 2.1 2.7 5.4 12.8 13.5 34.9 21.9 16.0 7.7 8.5 9.9 13.3 17.2 25.6 32.1 38.4 54.4 41.3 57.7 48.8 45.8 43.3 48.4
-9999.0 -9999.0 -9999.0 -9999.0 -9999.0 -9999.0 -9999.0 -9999.0 -9999.0 -9999.0 -9999.0 -9999.0 -9999.0 0.1 0.4 0.2 0.6 0.3 0.3 0.5 1.2 1.1 1.2 1.0 0.7 0.7 0.7 0.5 0.5 1.1 1.0 1.1 1.2 1.9 3.7 4.9 4.3 4.1 5.7 11.6 7.7 9.4 10.9 12.4 22.4 14.3 14.0 6.3 6.4 4.4 5.3 0.5 2.4 4.1 5.1 2.8 1.4 2.2 5.7 4.3 14.2 10.7 16.3 9.8 7.6 7.1 8.7 12.7 20.6 28.1 35.1 40.5 41.6 44.5 46.9 57.4 77.0 49.9 45.1
-9999.0 -9999.0 -9999.0 -9999.0 -9999.0 -9999.0 -9999.0 -9999.0 -9999.0 -9999.0 -9999.0 -9999.0 -9999.0 -9999.0 -9999.0 0.2 0.2 0.4 0.4 0.4 0.9 0.8 0.8 0.9 1.0 0.9 1.3 0.7 1.0 0.4 0.6 0.6 1.5 1.9 1.9 4.2 5.6 1.6 2.6 3.9 8.0 10.1 9.9 9.2 5.3 4.1 9.0 2.4 5.5 0.6 1.5 6.5 1.3 1.5 0.3 1.3 1.5 0.4 6.9 13.1 6.3 13.4 17.2 13.2 9.6 8.2 9.2 13.4 22.7 35.6 42.5 44.2 56.5 55.6 49.7 75.7 80.3 91.8 62.0
-9999.0 -9999.0 -9999.0 -9999.0 -9999.0 -9999.0 -9999.0 -9999.0 -9999.0 -9999.0 -9999.0 -9999.0 -9999.0 -9999.0 -9999.0 -9999.0 -9999.0 0.5 0.3 -9999.0 0.5 1.0 0.8 0.9 1.2 1.0 1.4 0.8 0.4 0.6 0.4 0.3 1.2 0.4 0.4 1.0 3.6 0.5 1.4 2.2 3.8 7.9 6.6 5.6 1.8 2.7 1.5 9.9 1.6 2.6 0.2 0.5 0.2 1.7 2.2 2.3 0.8 4.5 6.5 11.8 5.2 12.5 15.1 14.4 13.1 12.3 13.2 17.5 27.3 40.1 44.6 59.1 65.5 59.3 64.5 80.6 80.6 75.3 65.6
-9999.0 -9999.0 -9999.0 -9999.0 -9999.0 -9999.0 -9999.0 -9999.0 -9999.0 -9999.0 -9999.0 -9999.0 -9999.0 -9999.0 -9999.0 -9999.0 -9999.0 -9999.0 -9999.0 -9999.0 -9999.0 0.9 1.2 2.0 1.4 1.1 0.9 0.7 0.5 0.3 0.3 0.2 0.2 0.3 0.2 0.4 0.4 0.4 0.4 0.3 0.3 4.9 6.3 5.3 1.5 3.7 2.0 1.5 8.7 39.9 1.3 7.7 5.7 0.9 1.8 3.9 4.3 2.5 14.4 9.1 5.5 8.9 10.5 13.3 17.3 18.9 20.0 21.2 28.5 39.0 47.0 53.9 57.1 50.6 46.8 51.8 55.9 48.6 47.4
-9999.0 -9999.0 -9999.0 -9999.0 -9999.0 -9999.0 -9999.0 -9999.0 -9999.0 -9999.0 -9999.0 -9999.0 -9999.0 -9999.0 -9999.0 -9999.0 -9999.0 -9999.0 -9999.0 -9999.0 -9999.0 -9999.0 -9999.0 1.7 1.5 1.4 1.2 0.9 0.8 0.4 0.3 0.3 1.0 0.5 0.8 0.7 1.0 0.4 1.0 1.8 1.9 4.2 2.1 1.4 1.2 2.6 1.2 1.0 0.7 0.6 0.6 4.5 1.2 2.5 1.7 0.4 3.3 7.8 0.8 8.7 6.6 10.1 10.1 8.3 12.9 23.2 27.0 23.9 23.2 31.2 37.4 41.2 41.3 42.5 29.8 30.5 44.1 44.5 39.6
-9999.0 -9999.0 -9999.0 -9999.0 -9999.0 -9999.0 -9999.0 -9999.0 -9999.0 -9999.0 -9999.0 -9999.0 -9999.0 -9999.0 -9999.0 -9999.0 -9999.0 -9999.0 -9999.0 -9999.0 -9999.0 -9999.0 -9999.0 -9999.0 -9999.0 3.4 1.9 2.7 1.7 2.5 0.8 0.4 0.3 0.5 0.4 1.0 3.2 0.5 1.5 0.8 2.8 1.2 0.5 0.6 1.5 2.6 1.6 3.7 1.9 0.8 5.5 3.0 6.0 5.4 1.2 0.7 2.5 1.4 7.1 7.4 9.2 11.9 25.0 6.0 10.1 20.5 23.7 15.8 18.5 24.7 27.1 28.3 23.7 30.6 29.3 24.8 30.2 41.7 61.1
-9999.0 -9999.0 -9999.0 -9999.0 -9999.0 -9999.0 -9999.0 -9999.0 -9999.0 -9999.0 -9999.0 -9999.0 -9999.0 -9999.0 -9999.0 -9999.0 -9999.0 -9999.0 -9999.0 -9999.0 -9999.0 -9999.0 -9999.0 -9999.0 -9999.0 -9999.0 -9999.0 4.4 3.9 1.3 0.9 0.7 1.5 0.6 0.8 0.8 0.5 0.4 0.3 0.4 1.1 0.3 0.5 1.4 1.7 2.3 3.1 3.6 3.9 1.6 3.7 4.4 2.7 2.0 1.4 2.1 0.4 0.3 4.0 2.9 4.8 11.7 3.0 2.9 4.8 7.4 15.8 19.1 18.5 20.9 22.3 26.4 19.3 24.2 22.2 25.6 43.9 52.2 48.6
-9999.0 -9999.0 -9999.0 -9999.0 -9999.0 -9999.0 -9999.0 -9999.0 -9999.0 -9999.0 -9999.0 -9999.0 -9999.0 -9999.0 -9999.0 -9999.0 -9999.0 -9999.0 -9999.0 -9999.0 -9999.0 -9999.0 -9999.0 -9999.0 -9999.0 -9999.0 -9999.0 -9999.0 -9999.0 -9999.0 -9999.0 -9999.0 -9999.0 1.5 1.0 -9999.0 -9999.0 -9999.0 0.6 0.4 0.4 0.5 0.5 1.4 2.0 2.1 -9999.0 -9999.0 -9999.0 -9999.0 -9999.0 -9999.0 1.9 3.5 0.6 0.3 0.3 0.3 0.5 1.3 3.7 8.5 3.5 2.8 3.7 7.1 12.0 16.4 20.0 22.1 21.2 25.2 27.2 24.1 31.0 34.1 50.4 50.9 56.6
-9999.0 -9999.0 -9999.0 -9999.0 -9999.0 -9999.0 -9999.0 -9999.0 -9999.0 -9999.0 -9999.0 -9999.0 -9999.0 -9999.0 -9999.0 -9999.0 -9999.0 -9999.0 -9999.0 -9999.0 -9999.0 -9999.0 -9999.0 -9999.0 -9999.0 -9999.0 -9999.0 -9999.0 -9999.0 -9999.0 -9999.0 -9999.0 -9999.0 -9999.0 -9999.0 -9999.0 -9999.0 -9999.0 -9999.0 2.0 1.7 1.6 1.5 1.5 -9999.0 -9999.0 -9999.0 -9999.0 -9999.0 -9999.0 -9999.0 -9999.0 1.1 3.8 0.8 0.3 0.2 0.2 0.3 0.6 1.5 4.5 6.0 3.7 7.1 12.0 17.6 19.5 23.1 28.8 30.8 28.5 24.0 28.6 34.2 42.5 50.4 57.2 63.3
-9999.0 -9999.0 -9999.0 -9999.0 -9999.0 -9999.0 -9999.0 -9999.0 -9999.0 -9999.0 -9999.0 -9999.0 -9999.0 -9999.0 -9999.0 -9999.0 -9999.0 -9999.0 -9999.0 -9999.0 -9999.0 -9999.0 -9999.0 -9999.0 -9999.0 -9999.0 -9999.0 -9999.0 -9999.0 -9999.0 -9999.0 -9999.0 -9999.0 -9999.0 -9999.0 -9999.0 -9999.0 -9999.0 -9999.0 -9999.0 -9999.0 -9999.0 -9999.0 -9999.0 -9999.0 -9999.0 -9999.0 -9999.0 -9999.0 -9999.0 -9999.0 -9999.0 0.5 3.7 0.7 1.1 0.2 0.2 0.2 0.6 1.3 3.4 20.8 7.0 11.4 16.9 21.6 24.3 28.5 33.8 34.8 32.5 40.0 29.5 34.8 53.7 59.3 66.2 66.1
-9999.0 -9999.0 -9999.0 -9999.0 -9999.0 -9999.0 -9999.0 -9999.0 -9999.0 -9999.0 -9999.0 -9999.0 -9999.0 -9999.0 -9999.0 -9999.0 -9999.0 -9999.0 -9999.0 -9999.0 -9999.0 -9999.0 -9999.0 -9999.0 -9999.0 -9999.0 -9999.0 -9999.0 -9999.0 -9999.0 -9999.0 -9999.0 -9999.0 -9999.0 -9999.0 -9999.0 -9999.0 -9999.0 -9999.0 -9999.0 -9999.0 -9999.0 -9999.0 -9999.0 -9999.0 -9999.0 -9999.0 -9999.0 -9999.0 -9999.0 -9999.0 0.3 0.4 2.3 0.3 0.4 0.3 0.4 0.3 0.3 4.3 7.2 7.5 11.5 16.1 22.4 28.7 31.0 37.0 37.0 35.5 34.3 29.4 33.7 47.3 68.8 68.5 76.0 61.2
-9999.0 -9999.0 -9999.0 -9999.0 -9999.0 -9999.0 -9999.0 -9999.0 -9999.0 -9999.0 -9999.0 -9999.0 -9999.0 -9999.0 -9999.0 -9999.0 -9999.0 -9999.0 -9999.0 -9999.0 -9999.0 -9999.0 -9999.0 -9999.0 -9999.0 -9999.0 -9999.0 -9999.0 -9999.0 -9999.0 -9999.0 -9999.0 -9999.0 -9999.0 -9999.0 -9999.0 -9999.0 -9999.0 -9999.0 -9999.0 -9999.0 -9999.0 -9999.0 -9999.0 -9999.0 -9999.0 -9999.0 -9999.0 -9999.0 -9999.0 0.2 0.6 1.2 1.9 0.8 0.9 0.4 0.4 0.8 2.7 3.8 9.6 9.6 15.3 19.8 26.9 37.4 42.1 48.2 39.5 38.7 31.9 34.9 43.8 52.6 60.7 76.9 58.9 52.7
-9999.0 -9999.0 -9999.0 -9999.0 -9999.0 -9999.0 -9999.0 -9999.0 -9999.0 -9999.0 -9999.0 -9999.0 -9999.0 -9999.0 -9999.0 -9999.0 -9999.0 -9999.0 -9999.0 -9999.0 -9999.0 -9999.0 -9999.0 -9999.0 -9999.0 -9999.0 -9999.0 -9999.0 -9999.0 -9999.0 -9999.0 -9999.0 -9999.0 -9999.0 -9999.0 -9999.0 -9999.0 -9999.0 -9999.0 -9999.0 -9999.0 -9999.0 -9999.0 -9999.0 -9999.0 -9999.0 -9999.0 -9999.0 -9999.0 -9999.0 0.2 2.2 0.5 2.1 2.3 1.3 0.8 1.9 3.0 3.3 3.1 5.3 5.6 11.4 18.7 24.6 38.9 45.6 53.0 47.0 44.0 39.9 39.0 42.0 44.0 46.0 49.0 46.2 36.3
-9999.0 -9999.0 -9999.0 -9999.0 -9999.0 -9999.0 -9999.0 -9999.0 -9999.0 -9999.0 -9999.0 -9999.0 -9999.0 -9999.0 -9999.0 -9999.0 -9999.0 -9999.0 -9999.0 -9999.0 -9999.0 -9999.0 -9999.0 -9999.0 -9999.0 -9999.0 -9999.0 -9999.0 -9999.0 -9999.0 -9999.0 -9999.0 -9999.0 -9999.0 -9999.0 -9999.0 -9999.0 -9999.0 -9999.0 -9999.0 -9999.0 -9999.0 -9999.0 -9999.0 -9999.0 -9999.0 -9999.0 -9999.0 -9999.0 -9999.0 0.2 0.6 0.5 5.9 1.9 1.5 4.2 3.1 4.9 2.4 3.2 4.3 4.7 5.8 15.7 27.1 39.2 49.6 55.7 61.3 48.2 46.3 29.1 31.6 27.2 26.6 29.7 27.1 23.5
-9999.0 -9999.0 -9999.0 -9999.0 -9999.0 -9999.0 -9999.0 -9999.0 -9999.0 -9999.0 -9999.0 -9999.0 -9999.0 -9999.0 -9999.0 -9999.0 -9999.0 -9999.0 -9999.0 -9999.0 -9999.0 -9999.0 -9999.0 -9999.0 -9999.0 -9999.0 -9999.0 -9999.0 -9999.0 -9999.0 -9999.0 -9999.0 -9999.0 -9999.0 -9999.0 -9999.0 -9999.0 -9999.0 -9999.0 -9999.0 -9999.0 -9999.0 -9999.0 -9999.0 -9999.0 -9999.0 -9999.0 -9999.0 -9999.0 -9999.0 1.4 4.2 3.0 4.9 4.8 6.2 2.8 4.4 4.7 1.7 2.4 1.6 0.7 6.0 19.4 35.4 52.8 59.9 67.6 40.5 35.6 22.6 18.2 20.4 19.9 19.1 17.8 17.2 17.2
-9999.0 -9999.0 -9999.0 -9999.0 -9999.0 -9999.0 -9999.0 -9999.0 -9999.0 -9999.0 -9999.0 -9999.0 -9999.0 -9999.0 -9999.0 -9999.0 -9999.0 -9999.0 -9999.0 -9999.0 -9999.0 -9999.0 -9999.0 -9999.0 -9999.0 -9999.0 -9999.0 -9999.0 -9999.0 -9999.0 -9999.0 -9999.0 -9999.0 -9999.0 -9999.0 -9999.0 -9999.0 -9999.0 -9999.0 -9999.0 -9999.0 -9999.0 -9999.0 -9999.0 -9999.0 -9999.0 -9999.0 -9999.0 -9999.0 -9999.0 -9999.0 -9999.0 -9999.0 4.7 5.4 6.3 6.7 6.8 2.9 1.8 9.6 1.1 9.0 14.3 31.6 49.6 68.1 62.1 63.7 45.1 20.8 8.8 9.3 17.3 24.1 18.9 12.0 12.3 15.8
-9999.0 -9999.0 -9999.0 -9999.0 -9999.0 -9999.0 -9999.0 -9999.0 -9999.0 -9999.0 -9999.0 -9999.0 -9999.0 -9999.0 -9999.0 -9999.0 -9999.0 -9999.0 -9999.0 -9999.0 -9999.0 -9999.0 -9999.0 -9999.0 -9999.0 -9999.0 -9999.0 -9999.0 -9999.0 -9999.0 -9999.0 -9999.0 -9999.0 -9999.0 -9999.0 -9999.0 -9999.0 -9999.0 -9999.0 -9999.0 -9999.0 -9999.0 -9999.0 -9999.0 -9999.0 -9999.0 -9999.0 -9999.0 -9999.0 -9999.0 -9999.0 -9999.0 -9999.0 8.2 7.6 21.2 11.1 7.5 6.0 9.5 4.6 5.8 21.8 30.4 50.2 66.3 61.5 79.6 52.4 31.9 11.1 4.4 10.5 28.1 37.4 20.7 9.0 8.5 13.5
-9999.0 -9999.0 -9999.0 -9999.0 -9999.0 -9999.0 -9999.0 -9999.0 -9999.0 -9999.0 -9999.0 -9999.0 -9999.0 -9999.0 -9999.0 -9999.0 -9999.0 -9999.0 -9999.0 -9999.0 -9999.0 -9999.0 -9999.0 -9999.0 -9999.0 -9999.0 -9999.0 -9999.0 -9999.0 -9999.0 -9999.0 -9999.0 -9999.0 -9999.0 -9999.0 -9999.0 -9999.0 -9999.0 -9999.0 -9999.0 -9999.0 -9999.0 -9999.0 -9999.0 -9999.0 -9999.0 -9999.0 -9999.0 -9999.0 -9999.0 -9999.0 -9999.0 -9999.0 14.2 9.0 22.5 21.3 15.0 11.0 8.0 13.0 18.9 41.5 62.8 60.5 -9999.0 -9999.0 -9999.0 59.1 30.2 14.4 10.6 22.8 45.9 44.3 21.4 9.1 6.9 10.1
-9999.0 -9999.0 -9999.0 -9999.0 -9999.0 -9999.0 -9999.0 -9999.0 -9999.0 -9999.0 -9999.0 -9999.0 -9999.0 -9999.0 -9999.0 -9999.0 -9999.0 -9999.0 -9999.0 -9999.0 -9999.0 -9999.0 -9999.0 -9999.0 -9999.0 -9999.0 -9999.0 -9999.0 -9999.0 -9999.0 -9999.0 -9999.0 -9999.0 -9999.0 -9999.0 -9999.0 -9999.0 -9999.0 -9999.0 -9999.0 -9999.0 -9999.0 -9999.0 -9999.0 -9999.0 -9999.0 -9999.0 -9999.0 -9999.0 -9999.0 -9999.0 -9999.0 -9999.0 -9999.0 25.9 29.6 23.5 17.6 18.4 20.5 11.3 -9999.0 -9999.0 -9999.0 -9999.0 -9999.0 -9999.0 -9999.0 54.3 38.9 28.8 23.6 36.9 48.5 38.3 21.8 10.3 5.9 7.7
-9999.0 -9999.0 -9999.0 -9999.0 -9999.0 -9999.0 -9999.0 -9999.0 -9999.0 -9999.0 -9999.0 -9999.0 -9999.0 -9999.0 -9999.0 -9999.0 -9999.0 -9999.0 -9999.0 -9999.0 -9999.0 -9999.0 -9999.0 -9999.0 -9999.0 -9999.0 -9999.0 -9999.0 -9999.0 -9999.0 -9999.0 -9999.0 -9999.0 -9999.0 -9999.0 -9999.0 -9999.0 -9999.0 -9999.0 -9999.0 -9999.0 -9999.0 -9999.0 -9999.0 -9999.0 -9999.0 -9999.0 -9999.0 -9999.0 -9999.0 -9999.0 -9999.0 -9999.0 -9999.0 -9999.0 34.0 49.9 29.0 16.9 18.8 19.1 -9999.0 -9999.0 -9999.0 -9999.0 -9999.0 -9999.0 -9999.0 -9999.0 -9999.0 33.4 -9999.0 -9999.0 -9999.0 -9999.0 -9999.0 12.5 -9999.0 -9999.0
-9999.0 -9999.0 -9999.0 -9999.0 -9999.0 -9999.0 -9999.0 -9999.0 -9999.0 -9999.0 -9999.0 -9999.0 -9999.0 -9999.0 -9999.0 -9999.0 -9999.0 -9999.0 -9999.0 -9999.0 -9999.0 -9999.0 -9999.0 -9999.0 -9999.0 -9999.0 -9999.0 -9999.0 -9999.0 -9999.0 -9999.0 -9999.0 -9999.0 -9999.0 -9999.0 -9999.0 -9999.0 -9999.0 -9999.0 -9999.0 -9999.0 -9999.0 -9999.0 -9999.0 -9999.0 -9999.0 -9999.0 -9999.0 -9999.0 -9999.0 -9999.0 -9999.0 -9999.0 -9999.0 -9999.0 -9999.0 -9999.0 -9999.0 27.3 18.7 -9999.0 -9999.0 -9999.0 -9999.0 -9999.0 -9999.0 -9999.0 -9999.0 -9999.0 -9999.0 -9999.0 -9999.0 -9999.0 -9999.0 -9999.0 19.9 21.7 -9999.0 -9999.0
-9999.0 -9999.0 -9999.0 -9999.0 -9999.0 -9999.0 -9999.0 -9999.0 -9999.0 -9999.0 -9999.0 -9999.0 -9999.0 -9999.0 -9999.0 -9999.0 -9999.0 -9999.0 -9999.0 -9999.0 -9999.0 -9999.0 -9999.0 -9999.0 -9999.0 -9999.0 -9999.0 -9999.0 -9999.0 -9999.0 -9999.0 -9999.0 -9999.0 -9999.0 -9999.0 -9999.0 -9999.0 -9999.0 -9999.0 -9999.0 -9999.0 -9999.0 -9999.0 -9999.0 -9999.0 -9999.0 -9999.0 -9999.0 -9999.0 -9999.0 -9999.0 -9999.0 -9999.0 -9999.0 -9999.0 -9999.0 -9999.0 -9999.0 -9999.0 -9999.0 -9999.0 -9999.0 -9999.0 -9999.0 -9999.0 -9999.0 -9999.0 -9999.0 -9999.0 -9999.0 -9999.0 -9999.0 -9999.0 -9999.0 -9999.0 -9999.0 -9999.0 -9999.0 -9999.0
-9999.0 -9999.0 -9999.0 -9999.0 -9999.0 -9999.0 -9999.0 -9999.0 -9999.0 -9999.0 -9999.0 -9999.0 -9999.0 -9999.0 -9999.0 -9999.0 -9999.0 -9999.0 -9999.0 -9999.0 -9999.0 -9999.0 -9999.0 -9999.0 -9999.0 -9999.0 -9999.0 -9999.0 -9999.0 -9999.0 -9999.0 -9999.0 -9999.0 -9999.0 -9999.0 -9999.0 -9999.0 -9999.0 -9999.0 -9999.0 -9999.0 -9999.0 -9999.0 -9999.0 -9999.0 -9999.0 -9999.0 -9999.0 -9999.0 -9999.0 -9999.0 -9999.0 -9999.0 -9999.0 -9999.0 -9999.0 -9999.0 -9999.0 -9999.0 -9999.0 -9999.0 -9999.0 -9999.0 -9999.0 -9999.0 -9999.0 -9999.0 -9999.0 -9999.0 -9999.0 -9999.0 -9999.0 -9999.0 -9999.0 -9999.0 44.2 64.9 76.9 -9999.0
-9999.0 -9999.0 -9999.0 -9999.0 -9999.0 -9999.0 -9999.0 -9999.0 -9999.0 -9999.0 -9999.0 -9999.0 -9999.0 -9999.0 -9999.0 -9999.0 -9999.0 -9999.0 -9999.0 -9999.0 -9999.0 -9999.0 -9999.0 -9999.0 -9999.0 -9999.0 -9999.0 -9999.0 -9999.0 -9999.0 -9999.0 -9999.0 -9999.0 -9999.0 -9999.0 -9999.0 -9999.0 -9999.0 -9999.0 -9999.0 -9999.0 -9999.0 -9999.0 -9999.0 -9999.0 -9999.0 -9999.0 -9999.0 -9999.0 -9999.0 -9999.0 -9999.0 -9999.0 -9999.0 -9999.0 -9999.0 -9999.0 -9999.0 -9999.0 -9999.0 -9999.0 -9999.0 -9999.0 -9999.0 -9999.0 -9999.0 -9999.0 -9999.0 -9999.0 -9999.0 -9999.0 -9999.0 -9999.0 28.5 34.0 52.6 75.1 -9999.0 -9999.0
