program/excelProcessViaJava/data/SURF_CLI_CHN_PRE_MON_GRID_0.5-198607.txt
NCOLS      128
NROWS       72
XLLCORNER    72.000000000000    
YLLCORNER    18.000000000000    
CELLSIZE    0.50000000000000    
NODATA_VALUE   -9999.000    
[rows 33 to 65 of 72, columns 0 to 73 of 128]
-9999.0 -9999.0 -9999.0 -9999.0 59.9 77.8 89.1 48.7 37.3 9.1 10.0 6.0 3.9 3.3 4.7 6.3 6.7 6.2 5.1 4.1 3.3 2.9 3.1 3.7 4.6 6.2 8.1 57.4 23.5 28.4 32.8 27.2 24.4 29.7 17.1 15.8 12.4 31.5 22.5 9.6 3.6 3.0 4.2 5.8 8.0 10.2 12.4 17.1 23.8 24.9 32.0 50.9 66.3 85.6 64.5 72.0 77.0 106.9 111.9 144.0 136.5 106.8 78.8 47.8 33.0 35.2 37.5 29.0 44.9 49.7 55.2 62.3 64.9 66.8
-9999.0 -9999.0 -9999.0 -9999.0 82.0 61.1 84.0 42.9 81.2 65.7 16.3 39.1 20.7 18.8 6.1 7.1 7.7 6.6 5.2 4.1 3.8 3.8 4.6 10.5 30.3 49.1 31.3 33.0 30.6 30.2 28.7 34.5 26.5 25.3 26.6 20.5 27.9 34.6 18.3 9.0 17.6 5.7 6.5 7.0 8.8 10.2 10.8 11.1 12.6 17.3 22.7 30.5 60.6 52.7 50.9 59.5 66.4 81.3 98.7 74.2 105.5 69.2 55.7 47.9 39.3 32.7 41.8 35.7 39.8 60.0 58.2 63.6 66.5 73.8
-9999.0 -9999.0 -9999.0 -9999.0 -9999.0 -9999.0 -9999.0 50.6 59.0 38.0 64.5 55.5 25.3 27.4 24.9 6.7 11.0 7.6 6.7 8.4 16.6 28.1 32.1 30.8 29.9 29.7 33.9 35.3 35.2 40.2 37.5 35.1 31.9 33.6 37.9 29.0 39.6 32.8 45.2 46.7 17.2 52.8 45.6 28.3 18.2 12.4 16.7 14.8 19.9 14.9 16.0 21.9 35.3 93.4 83.8 48.3 47.3 50.8 97.2 69.5 104.3 55.8 49.6 49.3 53.1 48.4 53.2 56.4 52.0 63.1 64.7 66.3 77.9 87.5
-9999.0 -9999.0 -9999.0 -9999.0 -9999.0 -9999.0 -9999.0 95.8 36.2 52.9 54.6 35.2 37.4 48.4 30.0 52.1 25.5 23.6 37.9 24.0 24.0 33.5 30.3 31.8 30.9 31.9 31.4 38.8 31.3 29.0 35.9 35.3 33.8 41.6 32.9 34.6 31.6 40.2 39.7 36.3 39.1 39.5 45.2 75.3 37.1 22.9 31.3 35.4 65.8 51.4 97.0 78.7 38.4 53.1 90.6 51.4 53.3 68.3 100.2 116.8 86.1 64.3 55.6 62.9 68.4 71.7 74.0 74.1 88.4 80.3 83.7 87.2 96.8 101.7
-9999.0 -9999.0 -9999.0 -9999.0 -9999.0 -9999.0 -9999.0 -9999.0 -9999.0 49.8 40.6 30.7 43.7 37.3 27.9 23.0 30.1 54.8 34.8 49.1 36.9 30.5 30.8 32.1 32.3 31.2 34.0 34.1 29.5 38.4 26.2 29.7 30.3 35.7 28.1 29.4 29.8 36.5 34.1 39.8 35.8 42.5 40.8 38.6 52.6 56.1 62.0 65.3 74.0 76.3 88.6 67.5 51.1 46.3 84.1 57.9 55.4 72.1 120.2 123.9 114.0 108.8 90.4 79.4 86.1 90.8 91.2 98.0 124.9 114.9 114.0 105.4 110.6 113.0
-9999.0 -9999.0 -9999.0 -9999.0 -9999.0 -9999.0 -9999.0 -9999.0 -9999.0 -9999.0 -9999.0 50.4 21.2 43.5 31.2 34.0 30.7 28.9 29.1 34.0 42.5 36.6 39.3 35.9 47.4 40.3 42.9 41.3 37.5 32.8 31.3 39.2 30.4 31.9 29.6 46.3 34.6 37.4 67.9 42.7 52.9 43.2 38.2 38.3 71.7 55.8 100.0 85.9 105.4 101.0 73.8 65.0 56.8 65.8 93.2 85.1 84.9 116.9 133.2 144.0 153.6 118.0 88.7 85.8 94.7 90.5 83.2 102.8 132.5 143.4 131.2 121.0 112.9 109.5
-9999.0 -9999.0 -9999.0 -9999.0 -9999.0 -9999.0 -9999.0 -9999.0 -9999.0 -9999.0 -9999.0 -9999.0 25.0 22.6 37.5 28.0 48.9 35.3 37.0 54.2 34.7 40.4 43.0 40.6 68.9 43.8 38.4 45.1 40.2 48.4 36.4 33.2 33.0 41.6 43.5 40.4 63.5 44.8 38.5 34.7 35.0 36.7 38.8 53.2 58.5 74.8 101.1 84.0 103.1 111.0 134.5 110.1 73.3 56.7 71.8 97.0 120.2 158.6 131.9 181.6 170.1 162.3 134.9 103.2 97.8 103.0 75.7 94.0 124.6 146.9 120.2 88.2 88.0 93.8
-9999.0 -9999.0 -9999.0 -9999.0 -9999.0 -9999.0 -9999.0 -9999.0 -9999.0 -9999.0 -9999.0 -9999.0 53.5 21.4 18.2 33.8 23.2 30.1 46.3 45.5 47.3 54.6 53.9 48.4 42.9 46.8 45.4 37.9 40.3 33.7 38.4 45.9 39.0 38.2 44.2 41.2 60.6 63.2 54.3 47.8 38.0 37.6 61.4 45.8 71.6 102.1 88.0 92.6 79.4 119.6 112.6 111.9 74.6 81.5 65.2 100.1 109.8 141.1 139.2 156.7 157.9 142.5 134.6 128.3 92.8 81.4 64.3 72.2 96.9 126.3 147.7 181.7 193.6 136.9
-9999.0 -9999.0 -9999.0 -9999.0 -9999.0 -9999.0 -9999.0 -9999.0 -9999.0 -9999.0 -9999.0 -9999.0 -9999.0 33.6 47.8 23.4 36.2 32.9 36.1 41.8 50.9 49.3 62.1 52.6 54.9 66.9 64.1 67.9 54.6 47.9 38.1 34.9 47.2 49.7 37.2 42.5 48.3 59.3 109.6 74.5 63.7 70.0 65.3 92.0 77.6 75.5 108.6 141.3 159.0 154.7 143.0 101.8 84.0 155.8 125.7 118.4 115.6 141.4 181.3 159.5 150.8 127.5 120.6 92.5 93.5 62.2 52.9 60.5 86.4 110.4 95.3 93.0 118.4 138.1
-9999.0 -9999.0 -9999.0 -9999.0 -9999.0 -9999.0 -9999.0 -9999.0 -9999.0 -9999.0 -9999.0 -9999.0 41.7 57.9 50.0 35.0 57.6 49.7 54.0 47.4 53.4 59.1 66.4 65.7 63.7 75.8 68.2 59.0 53.9 51.9 45.1 35.5 52.8 43.2 50.0 46.7 69.1 51.6 54.5 62.1 103.3 130.3 148.9 77.4 99.7 115.0 114.1 111.0 143.0 155.8 187.3 202.5 125.6 143.5 116.0 118.0 148.6 101.9 134.9 121.5 119.3 121.8 102.3 107.4 70.3 51.9 86.6 76.5 79.6 113.5 137.4 129.9 112.2 91.0
-9999.0 -9999.0 -9999.0 -9999.0 -9999.0 -9999.0 -9999.0 -9999.0 -9999.0 -9999.0 -9999.0 -9999.0 61.5 34.1 40.5 79.0 72.2 51.0 56.8 72.6 66.5 80.1 82.6 82.9 77.3 72.6 69.7 64.2 59.0 49.7 43.5 42.2 53.6 38.8 41.6 51.4 47.8 58.1 59.9 48.7 58.7 57.1 65.4 84.8 105.7 134.8 190.3 193.7 194.3 129.1 135.8 186.9 129.9 108.9 111.4 99.2 126.3 138.4 116.5 137.5 139.9 144.2 84.0 68.1 54.7 79.2 48.0 87.9 100.2 104.0 120.5 136.7 144.6 191.2
-9999.0 -9999.0 -9999.0 -9999.0 -9999.0 -9999.0 -9999.0 -9999.0 -9999.0 -9999.0 -9999.0 -9999.0 37.0 62.3 44.0 53.1 57.7 88.8 80.2 88.1 109.7 115.3 101.5 108.7 100.5 107.0 94.6 98.4 70.7 62.2 54.0 63.6 45.3 40.2 44.5 55.4 59.3 64.4 58.0 75.6 63.8 44.8 115.3 50.2 111.7 190.7 230.5 194.0 139.6 146.9 163.5 129.1 284.6 283.0 190.9 97.7 127.3 140.2 140.9 103.0 99.7 99.1 159.2 65.5 63.7 124.5 94.5 89.6 98.2 120.4 143.1 185.4 216.6 277.8
-9999.0 -9999.0 -9999.0 -9999.0 -9999.0 -9999.0 -9999.0 -9999.0 -9999.0 -9999.0 -9999.0 -9999.0 -9999.0 102.2 92.6 68.6 79.7 83.3 105.2 117.3 145.3 123.9 133.7 137.1 117.6 116.0 107.1 95.6 93.6 72.8 78.6 67.5 67.2 55.7 64.9 100.3 101.9 75.3 78.3 66.2 66.1 143.9 180.1 159.6 108.8 140.5 209.5 118.4 220.9 201.3 132.0 238.4 202.4 131.6 222.6 207.5 112.1 112.6 135.1 187.2 146.4 269.2 137.4 66.5 133.9 100.0 93.0 94.9 115.3 137.1 178.5 213.8 264.1 218.8
-9999.0 -9999.0 -9999.0 -9999.0 -9999.0 -9999.0 -9999.0 -9999.0 -9999.0 -9999.0 -9999.0 -9999.0 -9999.0 53.9 103.4 85.2 118.7 100.8 113.1 128.5 159.4 160.4 162.9 153.6 129.9 131.9 127.4 111.4 105.9 128.4 110.2 99.3 81.3 84.0 108.5 118.3 100.2 95.3 111.2 177.1 106.9 127.4 150.4 171.9 283.3 198.2 207.0 128.5 159.8 163.9 223.8 121.0 215.7 268.4 287.1 221.4 139.5 132.9 163.1 90.8 162.5 93.5 123.9 186.6 127.3 94.2 96.6 119.0 142.7 181.5 219.5 251.6 271.3 287.6
-9999.0 -9999.0 -9999.0 -9999.0 -9999.0 -9999.0 -9999.0 -9999.0 -9999.0 -9999.0 -9999.0 -9999.0 -9999.0 -9999.0 -9999.0 103.7 107.8 128.3 131.3 134.7 164.7 156.8 156.1 159.2 160.4 153.3 169.9 145.8 156.5 123.8 125.7 116.2 138.5 137.1 127.8 171.7 188.8 94.9 110.0 119.5 175.0 199.6 199.9 194.3 134.8 111.2 195.1 91.2 179.7 74.8 154.2 306.1 200.5 216.9 116.4 202.1 191.7 106.6 212.0 231.7 100.1 145.7 227.3 178.5 139.8 125.6 140.6 179.2 208.4 217.9 247.5 269.0 311.8 338.3
-9999.0 -9999.0 -9999.0 -9999.0 -9999.0 -9999.0 -9999.0 -9999.0 -9999.0 -9999.0 -9999.0 -9999.0 -9999.0 -9999.0 -9999.0 -9999.0 -9999.0 67.1 108.1 -9999.0 136.4 172.2 157.0 157.2 171.8 164.2 183.3 163.0 144.3 155.2 141.9 128.2 169.7 127.2 112.8 150.3 210.2 82.0 125.5 134.6 162.6 229.4 215.3 203.8 109.4 133.8 70.1 275.7 120.3 177.8 72.1 145.0 85.4 222.3 242.8 244.9 179.5 252.1 235.1 245.2 146.3 198.5 216.4 188.0 161.7 162.7 189.7 218.6 247.4 250.3 277.0 273.5 320.9 308.3
-9999.0 -9999.0 -9999.0 -9999.0 -9999.0 -9999.0 -9999.0 -9999.0 -9999.0 -9999.0 -9999.0 -9999.0 -9999.0 -9999.0 -9999.0 -9999.0 -9999.0 -9999.0 -9999.0 -9999.0 -9999.0 160.3 173.9 196.9 175.8 152.2 151.2 150.0 151.8 142.2 147.6 129.8 134.7 145.1 138.5 169.3 152.7 128.6 98.7 72.0 82.9 233.4 264.2 256.9 155.9 221.1 106.8 140.2 314.3 690.6 170.9 336.7 303.5 143.8 198.4 272.9 281.6 228.5 367.1 247.1 193.9 188.9 211.1 196.0 203.0 222.5 246.7 254.2 271.8 266.0 260.1 265.1 294.1 294.6
-9999.0 -9999.0 -9999.0 -9999.0 -9999.0 -9999.0 -9999.0 -9999.0 -9999.0 -9999.0 -9999.0 -9999.0 -9999.0 -9999.0 -9999.0 -9999.0 -9999.0 -9999.0 -9999.0 -9999.0 -9999.0 -9999.0 -9999.0 128.0 158.9 152.5 149.3 151.0 164.4 146.8 152.2 158.3 190.8 177.2 198.4 197.6 206.7 153.2 178.0 193.8 197.4 257.2 231.1 221.7 199.2 150.5 173.0 160.1 128.7 116.9 128.5 255.6 127.1 163.3 157.7 156.8 257.7 333.5 212.8 282.5 200.3 196.1 204.2 226.8 252.7 293.3 307.3 287.9 255.9 255.6 236.8 263.6 295.6 318.8
-9999.0 -9999.0 -9999.0 -9999.0 -9999.0 -9999.0 -9999.0 -9999.0 -9999.0 -9999.0 -9999.0 -9999.0 -9999.0 -9999.0 -9999.0 -9999.0 -9999.0 -9999.0 -9999.0 -9999.0 -9999.0 -9999.0 -9999.0 -9999.0 -9999.0 94.0 125.1 189.1 173.7 195.6 159.6 138.0 136.9 158.0 153.5 195.4 243.2 164.0 197.2 162.9 234.9 214.6 173.4 215.7 193.6 188.5 200.1 189.1 235.3 161.3 288.4 199.8 249.1 219.0 150.1 180.2 256.8 261.1 337.0 306.8 260.0 234.5 337.6 278.7 314.1 356.6 352.7 292.6 248.7 225.5 234.1 266.9 309.4 319.0
-9999.0 -9999.0 -9999.0 -9999.0 -9999.0 -9999.0 -9999.0 -9999.0 -9999.0 -9999.0 -9999.0 -9999.0 -9999.0 -9999.0 -9999.0 -9999.0 -9999.0 -9999.0 -9999.0 -9999.0 -9999.0 -9999.0 -9999.0 -9999.0 -9999.0 -9999.0 -9999.0 70.8 69.8 102.4 103.3 101.8 155.6 95.7 136.4 74.2 131.3 128.2 106.2 143.7 195.7 190.1 199.6 204.3 220.0 222.8 221.5 221.9 218.8 200.6 194.6 183.7 172.7 159.6 175.7 231.2 241.9 277.7 336.0 291.0 279.6 269.3 261.3 283.9 298.1 335.3 356.8 314.1 251.2 216.4 227.3 254.3 294.1 295.8
-9999.0 -9999.0 -9999.0 -9999.0 -9999.0 -9999.0 -9999.0 -9999.0 -9999.0 -9999.0 -9999.0 -9999.0 -9999.0 -9999.0 -9999.0 -9999.0 -9999.0 -9999.0 -9999.0 -9999.0 -9999.0 -9999.0 -9999.0 -9999.0 -9999.0 -9999.0 -9999.0 -9999.0 -9999.0 -9999.0 -9999.0 -9999.0 -9999.0 64.2 96.1 -9999.0 -9999.0 -9999.0 103.7 139.3 159.3 188.3 235.1 223.9 231.2 245.6 -9999.0 -9999.0 -9999.0 -9999.0 -9999.0 -9999.0 180.6 230.3 190.1 218.7 260.2 298.6 313.7 310.7 291.6 291.4 265.2 282.3 305.2 322.3 313.1 275.4 235.9 212.7 223.8 240.8 259.6 253.7
-9999.0 -9999.0 -9999.0 -9999.0 -9999.0 -9999.0 -9999.0 -9999.0 -9999.0 -9999.0 -9999.0 -9999.0 -9999.0 -9999.0 -9999.0 -9999.0 -9999.0 -9999.0 -9999.0 -9999.0 -9999.0 -9999.0 -9999.0 -9999.0 -9999.0 -9999.0 -9999.0 -9999.0 -9999.0 -9999.0 -9999.0 -9999.0 -9999.0 -9999.0 -9999.0 -9999.0 -9999.0 -9999.0 -9999.0 119.3 146.4 174.5 202.9 230.6 -9999.0 -9999.0 -9999.0 -9999.0 -9999.0 -9999.0 -9999.0 -9999.0 205.4 290.6 231.0 225.9 262.0 300.2 323.0 318.1 293.5 291.1 287.9 267.2 294.0 308.5 303.6 282.4 243.7 214.2 212.0 222.6 224.6 231.7
-9999.0 -9999.0 -9999.0 -9999.0 -9999.0 -9999.0 -9999.0 -9999.0 -9999.0 -9999.0 -9999.0 -9999.0 -9999.0 -9999.0 -9999.0 -9999.0 -9999.0 -9999.0 -9999.0 -9999.0 -9999.0 -9999.0 -9999.0 -9999.0 -9999.0 -9999.0 -9999.0 -9999.0 -9999.0 -9999.0 -9999.0 -9999.0 -9999.0 -9999.0 -9999.0 -9999.0 -9999.0 -9999.0 -9999.0 -9999.0 -9999.0 -9999.0 -9999.0 -9999.0 -9999.0 -9999.0 -9999.0 -9999.0 -9999.0 -9999.0 -9999.0 -9999.0 177.1 346.2 260.7 313.1 274.3 299.3 319.0 326.5 291.1 274.2 443.1 265.6 293.0 323.6 338.6 309.3 266.9 232.7 217.2 215.0 241.3 219.7
-9999.0 -9999.0 -9999.0 -9999.0 -9999.0 -9999.0 -9999.0 -9999.0 -9999.0 -9999.0 -9999.0 -9999.0 -9999.0 -9999.0 -9999.0 -9999.0 -9999.0 -9999.0 -9999.0 -9999.0 -9999.0 -9999.0 -9999.0 -9999.0 -9999.0 -9999.0 -9999.0 -9999.0 -9999.0 -9999.0 -9999.0 -9999.0 -9999.0 -9999.0 -9999.0 -9999.0 -9999.0 -9999.0 -9999.0 -9999.0 -9999.0 -9999.0 -9999.0 -9999.0 -9999.0 -9999.0 -9999.0 -9999.0 -9999.0 -9999.0 -9999.0 257.0 249.4 359.4 215.7 280.7 296.4 346.5 335.8 280.5 390.1 352.9 263.1 282.7 317.4 359.4 372.1 358.6 306.4 270.4 242.6 228.8 211.7 204.6
-9999.0 -9999.0 -9999.0 -9999.0 -9999.0 -9999.0 -9999.0 -9999.0 -9999.0 -9999.0 -9999.0 -9999.0 -9999.0 -9999.0 -9999.0 -9999.0 -9999.0 -9999.0 -9999.0 -9999.0 -9999.0 -9999.0 -9999.0 -9999.0 -9999.0 -9999.0 -9999.0 -9999.0 -9999.0 -9999.0 -9999.0 -9999.0 -9999.0 -9999.0 -9999.0 -9999.0 -9999.0 -9999.0 -9999.0 -9999.0 -9999.0 -9999.0 -9999.0 -9999.0 -9999.0 -9999.0 -9999.0 -9999.0 -9999.0 -9999.0 295.1 371.6 364.6 386.3 300.8 346.5 320.3 313.0 349.9 413.3 359.2 415.6 309.7 332.1 372.7 403.4 388.2 372.6 343.2 322.7 292.9 264.1 238.9 246.9
-9999.0 -9999.0 -9999.0 -9999.0 -9999.0 -9999.0 -9999.0 -9999.0 -9999.0 -9999.0 -9999.0 -9999.0 -9999.0 -9999.0 -9999.0 -9999.0 -9999.0 -9999.0 -9999.0 -9999.0 -9999.0 -9999.0 -9999.0 -9999.0 -9999.0 -9999.0 -9999.0 -9999.0 -9999.0 -9999.0 -9999.0 -9999.0 -9999.0 -9999.0 -9999.0 -9999.0 -9999.0 -9999.0 -9999.0 -9999.0 -9999.0 -9999.0 -9999.0 -9999.0 -9999.0 -9999.0 -9999.0 -9999.0 -9999.0 -9999.0 329.3 521.0 370.0 423.7 437.8 396.7 314.9 450.6 455.8 389.0 328.6 345.3 309.6 354.9 396.3 363.6 362.7 357.3 362.0 359.6 346.9 318.1 286.0 271.2
-9999.0 -9999.0 -9999.0 -9999.0 -9999.0 -9999.0 -9999.0 -9999.0 -9999.0 -9999.0 -9999.0 -9999.0 -9999.0 -9999.0 -9999.0 -9999.0 -9999.0 -9999.0 -9999.0 -9999.0 -9999.0 -9999.0 -9999.0 -9999.0 -9999.0 -9999.0 -9999.0 -9999.0 -9999.0 -9999.0 -9999.0 -9999.0 -9999.0 -9999.0 -9999.0 -9999.0 -9999.0 -9999.0 -9999.0 -9999.0 -9999.0 -9999.0 -9999.0 -9999.0 -9999.0 -9999.0 -9999.0 -9999.0 -9999.0 -9999.0 311.7 432.6 361.2 610.9 400.6 405.2 595.2 500.9 522.7 331.5 345.5 360.5 341.4 330.1 368.1 343.2 310.9 315.3 334.9 363.6 375.4 366.6 313.4 298.0
-9999.0 -9999.0 -9999.0 -9999.0 -9999.0 -9999.0 -9999.0 -9999.0 -9999.0 -9999.0 -9999.0 -9999.0 -9999.0 -9999.0 -9999.0 -9999.0 -9999.0 -9999.0 -9999.0 -9999.0 -9999.0 -9999.0 -9999.0 -9999.0 -9999.0 -9999.0 -9999.0 -9999.0 -9999.0 -9999.0 -9999.0 -9999.0 -9999.0 -9999.0 -9999.0 -9999.0 -9999.0 -9999.0 -9999.0 -9999.0 -9999.0 -9999.0 -9999.0 -9999.0 -9999.0 -9999.0 -9999.0 -9999.0 -9999.0 -9999.0 484.3 607.0 498.9 540.1 520.7 637.1 424.6 569.1 528.4 345.5 346.0 310.4 258.7 330.7 366.3 347.2 331.6 305.8 327.9 314.6 355.8 354.4 326.2 289.6
-9999.0 -9999.0 -9999.0 -9999.0 -9999.0 -9999.0 -9999.0 -9999.0 -9999.0 -9999.0 -9999.0 -9999.0 -9999.0 -9999.0 -9999.0 -9999.0 -9999.0 -9999.0 -9999.0 -9999.0 -9999.0 -9999.0 -9999.0 -9999.0 -9999.0 -9999.0 -9999.0 -9999.0 -9999.0 -9999.0 -9999.0 -9999.0 -9999.0 -9999.0 -9999.0 -9999.0 -9999.0 -9999.0 -9999.0 -9999.0 -9999.0 -9999.0 -9999.0 -9999.0 -9999.0 -9999.0 -9999.0 -9999.0 -9999.0 -9999.0 -9999.0 -9999.0 -9999.0 431.3 414.2 459.3 564.6 644.9 450.6 384.6 521.8 273.2 414.2 386.0 390.7 360.6 364.4 290.4 309.0 316.4 324.2 327.1 305.0 266.4
-9999.0 -9999.0 -9999.0 -9999.0 -9999.0 -9999.0 -9999.0 -9999.0 -9999.0 -9999.0 -9999.0 -9999.0 -9999.0 -9999.0 -9999.0 -9999.0 -9999.0 -9999.0 -9999.0 -9999.0 -9999.0 -9999.0 -9999.0 -9999.0 -9999.0 -9999.0 -9999.0 -9999.0 -9999.0 -9999.0 -9999.0 -9999.0 -9999.0 -9999.0 -9999.0 -9999.0 -9999.0 -9999.0 -9999.0 -9999.0 -9999.0 -9999.0 -9999.0 -9999.0 -9999.0 -9999.0 -9999.0 -9999.0 -9999.0 -9999.0 -9999.0 -9999.0 -9999.0 441.1 378.4 789.3 531.6 507.9 546.6 591.6 407.8 334.5 519.1 393.4 399.1 372.4 285.8 356.6 300.0 312.1 323.4 347.6 351.6 324.2
-9999.0 -9999.0 -9999.0 -9999.0 -9999.0 -9999.0 -9999.0 -9999.0 -9999.0 -9999.0 -9999.0 -9999.0 -9999.0 -9999.0 -9999.0 -9999.0 -9999.0 -9999.0 -9999.0 -9999.0 -9999.0 -9999.0 -9999.0 -9999.0 -9999.0 -9999.0 -9999.0 -9999.0 -9999.0 -9999.0 -9999.0 -9999.0 -9999.0 -9999.0 -9999.0 -9999.0 -9999.0 -9999.0 -9999.0 -9999.0 -9999.0 -9999.0 -9999.0 -9999.0 -9999.0 -9999.0 -9999.0 -9999.0 -9999.0 -9999.0 -9999.0 -9999.0 -9999.0 452.1 282.7 548.4 527.2 486.6 518.3 470.8 514.4 492.8 620.2 629.8 343.3 -9999.0 -9999.0 -9999.0 367.6 360.1 400.4 461.5 501.0 475.8
-9999.0 -9999.0 -9999.0 -9999.0 -9999.0 -9999.0 -9999.0 -9999.0 -9999.0 -9999.0 -9999.0 -9999.0 -9999.0 -9999.0 -9999.0 -9999.0 -9999.0 -9999.0 -9999.0 -9999.0 -9999.0 -9999.0 -9999.0 -9999.0 -9999.0 -9999.0 -9999.0 -9999.0 -9999.0 -9999.0 -9999.0 -9999.0 -9999.0 -9999.0 -9999.0 -9999.0 -9999.0 -9999.0 -9999.0 -9999.0 -9999.0 -9999.0 -9999.0 -9999.0 -9999.0 -9999.0 -9999.0 -9999.0 -9999.0 -9999.0 -9999.0 -9999.0 -9999.0 -9999.0 435.2 439.0 334.0 333.4 476.4 559.3 360.0 -9999.0 -9999.0 -9999.0 -9999.0 -9999.0 -9999.0 -9999.0 381.0 442.2 532.0 575.6 635.8 629.0
-9999.0 -9999.0 -9999.0 -9999.0 -9999.0 -9999.0 -9999.0 -9999.0 -9999.0 -9999.0 -9999.0 -9999.0 -9999.0 -9999.0 -9999.0 -9999.0 -9999.0 -9999.0 -9999.0 -9999.0 -9999.0 -9999.0 -9999.0 -9999.0 -9999.0 -9999.0 -9999.0 -9999.0 -9999.0 -9999.0 -9999.0 -9999.0 -9999.0 -9999.0 -9999.0 -9999.0 -9999.0 -9999.0 -9999.0 -9999.0 -9999.0 -9999.0 -9999.0 -9999.0 -9999.0 -9999.0 -9999.0 -9999.0 -9999.0 -9999.0 -9999.0 -9999.0 -9999.0 -9999.0 -9999.0 333.6 537.7 357.7 317.3 402.6 379.2 -9999.0 -9999.0 -9999.0 -9999.0 -9999.0 -9999.0 -9999.0 -9999.0 -9999.0 534.1 -9999.0 -9999.0 -9999.0
