program/excelProcessViaJava/data/SURF_CLI_CHN_PRE_MON_GRID_0.5-199706.txt
NCOLS      128
NROWS       72
XLLCORNER    72.000000000000    
YLLCORNER    18.000000000000    
CELLSIZE    0.50000000000000    
NODATA_VALUE   -9999.000    
[rows 34 to 67 of 72, columns 0 to 75 of 128]
-9999.0 -9999.0 -9999.0 -9999.0 2.2 2.4 1.2 2.3 1.0 1.4 4.6 3.3 5.8 7.6 10.2 11.7 14.2 14.7 15.7 17.7 21.4 22.7 24.1 35.9 48.2 51.3 53.4 56.2 57.4 59.0 59.4 63.3 58.9 57.6 58.4 52.5 59.6 65.7 51.5 36.3 50.7 23.0 19.9 14.0 12.2 11.2 11.3 13.1 17.1 26.0 35.6 47.9 74.4 71.2 65.9 66.4 66.3 72.2 74.6 40.8 55.4 34.9 30.7 28.5 20.5 15.2 23.1 19.8 21.0 21.1 17.0 14.3 11.9 10.5 8.9 8.4
-9999.0 -9999.0 -9999.0 -9999.0 -9999.0 -9999.0 -9999.0 1.0 0.8 1.5 0.9 1.4 4.2 5.5 8.0 13.2 17.3 20.5 24.1 30.2 35.1 37.2 40.7 45.0 48.6 51.6 54.8 57.7 60.3 63.4 64.9 65.6 65.1 66.2 68.5 64.2 71.4 69.2 78.8 82.2 57.1 86.0 77.1 53.8 31.7 16.6 20.3 18.9 27.0 26.4 32.2 44.8 64.2 79.3 80.9 70.1 61.3 54.4 71.3 47.2 56.3 33.7 26.8 25.3 25.5 19.0 22.3 24.8 21.6 19.4 15.6 12.1 10.6 9.6 7.6 7.1
-9999.0 -9999.0 -9999.0 -9999.0 -9999.0 -9999.0 -9999.0 0.2 1.0 0.6 0.7 1.5 2.0 2.1 5.7 4.5 12.8 17.7 17.4 27.7 33.1 34.5 40.8 44.8 49.2 52.7 56.1 58.7 61.9 63.9 66.7 68.2 68.8 71.4 69.4 70.8 70.5 77.1 79.9 81.0 84.8 84.3 82.6 88.0 54.1 31.9 33.7 34.9 51.5 52.0 70.9 73.9 71.1 78.3 77.5 81.1 76.6 74.2 70.8 64.2 57.9 53.1 35.7 31.6 23.1 20.2 21.1 22.2 23.1 13.0 11.3 10.8 11.1 10.7 6.0 7.3
-9999.0 -9999.0 -9999.0 -9999.0 -9999.0 -9999.0 -9999.0 -9999.0 -9999.0 0.4 0.7 1.2 1.0 2.1 4.8 8.6 9.8 6.9 16.5 16.1 26.3 35.2 40.7 45.3 50.0 54.6 57.6 61.1 64.9 66.4 69.1 70.6 71.3 72.6 70.8 71.4 72.3 77.2 79.0 85.4 85.7 89.8 83.2 70.4 66.4 56.3 50.6 48.5 53.6 60.5 70.6 73.2 74.6 75.6 73.4 81.3 80.5 77.4 70.0 65.4 63.8 60.4 55.9 33.7 30.0 24.4 24.6 26.4 24.9 13.9 11.7 10.7 12.2 12.5 10.6 3.4
-9999.0 -9999.0 -9999.0 -9999.0 -9999.0 -9999.0 -9999.0 -9999.0 -9999.0 -9999.0 -9999.0 0.4 2.3 1.0 3.2 4.5 8.1 12.7 17.6 20.7 22.3 31.8 36.5 44.6 43.7 52.7 55.9 60.7 65.8 70.2 72.7 73.1 74.8 74.9 74.1 76.9 75.3 77.7 89.2 85.8 93.1 89.6 82.0 72.2 77.3 58.1 66.0 56.7 63.8 68.7 70.8 74.4 74.2 71.6 67.6 70.5 77.0 72.9 69.6 67.1 63.2 62.8 56.0 45.2 39.7 30.8 34.3 38.4 32.9 25.1 18.1 16.7 16.2 13.6 6.7 5.2
-9999.0 -9999.0 -9999.0 -9999.0 -9999.0 -9999.0 -9999.0 -9999.0 -9999.0 -9999.0 -9999.0 -9999.0 1.3 2.6 1.6 5.0 2.8 9.0 12.8 10.8 26.5 29.8 35.1 43.7 32.4 52.9 61.1 60.6 67.0 66.2 74.4 77.1 77.9 76.8 76.7 76.2 79.0 78.0 78.5 79.7 82.2 83.8 82.0 82.1 74.6 70.6 70.5 61.0 68.6 76.9 84.4 81.3 74.9 70.4 67.7 67.0 67.5 63.3 74.0 63.8 66.2 57.8 52.4 48.5 45.1 43.0 45.6 50.4 48.8 42.5 29.5 21.0 19.6 16.4 14.3 23.0
-9999.0 -9999.0 -9999.0 -9999.0 -9999.0 -9999.0 -9999.0 -9999.0 -9999.0 -9999.0 -9999.0 -9999.0 0.1 2.5 5.4 2.8 9.7 10.6 8.2 13.6 19.1 21.7 29.4 40.9 52.6 54.5 59.8 69.5 70.1 77.3 76.1 74.6 78.9 79.2 77.4 76.3 76.5 78.0 78.9 80.7 80.9 82.8 91.6 82.0 85.6 87.5 76.2 74.3 75.0 89.0 91.1 86.4 77.9 73.0 74.0 72.7 76.3 73.3 78.4 78.4 76.0 67.5 55.9 48.6 53.5 52.2 46.2 54.1 59.3 58.6 54.7 49.0 44.3 39.7 34.2 33.2
-9999.0 -9999.0 -9999.0 -9999.0 -9999.0 -9999.0 -9999.0 -9999.0 -9999.0 -9999.0 -9999.0 -9999.0 -9999.0 0.8 0.5 5.9 4.1 9.3 13.4 16.7 18.3 28.1 26.2 42.7 47.5 41.4 47.6 48.0 61.3 69.4 79.4 83.3 77.7 77.9 80.2 76.7 74.6 74.9 83.1 83.4 86.6 93.1 95.0 103.0 96.6 91.9 96.4 100.6 103.9 105.5 103.2 93.4 85.3 83.6 82.1 85.0 89.9 87.3 78.5 81.5 79.4 76.1 64.5 62.8 55.0 55.2 57.4 59.7 64.2 64.1 50.3 60.1 68.4 61.7 55.8 57.0
-9999.0 -9999.0 -9999.0 -9999.0 -9999.0 -9999.0 -9999.0 -9999.0 -9999.0 -9999.0 -9999.0 -9999.0 0.2 0.1 0.3 2.2 0.8 3.4 5.7 15.9 20.3 25.2 27.9 37.2 46.7 38.1 48.1 59.1 65.1 68.3 76.6 87.1 76.7 82.8 79.2 77.7 74.0 74.0 75.7 81.1 94.8 107.8 118.4 107.8 114.5 117.2 114.4 110.3 115.1 117.4 117.2 110.8 99.4 99.0 101.6 106.5 107.8 116.3 109.1 111.1 100.8 86.2 79.1 67.4 63.4 59.6 60.5 57.1 65.4 75.1 83.1 91.0 89.3 77.8 77.2 72.3
-9999.0 -9999.0 -9999.0 -9999.0 -9999.0 -9999.0 -9999.0 -9999.0 -9999.0 -9999.0 -9999.0 -9999.0 0.0 0.8 0.8 0.1 0.3 4.0 6.4 5.3 15.9 14.7 21.1 28.7 41.5 51.0 54.8 60.2 64.8 75.5 83.1 85.3 78.4 89.9 86.1 79.6 78.0 76.5 79.2 84.0 93.1 102.4 112.2 122.2 129.9 136.4 143.9 140.7 136.6 123.2 124.1 124.5 118.3 119.7 124.3 128.2 135.0 136.1 134.6 127.6 117.4 104.6 98.6 80.7 67.8 74.3 62.8 57.4 58.1 73.4 89.5 101.4 107.8 110.2 101.3 94.5
-9999.0 -9999.0 -9999.0 -9999.0 -9999.0 -9999.0 -9999.0 -9999.0 -9999.0 -9999.0 -9999.0 -9999.0 0.5 0.0 0.8 0.7 1.2 0.2 1.6 2.9 1.5 3.0 13.9 14.6 26.0 21.9 33.5 29.2 57.3 66.0 76.0 68.3 89.8 95.5 90.5 83.2 81.1 82.2 87.1 94.7 105.2 115.9 136.7 129.8 145.7 157.7 159.9 150.6 136.3 135.1 135.9 131.4 145.4 149.0 151.5 141.1 157.4 163.2 162.2 153.2 146.9 134.8 117.8 89.1 72.2 84.8 66.4 56.2 61.3 73.8 87.0 109.7 121.5 117.8 72.7 98.6
-9999.0 -9999.0 -9999.0 -9999.0 -9999.0 -9999.0 -9999.0 -9999.0 -9999.0 -9999.0 -9999.0 -9999.0 -9999.0 0.0 0.0 0.3 0.3 0.8 0.4 0.5 0.2 3.0 3.2 4.5 18.7 20.9 28.5 38.6 36.9 61.4 52.7 68.4 74.6 89.4 85.3 75.9 80.1 89.6 97.3 108.3 121.8 141.4 157.1 163.9 156.3 156.1 159.0 136.4 147.5 141.1 128.8 145.3 146.7 145.2 173.1 185.3 165.9 175.0 190.2 193.4 181.8 163.0 146.8 86.2 102.7 79.2 68.3 65.8 76.3 89.0 98.5 115.4 134.0 138.0 129.3 101.9
-9999.0 -9999.0 -9999.0 -9999.0 -9999.0 -9999.0 -9999.0 -9999.0 -9999.0 -9999.0 -9999.0 -9999.0 -9999.0 0.6 0.0 0.1 0.0 0.4 0.5 0.5 0.1 0.3 0.5 2.2 16.5 14.6 16.5 29.9 31.8 15.4 29.5 44.2 67.6 73.7 69.5 74.1 84.4 94.1 104.6 116.7 135.5 152.7 166.2 170.7 172.9 158.8 148.7 123.1 121.3 117.7 128.5 109.7 141.5 167.0 188.9 201.6 195.7 207.3 226.7 192.1 217.9 165.4 125.3 159.3 129.7 101.0 89.6 90.9 103.7 118.1 123.8 135.4 152.8 154.4 142.8 128.4
-9999.0 -9999.0 -9999.0 -9999.0 -9999.0 -9999.0 -9999.0 -9999.0 -9999.0 -9999.0 -9999.0 -9999.0 -9999.0 -9999.0 -9999.0 0.0 0.1 0.1 0.2 0.8 0.1 0.9 2.3 2.9 3.2 5.7 1.3 7.0 3.8 19.9 21.6 35.6 34.0 47.6 62.2 63.0 73.6 92.7 105.6 119.8 133.4 147.9 159.2 161.6 149.9 135.8 128.5 97.9 102.4 70.6 88.5 131.1 117.9 141.4 120.6 192.5 219.3 188.9 256.5 261.2 210.0 157.5 182.6 188.5 181.9 163.4 140.9 131.1 141.7 142.4 140.6 139.6 134.9 142.2 145.0 145.0
-9999.0 -9999.0 -9999.0 -9999.0 -9999.0 -9999.0 -9999.0 -9999.0 -9999.0 -9999.0 -9999.0 -9999.0 -9999.0 -9999.0 -9999.0 -9999.0 -9999.0 42.3 10.0 -9999.0 8.3 0.5 5.5 7.6 1.8 3.7 0.6 2.4 9.2 5.0 14.4 33.9 21.6 53.4 63.5 59.9 67.9 76.1 93.1 105.4 117.2 129.7 136.0 136.6 150.2 124.6 175.6 108.4 70.9 74.0 52.3 66.8 61.4 117.8 149.9 181.2 186.9 243.2 261.8 276.5 184.7 154.9 162.5 200.4 223.8 223.4 197.2 167.1 164.8 153.0 139.0 126.3 125.0 125.3 141.0 157.0
-9999.0 -9999.0 -9999.0 -9999.0 -9999.0 -9999.0 -9999.0 -9999.0 -9999.0 -9999.0 -9999.0 -9999.0 -9999.0 -9999.0 -9999.0 -9999.0 -9999.0 -9999.0 -9999.0 -9999.0 -9999.0 4.4 1.7 0.2 1.9 16.4 13.5 10.5 6.5 14.6 13.4 46.7 46.1 45.3 49.2 48.4 56.4 62.4 64.0 67.4 76.1 101.8 108.6 108.9 138.3 102.1 242.1 81.9 90.0 154.4 55.2 102.5 105.9 61.4 101.0 159.4 191.9 201.4 268.1 269.5 165.7 151.5 128.3 173.5 232.4 250.9 227.5 182.2 166.1 151.9 134.8 134.7 124.9 104.5 111.5 130.2
-9999.0 -9999.0 -9999.0 -9999.0 -9999.0 -9999.0 -9999.0 -9999.0 -9999.0 -9999.0 -9999.0 -9999.0 -9999.0 -9999.0 -9999.0 -9999.0 -9999.0 -9999.0 -9999.0 -9999.0 -9999.0 -9999.0 -9999.0 71.6 13.4 18.4 17.6 10.3 1.8 8.7 8.4 13.4 13.6 30.3 36.8 45.1 54.5 51.8 61.7 66.2 65.8 77.1 71.3 79.0 127.9 316.1 134.4 98.9 107.0 101.5 48.4 70.1 41.5 56.2 59.5 59.0 146.8 211.1 179.9 254.6 203.4 202.7 181.7 143.7 173.7 223.5 227.1 188.3 180.2 174.5 174.6 165.0 143.6 130.8 102.7 109.2
-9999.0 -9999.0 -9999.0 -9999.0 -9999.0 -9999.0 -9999.0 -9999.0 -9999.0 -9999.0 -9999.0 -9999.0 -9999.0 -9999.0 -9999.0 -9999.0 -9999.0 -9999.0 -9999.0 -9999.0 -9999.0 -9999.0 -9999.0 -9999.0 -9999.0 203.4 70.9 0.4 0.9 0.5 4.7 25.0 39.7 38.9 48.4 48.7 56.2 48.2 55.1 42.7 55.5 44.6 102.8 106.1 259.8 363.8 256.5 401.8 68.6 92.2 68.5 54.8 72.6 72.9 47.1 63.7 125.3 145.6 219.4 237.3 238.8 220.1 260.1 129.4 145.2 179.3 202.6 178.5 172.2 178.2 215.0 213.1 173.0 159.9 145.1 129.0
-9999.0 -9999.0 -9999.0 -9999.0 -9999.0 -9999.0 -9999.0 -9999.0 -9999.0 -9999.0 -9999.0 -9999.0 -9999.0 -9999.0 -9999.0 -9999.0 -9999.0 -9999.0 -9999.0 -9999.0 -9999.0 -9999.0 -9999.0 -9999.0 -9999.0 -9999.0 -9999.0 292.0 282.2 87.1 73.9 77.8 27.4 95.9 63.6 116.1 53.2 44.6 44.9 33.0 36.3 40.5 132.9 282.2 334.6 408.6 468.9 475.5 451.9 191.0 261.6 201.1 62.4 61.2 65.9 97.9 96.6 121.0 200.6 202.2 199.1 222.3 148.6 136.3 164.0 163.0 175.3 190.5 179.7 188.6 218.0 208.4 207.6 182.8 154.4 157.7
-9999.0 -9999.0 -9999.0 -9999.0 -9999.0 -9999.0 -9999.0 -9999.0 -9999.0 -9999.0 -9999.0 -9999.0 -9999.0 -9999.0 -9999.0 -9999.0 -9999.0 -9999.0 -9999.0 -9999.0 -9999.0 -9999.0 -9999.0 -9999.0 -9999.0 -9999.0 -9999.0 -9999.0 -9999.0 -9999.0 -9999.0 -9999.0 -9999.0 190.5 97.8 -9999.0 -9999.0 -9999.0 112.9 49.1 82.9 140.0 126.8 351.1 443.7 474.7 -9999.0 -9999.0 -9999.0 -9999.0 -9999.0 -9999.0 111.1 91.7 86.8 92.0 110.5 116.0 157.3 187.0 214.0 222.7 173.4 159.9 176.5 191.9 181.6 155.2 142.5 165.7 201.9 190.8 195.1 191.9 176.4 178.9
-9999.0 -9999.0 -9999.0 -9999.0 -9999.0 -9999.0 -9999.0 -9999.0 -9999.0 -9999.0 -9999.0 -9999.0 -9999.0 -9999.0 -9999.0 -9999.0 -9999.0 -9999.0 -9999.0 -9999.0 -9999.0 -9999.0 -9999.0 -9999.0 -9999.0 -9999.0 -9999.0 -9999.0 -9999.0 -9999.0 -9999.0 -9999.0 -9999.0 -9999.0 -9999.0 -9999.0 -9999.0 -9999.0 -9999.0 319.3 328.3 357.4 394.5 431.4 -9999.0 -9999.0 -9999.0 -9999.0 -9999.0 -9999.0 -9999.0 -9999.0 130.7 124.7 115.9 113.1 115.0 117.3 138.6 181.8 218.3 224.5 222.5 209.2 247.6 255.6 228.8 188.5 165.5 145.0 151.9 186.0 221.7 191.1 180.8 179.4
-9999.0 -9999.0 -9999.0 -9999.0 -9999.0 -9999.0 -9999.0 -9999.0 -9999.0 -9999.0 -9999.0 -9999.0 -9999.0 -9999.0 -9999.0 -9999.0 -9999.0 -9999.0 -9999.0 -9999.0 -9999.0 -9999.0 -9999.0 -9999.0 -9999.0 -9999.0 -9999.0 -9999.0 -9999.0 -9999.0 -9999.0 -9999.0 -9999.0 -9999.0 -9999.0 -9999.0 -9999.0 -9999.0 -9999.0 -9999.0 -9999.0 -9999.0 -9999.0 -9999.0 -9999.0 -9999.0 -9999.0 -9999.0 -9999.0 -9999.0 -9999.0 -9999.0 263.6 159.1 142.0 161.7 131.6 119.2 131.1 170.7 204.5 225.9 303.9 258.2 287.0 289.7 271.4 246.3 220.6 197.6 193.5 215.0 192.4 215.1 191.2 195.6
-9999.0 -9999.0 -9999.0 -9999.0 -9999.0 -9999.0 -9999.0 -9999.0 -9999.0 -9999.0 -9999.0 -9999.0 -9999.0 -9999.0 -9999.0 -9999.0 -9999.0 -9999.0 -9999.0 -9999.0 -9999.0 -9999.0 -9999.0 -9999.0 -9999.0 -9999.0 -9999.0 -9999.0 -9999.0 -9999.0 -9999.0 -9999.0 -9999.0 -9999.0 -9999.0 -9999.0 -9999.0 -9999.0 -9999.0 -9999.0 -9999.0 -9999.0 -9999.0 -9999.0 -9999.0 -9999.0 -9999.0 -9999.0 -9999.0 -9999.0 -9999.0 348.0 210.1 184.9 136.8 147.5 130.4 138.8 126.0 140.2 201.8 226.3 238.0 274.7 298.7 302.4 295.4 278.5 270.6 258.2 252.3 265.8 300.4 308.9 256.1 227.6
-9999.0 -9999.0 -9999.0 -9999.0 -9999.0 -9999.0 -9999.0 -9999.0 -9999.0 -9999.0 -9999.0 -9999.0 -9999.0 -9999.0 -9999.0 -9999.0 -9999.0 -9999.0 -9999.0 -9999.0 -9999.0 -9999.0 -9999.0 -9999.0 -9999.0 -9999.0 -9999.0 -9999.0 -9999.0 -9999.0 -9999.0 -9999.0 -9999.0 -9999.0 -9999.0 -9999.0 -9999.0 -9999.0 -9999.0 -9999.0 -9999.0 -9999.0 -9999.0 -9999.0 -9999.0 -9999.0 -9999.0 -9999.0 -9999.0 -9999.0 496.6 319.7 239.7 210.2 164.6 159.9 118.1 105.6 120.0 149.7 154.1 208.6 210.6 255.1 278.4 288.7 276.2 275.9 283.9 286.4 298.5 320.2 344.9 322.7 270.3 219.4
-9999.0 -9999.0 -9999.0 -9999.0 -9999.0 -9999.0 -9999.0 -9999.0 -9999.0 -9999.0 -9999.0 -9999.0 -9999.0 -9999.0 -9999.0 -9999.0 -9999.0 -9999.0 -9999.0 -9999.0 -9999.0 -9999.0 -9999.0 -9999.0 -9999.0 -9999.0 -9999.0 -9999.0 -9999.0 -9999.0 -9999.0 -9999.0 -9999.0 -9999.0 -9999.0 -9999.0 -9999.0 -9999.0 -9999.0 -9999.0 -9999.0 -9999.0 -9999.0 -9999.0 -9999.0 -9999.0 -9999.0 -9999.0 -9999.0 -9999.0 475.6 332.0 296.2 232.0 206.6 162.8 129.9 153.3 150.7 136.2 127.1 137.1 142.9 187.7 225.2 255.0 253.2 245.8 270.6 295.5 329.1 344.9 341.5 319.7 286.7 265.2
-9999.0 -9999.0 -9999.0 -9999.0 -9999.0 -9999.0 -9999.0 -9999.0 -9999.0 -9999.0 -9999.0 -9999.0 -9999.0 -9999.0 -9999.0 -9999.0 -9999.0 -9999.0 -9999.0 -9999.0 -9999.0 -9999.0 -9999.0 -9999.0 -9999.0 -9999.0 -9999.0 -9999.0 -9999.0 -9999.0 -9999.0 -9999.0 -9999.0 -9999.0 -9999.0 -9999.0 -9999.0 -9999.0 -9999.0 -9999.0 -9999.0 -9999.0 -9999.0 -9999.0 -9999.0 -9999.0 -9999.0 -9999.0 -9999.0 -9999.0 434.8 368.8 298.6 289.4 195.9 169.7 215.2 185.8 186.9 160.1 132.9 124.3 113.7 119.5 164.0 187.5 198.2 198.6 228.8 301.7 329.7 329.2 296.7 252.4 235.0 242.3
-9999.0 -9999.0 -9999.0 -9999.0 -9999.0 -9999.0 -9999.0 -9999.0 -9999.0 -9999.0 -9999.0 -9999.0 -9999.0 -9999.0 -9999.0 -9999.0 -9999.0 -9999.0 -9999.0 -9999.0 -9999.0 -9999.0 -9999.0 -9999.0 -9999.0 -9999.0 -9999.0 -9999.0 -9999.0 -9999.0 -9999.0 -9999.0 -9999.0 -9999.0 -9999.0 -9999.0 -9999.0 -9999.0 -9999.0 -9999.0 -9999.0 -9999.0 -9999.0 -9999.0 -9999.0 -9999.0 -9999.0 -9999.0 -9999.0 -9999.0 396.4 369.6 308.8 284.1 250.4 254.6 202.6 222.6 222.1 196.2 170.5 122.6 81.0 94.4 131.7 149.5 164.7 170.2 225.2 205.4 263.4 255.6 222.0 180.8 177.6 216.1
-9999.0 -9999.0 -9999.0 -9999.0 -9999.0 -9999.0 -9999.0 -9999.0 -9999.0 -9999.0 -9999.0 -9999.0 -9999.0 -9999.0 -9999.0 -9999.0 -9999.0 -9999.0 -9999.0 -9999.0 -9999.0 -9999.0 -9999.0 -9999.0 -9999.0 -9999.0 -9999.0 -9999.0 -9999.0 -9999.0 -9999.0 -9999.0 -9999.0 -9999.0 -9999.0 -9999.0 -9999.0 -9999.0 -9999.0 -9999.0 -9999.0 -9999.0 -9999.0 -9999.0 -9999.0 -9999.0 -9999.0 -9999.0 -9999.0 -9999.0 -9999.0 -9999.0 -9999.0 275.9 251.5 235.5 232.0 240.8 228.3 235.8 304.4 182.7 163.4 119.4 128.4 134.1 159.6 136.5 188.4 199.1 178.2 166.2 149.8 132.2 145.3 210.1
-9999.0 -9999.0 -9999.0 -9999.0 -9999.0 -9999.0 -9999.0 -9999.0 -9999.0 -9999.0 -9999.0 -9999.0 -9999.0 -9999.0 -9999.0 -9999.0 -9999.0 -9999.0 -9999.0 -9999.0 -9999.0 -9999.0 -9999.0 -9999.0 -9999.0 -9999.0 -9999.0 -9999.0 -9999.0 -9999.0 -9999.0 -9999.0 -9999.0 -9999.0 -9999.0 -9999.0 -9999.0 -9999.0 -9999.0 -9999.0 -9999.0 -9999.0 -9999.0 -9999.0 -9999.0 -9999.0 -9999.0 -9999.0 -9999.0 -9999.0 -9999.0 -9999.0 -9999.0 279.1 239.8 312.5 211.0 190.8 225.6 330.1 300.1 266.9 249.5 190.7 158.9 140.5 114.2 163.8 133.6 135.5 125.4 139.5 143.5 136.4 144.2 171.0
-9999.0 -9999.0 -9999.0 -9999.0 -9999.0 -9999.0 -9999.0 -9999.0 -9999.0 -9999.0 -9999.0 -9999.0 -9999.0 -9999.0 -9999.0 -9999.0 -9999.0 -9999.0 -9999.0 -9999.0 -9999.0 -9999.0 -9999.0 -9999.0 -9999.0 -9999.0 -9999.0 -9999.0 -9999.0 -9999.0 -9999.0 -9999.0 -9999.0 -9999.0 -9999.0 -9999.0 -9999.0 -9999.0 -9999.0 -9999.0 -9999.0 -9999.0 -9999.0 -9999.0 -9999.0 -9999.0 -9999.0 -9999.0 -9999.0 -9999.0 -9999.0 -9999.0 -9999.0 263.0 184.5 230.0 190.6 163.9 201.4 252.0 338.6 327.6 333.2 285.1 190.3 -9999.0 -9999.0 -9999.0 149.7 133.0 157.7 199.1 222.4 214.3 190.9 183.3
-9999.0 -9999.0 -9999.0 -9999.0 -9999.0 -9999.0 -9999.0 -9999.0 -9999.0 -9999.0 -9999.0 -9999.0 -9999.0 -9999.0 -9999.0 -9999.0 -9999.0 -9999.0 -9999.0 -9999.0 -9999.0 -9999.0 -9999.0 -9999.0 -9999.0 -9999.0 -9999.0 -9999.0 -9999.0 -9999.0 -9999.0 -9999.0 -9999.0 -9999.0 -9999.0 -9999.0 -9999.0 -9999.0 -9999.0 -9999.0 -9999.0 -9999.0 -9999.0 -9999.0 -9999.0 -9999.0 -9999.0 -9999.0 -9999.0 -9999.0 -9999.0 -9999.0 -9999.0 -9999.0 202.9 174.8 117.3 106.9 175.1 268.2 226.2 -9999.0 -9999.0 -9999.0 -9999.0 -9999.0 -9999.0 -9999.0 154.6 188.3 248.5 307.4 346.6 318.5 263.8 245.6
-9999.0 -9999.0 -9999.0 -9999.0 -9999.0 -9999.0 -9999.0 -9999.0 -9999.0 -9999.0 -9999.0 -9999.0 -9999.0 -9999.0 -9999.0 -9999.0 -9999.0 -9999.0 -9999.0 -9999.0 -9999.0 -9999.0 -9999.0 -9999.0 -9999.0 -9999.0 -9999.0 -9999.0 -9999.0 -9999.0 -9999.0 -9999.0 -9999.0 -9999.0 -9999.0 -9999.0 -9999.0 -9999.0 -9999.0 -9999.0 -9999.0 -9999.0 -9999.0 -9999.0 -9999.0 -9999.0 -9999.0 -9999.0 -9999.0 -9999.0 -9999.0 -9999.0 -9999.0 -9999.0 -9999.0 122.8 178.1 108.7 105.8 170.5 198.6 -9999.0 -9999.0 -9999.0 -9999.0 -9999.0 -9999.0 -9999.0 -9999.0 -9999.0 309.1 -9999.0 -9999.0 -9999.0 -9999.0 -9999.0
-9999.0 -9999.0 -9999.0 -9999.0 -9999.0 -9999.0 -9999.0 -9999.0 -9999.0 -9999.0 -9999.0 -9999.0 -9999.0 -9999.0 -9999.0 -9999.0 -9999.0 -9999.0 -9999.0 -9999.0 -9999.0 -9999.0 -9999.0 -9999.0 -9999.0 -9999.0 -9999.0 -9999.0 -9999.0 -9999.0 -9999.0 -9999.0 -9999.0 -9999.0 -9999.0 -9999.0 -9999.0 -9999.0 -9999.0 -9999.0 -9999.0 -9999.0 -9999.0 -9999.0 -9999.0 -9999.0 -9999.0 -9999.0 -9999.0 -9999.0 -9999.0 -9999.0 -9999.0 -9999.0 -9999.0 -9999.0 -9999.0 -9999.0 102.1 104.6 -9999.0 -9999.0 -9999.0 -9999.0 -9999.0 -9999.0 -9999.0 -9999.0 -9999.0 -9999.0 -9999.0 -9999.0 -9999.0 -9999.0 -9999.0 252.3
-9999.0 -9999.0 -9999.0 -9999.0 -9999.0 -9999.0 -9999.0 -9999.0 -9999.0 -9999.0 -9999.0 -9999.0 -9999.0 -9999.0 -9999.0 -9999.0 -9999.0 -9999.0 -9999.0 -9999.0 -9999.0 -9999.0 -9999.0 -9999.0 -9999.0 -9999.0 -9999.0 -9999.0 -9999.0 -9999.0 -9999.0 -9999.0 -9999.0 -9999.0 -9999.0 -9999.0 -9999.0 -9999.0 -9999.0 -9999.0 -9999.0 -9999.0 -9999.0 -9999.0 -9999.0 -9999.0 -9999.0 -9999.0 -9999.0 -9999.0 -9999.0 -9999.0 -9999.0 -9999.0 -9999.0 -9999.0 -9999.0 -9999.0 -9999.0 -9999.0 -9999.0 -9999.0 -9999.0 -9999.0 -9999.0 -9999.0 -9999.0 -9999.0 -9999.0 -9999.0 -9999.0 -9999.0 -9999.0 -9999.0 -9999.0 -9999.0
