program/excelProcessViaJava/data/SURF_CLI_CHN_PRE_MON_GRID_0.5-201503.txt
NCOLS      128
NROWS       72
XLLCORNER    72.000000000000    
YLLCORNER    18.000000000000    
CELLSIZE    0.50000000000000    
NODATA_VALUE   -9999.000    
[rows 35 to 69 of 72, columns 0 to 78 of 128]
-9999.0 -9999.0 -9999.0 -9999.0 -9999.0 2.8 4.3 0.9 0.5 0.2 0.1 0.0 0.0 0.0 0.0 0.0 0.0 0.0 0.0 0.0 0.0 0.0 0.0 0.0 0.0 0.0 0.0 0.0 0.0 0.0 0.0 0.1 0.2 0.5 1.2 1.5 3.2 3.5 6.0 7.1 2.4 9.0 7.7 4.2 2.2 1.4 2.8 2.9 4.1 2.1 1.1 0.7 1.4 14.0 8.4 0.3 0.3 0.7 8.6 3.2 10.7 1.5 1.7 2.7 4.9 4.6 9.8 14.7 14.7 16.4 16.1 14.8 14.2 15.8 19.4 20.6 15.1 8.9 5.3
-9999.0 -9999.0 -9999.0 -9999.0 -9999.0 -9999.0 -9999.0 2.6 0.7 0.3 0.2 0.1 0.0 0.0 0.0 0.0 0.0 0.0 0.0 0.0 0.0 0.0 0.0 0.0 0.0 0.0 0.0 0.0 0.0 0.0 0.0 0.1 0.2 0.8 1.2 2.1 2.7 4.4 5.2 5.3 6.0 6.1 6.9 11.7 5.5 3.4 5.4 6.5 11.5 8.9 16.9 13.8 3.3 4.9 11.3 0.6 0.6 2.5 7.7 11.1 7.5 5.8 5.2 8.3 10.3 13.1 17.1 19.7 23.5 19.9 21.1 23.0 25.8 29.2 31.3 32.7 27.0 17.0 11.3
-9999.0 -9999.0 -9999.0 -9999.0 -9999.0 -9999.0 -9999.0 2.6 1.9 0.7 0.3 0.2 0.1 0.0 0.0 0.0 0.0 0.0 0.0 0.0 0.0 0.0 0.0 0.0 0.0 0.0 0.0 0.0 0.0 0.0 0.0 0.1 0.3 0.9 1.3 2.0 2.7 4.0 4.3 5.5 5.2 6.1 5.5 5.0 6.9 7.6 8.7 9.3 10.2 10.4 12.7 10.4 7.5 4.8 10.9 1.8 0.7 2.4 8.8 9.8 10.2 12.5 13.6 12.6 16.8 20.8 24.6 27.0 28.8 25.3 27.4 32.1 38.3 42.8 45.1 39.0 34.7 29.7 25.7
-9999.0 -9999.0 -9999.0 -9999.0 -9999.0 -9999.0 -9999.0 -9999.0 -9999.0 -9999.0 0.8 0.3 0.2 0.1 0.0 0.0 0.0 0.0 0.0 0.0 0.0 0.0 0.0 0.0 0.0 0.0 0.0 0.0 0.0 0.0 0.1 0.2 0.5 1.0 1.5 3.1 3.1 3.9 7.4 5.4 6.8 5.5 4.6 4.2 7.7 6.1 10.6 9.3 10.7 10.0 7.7 8.1 8.4 10.1 13.6 8.3 4.6 7.9 9.1 9.9 12.5 11.8 12.3 14.1 19.1 24.6 30.2 33.2 32.9 32.8 34.8 41.1 47.7 49.4 43.7 41.5 40.9 40.7 39.1
-9999.0 -9999.0 -9999.0 -9999.0 -9999.0 -9999.0 -9999.0 -9999.0 -9999.0 -9999.0 -9999.0 1.2 0.7 0.4 0.1 0.1 0.0 0.0 0.0 0.0 0.0 0.0 0.0 0.0 0.0 0.0 0.0 0.0 0.0 0.0 0.1 0.3 0.7 1.4 2.2 2.7 4.7 4.1 4.0 3.9 4.1 4.1 3.9 4.8 4.9 6.1 8.2 7.2 8.0 7.9 10.5 11.0 9.6 8.1 10.1 12.1 12.9 16.7 9.2 14.7 12.7 16.5 18.7 18.4 18.8 27.2 28.8 33.5 36.2 38.3 37.3 42.3 43.7 42.4 41.1 62.4 44.2 40.7 40.0
-9999.0 -9999.0 -9999.0 -9999.0 -9999.0 -9999.0 -9999.0 -9999.0 -9999.0 -9999.0 -9999.0 -9999.0 1.3 1.6 1.2 0.2 0.2 0.1 0.0 0.0 0.0 0.0 0.0 0.0 0.0 0.0 0.0 0.0 0.0 0.1 0.2 0.4 0.8 1.5 2.2 2.6 4.0 4.6 4.3 4.1 3.5 3.3 4.9 3.4 4.8 6.5 5.6 6.2 5.6 7.1 7.2 9.4 8.7 11.5 9.2 13.8 13.5 16.9 14.4 13.8 13.4 16.0 21.2 27.1 21.7 26.1 27.7 30.9 32.5 34.3 41.5 57.2 63.9 46.3 45.8 39.6 35.1 42.5 36.9
-9999.0 -9999.0 -9999.0 -9999.0 -9999.0 -9999.0 -9999.0 -9999.0 -9999.0 -9999.0 -9999.0 -9999.0 4.5 2.9 1.1 2.0 0.4 0.3 0.2 0.1 0.0 0.0 0.0 0.0 0.0 0.0 0.0 0.0 0.0 0.1 0.2 0.5 1.0 1.7 2.0 2.5 2.8 3.5 6.8 4.8 4.2 4.7 4.4 5.9 4.7 4.4 6.2 8.4 9.7 9.6 9.8 9.1 9.5 17.9 16.5 16.1 16.1 19.5 23.6 20.6 18.6 19.1 24.3 26.4 26.4 27.9 30.5 30.6 31.8 28.8 21.4 22.8 33.3 39.7 49.6 40.1 36.4 33.2 39.3
-9999.0 -9999.0 -9999.0 -9999.0 -9999.0 -9999.0 -9999.0 -9999.0 -9999.0 -9999.0 -9999.0 10.3 8.1 4.5 3.3 3.6 0.8 0.7 0.3 0.5 0.2 0.1 0.0 0.0 0.0 0.0 0.0 0.0 0.0 0.1 0.2 0.6 1.1 1.7 2.3 2.3 3.1 2.5 2.6 3.1 5.7 8.0 9.6 5.3 6.8 7.8 8.3 9.4 11.6 12.4 14.1 16.1 12.6 15.2 14.0 14.8 18.0 16.3 20.4 19.0 19.2 23.5 28.7 37.3 37.9 34.9 28.3 29.7 33.3 40.2 38.7 30.8 28.8 32.1 35.7 38.3 43.3 46.4 44.1
-9999.0 -9999.0 -9999.0 -9999.0 -9999.0 -9999.0 -9999.0 -9999.0 -9999.0 -9999.0 -9999.0 16.2 12.2 14.9 10.1 3.4 2.3 3.6 2.3 0.6 1.1 0.2 0.2 0.1 0.1 0.1 0.1 0.1 0.1 0.1 0.3 0.6 1.1 1.8 2.0 2.2 2.0 2.3 2.3 2.0 2.7 3.3 4.8 7.1 9.6 12.5 16.4 17.8 18.4 15.3 13.7 15.2 11.6 10.5 11.7 12.0 14.3 16.8 17.7 21.2 24.8 31.5 36.9 44.8 44.1 28.5 33.2 28.3 26.2 28.2 30.6 31.3 36.1 48.0 52.0 43.2 44.8 39.5 35.0
-9999.0 -9999.0 -9999.0 -9999.0 -9999.0 -9999.0 -9999.0 -9999.0 -9999.0 -9999.0 -9999.0 -9999.0 31.4 17.3 20.4 14.0 10.8 3.7 3.9 2.5 0.6 0.3 0.7 0.2 0.2 0.1 0.1 0.0 0.1 0.1 0.2 0.3 1.1 1.8 2.0 2.0 2.0 2.3 2.2 2.9 2.9 3.3 8.9 8.3 13.8 19.4 22.7 23.4 22.2 18.8 15.5 10.7 17.8 17.4 13.0 9.8 12.0 13.9 16.8 17.4 22.7 32.4 49.7 53.9 28.9 22.0 24.8 22.1 20.2 20.6 25.8 36.3 43.6 54.2 85.7 54.1 66.8 35.3 33.4
-9999.0 -9999.0 -9999.0 -9999.0 -9999.0 -9999.0 -9999.0 -9999.0 -9999.0 -9999.0 -9999.0 -9999.0 36.9 22.7 19.3 22.3 16.1 13.9 7.3 4.6 1.7 2.8 1.2 0.5 1.2 0.4 0.2 0.1 0.0 0.1 0.1 0.2 0.7 1.6 2.0 2.6 3.0 2.9 3.3 2.9 3.4 9.4 14.0 15.8 17.6 22.2 25.3 25.8 23.5 19.2 11.7 13.7 10.2 6.1 10.4 10.1 7.3 8.8 13.6 23.0 29.2 50.4 56.0 43.1 12.3 14.9 14.4 11.7 8.9 12.1 16.6 22.8 36.6 34.8 45.3 41.3 37.6 36.2 41.0
-9999.0 -9999.0 -9999.0 -9999.0 -9999.0 -9999.0 -9999.0 -9999.0 -9999.0 -9999.0 -9999.0 -9999.0 -9999.0 67.0 32.2 35.1 20.7 25.2 19.5 13.6 6.3 4.9 3.3 2.9 5.6 1.9 0.5 0.4 0.1 0.0 0.0 0.1 0.3 1.0 1.7 2.5 2.9 3.8 5.1 8.9 6.0 9.0 13.1 17.3 24.3 23.5 24.4 21.8 18.0 13.3 12.0 4.4 7.6 9.0 9.0 6.5 4.4 6.3 12.3 13.8 32.2 35.9 25.7 11.4 11.2 11.3 9.3 5.9 4.5 5.6 10.6 17.7 24.3 33.4 41.1 49.3 60.1 41.9 49.9
-9999.0 -9999.0 -9999.0 -9999.0 -9999.0 -9999.0 -9999.0 -9999.0 -9999.0 -9999.0 -9999.0 -9999.0 -9999.0 -9999.0 211.4 52.9 49.3 36.5 35.2 34.8 18.7 20.5 18.2 12.6 7.3 4.4 0.4 0.2 0.0 0.0 0.0 0.0 0.1 0.4 1.2 3.0 5.0 3.5 5.0 5.9 9.9 12.6 14.3 16.2 17.5 22.4 20.8 18.8 13.8 5.9 5.2 10.4 4.8 4.8 1.4 2.9 3.1 3.3 11.6 22.3 22.8 21.2 22.0 17.9 15.5 14.0 11.1 7.4 5.6 9.8 15.2 20.1 36.1 42.9 46.2 66.2 67.0 72.6 56.4
-9999.0 -9999.0 -9999.0 -9999.0 -9999.0 -9999.0 -9999.0 -9999.0 -9999.0 -9999.0 -9999.0 -9999.0 -9999.0 -9999.0 -9999.0 -9999.0 -9999.0 228.8 119.5 113.4 82.5 38.9 49.1 40.6 18.6 13.0 2.4 1.0 0.3 0.0 0.0 0.0 0.1 0.3 0.9 2.0 5.6 2.1 5.0 6.1 7.9 12.8 11.9 12.3 19.9 20.6 60.2 16.8 10.5 7.2 3.2 2.8 1.7 4.2 3.4 2.3 1.3 4.6 10.0 21.3 13.7 25.4 31.5 27.2 25.0 24.0 22.6 19.9 18.2 21.9 25.5 43.4 55.2 55.1 64.5 78.1 73.9 65.5 60.2
-9999.0 -9999.0 -9999.0 -9999.0 -9999.0 -9999.0 -9999.0 -9999.0 -9999.0 -9999.0 -9999.0 -9999.0 -9999.0 -9999.0 -9999.0 -9999.0 -9999.0 -9999.0 -9999.0 -9999.0 227.3 98.8 70.9 38.9 42.2 52.8 30.8 13.1 2.3 0.4 0.0 0.2 0.2 0.5 1.7 2.8 3.5 3.9 3.4 1.9 1.5 10.9 11.9 10.8 16.4 13.9 73.6 19.0 13.5 27.9 5.5 10.1 8.1 3.2 2.6 2.3 2.1 2.7 11.1 19.7 12.0 19.8 33.8 35.4 36.6 37.4 40.7 40.9 38.4 36.8 39.3 51.8 60.2 57.6 55.8 61.3 62.5 56.8 59.3
-9999.0 -9999.0 -9999.0 -9999.0 -9999.0 -9999.0 -9999.0 -9999.0 -9999.0 -9999.0 -9999.0 -9999.0 -9999.0 -9999.0 -9999.0 -9999.0 -9999.0 -9999.0 -9999.0 -9999.0 -9999.0 -9999.0 99.5 235.2 112.2 95.6 67.5 33.2 6.8 3.2 0.3 0.2 0.6 1.8 4.5 6.8 9.4 7.5 10.5 11.4 9.1 11.4 5.7 4.7 14.5 70.5 34.5 28.2 34.6 31.2 11.1 10.0 8.3 7.0 3.9 1.6 1.5 3.9 7.3 16.8 12.8 18.2 21.6 26.5 31.9 42.8 51.4 53.5 44.9 42.1 48.0 50.6 54.0 62.9 48.1 50.7 65.8 69.1 72.0
-9999.0 -9999.0 -9999.0 -9999.0 -9999.0 -9999.0 -9999.0 -9999.0 -9999.0 -9999.0 -9999.0 -9999.0 -9999.0 -9999.0 -9999.0 -9999.0 -9999.0 -9999.0 -9999.0 -9999.0 -9999.0 -9999.0 -9999.0 -9999.0 489.1 378.2 188.2 31.3 19.2 8.5 4.4 5.5 7.2 8.5 13.1 15.1 20.2 15.1 17.7 11.6 14.5 6.1 6.5 7.9 41.1 69.7 59.1 93.3 17.2 30.7 14.6 15.5 13.9 11.8 8.5 4.0 2.2 2.6 6.7 13.1 19.1 19.5 41.2 26.0 28.8 38.0 42.2 41.4 45.1 48.7 41.0 41.5 36.1 60.3 64.9 57.5 68.3 85.2 97.2
-9999.0 -9999.0 -9999.0 -9999.0 -9999.0 -9999.0 -9999.0 -9999.0 -9999.0 -9999.0 -9999.0 -9999.0 -9999.0 -9999.0 -9999.0 -9999.0 -9999.0 -9999.0 -9999.0 -9999.0 -9999.0 -9999.0 -9999.0 -9999.0 -9999.0 579.5 453.5 415.8 339.4 113.7 67.3 48.1 18.7 43.5 29.8 48.2 28.0 23.4 15.6 13.3 12.7 4.4 12.0 36.0 47.9 65.4 81.0 89.3 94.5 60.3 84.8 79.5 28.4 26.8 15.3 6.2 2.8 2.0 5.0 7.9 10.1 18.0 19.6 20.7 24.6 31.6 36.0 33.1 32.0 33.6 32.5 46.2 33.6 55.6 55.2 65.7 91.6 97.2 100.4
-9999.0 -9999.0 -9999.0 -9999.0 -9999.0 -9999.0 -9999.0 -9999.0 -9999.0 -9999.0 -9999.0 -9999.0 -9999.0 -9999.0 -9999.0 -9999.0 -9999.0 -9999.0 -9999.0 -9999.0 -9999.0 -9999.0 -9999.0 -9999.0 -9999.0 -9999.0 -9999.0 611.8 520.5 343.6 354.2 259.4 204.8 123.1 63.4 57.0 -9999.0 41.5 33.4 18.2 14.4 16.7 12.6 41.8 55.6 61.7 68.8 -9999.0 -9999.0 79.7 90.8 93.7 57.3 23.9 26.5 9.4 2.2 1.0 2.2 5.6 10.8 15.1 19.0 20.5 24.1 32.4 41.1 45.7 38.5 27.3 24.8 41.5 53.2 44.7 67.0 70.3 87.1 90.0 93.8
-9999.0 -9999.0 -9999.0 -9999.0 -9999.0 -9999.0 -9999.0 -9999.0 -9999.0 -9999.0 -9999.0 -9999.0 -9999.0 -9999.0 -9999.0 -9999.0 -9999.0 -9999.0 -9999.0 -9999.0 -9999.0 -9999.0 -9999.0 -9999.0 -9999.0 -9999.0 -9999.0 -9999.0 -9999.0 -9999.0 -9999.0 -9999.0 -9999.0 271.8 212.0 -9999.0 -9999.0 -9999.0 -9999.0 70.5 57.0 50.5 47.6 46.8 47.4 -9999.0 -9999.0 -9999.0 -9999.0 -9999.0 -9999.0 -9999.0 51.5 23.8 16.7 6.5 1.2 0.6 1.8 5.9 12.3 15.0 16.3 20.0 21.5 30.9 43.5 47.0 36.8 37.9 39.0 40.9 36.0 51.8 49.5 62.6 68.0 75.8 78.0
-9999.0 -9999.0 -9999.0 -9999.0 -9999.0 -9999.0 -9999.0 -9999.0 -9999.0 -9999.0 -9999.0 -9999.0 -9999.0 -9999.0 -9999.0 -9999.0 -9999.0 -9999.0 -9999.0 -9999.0 -9999.0 -9999.0 -9999.0 -9999.0 -9999.0 -9999.0 -9999.0 -9999.0 -9999.0 -9999.0 -9999.0 -9999.0 -9999.0 -9999.0 -9999.0 -9999.0 -9999.0 -9999.0 -9999.0 80.1 64.3 50.4 40.3 40.9 -9999.0 -9999.0 -9999.0 -9999.0 -9999.0 -9999.0 -9999.0 -9999.0 40.8 23.6 13.8 6.4 1.4 0.9 2.1 6.5 13.5 18.4 18.4 22.8 25.4 32.3 36.3 37.1 32.7 31.2 33.3 37.7 58.7 45.3 49.7 55.8 56.6 69.4 84.5
-9999.0 -9999.0 -9999.0 -9999.0 -9999.0 -9999.0 -9999.0 -9999.0 -9999.0 -9999.0 -9999.0 -9999.0 -9999.0 -9999.0 -9999.0 -9999.0 -9999.0 -9999.0 -9999.0 -9999.0 -9999.0 -9999.0 -9999.0 -9999.0 -9999.0 -9999.0 -9999.0 -9999.0 -9999.0 -9999.0 -9999.0 -9999.0 -9999.0 -9999.0 -9999.0 -9999.0 -9999.0 -9999.0 -9999.0 -9999.0 -9999.0 -9999.0 -9999.0 -9999.0 -9999.0 -9999.0 -9999.0 -9999.0 -9999.0 -9999.0 -9999.0 33.1 32.9 24.1 13.5 7.9 4.6 4.1 5.3 7.2 15.6 20.9 28.2 31.6 31.7 29.9 25.4 14.3 23.7 21.4 24.9 30.2 27.7 32.0 45.4 57.6 55.9 81.7 77.2
-9999.0 -9999.0 -9999.0 -9999.0 -9999.0 -9999.0 -9999.0 -9999.0 -9999.0 -9999.0 -9999.0 -9999.0 -9999.0 -9999.0 -9999.0 -9999.0 -9999.0 -9999.0 -9999.0 -9999.0 -9999.0 -9999.0 -9999.0 -9999.0 -9999.0 -9999.0 -9999.0 -9999.0 -9999.0 -9999.0 -9999.0 -9999.0 -9999.0 -9999.0 -9999.0 -9999.0 -9999.0 -9999.0 -9999.0 -9999.0 -9999.0 -9999.0 -9999.0 -9999.0 -9999.0 -9999.0 -9999.0 -9999.0 -9999.0 -9999.0 18.7 30.2 31.4 26.9 21.3 16.9 14.7 12.8 13.8 17.9 21.0 22.9 30.8 33.8 30.8 23.1 21.0 14.5 20.2 16.6 23.3 22.8 26.9 35.6 44.1 50.0 76.0 60.0 95.4
-9999.0 -9999.0 -9999.0 -9999.0 -9999.0 -9999.0 -9999.0 -9999.0 -9999.0 -9999.0 -9999.0 -9999.0 -9999.0 -9999.0 -9999.0 -9999.0 -9999.0 -9999.0 -9999.0 -9999.0 -9999.0 -9999.0 -9999.0 -9999.0 -9999.0 -9999.0 -9999.0 -9999.0 -9999.0 -9999.0 -9999.0 -9999.0 -9999.0 -9999.0 -9999.0 -9999.0 -9999.0 -9999.0 -9999.0 -9999.0 -9999.0 -9999.0 -9999.0 -9999.0 -9999.0 -9999.0 -9999.0 -9999.0 -9999.0 -9999.0 10.9 27.8 26.2 31.6 29.8 28.0 19.7 26.7 27.9 25.3 20.9 22.1 25.4 28.8 25.4 16.5 13.7 9.0 12.3 14.4 22.9 29.4 34.1 39.2 49.5 63.4 61.2 85.4 88.0
-9999.0 -9999.0 -9999.0 -9999.0 -9999.0 -9999.0 -9999.0 -9999.0 -9999.0 -9999.0 -9999.0 -9999.0 -9999.0 -9999.0 -9999.0 -9999.0 -9999.0 -9999.0 -9999.0 -9999.0 -9999.0 -9999.0 -9999.0 -9999.0 -9999.0 -9999.0 -9999.0 -9999.0 -9999.0 -9999.0 -9999.0 -9999.0 -9999.0 -9999.0 -9999.0 -9999.0 -9999.0 -9999.0 -9999.0 -9999.0 -9999.0 -9999.0 -9999.0 -9999.0 -9999.0 -9999.0 -9999.0 -9999.0 -9999.0 -9999.0 5.1 12.2 16.7 31.4 28.4 26.0 33.5 32.4 36.8 23.6 23.0 21.2 23.7 26.3 24.3 16.7 11.2 8.1 8.2 19.0 23.6 38.9 41.4 46.2 55.0 60.2 46.6 68.1 60.0
-9999.0 -9999.0 -9999.0 -9999.0 -9999.0 -9999.0 -9999.0 -9999.0 -9999.0 -9999.0 -9999.0 -9999.0 -9999.0 -9999.0 -9999.0 -9999.0 -9999.0 -9999.0 -9999.0 -9999.0 -9999.0 -9999.0 -9999.0 -9999.0 -9999.0 -9999.0 -9999.0 -9999.0 -9999.0 -9999.0 -9999.0 -9999.0 -9999.0 -9999.0 -9999.0 -9999.0 -9999.0 -9999.0 -9999.0 -9999.0 -9999.0 -9999.0 -9999.0 -9999.0 -9999.0 -9999.0 -9999.0 -9999.0 -9999.0 -9999.0 4.7 12.1 14.0 20.8 23.2 29.5 21.7 35.7 40.0 30.2 31.2 27.9 29.9 31.4 29.2 22.5 18.2 14.5 18.6 9.9 24.3 36.5 48.7 53.6 57.8 54.3 42.6 44.5 30.5
-9999.0 -9999.0 -9999.0 -9999.0 -9999.0 -9999.0 -9999.0 -9999.0 -9999.0 -9999.0 -9999.0 -9999.0 -9999.0 -9999.0 -9999.0 -9999.0 -9999.0 -9999.0 -9999.0 -9999.0 -9999.0 -9999.0 -9999.0 -9999.0 -9999.0 -9999.0 -9999.0 -9999.0 -9999.0 -9999.0 -9999.0 -9999.0 -9999.0 -9999.0 -9999.0 -9999.0 -9999.0 -9999.0 -9999.0 -9999.0 -9999.0 -9999.0 -9999.0 -9999.0 -9999.0 -9999.0 -9999.0 -9999.0 -9999.0 -9999.0 7.3 2.8 10.4 10.9 14.6 21.5 32.9 47.8 43.5 45.5 56.2 38.1 44.3 41.4 38.0 31.8 30.3 20.0 24.3 25.7 28.2 36.6 50.7 58.4 57.3 54.1 42.9 32.6 24.9
-9999.0 -9999.0 -9999.0 -9999.0 -9999.0 -9999.0 -9999.0 -9999.0 -9999.0 -9999.0 -9999.0 -9999.0 -9999.0 -9999.0 -9999.0 -9999.0 -9999.0 -9999.0 -9999.0 -9999.0 -9999.0 -9999.0 -9999.0 -9999.0 -9999.0 -9999.0 -9999.0 -9999.0 -9999.0 -9999.0 -9999.0 -9999.0 -9999.0 -9999.0 -9999.0 -9999.0 -9999.0 -9999.0 -9999.0 -9999.0 -9999.0 -9999.0 -9999.0 -9999.0 -9999.0 -9999.0 -9999.0 -9999.0 -9999.0 -9999.0 -9999.0 -9999.0 -9999.0 12.2 18.7 37.1 44.1 53.9 67.3 80.8 63.2 44.6 60.4 40.4 40.6 38.4 24.6 41.4 30.8 32.6 31.3 37.7 51.0 55.9 50.2 42.0 37.0 25.2 22.3
-9999.0 -9999.0 -9999.0 -9999.0 -9999.0 -9999.0 -9999.0 -9999.0 -9999.0 -9999.0 -9999.0 -9999.0 -9999.0 -9999.0 -9999.0 -9999.0 -9999.0 -9999.0 -9999.0 -9999.0 -9999.0 -9999.0 -9999.0 -9999.0 -9999.0 -9999.0 -9999.0 -9999.0 -9999.0 -9999.0 -9999.0 -9999.0 -9999.0 -9999.0 -9999.0 -9999.0 -9999.0 -9999.0 -9999.0 -9999.0 -9999.0 -9999.0 -9999.0 -9999.0 -9999.0 -9999.0 -9999.0 -9999.0 -9999.0 -9999.0 -9999.0 -9999.0 -9999.0 17.0 24.0 42.0 53.5 60.1 69.6 67.7 74.7 61.4 69.9 66.8 30.2 32.5 -9999.0 47.7 52.1 42.5 39.1 41.9 46.7 45.5 36.7 29.2 26.7 23.4 17.0
-9999.0 -9999.0 -9999.0 -9999.0 -9999.0 -9999.0 -9999.0 -9999.0 -9999.0 -9999.0 -9999.0 -9999.0 -9999.0 -9999.0 -9999.0 -9999.0 -9999.0 -9999.0 -9999.0 -9999.0 -9999.0 -9999.0 -9999.0 -9999.0 -9999.0 -9999.0 -9999.0 -9999.0 -9999.0 -9999.0 -9999.0 -9999.0 -9999.0 -9999.0 -9999.0 -9999.0 -9999.0 -9999.0 -9999.0 -9999.0 -9999.0 -9999.0 -9999.0 -9999.0 -9999.0 -9999.0 -9999.0 -9999.0 -9999.0 -9999.0 -9999.0 -9999.0 -9999.0 22.4 31.7 42.5 43.4 43.0 59.0 70.6 36.9 51.8 45.7 -9999.0 -9999.0 -9999.0 -9999.0 -9999.0 49.7 53.7 53.2 38.3 35.1 31.4 23.6 18.7 17.6 18.7 24.4
-9999.0 -9999.0 -9999.0 -9999.0 -9999.0 -9999.0 -9999.0 -9999.0 -9999.0 -9999.0 -9999.0 -9999.0 -9999.0 -9999.0 -9999.0 -9999.0 -9999.0 -9999.0 -9999.0 -9999.0 -9999.0 -9999.0 -9999.0 -9999.0 -9999.0 -9999.0 -9999.0 -9999.0 -9999.0 -9999.0 -9999.0 -9999.0 -9999.0 -9999.0 -9999.0 -9999.0 -9999.0 -9999.0 -9999.0 -9999.0 -9999.0 -9999.0 -9999.0 -9999.0 -9999.0 -9999.0 -9999.0 -9999.0 -9999.0 -9999.0 -9999.0 -9999.0 -9999.0 -9999.0 -9999.0 34.3 49.1 39.1 31.1 38.0 31.5 -9999.0 -9999.0 -9999.0 -9999.0 -9999.0 -9999.0 -9999.0 -9999.0 44.1 39.0 27.8 23.7 18.9 14.2 12.1 12.3 14.9 21.4
-9999.0 -9999.0 -9999.0 -9999.0 -9999.0 -9999.0 -9999.0 -9999.0 -9999.0 -9999.0 -9999.0 -9999.0 -9999.0 -9999.0 -9999.0 -9999.0 -9999.0 -9999.0 -9999.0 -9999.0 -9999.0 -9999.0 -9999.0 -9999.0 -9999.0 -9999.0 -9999.0 -9999.0 -9999.0 -9999.0 -9999.0 -9999.0 -9999.0 -9999.0 -9999.0 -9999.0 -9999.0 -9999.0 -9999.0 -9999.0 -9999.0 -9999.0 -9999.0 -9999.0 -9999.0 -9999.0 -9999.0 -9999.0 -9999.0 -9999.0 -9999.0 -9999.0 -9999.0 -9999.0 -9999.0 -9999.0 11.1 21.8 25.1 17.0 20.3 -9999.0 -9999.0 -9999.0 -9999.0 -9999.0 -9999.0 -9999.0 -9999.0 -9999.0 -9999.0 -9999.0 16.1 12.8 10.7 10.6 11.9 15.2 20.6
-9999.0 -9999.0 -9999.0 -9999.0 -9999.0 -9999.0 -9999.0 -9999.0 -9999.0 -9999.0 -9999.0 -9999.0 -9999.0 -9999.0 -9999.0 -9999.0 -9999.0 -9999.0 -9999.0 -9999.0 -9999.0 -9999.0 -9999.0 -9999.0 -9999.0 -9999.0 -9999.0 -9999.0 -9999.0 -9999.0 -9999.0 -9999.0 -9999.0 -9999.0 -9999.0 -9999.0 -9999.0 -9999.0 -9999.0 -9999.0 -9999.0 -9999.0 -9999.0 -9999.0 -9999.0 -9999.0 -9999.0 -9999.0 -9999.0 -9999.0 -9999.0 -9999.0 -9999.0 -9999.0 -9999.0 -9999.0 -9999.0 -9999.0 -9999.0 -9999.0 -9999.0 -9999.0 -9999.0 -9999.0 -9999.0 -9999.0 -9999.0 -9999.0 -9999.0 -9999.0 -9999.0 -9999.0 -9999.0 10.8 11.5 13.4 15.8 18.9 22.5
-9999.0 -9999.0 -9999.0 -9999.0 -9999.0 -9999.0 -9999.0 -9999.0 -9999.0 -9999.0 -9999.0 -9999.0 -9999.0 -9999.0 -9999.0 -9999.0 -9999.0 -9999.0 -9999.0 -9999.0 -9999.0 -9999.0 -9999.0 -9999.0 -9999.0 -9999.0 -9999.0 -9999.0 -9999.0 -9999.0 -9999.0 -9999.0 -9999.0 -9999.0 -9999.0 -9999.0 -9999.0 -9999.0 -9999.0 -9999.0 -9999.0 -9999.0 -9999.0 -9999.0 -9999.0 -9999.0 -9999.0 -9999.0 -9999.0 -9999.0 -9999.0 -9999.0 -9999.0 -9999.0 -9999.0 -9999.0 -9999.0 -9999.0 -9999.0 -9999.0 -9999.0 -9999.0 -9999.0 -9999.0 -9999.0 -9999.0 -9999.0 -9999.0 -9999.0 -9999.0 -9999.0 -9999.0 7.8 9.6 13.4 18.3 21.7 24.2 26.0
-9999.0 -9999.0 -9999.0 -9999.0 -9999.0 -9999.0 -9999.0 -9999.0 -9999.0 -9999.0 -9999.0 -9999.0 -9999.0 -9999.0 -9999.0 -9999.0 -9999.0 -9999.0 -9999.0 -9999.0 -9999.0 -9999.0 -9999.0 -9999.0 -9999.0 -9999.0 -9999.0 -9999.0 -9999.0 -9999.0 -9999.0 -9999.0 -9999.0 -9999.0 -9999.0 -9999.0 -9999.0 -9999.0 -9999.0 -9999.0 -9999.0 -9999.0 -9999.0 -9999.0 -9999.0 -9999.0 -9999.0 -9999.0 -9999.0 -9999.0 -9999.0 -9999.0 -9999.0 -9999.0 -9999.0 -9999.0 -9999.0 -9999.0 -9999.0 -9999.0 -9999.0 -9999.0 -9999.0 -9999.0 -9999.0 -9999.0 -9999.0 -9999.0 -9999.0 -9999.0 -9999.0 -9999.0 4.4 7.2 13.5 19.9 25.0 28.2 28.6
