program/excelProcessViaJava/data/SURF_CLI_CHN_PRE_MON_GRID_0.5-199103.txt
NCOLS      128
NROWS       72
XLLCORNER    72.000000000000    
YLLCORNER    18.000000000000    
CELLSIZE    0.50000000000000    
NODATA_VALUE   -9999.000    
[rows 34 to 67 of 72, columns 0 to 77 of 128]
-9999.0 -9999.0 -9999.0 -9999.0 0.0 0.0 0.0 0.0 0.0 0.0 0.7 0.0 0.2 0.2 2.6 2.0 1.7 1.1 1.4 2.6 3.8 4.1 4.0 2.2 0.2 0.1 0.8 1.3 2.3 3.3 4.5 4.8 5.8 5.9 5.3 4.4 3.5 2.8 1.4 0.6 0.6 0.3 0.4 0.7 1.0 1.1 0.9 0.7 1.2 4.0 9.7 11.2 5.4 3.0 2.0 2.4 3.2 5.1 8.3 5.6 14.4 14.0 14.3 13.4 8.4 6.9 14.5 13.6 16.6 21.7 22.2 25.9 31.7 40.2 48.8 50.8 43.1 33.5
-9999.0 -9999.0 -9999.0 -9999.0 -9999.0 -9999.0 -9999.0 0.0 0.0 0.0 0.0 0.0 0.0 0.0 0.0 2.0 0.7 2.1 3.0 2.5 0.4 0.1 0.1 0.1 0.3 0.5 0.7 1.2 2.0 2.6 3.9 5.0 5.8 5.9 5.6 4.8 4.1 2.8 2.4 1.8 0.5 1.4 1.1 0.7 0.6 0.4 0.4 0.2 0.9 2.8 9.8 15.2 9.6 5.2 4.4 2.6 1.9 1.9 6.2 5.4 13.4 11.0 10.3 12.2 15.9 13.5 16.7 18.7 18.5 21.5 25.6 30.8 36.8 45.5 52.7 52.3 42.7 36.4
-9999.0 -9999.0 -9999.0 -9999.0 -9999.0 -9999.0 -9999.0 0.0 0.0 0.0 0.0 0.0 0.0 0.0 0.0 0.0 0.0 0.0 0.0 0.0 0.1 0.0 0.1 0.1 0.2 0.4 0.9 1.0 2.4 3.6 4.1 5.1 5.9 6.1 6.0 5.3 4.1 3.3 2.3 1.4 1.0 0.8 0.9 2.0 0.8 0.4 0.7 1.0 3.4 4.3 6.7 6.9 9.3 6.5 5.8 3.6 2.2 2.5 5.4 9.3 12.3 16.9 16.2 19.9 18.6 17.1 16.9 17.4 19.2 22.9 30.0 36.7 42.3 50.9 56.0 56.0 48.7 40.1
-9999.0 -9999.0 -9999.0 -9999.0 -9999.0 -9999.0 -9999.0 -9999.0 -9999.0 0.0 0.0 0.0 0.0 0.0 0.0 0.0 0.0 0.0 0.0 0.0 0.0 0.0 0.1 0.1 0.2 0.6 0.8 1.3 2.6 2.8 4.9 5.6 6.3 6.5 6.3 5.5 4.4 3.5 2.2 1.6 0.9 0.8 0.7 0.7 1.2 1.6 2.2 2.8 4.1 5.5 7.2 7.6 8.0 7.9 7.5 4.4 2.2 2.2 5.9 9.1 12.9 16.2 18.5 22.1 21.0 17.8 16.9 17.6 18.3 24.3 31.7 40.2 45.1 52.6 59.0 50.6 43.4 41.5
-9999.0 -9999.0 -9999.0 -9999.0 -9999.0 -9999.0 -9999.0 -9999.0 -9999.0 -9999.0 -9999.0 0.0 0.0 0.0 0.0 0.0 0.0 0.0 0.0 0.0 0.0 0.0 0.0 0.1 0.1 0.2 0.4 0.9 1.8 3.1 4.3 5.0 6.4 6.8 6.7 6.6 5.1 3.9 4.3 1.9 1.6 0.9 0.6 0.7 2.2 1.9 4.8 4.6 6.4 7.2 7.6 8.8 9.6 10.6 11.0 7.6 4.1 4.8 6.7 9.7 12.6 14.5 16.5 19.0 17.4 17.6 17.3 17.2 17.9 22.8 32.7 39.9 46.9 52.7 54.1 48.8 43.4 46.1
-9999.0 -9999.0 -9999.0 -9999.0 -9999.0 -9999.0 -9999.0 -9999.0 -9999.0 -9999.0 -9999.0 -9999.0 0.0 0.0 0.0 0.0 0.0 0.0 0.0 0.0 0.0 0.0 0.0 0.1 0.0 0.2 0.7 0.7 1.5 1.9 3.7 5.1 6.2 6.9 7.3 6.8 7.1 4.9 3.1 1.8 1.1 0.8 0.8 1.5 2.1 3.5 5.8 5.4 7.0 8.3 11.8 13.1 13.5 13.8 13.7 11.4 8.9 9.2 8.0 11.3 12.6 12.4 12.5 14.8 17.9 16.1 15.9 15.8 17.3 22.6 39.4 60.3 61.7 55.9 53.1 62.9 60.1 56.5
-9999.0 -9999.0 -9999.0 -9999.0 -9999.0 -9999.0 -9999.0 -9999.0 -9999.0 -9999.0 -9999.0 -9999.0 0.0 0.0 0.0 0.0 0.0 0.0 0.0 0.0 0.0 0.0 0.0 0.1 0.4 0.3 0.5 1.2 1.4 2.6 3.2 4.2 5.8 6.8 7.4 7.1 7.5 6.7 4.7 3.1 1.7 1.3 2.4 1.8 3.6 6.3 6.1 6.8 5.8 9.1 11.0 15.5 16.3 19.0 14.9 14.5 11.1 11.4 11.6 13.4 14.4 14.2 13.5 14.4 20.0 18.9 14.0 17.4 21.4 27.2 32.5 38.4 45.6 47.6 54.8 60.7 62.7 65.9
-9999.0 -9999.0 -9999.0 -9999.0 -9999.0 -9999.0 -9999.0 -9999.0 -9999.0 -9999.0 -9999.0 -9999.0 -9999.0 0.0 0.0 0.1 0.0 0.0 0.1 0.1 0.0 0.2 0.0 0.3 0.2 0.1 0.2 0.2 0.6 1.4 2.7 4.0 5.1 6.4 6.8 7.0 6.8 6.7 9.4 5.8 4.1 4.1 3.7 5.9 5.6 6.3 9.3 11.9 12.9 12.7 14.4 15.4 18.2 27.1 22.6 18.1 14.9 15.2 15.7 15.8 15.8 17.6 18.1 27.6 21.4 20.7 20.8 23.7 30.7 37.6 51.1 45.7 40.7 46.0 59.0 60.1 63.5 63.8
-9999.0 -9999.0 -9999.0 -9999.0 -9999.0 -9999.0 -9999.0 -9999.0 -9999.0 -9999.0 -9999.0 -9999.0 0.0 0.0 0.0 0.0 0.0 0.0 0.0 0.6 0.6 0.6 0.3 0.4 0.5 0.1 0.2 0.4 0.6 1.0 1.9 3.1 4.2 5.4 6.3 6.3 7.5 5.8 5.4 5.4 8.4 10.6 12.5 6.9 9.9 12.5 13.4 13.0 13.9 14.2 19.4 25.6 21.9 25.1 20.3 18.1 18.7 16.9 18.5 19.9 20.6 21.0 26.6 27.1 34.5 29.9 19.1 27.1 35.4 35.5 36.6 35.9 34.5 27.6 27.4 32.1 39.4 56.2
-9999.0 -9999.0 -9999.0 -9999.0 -9999.0 -9999.0 -9999.0 -9999.0 -9999.0 -9999.0 -9999.0 -9999.0 0.0 1.2 0.3 0.0 0.0 0.8 1.1 0.3 2.0 0.6 0.5 0.5 0.7 0.6 0.4 0.4 0.4 0.8 1.3 2.1 3.1 4.0 4.4 4.9 4.4 4.9 5.0 4.2 5.3 5.7 7.3 10.4 14.3 18.8 23.7 23.2 20.9 13.6 13.9 21.5 17.6 15.5 15.8 14.1 16.9 18.6 20.0 21.8 23.2 25.0 38.8 44.1 40.5 27.1 28.2 22.6 22.4 21.9 24.0 27.7 34.0 53.6 65.9 44.3 33.0 51.4
-9999.0 -9999.0 -9999.0 -9999.0 -9999.0 -9999.0 -9999.0 -9999.0 -9999.0 -9999.0 -9999.0 -9999.0 7.8 0.3 5.4 3.1 3.6 0.2 1.8 1.8 0.2 0.2 1.3 0.4 0.5 0.1 0.2 0.1 0.2 0.3 0.6 1.0 1.8 2.4 2.7 2.9 2.9 3.2 3.2 5.4 5.8 5.6 14.4 10.8 19.1 27.0 29.8 26.2 19.0 15.1 14.8 12.1 28.3 28.8 20.3 10.7 15.5 18.4 21.0 23.1 28.1 33.8 33.1 43.4 31.8 22.2 20.0 19.0 18.6 17.4 20.2 34.5 47.9 67.8 88.6 69.2 79.1 41.4
-9999.0 -9999.0 -9999.0 -9999.0 -9999.0 -9999.0 -9999.0 -9999.0 -9999.0 -9999.0 -9999.0 -9999.0 -9999.0 0.2 0.8 8.9 7.1 9.7 4.0 2.7 0.3 2.8 1.1 0.5 1.3 0.5 0.3 0.2 0.1 0.2 0.2 0.4 0.9 1.3 1.5 2.5 2.5 1.6 2.4 3.1 5.1 15.4 22.2 23.3 22.5 26.9 29.2 22.6 21.2 16.2 10.4 18.3 15.6 8.4 18.7 18.1 10.5 13.5 19.7 26.2 29.9 32.7 39.2 31.1 17.8 13.9 16.1 19.2 20.3 24.5 28.5 35.2 52.2 42.4 56.9 40.7 34.1 37.1
-9999.0 -9999.0 -9999.0 -9999.0 -9999.0 -9999.0 -9999.0 -9999.0 -9999.0 -9999.0 -9999.0 -9999.0 -9999.0 41.8 6.7 20.1 6.8 22.0 18.6 12.4 3.1 2.9 1.9 2.0 3.9 1.2 0.4 0.2 0.1 0.0 0.1 0.1 0.2 0.5 0.9 1.1 0.7 0.8 2.1 9.0 6.6 12.6 19.3 24.5 34.3 28.2 26.2 17.6 13.7 11.0 14.2 7.3 13.6 18.5 20.5 15.4 9.2 11.7 19.5 16.9 31.2 29.3 25.2 24.6 16.1 12.8 17.3 22.4 27.6 33.8 41.5 46.1 48.3 50.7 49.8 49.9 57.2 39.0
-9999.0 -9999.0 -9999.0 -9999.0 -9999.0 -9999.0 -9999.0 -9999.0 -9999.0 -9999.0 -9999.0 -9999.0 -9999.0 -9999.0 -9999.0 35.6 41.4 29.8 34.4 36.0 14.2 17.0 13.8 8.3 4.2 2.3 0.3 0.2 0.1 0.0 0.0 0.0 0.2 0.3 0.3 1.2 2.2 0.2 0.8 2.5 9.8 16.3 20.3 22.9 22.7 27.0 22.6 18.7 13.7 9.6 9.5 20.5 11.6 11.7 2.1 10.2 10.8 2.1 20.6 27.5 20.6 20.1 33.7 29.1 22.3 19.1 21.1 24.6 30.4 40.9 48.2 47.6 47.7 50.0 49.7 59.1 58.5 71.0
-9999.0 -9999.0 -9999.0 -9999.0 -9999.0 -9999.0 -9999.0 -9999.0 -9999.0 -9999.0 -9999.0 -9999.0 -9999.0 -9999.0 -9999.0 -9999.0 -9999.0 176.1 115.3 -9999.0 74.1 29.6 34.8 25.0 10.2 6.4 1.4 0.6 0.2 0.0 0.0 0.0 0.2 0.1 0.1 0.2 2.2 0.1 0.7 2.2 6.3 15.9 16.7 18.1 35.8 30.8 120.5 22.9 17.4 14.3 16.5 12.3 7.7 13.2 13.4 12.9 6.7 16.6 19.8 26.8 12.2 27.1 38.5 37.1 32.3 29.1 27.7 28.4 30.9 37.5 39.4 41.7 47.3 51.6 60.5 71.2 76.6 87.0
-9999.0 -9999.0 -9999.0 -9999.0 -9999.0 -9999.0 -9999.0 -9999.0 -9999.0 -9999.0 -9999.0 -9999.0 -9999.0 -9999.0 -9999.0 -9999.0 -9999.0 -9999.0 -9999.0 -9999.0 -9999.0 73.4 46.9 23.0 22.8 23.4 12.4 5.0 1.1 0.3 0.1 0.1 0.1 0.2 0.2 0.4 0.3 0.4 0.4 0.3 0.7 13.8 18.1 18.0 36.3 24.3 172.7 39.8 26.6 52.4 21.8 30.0 27.4 10.6 12.4 17.1 16.6 12.5 27.1 25.1 16.6 26.4 38.3 40.5 38.5 35.6 33.3 30.6 27.7 30.8 33.4 40.0 49.3 64.6 81.2 96.4 115.7 138.0
-9999.0 -9999.0 -9999.0 -9999.0 -9999.0 -9999.0 -9999.0 -9999.0 -9999.0 -9999.0 -9999.0 -9999.0 -9999.0 -9999.0 -9999.0 -9999.0 -9999.0 -9999.0 -9999.0 -9999.0 -9999.0 -9999.0 -9999.0 122.8 57.0 43.5 28.5 14.5 5.1 2.4 0.9 0.8 2.7 2.4 3.9 3.8 5.4 2.7 6.6 10.1 10.2 17.1 10.7 11.6 38.8 167.5 87.3 75.4 104.1 106.8 47.9 35.9 31.5 24.6 17.0 8.0 16.7 22.5 8.2 24.6 17.0 23.7 26.2 28.8 31.4 36.8 37.8 31.0 32.2 27.7 36.6 43.5 59.5 82.2 102.4 121.3 143.3 167.4
-9999.0 -9999.0 -9999.0 -9999.0 -9999.0 -9999.0 -9999.0 -9999.0 -9999.0 -9999.0 -9999.0 -9999.0 -9999.0 -9999.0 -9999.0 -9999.0 -9999.0 -9999.0 -9999.0 -9999.0 -9999.0 -9999.0 -9999.0 -9999.0 -9999.0 160.4 76.6 23.5 16.8 13.3 8.4 7.7 9.0 11.0 11.4 15.2 23.7 12.3 19.2 13.5 22.4 12.0 19.6 25.7 104.3 166.9 156.9 232.3 55.3 106.2 49.8 56.2 50.5 46.0 36.6 23.1 21.7 14.6 23.0 22.5 21.2 20.8 31.1 20.5 22.6 31.5 36.4 33.3 35.3 38.5 37.9 48.0 65.1 99.3 121.7 132.9 151.0 180.5
-9999.0 -9999.0 -9999.0 -9999.0 -9999.0 -9999.0 -9999.0 -9999.0 -9999.0 -9999.0 -9999.0 -9999.0 -9999.0 -9999.0 -9999.0 -9999.0 -9999.0 -9999.0 -9999.0 -9999.0 -9999.0 -9999.0 -9999.0 -9999.0 -9999.0 -9999.0 -9999.0 172.3 140.4 56.9 41.6 35.8 30.8 35.5 34.4 35.9 28.1 25.0 17.7 20.0 24.5 12.1 33.4 85.5 115.8 155.3 189.8 214.2 234.4 183.6 247.2 247.4 99.5 100.3 68.4 42.0 17.7 7.8 19.4 12.7 9.7 19.8 10.8 11.5 15.2 17.6 24.3 24.3 25.5 32.5 39.3 64.3 65.4 110.0 126.9 141.5 186.4 211.0
-9999.0 -9999.0 -9999.0 -9999.0 -9999.0 -9999.0 -9999.0 -9999.0 -9999.0 -9999.0 -9999.0 -9999.0 -9999.0 -9999.0 -9999.0 -9999.0 -9999.0 -9999.0 -9999.0 -9999.0 -9999.0 -9999.0 -9999.0 -9999.0 -9999.0 -9999.0 -9999.0 -9999.0 -9999.0 -9999.0 -9999.0 -9999.0 -9999.0 82.4 67.7 -9999.0 -9999.0 -9999.0 40.1 30.1 28.1 37.4 35.9 92.0 120.7 139.9 -9999.0 -9999.0 -9999.0 -9999.0 -9999.0 -9999.0 190.5 95.5 112.6 50.9 16.9 4.6 6.0 7.4 13.2 20.5 14.4 11.9 9.9 11.6 15.7 21.4 27.9 34.1 41.0 75.7 105.1 114.0 161.8 167.3 220.1 226.4
-9999.0 -9999.0 -9999.0 -9999.0 -9999.0 -9999.0 -9999.0 -9999.0 -9999.0 -9999.0 -9999.0 -9999.0 -9999.0 -9999.0 -9999.0 -9999.0 -9999.0 -9999.0 -9999.0 -9999.0 -9999.0 -9999.0 -9999.0 -9999.0 -9999.0 -9999.0 -9999.0 -9999.0 -9999.0 -9999.0 -9999.0 -9999.0 -9999.0 -9999.0 -9999.0 -9999.0 -9999.0 -9999.0 -9999.0 81.0 77.7 79.9 85.5 93.3 -9999.0 -9999.0 -9999.0 -9999.0 -9999.0 -9999.0 -9999.0 -9999.0 163.2 93.4 87.2 52.0 17.6 7.1 5.3 7.7 13.5 21.1 22.3 12.7 11.6 11.3 15.8 23.5 34.1 55.3 81.9 99.6 97.0 143.9 151.8 187.7 219.6 225.9
-9999.0 -9999.0 -9999.0 -9999.0 -9999.0 -9999.0 -9999.0 -9999.0 -9999.0 -9999.0 -9999.0 -9999.0 -9999.0 -9999.0 -9999.0 -9999.0 -9999.0 -9999.0 -9999.0 -9999.0 -9999.0 -9999.0 -9999.0 -9999.0 -9999.0 -9999.0 -9999.0 -9999.0 -9999.0 -9999.0 -9999.0 -9999.0 -9999.0 -9999.0 -9999.0 -9999.0 -9999.0 -9999.0 -9999.0 -9999.0 -9999.0 -9999.0 -9999.0 -9999.0 -9999.0 -9999.0 -9999.0 -9999.0 -9999.0 -9999.0 -9999.0 -9999.0 96.1 81.4 72.0 44.3 25.6 14.6 10.2 10.9 10.9 15.6 30.8 15.5 14.2 13.9 21.2 33.2 50.0 72.4 96.2 116.7 160.1 136.9 146.2 162.3 195.7 196.1
-9999.0 -9999.0 -9999.0 -9999.0 -9999.0 -9999.0 -9999.0 -9999.0 -9999.0 -9999.0 -9999.0 -9999.0 -9999.0 -9999.0 -9999.0 -9999.0 -9999.0 -9999.0 -9999.0 -9999.0 -9999.0 -9999.0 -9999.0 -9999.0 -9999.0 -9999.0 -9999.0 -9999.0 -9999.0 -9999.0 -9999.0 -9999.0 -9999.0 -9999.0 -9999.0 -9999.0 -9999.0 -9999.0 -9999.0 -9999.0 -9999.0 -9999.0 -9999.0 -9999.0 -9999.0 -9999.0 -9999.0 -9999.0 -9999.0 -9999.0 -9999.0 51.3 58.8 62.0 45.6 39.9 29.5 21.0 15.9 4.9 18.4 19.5 12.7 16.5 18.5 23.4 33.4 42.0 63.7 80.1 94.8 107.8 97.5 93.2 113.3 132.5 161.8 157.4
-9999.0 -9999.0 -9999.0 -9999.0 -9999.0 -9999.0 -9999.0 -9999.0 -9999.0 -9999.0 -9999.0 -9999.0 -9999.0 -9999.0 -9999.0 -9999.0 -9999.0 -9999.0 -9999.0 -9999.0 -9999.0 -9999.0 -9999.0 -9999.0 -9999.0 -9999.0 -9999.0 -9999.0 -9999.0 -9999.0 -9999.0 -9999.0 -9999.0 -9999.0 -9999.0 -9999.0 -9999.0 -9999.0 -9999.0 -9999.0 -9999.0 -9999.0 -9999.0 -9999.0 -9999.0 -9999.0 -9999.0 -9999.0 -9999.0 -9999.0 25.4 29.7 33.7 35.8 27.7 28.0 21.7 14.7 14.5 15.3 11.7 20.2 15.9 21.2 27.0 35.9 45.0 51.7 68.1 76.9 91.8 86.0 86.9 99.7 108.4 121.0 116.9 145.1
-9999.0 -9999.0 -9999.0 -9999.0 -9999.0 -9999.0 -9999.0 -9999.0 -9999.0 -9999.0 -9999.0 -9999.0 -9999.0 -9999.0 -9999.0 -9999.0 -9999.0 -9999.0 -9999.0 -9999.0 -9999.0 -9999.0 -9999.0 -9999.0 -9999.0 -9999.0 -9999.0 -9999.0 -9999.0 -9999.0 -9999.0 -9999.0 -9999.0 -9999.0 -9999.0 -9999.0 -9999.0 -9999.0 -9999.0 -9999.0 -9999.0 -9999.0 -9999.0 -9999.0 -9999.0 -9999.0 -9999.0 -9999.0 -9999.0 -9999.0 12.7 19.6 13.0 19.0 20.3 19.2 12.0 16.1 14.5 12.5 13.0 17.5 19.4 25.7 33.5 38.7 45.4 44.8 54.5 63.4 79.5 88.0 90.8 87.3 81.9 84.4 104.8 117.7
-9999.0 -9999.0 -9999.0 -9999.0 -9999.0 -9999.0 -9999.0 -9999.0 -9999.0 -9999.0 -9999.0 -9999.0 -9999.0 -9999.0 -9999.0 -9999.0 -9999.0 -9999.0 -9999.0 -9999.0 -9999.0 -9999.0 -9999.0 -9999.0 -9999.0 -9999.0 -9999.0 -9999.0 -9999.0 -9999.0 -9999.0 -9999.0 -9999.0 -9999.0 -9999.0 -9999.0 -9999.0 -9999.0 -9999.0 -9999.0 -9999.0 -9999.0 -9999.0 -9999.0 -9999.0 -9999.0 -9999.0 -9999.0 -9999.0 -9999.0 7.6 8.6 9.9 13.9 17.1 17.2 14.8 13.3 13.1 14.2 17.8 22.7 25.7 26.9 32.0 36.2 37.6 36.4 38.4 55.8 62.3 89.8 81.9 83.3 66.8 73.2 92.1 102.9
-9999.0 -9999.0 -9999.0 -9999.0 -9999.0 -9999.0 -9999.0 -9999.0 -9999.0 -9999.0 -9999.0 -9999.0 -9999.0 -9999.0 -9999.0 -9999.0 -9999.0 -9999.0 -9999.0 -9999.0 -9999.0 -9999.0 -9999.0 -9999.0 -9999.0 -9999.0 -9999.0 -9999.0 -9999.0 -9999.0 -9999.0 -9999.0 -9999.0 -9999.0 -9999.0 -9999.0 -9999.0 -9999.0 -9999.0 -9999.0 -9999.0 -9999.0 -9999.0 -9999.0 -9999.0 -9999.0 -9999.0 -9999.0 -9999.0 -9999.0 6.3 7.5 9.5 11.2 12.5 10.9 10.4 10.0 11.0 14.6 17.7 22.1 23.7 27.8 29.4 31.2 35.3 37.0 45.4 36.5 56.4 71.2 79.0 74.7 61.2 70.9 80.0 81.7
-9999.0 -9999.0 -9999.0 -9999.0 -9999.0 -9999.0 -9999.0 -9999.0 -9999.0 -9999.0 -9999.0 -9999.0 -9999.0 -9999.0 -9999.0 -9999.0 -9999.0 -9999.0 -9999.0 -9999.0 -9999.0 -9999.0 -9999.0 -9999.0 -9999.0 -9999.0 -9999.0 -9999.0 -9999.0 -9999.0 -9999.0 -9999.0 -9999.0 -9999.0 -9999.0 -9999.0 -9999.0 -9999.0 -9999.0 -9999.0 -9999.0 -9999.0 -9999.0 -9999.0 -9999.0 -9999.0 -9999.0 -9999.0 -9999.0 -9999.0 -9999.0 -9999.0 -9999.0 6.4 6.7 5.9 5.2 5.5 8.0 14.6 18.1 29.1 33.3 36.8 32.5 31.5 35.3 38.1 47.3 55.4 62.1 66.7 68.2 66.8 67.0 71.3 74.5 70.0
-9999.0 -9999.0 -9999.0 -9999.0 -9999.0 -9999.0 -9999.0 -9999.0 -9999.0 -9999.0 -9999.0 -9999.0 -9999.0 -9999.0 -9999.0 -9999.0 -9999.0 -9999.0 -9999.0 -9999.0 -9999.0 -9999.0 -9999.0 -9999.0 -9999.0 -9999.0 -9999.0 -9999.0 -9999.0 -9999.0 -9999.0 -9999.0 -9999.0 -9999.0 -9999.0 -9999.0 -9999.0 -9999.0 -9999.0 -9999.0 -9999.0 -9999.0 -9999.0 -9999.0 -9999.0 -9999.0 -9999.0 -9999.0 -9999.0 -9999.0 -9999.0 -9999.0 -9999.0 1.6 1.4 1.4 2.2 3.2 8.4 16.3 32.0 55.1 54.6 70.1 58.3 49.2 52.1 50.2 55.2 61.4 61.7 57.7 58.0 62.5 68.9 70.9 70.0 66.3
-9999.0 -9999.0 -9999.0 -9999.0 -9999.0 -9999.0 -9999.0 -9999.0 -9999.0 -9999.0 -9999.0 -9999.0 -9999.0 -9999.0 -9999.0 -9999.0 -9999.0 -9999.0 -9999.0 -9999.0 -9999.0 -9999.0 -9999.0 -9999.0 -9999.0 -9999.0 -9999.0 -9999.0 -9999.0 -9999.0 -9999.0 -9999.0 -9999.0 -9999.0 -9999.0 -9999.0 -9999.0 -9999.0 -9999.0 -9999.0 -9999.0 -9999.0 -9999.0 -9999.0 -9999.0 -9999.0 -9999.0 -9999.0 -9999.0 -9999.0 -9999.0 -9999.0 -9999.0 0.3 0.3 1.1 3.6 7.3 16.3 34.0 52.8 79.6 83.6 80.9 99.5 -9999.0 -9999.0 -9999.0 66.0 61.3 54.4 47.9 45.3 51.3 62.3 65.4 66.1 67.3
-9999.0 -9999.0 -9999.0 -9999.0 -9999.0 -9999.0 -9999.0 -9999.0 -9999.0 -9999.0 -9999.0 -9999.0 -9999.0 -9999.0 -9999.0 -9999.0 -9999.0 -9999.0 -9999.0 -9999.0 -9999.0 -9999.0 -9999.0 -9999.0 -9999.0 -9999.0 -9999.0 -9999.0 -9999.0 -9999.0 -9999.0 -9999.0 -9999.0 -9999.0 -9999.0 -9999.0 -9999.0 -9999.0 -9999.0 -9999.0 -9999.0 -9999.0 -9999.0 -9999.0 -9999.0 -9999.0 -9999.0 -9999.0 -9999.0 -9999.0 -9999.0 -9999.0 -9999.0 -9999.0 0.7 2.9 7.8 15.6 33.3 53.6 88.6 -9999.0 -9999.0 -9999.0 -9999.0 -9999.0 -9999.0 -9999.0 65.9 57.6 50.6 34.9 33.9 45.9 59.3 63.2 64.5 64.9
-9999.0 -9999.0 -9999.0 -9999.0 -9999.0 -9999.0 -9999.0 -9999.0 -9999.0 -9999.0 -9999.0 -9999.0 -9999.0 -9999.0 -9999.0 -9999.0 -9999.0 -9999.0 -9999.0 -9999.0 -9999.0 -9999.0 -9999.0 -9999.0 -9999.0 -9999.0 -9999.0 -9999.0 -9999.0 -9999.0 -9999.0 -9999.0 -9999.0 -9999.0 -9999.0 -9999.0 -9999.0 -9999.0 -9999.0 -9999.0 -9999.0 -9999.0 -9999.0 -9999.0 -9999.0 -9999.0 -9999.0 -9999.0 -9999.0 -9999.0 -9999.0 -9999.0 -9999.0 -9999.0 -9999.0 7.7 19.1 34.1 54.3 83.4 115.5 -9999.0 -9999.0 -9999.0 -9999.0 -9999.0 -9999.0 -9999.0 -9999.0 -9999.0 36.3 -9999.0 -9999.0 -9999.0 -9999.0 -9999.0 56.8 -9999.0
-9999.0 -9999.0 -9999.0 -9999.0 -9999.0 -9999.0 -9999.0 -9999.0 -9999.0 -9999.0 -9999.0 -9999.0 -9999.0 -9999.0 -9999.0 -9999.0 -9999.0 -9999.0 -9999.0 -9999.0 -9999.0 -9999.0 -9999.0 -9999.0 -9999.0 -9999.0 -9999.0 -9999.0 -9999.0 -9999.0 -9999.0 -9999.0 -9999.0 -9999.0 -9999.0 -9999.0 -9999.0 -9999.0 -9999.0 -9999.0 -9999.0 -9999.0 -9999.0 -9999.0 -9999.0 -9999.0 -9999.0 -9999.0 -9999.0 -9999.0 -9999.0 -9999.0 -9999.0 -9999.0 -9999.0 -9999.0 -9999.0 -9999.0 78.0 107.9 -9999.0 -9999.0 -9999.0 -9999.0 -9999.0 -9999.0 -9999.0 -9999.0 -9999.0 -9999.0 -9999.0 -9999.0 -9999.0 -9999.0 -9999.0 54.7 48.7 -9999.0
-9999.0 -9999.0 -9999.0 -9999.0 -9999.0 -9999.0 -9999.0 -9999.0 -9999.0 -9999.0 -9999.0 -9999.0 -9999.0 -9999.0 -9999.0 -9999.0 -9999.0 -9999.0 -9999.0 -9999.0 -9999.0 -9999.0 -9999.0 -9999.0 -9999.0 -9999.0 -9999.0 -9999.0 -9999.0 -9999.0 -9999.0 -9999.0 -9999.0 -9999.0 -9999.0 -9999.0 -9999.0 -9999.0 -9999.0 -9999.0 -9999.0 -9999.0 -9999.0 -9999.0 -9999.0 -9999.0 -9999.0 -9999.0 -9999.0 -9999.0 -9999.0 -9999.0 -9999.0 -9999.0 -9999.0 -9999.0 -9999.0 -9999.0 -9999.0 -9999.0 -9999.0 -9999.0 -9999.0 -9999.0 -9999.0 -9999.0 -9999.0 -9999.0 -9999.0 -9999.0 -9999.0 -9999.0 -9999.0 -9999.0 -9999.0 -9999.0 -9999.0 -9999.0
