program/excelProcessViaJava/data/SURF_CLI_CHN_PRE_MON_GRID_0.5-201410.txt
NCOLS      128
NROWS       72
XLLCORNER    72.000000000000    
YLLCORNER    18.000000000000    
CELLSIZE    0.50000000000000    
NODATA_VALUE   -9999.000    
[rows 35 to 69 of 72, columns 0 to 77 of 128]
-9999.0 -9999.0 -9999.0 -9999.0 -9999.0 2.6 0.0 0.0 0.0 0.0 0.0 0.0 0.0 0.0 0.0 0.5 0.1 0.4 0.9 0.3 0.0 0.0 0.0 0.0 0.0 0.0 0.0 0.0 0.0 0.1 0.2 0.3 0.6 1.0 1.7 2.7 3.8 4.9 6.8 8.5 6.2 12.3 13.0 10.5 7.2 4.1 5.7 4.2 6.4 4.7 6.5 11.7 18.5 27.4 26.4 21.3 24.6 29.7 42.1 42.7 44.9 28.9 22.0 24.4 28.2 31.6 35.3 41.2 41.8 45.4 39.9 32.4 26.3 20.3 16.2 15.7 12.6 12.8
-9999.0 -9999.0 -9999.0 -9999.0 -9999.0 -9999.0 -9999.0 0.0 0.1 0.0 0.0 0.0 0.0 0.0 0.0 0.0 0.0 0.0 0.0 0.0 0.0 0.0 0.0 0.0 0.0 0.0 0.0 0.0 0.1 0.2 0.2 0.4 0.6 0.9 1.8 2.7 3.8 5.2 6.8 8.5 10.6 12.5 14.7 18.6 14.6 10.3 12.0 12.3 18.8 17.8 26.3 27.3 23.3 25.8 29.1 25.1 30.4 39.6 44.2 46.2 47.2 39.5 25.6 28.5 30.5 33.4 39.3 45.9 54.0 39.9 32.5 25.9 22.7 20.7 16.2 17.9 15.9 13.0
-9999.0 -9999.0 -9999.0 -9999.0 -9999.0 -9999.0 -9999.0 0.0 2.3 0.0 0.0 0.0 0.0 0.0 0.0 0.0 0.0 0.0 0.0 0.0 0.0 0.0 0.0 0.0 0.1 0.1 0.1 0.1 0.3 0.2 0.5 0.6 0.9 1.2 2.2 2.9 3.9 5.2 6.8 9.0 11.1 14.0 15.7 16.4 18.6 18.9 18.9 18.5 19.3 20.7 24.7 26.2 27.1 27.0 30.0 27.6 31.7 39.4 41.9 45.4 48.5 49.1 46.1 31.5 33.3 35.3 40.8 44.2 52.8 35.0 27.7 19.7 18.6 19.8 20.5 14.5 14.0 14.5
-9999.0 -9999.0 -9999.0 -9999.0 -9999.0 -9999.0 -9999.0 -9999.0 -9999.0 -9999.0 0.0 0.0 0.0 0.0 0.0 0.0 0.0 0.0 0.0 0.0 0.0 0.0 0.0 0.1 0.0 0.1 0.1 0.2 0.3 0.5 0.6 0.5 1.2 1.6 2.4 2.5 3.9 5.1 6.6 9.0 11.9 14.3 16.2 17.4 20.8 19.4 22.4 20.5 21.2 21.1 21.0 24.5 27.6 29.9 30.7 29.3 30.6 34.6 39.1 43.3 47.9 52.2 48.8 41.2 41.5 40.5 41.7 44.9 45.8 38.6 26.5 21.4 18.3 18.5 16.3 16.1 16.9 20.8
-9999.0 -9999.0 -9999.0 -9999.0 -9999.0 -9999.0 -9999.0 -9999.0 -9999.0 -9999.0 -9999.0 0.0 0.0 0.0 0.0 0.0 0.0 0.0 0.0 0.0 0.1 0.1 0.1 0.3 0.0 0.3 0.7 0.3 0.5 0.3 0.8 1.2 1.5 1.4 1.9 2.8 3.0 4.7 6.4 8.5 11.0 13.7 16.1 18.5 19.5 20.4 21.4 19.4 19.3 19.3 23.1 26.1 27.9 28.3 29.1 28.7 28.8 30.6 37.4 40.0 46.8 52.7 56.9 54.5 46.9 54.5 53.9 56.0 54.6 49.0 29.1 20.9 20.6 22.3 27.3 27.4 31.6 31.4
-9999.0 -9999.0 -9999.0 -9999.0 -9999.0 -9999.0 -9999.0 -9999.0 -9999.0 -9999.0 -9999.0 -9999.0 0.0 0.2 0.4 0.0 0.3 0.1 0.0 0.0 0.1 0.1 0.2 0.8 2.4 1.3 1.3 2.4 1.4 2.1 1.2 0.8 1.5 2.0 2.1 2.9 3.0 4.0 5.6 7.7 10.2 12.9 15.9 17.4 19.0 20.0 18.8 18.1 15.9 17.8 19.5 24.7 26.5 28.9 26.3 26.4 26.3 28.6 35.1 39.2 45.5 54.4 60.2 64.2 56.4 61.9 51.5 57.2 61.5 60.7 60.2 63.9 59.3 48.3 48.4 47.7 47.4 40.0
-9999.0 -9999.0 -9999.0 -9999.0 -9999.0 -9999.0 -9999.0 -9999.0 -9999.0 -9999.0 -9999.0 -9999.0 0.0 0.0 0.0 0.7 0.1 0.4 0.8 0.9 0.5 2.3 0.5 4.1 3.5 0.5 0.6 0.3 0.8 1.2 2.3 2.6 1.4 1.7 3.1 3.2 3.5 3.9 4.3 6.5 9.0 11.8 14.8 17.1 17.9 17.3 17.6 18.2 18.7 19.0 21.1 23.1 25.4 29.9 26.1 22.5 21.5 23.6 26.6 33.5 40.9 52.2 61.1 63.6 56.6 63.5 71.4 78.1 93.1 89.4 62.5 56.1 67.0 71.0 72.0 67.1 64.1 62.7
-9999.0 -9999.0 -9999.0 -9999.0 -9999.0 -9999.0 -9999.0 -9999.0 -9999.0 -9999.0 -9999.0 0.0 0.0 0.0 0.0 0.3 0.0 0.2 0.3 4.5 5.2 5.7 4.3 6.4 8.1 1.5 2.3 3.3 2.8 1.9 2.4 3.9 1.5 2.8 2.8 3.6 3.1 4.3 5.0 6.1 7.8 10.4 13.4 16.5 17.4 17.2 16.3 15.9 17.3 18.8 22.9 27.4 26.0 26.4 20.9 17.2 16.5 19.7 22.1 28.6 37.0 47.9 60.1 71.4 74.0 74.8 74.0 102.1 125.6 129.0 123.1 103.2 82.7 69.0 75.0 82.2 86.2 84.1
-9999.0 -9999.0 -9999.0 -9999.0 -9999.0 -9999.0 -9999.0 -9999.0 -9999.0 -9999.0 -9999.0 0.0 0.0 2.0 0.7 0.0 0.0 2.4 3.8 1.1 9.4 4.3 6.0 7.7 12.3 13.2 9.7 7.5 5.3 5.7 5.3 4.1 2.1 4.7 4.7 4.3 5.0 4.8 5.2 6.3 7.8 10.7 13.9 16.3 17.2 16.8 16.9 16.8 17.4 16.3 18.0 24.1 21.5 18.3 16.3 12.6 11.7 13.3 17.0 23.6 33.3 46.3 57.1 63.6 71.7 69.7 91.3 118.5 138.8 138.0 126.8 116.2 114.8 134.7 128.0 107.1 104.7 89.3
-9999.0 -9999.0 -9999.0 -9999.0 -9999.0 -9999.0 -9999.0 -9999.0 -9999.0 -9999.0 -9999.0 -9999.0 7.3 0.1 5.6 2.7 3.9 0.1 1.9 2.7 0.3 0.4 7.2 4.0 8.5 2.3 4.2 0.7 6.2 5.2 5.0 1.6 4.9 6.4 6.1 5.5 5.9 6.1 6.5 6.4 7.7 11.1 13.0 17.4 16.9 16.4 16.2 14.9 13.1 13.6 16.2 15.4 28.8 29.0 21.8 11.8 11.8 12.5 15.2 18.1 27.4 40.9 64.3 62.1 62.5 76.5 96.3 126.3 145.1 135.5 123.1 144.8 151.8 160.2 156.7 124.3 112.5 89.3
-9999.0 -9999.0 -9999.0 -9999.0 -9999.0 -9999.0 -9999.0 -9999.0 -9999.0 -9999.0 -9999.0 -9999.0 1.1 0.0 0.0 4.1 2.8 6.5 1.2 0.8 0.0 3.8 1.7 1.1 10.4 6.9 7.0 7.5 2.5 7.1 1.4 2.5 2.6 5.4 5.3 4.2 5.8 8.1 8.0 7.8 8.3 10.0 12.3 14.6 16.1 15.0 14.2 10.7 13.1 13.0 10.4 21.8 22.5 15.7 25.6 22.4 11.6 10.1 13.8 24.5 29.5 55.6 62.9 55.0 73.5 81.4 104.4 131.0 142.6 139.5 126.3 122.1 145.8 119.3 127.3 108.7 99.4 88.3
-9999.0 -9999.0 -9999.0 -9999.0 -9999.0 -9999.0 -9999.0 -9999.0 -9999.0 -9999.0 -9999.0 -9999.0 -9999.0 31.9 0.1 6.5 0.2 11.2 9.9 5.5 0.1 0.3 0.4 1.8 18.2 8.4 4.9 8.5 4.1 0.0 0.2 0.4 2.3 3.1 3.0 4.8 8.1 10.0 9.8 9.1 8.8 10.0 11.8 13.4 14.1 13.4 12.4 8.9 8.6 8.9 15.3 9.8 23.7 30.5 31.7 26.9 16.2 13.1 17.4 7.3 30.5 25.8 58.5 92.8 78.1 78.1 99.8 125.3 136.0 125.0 112.6 112.4 115.1 117.1 109.5 110.1 123.4 100.2
-9999.0 -9999.0 -9999.0 -9999.0 -9999.0 -9999.0 -9999.0 -9999.0 -9999.0 -9999.0 -9999.0 -9999.0 -9999.0 -9999.0 272.9 8.5 15.6 6.8 14.6 23.9 2.3 10.5 13.3 8.9 4.7 4.6 0.0 0.5 0.0 0.5 0.1 0.4 0.2 0.6 2.9 3.7 6.5 10.9 11.0 9.6 9.7 10.0 10.5 11.3 11.7 11.4 10.5 6.9 8.5 2.9 9.8 24.8 23.2 28.1 11.8 27.2 24.3 7.2 24.2 31.1 15.5 57.8 113.8 103.1 79.3 70.8 85.7 105.2 113.6 109.9 102.0 102.2 138.3 133.5 117.1 138.9 138.6 143.6
-9999.0 -9999.0 -9999.0 -9999.0 -9999.0 -9999.0 -9999.0 -9999.0 -9999.0 -9999.0 -9999.0 -9999.0 -9999.0 -9999.0 -9999.0 -9999.0 -9999.0 305.4 131.4 134.2 85.4 12.7 39.7 34.6 6.6 6.4 0.0 0.2 0.9 0.0 0.1 0.6 0.0 1.9 4.4 5.3 7.5 8.1 10.5 8.9 8.3 9.4 8.6 8.7 11.1 9.9 11.7 11.0 5.7 9.2 2.3 13.3 3.9 27.7 28.6 26.9 20.3 25.0 26.4 34.2 53.1 79.7 94.1 97.3 82.6 75.0 81.3 88.7 92.5 94.6 86.3 162.5 178.1 159.5 160.7 167.5 165.9 165.3
-9999.0 -9999.0 -9999.0 -9999.0 -9999.0 -9999.0 -9999.0 -9999.0 -9999.0 -9999.0 -9999.0 -9999.0 -9999.0 -9999.0 -9999.0 -9999.0 -9999.0 -9999.0 -9999.0 -9999.0 279.6 62.9 29.5 2.3 12.6 41.9 23.3 9.5 1.2 1.9 0.2 4.5 1.9 1.5 3.1 4.8 8.5 9.6 6.0 2.8 2.6 8.1 8.0 7.4 8.9 8.4 10.6 7.7 13.1 20.6 12.0 23.7 25.8 15.4 19.2 19.9 18.6 18.4 26.0 36.5 77.8 81.2 65.2 76.6 89.4 92.4 93.6 89.6 83.5 89.6 116.7 187.2 203.2 190.7 184.6 182.9 179.1 178.0
-9999.0 -9999.0 -9999.0 -9999.0 -9999.0 -9999.0 -9999.0 -9999.0 -9999.0 -9999.0 -9999.0 -9999.0 -9999.0 -9999.0 -9999.0 -9999.0 -9999.0 -9999.0 -9999.0 -9999.0 -9999.0 -9999.0 19.9 235.1 59.9 55.2 37.5 13.0 0.2 0.9 0.1 0.0 0.0 0.3 1.1 4.8 9.9 11.0 12.7 11.0 7.6 8.2 4.7 4.5 7.8 11.7 10.2 9.1 7.4 5.5 8.0 19.3 11.2 14.0 9.9 8.0 8.8 12.5 32.8 33.0 86.3 93.9 91.0 65.4 77.3 98.4 102.7 91.8 103.5 97.3 163.8 194.7 207.9 203.6 183.9 180.0 176.0 174.2
-9999.0 -9999.0 -9999.0 -9999.0 -9999.0 -9999.0 -9999.0 -9999.0 -9999.0 -9999.0 -9999.0 -9999.0 -9999.0 -9999.0 -9999.0 -9999.0 -9999.0 -9999.0 -9999.0 -9999.0 -9999.0 -9999.0 -9999.0 -9999.0 565.1 407.5 136.9 0.0 0.0 0.0 0.0 0.5 1.0 0.6 3.1 5.2 8.8 12.7 15.1 9.0 10.9 4.7 5.6 6.1 12.0 12.4 12.3 9.8 12.6 10.3 17.4 15.7 15.5 11.1 6.6 4.0 3.0 5.7 10.3 23.2 49.7 74.5 78.9 58.1 70.8 88.6 94.6 102.0 115.1 129.0 122.5 138.1 124.1 151.0 146.3 147.0 149.9 148.1
-9999.0 -9999.0 -9999.0 -9999.0 -9999.0 -9999.0 -9999.0 -9999.0 -9999.0 -9999.0 -9999.0 -9999.0 -9999.0 -9999.0 -9999.0 -9999.0 -9999.0 -9999.0 -9999.0 -9999.0 -9999.0 -9999.0 -9999.0 -9999.0 -9999.0 612.8 441.6 423.1 343.2 65.4 31.4 19.4 0.1 17.1 4.8 29.7 11.1 11.3 7.5 7.7 8.9 3.6 8.2 13.6 14.0 13.8 12.4 11.3 10.7 15.8 13.5 14.6 14.6 11.3 5.3 1.3 2.3 4.4 4.8 19.1 66.2 52.3 71.2 67.5 74.5 77.9 86.0 80.7 76.0 76.0 66.8 92.8 63.8 96.8 100.5 108.5 107.1 101.3
-9999.0 -9999.0 -9999.0 -9999.0 -9999.0 -9999.0 -9999.0 -9999.0 -9999.0 -9999.0 -9999.0 -9999.0 -9999.0 -9999.0 -9999.0 -9999.0 -9999.0 -9999.0 -9999.0 -9999.0 -9999.0 -9999.0 -9999.0 -9999.0 -9999.0 -9999.0 -9999.0 612.4 509.6 288.4 329.3 223.2 167.4 77.0 14.9 16.3 -9999.0 20.8 18.7 9.3 9.2 11.3 9.7 16.7 16.3 15.4 14.7 -9999.0 -9999.0 20.2 16.3 17.0 23.9 9.6 13.2 7.7 3.0 6.2 7.0 24.4 40.4 44.8 67.5 67.4 67.0 73.2 84.1 87.9 75.3 58.6 47.8 74.3 96.8 94.2 98.4 93.3 80.1 66.2
-9999.0 -9999.0 -9999.0 -9999.0 -9999.0 -9999.0 -9999.0 -9999.0 -9999.0 -9999.0 -9999.0 -9999.0 -9999.0 -9999.0 -9999.0 -9999.0 -9999.0 -9999.0 -9999.0 -9999.0 -9999.0 -9999.0 -9999.0 -9999.0 -9999.0 -9999.0 -9999.0 -9999.0 -9999.0 -9999.0 -9999.0 -9999.0 -9999.0 219.9 162.1 -9999.0 -9999.0 -9999.0 -9999.0 43.3 33.0 27.0 23.0 20.2 18.6 -9999.0 -9999.0 -9999.0 -9999.0 -9999.0 -9999.0 -9999.0 32.2 12.7 11.1 11.7 10.3 11.4 17.9 30.6 47.4 55.1 62.8 68.1 64.2 64.9 73.9 95.1 86.4 78.8 85.4 92.3 100.8 129.4 109.1 92.8 67.3 43.4
-9999.0 -9999.0 -9999.0 -9999.0 -9999.0 -9999.0 -9999.0 -9999.0 -9999.0 -9999.0 -9999.0 -9999.0 -9999.0 -9999.0 -9999.0 -9999.0 -9999.0 -9999.0 -9999.0 -9999.0 -9999.0 -9999.0 -9999.0 -9999.0 -9999.0 -9999.0 -9999.0 -9999.0 -9999.0 -9999.0 -9999.0 -9999.0 -9999.0 -9999.0 -9999.0 -9999.0 -9999.0 -9999.0 -9999.0 51.0 39.8 30.8 25.1 23.0 -9999.0 -9999.0 -9999.0 -9999.0 -9999.0 -9999.0 -9999.0 -9999.0 26.0 20.7 19.4 9.8 15.9 19.2 25.2 33.9 50.7 66.1 32.4 70.0 62.5 64.6 82.1 95.8 102.4 103.6 99.8 102.9 130.9 128.2 114.7 84.9 56.5 29.4
-9999.0 -9999.0 -9999.0 -9999.0 -9999.0 -9999.0 -9999.0 -9999.0 -9999.0 -9999.0 -9999.0 -9999.0 -9999.0 -9999.0 -9999.0 -9999.0 -9999.0 -9999.0 -9999.0 -9999.0 -9999.0 -9999.0 -9999.0 -9999.0 -9999.0 -9999.0 -9999.0 -9999.0 -9999.0 -9999.0 -9999.0 -9999.0 -9999.0 -9999.0 -9999.0 -9999.0 -9999.0 -9999.0 -9999.0 -9999.0 -9999.0 -9999.0 -9999.0 -9999.0 -9999.0 -9999.0 -9999.0 -9999.0 -9999.0 -9999.0 -9999.0 48.6 61.9 40.9 39.9 30.9 29.5 25.7 33.5 34.6 38.8 56.3 79.1 71.5 64.3 63.3 69.8 78.6 94.0 108.0 98.9 96.4 89.7 87.5 91.6 66.3 43.8 17.1
-9999.0 -9999.0 -9999.0 -9999.0 -9999.0 -9999.0 -9999.0 -9999.0 -9999.0 -9999.0 -9999.0 -9999.0 -9999.0 -9999.0 -9999.0 -9999.0 -9999.0 -9999.0 -9999.0 -9999.0 -9999.0 -9999.0 -9999.0 -9999.0 -9999.0 -9999.0 -9999.0 -9999.0 -9999.0 -9999.0 -9999.0 -9999.0 -9999.0 -9999.0 -9999.0 -9999.0 -9999.0 -9999.0 -9999.0 -9999.0 -9999.0 -9999.0 -9999.0 -9999.0 -9999.0 -9999.0 -9999.0 -9999.0 -9999.0 -9999.0 31.0 82.0 85.2 69.8 64.3 50.8 47.4 41.4 38.2 32.3 44.2 46.0 76.2 70.7 68.7 61.9 48.8 54.2 70.1 96.3 100.0 73.3 63.5 78.2 76.9 58.3 18.6 22.0
-9999.0 -9999.0 -9999.0 -9999.0 -9999.0 -9999.0 -9999.0 -9999.0 -9999.0 -9999.0 -9999.0 -9999.0 -9999.0 -9999.0 -9999.0 -9999.0 -9999.0 -9999.0 -9999.0 -9999.0 -9999.0 -9999.0 -9999.0 -9999.0 -9999.0 -9999.0 -9999.0 -9999.0 -9999.0 -9999.0 -9999.0 -9999.0 -9999.0 -9999.0 -9999.0 -9999.0 -9999.0 -9999.0 -9999.0 -9999.0 -9999.0 -9999.0 -9999.0 -9999.0 -9999.0 -9999.0 -9999.0 -9999.0 -9999.0 -9999.0 32.0 95.5 76.4 91.9 78.7 67.4 39.4 42.1 33.7 31.5 37.4 49.6 63.5 69.9 67.2 57.4 44.1 44.1 62.7 92.5 103.0 79.2 57.4 52.4 45.7 28.7 21.4 8.8
-9999.0 -9999.0 -9999.0 -9999.0 -9999.0 -9999.0 -9999.0 -9999.0 -9999.0 -9999.0 -9999.0 -9999.0 -9999.0 -9999.0 -9999.0 -9999.0 -9999.0 -9999.0 -9999.0 -9999.0 -9999.0 -9999.0 -9999.0 -9999.0 -9999.0 -9999.0 -9999.0 -9999.0 -9999.0 -9999.0 -9999.0 -9999.0 -9999.0 -9999.0 -9999.0 -9999.0 -9999.0 -9999.0 -9999.0 -9999.0 -9999.0 -9999.0 -9999.0 -9999.0 -9999.0 -9999.0 -9999.0 -9999.0 -9999.0 -9999.0 24.2 53.0 51.5 92.1 70.7 57.0 54.1 41.8 37.5 34.0 36.5 45.2 53.3 55.3 57.2 43.8 37.0 42.0 68.5 116.9 119.6 122.0 50.5 59.9 39.8 28.8 24.5 6.9
-9999.0 -9999.0 -9999.0 -9999.0 -9999.0 -9999.0 -9999.0 -9999.0 -9999.0 -9999.0 -9999.0 -9999.0 -9999.0 -9999.0 -9999.0 -9999.0 -9999.0 -9999.0 -9999.0 -9999.0 -9999.0 -9999.0 -9999.0 -9999.0 -9999.0 -9999.0 -9999.0 -9999.0 -9999.0 -9999.0 -9999.0 -9999.0 -9999.0 -9999.0 -9999.0 -9999.0 -9999.0 -9999.0 -9999.0 -9999.0 -9999.0 -9999.0 -9999.0 -9999.0 -9999.0 -9999.0 -9999.0 -9999.0 -9999.0 -9999.0 40.5 68.8 66.6 76.8 68.1 63.9 33.0 44.3 47.9 45.3 47.4 46.9 31.6 46.3 50.7 40.2 39.6 52.5 102.5 93.1 130.4 90.7 64.2 63.4 44.9 34.6 20.9 5.6
-9999.0 -9999.0 -9999.0 -9999.0 -9999.0 -9999.0 -9999.0 -9999.0 -9999.0 -9999.0 -9999.0 -9999.0 -9999.0 -9999.0 -9999.0 -9999.0 -9999.0 -9999.0 -9999.0 -9999.0 -9999.0 -9999.0 -9999.0 -9999.0 -9999.0 -9999.0 -9999.0 -9999.0 -9999.0 -9999.0 -9999.0 -9999.0 -9999.0 -9999.0 -9999.0 -9999.0 -9999.0 -9999.0 -9999.0 -9999.0 -9999.0 -9999.0 -9999.0 -9999.0 -9999.0 -9999.0 -9999.0 -9999.0 -9999.0 -9999.0 59.0 31.5 64.9 59.9 56.7 51.0 50.4 57.8 48.9 54.3 79.2 43.2 73.7 50.9 45.4 36.4 51.4 56.0 120.8 153.7 124.3 78.7 57.3 53.4 47.8 29.4 15.2 4.5
-9999.0 -9999.0 -9999.0 -9999.0 -9999.0 -9999.0 -9999.0 -9999.0 -9999.0 -9999.0 -9999.0 -9999.0 -9999.0 -9999.0 -9999.0 -9999.0 -9999.0 -9999.0 -9999.0 -9999.0 -9999.0 -9999.0 -9999.0 -9999.0 -9999.0 -9999.0 -9999.0 -9999.0 -9999.0 -9999.0 -9999.0 -9999.0 -9999.0 -9999.0 -9999.0 -9999.0 -9999.0 -9999.0 -9999.0 -9999.0 -9999.0 -9999.0 -9999.0 -9999.0 -9999.0 -9999.0 -9999.0 -9999.0 -9999.0 -9999.0 -9999.0 -9999.0 -9999.0 60.0 58.9 78.8 66.8 65.1 67.1 82.1 59.0 51.0 95.6 36.7 30.0 26.9 16.3 78.9 76.7 97.8 79.1 69.0 68.3 59.2 45.0 33.4 13.0 5.2
-9999.0 -9999.0 -9999.0 -9999.0 -9999.0 -9999.0 -9999.0 -9999.0 -9999.0 -9999.0 -9999.0 -9999.0 -9999.0 -9999.0 -9999.0 -9999.0 -9999.0 -9999.0 -9999.0 -9999.0 -9999.0 -9999.0 -9999.0 -9999.0 -9999.0 -9999.0 -9999.0 -9999.0 -9999.0 -9999.0 -9999.0 -9999.0 -9999.0 -9999.0 -9999.0 -9999.0 -9999.0 -9999.0 -9999.0 -9999.0 -9999.0 -9999.0 -9999.0 -9999.0 -9999.0 -9999.0 -9999.0 -9999.0 -9999.0 -9999.0 -9999.0 -9999.0 -9999.0 65.9 64.4 85.3 91.7 89.0 77.2 59.3 69.5 70.6 101.5 91.5 13.0 11.9 -9999.0 46.4 75.0 64.1 80.0 108.0 103.1 70.0 45.4 28.8 9.6 3.7
-9999.0 -9999.0 -9999.0 -9999.0 -9999.0 -9999.0 -9999.0 -9999.0 -9999.0 -9999.0 -9999.0 -9999.0 -9999.0 -9999.0 -9999.0 -9999.0 -9999.0 -9999.0 -9999.0 -9999.0 -9999.0 -9999.0 -9999.0 -9999.0 -9999.0 -9999.0 -9999.0 -9999.0 -9999.0 -9999.0 -9999.0 -9999.0 -9999.0 -9999.0 -9999.0 -9999.0 -9999.0 -9999.0 -9999.0 -9999.0 -9999.0 -9999.0 -9999.0 -9999.0 -9999.0 -9999.0 -9999.0 -9999.0 -9999.0 -9999.0 -9999.0 -9999.0 -9999.0 76.5 84.7 96.8 101.7 96.5 85.4 78.2 47.0 60.0 50.3 -9999.0 -9999.0 -9999.0 -9999.0 -9999.0 44.9 83.5 145.4 168.7 146.4 87.3 49.4 29.1 13.5 8.0
-9999.0 -9999.0 -9999.0 -9999.0 -9999.0 -9999.0 -9999.0 -9999.0 -9999.0 -9999.0 -9999.0 -9999.0 -9999.0 -9999.0 -9999.0 -9999.0 -9999.0 -9999.0 -9999.0 -9999.0 -9999.0 -9999.0 -9999.0 -9999.0 -9999.0 -9999.0 -9999.0 -9999.0 -9999.0 -9999.0 -9999.0 -9999.0 -9999.0 -9999.0 -9999.0 -9999.0 -9999.0 -9999.0 -9999.0 -9999.0 -9999.0 -9999.0 -9999.0 -9999.0 -9999.0 -9999.0 -9999.0 -9999.0 -9999.0 -9999.0 -9999.0 -9999.0 -9999.0 -9999.0 -9999.0 99.5 108.5 98.3 75.8 63.4 48.0 -9999.0 -9999.0 -9999.0 -9999.0 -9999.0 -9999.0 -9999.0 -9999.0 84.6 144.2 184.1 160.9 95.5 62.4 59.9 51.2 40.2
-9999.0 -9999.0 -9999.0 -9999.0 -9999.0 -9999.0 -9999.0 -9999.0 -9999.0 -9999.0 -9999.0 -9999.0 -9999.0 -9999.0 -9999.0 -9999.0 -9999.0 -9999.0 -9999.0 -9999.0 -9999.0 -9999.0 -9999.0 -9999.0 -9999.0 -9999.0 -9999.0 -9999.0 -9999.0 -9999.0 -9999.0 -9999.0 -9999.0 -9999.0 -9999.0 -9999.0 -9999.0 -9999.0 -9999.0 -9999.0 -9999.0 -9999.0 -9999.0 -9999.0 -9999.0 -9999.0 -9999.0 -9999.0 -9999.0 -9999.0 -9999.0 -9999.0 -9999.0 -9999.0 -9999.0 -9999.0 82.9 83.5 70.8 49.4 40.0 -9999.0 -9999.0 -9999.0 -9999.0 -9999.0 -9999.0 -9999.0 -9999.0 -9999.0 -9999.0 -9999.0 127.3 90.9 82.0 108.7 124.9 120.4
-9999.0 -9999.0 -9999.0 -9999.0 -9999.0 -9999.0 -9999.0 -9999.0 -9999.0 -9999.0 -9999.0 -9999.0 -9999.0 -9999.0 -9999.0 -9999.0 -9999.0 -9999.0 -9999.0 -9999.0 -9999.0 -9999.0 -9999.0 -9999.0 -9999.0 -9999.0 -9999.0 -9999.0 -9999.0 -9999.0 -9999.0 -9999.0 -9999.0 -9999.0 -9999.0 -9999.0 -9999.0 -9999.0 -9999.0 -9999.0 -9999.0 -9999.0 -9999.0 -9999.0 -9999.0 -9999.0 -9999.0 -9999.0 -9999.0 -9999.0 -9999.0 -9999.0 -9999.0 -9999.0 -9999.0 -9999.0 -9999.0 -9999.0 -9999.0 -9999.0 -9999.0 -9999.0 -9999.0 -9999.0 -9999.0 -9999.0 -9999.0 -9999.0 -9999.0 -9999.0 -9999.0 -9999.0 -9999.0 80.3 99.3 150.4 203.7 231.5
-9999.0 -9999.0 -9999.0 -9999.0 -9999.0 -9999.0 -9999.0 -9999.0 -9999.0 -9999.0 -9999.0 -9999.0 -9999.0 -9999.0 -9999.0 -9999.0 -9999.0 -9999.0 -9999.0 -9999.0 -9999.0 -9999.0 -9999.0 -9999.0 -9999.0 -9999.0 -9999.0 -9999.0 -9999.0 -9999.0 -9999.0 -9999.0 -9999.0 -9999.0 -9999.0 -9999.0 -9999.0 -9999.0 -9999.0 -9999.0 -9999.0 -9999.0 -9999.0 -9999.0 -9999.0 -9999.0 -9999.0 -9999.0 -9999.0 -9999.0 -9999.0 -9999.0 -9999.0 -9999.0 -9999.0 -9999.0 -9999.0 -9999.0 -9999.0 -9999.0 -9999.0 -9999.0 -9999.0 -9999.0 -9999.0 -9999.0 -9999.0 -9999.0 -9999.0 -9999.0 -9999.0 -9999.0 48.7 66.0 110.8 184.6 296.7 381.8
-9999.0 -9999.0 -9999.0 -9999.0 -9999.0 -9999.0 -9999.0 -9999.0 -9999.0 -9999.0 -9999.0 -9999.0 -9999.0 -9999.0 -9999.0 -9999.0 -9999.0 -9999.0 -9999.0 -9999.0 -9999.0 -9999.0 -9999.0 -9999.0 -9999.0 -9999.0 -9999.0 -9999.0 -9999.0 -9999.0 -9999.0 -9999.0 -9999.0 -9999.0 -9999.0 -9999.0 -9999.0 -9999.0 -9999.0 -9999.0 -9999.0 -9999.0 -9999.0 -9999.0 -9999.0 -9999.0 -9999.0 -9999.0 -9999.0 -9999.0 -9999.0 -9999.0 -9999.0 -9999.0 -9999.0 -9999.0 -9999.0 -9999.0 -9999.0 -9999.0 -9999.0 -9999.0 -9999.0 -9999.0 -9999.0 -9999.0 -9999.0 -9999.0 -9999.0 -9999.0 -9999.0 -9999.0 26.6 54.5 79.0 229.0 393.5 625.5
