program/excelProcessViaJava/data/SURF_CLI_CHN_PRE_MON_GRID_0.5-201211.txt
NCOLS      128
NROWS       72
XLLCORNER    72.000000000000    
YLLCORNER    18.000000000000    
CELLSIZE    0.50000000000000    
NODATA_VALUE   -9999.000    
[rows 35 to 69 of 72, columns 0 to 78 of 128]
-9999.0 -9999.0 -9999.0 -9999.0 -9999.0 -9999.0 -9999.0 0.2 0.2 0.2 0.2 0.1 0.1 0.1 0.0 0.2 0.1 0.1 0.1 0.0 0.0 0.0 0.0 0.0 0.0 0.0 0.0 0.0 0.0 0.0 0.0 0.0 0.0 0.0 0.0 0.0 0.0 0.1 0.1 0.1 0.4 0.2 0.3 0.9 1.8 2.2 1.2 0.7 0.6 0.6 1.0 1.8 2.3 1.7 1.3 0.6 1.1 1.9 4.6 3.1 6.2 4.1 4.5 5.3 6.3 4.0 5.0 5.2 4.0 4.3 4.5 7.3 12.1 14.1 13.6 17.1 14.2 22.6 23.4
-9999.0 -9999.0 -9999.0 -9999.0 -9999.0 -9999.0 -9999.0 0.2 0.1 0.2 0.1 0.1 0.1 0.0 0.0 0.0 0.0 0.0 0.0 0.0 0.0 0.0 0.0 0.0 0.0 0.0 0.0 0.0 0.0 0.0 0.0 0.0 0.0 0.0 0.0 0.0 0.1 0.1 0.1 0.2 0.2 0.4 0.5 0.5 1.2 1.7 1.3 1.2 1.4 1.7 2.2 2.4 2.3 1.7 1.7 0.4 0.5 1.2 2.7 3.9 4.7 5.5 5.0 6.6 5.4 4.9 5.9 7.3 9.1 5.2 5.4 7.9 11.4 12.6 9.1 17.2 19.4 14.7 13.0
-9999.0 -9999.0 -9999.0 -9999.0 -9999.0 -9999.0 -9999.0 -9999.0 -9999.0 0.1 0.1 0.1 0.1 0.1 0.0 0.0 0.0 0.0 0.0 0.0 0.0 0.0 0.0 0.0 0.0 0.0 0.0 0.0 0.0 0.0 0.0 0.0 0.0 0.0 0.1 0.1 0.1 0.1 0.2 0.2 0.3 0.4 0.6 0.9 1.0 1.2 1.4 1.6 1.8 2.0 2.4 2.4 2.2 1.7 2.2 0.6 0.2 0.5 1.9 2.6 3.4 4.6 5.7 4.9 5.2 5.1 7.8 11.7 14.4 8.9 7.9 7.4 9.2 10.6 13.4 10.2 10.2 11.4 13.6
-9999.0 -9999.0 -9999.0 -9999.0 -9999.0 -9999.0 -9999.0 -9999.0 -9999.0 -9999.0 -9999.0 0.1 0.1 0.1 0.0 0.0 0.0 0.0 0.0 0.0 0.0 0.0 0.0 0.0 0.0 0.0 0.0 0.0 0.0 0.0 0.0 0.0 0.0 0.1 0.1 0.1 0.1 0.1 0.1 0.2 0.2 0.3 0.5 0.7 0.8 1.1 1.5 1.7 2.0 2.2 2.0 2.3 2.4 2.9 3.9 2.6 1.2 1.7 1.7 2.0 3.0 3.2 3.8 4.4 6.4 4.9 10.6 17.6 19.2 15.6 10.5 9.2 8.2 8.2 13.0 18.2 18.4 15.0 14.7
-9999.0 -9999.0 -9999.0 -9999.0 -9999.0 -9999.0 -9999.0 -9999.0 -9999.0 -9999.0 -9999.0 -9999.0 0.1 0.1 0.1 0.1 0.0 0.0 0.0 0.0 0.1 0.1 0.1 0.1 0.0 0.0 0.1 0.0 0.0 0.0 0.0 0.1 0.1 0.1 0.1 0.1 0.1 0.2 0.2 0.2 0.2 0.3 0.3 0.4 0.5 0.8 1.2 1.3 1.7 1.9 3.0 3.5 3.4 3.4 4.4 5.2 5.1 6.1 1.7 4.0 3.1 5.1 6.5 6.8 5.7 12.7 15.8 24.1 26.2 22.8 13.7 12.2 13.7 14.7 13.9 33.3 15.3 14.4 13.3
-9999.0 -9999.0 -9999.0 -9999.0 -9999.0 -9999.0 -9999.0 -9999.0 -9999.0 -9999.0 -9999.0 -9999.0 0.1 0.1 0.1 0.1 0.1 0.1 0.1 0.1 0.1 0.1 0.1 0.2 0.2 0.2 0.1 0.2 0.1 0.1 0.1 0.1 0.1 0.1 0.1 0.2 0.2 0.2 0.2 0.2 0.2 0.2 0.3 0.2 0.4 0.7 0.7 0.9 0.8 1.6 2.1 3.7 4.0 6.0 4.9 7.5 6.0 7.1 3.9 3.6 3.5 4.8 9.2 14.1 7.8 15.1 13.2 21.5 27.3 27.4 25.2 28.8 30.3 17.6 16.4 12.9 11.7 18.4 14.9
-9999.0 -9999.0 -9999.0 -9999.0 -9999.0 -9999.0 -9999.0 -9999.0 -9999.0 -9999.0 -9999.0 -9999.0 -9999.0 0.1 0.1 0.1 0.1 0.2 0.2 0.3 0.3 0.4 0.3 0.5 0.4 0.2 0.2 0.1 0.1 0.1 0.1 0.2 0.1 0.2 0.2 0.2 0.3 0.3 0.5 0.3 0.3 0.3 0.3 0.4 0.3 0.3 0.6 1.2 1.7 2.1 3.0 3.5 5.0 11.7 11.3 10.6 8.6 10.5 14.9 10.9 9.6 8.5 13.5 11.7 6.2 13.7 22.3 24.7 31.2 30.2 26.4 26.2 23.2 20.9 21.9 15.7 13.7 14.8 23.1
-9999.0 -9999.0 -9999.0 -9999.0 -9999.0 -9999.0 -9999.0 -9999.0 -9999.0 -9999.0 -9999.0 -9999.0 0.1 0.1 0.1 0.2 0.2 0.2 0.3 0.6 0.8 0.9 0.8 0.9 0.9 0.5 0.4 0.4 0.3 0.2 0.2 0.2 0.2 0.2 0.3 0.3 0.4 0.3 0.3 0.4 0.7 1.0 1.2 0.4 0.5 0.6 0.7 0.9 1.7 2.6 5.0 8.2 7.4 10.7 9.7 10.1 14.0 5.9 12.4 10.4 11.4 15.6 17.8 26.4 24.7 21.2 7.3 16.5 31.7 38.0 33.3 27.2 27.0 32.0 30.6 26.6 28.7 31.1 35.1
-9999.0 -9999.0 -9999.0 -9999.0 -9999.0 -9999.0 -9999.0 -9999.0 -9999.0 -9999.0 -9999.0 -9999.0 0.1 0.1 0.1 0.2 0.2 0.4 0.6 0.7 1.2 1.1 1.3 1.4 1.5 1.3 1.0 0.7 0.5 0.3 0.3 0.2 0.2 0.2 0.3 0.4 0.4 0.4 0.4 0.3 0.4 0.4 0.5 0.7 0.9 1.4 2.7 3.1 3.8 2.9 3.7 7.3 6.4 6.1 6.7 5.4 9.9 13.2 11.6 16.7 19.5 24.2 18.8 21.5 23.5 8.2 18.7 13.3 16.5 19.7 20.3 21.5 25.2 25.8 24.4 25.0 36.0 27.2 32.7
-9999.0 -9999.0 -9999.0 -9999.0 -9999.0 -9999.0 -9999.0 -9999.0 -9999.0 -9999.0 -9999.0 -9999.0 0.1 0.1 0.2 0.2 0.4 0.5 0.8 1.1 1.1 1.3 1.7 1.6 1.6 1.2 1.0 0.6 0.6 0.4 0.3 0.2 0.2 0.2 0.3 0.4 0.4 0.5 0.4 0.7 0.7 0.5 2.0 0.6 2.0 4.2 5.6 5.0 4.3 4.5 4.9 3.8 12.6 14.4 9.8 2.8 7.4 11.6 14.5 11.2 12.9 17.0 34.5 23.0 11.8 3.6 6.4 12.1 17.4 15.3 15.1 20.7 22.5 24.0 38.2 22.7 27.6 28.8 26.6
-9999.0 -9999.0 -9999.0 -9999.0 -9999.0 -9999.0 -9999.0 -9999.0 -9999.0 -9999.0 -9999.0 -9999.0 -9999.0 0.2 0.2 0.3 0.5 0.8 1.0 1.3 1.4 1.9 1.9 1.8 1.9 1.6 1.3 1.0 0.6 0.5 0.3 0.2 0.2 0.2 0.3 0.7 0.8 0.5 0.6 0.6 0.8 3.5 5.3 4.9 3.4 5.0 7.8 5.9 8.5 7.1 3.3 7.1 5.4 2.4 7.8 8.6 3.6 6.1 11.0 19.9 18.6 40.2 29.0 16.3 4.4 2.5 4.5 10.5 14.8 19.5 18.9 20.8 22.4 27.0 21.7 25.4 30.3 28.6 23.6
-9999.0 -9999.0 -9999.0 -9999.0 -9999.0 -9999.0 -9999.0 -9999.0 -9999.0 -9999.0 -9999.0 -9999.0 -9999.0 0.1 0.2 0.3 0.6 0.9 1.3 1.7 1.9 2.1 2.1 2.1 2.2 1.8 1.4 1.0 0.7 0.5 0.4 0.3 0.2 0.3 0.5 0.7 0.5 0.5 1.0 3.4 2.0 3.6 5.3 6.9 12.5 9.5 10.7 8.8 8.2 5.9 6.2 1.1 3.6 5.9 7.9 5.7 3.4 5.1 9.7 5.4 16.1 10.3 16.0 10.5 4.1 2.5 4.9 10.1 16.3 20.1 23.8 26.1 26.8 24.6 24.4 25.6 26.5 31.3 28.5
-9999.0 -9999.0 -9999.0 -9999.0 -9999.0 -9999.0 -9999.0 -9999.0 -9999.0 -9999.0 -9999.0 -9999.0 -9999.0 -9999.0 -9999.0 0.3 0.6 1.0 1.4 1.8 2.2 2.4 2.5 2.4 2.1 1.8 1.5 1.0 0.9 0.5 0.4 0.3 0.4 0.5 0.5 1.2 1.8 0.4 0.8 1.6 4.7 7.1 8.1 8.5 5.8 6.7 12.0 8.5 9.2 1.6 2.5 7.2 1.6 1.7 0.3 2.2 3.2 1.8 8.6 13.4 4.1 8.9 14.4 9.9 5.2 3.6 6.2 11.9 18.4 27.5 31.3 33.4 30.9 27.9 31.9 32.0 34.2 36.0 29.1
-9999.0 -9999.0 -9999.0 -9999.0 -9999.0 -9999.0 -9999.0 -9999.0 -9999.0 -9999.0 -9999.0 -9999.0 -9999.0 -9999.0 -9999.0 -9999.0 -9999.0 0.1 0.7 -9999.0 1.8 2.4 2.4 2.3 2.1 1.8 1.7 1.1 0.7 0.6 0.4 0.3 0.6 0.3 0.3 0.6 2.1 0.2 1.1 2.0 4.0 8.6 8.4 7.8 1.4 5.6 4.7 14.9 5.6 5.2 0.3 0.7 0.2 1.0 1.4 1.8 1.0 4.2 5.3 8.7 1.2 5.3 11.5 12.6 9.2 7.2 10.6 20.8 30.5 38.7 41.1 43.3 41.1 38.3 41.2 46.7 51.5 51.2 48.1
-9999.0 -9999.0 -9999.0 -9999.0 -9999.0 -9999.0 -9999.0 -9999.0 -9999.0 -9999.0 -9999.0 -9999.0 -9999.0 -9999.0 -9999.0 -9999.0 -9999.0 -9999.0 -9999.0 -9999.0 -9999.0 1.9 2.2 2.5 2.0 1.4 1.1 0.8 0.6 0.4 0.3 0.2 0.2 0.3 0.2 0.6 0.6 0.6 0.5 0.2 0.4 8.4 10.7 9.7 0.8 8.1 4.1 6.4 14.0 34.6 2.5 7.4 4.1 0.3 0.4 1.5 1.9 1.0 8.5 4.4 0.6 1.5 8.1 14.7 14.7 10.3 14.5 29.6 42.9 51.0 52.8 49.4 49.6 52.9 62.2 73.4 84.0 88.4 86.2
-9999.0 -9999.0 -9999.0 -9999.0 -9999.0 -9999.0 -9999.0 -9999.0 -9999.0 -9999.0 -9999.0 -9999.0 -9999.0 -9999.0 -9999.0 -9999.0 -9999.0 -9999.0 -9999.0 -9999.0 -9999.0 -9999.0 -9999.0 0.7 1.4 1.1 0.9 0.7 0.7 0.3 0.3 0.3 0.9 0.6 1.0 1.1 1.8 0.9 2.6 4.3 5.1 9.3 5.8 2.7 0.7 2.3 3.7 5.0 4.3 3.4 1.6 4.3 0.7 0.6 0.3 0.2 0.5 2.4 0.4 3.2 1.0 1.8 2.9 6.0 10.5 12.5 17.4 33.6 42.9 48.4 46.1 49.7 56.2 67.7 79.2 93.9 106.3 116.1 126.9
-9999.0 -9999.0 -9999.0 -9999.0 -9999.0 -9999.0 -9999.0 -9999.0 -9999.0 -9999.0 -9999.0 -9999.0 -9999.0 -9999.0 -9999.0 -9999.0 -9999.0 -9999.0 -9999.0 -9999.0 -9999.0 -9999.0 -9999.0 -9999.0 -9999.0 0.1 0.3 1.6 1.0 1.6 0.5 0.2 0.2 0.4 0.3 1.5 4.3 1.3 3.7 2.5 7.3 4.4 0.1 0.3 0.6 2.4 4.5 9.3 7.3 4.9 8.0 3.5 3.6 1.8 0.5 0.2 0.3 0.3 1.9 2.4 3.2 3.8 14.0 5.3 9.1 14.6 19.3 29.4 37.0 39.9 37.6 45.7 55.3 81.6 99.7 104.5 113.7 131.1 140.5
-9999.0 -9999.0 -9999.0 -9999.0 -9999.0 -9999.0 -9999.0 -9999.0 -9999.0 -9999.0 -9999.0 -9999.0 -9999.0 -9999.0 -9999.0 -9999.0 -9999.0 -9999.0 -9999.0 -9999.0 -9999.0 -9999.0 -9999.0 -9999.0 -9999.0 -9999.0 -9999.0 0.0 0.0 0.1 0.1 0.1 0.8 0.0 0.4 0.0 0.3 0.4 0.1 0.9 3.4 0.6 0.1 0.1 0.6 2.3 5.4 10.0 15.2 11.6 17.3 14.5 3.3 1.8 0.6 0.4 0.2 0.2 1.1 1.5 3.1 4.7 2.2 3.9 8.8 10.9 17.9 25.3 30.8 32.5 35.7 51.2 53.8 85.4 93.5 103.8 133.7 140.0 142.1
-9999.0 -9999.0 -9999.0 -9999.0 -9999.0 -9999.0 -9999.0 -9999.0 -9999.0 -9999.0 -9999.0 -9999.0 -9999.0 -9999.0 -9999.0 -9999.0 -9999.0 -9999.0 -9999.0 -9999.0 -9999.0 -9999.0 -9999.0 -9999.0 -9999.0 -9999.0 -9999.0 -9999.0 -9999.0 -9999.0 -9999.0 -9999.0 -9999.0 0.0 0.1 -9999.0 -9999.0 -9999.0 0.0 0.1 0.0 0.0 0.1 0.1 0.2 1.6 -9999.0 -9999.0 -9999.0 -9999.0 -9999.0 -9999.0 7.7 3.5 1.0 0.2 0.2 0.3 0.6 1.4 2.2 3.4 2.8 4.1 4.5 7.9 14.7 23.9 32.0 34.3 36.9 52.8 70.8 73.7 103.6 100.6 137.3 136.7 137.0
-9999.0 -9999.0 -9999.0 -9999.0 -9999.0 -9999.0 -9999.0 -9999.0 -9999.0 -9999.0 -9999.0 -9999.0 -9999.0 -9999.0 -9999.0 -9999.0 -9999.0 -9999.0 -9999.0 -9999.0 -9999.0 -9999.0 -9999.0 -9999.0 -9999.0 -9999.0 -9999.0 -9999.0 -9999.0 -9999.0 -9999.0 -9999.0 -9999.0 -9999.0 -9999.0 -9999.0 -9999.0 -9999.0 -9999.0 0.0 0.0 0.0 0.0 0.0 -9999.0 -9999.0 -9999.0 -9999.0 -9999.0 -9999.0 -9999.0 -9999.0 11.2 6.8 2.1 0.5 0.2 0.3 0.4 0.6 0.7 1.3 1.8 1.5 2.8 6.0 13.8 22.5 29.7 40.6 50.3 56.2 57.4 81.6 79.1 101.0 124.8 135.7 137.3
-9999.0 -9999.0 -9999.0 -9999.0 -9999.0 -9999.0 -9999.0 -9999.0 -9999.0 -9999.0 -9999.0 -9999.0 -9999.0 -9999.0 -9999.0 -9999.0 -9999.0 -9999.0 -9999.0 -9999.0 -9999.0 -9999.0 -9999.0 -9999.0 -9999.0 -9999.0 -9999.0 -9999.0 -9999.0 -9999.0 -9999.0 -9999.0 -9999.0 -9999.0 -9999.0 -9999.0 -9999.0 -9999.0 -9999.0 -9999.0 -9999.0 -9999.0 -9999.0 -9999.0 -9999.0 -9999.0 -9999.0 -9999.0 -9999.0 -9999.0 -9999.0 -9999.0 23.4 12.3 5.2 3.1 1.0 0.6 0.5 0.5 0.4 0.5 8.0 1.5 3.7 8.8 19.3 25.2 29.1 38.5 52.1 61.8 88.1 81.9 94.1 109.0 129.5 140.6 147.8
-9999.0 -9999.0 -9999.0 -9999.0 -9999.0 -9999.0 -9999.0 -9999.0 -9999.0 -9999.0 -9999.0 -9999.0 -9999.0 -9999.0 -9999.0 -9999.0 -9999.0 -9999.0 -9999.0 -9999.0 -9999.0 -9999.0 -9999.0 -9999.0 -9999.0 -9999.0 -9999.0 -9999.0 -9999.0 -9999.0 -9999.0 -9999.0 -9999.0 -9999.0 -9999.0 -9999.0 -9999.0 -9999.0 -9999.0 -9999.0 -9999.0 -9999.0 -9999.0 -9999.0 -9999.0 -9999.0 -9999.0 -9999.0 -9999.0 -9999.0 -9999.0 38.9 28.9 20.0 8.9 6.3 3.7 2.7 1.4 0.3 2.7 3.0 2.1 4.1 7.6 16.4 28.3 30.0 32.8 40.0 56.1 69.9 73.5 83.3 104.3 129.1 140.7 158.6 142.5
-9999.0 -9999.0 -9999.0 -9999.0 -9999.0 -9999.0 -9999.0 -9999.0 -9999.0 -9999.0 -9999.0 -9999.0 -9999.0 -9999.0 -9999.0 -9999.0 -9999.0 -9999.0 -9999.0 -9999.0 -9999.0 -9999.0 -9999.0 -9999.0 -9999.0 -9999.0 -9999.0 -9999.0 -9999.0 -9999.0 -9999.0 -9999.0 -9999.0 -9999.0 -9999.0 -9999.0 -9999.0 -9999.0 -9999.0 -9999.0 -9999.0 -9999.0 -9999.0 -9999.0 -9999.0 -9999.0 -9999.0 -9999.0 -9999.0 -9999.0 22.7 48.8 41.8 32.6 19.6 14.8 8.2 4.3 3.5 4.6 4.5 7.9 6.6 9.6 12.2 21.4 35.8 39.2 43.1 44.9 60.6 68.3 82.2 104.8 119.2 130.9 161.9 140.2 151.4
-9999.0 -9999.0 -9999.0 -9999.0 -9999.0 -9999.0 -9999.0 -9999.0 -9999.0 -9999.0 -9999.0 -9999.0 -9999.0 -9999.0 -9999.0 -9999.0 -9999.0 -9999.0 -9999.0 -9999.0 -9999.0 -9999.0 -9999.0 -9999.0 -9999.0 -9999.0 -9999.0 -9999.0 -9999.0 -9999.0 -9999.0 -9999.0 -9999.0 -9999.0 -9999.0 -9999.0 -9999.0 -9999.0 -9999.0 -9999.0 -9999.0 -9999.0 -9999.0 -9999.0 -9999.0 -9999.0 -9999.0 -9999.0 -9999.0 -9999.0 15.4 56.3 52.4 49.4 40.9 29.1 13.8 17.0 12.0 9.4 10.5 12.3 10.7 12.5 15.5 20.4 32.7 39.3 45.1 46.6 59.0 74.0 91.1 107.2 110.1 116.8 132.4 154.0 146.7
-9999.0 -9999.0 -9999.0 -9999.0 -9999.0 -9999.0 -9999.0 -9999.0 -9999.0 -9999.0 -9999.0 -9999.0 -9999.0 -9999.0 -9999.0 -9999.0 -9999.0 -9999.0 -9999.0 -9999.0 -9999.0 -9999.0 -9999.0 -9999.0 -9999.0 -9999.0 -9999.0 -9999.0 -9999.0 -9999.0 -9999.0 -9999.0 -9999.0 -9999.0 -9999.0 -9999.0 -9999.0 -9999.0 -9999.0 -9999.0 -9999.0 -9999.0 -9999.0 -9999.0 -9999.0 -9999.0 -9999.0 -9999.0 -9999.0 -9999.0 4.2 29.3 36.8 74.4 57.0 51.0 51.3 34.3 26.3 21.8 23.4 24.3 21.8 18.3 20.7 24.3 29.0 35.2 41.0 55.0 56.5 88.2 92.5 103.4 91.7 98.8 114.8 144.5 137.4
-9999.0 -9999.0 -9999.0 -9999.0 -9999.0 -9999.0 -9999.0 -9999.0 -9999.0 -9999.0 -9999.0 -9999.0 -9999.0 -9999.0 -9999.0 -9999.0 -9999.0 -9999.0 -9999.0 -9999.0 -9999.0 -9999.0 -9999.0 -9999.0 -9999.0 -9999.0 -9999.0 -9999.0 -9999.0 -9999.0 -9999.0 -9999.0 -9999.0 -9999.0 -9999.0 -9999.0 -9999.0 -9999.0 -9999.0 -9999.0 -9999.0 -9999.0 -9999.0 -9999.0 -9999.0 -9999.0 -9999.0 -9999.0 -9999.0 -9999.0 9.7 42.1 50.0 77.2 84.0 90.1 55.4 53.6 40.6 37.0 37.7 37.7 36.0 31.3 31.7 34.3 41.0 42.2 54.5 34.1 50.6 70.4 91.3 90.4 82.5 100.5 122.3 146.7 136.5
-9999.0 -9999.0 -9999.0 -9999.0 -9999.0 -9999.0 -9999.0 -9999.0 -9999.0 -9999.0 -9999.0 -9999.0 -9999.0 -9999.0 -9999.0 -9999.0 -9999.0 -9999.0 -9999.0 -9999.0 -9999.0 -9999.0 -9999.0 -9999.0 -9999.0 -9999.0 -9999.0 -9999.0 -9999.0 -9999.0 -9999.0 -9999.0 -9999.0 -9999.0 -9999.0 -9999.0 -9999.0 -9999.0 -9999.0 -9999.0 -9999.0 -9999.0 -9999.0 -9999.0 -9999.0 -9999.0 -9999.0 -9999.0 -9999.0 -9999.0 -9999.0 -9999.0 -9999.0 60.6 72.3 76.9 74.2 61.4 44.1 48.4 50.9 57.2 51.8 50.2 46.6 44.6 51.3 37.8 48.4 43.6 38.6 51.5 67.5 73.6 86.4 119.6 155.2 173.6 167.9
-9999.0 -9999.0 -9999.0 -9999.0 -9999.0 -9999.0 -9999.0 -9999.0 -9999.0 -9999.0 -9999.0 -9999.0 -9999.0 -9999.0 -9999.0 -9999.0 -9999.0 -9999.0 -9999.0 -9999.0 -9999.0 -9999.0 -9999.0 -9999.0 -9999.0 -9999.0 -9999.0 -9999.0 -9999.0 -9999.0 -9999.0 -9999.0 -9999.0 -9999.0 -9999.0 -9999.0 -9999.0 -9999.0 -9999.0 -9999.0 -9999.0 -9999.0 -9999.0 -9999.0 -9999.0 -9999.0 -9999.0 -9999.0 -9999.0 -9999.0 -9999.0 -9999.0 -9999.0 63.2 69.2 114.2 68.8 48.0 48.9 59.8 67.4 72.5 72.4 66.7 58.1 49.3 29.3 49.1 27.8 25.8 27.2 46.1 66.5 82.1 104.8 143.6 187.8 202.9 202.0
-9999.0 -9999.0 -9999.0 -9999.0 -9999.0 -9999.0 -9999.0 -9999.0 -9999.0 -9999.0 -9999.0 -9999.0 -9999.0 -9999.0 -9999.0 -9999.0 -9999.0 -9999.0 -9999.0 -9999.0 -9999.0 -9999.0 -9999.0 -9999.0 -9999.0 -9999.0 -9999.0 -9999.0 -9999.0 -9999.0 -9999.0 -9999.0 -9999.0 -9999.0 -9999.0 -9999.0 -9999.0 -9999.0 -9999.0 -9999.0 -9999.0 -9999.0 -9999.0 -9999.0 -9999.0 -9999.0 -9999.0 -9999.0 -9999.0 -9999.0 -9999.0 -9999.0 -9999.0 69.6 58.4 97.9 78.4 55.2 55.9 65.3 79.0 85.2 87.8 84.5 53.0 -9999.0 -9999.0 -9999.0 29.2 22.9 39.0 73.6 108.2 127.5 138.9 162.3 194.7 210.5 178.0
-9999.0 -9999.0 -9999.0 -9999.0 -9999.0 -9999.0 -9999.0 -9999.0 -9999.0 -9999.0 -9999.0 -9999.0 -9999.0 -9999.0 -9999.0 -9999.0 -9999.0 -9999.0 -9999.0 -9999.0 -9999.0 -9999.0 -9999.0 -9999.0 -9999.0 -9999.0 -9999.0 -9999.0 -9999.0 -9999.0 -9999.0 -9999.0 -9999.0 -9999.0 -9999.0 -9999.0 -9999.0 -9999.0 -9999.0 -9999.0 -9999.0 -9999.0 -9999.0 -9999.0 -9999.0 -9999.0 -9999.0 -9999.0 -9999.0 -9999.0 -9999.0 -9999.0 -9999.0 -9999.0 89.8 93.0 65.5 52.0 66.9 79.6 71.5 -9999.0 -9999.0 -9999.0 -9999.0 -9999.0 -9999.0 -9999.0 20.9 33.3 65.6 111.1 154.0 160.8 146.5 144.3 154.1 156.7 161.9
-9999.0 -9999.0 -9999.0 -9999.0 -9999.0 -9999.0 -9999.0 -9999.0 -9999.0 -9999.0 -9999.0 -9999.0 -9999.0 -9999.0 -9999.0 -9999.0 -9999.0 -9999.0 -9999.0 -9999.0 -9999.0 -9999.0 -9999.0 -9999.0 -9999.0 -9999.0 -9999.0 -9999.0 -9999.0 -9999.0 -9999.0 -9999.0 -9999.0 -9999.0 -9999.0 -9999.0 -9999.0 -9999.0 -9999.0 -9999.0 -9999.0 -9999.0 -9999.0 -9999.0 -9999.0 -9999.0 -9999.0 -9999.0 -9999.0 -9999.0 -9999.0 -9999.0 -9999.0 -9999.0 -9999.0 82.2 106.7 71.5 61.2 73.5 72.7 -9999.0 -9999.0 -9999.0 -9999.0 -9999.0 -9999.0 -9999.0 -9999.0 -9999.0 65.6 -9999.0 -9999.0 -9999.0 -9999.0 -9999.0 89.9 -9999.0 -9999.0
-9999.0 -9999.0 -9999.0 -9999.0 -9999.0 -9999.0 -9999.0 -9999.0 -9999.0 -9999.0 -9999.0 -9999.0 -9999.0 -9999.0 -9999.0 -9999.0 -9999.0 -9999.0 -9999.0 -9999.0 -9999.0 -9999.0 -9999.0 -9999.0 -9999.0 -9999.0 -9999.0 -9999.0 -9999.0 -9999.0 -9999.0 -9999.0 -9999.0 -9999.0 -9999.0 -9999.0 -9999.0 -9999.0 -9999.0 -9999.0 -9999.0 -9999.0 -9999.0 -9999.0 -9999.0 -9999.0 -9999.0 -9999.0 -9999.0 -9999.0 -9999.0 -9999.0 -9999.0 -9999.0 -9999.0 -9999.0 -9999.0 -9999.0 69.9 59.7 -9999.0 -9999.0 -9999.0 -9999.0 -9999.0 -9999.0 -9999.0 -9999.0 -9999.0 -9999.0 -9999.0 -9999.0 -9999.0 -9999.0 -9999.0 53.3 53.0 -9999.0 -9999.0
-9999.0 -9999.0 -9999.0 -9999.0 -9999.0 -9999.0 -9999.0 -9999.0 -9999.0 -9999.0 -9999.0 -9999.0 -9999.0 -9999.0 -9999.0 -9999.0 -9999.0 -9999.0 -9999.0 -9999.0 -9999.0 -9999.0 -9999.0 -9999.0 -9999.0 -9999.0 -9999.0 -9999.0 -9999.0 -9999.0 -9999.0 -9999.0 -9999.0 -9999.0 -9999.0 -9999.0 -9999.0 -9999.0 -9999.0 -9999.0 -9999.0 -9999.0 -9999.0 -9999.0 -9999.0 -9999.0 -9999.0 -9999.0 -9999.0 -9999.0 -9999.0 -9999.0 -9999.0 -9999.0 -9999.0 -9999.0 -9999.0 -9999.0 -9999.0 -9999.0 -9999.0 -9999.0 -9999.0 -9999.0 -9999.0 -9999.0 -9999.0 -9999.0 -9999.0 -9999.0 -9999.0 -9999.0 -9999.0 -9999.0 -9999.0 -9999.0 -9999.0 -9999.0 -9999.0
-9999.0 -9999.0 -9999.0 -9999.0 -9999.0 -9999.0 -9999.0 -9999.0 -9999.0 -9999.0 -9999.0 -9999.0 -9999.0 -9999.0 -9999.0 -9999.0 -9999.0 -9999.0 -9999.0 -9999.0 -9999.0 -9999.0 -9999.0 -9999.0 -9999.0 -9999.0 -9999.0 -9999.0 -9999.0 -9999.0 -9999.0 -9999.0 -9999.0 -9999.0 -9999.0 -9999.0 -9999.0 -9999.0 -9999.0 -9999.0 -9999.0 -9999.0 -9999.0 -9999.0 -9999.0 -9999.0 -9999.0 -9999.0 -9999.0 -9999.0 -9999.0 -9999.0 -9999.0 -9999.0 -9999.0 -9999.0 -9999.0 -9999.0 -9999.0 -9999.0 -9999.0 -9999.0 -9999.0 -9999.0 -9999.0 -9999.0 -9999.0 -9999.0 -9999.0 -9999.0 -9999.0 -9999.0 -9999.0 -9999.0 -9999.0 51.8 69.9 87.4 -9999.0
-9999.0 -9999.0 -9999.0 -9999.0 -9999.0 -9999.0 -9999.0 -9999.0 -9999.0 -9999.0 -9999.0 -9999.0 -9999.0 -9999.0 -9999.0 -9999.0 -9999.0 -9999.0 -9999.0 -9999.0 -9999.0 -9999.0 -9999.0 -9999.0 -9999.0 -9999.0 -9999.0 -9999.0 -9999.0 -9999.0 -9999.0 -9999.0 -9999.0 -9999.0 -9999.0 -9999.0 -9999.0 -9999.0 -9999.0 -9999.0 -9999.0 -9999.0 -9999.0 -9999.0 -9999.0 -9999.0 -9999.0 -9999.0 -9999.0 -9999.0 -9999.0 -9999.0 -9999.0 -9999.0 -9999.0 -9999.0 -9999.0 -9999.0 -9999.0 -9999.0 -9999.0 -9999.0 -9999.0 -9999.0 -9999.0 -9999.0 -9999.0 -9999.0 -9999.0 -9999.0 -9999.0 -9999.0 -9999.0 5.0 37.1 75.9 120.0 -9999.0 -9999.0
