program/excelProcessViaJava/data/SURF_CLI_CHN_PRE_MON_GRID_0.5-199810.txt
NCOLS      128
NROWS       72
XLLCORNER    72.000000000000    
YLLCORNER    18.000000000000    
CELLSIZE    0.50000000000000    
NODATA_VALUE   -9999.000    
[rows 34 to 67 of 72, columns 0 to 76 of 128]
-9999.0 -9999.0 -9999.0 -9999.0 5.0 4.7 13.2 7.6 23.8 25.0 8.8 24.6 17.4 17.6 3.4 3.0 2.7 0.9 0.5 0.5 0.7 0.8 1.0 2.3 5.5 7.2 4.5 4.6 4.5 4.7 5.0 5.8 5.6 5.7 5.8 5.2 5.5 5.6 3.7 2.0 2.5 0.7 0.6 0.6 1.0 1.4 1.3 1.0 0.8 0.9 1.6 3.1 4.5 7.8 11.5 15.0 17.8 21.5 25.6 28.2 26.8 24.1 18.3 18.1 16.7 15.6 24.0 24.4 27.7 30.6 27.1 22.5 20.5 22.2 23.3 22.1 18.5
-9999.0 -9999.0 -9999.0 -9999.0 -9999.0 -9999.0 -9999.0 11.0 19.0 16.8 33.0 34.6 23.1 26.7 25.9 4.1 10.6 3.9 2.6 4.5 9.0 11.7 10.7 8.7 7.4 6.7 6.9 7.0 7.1 7.7 7.9 8.1 8.2 8.4 8.5 7.8 8.0 7.1 7.5 7.1 3.8 6.7 5.6 3.6 2.7 2.8 2.5 1.9 1.6 1.7 2.8 4.7 7.1 9.4 13.0 17.3 15.5 14.6 18.1 19.1 18.9 19.2 17.3 20.4 25.5 23.1 28.7 33.7 35.1 37.2 33.4 26.6 24.0 25.0 25.2 23.2 16.4
-9999.0 -9999.0 -9999.0 -9999.0 -9999.0 -9999.0 -9999.0 26.2 12.6 25.2 31.9 28.0 33.2 41.0 32.6 42.3 27.4 23.4 27.4 17.4 14.6 15.4 12.1 10.9 9.6 9.2 9.0 9.7 9.4 9.8 10.5 10.9 11.1 11.3 10.9 10.5 9.9 9.7 9.3 8.6 8.5 8.2 8.2 9.6 6.6 5.6 5.5 5.1 6.0 5.5 8.2 9.0 11.1 14.5 15.9 23.3 21.0 17.3 14.1 12.8 14.3 20.8 24.0 30.2 29.5 29.4 32.7 38.3 46.7 46.2 41.6 34.1 30.0 28.0 23.6 22.2 17.0
-9999.0 -9999.0 -9999.0 -9999.0 -9999.0 -9999.0 -9999.0 -9999.0 -9999.0 26.1 28.0 27.9 39.2 38.7 34.2 30.3 33.0 39.5 28.2 28.9 21.2 16.0 13.9 12.7 11.9 11.3 11.7 12.0 12.3 13.2 13.7 14.1 14.4 14.3 14.0 13.4 12.7 12.3 11.8 11.8 11.5 12.0 11.7 11.3 11.8 11.5 11.4 11.3 11.8 12.7 14.6 16.0 18.3 21.6 21.1 26.4 24.3 18.3 13.4 12.1 14.9 21.9 32.1 34.3 37.3 33.1 35.0 44.3 57.6 58.0 53.1 43.6 38.1 33.4 28.6 16.9 12.5
-9999.0 -9999.0 -9999.0 -9999.0 -9999.0 -9999.0 -9999.0 -9999.0 -9999.0 -9999.0 -9999.0 40.1 27.1 43.9 38.5 39.3 35.2 30.7 26.8 24.9 23.7 18.7 17.0 14.8 15.5 14.3 14.6 14.9 15.5 16.4 17.2 17.4 18.2 18.0 17.7 16.5 16.1 15.4 15.7 15.2 15.9 16.1 16.2 16.4 17.9 17.5 19.3 19.5 21.5 23.4 25.6 28.2 30.0 30.1 27.7 26.7 25.4 20.7 17.8 17.5 20.7 28.4 40.3 47.6 47.4 31.4 32.9 50.5 65.2 69.7 62.6 55.2 48.0 40.4 29.3 22.5 19.1
-9999.0 -9999.0 -9999.0 -9999.0 -9999.0 -9999.0 -9999.0 -9999.0 -9999.0 -9999.0 -9999.0 -9999.0 31.0 32.2 42.8 36.8 43.3 34.2 30.4 30.9 21.1 19.7 18.0 16.3 18.2 16.2 16.5 17.2 18.2 18.6 20.4 21.5 21.9 21.0 20.5 20.1 18.6 18.6 18.5 18.7 19.3 20.2 21.2 22.5 23.5 25.0 27.1 29.1 32.7 37.2 41.8 45.1 46.5 44.8 39.4 33.6 29.7 27.1 30.7 29.4 32.9 33.8 38.6 49.2 51.4 55.4 46.3 61.9 74.1 78.3 61.9 52.0 50.6 45.5 40.0 44.2 29.2
-9999.0 -9999.0 -9999.0 -9999.0 -9999.0 -9999.0 -9999.0 -9999.0 -9999.0 -9999.0 -9999.0 -9999.0 45.8 30.1 28.1 39.3 29.8 30.3 32.0 26.9 23.3 21.6 19.2 17.3 16.8 17.4 18.2 19.8 20.8 23.0 23.3 23.1 24.7 25.0 23.9 23.6 21.4 21.0 21.3 21.9 23.2 24.7 26.3 28.2 30.1 32.6 35.4 39.6 45.6 52.4 60.1 65.3 67.0 61.1 54.5 45.6 42.9 42.1 50.1 52.8 52.6 50.5 46.4 47.5 60.3 63.3 42.5 54.0 64.2 72.9 78.3 79.0 73.4 60.4 53.1 41.1 29.7
-9999.0 -9999.0 -9999.0 -9999.0 -9999.0 -9999.0 -9999.0 -9999.0 -9999.0 -9999.0 -9999.0 -9999.0 -9999.0 36.3 43.6 29.1 34.4 28.2 24.7 22.4 21.2 18.3 18.6 17.1 17.5 17.8 18.3 18.7 20.8 23.0 26.2 28.2 26.3 26.4 28.8 27.3 25.6 24.1 23.0 24.5 26.4 28.7 31.3 34.0 36.6 39.8 43.3 48.3 55.2 64.2 74.2 83.4 85.2 73.0 66.2 59.4 58.0 58.0 55.9 65.3 64.6 64.3 57.9 70.7 57.1 64.8 70.4 63.6 65.2 60.3 52.7 55.1 58.5 57.9 56.7 45.5 34.8
-9999.0 -9999.0 -9999.0 -9999.0 -9999.0 -9999.0 -9999.0 -9999.0 -9999.0 -9999.0 -9999.0 -9999.0 33.6 42.4 39.4 31.3 36.4 29.4 25.6 19.0 17.6 16.8 16.8 16.7 17.4 17.3 18.4 20.4 22.2 23.6 26.6 31.0 27.3 30.7 29.5 30.2 26.5 28.4 28.0 28.4 29.9 33.4 37.2 39.9 42.7 45.7 49.8 55.7 61.6 70.1 78.5 84.3 91.4 84.9 79.5 73.8 68.9 84.2 81.3 90.3 85.5 76.2 75.6 71.0 78.5 77.1 35.7 41.5 56.6 66.8 61.8 53.0 48.6 50.3 50.4 43.3 30.9
-9999.0 -9999.0 -9999.0 -9999.0 -9999.0 -9999.0 -9999.0 -9999.0 -9999.0 -9999.0 -9999.0 -9999.0 36.2 23.5 27.5 38.6 33.0 21.9 19.1 19.2 15.3 15.8 15.4 15.6 16.6 18.0 19.0 20.5 22.1 25.5 28.6 30.4 28.3 34.8 34.9 32.6 33.9 31.9 31.9 34.3 35.6 39.6 43.4 46.3 48.6 50.6 52.6 56.2 61.4 70.1 76.3 80.9 85.6 85.9 84.8 86.4 83.5 86.3 97.8 95.9 95.1 92.1 103.4 99.3 89.7 44.8 56.5 26.4 21.6 27.9 38.6 46.5 51.6 54.9 58.7 56.1 45.6
-9999.0 -9999.0 -9999.0 -9999.0 -9999.0 -9999.0 -9999.0 -9999.0 -9999.0 -9999.0 -9999.0 -9999.0 16.0 29.1 19.2 21.3 19.3 23.8 17.3 15.6 16.3 15.0 13.6 13.7 14.5 13.8 15.1 14.1 19.7 22.1 25.4 23.4 31.8 36.2 36.2 34.2 35.0 35.6 38.0 37.1 41.3 47.8 49.6 55.2 53.9 53.2 53.6 55.6 61.8 63.5 64.8 67.8 71.5 74.2 77.0 87.1 89.2 94.0 101.5 113.2 118.6 120.9 113.3 111.6 59.7 25.0 21.4 17.2 18.8 27.2 43.5 55.7 62.2 66.3 88.5 78.4 94.4
-9999.0 -9999.0 -9999.0 -9999.0 -9999.0 -9999.0 -9999.0 -9999.0 -9999.0 -9999.0 -9999.0 -9999.0 -9999.0 33.5 28.2 17.0 16.6 13.5 15.0 14.2 15.7 12.1 12.1 11.7 12.8 12.7 13.4 14.8 13.9 19.2 16.9 21.1 23.1 29.6 29.2 24.1 27.7 37.3 39.9 44.1 47.5 50.2 54.6 56.8 57.2 55.3 52.3 59.6 51.6 52.1 53.4 53.5 55.5 58.9 68.2 75.5 82.8 92.3 104.6 116.0 125.9 132.0 136.0 87.4 17.1 13.8 12.8 16.5 24.3 40.2 60.8 78.7 80.5 94.2 92.6 100.3 103.6
-9999.0 -9999.0 -9999.0 -9999.0 -9999.0 -9999.0 -9999.0 -9999.0 -9999.0 -9999.0 -9999.0 -9999.0 -9999.0 8.5 22.6 13.5 18.5 10.0 9.8 10.5 13.1 11.8 11.1 10.4 12.2 11.1 10.5 12.1 11.3 6.8 8.9 11.4 17.0 18.6 16.6 18.5 26.0 32.9 36.1 37.3 47.8 53.2 56.9 56.5 55.3 51.0 48.8 54.0 48.2 44.9 41.0 40.5 42.5 51.9 62.2 67.4 69.6 81.3 101.9 93.8 131.8 115.3 75.0 27.8 14.5 10.8 15.0 27.2 43.6 61.1 79.7 95.3 106.0 110.5 116.5 126.3 138.8
-9999.0 -9999.0 -9999.0 -9999.0 -9999.0 -9999.0 -9999.0 -9999.0 -9999.0 -9999.0 -9999.0 -9999.0 -9999.0 -9999.0 -9999.0 11.6 9.1 10.2 8.3 7.8 10.7 9.9 10.3 10.3 9.7 9.2 6.1 6.2 4.0 6.0 5.1 6.6 5.5 7.2 9.9 9.2 12.2 25.6 30.4 36.4 42.1 48.3 51.0 48.9 45.0 54.1 44.8 67.7 42.4 62.3 35.2 37.8 33.5 39.3 37.9 55.9 66.1 43.5 102.4 124.2 77.4 72.5 67.2 40.7 18.5 13.5 23.8 48.8 70.0 81.1 93.8 108.8 110.7 120.6 129.8 142.8 152.8
-9999.0 -9999.0 -9999.0 -9999.0 -9999.0 -9999.0 -9999.0 -9999.0 -9999.0 -9999.0 -9999.0 -9999.0 -9999.0 -9999.0 -9999.0 -9999.0 -9999.0 4.7 5.7 -9999.0 8.9 10.5 11.8 12.6 10.0 9.2 5.4 4.6 4.6 2.2 2.5 4.2 2.0 5.6 8.5 5.4 6.7 14.4 18.2 25.8 33.2 41.0 40.0 35.3 42.5 46.3 194.5 38.6 57.5 38.3 74.6 33.2 53.9 38.2 48.4 58.9 54.1 86.8 98.8 119.3 42.8 65.4 68.5 42.0 23.2 19.8 33.9 62.0 85.3 96.1 110.9 105.6 112.9 122.6 128.5 142.0 145.9
-9999.0 -9999.0 -9999.0 -9999.0 -9999.0 -9999.0 -9999.0 -9999.0 -9999.0 -9999.0 -9999.0 -9999.0 -9999.0 -9999.0 -9999.0 -9999.0 -9999.0 -9999.0 -9999.0 -9999.0 -9999.0 12.8 13.3 11.8 12.1 15.7 12.3 8.2 4.1 3.7 1.8 5.0 3.6 2.8 3.8 1.8 2.4 4.4 8.3 11.6 13.7 32.1 33.7 28.2 27.5 28.9 247.7 71.5 37.8 65.2 41.2 41.5 44.1 41.3 48.1 66.4 77.9 72.6 123.8 105.9 40.8 58.3 62.3 41.8 26.6 27.6 42.7 65.0 88.2 100.8 108.2 106.2 109.4 107.6 106.6 113.2 115.1
-9999.0 -9999.0 -9999.0 -9999.0 -9999.0 -9999.0 -9999.0 -9999.0 -9999.0 -9999.0 -9999.0 -9999.0 -9999.0 -9999.0 -9999.0 -9999.0 -9999.0 -9999.0 -9999.0 -9999.0 -9999.0 -9999.0 -9999.0 32.2 20.6 20.3 16.9 10.3 3.3 3.0 1.2 0.9 0.7 0.9 0.9 1.0 1.8 2.3 8.1 16.4 21.0 28.5 17.9 10.3 22.5 218.2 93.9 100.4 165.4 187.7 84.3 47.0 63.4 55.5 50.9 31.0 71.6 98.2 39.3 103.0 60.1 74.0 67.6 41.4 32.0 34.8 48.2 62.5 71.6 91.7 96.8 101.2 96.7 93.6 90.2 97.6 112.6
-9999.0 -9999.0 -9999.0 -9999.0 -9999.0 -9999.0 -9999.0 -9999.0 -9999.0 -9999.0 -9999.0 -9999.0 -9999.0 -9999.0 -9999.0 -9999.0 -9999.0 -9999.0 -9999.0 -9999.0 -9999.0 -9999.0 -9999.0 -9999.0 -9999.0 62.9 37.7 7.7 4.8 2.8 1.6 2.6 2.9 1.9 2.4 2.1 5.9 4.0 11.7 14.2 25.9 16.8 11.3 12.4 105.2 219.7 188.3 360.3 62.0 143.5 54.2 65.3 63.7 67.6 50.5 41.3 65.3 57.5 96.3 93.7 87.5 82.2 117.5 41.9 33.9 38.5 43.4 47.5 64.5 84.5 98.0 100.8 89.7 90.0 90.7 98.0 109.4
-9999.0 -9999.0 -9999.0 -9999.0 -9999.0 -9999.0 -9999.0 -9999.0 -9999.0 -9999.0 -9999.0 -9999.0 -9999.0 -9999.0 -9999.0 -9999.0 -9999.0 -9999.0 -9999.0 -9999.0 -9999.0 -9999.0 -9999.0 -9999.0 -9999.0 -9999.0 -9999.0 80.3 75.3 27.9 18.3 14.4 4.1 13.6 5.8 20.3 6.2 7.6 8.4 13.5 21.9 8.5 20.6 86.1 133.9 212.2 293.9 349.7 388.7 234.0 335.8 290.8 85.1 76.5 57.0 57.9 36.9 35.0 77.0 63.3 73.6 79.2 46.4 31.1 29.5 33.8 44.0 53.1 69.9 93.1 109.4 118.8 105.5 98.5 92.5 99.7 112.6
-9999.0 -9999.0 -9999.0 -9999.0 -9999.0 -9999.0 -9999.0 -9999.0 -9999.0 -9999.0 -9999.0 -9999.0 -9999.0 -9999.0 -9999.0 -9999.0 -9999.0 -9999.0 -9999.0 -9999.0 -9999.0 -9999.0 -9999.0 -9999.0 -9999.0 -9999.0 -9999.0 -9999.0 -9999.0 -9999.0 -9999.0 -9999.0 -9999.0 38.9 16.5 -9999.0 -9999.0 -9999.0 20.0 14.4 14.6 23.3 21.5 104.0 165.5 210.1 -9999.0 -9999.0 -9999.0 -9999.0 -9999.0 -9999.0 129.7 68.5 59.1 41.9 36.1 32.3 42.0 55.0 68.0 68.5 47.8 35.3 37.8 45.3 51.8 64.4 91.1 113.1 122.4 138.6 133.4 108.9 98.8 97.8 105.1
-9999.0 -9999.0 -9999.0 -9999.0 -9999.0 -9999.0 -9999.0 -9999.0 -9999.0 -9999.0 -9999.0 -9999.0 -9999.0 -9999.0 -9999.0 -9999.0 -9999.0 -9999.0 -9999.0 -9999.0 -9999.0 -9999.0 -9999.0 -9999.0 -9999.0 -9999.0 -9999.0 -9999.0 -9999.0 -9999.0 -9999.0 -9999.0 -9999.0 -9999.0 -9999.0 -9999.0 -9999.0 -9999.0 -9999.0 61.5 65.5 77.2 95.1 118.5 -9999.0 -9999.0 -9999.0 -9999.0 -9999.0 -9999.0 -9999.0 -9999.0 105.6 65.8 47.7 42.6 41.6 40.1 44.4 55.6 64.7 58.0 51.9 53.2 56.1 64.0 72.1 91.3 119.1 145.6 148.4 137.5 124.0 112.9 92.1 92.5 92.5
-9999.0 -9999.0 -9999.0 -9999.0 -9999.0 -9999.0 -9999.0 -9999.0 -9999.0 -9999.0 -9999.0 -9999.0 -9999.0 -9999.0 -9999.0 -9999.0 -9999.0 -9999.0 -9999.0 -9999.0 -9999.0 -9999.0 -9999.0 -9999.0 -9999.0 -9999.0 -9999.0 -9999.0 -9999.0 -9999.0 -9999.0 -9999.0 -9999.0 -9999.0 -9999.0 -9999.0 -9999.0 -9999.0 -9999.0 -9999.0 -9999.0 -9999.0 -9999.0 -9999.0 -9999.0 -9999.0 -9999.0 -9999.0 -9999.0 -9999.0 -9999.0 -9999.0 184.0 65.3 47.4 48.6 50.0 50.2 49.1 49.3 49.9 47.1 72.9 60.8 75.9 92.6 102.1 114.3 132.7 141.7 122.0 103.3 123.0 94.8 87.2 81.1 80.0
-9999.0 -9999.0 -9999.0 -9999.0 -9999.0 -9999.0 -9999.0 -9999.0 -9999.0 -9999.0 -9999.0 -9999.0 -9999.0 -9999.0 -9999.0 -9999.0 -9999.0 -9999.0 -9999.0 -9999.0 -9999.0 -9999.0 -9999.0 -9999.0 -9999.0 -9999.0 -9999.0 -9999.0 -9999.0 -9999.0 -9999.0 -9999.0 -9999.0 -9999.0 -9999.0 -9999.0 -9999.0 -9999.0 -9999.0 -9999.0 -9999.0 -9999.0 -9999.0 -9999.0 -9999.0 -9999.0 -9999.0 -9999.0 -9999.0 -9999.0 -9999.0 163.7 109.2 67.8 73.7 60.7 64.2 61.9 55.2 43.4 42.8 35.8 37.4 53.5 85.6 107.7 109.6 100.1 119.5 103.0 74.1 64.8 60.7 63.5 67.9 62.4 62.4
-9999.0 -9999.0 -9999.0 -9999.0 -9999.0 -9999.0 -9999.0 -9999.0 -9999.0 -9999.0 -9999.0 -9999.0 -9999.0 -9999.0 -9999.0 -9999.0 -9999.0 -9999.0 -9999.0 -9999.0 -9999.0 -9999.0 -9999.0 -9999.0 -9999.0 -9999.0 -9999.0 -9999.0 -9999.0 -9999.0 -9999.0 -9999.0 -9999.0 -9999.0 -9999.0 -9999.0 -9999.0 -9999.0 -9999.0 -9999.0 -9999.0 -9999.0 -9999.0 -9999.0 -9999.0 -9999.0 -9999.0 -9999.0 -9999.0 -9999.0 144.8 121.2 98.7 82.9 81.6 75.6 76.0 68.8 56.0 46.6 31.4 37.1 31.6 49.2 98.3 120.0 101.8 93.9 108.4 88.6 74.0 57.6 58.9 62.6 62.5 60.4 25.3
-9999.0 -9999.0 -9999.0 -9999.0 -9999.0 -9999.0 -9999.0 -9999.0 -9999.0 -9999.0 -9999.0 -9999.0 -9999.0 -9999.0 -9999.0 -9999.0 -9999.0 -9999.0 -9999.0 -9999.0 -9999.0 -9999.0 -9999.0 -9999.0 -9999.0 -9999.0 -9999.0 -9999.0 -9999.0 -9999.0 -9999.0 -9999.0 -9999.0 -9999.0 -9999.0 -9999.0 -9999.0 -9999.0 -9999.0 -9999.0 -9999.0 -9999.0 -9999.0 -9999.0 -9999.0 -9999.0 -9999.0 -9999.0 -9999.0 -9999.0 104.9 109.0 93.1 93.1 87.7 78.7 61.3 69.1 57.2 37.8 28.3 33.1 40.1 61.3 99.0 98.9 88.3 77.8 93.6 88.1 85.9 81.5 77.1 61.1 43.6 28.3 35.2
-9999.0 -9999.0 -9999.0 -9999.0 -9999.0 -9999.0 -9999.0 -9999.0 -9999.0 -9999.0 -9999.0 -9999.0 -9999.0 -9999.0 -9999.0 -9999.0 -9999.0 -9999.0 -9999.0 -9999.0 -9999.0 -9999.0 -9999.0 -9999.0 -9999.0 -9999.0 -9999.0 -9999.0 -9999.0 -9999.0 -9999.0 -9999.0 -9999.0 -9999.0 -9999.0 -9999.0 -9999.0 -9999.0 -9999.0 -9999.0 -9999.0 -9999.0 -9999.0 -9999.0 -9999.0 -9999.0 -9999.0 -9999.0 -9999.0 -9999.0 73.1 78.3 65.6 104.0 68.5 58.6 78.1 57.6 56.0 27.6 32.5 40.9 42.1 50.4 71.1 78.7 71.0 69.4 74.7 101.5 77.1 101.9 71.3 72.3 42.7 32.3 55.9
-9999.0 -9999.0 -9999.0 -9999.0 -9999.0 -9999.0 -9999.0 -9999.0 -9999.0 -9999.0 -9999.0 -9999.0 -9999.0 -9999.0 -9999.0 -9999.0 -9999.0 -9999.0 -9999.0 -9999.0 -9999.0 -9999.0 -9999.0 -9999.0 -9999.0 -9999.0 -9999.0 -9999.0 -9999.0 -9999.0 -9999.0 -9999.0 -9999.0 -9999.0 -9999.0 -9999.0 -9999.0 -9999.0 -9999.0 -9999.0 -9999.0 -9999.0 -9999.0 -9999.0 -9999.0 -9999.0 -9999.0 -9999.0 -9999.0 -9999.0 75.6 94.6 78.8 87.5 78.1 80.0 38.0 49.6 48.2 27.6 39.6 35.9 20.0 34.9 50.4 61.8 77.4 82.6 105.7 42.4 60.3 57.1 61.4 68.9 45.1 41.8 50.8
-9999.0 -9999.0 -9999.0 -9999.0 -9999.0 -9999.0 -9999.0 -9999.0 -9999.0 -9999.0 -9999.0 -9999.0 -9999.0 -9999.0 -9999.0 -9999.0 -9999.0 -9999.0 -9999.0 -9999.0 -9999.0 -9999.0 -9999.0 -9999.0 -9999.0 -9999.0 -9999.0 -9999.0 -9999.0 -9999.0 -9999.0 -9999.0 -9999.0 -9999.0 -9999.0 -9999.0 -9999.0 -9999.0 -9999.0 -9999.0 -9999.0 -9999.0 -9999.0 -9999.0 -9999.0 -9999.0 -9999.0 -9999.0 -9999.0 -9999.0 -9999.0 -9999.0 -9999.0 82.1 75.3 62.4 53.1 55.1 34.8 39.0 103.3 22.8 55.1 36.1 41.6 49.7 77.0 62.7 87.1 74.1 49.3 40.3 43.4 47.2 42.7 30.5 33.5
-9999.0 -9999.0 -9999.0 -9999.0 -9999.0 -9999.0 -9999.0 -9999.0 -9999.0 -9999.0 -9999.0 -9999.0 -9999.0 -9999.0 -9999.0 -9999.0 -9999.0 -9999.0 -9999.0 -9999.0 -9999.0 -9999.0 -9999.0 -9999.0 -9999.0 -9999.0 -9999.0 -9999.0 -9999.0 -9999.0 -9999.0 -9999.0 -9999.0 -9999.0 -9999.0 -9999.0 -9999.0 -9999.0 -9999.0 -9999.0 -9999.0 -9999.0 -9999.0 -9999.0 -9999.0 -9999.0 -9999.0 -9999.0 -9999.0 -9999.0 -9999.0 -9999.0 -9999.0 105.6 90.4 121.6 63.2 47.2 61.7 117.0 77.2 40.6 87.4 40.1 40.9 42.7 25.4 77.0 39.8 37.8 28.9 32.1 43.0 44.5 38.3 53.8 43.2
-9999.0 -9999.0 -9999.0 -9999.0 -9999.0 -9999.0 -9999.0 -9999.0 -9999.0 -9999.0 -9999.0 -9999.0 -9999.0 -9999.0 -9999.0 -9999.0 -9999.0 -9999.0 -9999.0 -9999.0 -9999.0 -9999.0 -9999.0 -9999.0 -9999.0 -9999.0 -9999.0 -9999.0 -9999.0 -9999.0 -9999.0 -9999.0 -9999.0 -9999.0 -9999.0 -9999.0 -9999.0 -9999.0 -9999.0 -9999.0 -9999.0 -9999.0 -9999.0 -9999.0 -9999.0 -9999.0 -9999.0 -9999.0 -9999.0 -9999.0 -9999.0 -9999.0 -9999.0 133.2 94.2 116.8 87.9 68.9 83.7 95.8 132.2 107.7 134.9 116.1 34.7 -9999.0 -9999.0 -9999.0 40.7 20.2 27.2 44.0 51.2 45.1 46.1 75.4 65.3
-9999.0 -9999.0 -9999.0 -9999.0 -9999.0 -9999.0 -9999.0 -9999.0 -9999.0 -9999.0 -9999.0 -9999.0 -9999.0 -9999.0 -9999.0 -9999.0 -9999.0 -9999.0 -9999.0 -9999.0 -9999.0 -9999.0 -9999.0 -9999.0 -9999.0 -9999.0 -9999.0 -9999.0 -9999.0 -9999.0 -9999.0 -9999.0 -9999.0 -9999.0 -9999.0 -9999.0 -9999.0 -9999.0 -9999.0 -9999.0 -9999.0 -9999.0 -9999.0 -9999.0 -9999.0 -9999.0 -9999.0 -9999.0 -9999.0 -9999.0 -9999.0 -9999.0 -9999.0 -9999.0 147.3 127.3 84.3 70.8 107.0 153.8 81.0 -9999.0 -9999.0 -9999.0 -9999.0 -9999.0 -9999.0 -9999.0 19.1 30.1 62.9 52.5 52.2 50.6 50.1 59.4 78.4
-9999.0 -9999.0 -9999.0 -9999.0 -9999.0 -9999.0 -9999.0 -9999.0 -9999.0 -9999.0 -9999.0 -9999.0 -9999.0 -9999.0 -9999.0 -9999.0 -9999.0 -9999.0 -9999.0 -9999.0 -9999.0 -9999.0 -9999.0 -9999.0 -9999.0 -9999.0 -9999.0 -9999.0 -9999.0 -9999.0 -9999.0 -9999.0 -9999.0 -9999.0 -9999.0 -9999.0 -9999.0 -9999.0 -9999.0 -9999.0 -9999.0 -9999.0 -9999.0 -9999.0 -9999.0 -9999.0 -9999.0 -9999.0 -9999.0 -9999.0 -9999.0 -9999.0 -9999.0 -9999.0 -9999.0 133.4 168.6 109.3 92.1 123.8 112.2 -9999.0 -9999.0 -9999.0 -9999.0 -9999.0 -9999.0 -9999.0 -9999.0 -9999.0 50.7 -9999.0 -9999.0 -9999.0 -9999.0 -9999.0 112.7
-9999.0 -9999.0 -9999.0 -9999.0 -9999.0 -9999.0 -9999.0 -9999.0 -9999.0 -9999.0 -9999.0 -9999.0 -9999.0 -9999.0 -9999.0 -9999.0 -9999.0 -9999.0 -9999.0 -9999.0 -9999.0 -9999.0 -9999.0 -9999.0 -9999.0 -9999.0 -9999.0 -9999.0 -9999.0 -9999.0 -9999.0 -9999.0 -9999.0 -9999.0 -9999.0 -9999.0 -9999.0 -9999.0 -9999.0 -9999.0 -9999.0 -9999.0 -9999.0 -9999.0 -9999.0 -9999.0 -9999.0 -9999.0 -9999.0 -9999.0 -9999.0 -9999.0 -9999.0 -9999.0 -9999.0 -9999.0 -9999.0 -9999.0 129.4 104.8 -9999.0 -9999.0 -9999.0 -9999.0 -9999.0 -9999.0 -9999.0 -9999.0 -9999.0 -9999.0 -9999.0 -9999.0 -9999.0 -9999.0 -9999.0 113.3 161.6
-9999.0 -9999.0 -9999.0 -9999.0 -9999.0 -9999.0 -9999.0 -9999.0 -9999.0 -9999.0 -9999.0 -9999.0 -9999.0 -9999.0 -9999.0 -9999.0 -9999.0 -9999.0 -9999.0 -9999.0 -9999.0 -9999.0 -9999.0 -9999.0 -9999.0 -9999.0 -9999.0 -9999.0 -9999.0 -9999.0 -9999.0 -9999.0 -9999.0 -9999.0 -9999.0 -9999.0 -9999.0 -9999.0 -9999.0 -9999.0 -9999.0 -9999.0 -9999.0 -9999.0 -9999.0 -9999.0 -9999.0 -9999.0 -9999.0 -9999.0 -9999.0 -9999.0 -9999.0 -9999.0 -9999.0 -9999.0 -9999.0 -9999.0 -9999.0 -9999.0 -9999.0 -9999.0 -9999.0 -9999.0 -9999.0 -9999.0 -9999.0 -9999.0 -9999.0 -9999.0 -9999.0 -9999.0 -9999.0 -9999.0 -9999.0 -9999.0 -9999.0
