program/excelProcessViaJava/data/SURF_CLI_CHN_PRE_MON_GRID_0.5-200211.txt
NCOLS      128
NROWS       72
XLLCORNER    72.000000000000    
YLLCORNER    18.000000000000    
CELLSIZE    0.50000000000000    
NODATA_VALUE   -9999.000    
[rows 35 to 69 of 72, columns 0 to 78 of 128]
-9999.0 -9999.0 -9999.0 -9999.0 -9999.0 -9999.0 -9999.0 2.6 1.3 0.5 0.1 0.0 0.0 0.0 0.0 0.0 0.0 0.0 0.0 0.0 0.0 0.0 0.0 0.0 0.0 0.0 0.0 0.1 0.2 0.4 0.7 1.1 1.4 1.8 2.2 2.2 2.8 2.9 3.6 3.9 2.5 4.3 4.0 3.3 2.6 1.9 1.9 1.3 1.2 1.1 1.6 2.5 2.3 0.2 0.3 0.8 1.9 3.4 4.5 3.9 4.2 4.4 3.6 4.3 5.1 2.9 2.4 1.8 0.5 0.2 0.1 0.1 0.2 0.3 0.2 0.2 0.1 0.1 0.1
-9999.0 -9999.0 -9999.0 -9999.0 -9999.0 -9999.0 -9999.0 3.5 1.9 0.8 0.2 0.1 0.0 0.0 0.0 0.0 0.0 0.0 0.0 0.0 0.0 0.0 0.0 0.0 0.0 0.1 0.1 0.3 0.6 0.9 1.4 1.8 2.2 2.6 2.6 2.9 3.0 3.7 4.1 4.3 4.8 5.0 5.4 6.1 4.9 3.9 3.8 3.1 2.4 1.9 0.9 0.8 1.9 1.0 0.6 1.3 2.5 4.2 4.8 4.6 3.6 3.0 2.0 3.8 4.9 3.8 2.9 2.4 1.7 0.3 0.1 0.3 0.8 1.2 1.7 1.1 0.6 0.2 0.2
-9999.0 -9999.0 -9999.0 -9999.0 -9999.0 -9999.0 -9999.0 -9999.0 -9999.0 1.2 0.5 0.1 0.0 0.0 0.0 0.0 0.0 0.0 0.0 0.0 0.0 0.0 0.0 0.0 0.1 0.2 0.4 0.8 1.3 1.9 2.2 2.6 2.8 3.2 2.9 3.0 3.2 3.9 4.2 5.1 5.4 6.2 6.3 6.2 6.8 6.6 6.1 5.0 3.7 2.5 1.5 1.2 1.3 1.5 1.4 2.6 4.1 5.5 5.8 5.1 4.7 5.7 6.8 4.1 5.8 5.1 4.6 5.3 3.1 2.1 1.4 2.3 3.5 4.2 4.3 3.9 1.6 0.9 0.7
-9999.0 -9999.0 -9999.0 -9999.0 -9999.0 -9999.0 -9999.0 -9999.0 -9999.0 -9999.0 -9999.0 0.2 0.1 0.0 0.0 0.0 0.0 0.0 0.0 0.0 0.0 0.0 0.0 0.1 0.2 0.5 0.9 1.6 2.3 2.9 3.3 3.9 3.6 3.6 3.3 4.0 3.4 3.8 5.9 5.4 6.7 6.7 6.5 6.7 8.4 7.6 8.0 6.5 4.8 3.0 2.0 1.5 1.5 1.9 2.9 4.6 6.3 7.1 6.5 5.5 6.0 6.3 7.6 8.1 9.5 8.2 9.5 8.2 4.9 3.6 4.6 6.5 8.4 8.3 5.2 3.6 2.3 2.2 2.3
-9999.0 -9999.0 -9999.0 -9999.0 -9999.0 -9999.0 -9999.0 -9999.0 -9999.0 -9999.0 -9999.0 -9999.0 0.2 0.1 0.0 0.0 0.0 0.0 0.0 0.0 0.0 0.0 0.1 0.2 0.3 0.9 1.6 2.5 3.4 4.3 4.6 4.7 4.6 4.7 4.3 3.7 4.7 3.8 3.9 4.3 5.1 5.7 6.1 7.3 7.7 8.4 8.7 7.0 5.2 3.3 2.4 2.0 2.3 3.4 5.1 7.1 8.5 9.3 5.2 7.0 6.1 8.2 10.2 11.8 13.9 13.1 9.7 6.2 3.9 3.4 6.1 9.5 9.2 7.8 8.7 8.5 5.5 4.1 4.6
-9999.0 -9999.0 -9999.0 -9999.0 -9999.0 -9999.0 -9999.0 -9999.0 -9999.0 -9999.0 -9999.0 -9999.0 0.4 0.2 0.1 0.0 0.0 0.0 0.0 0.0 0.0 0.1 0.1 0.3 0.8 1.4 2.3 3.2 4.3 5.0 5.8 6.4 5.8 5.0 4.5 3.6 4.2 4.3 4.0 4.2 4.2 4.6 6.6 5.7 7.6 9.0 7.7 6.4 4.1 3.4 2.6 2.8 3.5 5.2 6.6 9.2 9.0 9.2 4.9 4.3 5.0 7.1 11.1 14.7 19.0 16.5 9.9 5.2 2.4 2.5 6.4 12.5 16.5 19.0 17.8 14.8 11.3 9.2 8.3
-9999.0 -9999.0 -9999.0 -9999.0 -9999.0 -9999.0 -9999.0 -9999.0 -9999.0 -9999.0 -9999.0 -9999.0 -9999.0 0.5 0.2 0.1 0.1 0.0 0.0 0.0 0.1 0.1 0.2 0.5 1.0 1.7 2.7 4.0 5.2 6.3 6.7 6.7 7.2 6.4 4.1 3.4 3.1 3.4 6.6 4.9 4.7 5.5 5.5 7.5 6.9 6.8 8.0 7.9 6.3 4.5 3.9 3.9 5.0 8.5 10.3 11.5 10.1 10.3 13.0 8.6 8.6 9.0 13.2 15.6 19.5 17.8 12.5 7.1 5.1 4.8 4.9 10.8 21.7 25.8 26.5 24.5 21.8 19.0 19.2
-9999.0 -9999.0 -9999.0 -9999.0 -9999.0 -9999.0 -9999.0 -9999.0 -9999.0 -9999.0 -9999.0 -9999.0 2.4 1.1 0.5 0.3 0.1 0.1 0.1 0.1 0.1 0.1 0.2 0.5 1.0 1.7 2.8 4.0 5.4 6.8 7.6 7.3 8.5 6.4 5.4 3.6 4.2 2.6 2.8 3.5 6.6 8.5 9.9 5.6 7.9 9.5 9.2 7.3 6.8 5.9 6.7 7.8 7.5 10.3 11.2 12.3 15.1 5.0 9.8 6.9 9.9 15.0 16.7 21.1 20.5 19.7 22.6 17.2 13.8 15.6 19.1 22.1 23.9 22.7 26.5 30.0 31.6 31.9 28.3
-9999.0 -9999.0 -9999.0 -9999.0 -9999.0 -9999.0 -9999.0 -9999.0 -9999.0 -9999.0 -9999.0 -9999.0 4.0 3.5 1.9 0.6 0.3 0.4 0.2 0.1 0.1 0.1 0.2 0.4 0.8 1.4 2.3 3.5 4.9 6.2 7.2 8.1 9.2 6.3 4.7 4.0 2.8 3.3 3.5 2.8 3.3 3.0 3.6 5.6 8.6 12.4 16.4 15.6 12.9 6.9 7.0 9.5 8.9 9.4 10.7 9.4 13.7 15.1 10.8 15.9 19.1 23.3 19.6 21.1 21.9 27.5 22.8 24.5 25.5 28.5 29.6 30.4 32.9 41.1 43.6 39.1 36.3 40.0 32.3
-9999.0 -9999.0 -9999.0 -9999.0 -9999.0 -9999.0 -9999.0 -9999.0 -9999.0 -9999.0 -9999.0 -9999.0 9.7 4.9 4.5 2.6 1.7 0.5 0.4 0.2 0.1 0.1 0.1 0.2 0.4 0.9 1.7 3.0 4.1 5.5 6.9 9.5 8.0 6.2 4.9 4.4 4.2 5.1 4.9 6.1 4.1 1.9 7.1 2.8 9.6 17.6 21.5 20.6 15.0 12.0 10.8 8.7 14.3 15.8 15.1 7.9 13.9 17.1 18.4 13.9 17.0 21.9 32.7 24.5 20.1 24.0 24.4 25.7 31.1 37.0 40.1 45.9 46.9 51.1 63.5 54.9 64.5 46.8 43.7
-9999.0 -9999.0 -9999.0 -9999.0 -9999.0 -9999.0 -9999.0 -9999.0 -9999.0 -9999.0 -9999.0 -9999.0 -9999.0 7.0 5.1 4.9 3.0 2.1 0.7 0.3 0.1 0.1 0.1 0.1 0.1 0.4 0.9 1.8 3.1 4.0 6.5 7.7 9.2 7.3 6.9 10.0 10.2 8.8 9.9 7.1 5.0 11.0 12.9 11.2 9.5 15.8 22.4 19.1 20.9 16.6 10.5 12.3 10.6 8.4 14.8 17.2 11.3 13.8 19.2 26.9 27.0 38.1 34.5 22.4 17.8 17.3 21.2 26.7 35.0 45.6 49.8 47.4 50.5 39.5 51.1 50.5 54.3 59.4 62.9
-9999.0 -9999.0 -9999.0 -9999.0 -9999.0 -9999.0 -9999.0 -9999.0 -9999.0 -9999.0 -9999.0 -9999.0 -9999.0 18.5 8.7 8.1 3.9 3.8 1.9 0.6 0.2 0.1 0.1 0.1 0.1 0.1 0.5 1.1 1.9 3.9 5.2 6.8 6.9 7.8 10.6 11.9 11.0 13.6 17.1 22.7 10.4 9.7 10.2 12.1 22.1 18.2 20.5 15.7 15.9 13.1 12.1 6.1 8.8 11.8 14.6 15.4 13.9 16.1 21.6 17.6 30.1 27.4 29.2 25.8 17.9 15.0 19.1 27.4 38.8 49.7 53.6 49.2 43.2 45.6 53.3 65.9 80.1 72.5 79.7
-9999.0 -9999.0 -9999.0 -9999.0 -9999.0 -9999.0 -9999.0 -9999.0 -9999.0 -9999.0 -9999.0 -9999.0 -9999.0 -9999.0 -9999.0 12.0 9.3 5.0 3.1 1.4 0.3 0.1 0.0 0.0 0.0 0.1 0.4 0.7 1.5 1.7 2.7 3.6 7.2 8.8 8.4 17.0 23.0 11.1 16.1 15.7 20.4 19.3 15.8 13.8 9.6 10.1 16.9 10.0 13.5 7.1 7.2 11.1 6.5 8.1 5.2 11.6 13.6 9.4 20.4 25.8 26.5 27.3 40.8 33.1 23.1 17.4 18.4 26.6 39.5 54.4 57.1 47.2 50.4 51.0 54.5 76.6 84.6 97.3 96.8
-9999.0 -9999.0 -9999.0 -9999.0 -9999.0 -9999.0 -9999.0 -9999.0 -9999.0 -9999.0 -9999.0 -9999.0 -9999.0 -9999.0 -9999.0 -9999.0 -9999.0 25.0 9.8 -9999.0 1.2 0.1 0.0 0.0 0.1 0.1 0.3 0.5 0.7 1.0 1.0 0.8 5.0 1.6 0.7 7.3 23.7 2.0 14.2 15.8 18.1 24.6 18.2 14.5 8.2 11.3 19.5 19.1 10.6 10.3 8.5 5.8 6.0 8.6 9.5 9.4 7.4 11.3 14.6 21.0 13.8 25.5 38.9 39.5 31.4 23.0 20.7 26.9 39.7 54.2 52.7 57.4 56.8 48.9 60.7 78.0 82.1 86.9 101.3
-9999.0 -9999.0 -9999.0 -9999.0 -9999.0 -9999.0 -9999.0 -9999.0 -9999.0 -9999.0 -9999.0 -9999.0 -9999.0 -9999.0 -9999.0 -9999.0 -9999.0 -9999.0 -9999.0 -9999.0 -9999.0 0.4 0.1 0.2 0.1 0.4 0.9 1.1 0.7 0.5 0.2 0.1 0.1 0.3 0.2 4.3 5.5 5.7 3.1 0.8 2.7 26.7 26.3 21.2 11.8 17.0 30.2 17.2 19.9 30.6 12.4 14.8 13.4 12.6 9.7 7.1 5.4 4.1 10.1 14.8 11.9 22.6 32.1 39.5 42.5 36.0 31.5 34.1 40.9 47.7 49.8 53.0 49.6 45.8 52.3 61.5 65.2 68.8 92.4
-9999.0 -9999.0 -9999.0 -9999.0 -9999.0 -9999.0 -9999.0 -9999.0 -9999.0 -9999.0 -9999.0 -9999.0 -9999.0 -9999.0 -9999.0 -9999.0 -9999.0 -9999.0 -9999.0 -9999.0 -9999.0 -9999.0 -9999.0 3.3 1.1 2.2 3.2 2.7 1.1 0.5 0.1 0.1 1.9 1.2 4.9 7.2 15.4 8.2 21.3 27.6 26.2 33.3 22.0 16.5 16.6 28.3 28.3 29.1 37.0 40.6 28.5 21.1 27.4 22.9 12.0 1.2 1.6 2.5 3.1 8.8 18.3 31.4 37.5 29.9 35.4 47.1 50.4 45.3 42.8 40.0 47.5 43.4 42.2 49.6 49.6 54.4 63.0 68.0 82.6
-9999.0 -9999.0 -9999.0 -9999.0 -9999.0 -9999.0 -9999.0 -9999.0 -9999.0 -9999.0 -9999.0 -9999.0 -9999.0 -9999.0 -9999.0 -9999.0 -9999.0 -9999.0 -9999.0 -9999.0 -9999.0 -9999.0 -9999.0 -9999.0 -9999.0 21.9 14.1 3.0 2.4 2.2 0.6 0.1 0.1 0.5 0.4 8.4 25.5 11.9 28.1 21.3 37.9 26.0 10.4 16.2 22.5 31.2 41.4 50.6 33.6 48.2 30.5 36.3 29.0 24.3 8.5 1.5 0.4 0.2 1.3 4.8 15.6 29.9 35.9 22.2 27.5 40.4 45.0 38.6 42.8 44.0 32.4 30.5 30.2 44.9 52.1 51.4 52.4 61.7 78.7
-9999.0 -9999.0 -9999.0 -9999.0 -9999.0 -9999.0 -9999.0 -9999.0 -9999.0 -9999.0 -9999.0 -9999.0 -9999.0 -9999.0 -9999.0 -9999.0 -9999.0 -9999.0 -9999.0 -9999.0 -9999.0 -9999.0 -9999.0 -9999.0 -9999.0 -9999.0 -9999.0 30.7 23.6 9.5 3.1 0.7 1.6 0.0 1.2 0.0 2.9 5.3 1.9 15.1 30.1 16.5 12.6 16.5 23.8 31.5 39.3 48.6 58.5 65.3 74.1 69.3 40.3 24.1 8.6 1.6 0.2 0.2 0.4 3.1 10.4 23.0 13.5 17.2 26.1 24.1 27.9 26.3 24.1 23.5 21.0 28.3 23.2 34.5 37.3 40.4 53.6 54.9 49.5
-9999.0 -9999.0 -9999.0 -9999.0 -9999.0 -9999.0 -9999.0 -9999.0 -9999.0 -9999.0 -9999.0 -9999.0 -9999.0 -9999.0 -9999.0 -9999.0 -9999.0 -9999.0 -9999.0 -9999.0 -9999.0 -9999.0 -9999.0 -9999.0 -9999.0 -9999.0 -9999.0 -9999.0 -9999.0 -9999.0 -9999.0 -9999.0 -9999.0 0.8 0.7 -9999.0 -9999.0 -9999.0 1.4 9.5 8.1 9.9 16.6 17.1 22.2 28.9 -9999.0 -9999.0 -9999.0 -9999.0 -9999.0 -9999.0 41.1 18.8 8.5 2.8 0.7 1.8 1.1 3.6 8.6 16.1 15.8 16.1 15.7 18.4 21.9 24.8 23.1 17.2 14.5 21.2 24.1 21.7 32.9 31.1 45.9 36.4 34.1
-9999.0 -9999.0 -9999.0 -9999.0 -9999.0 -9999.0 -9999.0 -9999.0 -9999.0 -9999.0 -9999.0 -9999.0 -9999.0 -9999.0 -9999.0 -9999.0 -9999.0 -9999.0 -9999.0 -9999.0 -9999.0 -9999.0 -9999.0 -9999.0 -9999.0 -9999.0 -9999.0 -9999.0 -9999.0 -9999.0 -9999.0 -9999.0 -9999.0 -9999.0 -9999.0 -9999.0 -9999.0 -9999.0 -9999.0 5.1 6.9 9.5 12.8 16.7 -9999.0 -9999.0 -9999.0 -9999.0 -9999.0 -9999.0 -9999.0 -9999.0 31.6 13.9 5.1 3.1 2.6 2.7 3.2 5.0 8.5 12.0 14.0 11.7 12.4 15.8 20.2 18.9 18.4 23.0 21.9 15.7 11.6 20.7 21.8 26.8 29.9 26.1 29.9
-9999.0 -9999.0 -9999.0 -9999.0 -9999.0 -9999.0 -9999.0 -9999.0 -9999.0 -9999.0 -9999.0 -9999.0 -9999.0 -9999.0 -9999.0 -9999.0 -9999.0 -9999.0 -9999.0 -9999.0 -9999.0 -9999.0 -9999.0 -9999.0 -9999.0 -9999.0 -9999.0 -9999.0 -9999.0 -9999.0 -9999.0 -9999.0 -9999.0 -9999.0 -9999.0 -9999.0 -9999.0 -9999.0 -9999.0 -9999.0 -9999.0 -9999.0 -9999.0 -9999.0 -9999.0 -9999.0 -9999.0 -9999.0 -9999.0 -9999.0 -9999.0 -9999.0 29.4 11.1 4.3 1.8 1.8 2.8 4.3 6.9 9.7 12.0 14.4 11.1 11.7 14.4 13.7 12.8 14.6 17.3 15.2 10.8 20.5 18.2 25.5 21.7 25.0 21.0 22.8
-9999.0 -9999.0 -9999.0 -9999.0 -9999.0 -9999.0 -9999.0 -9999.0 -9999.0 -9999.0 -9999.0 -9999.0 -9999.0 -9999.0 -9999.0 -9999.0 -9999.0 -9999.0 -9999.0 -9999.0 -9999.0 -9999.0 -9999.0 -9999.0 -9999.0 -9999.0 -9999.0 -9999.0 -9999.0 -9999.0 -9999.0 -9999.0 -9999.0 -9999.0 -9999.0 -9999.0 -9999.0 -9999.0 -9999.0 -9999.0 -9999.0 -9999.0 -9999.0 -9999.0 -9999.0 -9999.0 -9999.0 -9999.0 -9999.0 -9999.0 -9999.0 16.3 15.5 9.9 6.5 3.2 3.4 5.7 9.0 6.2 15.0 16.4 14.8 14.9 14.6 14.7 10.5 10.4 10.5 10.6 8.6 7.3 7.5 12.0 18.6 19.4 25.3 20.7 28.9
-9999.0 -9999.0 -9999.0 -9999.0 -9999.0 -9999.0 -9999.0 -9999.0 -9999.0 -9999.0 -9999.0 -9999.0 -9999.0 -9999.0 -9999.0 -9999.0 -9999.0 -9999.0 -9999.0 -9999.0 -9999.0 -9999.0 -9999.0 -9999.0 -9999.0 -9999.0 -9999.0 -9999.0 -9999.0 -9999.0 -9999.0 -9999.0 -9999.0 -9999.0 -9999.0 -9999.0 -9999.0 -9999.0 -9999.0 -9999.0 -9999.0 -9999.0 -9999.0 -9999.0 -9999.0 -9999.0 -9999.0 -9999.0 -9999.0 -9999.0 9.8 12.7 13.2 11.3 9.1 7.9 9.4 11.3 16.5 20.8 20.7 22.0 20.3 20.5 18.0 14.1 9.9 10.0 10.1 9.5 7.8 5.6 6.6 12.1 19.6 26.6 24.2 36.5 38.0
-9999.0 -9999.0 -9999.0 -9999.0 -9999.0 -9999.0 -9999.0 -9999.0 -9999.0 -9999.0 -9999.0 -9999.0 -9999.0 -9999.0 -9999.0 -9999.0 -9999.0 -9999.0 -9999.0 -9999.0 -9999.0 -9999.0 -9999.0 -9999.0 -9999.0 -9999.0 -9999.0 -9999.0 -9999.0 -9999.0 -9999.0 -9999.0 -9999.0 -9999.0 -9999.0 -9999.0 -9999.0 -9999.0 -9999.0 -9999.0 -9999.0 -9999.0 -9999.0 -9999.0 -9999.0 -9999.0 -9999.0 -9999.0 -9999.0 -9999.0 8.6 16.6 9.8 15.6 16.1 16.9 16.2 23.7 28.1 28.5 24.9 25.2 22.5 24.4 21.8 16.2 13.3 14.8 13.4 11.7 9.5 8.3 9.4 13.6 21.3 30.4 39.6 47.5 59.1
-9999.0 -9999.0 -9999.0 -9999.0 -9999.0 -9999.0 -9999.0 -9999.0 -9999.0 -9999.0 -9999.0 -9999.0 -9999.0 -9999.0 -9999.0 -9999.0 -9999.0 -9999.0 -9999.0 -9999.0 -9999.0 -9999.0 -9999.0 -9999.0 -9999.0 -9999.0 -9999.0 -9999.0 -9999.0 -9999.0 -9999.0 -9999.0 -9999.0 -9999.0 -9999.0 -9999.0 -9999.0 -9999.0 -9999.0 -9999.0 -9999.0 -9999.0 -9999.0 -9999.0 -9999.0 -9999.0 -9999.0 -9999.0 -9999.0 -9999.0 12.4 14.4 16.2 27.1 26.6 26.6 29.4 34.0 38.8 34.2 35.3 33.6 32.4 30.4 29.2 22.3 19.8 19.7 17.7 15.8 13.5 16.4 18.2 24.5 33.3 44.2 55.6 66.7 78.2
-9999.0 -9999.0 -9999.0 -9999.0 -9999.0 -9999.0 -9999.0 -9999.0 -9999.0 -9999.0 -9999.0 -9999.0 -9999.0 -9999.0 -9999.0 -9999.0 -9999.0 -9999.0 -9999.0 -9999.0 -9999.0 -9999.0 -9999.0 -9999.0 -9999.0 -9999.0 -9999.0 -9999.0 -9999.0 -9999.0 -9999.0 -9999.0 -9999.0 -9999.0 -9999.0 -9999.0 -9999.0 -9999.0 -9999.0 -9999.0 -9999.0 -9999.0 -9999.0 -9999.0 -9999.0 -9999.0 -9999.0 -9999.0 -9999.0 -9999.0 26.4 34.9 38.0 44.5 44.1 41.2 35.7 43.7 50.2 47.6 47.7 43.1 32.1 39.4 37.0 29.7 25.2 25.1 23.5 19.3 20.2 25.3 33.6 41.3 50.9 59.0 67.7 76.7 82.2
-9999.0 -9999.0 -9999.0 -9999.0 -9999.0 -9999.0 -9999.0 -9999.0 -9999.0 -9999.0 -9999.0 -9999.0 -9999.0 -9999.0 -9999.0 -9999.0 -9999.0 -9999.0 -9999.0 -9999.0 -9999.0 -9999.0 -9999.0 -9999.0 -9999.0 -9999.0 -9999.0 -9999.0 -9999.0 -9999.0 -9999.0 -9999.0 -9999.0 -9999.0 -9999.0 -9999.0 -9999.0 -9999.0 -9999.0 -9999.0 -9999.0 -9999.0 -9999.0 -9999.0 -9999.0 -9999.0 -9999.0 -9999.0 -9999.0 -9999.0 -9999.0 -9999.0 -9999.0 68.5 66.3 56.2 52.6 56.1 63.5 65.3 60.4 43.4 56.7 47.8 41.8 35.8 32.3 32.9 30.6 28.0 28.9 37.4 49.1 62.1 74.6 79.2 78.4 78.5 74.8
-9999.0 -9999.0 -9999.0 -9999.0 -9999.0 -9999.0 -9999.0 -9999.0 -9999.0 -9999.0 -9999.0 -9999.0 -9999.0 -9999.0 -9999.0 -9999.0 -9999.0 -9999.0 -9999.0 -9999.0 -9999.0 -9999.0 -9999.0 -9999.0 -9999.0 -9999.0 -9999.0 -9999.0 -9999.0 -9999.0 -9999.0 -9999.0 -9999.0 -9999.0 -9999.0 -9999.0 -9999.0 -9999.0 -9999.0 -9999.0 -9999.0 -9999.0 -9999.0 -9999.0 -9999.0 -9999.0 -9999.0 -9999.0 -9999.0 -9999.0 -9999.0 -9999.0 -9999.0 96.3 91.9 82.3 78.4 83.3 86.4 83.1 79.0 56.7 69.4 52.1 49.4 44.8 42.7 38.7 36.3 35.5 41.3 54.9 68.4 84.8 100.1 97.7 88.2 74.1 62.5
-9999.0 -9999.0 -9999.0 -9999.0 -9999.0 -9999.0 -9999.0 -9999.0 -9999.0 -9999.0 -9999.0 -9999.0 -9999.0 -9999.0 -9999.0 -9999.0 -9999.0 -9999.0 -9999.0 -9999.0 -9999.0 -9999.0 -9999.0 -9999.0 -9999.0 -9999.0 -9999.0 -9999.0 -9999.0 -9999.0 -9999.0 -9999.0 -9999.0 -9999.0 -9999.0 -9999.0 -9999.0 -9999.0 -9999.0 -9999.0 -9999.0 -9999.0 -9999.0 -9999.0 -9999.0 -9999.0 -9999.0 -9999.0 -9999.0 -9999.0 -9999.0 -9999.0 -9999.0 125.1 122.4 115.4 113.6 119.4 115.8 110.6 98.9 86.4 81.9 72.4 61.9 -9999.0 -9999.0 -9999.0 44.9 48.7 61.5 79.7 96.4 105.7 102.7 89.7 77.0 60.6 52.5
-9999.0 -9999.0 -9999.0 -9999.0 -9999.0 -9999.0 -9999.0 -9999.0 -9999.0 -9999.0 -9999.0 -9999.0 -9999.0 -9999.0 -9999.0 -9999.0 -9999.0 -9999.0 -9999.0 -9999.0 -9999.0 -9999.0 -9999.0 -9999.0 -9999.0 -9999.0 -9999.0 -9999.0 -9999.0 -9999.0 -9999.0 -9999.0 -9999.0 -9999.0 -9999.0 -9999.0 -9999.0 -9999.0 -9999.0 -9999.0 -9999.0 -9999.0 -9999.0 -9999.0 -9999.0 -9999.0 -9999.0 -9999.0 -9999.0 -9999.0 -9999.0 -9999.0 -9999.0 -9999.0 155.1 153.2 163.4 164.5 139.1 121.8 107.8 -9999.0 -9999.0 -9999.0 -9999.0 -9999.0 -9999.0 -9999.0 60.6 65.5 76.1 104.3 112.9 96.0 71.8 54.8 43.7 38.8 40.6
-9999.0 -9999.0 -9999.0 -9999.0 -9999.0 -9999.0 -9999.0 -9999.0 -9999.0 -9999.0 -9999.0 -9999.0 -9999.0 -9999.0 -9999.0 -9999.0 -9999.0 -9999.0 -9999.0 -9999.0 -9999.0 -9999.0 -9999.0 -9999.0 -9999.0 -9999.0 -9999.0 -9999.0 -9999.0 -9999.0 -9999.0 -9999.0 -9999.0 -9999.0 -9999.0 -9999.0 -9999.0 -9999.0 -9999.0 -9999.0 -9999.0 -9999.0 -9999.0 -9999.0 -9999.0 -9999.0 -9999.0 -9999.0 -9999.0 -9999.0 -9999.0 -9999.0 -9999.0 -9999.0 -9999.0 189.2 167.9 175.9 161.2 137.1 121.6 -9999.0 -9999.0 -9999.0 -9999.0 -9999.0 -9999.0 -9999.0 -9999.0 -9999.0 97.4 -9999.0 -9999.0 -9999.0 -9999.0 -9999.0 18.4 -9999.0 -9999.0
-9999.0 -9999.0 -9999.0 -9999.0 -9999.0 -9999.0 -9999.0 -9999.0 -9999.0 -9999.0 -9999.0 -9999.0 -9999.0 -9999.0 -9999.0 -9999.0 -9999.0 -9999.0 -9999.0 -9999.0 -9999.0 -9999.0 -9999.0 -9999.0 -9999.0 -9999.0 -9999.0 -9999.0 -9999.0 -9999.0 -9999.0 -9999.0 -9999.0 -9999.0 -9999.0 -9999.0 -9999.0 -9999.0 -9999.0 -9999.0 -9999.0 -9999.0 -9999.0 -9999.0 -9999.0 -9999.0 -9999.0 -9999.0 -9999.0 -9999.0 -9999.0 -9999.0 -9999.0 -9999.0 -9999.0 -9999.0 -9999.0 -9999.0 169.1 150.5 -9999.0 -9999.0 -9999.0 -9999.0 -9999.0 -9999.0 -9999.0 -9999.0 -9999.0 -9999.0 -9999.0 -9999.0 -9999.0 -9999.0 -9999.0 12.3 12.9 -9999.0 -9999.0
-9999.0 -9999.0 -9999.0 -9999.0 -9999.0 -9999.0 -9999.0 -9999.0 -9999.0 -9999.0 -9999.0 -9999.0 -9999.0 -9999.0 -9999.0 -9999.0 -9999.0 -9999.0 -9999.0 -9999.0 -9999.0 -9999.0 -9999.0 -9999.0 -9999.0 -9999.0 -9999.0 -9999.0 -9999.0 -9999.0 -9999.0 -9999.0 -9999.0 -9999.0 -9999.0 -9999.0 -9999.0 -9999.0 -9999.0 -9999.0 -9999.0 -9999.0 -9999.0 -9999.0 -9999.0 -9999.0 -9999.0 -9999.0 -9999.0 -9999.0 -9999.0 -9999.0 -9999.0 -9999.0 -9999.0 -9999.0 -9999.0 -9999.0 -9999.0 -9999.0 -9999.0 -9999.0 -9999.0 -9999.0 -9999.0 -9999.0 -9999.0 -9999.0 -9999.0 -9999.0 -9999.0 -9999.0 -9999.0 -9999.0 -9999.0 -9999.0 -9999.0 -9999.0 -9999.0
-9999.0 -9999.0 -9999.0 -9999.0 -9999.0 -9999.0 -9999.0 -9999.0 -9999.0 -9999.0 -9999.0 -9999.0 -9999.0 -9999.0 -9999.0 -9999.0 -9999.0 -9999.0 -9999.0 -9999.0 -9999.0 -9999.0 -9999.0 -9999.0 -9999.0 -9999.0 -9999.0 -9999.0 -9999.0 -9999.0 -9999.0 -9999.0 -9999.0 -9999.0 -9999.0 -9999.0 -9999.0 -9999.0 -9999.0 -9999.0 -9999.0 -9999.0 -9999.0 -9999.0 -9999.0 -9999.0 -9999.0 -9999.0 -9999.0 -9999.0 -9999.0 -9999.0 -9999.0 -9999.0 -9999.0 -9999.0 -9999.0 -9999.0 -9999.0 -9999.0 -9999.0 -9999.0 -9999.0 -9999.0 -9999.0 -9999.0 -9999.0 -9999.0 -9999.0 -9999.0 -9999.0 -9999.0 -9999.0 -9999.0 -9999.0 32.6 38.0 44.1 -9999.0
-9999.0 -9999.0 -9999.0 -9999.0 -9999.0 -9999.0 -9999.0 -9999.0 -9999.0 -9999.0 -9999.0 -9999.0 -9999.0 -9999.0 -9999.0 -9999.0 -9999.0 -9999.0 -9999.0 -9999.0 -9999.0 -9999.0 -9999.0 -9999.0 -9999.0 -9999.0 -9999.0 -9999.0 -9999.0 -9999.0 -9999.0 -9999.0 -9999.0 -9999.0 -9999.0 -9999.0 -9999.0 -9999.0 -9999.0 -9999.0 -9999.0 -9999.0 -9999.0 -9999.0 -9999.0 -9999.0 -9999.0 -9999.0 -9999.0 -9999.0 -9999.0 -9999.0 -9999.0 -9999.0 -9999.0 -9999.0 -9999.0 -9999.0 -9999.0 -9999.0 -9999.0 -9999.0 -9999.0 -9999.0 -9999.0 -9999.0 -9999.0 -9999.0 -9999.0 -9999.0 -9999.0 -9999.0 -9999.0 44.6 36.5 39.4 44.0 -9999.0 -9999.0
