program/excelProcessViaJava/data/SURF_CLI_CHN_PRE_MON_GRID_0.5-198909.txt
NCOLS      128
NROWS       72
XLLCORNER    72.000000000000    
YLLCORNER    18.000000000000    
CELLSIZE    0.50000000000000    
NODATA_VALUE   -9999.000    
[rows 34 to 67 of 72, columns 0 to 75 of 128]
-9999.0 -9999.0 -9999.0 -9999.0 4.9 2.5 11.4 2.5 20.7 18.2 1.7 12.9 6.0 6.3 0.9 0.9 1.0 0.8 1.0 1.7 2.8 3.7 4.0 4.1 8.7 15.3 7.6 7.9 7.1 7.4 7.6 11.2 9.1 10.1 12.8 11.4 18.9 27.5 17.0 9.5 20.5 5.3 4.5 2.7 2.3 2.2 2.6 3.5 5.2 8.4 12.1 19.4 49.7 44.6 42.2 47.4 53.3 69.2 87.1 67.9 91.3 57.0 43.2 37.4 27.5 23.1 39.7 33.1 32.7 43.7 44.3 56.1 71.8 88.7 99.9 97.9
-9999.0 -9999.0 -9999.0 -9999.0 -9999.0 -9999.0 -9999.0 3.0 8.2 4.5 20.3 19.8 6.8 9.6 9.4 0.8 2.5 1.1 1.3 2.4 5.4 9.0 9.6 8.2 7.1 6.5 7.4 7.7 8.0 10.4 10.4 10.7 10.8 13.4 18.0 15.3 24.9 23.4 36.9 43.1 18.3 59.2 54.7 33.1 16.1 6.4 12.2 11.6 17.8 13.0 13.8 19.1 31.4 75.7 67.3 39.3 39.4 46.4 73.8 68.2 79.2 53.2 38.9 33.9 36.1 30.4 39.7 46.0 38.2 41.0 43.0 54.8 71.3 86.2 95.8 89.8
-9999.0 -9999.0 -9999.0 -9999.0 -9999.0 -9999.0 -9999.0 16.8 1.5 8.3 13.0 7.7 11.4 20.1 10.9 25.3 9.2 8.0 14.6 7.1 6.5 9.0 7.1 6.8 6.0 5.9 5.6 7.8 6.0 6.0 9.1 10.2 11.2 16.6 14.5 17.5 18.1 26.4 29.6 30.8 37.9 43.6 54.0 88.2 47.4 28.0 39.7 44.1 69.1 52.0 80.6 65.0 37.8 48.0 70.9 44.3 44.7 53.0 65.9 70.6 63.4 57.2 47.0 42.9 37.3 36.2 40.5 43.7 54.6 38.6 44.9 56.4 70.2 77.3 81.4 69.7
-9999.0 -9999.0 -9999.0 -9999.0 -9999.0 -9999.0 -9999.0 -9999.0 -9999.0 6.1 5.9 4.9 13.0 12.0 8.5 6.7 10.1 22.7 10.8 15.9 9.1 6.0 5.4 5.2 4.9 4.5 5.2 5.5 5.0 8.3 5.9 8.1 9.7 13.6 12.1 14.6 16.7 22.9 23.9 31.4 32.8 44.9 49.9 52.3 71.2 77.7 84.4 84.4 84.1 76.4 75.9 59.0 48.9 47.4 68.9 53.9 51.6 57.1 67.8 64.6 59.4 55.9 51.9 48.1 44.3 41.4 43.4 48.2 67.9 53.4 59.1 65.4 73.9 72.7 63.7 58.0
-9999.0 -9999.0 -9999.0 -9999.0 -9999.0 -9999.0 -9999.0 -9999.0 -9999.0 -9999.0 -9999.0 11.6 2.7 13.5 8.8 10.5 8.8 7.3 6.4 7.0 8.6 5.7 5.6 4.4 6.7 5.1 6.0 6.3 6.4 6.4 7.3 11.3 10.1 12.5 13.5 23.8 20.1 24.0 46.6 32.7 44.7 43.9 47.6 55.4 93.4 85.9 123.9 111.2 112.9 96.1 70.5 60.5 55.7 62.5 78.0 74.6 72.4 77.6 73.9 68.1 63.1 54.2 50.8 51.3 51.5 43.7 40.8 57.6 78.4 86.3 84.3 86.0 83.5 75.9 64.0 52.1
-9999.0 -9999.0 -9999.0 -9999.0 -9999.0 -9999.0 -9999.0 -9999.0 -9999.0 -9999.0 -9999.0 -9999.0 3.1 3.4 9.9 6.3 14.7 7.8 7.1 11.5 4.2 4.6 4.5 3.7 10.0 4.5 4.1 6.3 6.5 10.3 8.9 9.9 11.8 17.3 20.9 22.4 38.1 31.0 29.9 29.5 32.7 39.7 49.9 71.3 85.2 106.4 129.3 118.0 117.6 104.9 101.7 84.5 68.7 65.5 76.4 88.8 95.7 101.4 84.8 82.8 69.8 63.0 58.1 57.0 58.1 69.2 58.7 82.6 109.5 128.0 115.7 100.6 90.2 78.9 69.8 61.4
-9999.0 -9999.0 -9999.0 -9999.0 -9999.0 -9999.0 -9999.0 -9999.0 -9999.0 -9999.0 -9999.0 -9999.0 11.9 2.2 1.9 6.8 3.1 4.2 7.6 5.7 4.9 5.4 4.5 3.4 2.9 3.8 4.4 4.5 6.3 6.8 9.9 14.6 15.0 17.5 23.1 25.6 40.1 47.1 46.3 45.3 41.6 46.4 71.8 69.0 97.0 124.7 120.8 123.4 108.1 111.8 96.3 89.9 76.9 83.7 84.5 101.2 106.3 111.1 102.7 93.9 81.4 70.3 67.5 73.4 65.6 77.4 75.1 113.7 147.9 174.9 181.4 169.6 146.3 109.3 89.6 80.8
-9999.0 -9999.0 -9999.0 -9999.0 -9999.0 -9999.0 -9999.0 -9999.0 -9999.0 -9999.0 -9999.0 -9999.0 -9999.0 4.3 9.5 2.2 5.0 3.2 2.9 2.9 3.5 2.6 3.9 2.7 3.3 5.6 6.5 9.2 8.9 10.2 10.8 12.8 19.5 23.8 22.9 30.0 39.4 53.2 90.3 75.1 71.9 80.7 83.0 107.5 103.4 106.5 128.2 142.4 141.5 127.3 112.3 94.0 89.3 118.0 115.0 119.6 123.0 127.8 130.3 112.6 98.2 86.7 84.4 82.2 59.1 80.0 114.1 179.7 225.5 240.8 202.5 184.8 164.5 133.6 115.1 100.8
-9999.0 -9999.0 -9999.0 -9999.0 -9999.0 -9999.0 -9999.0 -9999.0 -9999.0 -9999.0 -9999.0 -9999.0 3.9 9.8 7.5 3.4 8.4 4.8 4.2 2.2 2.2 2.4 3.0 3.0 3.4 5.7 6.3 7.1 9.0 11.8 13.9 15.2 23.5 24.1 30.8 35.8 55.7 59.7 72.2 83.6 114.4 135.8 150.6 106.5 122.2 130.9 128.7 125.4 133.4 129.1 130.9 132.1 109.9 121.7 122.9 132.1 145.3 133.5 136.1 126.0 116.6 111.6 107.6 113.9 102.5 100.0 207.1 264.6 269.3 261.5 257.6 230.4 183.3 137.5 115.6 105.3
-9999.0 -9999.0 -9999.0 -9999.0 -9999.0 -9999.0 -9999.0 -9999.0 -9999.0 -9999.0 -9999.0 -9999.0 7.3 1.5 2.8 12.9 9.0 2.7 2.5 3.8 2.3 3.3 3.5 3.9 4.2 5.1 6.5 8.3 10.6 13.0 15.9 19.7 26.7 26.3 31.1 41.3 52.1 74.0 91.2 93.2 104.0 105.0 111.5 123.5 133.9 145.9 166.7 159.5 150.3 120.0 116.2 129.7 117.8 121.5 131.1 136.9 149.4 154.1 145.8 149.1 147.4 148.4 128.2 106.5 94.6 120.4 158.8 251.7 250.9 239.0 230.1 214.1 185.5 160.9 143.1 111.3
-9999.0 -9999.0 -9999.0 -9999.0 -9999.0 -9999.0 -9999.0 -9999.0 -9999.0 -9999.0 -9999.0 -9999.0 0.9 5.3 1.7 2.7 2.6 7.5 3.8 3.9 6.8 7.1 4.6 6.1 6.2 8.8 9.6 13.4 13.6 16.8 20.5 27.6 28.8 31.6 36.5 46.3 62.4 87.0 105.0 127.6 126.4 115.1 160.4 115.3 147.5 179.5 186.1 157.7 126.4 119.5 119.9 111.4 165.4 172.9 153.5 140.6 152.8 161.1 164.6 155.5 157.0 156.6 182.6 107.4 58.4 141.2 166.2 170.9 172.4 170.3 170.9 189.6 180.1 170.2 205.7 143.4
-9999.0 -9999.0 -9999.0 -9999.0 -9999.0 -9999.0 -9999.0 -9999.0 -9999.0 -9999.0 -9999.0 -9999.0 -9999.0 14.8 10.1 3.0 3.8 3.1 5.6 6.8 13.3 6.6 8.8 10.4 8.7 10.6 12.2 14.3 17.8 20.7 26.6 31.4 37.9 40.6 47.0 67.1 85.2 103.0 129.9 138.5 144.5 193.2 210.9 192.1 153.8 158.1 174.8 122.4 148.0 128.7 99.3 138.6 133.6 126.9 160.0 165.6 150.2 155.8 169.7 197.1 188.1 246.3 184.5 60.2 69.6 97.1 113.5 116.9 124.3 130.9 138.1 153.8 169.9 171.9 155.0 131.5
-9999.0 -9999.0 -9999.0 -9999.0 -9999.0 -9999.0 -9999.0 -9999.0 -9999.0 -9999.0 -9999.0 -9999.0 -9999.0 1.1 9.9 3.7 10.2 3.7 4.6 6.6 14.7 14.3 15.4 14.0 12.2 14.6 16.7 18.5 21.4 30.3 33.1 38.7 43.2 50.4 63.7 77.8 91.4 119.3 152.8 200.7 176.5 190.6 199.8 200.7 242.0 180.9 166.6 115.0 112.2 102.8 122.7 88.7 130.2 158.5 175.2 163.1 152.7 161.3 181.7 160.7 201.1 138.7 61.6 51.0 55.9 69.3 84.6 100.2 107.6 114.0 124.7 146.4 170.4 175.1 171.7 165.8
-9999.0 -9999.0 -9999.0 -9999.0 -9999.0 -9999.0 -9999.0 -9999.0 -9999.0 -9999.0 -9999.0 -9999.0 -9999.0 -9999.0 -9999.0 5.5 4.8 7.5 6.7 6.9 14.7 13.0 14.5 17.3 20.0 21.3 28.1 25.1 31.6 29.1 35.1 40.9 55.3 63.2 68.2 98.9 127.2 112.7 144.5 165.2 204.1 219.9 214.8 199.6 152.5 127.5 148.2 88.0 109.5 57.6 85.8 152.8 117.6 133.4 118.4 146.1 154.4 159.6 194.5 219.0 133.7 81.7 71.3 58.0 59.2 69.9 88.7 111.3 109.7 102.0 113.5 135.7 146.8 161.4 184.5 189.2
-9999.0 -9999.0 -9999.0 -9999.0 -9999.0 -9999.0 -9999.0 -9999.0 -9999.0 -9999.0 -9999.0 -9999.0 -9999.0 -9999.0 -9999.0 -9999.0 -9999.0 9.4 6.9 -9999.0 11.9 20.1 19.8 23.3 28.3 29.3 36.5 32.3 30.7 35.2 36.5 40.7 61.1 53.8 54.9 77.6 128.4 75.4 124.3 145.3 170.5 212.0 195.5 175.8 114.9 116.3 96.5 155.0 74.5 91.1 49.9 82.0 75.3 129.8 142.5 148.0 134.9 176.5 191.0 214.3 86.8 78.9 84.9 81.7 74.2 75.3 94.2 107.4 105.0 95.1 104.2 114.0 132.0 152.5 179.5 196.7
-9999.0 -9999.0 -9999.0 -9999.0 -9999.0 -9999.0 -9999.0 -9999.0 -9999.0 -9999.0 -9999.0 -9999.0 -9999.0 -9999.0 -9999.0 -9999.0 -9999.0 -9999.0 -9999.0 -9999.0 -9999.0 25.0 31.6 42.7 39.2 40.3 40.6 39.1 36.8 35.9 37.0 42.1 45.7 51.3 50.4 68.7 71.7 73.2 67.4 60.3 76.0 179.4 189.6 169.6 101.5 126.4 92.7 79.9 152.6 361.3 84.0 166.9 158.0 98.8 120.2 150.1 158.4 148.7 231.8 196.9 87.7 82.2 95.2 96.1 93.3 88.5 103.3 110.3 114.1 99.0 91.6 101.0 114.8 145.8 188.3 207.8
-9999.0 -9999.0 -9999.0 -9999.0 -9999.0 -9999.0 -9999.0 -9999.0 -9999.0 -9999.0 -9999.0 -9999.0 -9999.0 -9999.0 -9999.0 -9999.0 -9999.0 -9999.0 -9999.0 -9999.0 -9999.0 -9999.0 -9999.0 54.4 52.8 55.5 55.2 51.1 47.7 41.2 40.6 45.5 68.1 61.7 77.2 78.3 96.3 66.9 101.8 122.8 123.3 160.6 122.0 100.3 84.7 88.5 78.0 70.7 59.8 55.7 61.5 132.9 85.0 109.6 103.9 99.4 135.9 181.6 145.0 190.4 118.2 103.1 85.3 82.3 78.8 88.3 109.1 118.7 94.5 101.0 94.3 99.1 109.5 131.3 169.1 191.3
-9999.0 -9999.0 -9999.0 -9999.0 -9999.0 -9999.0 -9999.0 -9999.0 -9999.0 -9999.0 -9999.0 -9999.0 -9999.0 -9999.0 -9999.0 -9999.0 -9999.0 -9999.0 -9999.0 -9999.0 -9999.0 -9999.0 -9999.0 -9999.0 -9999.0 97.2 81.7 79.3 68.3 81.1 55.9 48.3 50.0 60.3 53.8 85.1 135.2 67.3 105.1 76.0 129.1 89.5 53.5 63.1 70.0 79.6 71.1 86.7 86.6 59.5 138.4 108.8 146.4 138.8 101.2 105.2 131.1 134.5 180.1 176.9 154.2 120.3 190.4 89.8 81.6 86.7 97.3 81.0 83.3 95.1 102.9 104.9 108.0 119.6 137.8 161.7
-9999.0 -9999.0 -9999.0 -9999.0 -9999.0 -9999.0 -9999.0 -9999.0 -9999.0 -9999.0 -9999.0 -9999.0 -9999.0 -9999.0 -9999.0 -9999.0 -9999.0 -9999.0 -9999.0 -9999.0 -9999.0 -9999.0 -9999.0 -9999.0 -9999.0 -9999.0 -9999.0 119.1 110.7 76.1 64.3 57.4 80.2 46.1 62.7 30.9 44.7 40.4 23.9 44.2 74.2 41.9 43.9 57.3 63.6 71.5 79.8 83.2 84.7 64.5 81.0 92.0 108.9 108.9 114.8 130.9 125.1 135.2 160.2 137.4 114.6 120.6 84.5 86.9 100.2 94.6 94.5 100.1 98.2 107.6 113.2 116.7 99.3 106.1 118.9 140.7
-9999.0 -9999.0 -9999.0 -9999.0 -9999.0 -9999.0 -9999.0 -9999.0 -9999.0 -9999.0 -9999.0 -9999.0 -9999.0 -9999.0 -9999.0 -9999.0 -9999.0 -9999.0 -9999.0 -9999.0 -9999.0 -9999.0 -9999.0 -9999.0 -9999.0 -9999.0 -9999.0 -9999.0 -9999.0 -9999.0 -9999.0 -9999.0 -9999.0 53.1 53.6 -9999.0 -9999.0 -9999.0 25.1 28.6 27.5 33.7 38.6 54.5 64.7 68.1 -9999.0 -9999.0 -9999.0 -9999.0 -9999.0 -9999.0 101.5 149.2 119.9 127.9 134.1 138.3 125.0 106.3 92.1 95.7 78.4 92.0 112.3 117.3 104.2 93.1 103.6 117.2 113.4 119.2 115.7 100.1 118.3 135.5
-9999.0 -9999.0 -9999.0 -9999.0 -9999.0 -9999.0 -9999.0 -9999.0 -9999.0 -9999.0 -9999.0 -9999.0 -9999.0 -9999.0 -9999.0 -9999.0 -9999.0 -9999.0 -9999.0 -9999.0 -9999.0 -9999.0 -9999.0 -9999.0 -9999.0 -9999.0 -9999.0 -9999.0 -9999.0 -9999.0 -9999.0 -9999.0 -9999.0 -9999.0 -9999.0 -9999.0 -9999.0 -9999.0 -9999.0 48.9 48.0 50.3 53.5 56.6 -9999.0 -9999.0 -9999.0 -9999.0 -9999.0 -9999.0 -9999.0 -9999.0 109.3 180.2 149.4 136.7 133.2 122.6 102.3 82.0 67.2 61.9 67.8 85.8 115.9 135.9 124.8 104.1 104.8 115.9 123.7 122.9 110.9 127.8 125.2 144.6
-9999.0 -9999.0 -9999.0 -9999.0 -9999.0 -9999.0 -9999.0 -9999.0 -9999.0 -9999.0 -9999.0 -9999.0 -9999.0 -9999.0 -9999.0 -9999.0 -9999.0 -9999.0 -9999.0 -9999.0 -9999.0 -9999.0 -9999.0 -9999.0 -9999.0 -9999.0 -9999.0 -9999.0 -9999.0 -9999.0 -9999.0 -9999.0 -9999.0 -9999.0 -9999.0 -9999.0 -9999.0 -9999.0 -9999.0 -9999.0 -9999.0 -9999.0 -9999.0 -9999.0 -9999.0 -9999.0 -9999.0 -9999.0 -9999.0 -9999.0 -9999.0 -9999.0 81.5 204.9 164.2 172.5 128.0 103.5 80.3 63.9 57.8 51.3 119.0 70.3 100.5 134.4 129.5 101.2 83.5 85.6 100.1 118.4 149.1 146.4 153.4 140.7
-9999.0 -9999.0 -9999.0 -9999.0 -9999.0 -9999.0 -9999.0 -9999.0 -9999.0 -9999.0 -9999.0 -9999.0 -9999.0 -9999.0 -9999.0 -9999.0 -9999.0 -9999.0 -9999.0 -9999.0 -9999.0 -9999.0 -9999.0 -9999.0 -9999.0 -9999.0 -9999.0 -9999.0 -9999.0 -9999.0 -9999.0 -9999.0 -9999.0 -9999.0 -9999.0 -9999.0 -9999.0 -9999.0 -9999.0 -9999.0 -9999.0 -9999.0 -9999.0 -9999.0 -9999.0 -9999.0 -9999.0 -9999.0 -9999.0 -9999.0 -9999.0 86.9 108.5 199.2 120.4 142.0 116.1 96.2 66.7 72.6 61.0 56.0 54.9 63.7 88.6 115.2 118.1 118.7 66.5 67.0 81.8 107.6 127.1 136.4 146.4 123.9
-9999.0 -9999.0 -9999.0 -9999.0 -9999.0 -9999.0 -9999.0 -9999.0 -9999.0 -9999.0 -9999.0 -9999.0 -9999.0 -9999.0 -9999.0 -9999.0 -9999.0 -9999.0 -9999.0 -9999.0 -9999.0 -9999.0 -9999.0 -9999.0 -9999.0 -9999.0 -9999.0 -9999.0 -9999.0 -9999.0 -9999.0 -9999.0 -9999.0 -9999.0 -9999.0 -9999.0 -9999.0 -9999.0 -9999.0 -9999.0 -9999.0 -9999.0 -9999.0 -9999.0 -9999.0 -9999.0 -9999.0 -9999.0 -9999.0 -9999.0 92.9 125.4 157.3 191.2 144.0 144.2 99.9 78.9 63.0 62.6 59.9 68.6 57.1 62.5 84.2 104.7 83.8 90.0 60.6 76.5 86.7 111.5 130.5 146.0 140.6 113.5
-9999.0 -9999.0 -9999.0 -9999.0 -9999.0 -9999.0 -9999.0 -9999.0 -9999.0 -9999.0 -9999.0 -9999.0 -9999.0 -9999.0 -9999.0 -9999.0 -9999.0 -9999.0 -9999.0 -9999.0 -9999.0 -9999.0 -9999.0 -9999.0 -9999.0 -9999.0 -9999.0 -9999.0 -9999.0 -9999.0 -9999.0 -9999.0 -9999.0 -9999.0 -9999.0 -9999.0 -9999.0 -9999.0 -9999.0 -9999.0 -9999.0 -9999.0 -9999.0 -9999.0 -9999.0 -9999.0 -9999.0 -9999.0 -9999.0 -9999.0 108.2 192.2 149.8 191.7 190.3 141.9 94.3 97.6 78.8 62.8 57.1 59.6 57.3 64.4 76.9 110.4 89.9 99.7 80.2 95.8 110.2 130.2 146.1 150.4 128.4 93.2
-9999.0 -9999.0 -9999.0 -9999.0 -9999.0 -9999.0 -9999.0 -9999.0 -9999.0 -9999.0 -9999.0 -9999.0 -9999.0 -9999.0 -9999.0 -9999.0 -9999.0 -9999.0 -9999.0 -9999.0 -9999.0 -9999.0 -9999.0 -9999.0 -9999.0 -9999.0 -9999.0 -9999.0 -9999.0 -9999.0 -9999.0 -9999.0 -9999.0 -9999.0 -9999.0 -9999.0 -9999.0 -9999.0 -9999.0 -9999.0 -9999.0 -9999.0 -9999.0 -9999.0 -9999.0 -9999.0 -9999.0 -9999.0 -9999.0 -9999.0 125.4 163.5 165.3 274.2 172.7 141.9 171.9 119.1 102.8 70.0 59.1 60.5 56.7 60.4 68.1 75.4 85.5 88.5 92.0 96.1 133.4 145.3 167.8 155.2 120.8 87.3
-9999.0 -9999.0 -9999.0 -9999.0 -9999.0 -9999.0 -9999.0 -9999.0 -9999.0 -9999.0 -9999.0 -9999.0 -9999.0 -9999.0 -9999.0 -9999.0 -9999.0 -9999.0 -9999.0 -9999.0 -9999.0 -9999.0 -9999.0 -9999.0 -9999.0 -9999.0 -9999.0 -9999.0 -9999.0 -9999.0 -9999.0 -9999.0 -9999.0 -9999.0 -9999.0 -9999.0 -9999.0 -9999.0 -9999.0 -9999.0 -9999.0 -9999.0 -9999.0 -9999.0 -9999.0 -9999.0 -9999.0 -9999.0 -9999.0 -9999.0 192.0 260.0 240.4 260.2 231.1 230.4 135.6 145.7 123.6 80.8 68.3 56.8 51.3 67.2 74.9 73.1 67.5 72.4 81.3 108.4 135.0 160.0 165.6 142.9 106.5 77.6
-9999.0 -9999.0 -9999.0 -9999.0 -9999.0 -9999.0 -9999.0 -9999.0 -9999.0 -9999.0 -9999.0 -9999.0 -9999.0 -9999.0 -9999.0 -9999.0 -9999.0 -9999.0 -9999.0 -9999.0 -9999.0 -9999.0 -9999.0 -9999.0 -9999.0 -9999.0 -9999.0 -9999.0 -9999.0 -9999.0 -9999.0 -9999.0 -9999.0 -9999.0 -9999.0 -9999.0 -9999.0 -9999.0 -9999.0 -9999.0 -9999.0 -9999.0 -9999.0 -9999.0 -9999.0 -9999.0 -9999.0 -9999.0 -9999.0 -9999.0 -9999.0 -9999.0 -9999.0 251.3 216.1 184.5 171.0 163.1 122.1 101.6 138.1 71.5 107.0 107.4 109.1 99.9 89.9 84.8 91.8 102.4 114.2 124.9 120.8 107.4 91.8 72.1
-9999.0 -9999.0 -9999.0 -9999.0 -9999.0 -9999.0 -9999.0 -9999.0 -9999.0 -9999.0 -9999.0 -9999.0 -9999.0 -9999.0 -9999.0 -9999.0 -9999.0 -9999.0 -9999.0 -9999.0 -9999.0 -9999.0 -9999.0 -9999.0 -9999.0 -9999.0 -9999.0 -9999.0 -9999.0 -9999.0 -9999.0 -9999.0 -9999.0 -9999.0 -9999.0 -9999.0 -9999.0 -9999.0 -9999.0 -9999.0 -9999.0 -9999.0 -9999.0 -9999.0 -9999.0 -9999.0 -9999.0 -9999.0 -9999.0 -9999.0 -9999.0 -9999.0 -9999.0 286.3 229.7 299.3 167.4 139.4 147.0 178.9 146.2 138.2 192.2 171.8 163.2 138.5 105.1 104.2 83.8 85.1 90.2 98.4 97.4 98.5 101.9 99.5
-9999.0 -9999.0 -9999.0 -9999.0 -9999.0 -9999.0 -9999.0 -9999.0 -9999.0 -9999.0 -9999.0 -9999.0 -9999.0 -9999.0 -9999.0 -9999.0 -9999.0 -9999.0 -9999.0 -9999.0 -9999.0 -9999.0 -9999.0 -9999.0 -9999.0 -9999.0 -9999.0 -9999.0 -9999.0 -9999.0 -9999.0 -9999.0 -9999.0 -9999.0 -9999.0 -9999.0 -9999.0 -9999.0 -9999.0 -9999.0 -9999.0 -9999.0 -9999.0 -9999.0 -9999.0 -9999.0 -9999.0 -9999.0 -9999.0 -9999.0 -9999.0 -9999.0 -9999.0 323.1 225.7 244.8 183.1 153.2 174.2 198.6 240.0 254.2 298.8 290.3 192.0 -9999.0 -9999.0 -9999.0 90.4 76.3 91.8 116.2 131.5 141.0 149.4 158.5
-9999.0 -9999.0 -9999.0 -9999.0 -9999.0 -9999.0 -9999.0 -9999.0 -9999.0 -9999.0 -9999.0 -9999.0 -9999.0 -9999.0 -9999.0 -9999.0 -9999.0 -9999.0 -9999.0 -9999.0 -9999.0 -9999.0 -9999.0 -9999.0 -9999.0 -9999.0 -9999.0 -9999.0 -9999.0 -9999.0 -9999.0 -9999.0 -9999.0 -9999.0 -9999.0 -9999.0 -9999.0 -9999.0 -9999.0 -9999.0 -9999.0 -9999.0 -9999.0 -9999.0 -9999.0 -9999.0 -9999.0 -9999.0 -9999.0 -9999.0 -9999.0 -9999.0 -9999.0 -9999.0 304.6 246.7 174.8 168.5 220.1 285.0 268.9 -9999.0 -9999.0 -9999.0 -9999.0 -9999.0 -9999.0 -9999.0 86.3 93.5 128.5 152.6 181.5 197.5 201.7 210.0
-9999.0 -9999.0 -9999.0 -9999.0 -9999.0 -9999.0 -9999.0 -9999.0 -9999.0 -9999.0 -9999.0 -9999.0 -9999.0 -9999.0 -9999.0 -9999.0 -9999.0 -9999.0 -9999.0 -9999.0 -9999.0 -9999.0 -9999.0 -9999.0 -9999.0 -9999.0 -9999.0 -9999.0 -9999.0 -9999.0 -9999.0 -9999.0 -9999.0 -9999.0 -9999.0 -9999.0 -9999.0 -9999.0 -9999.0 -9999.0 -9999.0 -9999.0 -9999.0 -9999.0 -9999.0 -9999.0 -9999.0 -9999.0 -9999.0 -9999.0 -9999.0 -9999.0 -9999.0 -9999.0 -9999.0 266.8 304.9 235.6 253.5 319.3 348.2 -9999.0 -9999.0 -9999.0 -9999.0 -9999.0 -9999.0 -9999.0 -9999.0 -9999.0 133.6 -9999.0 -9999.0 -9999.0 -9999.0 -9999.0
-9999.0 -9999.0 -9999.0 -9999.0 -9999.0 -9999.0 -9999.0 -9999.0 -9999.0 -9999.0 -9999.0 -9999.0 -9999.0 -9999.0 -9999.0 -9999.0 -9999.0 -9999.0 -9999.0 -9999.0 -9999.0 -9999.0 -9999.0 -9999.0 -9999.0 -9999.0 -9999.0 -9999.0 -9999.0 -9999.0 -9999.0 -9999.0 -9999.0 -9999.0 -9999.0 -9999.0 -9999.0 -9999.0 -9999.0 -9999.0 -9999.0 -9999.0 -9999.0 -9999.0 -9999.0 -9999.0 -9999.0 -9999.0 -9999.0 -9999.0 -9999.0 -9999.0 -9999.0 -9999.0 -9999.0 -9999.0 -9999.0 -9999.0 334.5 352.1 -9999.0 -9999.0 -9999.0 -9999.0 -9999.0 -9999.0 -9999.0 -9999.0 -9999.0 -9999.0 -9999.0 -9999.0 -9999.0 -9999.0 -9999.0 196.8
-9999.0 -9999.0 -9999.0 -9999.0 -9999.0 -9999.0 -9999.0 -9999.0 -9999.0 -9999.0 -9999.0 -9999.0 -9999.0 -9999.0 -9999.0 -9999.0 -9999.0 -9999.0 -9999.0 -9999.0 -9999.0 -9999.0 -9999.0 -9999.0 -9999.0 -9999.0 -9999.0 -9999.0 -9999.0 -9999.0 -9999.0 -9999.0 -9999.0 -9999.0 -9999.0 -9999.0 -9999.0 -9999.0 -9999.0 -9999.0 -9999.0 -9999.0 -9999.0 -9999.0 -9999.0 -9999.0 -9999.0 -9999.0 -9999.0 -9999.0 -9999.0 -9999.0 -9999.0 -9999.0 -9999.0 -9999.0 -9999.0 -9999.0 -9999.0 -9999.0 -9999.0 -9999.0 -9999.0 -9999.0 -9999.0 -9999.0 -9999.0 -9999.0 -9999.0 -9999.0 -9999.0 -9999.0 -9999.0 -9999.0 -9999.0 -9999.0
