program/excelProcessViaJava/data/SURF_CLI_CHN_PRE_MON_GRID_0.5-198310.txt
NCOLS      128
NROWS       72
XLLCORNER    72.000000000000    
YLLCORNER    18.000000000000    
CELLSIZE    0.50000000000000    
NODATA_VALUE   -9999.000    
[rows 34 to 67 of 72, columns 0 to 75 of 128]
-9999.0 -9999.0 -9999.0 -9999.0 16.7 9.2 18.0 4.7 16.5 10.5 0.6 2.7 0.4 0.3 0.1 0.1 0.1 0.2 0.3 0.3 0.2 0.2 0.3 0.2 0.8 3.0 2.8 4.5 6.1 8.1 9.8 12.5 12.0 12.1 12.1 9.8 10.0 9.7 5.2 2.8 2.9 1.2 0.8 0.6 0.5 0.4 0.4 0.6 1.1 2.2 3.3 4.1 10.3 9.6 12.0 18.6 22.5 24.5 25.9 18.4 29.1 25.7 27.4 28.5 19.5 17.8 28.7 27.3 27.0 30.5 29.9 36.7 47.8 60.8 65.4 65.5
-9999.0 -9999.0 -9999.0 -9999.0 -9999.0 -9999.0 -9999.0 6.4 8.7 3.5 9.3 6.1 0.8 0.7 0.4 0.1 0.1 0.1 0.1 0.1 0.2 0.4 0.8 1.3 2.3 3.7 6.1 8.6 11.3 14.9 17.0 18.4 18.9 19.4 19.5 15.6 15.5 11.4 11.3 9.4 3.8 7.5 5.5 2.7 1.4 1.2 1.0 1.2 1.8 2.6 3.6 4.7 7.9 25.8 27.2 21.2 22.5 21.9 28.3 24.3 32.9 32.1 31.4 32.4 35.7 26.8 31.3 33.4 31.7 35.1 37.9 44.9 58.5 71.6 72.8 73.3
-9999.0 -9999.0 -9999.0 -9999.0 -9999.0 -9999.0 -9999.0 21.3 3.3 6.6 6.6 2.4 2.3 3.4 0.8 2.7 0.3 0.3 0.7 0.3 0.5 1.2 1.8 3.0 4.7 7.1 9.9 13.9 16.4 19.3 23.3 25.5 26.3 28.0 24.6 22.3 18.2 16.2 12.6 9.4 8.3 7.6 7.9 11.0 5.5 3.7 3.5 3.6 6.6 7.0 16.3 18.3 14.9 23.2 37.1 30.4 31.8 32.6 34.3 36.5 38.9 47.0 46.5 45.8 37.1 32.6 32.5 33.7 42.5 46.2 54.3 63.8 78.2 92.7 88.5 98.1
-9999.0 -9999.0 -9999.0 -9999.0 -9999.0 -9999.0 -9999.0 -9999.0 -9999.0 5.7 3.6 1.9 3.3 2.0 0.8 0.4 0.7 2.7 1.0 2.2 1.7 2.1 3.4 5.4 7.9 11.1 14.9 18.8 22.5 27.3 29.3 32.3 33.7 34.6 31.3 28.3 24.0 20.5 15.4 13.0 10.7 11.5 12.1 12.5 13.4 12.3 11.1 10.3 11.7 14.5 20.9 23.9 27.4 32.5 46.6 42.4 41.8 42.7 45.6 46.8 50.4 55.6 58.4 48.0 43.5 37.6 35.2 39.3 57.5 68.6 83.8 98.1 111.0 125.3 134.4 113.8
-9999.0 -9999.0 -9999.0 -9999.0 -9999.0 -9999.0 -9999.0 -9999.0 -9999.0 -9999.0 -9999.0 4.8 0.8 2.8 1.2 1.2 0.9 0.8 1.0 1.6 2.9 3.8 5.8 8.4 12.2 15.8 20.2 24.7 29.2 33.4 37.2 41.1 42.1 42.6 40.7 40.4 33.2 27.8 27.8 18.1 17.3 16.7 19.6 23.1 27.0 25.0 26.4 22.3 24.4 27.2 29.8 35.8 42.0 51.0 61.8 61.3 59.6 62.0 61.7 64.2 70.1 67.7 60.4 52.7 54.4 42.5 40.7 53.1 77.7 103.2 124.6 140.6 153.5 161.0 154.6 155.5
-9999.0 -9999.0 -9999.0 -9999.0 -9999.0 -9999.0 -9999.0 -9999.0 -9999.0 -9999.0 -9999.0 -9999.0 1.1 0.8 1.7 0.9 2.5 1.4 1.8 3.6 3.4 5.4 8.1 11.7 16.2 20.2 25.3 29.4 34.3 38.8 43.4 47.1 49.8 51.8 51.6 48.6 47.7 38.5 30.7 24.6 22.0 24.5 31.3 39.3 45.7 47.8 46.3 40.6 40.9 44.6 53.2 58.6 61.1 63.3 69.5 75.5 80.0 87.7 81.0 92.7 94.3 102.5 98.9 77.4 59.4 76.9 61.3 80.1 110.3 141.2 160.9 181.3 190.6 196.8 205.0 229.5
-9999.0 -9999.0 -9999.0 -9999.0 -9999.0 -9999.0 -9999.0 -9999.0 -9999.0 -9999.0 -9999.0 -9999.0 4.1 0.7 0.6 1.3 0.9 1.3 2.5 3.2 4.8 7.3 10.4 14.9 20.7 24.7 29.3 35.0 38.2 43.5 46.8 50.6 54.6 57.1 58.3 57.2 56.0 51.3 43.6 36.7 33.3 37.0 45.9 59.8 69.7 74.8 76.2 70.0 65.1 66.5 69.8 75.3 74.9 77.6 73.6 81.4 86.7 97.7 100.3 107.8 114.2 115.8 125.8 132.7 73.4 81.9 70.1 92.2 127.4 159.0 187.9 229.0 253.4 239.5 252.9 241.3
-9999.0 -9999.0 -9999.0 -9999.0 -9999.0 -9999.0 -9999.0 -9999.0 -9999.0 -9999.0 -9999.0 -9999.0 -9999.0 1.3 2.2 0.9 1.4 1.6 2.4 3.9 5.9 9.6 12.6 19.3 23.9 25.1 29.0 31.5 36.9 41.6 47.4 52.0 54.7 58.4 61.3 62.2 61.7 59.5 58.0 49.5 45.8 49.0 58.8 71.1 89.4 103.8 101.6 92.6 85.0 81.6 82.1 81.1 78.6 87.4 80.9 79.4 85.0 100.8 123.5 131.9 144.3 137.1 144.9 88.2 67.6 74.7 91.4 107.4 145.9 162.6 156.4 180.4 217.6 248.7 276.0 250.1
-9999.0 -9999.0 -9999.0 -9999.0 -9999.0 -9999.0 -9999.0 -9999.0 -9999.0 -9999.0 -9999.0 -9999.0 2.0 3.1 2.0 1.3 2.3 2.2 3.0 5.2 8.2 12.2 16.2 22.4 28.4 26.6 30.6 34.5 36.5 38.3 42.6 48.7 49.6 55.0 57.9 60.6 62.3 62.3 58.9 53.4 52.0 54.7 61.1 77.7 89.5 98.6 102.2 92.8 80.1 74.7 76.6 79.9 70.6 70.4 62.0 61.6 73.3 77.2 102.5 114.3 135.2 159.9 142.2 162.5 95.3 72.9 70.9 98.4 160.5 216.8 233.8 222.3 213.5 190.3 193.3 203.2
-9999.0 -9999.0 -9999.0 -9999.0 -9999.0 -9999.0 -9999.0 -9999.0 -9999.0 -9999.0 -9999.0 -9999.0 3.6 1.5 1.5 3.7 2.8 2.6 3.9 5.5 10.3 13.0 18.3 24.0 31.4 35.6 35.0 34.3 33.3 35.5 37.6 39.7 40.8 47.3 49.6 51.2 53.9 55.5 53.5 48.1 45.7 49.4 58.2 67.5 74.4 75.2 70.3 63.8 57.1 46.5 45.7 53.8 43.9 37.9 37.4 36.3 43.3 58.3 70.4 106.5 140.0 174.5 95.0 59.4 54.0 47.1 73.5 92.4 118.4 158.5 194.5 213.7 216.3 248.0 271.8 210.4
-9999.0 -9999.0 -9999.0 -9999.0 -9999.0 -9999.0 -9999.0 -9999.0 -9999.0 -9999.0 -9999.0 -9999.0 2.7 3.0 2.3 2.2 2.6 3.7 4.6 6.8 9.1 12.3 20.2 22.2 28.4 24.0 26.0 20.1 26.4 25.4 26.3 24.5 31.7 35.6 36.5 36.6 38.4 40.1 38.6 35.0 32.9 38.6 40.1 57.2 50.2 46.6 43.6 33.9 24.6 23.3 24.3 18.7 45.0 45.8 28.6 18.0 22.7 34.0 52.7 56.6 75.4 93.2 192.9 43.3 20.7 77.3 74.4 90.2 126.4 150.0 175.9 236.6 248.5 293.2 458.9 282.8
-9999.0 -9999.0 -9999.0 -9999.0 -9999.0 -9999.0 -9999.0 -9999.0 -9999.0 -9999.0 -9999.0 -9999.0 -9999.0 8.0 5.3 3.5 3.8 4.9 6.2 8.5 11.6 16.5 18.8 20.4 29.8 26.7 24.8 22.5 14.8 17.5 11.7 14.0 16.0 20.4 20.7 20.6 22.4 24.1 23.3 20.7 19.6 22.6 26.3 27.9 30.4 24.6 21.6 11.4 16.0 13.5 6.4 17.7 13.1 5.2 16.1 15.2 6.7 10.4 27.3 74.8 83.7 215.5 126.5 12.9 54.4 49.8 52.7 77.1 117.9 160.9 179.0 196.7 250.4 221.7 265.5 237.5
-9999.0 -9999.0 -9999.0 -9999.0 -9999.0 -9999.0 -9999.0 -9999.0 -9999.0 -9999.0 -9999.0 -9999.0 -9999.0 9.3 7.6 6.1 7.5 8.1 10.3 13.1 15.4 18.3 20.5 23.9 37.2 27.6 20.2 18.7 10.5 2.8 2.6 3.2 5.7 7.2 7.8 9.2 10.8 12.1 12.2 15.0 10.2 11.3 13.7 16.1 21.8 15.3 12.4 7.4 5.8 4.5 7.6 0.8 6.2 11.7 14.3 6.4 1.6 4.0 19.1 10.3 64.9 21.2 21.2 51.4 37.0 30.6 39.3 72.5 117.6 148.1 166.7 185.0 202.6 228.8 251.0 278.2
-9999.0 -9999.0 -9999.0 -9999.0 -9999.0 -9999.0 -9999.0 -9999.0 -9999.0 -9999.0 -9999.0 -9999.0 -9999.0 -9999.0 -9999.0 11.4 12.7 13.6 17.5 24.6 23.7 31.9 37.6 36.2 30.5 25.9 10.5 7.6 1.7 1.2 0.3 0.3 0.4 0.8 1.7 3.3 5.4 4.9 5.1 5.0 7.3 8.7 9.1 10.6 16.8 23.1 10.7 12.5 5.7 1.7 1.6 12.4 2.7 3.0 0.2 1.2 1.5 1.0 20.7 50.4 7.9 17.1 49.8 35.7 30.6 33.8 51.8 91.3 120.4 134.8 146.0 149.8 195.0 210.9 205.5 285.7
-9999.0 -9999.0 -9999.0 -9999.0 -9999.0 -9999.0 -9999.0 -9999.0 -9999.0 -9999.0 -9999.0 -9999.0 -9999.0 -9999.0 -9999.0 -9999.0 -9999.0 153.2 69.6 -9999.0 72.0 46.2 67.5 67.3 41.0 33.8 11.9 6.4 3.0 0.1 0.0 0.0 0.0 0.1 0.5 0.5 2.4 2.0 2.1 2.6 3.9 8.0 7.5 9.6 66.2 36.0 154.0 14.1 9.2 5.2 1.9 1.2 0.5 3.5 3.8 3.5 0.8 12.0 21.2 44.6 4.2 25.9 43.4 37.8 34.4 41.4 64.6 91.8 109.8 111.4 118.8 146.5 169.7 135.7 175.1 233.1
-9999.0 -9999.0 -9999.0 -9999.0 -9999.0 -9999.0 -9999.0 -9999.0 -9999.0 -9999.0 -9999.0 -9999.0 -9999.0 -9999.0 -9999.0 -9999.0 -9999.0 -9999.0 -9999.0 -9999.0 -9999.0 97.1 82.4 55.6 62.8 83.3 52.4 23.8 4.4 0.9 0.0 0.2 0.0 0.0 0.3 0.3 0.5 0.9 1.3 2.0 2.5 9.2 12.1 13.6 79.7 27.4 251.3 38.9 21.9 88.9 6.7 21.8 16.7 1.3 3.4 10.6 14.3 11.8 62.3 41.2 7.2 17.7 40.8 40.9 43.8 50.9 70.6 83.8 101.5 95.1 91.5 106.5 107.4 101.6 137.9 171.5
-9999.0 -9999.0 -9999.0 -9999.0 -9999.0 -9999.0 -9999.0 -9999.0 -9999.0 -9999.0 -9999.0 -9999.0 -9999.0 -9999.0 -9999.0 -9999.0 -9999.0 -9999.0 -9999.0 -9999.0 -9999.0 -9999.0 -9999.0 283.2 137.2 123.1 88.4 40.9 5.4 1.7 0.0 0.0 0.0 0.0 0.2 0.6 2.2 2.6 6.3 10.3 11.5 18.3 15.5 26.8 99.0 330.0 131.3 88.1 94.2 75.8 18.8 20.8 6.6 7.0 6.7 9.1 22.5 44.8 16.2 53.4 14.0 30.2 45.9 36.8 39.4 50.1 69.2 76.7 54.9 73.7 78.3 87.2 91.7 108.8 140.8 163.0
-9999.0 -9999.0 -9999.0 -9999.0 -9999.0 -9999.0 -9999.0 -9999.0 -9999.0 -9999.0 -9999.0 -9999.0 -9999.0 -9999.0 -9999.0 -9999.0 -9999.0 -9999.0 -9999.0 -9999.0 -9999.0 -9999.0 -9999.0 -9999.0 -9999.0 511.3 235.5 29.3 13.1 3.6 0.3 0.5 0.7 0.6 2.8 4.6 13.4 11.4 20.4 20.9 32.4 26.3 85.4 95.2 265.8 365.7 269.0 377.4 62.9 85.3 45.1 30.9 34.9 29.8 22.8 29.6 43.3 42.4 67.1 61.8 50.4 54.3 132.9 35.0 36.5 44.6 50.1 38.3 45.4 61.8 69.6 81.7 94.9 110.4 127.2 138.9
-9999.0 -9999.0 -9999.0 -9999.0 -9999.0 -9999.0 -9999.0 -9999.0 -9999.0 -9999.0 -9999.0 -9999.0 -9999.0 -9999.0 -9999.0 -9999.0 -9999.0 -9999.0 -9999.0 -9999.0 -9999.0 -9999.0 -9999.0 -9999.0 -9999.0 -9999.0 -9999.0 600.5 505.0 124.6 63.2 39.3 4.8 38.8 14.8 97.5 28.3 33.9 47.2 44.3 53.9 54.2 143.9 288.0 332.8 388.0 423.0 410.8 376.5 192.7 230.4 184.0 59.0 57.2 55.5 66.7 57.8 48.8 71.7 42.7 38.9 68.3 48.7 46.4 53.7 40.0 45.7 49.6 50.3 59.8 70.9 86.0 92.8 103.0 112.4 111.9
-9999.0 -9999.0 -9999.0 -9999.0 -9999.0 -9999.0 -9999.0 -9999.0 -9999.0 -9999.0 -9999.0 -9999.0 -9999.0 -9999.0 -9999.0 -9999.0 -9999.0 -9999.0 -9999.0 -9999.0 -9999.0 -9999.0 -9999.0 -9999.0 -9999.0 -9999.0 -9999.0 -9999.0 -9999.0 -9999.0 -9999.0 -9999.0 -9999.0 199.4 60.9 -9999.0 -9999.0 -9999.0 145.8 89.3 121.0 173.4 164.9 348.1 411.7 417.4 -9999.0 -9999.0 -9999.0 -9999.0 -9999.0 -9999.0 141.9 100.4 88.7 74.4 71.6 51.3 46.9 46.4 62.0 75.0 70.3 58.6 49.5 55.0 68.5 78.4 74.4 70.5 73.4 83.4 91.5 89.8 91.4 86.2
-9999.0 -9999.0 -9999.0 -9999.0 -9999.0 -9999.0 -9999.0 -9999.0 -9999.0 -9999.0 -9999.0 -9999.0 -9999.0 -9999.0 -9999.0 -9999.0 -9999.0 -9999.0 -9999.0 -9999.0 -9999.0 -9999.0 -9999.0 -9999.0 -9999.0 -9999.0 -9999.0 -9999.0 -9999.0 -9999.0 -9999.0 -9999.0 -9999.0 -9999.0 -9999.0 -9999.0 -9999.0 -9999.0 -9999.0 401.5 386.3 391.8 401.5 407.5 -9999.0 -9999.0 -9999.0 -9999.0 -9999.0 -9999.0 -9999.0 -9999.0 192.8 150.6 125.1 90.8 73.4 59.8 56.9 73.4 95.2 87.2 75.2 60.5 62.4 91.7 122.7 105.9 91.8 97.4 92.2 83.8 79.6 91.7 80.3 74.7
-9999.0 -9999.0 -9999.0 -9999.0 -9999.0 -9999.0 -9999.0 -9999.0 -9999.0 -9999.0 -9999.0 -9999.0 -9999.0 -9999.0 -9999.0 -9999.0 -9999.0 -9999.0 -9999.0 -9999.0 -9999.0 -9999.0 -9999.0 -9999.0 -9999.0 -9999.0 -9999.0 -9999.0 -9999.0 -9999.0 -9999.0 -9999.0 -9999.0 -9999.0 -9999.0 -9999.0 -9999.0 -9999.0 -9999.0 -9999.0 -9999.0 -9999.0 -9999.0 -9999.0 -9999.0 -9999.0 -9999.0 -9999.0 -9999.0 -9999.0 -9999.0 -9999.0 225.4 195.8 157.3 138.5 92.6 74.4 71.9 89.2 111.0 101.0 124.4 64.7 77.0 109.3 118.1 114.9 106.9 103.2 97.2 90.6 123.4 99.2 95.2 73.5
-9999.0 -9999.0 -9999.0 -9999.0 -9999.0 -9999.0 -9999.0 -9999.0 -9999.0 -9999.0 -9999.0 -9999.0 -9999.0 -9999.0 -9999.0 -9999.0 -9999.0 -9999.0 -9999.0 -9999.0 -9999.0 -9999.0 -9999.0 -9999.0 -9999.0 -9999.0 -9999.0 -9999.0 -9999.0 -9999.0 -9999.0 -9999.0 -9999.0 -9999.0 -9999.0 -9999.0 -9999.0 -9999.0 -9999.0 -9999.0 -9999.0 -9999.0 -9999.0 -9999.0 -9999.0 -9999.0 -9999.0 -9999.0 -9999.0 -9999.0 -9999.0 248.2 259.6 223.0 166.1 134.5 105.9 97.6 85.4 95.6 103.3 94.1 77.6 74.3 92.1 116.1 113.9 89.7 110.9 100.6 99.3 99.6 91.3 88.1 89.9 78.3
-9999.0 -9999.0 -9999.0 -9999.0 -9999.0 -9999.0 -9999.0 -9999.0 -9999.0 -9999.0 -9999.0 -9999.0 -9999.0 -9999.0 -9999.0 -9999.0 -9999.0 -9999.0 -9999.0 -9999.0 -9999.0 -9999.0 -9999.0 -9999.0 -9999.0 -9999.0 -9999.0 -9999.0 -9999.0 -9999.0 -9999.0 -9999.0 -9999.0 -9999.0 -9999.0 -9999.0 -9999.0 -9999.0 -9999.0 -9999.0 -9999.0 -9999.0 -9999.0 -9999.0 -9999.0 -9999.0 -9999.0 -9999.0 -9999.0 -9999.0 213.2 239.6 234.7 213.3 148.3 133.6 97.7 82.9 95.4 107.5 102.6 95.5 74.3 89.0 114.3 125.8 135.2 105.5 122.9 100.8 107.0 96.3 98.2 112.2 118.1 121.9
-9999.0 -9999.0 -9999.0 -9999.0 -9999.0 -9999.0 -9999.0 -9999.0 -9999.0 -9999.0 -9999.0 -9999.0 -9999.0 -9999.0 -9999.0 -9999.0 -9999.0 -9999.0 -9999.0 -9999.0 -9999.0 -9999.0 -9999.0 -9999.0 -9999.0 -9999.0 -9999.0 -9999.0 -9999.0 -9999.0 -9999.0 -9999.0 -9999.0 -9999.0 -9999.0 -9999.0 -9999.0 -9999.0 -9999.0 -9999.0 -9999.0 -9999.0 -9999.0 -9999.0 -9999.0 -9999.0 -9999.0 -9999.0 -9999.0 -9999.0 171.9 221.3 144.2 159.4 145.5 110.9 77.3 115.5 119.1 110.4 92.0 75.2 62.1 93.0 131.9 103.2 109.2 94.4 110.7 105.2 110.1 114.3 119.3 118.0 111.8 101.8
-9999.0 -9999.0 -9999.0 -9999.0 -9999.0 -9999.0 -9999.0 -9999.0 -9999.0 -9999.0 -9999.0 -9999.0 -9999.0 -9999.0 -9999.0 -9999.0 -9999.0 -9999.0 -9999.0 -9999.0 -9999.0 -9999.0 -9999.0 -9999.0 -9999.0 -9999.0 -9999.0 -9999.0 -9999.0 -9999.0 -9999.0 -9999.0 -9999.0 -9999.0 -9999.0 -9999.0 -9999.0 -9999.0 -9999.0 -9999.0 -9999.0 -9999.0 -9999.0 -9999.0 -9999.0 -9999.0 -9999.0 -9999.0 -9999.0 -9999.0 139.9 124.5 100.2 167.5 95.5 90.8 140.8 124.9 135.7 100.2 86.7 78.4 74.5 87.6 132.6 119.6 89.6 91.1 109.1 142.4 119.5 169.8 125.5 149.6 119.6 115.3
-9999.0 -9999.0 -9999.0 -9999.0 -9999.0 -9999.0 -9999.0 -9999.0 -9999.0 -9999.0 -9999.0 -9999.0 -9999.0 -9999.0 -9999.0 -9999.0 -9999.0 -9999.0 -9999.0 -9999.0 -9999.0 -9999.0 -9999.0 -9999.0 -9999.0 -9999.0 -9999.0 -9999.0 -9999.0 -9999.0 -9999.0 -9999.0 -9999.0 -9999.0 -9999.0 -9999.0 -9999.0 -9999.0 -9999.0 -9999.0 -9999.0 -9999.0 -9999.0 -9999.0 -9999.0 -9999.0 -9999.0 -9999.0 -9999.0 -9999.0 130.3 139.5 108.1 114.2 108.7 130.8 100.8 136.4 135.3 86.3 79.5 65.0 38.5 84.9 127.9 126.6 132.9 120.9 166.4 107.8 134.3 130.6 136.7 145.8 111.2 112.8
-9999.0 -9999.0 -9999.0 -9999.0 -9999.0 -9999.0 -9999.0 -9999.0 -9999.0 -9999.0 -9999.0 -9999.0 -9999.0 -9999.0 -9999.0 -9999.0 -9999.0 -9999.0 -9999.0 -9999.0 -9999.0 -9999.0 -9999.0 -9999.0 -9999.0 -9999.0 -9999.0 -9999.0 -9999.0 -9999.0 -9999.0 -9999.0 -9999.0 -9999.0 -9999.0 -9999.0 -9999.0 -9999.0 -9999.0 -9999.0 -9999.0 -9999.0 -9999.0 -9999.0 -9999.0 -9999.0 -9999.0 -9999.0 -9999.0 -9999.0 -9999.0 -9999.0 -9999.0 93.0 90.4 96.7 117.3 141.3 113.0 77.6 131.8 32.7 105.0 85.9 110.6 113.9 154.4 119.7 176.1 181.3 147.7 119.2 105.3 95.6 83.5 62.5
-9999.0 -9999.0 -9999.0 -9999.0 -9999.0 -9999.0 -9999.0 -9999.0 -9999.0 -9999.0 -9999.0 -9999.0 -9999.0 -9999.0 -9999.0 -9999.0 -9999.0 -9999.0 -9999.0 -9999.0 -9999.0 -9999.0 -9999.0 -9999.0 -9999.0 -9999.0 -9999.0 -9999.0 -9999.0 -9999.0 -9999.0 -9999.0 -9999.0 -9999.0 -9999.0 -9999.0 -9999.0 -9999.0 -9999.0 -9999.0 -9999.0 -9999.0 -9999.0 -9999.0 -9999.0 -9999.0 -9999.0 -9999.0 -9999.0 -9999.0 -9999.0 -9999.0 -9999.0 101.2 96.5 125.4 104.4 113.7 119.9 115.7 49.0 45.2 100.5 89.6 109.7 119.4 103.5 185.6 147.0 155.9 132.1 111.4 101.3 83.3 60.7 63.4
-9999.0 -9999.0 -9999.0 -9999.0 -9999.0 -9999.0 -9999.0 -9999.0 -9999.0 -9999.0 -9999.0 -9999.0 -9999.0 -9999.0 -9999.0 -9999.0 -9999.0 -9999.0 -9999.0 -9999.0 -9999.0 -9999.0 -9999.0 -9999.0 -9999.0 -9999.0 -9999.0 -9999.0 -9999.0 -9999.0 -9999.0 -9999.0 -9999.0 -9999.0 -9999.0 -9999.0 -9999.0 -9999.0 -9999.0 -9999.0 -9999.0 -9999.0 -9999.0 -9999.0 -9999.0 -9999.0 -9999.0 -9999.0 -9999.0 -9999.0 -9999.0 -9999.0 -9999.0 106.5 97.6 93.1 83.5 90.6 103.2 83.1 69.6 70.6 120.3 159.2 142.5 -9999.0 -9999.0 -9999.0 187.0 147.8 155.0 160.2 133.1 90.0 66.7 82.8
-9999.0 -9999.0 -9999.0 -9999.0 -9999.0 -9999.0 -9999.0 -9999.0 -9999.0 -9999.0 -9999.0 -9999.0 -9999.0 -9999.0 -9999.0 -9999.0 -9999.0 -9999.0 -9999.0 -9999.0 -9999.0 -9999.0 -9999.0 -9999.0 -9999.0 -9999.0 -9999.0 -9999.0 -9999.0 -9999.0 -9999.0 -9999.0 -9999.0 -9999.0 -9999.0 -9999.0 -9999.0 -9999.0 -9999.0 -9999.0 -9999.0 -9999.0 -9999.0 -9999.0 -9999.0 -9999.0 -9999.0 -9999.0 -9999.0 -9999.0 -9999.0 -9999.0 -9999.0 -9999.0 91.5 75.6 65.5 79.0 96.2 106.8 105.2 -9999.0 -9999.0 -9999.0 -9999.0 -9999.0 -9999.0 -9999.0 161.4 198.0 265.1 203.3 149.9 101.8 77.2 84.4
-9999.0 -9999.0 -9999.0 -9999.0 -9999.0 -9999.0 -9999.0 -9999.0 -9999.0 -9999.0 -9999.0 -9999.0 -9999.0 -9999.0 -9999.0 -9999.0 -9999.0 -9999.0 -9999.0 -9999.0 -9999.0 -9999.0 -9999.0 -9999.0 -9999.0 -9999.0 -9999.0 -9999.0 -9999.0 -9999.0 -9999.0 -9999.0 -9999.0 -9999.0 -9999.0 -9999.0 -9999.0 -9999.0 -9999.0 -9999.0 -9999.0 -9999.0 -9999.0 -9999.0 -9999.0 -9999.0 -9999.0 -9999.0 -9999.0 -9999.0 -9999.0 -9999.0 -9999.0 -9999.0 -9999.0 69.7 75.0 78.0 108.9 126.0 138.7 -9999.0 -9999.0 -9999.0 -9999.0 -9999.0 -9999.0 -9999.0 -9999.0 -9999.0 221.8 -9999.0 -9999.0 -9999.0 -9999.0 -9999.0
-9999.0 -9999.0 -9999.0 -9999.0 -9999.0 -9999.0 -9999.0 -9999.0 -9999.0 -9999.0 -9999.0 -9999.0 -9999.0 -9999.0 -9999.0 -9999.0 -9999.0 -9999.0 -9999.0 -9999.0 -9999.0 -9999.0 -9999.0 -9999.0 -9999.0 -9999.0 -9999.0 -9999.0 -9999.0 -9999.0 -9999.0 -9999.0 -9999.0 -9999.0 -9999.0 -9999.0 -9999.0 -9999.0 -9999.0 -9999.0 -9999.0 -9999.0 -9999.0 -9999.0 -9999.0 -9999.0 -9999.0 -9999.0 -9999.0 -9999.0 -9999.0 -9999.0 -9999.0 -9999.0 -9999.0 -9999.0 -9999.0 -9999.0 117.4 148.1 -9999.0 -9999.0 -9999.0 -9999.0 -9999.0 -9999.0 -9999.0 -9999.0 -9999.0 -9999.0 -9999.0 -9999.0 -9999.0 -9999.0 -9999.0 181.8
-9999.0 -9999.0 -9999.0 -9999.0 -9999.0 -9999.0 -9999.0 -9999.0 -9999.0 -9999.0 -9999.0 -9999.0 -9999.0 -9999.0 -9999.0 -9999.0 -9999.0 -9999.0 -9999.0 -9999.0 -9999.0 -9999.0 -9999.0 -9999.0 -9999.0 -9999.0 -9999.0 -9999.0 -9999.0 -9999.0 -9999.0 -9999.0 -9999.0 -9999.0 -9999.0 -9999.0 -9999.0 -9999.0 -9999.0 -9999.0 -9999.0 -9999.0 -9999.0 -9999.0 -9999.0 -9999.0 -9999.0 -9999.0 -9999.0 -9999.0 -9999.0 -9999.0 -9999.0 -9999.0 -9999.0 -9999.0 -9999.0 -9999.0 -9999.0 -9999.0 -9999.0 -9999.0 -9999.0 -9999.0 -9999.0 -9999.0 -9999.0 -9999.0 -9999.0 -9999.0 -9999.0 -9999.0 -9999.0 -9999.0 -9999.0 -9999.0
