program/excelProcessViaJava/data/SURF_CLI_CHN_PRE_MON_GRID_0.5-198404.txt
NCOLS      128
NROWS       72
XLLCORNER    72.000000000000    
YLLCORNER    18.000000000000    
CELLSIZE    0.50000000000000    
NODATA_VALUE   -9999.000    
[rows 34 to 67 of 72, columns 0 to 77 of 128]
-9999.0 -9999.0 -9999.0 -9999.0 0.0 0.1 0.0 0.1 0.0 0.0 0.4 0.0 0.0 0.0 1.4 0.4 0.1 0.2 0.4 0.8 0.5 0.4 0.2 0.0 0.0 0.0 0.0 0.0 0.0 0.0 0.1 0.3 0.9 1.9 3.5 4.5 7.0 9.4 7.0 4.1 6.5 1.7 1.2 0.6 0.5 0.5 0.4 0.6 1.0 2.1 3.2 4.7 17.9 11.1 7.8 9.3 11.7 16.7 24.4 18.5 30.7 18.0 14.4 14.6 15.9 21.7 31.2 33.5 30.4 27.6 23.1 26.8 33.1 37.4 33.9 29.8 26.1 30.5
-9999.0 -9999.0 -9999.0 -9999.0 -9999.0 -9999.0 -9999.0 0.0 0.0 0.0 0.0 0.0 0.0 0.0 0.0 0.5 0.0 0.1 0.2 0.0 0.0 0.0 0.0 0.0 0.0 0.0 0.0 0.0 0.0 0.0 0.1 0.3 0.9 1.9 3.5 4.3 6.8 7.2 10.1 11.2 5.0 13.0 10.9 5.7 2.5 1.1 1.7 1.5 3.0 1.9 1.6 2.4 6.2 22.9 16.0 6.2 9.6 15.4 22.9 25.3 31.8 19.5 16.6 16.9 21.1 24.8 32.5 37.8 34.5 32.0 30.7 35.3 43.0 46.1 41.6 36.9 27.1 26.7
-9999.0 -9999.0 -9999.0 -9999.0 -9999.0 -9999.0 -9999.0 0.0 0.0 0.0 0.0 0.0 0.0 0.0 0.0 0.0 0.0 0.0 0.0 0.0 0.0 0.0 0.0 0.0 0.0 0.0 0.0 0.0 0.0 0.1 0.2 0.3 0.9 1.9 2.7 3.8 4.5 6.3 6.9 6.8 7.7 8.1 9.0 14.0 5.9 2.9 4.2 5.2 12.0 10.5 22.4 20.3 8.3 10.5 14.5 5.5 8.7 15.3 21.3 27.2 35.5 36.0 27.8 27.7 25.9 26.9 30.1 33.4 37.4 28.5 33.2 41.9 49.1 48.8 38.5 39.1 32.6 23.4
-9999.0 -9999.0 -9999.0 -9999.0 -9999.0 -9999.0 -9999.0 -9999.0 -9999.0 0.0 0.0 0.0 0.0 0.0 0.0 0.0 0.0 0.0 0.0 0.0 0.0 0.0 0.0 0.0 0.0 0.0 0.0 0.0 0.0 0.1 0.2 0.4 0.8 1.6 2.0 2.7 3.2 4.2 4.2 5.1 4.8 6.2 6.0 5.3 6.9 6.9 7.6 8.3 10.3 12.0 16.3 14.7 11.7 8.4 11.4 6.1 8.5 14.3 18.4 25.7 34.2 38.5 42.4 36.1 33.9 28.8 27.7 31.1 34.4 28.0 33.9 40.4 45.5 45.0 42.3 30.0 28.1 26.7
-9999.0 -9999.0 -9999.0 -9999.0 -9999.0 -9999.0 -9999.0 -9999.0 -9999.0 -9999.0 -9999.0 0.0 0.0 0.0 0.0 0.0 0.0 0.0 0.0 0.0 0.0 0.0 0.0 0.0 0.0 0.0 0.0 0.0 0.0 0.1 0.3 0.5 0.9 1.4 1.8 3.2 2.8 3.2 6.6 3.7 5.0 4.0 3.6 3.6 7.1 4.9 9.6 8.0 10.5 11.1 9.9 11.1 11.0 10.7 11.0 8.3 9.1 12.1 16.6 22.4 26.8 38.4 47.6 47.7 43.7 28.1 30.6 32.4 31.0 31.2 33.4 38.3 38.4 35.4 28.4 28.9 30.0 35.3
-9999.0 -9999.0 -9999.0 -9999.0 -9999.0 -9999.0 -9999.0 -9999.0 -9999.0 -9999.0 -9999.0 -9999.0 0.0 0.0 0.0 0.0 0.0 0.0 0.0 0.0 0.0 0.0 0.0 0.0 0.0 0.0 0.0 0.0 0.1 0.1 0.3 0.6 1.1 1.6 2.2 2.5 4.4 3.1 2.5 2.0 1.9 2.1 2.4 3.6 3.8 4.8 6.7 5.3 6.9 8.3 12.1 12.7 10.9 9.0 9.2 9.8 10.4 11.2 16.8 16.2 22.7 26.8 35.8 47.8 40.9 45.6 30.6 33.4 33.5 34.2 31.5 33.2 31.9 30.7 33.1 49.3 45.3 45.4
-9999.0 -9999.0 -9999.0 -9999.0 -9999.0 -9999.0 -9999.0 -9999.0 -9999.0 -9999.0 -9999.0 -9999.0 0.0 0.0 0.1 0.0 0.0 0.0 0.0 0.0 0.0 0.0 0.0 0.0 0.0 0.0 0.0 0.1 0.2 0.4 0.5 0.8 1.3 1.7 2.2 2.4 3.9 4.4 3.7 3.0 2.0 1.9 4.0 2.4 3.9 5.4 3.8 4.1 4.0 6.6 8.1 10.7 10.5 11.6 11.0 11.9 12.1 12.2 15.8 18.8 23.3 30.1 34.7 42.8 39.9 42.5 29.1 31.7 30.5 31.7 36.0 44.6 46.0 36.4 40.1 40.9 40.4 51.5
-9999.0 -9999.0 -9999.0 -9999.0 -9999.0 -9999.0 -9999.0 -9999.0 -9999.0 -9999.0 -9999.0 -9999.0 -9999.0 0.0 0.0 0.1 0.0 0.0 0.0 0.0 0.0 0.0 0.0 0.0 0.0 0.0 0.0 0.0 0.2 0.3 0.9 1.4 1.6 2.1 2.1 2.4 3.0 4.2 10.4 6.6 5.4 6.1 5.2 7.3 4.5 3.2 4.3 5.7 6.8 7.7 9.2 10.3 12.0 16.0 14.8 14.2 13.5 13.0 12.9 15.3 19.0 29.4 37.6 56.1 33.0 37.1 41.6 39.8 40.0 34.9 29.1 26.0 26.9 30.5 37.2 36.4 38.7 41.3
-9999.0 -9999.0 -9999.0 -9999.0 -9999.0 -9999.0 -9999.0 -9999.0 -9999.0 -9999.0 -9999.0 -9999.0 0.0 0.0 0.0 0.1 0.0 0.0 0.0 0.1 0.1 0.1 0.0 0.1 0.1 0.0 0.1 0.2 0.4 0.6 1.3 2.2 2.1 2.4 2.7 2.6 4.5 4.0 5.2 6.8 13.5 18.3 20.6 8.3 8.6 7.4 5.5 5.0 6.8 8.5 11.7 14.9 14.6 16.6 16.5 15.9 15.1 15.0 15.3 19.1 23.1 29.2 45.2 54.4 64.1 50.2 29.5 35.1 48.3 50.8 41.5 28.2 23.2 24.8 24.6 24.0 28.8 42.1
-9999.0 -9999.0 -9999.0 -9999.0 -9999.0 -9999.0 -9999.0 -9999.0 -9999.0 -9999.0 -9999.0 -9999.0 0.0 1.1 0.3 0.0 0.0 0.2 0.2 0.0 0.3 0.1 0.1 0.1 0.3 0.4 0.5 0.7 0.9 1.8 2.6 2.9 2.8 3.1 2.7 2.8 3.0 5.1 7.2 7.2 10.4 11.7 13.6 15.2 14.7 13.7 14.9 12.2 11.3 9.9 11.3 14.6 15.5 17.3 18.1 17.5 16.5 16.7 18.0 21.6 27.0 35.0 59.2 68.6 62.4 41.7 44.4 34.9 39.3 42.8 36.9 28.1 23.9 25.6 30.7 28.1 34.6 48.4
-9999.0 -9999.0 -9999.0 -9999.0 -9999.0 -9999.0 -9999.0 -9999.0 -9999.0 -9999.0 -9999.0 -9999.0 5.6 0.1 2.7 0.9 0.8 0.0 0.1 0.1 0.0 0.0 0.1 0.1 0.2 0.1 0.2 0.2 1.4 2.2 3.2 2.8 4.2 3.9 3.1 2.9 3.7 6.2 8.4 14.6 16.1 15.8 32.9 19.0 24.9 28.5 25.7 17.2 13.2 12.6 12.9 13.4 21.5 23.6 20.5 18.5 19.0 20.7 24.0 28.6 38.0 50.1 56.8 69.6 42.3 38.6 34.1 37.8 47.7 48.2 41.5 40.9 35.9 41.1 79.0 47.2 67.1 51.9
-9999.0 -9999.0 -9999.0 -9999.0 -9999.0 -9999.0 -9999.0 -9999.0 -9999.0 -9999.0 -9999.0 -9999.0 -9999.0 0.0 0.0 1.8 0.8 1.3 0.1 0.1 0.0 0.1 0.0 0.0 0.4 0.3 0.5 1.2 0.9 3.3 2.3 3.7 4.4 4.7 4.0 5.7 7.4 8.4 13.5 16.4 22.2 48.7 60.2 53.0 36.5 33.0 32.0 20.1 20.4 16.3 12.7 16.8 16.4 16.3 22.9 24.3 20.1 23.5 31.5 41.8 49.8 61.6 69.5 54.1 28.3 23.3 25.3 39.7 58.7 67.0 58.2 52.0 60.9 50.8 59.0 56.2 56.4 58.9
-9999.0 -9999.0 -9999.0 -9999.0 -9999.0 -9999.0 -9999.0 -9999.0 -9999.0 -9999.0 -9999.0 -9999.0 -9999.0 20.2 0.3 3.7 0.2 3.5 2.1 0.7 0.0 0.0 0.0 0.1 1.6 0.6 0.5 1.8 1.6 0.4 1.3 2.6 4.4 4.8 5.7 7.2 7.9 11.9 21.4 46.3 37.5 52.7 64.6 67.1 79.9 51.3 41.2 27.0 21.9 17.3 17.5 11.9 17.2 24.9 30.6 28.0 24.1 30.5 43.2 51.0 65.2 72.9 51.5 29.5 21.2 18.3 25.5 47.1 74.2 83.9 81.5 84.6 87.0 89.6 90.0 92.6 96.5 73.4
-9999.0 -9999.0 -9999.0 -9999.0 -9999.0 -9999.0 -9999.0 -9999.0 -9999.0 -9999.0 -9999.0 -9999.0 -9999.0 -9999.0 -9999.0 6.0 7.8 3.1 4.7 6.2 0.4 1.5 1.7 0.9 0.5 0.6 0.1 0.3 0.2 1.1 1.1 2.3 3.2 4.8 5.6 12.3 20.4 10.6 19.9 30.8 58.6 75.2 78.9 74.4 54.7 52.6 49.7 41.7 30.7 27.1 17.3 29.8 18.9 23.4 14.4 29.0 33.2 27.8 56.8 70.0 79.2 59.1 39.6 31.1 24.5 26.1 38.6 63.5 84.9 98.7 107.1 114.6 133.3 126.5 109.4 128.3 121.2 125.7
-9999.0 -9999.0 -9999.0 -9999.0 -9999.0 -9999.0 -9999.0 -9999.0 -9999.0 -9999.0 -9999.0 -9999.0 -9999.0 -9999.0 -9999.0 -9999.0 -9999.0 129.1 50.5 -9999.0 26.3 3.4 9.5 7.7 1.5 1.6 0.2 0.3 1.0 0.3 0.9 2.3 3.0 2.8 2.6 7.0 24.3 3.9 18.3 29.4 47.7 80.8 74.6 67.2 59.9 64.6 168.1 61.8 47.9 36.0 45.7 23.7 30.0 34.5 40.6 43.4 33.5 56.7 66.1 80.1 63.2 61.9 50.9 38.4 34.4 39.0 52.4 70.6 85.5 98.2 106.1 137.3 146.8 117.6 121.1 142.4 139.3 141.6
-9999.0 -9999.0 -9999.0 -9999.0 -9999.0 -9999.0 -9999.0 -9999.0 -9999.0 -9999.0 -9999.0 -9999.0 -9999.0 -9999.0 -9999.0 -9999.0 -9999.0 -9999.0 -9999.0 -9999.0 -9999.0 21.0 10.1 2.0 4.8 12.8 7.9 4.2 1.5 2.3 1.3 4.7 2.8 2.5 2.1 6.6 7.7 7.3 4.2 1.4 4.3 73.1 83.6 73.7 62.7 70.9 260.0 92.3 77.2 149.1 52.8 71.1 68.2 41.4 49.6 63.4 63.8 53.4 89.1 80.5 60.0 74.6 69.7 54.7 44.2 46.7 56.5 66.0 77.3 82.8 91.3 113.7 117.9 92.4 90.1 107.5 131.3 157.0
-9999.0 -9999.0 -9999.0 -9999.0 -9999.0 -9999.0 -9999.0 -9999.0 -9999.0 -9999.0 -9999.0 -9999.0 -9999.0 -9999.0 -9999.0 -9999.0 -9999.0 -9999.0 -9999.0 -9999.0 -9999.0 -9999.0 -9999.0 80.6 22.8 21.1 15.5 7.5 1.4 2.2 1.4 2.1 5.9 6.8 13.5 16.1 27.1 13.0 34.6 50.6 50.4 79.6 47.9 38.1 68.4 263.2 157.2 154.3 208.8 227.4 120.9 96.0 93.2 84.8 62.6 27.1 64.3 80.8 34.6 76.1 61.6 80.4 87.0 74.7 59.9 51.4 55.5 58.6 44.1 54.1 69.1 82.5 94.3 108.6 93.7 105.0 147.7 184.0
-9999.0 -9999.0 -9999.0 -9999.0 -9999.0 -9999.0 -9999.0 -9999.0 -9999.0 -9999.0 -9999.0 -9999.0 -9999.0 -9999.0 -9999.0 -9999.0 -9999.0 -9999.0 -9999.0 -9999.0 -9999.0 -9999.0 -9999.0 -9999.0 -9999.0 148.6 55.2 4.1 3.5 3.7 3.4 6.4 8.7 13.2 13.4 32.2 67.8 28.2 60.2 37.3 81.3 41.7 24.1 42.7 162.4 286.0 280.8 446.9 147.3 238.2 140.7 149.1 144.2 135.9 86.1 54.4 64.3 43.4 72.1 66.1 63.8 69.6 90.2 75.5 65.4 59.2 54.8 46.9 47.7 59.6 52.9 68.8 85.7 123.6 136.1 135.2 159.1 199.8
-9999.0 -9999.0 -9999.0 -9999.0 -9999.0 -9999.0 -9999.0 -9999.0 -9999.0 -9999.0 -9999.0 -9999.0 -9999.0 -9999.0 -9999.0 -9999.0 -9999.0 -9999.0 -9999.0 -9999.0 -9999.0 -9999.0 -9999.0 -9999.0 -9999.0 -9999.0 -9999.0 162.3 134.8 40.7 28.3 24.3 24.1 21.5 32.6 12.7 26.0 23.6 6.6 26.5 55.8 17.2 40.7 128.3 197.2 290.6 381.4 449.7 503.6 391.4 512.6 489.7 213.0 190.5 126.3 86.7 37.9 24.0 53.6 39.1 33.1 58.5 52.1 53.8 59.9 70.8 71.0 59.0 53.0 57.4 62.8 95.1 95.0 130.9 138.8 157.0 201.6 213.9
-9999.0 -9999.0 -9999.0 -9999.0 -9999.0 -9999.0 -9999.0 -9999.0 -9999.0 -9999.0 -9999.0 -9999.0 -9999.0 -9999.0 -9999.0 -9999.0 -9999.0 -9999.0 -9999.0 -9999.0 -9999.0 -9999.0 -9999.0 -9999.0 -9999.0 -9999.0 -9999.0 -9999.0 -9999.0 -9999.0 -9999.0 -9999.0 -9999.0 44.3 44.4 -9999.0 -9999.0 -9999.0 15.2 20.9 18.8 35.6 47.8 149.6 226.1 287.6 -9999.0 -9999.0 -9999.0 -9999.0 -9999.0 -9999.0 311.5 170.9 149.5 69.4 29.6 19.3 21.7 24.8 32.8 48.8 40.6 42.6 54.1 75.0 96.3 108.4 99.3 84.3 81.1 111.1 129.8 116.8 144.7 159.6 201.4 187.0
-9999.0 -9999.0 -9999.0 -9999.0 -9999.0 -9999.0 -9999.0 -9999.0 -9999.0 -9999.0 -9999.0 -9999.0 -9999.0 -9999.0 -9999.0 -9999.0 -9999.0 -9999.0 -9999.0 -9999.0 -9999.0 -9999.0 -9999.0 -9999.0 -9999.0 -9999.0 -9999.0 -9999.0 -9999.0 -9999.0 -9999.0 -9999.0 -9999.0 -9999.0 -9999.0 -9999.0 -9999.0 -9999.0 -9999.0 64.1 74.2 95.1 125.0 162.6 -9999.0 -9999.0 -9999.0 -9999.0 -9999.0 -9999.0 -9999.0 -9999.0 234.1 145.3 82.9 36.2 15.6 12.2 13.9 17.1 24.1 39.2 49.1 46.8 60.9 83.3 114.3 122.5 123.3 139.6 139.4 129.9 107.8 118.7 109.2 141.1 170.1 171.1
-9999.0 -9999.0 -9999.0 -9999.0 -9999.0 -9999.0 -9999.0 -9999.0 -9999.0 -9999.0 -9999.0 -9999.0 -9999.0 -9999.0 -9999.0 -9999.0 -9999.0 -9999.0 -9999.0 -9999.0 -9999.0 -9999.0 -9999.0 -9999.0 -9999.0 -9999.0 -9999.0 -9999.0 -9999.0 -9999.0 -9999.0 -9999.0 -9999.0 -9999.0 -9999.0 -9999.0 -9999.0 -9999.0 -9999.0 -9999.0 -9999.0 -9999.0 -9999.0 -9999.0 -9999.0 -9999.0 -9999.0 -9999.0 -9999.0 -9999.0 -9999.0 -9999.0 178.8 111.8 45.1 26.6 7.4 6.9 8.3 11.8 15.6 30.7 91.0 55.3 66.7 72.8 92.1 118.0 136.6 148.7 147.4 138.1 161.9 106.6 103.0 131.1 160.4 174.5
-9999.0 -9999.0 -9999.0 -9999.0 -9999.0 -9999.0 -9999.0 -9999.0 -9999.0 -9999.0 -9999.0 -9999.0 -9999.0 -9999.0 -9999.0 -9999.0 -9999.0 -9999.0 -9999.0 -9999.0 -9999.0 -9999.0 -9999.0 -9999.0 -9999.0 -9999.0 -9999.0 -9999.0 -9999.0 -9999.0 -9999.0 -9999.0 -9999.0 -9999.0 -9999.0 -9999.0 -9999.0 -9999.0 -9999.0 -9999.0 -9999.0 -9999.0 -9999.0 -9999.0 -9999.0 -9999.0 -9999.0 -9999.0 -9999.0 -9999.0 -9999.0 163.4 111.8 76.0 33.5 14.1 8.4 7.7 6.8 1.6 24.3 36.8 38.8 53.0 58.1 60.3 84.6 111.8 137.4 143.9 141.9 135.5 112.3 105.1 116.7 150.3 167.8 208.8
-9999.0 -9999.0 -9999.0 -9999.0 -9999.0 -9999.0 -9999.0 -9999.0 -9999.0 -9999.0 -9999.0 -9999.0 -9999.0 -9999.0 -9999.0 -9999.0 -9999.0 -9999.0 -9999.0 -9999.0 -9999.0 -9999.0 -9999.0 -9999.0 -9999.0 -9999.0 -9999.0 -9999.0 -9999.0 -9999.0 -9999.0 -9999.0 -9999.0 -9999.0 -9999.0 -9999.0 -9999.0 -9999.0 -9999.0 -9999.0 -9999.0 -9999.0 -9999.0 -9999.0 -9999.0 -9999.0 -9999.0 -9999.0 -9999.0 -9999.0 142.6 132.1 99.7 68.0 43.8 24.0 15.3 7.7 4.6 9.4 10.3 36.9 36.8 50.8 49.9 56.4 80.5 107.7 132.1 140.2 148.2 139.1 138.6 144.5 149.4 159.8 225.6 198.8
-9999.0 -9999.0 -9999.0 -9999.0 -9999.0 -9999.0 -9999.0 -9999.0 -9999.0 -9999.0 -9999.0 -9999.0 -9999.0 -9999.0 -9999.0 -9999.0 -9999.0 -9999.0 -9999.0 -9999.0 -9999.0 -9999.0 -9999.0 -9999.0 -9999.0 -9999.0 -9999.0 -9999.0 -9999.0 -9999.0 -9999.0 -9999.0 -9999.0 -9999.0 -9999.0 -9999.0 -9999.0 -9999.0 -9999.0 -9999.0 -9999.0 -9999.0 -9999.0 -9999.0 -9999.0 -9999.0 -9999.0 -9999.0 -9999.0 -9999.0 99.2 118.4 78.0 74.4 53.3 34.5 15.7 10.3 6.6 4.1 7.3 21.9 30.4 41.4 47.4 56.4 69.7 80.0 99.1 116.2 138.5 152.4 164.2 175.7 183.5 202.5 202.9 271.5
-9999.0 -9999.0 -9999.0 -9999.0 -9999.0 -9999.0 -9999.0 -9999.0 -9999.0 -9999.0 -9999.0 -9999.0 -9999.0 -9999.0 -9999.0 -9999.0 -9999.0 -9999.0 -9999.0 -9999.0 -9999.0 -9999.0 -9999.0 -9999.0 -9999.0 -9999.0 -9999.0 -9999.0 -9999.0 -9999.0 -9999.0 -9999.0 -9999.0 -9999.0 -9999.0 -9999.0 -9999.0 -9999.0 -9999.0 -9999.0 -9999.0 -9999.0 -9999.0 -9999.0 -9999.0 -9999.0 -9999.0 -9999.0 -9999.0 -9999.0 61.6 66.6 49.8 73.7 45.4 29.2 20.9 7.5 6.8 5.5 13.0 28.1 35.8 36.9 45.7 48.9 47.9 46.1 54.5 84.3 99.4 140.4 153.5 160.9 161.0 175.2 173.4 253.6
-9999.0 -9999.0 -9999.0 -9999.0 -9999.0 -9999.0 -9999.0 -9999.0 -9999.0 -9999.0 -9999.0 -9999.0 -9999.0 -9999.0 -9999.0 -9999.0 -9999.0 -9999.0 -9999.0 -9999.0 -9999.0 -9999.0 -9999.0 -9999.0 -9999.0 -9999.0 -9999.0 -9999.0 -9999.0 -9999.0 -9999.0 -9999.0 -9999.0 -9999.0 -9999.0 -9999.0 -9999.0 -9999.0 -9999.0 -9999.0 -9999.0 -9999.0 -9999.0 -9999.0 -9999.0 -9999.0 -9999.0 -9999.0 -9999.0 -9999.0 53.6 65.0 48.5 49.4 37.9 28.0 9.2 5.7 7.2 19.1 26.9 35.5 40.6 43.7 54.2 55.5 53.6 38.0 49.8 30.4 56.4 86.7 118.2 127.8 125.9 150.0 175.1 213.7
-9999.0 -9999.0 -9999.0 -9999.0 -9999.0 -9999.0 -9999.0 -9999.0 -9999.0 -9999.0 -9999.0 -9999.0 -9999.0 -9999.0 -9999.0 -9999.0 -9999.0 -9999.0 -9999.0 -9999.0 -9999.0 -9999.0 -9999.0 -9999.0 -9999.0 -9999.0 -9999.0 -9999.0 -9999.0 -9999.0 -9999.0 -9999.0 -9999.0 -9999.0 -9999.0 -9999.0 -9999.0 -9999.0 -9999.0 -9999.0 -9999.0 -9999.0 -9999.0 -9999.0 -9999.0 -9999.0 -9999.0 -9999.0 -9999.0 -9999.0 -9999.0 -9999.0 -9999.0 28.0 22.9 15.0 7.2 5.3 17.4 41.0 59.0 76.5 69.4 74.0 78.7 71.9 73.3 35.3 43.2 42.6 40.0 49.7 71.8 94.7 121.0 164.8 214.0 236.5
-9999.0 -9999.0 -9999.0 -9999.0 -9999.0 -9999.0 -9999.0 -9999.0 -9999.0 -9999.0 -9999.0 -9999.0 -9999.0 -9999.0 -9999.0 -9999.0 -9999.0 -9999.0 -9999.0 -9999.0 -9999.0 -9999.0 -9999.0 -9999.0 -9999.0 -9999.0 -9999.0 -9999.0 -9999.0 -9999.0 -9999.0 -9999.0 -9999.0 -9999.0 -9999.0 -9999.0 -9999.0 -9999.0 -9999.0 -9999.0 -9999.0 -9999.0 -9999.0 -9999.0 -9999.0 -9999.0 -9999.0 -9999.0 -9999.0 -9999.0 -9999.0 -9999.0 -9999.0 21.4 16.3 21.0 7.4 8.3 20.0 53.7 99.0 126.7 130.8 128.9 118.5 101.4 67.1 84.9 57.6 53.4 40.2 36.2 52.6 83.5 128.9 212.5 292.1 360.8
-9999.0 -9999.0 -9999.0 -9999.0 -9999.0 -9999.0 -9999.0 -9999.0 -9999.0 -9999.0 -9999.0 -9999.0 -9999.0 -9999.0 -9999.0 -9999.0 -9999.0 -9999.0 -9999.0 -9999.0 -9999.0 -9999.0 -9999.0 -9999.0 -9999.0 -9999.0 -9999.0 -9999.0 -9999.0 -9999.0 -9999.0 -9999.0 -9999.0 -9999.0 -9999.0 -9999.0 -9999.0 -9999.0 -9999.0 -9999.0 -9999.0 -9999.0 -9999.0 -9999.0 -9999.0 -9999.0 -9999.0 -9999.0 -9999.0 -9999.0 -9999.0 -9999.0 -9999.0 18.9 13.0 16.2 13.3 17.0 33.8 74.7 126.4 167.4 197.5 208.5 152.6 -9999.0 -9999.0 -9999.0 114.9 86.3 63.9 52.9 57.5 79.0 127.6 230.9 322.9 423.2
-9999.0 -9999.0 -9999.0 -9999.0 -9999.0 -9999.0 -9999.0 -9999.0 -9999.0 -9999.0 -9999.0 -9999.0 -9999.0 -9999.0 -9999.0 -9999.0 -9999.0 -9999.0 -9999.0 -9999.0 -9999.0 -9999.0 -9999.0 -9999.0 -9999.0 -9999.0 -9999.0 -9999.0 -9999.0 -9999.0 -9999.0 -9999.0 -9999.0 -9999.0 -9999.0 -9999.0 -9999.0 -9999.0 -9999.0 -9999.0 -9999.0 -9999.0 -9999.0 -9999.0 -9999.0 -9999.0 -9999.0 -9999.0 -9999.0 -9999.0 -9999.0 -9999.0 -9999.0 -9999.0 19.1 20.1 22.2 32.0 49.5 90.6 130.4 -9999.0 -9999.0 -9999.0 -9999.0 -9999.0 -9999.0 -9999.0 144.6 134.5 124.8 73.3 59.1 66.9 91.3 149.4 238.9 297.6
-9999.0 -9999.0 -9999.0 -9999.0 -9999.0 -9999.0 -9999.0 -9999.0 -9999.0 -9999.0 -9999.0 -9999.0 -9999.0 -9999.0 -9999.0 -9999.0 -9999.0 -9999.0 -9999.0 -9999.0 -9999.0 -9999.0 -9999.0 -9999.0 -9999.0 -9999.0 -9999.0 -9999.0 -9999.0 -9999.0 -9999.0 -9999.0 -9999.0 -9999.0 -9999.0 -9999.0 -9999.0 -9999.0 -9999.0 -9999.0 -9999.0 -9999.0 -9999.0 -9999.0 -9999.0 -9999.0 -9999.0 -9999.0 -9999.0 -9999.0 -9999.0 -9999.0 -9999.0 -9999.0 -9999.0 23.7 39.0 41.5 57.8 93.8 135.5 -9999.0 -9999.0 -9999.0 -9999.0 -9999.0 -9999.0 -9999.0 -9999.0 -9999.0 123.9 -9999.0 -9999.0 -9999.0 -9999.0 -9999.0 125.5 -9999.0
-9999.0 -9999.0 -9999.0 -9999.0 -9999.0 -9999.0 -9999.0 -9999.0 -9999.0 -9999.0 -9999.0 -9999.0 -9999.0 -9999.0 -9999.0 -9999.0 -9999.0 -9999.0 -9999.0 -9999.0 -9999.0 -9999.0 -9999.0 -9999.0 -9999.0 -9999.0 -9999.0 -9999.0 -9999.0 -9999.0 -9999.0 -9999.0 -9999.0 -9999.0 -9999.0 -9999.0 -9999.0 -9999.0 -9999.0 -9999.0 -9999.0 -9999.0 -9999.0 -9999.0 -9999.0 -9999.0 -9999.0 -9999.0 -9999.0 -9999.0 -9999.0 -9999.0 -9999.0 -9999.0 -9999.0 -9999.0 -9999.0 -9999.0 68.3 90.2 -9999.0 -9999.0 -9999.0 -9999.0 -9999.0 -9999.0 -9999.0 -9999.0 -9999.0 -9999.0 -9999.0 -9999.0 -9999.0 -9999.0 -9999.0 47.4 73.8 -9999.0
-9999.0 -9999.0 -9999.0 -9999.0 -9999.0 -9999.0 -9999.0 -9999.0 -9999.0 -9999.0 -9999.0 -9999.0 -9999.0 -9999.0 -9999.0 -9999.0 -9999.0 -9999.0 -9999.0 -9999.0 -9999.0 -9999.0 -9999.0 -9999.0 -9999.0 -9999.0 -9999.0 -9999.0 -9999.0 -9999.0 -9999.0 -9999.0 -9999.0 -9999.0 -9999.0 -9999.0 -9999.0 -9999.0 -9999.0 -9999.0 -9999.0 -9999.0 -9999.0 -9999.0 -9999.0 -9999.0 -9999.0 -9999.0 -9999.0 -9999.0 -9999.0 -9999.0 -9999.0 -9999.0 -9999.0 -9999.0 -9999.0 -9999.0 -9999.0 -9999.0 -9999.0 -9999.0 -9999.0 -9999.0 -9999.0 -9999.0 -9999.0 -9999.0 -9999.0 -9999.0 -9999.0 -9999.0 -9999.0 -9999.0 -9999.0 -9999.0 -9999.0 -9999.0
