program/excelProcessViaJava/data/SURF_CLI_CHN_PRE_MON_GRID_0.5-200210.txt
NCOLS      128
NROWS       72
XLLCORNER    72.000000000000    
YLLCORNER    18.000000000000    
CELLSIZE    0.50000000000000    
NODATA_VALUE   -9999.000    
[rows 35 to 69 of 72, columns 0 to 77 of 128]
-9999.0 -9999.0 -9999.0 -9999.0 -9999.0 -9999.0 -9999.0 1.7 3.6 2.0 6.9 6.1 2.0 2.4 2.1 0.4 0.5 0.4 0.3 0.3 0.4 0.7 0.7 0.6 0.5 0.5 0.6 0.7 0.8 1.2 1.4 1.5 1.7 2.2 2.9 2.6 3.8 3.3 4.3 4.1 1.5 3.7 2.6 1.4 1.1 1.3 1.4 1.5 2.1 2.4 3.2 4.5 5.8 9.5 6.7 1.9 1.8 3.4 10.7 11.1 18.0 10.4 10.5 13.5 18.3 17.7 23.8 29.3 30.7 34.8 36.2 38.5 40.8 41.2 41.7 45.3 48.4 52.9
-9999.0 -9999.0 -9999.0 -9999.0 -9999.0 -9999.0 -9999.0 7.7 1.1 3.8 5.2 3.1 3.9 6.0 3.1 6.4 2.1 1.6 2.7 1.1 0.8 1.2 0.8 0.8 0.7 0.7 0.7 1.1 0.9 1.0 1.6 1.9 2.2 3.2 3.0 3.5 3.5 4.4 4.2 3.6 3.3 2.8 2.7 4.4 1.8 1.4 2.0 2.7 5.9 6.5 12.5 12.2 7.8 7.5 9.4 2.1 1.4 2.7 6.6 10.6 11.3 12.6 12.5 18.1 21.6 25.1 29.3 33.2 41.4 38.4 42.0 42.6 42.1 41.5 40.3 45.2 48.2 50.5
-9999.0 -9999.0 -9999.0 -9999.0 -9999.0 -9999.0 -9999.0 -9999.0 -9999.0 3.3 3.0 2.5 5.0 4.4 3.0 2.2 2.9 6.0 2.6 3.7 1.9 1.2 1.0 0.9 0.9 0.8 1.0 1.1 1.1 1.7 1.4 1.9 2.4 3.3 3.1 3.6 3.9 4.7 4.4 4.6 3.6 3.5 2.7 2.2 2.8 3.0 3.8 4.9 7.2 9.8 13.7 13.3 11.3 8.6 10.9 3.6 1.4 1.8 5.5 7.2 9.9 15.1 19.8 18.6 24.8 28.7 31.2 32.0 40.9 36.3 39.4 38.0 37.3 37.3 39.1 38.1 41.5 45.7
-9999.0 -9999.0 -9999.0 -9999.0 -9999.0 -9999.0 -9999.0 -9999.0 -9999.0 -9999.0 -9999.0 5.2 1.7 5.4 3.6 3.9 3.1 2.5 2.1 2.1 2.5 1.6 1.6 1.2 1.8 1.4 1.6 1.7 1.7 1.7 2.0 3.0 2.9 3.5 3.8 6.0 5.2 5.7 9.0 5.9 6.3 4.4 3.1 2.6 4.6 3.4 7.1 6.9 10.7 13.2 13.2 14.5 14.0 14.0 15.0 9.6 5.2 5.8 5.4 6.1 9.6 11.9 16.0 20.5 27.4 31.2 29.0 30.6 33.8 34.9 33.9 34.9 33.9 33.8 36.4 36.8 39.3 41.9
-9999.0 -9999.0 -9999.0 -9999.0 -9999.0 -9999.0 -9999.0 -9999.0 -9999.0 -9999.0 -9999.0 -9999.0 1.9 1.9 4.3 2.8 5.7 3.2 2.8 4.3 1.7 1.8 1.7 1.4 3.5 1.6 1.4 2.0 2.1 3.1 2.7 3.0 3.6 5.0 5.9 6.2 9.4 7.6 6.9 6.2 5.6 4.9 4.1 4.6 4.5 5.6 8.2 7.4 11.2 15.1 21.9 22.1 18.3 14.8 14.9 14.9 13.6 14.7 5.8 10.2 9.3 14.3 19.0 23.5 29.7 39.1 38.3 37.6 37.0 37.1 32.4 37.2 41.2 42.4 40.0 44.1 40.6 43.1
-9999.0 -9999.0 -9999.0 -9999.0 -9999.0 -9999.0 -9999.0 -9999.0 -9999.0 -9999.0 -9999.0 -9999.0 5.4 1.4 1.2 3.2 1.6 2.1 3.5 2.8 2.4 2.7 2.3 1.7 1.4 1.7 1.9 1.7 2.2 2.2 3.1 4.5 4.6 5.3 6.8 7.2 10.2 11.1 10.3 9.2 7.3 6.2 7.9 5.3 7.4 10.3 9.0 10.2 10.1 17.3 19.9 23.7 20.4 22.1 17.3 20.2 17.6 18.1 11.7 10.2 10.3 13.3 22.1 32.9 38.3 47.1 41.2 37.6 36.8 39.9 45.6 51.6 51.8 46.2 44.9 45.4 48.0 47.5
-9999.0 -9999.0 -9999.0 -9999.0 -9999.0 -9999.0 -9999.0 -9999.0 -9999.0 -9999.0 -9999.0 -9999.0 -9999.0 2.2 4.3 1.3 2.5 1.8 1.6 1.7 2.1 1.6 2.4 1.7 1.9 3.0 3.1 3.9 3.3 3.5 3.4 3.9 6.0 7.2 6.8 8.3 9.9 12.0 19.2 14.5 12.5 12.4 10.6 13.2 10.9 10.9 15.3 20.1 23.5 24.8 26.3 24.1 24.7 37.1 32.5 29.7 26.9 28.0 31.5 24.7 23.0 22.3 31.3 37.8 49.4 57.7 60.6 52.5 52.9 54.0 59.6 64.5 60.7 56.4 52.7 52.2 53.2 55.7
-9999.0 -9999.0 -9999.0 -9999.0 -9999.0 -9999.0 -9999.0 -9999.0 -9999.0 -9999.0 -9999.0 -9999.0 1.7 4.1 3.3 1.6 4.0 2.5 2.4 1.3 1.5 1.7 2.1 2.1 2.1 3.3 3.1 3.0 3.2 3.9 4.2 4.3 7.1 7.2 9.1 9.8 13.7 12.4 13.4 14.8 20.7 24.1 26.0 14.9 18.5 21.8 23.1 23.6 28.0 30.1 36.8 42.4 35.0 40.0 37.4 37.4 40.3 32.6 36.5 31.8 33.7 41.0 46.0 59.5 65.7 70.0 50.0 57.2 71.2 76.2 75.5 76.0 76.7 76.4 69.1 64.0 63.9 62.6
-9999.0 -9999.0 -9999.0 -9999.0 -9999.0 -9999.0 -9999.0 -9999.0 -9999.0 -9999.0 -9999.0 -9999.0 2.6 0.6 1.1 5.4 4.0 1.3 1.3 2.3 1.4 2.3 2.5 2.7 2.6 2.6 2.9 3.2 3.5 3.7 4.2 5.3 7.7 7.5 9.0 11.3 12.1 14.6 15.9 14.7 16.5 15.9 17.0 20.8 25.9 33.1 43.1 44.8 44.1 33.3 34.1 43.7 39.3 40.2 43.0 42.6 45.2 46.8 44.2 49.4 54.3 62.3 59.0 67.1 75.4 62.5 75.0 69.6 81.9 94.3 98.0 95.9 89.6 74.4 65.0 61.1 61.2 52.4
-9999.0 -9999.0 -9999.0 -9999.0 -9999.0 -9999.0 -9999.0 -9999.0 -9999.0 -9999.0 -9999.0 -9999.0 0.2 1.6 0.4 0.8 0.9 3.3 1.8 2.1 4.2 4.7 3.2 4.2 3.9 5.2 4.6 5.9 4.2 4.5 5.0 7.5 7.3 8.4 10.3 12.8 14.6 16.8 17.3 21.3 20.1 16.9 30.5 20.0 34.6 50.3 58.4 55.7 46.4 42.6 42.5 38.2 59.8 61.2 53.6 45.8 49.3 51.5 54.2 51.2 57.2 67.0 88.5 81.1 67.3 62.2 70.5 84.5 100.8 112.7 118.4 105.3 93.8 77.3 72.7 58.9 56.8 48.5
-9999.0 -9999.0 -9999.0 -9999.0 -9999.0 -9999.0 -9999.0 -9999.0 -9999.0 -9999.0 -9999.0 -9999.0 -9999.0 4.0 2.8 0.7 1.0 0.9 2.4 3.4 7.4 4.0 5.7 6.7 4.9 5.5 5.4 5.0 5.8 5.0 7.0 7.7 9.8 10.7 13.4 18.9 20.8 19.2 21.5 21.3 22.8 38.0 45.8 45.2 41.1 51.9 64.1 54.8 61.5 53.3 39.2 52.5 48.8 43.1 55.3 55.6 44.5 46.0 54.9 70.5 74.4 100.1 97.5 83.0 62.2 65.4 72.0 88.5 106.6 120.5 124.2 119.4 96.0 97.6 70.8 62.3 54.2 50.0
-9999.0 -9999.0 -9999.0 -9999.0 -9999.0 -9999.0 -9999.0 -9999.0 -9999.0 -9999.0 -9999.0 -9999.0 -9999.0 0.1 2.0 0.5 2.8 0.8 1.3 2.6 7.4 7.8 8.9 8.2 5.9 7.0 7.3 6.2 6.4 10.8 9.8 10.5 11.0 13.8 18.4 21.2 20.6 21.7 26.0 38.3 30.5 36.9 43.7 50.2 68.8 62.0 65.9 56.0 53.9 47.2 50.5 33.7 46.6 54.1 58.0 52.8 43.6 46.3 59.1 56.2 82.0 87.3 89.3 74.6 69.9 68.4 71.6 84.1 102.4 113.4 114.7 105.9 95.8 81.8 70.8 61.8 59.3 60.4
-9999.0 -9999.0 -9999.0 -9999.0 -9999.0 -9999.0 -9999.0 -9999.0 -9999.0 -9999.0 -9999.0 -9999.0 -9999.0 -9999.0 -9999.0 0.6 0.5 1.5 1.4 1.7 6.2 5.7 6.7 8.6 10.2 10.1 14.1 10.5 13.2 8.4 10.2 10.8 16.3 18.5 19.6 26.2 30.0 19.2 23.1 27.1 38.7 45.7 49.1 51.2 44.4 45.8 60.6 46.4 52.5 30.0 37.4 55.3 40.2 42.7 30.8 44.8 47.0 37.6 65.1 79.3 81.9 96.7 98.4 89.0 77.0 69.6 68.1 73.5 85.7 95.9 93.9 84.9 75.6 71.2 71.0 69.2 70.0 76.1
-9999.0 -9999.0 -9999.0 -9999.0 -9999.0 -9999.0 -9999.0 -9999.0 -9999.0 -9999.0 -9999.0 -9999.0 -9999.0 -9999.0 -9999.0 -9999.0 -9999.0 0.1 0.3 -9999.0 2.0 7.6 6.9 8.7 12.8 12.8 17.4 13.7 10.2 12.5 10.4 9.6 18.5 14.9 15.4 19.9 29.3 12.7 20.5 24.4 31.5 44.2 44.8 44.9 29.6 40.1 42.4 61.9 39.4 42.0 23.6 31.5 22.9 39.6 43.3 46.1 41.9 58.3 66.5 80.8 88.6 101.7 100.8 88.9 76.9 68.3 62.7 63.0 66.2 74.9 74.5 78.9 76.6 70.2 74.8 81.6 87.4 96.0
-9999.0 -9999.0 -9999.0 -9999.0 -9999.0 -9999.0 -9999.0 -9999.0 -9999.0 -9999.0 -9999.0 -9999.0 -9999.0 -9999.0 -9999.0 -9999.0 -9999.0 -9999.0 -9999.0 -9999.0 -9999.0 6.1 10.6 17.8 15.5 12.8 13.1 12.6 12.1 9.1 9.5 7.2 9.8 12.9 12.5 16.4 15.0 13.3 11.3 11.2 15.4 36.8 43.0 43.1 26.8 42.3 47.2 40.0 57.7 98.0 35.9 53.4 48.2 29.6 36.2 46.2 51.1 52.6 75.8 79.9 89.8 95.7 89.1 78.8 69.9 64.6 59.7 56.8 53.5 59.8 68.2 78.5 78.0 80.9 89.3 97.7 107.9 119.9
-9999.0 -9999.0 -9999.0 -9999.0 -9999.0 -9999.0 -9999.0 -9999.0 -9999.0 -9999.0 -9999.0 -9999.0 -9999.0 -9999.0 -9999.0 -9999.0 -9999.0 -9999.0 -9999.0 -9999.0 -9999.0 -9999.0 -9999.0 8.5 15.4 16.0 16.1 15.9 17.5 11.8 11.3 12.0 19.4 15.3 18.4 17.0 19.0 11.8 17.0 20.7 22.5 31.9 28.6 26.6 26.4 52.1 38.6 39.8 41.0 38.9 32.5 44.1 30.2 33.3 30.8 27.7 44.1 57.7 58.8 77.2 85.9 89.3 82.2 63.6 61.7 65.0 65.6 60.7 65.1 62.5 82.1 84.2 90.0 100.7 108.2 115.1 122.7 128.8
-9999.0 -9999.0 -9999.0 -9999.0 -9999.0 -9999.0 -9999.0 -9999.0 -9999.0 -9999.0 -9999.0 -9999.0 -9999.0 -9999.0 -9999.0 -9999.0 -9999.0 -9999.0 -9999.0 -9999.0 -9999.0 -9999.0 -9999.0 -9999.0 -9999.0 10.5 16.1 29.4 24.7 28.8 17.4 10.7 9.9 12.9 10.1 16.4 24.6 10.7 16.1 12.2 21.9 19.2 21.1 23.8 44.3 61.4 54.3 73.5 43.3 43.6 48.2 40.8 43.1 38.6 28.1 28.2 37.9 43.5 59.9 70.4 80.9 82.2 98.2 50.1 54.6 65.5 72.1 73.2 81.8 90.1 86.4 91.3 98.4 118.3 126.8 125.6 124.5 132.9
-9999.0 -9999.0 -9999.0 -9999.0 -9999.0 -9999.0 -9999.0 -9999.0 -9999.0 -9999.0 -9999.0 -9999.0 -9999.0 -9999.0 -9999.0 -9999.0 -9999.0 -9999.0 -9999.0 -9999.0 -9999.0 -9999.0 -9999.0 -9999.0 -9999.0 -9999.0 -9999.0 11.6 11.2 12.6 10.7 9.0 18.7 6.5 10.7 6.0 6.7 6.2 6.4 8.2 13.2 14.5 26.3 47.2 58.0 71.5 82.2 86.0 85.9 62.8 70.0 62.5 41.7 37.0 31.3 30.5 32.0 39.1 51.4 60.8 64.0 76.1 51.7 49.3 57.8 59.6 69.9 75.7 80.3 88.7 93.0 109.8 104.3 126.6 125.9 126.2 152.8 157.9
-9999.0 -9999.0 -9999.0 -9999.0 -9999.0 -9999.0 -9999.0 -9999.0 -9999.0 -9999.0 -9999.0 -9999.0 -9999.0 -9999.0 -9999.0 -9999.0 -9999.0 -9999.0 -9999.0 -9999.0 -9999.0 -9999.0 -9999.0 -9999.0 -9999.0 -9999.0 -9999.0 -9999.0 -9999.0 -9999.0 -9999.0 -9999.0 -9999.0 7.5 7.7 -9999.0 -9999.0 -9999.0 12.0 9.1 15.9 26.1 28.7 60.3 76.2 84.8 -9999.0 -9999.0 -9999.0 -9999.0 -9999.0 -9999.0 55.6 41.1 39.7 35.4 33.5 39.7 45.8 58.1 66.4 71.0 57.1 52.8 55.1 63.3 71.6 78.3 84.5 90.1 95.5 119.8 137.2 127.7 150.0 137.6 185.5 161.3
-9999.0 -9999.0 -9999.0 -9999.0 -9999.0 -9999.0 -9999.0 -9999.0 -9999.0 -9999.0 -9999.0 -9999.0 -9999.0 -9999.0 -9999.0 -9999.0 -9999.0 -9999.0 -9999.0 -9999.0 -9999.0 -9999.0 -9999.0 -9999.0 -9999.0 -9999.0 -9999.0 -9999.0 -9999.0 -9999.0 -9999.0 -9999.0 -9999.0 -9999.0 -9999.0 -9999.0 -9999.0 -9999.0 -9999.0 38.0 44.7 54.0 64.5 75.1 -9999.0 -9999.0 -9999.0 -9999.0 -9999.0 -9999.0 -9999.0 -9999.0 61.7 46.2 38.5 34.9 33.3 36.6 46.7 60.7 70.6 71.3 68.0 60.0 66.2 73.3 79.8 80.9 82.7 92.2 109.6 130.1 136.0 164.3 150.7 172.2 197.3 189.5
-9999.0 -9999.0 -9999.0 -9999.0 -9999.0 -9999.0 -9999.0 -9999.0 -9999.0 -9999.0 -9999.0 -9999.0 -9999.0 -9999.0 -9999.0 -9999.0 -9999.0 -9999.0 -9999.0 -9999.0 -9999.0 -9999.0 -9999.0 -9999.0 -9999.0 -9999.0 -9999.0 -9999.0 -9999.0 -9999.0 -9999.0 -9999.0 -9999.0 -9999.0 -9999.0 -9999.0 -9999.0 -9999.0 -9999.0 -9999.0 -9999.0 -9999.0 -9999.0 -9999.0 -9999.0 -9999.0 -9999.0 -9999.0 -9999.0 -9999.0 -9999.0 -9999.0 64.4 51.9 40.1 34.1 27.4 30.1 42.0 60.6 77.9 80.3 77.1 73.1 76.3 80.5 84.9 85.4 83.7 88.8 105.4 130.9 174.5 180.5 200.2 201.7 236.7 224.3
-9999.0 -9999.0 -9999.0 -9999.0 -9999.0 -9999.0 -9999.0 -9999.0 -9999.0 -9999.0 -9999.0 -9999.0 -9999.0 -9999.0 -9999.0 -9999.0 -9999.0 -9999.0 -9999.0 -9999.0 -9999.0 -9999.0 -9999.0 -9999.0 -9999.0 -9999.0 -9999.0 -9999.0 -9999.0 -9999.0 -9999.0 -9999.0 -9999.0 -9999.0 -9999.0 -9999.0 -9999.0 -9999.0 -9999.0 -9999.0 -9999.0 -9999.0 -9999.0 -9999.0 -9999.0 -9999.0 -9999.0 -9999.0 -9999.0 -9999.0 -9999.0 87.7 71.2 57.5 35.3 29.3 24.4 28.4 37.2 55.2 68.1 78.6 82.5 82.1 82.0 84.0 91.5 99.6 92.2 92.6 100.6 118.4 131.8 152.8 193.9 218.2 257.0 234.1
-9999.0 -9999.0 -9999.0 -9999.0 -9999.0 -9999.0 -9999.0 -9999.0 -9999.0 -9999.0 -9999.0 -9999.0 -9999.0 -9999.0 -9999.0 -9999.0 -9999.0 -9999.0 -9999.0 -9999.0 -9999.0 -9999.0 -9999.0 -9999.0 -9999.0 -9999.0 -9999.0 -9999.0 -9999.0 -9999.0 -9999.0 -9999.0 -9999.0 -9999.0 -9999.0 -9999.0 -9999.0 -9999.0 -9999.0 -9999.0 -9999.0 -9999.0 -9999.0 -9999.0 -9999.0 -9999.0 -9999.0 -9999.0 -9999.0 -9999.0 109.4 100.5 80.2 63.2 41.4 34.2 26.6 28.1 36.3 48.6 65.7 67.8 74.4 78.1 76.7 80.8 90.5 106.6 104.2 101.5 100.7 98.1 114.6 153.3 191.0 223.0 217.2 261.6
-9999.0 -9999.0 -9999.0 -9999.0 -9999.0 -9999.0 -9999.0 -9999.0 -9999.0 -9999.0 -9999.0 -9999.0 -9999.0 -9999.0 -9999.0 -9999.0 -9999.0 -9999.0 -9999.0 -9999.0 -9999.0 -9999.0 -9999.0 -9999.0 -9999.0 -9999.0 -9999.0 -9999.0 -9999.0 -9999.0 -9999.0 -9999.0 -9999.0 -9999.0 -9999.0 -9999.0 -9999.0 -9999.0 -9999.0 -9999.0 -9999.0 -9999.0 -9999.0 -9999.0 -9999.0 -9999.0 -9999.0 -9999.0 -9999.0 -9999.0 118.6 114.8 82.1 69.6 56.2 42.8 30.8 40.2 42.3 47.6 52.9 53.6 51.1 58.8 64.3 74.1 89.3 107.3 109.4 102.9 100.2 102.0 115.3 139.6 164.7 182.8 207.3 210.4
-9999.0 -9999.0 -9999.0 -9999.0 -9999.0 -9999.0 -9999.0 -9999.0 -9999.0 -9999.0 -9999.0 -9999.0 -9999.0 -9999.0 -9999.0 -9999.0 -9999.0 -9999.0 -9999.0 -9999.0 -9999.0 -9999.0 -9999.0 -9999.0 -9999.0 -9999.0 -9999.0 -9999.0 -9999.0 -9999.0 -9999.0 -9999.0 -9999.0 -9999.0 -9999.0 -9999.0 -9999.0 -9999.0 -9999.0 -9999.0 -9999.0 -9999.0 -9999.0 -9999.0 -9999.0 -9999.0 -9999.0 -9999.0 -9999.0 -9999.0 120.8 116.9 85.4 90.1 58.3 52.0 64.2 58.1 59.1 53.7 51.7 48.1 45.0 44.6 55.2 62.4 79.9 94.7 96.4 100.1 99.5 113.7 120.9 147.6 167.5 180.0 190.2 189.2
-9999.0 -9999.0 -9999.0 -9999.0 -9999.0 -9999.0 -9999.0 -9999.0 -9999.0 -9999.0 -9999.0 -9999.0 -9999.0 -9999.0 -9999.0 -9999.0 -9999.0 -9999.0 -9999.0 -9999.0 -9999.0 -9999.0 -9999.0 -9999.0 -9999.0 -9999.0 -9999.0 -9999.0 -9999.0 -9999.0 -9999.0 -9999.0 -9999.0 -9999.0 -9999.0 -9999.0 -9999.0 -9999.0 -9999.0 -9999.0 -9999.0 -9999.0 -9999.0 -9999.0 -9999.0 -9999.0 -9999.0 -9999.0 -9999.0 -9999.0 146.5 135.1 104.7 90.3 78.4 86.5 65.6 85.3 84.5 67.5 65.5 52.9 37.2 45.4 54.0 58.4 67.5 80.9 87.0 86.3 98.1 110.5 129.1 155.2 181.2 189.4 182.0 171.8
-9999.0 -9999.0 -9999.0 -9999.0 -9999.0 -9999.0 -9999.0 -9999.0 -9999.0 -9999.0 -9999.0 -9999.0 -9999.0 -9999.0 -9999.0 -9999.0 -9999.0 -9999.0 -9999.0 -9999.0 -9999.0 -9999.0 -9999.0 -9999.0 -9999.0 -9999.0 -9999.0 -9999.0 -9999.0 -9999.0 -9999.0 -9999.0 -9999.0 -9999.0 -9999.0 -9999.0 -9999.0 -9999.0 -9999.0 -9999.0 -9999.0 -9999.0 -9999.0 -9999.0 -9999.0 -9999.0 -9999.0 -9999.0 -9999.0 -9999.0 -9999.0 -9999.0 -9999.0 86.3 75.3 81.0 100.5 118.9 95.8 93.0 116.9 66.7 80.6 62.3 60.5 62.4 70.1 81.7 84.5 91.0 100.8 108.9 122.3 150.1 182.1 194.0 182.0 161.4
-9999.0 -9999.0 -9999.0 -9999.0 -9999.0 -9999.0 -9999.0 -9999.0 -9999.0 -9999.0 -9999.0 -9999.0 -9999.0 -9999.0 -9999.0 -9999.0 -9999.0 -9999.0 -9999.0 -9999.0 -9999.0 -9999.0 -9999.0 -9999.0 -9999.0 -9999.0 -9999.0 -9999.0 -9999.0 -9999.0 -9999.0 -9999.0 -9999.0 -9999.0 -9999.0 -9999.0 -9999.0 -9999.0 -9999.0 -9999.0 -9999.0 -9999.0 -9999.0 -9999.0 -9999.0 -9999.0 -9999.0 -9999.0 -9999.0 -9999.0 -9999.0 -9999.0 -9999.0 96.4 83.3 132.8 113.3 116.4 137.5 165.9 128.8 101.4 124.0 86.8 80.7 79.9 89.9 89.7 100.6 105.9 107.5 103.2 106.4 129.3 163.1 176.9 171.5 157.8
-9999.0 -9999.0 -9999.0 -9999.0 -9999.0 -9999.0 -9999.0 -9999.0 -9999.0 -9999.0 -9999.0 -9999.0 -9999.0 -9999.0 -9999.0 -9999.0 -9999.0 -9999.0 -9999.0 -9999.0 -9999.0 -9999.0 -9999.0 -9999.0 -9999.0 -9999.0 -9999.0 -9999.0 -9999.0 -9999.0 -9999.0 -9999.0 -9999.0 -9999.0 -9999.0 -9999.0 -9999.0 -9999.0 -9999.0 -9999.0 -9999.0 -9999.0 -9999.0 -9999.0 -9999.0 -9999.0 -9999.0 -9999.0 -9999.0 -9999.0 -9999.0 -9999.0 -9999.0 108.4 82.0 123.4 130.6 130.2 150.6 153.1 176.4 158.7 169.6 146.8 99.8 -9999.0 -9999.0 -9999.0 119.1 122.3 110.9 96.3 90.1 101.1 125.3 145.4 154.8 158.8
-9999.0 -9999.0 -9999.0 -9999.0 -9999.0 -9999.0 -9999.0 -9999.0 -9999.0 -9999.0 -9999.0 -9999.0 -9999.0 -9999.0 -9999.0 -9999.0 -9999.0 -9999.0 -9999.0 -9999.0 -9999.0 -9999.0 -9999.0 -9999.0 -9999.0 -9999.0 -9999.0 -9999.0 -9999.0 -9999.0 -9999.0 -9999.0 -9999.0 -9999.0 -9999.0 -9999.0 -9999.0 -9999.0 -9999.0 -9999.0 -9999.0 -9999.0 -9999.0 -9999.0 -9999.0 -9999.0 -9999.0 -9999.0 -9999.0 -9999.0 -9999.0 -9999.0 -9999.0 -9999.0 116.2 121.4 103.8 103.9 155.5 194.2 133.4 -9999.0 -9999.0 -9999.0 -9999.0 -9999.0 -9999.0 -9999.0 131.7 126.6 110.1 84.4 70.7 72.8 86.5 108.6 137.6 166.0
-9999.0 -9999.0 -9999.0 -9999.0 -9999.0 -9999.0 -9999.0 -9999.0 -9999.0 -9999.0 -9999.0 -9999.0 -9999.0 -9999.0 -9999.0 -9999.0 -9999.0 -9999.0 -9999.0 -9999.0 -9999.0 -9999.0 -9999.0 -9999.0 -9999.0 -9999.0 -9999.0 -9999.0 -9999.0 -9999.0 -9999.0 -9999.0 -9999.0 -9999.0 -9999.0 -9999.0 -9999.0 -9999.0 -9999.0 -9999.0 -9999.0 -9999.0 -9999.0 -9999.0 -9999.0 -9999.0 -9999.0 -9999.0 -9999.0 -9999.0 -9999.0 -9999.0 -9999.0 -9999.0 -9999.0 111.7 162.6 127.0 118.6 153.9 149.1 -9999.0 -9999.0 -9999.0 -9999.0 -9999.0 -9999.0 -9999.0 -9999.0 -9999.0 96.7 -9999.0 -9999.0 -9999.0 -9999.0 -9999.0 121.8 -9999.0
-9999.0 -9999.0 -9999.0 -9999.0 -9999.0 -9999.0 -9999.0 -9999.0 -9999.0 -9999.0 -9999.0 -9999.0 -9999.0 -9999.0 -9999.0 -9999.0 -9999.0 -9999.0 -9999.0 -9999.0 -9999.0 -9999.0 -9999.0 -9999.0 -9999.0 -9999.0 -9999.0 -9999.0 -9999.0 -9999.0 -9999.0 -9999.0 -9999.0 -9999.0 -9999.0 -9999.0 -9999.0 -9999.0 -9999.0 -9999.0 -9999.0 -9999.0 -9999.0 -9999.0 -9999.0 -9999.0 -9999.0 -9999.0 -9999.0 -9999.0 -9999.0 -9999.0 -9999.0 -9999.0 -9999.0 -9999.0 -9999.0 -9999.0 132.8 120.9 -9999.0 -9999.0 -9999.0 -9999.0 -9999.0 -9999.0 -9999.0 -9999.0 -9999.0 -9999.0 -9999.0 -9999.0 -9999.0 -9999.0 -9999.0 77.2 118.8 -9999.0
-9999.0 -9999.0 -9999.0 -9999.0 -9999.0 -9999.0 -9999.0 -9999.0 -9999.0 -9999.0 -9999.0 -9999.0 -9999.0 -9999.0 -9999.0 -9999.0 -9999.0 -9999.0 -9999.0 -9999.0 -9999.0 -9999.0 -9999.0 -9999.0 -9999.0 -9999.0 -9999.0 -9999.0 -9999.0 -9999.0 -9999.0 -9999.0 -9999.0 -9999.0 -9999.0 -9999.0 -9999.0 -9999.0 -9999.0 -9999.0 -9999.0 -9999.0 -9999.0 -9999.0 -9999.0 -9999.0 -9999.0 -9999.0 -9999.0 -9999.0 -9999.0 -9999.0 -9999.0 -9999.0 -9999.0 -9999.0 -9999.0 -9999.0 -9999.0 -9999.0 -9999.0 -9999.0 -9999.0 -9999.0 -9999.0 -9999.0 -9999.0 -9999.0 -9999.0 -9999.0 -9999.0 -9999.0 -9999.0 -9999.0 -9999.0 -9999.0 -9999.0 -9999.0
-9999.0 -9999.0 -9999.0 -9999.0 -9999.0 -9999.0 -9999.0 -9999.0 -9999.0 -9999.0 -9999.0 -9999.0 -9999.0 -9999.0 -9999.0 -9999.0 -9999.0 -9999.0 -9999.0 -9999.0 -9999.0 -9999.0 -9999.0 -9999.0 -9999.0 -9999.0 -9999.0 -9999.0 -9999.0 -9999.0 -9999.0 -9999.0 -9999.0 -9999.0 -9999.0 -9999.0 -9999.0 -9999.0 -9999.0 -9999.0 -9999.0 -9999.0 -9999.0 -9999.0 -9999.0 -9999.0 -9999.0 -9999.0 -9999.0 -9999.0 -9999.0 -9999.0 -9999.0 -9999.0 -9999.0 -9999.0 -9999.0 -9999.0 -9999.0 -9999.0 -9999.0 -9999.0 -9999.0 -9999.0 -9999.0 -9999.0 -9999.0 -9999.0 -9999.0 -9999.0 -9999.0 -9999.0 -9999.0 -9999.0 -9999.0 131.7 181.8 247.8
-9999.0 -9999.0 -9999.0 -9999.0 -9999.0 -9999.0 -9999.0 -9999.0 -9999.0 -9999.0 -9999.0 -9999.0 -9999.0 -9999.0 -9999.0 -9999.0 -9999.0 -9999.0 -9999.0 -9999.0 -9999.0 -9999.0 -9999.0 -9999.0 -9999.0 -9999.0 -9999.0 -9999.0 -9999.0 -9999.0 -9999.0 -9999.0 -9999.0 -9999.0 -9999.0 -9999.0 -9999.0 -9999.0 -9999.0 -9999.0 -9999.0 -9999.0 -9999.0 -9999.0 -9999.0 -9999.0 -9999.0 -9999.0 -9999.0 -9999.0 -9999.0 -9999.0 -9999.0 -9999.0 -9999.0 -9999.0 -9999.0 -9999.0 -9999.0 -9999.0 -9999.0 -9999.0 -9999.0 -9999.0 -9999.0 -9999.0 -9999.0 -9999.0 -9999.0 -9999.0 -9999.0 -9999.0 -9999.0 90.7 134.0 173.9 240.7 -9999.0
