program/excelProcessViaJava/data/SURF_CLI_CHN_PRE_MON_GRID_0.5-200906.txt
NCOLS      128
NROWS       72
XLLCORNER    72.000000000000    
YLLCORNER    18.000000000000    
CELLSIZE    0.50000000000000    
NODATA_VALUE   -9999.000    
[rows 34 to 67 of 72, columns 0 to 75 of 128]
-9999.0 -9999.0 -9999.0 -9999.0 49.7 36.6 50.4 26.3 46.3 38.1 11.5 23.9 14.4 12.5 3.5 3.8 4.5 4.7 4.8 4.6 4.9 4.7 3.8 2.4 1.7 1.5 1.5 1.6 1.9 2.4 3.3 4.7 5.9 7.6 10.0 10.9 15.2 19.5 15.1 9.1 14.6 3.4 2.1 0.9 0.7 0.7 0.9 1.4 2.4 4.7 6.5 9.9 34.7 25.4 23.2 34.9 46.2 71.1 99.0 57.9 98.8 42.0 25.9 21.8 17.2 16.1 16.0 13.6 11.7 12.5 16.6 22.7 22.2 17.7 17.2 22.5
-9999.0 -9999.0 -9999.0 -9999.0 -9999.0 -9999.0 -9999.0 27.3 31.4 21.1 29.5 24.2 13.0 12.2 9.9 2.7 4.5 3.5 3.5 3.5 2.8 2.1 1.6 1.3 1.1 1.1 1.1 1.2 1.6 2.2 3.2 4.7 6.7 9.4 12.9 15.5 20.9 23.1 29.2 31.9 18.3 34.7 30.4 18.4 8.0 2.0 5.4 5.0 9.5 5.3 4.7 7.2 16.9 62.5 63.7 27.4 24.3 31.4 90.6 72.1 98.1 42.9 24.6 20.0 22.0 19.8 18.4 13.7 13.0 15.3 20.0 27.4 35.8 36.9 33.9 40.8
-9999.0 -9999.0 -9999.0 -9999.0 -9999.0 -9999.0 -9999.0 41.0 16.6 23.1 21.7 14.3 13.0 12.5 7.8 7.9 4.4 3.4 2.8 2.1 1.6 1.2 1.0 0.9 0.9 0.8 0.9 1.0 1.4 2.2 3.1 4.9 7.4 10.8 14.8 19.7 24.3 30.6 35.0 36.8 38.3 36.8 37.0 47.4 27.6 14.9 20.9 23.3 37.0 29.4 46.4 43.2 27.3 42.9 73.1 45.7 43.1 57.7 84.2 94.0 81.9 67.2 36.9 31.0 27.7 30.0 27.0 19.8 17.9 17.8 20.7 28.5 42.7 56.2 41.2 61.2
-9999.0 -9999.0 -9999.0 -9999.0 -9999.0 -9999.0 -9999.0 -9999.0 -9999.0 17.9 13.9 9.9 10.7 7.8 5.1 3.5 3.0 2.5 1.6 1.1 0.9 0.9 0.8 0.7 0.7 0.8 0.8 0.9 1.4 1.8 3.7 5.5 8.5 12.3 17.6 23.5 30.0 37.4 43.2 49.2 49.7 50.8 46.9 42.3 46.9 46.6 47.3 45.8 44.9 41.9 44.4 41.2 41.7 47.9 76.2 68.5 58.4 65.9 87.6 83.7 82.2 83.8 79.2 41.4 43.9 41.0 36.7 29.1 25.5 24.7 28.3 32.5 44.5 63.2 74.2 37.6
-9999.0 -9999.0 -9999.0 -9999.0 -9999.0 -9999.0 -9999.0 -9999.0 -9999.0 -9999.0 -9999.0 10.8 4.6 6.0 3.7 2.7 1.8 1.3 1.0 0.8 0.6 0.6 0.5 0.6 0.4 0.6 0.6 0.8 1.1 2.1 3.6 5.3 9.6 14.3 20.8 26.9 36.1 45.1 54.6 62.5 69.2 68.1 62.9 58.6 68.7 60.7 71.8 64.7 62.5 54.9 46.2 46.8 51.9 65.4 85.1 93.8 95.3 99.6 88.5 79.9 79.9 77.1 76.1 64.7 59.2 42.7 40.2 33.8 30.4 33.2 40.7 48.3 51.5 49.9 35.1 35.5
-9999.0 -9999.0 -9999.0 -9999.0 -9999.0 -9999.0 -9999.0 -9999.0 -9999.0 -9999.0 -9999.0 -9999.0 3.7 2.7 2.7 1.6 1.3 0.9 0.7 0.5 0.6 0.5 0.4 0.5 0.2 0.5 0.7 0.7 1.1 1.4 3.5 6.4 10.4 14.6 21.5 30.6 37.7 50.7 62.2 72.6 80.6 83.4 81.6 82.4 80.2 82.0 85.7 79.5 75.7 68.5 68.5 68.3 68.8 72.8 86.5 101.8 112.3 115.1 86.9 87.2 74.1 72.9 71.3 67.7 48.9 49.5 38.2 32.2 31.4 37.6 56.1 74.0 67.8 52.2 45.9 80.4
-9999.0 -9999.0 -9999.0 -9999.0 -9999.0 -9999.0 -9999.0 -9999.0 -9999.0 -9999.0 -9999.0 -9999.0 4.7 1.8 1.3 1.2 0.9 0.8 0.6 0.5 0.4 0.3 0.3 0.4 0.6 0.5 0.7 1.1 1.3 2.7 3.7 5.3 10.3 16.5 23.0 32.9 39.8 50.8 64.3 77.6 88.9 95.3 99.8 95.4 97.2 99.1 94.3 93.9 88.4 88.7 85.8 89.3 88.3 94.3 92.2 107.5 114.5 117.5 98.3 81.8 70.0 65.3 66.7 67.3 43.5 41.5 40.0 38.1 40.2 44.3 49.3 53.9 59.2 53.1 53.4 55.2
-9999.0 -9999.0 -9999.0 -9999.0 -9999.0 -9999.0 -9999.0 -9999.0 -9999.0 -9999.0 -9999.0 -9999.0 -9999.0 1.8 1.5 0.9 0.8 0.7 0.7 0.6 0.4 0.5 0.3 0.5 0.5 0.3 0.4 0.4 0.9 1.8 4.4 7.8 9.5 15.1 26.5 34.4 42.7 50.7 55.4 72.4 87.0 98.5 107.0 110.9 108.4 102.7 105.0 110.0 113.9 116.1 118.3 117.6 114.3 125.7 120.7 120.3 123.4 125.9 119.4 100.1 83.8 72.8 72.2 61.8 46.6 41.9 35.6 40.5 49.8 63.1 86.2 68.3 46.8 40.7 45.2 45.7
-9999.0 -9999.0 -9999.0 -9999.0 -9999.0 -9999.0 -9999.0 -9999.0 -9999.0 -9999.0 -9999.0 -9999.0 2.1 1.8 1.2 0.9 0.7 0.6 0.5 0.7 0.7 0.6 0.5 0.5 0.6 0.3 0.5 0.9 1.3 2.0 4.2 9.2 9.0 17.9 24.3 34.8 37.9 50.0 57.8 67.5 77.1 90.5 103.7 117.2 118.4 116.0 112.2 114.1 127.0 138.4 148.0 153.0 144.6 142.4 130.8 130.0 135.9 131.5 127.6 111.1 100.4 95.9 90.6 90.2 72.8 55.8 84.4 91.2 69.8 56.1 55.7 55.1 51.7 46.3 32.1 31.6
-9999.0 -9999.0 -9999.0 -9999.0 -9999.0 -9999.0 -9999.0 -9999.0 -9999.0 -9999.0 -9999.0 -9999.0 2.1 1.2 1.1 0.8 0.7 0.8 0.8 0.5 0.8 0.5 0.5 0.5 0.7 0.9 1.0 1.4 2.0 4.1 6.7 9.2 9.9 21.9 29.9 35.4 44.0 46.1 51.2 61.9 74.3 93.8 111.5 121.8 124.4 123.0 125.7 129.9 139.6 144.7 156.8 169.7 155.0 137.6 133.6 128.4 140.2 142.9 140.6 134.5 129.4 127.0 117.0 98.1 84.1 71.3 75.6 128.1 150.1 120.1 95.3 84.6 68.9 41.9 41.1 38.0
-9999.0 -9999.0 -9999.0 -9999.0 -9999.0 -9999.0 -9999.0 -9999.0 -9999.0 -9999.0 -9999.0 -9999.0 1.2 1.4 1.2 1.0 1.0 0.6 0.7 0.6 0.3 0.2 0.5 0.3 0.5 0.3 0.6 0.5 2.4 4.1 7.0 5.7 15.6 25.6 32.8 37.3 41.9 43.0 47.2 51.0 67.0 94.6 103.2 129.1 125.4 123.0 124.9 125.9 126.8 141.9 158.9 153.8 188.2 184.8 162.5 124.3 142.2 147.7 150.7 153.5 155.4 156.9 161.8 123.1 61.8 60.5 90.2 142.0 165.8 163.9 151.0 105.6 90.9 71.2 102.9 81.2
-9999.0 -9999.0 -9999.0 -9999.0 -9999.0 -9999.0 -9999.0 -9999.0 -9999.0 -9999.0 -9999.0 -9999.0 -9999.0 1.3 1.1 1.2 1.0 1.1 0.7 0.5 0.2 0.4 0.3 0.2 0.6 0.5 0.8 1.5 1.5 6.1 4.2 8.5 11.4 22.9 28.0 25.2 31.3 39.8 40.9 49.7 64.6 74.4 91.1 110.0 118.9 111.1 109.8 94.4 120.0 132.1 129.8 174.2 174.4 138.6 173.0 160.7 134.3 145.0 157.2 169.2 180.0 190.2 198.9 95.8 47.4 75.8 100.5 131.4 159.1 166.3 177.1 184.1 139.3 174.3 131.2 140.3
-9999.0 -9999.0 -9999.0 -9999.0 -9999.0 -9999.0 -9999.0 -9999.0 -9999.0 -9999.0 -9999.0 -9999.0 -9999.0 1.4 1.1 1.4 0.8 1.4 1.2 0.8 0.2 0.2 0.2 0.2 0.8 0.6 0.7 1.8 2.5 0.7 2.2 5.2 13.5 17.9 17.9 23.1 32.9 35.3 35.4 37.6 57.3 74.0 90.3 99.3 95.0 93.6 87.2 68.2 78.8 92.9 130.3 109.5 170.5 190.9 188.9 164.2 136.7 144.9 163.8 166.5 201.3 182.7 85.6 57.6 95.4 128.0 138.8 139.6 152.4 180.2 199.0 196.5 198.5 191.5 204.6 237.8
-9999.0 -9999.0 -9999.0 -9999.0 -9999.0 -9999.0 -9999.0 -9999.0 -9999.0 -9999.0 -9999.0 -9999.0 -9999.0 -9999.0 -9999.0 1.4 1.7 1.2 1.3 1.5 0.4 0.6 0.6 0.4 0.3 0.4 0.1 0.6 0.3 3.0 3.3 7.4 5.1 9.6 18.2 14.8 17.6 36.0 35.8 41.9 47.3 58.8 72.8 82.1 85.8 71.9 62.5 38.2 56.9 32.7 78.0 151.3 152.2 175.7 110.3 159.4 150.6 136.4 177.6 200.3 160.4 116.7 109.4 137.9 172.7 192.4 191.6 173.6 174.3 201.7 205.6 180.1 164.8 191.6 236.4 327.4
-9999.0 -9999.0 -9999.0 -9999.0 -9999.0 -9999.0 -9999.0 -9999.0 -9999.0 -9999.0 -9999.0 -9999.0 -9999.0 -9999.0 -9999.0 -9999.0 -9999.0 5.5 5.1 -9999.0 3.3 0.6 1.0 0.9 0.3 0.4 0.1 0.4 1.8 1.1 4.7 14.1 4.1 23.2 35.6 22.2 15.7 38.9 33.6 38.8 44.0 48.2 57.5 64.0 94.9 60.8 74.3 51.1 25.4 44.5 21.5 72.7 45.6 167.2 179.9 176.6 158.2 182.2 194.2 215.5 107.4 127.7 170.5 199.6 221.0 223.6 209.1 198.4 199.6 225.5 213.7 179.8 179.1 163.3 233.3 354.0
-9999.0 -9999.0 -9999.0 -9999.0 -9999.0 -9999.0 -9999.0 -9999.0 -9999.0 -9999.0 -9999.0 -9999.0 -9999.0 -9999.0 -9999.0 -9999.0 -9999.0 -9999.0 -9999.0 -9999.0 -9999.0 1.5 0.7 0.2 0.4 1.4 1.5 1.8 2.1 7.5 8.5 28.3 27.2 24.1 30.2 19.5 24.0 28.6 35.4 46.3 48.1 38.6 42.0 44.9 84.4 42.5 91.3 25.3 45.8 105.2 40.1 108.8 133.9 96.1 150.4 182.9 192.4 197.5 219.8 225.3 104.0 143.2 188.8 204.9 193.5 189.9 177.4 187.8 189.5 215.1 210.6 192.5 170.1 134.2 154.0 237.8
-9999.0 -9999.0 -9999.0 -9999.0 -9999.0 -9999.0 -9999.0 -9999.0 -9999.0 -9999.0 -9999.0 -9999.0 -9999.0 -9999.0 -9999.0 -9999.0 -9999.0 -9999.0 -9999.0 -9999.0 -9999.0 -9999.0 -9999.0 7.7 1.1 1.5 1.9 1.8 0.9 5.6 7.0 8.7 4.2 11.1 10.2 13.6 16.0 24.6 27.0 29.7 30.2 30.9 29.8 38.0 73.4 117.0 54.0 31.3 29.3 27.2 20.1 68.0 43.4 82.6 101.7 117.1 191.9 213.0 175.0 232.3 155.5 183.3 200.8 169.9 173.6 150.3 142.3 164.1 208.2 201.3 216.5 209.6 187.8 182.4 134.1 152.6
-9999.0 -9999.0 -9999.0 -9999.0 -9999.0 -9999.0 -9999.0 -9999.0 -9999.0 -9999.0 -9999.0 -9999.0 -9999.0 -9999.0 -9999.0 -9999.0 -9999.0 -9999.0 -9999.0 -9999.0 -9999.0 -9999.0 -9999.0 -9999.0 -9999.0 23.5 7.1 0.2 0.5 0.4 2.9 13.7 18.7 13.6 18.4 13.5 14.5 24.2 27.1 29.8 28.7 22.6 63.3 61.5 112.9 120.6 93.8 105.3 23.5 29.3 42.8 40.1 70.6 83.8 80.0 119.3 177.1 198.6 221.9 225.6 212.4 201.0 252.1 115.3 133.0 136.1 160.4 211.5 193.1 184.7 194.3 210.4 183.1 205.6 180.3 125.6
-9999.0 -9999.0 -9999.0 -9999.0 -9999.0 -9999.0 -9999.0 -9999.0 -9999.0 -9999.0 -9999.0 -9999.0 -9999.0 -9999.0 -9999.0 -9999.0 -9999.0 -9999.0 -9999.0 -9999.0 -9999.0 -9999.0 -9999.0 -9999.0 -9999.0 -9999.0 -9999.0 40.0 46.3 19.4 22.3 27.2 7.2 37.6 19.0 56.3 26.1 29.2 35.2 29.9 27.5 25.8 72.4 114.0 121.0 124.2 119.9 113.3 106.5 68.4 92.3 94.6 49.3 66.3 87.3 125.3 160.7 185.0 207.7 203.0 205.2 204.8 176.5 155.7 174.7 188.3 187.8 161.9 141.3 138.7 165.2 207.5 175.5 201.5 138.8 112.2
-9999.0 -9999.0 -9999.0 -9999.0 -9999.0 -9999.0 -9999.0 -9999.0 -9999.0 -9999.0 -9999.0 -9999.0 -9999.0 -9999.0 -9999.0 -9999.0 -9999.0 -9999.0 -9999.0 -9999.0 -9999.0 -9999.0 -9999.0 -9999.0 -9999.0 -9999.0 -9999.0 -9999.0 -9999.0 -9999.0 -9999.0 -9999.0 -9999.0 58.7 30.2 -9999.0 -9999.0 -9999.0 57.7 36.5 49.8 71.4 67.0 119.6 126.0 127.3 -9999.0 -9999.0 -9999.0 -9999.0 -9999.0 -9999.0 83.7 76.3 109.4 140.2 170.4 190.0 198.9 215.8 226.8 213.8 207.8 176.7 168.5 181.9 184.1 157.4 122.2 121.8 153.2 204.6 236.1 187.6 192.9 130.6
-9999.0 -9999.0 -9999.0 -9999.0 -9999.0 -9999.0 -9999.0 -9999.0 -9999.0 -9999.0 -9999.0 -9999.0 -9999.0 -9999.0 -9999.0 -9999.0 -9999.0 -9999.0 -9999.0 -9999.0 -9999.0 -9999.0 -9999.0 -9999.0 -9999.0 -9999.0 -9999.0 -9999.0 -9999.0 -9999.0 -9999.0 -9999.0 -9999.0 -9999.0 -9999.0 -9999.0 -9999.0 -9999.0 -9999.0 92.0 98.4 106.3 114.4 121.9 -9999.0 -9999.0 -9999.0 -9999.0 -9999.0 -9999.0 -9999.0 -9999.0 94.2 93.1 111.7 138.8 167.5 182.1 200.4 233.7 260.0 242.6 229.4 210.9 201.3 208.1 210.1 170.3 132.1 139.6 181.9 226.4 227.2 245.3 177.1 173.3
-9999.0 -9999.0 -9999.0 -9999.0 -9999.0 -9999.0 -9999.0 -9999.0 -9999.0 -9999.0 -9999.0 -9999.0 -9999.0 -9999.0 -9999.0 -9999.0 -9999.0 -9999.0 -9999.0 -9999.0 -9999.0 -9999.0 -9999.0 -9999.0 -9999.0 -9999.0 -9999.0 -9999.0 -9999.0 -9999.0 -9999.0 -9999.0 -9999.0 -9999.0 -9999.0 -9999.0 -9999.0 -9999.0 -9999.0 -9999.0 -9999.0 -9999.0 -9999.0 -9999.0 -9999.0 -9999.0 -9999.0 -9999.0 -9999.0 -9999.0 -9999.0 -9999.0 87.8 115.5 121.8 139.8 148.5 157.4 175.5 205.7 244.4 247.3 210.3 249.3 257.0 271.9 261.0 218.0 184.1 187.6 221.3 256.6 285.6 264.0 248.2 233.6
-9999.0 -9999.0 -9999.0 -9999.0 -9999.0 -9999.0 -9999.0 -9999.0 -9999.0 -9999.0 -9999.0 -9999.0 -9999.0 -9999.0 -9999.0 -9999.0 -9999.0 -9999.0 -9999.0 -9999.0 -9999.0 -9999.0 -9999.0 -9999.0 -9999.0 -9999.0 -9999.0 -9999.0 -9999.0 -9999.0 -9999.0 -9999.0 -9999.0 -9999.0 -9999.0 -9999.0 -9999.0 -9999.0 -9999.0 -9999.0 -9999.0 -9999.0 -9999.0 -9999.0 -9999.0 -9999.0 -9999.0 -9999.0 -9999.0 -9999.0 -9999.0 140.8 143.3 145.3 107.1 128.1 127.3 133.3 138.5 189.1 180.0 206.7 221.5 254.7 283.3 308.6 282.2 200.0 246.0 242.5 261.0 275.2 265.5 265.3 289.5 308.0
-9999.0 -9999.0 -9999.0 -9999.0 -9999.0 -9999.0 -9999.0 -9999.0 -9999.0 -9999.0 -9999.0 -9999.0 -9999.0 -9999.0 -9999.0 -9999.0 -9999.0 -9999.0 -9999.0 -9999.0 -9999.0 -9999.0 -9999.0 -9999.0 -9999.0 -9999.0 -9999.0 -9999.0 -9999.0 -9999.0 -9999.0 -9999.0 -9999.0 -9999.0 -9999.0 -9999.0 -9999.0 -9999.0 -9999.0 -9999.0 -9999.0 -9999.0 -9999.0 -9999.0 -9999.0 -9999.0 -9999.0 -9999.0 -9999.0 -9999.0 143.5 211.6 202.5 184.7 151.2 141.9 114.1 105.1 115.6 133.0 162.3 179.9 202.1 237.7 249.8 254.0 295.6 259.6 292.3 271.5 280.3 266.9 264.2 273.4 279.4 266.4
-9999.0 -9999.0 -9999.0 -9999.0 -9999.0 -9999.0 -9999.0 -9999.0 -9999.0 -9999.0 -9999.0 -9999.0 -9999.0 -9999.0 -9999.0 -9999.0 -9999.0 -9999.0 -9999.0 -9999.0 -9999.0 -9999.0 -9999.0 -9999.0 -9999.0 -9999.0 -9999.0 -9999.0 -9999.0 -9999.0 -9999.0 -9999.0 -9999.0 -9999.0 -9999.0 -9999.0 -9999.0 -9999.0 -9999.0 -9999.0 -9999.0 -9999.0 -9999.0 -9999.0 -9999.0 -9999.0 -9999.0 -9999.0 -9999.0 -9999.0 168.0 278.8 210.9 226.9 197.5 156.0 95.0 116.0 115.8 129.0 152.9 178.4 179.0 201.6 215.2 170.1 225.5 231.9 278.2 273.4 281.4 273.0 259.0 247.0 242.8 250.9
-9999.0 -9999.0 -9999.0 -9999.0 -9999.0 -9999.0 -9999.0 -9999.0 -9999.0 -9999.0 -9999.0 -9999.0 -9999.0 -9999.0 -9999.0 -9999.0 -9999.0 -9999.0 -9999.0 -9999.0 -9999.0 -9999.0 -9999.0 -9999.0 -9999.0 -9999.0 -9999.0 -9999.0 -9999.0 -9999.0 -9999.0 -9999.0 -9999.0 -9999.0 -9999.0 -9999.0 -9999.0 -9999.0 -9999.0 -9999.0 -9999.0 -9999.0 -9999.0 -9999.0 -9999.0 -9999.0 -9999.0 -9999.0 -9999.0 -9999.0 169.2 248.0 210.7 281.9 197.5 155.1 163.4 131.6 137.3 125.0 165.4 202.9 202.6 186.0 212.3 215.9 209.6 222.4 234.9 266.9 265.4 262.0 252.8 205.5 178.5 182.6
-9999.0 -9999.0 -9999.0 -9999.0 -9999.0 -9999.0 -9999.0 -9999.0 -9999.0 -9999.0 -9999.0 -9999.0 -9999.0 -9999.0 -9999.0 -9999.0 -9999.0 -9999.0 -9999.0 -9999.0 -9999.0 -9999.0 -9999.0 -9999.0 -9999.0 -9999.0 -9999.0 -9999.0 -9999.0 -9999.0 -9999.0 -9999.0 -9999.0 -9999.0 -9999.0 -9999.0 -9999.0 -9999.0 -9999.0 -9999.0 -9999.0 -9999.0 -9999.0 -9999.0 -9999.0 -9999.0 -9999.0 -9999.0 -9999.0 -9999.0 283.4 348.2 314.7 305.2 253.1 223.0 156.4 169.3 166.1 131.7 182.3 199.5 162.7 191.7 212.7 230.5 258.5 247.2 241.8 175.5 207.2 232.3 228.1 175.2 145.7 157.7
-9999.0 -9999.0 -9999.0 -9999.0 -9999.0 -9999.0 -9999.0 -9999.0 -9999.0 -9999.0 -9999.0 -9999.0 -9999.0 -9999.0 -9999.0 -9999.0 -9999.0 -9999.0 -9999.0 -9999.0 -9999.0 -9999.0 -9999.0 -9999.0 -9999.0 -9999.0 -9999.0 -9999.0 -9999.0 -9999.0 -9999.0 -9999.0 -9999.0 -9999.0 -9999.0 -9999.0 -9999.0 -9999.0 -9999.0 -9999.0 -9999.0 -9999.0 -9999.0 -9999.0 -9999.0 -9999.0 -9999.0 -9999.0 -9999.0 -9999.0 -9999.0 -9999.0 -9999.0 307.4 270.4 229.9 216.1 219.2 165.3 158.4 273.0 168.9 238.1 214.1 202.7 207.5 235.8 204.6 189.5 154.0 143.2 171.0 184.0 171.3 171.2 190.1
-9999.0 -9999.0 -9999.0 -9999.0 -9999.0 -9999.0 -9999.0 -9999.0 -9999.0 -9999.0 -9999.0 -9999.0 -9999.0 -9999.0 -9999.0 -9999.0 -9999.0 -9999.0 -9999.0 -9999.0 -9999.0 -9999.0 -9999.0 -9999.0 -9999.0 -9999.0 -9999.0 -9999.0 -9999.0 -9999.0 -9999.0 -9999.0 -9999.0 -9999.0 -9999.0 -9999.0 -9999.0 -9999.0 -9999.0 -9999.0 -9999.0 -9999.0 -9999.0 -9999.0 -9999.0 -9999.0 -9999.0 -9999.0 -9999.0 -9999.0 -9999.0 -9999.0 -9999.0 296.2 245.4 301.8 223.4 199.7 221.2 294.7 245.1 224.1 314.4 257.4 235.3 219.3 201.7 214.1 166.5 140.9 139.1 175.8 190.3 202.8 226.3 208.4
-9999.0 -9999.0 -9999.0 -9999.0 -9999.0 -9999.0 -9999.0 -9999.0 -9999.0 -9999.0 -9999.0 -9999.0 -9999.0 -9999.0 -9999.0 -9999.0 -9999.0 -9999.0 -9999.0 -9999.0 -9999.0 -9999.0 -9999.0 -9999.0 -9999.0 -9999.0 -9999.0 -9999.0 -9999.0 -9999.0 -9999.0 -9999.0 -9999.0 -9999.0 -9999.0 -9999.0 -9999.0 -9999.0 -9999.0 -9999.0 -9999.0 -9999.0 -9999.0 -9999.0 -9999.0 -9999.0 -9999.0 -9999.0 -9999.0 -9999.0 -9999.0 -9999.0 -9999.0 261.2 170.0 241.5 223.2 204.9 237.8 257.8 337.0 349.6 392.1 348.9 277.0 -9999.0 -9999.0 -9999.0 218.8 217.8 244.4 284.4 294.1 271.7 239.4 202.7
-9999.0 -9999.0 -9999.0 -9999.0 -9999.0 -9999.0 -9999.0 -9999.0 -9999.0 -9999.0 -9999.0 -9999.0 -9999.0 -9999.0 -9999.0 -9999.0 -9999.0 -9999.0 -9999.0 -9999.0 -9999.0 -9999.0 -9999.0 -9999.0 -9999.0 -9999.0 -9999.0 -9999.0 -9999.0 -9999.0 -9999.0 -9999.0 -9999.0 -9999.0 -9999.0 -9999.0 -9999.0 -9999.0 -9999.0 -9999.0 -9999.0 -9999.0 -9999.0 -9999.0 -9999.0 -9999.0 -9999.0 -9999.0 -9999.0 -9999.0 -9999.0 -9999.0 -9999.0 -9999.0 202.4 193.7 150.7 153.2 250.8 338.3 270.8 -9999.0 -9999.0 -9999.0 -9999.0 -9999.0 -9999.0 -9999.0 300.1 328.9 358.1 450.3 410.8 282.1 192.8 170.1
-9999.0 -9999.0 -9999.0 -9999.0 -9999.0 -9999.0 -9999.0 -9999.0 -9999.0 -9999.0 -9999.0 -9999.0 -9999.0 -9999.0 -9999.0 -9999.0 -9999.0 -9999.0 -9999.0 -9999.0 -9999.0 -9999.0 -9999.0 -9999.0 -9999.0 -9999.0 -9999.0 -9999.0 -9999.0 -9999.0 -9999.0 -9999.0 -9999.0 -9999.0 -9999.0 -9999.0 -9999.0 -9999.0 -9999.0 -9999.0 -9999.0 -9999.0 -9999.0 -9999.0 -9999.0 -9999.0 -9999.0 -9999.0 -9999.0 -9999.0 -9999.0 -9999.0 -9999.0 -9999.0 -9999.0 147.4 231.3 184.4 194.1 279.5 304.0 -9999.0 -9999.0 -9999.0 -9999.0 -9999.0 -9999.0 -9999.0 -9999.0 -9999.0 452.7 -9999.0 -9999.0 -9999.0 -9999.0 -9999.0
-9999.0 -9999.0 -9999.0 -9999.0 -9999.0 -9999.0 -9999.0 -9999.0 -9999.0 -9999.0 -9999.0 -9999.0 -9999.0 -9999.0 -9999.0 -9999.0 -9999.0 -9999.0 -9999.0 -9999.0 -9999.0 -9999.0 -9999.0 -9999.0 -9999.0 -9999.0 -9999.0 -9999.0 -9999.0 -9999.0 -9999.0 -9999.0 -9999.0 -9999.0 -9999.0 -9999.0 -9999.0 -9999.0 -9999.0 -9999.0 -9999.0 -9999.0 -9999.0 -9999.0 -9999.0 -9999.0 -9999.0 -9999.0 -9999.0 -9999.0 -9999.0 -9999.0 -9999.0 -9999.0 -9999.0 -9999.0 -9999.0 -9999.0 202.5 213.2 -9999.0 -9999.0 -9999.0 -9999.0 -9999.0 -9999.0 -9999.0 -9999.0 -9999.0 -9999.0 -9999.0 -9999.0 -9999.0 -9999.0 -9999.0 114.3
-9999.0 -9999.0 -9999.0 -9999.0 -9999.0 -9999.0 -9999.0 -9999.0 -9999.0 -9999.0 -9999.0 -9999.0 -9999.0 -9999.0 -9999.0 -9999.0 -9999.0 -9999.0 -9999.0 -9999.0 -9999.0 -9999.0 -9999.0 -9999.0 -9999.0 -9999.0 -9999.0 -9999.0 -9999.0 -9999.0 -9999.0 -9999.0 -9999.0 -9999.0 -9999.0 -9999.0 -9999.0 -9999.0 -9999.0 -9999.0 -9999.0 -9999.0 -9999.0 -9999.0 -9999.0 -9999.0 -9999.0 -9999.0 -9999.0 -9999.0 -9999.0 -9999.0 -9999.0 -9999.0 -9999.0 -9999.0 -9999.0 -9999.0 -9999.0 -9999.0 -9999.0 -9999.0 -9999.0 -9999.0 -9999.0 -9999.0 -9999.0 -9999.0 -9999.0 -9999.0 -9999.0 -9999.0 -9999.0 -9999.0 -9999.0 -9999.0
