program/excelProcessViaJava/data/SURF_CLI_CHN_PRE_MON_GRID_0.5-199501.txt
NCOLS      128
NROWS       72
XLLCORNER    72.000000000000    
YLLCORNER    18.000000000000    
CELLSIZE    0.50000000000000    
NODATA_VALUE   -9999.000    
[rows 35 to 69 of 72, columns 0 to 79 of 128]
-9999.0 -9999.0 -9999.0 -9999.0 -9999.0 -9999.0 -9999.0 0.5 0.6 0.4 0.8 0.6 0.2 0.2 0.1 0.3 0.1 0.1 0.2 0.1 0.0 0.0 0.0 0.0 0.0 0.0 0.0 0.0 0.0 0.1 0.1 0.1 0.2 0.2 0.3 0.4 0.6 0.8 1.4 2.0 1.9 3.5 3.8 3.1 2.1 1.3 1.1 1.1 1.8 4.2 8.3 10.2 6.5 0.8 1.8 10.7 10.4 6.8 4.6 4.3 5.7 5.9 5.5 5.7 5.2 2.0 1.6 1.2 0.3 0.3 0.2 0.2 0.3 0.3 0.2 0.2 0.1 0.1 0.1 0.1
-9999.0 -9999.0 -9999.0 -9999.0 -9999.0 -9999.0 -9999.0 2.3 0.7 1.0 1.1 0.6 0.6 0.7 0.3 0.4 0.1 0.1 0.1 0.0 0.0 0.0 0.0 0.0 0.0 0.0 0.0 0.0 0.1 0.1 0.1 0.2 0.3 0.4 0.4 0.6 0.7 1.0 1.3 1.8 2.6 3.4 4.2 5.4 3.2 1.8 1.6 1.5 2.0 2.2 1.8 1.7 4.9 3.6 1.8 11.0 10.8 6.8 4.6 4.5 5.1 6.5 5.6 6.5 3.9 2.1 1.4 1.2 1.7 0.9 0.9 1.1 1.4 1.0 0.4 0.4 0.3 0.1 0.1 0.1
-9999.0 -9999.0 -9999.0 -9999.0 -9999.0 -9999.0 -9999.0 -9999.0 -9999.0 1.6 1.3 1.1 1.2 0.9 0.5 0.3 0.2 0.3 0.1 0.1 0.0 0.0 0.0 0.0 0.0 0.0 0.0 0.0 0.1 0.1 0.2 0.3 0.4 0.5 0.6 0.7 0.8 1.0 1.3 1.9 2.5 3.7 4.5 4.5 4.8 4.0 3.3 2.7 2.6 2.7 2.7 2.7 3.3 4.4 2.3 7.2 7.9 5.1 4.2 4.5 4.8 6.0 7.2 3.8 3.6 2.3 1.9 2.4 3.3 2.3 2.3 2.4 2.8 2.3 1.5 0.4 0.1 0.1 0.1 0.1
-9999.0 -9999.0 -9999.0 -9999.0 -9999.0 -9999.0 -9999.0 -9999.0 -9999.0 -9999.0 -9999.0 2.3 1.5 1.6 1.0 0.7 0.4 0.2 0.1 0.1 0.0 0.0 0.0 0.0 0.0 0.0 0.0 0.0 0.1 0.1 0.3 0.4 0.6 0.7 0.8 1.0 1.0 1.2 2.1 2.0 3.1 4.0 4.9 5.6 7.3 5.4 6.3 4.4 4.3 4.1 4.3 4.4 4.3 3.6 2.7 3.5 4.3 3.7 4.1 4.4 5.1 4.9 4.3 3.2 3.8 2.7 2.6 3.6 3.8 3.2 2.6 3.1 3.3 3.1 1.7 1.0 0.5 0.4 0.3 0.1
-9999.0 -9999.0 -9999.0 -9999.0 -9999.0 -9999.0 -9999.0 -9999.0 -9999.0 -9999.0 -9999.0 -9999.0 2.4 2.1 1.7 1.2 0.9 0.4 0.2 0.1 0.1 0.0 0.0 0.0 0.0 0.0 0.0 0.0 0.1 0.1 0.3 0.6 0.8 0.9 1.1 1.2 1.6 1.5 1.7 2.1 2.9 4.3 6.0 8.0 8.7 8.8 8.6 5.9 5.8 6.1 7.1 6.9 6.7 6.5 5.1 3.9 3.5 3.4 4.7 5.2 5.4 6.5 6.7 4.6 3.2 5.5 4.0 4.5 4.1 3.4 1.7 2.1 2.5 3.2 3.9 7.3 3.7 3.0 1.9 2.7
-9999.0 -9999.0 -9999.0 -9999.0 -9999.0 -9999.0 -9999.0 -9999.0 -9999.0 -9999.0 -9999.0 -9999.0 4.2 3.3 2.8 1.8 1.4 0.7 0.3 0.1 0.1 0.0 0.0 0.0 0.0 0.0 0.0 0.1 0.1 0.3 0.4 0.6 1.0 1.3 1.4 1.5 1.8 2.1 2.4 3.0 3.8 5.4 8.7 9.7 12.2 13.5 10.7 8.3 6.1 7.9 9.1 10.6 10.6 9.1 8.3 5.6 5.1 4.6 6.2 6.4 6.4 6.5 7.7 8.7 4.1 5.7 2.4 3.4 3.2 2.9 3.6 7.4 9.8 6.6 8.5 7.9 6.9 8.8 6.8 4.8
-9999.0 -9999.0 -9999.0 -9999.0 -9999.0 -9999.0 -9999.0 -9999.0 -9999.0 -9999.0 -9999.0 -9999.0 -9999.0 4.4 3.6 3.2 1.8 1.2 0.7 0.3 0.1 0.1 0.0 0.0 0.0 0.0 0.0 0.0 0.1 0.2 0.6 1.0 1.1 1.5 1.9 1.9 2.0 2.4 4.6 4.7 5.9 8.5 10.8 14.6 14.9 14.4 14.2 12.7 11.0 10.2 11.4 12.6 13.3 10.7 8.0 5.8 5.0 4.5 4.7 6.9 8.0 8.0 8.6 5.0 2.1 3.8 5.5 6.2 7.0 6.0 7.8 4.3 3.9 7.1 12.8 11.1 10.4 9.1 7.5 6.3
-9999.0 -9999.0 -9999.0 -9999.0 -9999.0 -9999.0 -9999.0 -9999.0 -9999.0 -9999.0 -9999.0 -9999.0 7.0 6.0 4.7 3.9 2.3 1.4 0.7 0.6 0.3 0.1 0.1 0.1 0.1 0.0 0.0 0.1 0.1 0.2 0.6 1.4 1.3 2.0 2.1 2.2 2.5 2.7 3.5 5.1 8.9 13.2 17.0 14.9 17.1 17.1 14.3 10.1 9.0 9.3 12.6 14.8 13.6 11.3 8.0 5.2 3.3 5.2 4.5 6.3 7.1 8.4 8.8 10.7 7.0 5.1 5.4 7.5 9.4 8.9 6.6 3.8 3.6 5.0 5.6 5.9 5.5 6.0 6.3 5.7
-9999.0 -9999.0 -9999.0 -9999.0 -9999.0 -9999.0 -9999.0 -9999.0 -9999.0 -9999.0 -9999.0 -9999.0 9.3 8.7 6.7 4.7 3.0 2.5 1.5 0.5 0.6 0.1 0.1 0.1 0.1 0.1 0.1 0.1 0.2 0.5 0.9 1.3 1.5 2.5 2.6 2.4 2.5 2.9 3.8 5.2 7.6 9.9 12.4 14.8 15.9 15.8 15.8 12.2 9.6 5.8 8.0 11.7 10.2 8.3 6.5 4.9 2.4 2.0 2.7 3.9 5.9 8.8 7.8 7.1 5.9 5.4 6.4 7.2 6.2 5.0 4.3 4.0 5.6 11.8 18.0 9.2 5.1 6.9 5.8 4.4
-9999.0 -9999.0 -9999.0 -9999.0 -9999.0 -9999.0 -9999.0 -9999.0 -9999.0 -9999.0 -9999.0 -9999.0 14.3 10.0 9.6 6.8 5.0 2.6 1.8 1.0 0.4 0.2 0.3 0.1 0.1 0.0 0.1 0.0 0.2 0.3 0.7 0.7 2.0 2.8 2.6 2.2 2.2 2.6 3.6 5.7 7.5 8.4 14.3 9.7 12.7 15.1 13.9 8.3 4.3 4.9 6.5 6.5 9.9 8.3 5.0 5.2 2.4 1.6 1.9 2.1 3.5 5.9 13.2 7.7 4.5 13.2 9.7 7.4 6.4 6.8 7.8 9.7 12.9 22.1 66.0 28.1 50.1 8.8 9.3 5.5
-9999.0 -9999.0 -9999.0 -9999.0 -9999.0 -9999.0 -9999.0 -9999.0 -9999.0 -9999.0 -9999.0 -9999.0 -9999.0 14.0 10.7 8.9 6.3 4.8 2.8 1.8 1.3 1.0 0.6 0.3 0.6 0.3 0.3 0.3 0.1 0.4 0.2 0.6 1.0 2.0 1.8 1.5 1.7 2.0 3.0 4.2 6.0 12.3 15.8 13.8 8.2 7.3 8.2 2.3 5.0 4.3 3.7 5.7 4.7 3.3 3.9 3.0 3.1 1.8 1.7 4.1 5.2 15.9 11.6 6.0 13.2 11.1 8.9 7.7 9.0 11.4 14.6 15.0 18.2 11.1 18.6 14.3 15.4 15.4 17.3 10.2
-9999.0 -9999.0 -9999.0 -9999.0 -9999.0 -9999.0 -9999.0 -9999.0 -9999.0 -9999.0 -9999.0 -9999.0 -9999.0 24.6 14.6 12.4 9.0 7.7 5.8 4.3 3.2 2.5 1.9 1.6 2.9 1.4 0.7 0.7 0.2 0.0 0.0 0.1 0.4 0.7 0.7 0.8 0.9 1.2 2.5 7.6 5.5 8.1 9.9 10.2 15.9 6.8 4.8 1.2 1.4 1.6 2.6 1.6 2.4 3.3 3.5 2.4 2.1 1.7 2.4 2.0 6.5 5.9 8.1 15.7 11.0 7.3 6.4 8.6 12.6 18.1 21.6 19.6 15.2 15.3 17.6 26.1 44.6 22.4 23.5 21.9
-9999.0 -9999.0 -9999.0 -9999.0 -9999.0 -9999.0 -9999.0 -9999.0 -9999.0 -9999.0 -9999.0 -9999.0 -9999.0 -9999.0 -9999.0 18.1 15.7 11.9 10.8 10.6 7.6 7.8 7.6 6.2 4.5 3.4 1.0 0.5 0.1 0.0 0.0 0.0 0.0 0.1 0.2 0.6 1.4 0.4 1.1 2.5 7.4 10.1 9.5 7.5 2.8 1.4 2.3 0.3 0.8 0.4 0.5 2.5 0.9 1.3 0.7 1.5 1.6 0.9 3.8 7.0 4.5 4.3 16.0 14.3 9.5 5.9 6.6 12.0 17.9 22.6 25.0 20.2 24.8 24.2 19.7 44.0 44.6 57.7 35.4 40.3
-9999.0 -9999.0 -9999.0 -9999.0 -9999.0 -9999.0 -9999.0 -9999.0 -9999.0 -9999.0 -9999.0 -9999.0 -9999.0 -9999.0 -9999.0 -9999.0 -9999.0 101.0 41.5 -9999.0 29.4 16.5 21.0 19.4 11.5 9.3 3.7 2.0 0.9 0.0 0.0 0.0 0.0 0.0 0.1 0.1 1.3 0.1 0.7 2.0 4.6 10.7 7.4 4.7 2.6 1.2 7.0 2.9 0.2 0.3 1.0 0.2 1.3 1.0 1.5 1.6 0.7 3.0 4.5 8.4 0.4 3.1 13.5 15.8 9.9 6.0 8.3 14.2 21.2 25.0 24.4 31.0 34.7 21.7 33.0 52.6 50.7 49.3 52.9 60.8
-9999.0 -9999.0 -9999.0 -9999.0 -9999.0 -9999.0 -9999.0 -9999.0 -9999.0 -9999.0 -9999.0 -9999.0 -9999.0 -9999.0 -9999.0 -9999.0 -9999.0 -9999.0 -9999.0 -9999.0 -9999.0 41.2 33.7 24.2 25.5 31.9 21.7 11.7 3.7 1.3 0.0 0.2 0.1 0.0 0.1 0.0 0.1 0.1 0.2 0.1 0.1 10.7 11.0 6.5 3.5 2.2 25.1 1.0 3.3 26.0 0.5 3.2 2.7 0.9 1.1 2.3 2.6 1.8 10.3 8.8 0.0 1.0 9.1 13.5 13.6 11.4 14.7 19.1 25.8 27.1 25.8 31.7 29.8 25.4 36.8 50.7 57.9 63.4 70.4 75.8
-9999.0 -9999.0 -9999.0 -9999.0 -9999.0 -9999.0 -9999.0 -9999.0 -9999.0 -9999.0 -9999.0 -9999.0 -9999.0 -9999.0 -9999.0 -9999.0 -9999.0 -9999.0 -9999.0 -9999.0 -9999.0 -9999.0 -9999.0 118.0 62.6 57.4 44.8 26.2 8.7 4.6 0.6 0.1 0.3 0.1 0.5 0.7 2.7 1.7 7.7 13.0 11.9 17.5 5.8 2.3 5.4 43.1 7.8 5.4 11.9 19.1 5.7 3.5 5.2 3.4 1.7 0.1 2.0 5.8 0.5 10.0 1.2 4.6 6.9 6.6 9.2 15.5 22.0 25.0 25.4 29.3 35.7 33.9 33.3 40.5 44.7 53.2 61.5 64.9 72.6 78.8
-9999.0 -9999.0 -9999.0 -9999.0 -9999.0 -9999.0 -9999.0 -9999.0 -9999.0 -9999.0 -9999.0 -9999.0 -9999.0 -9999.0 -9999.0 -9999.0 -9999.0 -9999.0 -9999.0 -9999.0 -9999.0 -9999.0 -9999.0 -9999.0 -9999.0 219.5 113.5 31.6 20.8 13.2 5.3 3.4 2.5 1.9 2.2 5.8 18.6 10.3 24.0 19.2 32.0 12.9 7.1 6.9 31.1 55.1 35.3 76.7 7.0 20.9 7.7 8.7 8.5 7.9 4.3 1.2 2.3 1.4 7.8 10.0 12.2 14.3 37.4 5.8 8.4 15.6 21.1 24.0 31.9 40.8 37.0 33.9 32.7 46.8 52.6 50.9 52.1 59.2 78.0 73.1
-9999.0 -9999.0 -9999.0 -9999.0 -9999.0 -9999.0 -9999.0 -9999.0 -9999.0 -9999.0 -9999.0 -9999.0 -9999.0 -9999.0 -9999.0 -9999.0 -9999.0 -9999.0 -9999.0 -9999.0 -9999.0 -9999.0 -9999.0 -9999.0 -9999.0 -9999.0 -9999.0 266.3 224.6 75.0 44.1 28.8 12.3 21.1 11.8 36.6 16.8 21.0 16.9 26.7 36.8 10.7 17.4 40.7 48.2 63.0 78.3 85.3 90.5 54.8 88.7 88.1 21.2 19.0 9.1 4.8 0.7 0.3 5.8 4.4 3.5 21.9 6.1 7.4 16.8 16.1 22.4 26.7 32.1 37.0 34.4 40.8 30.4 44.9 44.9 46.9 65.8 69.7 63.7 68.9
-9999.0 -9999.0 -9999.0 -9999.0 -9999.0 -9999.0 -9999.0 -9999.0 -9999.0 -9999.0 -9999.0 -9999.0 -9999.0 -9999.0 -9999.0 -9999.0 -9999.0 -9999.0 -9999.0 -9999.0 -9999.0 -9999.0 -9999.0 -9999.0 -9999.0 -9999.0 -9999.0 -9999.0 -9999.0 -9999.0 -9999.0 -9999.0 -9999.0 88.5 35.2 -9999.0 -9999.0 -9999.0 42.9 34.3 27.8 30.6 24.8 57.0 70.5 72.0 -9999.0 -9999.0 -9999.0 -9999.0 -9999.0 -9999.0 45.8 17.3 14.8 4.0 0.8 0.2 0.8 2.0 8.8 23.3 15.9 15.4 16.0 21.1 27.7 32.5 33.0 30.5 27.1 37.4 45.9 40.8 57.7 53.1 84.0 73.4 74.5 78.3
-9999.0 -9999.0 -9999.0 -9999.0 -9999.0 -9999.0 -9999.0 -9999.0 -9999.0 -9999.0 -9999.0 -9999.0 -9999.0 -9999.0 -9999.0 -9999.0 -9999.0 -9999.0 -9999.0 -9999.0 -9999.0 -9999.0 -9999.0 -9999.0 -9999.0 -9999.0 -9999.0 -9999.0 -9999.0 -9999.0 -9999.0 -9999.0 -9999.0 -9999.0 -9999.0 -9999.0 -9999.0 -9999.0 -9999.0 107.6 92.9 85.0 79.6 75.0 -9999.0 -9999.0 -9999.0 -9999.0 -9999.0 -9999.0 -9999.0 -9999.0 35.6 18.9 10.8 4.1 1.0 0.4 0.6 2.6 9.1 21.5 28.7 23.6 31.1 35.8 39.1 30.1 25.9 30.2 35.1 37.6 36.2 58.5 54.1 68.6 84.9 87.2 100.7 94.5
-9999.0 -9999.0 -9999.0 -9999.0 -9999.0 -9999.0 -9999.0 -9999.0 -9999.0 -9999.0 -9999.0 -9999.0 -9999.0 -9999.0 -9999.0 -9999.0 -9999.0 -9999.0 -9999.0 -9999.0 -9999.0 -9999.0 -9999.0 -9999.0 -9999.0 -9999.0 -9999.0 -9999.0 -9999.0 -9999.0 -9999.0 -9999.0 -9999.0 -9999.0 -9999.0 -9999.0 -9999.0 -9999.0 -9999.0 -9999.0 -9999.0 -9999.0 -9999.0 -9999.0 -9999.0 -9999.0 -9999.0 -9999.0 -9999.0 -9999.0 -9999.0 -9999.0 31.1 20.4 11.6 8.8 4.9 3.3 3.7 8.3 14.6 24.2 48.7 34.9 40.6 38.7 30.4 25.2 22.3 24.7 30.6 39.0 72.6 66.1 77.1 74.4 96.5 98.0 104.5 111.8
-9999.0 -9999.0 -9999.0 -9999.0 -9999.0 -9999.0 -9999.0 -9999.0 -9999.0 -9999.0 -9999.0 -9999.0 -9999.0 -9999.0 -9999.0 -9999.0 -9999.0 -9999.0 -9999.0 -9999.0 -9999.0 -9999.0 -9999.0 -9999.0 -9999.0 -9999.0 -9999.0 -9999.0 -9999.0 -9999.0 -9999.0 -9999.0 -9999.0 -9999.0 -9999.0 -9999.0 -9999.0 -9999.0 -9999.0 -9999.0 -9999.0 -9999.0 -9999.0 -9999.0 -9999.0 -9999.0 -9999.0 -9999.0 -9999.0 -9999.0 -9999.0 24.4 24.3 21.8 18.0 16.9 15.9 14.8 13.3 7.6 23.8 29.0 32.4 39.2 43.3 39.9 28.4 20.9 21.7 22.8 29.4 41.2 48.2 56.6 75.1 84.5 111.4 106.2 125.2 124.9
-9999.0 -9999.0 -9999.0 -9999.0 -9999.0 -9999.0 -9999.0 -9999.0 -9999.0 -9999.0 -9999.0 -9999.0 -9999.0 -9999.0 -9999.0 -9999.0 -9999.0 -9999.0 -9999.0 -9999.0 -9999.0 -9999.0 -9999.0 -9999.0 -9999.0 -9999.0 -9999.0 -9999.0 -9999.0 -9999.0 -9999.0 -9999.0 -9999.0 -9999.0 -9999.0 -9999.0 -9999.0 -9999.0 -9999.0 -9999.0 -9999.0 -9999.0 -9999.0 -9999.0 -9999.0 -9999.0 -9999.0 -9999.0 -9999.0 -9999.0 18.6 24.1 27.4 27.2 28.9 30.1 31.7 24.1 22.0 23.5 20.9 25.1 27.0 36.6 39.5 35.9 32.8 25.1 27.9 28.8 38.3 46.3 59.0 80.1 100.8 118.7 109.6 135.2 123.7 120.3
-9999.0 -9999.0 -9999.0 -9999.0 -9999.0 -9999.0 -9999.0 -9999.0 -9999.0 -9999.0 -9999.0 -9999.0 -9999.0 -9999.0 -9999.0 -9999.0 -9999.0 -9999.0 -9999.0 -9999.0 -9999.0 -9999.0 -9999.0 -9999.0 -9999.0 -9999.0 -9999.0 -9999.0 -9999.0 -9999.0 -9999.0 -9999.0 -9999.0 -9999.0 -9999.0 -9999.0 -9999.0 -9999.0 -9999.0 -9999.0 -9999.0 -9999.0 -9999.0 -9999.0 -9999.0 -9999.0 -9999.0 -9999.0 -9999.0 -9999.0 13.3 26.3 18.7 31.7 33.8 37.0 28.0 35.1 29.2 18.3 11.6 13.0 15.7 26.7 33.7 30.8 30.8 28.0 31.4 37.0 49.3 63.8 79.7 95.2 111.7 124.2 132.5 124.0 115.7 109.8
-9999.0 -9999.0 -9999.0 -9999.0 -9999.0 -9999.0 -9999.0 -9999.0 -9999.0 -9999.0 -9999.0 -9999.0 -9999.0 -9999.0 -9999.0 -9999.0 -9999.0 -9999.0 -9999.0 -9999.0 -9999.0 -9999.0 -9999.0 -9999.0 -9999.0 -9999.0 -9999.0 -9999.0 -9999.0 -9999.0 -9999.0 -9999.0 -9999.0 -9999.0 -9999.0 -9999.0 -9999.0 -9999.0 -9999.0 -9999.0 -9999.0 -9999.0 -9999.0 -9999.0 -9999.0 -9999.0 -9999.0 -9999.0 -9999.0 -9999.0 11.3 11.2 10.1 26.7 22.4 24.0 31.8 25.0 25.1 7.5 11.3 15.0 18.3 22.2 30.0 29.7 28.6 29.1 33.7 48.6 57.8 84.3 92.4 110.5 114.9 121.5 123.7 107.3 94.3 79.5
-9999.0 -9999.0 -9999.0 -9999.0 -9999.0 -9999.0 -9999.0 -9999.0 -9999.0 -9999.0 -9999.0 -9999.0 -9999.0 -9999.0 -9999.0 -9999.0 -9999.0 -9999.0 -9999.0 -9999.0 -9999.0 -9999.0 -9999.0 -9999.0 -9999.0 -9999.0 -9999.0 -9999.0 -9999.0 -9999.0 -9999.0 -9999.0 -9999.0 -9999.0 -9999.0 -9999.0 -9999.0 -9999.0 -9999.0 -9999.0 -9999.0 -9999.0 -9999.0 -9999.0 -9999.0 -9999.0 -9999.0 -9999.0 -9999.0 -9999.0 11.5 13.0 9.7 11.0 10.8 15.2 9.9 14.0 13.3 6.6 20.1 25.9 19.9 26.5 28.8 26.9 30.0 32.9 46.0 44.6 63.1 78.9 93.5 100.6 93.2 90.5 88.3 71.8 68.5 57.3
-9999.0 -9999.0 -9999.0 -9999.0 -9999.0 -9999.0 -9999.0 -9999.0 -9999.0 -9999.0 -9999.0 -9999.0 -9999.0 -9999.0 -9999.0 -9999.0 -9999.0 -9999.0 -9999.0 -9999.0 -9999.0 -9999.0 -9999.0 -9999.0 -9999.0 -9999.0 -9999.0 -9999.0 -9999.0 -9999.0 -9999.0 -9999.0 -9999.0 -9999.0 -9999.0 -9999.0 -9999.0 -9999.0 -9999.0 -9999.0 -9999.0 -9999.0 -9999.0 -9999.0 -9999.0 -9999.0 -9999.0 -9999.0 -9999.0 -9999.0 -9999.0 -9999.0 -9999.0 3.4 2.8 3.8 6.2 9.9 5.5 9.8 64.1 27.8 60.1 31.1 23.6 21.0 28.7 33.8 49.6 60.2 63.9 67.5 69.6 68.3 64.2 55.8 52.8 48.0 45.1 47.5
-9999.0 -9999.0 -9999.0 -9999.0 -9999.0 -9999.0 -9999.0 -9999.0 -9999.0 -9999.0 -9999.0 -9999.0 -9999.0 -9999.0 -9999.0 -9999.0 -9999.0 -9999.0 -9999.0 -9999.0 -9999.0 -9999.0 -9999.0 -9999.0 -9999.0 -9999.0 -9999.0 -9999.0 -9999.0 -9999.0 -9999.0 -9999.0 -9999.0 -9999.0 -9999.0 -9999.0 -9999.0 -9999.0 -9999.0 -9999.0 -9999.0 -9999.0 -9999.0 -9999.0 -9999.0 -9999.0 -9999.0 -9999.0 -9999.0 -9999.0 -9999.0 -9999.0 -9999.0 3.0 3.1 4.0 4.1 4.6 8.5 35.4 32.8 31.7 60.5 33.9 27.0 24.2 34.3 39.2 49.3 56.1 54.7 51.4 48.1 45.0 43.5 46.9 42.9 46.4 45.5 48.3
-9999.0 -9999.0 -9999.0 -9999.0 -9999.0 -9999.0 -9999.0 -9999.0 -9999.0 -9999.0 -9999.0 -9999.0 -9999.0 -9999.0 -9999.0 -9999.0 -9999.0 -9999.0 -9999.0 -9999.0 -9999.0 -9999.0 -9999.0 -9999.0 -9999.0 -9999.0 -9999.0 -9999.0 -9999.0 -9999.0 -9999.0 -9999.0 -9999.0 -9999.0 -9999.0 -9999.0 -9999.0 -9999.0 -9999.0 -9999.0 -9999.0 -9999.0 -9999.0 -9999.0 -9999.0 -9999.0 -9999.0 -9999.0 -9999.0 -9999.0 -9999.0 -9999.0 -9999.0 4.0 5.4 3.3 3.2 3.3 7.2 14.3 37.6 42.1 57.6 46.7 43.5 -9999.0 -9999.0 -9999.0 49.7 50.0 47.6 43.4 37.0 32.9 34.4 40.8 37.9 40.7 57.9 46.3
-9999.0 -9999.0 -9999.0 -9999.0 -9999.0 -9999.0 -9999.0 -9999.0 -9999.0 -9999.0 -9999.0 -9999.0 -9999.0 -9999.0 -9999.0 -9999.0 -9999.0 -9999.0 -9999.0 -9999.0 -9999.0 -9999.0 -9999.0 -9999.0 -9999.0 -9999.0 -9999.0 -9999.0 -9999.0 -9999.0 -9999.0 -9999.0 -9999.0 -9999.0 -9999.0 -9999.0 -9999.0 -9999.0 -9999.0 -9999.0 -9999.0 -9999.0 -9999.0 -9999.0 -9999.0 -9999.0 -9999.0 -9999.0 -9999.0 -9999.0 -9999.0 -9999.0 -9999.0 -9999.0 3.8 2.8 1.5 1.1 5.8 19.6 16.9 -9999.0 -9999.0 -9999.0 -9999.0 -9999.0 -9999.0 -9999.0 43.6 44.8 45.6 35.8 30.0 28.1 28.4 28.6 27.7 29.4 34.4 -9999.0
-9999.0 -9999.0 -9999.0 -9999.0 -9999.0 -9999.0 -9999.0 -9999.0 -9999.0 -9999.0 -9999.0 -9999.0 -9999.0 -9999.0 -9999.0 -9999.0 -9999.0 -9999.0 -9999.0 -9999.0 -9999.0 -9999.0 -9999.0 -9999.0 -9999.0 -9999.0 -9999.0 -9999.0 -9999.0 -9999.0 -9999.0 -9999.0 -9999.0 -9999.0 -9999.0 -9999.0 -9999.0 -9999.0 -9999.0 -9999.0 -9999.0 -9999.0 -9999.0 -9999.0 -9999.0 -9999.0 -9999.0 -9999.0 -9999.0 -9999.0 -9999.0 -9999.0 -9999.0 -9999.0 -9999.0 1.8 2.5 1.3 2.2 8.5 14.5 -9999.0 -9999.0 -9999.0 -9999.0 -9999.0 -9999.0 -9999.0 -9999.0 -9999.0 33.2 -9999.0 -9999.0 -9999.0 -9999.0 -9999.0 23.6 -9999.0 -9999.0 -9999.0
-9999.0 -9999.0 -9999.0 -9999.0 -9999.0 -9999.0 -9999.0 -9999.0 -9999.0 -9999.0 -9999.0 -9999.0 -9999.0 -9999.0 -9999.0 -9999.0 -9999.0 -9999.0 -9999.0 -9999.0 -9999.0 -9999.0 -9999.0 -9999.0 -9999.0 -9999.0 -9999.0 -9999.0 -9999.0 -9999.0 -9999.0 -9999.0 -9999.0 -9999.0 -9999.0 -9999.0 -9999.0 -9999.0 -9999.0 -9999.0 -9999.0 -9999.0 -9999.0 -9999.0 -9999.0 -9999.0 -9999.0 -9999.0 -9999.0 -9999.0 -9999.0 -9999.0 -9999.0 -9999.0 -9999.0 -9999.0 -9999.0 -9999.0 2.1 3.9 -9999.0 -9999.0 -9999.0 -9999.0 -9999.0 -9999.0 -9999.0 -9999.0 -9999.0 -9999.0 -9999.0 -9999.0 -9999.0 -9999.0 -9999.0 23.8 25.3 -9999.0 -9999.0 -9999.0
-9999.0 -9999.0 -9999.0 -9999.0 -9999.0 -9999.0 -9999.0 -9999.0 -9999.0 -9999.0 -9999.0 -9999.0 -9999.0 -9999.0 -9999.0 -9999.0 -9999.0 -9999.0 -9999.0 -9999.0 -9999.0 -9999.0 -9999.0 -9999.0 -9999.0 -9999.0 -9999.0 -9999.0 -9999.0 -9999.0 -9999.0 -9999.0 -9999.0 -9999.0 -9999.0 -9999.0 -9999.0 -9999.0 -9999.0 -9999.0 -9999.0 -9999.0 -9999.0 -9999.0 -9999.0 -9999.0 -9999.0 -9999.0 -9999.0 -9999.0 -9999.0 -9999.0 -9999.0 -9999.0 -9999.0 -9999.0 -9999.0 -9999.0 -9999.0 -9999.0 -9999.0 -9999.0 -9999.0 -9999.0 -9999.0 -9999.0 -9999.0 -9999.0 -9999.0 -9999.0 -9999.0 -9999.0 -9999.0 -9999.0 -9999.0 -9999.0 -9999.0 -9999.0 -9999.0 -9999.0
-9999.0 -9999.0 -9999.0 -9999.0 -9999.0 -9999.0 -9999.0 -9999.0 -9999.0 -9999.0 -9999.0 -9999.0 -9999.0 -9999.0 -9999.0 -9999.0 -9999.0 -9999.0 -9999.0 -9999.0 -9999.0 -9999.0 -9999.0 -9999.0 -9999.0 -9999.0 -9999.0 -9999.0 -9999.0 -9999.0 -9999.0 -9999.0 -9999.0 -9999.0 -9999.0 -9999.0 -9999.0 -9999.0 -9999.0 -9999.0 -9999.0 -9999.0 -9999.0 -9999.0 -9999.0 -9999.0 -9999.0 -9999.0 -9999.0 -9999.0 -9999.0 -9999.0 -9999.0 -9999.0 -9999.0 -9999.0 -9999.0 -9999.0 -9999.0 -9999.0 -9999.0 -9999.0 -9999.0 -9999.0 -9999.0 -9999.0 -9999.0 -9999.0 -9999.0 -9999.0 -9999.0 -9999.0 -9999.0 -9999.0 -9999.0 22.8 34.7 47.3 -9999.0 -9999.0
-9999.0 -9999.0 -9999.0 -9999.0 -9999.0 -9999.0 -9999.0 -9999.0 -9999.0 -9999.0 -9999.0 -9999.0 -9999.0 -9999.0 -9999.0 -9999.0 -9999.0 -9999.0 -9999.0 -9999.0 -9999.0 -9999.0 -9999.0 -9999.0 -9999.0 -9999.0 -9999.0 -9999.0 -9999.0 -9999.0 -9999.0 -9999.0 -9999.0 -9999.0 -9999.0 -9999.0 -9999.0 -9999.0 -9999.0 -9999.0 -9999.0 -9999.0 -9999.0 -9999.0 -9999.0 -9999.0 -9999.0 -9999.0 -9999.0 -9999.0 -9999.0 -9999.0 -9999.0 -9999.0 -9999.0 -9999.0 -9999.0 -9999.0 -9999.0 -9999.0 -9999.0 -9999.0 -9999.0 -9999.0 -9999.0 -9999.0 -9999.0 -9999.0 -9999.0 -9999.0 -9999.0 -9999.0 -9999.0 5.7 12.0 23.4 43.1 -9999.0 -9999.0 -9999.0
