program/excelProcessViaJava/data/SURF_CLI_CHN_PRE_MON_GRID_0.5-200608.txt
NCOLS      128
NROWS       72
XLLCORNER    72.000000000000    
YLLCORNER    18.000000000000    
CELLSIZE    0.50000000000000    
NODATA_VALUE   -9999.000    
[rows 33 to 65 of 72, columns 0 to 74 of 128]
-9999.0 -9999.0 -9999.0 -9999.0 18.4 35.4 54.8 34.8 34.9 7.6 14.3 10.0 5.9 1.8 1.3 1.4 1.3 1.2 1.2 1.4 1.3 1.4 1.8 4.7 11.2 26.7 44.0 227.7 119.9 128.7 130.5 103.7 85.3 86.8 49.5 40.9 29.7 58.4 42.0 19.8 7.4 4.9 5.9 6.6 8.1 9.5 11.8 17.3 19.6 9.6 9.9 31.1 59.0 99.6 73.2 105.1 119.9 149.5 132.0 143.0 120.6 88.5 65.2 29.6 16.7 23.4 32.1 33.4 50.1 52.1 51.2 53.7 58.6 70.2 88.1
-9999.0 -9999.0 -9999.0 -9999.0 27.7 23.7 50.5 28.0 81.5 83.9 25.4 83.1 58.1 63.7 10.6 11.1 12.5 3.9 1.7 1.6 4.4 7.4 14.5 62.2 167.5 226.7 166.0 166.6 151.3 141.0 126.2 128.9 97.5 83.5 76.4 56.1 62.4 65.9 38.3 20.6 33.4 11.6 11.1 8.7 9.2 9.0 7.8 6.0 4.4 4.3 4.4 7.9 50.5 42.1 52.1 81.0 98.3 108.8 109.7 64.5 87.9 53.5 41.8 35.4 22.4 18.9 37.4 47.6 61.8 78.9 64.1 60.1 65.8 85.1 97.2
-9999.0 -9999.0 -9999.0 -9999.0 -9999.0 -9999.0 -9999.0 34.1 57.4 46.8 104.0 111.9 69.7 90.2 96.4 11.8 46.3 18.6 14.7 36.3 98.0 158.1 176.1 171.3 167.6 165.8 178.4 177.6 170.1 173.3 154.7 136.0 116.0 106.8 102.1 77.0 83.8 67.1 76.2 73.2 35.0 74.8 67.0 46.4 28.8 14.2 19.4 13.0 15.4 5.2 3.3 5.9 21.4 114.7 105.7 66.6 71.8 73.4 104.3 71.0 90.3 56.9 48.1 45.0 45.3 34.4 48.6 71.6 91.1 103.0 85.7 72.8 86.3 109.1 123.4
-9999.0 -9999.0 -9999.0 -9999.0 -9999.0 -9999.0 -9999.0 77.7 29.7 67.0 89.2 74.6 97.5 140.3 111.9 185.2 120.2 120.1 180.9 131.4 134.2 176.8 165.5 172.7 169.4 173.2 169.9 189.6 161.1 147.2 155.3 141.5 125.4 125.9 99.0 90.7 77.2 80.3 73.3 64.8 64.3 62.6 67.0 93.9 56.2 34.5 42.1 42.6 72.4 52.9 106.7 93.3 42.4 70.2 117.4 74.2 80.9 91.8 103.0 105.4 90.4 87.0 77.2 78.3 67.5 60.8 68.2 92.2 125.8 133.1 119.4 108.6 119.6 141.3 150.1
-9999.0 -9999.0 -9999.0 -9999.0 -9999.0 -9999.0 -9999.0 -9999.0 -9999.0 61.4 65.0 63.5 109.1 113.3 103.4 98.6 134.0 216.0 165.2 215.9 180.0 156.6 159.1 165.8 168.0 164.9 175.5 174.2 156.2 174.2 134.3 133.2 122.9 120.2 95.7 87.7 79.7 80.5 71.7 72.8 65.3 69.1 66.0 62.5 73.8 74.5 76.4 74.9 79.0 80.4 97.5 86.6 76.8 73.2 112.4 80.4 80.2 92.3 111.1 115.0 118.7 123.3 120.6 103.7 99.4 90.3 96.4 119.0 151.9 166.8 157.6 137.1 144.6 161.5 172.4
-9999.0 -9999.0 -9999.0 -9999.0 -9999.0 -9999.0 -9999.0 -9999.0 -9999.0 -9999.0 -9999.0 98.8 51.6 124.0 108.5 129.8 129.7 129.6 134.1 155.3 187.0 166.9 178.1 166.8 207.9 186.9 195.9 190.5 177.4 160.1 149.4 155.4 126.6 117.3 102.2 113.0 90.2 86.2 106.8 80.9 85.6 75.3 69.5 67.9 91.5 77.0 105.0 91.7 101.8 98.3 82.2 85.9 88.8 100.5 117.3 98.8 90.6 107.6 120.5 135.0 146.7 141.8 132.6 125.8 118.3 116.3 121.8 145.2 173.4 190.7 179.5 163.5 148.7 138.2 80.0
-9999.0 -9999.0 -9999.0 -9999.0 -9999.0 -9999.0 -9999.0 -9999.0 -9999.0 -9999.0 -9999.0 -9999.0 55.9 62.0 118.2 101.9 172.4 139.8 148.6 204.7 139.6 160.9 170.7 163.9 250.9 183.1 170.0 192.7 179.5 193.4 160.6 144.8 132.9 133.2 122.6 107.9 120.5 97.1 87.0 80.4 78.1 77.7 77.6 85.5 85.8 92.4 104.0 90.6 97.7 100.5 119.8 115.9 99.4 87.4 94.7 102.5 108.6 128.0 129.9 157.9 164.7 156.3 140.2 125.3 119.0 120.2 138.6 164.1 188.7 199.6 169.4 112.3 85.9 69.4 73.4
-9999.0 -9999.0 -9999.0 -9999.0 -9999.0 -9999.0 -9999.0 -9999.0 -9999.0 -9999.0 -9999.0 -9999.0 110.9 48.3 46.0 107.2 75.2 103.2 158.6 155.3 159.4 182.4 180.4 164.4 150.2 171.1 174.7 159.2 171.1 155.1 162.3 165.7 142.2 127.8 122.1 108.3 117.0 112.8 102.9 96.1 87.9 86.4 98.8 86.6 96.2 105.8 94.7 93.8 84.2 101.8 100.8 108.4 92.9 99.4 83.5 101.0 104.6 125.5 138.6 157.7 160.3 144.0 131.4 122.7 97.6 110.7 130.1 156.9 175.4 181.2 176.1 166.2 149.2 116.5 103.9
-9999.0 -9999.0 -9999.0 -9999.0 -9999.0 -9999.0 -9999.0 -9999.0 -9999.0 -9999.0 -9999.0 -9999.0 -9999.0 69.3 116.7 54.0 100.9 88.8 95.8 110.9 138.0 128.9 172.4 143.5 158.4 203.3 204.0 218.3 192.7 179.1 156.6 144.0 150.6 138.3 111.2 106.3 104.6 108.8 133.2 114.0 107.6 109.5 105.4 112.0 99.3 90.5 98.0 107.6 113.6 112.9 110.6 97.3 91.7 126.7 112.9 109.2 112.0 131.4 154.7 156.0 152.3 128.7 116.3 82.5 74.0 91.3 121.4 151.1 152.8 127.8 62.3 63.2 91.1 92.9 101.8
-9999.0 -9999.0 -9999.0 -9999.0 -9999.0 -9999.0 -9999.0 -9999.0 -9999.0 -9999.0 -9999.0 -9999.0 59.8 106.9 101.6 69.2 133.7 112.5 120.8 90.2 103.7 118.6 143.0 144.7 146.7 194.6 186.7 175.4 173.7 174.9 161.6 139.6 152.3 125.7 117.3 103.1 111.6 100.1 102.8 107.2 123.6 131.7 134.3 106.4 104.4 98.7 90.8 89.1 100.8 106.5 116.0 122.9 100.4 108.7 100.5 106.1 124.8 117.7 138.1 134.0 131.3 125.7 99.2 97.4 67.1 74.7 137.6 119.1 124.8 134.9 120.6 80.7 48.9 29.0 37.8
-9999.0 -9999.0 -9999.0 -9999.0 -9999.0 -9999.0 -9999.0 -9999.0 -9999.0 -9999.0 -9999.0 -9999.0 80.5 32.2 53.1 147.1 136.8 77.5 85.6 125.3 97.6 136.6 144.1 150.0 143.0 144.1 154.4 158.2 161.4 152.0 145.5 142.1 146.1 114.7 102.2 97.0 89.6 95.8 99.6 97.1 103.1 104.4 106.2 105.3 99.0 93.2 97.5 94.5 97.0 89.3 89.9 101.9 87.6 83.2 89.2 93.2 111.5 124.1 122.3 133.7 133.9 130.4 70.1 43.6 42.6 122.6 102.6 88.5 58.8 57.3 58.2 50.5 48.0 80.9 95.9
-9999.0 -9999.0 -9999.0 -9999.0 -9999.0 -9999.0 -9999.0 -9999.0 -9999.0 -9999.0 -9999.0 -9999.0 14.9 68.8 32.7 53.9 61.1 134.9 104.8 117.7 172.4 185.1 146.6 173.5 161.0 193.0 178.2 201.5 156.3 152.5 145.7 158.9 127.8 109.1 96.9 89.5 85.4 89.0 90.7 99.7 98.5 95.3 112.0 88.1 89.0 91.7 89.0 74.9 67.7 73.1 77.4 70.8 108.5 114.2 98.2 82.1 98.7 109.9 116.0 100.9 96.2 87.9 119.7 33.9 46.2 111.8 88.6 57.5 43.4 36.7 42.0 78.0 83.6 108.4 141.0
-9999.0 -9999.0 -9999.0 -9999.0 -9999.0 -9999.0 -9999.0 -9999.0 -9999.0 -9999.0 -9999.0 -9999.0 -9999.0 116.0 104.1 52.9 72.4 71.4 119.0 143.2 211.8 153.6 183.0 198.9 157.5 168.9 163.7 154.3 166.9 138.9 159.3 145.0 138.1 114.1 102.4 104.2 95.2 86.1 90.7 90.4 92.6 112.4 115.4 100.2 73.4 63.6 66.2 42.5 61.9 61.8 54.0 75.3 72.1 62.8 89.5 94.5 77.0 80.3 93.5 120.1 106.2 157.4 94.1 24.4 91.1 69.9 48.6 30.8 23.2 38.8 50.9 59.0 98.4 45.0 86.7
-9999.0 -9999.0 -9999.0 -9999.0 -9999.0 -9999.0 -9999.0 -9999.0 -9999.0 -9999.0 -9999.0 -9999.0 -9999.0 7.4 91.2 51.0 117.9 65.5 84.6 117.0 196.0 198.9 209.1 192.7 141.2 161.9 166.5 144.3 147.7 195.8 170.5 154.8 130.7 120.7 116.9 105.2 90.1 88.7 95.8 117.0 96.5 98.4 95.9 87.7 97.2 61.6 52.0 33.0 38.6 42.5 55.2 43.7 62.0 78.4 90.3 82.7 67.4 68.0 84.3 54.0 96.6 52.0 73.3 130.3 80.2 48.9 29.5 15.9 14.8 23.9 44.3 66.8 74.7 83.6 84.4
-9999.0 -9999.0 -9999.0 -9999.0 -9999.0 -9999.0 -9999.0 -9999.0 -9999.0 -9999.0 -9999.0 -9999.0 -9999.0 -9999.0 -9999.0 52.7 51.2 85.7 81.8 81.9 160.3 140.4 144.7 162.7 177.8 172.5 220.4 176.9 203.0 146.0 152.7 138.6 152.7 135.3 112.8 122.6 121.4 85.6 91.3 94.6 107.0 106.0 93.8 77.5 49.7 35.1 40.9 23.8 35.4 28.9 39.1 66.4 53.2 61.3 51.5 68.0 68.4 44.1 85.4 101.6 50.6 103.1 181.9 138.1 88.9 49.7 24.4 9.8 6.7 19.9 39.2 57.1 114.5 114.6 78.6
-9999.0 -9999.0 -9999.0 -9999.0 -9999.0 -9999.0 -9999.0 -9999.0 -9999.0 -9999.0 -9999.0 -9999.0 -9999.0 -9999.0 -9999.0 -9999.0 -9999.0 0.1 12.7 -9999.0 50.9 142.4 110.4 122.3 172.3 164.9 216.9 177.7 139.4 162.2 134.4 110.9 153.1 100.9 85.7 97.4 124.6 71.7 88.9 91.4 94.6 104.8 84.4 65.2 37.1 32.5 33.0 47.8 28.2 37.5 35.8 43.1 47.0 64.1 72.4 75.6 58.4 81.8 80.7 92.8 76.3 131.8 162.8 141.6 96.9 56.4 28.8 14.9 9.2 16.2 19.5 93.5 122.5 91.6 97.2
-9999.0 -9999.0 -9999.0 -9999.0 -9999.0 -9999.0 -9999.0 -9999.0 -9999.0 -9999.0 -9999.0 -9999.0 -9999.0 -9999.0 -9999.0 -9999.0 -9999.0 -9999.0 -9999.0 -9999.0 -9999.0 86.7 130.1 199.5 159.9 113.4 120.2 122.6 127.1 101.6 107.1 76.7 84.0 87.4 74.9 88.8 82.4 75.9 64.1 48.8 47.9 97.4 89.3 68.0 35.7 40.2 41.6 30.5 56.6 142.0 46.9 78.2 80.6 65.7 74.2 87.7 88.2 68.8 118.3 82.6 80.7 96.7 129.6 127.8 97.1 63.5 41.6 29.8 17.5 18.8 34.0 81.4 95.7 65.0 59.1
-9999.0 -9999.0 -9999.0 -9999.0 -9999.0 -9999.0 -9999.0 -9999.0 -9999.0 -9999.0 -9999.0 -9999.0 -9999.0 -9999.0 -9999.0 -9999.0 -9999.0 -9999.0 -9999.0 -9999.0 -9999.0 -9999.0 -9999.0 35.0 109.9 107.1 108.8 117.1 146.1 101.3 104.1 106.5 144.4 106.6 114.8 102.4 111.4 79.6 102.0 107.6 94.4 102.3 64.0 43.0 35.8 45.4 37.5 37.8 42.1 47.1 53.0 78.3 73.8 86.5 83.5 65.9 87.1 104.2 51.1 88.7 71.6 83.4 90.0 105.8 100.1 80.2 66.4 53.2 37.6 30.8 57.0 74.1 82.4 93.2 60.7
-9999.0 -9999.0 -9999.0 -9999.0 -9999.0 -9999.0 -9999.0 -9999.0 -9999.0 -9999.0 -9999.0 -9999.0 -9999.0 -9999.0 -9999.0 -9999.0 -9999.0 -9999.0 -9999.0 -9999.0 -9999.0 -9999.0 -9999.0 -9999.0 -9999.0 9.0 62.3 205.9 173.7 208.0 132.1 84.5 78.2 95.9 76.5 115.2 159.6 91.0 121.9 90.6 118.1 72.1 30.3 34.6 41.2 49.7 51.1 65.0 56.9 57.6 86.5 87.1 106.5 111.2 91.3 84.3 94.0 78.6 102.8 93.4 87.7 87.8 124.9 105.9 107.1 106.2 92.5 59.6 46.7 50.1 54.5 71.6 66.1 109.3 108.0
-9999.0 -9999.0 -9999.0 -9999.0 -9999.0 -9999.0 -9999.0 -9999.0 -9999.0 -9999.0 -9999.0 -9999.0 -9999.0 -9999.0 -9999.0 -9999.0 -9999.0 -9999.0 -9999.0 -9999.0 -9999.0 -9999.0 -9999.0 -9999.0 -9999.0 -9999.0 -9999.0 3.0 4.7 48.5 52.1 51.6 134.7 42.3 87.6 18.4 68.6 66.9 35.6 68.7 92.4 41.6 31.3 36.4 44.8 54.2 64.2 74.4 82.9 74.6 84.3 86.0 106.6 106.2 107.8 112.0 92.4 84.8 102.5 85.4 84.3 91.2 65.4 68.7 66.1 93.5 100.2 70.5 48.8 46.2 56.0 88.8 77.7 114.9 85.4
-9999.0 -9999.0 -9999.0 -9999.0 -9999.0 -9999.0 -9999.0 -9999.0 -9999.0 -9999.0 -9999.0 -9999.0 -9999.0 -9999.0 -9999.0 -9999.0 -9999.0 -9999.0 -9999.0 -9999.0 -9999.0 -9999.0 -9999.0 -9999.0 -9999.0 -9999.0 -9999.0 -9999.0 -9999.0 -9999.0 -9999.0 -9999.0 -9999.0 13.5 61.3 -9999.0 -9999.0 -9999.0 18.4 44.6 29.7 28.2 36.4 36.9 45.2 57.5 -9999.0 -9999.0 -9999.0 -9999.0 -9999.0 -9999.0 103.5 132.2 107.6 110.5 110.4 106.7 97.5 96.1 87.9 89.5 62.2 59.0 72.8 95.7 100.2 84.1 65.5 55.0 59.9 93.1 122.1 97.2 122.3
-9999.0 -9999.0 -9999.0 -9999.0 -9999.0 -9999.0 -9999.0 -9999.0 -9999.0 -9999.0 -9999.0 -9999.0 -9999.0 -9999.0 -9999.0 -9999.0 -9999.0 -9999.0 -9999.0 -9999.0 -9999.0 -9999.0 -9999.0 -9999.0 -9999.0 -9999.0 -9999.0 -9999.0 -9999.0 -9999.0 -9999.0 -9999.0 -9999.0 -9999.0 -9999.0 -9999.0 -9999.0 -9999.0 -9999.0 6.6 11.2 16.8 24.2 34.3 -9999.0 -9999.0 -9999.0 -9999.0 -9999.0 -9999.0 -9999.0 -9999.0 116.9 148.5 126.3 116.1 120.7 120.7 119.2 104.9 84.4 83.9 79.6 66.8 73.1 97.4 118.4 112.4 87.1 84.3 92.4 105.0 99.0 125.0 74.8
-9999.0 -9999.0 -9999.0 -9999.0 -9999.0 -9999.0 -9999.0 -9999.0 -9999.0 -9999.0 -9999.0 -9999.0 -9999.0 -9999.0 -9999.0 -9999.0 -9999.0 -9999.0 -9999.0 -9999.0 -9999.0 -9999.0 -9999.0 -9999.0 -9999.0 -9999.0 -9999.0 -9999.0 -9999.0 -9999.0 -9999.0 -9999.0 -9999.0 -9999.0 -9999.0 -9999.0 -9999.0 -9999.0 -9999.0 -9999.0 -9999.0 -9999.0 -9999.0 -9999.0 -9999.0 -9999.0 -9999.0 -9999.0 -9999.0 -9999.0 -9999.0 -9999.0 133.0 161.7 132.9 141.3 117.3 113.6 109.9 99.4 80.7 76.7 117.3 79.1 93.1 136.8 166.9 143.6 118.2 111.9 118.0 128.9 180.0 131.1 114.7
-9999.0 -9999.0 -9999.0 -9999.0 -9999.0 -9999.0 -9999.0 -9999.0 -9999.0 -9999.0 -9999.0 -9999.0 -9999.0 -9999.0 -9999.0 -9999.0 -9999.0 -9999.0 -9999.0 -9999.0 -9999.0 -9999.0 -9999.0 -9999.0 -9999.0 -9999.0 -9999.0 -9999.0 -9999.0 -9999.0 -9999.0 -9999.0 -9999.0 -9999.0 -9999.0 -9999.0 -9999.0 -9999.0 -9999.0 -9999.0 -9999.0 -9999.0 -9999.0 -9999.0 -9999.0 -9999.0 -9999.0 -9999.0 -9999.0 -9999.0 -9999.0 177.5 157.2 164.7 128.7 126.3 114.9 119.8 105.9 73.5 102.3 90.9 69.4 79.5 101.4 148.9 170.7 124.3 145.4 138.2 147.5 162.7 138.9 98.9 98.7
-9999.0 -9999.0 -9999.0 -9999.0 -9999.0 -9999.0 -9999.0 -9999.0 -9999.0 -9999.0 -9999.0 -9999.0 -9999.0 -9999.0 -9999.0 -9999.0 -9999.0 -9999.0 -9999.0 -9999.0 -9999.0 -9999.0 -9999.0 -9999.0 -9999.0 -9999.0 -9999.0 -9999.0 -9999.0 -9999.0 -9999.0 -9999.0 -9999.0 -9999.0 -9999.0 -9999.0 -9999.0 -9999.0 -9999.0 -9999.0 -9999.0 -9999.0 -9999.0 -9999.0 -9999.0 -9999.0 -9999.0 -9999.0 -9999.0 -9999.0 174.2 199.6 184.3 177.1 152.4 145.5 118.0 102.4 112.4 119.3 90.3 90.5 70.2 82.1 102.1 136.1 164.4 151.8 177.1 167.1 191.3 180.9 168.8 174.9 174.5
-9999.0 -9999.0 -9999.0 -9999.0 -9999.0 -9999.0 -9999.0 -9999.0 -9999.0 -9999.0 -9999.0 -9999.0 -9999.0 -9999.0 -9999.0 -9999.0 -9999.0 -9999.0 -9999.0 -9999.0 -9999.0 -9999.0 -9999.0 -9999.0 -9999.0 -9999.0 -9999.0 -9999.0 -9999.0 -9999.0 -9999.0 -9999.0 -9999.0 -9999.0 -9999.0 -9999.0 -9999.0 -9999.0 -9999.0 -9999.0 -9999.0 -9999.0 -9999.0 -9999.0 -9999.0 -9999.0 -9999.0 -9999.0 -9999.0 -9999.0 169.3 213.4 214.4 195.4 187.8 167.0 128.6 167.3 164.9 128.9 84.9 70.5 64.1 83.3 108.2 117.8 145.7 160.9 196.0 204.1 227.4 239.7 229.1 190.3 153.2
-9999.0 -9999.0 -9999.0 -9999.0 -9999.0 -9999.0 -9999.0 -9999.0 -9999.0 -9999.0 -9999.0 -9999.0 -9999.0 -9999.0 -9999.0 -9999.0 -9999.0 -9999.0 -9999.0 -9999.0 -9999.0 -9999.0 -9999.0 -9999.0 -9999.0 -9999.0 -9999.0 -9999.0 -9999.0 -9999.0 -9999.0 -9999.0 -9999.0 -9999.0 -9999.0 -9999.0 -9999.0 -9999.0 -9999.0 -9999.0 -9999.0 -9999.0 -9999.0 -9999.0 -9999.0 -9999.0 -9999.0 -9999.0 -9999.0 -9999.0 134.3 190.5 190.3 231.2 192.2 186.7 234.2 211.1 212.6 130.1 101.3 79.4 77.4 91.4 126.8 145.6 166.3 198.8 227.6 276.2 255.7 330.4 238.8 265.9 176.8
-9999.0 -9999.0 -9999.0 -9999.0 -9999.0 -9999.0 -9999.0 -9999.0 -9999.0 -9999.0 -9999.0 -9999.0 -9999.0 -9999.0 -9999.0 -9999.0 -9999.0 -9999.0 -9999.0 -9999.0 -9999.0 -9999.0 -9999.0 -9999.0 -9999.0 -9999.0 -9999.0 -9999.0 -9999.0 -9999.0 -9999.0 -9999.0 -9999.0 -9999.0 -9999.0 -9999.0 -9999.0 -9999.0 -9999.0 -9999.0 -9999.0 -9999.0 -9999.0 -9999.0 -9999.0 -9999.0 -9999.0 -9999.0 -9999.0 -9999.0 149.7 197.7 193.4 219.6 228.6 265.0 208.7 259.3 242.1 153.1 128.2 93.0 77.6 120.0 167.6 200.3 238.4 268.3 308.3 216.7 249.5 249.2 264.8 284.0 213.7
-9999.0 -9999.0 -9999.0 -9999.0 -9999.0 -9999.0 -9999.0 -9999.0 -9999.0 -9999.0 -9999.0 -9999.0 -9999.0 -9999.0 -9999.0 -9999.0 -9999.0 -9999.0 -9999.0 -9999.0 -9999.0 -9999.0 -9999.0 -9999.0 -9999.0 -9999.0 -9999.0 -9999.0 -9999.0 -9999.0 -9999.0 -9999.0 -9999.0 -9999.0 -9999.0 -9999.0 -9999.0 -9999.0 -9999.0 -9999.0 -9999.0 -9999.0 -9999.0 -9999.0 -9999.0 -9999.0 -9999.0 -9999.0 -9999.0 -9999.0 -9999.0 -9999.0 -9999.0 195.1 217.2 243.9 281.0 314.1 229.4 200.6 243.3 111.8 171.2 174.6 224.8 265.7 318.7 302.5 321.4 277.5 219.0 203.1 216.4 236.3 257.2
-9999.0 -9999.0 -9999.0 -9999.0 -9999.0 -9999.0 -9999.0 -9999.0 -9999.0 -9999.0 -9999.0 -9999.0 -9999.0 -9999.0 -9999.0 -9999.0 -9999.0 -9999.0 -9999.0 -9999.0 -9999.0 -9999.0 -9999.0 -9999.0 -9999.0 -9999.0 -9999.0 -9999.0 -9999.0 -9999.0 -9999.0 -9999.0 -9999.0 -9999.0 -9999.0 -9999.0 -9999.0 -9999.0 -9999.0 -9999.0 -9999.0 -9999.0 -9999.0 -9999.0 -9999.0 -9999.0 -9999.0 -9999.0 -9999.0 -9999.0 -9999.0 -9999.0 -9999.0 203.9 216.7 356.6 300.1 295.1 332.9 371.1 259.6 196.8 259.9 246.4 295.5 332.6 293.0 385.5 273.4 226.7 179.3 187.8 226.6 260.1 281.9
-9999.0 -9999.0 -9999.0 -9999.0 -9999.0 -9999.0 -9999.0 -9999.0 -9999.0 -9999.0 -9999.0 -9999.0 -9999.0 -9999.0 -9999.0 -9999.0 -9999.0 -9999.0 -9999.0 -9999.0 -9999.0 -9999.0 -9999.0 -9999.0 -9999.0 -9999.0 -9999.0 -9999.0 -9999.0 -9999.0 -9999.0 -9999.0 -9999.0 -9999.0 -9999.0 -9999.0 -9999.0 -9999.0 -9999.0 -9999.0 -9999.0 -9999.0 -9999.0 -9999.0 -9999.0 -9999.0 -9999.0 -9999.0 -9999.0 -9999.0 -9999.0 -9999.0 -9999.0 220.6 196.4 325.2 349.5 357.4 412.5 413.2 423.7 371.6 408.1 432.2 358.0 -9999.0 -9999.0 -9999.0 336.5 239.8 233.1 274.6 307.1 312.5 329.2
-9999.0 -9999.0 -9999.0 -9999.0 -9999.0 -9999.0 -9999.0 -9999.0 -9999.0 -9999.0 -9999.0 -9999.0 -9999.0 -9999.0 -9999.0 -9999.0 -9999.0 -9999.0 -9999.0 -9999.0 -9999.0 -9999.0 -9999.0 -9999.0 -9999.0 -9999.0 -9999.0 -9999.0 -9999.0 -9999.0 -9999.0 -9999.0 -9999.0 -9999.0 -9999.0 -9999.0 -9999.0 -9999.0 -9999.0 -9999.0 -9999.0 -9999.0 -9999.0 -9999.0 -9999.0 -9999.0 -9999.0 -9999.0 -9999.0 -9999.0 -9999.0 -9999.0 -9999.0 -9999.0 286.4 334.4 323.9 363.2 512.8 598.5 475.1 -9999.0 -9999.0 -9999.0 -9999.0 -9999.0 -9999.0 -9999.0 339.7 348.1 416.5 385.5 390.1 387.5 357.1
-9999.0 -9999.0 -9999.0 -9999.0 -9999.0 -9999.0 -9999.0 -9999.0 -9999.0 -9999.0 -9999.0 -9999.0 -9999.0 -9999.0 -9999.0 -9999.0 -9999.0 -9999.0 -9999.0 -9999.0 -9999.0 -9999.0 -9999.0 -9999.0 -9999.0 -9999.0 -9999.0 -9999.0 -9999.0 -9999.0 -9999.0 -9999.0 -9999.0 -9999.0 -9999.0 -9999.0 -9999.0 -9999.0 -9999.0 -9999.0 -9999.0 -9999.0 -9999.0 -9999.0 -9999.0 -9999.0 -9999.0 -9999.0 -9999.0 -9999.0 -9999.0 -9999.0 -9999.0 -9999.0 -9999.0 348.9 522.8 497.3 540.2 653.4 643.3 -9999.0 -9999.0 -9999.0 -9999.0 -9999.0 -9999.0 -9999.0 -9999.0 -9999.0 455.5 -9999.0 -9999.0 -9999.0 -9999.0
