program/excelProcessViaJava/data/SURF_CLI_CHN_PRE_MON_GRID_0.5-199206.txt
NCOLS      128
NROWS       72
XLLCORNER    72.000000000000    
YLLCORNER    18.000000000000    
CELLSIZE    0.50000000000000    
NODATA_VALUE   -9999.000    
[rows 34 to 67 of 72, columns 0 to 74 of 128]
-9999.0 -9999.0 -9999.0 -9999.0 2.0 2.8 2.5 4.8 3.4 4.9 13.0 10.0 15.9 19.0 26.4 27.3 27.5 23.6 24.0 29.5 35.8 35.2 31.4 33.7 36.8 38.0 36.4 36.8 36.5 36.7 36.4 38.0 34.7 32.9 31.9 26.9 29.3 32.0 21.1 13.0 20.9 8.3 8.3 6.9 7.7 8.9 10.6 13.1 17.0 26.1 36.9 53.9 98.3 94.4 85.6 79.6 69.4 69.1 78.1 63.5 89.9 59.9 55.7 56.8 41.6 34.8 70.3 68.8 73.7 85.1 71.9 74.5 73.4 66.4 57.6
-9999.0 -9999.0 -9999.0 -9999.0 -9999.0 -9999.0 -9999.0 2.0 2.2 4.3 3.4 5.1 10.6 12.4 15.7 24.7 27.4 30.5 34.5 40.3 39.3 37.0 37.4 38.3 38.6 38.5 38.8 39.2 39.8 41.2 41.5 41.4 40.6 40.8 41.9 36.7 40.7 35.9 41.9 42.8 23.5 49.1 46.8 34.7 23.1 13.2 20.6 20.2 30.2 27.7 35.4 53.1 80.7 108.1 110.8 92.9 76.8 68.6 89.5 72.1 96.9 48.4 40.8 45.1 59.8 48.5 71.6 90.9 91.6 92.5 79.6 75.7 74.9 67.2 56.0
-9999.0 -9999.0 -9999.0 -9999.0 -9999.0 -9999.0 -9999.0 0.5 1.6 1.5 2.1 4.4 5.7 6.3 11.1 10.3 18.8 23.5 22.9 31.8 35.5 34.7 38.1 39.0 40.0 40.2 40.5 40.9 41.4 41.9 43.7 44.7 45.2 48.3 45.5 45.8 43.2 46.3 44.6 41.5 42.9 44.0 48.5 65.4 43.0 29.9 37.6 41.9 61.5 59.0 81.3 84.1 86.3 101.8 110.3 111.7 99.9 95.1 106.3 112.7 96.4 79.3 54.4 64.6 61.8 63.5 74.4 93.7 119.5 112.3 96.1 81.3 76.4 69.2 53.5
-9999.0 -9999.0 -9999.0 -9999.0 -9999.0 -9999.0 -9999.0 -9999.0 -9999.0 0.7 1.4 2.9 3.0 5.1 8.7 12.9 14.5 13.0 21.1 21.3 28.8 35.2 38.1 39.6 40.8 41.8 41.6 42.1 43.1 44.1 44.8 46.4 48.1 51.2 49.9 50.8 50.5 52.5 49.0 50.0 46.4 50.5 50.5 49.3 56.3 57.2 59.0 60.0 63.7 66.9 74.6 78.0 86.6 99.9 109.1 116.3 108.1 106.1 125.0 126.2 117.7 114.6 110.3 73.5 81.8 76.2 80.3 107.0 143.0 142.6 116.3 89.2 80.6 75.1 65.6
-9999.0 -9999.0 -9999.0 -9999.0 -9999.0 -9999.0 -9999.0 -9999.0 -9999.0 -9999.0 -9999.0 0.8 3.6 2.8 5.8 7.8 11.6 16.2 20.7 23.6 25.0 31.6 34.1 38.5 36.3 39.9 40.1 41.4 43.0 44.7 46.3 49.2 51.0 54.3 56.5 65.2 62.4 63.4 75.9 60.5 63.0 57.5 56.4 57.5 70.6 64.5 76.5 72.2 75.4 75.3 75.4 81.2 90.1 101.3 110.0 117.6 119.1 124.7 132.7 134.8 130.7 116.6 107.2 97.8 102.4 81.7 87.8 122.2 155.4 153.9 123.3 92.1 82.4 78.5 53.9
-9999.0 -9999.0 -9999.0 -9999.0 -9999.0 -9999.0 -9999.0 -9999.0 -9999.0 -9999.0 -9999.0 -9999.0 1.8 3.4 3.3 6.9 6.2 11.8 15.6 15.2 26.9 29.1 32.1 36.8 29.5 38.7 41.3 39.7 41.7 42.5 45.7 48.7 52.4 58.7 65.1 70.2 83.4 79.5 75.6 69.7 65.7 65.6 68.1 74.4 76.3 80.0 84.3 82.8 84.9 85.9 88.6 92.2 100.6 112.6 119.3 122.5 125.0 128.3 134.9 138.0 133.1 124.8 118.5 113.9 99.1 121.7 119.4 140.8 153.1 146.9 113.7 83.9 70.1 64.7 75.3
-9999.0 -9999.0 -9999.0 -9999.0 -9999.0 -9999.0 -9999.0 -9999.0 -9999.0 -9999.0 -9999.0 -9999.0 0.4 2.4 4.9 4.2 9.8 11.5 11.0 15.7 20.1 22.2 26.9 33.4 39.0 37.6 38.3 41.1 39.9 42.3 43.2 46.6 51.5 57.7 66.8 75.5 90.9 99.9 99.6 94.2 85.4 83.5 90.7 87.6 91.6 94.2 93.4 96.7 101.6 101.2 103.8 106.9 117.7 122.7 135.2 131.7 135.3 134.9 142.6 144.6 140.8 129.9 125.8 130.0 109.2 128.4 109.0 119.7 124.5 129.2 121.8 113.4 104.2 100.6 113.2
-9999.0 -9999.0 -9999.0 -9999.0 -9999.0 -9999.0 -9999.0 -9999.0 -9999.0 -9999.0 -9999.0 -9999.0 -9999.0 0.8 0.9 5.0 4.9 9.2 13.0 16.2 18.1 24.9 23.5 32.7 33.7 28.7 30.1 29.5 33.2 35.7 39.6 43.0 47.7 55.3 63.2 76.3 92.7 110.0 130.6 123.1 115.3 112.9 109.2 110.5 105.3 102.9 102.5 104.5 108.1 112.4 115.9 125.1 133.3 122.9 131.1 136.8 143.4 141.7 137.9 148.5 152.9 153.7 148.8 147.1 107.3 128.5 146.7 142.4 139.5 126.4 105.0 101.6 108.4 120.2 136.4
-9999.0 -9999.0 -9999.0 -9999.0 -9999.0 -9999.0 -9999.0 -9999.0 -9999.0 -9999.0 -9999.0 -9999.0 0.2 0.2 0.6 2.2 1.7 4.4 6.8 14.2 17.9 21.4 22.9 27.5 31.1 24.8 27.2 29.5 29.9 30.4 33.4 38.0 41.4 47.9 58.0 71.2 95.2 112.6 128.0 133.0 139.8 140.1 136.6 122.9 116.7 109.3 106.5 113.0 116.0 119.2 116.2 116.9 131.9 130.9 139.8 141.7 137.2 170.0 157.8 177.1 180.2 175.9 182.9 178.7 173.5 155.9 149.6 151.0 158.9 158.5 146.9 137.2 137.8 128.1 131.3
-9999.0 -9999.0 -9999.0 -9999.0 -9999.0 -9999.0 -9999.0 -9999.0 -9999.0 -9999.0 -9999.0 -9999.0 0.1 0.5 0.6 0.3 0.7 3.9 6.3 6.5 13.9 13.8 17.6 21.2 26.4 28.5 27.1 26.3 25.5 27.4 29.2 31.2 33.9 39.8 46.7 59.5 78.5 106.6 126.9 129.4 132.9 134.2 136.4 132.7 122.1 109.0 99.1 96.1 99.9 118.5 117.6 112.8 127.4 138.5 139.3 145.9 139.9 145.1 167.8 169.4 178.9 185.8 214.3 196.7 175.7 174.4 177.2 167.2 152.8 157.6 165.7 172.9 180.5 192.2 197.5
-9999.0 -9999.0 -9999.0 -9999.0 -9999.0 -9999.0 -9999.0 -9999.0 -9999.0 -9999.0 -9999.0 -9999.0 0.2 0.1 0.5 0.7 1.2 0.8 2.6 4.3 4.0 5.8 12.7 12.8 17.3 14.0 16.3 13.3 19.3 20.0 22.1 22.2 28.3 32.6 36.6 45.1 63.0 89.7 109.5 123.9 125.0 131.1 137.7 143.3 120.2 101.3 88.3 79.7 86.1 87.3 88.1 97.6 101.0 107.4 111.9 131.5 127.7 136.8 152.4 184.5 201.6 212.3 205.2 195.6 159.0 209.2 199.0 178.9 168.7 173.9 195.1 212.5 219.9 217.6 207.8
-9999.0 -9999.0 -9999.0 -9999.0 -9999.0 -9999.0 -9999.0 -9999.0 -9999.0 -9999.0 -9999.0 -9999.0 -9999.0 0.0 0.1 0.4 0.5 1.1 1.0 1.7 1.5 5.4 6.0 6.9 13.2 12.4 12.9 13.5 10.9 15.2 13.0 17.0 20.6 25.5 28.4 39.9 55.7 74.3 95.9 103.1 109.5 130.3 133.0 122.7 112.1 89.8 72.0 64.4 56.5 55.7 56.6 70.6 79.2 88.9 94.8 98.6 114.3 130.6 145.2 161.0 186.2 198.6 213.0 163.2 200.7 209.6 202.1 186.6 179.6 202.9 230.9 242.2 230.1 216.5 218.4
-9999.0 -9999.0 -9999.0 -9999.0 -9999.0 -9999.0 -9999.0 -9999.0 -9999.0 -9999.0 -9999.0 -9999.0 -9999.0 0.3 0.0 0.2 0.2 0.7 1.1 1.6 1.1 2.2 3.2 5.3 12.4 9.6 8.2 9.7 7.7 4.7 6.6 9.8 15.4 19.4 24.9 33.6 43.8 63.9 86.1 114.7 98.8 107.5 111.7 106.1 100.0 74.1 57.8 46.3 36.5 33.0 41.2 37.3 59.5 75.7 84.6 81.5 87.5 108.6 131.1 162.4 181.8 183.6 189.0 197.7 199.6 203.1 200.6 197.5 207.9 234.7 255.9 242.0 219.2 204.8 202.2
-9999.0 -9999.0 -9999.0 -9999.0 -9999.0 -9999.0 -9999.0 -9999.0 -9999.0 -9999.0 -9999.0 -9999.0 -9999.0 -9999.0 -9999.0 0.2 0.4 0.4 0.9 2.5 1.5 4.0 6.2 6.6 6.1 6.3 2.9 3.4 2.1 3.2 3.4 6.0 9.9 15.4 20.3 36.8 56.3 48.3 67.1 76.5 96.1 100.0 93.7 84.7 79.7 80.1 47.1 48.9 27.3 22.0 21.4 50.0 43.1 53.6 37.2 59.6 69.4 100.6 121.6 153.5 157.1 182.2 199.3 195.0 201.2 200.0 196.2 203.8 233.4 254.6 244.1 204.5 179.3 178.5 183.9
-9999.0 -9999.0 -9999.0 -9999.0 -9999.0 -9999.0 -9999.0 -9999.0 -9999.0 -9999.0 -9999.0 -9999.0 -9999.0 -9999.0 -9999.0 -9999.0 -9999.0 30.2 10.4 -9999.0 11.7 4.2 11.0 12.2 6.4 6.5 2.5 2.3 2.4 1.2 1.6 4.2 7.5 12.6 15.5 22.4 54.8 28.0 53.4 61.2 69.7 86.3 71.3 61.8 119.7 75.3 258.2 35.6 26.5 19.6 21.6 20.6 22.0 45.3 51.6 55.1 50.0 87.1 115.1 151.1 144.0 162.3 171.4 195.7 204.8 192.6 184.3 197.6 229.4 235.5 196.3 181.8 179.4 175.4 192.2
-9999.0 -9999.0 -9999.0 -9999.0 -9999.0 -9999.0 -9999.0 -9999.0 -9999.0 -9999.0 -9999.0 -9999.0 -9999.0 -9999.0 -9999.0 -9999.0 -9999.0 -9999.0 -9999.0 -9999.0 -9999.0 12.9 10.1 5.5 9.4 17.8 12.2 6.8 2.6 2.3 1.3 6.3 8.5 11.5 13.3 19.4 25.4 31.9 31.4 30.0 32.9 69.2 64.9 50.7 100.3 43.7 358.9 52.5 34.2 110.9 20.6 50.9 53.5 20.3 33.1 55.0 65.2 71.3 131.4 149.5 154.4 161.9 146.7 182.8 193.9 171.8 161.0 170.9 186.8 194.9 169.5 183.6 184.1 191.5 199.9
-9999.0 -9999.0 -9999.0 -9999.0 -9999.0 -9999.0 -9999.0 -9999.0 -9999.0 -9999.0 -9999.0 -9999.0 -9999.0 -9999.0 -9999.0 -9999.0 -9999.0 -9999.0 -9999.0 -9999.0 -9999.0 -9999.0 -9999.0 67.2 25.6 25.7 20.3 10.7 2.9 2.7 1.5 2.4 7.9 11.7 22.5 30.6 51.2 41.4 66.4 73.4 60.7 68.8 38.1 33.9 91.2 406.9 129.3 88.0 117.1 114.5 32.7 40.0 23.6 26.7 19.1 13.1 50.8 89.1 102.0 144.8 196.6 208.0 193.7 154.5 151.8 143.0 143.5 151.0 196.4 185.6 218.9 213.5 221.2 242.8 222.9
-9999.0 -9999.0 -9999.0 -9999.0 -9999.0 -9999.0 -9999.0 -9999.0 -9999.0 -9999.0 -9999.0 -9999.0 -9999.0 -9999.0 -9999.0 -9999.0 -9999.0 -9999.0 -9999.0 -9999.0 -9999.0 -9999.0 -9999.0 -9999.0 -9999.0 152.3 62.6 8.5 6.3 6.2 3.9 6.5 10.9 16.2 21.0 45.3 89.5 59.1 90.3 64.5 85.4 43.2 83.7 75.6 273.1 411.1 282.5 469.8 43.8 88.1 44.2 38.2 48.7 43.5 20.7 20.1 43.9 52.5 102.2 130.2 175.2 216.1 250.0 124.0 123.4 125.7 150.1 188.5 225.4 245.7 237.7 251.0 244.8 282.6 276.0
-9999.0 -9999.0 -9999.0 -9999.0 -9999.0 -9999.0 -9999.0 -9999.0 -9999.0 -9999.0 -9999.0 -9999.0 -9999.0 -9999.0 -9999.0 -9999.0 -9999.0 -9999.0 -9999.0 -9999.0 -9999.0 -9999.0 -9999.0 -9999.0 -9999.0 -9999.0 -9999.0 205.2 185.3 49.9 34.1 30.3 22.5 38.8 37.1 75.5 51.3 59.1 55.2 62.6 72.1 41.8 118.9 273.2 324.8 401.2 460.0 465.1 445.1 193.4 293.9 252.3 48.3 44.2 32.2 36.5 31.6 42.0 81.1 97.1 185.0 202.2 149.7 139.1 162.7 128.1 153.1 185.1 205.1 222.9 229.1 268.5 239.3 282.4 288.2
-9999.0 -9999.0 -9999.0 -9999.0 -9999.0 -9999.0 -9999.0 -9999.0 -9999.0 -9999.0 -9999.0 -9999.0 -9999.0 -9999.0 -9999.0 -9999.0 -9999.0 -9999.0 -9999.0 -9999.0 -9999.0 -9999.0 -9999.0 -9999.0 -9999.0 -9999.0 -9999.0 -9999.0 -9999.0 -9999.0 -9999.0 -9999.0 -9999.0 114.9 58.9 -9999.0 -9999.0 -9999.0 116.2 76.2 93.2 135.0 113.5 313.7 390.3 406.6 -9999.0 -9999.0 -9999.0 -9999.0 -9999.0 -9999.0 97.9 50.1 48.8 40.8 36.9 53.8 54.6 98.9 138.9 174.9 141.0 131.2 132.2 150.1 192.3 238.5 250.4 218.6 194.2 236.5 258.5 233.1 252.8
-9999.0 -9999.0 -9999.0 -9999.0 -9999.0 -9999.0 -9999.0 -9999.0 -9999.0 -9999.0 -9999.0 -9999.0 -9999.0 -9999.0 -9999.0 -9999.0 -9999.0 -9999.0 -9999.0 -9999.0 -9999.0 -9999.0 -9999.0 -9999.0 -9999.0 -9999.0 -9999.0 -9999.0 -9999.0 -9999.0 -9999.0 -9999.0 -9999.0 -9999.0 -9999.0 -9999.0 -9999.0 -9999.0 -9999.0 301.5 304.7 321.4 340.9 356.4 -9999.0 -9999.0 -9999.0 -9999.0 -9999.0 -9999.0 -9999.0 -9999.0 79.1 61.2 42.8 44.7 53.4 64.0 82.0 102.8 116.2 132.6 138.2 98.2 160.7 222.2 286.4 321.0 315.0 301.5 260.4 238.9 204.6 214.1 191.3
-9999.0 -9999.0 -9999.0 -9999.0 -9999.0 -9999.0 -9999.0 -9999.0 -9999.0 -9999.0 -9999.0 -9999.0 -9999.0 -9999.0 -9999.0 -9999.0 -9999.0 -9999.0 -9999.0 -9999.0 -9999.0 -9999.0 -9999.0 -9999.0 -9999.0 -9999.0 -9999.0 -9999.0 -9999.0 -9999.0 -9999.0 -9999.0 -9999.0 -9999.0 -9999.0 -9999.0 -9999.0 -9999.0 -9999.0 -9999.0 -9999.0 -9999.0 -9999.0 -9999.0 -9999.0 -9999.0 -9999.0 -9999.0 -9999.0 -9999.0 -9999.0 -9999.0 101.2 73.2 51.0 57.7 58.9 62.1 72.7 91.0 92.3 86.9 223.4 76.9 130.8 227.0 331.6 383.5 377.8 328.8 266.4 244.4 280.5 191.8 154.5
-9999.0 -9999.0 -9999.0 -9999.0 -9999.0 -9999.0 -9999.0 -9999.0 -9999.0 -9999.0 -9999.0 -9999.0 -9999.0 -9999.0 -9999.0 -9999.0 -9999.0 -9999.0 -9999.0 -9999.0 -9999.0 -9999.0 -9999.0 -9999.0 -9999.0 -9999.0 -9999.0 -9999.0 -9999.0 -9999.0 -9999.0 -9999.0 -9999.0 -9999.0 -9999.0 -9999.0 -9999.0 -9999.0 -9999.0 -9999.0 -9999.0 -9999.0 -9999.0 -9999.0 -9999.0 -9999.0 -9999.0 -9999.0 -9999.0 -9999.0 -9999.0 116.3 79.3 81.2 65.9 71.4 70.3 74.4 73.3 64.7 136.4 123.9 54.8 66.9 114.6 221.4 303.1 260.2 341.2 279.1 224.9 211.7 183.9 175.4 183.1
-9999.0 -9999.0 -9999.0 -9999.0 -9999.0 -9999.0 -9999.0 -9999.0 -9999.0 -9999.0 -9999.0 -9999.0 -9999.0 -9999.0 -9999.0 -9999.0 -9999.0 -9999.0 -9999.0 -9999.0 -9999.0 -9999.0 -9999.0 -9999.0 -9999.0 -9999.0 -9999.0 -9999.0 -9999.0 -9999.0 -9999.0 -9999.0 -9999.0 -9999.0 -9999.0 -9999.0 -9999.0 -9999.0 -9999.0 -9999.0 -9999.0 -9999.0 -9999.0 -9999.0 -9999.0 -9999.0 -9999.0 -9999.0 -9999.0 -9999.0 169.3 110.0 96.2 99.5 91.7 95.3 78.1 66.5 80.2 126.3 118.1 157.4 75.6 83.8 117.6 184.0 225.0 229.6 266.4 232.2 226.1 200.9 207.6 222.2 228.1
-9999.0 -9999.0 -9999.0 -9999.0 -9999.0 -9999.0 -9999.0 -9999.0 -9999.0 -9999.0 -9999.0 -9999.0 -9999.0 -9999.0 -9999.0 -9999.0 -9999.0 -9999.0 -9999.0 -9999.0 -9999.0 -9999.0 -9999.0 -9999.0 -9999.0 -9999.0 -9999.0 -9999.0 -9999.0 -9999.0 -9999.0 -9999.0 -9999.0 -9999.0 -9999.0 -9999.0 -9999.0 -9999.0 -9999.0 -9999.0 -9999.0 -9999.0 -9999.0 -9999.0 -9999.0 -9999.0 -9999.0 -9999.0 -9999.0 -9999.0 165.8 135.2 100.7 113.6 122.7 110.0 82.5 112.3 124.9 118.3 103.4 111.0 73.9 88.0 116.2 131.4 156.0 170.6 206.7 239.8 271.7 283.7 284.1 275.3 263.5
-9999.0 -9999.0 -9999.0 -9999.0 -9999.0 -9999.0 -9999.0 -9999.0 -9999.0 -9999.0 -9999.0 -9999.0 -9999.0 -9999.0 -9999.0 -9999.0 -9999.0 -9999.0 -9999.0 -9999.0 -9999.0 -9999.0 -9999.0 -9999.0 -9999.0 -9999.0 -9999.0 -9999.0 -9999.0 -9999.0 -9999.0 -9999.0 -9999.0 -9999.0 -9999.0 -9999.0 -9999.0 -9999.0 -9999.0 -9999.0 -9999.0 -9999.0 -9999.0 -9999.0 -9999.0 -9999.0 -9999.0 -9999.0 -9999.0 -9999.0 170.6 144.2 115.6 164.9 112.1 106.9 154.5 126.2 149.7 101.9 115.0 121.4 97.3 84.7 115.8 128.2 142.0 169.3 208.2 266.0 326.2 344.7 350.3 311.5 266.1
-9999.0 -9999.0 -9999.0 -9999.0 -9999.0 -9999.0 -9999.0 -9999.0 -9999.0 -9999.0 -9999.0 -9999.0 -9999.0 -9999.0 -9999.0 -9999.0 -9999.0 -9999.0 -9999.0 -9999.0 -9999.0 -9999.0 -9999.0 -9999.0 -9999.0 -9999.0 -9999.0 -9999.0 -9999.0 -9999.0 -9999.0 -9999.0 -9999.0 -9999.0 -9999.0 -9999.0 -9999.0 -9999.0 -9999.0 -9999.0 -9999.0 -9999.0 -9999.0 -9999.0 -9999.0 -9999.0 -9999.0 -9999.0 -9999.0 -9999.0 204.7 200.7 163.4 165.6 154.8 172.5 101.0 136.7 146.3 116.7 123.8 101.3 68.8 100.7 137.5 154.9 176.9 201.8 241.5 255.7 324.9 362.9 355.2 304.5 261.4
-9999.0 -9999.0 -9999.0 -9999.0 -9999.0 -9999.0 -9999.0 -9999.0 -9999.0 -9999.0 -9999.0 -9999.0 -9999.0 -9999.0 -9999.0 -9999.0 -9999.0 -9999.0 -9999.0 -9999.0 -9999.0 -9999.0 -9999.0 -9999.0 -9999.0 -9999.0 -9999.0 -9999.0 -9999.0 -9999.0 -9999.0 -9999.0 -9999.0 -9999.0 -9999.0 -9999.0 -9999.0 -9999.0 -9999.0 -9999.0 -9999.0 -9999.0 -9999.0 -9999.0 -9999.0 -9999.0 -9999.0 -9999.0 -9999.0 -9999.0 -9999.0 -9999.0 -9999.0 185.3 165.0 148.6 144.4 161.1 135.5 159.8 234.7 133.3 171.0 165.2 185.6 198.0 227.5 222.6 253.0 262.8 276.1 300.2 291.6 253.7 234.1
-9999.0 -9999.0 -9999.0 -9999.0 -9999.0 -9999.0 -9999.0 -9999.0 -9999.0 -9999.0 -9999.0 -9999.0 -9999.0 -9999.0 -9999.0 -9999.0 -9999.0 -9999.0 -9999.0 -9999.0 -9999.0 -9999.0 -9999.0 -9999.0 -9999.0 -9999.0 -9999.0 -9999.0 -9999.0 -9999.0 -9999.0 -9999.0 -9999.0 -9999.0 -9999.0 -9999.0 -9999.0 -9999.0 -9999.0 -9999.0 -9999.0 -9999.0 -9999.0 -9999.0 -9999.0 -9999.0 -9999.0 -9999.0 -9999.0 -9999.0 -9999.0 -9999.0 -9999.0 242.0 199.4 284.0 166.2 144.1 194.6 288.0 265.4 225.7 314.6 233.0 238.3 238.2 192.7 267.5 221.2 224.8 236.4 266.1 259.0 225.8 202.7
-9999.0 -9999.0 -9999.0 -9999.0 -9999.0 -9999.0 -9999.0 -9999.0 -9999.0 -9999.0 -9999.0 -9999.0 -9999.0 -9999.0 -9999.0 -9999.0 -9999.0 -9999.0 -9999.0 -9999.0 -9999.0 -9999.0 -9999.0 -9999.0 -9999.0 -9999.0 -9999.0 -9999.0 -9999.0 -9999.0 -9999.0 -9999.0 -9999.0 -9999.0 -9999.0 -9999.0 -9999.0 -9999.0 -9999.0 -9999.0 -9999.0 -9999.0 -9999.0 -9999.0 -9999.0 -9999.0 -9999.0 -9999.0 -9999.0 -9999.0 -9999.0 -9999.0 -9999.0 303.3 206.1 263.8 214.0 180.5 228.0 281.0 376.3 385.1 462.9 449.1 227.5 -9999.0 -9999.0 -9999.0 246.9 231.4 272.5 317.5 314.0 266.4 216.2
-9999.0 -9999.0 -9999.0 -9999.0 -9999.0 -9999.0 -9999.0 -9999.0 -9999.0 -9999.0 -9999.0 -9999.0 -9999.0 -9999.0 -9999.0 -9999.0 -9999.0 -9999.0 -9999.0 -9999.0 -9999.0 -9999.0 -9999.0 -9999.0 -9999.0 -9999.0 -9999.0 -9999.0 -9999.0 -9999.0 -9999.0 -9999.0 -9999.0 -9999.0 -9999.0 -9999.0 -9999.0 -9999.0 -9999.0 -9999.0 -9999.0 -9999.0 -9999.0 -9999.0 -9999.0 -9999.0 -9999.0 -9999.0 -9999.0 -9999.0 -9999.0 -9999.0 -9999.0 -9999.0 315.9 272.9 181.0 155.9 249.0 360.5 264.9 -9999.0 -9999.0 -9999.0 -9999.0 -9999.0 -9999.0 -9999.0 259.4 297.3 359.7 423.0 416.6 336.9 269.3
-9999.0 -9999.0 -9999.0 -9999.0 -9999.0 -9999.0 -9999.0 -9999.0 -9999.0 -9999.0 -9999.0 -9999.0 -9999.0 -9999.0 -9999.0 -9999.0 -9999.0 -9999.0 -9999.0 -9999.0 -9999.0 -9999.0 -9999.0 -9999.0 -9999.0 -9999.0 -9999.0 -9999.0 -9999.0 -9999.0 -9999.0 -9999.0 -9999.0 -9999.0 -9999.0 -9999.0 -9999.0 -9999.0 -9999.0 -9999.0 -9999.0 -9999.0 -9999.0 -9999.0 -9999.0 -9999.0 -9999.0 -9999.0 -9999.0 -9999.0 -9999.0 -9999.0 -9999.0 -9999.0 -9999.0 268.2 345.0 217.7 189.9 276.6 295.9 -9999.0 -9999.0 -9999.0 -9999.0 -9999.0 -9999.0 -9999.0 -9999.0 -9999.0 430.7 -9999.0 -9999.0 -9999.0 -9999.0
-9999.0 -9999.0 -9999.0 -9999.0 -9999.0 -9999.0 -9999.0 -9999.0 -9999.0 -9999.0 -9999.0 -9999.0 -9999.0 -9999.0 -9999.0 -9999.0 -9999.0 -9999.0 -9999.0 -9999.0 -9999.0 -9999.0 -9999.0 -9999.0 -9999.0 -9999.0 -9999.0 -9999.0 -9999.0 -9999.0 -9999.0 -9999.0 -9999.0 -9999.0 -9999.0 -9999.0 -9999.0 -9999.0 -9999.0 -9999.0 -9999.0 -9999.0 -9999.0 -9999.0 -9999.0 -9999.0 -9999.0 -9999.0 -9999.0 -9999.0 -9999.0 -9999.0 -9999.0 -9999.0 -9999.0 -9999.0 -9999.0 -9999.0 243.2 218.0 -9999.0 -9999.0 -9999.0 -9999.0 -9999.0 -9999.0 -9999.0 -9999.0 -9999.0 -9999.0 -9999.0 -9999.0 -9999.0 -9999.0 -9999.0
-9999.0 -9999.0 -9999.0 -9999.0 -9999.0 -9999.0 -9999.0 -9999.0 -9999.0 -9999.0 -9999.0 -9999.0 -9999.0 -9999.0 -9999.0 -9999.0 -9999.0 -9999.0 -9999.0 -9999.0 -9999.0 -9999.0 -9999.0 -9999.0 -9999.0 -9999.0 -9999.0 -9999.0 -9999.0 -9999.0 -9999.0 -9999.0 -9999.0 -9999.0 -9999.0 -9999.0 -9999.0 -9999.0 -9999.0 -9999.0 -9999.0 -9999.0 -9999.0 -9999.0 -9999.0 -9999.0 -9999.0 -9999.0 -9999.0 -9999.0 -9999.0 -9999.0 -9999.0 -9999.0 -9999.0 -9999.0 -9999.0 -9999.0 -9999.0 -9999.0 -9999.0 -9999.0 -9999.0 -9999.0 -9999.0 -9999.0 -9999.0 -9999.0 -9999.0 -9999.0 -9999.0 -9999.0 -9999.0 -9999.0 -9999.0
