program/excelProcessViaJava/data/SURF_CLI_CHN_PRE_MON_GRID_0.5-198101.txt
NCOLS      128
NROWS       72
XLLCORNER    72.000000000000    
YLLCORNER    18.000000000000    
CELLSIZE    0.50000000000000    
NODATA_VALUE   -9999.000    
[rows 35 to 69 of 72, columns 0 to 79 of 128]
-9999.0 -9999.0 -9999.0 -9999.0 -9999.0 -9999.0 -9999.0 0.0 0.0 0.0 0.0 0.0 0.1 0.0 0.0 2.2 0.2 0.7 0.6 0.1 0.0 0.0 0.0 0.0 0.0 0.0 0.0 0.0 0.0 0.0 0.1 0.1 0.1 0.1 0.2 0.2 0.3 0.3 0.4 0.4 0.3 0.5 0.5 0.4 0.3 0.2 0.2 0.2 0.4 0.5 0.9 1.2 1.3 1.8 1.4 0.6 0.4 0.7 2.7 4.1 6.3 3.8 3.2 3.5 4.3 3.1 4.5 5.5 4.8 5.6 5.1 5.2 5.7 4.9 3.8 4.3 3.8 4.9 6.5 5.4
-9999.0 -9999.0 -9999.0 -9999.0 -9999.0 -9999.0 -9999.0 0.0 0.1 0.0 0.0 0.0 0.0 0.0 0.0 0.0 0.0 0.0 0.0 0.0 0.0 0.0 0.0 0.0 0.0 0.0 0.0 0.0 0.0 0.1 0.1 0.1 0.1 0.2 0.2 0.3 0.4 0.4 0.5 0.6 0.6 0.7 0.9 1.5 1.1 0.8 1.1 1.2 2.0 1.7 2.5 2.2 1.7 2.0 2.9 1.7 1.4 2.2 4.4 6.5 7.7 7.4 5.1 6.0 5.3 5.1 5.4 5.5 7.6 5.6 7.2 8.5 8.4 6.9 4.5 6.5 6.9 6.2 6.6 7.9
-9999.0 -9999.0 -9999.0 -9999.0 -9999.0 -9999.0 -9999.0 -9999.0 -9999.0 0.0 0.0 0.0 0.0 0.0 0.0 0.0 0.0 0.0 0.0 0.0 0.0 0.0 0.0 0.0 0.0 0.0 0.0 0.0 0.1 0.1 0.1 0.1 0.2 0.3 0.4 0.5 0.6 0.7 0.9 1.0 1.2 1.5 1.7 1.9 2.4 2.7 3.0 3.1 3.2 3.1 3.2 2.8 2.8 3.4 4.9 3.7 2.8 3.7 6.3 7.7 8.5 8.8 8.4 5.7 6.5 6.0 5.8 5.9 8.7 7.1 9.1 9.1 9.2 8.5 8.3 5.9 6.5 7.4 8.5 10.0
-9999.0 -9999.0 -9999.0 -9999.0 -9999.0 -9999.0 -9999.0 -9999.0 -9999.0 -9999.0 -9999.0 0.0 0.1 0.0 0.0 0.0 0.0 0.0 0.0 0.0 0.0 0.0 0.0 0.0 0.0 0.0 0.0 0.0 0.0 0.1 0.1 0.2 0.3 0.4 0.6 0.6 0.9 1.1 1.3 1.8 2.2 2.7 3.2 3.6 4.4 4.4 5.2 5.0 5.2 5.0 4.5 4.3 4.7 6.2 7.9 7.4 5.4 6.0 6.8 7.8 8.6 7.4 5.8 5.1 6.5 4.5 4.4 6.3 7.8 8.7 9.0 9.5 8.4 7.6 6.8 7.2 7.9 9.6 10.7 12.4
-9999.0 -9999.0 -9999.0 -9999.0 -9999.0 -9999.0 -9999.0 -9999.0 -9999.0 -9999.0 -9999.0 -9999.0 0.1 0.1 0.0 0.0 0.0 0.0 0.0 0.0 0.0 0.0 0.0 0.0 0.0 0.0 0.0 0.0 0.1 0.1 0.2 0.3 0.5 0.5 0.7 1.0 1.1 1.7 2.3 3.1 3.9 4.7 5.4 6.0 6.3 6.6 6.8 6.4 6.7 6.9 6.9 6.7 7.0 8.4 10.1 9.9 8.2 7.8 6.0 8.3 7.9 8.1 7.2 5.4 3.9 8.0 5.8 7.5 8.5 9.5 7.4 6.4 6.4 7.0 7.9 19.1 12.0 13.2 13.1 22.1
-9999.0 -9999.0 -9999.0 -9999.0 -9999.0 -9999.0 -9999.0 -9999.0 -9999.0 -9999.0 -9999.0 -9999.0 0.0 0.2 0.4 0.0 0.1 0.0 0.0 0.0 0.0 0.0 0.0 0.0 0.1 0.0 0.1 0.1 0.1 0.2 0.2 0.3 0.6 0.9 1.1 1.5 1.6 2.2 3.2 4.4 5.9 7.3 8.1 8.8 8.9 8.7 7.8 7.4 7.6 8.2 8.0 7.6 7.7 9.4 9.9 10.0 7.0 6.1 5.8 7.1 7.2 6.3 7.0 8.3 3.0 5.8 2.7 4.6 6.1 8.1 11.8 18.7 21.0 12.0 11.7 10.3 11.1 17.8 17.8 18.4
-9999.0 -9999.0 -9999.0 -9999.0 -9999.0 -9999.0 -9999.0 -9999.0 -9999.0 -9999.0 -9999.0 -9999.0 -9999.0 0.1 0.0 0.3 0.0 0.1 0.1 0.0 0.0 0.0 0.0 0.1 0.1 0.0 0.0 0.0 0.1 0.1 0.4 0.7 0.7 1.0 1.9 2.2 2.7 3.2 3.9 5.7 7.7 9.5 11.1 11.6 11.2 9.8 8.6 7.9 7.6 7.6 7.2 6.3 6.0 8.7 9.1 8.1 5.4 4.9 7.0 7.9 9.0 7.5 7.5 3.9 1.2 3.3 6.1 6.9 9.9 10.3 9.4 8.7 9.6 10.0 13.2 10.1 11.0 13.0 14.8 14.7
-9999.0 -9999.0 -9999.0 -9999.0 -9999.0 -9999.0 -9999.0 -9999.0 -9999.0 -9999.0 -9999.0 -9999.0 0.1 0.0 0.0 0.1 0.0 0.0 0.0 0.1 0.1 0.1 0.1 0.1 0.2 0.0 0.1 0.1 0.2 0.2 0.4 1.1 0.8 1.7 2.1 3.0 3.2 4.9 6.2 7.8 9.4 11.5 13.2 14.3 13.1 11.0 8.3 6.2 5.5 5.2 5.1 5.2 4.2 5.6 5.6 5.2 5.2 2.7 4.7 6.8 8.3 9.2 7.9 9.7 6.6 5.3 1.8 6.3 13.4 16.3 14.1 8.9 6.2 5.7 5.6 6.2 8.3 11.3 13.3 14.0
-9999.0 -9999.0 -9999.0 -9999.0 -9999.0 -9999.0 -9999.0 -9999.0 -9999.0 -9999.0 -9999.0 -9999.0 0.1 1.7 0.5 0.0 0.0 0.2 0.2 0.0 0.3 0.1 0.1 0.2 0.5 0.6 0.4 0.4 0.3 0.6 0.9 1.2 1.1 2.7 3.5 4.0 5.5 6.5 8.2 10.6 12.4 14.7 16.2 16.0 14.0 11.0 8.5 5.7 3.9 2.2 1.9 2.5 2.0 2.3 3.0 2.7 3.1 3.5 3.7 6.0 8.0 10.0 6.1 5.2 5.5 1.8 6.1 6.7 9.7 10.7 8.3 5.4 4.6 6.3 9.0 5.9 7.1 8.1 10.6 12.7
-9999.0 -9999.0 -9999.0 -9999.0 -9999.0 -9999.0 -9999.0 -9999.0 -9999.0 -9999.0 -9999.0 -9999.0 6.2 0.2 2.7 0.9 0.8 0.0 0.1 0.1 0.0 0.0 0.3 0.1 0.4 0.1 0.2 0.0 0.4 0.4 0.7 0.5 2.0 3.4 4.3 5.0 6.7 8.6 10.9 11.9 13.8 15.9 16.6 16.1 13.6 10.9 7.9 4.0 1.4 0.8 0.8 0.5 3.2 4.3 3.2 1.8 2.6 3.1 3.7 3.1 3.9 5.0 11.3 5.2 2.4 2.0 4.5 8.1 10.5 8.3 6.1 6.3 5.8 9.2 35.6 13.4 27.5 8.2 11.3 13.0
-9999.0 -9999.0 -9999.0 -9999.0 -9999.0 -9999.0 -9999.0 -9999.0 -9999.0 -9999.0 -9999.0 -9999.0 -9999.0 0.1 0.1 1.7 0.8 1.1 0.2 0.1 0.0 0.3 0.2 0.1 1.1 0.6 0.6 0.6 0.1 0.5 0.2 0.5 1.0 2.6 3.6 3.9 6.3 10.5 12.4 13.5 14.0 15.7 16.8 15.5 11.6 8.2 6.1 1.8 1.8 0.8 0.2 0.8 0.7 0.5 2.6 3.3 1.5 1.6 2.3 4.9 4.1 13.3 7.2 3.3 1.9 3.3 6.5 10.1 10.4 9.0 6.3 5.4 7.3 7.2 10.3 11.1 12.0 13.0 17.5 17.6
-9999.0 -9999.0 -9999.0 -9999.0 -9999.0 -9999.0 -9999.0 -9999.0 -9999.0 -9999.0 -9999.0 -9999.0 -9999.0 18.6 0.8 3.5 0.3 2.9 2.1 1.2 0.2 0.3 0.3 0.7 3.8 1.7 0.8 1.1 0.3 0.0 0.0 0.1 0.5 1.2 2.0 3.6 7.0 10.4 12.1 13.4 13.0 13.8 14.2 13.4 14.4 8.2 5.2 1.7 0.9 0.4 0.6 0.1 0.5 1.7 3.3 2.7 1.3 1.2 1.9 0.3 2.7 1.2 3.2 4.0 3.9 5.4 9.2 12.4 12.4 9.1 7.1 6.9 7.5 9.5 13.2 19.2 29.2 21.3 25.0 27.7
-9999.0 -9999.0 -9999.0 -9999.0 -9999.0 -9999.0 -9999.0 -9999.0 -9999.0 -9999.0 -9999.0 -9999.0 -9999.0 -9999.0 -9999.0 6.4 7.4 3.9 5.5 7.5 2.2 4.8 5.8 4.6 3.1 2.6 0.2 0.3 0.0 0.1 0.0 0.0 0.1 0.2 1.1 2.4 4.8 7.7 9.4 10.1 12.8 13.9 13.1 11.2 7.1 5.0 4.7 1.9 1.6 0.7 0.3 1.7 0.3 0.6 0.1 1.5 1.7 0.1 2.2 3.0 0.4 2.1 6.4 6.7 6.7 8.4 11.8 14.2 13.5 11.9 9.3 7.9 12.1 13.4 15.2 28.5 33.3 45.1 36.9 42.2
-9999.0 -9999.0 -9999.0 -9999.0 -9999.0 -9999.0 -9999.0 -9999.0 -9999.0 -9999.0 -9999.0 -9999.0 -9999.0 -9999.0 -9999.0 -9999.0 -9999.0 144.5 50.8 -9999.0 32.7 10.5 20.0 18.7 8.0 6.9 1.0 0.8 0.6 0.0 0.0 0.0 0.0 0.1 0.7 1.5 4.0 2.5 5.3 6.7 8.9 13.3 10.8 8.6 5.8 4.9 11.2 5.8 2.3 1.8 2.4 0.6 1.7 1.2 1.8 2.2 0.6 2.4 1.8 2.4 0.5 2.0 5.1 7.3 8.8 11.4 15.1 16.8 14.7 12.0 8.2 15.2 18.4 13.9 20.8 33.7 37.6 44.0 51.4 58.9
-9999.0 -9999.0 -9999.0 -9999.0 -9999.0 -9999.0 -9999.0 -9999.0 -9999.0 -9999.0 -9999.0 -9999.0 -9999.0 -9999.0 -9999.0 -9999.0 -9999.0 -9999.0 -9999.0 -9999.0 -9999.0 38.8 27.1 13.0 18.9 30.6 19.6 9.6 2.3 0.9 0.0 0.2 0.1 0.1 0.4 0.9 1.4 1.4 0.9 0.3 0.7 12.1 12.8 9.7 5.5 6.3 23.9 5.4 7.9 25.9 3.6 7.0 5.8 2.2 2.1 3.7 3.2 1.1 6.4 2.4 0.7 1.7 3.5 6.6 10.7 15.7 20.5 21.2 16.4 11.0 8.3 15.5 16.8 16.3 23.9 34.0 44.3 56.5 68.1 75.8
-9999.0 -9999.0 -9999.0 -9999.0 -9999.0 -9999.0 -9999.0 -9999.0 -9999.0 -9999.0 -9999.0 -9999.0 -9999.0 -9999.0 -9999.0 -9999.0 -9999.0 -9999.0 -9999.0 -9999.0 -9999.0 -9999.0 -9999.0 132.6 57.2 52.8 39.8 20.8 4.3 2.7 0.2 0.1 0.1 0.2 1.0 1.8 3.8 2.2 6.6 10.4 10.3 15.3 7.7 4.5 5.8 30.3 10.6 10.3 16.3 22.7 11.9 10.3 12.3 8.9 5.7 3.2 3.2 5.2 3.3 4.7 4.8 7.3 9.7 8.4 13.1 20.9 27.4 27.4 21.7 14.3 18.8 18.1 20.6 29.7 34.2 44.3 55.9 67.2 80.3 86.6
-9999.0 -9999.0 -9999.0 -9999.0 -9999.0 -9999.0 -9999.0 -9999.0 -9999.0 -9999.0 -9999.0 -9999.0 -9999.0 -9999.0 -9999.0 -9999.0 -9999.0 -9999.0 -9999.0 -9999.0 -9999.0 -9999.0 -9999.0 -9999.0 -9999.0 238.5 111.6 15.2 10.1 4.1 2.1 2.3 2.1 2.1 3.2 5.8 12.9 6.9 14.7 10.8 20.8 10.2 3.4 4.7 17.4 34.9 26.3 61.4 14.0 24.4 17.9 19.3 19.5 18.4 17.2 9.4 6.0 4.8 6.7 7.7 11.4 15.9 21.3 10.8 17.1 25.4 31.5 29.8 29.9 30.3 23.3 23.8 24.9 42.5 51.0 52.7 60.3 68.8 74.6 78.6
-9999.0 -9999.0 -9999.0 -9999.0 -9999.0 -9999.0 -9999.0 -9999.0 -9999.0 -9999.0 -9999.0 -9999.0 -9999.0 -9999.0 -9999.0 -9999.0 -9999.0 -9999.0 -9999.0 -9999.0 -9999.0 -9999.0 -9999.0 -9999.0 -9999.0 -9999.0 -9999.0 267.9 217.0 67.2 37.7 24.1 8.2 17.0 11.3 19.0 11.4 10.9 5.7 12.1 20.1 5.7 6.5 17.7 24.1 36.4 51.9 63.9 76.6 49.6 91.8 102.5 35.4 36.1 24.0 14.4 10.4 9.1 8.5 10.1 13.4 21.4 17.5 20.2 22.9 22.5 30.5 33.0 31.3 30.6 28.7 36.1 32.1 48.2 49.0 51.4 57.9 59.6 65.6 66.5
-9999.0 -9999.0 -9999.0 -9999.0 -9999.0 -9999.0 -9999.0 -9999.0 -9999.0 -9999.0 -9999.0 -9999.0 -9999.0 -9999.0 -9999.0 -9999.0 -9999.0 -9999.0 -9999.0 -9999.0 -9999.0 -9999.0 -9999.0 -9999.0 -9999.0 -9999.0 -9999.0 -9999.0 -9999.0 -9999.0 -9999.0 -9999.0 -9999.0 63.1 28.5 -9999.0 -9999.0 -9999.0 15.8 13.7 9.4 10.1 9.3 23.9 33.9 38.7 -9999.0 -9999.0 -9999.0 -9999.0 -9999.0 -9999.0 57.5 32.1 30.5 16.8 9.3 8.3 7.6 9.7 15.1 20.8 22.2 21.3 18.7 19.9 25.1 29.5 30.7 29.6 28.3 37.1 45.7 42.8 52.9 48.0 54.4 49.9 57.3 62.7
-9999.0 -9999.0 -9999.0 -9999.0 -9999.0 -9999.0 -9999.0 -9999.0 -9999.0 -9999.0 -9999.0 -9999.0 -9999.0 -9999.0 -9999.0 -9999.0 -9999.0 -9999.0 -9999.0 -9999.0 -9999.0 -9999.0 -9999.0 -9999.0 -9999.0 -9999.0 -9999.0 -9999.0 -9999.0 -9999.0 -9999.0 -9999.0 -9999.0 -9999.0 -9999.0 -9999.0 -9999.0 -9999.0 -9999.0 47.2 38.2 34.2 32.3 31.5 -9999.0 -9999.0 -9999.0 -9999.0 -9999.0 -9999.0 -9999.0 -9999.0 42.7 32.1 21.5 11.6 6.0 4.7 4.6 6.6 11.4 15.6 15.7 12.8 12.9 16.6 22.4 25.2 24.0 26.5 30.8 35.1 35.8 47.0 44.2 51.1 52.5 54.2 57.3 68.9
-9999.0 -9999.0 -9999.0 -9999.0 -9999.0 -9999.0 -9999.0 -9999.0 -9999.0 -9999.0 -9999.0 -9999.0 -9999.0 -9999.0 -9999.0 -9999.0 -9999.0 -9999.0 -9999.0 -9999.0 -9999.0 -9999.0 -9999.0 -9999.0 -9999.0 -9999.0 -9999.0 -9999.0 -9999.0 -9999.0 -9999.0 -9999.0 -9999.0 -9999.0 -9999.0 -9999.0 -9999.0 -9999.0 -9999.0 -9999.0 -9999.0 -9999.0 -9999.0 -9999.0 -9999.0 -9999.0 -9999.0 -9999.0 -9999.0 -9999.0 -9999.0 -9999.0 34.1 31.0 18.7 14.3 5.8 3.9 3.3 5.1 7.4 10.4 18.1 7.1 8.1 14.3 21.2 20.7 17.7 19.3 25.3 31.8 47.0 44.2 51.4 60.5 62.6 66.8 70.4 67.2
-9999.0 -9999.0 -9999.0 -9999.0 -9999.0 -9999.0 -9999.0 -9999.0 -9999.0 -9999.0 -9999.0 -9999.0 -9999.0 -9999.0 -9999.0 -9999.0 -9999.0 -9999.0 -9999.0 -9999.0 -9999.0 -9999.0 -9999.0 -9999.0 -9999.0 -9999.0 -9999.0 -9999.0 -9999.0 -9999.0 -9999.0 -9999.0 -9999.0 -9999.0 -9999.0 -9999.0 -9999.0 -9999.0 -9999.0 -9999.0 -9999.0 -9999.0 -9999.0 -9999.0 -9999.0 -9999.0 -9999.0 -9999.0 -9999.0 -9999.0 -9999.0 19.8 21.1 27.4 14.7 13.3 9.7 8.6 5.2 1.8 10.3 11.1 9.4 8.3 9.5 15.8 21.4 16.9 14.8 14.7 20.6 28.0 30.5 36.1 50.0 62.8 63.0 70.9 58.9 50.3
-9999.0 -9999.0 -9999.0 -9999.0 -9999.0 -9999.0 -9999.0 -9999.0 -9999.0 -9999.0 -9999.0 -9999.0 -9999.0 -9999.0 -9999.0 -9999.0 -9999.0 -9999.0 -9999.0 -9999.0 -9999.0 -9999.0 -9999.0 -9999.0 -9999.0 -9999.0 -9999.0 -9999.0 -9999.0 -9999.0 -9999.0 -9999.0 -9999.0 -9999.0 -9999.0 -9999.0 -9999.0 -9999.0 -9999.0 -9999.0 -9999.0 -9999.0 -9999.0 -9999.0 -9999.0 -9999.0 -9999.0 -9999.0 -9999.0 -9999.0 12.5 17.3 23.0 26.8 22.3 21.5 16.0 9.6 8.6 11.0 10.2 14.4 13.1 13.7 15.3 19.6 21.9 17.4 15.8 12.3 18.3 22.4 27.9 35.1 41.6 47.6 53.5 50.3 53.1 41.3
-9999.0 -9999.0 -9999.0 -9999.0 -9999.0 -9999.0 -9999.0 -9999.0 -9999.0 -9999.0 -9999.0 -9999.0 -9999.0 -9999.0 -9999.0 -9999.0 -9999.0 -9999.0 -9999.0 -9999.0 -9999.0 -9999.0 -9999.0 -9999.0 -9999.0 -9999.0 -9999.0 -9999.0 -9999.0 -9999.0 -9999.0 -9999.0 -9999.0 -9999.0 -9999.0 -9999.0 -9999.0 -9999.0 -9999.0 -9999.0 -9999.0 -9999.0 -9999.0 -9999.0 -9999.0 -9999.0 -9999.0 -9999.0 -9999.0 -9999.0 8.2 21.3 15.5 28.8 31.6 28.7 16.0 21.4 17.9 13.9 12.4 14.8 14.3 16.7 17.3 16.8 18.1 12.6 12.0 11.3 18.3 26.2 30.3 29.4 27.3 28.4 36.1 42.9 43.7 34.0
-9999.0 -9999.0 -9999.0 -9999.0 -9999.0 -9999.0 -9999.0 -9999.0 -9999.0 -9999.0 -9999.0 -9999.0 -9999.0 -9999.0 -9999.0 -9999.0 -9999.0 -9999.0 -9999.0 -9999.0 -9999.0 -9999.0 -9999.0 -9999.0 -9999.0 -9999.0 -9999.0 -9999.0 -9999.0 -9999.0 -9999.0 -9999.0 -9999.0 -9999.0 -9999.0 -9999.0 -9999.0 -9999.0 -9999.0 -9999.0 -9999.0 -9999.0 -9999.0 -9999.0 -9999.0 -9999.0 -9999.0 -9999.0 -9999.0 -9999.0 6.9 9.9 11.8 33.4 28.4 26.5 29.0 22.0 21.6 16.1 17.2 17.8 16.3 13.0 14.6 13.9 12.3 9.4 8.9 18.3 23.4 37.2 33.8 33.7 26.2 25.6 31.7 35.3 35.3 39.3
-9999.0 -9999.0 -9999.0 -9999.0 -9999.0 -9999.0 -9999.0 -9999.0 -9999.0 -9999.0 -9999.0 -9999.0 -9999.0 -9999.0 -9999.0 -9999.0 -9999.0 -9999.0 -9999.0 -9999.0 -9999.0 -9999.0 -9999.0 -9999.0 -9999.0 -9999.0 -9999.0 -9999.0 -9999.0 -9999.0 -9999.0 -9999.0 -9999.0 -9999.0 -9999.0 -9999.0 -9999.0 -9999.0 -9999.0 -9999.0 -9999.0 -9999.0 -9999.0 -9999.0 -9999.0 -9999.0 -9999.0 -9999.0 -9999.0 -9999.0 9.2 16.2 16.7 23.7 24.6 25.0 13.4 16.5 17.8 18.3 18.8 16.3 9.6 12.4 13.9 13.3 14.8 13.5 19.4 15.5 29.4 37.9 42.1 40.9 35.6 35.9 34.3 31.5 27.7 32.7
-9999.0 -9999.0 -9999.0 -9999.0 -9999.0 -9999.0 -9999.0 -9999.0 -9999.0 -9999.0 -9999.0 -9999.0 -9999.0 -9999.0 -9999.0 -9999.0 -9999.0 -9999.0 -9999.0 -9999.0 -9999.0 -9999.0 -9999.0 -9999.0 -9999.0 -9999.0 -9999.0 -9999.0 -9999.0 -9999.0 -9999.0 -9999.0 -9999.0 -9999.0 -9999.0 -9999.0 -9999.0 -9999.0 -9999.0 -9999.0 -9999.0 -9999.0 -9999.0 -9999.0 -9999.0 -9999.0 -9999.0 -9999.0 -9999.0 -9999.0 -9999.0 -9999.0 -9999.0 13.1 11.9 9.9 8.7 9.1 11.4 16.8 21.7 18.5 22.7 18.0 15.8 13.9 17.7 15.0 23.2 30.0 35.6 41.0 44.8 44.9 43.9 44.0 38.8 28.6 23.7 24.5
-9999.0 -9999.0 -9999.0 -9999.0 -9999.0 -9999.0 -9999.0 -9999.0 -9999.0 -9999.0 -9999.0 -9999.0 -9999.0 -9999.0 -9999.0 -9999.0 -9999.0 -9999.0 -9999.0 -9999.0 -9999.0 -9999.0 -9999.0 -9999.0 -9999.0 -9999.0 -9999.0 -9999.0 -9999.0 -9999.0 -9999.0 -9999.0 -9999.0 -9999.0 -9999.0 -9999.0 -9999.0 -9999.0 -9999.0 -9999.0 -9999.0 -9999.0 -9999.0 -9999.0 -9999.0 -9999.0 -9999.0 -9999.0 -9999.0 -9999.0 -9999.0 -9999.0 -9999.0 10.5 8.2 8.8 4.6 5.0 7.2 13.4 25.3 34.3 32.5 32.6 26.5 21.9 20.8 26.1 26.9 33.4 38.0 42.0 43.7 40.4 37.1 36.1 31.3 22.1 17.4 16.5
-9999.0 -9999.0 -9999.0 -9999.0 -9999.0 -9999.0 -9999.0 -9999.0 -9999.0 -9999.0 -9999.0 -9999.0 -9999.0 -9999.0 -9999.0 -9999.0 -9999.0 -9999.0 -9999.0 -9999.0 -9999.0 -9999.0 -9999.0 -9999.0 -9999.0 -9999.0 -9999.0 -9999.0 -9999.0 -9999.0 -9999.0 -9999.0 -9999.0 -9999.0 -9999.0 -9999.0 -9999.0 -9999.0 -9999.0 -9999.0 -9999.0 -9999.0 -9999.0 -9999.0 -9999.0 -9999.0 -9999.0 -9999.0 -9999.0 -9999.0 -9999.0 -9999.0 -9999.0 10.2 8.8 5.9 4.4 5.5 9.2 21.6 33.0 47.0 47.3 47.0 50.6 -9999.0 -9999.0 -9999.0 36.8 37.4 41.1 42.2 35.9 25.5 19.3 18.5 16.3 12.7 11.3 9.9
-9999.0 -9999.0 -9999.0 -9999.0 -9999.0 -9999.0 -9999.0 -9999.0 -9999.0 -9999.0 -9999.0 -9999.0 -9999.0 -9999.0 -9999.0 -9999.0 -9999.0 -9999.0 -9999.0 -9999.0 -9999.0 -9999.0 -9999.0 -9999.0 -9999.0 -9999.0 -9999.0 -9999.0 -9999.0 -9999.0 -9999.0 -9999.0 -9999.0 -9999.0 -9999.0 -9999.0 -9999.0 -9999.0 -9999.0 -9999.0 -9999.0 -9999.0 -9999.0 -9999.0 -9999.0 -9999.0 -9999.0 -9999.0 -9999.0 -9999.0 -9999.0 -9999.0 -9999.0 -9999.0 9.6 7.8 9.1 13.2 15.6 25.0 59.3 -9999.0 -9999.0 -9999.0 -9999.0 -9999.0 -9999.0 -9999.0 42.1 43.0 44.1 37.4 25.2 12.5 6.1 5.6 5.9 5.1 4.9 -9999.0
-9999.0 -9999.0 -9999.0 -9999.0 -9999.0 -9999.0 -9999.0 -9999.0 -9999.0 -9999.0 -9999.0 -9999.0 -9999.0 -9999.0 -9999.0 -9999.0 -9999.0 -9999.0 -9999.0 -9999.0 -9999.0 -9999.0 -9999.0 -9999.0 -9999.0 -9999.0 -9999.0 -9999.0 -9999.0 -9999.0 -9999.0 -9999.0 -9999.0 -9999.0 -9999.0 -9999.0 -9999.0 -9999.0 -9999.0 -9999.0 -9999.0 -9999.0 -9999.0 -9999.0 -9999.0 -9999.0 -9999.0 -9999.0 -9999.0 -9999.0 -9999.0 -9999.0 -9999.0 -9999.0 -9999.0 12.8 10.6 17.9 32.3 43.8 67.8 -9999.0 -9999.0 -9999.0 -9999.0 -9999.0 -9999.0 -9999.0 -9999.0 -9999.0 38.3 -9999.0 -9999.0 -9999.0 -9999.0 -9999.0 3.2 -9999.0 -9999.0 -9999.0
-9999.0 -9999.0 -9999.0 -9999.0 -9999.0 -9999.0 -9999.0 -9999.0 -9999.0 -9999.0 -9999.0 -9999.0 -9999.0 -9999.0 -9999.0 -9999.0 -9999.0 -9999.0 -9999.0 -9999.0 -9999.0 -9999.0 -9999.0 -9999.0 -9999.0 -9999.0 -9999.0 -9999.0 -9999.0 -9999.0 -9999.0 -9999.0 -9999.0 -9999.0 -9999.0 -9999.0 -9999.0 -9999.0 -9999.0 -9999.0 -9999.0 -9999.0 -9999.0 -9999.0 -9999.0 -9999.0 -9999.0 -9999.0 -9999.0 -9999.0 -9999.0 -9999.0 -9999.0 -9999.0 -9999.0 -9999.0 -9999.0 -9999.0 39.5 63.2 -9999.0 -9999.0 -9999.0 -9999.0 -9999.0 -9999.0 -9999.0 -9999.0 -9999.0 -9999.0 -9999.0 -9999.0 -9999.0 -9999.0 -9999.0 3.7 5.6 -9999.0 -9999.0 -9999.0
-9999.0 -9999.0 -9999.0 -9999.0 -9999.0 -9999.0 -9999.0 -9999.0 -9999.0 -9999.0 -9999.0 -9999.0 -9999.0 -9999.0 -9999.0 -9999.0 -9999.0 -9999.0 -9999.0 -9999.0 -9999.0 -9999.0 -9999.0 -9999.0 -9999.0 -9999.0 -9999.0 -9999.0 -9999.0 -9999.0 -9999.0 -9999.0 -9999.0 -9999.0 -9999.0 -9999.0 -9999.0 -9999.0 -9999.0 -9999.0 -9999.0 -9999.0 -9999.0 -9999.0 -9999.0 -9999.0 -9999.0 -9999.0 -9999.0 -9999.0 -9999.0 -9999.0 -9999.0 -9999.0 -9999.0 -9999.0 -9999.0 -9999.0 -9999.0 -9999.0 -9999.0 -9999.0 -9999.0 -9999.0 -9999.0 -9999.0 -9999.0 -9999.0 -9999.0 -9999.0 -9999.0 -9999.0 -9999.0 -9999.0 -9999.0 -9999.0 -9999.0 -9999.0 -9999.0 -9999.0
-9999.0 -9999.0 -9999.0 -9999.0 -9999.0 -9999.0 -9999.0 -9999.0 -9999.0 -9999.0 -9999.0 -9999.0 -9999.0 -9999.0 -9999.0 -9999.0 -9999.0 -9999.0 -9999.0 -9999.0 -9999.0 -9999.0 -9999.0 -9999.0 -9999.0 -9999.0 -9999.0 -9999.0 -9999.0 -9999.0 -9999.0 -9999.0 -9999.0 -9999.0 -9999.0 -9999.0 -9999.0 -9999.0 -9999.0 -9999.0 -9999.0 -9999.0 -9999.0 -9999.0 -9999.0 -9999.0 -9999.0 -9999.0 -9999.0 -9999.0 -9999.0 -9999.0 -9999.0 -9999.0 -9999.0 -9999.0 -9999.0 -9999.0 -9999.0 -9999.0 -9999.0 -9999.0 -9999.0 -9999.0 -9999.0 -9999.0 -9999.0 -9999.0 -9999.0 -9999.0 -9999.0 -9999.0 -9999.0 -9999.0 -9999.0 11.6 21.9 28.7 -9999.0 -9999.0
-9999.0 -9999.0 -9999.0 -9999.0 -9999.0 -9999.0 -9999.0 -9999.0 -9999.0 -9999.0 -9999.0 -9999.0 -9999.0 -9999.0 -9999.0 -9999.0 -9999.0 -9999.0 -9999.0 -9999.0 -9999.0 -9999.0 -9999.0 -9999.0 -9999.0 -9999.0 -9999.0 -9999.0 -9999.0 -9999.0 -9999.0 -9999.0 -9999.0 -9999.0 -9999.0 -9999.0 -9999.0 -9999.0 -9999.0 -9999.0 -9999.0 -9999.0 -9999.0 -9999.0 -9999.0 -9999.0 -9999.0 -9999.0 -9999.0 -9999.0 -9999.0 -9999.0 -9999.0 -9999.0 -9999.0 -9999.0 -9999.0 -9999.0 -9999.0 -9999.0 -9999.0 -9999.0 -9999.0 -9999.0 -9999.0 -9999.0 -9999.0 -9999.0 -9999.0 -9999.0 -9999.0 -9999.0 -9999.0 2.7 4.6 12.1 24.0 -9999.0 -9999.0 -9999.0
