program/excelProcessViaJava/data/SURF_CLI_CHN_PRE_MON_GRID_0.5-200506.txt
NCOLS      128
NROWS       72
XLLCORNER    72.000000000000    
YLLCORNER    18.000000000000    
CELLSIZE    0.50000000000000    
NODATA_VALUE   -9999.000    
[rows 34 to 67 of 72, columns 0 to 74 of 128]
-9999.0 -9999.0 -9999.0 -9999.0 108.1 78.8 107.5 55.7 103.7 88.5 26.6 62.9 41.4 40.0 13.3 13.1 12.2 5.6 3.7 6.1 17.4 29.8 37.3 38.0 34.3 31.0 25.7 22.2 19.0 16.9 15.3 15.1 14.0 13.8 14.0 13.4 14.6 15.9 12.9 10.6 12.2 8.1 6.8 5.1 3.7 3.1 3.6 5.5 8.4 12.1 14.7 20.4 54.7 49.6 47.4 53.9 56.4 65.0 75.0 59.0 68.4 41.3 27.9 21.0 10.1 5.9 12.2 12.2 17.5 31.6 30.9 36.9 37.0 37.3 35.4
-9999.0 -9999.0 -9999.0 -9999.0 -9999.0 -9999.0 -9999.0 65.3 79.1 54.9 87.1 78.2 45.6 48.8 45.3 10.2 22.1 11.2 10.3 21.1 34.8 39.2 38.0 35.3 32.2 28.7 25.2 22.2 19.7 18.2 17.1 16.6 16.5 17.0 17.9 17.9 19.7 19.4 21.8 22.5 15.9 24.3 22.2 15.4 9.3 5.2 8.1 9.9 16.3 15.4 16.0 21.1 36.0 77.1 76.2 52.7 50.7 52.5 73.2 61.2 68.4 37.9 22.3 23.3 29.6 19.5 24.8 32.2 38.7 48.3 44.9 41.0 46.0 53.2 59.6
-9999.0 -9999.0 -9999.0 -9999.0 -9999.0 -9999.0 -9999.0 117.9 46.1 72.0 75.2 54.1 57.1 65.9 47.1 61.6 38.8 35.4 42.8 33.8 33.6 35.3 33.5 31.8 29.6 26.9 24.2 21.4 19.9 18.8 18.0 18.1 18.8 19.9 21.3 22.8 24.0 25.8 26.5 26.3 26.7 26.4 27.4 36.6 22.8 15.3 20.3 24.5 40.6 36.9 59.1 55.6 42.0 55.8 77.2 62.9 62.6 66.1 72.3 72.8 63.0 52.2 30.7 37.0 39.5 39.3 42.3 51.1 70.4 67.0 60.0 49.8 49.8 64.7 70.4
-9999.0 -9999.0 -9999.0 -9999.0 -9999.0 -9999.0 -9999.0 -9999.0 -9999.0 65.1 55.7 44.9 59.6 51.7 40.5 33.5 37.9 48.7 35.6 38.4 32.3 29.6 29.0 28.0 26.6 25.0 22.7 21.0 20.3 18.6 20.0 20.2 21.5 23.0 26.1 28.6 31.0 32.9 34.0 35.2 34.8 35.9 35.3 34.0 38.3 39.6 42.4 44.5 48.5 49.9 56.0 50.4 48.7 54.0 76.0 68.2 65.5 66.9 74.7 71.3 68.1 69.5 69.4 45.6 58.3 55.4 54.6 69.3 93.8 94.2 79.0 50.9 49.1 68.2 98.6
-9999.0 -9999.0 -9999.0 -9999.0 -9999.0 -9999.0 -9999.0 -9999.0 -9999.0 -9999.0 -9999.0 62.5 28.6 52.3 38.7 38.4 32.8 28.8 26.7 27.2 27.9 25.4 24.8 24.0 22.3 21.5 20.0 19.1 18.9 19.5 20.3 20.4 24.1 26.9 31.3 33.5 38.9 42.1 45.1 46.1 48.3 48.4 48.4 48.6 58.8 53.5 68.9 63.3 68.6 65.1 54.4 53.4 55.9 68.9 87.5 84.0 76.3 80.2 77.4 74.0 75.9 73.5 75.0 77.5 88.9 55.9 53.1 82.2 106.6 115.1 91.5 65.9 54.7 62.6 59.9
-9999.0 -9999.0 -9999.0 -9999.0 -9999.0 -9999.0 -9999.0 -9999.0 -9999.0 -9999.0 -9999.0 -9999.0 28.2 25.2 38.2 27.5 37.8 26.6 24.5 27.6 20.3 20.7 20.4 20.1 18.5 18.9 19.2 17.3 17.9 16.9 19.9 22.6 25.8 28.1 33.2 40.2 43.6 51.7 56.4 59.0 60.8 63.4 66.5 71.3 73.7 78.1 85.3 77.4 80.0 78.7 86.8 81.5 74.8 78.6 94.3 105.1 105.5 109.3 82.6 90.5 81.9 88.2 93.8 100.4 102.1 118.8 78.1 97.4 116.7 127.1 78.4 41.6 46.6 63.8 84.1
-9999.0 -9999.0 -9999.0 -9999.0 -9999.0 -9999.0 -9999.0 -9999.0 -9999.0 -9999.0 -9999.0 -9999.0 50.2 17.7 13.5 25.7 15.1 17.4 22.0 19.0 17.6 17.5 16.6 16.4 17.2 16.6 16.7 18.4 17.6 20.1 19.8 20.3 25.5 31.1 36.3 45.6 50.2 58.2 65.9 70.9 75.6 81.0 88.2 92.5 98.8 105.6 99.5 97.0 86.4 96.0 92.1 97.4 92.3 109.3 112.1 130.7 125.1 125.3 104.6 94.1 88.7 93.1 104.4 117.3 112.8 122.9 64.2 71.2 84.1 105.5 137.3 173.0 178.6 138.2 140.4
-9999.0 -9999.0 -9999.0 -9999.0 -9999.0 -9999.0 -9999.0 -9999.0 -9999.0 -9999.0 -9999.0 -9999.0 -9999.0 22.9 31.3 11.1 17.3 12.7 11.9 12.2 13.1 12.4 13.1 13.5 13.8 12.4 12.5 11.9 14.0 16.1 20.4 24.1 23.8 28.8 41.2 49.4 58.8 66.3 67.0 77.2 84.5 94.1 106.7 118.1 122.4 119.6 122.9 128.7 131.4 127.2 123.1 112.4 116.5 162.3 161.8 163.1 156.1 156.1 157.2 127.8 112.0 106.3 115.2 117.4 85.8 101.9 107.7 85.6 95.2 92.1 61.6 84.9 134.9 153.6 165.8
-9999.0 -9999.0 -9999.0 -9999.0 -9999.0 -9999.0 -9999.0 -9999.0 -9999.0 -9999.0 -9999.0 -9999.0 23.1 33.1 24.4 12.4 20.3 13.4 11.9 8.3 8.8 9.4 10.0 10.6 11.5 10.2 11.2 13.0 14.4 15.3 18.6 25.2 22.2 31.4 37.1 49.8 55.0 73.6 80.1 82.0 86.1 100.1 118.2 137.3 144.0 143.7 137.7 134.2 143.7 148.3 161.8 175.5 156.2 177.4 175.1 180.3 192.8 161.9 165.2 136.8 126.6 129.6 128.9 140.6 129.8 116.3 68.8 73.1 114.5 164.3 173.0 156.4 141.3 127.5 129.2
-9999.0 -9999.0 -9999.0 -9999.0 -9999.0 -9999.0 -9999.0 -9999.0 -9999.0 -9999.0 -9999.0 -9999.0 29.2 7.8 10.3 26.3 18.4 7.5 6.9 8.5 6.6 7.6 7.7 8.1 9.3 10.7 11.5 12.9 14.3 18.0 21.7 23.9 22.3 35.3 42.2 48.0 63.7 71.7 77.6 81.6 86.7 107.5 133.1 151.1 156.4 153.1 156.5 157.2 164.0 155.7 160.9 186.2 173.2 171.5 177.6 170.3 191.0 195.7 177.0 172.9 165.1 165.4 144.2 131.1 120.9 98.1 104.1 71.8 84.7 127.3 162.9 172.7 164.0 161.0 158.0
-9999.0 -9999.0 -9999.0 -9999.0 -9999.0 -9999.0 -9999.0 -9999.0 -9999.0 -9999.0 -9999.0 -9999.0 4.1 17.0 5.0 6.7 5.9 12.2 6.9 6.5 8.0 7.2 6.0 6.2 6.7 6.4 7.7 7.1 12.9 16.0 20.2 17.4 29.5 39.1 44.0 47.5 58.5 68.1 75.0 70.2 80.5 113.4 128.2 164.6 155.6 152.0 152.0 141.7 138.3 153.5 167.9 162.6 236.2 249.1 217.3 154.0 183.4 194.9 192.6 165.7 161.5 164.4 196.4 138.3 93.5 92.1 76.7 77.3 104.8 141.1 176.4 204.4 184.0 167.9 205.0
-9999.0 -9999.0 -9999.0 -9999.0 -9999.0 -9999.0 -9999.0 -9999.0 -9999.0 -9999.0 -9999.0 -9999.0 -9999.0 30.1 19.4 5.7 6.3 4.6 6.9 6.8 9.0 5.2 5.3 5.1 5.5 5.8 6.8 9.0 9.2 16.7 14.2 20.2 23.2 35.2 37.4 33.3 44.6 67.7 71.2 74.6 82.7 98.0 122.1 141.2 139.2 121.8 120.6 88.2 125.9 135.7 125.5 185.3 188.7 159.8 221.7 217.0 154.1 162.5 181.9 210.4 192.8 248.8 200.1 105.0 122.5 106.3 96.0 106.6 137.0 183.1 201.4 198.8 182.6 153.7 136.3
-9999.0 -9999.0 -9999.0 -9999.0 -9999.0 -9999.0 -9999.0 -9999.0 -9999.0 -9999.0 -9999.0 -9999.0 -9999.0 1.0 15.5 4.9 11.5 3.6 3.9 4.8 7.7 6.2 5.4 4.5 4.9 5.0 5.4 8.0 9.4 6.2 9.8 14.5 24.8 28.8 26.9 33.0 51.5 66.5 67.7 65.9 82.6 99.6 118.6 126.4 130.2 103.0 88.3 56.6 67.8 79.4 119.7 89.4 164.4 212.2 234.9 207.1 158.9 161.4 185.9 146.7 199.5 156.9 111.5 163.7 145.7 130.2 131.4 154.6 192.0 204.1 197.3 181.2 157.6 135.0 122.9
-9999.0 -9999.0 -9999.0 -9999.0 -9999.0 -9999.0 -9999.0 -9999.0 -9999.0 -9999.0 -9999.0 -9999.0 -9999.0 -9999.0 -9999.0 4.9 3.3 5.0 3.6 3.0 5.8 4.3 4.1 4.2 4.2 4.3 3.9 4.7 4.5 9.1 10.2 15.7 14.0 18.9 27.5 25.7 32.6 66.9 68.9 72.2 77.5 91.2 103.4 104.9 86.3 63.9 57.5 27.5 43.0 17.9 50.6 141.2 120.8 156.5 97.3 173.3 173.3 137.6 196.9 213.7 154.2 129.2 181.7 176.1 154.7 141.9 149.7 175.0 202.5 204.3 171.1 136.8 131.6 114.0 108.5
-9999.0 -9999.0 -9999.0 -9999.0 -9999.0 -9999.0 -9999.0 -9999.0 -9999.0 -9999.0 -9999.0 -9999.0 -9999.0 -9999.0 -9999.0 -9999.0 -9999.0 0.1 0.8 -9999.0 2.2 4.8 4.0 4.4 4.6 4.6 4.4 4.6 6.8 6.4 10.7 20.3 12.8 31.2 42.0 29.7 29.0 50.5 52.4 59.6 68.2 80.9 85.2 80.6 82.6 51.8 108.3 49.3 13.9 25.8 10.5 37.4 31.1 127.9 158.3 171.2 144.4 189.6 189.3 203.2 147.0 153.1 180.1 163.5 136.6 130.7 140.4 161.2 167.7 161.8 113.0 145.6 123.1 83.6 108.2
-9999.0 -9999.0 -9999.0 -9999.0 -9999.0 -9999.0 -9999.0 -9999.0 -9999.0 -9999.0 -9999.0 -9999.0 -9999.0 -9999.0 -9999.0 -9999.0 -9999.0 -9999.0 -9999.0 -9999.0 -9999.0 4.0 5.2 6.8 5.6 6.7 7.0 7.4 7.5 11.7 13.2 29.7 31.9 30.0 32.1 22.1 24.0 27.3 30.3 33.3 39.8 66.8 72.9 66.7 71.6 41.9 175.4 20.6 44.0 184.5 19.1 92.9 106.6 52.5 100.8 154.4 169.4 154.6 222.9 183.2 149.5 155.5 161.4 132.4 111.8 115.9 126.8 136.2 121.5 118.0 110.4 126.5 95.6 71.8 96.5
-9999.0 -9999.0 -9999.0 -9999.0 -9999.0 -9999.0 -9999.0 -9999.0 -9999.0 -9999.0 -9999.0 -9999.0 -9999.0 -9999.0 -9999.0 -9999.0 -9999.0 -9999.0 -9999.0 -9999.0 -9999.0 -9999.0 -9999.0 7.2 7.5 8.5 9.3 9.2 8.2 11.8 13.6 16.8 16.3 20.4 19.0 17.9 20.1 17.6 27.6 38.0 44.3 58.5 50.2 45.4 68.7 234.4 68.4 38.5 47.2 47.8 13.2 46.4 22.0 43.5 50.9 60.7 128.7 173.6 139.9 174.6 162.7 166.7 154.1 108.7 98.6 116.2 135.3 124.0 154.0 113.6 153.3 123.2 100.2 99.2 100.9
-9999.0 -9999.0 -9999.0 -9999.0 -9999.0 -9999.0 -9999.0 -9999.0 -9999.0 -9999.0 -9999.0 -9999.0 -9999.0 -9999.0 -9999.0 -9999.0 -9999.0 -9999.0 -9999.0 -9999.0 -9999.0 -9999.0 -9999.0 -9999.0 -9999.0 18.1 16.2 12.8 12.3 15.1 15.7 23.8 28.7 25.3 23.0 21.3 30.2 17.1 28.9 26.6 46.5 39.6 57.2 62.3 173.3 262.3 183.9 316.8 26.7 46.1 37.9 26.8 49.5 51.1 36.6 56.5 103.6 123.0 164.2 166.9 166.2 159.2 195.4 90.4 85.9 114.7 136.4 164.0 201.3 187.9 134.9 127.4 113.7 121.1 133.6
-9999.0 -9999.0 -9999.0 -9999.0 -9999.0 -9999.0 -9999.0 -9999.0 -9999.0 -9999.0 -9999.0 -9999.0 -9999.0 -9999.0 -9999.0 -9999.0 -9999.0 -9999.0 -9999.0 -9999.0 -9999.0 -9999.0 -9999.0 -9999.0 -9999.0 -9999.0 -9999.0 32.0 39.2 31.0 33.5 37.6 31.2 39.5 30.2 34.5 17.8 15.7 15.6 21.2 35.3 31.4 75.5 169.7 218.2 283.0 340.2 363.0 361.7 151.3 229.0 183.0 35.2 38.1 42.0 67.0 101.8 145.9 157.2 171.1 175.8 154.0 103.0 73.7 80.5 82.3 114.4 129.5 145.3 138.0 119.6 120.3 126.4 134.1 173.2
-9999.0 -9999.0 -9999.0 -9999.0 -9999.0 -9999.0 -9999.0 -9999.0 -9999.0 -9999.0 -9999.0 -9999.0 -9999.0 -9999.0 -9999.0 -9999.0 -9999.0 -9999.0 -9999.0 -9999.0 -9999.0 -9999.0 -9999.0 -9999.0 -9999.0 -9999.0 -9999.0 -9999.0 -9999.0 -9999.0 -9999.0 -9999.0 -9999.0 47.1 38.3 -9999.0 -9999.0 -9999.0 33.7 24.7 38.9 68.9 76.5 195.9 263.6 307.3 -9999.0 -9999.0 -9999.0 -9999.0 -9999.0 -9999.0 88.6 53.9 65.8 90.4 129.1 195.9 204.9 226.4 201.7 159.4 104.4 75.2 78.8 101.6 134.0 171.4 187.1 147.8 122.3 108.0 113.7 146.7 170.6
-9999.0 -9999.0 -9999.0 -9999.0 -9999.0 -9999.0 -9999.0 -9999.0 -9999.0 -9999.0 -9999.0 -9999.0 -9999.0 -9999.0 -9999.0 -9999.0 -9999.0 -9999.0 -9999.0 -9999.0 -9999.0 -9999.0 -9999.0 -9999.0 -9999.0 -9999.0 -9999.0 -9999.0 -9999.0 -9999.0 -9999.0 -9999.0 -9999.0 -9999.0 -9999.0 -9999.0 -9999.0 -9999.0 -9999.0 88.5 107.2 135.6 171.5 212.8 -9999.0 -9999.0 -9999.0 -9999.0 -9999.0 -9999.0 -9999.0 -9999.0 108.2 82.4 78.5 96.6 140.3 196.8 243.4 263.1 241.6 177.9 133.1 100.2 128.7 170.8 209.5 233.7 240.4 205.2 147.2 133.2 154.3 144.9 211.6
-9999.0 -9999.0 -9999.0 -9999.0 -9999.0 -9999.0 -9999.0 -9999.0 -9999.0 -9999.0 -9999.0 -9999.0 -9999.0 -9999.0 -9999.0 -9999.0 -9999.0 -9999.0 -9999.0 -9999.0 -9999.0 -9999.0 -9999.0 -9999.0 -9999.0 -9999.0 -9999.0 -9999.0 -9999.0 -9999.0 -9999.0 -9999.0 -9999.0 -9999.0 -9999.0 -9999.0 -9999.0 -9999.0 -9999.0 -9999.0 -9999.0 -9999.0 -9999.0 -9999.0 -9999.0 -9999.0 -9999.0 -9999.0 -9999.0 -9999.0 -9999.0 -9999.0 207.5 118.5 97.6 113.8 116.9 168.4 224.2 252.4 235.7 191.1 204.9 142.1 180.7 240.9 281.5 307.7 302.0 251.9 198.5 192.9 170.7 189.0 192.5
-9999.0 -9999.0 -9999.0 -9999.0 -9999.0 -9999.0 -9999.0 -9999.0 -9999.0 -9999.0 -9999.0 -9999.0 -9999.0 -9999.0 -9999.0 -9999.0 -9999.0 -9999.0 -9999.0 -9999.0 -9999.0 -9999.0 -9999.0 -9999.0 -9999.0 -9999.0 -9999.0 -9999.0 -9999.0 -9999.0 -9999.0 -9999.0 -9999.0 -9999.0 -9999.0 -9999.0 -9999.0 -9999.0 -9999.0 -9999.0 -9999.0 -9999.0 -9999.0 -9999.0 -9999.0 -9999.0 -9999.0 -9999.0 -9999.0 -9999.0 -9999.0 357.3 217.4 154.0 79.6 85.2 98.1 153.6 198.7 192.3 216.8 200.2 182.1 196.1 250.9 314.3 330.4 354.9 339.2 294.6 259.8 271.8 311.9 316.7 291.2
-9999.0 -9999.0 -9999.0 -9999.0 -9999.0 -9999.0 -9999.0 -9999.0 -9999.0 -9999.0 -9999.0 -9999.0 -9999.0 -9999.0 -9999.0 -9999.0 -9999.0 -9999.0 -9999.0 -9999.0 -9999.0 -9999.0 -9999.0 -9999.0 -9999.0 -9999.0 -9999.0 -9999.0 -9999.0 -9999.0 -9999.0 -9999.0 -9999.0 -9999.0 -9999.0 -9999.0 -9999.0 -9999.0 -9999.0 -9999.0 -9999.0 -9999.0 -9999.0 -9999.0 -9999.0 -9999.0 -9999.0 -9999.0 -9999.0 -9999.0 412.7 405.7 287.8 199.8 119.1 102.1 96.4 136.0 176.3 193.8 193.9 209.0 225.4 261.9 327.1 348.0 342.8 365.2 352.1 347.4 331.0 393.6 401.1 346.8 335.0
-9999.0 -9999.0 -9999.0 -9999.0 -9999.0 -9999.0 -9999.0 -9999.0 -9999.0 -9999.0 -9999.0 -9999.0 -9999.0 -9999.0 -9999.0 -9999.0 -9999.0 -9999.0 -9999.0 -9999.0 -9999.0 -9999.0 -9999.0 -9999.0 -9999.0 -9999.0 -9999.0 -9999.0 -9999.0 -9999.0 -9999.0 -9999.0 -9999.0 -9999.0 -9999.0 -9999.0 -9999.0 -9999.0 -9999.0 -9999.0 -9999.0 -9999.0 -9999.0 -9999.0 -9999.0 -9999.0 -9999.0 -9999.0 -9999.0 -9999.0 378.5 450.5 412.0 278.6 189.6 130.8 134.3 149.2 166.3 168.1 172.2 204.2 243.0 299.4 346.6 286.1 304.2 364.7 382.4 389.7 384.8 412.2 431.0 439.8 492.7
-9999.0 -9999.0 -9999.0 -9999.0 -9999.0 -9999.0 -9999.0 -9999.0 -9999.0 -9999.0 -9999.0 -9999.0 -9999.0 -9999.0 -9999.0 -9999.0 -9999.0 -9999.0 -9999.0 -9999.0 -9999.0 -9999.0 -9999.0 -9999.0 -9999.0 -9999.0 -9999.0 -9999.0 -9999.0 -9999.0 -9999.0 -9999.0 -9999.0 -9999.0 -9999.0 -9999.0 -9999.0 -9999.0 -9999.0 -9999.0 -9999.0 -9999.0 -9999.0 -9999.0 -9999.0 -9999.0 -9999.0 -9999.0 -9999.0 -9999.0 282.4 391.7 359.6 358.9 242.1 166.5 176.8 165.7 168.5 153.2 158.9 193.2 222.6 250.6 304.4 284.3 278.5 352.2 411.4 400.2 401.4 400.6 497.1 484.6 583.6
-9999.0 -9999.0 -9999.0 -9999.0 -9999.0 -9999.0 -9999.0 -9999.0 -9999.0 -9999.0 -9999.0 -9999.0 -9999.0 -9999.0 -9999.0 -9999.0 -9999.0 -9999.0 -9999.0 -9999.0 -9999.0 -9999.0 -9999.0 -9999.0 -9999.0 -9999.0 -9999.0 -9999.0 -9999.0 -9999.0 -9999.0 -9999.0 -9999.0 -9999.0 -9999.0 -9999.0 -9999.0 -9999.0 -9999.0 -9999.0 -9999.0 -9999.0 -9999.0 -9999.0 -9999.0 -9999.0 -9999.0 -9999.0 -9999.0 -9999.0 319.0 434.2 392.0 380.6 289.1 239.1 154.5 174.7 166.6 141.0 158.0 164.1 154.3 210.7 277.2 299.3 332.9 379.0 436.5 413.3 391.1 422.9 477.7 489.9 567.8
-9999.0 -9999.0 -9999.0 -9999.0 -9999.0 -9999.0 -9999.0 -9999.0 -9999.0 -9999.0 -9999.0 -9999.0 -9999.0 -9999.0 -9999.0 -9999.0 -9999.0 -9999.0 -9999.0 -9999.0 -9999.0 -9999.0 -9999.0 -9999.0 -9999.0 -9999.0 -9999.0 -9999.0 -9999.0 -9999.0 -9999.0 -9999.0 -9999.0 -9999.0 -9999.0 -9999.0 -9999.0 -9999.0 -9999.0 -9999.0 -9999.0 -9999.0 -9999.0 -9999.0 -9999.0 -9999.0 -9999.0 -9999.0 -9999.0 -9999.0 -9999.0 -9999.0 -9999.0 319.8 262.1 202.7 186.7 191.2 151.5 152.3 267.9 192.9 237.0 243.6 285.5 318.3 385.0 410.2 466.4 417.2 340.4 347.8 383.7 419.1 464.1
-9999.0 -9999.0 -9999.0 -9999.0 -9999.0 -9999.0 -9999.0 -9999.0 -9999.0 -9999.0 -9999.0 -9999.0 -9999.0 -9999.0 -9999.0 -9999.0 -9999.0 -9999.0 -9999.0 -9999.0 -9999.0 -9999.0 -9999.0 -9999.0 -9999.0 -9999.0 -9999.0 -9999.0 -9999.0 -9999.0 -9999.0 -9999.0 -9999.0 -9999.0 -9999.0 -9999.0 -9999.0 -9999.0 -9999.0 -9999.0 -9999.0 -9999.0 -9999.0 -9999.0 -9999.0 -9999.0 -9999.0 -9999.0 -9999.0 -9999.0 -9999.0 -9999.0 -9999.0 318.9 259.5 341.0 204.6 170.9 186.3 274.2 255.5 286.2 365.1 335.8 343.9 359.2 346.7 450.3 386.2 339.1 298.1 335.6 366.5 404.4 436.9
-9999.0 -9999.0 -9999.0 -9999.0 -9999.0 -9999.0 -9999.0 -9999.0 -9999.0 -9999.0 -9999.0 -9999.0 -9999.0 -9999.0 -9999.0 -9999.0 -9999.0 -9999.0 -9999.0 -9999.0 -9999.0 -9999.0 -9999.0 -9999.0 -9999.0 -9999.0 -9999.0 -9999.0 -9999.0 -9999.0 -9999.0 -9999.0 -9999.0 -9999.0 -9999.0 -9999.0 -9999.0 -9999.0 -9999.0 -9999.0 -9999.0 -9999.0 -9999.0 -9999.0 -9999.0 -9999.0 -9999.0 -9999.0 -9999.0 -9999.0 -9999.0 -9999.0 -9999.0 341.2 238.6 317.1 262.5 214.0 234.9 265.0 374.9 425.9 517.1 518.2 383.5 -9999.0 -9999.0 -9999.0 374.7 319.6 361.9 462.9 568.9 603.3 505.5
-9999.0 -9999.0 -9999.0 -9999.0 -9999.0 -9999.0 -9999.0 -9999.0 -9999.0 -9999.0 -9999.0 -9999.0 -9999.0 -9999.0 -9999.0 -9999.0 -9999.0 -9999.0 -9999.0 -9999.0 -9999.0 -9999.0 -9999.0 -9999.0 -9999.0 -9999.0 -9999.0 -9999.0 -9999.0 -9999.0 -9999.0 -9999.0 -9999.0 -9999.0 -9999.0 -9999.0 -9999.0 -9999.0 -9999.0 -9999.0 -9999.0 -9999.0 -9999.0 -9999.0 -9999.0 -9999.0 -9999.0 -9999.0 -9999.0 -9999.0 -9999.0 -9999.0 -9999.0 -9999.0 362.2 338.5 247.0 223.0 318.6 424.2 370.3 -9999.0 -9999.0 -9999.0 -9999.0 -9999.0 -9999.0 -9999.0 338.3 372.4 464.1 631.2 775.2 712.4 504.5
-9999.0 -9999.0 -9999.0 -9999.0 -9999.0 -9999.0 -9999.0 -9999.0 -9999.0 -9999.0 -9999.0 -9999.0 -9999.0 -9999.0 -9999.0 -9999.0 -9999.0 -9999.0 -9999.0 -9999.0 -9999.0 -9999.0 -9999.0 -9999.0 -9999.0 -9999.0 -9999.0 -9999.0 -9999.0 -9999.0 -9999.0 -9999.0 -9999.0 -9999.0 -9999.0 -9999.0 -9999.0 -9999.0 -9999.0 -9999.0 -9999.0 -9999.0 -9999.0 -9999.0 -9999.0 -9999.0 -9999.0 -9999.0 -9999.0 -9999.0 -9999.0 -9999.0 -9999.0 -9999.0 -9999.0 353.7 473.2 349.5 338.3 442.1 472.7 -9999.0 -9999.0 -9999.0 -9999.0 -9999.0 -9999.0 -9999.0 -9999.0 -9999.0 499.6 -9999.0 -9999.0 -9999.0 -9999.0
-9999.0 -9999.0 -9999.0 -9999.0 -9999.0 -9999.0 -9999.0 -9999.0 -9999.0 -9999.0 -9999.0 -9999.0 -9999.0 -9999.0 -9999.0 -9999.0 -9999.0 -9999.0 -9999.0 -9999.0 -9999.0 -9999.0 -9999.0 -9999.0 -9999.0 -9999.0 -9999.0 -9999.0 -9999.0 -9999.0 -9999.0 -9999.0 -9999.0 -9999.0 -9999.0 -9999.0 -9999.0 -9999.0 -9999.0 -9999.0 -9999.0 -9999.0 -9999.0 -9999.0 -9999.0 -9999.0 -9999.0 -9999.0 -9999.0 -9999.0 -9999.0 -9999.0 -9999.0 -9999.0 -9999.0 -9999.0 -9999.0 -9999.0 460.2 448.8 -9999.0 -9999.0 -9999.0 -9999.0 -9999.0 -9999.0 -9999.0 -9999.0 -9999.0 -9999.0 -9999.0 -9999.0 -9999.0 -9999.0 -9999.0
-9999.0 -9999.0 -9999.0 -9999.0 -9999.0 -9999.0 -9999.0 -9999.0 -9999.0 -9999.0 -9999.0 -9999.0 -9999.0 -9999.0 -9999.0 -9999.0 -9999.0 -9999.0 -9999.0 -9999.0 -9999.0 -9999.0 -9999.0 -9999.0 -9999.0 -9999.0 -9999.0 -9999.0 -9999.0 -9999.0 -9999.0 -9999.0 -9999.0 -9999.0 -9999.0 -9999.0 -9999.0 -9999.0 -9999.0 -9999.0 -9999.0 -9999.0 -9999.0 -9999.0 -9999.0 -9999.0 -9999.0 -9999.0 -9999.0 -9999.0 -9999.0 -9999.0 -9999.0 -9999.0 -9999.0 -9999.0 -9999.0 -9999.0 -9999.0 -9999.0 -9999.0 -9999.0 -9999.0 -9999.0 -9999.0 -9999.0 -9999.0 -9999.0 -9999.0 -9999.0 -9999.0 -9999.0 -9999.0 -9999.0 -9999.0
