program/excelProcessViaJava/data/SURF_CLI_CHN_PRE_MON_GRID_0.5-198403.txt
NCOLS      128
NROWS       72
XLLCORNER    72.000000000000    
YLLCORNER    18.000000000000    
CELLSIZE    0.50000000000000    
NODATA_VALUE   -9999.000    
[rows 35 to 69 of 72, columns 0 to 78 of 128]
-9999.0 -9999.0 -9999.0 -9999.0 -9999.0 -9999.0 -9999.0 3.9 4.9 2.4 4.9 3.0 0.4 0.2 0.1 0.1 0.0 0.0 0.0 0.0 0.0 0.0 0.0 0.0 0.0 0.1 0.2 0.5 1.0 2.1 2.9 3.8 4.5 5.7 7.2 6.3 8.2 6.8 8.2 7.5 2.5 5.9 3.8 1.4 0.5 0.3 0.3 0.3 0.6 1.1 2.2 2.7 1.7 2.0 1.5 0.4 0.3 1.0 7.0 7.1 13.4 7.3 9.4 10.5 9.3 3.0 2.9 3.3 2.7 3.7 4.7 6.6 7.4 8.0 9.3 10.1 10.6 10.3 9.9
-9999.0 -9999.0 -9999.0 -9999.0 -9999.0 -9999.0 -9999.0 11.3 2.4 3.4 3.0 1.0 0.7 0.8 0.1 0.4 0.0 0.0 0.0 0.0 0.0 0.0 0.0 0.0 0.0 0.1 0.2 0.6 0.8 1.3 2.7 3.6 4.4 6.2 5.6 6.1 5.6 6.4 5.7 4.5 4.0 3.2 2.8 4.5 1.2 0.6 0.9 1.2 2.8 2.3 3.7 2.4 1.5 1.3 2.8 0.4 0.2 0.8 4.3 8.1 6.0 6.5 7.5 10.4 9.1 6.9 4.3 3.3 6.0 3.7 5.7 7.3 7.3 7.5 8.3 9.1 8.9 8.5 8.3
-9999.0 -9999.0 -9999.0 -9999.0 -9999.0 -9999.0 -9999.0 -9999.0 -9999.0 2.8 1.6 0.7 0.8 0.2 0.1 0.0 0.0 0.1 0.0 0.0 0.0 0.0 0.0 0.0 0.1 0.1 0.2 0.5 0.8 1.8 1.9 2.8 3.6 4.7 4.3 4.4 4.3 4.5 3.7 3.5 2.5 2.3 1.7 1.1 1.5 1.7 2.3 3.1 4.1 4.5 4.6 3.0 2.1 2.0 4.3 1.4 0.2 0.4 5.0 6.0 6.6 11.1 14.9 7.2 10.3 8.5 4.9 3.6 6.3 4.2 5.6 5.9 6.2 6.6 7.2 6.2 6.0 5.8 6.2
-9999.0 -9999.0 -9999.0 -9999.0 -9999.0 -9999.0 -9999.0 -9999.0 -9999.0 -9999.0 -9999.0 1.4 0.2 0.3 0.1 0.0 0.0 0.0 0.0 0.0 0.0 0.0 0.0 0.0 0.1 0.1 0.3 0.6 0.9 1.3 1.9 3.0 3.1 3.6 3.6 4.7 3.4 3.2 4.9 2.4 2.4 1.4 0.8 0.6 1.6 1.2 3.7 4.4 6.8 7.5 6.1 4.7 3.8 5.0 8.2 7.0 3.4 5.2 5.5 6.4 11.1 11.3 14.4 14.5 17.3 9.9 6.2 6.3 6.6 6.4 5.8 6.0 5.6 5.3 4.1 4.3 4.4 4.4 4.7
-9999.0 -9999.0 -9999.0 -9999.0 -9999.0 -9999.0 -9999.0 -9999.0 -9999.0 -9999.0 -9999.0 -9999.0 0.2 0.1 0.1 0.0 0.1 0.0 0.0 0.0 0.0 0.0 0.0 0.0 0.2 0.1 0.2 0.5 0.8 1.5 1.8 2.2 2.7 3.3 3.5 3.0 4.0 2.3 1.5 1.0 0.7 0.5 0.3 0.4 0.5 1.1 2.8 4.1 7.3 9.8 11.0 9.0 7.0 7.3 10.0 12.2 12.4 15.7 4.4 14.1 13.0 21.9 26.8 25.6 18.8 24.9 14.4 13.8 12.8 11.6 7.4 4.7 4.0 4.2 5.1 10.0 5.4 5.1 5.1
-9999.0 -9999.0 -9999.0 -9999.0 -9999.0 -9999.0 -9999.0 -9999.0 -9999.0 -9999.0 -9999.0 -9999.0 0.8 0.1 0.1 0.0 0.0 0.0 0.0 0.0 0.0 0.0 0.0 0.1 0.1 0.1 0.2 0.4 0.6 1.0 1.4 2.1 2.2 2.3 2.5 2.0 2.4 1.9 1.1 0.6 0.3 0.2 0.3 0.1 0.3 1.0 1.3 3.3 6.0 10.7 11.7 10.3 8.4 10.0 10.6 13.9 12.0 13.8 8.0 9.0 12.1 18.9 30.6 38.5 22.3 26.5 10.6 13.4 16.4 17.3 19.1 24.8 24.7 13.9 12.1 9.3 8.3 9.2 8.0
-9999.0 -9999.0 -9999.0 -9999.0 -9999.0 -9999.0 -9999.0 -9999.0 -9999.0 -9999.0 -9999.0 -9999.0 -9999.0 0.2 0.1 0.1 0.0 0.0 0.0 0.0 0.0 0.0 0.1 0.1 0.1 0.1 0.2 0.4 0.5 0.7 1.0 1.3 1.7 1.9 1.5 1.3 1.0 0.9 2.1 0.6 0.3 0.2 0.1 0.3 0.1 0.2 1.0 3.3 6.9 10.2 11.4 9.3 8.1 12.1 12.7 13.2 11.6 13.8 21.6 19.0 21.6 22.3 32.1 24.4 11.4 18.8 21.8 17.3 21.9 23.5 18.9 17.3 19.6 19.1 21.0 15.8 14.5 14.4 13.3
-9999.0 -9999.0 -9999.0 -9999.0 -9999.0 -9999.0 -9999.0 -9999.0 -9999.0 -9999.0 -9999.0 -9999.0 0.7 0.6 0.2 0.1 0.1 0.0 0.0 0.1 0.1 0.1 0.1 0.1 0.2 0.1 0.2 0.3 0.3 0.5 0.7 0.9 1.2 1.2 1.1 0.8 0.8 0.3 0.2 0.2 0.5 1.0 1.4 0.1 0.2 0.4 0.8 1.9 5.2 8.7 11.2 11.3 8.2 9.3 9.5 9.6 11.3 5.8 12.4 12.6 19.4 30.5 31.6 42.6 31.0 23.0 5.3 11.3 25.2 36.8 38.6 32.9 22.2 16.1 17.2 18.4 19.6 21.8 20.9
-9999.0 -9999.0 -9999.0 -9999.0 -9999.0 -9999.0 -9999.0 -9999.0 -9999.0 -9999.0 -9999.0 -9999.0 1.6 0.9 0.4 0.6 0.2 0.2 0.2 0.1 0.2 0.2 0.2 0.2 0.3 0.3 0.3 0.2 0.2 0.3 0.5 0.6 0.7 0.7 0.6 0.4 0.2 0.2 0.1 0.1 0.1 0.1 0.2 0.3 0.5 1.1 3.0 4.6 7.2 8.9 10.6 10.4 8.5 8.3 8.7 8.7 7.7 9.4 10.2 19.4 29.0 40.5 27.0 24.7 25.1 7.4 15.1 11.0 17.1 28.1 36.7 36.4 31.0 33.3 35.7 27.4 25.5 28.9 30.0
-9999.0 -9999.0 -9999.0 -9999.0 -9999.0 -9999.0 -9999.0 -9999.0 -9999.0 -9999.0 -9999.0 -9999.0 3.4 1.7 1.6 0.9 0.8 0.5 0.4 0.4 0.3 0.3 0.4 0.3 0.3 0.2 0.1 0.1 0.1 0.2 0.2 0.2 0.4 0.5 0.4 0.2 0.2 0.1 0.1 0.1 0.2 0.3 1.3 0.9 1.6 3.7 5.9 6.6 9.2 12.2 12.6 11.1 11.8 11.0 8.2 12.1 9.2 10.3 14.6 17.5 23.9 31.9 56.9 30.0 12.5 6.7 8.7 11.7 17.2 24.6 34.0 42.1 40.0 44.3 81.0 47.6 65.5 34.9 39.2
-9999.0 -9999.0 -9999.0 -9999.0 -9999.0 -9999.0 -9999.0 -9999.0 -9999.0 -9999.0 -9999.0 -9999.0 -9999.0 4.6 3.0 2.5 1.9 1.9 1.3 1.2 1.2 1.0 0.7 0.5 0.5 0.3 0.2 0.1 0.1 0.1 0.1 0.1 0.1 0.2 0.2 0.2 0.2 0.1 0.1 0.2 0.6 2.7 4.8 4.5 4.0 5.2 7.6 9.5 11.6 12.9 13.0 10.9 8.3 7.0 7.2 7.3 12.8 14.1 17.0 27.0 36.0 62.6 55.7 26.2 6.0 6.0 8.4 11.2 13.7 21.7 30.1 33.4 37.3 28.2 41.1 39.0 39.2 42.2 50.6
-9999.0 -9999.0 -9999.0 -9999.0 -9999.0 -9999.0 -9999.0 -9999.0 -9999.0 -9999.0 -9999.0 -9999.0 -9999.0 11.0 5.5 5.3 4.1 4.6 4.0 3.2 2.6 2.1 1.6 1.1 1.2 0.4 0.2 0.1 0.0 0.0 0.0 0.0 0.1 0.1 0.1 0.1 0.1 0.1 0.3 2.7 1.9 4.0 6.1 7.5 12.5 8.9 9.6 10.2 10.4 10.0 9.7 5.7 6.4 7.0 7.1 5.5 7.8 11.8 17.2 32.8 41.6 49.3 36.0 15.2 9.3 7.8 9.9 11.3 12.9 16.2 21.5 24.3 24.6 30.4 40.7 55.9 75.3 47.2 45.4
-9999.0 -9999.0 -9999.0 -9999.0 -9999.0 -9999.0 -9999.0 -9999.0 -9999.0 -9999.0 -9999.0 -9999.0 -9999.0 -9999.0 -9999.0 9.5 9.6 7.8 8.0 8.1 5.2 4.9 4.0 2.6 1.4 0.7 0.2 0.1 0.0 0.0 0.0 0.0 0.0 0.1 0.1 0.3 0.8 0.1 0.5 1.6 5.4 8.5 9.6 9.8 9.9 13.7 10.5 12.5 8.1 4.3 3.8 9.3 4.1 4.2 1.8 3.1 3.7 8.8 14.9 27.6 51.0 47.1 38.8 29.2 18.9 14.4 14.1 14.0 14.8 18.0 19.5 19.4 32.0 36.8 38.7 71.2 75.5 92.3 59.5
-9999.0 -9999.0 -9999.0 -9999.0 -9999.0 -9999.0 -9999.0 -9999.0 -9999.0 -9999.0 -9999.0 -9999.0 -9999.0 -9999.0 -9999.0 -9999.0 -9999.0 72.8 30.8 -9999.0 19.2 8.8 9.6 7.1 3.2 1.7 0.6 0.1 0.0 0.0 0.0 0.0 0.0 0.0 0.1 0.1 1.4 0.2 0.9 2.6 5.6 11.8 10.3 9.4 24.2 17.0 89.4 12.0 6.5 4.4 2.8 1.9 2.7 4.7 4.5 3.7 2.0 6.5 12.3 24.8 33.2 46.6 50.3 42.3 35.4 29.9 27.0 25.8 24.8 25.2 24.3 35.9 43.4 34.2 46.7 71.6 70.2 69.4 68.5
-9999.0 -9999.0 -9999.0 -9999.0 -9999.0 -9999.0 -9999.0 -9999.0 -9999.0 -9999.0 -9999.0 -9999.0 -9999.0 -9999.0 -9999.0 -9999.0 -9999.0 -9999.0 -9999.0 -9999.0 -9999.0 20.2 13.8 8.9 6.9 7.0 3.2 0.9 0.1 0.0 0.0 0.1 0.1 0.1 0.1 0.1 0.2 0.3 0.5 0.6 1.1 12.9 14.3 11.2 23.4 11.9 148.8 17.3 13.1 47.8 4.5 13.6 12.1 4.6 5.4 6.4 5.8 4.4 17.5 19.8 27.2 43.8 52.8 53.5 50.7 49.8 48.3 44.9 40.5 34.9 31.5 36.2 37.4 30.4 32.1 42.4 52.9 55.3 65.5
-9999.0 -9999.0 -9999.0 -9999.0 -9999.0 -9999.0 -9999.0 -9999.0 -9999.0 -9999.0 -9999.0 -9999.0 -9999.0 -9999.0 -9999.0 -9999.0 -9999.0 -9999.0 -9999.0 -9999.0 -9999.0 -9999.0 -9999.0 46.7 17.7 13.6 8.5 3.4 0.7 0.2 0.1 0.1 0.9 0.7 1.9 2.2 4.7 2.3 8.3 13.4 12.5 18.7 7.9 5.6 23.9 169.7 52.1 37.5 57.6 64.6 17.3 15.1 16.1 13.9 8.9 2.6 5.8 9.6 2.4 15.1 20.0 28.4 29.8 40.8 51.7 61.9 64.9 59.7 37.3 33.7 30.9 31.6 33.0 39.3 30.0 36.3 61.2 73.0 78.1
-9999.0 -9999.0 -9999.0 -9999.0 -9999.0 -9999.0 -9999.0 -9999.0 -9999.0 -9999.0 -9999.0 -9999.0 -9999.0 -9999.0 -9999.0 -9999.0 -9999.0 -9999.0 -9999.0 -9999.0 -9999.0 -9999.0 -9999.0 -9999.0 -9999.0 87.4 30.1 8.6 4.8 5.6 1.8 2.0 3.0 4.6 5.1 10.9 25.4 11.1 23.6 16.1 29.0 11.3 13.4 15.6 98.0 177.2 131.8 246.8 23.2 60.5 23.0 26.7 27.0 25.4 17.4 6.9 5.8 2.3 8.8 10.1 13.4 16.2 38.2 21.9 34.0 53.4 59.7 39.9 31.5 31.4 24.6 26.0 25.7 43.6 50.1 47.7 60.2 90.0 136.1
-9999.0 -9999.0 -9999.0 -9999.0 -9999.0 -9999.0 -9999.0 -9999.0 -9999.0 -9999.0 -9999.0 -9999.0 -9999.0 -9999.0 -9999.0 -9999.0 -9999.0 -9999.0 -9999.0 -9999.0 -9999.0 -9999.0 -9999.0 -9999.0 -9999.0 -9999.0 -9999.0 112.5 95.6 24.5 17.5 15.8 15.3 18.2 19.2 24.5 18.2 18.1 10.6 18.2 27.1 7.0 25.5 88.4 121.1 170.8 217.5 240.5 253.5 143.2 227.2 219.7 54.4 52.4 26.8 11.4 2.1 0.3 4.2 2.3 1.9 11.6 5.2 7.1 14.2 26.5 42.8 39.5 28.7 24.6 22.7 33.7 27.3 46.6 49.4 60.9 107.5 126.2 111.8
-9999.0 -9999.0 -9999.0 -9999.0 -9999.0 -9999.0 -9999.0 -9999.0 -9999.0 -9999.0 -9999.0 -9999.0 -9999.0 -9999.0 -9999.0 -9999.0 -9999.0 -9999.0 -9999.0 -9999.0 -9999.0 -9999.0 -9999.0 -9999.0 -9999.0 -9999.0 -9999.0 -9999.0 -9999.0 -9999.0 -9999.0 -9999.0 -9999.0 53.1 37.5 -9999.0 -9999.0 -9999.0 28.8 20.8 18.9 29.4 25.7 102.4 145.2 164.4 -9999.0 -9999.0 -9999.0 -9999.0 -9999.0 -9999.0 110.1 37.7 40.6 12.1 1.3 0.1 0.1 0.3 1.8 6.9 3.2 3.9 7.7 17.9 30.0 34.2 29.2 22.7 20.6 35.1 49.7 45.5 68.8 72.8 120.1 113.2 111.3
-9999.0 -9999.0 -9999.0 -9999.0 -9999.0 -9999.0 -9999.0 -9999.0 -9999.0 -9999.0 -9999.0 -9999.0 -9999.0 -9999.0 -9999.0 -9999.0 -9999.0 -9999.0 -9999.0 -9999.0 -9999.0 -9999.0 -9999.0 -9999.0 -9999.0 -9999.0 -9999.0 -9999.0 -9999.0 -9999.0 -9999.0 -9999.0 -9999.0 -9999.0 -9999.0 -9999.0 -9999.0 -9999.0 -9999.0 92.7 89.7 94.8 103.4 112.9 -9999.0 -9999.0 -9999.0 -9999.0 -9999.0 -9999.0 -9999.0 -9999.0 70.6 29.4 16.3 5.1 0.4 0.1 0.1 0.2 0.8 2.7 3.9 2.2 7.6 18.7 31.3 28.1 23.3 28.9 34.5 39.9 39.0 57.2 50.2 66.7 85.2 87.5 103.0
-9999.0 -9999.0 -9999.0 -9999.0 -9999.0 -9999.0 -9999.0 -9999.0 -9999.0 -9999.0 -9999.0 -9999.0 -9999.0 -9999.0 -9999.0 -9999.0 -9999.0 -9999.0 -9999.0 -9999.0 -9999.0 -9999.0 -9999.0 -9999.0 -9999.0 -9999.0 -9999.0 -9999.0 -9999.0 -9999.0 -9999.0 -9999.0 -9999.0 -9999.0 -9999.0 -9999.0 -9999.0 -9999.0 -9999.0 -9999.0 -9999.0 -9999.0 -9999.0 -9999.0 -9999.0 -9999.0 -9999.0 -9999.0 -9999.0 -9999.0 -9999.0 -9999.0 39.2 19.1 6.1 1.8 0.1 0.0 0.1 0.2 0.6 1.1 18.4 2.4 7.5 16.4 21.6 20.6 19.3 23.2 30.3 38.6 66.3 47.7 48.0 48.3 62.2 62.0 63.6
-9999.0 -9999.0 -9999.0 -9999.0 -9999.0 -9999.0 -9999.0 -9999.0 -9999.0 -9999.0 -9999.0 -9999.0 -9999.0 -9999.0 -9999.0 -9999.0 -9999.0 -9999.0 -9999.0 -9999.0 -9999.0 -9999.0 -9999.0 -9999.0 -9999.0 -9999.0 -9999.0 -9999.0 -9999.0 -9999.0 -9999.0 -9999.0 -9999.0 -9999.0 -9999.0 -9999.0 -9999.0 -9999.0 -9999.0 -9999.0 -9999.0 -9999.0 -9999.0 -9999.0 -9999.0 -9999.0 -9999.0 -9999.0 -9999.0 -9999.0 -9999.0 21.6 11.4 8.1 0.7 0.1 0.1 0.1 0.1 0.1 2.1 2.8 1.1 3.2 7.5 15.0 18.2 12.3 17.1 16.7 21.6 28.2 25.3 26.4 34.4 42.5 56.2 58.6 75.6
-9999.0 -9999.0 -9999.0 -9999.0 -9999.0 -9999.0 -9999.0 -9999.0 -9999.0 -9999.0 -9999.0 -9999.0 -9999.0 -9999.0 -9999.0 -9999.0 -9999.0 -9999.0 -9999.0 -9999.0 -9999.0 -9999.0 -9999.0 -9999.0 -9999.0 -9999.0 -9999.0 -9999.0 -9999.0 -9999.0 -9999.0 -9999.0 -9999.0 -9999.0 -9999.0 -9999.0 -9999.0 -9999.0 -9999.0 -9999.0 -9999.0 -9999.0 -9999.0 -9999.0 -9999.0 -9999.0 -9999.0 -9999.0 -9999.0 -9999.0 17.0 7.8 4.4 2.4 0.2 0.1 0.1 0.2 0.3 1.1 0.8 3.8 1.8 4.8 7.7 13.2 19.2 15.4 19.1 13.4 18.6 17.7 22.6 29.7 35.9 44.9 56.9 70.3 87.6
-9999.0 -9999.0 -9999.0 -9999.0 -9999.0 -9999.0 -9999.0 -9999.0 -9999.0 -9999.0 -9999.0 -9999.0 -9999.0 -9999.0 -9999.0 -9999.0 -9999.0 -9999.0 -9999.0 -9999.0 -9999.0 -9999.0 -9999.0 -9999.0 -9999.0 -9999.0 -9999.0 -9999.0 -9999.0 -9999.0 -9999.0 -9999.0 -9999.0 -9999.0 -9999.0 -9999.0 -9999.0 -9999.0 -9999.0 -9999.0 -9999.0 -9999.0 -9999.0 -9999.0 -9999.0 -9999.0 -9999.0 -9999.0 -9999.0 -9999.0 6.0 4.3 0.6 0.8 0.6 0.3 0.1 0.6 1.0 0.6 0.2 0.7 0.6 2.8 5.7 8.2 12.6 10.2 12.9 12.8 19.5 27.3 32.8 33.1 36.4 46.4 54.5 74.7 89.4
-9999.0 -9999.0 -9999.0 -9999.0 -9999.0 -9999.0 -9999.0 -9999.0 -9999.0 -9999.0 -9999.0 -9999.0 -9999.0 -9999.0 -9999.0 -9999.0 -9999.0 -9999.0 -9999.0 -9999.0 -9999.0 -9999.0 -9999.0 -9999.0 -9999.0 -9999.0 -9999.0 -9999.0 -9999.0 -9999.0 -9999.0 -9999.0 -9999.0 -9999.0 -9999.0 -9999.0 -9999.0 -9999.0 -9999.0 -9999.0 -9999.0 -9999.0 -9999.0 -9999.0 -9999.0 -9999.0 -9999.0 -9999.0 -9999.0 -9999.0 2.0 0.5 0.2 1.4 0.4 0.3 0.9 0.5 1.0 0.1 0.3 1.2 1.6 1.1 2.9 4.4 5.8 5.9 7.8 17.6 22.5 38.2 42.1 40.5 39.9 45.1 46.2 65.8 72.4
-9999.0 -9999.0 -9999.0 -9999.0 -9999.0 -9999.0 -9999.0 -9999.0 -9999.0 -9999.0 -9999.0 -9999.0 -9999.0 -9999.0 -9999.0 -9999.0 -9999.0 -9999.0 -9999.0 -9999.0 -9999.0 -9999.0 -9999.0 -9999.0 -9999.0 -9999.0 -9999.0 -9999.0 -9999.0 -9999.0 -9999.0 -9999.0 -9999.0 -9999.0 -9999.0 -9999.0 -9999.0 -9999.0 -9999.0 -9999.0 -9999.0 -9999.0 -9999.0 -9999.0 -9999.0 -9999.0 -9999.0 -9999.0 -9999.0 -9999.0 0.5 0.6 0.3 0.6 0.6 0.7 0.1 0.3 0.3 0.1 0.6 1.4 0.7 2.1 2.8 2.9 4.6 5.2 11.2 9.1 20.5 33.3 44.9 45.5 43.5 44.2 43.0 52.6 48.9
-9999.0 -9999.0 -9999.0 -9999.0 -9999.0 -9999.0 -9999.0 -9999.0 -9999.0 -9999.0 -9999.0 -9999.0 -9999.0 -9999.0 -9999.0 -9999.0 -9999.0 -9999.0 -9999.0 -9999.0 -9999.0 -9999.0 -9999.0 -9999.0 -9999.0 -9999.0 -9999.0 -9999.0 -9999.0 -9999.0 -9999.0 -9999.0 -9999.0 -9999.0 -9999.0 -9999.0 -9999.0 -9999.0 -9999.0 -9999.0 -9999.0 -9999.0 -9999.0 -9999.0 -9999.0 -9999.0 -9999.0 -9999.0 -9999.0 -9999.0 -9999.0 -9999.0 -9999.0 0.2 0.2 0.2 0.2 0.3 0.2 0.6 9.6 2.8 14.4 7.5 4.4 2.9 5.0 4.2 9.9 14.3 17.3 24.5 37.7 49.3 52.3 56.4 50.6 45.6 43.0
-9999.0 -9999.0 -9999.0 -9999.0 -9999.0 -9999.0 -9999.0 -9999.0 -9999.0 -9999.0 -9999.0 -9999.0 -9999.0 -9999.0 -9999.0 -9999.0 -9999.0 -9999.0 -9999.0 -9999.0 -9999.0 -9999.0 -9999.0 -9999.0 -9999.0 -9999.0 -9999.0 -9999.0 -9999.0 -9999.0 -9999.0 -9999.0 -9999.0 -9999.0 -9999.0 -9999.0 -9999.0 -9999.0 -9999.0 -9999.0 -9999.0 -9999.0 -9999.0 -9999.0 -9999.0 -9999.0 -9999.0 -9999.0 -9999.0 -9999.0 -9999.0 -9999.0 -9999.0 0.1 0.1 0.3 0.1 0.2 1.5 8.4 11.7 13.8 29.5 16.8 11.3 7.3 7.4 9.6 12.0 14.7 14.6 17.2 27.7 43.9 57.3 59.7 60.6 37.6 36.6
-9999.0 -9999.0 -9999.0 -9999.0 -9999.0 -9999.0 -9999.0 -9999.0 -9999.0 -9999.0 -9999.0 -9999.0 -9999.0 -9999.0 -9999.0 -9999.0 -9999.0 -9999.0 -9999.0 -9999.0 -9999.0 -9999.0 -9999.0 -9999.0 -9999.0 -9999.0 -9999.0 -9999.0 -9999.0 -9999.0 -9999.0 -9999.0 -9999.0 -9999.0 -9999.0 -9999.0 -9999.0 -9999.0 -9999.0 -9999.0 -9999.0 -9999.0 -9999.0 -9999.0 -9999.0 -9999.0 -9999.0 -9999.0 -9999.0 -9999.0 -9999.0 -9999.0 -9999.0 0.1 0.1 0.1 0.2 0.5 3.7 12.3 27.3 35.4 47.0 40.6 23.9 -9999.0 -9999.0 -9999.0 18.9 19.3 17.5 17.5 24.3 39.4 55.9 59.6 67.3 51.4 33.7
-9999.0 -9999.0 -9999.0 -9999.0 -9999.0 -9999.0 -9999.0 -9999.0 -9999.0 -9999.0 -9999.0 -9999.0 -9999.0 -9999.0 -9999.0 -9999.0 -9999.0 -9999.0 -9999.0 -9999.0 -9999.0 -9999.0 -9999.0 -9999.0 -9999.0 -9999.0 -9999.0 -9999.0 -9999.0 -9999.0 -9999.0 -9999.0 -9999.0 -9999.0 -9999.0 -9999.0 -9999.0 -9999.0 -9999.0 -9999.0 -9999.0 -9999.0 -9999.0 -9999.0 -9999.0 -9999.0 -9999.0 -9999.0 -9999.0 -9999.0 -9999.0 -9999.0 -9999.0 -9999.0 0.0 0.1 0.1 0.3 4.8 18.0 21.2 -9999.0 -9999.0 -9999.0 -9999.0 -9999.0 -9999.0 -9999.0 26.4 25.3 23.1 24.1 30.4 41.2 55.4 67.3 76.7 92.9 107.0
-9999.0 -9999.0 -9999.0 -9999.0 -9999.0 -9999.0 -9999.0 -9999.0 -9999.0 -9999.0 -9999.0 -9999.0 -9999.0 -9999.0 -9999.0 -9999.0 -9999.0 -9999.0 -9999.0 -9999.0 -9999.0 -9999.0 -9999.0 -9999.0 -9999.0 -9999.0 -9999.0 -9999.0 -9999.0 -9999.0 -9999.0 -9999.0 -9999.0 -9999.0 -9999.0 -9999.0 -9999.0 -9999.0 -9999.0 -9999.0 -9999.0 -9999.0 -9999.0 -9999.0 -9999.0 -9999.0 -9999.0 -9999.0 -9999.0 -9999.0 -9999.0 -9999.0 -9999.0 -9999.0 -9999.0 0.0 0.3 0.5 2.2 11.4 21.5 -9999.0 -9999.0 -9999.0 -9999.0 -9999.0 -9999.0 -9999.0 -9999.0 -9999.0 29.3 -9999.0 -9999.0 -9999.0 -9999.0 -9999.0 74.4 -9999.0 -9999.0
-9999.0 -9999.0 -9999.0 -9999.0 -9999.0 -9999.0 -9999.0 -9999.0 -9999.0 -9999.0 -9999.0 -9999.0 -9999.0 -9999.0 -9999.0 -9999.0 -9999.0 -9999.0 -9999.0 -9999.0 -9999.0 -9999.0 -9999.0 -9999.0 -9999.0 -9999.0 -9999.0 -9999.0 -9999.0 -9999.0 -9999.0 -9999.0 -9999.0 -9999.0 -9999.0 -9999.0 -9999.0 -9999.0 -9999.0 -9999.0 -9999.0 -9999.0 -9999.0 -9999.0 -9999.0 -9999.0 -9999.0 -9999.0 -9999.0 -9999.0 -9999.0 -9999.0 -9999.0 -9999.0 -9999.0 -9999.0 -9999.0 -9999.0 1.8 5.3 -9999.0 -9999.0 -9999.0 -9999.0 -9999.0 -9999.0 -9999.0 -9999.0 -9999.0 -9999.0 -9999.0 -9999.0 -9999.0 -9999.0 -9999.0 42.4 61.0 -9999.0 -9999.0
-9999.0 -9999.0 -9999.0 -9999.0 -9999.0 -9999.0 -9999.0 -9999.0 -9999.0 -9999.0 -9999.0 -9999.0 -9999.0 -9999.0 -9999.0 -9999.0 -9999.0 -9999.0 -9999.0 -9999.0 -9999.0 -9999.0 -9999.0 -9999.0 -9999.0 -9999.0 -9999.0 -9999.0 -9999.0 -9999.0 -9999.0 -9999.0 -9999.0 -9999.0 -9999.0 -9999.0 -9999.0 -9999.0 -9999.0 -9999.0 -9999.0 -9999.0 -9999.0 -9999.0 -9999.0 -9999.0 -9999.0 -9999.0 -9999.0 -9999.0 -9999.0 -9999.0 -9999.0 -9999.0 -9999.0 -9999.0 -9999.0 -9999.0 -9999.0 -9999.0 -9999.0 -9999.0 -9999.0 -9999.0 -9999.0 -9999.0 -9999.0 -9999.0 -9999.0 -9999.0 -9999.0 -9999.0 -9999.0 -9999.0 -9999.0 -9999.0 -9999.0 -9999.0 -9999.0
-9999.0 -9999.0 -9999.0 -9999.0 -9999.0 -9999.0 -9999.0 -9999.0 -9999.0 -9999.0 -9999.0 -9999.0 -9999.0 -9999.0 -9999.0 -9999.0 -9999.0 -9999.0 -9999.0 -9999.0 -9999.0 -9999.0 -9999.0 -9999.0 -9999.0 -9999.0 -9999.0 -9999.0 -9999.0 -9999.0 -9999.0 -9999.0 -9999.0 -9999.0 -9999.0 -9999.0 -9999.0 -9999.0 -9999.0 -9999.0 -9999.0 -9999.0 -9999.0 -9999.0 -9999.0 -9999.0 -9999.0 -9999.0 -9999.0 -9999.0 -9999.0 -9999.0 -9999.0 -9999.0 -9999.0 -9999.0 -9999.0 -9999.0 -9999.0 -9999.0 -9999.0 -9999.0 -9999.0 -9999.0 -9999.0 -9999.0 -9999.0 -9999.0 -9999.0 -9999.0 -9999.0 -9999.0 -9999.0 -9999.0 -9999.0 25.6 65.8 138.8 -9999.0
-9999.0 -9999.0 -9999.0 -9999.0 -9999.0 -9999.0 -9999.0 -9999.0 -9999.0 -9999.0 -9999.0 -9999.0 -9999.0 -9999.0 -9999.0 -9999.0 -9999.0 -9999.0 -9999.0 -9999.0 -9999.0 -9999.0 -9999.0 -9999.0 -9999.0 -9999.0 -9999.0 -9999.0 -9999.0 -9999.0 -9999.0 -9999.0 -9999.0 -9999.0 -9999.0 -9999.0 -9999.0 -9999.0 -9999.0 -9999.0 -9999.0 -9999.0 -9999.0 -9999.0 -9999.0 -9999.0 -9999.0 -9999.0 -9999.0 -9999.0 -9999.0 -9999.0 -9999.0 -9999.0 -9999.0 -9999.0 -9999.0 -9999.0 -9999.0 -9999.0 -9999.0 -9999.0 -9999.0 -9999.0 -9999.0 -9999.0 -9999.0 -9999.0 -9999.0 -9999.0 -9999.0 -9999.0 -9999.0 5.0 3.8 24.4 76.4 -9999.0 -9999.0
