program/excelProcessViaJava/data/SURF_CLI_CHN_PRE_MON_GRID_0.5-200003.txt
NCOLS      128
NROWS       72
XLLCORNER    72.000000000000    
YLLCORNER    18.000000000000    
CELLSIZE    0.50000000000000    
NODATA_VALUE   -9999.000    
[rows 35 to 69 of 72, columns 0 to 78 of 128]
-9999.0 -9999.0 -9999.0 -9999.0 -9999.0 -9999.0 -9999.0 0.6 1.1 0.2 1.7 1.0 0.0 0.0 0.0 0.0 0.0 0.0 0.0 0.0 0.0 0.0 0.0 0.0 0.0 0.0 0.0 0.0 0.0 0.2 0.5 0.9 1.4 2.7 4.9 4.6 9.6 9.7 17.7 21.6 7.5 28.8 23.8 10.5 2.6 0.3 0.7 0.4 1.0 0.3 0.3 0.6 2.1 8.2 4.9 1.4 1.9 2.8 6.3 6.7 8.1 7.4 7.1 7.3 7.5 5.7 7.3 7.4 5.6 5.7 6.1 7.0 7.5 6.8 5.0 5.4 5.2 4.0 2.6
-9999.0 -9999.0 -9999.0 -9999.0 -9999.0 -9999.0 -9999.0 5.0 0.2 0.8 1.0 0.2 0.2 0.4 0.0 0.2 0.0 0.0 0.0 0.0 0.0 0.0 0.0 0.0 0.0 0.0 0.0 0.0 0.1 0.1 0.6 1.2 1.9 4.1 3.9 5.5 6.2 10.3 12.3 13.1 16.2 17.6 19.7 30.0 9.7 2.7 3.8 3.9 8.3 5.5 11.8 9.3 4.2 4.7 6.2 2.2 3.5 6.1 6.9 7.2 9.5 11.8 11.1 13.2 11.4 11.8 11.5 8.4 7.7 4.6 5.8 7.0 7.1 6.1 3.8 5.7 5.2 3.7 3.0
-9999.0 -9999.0 -9999.0 -9999.0 -9999.0 -9999.0 -9999.0 -9999.0 -9999.0 0.8 0.4 0.1 0.4 0.1 0.0 0.0 0.0 0.1 0.0 0.0 0.0 0.0 0.0 0.0 0.0 0.0 0.0 0.0 0.1 0.4 0.5 1.2 1.9 3.3 3.2 4.0 4.7 7.0 7.4 10.3 10.3 13.9 13.0 10.1 11.9 9.9 8.8 7.4 7.2 6.9 8.5 7.3 6.4 5.3 6.8 3.3 3.8 6.1 6.4 7.6 8.8 10.0 13.5 15.9 20.3 18.8 15.1 9.2 8.6 3.9 4.6 4.6 4.3 4.4 5.4 3.6 3.4 2.9 2.1
-9999.0 -9999.0 -9999.0 -9999.0 -9999.0 -9999.0 -9999.0 -9999.0 -9999.0 -9999.0 -9999.0 0.8 0.1 0.3 0.1 0.0 0.0 0.0 0.0 0.0 0.0 0.0 0.0 0.0 0.0 0.0 0.0 0.1 0.2 0.4 0.9 1.9 2.2 2.9 3.2 5.8 4.4 5.2 12.2 7.0 10.3 8.5 7.1 6.2 12.1 6.6 11.8 7.5 7.9 6.7 5.3 6.3 7.4 8.5 9.2 6.2 4.6 5.7 7.4 9.0 10.1 11.0 13.9 22.0 30.2 21.3 14.2 12.5 9.2 6.5 4.1 3.1 1.9 2.0 4.2 4.6 3.8 2.5 1.5
-9999.0 -9999.0 -9999.0 -9999.0 -9999.0 -9999.0 -9999.0 -9999.0 -9999.0 -9999.0 -9999.0 -9999.0 0.1 0.1 0.1 0.0 0.1 0.0 0.0 0.0 0.0 0.0 0.0 0.0 0.0 0.0 0.0 0.1 0.3 0.7 1.2 1.8 2.5 3.5 4.2 4.1 7.1 4.4 3.4 2.7 2.7 3.1 3.5 5.4 5.3 6.3 8.1 5.0 5.3 5.2 7.7 8.8 9.4 10.1 10.7 9.7 8.2 8.9 10.5 13.0 14.0 16.4 20.2 26.3 32.4 44.1 25.3 24.6 19.6 14.2 4.4 2.4 2.8 4.0 4.3 11.5 4.8 3.4 1.9
-9999.0 -9999.0 -9999.0 -9999.0 -9999.0 -9999.0 -9999.0 -9999.0 -9999.0 -9999.0 -9999.0 -9999.0 0.9 0.2 0.1 0.1 0.0 0.0 0.0 0.0 0.0 0.0 0.0 0.0 0.0 0.0 0.1 0.2 0.4 0.9 1.3 2.1 2.7 3.2 3.7 3.4 4.8 4.9 3.6 2.6 1.5 1.5 4.1 2.1 4.4 6.9 4.4 4.2 3.3 5.1 6.1 9.4 11.3 14.2 13.7 13.1 10.6 11.5 15.3 18.2 18.0 18.9 27.0 38.4 29.7 44.4 20.6 23.9 22.0 18.2 16.6 20.6 18.4 5.6 6.0 5.0 3.8 6.2 3.7
-9999.0 -9999.0 -9999.0 -9999.0 -9999.0 -9999.0 -9999.0 -9999.0 -9999.0 -9999.0 -9999.0 -9999.0 -9999.0 0.4 0.3 0.2 0.1 0.0 0.0 0.0 0.0 0.0 0.0 0.0 0.1 0.0 0.1 0.1 0.3 0.7 1.5 2.2 2.6 3.2 3.1 3.0 2.9 3.2 8.3 4.1 2.9 3.5 3.0 5.8 3.8 3.3 5.7 7.8 8.6 8.5 9.7 11.3 14.2 19.6 17.8 15.1 12.4 13.9 19.2 24.4 26.5 26.1 34.9 32.9 17.3 32.3 43.5 36.2 31.8 20.4 9.9 7.7 7.7 7.8 10.5 6.5 4.7 2.8 1.7
-9999.0 -9999.0 -9999.0 -9999.0 -9999.0 -9999.0 -9999.0 -9999.0 -9999.0 -9999.0 -9999.0 -9999.0 1.1 1.0 0.5 0.3 0.1 0.1 0.0 0.1 0.1 0.1 0.0 0.1 0.2 0.0 0.1 0.3 0.5 0.7 1.3 2.4 2.2 2.9 2.9 2.7 3.1 2.2 2.1 2.4 6.5 10.4 13.4 4.0 6.4 8.2 8.4 8.8 11.3 12.6 16.1 19.6 17.9 19.9 18.1 15.6 14.7 16.2 21.1 26.0 28.8 35.8 41.2 56.4 52.5 42.9 20.4 24.9 35.8 40.9 29.5 16.3 11.3 9.9 8.0 5.7 3.7 2.5 2.1
-9999.0 -9999.0 -9999.0 -9999.0 -9999.0 -9999.0 -9999.0 -9999.0 -9999.0 -9999.0 -9999.0 -9999.0 2.1 1.8 1.0 0.6 0.2 0.2 0.2 0.1 0.2 0.1 0.1 0.2 0.5 0.8 0.6 0.6 0.6 1.2 1.7 2.0 1.9 3.2 3.0 2.5 2.3 2.3 2.4 2.0 2.7 2.9 3.9 6.3 9.5 14.2 21.1 22.0 21.6 16.6 16.8 20.1 17.9 18.1 18.6 18.1 15.5 17.8 22.8 28.8 35.7 45.3 40.2 40.1 41.2 24.7 35.5 21.8 18.3 19.7 20.3 18.3 16.8 17.7 17.8 10.1 6.5 6.6 5.4
-9999.0 -9999.0 -9999.0 -9999.0 -9999.0 -9999.0 -9999.0 -9999.0 -9999.0 -9999.0 -9999.0 -9999.0 4.9 2.2 2.6 1.4 1.0 0.2 0.2 0.2 0.1 0.0 0.3 0.1 0.4 0.1 0.1 0.0 0.5 0.6 1.1 0.6 2.3 3.4 3.1 2.4 2.4 2.6 3.0 4.4 4.7 4.1 12.2 6.1 14.1 24.8 30.0 28.2 24.8 21.9 19.4 15.4 24.4 24.6 19.6 20.5 18.5 19.9 24.0 25.0 29.1 36.6 62.3 38.2 21.8 29.4 26.8 22.9 21.7 20.6 20.9 26.4 25.6 29.4 62.2 26.9 41.6 13.6 15.0
-9999.0 -9999.0 -9999.0 -9999.0 -9999.0 -9999.0 -9999.0 -9999.0 -9999.0 -9999.0 -9999.0 -9999.0 -9999.0 4.3 2.7 2.5 1.5 1.4 0.5 0.3 0.1 0.4 0.2 0.1 0.9 0.4 0.4 0.4 0.1 0.6 0.1 0.3 0.6 2.0 1.9 1.5 2.2 3.4 4.7 5.9 7.6 17.8 24.5 22.2 16.8 22.0 28.6 24.0 25.8 21.0 13.5 16.3 13.1 10.9 17.6 19.0 15.5 16.3 22.1 34.1 36.8 66.0 54.6 23.8 27.7 26.2 27.9 27.9 26.9 27.7 25.5 24.5 31.5 23.7 30.9 26.2 25.5 26.7 30.7
-9999.0 -9999.0 -9999.0 -9999.0 -9999.0 -9999.0 -9999.0 -9999.0 -9999.0 -9999.0 -9999.0 -9999.0 -9999.0 14.3 4.8 4.8 2.5 3.4 2.6 1.8 0.8 0.7 0.5 0.6 3.4 1.1 0.3 0.6 0.1 0.0 0.0 0.0 0.1 0.3 0.4 1.0 2.5 4.3 6.8 15.0 13.7 18.6 22.6 24.2 37.1 23.5 22.2 14.0 13.0 10.1 10.3 3.6 7.4 12.5 17.0 15.6 11.6 13.5 21.6 16.8 35.8 27.2 32.3 33.4 23.8 22.0 27.2 30.9 31.6 29.3 27.7 27.7 28.5 34.3 40.4 49.5 62.0 42.3 36.8
-9999.0 -9999.0 -9999.0 -9999.0 -9999.0 -9999.0 -9999.0 -9999.0 -9999.0 -9999.0 -9999.0 -9999.0 -9999.0 -9999.0 -9999.0 8.9 8.6 5.8 6.5 8.0 3.6 5.3 5.8 4.2 2.3 1.5 0.0 0.0 0.0 0.0 0.0 0.0 0.0 0.0 0.1 0.4 2.2 5.6 8.0 12.2 20.8 26.6 26.2 21.9 11.9 11.4 13.1 7.1 6.4 2.3 1.5 8.6 2.3 4.2 2.1 8.8 11.1 4.7 21.3 30.4 20.6 25.1 39.3 27.7 20.8 19.7 24.0 27.9 28.5 32.1 31.6 29.5 45.2 49.8 48.2 76.5 78.4 87.6 57.3
-9999.0 -9999.0 -9999.0 -9999.0 -9999.0 -9999.0 -9999.0 -9999.0 -9999.0 -9999.0 -9999.0 -9999.0 -9999.0 -9999.0 -9999.0 -9999.0 -9999.0 139.0 49.4 -9999.0 34.2 11.8 20.7 18.5 6.4 4.6 0.1 0.0 0.0 0.0 0.0 0.0 0.0 0.0 0.2 0.2 2.0 7.1 8.1 12.3 17.4 27.1 21.0 13.7 10.4 8.3 73.5 10.6 2.4 1.4 1.4 0.1 1.4 2.7 5.9 8.2 4.4 13.9 16.2 23.7 8.6 23.7 30.1 25.4 22.1 21.7 25.0 29.1 29.5 34.0 31.4 53.2 60.5 47.2 62.8 89.0 86.7 78.8 69.9
-9999.0 -9999.0 -9999.0 -9999.0 -9999.0 -9999.0 -9999.0 -9999.0 -9999.0 -9999.0 -9999.0 -9999.0 -9999.0 -9999.0 -9999.0 -9999.0 -9999.0 -9999.0 -9999.0 -9999.0 -9999.0 41.8 28.5 13.3 16.9 29.1 15.9 5.4 0.2 0.0 0.0 0.0 0.0 0.0 0.1 0.1 1.5 4.3 6.0 4.1 2.5 22.4 21.9 12.9 6.8 5.2 124.5 7.8 8.5 60.8 0.8 9.0 7.8 1.3 3.6 9.3 10.1 5.2 24.6 15.1 11.1 19.9 25.0 26.2 27.7 29.4 32.8 36.0 34.7 37.9 41.5 54.0 53.8 44.1 49.9 65.7 72.1 64.5 72.8
-9999.0 -9999.0 -9999.0 -9999.0 -9999.0 -9999.0 -9999.0 -9999.0 -9999.0 -9999.0 -9999.0 -9999.0 -9999.0 -9999.0 -9999.0 -9999.0 -9999.0 -9999.0 -9999.0 -9999.0 -9999.0 -9999.0 -9999.0 159.6 59.0 52.9 36.7 14.7 0.5 0.2 0.0 0.0 0.0 0.0 0.0 0.4 3.0 5.1 12.1 18.6 17.4 23.9 7.2 1.2 6.1 142.6 29.5 21.6 40.9 44.9 7.4 7.9 6.8 8.0 5.4 0.6 6.5 13.3 2.5 12.0 15.5 24.4 30.1 24.7 29.4 37.1 42.6 44.4 50.3 43.1 53.2 51.7 53.1 62.1 54.5 65.8 89.6 93.0 100.3
-9999.0 -9999.0 -9999.0 -9999.0 -9999.0 -9999.0 -9999.0 -9999.0 -9999.0 -9999.0 -9999.0 -9999.0 -9999.0 -9999.0 -9999.0 -9999.0 -9999.0 -9999.0 -9999.0 -9999.0 -9999.0 -9999.0 -9999.0 -9999.0 -9999.0 328.9 130.4 9.1 3.7 0.6 0.1 0.4 0.5 0.3 1.8 4.0 14.3 11.2 22.4 17.4 29.7 10.1 3.3 3.1 69.7 157.1 103.7 240.7 12.1 40.1 15.5 17.3 22.4 24.0 13.4 7.2 8.7 4.3 11.5 11.0 14.9 24.3 41.1 23.6 29.6 39.3 47.2 55.0 59.2 58.9 46.6 48.9 54.2 81.3 95.0 98.3 111.8 137.5 175.7
-9999.0 -9999.0 -9999.0 -9999.0 -9999.0 -9999.0 -9999.0 -9999.0 -9999.0 -9999.0 -9999.0 -9999.0 -9999.0 -9999.0 -9999.0 -9999.0 -9999.0 -9999.0 -9999.0 -9999.0 -9999.0 -9999.0 -9999.0 -9999.0 -9999.0 -9999.0 -9999.0 405.7 343.5 82.8 45.4 30.5 4.4 28.8 12.1 56.0 18.6 19.9 14.8 17.0 23.0 3.1 12.5 70.5 102.9 161.1 221.9 254.4 273.9 125.2 221.4 202.2 50.4 50.6 33.6 23.0 8.6 5.9 10.9 10.2 19.9 25.8 30.5 31.5 38.3 38.3 43.6 45.2 43.3 44.0 47.7 66.8 72.7 105.3 120.2 149.5 193.3 201.7 192.3
-9999.0 -9999.0 -9999.0 -9999.0 -9999.0 -9999.0 -9999.0 -9999.0 -9999.0 -9999.0 -9999.0 -9999.0 -9999.0 -9999.0 -9999.0 -9999.0 -9999.0 -9999.0 -9999.0 -9999.0 -9999.0 -9999.0 -9999.0 -9999.0 -9999.0 -9999.0 -9999.0 -9999.0 -9999.0 -9999.0 -9999.0 -9999.0 -9999.0 127.9 44.1 -9999.0 -9999.0 -9999.0 41.6 20.2 15.7 22.2 14.8 95.5 146.4 170.3 -9999.0 -9999.0 -9999.0 -9999.0 -9999.0 -9999.0 125.5 59.7 57.1 25.0 10.9 9.1 10.0 13.8 21.3 30.5 37.6 37.7 35.8 37.1 40.2 42.0 39.5 44.4 59.3 83.9 109.4 119.1 163.5 190.4 229.0 218.4 213.7
-9999.0 -9999.0 -9999.0 -9999.0 -9999.0 -9999.0 -9999.0 -9999.0 -9999.0 -9999.0 -9999.0 -9999.0 -9999.0 -9999.0 -9999.0 -9999.0 -9999.0 -9999.0 -9999.0 -9999.0 -9999.0 -9999.0 -9999.0 -9999.0 -9999.0 -9999.0 -9999.0 -9999.0 -9999.0 -9999.0 -9999.0 -9999.0 -9999.0 -9999.0 -9999.0 -9999.0 -9999.0 -9999.0 -9999.0 131.2 113.2 109.6 113.0 120.2 -9999.0 -9999.0 -9999.0 -9999.0 -9999.0 -9999.0 -9999.0 -9999.0 126.0 69.1 50.6 28.4 12.9 9.4 9.1 12.6 22.0 36.0 44.0 40.6 40.0 40.6 43.3 39.7 40.2 52.5 75.4 96.1 110.4 138.8 150.7 195.1 222.3 223.6 223.8
-9999.0 -9999.0 -9999.0 -9999.0 -9999.0 -9999.0 -9999.0 -9999.0 -9999.0 -9999.0 -9999.0 -9999.0 -9999.0 -9999.0 -9999.0 -9999.0 -9999.0 -9999.0 -9999.0 -9999.0 -9999.0 -9999.0 -9999.0 -9999.0 -9999.0 -9999.0 -9999.0 -9999.0 -9999.0 -9999.0 -9999.0 -9999.0 -9999.0 -9999.0 -9999.0 -9999.0 -9999.0 -9999.0 -9999.0 -9999.0 -9999.0 -9999.0 -9999.0 -9999.0 -9999.0 -9999.0 -9999.0 -9999.0 -9999.0 -9999.0 -9999.0 -9999.0 148.1 75.2 53.9 36.8 21.8 14.4 11.9 16.0 20.2 33.6 54.3 43.9 43.9 46.6 44.9 43.3 50.5 65.3 84.5 100.1 127.0 138.1 164.8 190.1 215.1 222.6 221.8
-9999.0 -9999.0 -9999.0 -9999.0 -9999.0 -9999.0 -9999.0 -9999.0 -9999.0 -9999.0 -9999.0 -9999.0 -9999.0 -9999.0 -9999.0 -9999.0 -9999.0 -9999.0 -9999.0 -9999.0 -9999.0 -9999.0 -9999.0 -9999.0 -9999.0 -9999.0 -9999.0 -9999.0 -9999.0 -9999.0 -9999.0 -9999.0 -9999.0 -9999.0 -9999.0 -9999.0 -9999.0 -9999.0 -9999.0 -9999.0 -9999.0 -9999.0 -9999.0 -9999.0 -9999.0 -9999.0 -9999.0 -9999.0 -9999.0 -9999.0 -9999.0 110.1 99.1 77.3 59.3 47.2 36.9 31.3 23.9 9.1 35.8 41.7 40.2 47.4 50.2 56.1 51.2 52.3 59.9 74.2 89.5 102.0 111.4 126.4 149.2 177.7 200.3 218.6 208.9
-9999.0 -9999.0 -9999.0 -9999.0 -9999.0 -9999.0 -9999.0 -9999.0 -9999.0 -9999.0 -9999.0 -9999.0 -9999.0 -9999.0 -9999.0 -9999.0 -9999.0 -9999.0 -9999.0 -9999.0 -9999.0 -9999.0 -9999.0 -9999.0 -9999.0 -9999.0 -9999.0 -9999.0 -9999.0 -9999.0 -9999.0 -9999.0 -9999.0 -9999.0 -9999.0 -9999.0 -9999.0 -9999.0 -9999.0 -9999.0 -9999.0 -9999.0 -9999.0 -9999.0 -9999.0 -9999.0 -9999.0 -9999.0 -9999.0 -9999.0 70.2 78.7 76.7 73.0 56.0 56.7 47.6 36.1 36.9 40.6 36.6 47.6 46.7 52.5 50.0 51.0 52.5 54.2 60.6 66.7 81.3 90.0 96.9 106.3 122.5 146.3 173.6 177.2 182.6
-9999.0 -9999.0 -9999.0 -9999.0 -9999.0 -9999.0 -9999.0 -9999.0 -9999.0 -9999.0 -9999.0 -9999.0 -9999.0 -9999.0 -9999.0 -9999.0 -9999.0 -9999.0 -9999.0 -9999.0 -9999.0 -9999.0 -9999.0 -9999.0 -9999.0 -9999.0 -9999.0 -9999.0 -9999.0 -9999.0 -9999.0 -9999.0 -9999.0 -9999.0 -9999.0 -9999.0 -9999.0 -9999.0 -9999.0 -9999.0 -9999.0 -9999.0 -9999.0 -9999.0 -9999.0 -9999.0 -9999.0 -9999.0 -9999.0 -9999.0 39.7 67.0 41.6 58.9 63.3 58.2 33.1 63.0 58.0 50.0 46.9 50.2 49.9 51.0 43.9 41.3 45.4 44.3 46.8 47.6 61.8 75.6 82.4 82.4 89.3 104.4 123.7 134.5 134.0
-9999.0 -9999.0 -9999.0 -9999.0 -9999.0 -9999.0 -9999.0 -9999.0 -9999.0 -9999.0 -9999.0 -9999.0 -9999.0 -9999.0 -9999.0 -9999.0 -9999.0 -9999.0 -9999.0 -9999.0 -9999.0 -9999.0 -9999.0 -9999.0 -9999.0 -9999.0 -9999.0 -9999.0 -9999.0 -9999.0 -9999.0 -9999.0 -9999.0 -9999.0 -9999.0 -9999.0 -9999.0 -9999.0 -9999.0 -9999.0 -9999.0 -9999.0 -9999.0 -9999.0 -9999.0 -9999.0 -9999.0 -9999.0 -9999.0 -9999.0 19.7 27.7 23.8 70.4 47.0 50.2 75.9 64.8 66.7 55.5 59.3 55.8 51.0 42.2 38.9 34.3 33.6 30.4 28.3 44.0 47.9 78.0 77.3 81.1 77.6 80.8 94.1 97.6 92.0
-9999.0 -9999.0 -9999.0 -9999.0 -9999.0 -9999.0 -9999.0 -9999.0 -9999.0 -9999.0 -9999.0 -9999.0 -9999.0 -9999.0 -9999.0 -9999.0 -9999.0 -9999.0 -9999.0 -9999.0 -9999.0 -9999.0 -9999.0 -9999.0 -9999.0 -9999.0 -9999.0 -9999.0 -9999.0 -9999.0 -9999.0 -9999.0 -9999.0 -9999.0 -9999.0 -9999.0 -9999.0 -9999.0 -9999.0 -9999.0 -9999.0 -9999.0 -9999.0 -9999.0 -9999.0 -9999.0 -9999.0 -9999.0 -9999.0 -9999.0 20.8 38.4 35.0 52.9 59.9 73.1 45.2 59.7 58.7 50.7 56.2 46.5 28.1 30.9 31.9 30.0 32.5 31.2 40.5 21.8 45.4 64.3 78.4 78.8 71.1 67.9 70.5 67.3 63.9
-9999.0 -9999.0 -9999.0 -9999.0 -9999.0 -9999.0 -9999.0 -9999.0 -9999.0 -9999.0 -9999.0 -9999.0 -9999.0 -9999.0 -9999.0 -9999.0 -9999.0 -9999.0 -9999.0 -9999.0 -9999.0 -9999.0 -9999.0 -9999.0 -9999.0 -9999.0 -9999.0 -9999.0 -9999.0 -9999.0 -9999.0 -9999.0 -9999.0 -9999.0 -9999.0 -9999.0 -9999.0 -9999.0 -9999.0 -9999.0 -9999.0 -9999.0 -9999.0 -9999.0 -9999.0 -9999.0 -9999.0 -9999.0 -9999.0 -9999.0 -9999.0 -9999.0 -9999.0 36.7 44.2 48.1 50.2 51.5 40.5 45.7 60.4 34.9 36.2 24.2 23.9 24.5 32.8 27.1 40.2 46.3 50.4 55.9 58.5 58.6 57.7 52.0 51.0 49.3 45.2
-9999.0 -9999.0 -9999.0 -9999.0 -9999.0 -9999.0 -9999.0 -9999.0 -9999.0 -9999.0 -9999.0 -9999.0 -9999.0 -9999.0 -9999.0 -9999.0 -9999.0 -9999.0 -9999.0 -9999.0 -9999.0 -9999.0 -9999.0 -9999.0 -9999.0 -9999.0 -9999.0 -9999.0 -9999.0 -9999.0 -9999.0 -9999.0 -9999.0 -9999.0 -9999.0 -9999.0 -9999.0 -9999.0 -9999.0 -9999.0 -9999.0 -9999.0 -9999.0 -9999.0 -9999.0 -9999.0 -9999.0 -9999.0 -9999.0 -9999.0 -9999.0 -9999.0 -9999.0 31.7 30.4 65.4 36.4 30.9 41.4 59.3 55.3 43.8 38.0 28.9 25.4 25.0 22.0 40.5 35.6 44.7 47.3 47.2 46.1 47.1 48.1 47.6 43.6 49.0 46.0
-9999.0 -9999.0 -9999.0 -9999.0 -9999.0 -9999.0 -9999.0 -9999.0 -9999.0 -9999.0 -9999.0 -9999.0 -9999.0 -9999.0 -9999.0 -9999.0 -9999.0 -9999.0 -9999.0 -9999.0 -9999.0 -9999.0 -9999.0 -9999.0 -9999.0 -9999.0 -9999.0 -9999.0 -9999.0 -9999.0 -9999.0 -9999.0 -9999.0 -9999.0 -9999.0 -9999.0 -9999.0 -9999.0 -9999.0 -9999.0 -9999.0 -9999.0 -9999.0 -9999.0 -9999.0 -9999.0 -9999.0 -9999.0 -9999.0 -9999.0 -9999.0 -9999.0 -9999.0 27.9 15.2 38.9 35.3 32.5 47.8 65.0 74.2 64.6 54.4 45.7 37.3 -9999.0 -9999.0 -9999.0 45.1 41.5 47.0 52.2 53.4 53.6 50.7 49.3 44.9 52.1 69.0
-9999.0 -9999.0 -9999.0 -9999.0 -9999.0 -9999.0 -9999.0 -9999.0 -9999.0 -9999.0 -9999.0 -9999.0 -9999.0 -9999.0 -9999.0 -9999.0 -9999.0 -9999.0 -9999.0 -9999.0 -9999.0 -9999.0 -9999.0 -9999.0 -9999.0 -9999.0 -9999.0 -9999.0 -9999.0 -9999.0 -9999.0 -9999.0 -9999.0 -9999.0 -9999.0 -9999.0 -9999.0 -9999.0 -9999.0 -9999.0 -9999.0 -9999.0 -9999.0 -9999.0 -9999.0 -9999.0 -9999.0 -9999.0 -9999.0 -9999.0 -9999.0 -9999.0 -9999.0 -9999.0 29.3 32.4 25.1 31.5 63.7 89.4 85.5 -9999.0 -9999.0 -9999.0 -9999.0 -9999.0 -9999.0 -9999.0 37.1 45.4 59.6 52.2 56.9 61.8 54.8 47.8 49.1 52.5 55.7
-9999.0 -9999.0 -9999.0 -9999.0 -9999.0 -9999.0 -9999.0 -9999.0 -9999.0 -9999.0 -9999.0 -9999.0 -9999.0 -9999.0 -9999.0 -9999.0 -9999.0 -9999.0 -9999.0 -9999.0 -9999.0 -9999.0 -9999.0 -9999.0 -9999.0 -9999.0 -9999.0 -9999.0 -9999.0 -9999.0 -9999.0 -9999.0 -9999.0 -9999.0 -9999.0 -9999.0 -9999.0 -9999.0 -9999.0 -9999.0 -9999.0 -9999.0 -9999.0 -9999.0 -9999.0 -9999.0 -9999.0 -9999.0 -9999.0 -9999.0 -9999.0 -9999.0 -9999.0 -9999.0 -9999.0 31.6 63.6 55.6 71.6 102.2 108.8 -9999.0 -9999.0 -9999.0 -9999.0 -9999.0 -9999.0 -9999.0 -9999.0 -9999.0 44.5 -9999.0 -9999.0 -9999.0 -9999.0 -9999.0 47.2 -9999.0 -9999.0
-9999.0 -9999.0 -9999.0 -9999.0 -9999.0 -9999.0 -9999.0 -9999.0 -9999.0 -9999.0 -9999.0 -9999.0 -9999.0 -9999.0 -9999.0 -9999.0 -9999.0 -9999.0 -9999.0 -9999.0 -9999.0 -9999.0 -9999.0 -9999.0 -9999.0 -9999.0 -9999.0 -9999.0 -9999.0 -9999.0 -9999.0 -9999.0 -9999.0 -9999.0 -9999.0 -9999.0 -9999.0 -9999.0 -9999.0 -9999.0 -9999.0 -9999.0 -9999.0 -9999.0 -9999.0 -9999.0 -9999.0 -9999.0 -9999.0 -9999.0 -9999.0 -9999.0 -9999.0 -9999.0 -9999.0 -9999.0 -9999.0 -9999.0 93.7 106.4 -9999.0 -9999.0 -9999.0 -9999.0 -9999.0 -9999.0 -9999.0 -9999.0 -9999.0 -9999.0 -9999.0 -9999.0 -9999.0 -9999.0 -9999.0 46.2 46.8 -9999.0 -9999.0
-9999.0 -9999.0 -9999.0 -9999.0 -9999.0 -9999.0 -9999.0 -9999.0 -9999.0 -9999.0 -9999.0 -9999.0 -9999.0 -9999.0 -9999.0 -9999.0 -9999.0 -9999.0 -9999.0 -9999.0 -9999.0 -9999.0 -9999.0 -9999.0 -9999.0 -9999.0 -9999.0 -9999.0 -9999.0 -9999.0 -9999.0 -9999.0 -9999.0 -9999.0 -9999.0 -9999.0 -9999.0 -9999.0 -9999.0 -9999.0 -9999.0 -9999.0 -9999.0 -9999.0 -9999.0 -9999.0 -9999.0 -9999.0 -9999.0 -9999.0 -9999.0 -9999.0 -9999.0 -9999.0 -9999.0 -9999.0 -9999.0 -9999.0 -9999.0 -9999.0 -9999.0 -9999.0 -9999.0 -9999.0 -9999.0 -9999.0 -9999.0 -9999.0 -9999.0 -9999.0 -9999.0 -9999.0 -9999.0 -9999.0 -9999.0 -9999.0 -9999.0 -9999.0 -9999.0
-9999.0 -9999.0 -9999.0 -9999.0 -9999.0 -9999.0 -9999.0 -9999.0 -9999.0 -9999.0 -9999.0 -9999.0 -9999.0 -9999.0 -9999.0 -9999.0 -9999.0 -9999.0 -9999.0 -9999.0 -9999.0 -9999.0 -9999.0 -9999.0 -9999.0 -9999.0 -9999.0 -9999.0 -9999.0 -9999.0 -9999.0 -9999.0 -9999.0 -9999.0 -9999.0 -9999.0 -9999.0 -9999.0 -9999.0 -9999.0 -9999.0 -9999.0 -9999.0 -9999.0 -9999.0 -9999.0 -9999.0 -9999.0 -9999.0 -9999.0 -9999.0 -9999.0 -9999.0 -9999.0 -9999.0 -9999.0 -9999.0 -9999.0 -9999.0 -9999.0 -9999.0 -9999.0 -9999.0 -9999.0 -9999.0 -9999.0 -9999.0 -9999.0 -9999.0 -9999.0 -9999.0 -9999.0 -9999.0 -9999.0 -9999.0 46.1 47.7 46.8 -9999.0
-9999.0 -9999.0 -9999.0 -9999.0 -9999.0 -9999.0 -9999.0 -9999.0 -9999.0 -9999.0 -9999.0 -9999.0 -9999.0 -9999.0 -9999.0 -9999.0 -9999.0 -9999.0 -9999.0 -9999.0 -9999.0 -9999.0 -9999.0 -9999.0 -9999.0 -9999.0 -9999.0 -9999.0 -9999.0 -9999.0 -9999.0 -9999.0 -9999.0 -9999.0 -9999.0 -9999.0 -9999.0 -9999.0 -9999.0 -9999.0 -9999.0 -9999.0 -9999.0 -9999.0 -9999.0 -9999.0 -9999.0 -9999.0 -9999.0 -9999.0 -9999.0 -9999.0 -9999.0 -9999.0 -9999.0 -9999.0 -9999.0 -9999.0 -9999.0 -9999.0 -9999.0 -9999.0 -9999.0 -9999.0 -9999.0 -9999.0 -9999.0 -9999.0 -9999.0 -9999.0 -9999.0 -9999.0 -9999.0 14.7 31.8 33.2 37.5 -9999.0 -9999.0
