program/excelProcessViaJava/data/SURF_CLI_CHN_PRE_MON_GRID_0.5-201108.txt
NCOLS      128
NROWS       72
XLLCORNER    72.000000000000    
YLLCORNER    18.000000000000    
CELLSIZE    0.50000000000000    
NODATA_VALUE   -9999.000    
[rows 34 to 67 of 72, columns 0 to 74 of 128]
-9999.0 -9999.0 -9999.0 -9999.0 0.6 1.2 1.4 3.4 3.6 6.8 10.2 16.0 20.5 24.9 12.2 12.8 13.4 6.0 3.1 3.0 5.9 7.9 11.1 26.3 40.5 41.5 40.8 41.9 42.5 44.0 45.5 49.5 49.3 51.0 53.7 51.7 57.2 60.3 50.5 36.8 44.4 20.6 16.1 10.3 8.9 8.3 8.6 10.1 13.3 20.7 29.7 44.1 80.0 77.3 74.1 80.3 85.5 98.6 113.9 85.1 127.7 88.6 78.4 74.4 58.9 48.9 60.9 56.3 61.3 77.8 70.7 79.1 87.2 98.6 109.6
-9999.0 -9999.0 -9999.0 -9999.0 -9999.0 -9999.0 -9999.0 1.9 2.9 5.5 6.4 10.0 16.1 20.4 24.6 11.3 23.8 14.4 12.1 20.7 33.6 38.4 39.2 39.3 39.5 40.0 41.7 43.3 45.0 47.8 50.2 52.6 54.9 58.3 62.1 61.8 67.0 65.8 69.7 69.2 49.4 65.8 58.7 42.6 26.4 14.5 19.5 18.7 26.5 24.4 29.0 41.3 61.1 94.2 94.6 70.1 70.1 75.8 113.1 95.8 128.4 75.8 59.4 58.1 64.6 54.7 65.1 78.3 82.9 91.9 84.8 86.7 101.9 115.3 123.5
-9999.0 -9999.0 -9999.0 -9999.0 -9999.0 -9999.0 -9999.0 0.7 2.1 3.3 5.0 8.8 11.9 13.8 19.9 19.6 27.0 29.5 31.1 33.1 34.2 36.3 37.0 38.1 39.0 40.4 41.8 44.7 46.0 48.1 52.5 55.7 58.9 63.7 65.5 69.0 70.3 74.7 75.3 73.2 72.1 68.5 66.2 71.1 50.0 33.7 38.6 41.1 57.0 55.3 73.7 75.4 66.4 76.8 91.4 74.1 76.9 91.1 111.3 121.8 114.0 98.3 66.0 65.7 61.5 62.7 71.6 86.8 114.3 97.2 96.9 100.6 113.1 127.1 122.9
-9999.0 -9999.0 -9999.0 -9999.0 -9999.0 -9999.0 -9999.0 -9999.0 -9999.0 2.3 4.2 6.8 8.7 12.4 16.8 20.4 23.4 22.2 28.6 29.0 32.8 34.2 35.6 37.2 38.8 40.3 43.0 45.5 47.3 51.9 52.9 57.5 61.4 66.4 68.1 71.9 75.0 79.6 79.9 82.0 78.6 78.4 72.9 65.7 66.7 63.0 61.5 60.7 63.5 66.2 72.0 71.5 71.5 73.3 85.5 80.5 80.2 91.4 109.4 111.8 110.1 107.8 101.0 68.9 70.9 69.1 77.4 93.1 121.9 105.2 103.7 98.0 109.1 124.7 133.8
-9999.0 -9999.0 -9999.0 -9999.0 -9999.0 -9999.0 -9999.0 -9999.0 -9999.0 -9999.0 -9999.0 4.4 8.0 9.7 14.2 17.3 20.9 24.1 26.7 29.2 31.1 33.4 35.4 37.1 39.8 42.0 44.9 47.7 50.6 53.4 56.8 61.6 64.3 68.6 71.9 79.3 80.8 84.7 91.9 89.1 91.4 86.4 80.3 75.0 81.4 71.4 78.0 72.2 74.3 73.6 70.3 70.6 71.4 75.4 81.7 86.8 91.4 98.9 100.7 99.2 96.5 90.0 84.4 78.4 77.8 69.0 76.3 92.1 105.3 105.0 94.6 94.5 97.4 104.6 90.1
-9999.0 -9999.0 -9999.0 -9999.0 -9999.0 -9999.0 -9999.0 -9999.0 -9999.0 -9999.0 -9999.0 -9999.0 6.8 9.6 12.0 16.1 17.1 22.3 25.2 26.4 30.1 32.8 35.3 37.3 39.3 43.2 45.7 49.8 53.0 56.8 60.0 63.3 67.0 72.1 76.6 80.5 87.0 89.1 90.2 90.2 90.2 89.5 87.5 88.4 85.1 83.9 83.6 76.7 77.1 76.7 77.1 73.8 71.2 72.0 76.5 82.2 88.0 90.6 87.5 85.0 77.2 71.0 67.0 67.0 68.1 73.1 80.2 90.1 95.6 95.9 81.6 73.6 75.7 85.2 101.3
-9999.0 -9999.0 -9999.0 -9999.0 -9999.0 -9999.0 -9999.0 -9999.0 -9999.0 -9999.0 -9999.0 -9999.0 4.6 8.3 10.7 14.7 17.6 21.3 24.0 27.3 30.2 33.0 35.9 38.4 40.3 44.7 48.2 50.9 55.5 58.3 62.8 66.5 69.5 72.8 77.1 80.7 86.9 91.3 93.5 94.2 92.3 91.9 96.1 90.5 92.2 91.4 84.8 80.5 74.8 77.1 74.3 70.9 68.6 69.1 73.4 76.1 80.4 80.2 76.2 68.1 59.3 52.5 49.4 50.7 59.2 63.2 73.6 78.4 82.3 88.6 99.3 117.2 128.6 135.8 138.1
-9999.0 -9999.0 -9999.0 -9999.0 -9999.0 -9999.0 -9999.0 -9999.0 -9999.0 -9999.0 -9999.0 -9999.0 -9999.0 7.8 9.9 13.2 17.5 20.3 23.3 26.5 30.2 32.5 36.9 38.9 43.0 48.0 51.9 55.5 59.6 63.0 65.5 68.0 71.4 74.0 75.2 78.9 83.3 88.2 91.5 93.3 93.3 94.6 94.7 96.0 93.0 88.5 86.3 82.7 78.5 74.3 70.3 66.6 65.6 62.4 65.6 69.2 72.0 69.4 63.9 56.5 47.4 40.6 38.2 42.9 60.1 58.2 66.5 80.1 89.9 104.9 121.2 137.0 158.2 170.2 171.8
-9999.0 -9999.0 -9999.0 -9999.0 -9999.0 -9999.0 -9999.0 -9999.0 -9999.0 -9999.0 -9999.0 -9999.0 4.7 6.3 9.7 13.4 16.1 20.5 23.9 25.8 29.4 33.3 37.9 41.5 45.3 51.4 55.8 59.8 63.7 67.2 69.6 70.6 73.0 73.3 74.7 75.7 80.3 81.6 83.7 84.9 87.4 88.5 89.7 90.6 90.2 87.1 81.5 74.9 71.0 67.2 63.6 59.9 60.9 60.4 64.7 65.8 63.0 65.2 56.9 48.6 41.0 36.6 33.5 35.0 37.2 48.1 84.8 87.6 99.5 119.1 150.8 188.6 196.1 164.6 163.5
-9999.0 -9999.0 -9999.0 -9999.0 -9999.0 -9999.0 -9999.0 -9999.0 -9999.0 -9999.0 -9999.0 -9999.0 4.0 6.3 9.6 11.1 15.6 19.8 23.3 28.1 30.4 36.2 40.6 45.2 49.2 53.9 59.5 64.5 68.9 71.7 73.6 74.8 75.1 72.8 71.3 71.5 71.4 74.4 75.2 72.8 74.4 76.7 80.8 83.6 83.3 80.0 75.2 69.3 63.8 59.0 58.2 56.5 60.7 65.8 66.2 67.6 61.8 58.2 54.3 48.5 43.7 40.7 33.6 32.8 34.9 78.6 65.9 91.0 114.2 148.4 187.5 217.8 229.1 259.2 263.7
-9999.0 -9999.0 -9999.0 -9999.0 -9999.0 -9999.0 -9999.0 -9999.0 -9999.0 -9999.0 -9999.0 -9999.0 3.3 6.5 8.5 12.4 15.9 20.0 24.6 29.1 33.6 38.6 44.2 50.0 55.4 61.4 67.0 71.4 75.7 78.7 80.1 80.3 78.1 74.1 70.4 67.9 66.5 66.9 65.4 65.8 64.6 66.5 72.9 74.0 75.0 71.6 66.8 60.7 54.3 52.4 52.7 56.5 52.1 52.9 57.7 66.1 60.4 57.8 55.6 50.9 46.1 42.5 47.3 34.3 53.5 86.6 77.9 89.0 116.4 149.0 180.0 230.2 258.8 290.7 268.2
-9999.0 -9999.0 -9999.0 -9999.0 -9999.0 -9999.0 -9999.0 -9999.0 -9999.0 -9999.0 -9999.0 -9999.0 -9999.0 5.1 8.7 12.4 16.5 20.3 25.6 30.6 33.5 42.2 48.1 54.2 61.6 68.3 74.4 79.6 84.1 86.1 87.8 87.0 84.2 79.1 73.7 70.5 67.2 63.4 61.8 58.7 58.5 63.7 66.1 67.8 67.2 63.8 59.6 51.8 50.8 48.5 48.7 51.0 54.8 61.7 57.2 58.0 60.0 60.2 60.8 62.8 60.4 66.4 56.1 45.9 102.8 78.1 73.2 89.9 114.5 141.6 164.1 182.7 240.6 198.0 276.1
-9999.0 -9999.0 -9999.0 -9999.0 -9999.0 -9999.0 -9999.0 -9999.0 -9999.0 -9999.0 -9999.0 -9999.0 -9999.0 4.1 9.1 12.6 16.6 20.9 26.4 32.7 36.9 44.1 51.0 59.9 68.3 76.1 82.8 88.5 93.0 91.5 94.4 93.9 91.5 86.0 79.6 74.1 68.5 65.1 63.4 63.4 59.1 60.3 62.1 63.2 61.9 59.5 55.5 49.1 46.9 45.9 48.4 50.7 55.2 57.7 59.6 61.1 60.5 64.2 70.7 67.2 76.9 65.9 99.4 146.8 106.5 76.9 70.1 82.6 96.6 109.2 125.3 148.8 175.7 220.2 247.1
-9999.0 -9999.0 -9999.0 -9999.0 -9999.0 -9999.0 -9999.0 -9999.0 -9999.0 -9999.0 -9999.0 -9999.0 -9999.0 -9999.0 -9999.0 13.2 17.1 22.9 28.3 34.2 41.9 50.5 58.9 67.4 75.4 83.9 85.7 96.4 96.2 104.4 103.6 102.6 95.9 91.8 86.5 80.5 76.3 68.3 66.5 63.9 63.3 62.5 62.1 62.0 60.7 57.6 54.9 49.4 49.0 45.0 49.4 56.0 58.6 62.6 56.0 66.8 70.2 62.3 86.1 94.3 79.4 115.2 185.5 152.1 108.8 76.8 64.5 63.0 65.5 78.6 92.7 112.3 185.9 224.1 215.9
-9999.0 -9999.0 -9999.0 -9999.0 -9999.0 -9999.0 -9999.0 -9999.0 -9999.0 -9999.0 -9999.0 -9999.0 -9999.0 -9999.0 -9999.0 -9999.0 -9999.0 2.4 19.8 -9999.0 41.0 55.4 64.5 74.6 83.2 92.6 93.4 104.3 111.4 110.3 112.2 110.8 101.4 100.8 91.3 87.0 83.1 68.5 72.5 69.6 67.6 66.6 65.1 64.4 62.4 61.4 57.8 57.9 53.5 55.1 51.4 59.2 53.9 71.6 76.2 80.5 79.1 94.6 102.9 112.9 83.3 133.5 172.1 144.4 99.1 66.7 50.3 46.4 48.2 59.2 63.5 135.4 177.8 189.4 215.7
-9999.0 -9999.0 -9999.0 -9999.0 -9999.0 -9999.0 -9999.0 -9999.0 -9999.0 -9999.0 -9999.0 -9999.0 -9999.0 -9999.0 -9999.0 -9999.0 -9999.0 -9999.0 -9999.0 -9999.0 -9999.0 59.7 71.5 77.4 91.5 102.1 110.7 116.9 120.2 120.9 119.7 113.6 111.2 105.2 94.8 92.1 86.5 80.2 72.4 65.7 67.1 73.0 71.4 70.4 68.9 69.0 60.4 66.5 68.2 68.8 69.6 78.6 83.7 77.4 87.5 98.1 104.6 106.0 123.8 125.7 75.3 98.9 141.3 120.5 82.0 53.8 37.3 36.2 39.7 54.7 74.2 119.2 143.8 148.3 155.4
-9999.0 -9999.0 -9999.0 -9999.0 -9999.0 -9999.0 -9999.0 -9999.0 -9999.0 -9999.0 -9999.0 -9999.0 -9999.0 -9999.0 -9999.0 -9999.0 -9999.0 -9999.0 -9999.0 -9999.0 -9999.0 -9999.0 -9999.0 72.6 100.3 110.3 118.9 125.1 125.4 127.7 124.8 120.0 111.3 107.8 102.5 98.5 96.9 89.0 90.2 87.4 83.6 82.1 79.3 78.8 78.6 60.0 81.6 82.3 80.9 79.3 85.1 97.0 91.9 100.7 99.3 84.5 118.4 130.3 84.7 135.1 76.8 90.8 97.7 96.5 76.4 50.1 34.2 33.7 55.9 61.5 94.1 100.1 108.8 130.3 120.0
-9999.0 -9999.0 -9999.0 -9999.0 -9999.0 -9999.0 -9999.0 -9999.0 -9999.0 -9999.0 -9999.0 -9999.0 -9999.0 -9999.0 -9999.0 -9999.0 -9999.0 -9999.0 -9999.0 -9999.0 -9999.0 -9999.0 -9999.0 -9999.0 -9999.0 66.8 118.4 119.4 126.8 119.1 127.0 121.7 113.9 108.7 100.0 103.0 102.7 97.1 99.8 94.1 95.6 90.8 80.5 87.4 75.8 66.7 88.5 69.6 107.1 106.6 117.4 122.5 129.5 132.7 115.3 112.3 131.1 121.2 142.2 135.6 117.5 103.8 142.7 87.1 73.7 55.2 44.8 62.2 78.8 90.4 78.8 72.7 64.3 98.2 114.7
-9999.0 -9999.0 -9999.0 -9999.0 -9999.0 -9999.0 -9999.0 -9999.0 -9999.0 -9999.0 -9999.0 -9999.0 -9999.0 -9999.0 -9999.0 -9999.0 -9999.0 -9999.0 -9999.0 -9999.0 -9999.0 -9999.0 -9999.0 -9999.0 -9999.0 -9999.0 -9999.0 60.5 66.6 124.6 122.3 115.8 118.4 96.9 104.0 67.5 95.7 95.0 82.2 98.2 104.8 96.9 88.8 75.9 79.0 76.0 71.9 76.3 83.1 127.7 114.0 121.5 160.5 156.9 152.3 151.8 120.8 103.6 137.5 107.8 82.1 110.3 84.5 83.1 83.5 71.0 61.8 56.8 65.1 69.7 57.2 59.7 45.3 69.7 77.1
-9999.0 -9999.0 -9999.0 -9999.0 -9999.0 -9999.0 -9999.0 -9999.0 -9999.0 -9999.0 -9999.0 -9999.0 -9999.0 -9999.0 -9999.0 -9999.0 -9999.0 -9999.0 -9999.0 -9999.0 -9999.0 -9999.0 -9999.0 -9999.0 -9999.0 -9999.0 -9999.0 -9999.0 -9999.0 -9999.0 -9999.0 -9999.0 -9999.0 76.0 101.7 -9999.0 -9999.0 -9999.0 74.1 99.7 94.2 92.5 107.2 79.1 73.3 80.9 -9999.0 -9999.0 -9999.0 -9999.0 -9999.0 -9999.0 185.9 200.0 172.4 148.1 131.7 95.2 99.0 91.0 98.3 106.3 89.8 82.9 79.1 77.9 80.3 84.8 79.0 57.3 38.5 40.4 46.3 49.6 72.8
-9999.0 -9999.0 -9999.0 -9999.0 -9999.0 -9999.0 -9999.0 -9999.0 -9999.0 -9999.0 -9999.0 -9999.0 -9999.0 -9999.0 -9999.0 -9999.0 -9999.0 -9999.0 -9999.0 -9999.0 -9999.0 -9999.0 -9999.0 -9999.0 -9999.0 -9999.0 -9999.0 -9999.0 -9999.0 -9999.0 -9999.0 -9999.0 -9999.0 -9999.0 -9999.0 -9999.0 -9999.0 -9999.0 -9999.0 45.9 54.8 61.5 68.7 77.6 -9999.0 -9999.0 -9999.0 -9999.0 -9999.0 -9999.0 -9999.0 -9999.0 222.2 232.1 211.2 160.1 121.5 95.5 87.4 93.1 99.1 97.5 89.8 77.6 76.6 83.1 92.0 92.8 81.5 68.7 46.4 32.9 32.6 49.4 55.5
-9999.0 -9999.0 -9999.0 -9999.0 -9999.0 -9999.0 -9999.0 -9999.0 -9999.0 -9999.0 -9999.0 -9999.0 -9999.0 -9999.0 -9999.0 -9999.0 -9999.0 -9999.0 -9999.0 -9999.0 -9999.0 -9999.0 -9999.0 -9999.0 -9999.0 -9999.0 -9999.0 -9999.0 -9999.0 -9999.0 -9999.0 -9999.0 -9999.0 -9999.0 -9999.0 -9999.0 -9999.0 -9999.0 -9999.0 -9999.0 -9999.0 -9999.0 -9999.0 -9999.0 -9999.0 -9999.0 -9999.0 -9999.0 -9999.0 -9999.0 -9999.0 -9999.0 160.2 256.8 223.6 199.1 131.1 99.1 89.1 92.3 94.2 86.6 91.6 65.5 65.0 76.0 89.2 93.7 84.7 64.8 43.8 33.9 48.4 51.6 66.5
-9999.0 -9999.0 -9999.0 -9999.0 -9999.0 -9999.0 -9999.0 -9999.0 -9999.0 -9999.0 -9999.0 -9999.0 -9999.0 -9999.0 -9999.0 -9999.0 -9999.0 -9999.0 -9999.0 -9999.0 -9999.0 -9999.0 -9999.0 -9999.0 -9999.0 -9999.0 -9999.0 -9999.0 -9999.0 -9999.0 -9999.0 -9999.0 -9999.0 -9999.0 -9999.0 -9999.0 -9999.0 -9999.0 -9999.0 -9999.0 -9999.0 -9999.0 -9999.0 -9999.0 -9999.0 -9999.0 -9999.0 -9999.0 -9999.0 -9999.0 -9999.0 208.2 242.8 267.8 187.0 173.2 129.6 110.9 89.3 92.3 82.7 71.9 59.6 51.6 51.9 63.1 80.9 80.8 84.0 62.9 46.5 42.2 47.4 60.6 75.1
-9999.0 -9999.0 -9999.0 -9999.0 -9999.0 -9999.0 -9999.0 -9999.0 -9999.0 -9999.0 -9999.0 -9999.0 -9999.0 -9999.0 -9999.0 -9999.0 -9999.0 -9999.0 -9999.0 -9999.0 -9999.0 -9999.0 -9999.0 -9999.0 -9999.0 -9999.0 -9999.0 -9999.0 -9999.0 -9999.0 -9999.0 -9999.0 -9999.0 -9999.0 -9999.0 -9999.0 -9999.0 -9999.0 -9999.0 -9999.0 -9999.0 -9999.0 -9999.0 -9999.0 -9999.0 -9999.0 -9999.0 -9999.0 -9999.0 -9999.0 188.7 272.0 278.2 265.7 210.3 179.9 128.2 100.9 94.7 88.7 74.7 62.1 48.1 41.9 42.9 54.2 66.2 83.9 84.0 68.4 60.0 54.0 62.5 80.6 95.0
-9999.0 -9999.0 -9999.0 -9999.0 -9999.0 -9999.0 -9999.0 -9999.0 -9999.0 -9999.0 -9999.0 -9999.0 -9999.0 -9999.0 -9999.0 -9999.0 -9999.0 -9999.0 -9999.0 -9999.0 -9999.0 -9999.0 -9999.0 -9999.0 -9999.0 -9999.0 -9999.0 -9999.0 -9999.0 -9999.0 -9999.0 -9999.0 -9999.0 -9999.0 -9999.0 -9999.0 -9999.0 -9999.0 -9999.0 -9999.0 -9999.0 -9999.0 -9999.0 -9999.0 -9999.0 -9999.0 -9999.0 -9999.0 -9999.0 -9999.0 214.6 310.2 253.6 260.9 230.7 186.4 145.4 134.8 119.0 101.5 79.3 57.9 45.4 38.8 39.3 55.9 66.1 83.0 85.0 76.4 73.9 75.3 83.7 95.3 99.6
-9999.0 -9999.0 -9999.0 -9999.0 -9999.0 -9999.0 -9999.0 -9999.0 -9999.0 -9999.0 -9999.0 -9999.0 -9999.0 -9999.0 -9999.0 -9999.0 -9999.0 -9999.0 -9999.0 -9999.0 -9999.0 -9999.0 -9999.0 -9999.0 -9999.0 -9999.0 -9999.0 -9999.0 -9999.0 -9999.0 -9999.0 -9999.0 -9999.0 -9999.0 -9999.0 -9999.0 -9999.0 -9999.0 -9999.0 -9999.0 -9999.0 -9999.0 -9999.0 -9999.0 -9999.0 -9999.0 -9999.0 -9999.0 -9999.0 -9999.0 220.4 273.1 248.3 277.3 224.1 199.7 190.0 165.6 150.1 123.0 96.3 69.0 51.9 44.7 42.9 51.7 71.8 87.5 90.4 96.9 90.3 110.9 103.0 119.2 104.4
-9999.0 -9999.0 -9999.0 -9999.0 -9999.0 -9999.0 -9999.0 -9999.0 -9999.0 -9999.0 -9999.0 -9999.0 -9999.0 -9999.0 -9999.0 -9999.0 -9999.0 -9999.0 -9999.0 -9999.0 -9999.0 -9999.0 -9999.0 -9999.0 -9999.0 -9999.0 -9999.0 -9999.0 -9999.0 -9999.0 -9999.0 -9999.0 -9999.0 -9999.0 -9999.0 -9999.0 -9999.0 -9999.0 -9999.0 -9999.0 -9999.0 -9999.0 -9999.0 -9999.0 -9999.0 -9999.0 -9999.0 -9999.0 -9999.0 -9999.0 295.9 314.4 282.8 264.2 237.6 227.8 200.8 198.2 182.8 143.8 124.6 92.9 70.6 61.7 57.3 62.8 76.5 100.2 114.1 94.0 109.9 117.4 127.5 132.1 109.4
-9999.0 -9999.0 -9999.0 -9999.0 -9999.0 -9999.0 -9999.0 -9999.0 -9999.0 -9999.0 -9999.0 -9999.0 -9999.0 -9999.0 -9999.0 -9999.0 -9999.0 -9999.0 -9999.0 -9999.0 -9999.0 -9999.0 -9999.0 -9999.0 -9999.0 -9999.0 -9999.0 -9999.0 -9999.0 -9999.0 -9999.0 -9999.0 -9999.0 -9999.0 -9999.0 -9999.0 -9999.0 -9999.0 -9999.0 -9999.0 -9999.0 -9999.0 -9999.0 -9999.0 -9999.0 -9999.0 -9999.0 -9999.0 -9999.0 -9999.0 -9999.0 -9999.0 -9999.0 254.9 234.8 228.0 228.9 227.6 184.2 167.4 171.5 115.4 112.0 97.6 90.9 95.9 105.4 130.2 141.1 140.5 132.0 126.9 123.8 122.9 121.9
-9999.0 -9999.0 -9999.0 -9999.0 -9999.0 -9999.0 -9999.0 -9999.0 -9999.0 -9999.0 -9999.0 -9999.0 -9999.0 -9999.0 -9999.0 -9999.0 -9999.0 -9999.0 -9999.0 -9999.0 -9999.0 -9999.0 -9999.0 -9999.0 -9999.0 -9999.0 -9999.0 -9999.0 -9999.0 -9999.0 -9999.0 -9999.0 -9999.0 -9999.0 -9999.0 -9999.0 -9999.0 -9999.0 -9999.0 -9999.0 -9999.0 -9999.0 -9999.0 -9999.0 -9999.0 -9999.0 -9999.0 -9999.0 -9999.0 -9999.0 -9999.0 -9999.0 -9999.0 262.0 241.7 274.3 247.9 231.6 230.3 239.9 192.4 156.5 167.9 160.4 156.3 153.7 156.0 165.8 156.6 154.7 146.4 142.3 141.9 143.9 143.4
-9999.0 -9999.0 -9999.0 -9999.0 -9999.0 -9999.0 -9999.0 -9999.0 -9999.0 -9999.0 -9999.0 -9999.0 -9999.0 -9999.0 -9999.0 -9999.0 -9999.0 -9999.0 -9999.0 -9999.0 -9999.0 -9999.0 -9999.0 -9999.0 -9999.0 -9999.0 -9999.0 -9999.0 -9999.0 -9999.0 -9999.0 -9999.0 -9999.0 -9999.0 -9999.0 -9999.0 -9999.0 -9999.0 -9999.0 -9999.0 -9999.0 -9999.0 -9999.0 -9999.0 -9999.0 -9999.0 -9999.0 -9999.0 -9999.0 -9999.0 -9999.0 -9999.0 -9999.0 279.8 246.7 285.3 285.5 271.6 268.3 250.1 253.7 233.2 232.8 216.2 211.7 -9999.0 -9999.0 -9999.0 192.8 173.2 182.0 199.9 204.7 197.1 188.6
-9999.0 -9999.0 -9999.0 -9999.0 -9999.0 -9999.0 -9999.0 -9999.0 -9999.0 -9999.0 -9999.0 -9999.0 -9999.0 -9999.0 -9999.0 -9999.0 -9999.0 -9999.0 -9999.0 -9999.0 -9999.0 -9999.0 -9999.0 -9999.0 -9999.0 -9999.0 -9999.0 -9999.0 -9999.0 -9999.0 -9999.0 -9999.0 -9999.0 -9999.0 -9999.0 -9999.0 -9999.0 -9999.0 -9999.0 -9999.0 -9999.0 -9999.0 -9999.0 -9999.0 -9999.0 -9999.0 -9999.0 -9999.0 -9999.0 -9999.0 -9999.0 -9999.0 -9999.0 -9999.0 303.9 311.1 294.5 285.3 313.9 322.9 256.3 -9999.0 -9999.0 -9999.0 -9999.0 -9999.0 -9999.0 -9999.0 196.0 214.8 259.6 253.3 258.4 255.9 222.6
-9999.0 -9999.0 -9999.0 -9999.0 -9999.0 -9999.0 -9999.0 -9999.0 -9999.0 -9999.0 -9999.0 -9999.0 -9999.0 -9999.0 -9999.0 -9999.0 -9999.0 -9999.0 -9999.0 -9999.0 -9999.0 -9999.0 -9999.0 -9999.0 -9999.0 -9999.0 -9999.0 -9999.0 -9999.0 -9999.0 -9999.0 -9999.0 -9999.0 -9999.0 -9999.0 -9999.0 -9999.0 -9999.0 -9999.0 -9999.0 -9999.0 -9999.0 -9999.0 -9999.0 -9999.0 -9999.0 -9999.0 -9999.0 -9999.0 -9999.0 -9999.0 -9999.0 -9999.0 -9999.0 -9999.0 330.2 378.4 343.6 319.6 334.2 311.6 -9999.0 -9999.0 -9999.0 -9999.0 -9999.0 -9999.0 -9999.0 -9999.0 -9999.0 254.0 -9999.0 -9999.0 -9999.0 -9999.0
-9999.0 -9999.0 -9999.0 -9999.0 -9999.0 -9999.0 -9999.0 -9999.0 -9999.0 -9999.0 -9999.0 -9999.0 -9999.0 -9999.0 -9999.0 -9999.0 -9999.0 -9999.0 -9999.0 -9999.0 -9999.0 -9999.0 -9999.0 -9999.0 -9999.0 -9999.0 -9999.0 -9999.0 -9999.0 -9999.0 -9999.0 -9999.0 -9999.0 -9999.0 -9999.0 -9999.0 -9999.0 -9999.0 -9999.0 -9999.0 -9999.0 -9999.0 -9999.0 -9999.0 -9999.0 -9999.0 -9999.0 -9999.0 -9999.0 -9999.0 -9999.0 -9999.0 -9999.0 -9999.0 -9999.0 -9999.0 -9999.0 -9999.0 364.6 331.7 -9999.0 -9999.0 -9999.0 -9999.0 -9999.0 -9999.0 -9999.0 -9999.0 -9999.0 -9999.0 -9999.0 -9999.0 -9999.0 -9999.0 -9999.0
-9999.0 -9999.0 -9999.0 -9999.0 -9999.0 -9999.0 -9999.0 -9999.0 -9999.0 -9999.0 -9999.0 -9999.0 -9999.0 -9999.0 -9999.0 -9999.0 -9999.0 -9999.0 -9999.0 -9999.0 -9999.0 -9999.0 -9999.0 -9999.0 -9999.0 -9999.0 -9999.0 -9999.0 -9999.0 -9999.0 -9999.0 -9999.0 -9999.0 -9999.0 -9999.0 -9999.0 -9999.0 -9999.0 -9999.0 -9999.0 -9999.0 -9999.0 -9999.0 -9999.0 -9999.0 -9999.0 -9999.0 -9999.0 -9999.0 -9999.0 -9999.0 -9999.0 -9999.0 -9999.0 -9999.0 -9999.0 -9999.0 -9999.0 -9999.0 -9999.0 -9999.0 -9999.0 -9999.0 -9999.0 -9999.0 -9999.0 -9999.0 -9999.0 -9999.0 -9999.0 -9999.0 -9999.0 -9999.0 -9999.0 -9999.0
