program/excelProcessViaJava/data/SURF_CLI_CHN_PRE_MON_GRID_0.5-198207.txt
NCOLS      128
NROWS       72
XLLCORNER    72.000000000000    
YLLCORNER    18.000000000000    
CELLSIZE    0.50000000000000    
NODATA_VALUE   -9999.000    
[rows 33 to 65 of 72, columns 0 to 74 of 128]
-9999.0 -9999.0 -9999.0 -9999.0 5.3 14.8 29.2 16.1 17.8 5.2 10.2 9.5 8.4 5.8 5.5 5.4 4.8 4.2 4.1 4.8 6.0 7.7 9.4 11.5 13.0 16.1 20.1 109.2 51.0 60.1 67.4 58.4 53.4 59.2 38.6 33.6 25.2 45.2 29.7 11.1 3.0 1.7 1.8 2.4 4.3 7.3 11.7 19.0 25.4 21.6 25.9 48.9 71.6 101.3 79.9 99.1 112.8 154.7 153.2 167.5 135.4 80.1 45.8 19.4 10.8 13.8 14.8 9.8 21.2 28.8 40.3 55.3 75.9 106.9 142.0
-9999.0 -9999.0 -9999.0 -9999.0 7.3 6.0 20.6 9.5 43.1 45.0 13.0 45.7 32.3 35.7 10.5 10.3 10.0 5.1 3.6 4.0 6.8 9.7 13.3 26.0 62.0 92.4 63.3 67.0 64.4 65.4 64.6 73.8 62.7 60.1 59.8 48.5 53.6 56.0 30.9 14.6 19.7 4.9 4.0 3.7 5.1 6.9 8.4 9.2 9.7 12.0 14.8 21.6 56.1 53.7 58.7 77.0 91.0 109.4 121.2 56.4 92.0 34.7 26.0 25.3 18.4 11.3 18.1 15.7 23.8 44.6 56.0 70.7 89.3 119.0 142.2
-9999.0 -9999.0 -9999.0 -9999.0 -9999.0 -9999.0 -9999.0 9.5 21.4 17.5 50.5 55.1 31.5 41.5 43.4 8.2 19.5 9.1 7.5 14.0 32.8 53.4 59.2 56.6 55.5 56.2 64.1 68.2 71.0 80.5 79.6 78.7 76.2 78.4 82.1 69.4 77.1 64.2 70.4 63.9 26.1 53.5 41.2 23.7 14.7 10.1 14.4 12.7 15.6 10.1 9.8 14.2 28.7 87.5 88.8 61.4 61.4 61.7 104.8 61.4 90.0 31.3 23.2 26.2 28.4 19.0 21.5 27.3 35.2 57.0 73.7 84.1 102.7 125.6 137.3
-9999.0 -9999.0 -9999.0 -9999.0 -9999.0 -9999.0 -9999.0 27.7 7.0 22.6 34.3 27.5 38.2 59.4 42.7 78.0 41.8 39.2 62.0 39.0 38.4 52.2 47.3 50.0 50.0 53.7 56.2 69.3 64.7 67.0 79.6 82.9 84.4 94.0 85.9 86.6 81.0 85.0 78.4 67.1 60.2 50.9 47.9 65.7 34.4 22.9 28.5 29.9 47.0 35.2 63.9 55.0 32.4 51.8 90.1 64.3 66.0 75.5 93.8 98.9 74.6 56.3 33.1 35.2 30.6 26.6 26.1 30.5 52.1 69.1 90.3 102.1 114.7 132.7 131.9
-9999.0 -9999.0 -9999.0 -9999.0 -9999.0 -9999.0 -9999.0 -9999.0 -9999.0 16.4 18.4 18.5 37.1 37.8 32.3 29.1 40.0 73.2 46.4 64.1 46.9 38.1 38.8 41.5 44.1 46.3 54.0 59.7 61.4 76.8 71.9 81.1 86.7 95.0 91.3 93.5 93.6 97.1 91.0 88.9 75.7 69.5 57.7 49.1 54.5 54.0 55.2 53.9 54.5 51.6 56.9 47.5 44.0 50.0 86.0 71.2 65.4 71.9 95.9 92.6 87.6 85.9 74.8 39.8 41.1 34.9 31.6 35.3 65.7 85.3 107.5 105.9 115.8 136.0 155.2
-9999.0 -9999.0 -9999.0 -9999.0 -9999.0 -9999.0 -9999.0 -9999.0 -9999.0 -9999.0 -9999.0 27.8 12.2 36.2 28.9 34.6 32.4 30.2 29.6 34.0 42.0 35.1 38.2 36.5 50.0 47.8 55.8 61.3 66.1 70.7 78.0 90.9 91.8 98.3 101.4 114.4 110.2 113.1 129.8 112.2 110.7 92.2 75.5 65.6 79.6 65.9 86.3 75.1 78.9 70.8 54.6 51.9 54.2 70.4 98.1 97.5 90.5 100.1 96.7 94.3 97.4 84.5 70.5 59.0 59.0 39.5 30.9 45.2 77.0 111.4 123.2 118.9 108.6 115.3 116.6
-9999.0 -9999.0 -9999.0 -9999.0 -9999.0 -9999.0 -9999.0 -9999.0 -9999.0 -9999.0 -9999.0 -9999.0 11.1 12.6 27.6 21.4 41.5 28.5 28.9 43.3 24.3 28.6 31.2 31.3 56.6 42.3 45.5 57.9 64.0 78.2 81.1 88.6 96.4 106.5 112.9 116.9 130.4 128.0 128.6 126.7 121.8 110.8 97.2 93.2 87.2 90.4 99.7 89.3 92.2 88.6 94.4 85.5 75.2 77.4 97.1 116.3 124.2 133.6 97.9 111.9 99.8 98.8 89.7 75.6 63.9 75.8 59.0 77.8 111.4 150.4 136.9 91.6 84.1 98.6 128.9
-9999.0 -9999.0 -9999.0 -9999.0 -9999.0 -9999.0 -9999.0 -9999.0 -9999.0 -9999.0 -9999.0 -9999.0 23.8 8.2 7.9 19.8 12.4 16.7 27.4 25.0 24.8 29.0 28.9 27.7 28.7 36.3 43.1 49.0 60.1 68.8 80.7 92.3 99.0 106.1 113.3 118.9 128.7 136.1 140.5 142.5 137.2 127.3 124.9 104.7 107.9 116.0 107.9 109.6 102.4 112.3 104.7 103.6 92.9 106.1 107.3 131.6 131.8 136.7 116.6 110.4 103.7 96.3 95.8 97.5 73.8 85.3 72.4 93.2 134.3 188.8 227.6 258.4 263.1 188.3 194.4
-9999.0 -9999.0 -9999.0 -9999.0 -9999.0 -9999.0 -9999.0 -9999.0 -9999.0 -9999.0 -9999.0 -9999.0 -9999.0 10.8 20.7 8.2 15.3 12.6 13.1 14.8 18.3 17.4 24.0 22.2 27.0 37.4 43.7 54.2 59.8 69.2 79.2 89.6 97.9 104.7 111.3 116.5 122.7 130.6 145.3 146.5 146.6 144.1 133.9 134.1 121.0 116.1 128.9 143.0 150.3 147.2 139.2 121.9 116.4 156.1 151.1 152.3 149.1 155.8 165.6 140.4 127.2 111.8 106.8 91.1 80.0 94.8 117.3 137.8 188.0 240.6 241.2 250.9 259.8 251.1 271.6
-9999.0 -9999.0 -9999.0 -9999.0 -9999.0 -9999.0 -9999.0 -9999.0 -9999.0 -9999.0 -9999.0 -9999.0 8.0 17.2 15.4 9.6 19.9 15.0 15.4 11.4 13.0 14.9 18.2 20.3 23.8 32.3 37.7 45.1 54.9 65.8 77.2 89.9 93.9 101.8 104.6 109.8 112.3 121.9 130.0 137.2 146.3 154.0 158.0 133.4 136.2 140.3 143.0 148.8 163.7 168.0 174.7 179.5 152.8 165.3 156.7 159.3 176.9 153.0 166.4 154.8 145.7 137.8 121.8 122.6 108.5 117.0 135.3 157.8 235.5 322.2 390.2 420.9 389.2 348.1 326.1
-9999.0 -9999.0 -9999.0 -9999.0 -9999.0 -9999.0 -9999.0 -9999.0 -9999.0 -9999.0 -9999.0 -9999.0 10.8 4.4 7.0 22.5 18.9 9.9 10.6 14.3 11.9 15.4 16.9 19.1 21.9 26.9 33.5 41.9 51.9 64.5 77.6 87.7 90.1 102.8 103.9 100.8 106.4 109.1 117.9 129.5 135.1 138.2 137.3 137.9 142.2 152.4 172.5 180.6 186.6 171.1 172.1 190.3 172.8 165.5 163.7 152.3 171.4 185.1 179.9 187.3 181.2 173.5 133.6 115.8 114.6 162.6 167.6 187.0 239.0 352.0 480.3 561.1 559.5 507.2 443.7
-9999.0 -9999.0 -9999.0 -9999.0 -9999.0 -9999.0 -9999.0 -9999.0 -9999.0 -9999.0 -9999.0 -9999.0 2.4 8.6 4.9 7.3 8.2 16.4 12.1 13.0 18.3 19.2 16.1 19.1 20.8 25.8 30.3 37.3 48.0 59.9 73.5 76.9 95.6 105.3 102.1 93.4 92.8 95.9 108.0 114.8 130.0 142.9 142.7 138.6 144.9 164.0 178.5 176.7 166.1 169.7 180.6 176.4 246.7 257.3 219.1 158.5 182.2 201.4 209.7 193.6 184.8 169.3 187.7 119.2 131.6 240.1 224.2 218.5 263.4 372.9 523.0 650.7 679.8 615.2 544.5
-9999.0 -9999.0 -9999.0 -9999.0 -9999.0 -9999.0 -9999.0 -9999.0 -9999.0 -9999.0 -9999.0 -9999.0 -9999.0 16.1 13.6 7.3 9.4 9.4 13.4 15.3 22.9 15.5 17.9 19.8 19.3 22.6 27.1 34.1 40.6 56.8 60.9 75.3 82.0 96.1 88.3 69.9 69.9 83.9 92.2 112.5 129.6 129.9 141.4 146.2 142.0 144.2 158.0 136.0 167.3 168.5 153.3 216.2 221.2 201.6 250.8 247.2 188.7 201.6 223.8 250.0 217.5 272.6 176.6 101.3 234.3 281.7 256.6 230.2 264.5 368.0 527.2 670.2 722.9 674.2 600.0
-9999.0 -9999.0 -9999.0 -9999.0 -9999.0 -9999.0 -9999.0 -9999.0 -9999.0 -9999.0 -9999.0 -9999.0 -9999.0 3.0 11.7 7.6 14.6 9.5 11.1 13.2 20.3 19.5 19.9 18.5 18.5 20.7 23.9 30.4 36.5 38.3 47.6 58.7 76.9 79.1 65.5 60.6 66.9 71.7 75.4 82.1 113.9 127.3 135.9 138.1 147.5 133.4 131.4 105.5 116.3 127.3 172.2 152.9 225.0 268.8 292.5 271.0 229.6 233.7 254.5 195.3 229.0 142.9 103.4 167.9 226.4 262.6 235.4 212.5 236.9 325.2 465.1 612.9 692.3 680.9 613.0
-9999.0 -9999.0 -9999.0 -9999.0 -9999.0 -9999.0 -9999.0 -9999.0 -9999.0 -9999.0 -9999.0 -9999.0 -9999.0 -9999.0 -9999.0 8.3 8.9 11.7 11.7 12.3 16.9 15.3 15.8 17.0 18.2 19.4 22.7 23.8 27.2 35.3 40.4 51.6 48.7 53.1 58.8 45.0 43.7 74.1 72.8 84.2 88.9 103.5 117.1 122.1 119.1 103.1 100.2 69.1 95.4 67.6 119.1 213.5 205.1 239.8 196.4 264.7 271.9 221.0 289.7 289.8 158.3 122.3 142.4 148.8 187.3 215.6 205.2 191.6 206.6 268.4 376.5 497.4 567.6 582.4 542.4
-9999.0 -9999.0 -9999.0 -9999.0 -9999.0 -9999.0 -9999.0 -9999.0 -9999.0 -9999.0 -9999.0 -9999.0 -9999.0 -9999.0 -9999.0 -9999.0 -9999.0 21.8 13.6 -9999.0 15.4 16.6 16.7 17.7 18.3 19.0 21.3 21.2 25.4 26.2 34.0 50.4 37.7 68.1 86.4 50.5 35.5 94.4 63.2 71.0 78.0 82.8 95.8 101.4 137.6 90.0 120.3 93.6 55.9 82.8 62.5 118.0 106.7 213.7 245.5 266.8 250.8 303.4 298.8 294.2 155.4 131.1 120.6 127.4 143.8 166.7 181.6 176.1 186.7 222.7 286.3 377.3 431.3 431.4 431.4
-9999.0 -9999.0 -9999.0 -9999.0 -9999.0 -9999.0 -9999.0 -9999.0 -9999.0 -9999.0 -9999.0 -9999.0 -9999.0 -9999.0 -9999.0 -9999.0 -9999.0 -9999.0 -9999.0 -9999.0 -9999.0 17.8 18.4 21.1 19.4 22.7 23.2 23.8 24.0 31.3 32.9 61.5 65.7 62.9 73.7 43.5 47.8 56.8 76.9 115.4 115.2 63.2 70.9 76.0 123.4 68.7 149.9 49.4 89.2 249.2 74.3 164.4 180.2 120.7 174.4 241.9 271.9 268.6 348.4 288.0 182.1 138.3 99.3 96.1 125.5 157.0 187.0 185.7 194.0 197.9 222.1 271.7 295.4 277.0 263.1
-9999.0 -9999.0 -9999.0 -9999.0 -9999.0 -9999.0 -9999.0 -9999.0 -9999.0 -9999.0 -9999.0 -9999.0 -9999.0 -9999.0 -9999.0 -9999.0 -9999.0 -9999.0 -9999.0 -9999.0 -9999.0 -9999.0 -9999.0 38.0 23.9 25.7 26.5 25.4 22.1 29.0 29.9 33.0 28.2 35.7 29.9 29.5 26.6 39.6 32.6 34.7 40.7 45.4 54.4 69.3 108.5 212.5 74.1 49.3 47.3 44.2 38.4 97.3 57.5 88.5 103.9 138.5 219.3 288.4 281.6 293.5 232.0 184.9 136.7 87.0 101.4 155.6 203.7 204.8 167.2 176.9 183.1 192.4 195.2 205.6 176.6
-9999.0 -9999.0 -9999.0 -9999.0 -9999.0 -9999.0 -9999.0 -9999.0 -9999.0 -9999.0 -9999.0 -9999.0 -9999.0 -9999.0 -9999.0 -9999.0 -9999.0 -9999.0 -9999.0 -9999.0 -9999.0 -9999.0 -9999.0 -9999.0 -9999.0 96.3 45.2 25.6 24.4 26.1 27.1 42.2 50.3 39.3 45.1 26.8 23.6 30.1 24.9 30.8 29.4 35.5 136.6 107.7 195.6 220.9 121.9 168.2 37.8 34.5 67.7 50.7 84.2 87.0 82.2 126.1 189.6 237.0 287.3 288.1 260.9 214.5 248.0 99.3 109.7 153.0 180.8 149.9 148.8 154.2 147.9 141.1 132.4 150.5 150.1
-9999.0 -9999.0 -9999.0 -9999.0 -9999.0 -9999.0 -9999.0 -9999.0 -9999.0 -9999.0 -9999.0 -9999.0 -9999.0 -9999.0 -9999.0 -9999.0 -9999.0 -9999.0 -9999.0 -9999.0 -9999.0 -9999.0 -9999.0 -9999.0 -9999.0 -9999.0 -9999.0 171.2 182.1 70.9 70.6 76.8 34.7 100.7 44.6 194.4 45.7 44.5 87.3 37.5 27.4 54.7 151.7 239.0 227.7 228.8 223.3 189.2 149.4 50.1 63.0 54.9 42.9 56.8 83.9 129.7 199.3 262.4 269.2 269.9 257.8 223.2 147.8 120.6 138.7 131.6 155.7 165.8 151.3 140.0 126.1 119.3 106.8 114.2 111.5
-9999.0 -9999.0 -9999.0 -9999.0 -9999.0 -9999.0 -9999.0 -9999.0 -9999.0 -9999.0 -9999.0 -9999.0 -9999.0 -9999.0 -9999.0 -9999.0 -9999.0 -9999.0 -9999.0 -9999.0 -9999.0 -9999.0 -9999.0 -9999.0 -9999.0 -9999.0 -9999.0 -9999.0 -9999.0 -9999.0 -9999.0 -9999.0 -9999.0 204.1 73.8 -9999.0 -9999.0 -9999.0 187.6 69.9 121.0 168.2 126.8 271.6 289.9 257.7 -9999.0 -9999.0 -9999.0 -9999.0 -9999.0 -9999.0 52.6 77.8 107.0 162.4 215.6 280.7 271.0 263.6 233.7 212.2 167.0 146.0 141.0 145.1 152.8 154.5 143.6 127.5 109.7 100.2 99.1 100.5 100.0
-9999.0 -9999.0 -9999.0 -9999.0 -9999.0 -9999.0 -9999.0 -9999.0 -9999.0 -9999.0 -9999.0 -9999.0 -9999.0 -9999.0 -9999.0 -9999.0 -9999.0 -9999.0 -9999.0 -9999.0 -9999.0 -9999.0 -9999.0 -9999.0 -9999.0 -9999.0 -9999.0 -9999.0 -9999.0 -9999.0 -9999.0 -9999.0 -9999.0 -9999.0 -9999.0 -9999.0 -9999.0 -9999.0 -9999.0 397.5 371.6 357.7 342.2 319.6 -9999.0 -9999.0 -9999.0 -9999.0 -9999.0 -9999.0 -9999.0 -9999.0 69.0 109.2 122.6 160.0 205.9 239.8 249.4 238.2 212.8 186.8 177.0 157.0 181.1 185.5 181.2 150.6 131.5 120.8 103.1 90.1 91.9 98.3 103.0
-9999.0 -9999.0 -9999.0 -9999.0 -9999.0 -9999.0 -9999.0 -9999.0 -9999.0 -9999.0 -9999.0 -9999.0 -9999.0 -9999.0 -9999.0 -9999.0 -9999.0 -9999.0 -9999.0 -9999.0 -9999.0 -9999.0 -9999.0 -9999.0 -9999.0 -9999.0 -9999.0 -9999.0 -9999.0 -9999.0 -9999.0 -9999.0 -9999.0 -9999.0 -9999.0 -9999.0 -9999.0 -9999.0 -9999.0 -9999.0 -9999.0 -9999.0 -9999.0 -9999.0 -9999.0 -9999.0 -9999.0 -9999.0 -9999.0 -9999.0 -9999.0 -9999.0 84.2 147.4 141.4 178.9 168.7 184.5 198.4 197.7 182.4 159.3 245.9 153.2 178.4 178.9 158.4 139.5 121.5 106.9 90.9 84.3 104.9 104.1 107.2
-9999.0 -9999.0 -9999.0 -9999.0 -9999.0 -9999.0 -9999.0 -9999.0 -9999.0 -9999.0 -9999.0 -9999.0 -9999.0 -9999.0 -9999.0 -9999.0 -9999.0 -9999.0 -9999.0 -9999.0 -9999.0 -9999.0 -9999.0 -9999.0 -9999.0 -9999.0 -9999.0 -9999.0 -9999.0 -9999.0 -9999.0 -9999.0 -9999.0 -9999.0 -9999.0 -9999.0 -9999.0 -9999.0 -9999.0 -9999.0 -9999.0 -9999.0 -9999.0 -9999.0 -9999.0 -9999.0 -9999.0 -9999.0 -9999.0 -9999.0 -9999.0 150.0 131.1 176.2 108.9 137.8 134.6 166.2 167.4 168.6 169.5 145.2 122.0 137.4 170.3 187.1 156.3 122.0 116.5 97.8 85.6 87.6 104.8 126.5 123.2
-9999.0 -9999.0 -9999.0 -9999.0 -9999.0 -9999.0 -9999.0 -9999.0 -9999.0 -9999.0 -9999.0 -9999.0 -9999.0 -9999.0 -9999.0 -9999.0 -9999.0 -9999.0 -9999.0 -9999.0 -9999.0 -9999.0 -9999.0 -9999.0 -9999.0 -9999.0 -9999.0 -9999.0 -9999.0 -9999.0 -9999.0 -9999.0 -9999.0 -9999.0 -9999.0 -9999.0 -9999.0 -9999.0 -9999.0 -9999.0 -9999.0 -9999.0 -9999.0 -9999.0 -9999.0 -9999.0 -9999.0 -9999.0 -9999.0 -9999.0 257.1 220.6 208.4 209.8 150.9 152.1 112.5 114.2 153.2 178.6 145.6 141.1 108.0 132.6 177.9 194.8 176.1 132.7 134.6 114.8 109.6 114.6 132.1 138.6 131.1
-9999.0 -9999.0 -9999.0 -9999.0 -9999.0 -9999.0 -9999.0 -9999.0 -9999.0 -9999.0 -9999.0 -9999.0 -9999.0 -9999.0 -9999.0 -9999.0 -9999.0 -9999.0 -9999.0 -9999.0 -9999.0 -9999.0 -9999.0 -9999.0 -9999.0 -9999.0 -9999.0 -9999.0 -9999.0 -9999.0 -9999.0 -9999.0 -9999.0 -9999.0 -9999.0 -9999.0 -9999.0 -9999.0 -9999.0 -9999.0 -9999.0 -9999.0 -9999.0 -9999.0 -9999.0 -9999.0 -9999.0 -9999.0 -9999.0 -9999.0 314.8 320.7 284.3 260.8 233.8 172.6 112.6 173.9 195.2 177.3 139.6 114.2 102.8 131.9 180.9 173.1 164.5 141.5 149.6 146.4 148.5 158.3 169.5 160.8 131.0
-9999.0 -9999.0 -9999.0 -9999.0 -9999.0 -9999.0 -9999.0 -9999.0 -9999.0 -9999.0 -9999.0 -9999.0 -9999.0 -9999.0 -9999.0 -9999.0 -9999.0 -9999.0 -9999.0 -9999.0 -9999.0 -9999.0 -9999.0 -9999.0 -9999.0 -9999.0 -9999.0 -9999.0 -9999.0 -9999.0 -9999.0 -9999.0 -9999.0 -9999.0 -9999.0 -9999.0 -9999.0 -9999.0 -9999.0 -9999.0 -9999.0 -9999.0 -9999.0 -9999.0 -9999.0 -9999.0 -9999.0 -9999.0 -9999.0 -9999.0 357.6 374.7 350.7 392.3 259.8 199.4 262.0 194.1 230.9 172.2 164.0 139.7 123.8 137.1 175.2 183.1 163.1 157.9 165.1 182.6 179.4 202.4 204.1 181.2 130.8
-9999.0 -9999.0 -9999.0 -9999.0 -9999.0 -9999.0 -9999.0 -9999.0 -9999.0 -9999.0 -9999.0 -9999.0 -9999.0 -9999.0 -9999.0 -9999.0 -9999.0 -9999.0 -9999.0 -9999.0 -9999.0 -9999.0 -9999.0 -9999.0 -9999.0 -9999.0 -9999.0 -9999.0 -9999.0 -9999.0 -9999.0 -9999.0 -9999.0 -9999.0 -9999.0 -9999.0 -9999.0 -9999.0 -9999.0 -9999.0 -9999.0 -9999.0 -9999.0 -9999.0 -9999.0 -9999.0 -9999.0 -9999.0 -9999.0 -9999.0 433.0 485.4 443.0 427.1 357.3 341.3 169.2 214.8 224.7 191.8 212.2 182.3 153.2 166.3 191.4 199.3 205.0 187.5 199.1 169.1 191.9 210.8 218.9 192.7 140.0
-9999.0 -9999.0 -9999.0 -9999.0 -9999.0 -9999.0 -9999.0 -9999.0 -9999.0 -9999.0 -9999.0 -9999.0 -9999.0 -9999.0 -9999.0 -9999.0 -9999.0 -9999.0 -9999.0 -9999.0 -9999.0 -9999.0 -9999.0 -9999.0 -9999.0 -9999.0 -9999.0 -9999.0 -9999.0 -9999.0 -9999.0 -9999.0 -9999.0 -9999.0 -9999.0 -9999.0 -9999.0 -9999.0 -9999.0 -9999.0 -9999.0 -9999.0 -9999.0 -9999.0 -9999.0 -9999.0 -9999.0 -9999.0 -9999.0 -9999.0 -9999.0 -9999.0 -9999.0 415.4 333.1 259.8 225.9 229.9 170.6 216.3 355.8 220.4 273.8 215.9 213.3 206.8 227.4 176.8 188.9 185.1 183.1 189.3 196.7 184.4 157.7
-9999.0 -9999.0 -9999.0 -9999.0 -9999.0 -9999.0 -9999.0 -9999.0 -9999.0 -9999.0 -9999.0 -9999.0 -9999.0 -9999.0 -9999.0 -9999.0 -9999.0 -9999.0 -9999.0 -9999.0 -9999.0 -9999.0 -9999.0 -9999.0 -9999.0 -9999.0 -9999.0 -9999.0 -9999.0 -9999.0 -9999.0 -9999.0 -9999.0 -9999.0 -9999.0 -9999.0 -9999.0 -9999.0 -9999.0 -9999.0 -9999.0 -9999.0 -9999.0 -9999.0 -9999.0 -9999.0 -9999.0 -9999.0 -9999.0 -9999.0 -9999.0 -9999.0 -9999.0 418.9 306.7 435.4 204.2 157.8 201.2 344.9 332.6 275.8 356.0 228.3 214.1 201.9 156.8 211.8 164.4 167.1 165.4 169.8 186.7 188.9 173.2
-9999.0 -9999.0 -9999.0 -9999.0 -9999.0 -9999.0 -9999.0 -9999.0 -9999.0 -9999.0 -9999.0 -9999.0 -9999.0 -9999.0 -9999.0 -9999.0 -9999.0 -9999.0 -9999.0 -9999.0 -9999.0 -9999.0 -9999.0 -9999.0 -9999.0 -9999.0 -9999.0 -9999.0 -9999.0 -9999.0 -9999.0 -9999.0 -9999.0 -9999.0 -9999.0 -9999.0 -9999.0 -9999.0 -9999.0 -9999.0 -9999.0 -9999.0 -9999.0 -9999.0 -9999.0 -9999.0 -9999.0 -9999.0 -9999.0 -9999.0 -9999.0 -9999.0 -9999.0 412.3 243.0 300.8 221.0 174.2 220.3 293.3 416.6 398.5 435.3 391.0 196.3 -9999.0 -9999.0 -9999.0 191.6 175.2 190.4 212.6 230.9 228.4 215.1
-9999.0 -9999.0 -9999.0 -9999.0 -9999.0 -9999.0 -9999.0 -9999.0 -9999.0 -9999.0 -9999.0 -9999.0 -9999.0 -9999.0 -9999.0 -9999.0 -9999.0 -9999.0 -9999.0 -9999.0 -9999.0 -9999.0 -9999.0 -9999.0 -9999.0 -9999.0 -9999.0 -9999.0 -9999.0 -9999.0 -9999.0 -9999.0 -9999.0 -9999.0 -9999.0 -9999.0 -9999.0 -9999.0 -9999.0 -9999.0 -9999.0 -9999.0 -9999.0 -9999.0 -9999.0 -9999.0 -9999.0 -9999.0 -9999.0 -9999.0 -9999.0 -9999.0 -9999.0 -9999.0 327.1 262.6 164.1 153.5 252.1 377.9 306.2 -9999.0 -9999.0 -9999.0 -9999.0 -9999.0 -9999.0 -9999.0 193.7 224.8 276.7 290.2 303.8 288.8 251.8
-9999.0 -9999.0 -9999.0 -9999.0 -9999.0 -9999.0 -9999.0 -9999.0 -9999.0 -9999.0 -9999.0 -9999.0 -9999.0 -9999.0 -9999.0 -9999.0 -9999.0 -9999.0 -9999.0 -9999.0 -9999.0 -9999.0 -9999.0 -9999.0 -9999.0 -9999.0 -9999.0 -9999.0 -9999.0 -9999.0 -9999.0 -9999.0 -9999.0 -9999.0 -9999.0 -9999.0 -9999.0 -9999.0 -9999.0 -9999.0 -9999.0 -9999.0 -9999.0 -9999.0 -9999.0 -9999.0 -9999.0 -9999.0 -9999.0 -9999.0 -9999.0 -9999.0 -9999.0 -9999.0 -9999.0 235.8 329.4 213.1 215.3 311.8 331.6 -9999.0 -9999.0 -9999.0 -9999.0 -9999.0 -9999.0 -9999.0 -9999.0 -9999.0 300.2 -9999.0 -9999.0 -9999.0 -9999.0
