program/excelProcessViaJava/data/SURF_CLI_CHN_PRE_MON_GRID_0.5-199807.txt
NCOLS      128
NROWS       72
XLLCORNER    72.000000000000    
YLLCORNER    18.000000000000    
CELLSIZE    0.50000000000000    
NODATA_VALUE   -9999.000    
[rows 33 to 65 of 72, columns 0 to 73 of 128]
-9999.0 -9999.0 -9999.0 -9999.0 3.2 7.9 13.2 12.3 15.5 10.9 16.5 15.8 12.7 6.7 4.7 4.4 4.3 4.6 5.3 6.2 6.5 5.9 4.8 4.7 5.4 7.5 9.8 16.2 16.1 18.3 20.4 22.3 24.0 25.4 24.8 24.1 22.0 27.5 24.2 16.0 8.7 6.7 7.1 9.1 13.4 19.5 26.3 34.7 46.4 58.8 71.1 82.1 87.5 90.9 95.1 96.9 97.7 93.2 91.9 77.5 68.9 61.3 57.7 43.8 35.6 59.9 78.3 72.0 95.9 99.7 106.8 113.9 110.8 108.9
-9999.0 -9999.0 -9999.0 -9999.0 3.0 3.4 8.8 7.3 16.7 19.0 13.9 22.5 20.9 21.4 9.0 8.2 8.0 4.6 3.6 4.1 6.0 6.6 6.9 9.9 13.1 14.5 13.5 14.4 15.5 17.0 18.6 20.6 22.1 23.5 25.0 25.1 27.6 30.6 26.1 19.8 25.8 13.4 13.1 14.1 19.0 25.4 31.7 37.8 45.1 54.5 63.6 70.8 78.1 80.9 84.8 89.0 91.1 88.3 82.2 69.5 66.3 62.4 59.5 64.9 62.0 60.0 89.6 86.2 93.2 119.1 112.0 118.6 122.5 133.3
-9999.0 -9999.0 -9999.0 -9999.0 -9999.0 -9999.0 -9999.0 5.5 10.1 10.8 18.4 20.4 17.4 19.6 19.8 6.0 12.3 7.0 6.2 9.5 13.6 15.2 14.8 13.9 13.3 13.2 13.9 14.6 15.5 16.9 18.2 19.7 21.4 23.4 26.0 27.4 31.8 33.8 40.6 45.4 34.9 54.4 52.8 42.8 35.9 36.4 41.4 44.5 49.5 54.2 59.9 66.0 72.6 76.8 79.9 90.3 93.6 87.2 78.2 68.8 62.7 67.9 68.6 81.7 98.7 85.5 96.8 106.7 107.6 123.5 124.9 129.6 145.6 161.2
-9999.0 -9999.0 -9999.0 -9999.0 -9999.0 -9999.0 -9999.0 8.3 4.4 10.0 13.7 13.5 16.6 20.6 18.2 23.2 17.8 16.9 19.7 15.8 15.1 16.2 14.9 14.6 14.1 14.2 14.4 15.5 15.8 16.7 18.3 19.7 21.5 24.1 26.3 29.7 33.4 39.9 45.9 51.7 59.3 64.9 69.5 76.8 61.7 54.1 55.8 55.9 60.5 60.6 68.2 70.1 72.5 77.7 80.4 92.6 97.6 92.8 78.3 68.1 68.2 79.2 91.1 107.3 108.4 100.0 96.6 101.8 129.7 134.0 146.7 155.8 168.1 182.4
-9999.0 -9999.0 -9999.0 -9999.0 -9999.0 -9999.0 -9999.0 -9999.0 -9999.0 7.3 8.9 9.8 15.3 16.2 15.5 14.9 17.7 22.7 18.6 20.8 17.9 16.0 15.6 15.6 15.5 15.4 16.1 16.6 16.9 18.3 18.9 20.4 22.3 24.9 27.5 31.5 36.7 44.2 51.8 62.6 71.3 82.2 86.1 83.9 84.2 79.2 74.4 70.0 68.1 67.6 70.6 71.9 75.3 80.5 84.9 93.2 98.0 93.3 79.8 74.0 75.4 82.5 97.9 110.0 114.4 95.8 84.0 98.6 137.1 155.2 167.9 165.7 180.3 202.3
-9999.0 -9999.0 -9999.0 -9999.0 -9999.0 -9999.0 -9999.0 -9999.0 -9999.0 -9999.0 -9999.0 11.6 7.5 15.7 14.6 16.8 16.7 16.5 16.5 17.8 19.5 17.8 18.2 17.5 19.4 18.6 19.2 19.5 19.7 20.1 21.0 22.7 24.1 26.7 30.0 35.9 41.2 49.5 63.3 72.0 86.3 95.9 101.1 101.6 105.0 95.1 94.1 84.3 81.0 77.2 74.0 76.3 80.5 86.7 92.8 95.2 97.3 92.8 87.3 85.3 89.1 102.7 119.4 129.9 129.3 64.3 65.9 102.3 142.1 171.1 181.2 186.2 193.8 208.3
-9999.0 -9999.0 -9999.0 -9999.0 -9999.0 -9999.0 -9999.0 -9999.0 -9999.0 -9999.0 -9999.0 -9999.0 6.8 8.2 14.8 13.6 20.5 17.6 18.3 22.6 17.5 19.2 20.1 19.9 24.9 21.7 21.6 23.0 23.1 24.4 24.4 25.5 27.2 30.2 34.1 39.2 48.0 55.7 66.5 79.0 92.6 105.4 114.6 120.3 118.9 115.0 109.9 98.6 92.8 88.1 89.9 89.4 89.7 93.8 101.2 106.5 107.5 107.4 101.6 104.1 113.1 126.1 138.6 144.3 105.5 127.4 80.0 122.3 164.2 194.7 202.5 169.9 158.0 166.2
-9999.0 -9999.0 -9999.0 -9999.0 -9999.0 -9999.0 -9999.0 -9999.0 -9999.0 -9999.0 -9999.0 -9999.0 11.8 5.8 6.1 13.9 10.7 14.3 20.2 20.2 20.9 23.3 23.6 23.1 23.0 25.2 26.2 26.3 27.6 27.9 29.1 30.6 32.0 34.6 38.9 44.4 53.2 63.4 75.0 88.6 102.6 116.2 128.9 133.6 136.8 136.0 127.8 119.2 108.2 103.9 98.7 100.6 100.2 109.4 112.0 123.0 123.4 126.3 122.7 131.4 146.7 160.8 166.6 168.1 88.6 100.6 114.1 177.6 220.7 246.7 276.2 312.6 338.8 327.7
-9999.0 -9999.0 -9999.0 -9999.0 -9999.0 -9999.0 -9999.0 -9999.0 -9999.0 -9999.0 -9999.0 -9999.0 -9999.0 7.6 14.1 7.2 13.8 12.9 14.4 16.8 20.7 20.8 26.4 25.1 28.0 32.7 33.7 35.4 34.8 35.1 35.4 36.5 38.7 41.7 45.6 52.0 60.5 71.5 88.0 99.6 114.1 128.6 140.4 150.1 154.1 154.4 152.5 148.0 140.3 129.9 121.8 114.6 116.5 144.1 145.9 149.9 150.3 159.3 176.8 175.0 188.5 192.2 189.8 130.2 76.2 91.1 135.7 237.1 289.3 330.7 300.7 294.0 336.6 308.1
-9999.0 -9999.0 -9999.0 -9999.0 -9999.0 -9999.0 -9999.0 -9999.0 -9999.0 -9999.0 -9999.0 -9999.0 5.2 11.7 12.2 9.0 18.1 16.3 18.3 15.2 18.3 21.9 26.9 29.4 32.0 38.7 39.9 40.8 42.2 43.5 44.2 45.3 47.9 50.6 55.7 62.8 72.7 84.1 97.6 112.2 128.0 142.7 155.2 162.9 171.0 176.1 177.2 173.2 165.3 154.8 152.9 158.2 146.6 163.0 164.5 174.7 196.9 174.8 204.6 209.6 226.6 235.7 203.3 195.6 118.1 103.7 269.2 326.3 340.7 354.7 394.5 373.5 233.3 119.6
-9999.0 -9999.0 -9999.0 -9999.0 -9999.0 -9999.0 -9999.0 -9999.0 -9999.0 -9999.0 -9999.0 -9999.0 7.3 2.6 5.7 19.4 19.1 11.7 14.0 21.2 18.8 26.9 30.7 34.7 37.2 40.9 45.4 48.8 51.6 53.4 55.3 57.1 59.8 63.5 69.5 77.9 89.9 102.9 117.2 132.0 143.9 155.5 165.6 175.0 184.2 191.6 195.5 194.9 188.4 170.2 162.4 176.7 168.5 170.0 180.5 181.3 215.1 237.7 237.6 270.5 286.0 291.2 183.0 109.7 88.9 178.1 186.7 348.8 431.3 472.8 429.1 314.0 193.3 183.9
-9999.0 -9999.0 -9999.0 -9999.0 -9999.0 -9999.0 -9999.0 -9999.0 -9999.0 -9999.0 -9999.0 -9999.0 0.9 6.6 2.9 6.3 8.2 20.9 17.5 21.4 32.5 37.4 35.0 43.3 45.9 54.7 57.2 63.5 63.1 66.4 69.4 72.5 75.4 80.7 87.9 98.1 112.6 129.0 144.9 155.0 164.5 174.2 176.3 188.0 190.5 196.0 200.0 196.8 182.1 173.0 175.8 171.5 239.9 260.1 242.0 187.1 233.6 266.7 289.4 273.0 274.3 259.6 316.3 107.4 83.2 210.6 239.5 297.1 375.9 421.3 371.0 292.5 197.4 186.5
-9999.0 -9999.0 -9999.0 -9999.0 -9999.0 -9999.0 -9999.0 -9999.0 -9999.0 -9999.0 -9999.0 -9999.0 -9999.0 13.5 12.8 5.9 9.9 10.9 20.8 27.5 42.9 36.0 45.8 53.6 52.2 60.2 65.6 70.3 77.6 80.5 86.7 90.4 94.7 100.6 109.3 123.5 139.9 159.7 175.3 184.3 186.6 184.3 185.5 185.5 187.6 186.1 185.9 164.8 176.4 171.4 154.8 216.7 227.3 207.5 278.9 288.4 227.8 254.6 301.9 363.7 338.8 427.5 292.8 72.9 187.5 176.1 209.9 257.4 326.4 358.2 326.8 246.0 190.8 137.6
-9999.0 -9999.0 -9999.0 -9999.0 -9999.0 -9999.0 -9999.0 -9999.0 -9999.0 -9999.0 -9999.0 -9999.0 -9999.0 0.5 11.1 5.6 18.4 10.0 15.3 24.3 44.3 49.3 56.7 59.6 55.9 67.9 76.7 80.8 89.6 103.0 106.5 111.6 116.9 123.9 135.3 149.7 166.6 187.8 201.8 201.7 200.9 193.5 186.8 181.3 184.7 168.7 160.0 128.5 129.1 134.1 178.9 155.8 241.9 296.9 330.3 313.8 266.0 281.6 332.6 244.2 352.2 190.5 127.7 274.5 215.7 179.3 195.2 233.5 273.2 302.4 289.9 244.1 198.0 189.2
-9999.0 -9999.0 -9999.0 -9999.0 -9999.0 -9999.0 -9999.0 -9999.0 -9999.0 -9999.0 -9999.0 -9999.0 -9999.0 -9999.0 -9999.0 6.1 6.7 14.6 15.7 18.3 40.7 40.9 48.1 59.8 71.6 79.3 98.9 99.4 113.5 113.0 123.3 130.7 140.8 148.4 155.8 175.3 192.8 197.9 215.1 214.2 205.2 194.4 182.4 170.9 159.3 141.6 129.7 89.4 109.5 68.7 128.2 238.4 234.7 280.9 221.1 314.0 321.6 247.0 374.3 404.0 195.0 153.9 300.8 293.0 249.8 219.3 212.8 221.3 233.5 246.7 257.4 247.7 216.7 229.3
-9999.0 -9999.0 -9999.0 -9999.0 -9999.0 -9999.0 -9999.0 -9999.0 -9999.0 -9999.0 -9999.0 -9999.0 -9999.0 -9999.0 -9999.0 -9999.0 -9999.0 0.0 2.2 -9999.0 15.3 45.8 43.3 54.6 78.3 86.4 110.6 111.9 114.0 130.3 135.4 142.4 158.0 157.0 150.2 170.6 203.0 166.6 205.4 203.0 193.4 185.1 168.8 154.7 168.1 127.1 145.1 119.7 66.9 96.1 59.7 139.9 118.8 276.7 321.2 347.8 325.1 388.6 387.0 400.6 183.3 187.0 242.6 260.5 238.8 229.6 225.3 209.9 204.6 209.5 231.2 214.4 221.8 278.8
-9999.0 -9999.0 -9999.0 -9999.0 -9999.0 -9999.0 -9999.0 -9999.0 -9999.0 -9999.0 -9999.0 -9999.0 -9999.0 -9999.0 -9999.0 -9999.0 -9999.0 -9999.0 -9999.0 -9999.0 -9999.0 33.1 54.1 84.8 82.1 76.9 91.3 104.9 119.3 122.7 136.3 135.3 148.4 150.9 134.7 153.9 158.1 161.4 153.2 141.2 145.4 163.0 153.5 138.7 150.2 108.0 145.2 68.1 117.0 278.2 93.1 211.5 242.0 185.4 269.0 347.5 380.3 367.5 454.0 375.0 229.5 205.5 178.9 192.4 225.4 245.2 248.0 224.0 206.3 194.4 202.2 208.8 238.5 310.6
-9999.0 -9999.0 -9999.0 -9999.0 -9999.0 -9999.0 -9999.0 -9999.0 -9999.0 -9999.0 -9999.0 -9999.0 -9999.0 -9999.0 -9999.0 -9999.0 -9999.0 -9999.0 -9999.0 -9999.0 -9999.0 -9999.0 -9999.0 27.8 69.6 79.0 91.4 107.5 131.3 124.8 135.3 142.5 161.6 146.2 153.2 148.4 163.1 135.2 151.7 148.1 135.9 139.2 121.4 116.3 130.0 152.9 94.8 65.1 52.9 45.5 46.0 139.0 91.9 152.5 187.6 235.4 331.9 390.9 316.5 365.3 324.3 293.4 247.9 194.1 230.4 290.7 299.1 263.6 214.4 191.4 180.1 202.6 239.8 280.0
-9999.0 -9999.0 -9999.0 -9999.0 -9999.0 -9999.0 -9999.0 -9999.0 -9999.0 -9999.0 -9999.0 -9999.0 -9999.0 -9999.0 -9999.0 -9999.0 -9999.0 -9999.0 -9999.0 -9999.0 -9999.0 -9999.0 -9999.0 -9999.0 -9999.0 22.0 68.9 147.4 144.8 167.0 141.8 119.6 113.0 118.9 96.2 129.7 162.6 104.5 122.7 94.6 114.9 96.5 111.0 113.5 137.8 140.5 111.4 123.0 55.1 39.2 98.5 76.3 129.8 140.6 137.0 188.0 266.3 294.5 351.0 337.2 321.9 307.3 334.5 253.5 302.6 369.6 356.8 257.3 203.0 168.1 167.4 193.1 221.6 239.7
-9999.0 -9999.0 -9999.0 -9999.0 -9999.0 -9999.0 -9999.0 -9999.0 -9999.0 -9999.0 -9999.0 -9999.0 -9999.0 -9999.0 -9999.0 -9999.0 -9999.0 -9999.0 -9999.0 -9999.0 -9999.0 -9999.0 -9999.0 -9999.0 -9999.0 -9999.0 -9999.0 20.6 27.3 78.3 83.2 80.7 130.1 58.9 82.2 36.3 57.1 53.9 45.1 56.3 71.1 71.1 100.4 125.5 131.5 133.3 130.5 122.6 112.0 56.6 79.4 85.3 62.2 81.3 109.5 161.6 223.9 287.0 305.0 320.1 417.3 295.4 288.2 261.8 233.6 293.5 354.1 320.9 221.7 157.6 153.6 172.0 190.3 199.8
-9999.0 -9999.0 -9999.0 -9999.0 -9999.0 -9999.0 -9999.0 -9999.0 -9999.0 -9999.0 -9999.0 -9999.0 -9999.0 -9999.0 -9999.0 -9999.0 -9999.0 -9999.0 -9999.0 -9999.0 -9999.0 -9999.0 -9999.0 -9999.0 -9999.0 -9999.0 -9999.0 -9999.0 -9999.0 -9999.0 -9999.0 -9999.0 -9999.0 31.4 48.1 -9999.0 -9999.0 -9999.0 41.5 42.6 58.7 80.8 89.4 122.7 131.5 133.7 -9999.0 -9999.0 -9999.0 -9999.0 -9999.0 -9999.0 71.1 93.7 124.4 182.7 234.7 333.7 337.8 405.5 379.9 298.9 271.0 246.1 267.7 303.7 308.3 266.0 212.9 169.3 165.9 176.5 193.1 173.6
-9999.0 -9999.0 -9999.0 -9999.0 -9999.0 -9999.0 -9999.0 -9999.0 -9999.0 -9999.0 -9999.0 -9999.0 -9999.0 -9999.0 -9999.0 -9999.0 -9999.0 -9999.0 -9999.0 -9999.0 -9999.0 -9999.0 -9999.0 -9999.0 -9999.0 -9999.0 -9999.0 -9999.0 -9999.0 -9999.0 -9999.0 -9999.0 -9999.0 -9999.0 -9999.0 -9999.0 -9999.0 -9999.0 -9999.0 61.5 77.4 94.4 111.0 125.3 -9999.0 -9999.0 -9999.0 -9999.0 -9999.0 -9999.0 -9999.0 -9999.0 80.8 124.2 132.8 193.4 267.8 338.5 399.5 432.0 410.2 324.6 253.4 226.4 233.0 264.1 278.9 300.0 243.4 195.6 197.6 220.8 210.0 189.0
-9999.0 -9999.0 -9999.0 -9999.0 -9999.0 -9999.0 -9999.0 -9999.0 -9999.0 -9999.0 -9999.0 -9999.0 -9999.0 -9999.0 -9999.0 -9999.0 -9999.0 -9999.0 -9999.0 -9999.0 -9999.0 -9999.0 -9999.0 -9999.0 -9999.0 -9999.0 -9999.0 -9999.0 -9999.0 -9999.0 -9999.0 -9999.0 -9999.0 -9999.0 -9999.0 -9999.0 -9999.0 -9999.0 -9999.0 -9999.0 -9999.0 -9999.0 -9999.0 -9999.0 -9999.0 -9999.0 -9999.0 -9999.0 -9999.0 -9999.0 -9999.0 -9999.0 93.6 170.9 167.0 212.5 247.0 297.4 350.5 401.3 387.3 328.3 310.2 216.7 233.1 306.6 374.4 336.6 266.2 237.5 254.0 277.2 263.8 204.5
-9999.0 -9999.0 -9999.0 -9999.0 -9999.0 -9999.0 -9999.0 -9999.0 -9999.0 -9999.0 -9999.0 -9999.0 -9999.0 -9999.0 -9999.0 -9999.0 -9999.0 -9999.0 -9999.0 -9999.0 -9999.0 -9999.0 -9999.0 -9999.0 -9999.0 -9999.0 -9999.0 -9999.0 -9999.0 -9999.0 -9999.0 -9999.0 -9999.0 -9999.0 -9999.0 -9999.0 -9999.0 -9999.0 -9999.0 -9999.0 -9999.0 -9999.0 -9999.0 -9999.0 -9999.0 -9999.0 -9999.0 -9999.0 -9999.0 -9999.0 -9999.0 146.8 147.9 216.1 160.0 209.0 227.4 275.5 299.8 238.7 412.7 368.8 255.2 235.6 258.2 318.7 360.0 333.1 287.8 289.2 307.6 311.0 257.4 201.2
-9999.0 -9999.0 -9999.0 -9999.0 -9999.0 -9999.0 -9999.0 -9999.0 -9999.0 -9999.0 -9999.0 -9999.0 -9999.0 -9999.0 -9999.0 -9999.0 -9999.0 -9999.0 -9999.0 -9999.0 -9999.0 -9999.0 -9999.0 -9999.0 -9999.0 -9999.0 -9999.0 -9999.0 -9999.0 -9999.0 -9999.0 -9999.0 -9999.0 -9999.0 -9999.0 -9999.0 -9999.0 -9999.0 -9999.0 -9999.0 -9999.0 -9999.0 -9999.0 -9999.0 -9999.0 -9999.0 -9999.0 -9999.0 -9999.0 -9999.0 219.3 248.9 255.3 274.6 223.1 239.8 209.6 201.2 242.3 338.2 352.4 382.2 277.5 263.5 287.0 314.0 290.9 289.7 311.7 360.0 381.6 331.6 266.9 233.5
-9999.0 -9999.0 -9999.0 -9999.0 -9999.0 -9999.0 -9999.0 -9999.0 -9999.0 -9999.0 -9999.0 -9999.0 -9999.0 -9999.0 -9999.0 -9999.0 -9999.0 -9999.0 -9999.0 -9999.0 -9999.0 -9999.0 -9999.0 -9999.0 -9999.0 -9999.0 -9999.0 -9999.0 -9999.0 -9999.0 -9999.0 -9999.0 -9999.0 -9999.0 -9999.0 -9999.0 -9999.0 -9999.0 -9999.0 -9999.0 -9999.0 -9999.0 -9999.0 -9999.0 -9999.0 -9999.0 -9999.0 -9999.0 -9999.0 -9999.0 302.4 416.0 318.5 347.1 332.0 269.7 212.3 263.5 273.2 255.6 244.4 274.8 225.4 251.2 279.5 262.6 269.9 276.9 355.8 422.3 458.9 405.5 312.3 233.0
-9999.0 -9999.0 -9999.0 -9999.0 -9999.0 -9999.0 -9999.0 -9999.0 -9999.0 -9999.0 -9999.0 -9999.0 -9999.0 -9999.0 -9999.0 -9999.0 -9999.0 -9999.0 -9999.0 -9999.0 -9999.0 -9999.0 -9999.0 -9999.0 -9999.0 -9999.0 -9999.0 -9999.0 -9999.0 -9999.0 -9999.0 -9999.0 -9999.0 -9999.0 -9999.0 -9999.0 -9999.0 -9999.0 -9999.0 -9999.0 -9999.0 -9999.0 -9999.0 -9999.0 -9999.0 -9999.0 -9999.0 -9999.0 -9999.0 -9999.0 369.6 451.8 384.5 542.1 341.8 292.6 384.7 301.7 314.3 205.5 228.7 247.7 224.8 206.8 252.2 271.7 281.5 309.7 372.7 503.4 492.0 499.3 340.0 258.7
-9999.0 -9999.0 -9999.0 -9999.0 -9999.0 -9999.0 -9999.0 -9999.0 -9999.0 -9999.0 -9999.0 -9999.0 -9999.0 -9999.0 -9999.0 -9999.0 -9999.0 -9999.0 -9999.0 -9999.0 -9999.0 -9999.0 -9999.0 -9999.0 -9999.0 -9999.0 -9999.0 -9999.0 -9999.0 -9999.0 -9999.0 -9999.0 -9999.0 -9999.0 -9999.0 -9999.0 -9999.0 -9999.0 -9999.0 -9999.0 -9999.0 -9999.0 -9999.0 -9999.0 -9999.0 -9999.0 -9999.0 -9999.0 -9999.0 -9999.0 608.6 687.9 559.0 541.6 465.3 501.8 320.2 383.8 359.7 232.9 244.1 211.3 154.5 216.9 274.5 318.5 382.6 420.9 509.1 319.2 428.2 418.3 365.9 266.4
-9999.0 -9999.0 -9999.0 -9999.0 -9999.0 -9999.0 -9999.0 -9999.0 -9999.0 -9999.0 -9999.0 -9999.0 -9999.0 -9999.0 -9999.0 -9999.0 -9999.0 -9999.0 -9999.0 -9999.0 -9999.0 -9999.0 -9999.0 -9999.0 -9999.0 -9999.0 -9999.0 -9999.0 -9999.0 -9999.0 -9999.0 -9999.0 -9999.0 -9999.0 -9999.0 -9999.0 -9999.0 -9999.0 -9999.0 -9999.0 -9999.0 -9999.0 -9999.0 -9999.0 -9999.0 -9999.0 -9999.0 -9999.0 -9999.0 -9999.0 -9999.0 -9999.0 -9999.0 490.8 408.0 409.6 453.7 490.7 347.0 297.2 447.3 196.9 330.9 294.5 330.5 365.4 459.8 389.5 465.8 395.3 306.3 306.6 307.7 267.5
-9999.0 -9999.0 -9999.0 -9999.0 -9999.0 -9999.0 -9999.0 -9999.0 -9999.0 -9999.0 -9999.0 -9999.0 -9999.0 -9999.0 -9999.0 -9999.0 -9999.0 -9999.0 -9999.0 -9999.0 -9999.0 -9999.0 -9999.0 -9999.0 -9999.0 -9999.0 -9999.0 -9999.0 -9999.0 -9999.0 -9999.0 -9999.0 -9999.0 -9999.0 -9999.0 -9999.0 -9999.0 -9999.0 -9999.0 -9999.0 -9999.0 -9999.0 -9999.0 -9999.0 -9999.0 -9999.0 -9999.0 -9999.0 -9999.0 -9999.0 -9999.0 -9999.0 -9999.0 567.9 436.3 821.0 480.1 431.1 465.6 554.1 382.7 282.9 475.2 315.9 339.4 351.0 218.1 455.5 254.7 220.6 196.3 275.8 349.6 359.8
-9999.0 -9999.0 -9999.0 -9999.0 -9999.0 -9999.0 -9999.0 -9999.0 -9999.0 -9999.0 -9999.0 -9999.0 -9999.0 -9999.0 -9999.0 -9999.0 -9999.0 -9999.0 -9999.0 -9999.0 -9999.0 -9999.0 -9999.0 -9999.0 -9999.0 -9999.0 -9999.0 -9999.0 -9999.0 -9999.0 -9999.0 -9999.0 -9999.0 -9999.0 -9999.0 -9999.0 -9999.0 -9999.0 -9999.0 -9999.0 -9999.0 -9999.0 -9999.0 -9999.0 -9999.0 -9999.0 -9999.0 -9999.0 -9999.0 -9999.0 -9999.0 -9999.0 -9999.0 681.7 413.2 636.2 536.1 459.0 496.1 475.5 545.9 499.2 625.9 619.5 245.5 -9999.0 -9999.0 -9999.0 255.8 173.5 252.3 422.5 553.3 549.8
-9999.0 -9999.0 -9999.0 -9999.0 -9999.0 -9999.0 -9999.0 -9999.0 -9999.0 -9999.0 -9999.0 -9999.0 -9999.0 -9999.0 -9999.0 -9999.0 -9999.0 -9999.0 -9999.0 -9999.0 -9999.0 -9999.0 -9999.0 -9999.0 -9999.0 -9999.0 -9999.0 -9999.0 -9999.0 -9999.0 -9999.0 -9999.0 -9999.0 -9999.0 -9999.0 -9999.0 -9999.0 -9999.0 -9999.0 -9999.0 -9999.0 -9999.0 -9999.0 -9999.0 -9999.0 -9999.0 -9999.0 -9999.0 -9999.0 -9999.0 -9999.0 -9999.0 -9999.0 -9999.0 687.8 602.2 408.8 377.8 525.3 639.5 397.5 -9999.0 -9999.0 -9999.0 -9999.0 -9999.0 -9999.0 -9999.0 174.1 248.8 426.2 604.7 734.2 644.9
-9999.0 -9999.0 -9999.0 -9999.0 -9999.0 -9999.0 -9999.0 -9999.0 -9999.0 -9999.0 -9999.0 -9999.0 -9999.0 -9999.0 -9999.0 -9999.0 -9999.0 -9999.0 -9999.0 -9999.0 -9999.0 -9999.0 -9999.0 -9999.0 -9999.0 -9999.0 -9999.0 -9999.0 -9999.0 -9999.0 -9999.0 -9999.0 -9999.0 -9999.0 -9999.0 -9999.0 -9999.0 -9999.0 -9999.0 -9999.0 -9999.0 -9999.0 -9999.0 -9999.0 -9999.0 -9999.0 -9999.0 -9999.0 -9999.0 -9999.0 -9999.0 -9999.0 -9999.0 -9999.0 -9999.0 576.7 779.0 491.3 427.0 524.8 477.8 -9999.0 -9999.0 -9999.0 -9999.0 -9999.0 -9999.0 -9999.0 -9999.0 -9999.0 432.6 -9999.0 -9999.0 -9999.0
