program/excelProcessViaJava/data/SURF_CLI_CHN_PRE_MON_GRID_0.5-201309.txt
NCOLS      128
NROWS       72
XLLCORNER    72.000000000000    
YLLCORNER    18.000000000000    
CELLSIZE    0.50000000000000    
NODATA_VALUE   -9999.000    
[rows 34 to 67 of 72, columns 0 to 75 of 128]
-9999.0 -9999.0 -9999.0 -9999.0 0.9 0.5 1.4 0.3 2.6 2.1 0.2 1.5 0.7 0.9 0.3 0.5 0.8 1.1 1.1 0.9 0.8 0.7 0.9 2.2 8.5 16.1 12.8 16.6 19.3 23.2 26.7 33.9 32.7 34.1 35.9 30.6 33.6 34.3 19.1 8.4 11.0 1.9 1.3 0.9 1.2 1.7 2.0 2.0 2.1 3.2 6.0 14.0 42.0 46.4 49.3 53.8 57.3 65.6 69.3 49.8 57.4 43.1 41.5 41.5 37.1 32.3 48.3 51.5 69.7 101.3 108.6 115.3 112.7 108.8 105.8 99.6
-9999.0 -9999.0 -9999.0 -9999.0 -9999.0 -9999.0 -9999.0 0.3 0.7 0.4 2.6 2.9 0.8 1.7 2.2 0.4 1.1 0.9 0.9 1.3 3.1 5.9 7.2 7.7 8.8 10.6 14.7 18.8 23.3 30.3 34.6 38.4 40.9 44.7 48.2 41.7 45.3 36.2 37.9 32.7 10.6 26.8 21.0 11.5 6.2 3.2 6.4 5.4 8.0 5.1 7.0 14.4 30.0 62.9 63.1 50.4 52.5 57.7 74.0 64.7 71.0 56.4 53.8 53.0 54.8 51.0 64.9 84.8 99.0 122.6 129.5 125.8 118.9 111.0 102.8 90.8
-9999.0 -9999.0 -9999.0 -9999.0 -9999.0 -9999.0 -9999.0 1.6 0.2 0.7 1.5 0.9 1.9 4.8 3.2 8.4 4.1 4.3 7.6 4.8 4.9 7.0 6.8 8.0 9.3 11.8 14.8 21.1 23.8 28.6 37.3 43.0 47.3 54.8 51.9 51.9 46.4 46.1 38.8 29.5 24.9 20.7 21.5 36.9 19.6 13.0 20.3 23.5 40.3 31.1 53.6 47.5 33.9 46.2 64.2 53.0 57.4 66.3 76.3 79.8 75.1 72.2 69.8 67.6 61.9 61.7 71.6 88.3 120.9 128.4 138.2 128.3 114.3 103.3 88.3 72.3
-9999.0 -9999.0 -9999.0 -9999.0 -9999.0 -9999.0 -9999.0 -9999.0 -9999.0 0.6 0.7 0.7 2.8 3.4 3.2 3.4 5.5 10.5 7.1 9.7 7.5 6.4 6.9 8.1 9.7 11.9 16.1 20.8 25.2 34.4 37.3 45.3 51.4 58.4 56.8 57.0 53.8 51.9 42.6 37.7 28.2 26.6 23.6 23.5 33.6 39.8 46.6 49.2 51.1 48.5 51.7 43.8 40.8 44.2 62.3 57.2 61.4 69.7 80.1 81.3 81.2 82.4 81.6 76.8 67.7 60.4 63.8 80.2 116.2 126.1 130.2 113.2 99.6 87.2 70.2 42.1
-9999.0 -9999.0 -9999.0 -9999.0 -9999.0 -9999.0 -9999.0 -9999.0 -9999.0 -9999.0 -9999.0 2.4 0.8 4.7 4.3 6.0 6.3 6.4 6.5 7.1 8.2 7.3 8.1 8.6 12.1 13.8 18.2 23.1 28.9 35.2 42.7 52.6 57.2 63.5 66.0 74.6 67.1 63.1 70.1 48.9 45.7 35.2 30.8 32.2 51.2 50.1 73.4 69.5 72.7 63.9 48.8 45.2 45.5 53.9 67.7 68.7 71.1 79.6 82.8 83.8 86.2 87.6 88.9 85.8 76.5 50.3 51.2 72.5 103.6 123.0 117.8 99.2 79.8 64.3 39.5 20.8
-9999.0 -9999.0 -9999.0 -9999.0 -9999.0 -9999.0 -9999.0 -9999.0 -9999.0 -9999.0 -9999.0 -9999.0 1.4 2.3 5.9 5.8 9.5 8.0 8.1 9.8 7.1 7.7 8.3 9.0 13.9 14.1 17.8 24.1 30.4 39.4 46.5 54.7 62.8 72.1 78.4 80.8 89.0 79.0 68.7 57.4 49.0 44.1 43.0 50.3 56.7 69.0 83.7 79.9 80.1 72.7 73.0 63.8 55.6 56.5 67.0 77.7 84.8 93.0 85.9 90.3 88.9 94.0 95.2 90.3 73.7 72.2 50.4 71.9 102.0 119.4 111.3 74.9 49.4 35.8 29.8 25.5
-9999.0 -9999.0 -9999.0 -9999.0 -9999.0 -9999.0 -9999.0 -9999.0 -9999.0 -9999.0 -9999.0 -9999.0 4.7 2.7 3.5 7.4 6.6 7.9 9.3 8.6 8.3 8.6 8.8 9.5 11.3 14.5 18.8 24.7 31.7 39.9 48.7 58.2 66.7 74.8 82.8 87.7 95.7 96.2 88.4 77.2 64.3 58.3 64.4 60.4 72.2 86.1 86.8 89.2 78.7 80.7 71.6 69.8 63.4 70.7 73.9 85.9 90.4 96.5 93.8 92.2 93.9 99.4 98.9 95.7 70.7 60.8 60.1 86.7 119.0 125.3 104.8 86.6 68.0 39.4 31.7 29.2
-9999.0 -9999.0 -9999.0 -9999.0 -9999.0 -9999.0 -9999.0 -9999.0 -9999.0 -9999.0 -9999.0 -9999.0 -9999.0 4.7 7.8 6.6 9.0 8.9 8.8 8.5 8.4 8.3 8.8 10.0 11.9 14.6 18.9 24.3 31.9 40.5 50.4 59.4 67.3 75.8 82.8 90.2 96.9 101.8 107.6 95.2 84.1 80.1 77.1 84.5 83.7 85.9 96.2 104.3 104.5 96.3 87.7 77.4 76.5 95.2 94.0 96.7 99.0 104.9 114.3 105.1 102.7 101.5 99.2 81.7 72.2 58.4 61.1 89.2 113.7 122.8 98.6 63.2 45.5 36.5 39.0 36.7
-9999.0 -9999.0 -9999.0 -9999.0 -9999.0 -9999.0 -9999.0 -9999.0 -9999.0 -9999.0 -9999.0 -9999.0 3.7 6.6 7.8 8.4 10.0 9.9 9.6 9.2 8.9 8.9 9.1 10.5 12.8 14.3 19.1 26.0 33.4 40.9 50.4 60.8 64.7 73.1 79.4 86.4 95.5 100.2 100.3 94.9 95.6 97.1 100.2 90.9 96.8 101.1 102.4 104.0 108.9 107.2 107.9 108.3 96.4 102.1 101.7 104.4 112.7 105.5 113.4 109.1 111.6 115.3 101.9 100.0 70.1 65.6 125.3 117.8 107.3 100.2 90.4 65.5 41.0 27.6 27.3 36.0
-9999.0 -9999.0 -9999.0 -9999.0 -9999.0 -9999.0 -9999.0 -9999.0 -9999.0 -9999.0 -9999.0 -9999.0 4.5 4.6 7.0 9.0 9.4 9.9 9.6 8.8 9.3 8.6 9.1 10.4 13.5 17.6 22.1 28.3 35.2 45.0 53.8 59.7 61.4 70.2 72.9 76.2 82.7 90.1 92.3 86.4 84.6 87.0 93.6 100.6 105.7 110.2 118.2 121.7 124.7 120.3 116.3 116.8 111.4 112.8 114.5 114.3 117.2 125.0 123.7 139.7 148.1 153.5 107.6 82.6 74.7 138.4 105.2 141.9 125.0 102.6 82.3 65.2 55.8 64.1 73.3 61.2
-9999.0 -9999.0 -9999.0 -9999.0 -9999.0 -9999.0 -9999.0 -9999.0 -9999.0 -9999.0 -9999.0 -9999.0 2.8 5.4 6.4 8.1 9.0 8.2 8.6 8.2 6.9 6.8 8.8 8.9 12.1 12.8 18.5 20.6 35.5 44.0 52.6 51.3 63.5 67.4 65.6 63.7 67.0 72.7 76.0 76.4 78.6 90.7 98.4 114.3 113.0 116.9 121.6 123.6 130.0 131.4 126.5 121.6 132.1 137.4 132.2 132.3 134.4 145.6 158.0 153.7 161.5 161.3 193.3 101.4 109.9 194.3 185.7 157.2 130.7 115.4 97.5 88.4 89.9 103.6 143.4 117.3
-9999.0 -9999.0 -9999.0 -9999.0 -9999.0 -9999.0 -9999.0 -9999.0 -9999.0 -9999.0 -9999.0 -9999.0 -9999.0 4.8 5.7 7.0 7.5 8.0 6.9 6.4 5.1 6.7 6.4 6.8 11.8 13.9 19.0 26.7 29.4 45.9 42.7 51.7 53.6 59.8 54.7 48.9 51.6 58.4 63.0 68.6 77.0 86.4 98.2 108.1 117.8 115.4 114.6 118.9 119.5 120.5 116.9 117.8 118.0 125.9 140.5 153.8 154.2 162.5 186.5 224.8 225.3 278.6 218.7 106.7 163.1 165.1 163.3 148.4 141.6 131.5 124.6 115.4 117.4 111.9 132.6 127.6
-9999.0 -9999.0 -9999.0 -9999.0 -9999.0 -9999.0 -9999.0 -9999.0 -9999.0 -9999.0 -9999.0 -9999.0 -9999.0 3.9 4.4 5.7 5.1 6.7 6.5 5.8 4.1 4.2 4.4 5.9 12.8 13.1 15.9 25.8 30.1 20.8 30.6 38.5 50.0 48.8 41.7 40.9 45.1 50.2 54.9 62.1 74.4 86.4 97.9 104.8 104.8 105.0 102.0 100.1 96.7 93.7 94.9 85.6 100.9 121.7 144.4 159.4 174.7 194.2 226.8 213.4 274.2 206.9 137.5 164.0 147.2 133.3 127.6 131.1 140.1 154.2 151.8 139.8 138.0 148.1 165.4 198.1
-9999.0 -9999.0 -9999.0 -9999.0 -9999.0 -9999.0 -9999.0 -9999.0 -9999.0 -9999.0 -9999.0 -9999.0 -9999.0 -9999.0 -9999.0 4.3 5.1 4.6 5.3 6.4 3.8 5.4 6.5 6.7 7.0 9.4 6.2 12.9 10.8 26.6 26.9 35.0 28.5 32.4 36.9 32.4 35.3 51.1 54.8 62.6 67.2 76.6 86.7 94.2 106.9 111.0 86.1 86.9 71.9 57.9 57.6 85.3 74.1 92.9 109.7 145.1 178.6 195.8 254.3 295.4 239.9 165.5 184.5 167.9 147.9 131.9 127.4 138.0 154.4 165.9 168.9 160.5 168.1 189.8 212.4 284.6
-9999.0 -9999.0 -9999.0 -9999.0 -9999.0 -9999.0 -9999.0 -9999.0 -9999.0 -9999.0 -9999.0 -9999.0 -9999.0 -9999.0 -9999.0 -9999.0 -9999.0 23.6 12.6 -9999.0 11.4 4.3 8.9 9.9 5.8 8.0 4.0 8.3 17.4 12.8 22.7 37.5 19.2 41.2 49.2 35.0 30.5 59.2 52.7 59.0 63.2 66.1 73.5 79.5 138.9 101.9 200.3 66.1 51.4 44.7 34.6 36.6 48.6 72.7 99.1 127.6 142.5 205.1 248.7 300.0 171.7 165.0 185.1 181.1 159.9 145.2 147.9 159.2 181.8 196.3 200.2 189.9 206.2 227.5 277.8 346.7
-9999.0 -9999.0 -9999.0 -9999.0 -9999.0 -9999.0 -9999.0 -9999.0 -9999.0 -9999.0 -9999.0 -9999.0 -9999.0 -9999.0 -9999.0 -9999.0 -9999.0 -9999.0 -9999.0 -9999.0 -9999.0 8.1 5.5 2.2 5.4 15.9 15.7 15.6 13.8 24.3 22.5 50.0 43.1 37.3 43.6 32.1 37.8 45.5 57.4 72.9 72.2 54.0 56.9 59.7 117.3 65.6 232.8 63.6 53.5 113.7 30.7 66.5 70.0 42.6 68.8 112.5 141.2 155.9 248.6 273.3 141.6 149.4 169.2 174.4 172.3 166.8 179.5 193.4 215.1 219.8 217.9 200.2 216.8 246.4 288.9 342.6
-9999.0 -9999.0 -9999.0 -9999.0 -9999.0 -9999.0 -9999.0 -9999.0 -9999.0 -9999.0 -9999.0 -9999.0 -9999.0 -9999.0 -9999.0 -9999.0 -9999.0 -9999.0 -9999.0 -9999.0 -9999.0 -9999.0 -9999.0 37.5 11.4 14.6 15.5 12.4 5.1 14.5 13.4 14.4 8.3 17.5 17.2 22.4 24.9 37.1 36.7 39.0 40.7 41.6 42.2 50.7 97.9 258.3 107.3 75.2 78.6 67.5 30.3 52.0 34.8 51.7 52.1 40.9 106.8 165.6 145.9 231.9 164.8 178.1 171.9 142.8 148.2 166.8 191.2 203.6 170.1 184.9 164.0 175.6 199.8 254.1 289.8 335.5
-9999.0 -9999.0 -9999.0 -9999.0 -9999.0 -9999.0 -9999.0 -9999.0 -9999.0 -9999.0 -9999.0 -9999.0 -9999.0 -9999.0 -9999.0 -9999.0 -9999.0 -9999.0 -9999.0 -9999.0 -9999.0 -9999.0 -9999.0 -9999.0 -9999.0 94.4 35.8 0.7 1.3 0.7 3.8 16.0 21.0 15.3 23.4 16.7 16.6 29.3 28.9 33.1 31.4 29.6 79.3 73.8 183.9 252.3 175.5 270.9 46.4 61.5 57.6 55.8 79.7 88.0 55.0 63.2 103.8 108.5 167.4 185.4 191.9 181.4 237.9 128.2 133.6 148.7 153.1 120.3 110.4 114.2 119.0 136.6 168.7 256.5 322.9 345.5
-9999.0 -9999.0 -9999.0 -9999.0 -9999.0 -9999.0 -9999.0 -9999.0 -9999.0 -9999.0 -9999.0 -9999.0 -9999.0 -9999.0 -9999.0 -9999.0 -9999.0 -9999.0 -9999.0 -9999.0 -9999.0 -9999.0 -9999.0 -9999.0 -9999.0 -9999.0 -9999.0 132.2 132.7 38.4 32.3 32.5 4.2 42.5 16.5 80.8 26.9 29.4 42.1 28.1 24.3 28.8 84.4 172.4 199.1 241.1 277.4 282.1 271.4 124.5 175.7 153.4 95.8 97.3 103.6 124.0 93.0 93.1 137.2 131.7 164.9 159.0 133.0 117.3 103.8 107.1 112.1 106.9 93.0 92.3 106.2 149.7 175.2 264.8 298.1 309.4
-9999.0 -9999.0 -9999.0 -9999.0 -9999.0 -9999.0 -9999.0 -9999.0 -9999.0 -9999.0 -9999.0 -9999.0 -9999.0 -9999.0 -9999.0 -9999.0 -9999.0 -9999.0 -9999.0 -9999.0 -9999.0 -9999.0 -9999.0 -9999.0 -9999.0 -9999.0 -9999.0 -9999.0 -9999.0 -9999.0 -9999.0 -9999.0 -9999.0 83.3 22.9 -9999.0 -9999.0 -9999.0 68.6 30.0 47.5 74.2 62.3 179.3 228.0 241.6 -9999.0 -9999.0 -9999.0 -9999.0 -9999.0 -9999.0 150.0 166.3 129.4 116.0 113.0 101.3 107.4 146.1 163.5 138.1 125.0 97.3 86.5 85.6 79.5 70.5 72.7 92.1 117.8 173.2 234.7 251.7 295.4 240.7
-9999.0 -9999.0 -9999.0 -9999.0 -9999.0 -9999.0 -9999.0 -9999.0 -9999.0 -9999.0 -9999.0 -9999.0 -9999.0 -9999.0 -9999.0 -9999.0 -9999.0 -9999.0 -9999.0 -9999.0 -9999.0 -9999.0 -9999.0 -9999.0 -9999.0 -9999.0 -9999.0 -9999.0 -9999.0 -9999.0 -9999.0 -9999.0 -9999.0 -9999.0 -9999.0 -9999.0 -9999.0 -9999.0 -9999.0 155.6 154.7 163.9 176.7 189.2 -9999.0 -9999.0 -9999.0 -9999.0 -9999.0 -9999.0 -9999.0 -9999.0 202.3 215.8 201.4 148.8 117.8 109.8 130.4 168.4 186.0 134.8 95.0 77.2 59.5 61.2 59.9 52.6 56.3 80.5 129.3 176.0 197.1 250.9 193.4 197.3
-9999.0 -9999.0 -9999.0 -9999.0 -9999.0 -9999.0 -9999.0 -9999.0 -9999.0 -9999.0 -9999.0 -9999.0 -9999.0 -9999.0 -9999.0 -9999.0 -9999.0 -9999.0 -9999.0 -9999.0 -9999.0 -9999.0 -9999.0 -9999.0 -9999.0 -9999.0 -9999.0 -9999.0 -9999.0 -9999.0 -9999.0 -9999.0 -9999.0 -9999.0 -9999.0 -9999.0 -9999.0 -9999.0 -9999.0 -9999.0 -9999.0 -9999.0 -9999.0 -9999.0 -9999.0 -9999.0 -9999.0 -9999.0 -9999.0 -9999.0 -9999.0 -9999.0 253.7 251.8 234.1 202.1 126.3 99.7 103.8 124.2 142.4 116.4 85.9 65.5 61.7 76.0 70.7 47.4 44.7 65.9 106.2 144.2 202.4 191.8 191.6 153.5
-9999.0 -9999.0 -9999.0 -9999.0 -9999.0 -9999.0 -9999.0 -9999.0 -9999.0 -9999.0 -9999.0 -9999.0 -9999.0 -9999.0 -9999.0 -9999.0 -9999.0 -9999.0 -9999.0 -9999.0 -9999.0 -9999.0 -9999.0 -9999.0 -9999.0 -9999.0 -9999.0 -9999.0 -9999.0 -9999.0 -9999.0 -9999.0 -9999.0 -9999.0 -9999.0 -9999.0 -9999.0 -9999.0 -9999.0 -9999.0 -9999.0 -9999.0 -9999.0 -9999.0 -9999.0 -9999.0 -9999.0 -9999.0 -9999.0 -9999.0 -9999.0 262.1 269.3 269.8 208.2 177.4 121.6 90.5 71.6 78.8 85.5 82.9 73.8 70.5 82.1 100.6 87.7 73.6 51.4 65.8 88.3 109.6 113.6 109.1 132.6 136.5
-9999.0 -9999.0 -9999.0 -9999.0 -9999.0 -9999.0 -9999.0 -9999.0 -9999.0 -9999.0 -9999.0 -9999.0 -9999.0 -9999.0 -9999.0 -9999.0 -9999.0 -9999.0 -9999.0 -9999.0 -9999.0 -9999.0 -9999.0 -9999.0 -9999.0 -9999.0 -9999.0 -9999.0 -9999.0 -9999.0 -9999.0 -9999.0 -9999.0 -9999.0 -9999.0 -9999.0 -9999.0 -9999.0 -9999.0 -9999.0 -9999.0 -9999.0 -9999.0 -9999.0 -9999.0 -9999.0 -9999.0 -9999.0 -9999.0 -9999.0 231.4 252.9 270.2 262.1 221.7 177.4 124.7 87.6 57.8 58.0 63.9 74.0 74.2 83.4 111.1 123.6 100.0 74.7 62.1 74.7 80.4 91.3 98.1 119.2 149.1 186.6
-9999.0 -9999.0 -9999.0 -9999.0 -9999.0 -9999.0 -9999.0 -9999.0 -9999.0 -9999.0 -9999.0 -9999.0 -9999.0 -9999.0 -9999.0 -9999.0 -9999.0 -9999.0 -9999.0 -9999.0 -9999.0 -9999.0 -9999.0 -9999.0 -9999.0 -9999.0 -9999.0 -9999.0 -9999.0 -9999.0 -9999.0 -9999.0 -9999.0 -9999.0 -9999.0 -9999.0 -9999.0 -9999.0 -9999.0 -9999.0 -9999.0 -9999.0 -9999.0 -9999.0 -9999.0 -9999.0 -9999.0 -9999.0 -9999.0 -9999.0 202.1 229.7 238.1 238.2 211.8 174.9 140.6 91.1 64.7 56.7 58.5 66.3 70.8 93.1 115.7 97.0 89.1 75.1 73.3 80.2 87.1 97.0 106.7 110.8 118.1 128.9
-9999.0 -9999.0 -9999.0 -9999.0 -9999.0 -9999.0 -9999.0 -9999.0 -9999.0 -9999.0 -9999.0 -9999.0 -9999.0 -9999.0 -9999.0 -9999.0 -9999.0 -9999.0 -9999.0 -9999.0 -9999.0 -9999.0 -9999.0 -9999.0 -9999.0 -9999.0 -9999.0 -9999.0 -9999.0 -9999.0 -9999.0 -9999.0 -9999.0 -9999.0 -9999.0 -9999.0 -9999.0 -9999.0 -9999.0 -9999.0 -9999.0 -9999.0 -9999.0 -9999.0 -9999.0 -9999.0 -9999.0 -9999.0 -9999.0 -9999.0 181.3 189.3 209.0 207.9 190.4 170.2 136.6 104.7 85.2 68.2 74.4 77.2 79.9 79.9 94.5 87.0 75.8 73.8 74.5 84.9 101.5 114.7 108.3 127.6 119.8 154.5
-9999.0 -9999.0 -9999.0 -9999.0 -9999.0 -9999.0 -9999.0 -9999.0 -9999.0 -9999.0 -9999.0 -9999.0 -9999.0 -9999.0 -9999.0 -9999.0 -9999.0 -9999.0 -9999.0 -9999.0 -9999.0 -9999.0 -9999.0 -9999.0 -9999.0 -9999.0 -9999.0 -9999.0 -9999.0 -9999.0 -9999.0 -9999.0 -9999.0 -9999.0 -9999.0 -9999.0 -9999.0 -9999.0 -9999.0 -9999.0 -9999.0 -9999.0 -9999.0 -9999.0 -9999.0 -9999.0 -9999.0 -9999.0 -9999.0 -9999.0 150.0 171.1 190.8 188.8 176.9 159.1 135.0 112.9 98.4 65.0 89.6 83.8 51.1 82.9 94.1 88.9 89.4 86.3 90.2 86.4 113.0 115.7 110.8 125.7 127.4 188.1
-9999.0 -9999.0 -9999.0 -9999.0 -9999.0 -9999.0 -9999.0 -9999.0 -9999.0 -9999.0 -9999.0 -9999.0 -9999.0 -9999.0 -9999.0 -9999.0 -9999.0 -9999.0 -9999.0 -9999.0 -9999.0 -9999.0 -9999.0 -9999.0 -9999.0 -9999.0 -9999.0 -9999.0 -9999.0 -9999.0 -9999.0 -9999.0 -9999.0 -9999.0 -9999.0 -9999.0 -9999.0 -9999.0 -9999.0 -9999.0 -9999.0 -9999.0 -9999.0 -9999.0 -9999.0 -9999.0 -9999.0 -9999.0 -9999.0 -9999.0 -9999.0 -9999.0 -9999.0 198.0 192.5 166.2 136.5 118.2 79.7 69.0 159.5 49.2 149.2 106.9 106.5 98.4 108.8 92.0 100.9 116.0 132.9 118.5 96.3 102.9 140.2 173.9
-9999.0 -9999.0 -9999.0 -9999.0 -9999.0 -9999.0 -9999.0 -9999.0 -9999.0 -9999.0 -9999.0 -9999.0 -9999.0 -9999.0 -9999.0 -9999.0 -9999.0 -9999.0 -9999.0 -9999.0 -9999.0 -9999.0 -9999.0 -9999.0 -9999.0 -9999.0 -9999.0 -9999.0 -9999.0 -9999.0 -9999.0 -9999.0 -9999.0 -9999.0 -9999.0 -9999.0 -9999.0 -9999.0 -9999.0 -9999.0 -9999.0 -9999.0 -9999.0 -9999.0 -9999.0 -9999.0 -9999.0 -9999.0 -9999.0 -9999.0 -9999.0 -9999.0 -9999.0 186.6 188.8 146.7 135.5 118.9 114.6 152.8 110.1 74.5 190.7 93.8 103.0 103.1 78.6 121.2 110.6 138.9 157.3 138.6 117.7 127.7 165.9 223.9
-9999.0 -9999.0 -9999.0 -9999.0 -9999.0 -9999.0 -9999.0 -9999.0 -9999.0 -9999.0 -9999.0 -9999.0 -9999.0 -9999.0 -9999.0 -9999.0 -9999.0 -9999.0 -9999.0 -9999.0 -9999.0 -9999.0 -9999.0 -9999.0 -9999.0 -9999.0 -9999.0 -9999.0 -9999.0 -9999.0 -9999.0 -9999.0 -9999.0 -9999.0 -9999.0 -9999.0 -9999.0 -9999.0 -9999.0 -9999.0 -9999.0 -9999.0 -9999.0 -9999.0 -9999.0 -9999.0 -9999.0 -9999.0 -9999.0 -9999.0 -9999.0 -9999.0 -9999.0 164.0 178.9 141.7 130.5 133.7 143.5 149.3 179.8 169.7 237.4 232.4 84.0 -9999.0 -9999.0 -9999.0 140.9 156.7 191.1 208.6 204.5 211.0 240.8 272.8
-9999.0 -9999.0 -9999.0 -9999.0 -9999.0 -9999.0 -9999.0 -9999.0 -9999.0 -9999.0 -9999.0 -9999.0 -9999.0 -9999.0 -9999.0 -9999.0 -9999.0 -9999.0 -9999.0 -9999.0 -9999.0 -9999.0 -9999.0 -9999.0 -9999.0 -9999.0 -9999.0 -9999.0 -9999.0 -9999.0 -9999.0 -9999.0 -9999.0 -9999.0 -9999.0 -9999.0 -9999.0 -9999.0 -9999.0 -9999.0 -9999.0 -9999.0 -9999.0 -9999.0 -9999.0 -9999.0 -9999.0 -9999.0 -9999.0 -9999.0 -9999.0 -9999.0 -9999.0 -9999.0 137.6 130.4 137.4 150.8 164.2 199.2 157.8 -9999.0 -9999.0 -9999.0 -9999.0 -9999.0 -9999.0 -9999.0 135.7 187.5 264.2 281.7 306.1 336.6 330.9 274.0
-9999.0 -9999.0 -9999.0 -9999.0 -9999.0 -9999.0 -9999.0 -9999.0 -9999.0 -9999.0 -9999.0 -9999.0 -9999.0 -9999.0 -9999.0 -9999.0 -9999.0 -9999.0 -9999.0 -9999.0 -9999.0 -9999.0 -9999.0 -9999.0 -9999.0 -9999.0 -9999.0 -9999.0 -9999.0 -9999.0 -9999.0 -9999.0 -9999.0 -9999.0 -9999.0 -9999.0 -9999.0 -9999.0 -9999.0 -9999.0 -9999.0 -9999.0 -9999.0 -9999.0 -9999.0 -9999.0 -9999.0 -9999.0 -9999.0 -9999.0 -9999.0 -9999.0 -9999.0 -9999.0 -9999.0 121.6 119.6 144.3 168.0 192.3 191.5 -9999.0 -9999.0 -9999.0 -9999.0 -9999.0 -9999.0 -9999.0 -9999.0 -9999.0 252.1 -9999.0 -9999.0 -9999.0 -9999.0 -9999.0
-9999.0 -9999.0 -9999.0 -9999.0 -9999.0 -9999.0 -9999.0 -9999.0 -9999.0 -9999.0 -9999.0 -9999.0 -9999.0 -9999.0 -9999.0 -9999.0 -9999.0 -9999.0 -9999.0 -9999.0 -9999.0 -9999.0 -9999.0 -9999.0 -9999.0 -9999.0 -9999.0 -9999.0 -9999.0 -9999.0 -9999.0 -9999.0 -9999.0 -9999.0 -9999.0 -9999.0 -9999.0 -9999.0 -9999.0 -9999.0 -9999.0 -9999.0 -9999.0 -9999.0 -9999.0 -9999.0 -9999.0 -9999.0 -9999.0 -9999.0 -9999.0 -9999.0 -9999.0 -9999.0 -9999.0 -9999.0 -9999.0 -9999.0 161.8 172.4 -9999.0 -9999.0 -9999.0 -9999.0 -9999.0 -9999.0 -9999.0 -9999.0 -9999.0 -9999.0 -9999.0 -9999.0 -9999.0 -9999.0 -9999.0 374.8
-9999.0 -9999.0 -9999.0 -9999.0 -9999.0 -9999.0 -9999.0 -9999.0 -9999.0 -9999.0 -9999.0 -9999.0 -9999.0 -9999.0 -9999.0 -9999.0 -9999.0 -9999.0 -9999.0 -9999.0 -9999.0 -9999.0 -9999.0 -9999.0 -9999.0 -9999.0 -9999.0 -9999.0 -9999.0 -9999.0 -9999.0 -9999.0 -9999.0 -9999.0 -9999.0 -9999.0 -9999.0 -9999.0 -9999.0 -9999.0 -9999.0 -9999.0 -9999.0 -9999.0 -9999.0 -9999.0 -9999.0 -9999.0 -9999.0 -9999.0 -9999.0 -9999.0 -9999.0 -9999.0 -9999.0 -9999.0 -9999.0 -9999.0 -9999.0 -9999.0 -9999.0 -9999.0 -9999.0 -9999.0 -9999.0 -9999.0 -9999.0 -9999.0 -9999.0 -9999.0 -9999.0 -9999.0 -9999.0 -9999.0 -9999.0 -9999.0
