program/excelProcessViaJava/data/SURF_CLI_CHN_PRE_MON_GRID_0.5-201504.txt
NCOLS      128
NROWS       72
XLLCORNER    72.000000000000    
YLLCORNER    18.000000000000    
CELLSIZE    0.50000000000000    
NODATA_VALUE   -9999.000    
[rows 35 to 69 of 72, columns 0 to 76 of 128]
-9999.0 -9999.0 -9999.0 -9999.0 -9999.0 0.3 0.2 0.2 0.2 0.3 0.3 0.3 0.5 0.6 0.7 0.5 0.7 0.6 0.6 0.9 0.8 0.6 0.6 0.6 0.6 0.6 0.7 0.9 1.2 2.0 2.4 2.9 3.2 4.4 6.3 5.3 9.2 8.7 13.7 15.9 7.3 20.4 18.2 10.9 5.2 2.1 3.1 3.4 7.8 10.7 18.0 28.2 34.5 31.6 28.2 27.4 29.8 30.8 37.1 27.9 31.0 18.8 16.3 16.7 19.9 19.1 30.4 46.3 53.8 60.6 59.5 57.0 54.8 47.4 34.9 28.3 23.9
-9999.0 -9999.0 -9999.0 -9999.0 -9999.0 -9999.0 -9999.0 0.1 0.1 0.1 0.1 0.2 0.3 0.3 0.4 0.3 0.4 0.4 0.4 0.4 0.4 0.4 0.4 0.4 0.4 0.5 0.6 1.0 1.0 1.3 2.4 3.1 3.8 6.1 5.3 6.6 6.7 10.1 11.3 11.9 14.6 16.5 19.0 26.3 13.3 6.9 8.8 10.8 21.3 23.5 35.7 36.5 34.6 31.7 28.0 29.2 33.9 38.4 35.7 31.3 30.2 30.4 29.4 31.1 28.4 28.9 37.6 53.4 72.2 70.0 72.3 69.3 65.9 58.6 43.6 38.8 34.5
-9999.0 -9999.0 -9999.0 -9999.0 -9999.0 -9999.0 -9999.0 0.0 0.1 0.1 0.1 0.1 0.1 0.2 0.3 0.3 0.3 0.2 0.3 0.2 0.3 0.3 0.3 0.3 0.4 0.4 0.6 0.8 1.0 2.2 1.8 2.9 3.7 5.5 4.6 5.5 6.2 8.6 8.8 11.7 12.4 16.5 17.5 16.5 19.1 18.1 18.2 19.1 23.4 28.4 35.3 35.6 33.7 30.2 26.6 27.4 33.2 36.7 30.4 27.9 25.5 25.5 32.2 46.3 46.0 44.7 49.0 60.9 80.6 77.5 80.4 77.0 75.9 71.1 61.8 50.6 48.3
-9999.0 -9999.0 -9999.0 -9999.0 -9999.0 -9999.0 -9999.0 -9999.0 -9999.0 -9999.0 0.1 0.1 0.2 0.1 0.2 0.2 0.2 0.2 0.2 0.2 0.2 0.2 0.2 0.3 0.3 0.4 0.7 1.1 1.6 2.1 2.9 5.0 4.6 5.7 5.6 10.0 7.5 8.5 16.7 11.1 15.2 14.8 15.5 16.4 24.7 19.3 28.0 24.3 29.6 32.3 32.3 34.2 32.5 28.9 24.7 22.0 25.6 26.2 26.9 24.7 21.4 26.3 39.9 55.7 60.6 61.8 58.3 70.3 81.7 86.9 87.1 88.5 86.9 80.2 72.8 69.3 67.9
-9999.0 -9999.0 -9999.0 -9999.0 -9999.0 -9999.0 -9999.0 -9999.0 -9999.0 -9999.0 -9999.0 0.1 0.1 0.2 0.1 0.2 0.1 0.2 0.2 0.1 0.2 0.2 0.2 0.2 0.3 0.4 0.6 1.3 2.1 4.0 4.4 5.3 6.4 9.0 10.0 9.4 15.1 10.4 8.9 8.3 9.2 11.6 14.7 20.3 22.4 25.6 29.8 25.0 29.3 33.4 40.8 39.1 32.7 26.4 22.0 19.2 19.1 19.4 27.9 21.4 22.2 24.4 34.4 55.8 79.3 87.2 76.4 85.2 93.5 99.3 97.3 108.1 104.1 93.8 82.7 85.2 78.2
-9999.0 -9999.0 -9999.0 -9999.0 -9999.0 -9999.0 -9999.0 -9999.0 -9999.0 -9999.0 -9999.0 -9999.0 0.0 0.2 0.2 0.1 0.3 0.2 0.1 0.1 0.1 0.1 0.2 0.2 0.3 0.4 0.8 1.4 2.6 3.7 6.0 9.1 9.5 10.1 11.7 10.7 15.2 15.6 13.1 11.6 10.0 11.8 20.0 19.4 27.1 33.9 30.0 29.1 25.9 34.8 36.8 39.0 32.1 27.6 20.8 18.3 19.3 21.4 28.6 28.5 28.6 33.4 42.2 59.2 87.3 99.0 64.4 80.1 95.2 106.8 116.3 127.9 125.4 100.2 92.2 84.6 87.5
-9999.0 -9999.0 -9999.0 -9999.0 -9999.0 -9999.0 -9999.0 -9999.0 -9999.0 -9999.0 -9999.0 -9999.0 0.1 0.1 0.1 0.3 0.2 0.2 0.2 0.2 0.2 0.2 0.2 0.3 0.3 0.5 1.2 2.5 4.1 6.3 7.8 9.5 13.5 14.9 11.6 12.3 13.2 15.7 27.5 19.0 17.0 20.2 22.1 31.1 31.2 32.6 38.4 42.1 43.1 42.2 42.3 37.6 33.6 34.9 25.0 20.2 20.9 23.7 25.6 31.2 34.1 42.1 54.9 80.2 59.2 79.9 94.3 97.5 117.1 123.1 122.1 114.2 108.8 106.4 108.2 95.7 96.0
-9999.0 -9999.0 -9999.0 -9999.0 -9999.0 -9999.0 -9999.0 -9999.0 -9999.0 -9999.0 -9999.0 0.0 0.1 0.0 0.1 0.2 0.1 0.2 0.2 0.3 0.3 0.3 0.2 0.3 0.5 0.8 1.7 3.2 5.4 8.4 11.1 12.3 17.5 15.8 16.5 14.3 19.3 14.9 15.8 17.8 27.8 35.3 41.6 30.8 38.7 43.9 44.1 40.8 43.1 44.2 50.5 52.2 39.4 35.5 27.3 24.2 24.6 36.0 36.3 42.6 46.2 54.4 69.8 89.6 101.2 89.3 61.7 89.7 123.9 138.9 132.8 114.4 105.3 104.3 100.9 94.9 91.7
-9999.0 -9999.0 -9999.0 -9999.0 -9999.0 -9999.0 -9999.0 -9999.0 -9999.0 -9999.0 -9999.0 0.0 0.0 0.2 0.2 0.0 0.1 0.3 0.3 0.2 0.3 0.3 0.3 0.5 0.9 1.8 3.0 5.0 7.6 10.7 13.6 16.5 20.7 16.7 15.3 15.7 13.9 17.1 18.4 16.3 19.7 22.0 27.5 35.5 43.2 50.4 59.0 57.9 55.3 41.9 42.3 49.4 38.7 33.2 31.5 32.3 32.9 38.2 48.7 53.0 60.5 71.3 77.7 80.9 82.8 47.9 75.2 68.6 78.2 92.1 97.8 97.3 104.7 123.4 128.6 106.0 94.8
-9999.0 -9999.0 -9999.0 -9999.0 -9999.0 -9999.0 -9999.0 -9999.0 -9999.0 -9999.0 -9999.0 -9999.0 0.2 0.1 0.3 0.3 0.3 0.1 0.2 0.3 0.2 0.2 0.5 0.7 1.5 2.1 4.2 6.4 10.5 14.1 17.5 22.6 21.3 18.5 16.3 16.0 16.0 18.6 18.9 23.9 22.8 22.8 40.1 35.1 47.3 59.7 64.9 59.3 50.6 48.1 46.5 37.6 55.5 51.3 40.4 41.6 44.7 51.0 59.8 69.4 73.4 79.9 102.7 76.2 43.2 35.6 40.7 55.8 68.5 70.9 76.5 100.4 113.7 136.5 201.5 139.5 173.7
-9999.0 -9999.0 -9999.0 -9999.0 -9999.0 -9999.0 -9999.0 -9999.0 -9999.0 -9999.0 -9999.0 -9999.0 0.1 0.0 0.1 0.3 0.3 0.4 0.2 0.3 0.2 0.5 0.6 1.0 3.0 4.3 6.8 10.2 12.9 17.3 21.1 24.4 26.9 23.0 21.2 26.5 25.5 21.3 24.7 23.6 25.5 44.6 53.9 53.0 49.9 54.2 59.9 50.9 57.0 51.7 37.5 48.1 41.4 32.6 45.2 46.8 54.9 66.2 74.0 81.7 91.0 109.3 105.7 50.6 45.9 41.4 48.1 64.3 73.9 77.7 75.9 82.1 108.7 98.5 120.1 113.6 116.9
-9999.0 -9999.0 -9999.0 -9999.0 -9999.0 -9999.0 -9999.0 -9999.0 -9999.0 -9999.0 -9999.0 -9999.0 -9999.0 0.8 0.1 0.4 0.1 0.6 0.7 0.6 0.3 0.6 1.0 2.2 6.4 7.2 9.2 13.8 16.0 17.1 22.1 26.2 26.9 26.8 29.3 28.6 23.5 25.8 32.9 49.7 35.2 42.1 49.3 54.4 68.5 56.6 54.9 46.1 43.2 38.2 40.7 22.6 37.4 46.5 50.7 48.7 52.8 66.7 79.4 85.4 100.6 74.5 53.8 63.5 52.1 49.6 62.4 84.0 97.7 88.9 79.9 82.8 88.3 97.9 107.7 126.5 159.5
-9999.0 -9999.0 -9999.0 -9999.0 -9999.0 -9999.0 -9999.0 -9999.0 -9999.0 -9999.0 -9999.0 -9999.0 -9999.0 -9999.0 12.7 0.5 0.9 0.6 1.3 2.5 1.1 2.9 4.6 5.6 6.7 9.3 8.0 12.6 13.1 18.6 20.8 23.8 29.0 30.9 27.8 38.3 44.2 22.7 30.8 35.0 48.7 53.8 53.6 53.1 52.7 60.6 49.5 49.2 37.1 24.2 22.6 43.4 30.1 36.3 21.6 41.7 48.4 49.4 78.1 94.6 69.1 51.3 71.6 61.5 51.0 48.3 61.2 87.9 108.5 103.9 88.8 80.5 99.3 98.4 94.9 133.8 144.3
-9999.0 -9999.0 -9999.0 -9999.0 -9999.0 -9999.0 -9999.0 -9999.0 -9999.0 -9999.0 -9999.0 -9999.0 -9999.0 -9999.0 -9999.0 -9999.0 -9999.0 25.8 12.4 15.0 12.2 5.1 11.8 14.2 10.5 13.5 9.7 13.6 17.6 15.6 18.1 20.0 26.1 20.1 15.4 25.5 46.6 14.0 30.3 34.9 41.7 55.6 49.5 47.2 88.8 69.5 221.6 46.6 36.8 27.2 23.0 18.4 17.8 35.3 38.7 39.6 33.9 56.0 71.2 90.5 37.2 49.9 64.6 58.0 47.7 43.1 51.6 77.3 97.0 96.9 77.9 102.0 105.3 83.7 96.5 124.8 130.4
-9999.0 -9999.0 -9999.0 -9999.0 -9999.0 -9999.0 -9999.0 -9999.0 -9999.0 -9999.0 -9999.0 -9999.0 -9999.0 -9999.0 -9999.0 -9999.0 -9999.0 -9999.0 -9999.0 -9999.0 41.4 16.3 13.9 9.0 16.5 29.8 27.7 24.1 18.7 19.3 16.0 18.7 16.3 17.4 16.2 25.5 24.1 22.7 19.4 16.9 20.9 51.7 52.8 47.2 90.5 53.0 306.4 72.8 44.6 84.8 26.9 44.2 43.4 24.8 29.2 36.4 39.0 40.2 72.1 81.8 28.8 36.0 54.2 56.0 51.3 47.1 52.6 69.9 79.3 78.4 72.4 86.3 81.6 70.8 82.1 102.0 122.7
-9999.0 -9999.0 -9999.0 -9999.0 -9999.0 -9999.0 -9999.0 -9999.0 -9999.0 -9999.0 -9999.0 -9999.0 -9999.0 -9999.0 -9999.0 -9999.0 -9999.0 -9999.0 -9999.0 -9999.0 -9999.0 -9999.0 15.4 65.1 35.3 39.0 37.0 28.3 15.9 16.8 12.8 12.9 18.7 20.4 29.3 34.0 43.8 32.2 47.5 53.3 47.8 56.1 38.8 39.9 95.7 319.7 158.4 124.4 155.5 145.4 54.8 42.9 39.9 35.6 23.0 10.0 26.7 44.2 43.3 76.3 46.0 51.3 52.3 54.5 58.5 60.2 63.8 70.7 76.7 61.7 73.7 68.6 66.3 74.4 72.3 93.1 117.9
-9999.0 -9999.0 -9999.0 -9999.0 -9999.0 -9999.0 -9999.0 -9999.0 -9999.0 -9999.0 -9999.0 -9999.0 -9999.0 -9999.0 -9999.0 -9999.0 -9999.0 -9999.0 -9999.0 -9999.0 -9999.0 -9999.0 -9999.0 -9999.0 128.4 115.9 70.9 15.3 14.7 12.1 11.2 12.5 13.4 17.7 21.4 37.9 60.9 44.2 63.0 50.1 65.7 42.2 70.6 77.8 224.7 325.4 285.4 403.9 76.3 137.0 55.7 58.3 52.4 45.1 27.0 15.6 21.3 28.0 50.9 71.3 85.2 78.0 106.0 61.3 64.9 71.1 76.7 88.2 92.5 86.3 55.6 55.8 51.8 73.8 76.6 79.4 92.7
-9999.0 -9999.0 -9999.0 -9999.0 -9999.0 -9999.0 -9999.0 -9999.0 -9999.0 -9999.0 -9999.0 -9999.0 -9999.0 -9999.0 -9999.0 -9999.0 -9999.0 -9999.0 -9999.0 -9999.0 -9999.0 -9999.0 -9999.0 -9999.0 -9999.0 146.9 129.3 123.4 106.6 43.9 28.3 21.0 15.6 18.8 22.9 27.9 34.8 40.2 34.1 47.9 59.0 40.8 94.1 194.8 248.5 313.8 366.3 394.4 406.8 254.1 330.8 283.6 82.5 69.2 37.5 21.3 20.0 30.2 45.2 69.1 71.7 88.6 57.3 56.3 61.7 68.1 80.4 78.9 70.3 62.1 54.1 74.3 56.6 76.1 66.5 71.7 93.9
-9999.0 -9999.0 -9999.0 -9999.0 -9999.0 -9999.0 -9999.0 -9999.0 -9999.0 -9999.0 -9999.0 -9999.0 -9999.0 -9999.0 -9999.0 -9999.0 -9999.0 -9999.0 -9999.0 -9999.0 -9999.0 -9999.0 -9999.0 -9999.0 -9999.0 -9999.0 -9999.0 150.8 134.8 94.3 99.8 75.9 63.5 39.1 23.8 29.8 -9999.0 41.4 51.3 48.6 58.7 87.0 90.5 204.4 260.9 296.5 328.5 -9999.0 -9999.0 336.9 361.4 341.5 159.9 58.4 66.1 35.7 22.5 33.2 46.6 66.9 81.3 82.0 60.3 52.2 54.5 65.6 82.6 97.7 90.3 65.6 58.4 81.8 91.2 80.1 81.7 72.2 86.0
-9999.0 -9999.0 -9999.0 -9999.0 -9999.0 -9999.0 -9999.0 -9999.0 -9999.0 -9999.0 -9999.0 -9999.0 -9999.0 -9999.0 -9999.0 -9999.0 -9999.0 -9999.0 -9999.0 -9999.0 -9999.0 -9999.0 -9999.0 -9999.0 -9999.0 -9999.0 -9999.0 -9999.0 -9999.0 -9999.0 -9999.0 -9999.0 -9999.0 91.6 83.1 -9999.0 -9999.0 -9999.0 -9999.0 115.3 129.6 151.3 177.0 204.2 231.0 -9999.0 -9999.0 -9999.0 -9999.0 -9999.0 -9999.0 -9999.0 144.2 58.2 42.9 30.4 20.8 23.7 34.5 52.6 69.1 68.6 57.2 46.5 52.7 67.1 86.7 91.5 80.2 86.2 84.3 80.8 79.4 80.8 69.6 63.0 66.2
-9999.0 -9999.0 -9999.0 -9999.0 -9999.0 -9999.0 -9999.0 -9999.0 -9999.0 -9999.0 -9999.0 -9999.0 -9999.0 -9999.0 -9999.0 -9999.0 -9999.0 -9999.0 -9999.0 -9999.0 -9999.0 -9999.0 -9999.0 -9999.0 -9999.0 -9999.0 -9999.0 -9999.0 -9999.0 -9999.0 -9999.0 -9999.0 -9999.0 -9999.0 -9999.0 -9999.0 -9999.0 -9999.0 -9999.0 115.4 128.5 140.5 152.9 180.3 -9999.0 -9999.0 -9999.0 -9999.0 -9999.0 -9999.0 -9999.0 -9999.0 176.1 59.1 38.4 20.8 13.3 15.1 23.7 41.7 56.0 60.2 69.5 46.9 53.4 64.0 69.2 66.6 57.7 56.5 62.6 68.7 78.2 65.4 55.6 63.7 59.7
-9999.0 -9999.0 -9999.0 -9999.0 -9999.0 -9999.0 -9999.0 -9999.0 -9999.0 -9999.0 -9999.0 -9999.0 -9999.0 -9999.0 -9999.0 -9999.0 -9999.0 -9999.0 -9999.0 -9999.0 -9999.0 -9999.0 -9999.0 -9999.0 -9999.0 -9999.0 -9999.0 -9999.0 -9999.0 -9999.0 -9999.0 -9999.0 -9999.0 -9999.0 -9999.0 -9999.0 -9999.0 -9999.0 -9999.0 -9999.0 -9999.0 -9999.0 -9999.0 -9999.0 -9999.0 -9999.0 -9999.0 -9999.0 -9999.0 -9999.0 -9999.0 146.7 114.7 63.9 40.2 20.3 13.2 13.3 18.5 22.4 51.1 59.9 57.5 55.9 60.2 64.8 56.0 39.6 39.6 38.4 50.9 64.1 75.5 79.3 69.4 83.1 76.9
-9999.0 -9999.0 -9999.0 -9999.0 -9999.0 -9999.0 -9999.0 -9999.0 -9999.0 -9999.0 -9999.0 -9999.0 -9999.0 -9999.0 -9999.0 -9999.0 -9999.0 -9999.0 -9999.0 -9999.0 -9999.0 -9999.0 -9999.0 -9999.0 -9999.0 -9999.0 -9999.0 -9999.0 -9999.0 -9999.0 -9999.0 -9999.0 -9999.0 -9999.0 -9999.0 -9999.0 -9999.0 -9999.0 -9999.0 -9999.0 -9999.0 -9999.0 -9999.0 -9999.0 -9999.0 -9999.0 -9999.0 -9999.0 -9999.0 -9999.0 113.7 121.3 103.5 73.5 50.8 30.8 22.1 18.4 17.6 28.2 45.2 60.4 65.1 68.5 71.3 65.1 57.3 41.1 41.2 42.1 53.0 68.8 72.9 65.2 65.7 74.9 127.1
-9999.0 -9999.0 -9999.0 -9999.0 -9999.0 -9999.0 -9999.0 -9999.0 -9999.0 -9999.0 -9999.0 -9999.0 -9999.0 -9999.0 -9999.0 -9999.0 -9999.0 -9999.0 -9999.0 -9999.0 -9999.0 -9999.0 -9999.0 -9999.0 -9999.0 -9999.0 -9999.0 -9999.0 -9999.0 -9999.0 -9999.0 -9999.0 -9999.0 -9999.0 -9999.0 -9999.0 -9999.0 -9999.0 -9999.0 -9999.0 -9999.0 -9999.0 -9999.0 -9999.0 -9999.0 -9999.0 -9999.0 -9999.0 -9999.0 -9999.0 85.1 119.2 85.8 88.1 66.7 49.4 34.7 23.4 21.2 27.1 39.3 54.9 59.2 71.1 75.2 51.9 47.1 38.7 41.5 46.9 55.9 60.3 59.7 61.3 70.1 86.2 90.8
-9999.0 -9999.0 -9999.0 -9999.0 -9999.0 -9999.0 -9999.0 -9999.0 -9999.0 -9999.0 -9999.0 -9999.0 -9999.0 -9999.0 -9999.0 -9999.0 -9999.0 -9999.0 -9999.0 -9999.0 -9999.0 -9999.0 -9999.0 -9999.0 -9999.0 -9999.0 -9999.0 -9999.0 -9999.0 -9999.0 -9999.0 -9999.0 -9999.0 -9999.0 -9999.0 -9999.0 -9999.0 -9999.0 -9999.0 -9999.0 -9999.0 -9999.0 -9999.0 -9999.0 -9999.0 -9999.0 -9999.0 -9999.0 -9999.0 -9999.0 68.8 80.2 69.5 99.1 73.3 55.2 42.3 34.4 31.5 34.2 43.7 54.0 58.2 59.1 69.8 56.0 40.4 35.7 37.1 46.3 55.2 57.1 60.4 54.6 56.9 58.3 59.5
-9999.0 -9999.0 -9999.0 -9999.0 -9999.0 -9999.0 -9999.0 -9999.0 -9999.0 -9999.0 -9999.0 -9999.0 -9999.0 -9999.0 -9999.0 -9999.0 -9999.0 -9999.0 -9999.0 -9999.0 -9999.0 -9999.0 -9999.0 -9999.0 -9999.0 -9999.0 -9999.0 -9999.0 -9999.0 -9999.0 -9999.0 -9999.0 -9999.0 -9999.0 -9999.0 -9999.0 -9999.0 -9999.0 -9999.0 -9999.0 -9999.0 -9999.0 -9999.0 -9999.0 -9999.0 -9999.0 -9999.0 -9999.0 -9999.0 -9999.0 88.2 106.8 91.4 94.9 81.3 68.0 44.5 46.0 46.7 40.9 53.5 51.4 36.6 52.9 65.6 58.9 50.5 39.1 39.2 35.1 46.6 56.1 60.8 53.0 44.7 39.4 36.1
-9999.0 -9999.0 -9999.0 -9999.0 -9999.0 -9999.0 -9999.0 -9999.0 -9999.0 -9999.0 -9999.0 -9999.0 -9999.0 -9999.0 -9999.0 -9999.0 -9999.0 -9999.0 -9999.0 -9999.0 -9999.0 -9999.0 -9999.0 -9999.0 -9999.0 -9999.0 -9999.0 -9999.0 -9999.0 -9999.0 -9999.0 -9999.0 -9999.0 -9999.0 -9999.0 -9999.0 -9999.0 -9999.0 -9999.0 -9999.0 -9999.0 -9999.0 -9999.0 -9999.0 -9999.0 -9999.0 -9999.0 -9999.0 -9999.0 -9999.0 121.0 72.7 104.9 86.6 79.6 68.9 62.1 63.8 53.1 58.5 91.3 58.7 73.4 61.7 64.5 58.2 55.3 36.7 34.3 32.8 35.8 43.5 53.4 49.2 38.0 31.4 26.1
-9999.0 -9999.0 -9999.0 -9999.0 -9999.0 -9999.0 -9999.0 -9999.0 -9999.0 -9999.0 -9999.0 -9999.0 -9999.0 -9999.0 -9999.0 -9999.0 -9999.0 -9999.0 -9999.0 -9999.0 -9999.0 -9999.0 -9999.0 -9999.0 -9999.0 -9999.0 -9999.0 -9999.0 -9999.0 -9999.0 -9999.0 -9999.0 -9999.0 -9999.0 -9999.0 -9999.0 -9999.0 -9999.0 -9999.0 -9999.0 -9999.0 -9999.0 -9999.0 -9999.0 -9999.0 -9999.0 -9999.0 -9999.0 -9999.0 -9999.0 -9999.0 -9999.0 -9999.0 99.0 87.1 101.7 75.3 70.2 87.1 118.9 111.5 101.1 108.2 88.7 78.6 67.0 50.5 48.2 34.5 31.2 30.8 35.5 42.4 39.3 30.7 26.9 27.0
-9999.0 -9999.0 -9999.0 -9999.0 -9999.0 -9999.0 -9999.0 -9999.0 -9999.0 -9999.0 -9999.0 -9999.0 -9999.0 -9999.0 -9999.0 -9999.0 -9999.0 -9999.0 -9999.0 -9999.0 -9999.0 -9999.0 -9999.0 -9999.0 -9999.0 -9999.0 -9999.0 -9999.0 -9999.0 -9999.0 -9999.0 -9999.0 -9999.0 -9999.0 -9999.0 -9999.0 -9999.0 -9999.0 -9999.0 -9999.0 -9999.0 -9999.0 -9999.0 -9999.0 -9999.0 -9999.0 -9999.0 -9999.0 -9999.0 -9999.0 -9999.0 -9999.0 -9999.0 111.3 85.7 102.8 91.9 89.6 115.6 141.1 170.9 166.0 160.4 140.6 106.2 86.8 -9999.0 56.8 46.5 38.0 34.3 33.7 31.9 26.4 22.5 24.5 32.4
-9999.0 -9999.0 -9999.0 -9999.0 -9999.0 -9999.0 -9999.0 -9999.0 -9999.0 -9999.0 -9999.0 -9999.0 -9999.0 -9999.0 -9999.0 -9999.0 -9999.0 -9999.0 -9999.0 -9999.0 -9999.0 -9999.0 -9999.0 -9999.0 -9999.0 -9999.0 -9999.0 -9999.0 -9999.0 -9999.0 -9999.0 -9999.0 -9999.0 -9999.0 -9999.0 -9999.0 -9999.0 -9999.0 -9999.0 -9999.0 -9999.0 -9999.0 -9999.0 -9999.0 -9999.0 -9999.0 -9999.0 -9999.0 -9999.0 -9999.0 -9999.0 -9999.0 -9999.0 128.7 115.5 108.3 90.2 96.6 147.4 195.0 187.8 213.0 197.3 -9999.0 -9999.0 -9999.0 -9999.0 -9999.0 58.9 49.8 43.4 36.5 28.6 21.2 19.4 25.0 39.2
-9999.0 -9999.0 -9999.0 -9999.0 -9999.0 -9999.0 -9999.0 -9999.0 -9999.0 -9999.0 -9999.0 -9999.0 -9999.0 -9999.0 -9999.0 -9999.0 -9999.0 -9999.0 -9999.0 -9999.0 -9999.0 -9999.0 -9999.0 -9999.0 -9999.0 -9999.0 -9999.0 -9999.0 -9999.0 -9999.0 -9999.0 -9999.0 -9999.0 -9999.0 -9999.0 -9999.0 -9999.0 -9999.0 -9999.0 -9999.0 -9999.0 -9999.0 -9999.0 -9999.0 -9999.0 -9999.0 -9999.0 -9999.0 -9999.0 -9999.0 -9999.0 -9999.0 -9999.0 -9999.0 -9999.0 114.9 143.3 136.7 161.7 211.9 231.8 -9999.0 -9999.0 -9999.0 -9999.0 -9999.0 -9999.0 -9999.0 -9999.0 60.0 50.5 42.1 32.7 24.9 21.5 24.0 36.8
-9999.0 -9999.0 -9999.0 -9999.0 -9999.0 -9999.0 -9999.0 -9999.0 -9999.0 -9999.0 -9999.0 -9999.0 -9999.0 -9999.0 -9999.0 -9999.0 -9999.0 -9999.0 -9999.0 -9999.0 -9999.0 -9999.0 -9999.0 -9999.0 -9999.0 -9999.0 -9999.0 -9999.0 -9999.0 -9999.0 -9999.0 -9999.0 -9999.0 -9999.0 -9999.0 -9999.0 -9999.0 -9999.0 -9999.0 -9999.0 -9999.0 -9999.0 -9999.0 -9999.0 -9999.0 -9999.0 -9999.0 -9999.0 -9999.0 -9999.0 -9999.0 -9999.0 -9999.0 -9999.0 -9999.0 -9999.0 104.3 152.3 194.0 218.8 249.4 -9999.0 -9999.0 -9999.0 -9999.0 -9999.0 -9999.0 -9999.0 -9999.0 -9999.0 -9999.0 -9999.0 39.9 34.3 31.2 31.8 43.5
-9999.0 -9999.0 -9999.0 -9999.0 -9999.0 -9999.0 -9999.0 -9999.0 -9999.0 -9999.0 -9999.0 -9999.0 -9999.0 -9999.0 -9999.0 -9999.0 -9999.0 -9999.0 -9999.0 -9999.0 -9999.0 -9999.0 -9999.0 -9999.0 -9999.0 -9999.0 -9999.0 -9999.0 -9999.0 -9999.0 -9999.0 -9999.0 -9999.0 -9999.0 -9999.0 -9999.0 -9999.0 -9999.0 -9999.0 -9999.0 -9999.0 -9999.0 -9999.0 -9999.0 -9999.0 -9999.0 -9999.0 -9999.0 -9999.0 -9999.0 -9999.0 -9999.0 -9999.0 -9999.0 -9999.0 -9999.0 -9999.0 -9999.0 -9999.0 -9999.0 -9999.0 -9999.0 -9999.0 -9999.0 -9999.0 -9999.0 -9999.0 -9999.0 -9999.0 -9999.0 -9999.0 -9999.0 -9999.0 47.9 51.8 59.6 76.4
-9999.0 -9999.0 -9999.0 -9999.0 -9999.0 -9999.0 -9999.0 -9999.0 -9999.0 -9999.0 -9999.0 -9999.0 -9999.0 -9999.0 -9999.0 -9999.0 -9999.0 -9999.0 -9999.0 -9999.0 -9999.0 -9999.0 -9999.0 -9999.0 -9999.0 -9999.0 -9999.0 -9999.0 -9999.0 -9999.0 -9999.0 -9999.0 -9999.0 -9999.0 -9999.0 -9999.0 -9999.0 -9999.0 -9999.0 -9999.0 -9999.0 -9999.0 -9999.0 -9999.0 -9999.0 -9999.0 -9999.0 -9999.0 -9999.0 -9999.0 -9999.0 -9999.0 -9999.0 -9999.0 -9999.0 -9999.0 -9999.0 -9999.0 -9999.0 -9999.0 -9999.0 -9999.0 -9999.0 -9999.0 -9999.0 -9999.0 -9999.0 -9999.0 -9999.0 -9999.0 -9999.0 -9999.0 50.9 59.7 76.3 95.2 118.9
-9999.0 -9999.0 -9999.0 -9999.0 -9999.0 -9999.0 -9999.0 -9999.0 -9999.0 -9999.0 -9999.0 -9999.0 -9999.0 -9999.0 -9999.0 -9999.0 -9999.0 -9999.0 -9999.0 -9999.0 -9999.0 -9999.0 -9999.0 -9999.0 -9999.0 -9999.0 -9999.0 -9999.0 -9999.0 -9999.0 -9999.0 -9999.0 -9999.0 -9999.0 -9999.0 -9999.0 -9999.0 -9999.0 -9999.0 -9999.0 -9999.0 -9999.0 -9999.0 -9999.0 -9999.0 -9999.0 -9999.0 -9999.0 -9999.0 -9999.0 -9999.0 -9999.0 -9999.0 -9999.0 -9999.0 -9999.0 -9999.0 -9999.0 -9999.0 -9999.0 -9999.0 -9999.0 -9999.0 -9999.0 -9999.0 -9999.0 -9999.0 -9999.0 -9999.0 -9999.0 -9999.0 -9999.0 46.2 59.7 73.1 107.2 131.2
