program/excelProcessViaJava/data/SURF_CLI_CHN_PRE_MON_GRID_0.5-199209.txt
NCOLS      128
NROWS       72
XLLCORNER    72.000000000000    
YLLCORNER    18.000000000000    
CELLSIZE    0.50000000000000    
NODATA_VALUE   -9999.000    
[rows 34 to 67 of 72, columns 0 to 75 of 128]
-9999.0 -9999.0 -9999.0 -9999.0 9.6 11.0 13.2 13.7 15.7 16.4 15.3 16.5 15.7 14.3 10.0 7.4 4.9 2.0 1.2 1.3 1.8 2.2 2.6 2.2 1.5 1.5 1.7 2.0 2.3 2.8 3.5 4.5 5.2 6.2 7.7 8.2 12.0 16.8 14.3 11.2 20.0 9.0 8.2 5.1 3.7 2.6 2.3 2.5 3.7 7.1 10.9 14.2 23.9 20.3 23.6 36.6 55.1 82.4 110.9 101.2 126.3 85.8 64.7 55.5 44.0 37.4 40.1 32.0 25.6 27.1 27.6 35.4 43.2 50.5 57.9 63.3
-9999.0 -9999.0 -9999.0 -9999.0 -9999.0 -9999.0 -9999.0 11.4 12.5 13.0 12.9 12.6 12.5 11.2 9.7 7.0 6.2 3.9 2.9 3.1 3.0 2.6 2.5 2.5 2.7 2.9 3.2 3.7 4.4 5.2 6.3 7.5 8.7 10.4 12.9 13.5 18.3 19.8 27.3 32.5 23.0 44.1 43.5 31.5 16.7 5.5 8.1 6.3 10.1 8.5 11.5 16.6 21.9 39.3 43.1 40.7 53.2 72.4 110.8 119.1 134.0 93.1 73.2 67.4 61.5 47.6 44.1 40.7 35.2 38.0 44.2 54.4 62.6 65.2 65.3 63.3
-9999.0 -9999.0 -9999.0 -9999.0 -9999.0 -9999.0 -9999.0 9.0 9.6 9.9 9.9 9.9 9.1 8.0 7.4 6.0 5.4 4.5 3.8 3.5 3.4 3.3 3.5 3.8 4.3 4.8 5.5 6.1 7.3 8.4 9.7 11.3 12.9 15.5 16.5 18.9 20.6 25.5 28.9 31.9 37.5 41.9 46.7 57.2 36.5 20.2 22.9 22.5 30.9 26.5 34.8 34.5 32.6 40.1 53.8 54.1 64.2 83.4 109.1 125.6 132.3 122.3 96.7 90.4 73.2 57.3 48.5 45.9 50.7 51.6 63.8 76.7 82.4 79.9 72.2 71.4
-9999.0 -9999.0 -9999.0 -9999.0 -9999.0 -9999.0 -9999.0 -9999.0 -9999.0 7.3 7.4 7.3 6.5 6.0 5.5 5.0 4.3 3.8 3.6 3.4 3.6 4.1 4.7 5.4 6.2 7.3 8.2 9.4 11.0 12.2 14.0 15.7 17.5 19.9 20.9 22.8 24.6 28.3 30.1 35.1 37.7 45.0 47.2 45.6 49.4 46.4 43.4 39.3 37.1 35.3 37.1 39.0 44.1 51.4 64.1 70.5 74.6 87.4 109.5 118.8 122.0 117.0 106.4 97.1 81.3 64.5 55.4 57.7 68.0 70.6 83.3 92.9 98.7 98.1 97.2 88.3
-9999.0 -9999.0 -9999.0 -9999.0 -9999.0 -9999.0 -9999.0 -9999.0 -9999.0 -9999.0 -9999.0 4.8 5.0 4.2 3.9 3.6 3.4 3.3 3.4 3.6 3.9 4.8 5.7 7.1 7.7 9.6 11.0 12.7 14.7 16.9 18.9 21.0 23.1 25.2 26.8 31.0 30.5 32.5 41.4 37.4 43.7 45.1 47.2 49.0 60.2 53.4 59.3 52.1 48.5 44.2 43.9 48.6 56.3 65.7 77.0 89.3 97.6 106.2 110.2 111.8 111.9 107.1 99.1 91.3 82.2 70.9 65.8 74.5 86.3 95.0 102.0 113.0 117.9 121.6 122.7 122.8
-9999.0 -9999.0 -9999.0 -9999.0 -9999.0 -9999.0 -9999.0 -9999.0 -9999.0 -9999.0 -9999.0 -9999.0 3.3 3.1 2.7 2.7 2.5 2.7 3.0 3.3 4.6 5.6 6.9 8.9 9.0 12.6 15.2 16.4 18.9 20.7 23.9 26.5 29.0 31.8 34.3 35.8 40.8 38.5 37.3 36.6 38.3 42.6 48.3 57.0 60.8 64.9 67.1 63.1 59.2 54.9 54.1 60.1 71.5 83.3 92.7 103.0 112.6 119.0 112.3 115.3 108.7 110.1 106.7 97.2 87.4 91.2 82.1 95.4 110.2 122.5 121.4 126.7 135.9 144.2 159.0 203.7
-9999.0 -9999.0 -9999.0 -9999.0 -9999.0 -9999.0 -9999.0 -9999.0 -9999.0 -9999.0 -9999.0 -9999.0 2.0 2.1 2.2 1.9 2.2 2.4 2.7 3.5 4.6 5.9 7.8 10.7 14.1 15.9 18.4 21.8 23.5 26.7 28.7 31.3 34.6 37.5 40.3 42.0 45.8 47.1 45.3 43.4 41.6 44.7 56.2 57.3 66.9 73.1 72.9 73.8 74.0 69.7 71.9 78.2 92.6 99.1 109.9 114.6 122.4 127.0 125.3 121.6 118.9 119.3 122.5 124.7 95.9 101.5 80.7 100.7 124.8 146.9 167.8 197.6 217.1 203.9 212.8 204.7
-9999.0 -9999.0 -9999.0 -9999.0 -9999.0 -9999.0 -9999.0 -9999.0 -9999.0 -9999.0 -9999.0 -9999.0 -9999.0 1.3 1.2 1.6 1.6 2.1 2.8 3.8 5.1 7.5 9.0 13.2 15.9 16.8 19.6 21.6 25.7 29.2 33.3 36.6 39.3 42.9 45.6 48.0 50.0 51.9 59.6 53.5 51.6 55.7 59.2 68.7 69.9 72.2 77.2 79.4 80.0 82.1 87.3 101.3 111.6 104.1 113.5 120.4 127.3 133.6 140.9 145.4 147.5 145.7 147.2 126.0 83.9 97.6 112.6 123.2 155.0 176.3 173.7 186.1 208.8 216.7 235.7 205.4
-9999.0 -9999.0 -9999.0 -9999.0 -9999.0 -9999.0 -9999.0 -9999.0 -9999.0 -9999.0 -9999.0 -9999.0 0.9 0.9 0.9 1.1 1.2 1.6 2.4 4.1 6.0 8.4 10.9 14.6 18.5 19.0 22.7 26.4 29.3 32.0 35.9 40.5 42.8 47.2 50.7 53.5 57.5 56.4 55.4 54.9 62.8 69.8 75.8 68.3 73.7 75.7 76.4 80.5 85.4 90.1 91.7 95.8 112.8 112.8 118.5 120.9 125.1 136.6 147.4 159.9 168.0 173.6 169.5 172.1 144.3 119.9 89.8 121.5 175.6 213.8 235.4 236.6 205.4 154.3 138.0 129.2
-9999.0 -9999.0 -9999.0 -9999.0 -9999.0 -9999.0 -9999.0 -9999.0 -9999.0 -9999.0 -9999.0 -9999.0 0.7 0.7 0.7 0.9 1.0 1.7 2.6 3.6 6.4 8.2 11.5 15.3 20.1 24.1 26.5 29.1 31.5 35.2 38.7 42.1 44.9 50.3 53.8 57.2 59.6 61.8 60.4 54.7 55.9 58.3 64.6 71.2 74.0 74.6 76.1 74.8 76.9 85.2 91.2 94.0 105.4 111.0 111.6 114.1 118.3 129.8 146.0 162.3 177.1 188.8 170.6 146.7 133.1 94.3 118.6 125.1 156.3 199.2 230.1 235.5 216.2 214.9 210.0 144.5
-9999.0 -9999.0 -9999.0 -9999.0 -9999.0 -9999.0 -9999.0 -9999.0 -9999.0 -9999.0 -9999.0 -9999.0 0.7 0.6 0.7 0.8 1.1 1.4 2.4 3.8 5.1 7.4 12.0 14.6 19.3 20.3 24.3 24.8 31.4 34.3 38.0 39.9 46.5 51.4 55.1 58.8 62.7 65.3 62.5 61.6 57.7 56.5 75.6 63.5 72.6 76.1 73.0 64.3 60.6 64.2 70.1 76.5 84.7 89.9 92.6 98.9 105.4 119.2 136.9 153.1 166.6 174.9 199.9 139.5 91.3 98.0 112.2 128.3 150.9 176.5 203.1 228.3 224.1 221.8 292.9 188.7
-9999.0 -9999.0 -9999.0 -9999.0 -9999.0 -9999.0 -9999.0 -9999.0 -9999.0 -9999.0 -9999.0 -9999.0 -9999.0 0.6 0.6 0.8 1.1 1.7 2.5 3.8 5.3 8.6 11.1 13.8 19.8 22.0 24.9 27.7 28.0 33.2 33.4 38.3 42.7 48.8 53.1 58.2 64.4 67.9 67.1 60.4 58.3 77.9 86.6 82.6 66.8 62.6 62.8 43.9 52.8 50.4 46.4 61.6 64.4 65.8 75.5 81.4 89.8 104.0 121.9 147.4 160.7 199.1 177.3 94.9 68.5 84.1 111.0 128.9 138.3 149.4 168.0 181.3 188.0 165.9 164.8 132.5
-9999.0 -9999.0 -9999.0 -9999.0 -9999.0 -9999.0 -9999.0 -9999.0 -9999.0 -9999.0 -9999.0 -9999.0 -9999.0 0.8 0.7 0.9 1.2 2.1 3.2 4.7 6.2 8.6 11.3 14.8 21.5 22.3 23.5 26.7 26.9 25.0 28.3 32.4 38.0 42.8 47.8 54.3 61.1 66.7 68.8 77.1 65.2 72.2 79.1 80.0 89.1 65.0 55.9 37.2 37.1 36.1 44.3 35.1 48.7 57.5 64.5 64.2 68.9 84.2 105.9 110.9 143.6 120.9 86.6 63.9 60.1 73.1 104.8 129.1 124.7 118.9 119.5 125.8 134.4 139.2 138.1 135.1
-9999.0 -9999.0 -9999.0 -9999.0 -9999.0 -9999.0 -9999.0 -9999.0 -9999.0 -9999.0 -9999.0 -9999.0 -9999.0 -9999.0 -9999.0 1.2 1.9 2.6 4.2 6.6 7.9 11.5 15.1 17.7 19.5 21.7 20.0 22.0 21.3 23.8 24.6 27.6 31.4 35.9 40.2 48.8 57.0 54.5 57.8 58.6 71.3 78.4 79.1 74.1 52.3 41.6 49.5 30.6 37.2 24.4 31.6 49.5 36.0 37.7 26.8 44.4 54.3 57.0 94.2 118.5 96.0 89.5 82.7 69.5 62.0 71.3 100.6 129.4 115.0 85.5 77.1 78.1 97.9 109.6 109.8 129.3
-9999.0 -9999.0 -9999.0 -9999.0 -9999.0 -9999.0 -9999.0 -9999.0 -9999.0 -9999.0 -9999.0 -9999.0 -9999.0 -9999.0 -9999.0 -9999.0 -9999.0 14.7 10.1 -9999.0 15.0 13.9 20.1 23.3 22.0 23.7 21.3 21.8 22.4 20.5 21.4 23.8 27.7 27.8 29.3 34.6 48.7 30.9 42.4 46.3 55.2 73.2 68.8 61.7 31.4 38.0 39.3 55.3 32.8 36.9 26.8 29.2 18.7 30.5 34.1 39.5 37.7 66.4 82.4 103.6 76.7 82.2 89.0 81.9 68.4 65.7 86.2 98.1 87.2 63.8 60.9 70.3 87.4 85.1 96.9 108.5
-9999.0 -9999.0 -9999.0 -9999.0 -9999.0 -9999.0 -9999.0 -9999.0 -9999.0 -9999.0 -9999.0 -9999.0 -9999.0 -9999.0 -9999.0 -9999.0 -9999.0 -9999.0 -9999.0 -9999.0 -9999.0 21.1 22.5 22.3 26.5 33.1 31.1 27.7 23.4 22.7 20.4 24.2 23.0 22.7 21.4 24.8 24.6 23.4 18.7 13.5 17.1 61.9 68.3 61.8 29.5 48.1 47.6 41.1 61.8 119.1 39.3 56.1 46.7 16.6 23.2 40.2 49.9 52.6 95.1 90.6 83.8 87.7 91.6 85.3 76.8 70.5 82.0 77.7 73.8 54.7 47.6 58.2 67.6 68.4 67.4 64.0
-9999.0 -9999.0 -9999.0 -9999.0 -9999.0 -9999.0 -9999.0 -9999.0 -9999.0 -9999.0 -9999.0 -9999.0 -9999.0 -9999.0 -9999.0 -9999.0 -9999.0 -9999.0 -9999.0 -9999.0 -9999.0 -9999.0 -9999.0 50.5 38.3 40.2 38.5 33.0 26.0 24.3 21.8 22.5 28.4 25.8 29.0 27.0 31.6 20.3 32.3 41.1 42.7 60.0 45.3 35.8 30.6 45.3 46.4 51.1 57.0 59.3 45.6 52.1 25.8 23.3 18.9 18.1 44.3 68.4 65.0 84.3 101.6 86.4 64.0 60.3 51.5 66.3 84.9 72.2 39.4 44.3 44.5 53.6 60.7 68.6 51.5 44.3
-9999.0 -9999.0 -9999.0 -9999.0 -9999.0 -9999.0 -9999.0 -9999.0 -9999.0 -9999.0 -9999.0 -9999.0 -9999.0 -9999.0 -9999.0 -9999.0 -9999.0 -9999.0 -9999.0 -9999.0 -9999.0 -9999.0 -9999.0 -9999.0 -9999.0 82.4 60.4 37.0 34.2 35.7 29.8 29.5 30.1 31.5 27.1 35.1 51.8 25.2 40.1 29.9 53.6 38.5 19.8 26.7 38.0 49.7 58.4 68.8 69.2 70.3 74.5 55.9 56.3 44.9 27.2 31.4 48.5 51.7 73.6 75.3 77.0 73.6 86.3 53.8 43.7 55.9 62.3 30.1 27.3 33.3 41.9 53.0 54.7 67.4 61.3 38.7
-9999.0 -9999.0 -9999.0 -9999.0 -9999.0 -9999.0 -9999.0 -9999.0 -9999.0 -9999.0 -9999.0 -9999.0 -9999.0 -9999.0 -9999.0 -9999.0 -9999.0 -9999.0 -9999.0 -9999.0 -9999.0 -9999.0 -9999.0 -9999.0 -9999.0 -9999.0 -9999.0 97.2 91.0 58.9 50.9 46.9 48.2 39.8 42.2 27.3 27.5 23.8 15.3 25.1 41.0 24.4 25.3 35.7 44.5 53.9 61.9 70.3 78.9 91.8 96.0 94.2 62.2 53.1 50.4 57.9 52.0 54.4 66.0 61.6 106.2 68.7 60.2 47.0 49.9 43.4 45.1 41.7 32.2 33.6 43.6 56.3 58.0 65.7 46.6 33.9
-9999.0 -9999.0 -9999.0 -9999.0 -9999.0 -9999.0 -9999.0 -9999.0 -9999.0 -9999.0 -9999.0 -9999.0 -9999.0 -9999.0 -9999.0 -9999.0 -9999.0 -9999.0 -9999.0 -9999.0 -9999.0 -9999.0 -9999.0 -9999.0 -9999.0 -9999.0 -9999.0 -9999.0 -9999.0 -9999.0 -9999.0 -9999.0 -9999.0 55.6 53.6 -9999.0 -9999.0 -9999.0 23.8 26.4 24.5 28.2 34.1 42.9 50.0 57.4 -9999.0 -9999.0 -9999.0 -9999.0 -9999.0 -9999.0 90.6 89.7 74.5 71.1 66.8 72.0 60.6 78.4 77.9 69.3 67.5 64.1 66.4 66.6 57.5 43.7 35.7 37.9 46.9 56.4 69.3 61.0 63.7 37.8
-9999.0 -9999.0 -9999.0 -9999.0 -9999.0 -9999.0 -9999.0 -9999.0 -9999.0 -9999.0 -9999.0 -9999.0 -9999.0 -9999.0 -9999.0 -9999.0 -9999.0 -9999.0 -9999.0 -9999.0 -9999.0 -9999.0 -9999.0 -9999.0 -9999.0 -9999.0 -9999.0 -9999.0 -9999.0 -9999.0 -9999.0 -9999.0 -9999.0 -9999.0 -9999.0 -9999.0 -9999.0 -9999.0 -9999.0 39.6 39.5 41.6 45.1 49.9 -9999.0 -9999.0 -9999.0 -9999.0 -9999.0 -9999.0 -9999.0 -9999.0 111.8 128.7 106.0 91.0 85.3 85.9 92.6 94.1 88.0 76.1 74.5 76.6 92.4 103.4 92.3 61.0 42.0 37.8 43.9 55.6 62.1 69.8 46.4 45.8
-9999.0 -9999.0 -9999.0 -9999.0 -9999.0 -9999.0 -9999.0 -9999.0 -9999.0 -9999.0 -9999.0 -9999.0 -9999.0 -9999.0 -9999.0 -9999.0 -9999.0 -9999.0 -9999.0 -9999.0 -9999.0 -9999.0 -9999.0 -9999.0 -9999.0 -9999.0 -9999.0 -9999.0 -9999.0 -9999.0 -9999.0 -9999.0 -9999.0 -9999.0 -9999.0 -9999.0 -9999.0 -9999.0 -9999.0 -9999.0 -9999.0 -9999.0 -9999.0 -9999.0 -9999.0 -9999.0 -9999.0 -9999.0 -9999.0 -9999.0 -9999.0 -9999.0 81.3 167.8 135.3 131.3 96.1 84.1 83.2 85.4 86.2 80.0 92.7 75.6 94.5 119.9 105.9 71.1 43.6 36.7 44.3 55.8 75.4 67.3 61.0 41.5
-9999.0 -9999.0 -9999.0 -9999.0 -9999.0 -9999.0 -9999.0 -9999.0 -9999.0 -9999.0 -9999.0 -9999.0 -9999.0 -9999.0 -9999.0 -9999.0 -9999.0 -9999.0 -9999.0 -9999.0 -9999.0 -9999.0 -9999.0 -9999.0 -9999.0 -9999.0 -9999.0 -9999.0 -9999.0 -9999.0 -9999.0 -9999.0 -9999.0 -9999.0 -9999.0 -9999.0 -9999.0 -9999.0 -9999.0 -9999.0 -9999.0 -9999.0 -9999.0 -9999.0 -9999.0 -9999.0 -9999.0 -9999.0 -9999.0 -9999.0 -9999.0 94.0 130.9 192.8 119.7 132.0 105.0 100.1 83.6 61.7 99.0 86.1 66.9 68.0 90.7 116.9 99.0 55.7 41.1 34.9 44.4 56.8 60.6 54.9 53.3 47.4
-9999.0 -9999.0 -9999.0 -9999.0 -9999.0 -9999.0 -9999.0 -9999.0 -9999.0 -9999.0 -9999.0 -9999.0 -9999.0 -9999.0 -9999.0 -9999.0 -9999.0 -9999.0 -9999.0 -9999.0 -9999.0 -9999.0 -9999.0 -9999.0 -9999.0 -9999.0 -9999.0 -9999.0 -9999.0 -9999.0 -9999.0 -9999.0 -9999.0 -9999.0 -9999.0 -9999.0 -9999.0 -9999.0 -9999.0 -9999.0 -9999.0 -9999.0 -9999.0 -9999.0 -9999.0 -9999.0 -9999.0 -9999.0 -9999.0 -9999.0 76.2 150.6 186.3 210.2 162.7 158.8 103.6 72.8 90.8 120.9 106.5 99.6 69.9 67.5 89.2 101.7 83.9 51.6 40.9 33.7 42.5 52.0 63.9 75.6 80.2 89.1
-9999.0 -9999.0 -9999.0 -9999.0 -9999.0 -9999.0 -9999.0 -9999.0 -9999.0 -9999.0 -9999.0 -9999.0 -9999.0 -9999.0 -9999.0 -9999.0 -9999.0 -9999.0 -9999.0 -9999.0 -9999.0 -9999.0 -9999.0 -9999.0 -9999.0 -9999.0 -9999.0 -9999.0 -9999.0 -9999.0 -9999.0 -9999.0 -9999.0 -9999.0 -9999.0 -9999.0 -9999.0 -9999.0 -9999.0 -9999.0 -9999.0 -9999.0 -9999.0 -9999.0 -9999.0 -9999.0 -9999.0 -9999.0 -9999.0 -9999.0 88.2 216.4 135.5 213.6 216.0 171.2 92.5 148.3 149.9 123.0 97.6 97.7 74.0 71.4 78.3 70.0 60.9 47.3 41.6 38.8 44.3 57.4 73.4 83.5 82.8 78.1
-9999.0 -9999.0 -9999.0 -9999.0 -9999.0 -9999.0 -9999.0 -9999.0 -9999.0 -9999.0 -9999.0 -9999.0 -9999.0 -9999.0 -9999.0 -9999.0 -9999.0 -9999.0 -9999.0 -9999.0 -9999.0 -9999.0 -9999.0 -9999.0 -9999.0 -9999.0 -9999.0 -9999.0 -9999.0 -9999.0 -9999.0 -9999.0 -9999.0 -9999.0 -9999.0 -9999.0 -9999.0 -9999.0 -9999.0 -9999.0 -9999.0 -9999.0 -9999.0 -9999.0 -9999.0 -9999.0 -9999.0 -9999.0 -9999.0 -9999.0 95.6 141.1 118.1 267.7 176.2 165.9 221.3 170.3 179.3 90.0 103.4 107.7 84.1 59.1 60.6 55.9 55.4 57.4 57.0 57.4 55.3 71.4 71.8 91.5 86.7 88.2
-9999.0 -9999.0 -9999.0 -9999.0 -9999.0 -9999.0 -9999.0 -9999.0 -9999.0 -9999.0 -9999.0 -9999.0 -9999.0 -9999.0 -9999.0 -9999.0 -9999.0 -9999.0 -9999.0 -9999.0 -9999.0 -9999.0 -9999.0 -9999.0 -9999.0 -9999.0 -9999.0 -9999.0 -9999.0 -9999.0 -9999.0 -9999.0 -9999.0 -9999.0 -9999.0 -9999.0 -9999.0 -9999.0 -9999.0 -9999.0 -9999.0 -9999.0 -9999.0 -9999.0 -9999.0 -9999.0 -9999.0 -9999.0 -9999.0 -9999.0 173.5 225.1 192.3 217.9 213.2 237.1 156.0 188.6 168.5 97.7 103.5 86.6 41.6 56.8 63.5 62.9 66.9 74.3 78.7 71.9 66.9 62.7 66.7 79.3 78.8 86.7
-9999.0 -9999.0 -9999.0 -9999.0 -9999.0 -9999.0 -9999.0 -9999.0 -9999.0 -9999.0 -9999.0 -9999.0 -9999.0 -9999.0 -9999.0 -9999.0 -9999.0 -9999.0 -9999.0 -9999.0 -9999.0 -9999.0 -9999.0 -9999.0 -9999.0 -9999.0 -9999.0 -9999.0 -9999.0 -9999.0 -9999.0 -9999.0 -9999.0 -9999.0 -9999.0 -9999.0 -9999.0 -9999.0 -9999.0 -9999.0 -9999.0 -9999.0 -9999.0 -9999.0 -9999.0 -9999.0 -9999.0 -9999.0 -9999.0 -9999.0 -9999.0 -9999.0 -9999.0 187.7 185.6 188.4 196.3 205.9 144.5 126.5 187.8 64.7 110.4 79.2 87.2 91.0 98.3 102.1 102.6 93.3 76.9 62.1 53.9 55.6 64.1 71.1
-9999.0 -9999.0 -9999.0 -9999.0 -9999.0 -9999.0 -9999.0 -9999.0 -9999.0 -9999.0 -9999.0 -9999.0 -9999.0 -9999.0 -9999.0 -9999.0 -9999.0 -9999.0 -9999.0 -9999.0 -9999.0 -9999.0 -9999.0 -9999.0 -9999.0 -9999.0 -9999.0 -9999.0 -9999.0 -9999.0 -9999.0 -9999.0 -9999.0 -9999.0 -9999.0 -9999.0 -9999.0 -9999.0 -9999.0 -9999.0 -9999.0 -9999.0 -9999.0 -9999.0 -9999.0 -9999.0 -9999.0 -9999.0 -9999.0 -9999.0 -9999.0 -9999.0 -9999.0 198.0 182.9 239.8 188.3 172.8 189.0 220.7 151.4 107.0 151.5 112.0 123.6 129.5 122.0 132.6 115.0 103.6 89.8 76.5 63.3 58.0 65.4 96.2
-9999.0 -9999.0 -9999.0 -9999.0 -9999.0 -9999.0 -9999.0 -9999.0 -9999.0 -9999.0 -9999.0 -9999.0 -9999.0 -9999.0 -9999.0 -9999.0 -9999.0 -9999.0 -9999.0 -9999.0 -9999.0 -9999.0 -9999.0 -9999.0 -9999.0 -9999.0 -9999.0 -9999.0 -9999.0 -9999.0 -9999.0 -9999.0 -9999.0 -9999.0 -9999.0 -9999.0 -9999.0 -9999.0 -9999.0 -9999.0 -9999.0 -9999.0 -9999.0 -9999.0 -9999.0 -9999.0 -9999.0 -9999.0 -9999.0 -9999.0 -9999.0 -9999.0 -9999.0 198.9 160.8 196.3 184.5 173.6 192.8 193.9 209.8 183.9 211.2 208.5 148.0 -9999.0 -9999.0 -9999.0 138.8 123.5 126.7 127.5 113.4 97.6 101.7 138.3
-9999.0 -9999.0 -9999.0 -9999.0 -9999.0 -9999.0 -9999.0 -9999.0 -9999.0 -9999.0 -9999.0 -9999.0 -9999.0 -9999.0 -9999.0 -9999.0 -9999.0 -9999.0 -9999.0 -9999.0 -9999.0 -9999.0 -9999.0 -9999.0 -9999.0 -9999.0 -9999.0 -9999.0 -9999.0 -9999.0 -9999.0 -9999.0 -9999.0 -9999.0 -9999.0 -9999.0 -9999.0 -9999.0 -9999.0 -9999.0 -9999.0 -9999.0 -9999.0 -9999.0 -9999.0 -9999.0 -9999.0 -9999.0 -9999.0 -9999.0 -9999.0 -9999.0 -9999.0 -9999.0 178.2 168.5 139.2 135.3 182.8 224.4 165.2 -9999.0 -9999.0 -9999.0 -9999.0 -9999.0 -9999.0 -9999.0 156.4 166.1 191.0 205.1 193.3 167.1 155.3 164.9
-9999.0 -9999.0 -9999.0 -9999.0 -9999.0 -9999.0 -9999.0 -9999.0 -9999.0 -9999.0 -9999.0 -9999.0 -9999.0 -9999.0 -9999.0 -9999.0 -9999.0 -9999.0 -9999.0 -9999.0 -9999.0 -9999.0 -9999.0 -9999.0 -9999.0 -9999.0 -9999.0 -9999.0 -9999.0 -9999.0 -9999.0 -9999.0 -9999.0 -9999.0 -9999.0 -9999.0 -9999.0 -9999.0 -9999.0 -9999.0 -9999.0 -9999.0 -9999.0 -9999.0 -9999.0 -9999.0 -9999.0 -9999.0 -9999.0 -9999.0 -9999.0 -9999.0 -9999.0 -9999.0 -9999.0 138.3 173.7 138.5 135.5 172.3 174.8 -9999.0 -9999.0 -9999.0 -9999.0 -9999.0 -9999.0 -9999.0 -9999.0 -9999.0 235.1 -9999.0 -9999.0 -9999.0 -9999.0 -9999.0
-9999.0 -9999.0 -9999.0 -9999.0 -9999.0 -9999.0 -9999.0 -9999.0 -9999.0 -9999.0 -9999.0 -9999.0 -9999.0 -9999.0 -9999.0 -9999.0 -9999.0 -9999.0 -9999.0 -9999.0 -9999.0 -9999.0 -9999.0 -9999.0 -9999.0 -9999.0 -9999.0 -9999.0 -9999.0 -9999.0 -9999.0 -9999.0 -9999.0 -9999.0 -9999.0 -9999.0 -9999.0 -9999.0 -9999.0 -9999.0 -9999.0 -9999.0 -9999.0 -9999.0 -9999.0 -9999.0 -9999.0 -9999.0 -9999.0 -9999.0 -9999.0 -9999.0 -9999.0 -9999.0 -9999.0 -9999.0 -9999.0 -9999.0 132.6 129.8 -9999.0 -9999.0 -9999.0 -9999.0 -9999.0 -9999.0 -9999.0 -9999.0 -9999.0 -9999.0 -9999.0 -9999.0 -9999.0 -9999.0 -9999.0 237.9
-9999.0 -9999.0 -9999.0 -9999.0 -9999.0 -9999.0 -9999.0 -9999.0 -9999.0 -9999.0 -9999.0 -9999.0 -9999.0 -9999.0 -9999.0 -9999.0 -9999.0 -9999.0 -9999.0 -9999.0 -9999.0 -9999.0 -9999.0 -9999.0 -9999.0 -9999.0 -9999.0 -9999.0 -9999.0 -9999.0 -9999.0 -9999.0 -9999.0 -9999.0 -9999.0 -9999.0 -9999.0 -9999.0 -9999.0 -9999.0 -9999.0 -9999.0 -9999.0 -9999.0 -9999.0 -9999.0 -9999.0 -9999.0 -9999.0 -9999.0 -9999.0 -9999.0 -9999.0 -9999.0 -9999.0 -9999.0 -9999.0 -9999.0 -9999.0 -9999.0 -9999.0 -9999.0 -9999.0 -9999.0 -9999.0 -9999.0 -9999.0 -9999.0 -9999.0 -9999.0 -9999.0 -9999.0 -9999.0 -9999.0 -9999.0 -9999.0
