program/excelProcessViaJava/data/SURF_CLI_CHN_PRE_MON_GRID_0.5-198805.txt
NCOLS      128
NROWS       72
XLLCORNER    72.000000000000    
YLLCORNER    18.000000000000    
CELLSIZE    0.50000000000000    
NODATA_VALUE   -9999.000    
[rows 34 to 67 of 72, columns 0 to 76 of 128]
-9999.0 -9999.0 -9999.0 -9999.0 0.0 0.1 0.5 0.6 3.6 5.1 5.6 8.1 9.4 11.1 16.6 20.4 23.8 31.8 42.2 52.7 54.7 52.4 42.2 18.9 6.2 4.4 5.2 5.3 6.0 7.1 8.6 10.6 12.8 15.2 17.9 19.2 22.0 24.7 20.3 14.7 19.7 9.8 10.2 10.2 12.5 14.1 13.9 13.1 14.9 24.4 37.6 47.0 61.0 54.3 53.1 60.1 63.2 67.1 76.0 71.1 92.3 75.9 63.1 51.6 44.8 49.4 61.3 60.5 58.8 69.3 70.5 74.3 67.7 59.2 57.4 59.0 55.3
-9999.0 -9999.0 -9999.0 -9999.0 -9999.0 -9999.0 -9999.0 0.3 1.1 1.8 4.6 5.9 6.3 7.8 9.0 17.8 15.7 25.2 32.8 28.7 15.6 8.9 7.0 6.4 5.8 5.2 4.4 4.3 4.7 5.3 6.6 8.1 9.9 11.9 14.2 15.3 18.0 18.1 21.9 24.0 15.7 31.7 32.7 27.0 20.8 14.1 17.1 13.5 19.3 19.1 30.4 44.1 50.3 59.7 60.8 56.2 56.8 56.9 68.5 72.3 83.3 70.9 56.7 53.9 57.2 60.4 69.9 76.9 74.6 76.0 75.4 73.2 66.7 59.0 57.4 60.1 55.9
-9999.0 -9999.0 -9999.0 -9999.0 -9999.0 -9999.0 -9999.0 0.5 0.3 1.0 2.2 2.9 4.2 5.6 6.3 6.9 8.1 9.1 7.1 9.8 9.8 6.5 6.7 5.6 5.1 4.4 4.1 3.3 4.1 4.7 5.0 6.0 7.4 8.9 10.2 11.5 12.2 14.0 14.8 15.3 17.9 21.0 26.4 40.4 28.7 20.7 25.4 27.3 43.3 38.9 52.9 48.7 47.3 50.2 54.3 58.9 61.9 63.9 63.3 67.5 84.5 91.7 79.5 83.3 78.3 74.7 78.9 84.2 85.0 72.5 68.7 65.0 59.3 55.0 53.2 59.6 63.8
-9999.0 -9999.0 -9999.0 -9999.0 -9999.0 -9999.0 -9999.0 -9999.0 -9999.0 0.5 0.8 1.5 2.6 3.4 4.3 5.5 5.6 4.8 5.6 4.4 5.2 6.3 5.9 5.0 4.4 4.1 3.2 3.0 3.5 3.1 4.4 4.7 5.5 6.4 7.4 8.2 8.7 9.5 9.7 11.2 12.2 16.4 19.7 22.4 30.0 33.6 37.0 38.4 41.3 42.0 44.3 40.3 40.3 45.3 49.1 58.8 64.8 65.4 58.0 65.0 80.9 89.1 94.1 114.2 100.8 88.6 88.2 92.6 87.3 71.0 64.6 56.8 52.4 51.9 56.0 55.2 52.7
-9999.0 -9999.0 -9999.0 -9999.0 -9999.0 -9999.0 -9999.0 -9999.0 -9999.0 -9999.0 -9999.0 0.9 1.4 2.0 2.7 3.2 3.9 4.6 5.1 4.6 3.5 4.3 3.6 3.9 2.0 2.4 1.9 1.9 2.2 2.7 3.1 3.2 4.2 4.9 5.7 6.4 6.7 7.1 10.2 8.2 10.8 12.0 14.9 18.6 30.7 29.8 44.6 42.1 46.5 44.2 38.8 37.2 37.4 41.4 45.4 51.0 59.7 57.1 58.4 66.1 75.3 97.6 111.0 115.6 101.6 93.6 88.5 95.7 90.8 82.6 71.4 65.5 58.2 58.9 69.3 66.4 58.7
-9999.0 -9999.0 -9999.0 -9999.0 -9999.0 -9999.0 -9999.0 -9999.0 -9999.0 -9999.0 -9999.0 -9999.0 0.7 1.3 1.6 2.3 2.1 2.9 3.0 2.0 4.2 3.2 2.8 3.0 0.8 1.9 2.2 1.4 1.7 1.4 2.2 2.7 3.2 3.5 4.3 5.1 6.4 6.2 6.2 6.1 6.8 9.0 12.7 19.1 24.4 31.6 40.6 39.0 43.2 44.0 45.8 41.1 38.4 41.8 44.6 45.4 47.5 47.6 66.8 62.0 79.5 86.3 97.5 109.3 111.3 101.7 81.8 95.1 103.3 104.6 87.5 79.8 81.8 86.0 87.1 96.0 89.3
-9999.0 -9999.0 -9999.0 -9999.0 -9999.0 -9999.0 -9999.0 -9999.0 -9999.0 -9999.0 -9999.0 -9999.0 0.5 0.8 1.7 1.3 2.9 2.7 1.7 2.0 2.1 1.5 1.5 2.1 2.9 1.8 1.6 2.2 1.6 2.2 1.8 1.7 2.4 3.1 3.6 4.6 5.6 6.7 7.0 7.2 7.5 9.5 15.5 18.0 25.9 34.9 34.5 37.0 35.9 43.6 43.6 42.5 40.8 41.0 44.2 42.3 47.4 50.5 67.6 77.3 89.5 102.0 102.5 105.3 111.2 105.9 69.8 85.3 98.6 115.8 132.1 137.9 131.3 111.7 108.2 108.9 109.3
-9999.0 -9999.0 -9999.0 -9999.0 -9999.0 -9999.0 -9999.0 -9999.0 -9999.0 -9999.0 -9999.0 -9999.0 -9999.0 0.4 0.5 1.6 1.2 2.1 2.6 2.6 1.8 2.6 1.1 2.4 1.7 0.6 0.6 0.5 0.8 1.1 1.8 2.3 1.9 2.4 3.8 4.6 5.9 7.3 11.1 10.5 11.4 14.7 18.5 26.8 29.1 31.0 37.3 43.4 46.6 47.1 47.4 45.3 45.1 45.1 43.1 43.7 48.7 52.2 55.9 68.8 80.1 98.9 106.0 121.6 93.5 97.1 107.5 110.9 122.2 119.2 106.4 128.1 139.7 129.1 127.1 122.1 127.5
-9999.0 -9999.0 -9999.0 -9999.0 -9999.0 -9999.0 -9999.0 -9999.0 -9999.0 -9999.0 -9999.0 -9999.0 0.1 0.2 0.4 0.7 0.5 0.8 1.0 2.6 2.5 2.2 1.4 1.6 1.8 0.6 0.7 1.0 1.1 1.1 1.6 2.7 1.7 2.8 3.4 4.9 6.3 9.3 11.4 13.0 18.0 25.1 33.4 31.3 38.8 43.6 43.3 41.3 46.1 50.0 56.1 57.2 52.1 51.0 51.8 53.0 53.5 72.7 68.8 79.9 86.8 95.8 110.2 118.2 120.6 115.2 92.7 112.1 150.4 176.7 179.4 164.1 137.6 112.6 102.6 104.0 113.4
-9999.0 -9999.0 -9999.0 -9999.0 -9999.0 -9999.0 -9999.0 -9999.0 -9999.0 -9999.0 -9999.0 -9999.0 0.1 0.2 0.3 0.3 0.4 1.0 1.2 0.7 2.0 0.9 1.0 1.0 1.5 1.8 1.6 1.6 1.6 2.3 2.9 2.8 2.1 4.1 4.8 5.5 8.6 11.6 15.0 17.6 20.5 25.7 33.4 42.6 51.2 58.8 68.0 68.0 66.5 57.8 62.5 65.4 64.2 66.8 66.3 71.7 67.8 71.4 81.7 86.6 96.4 108.7 116.5 115.2 114.3 116.4 124.8 133.2 152.7 177.2 181.1 165.3 145.6 139.9 139.7 121.8 119.9
-9999.0 -9999.0 -9999.0 -9999.0 -9999.0 -9999.0 -9999.0 -9999.0 -9999.0 -9999.0 -9999.0 -9999.0 0.1 0.1 0.3 0.4 0.5 0.3 0.6 0.6 0.4 0.4 0.7 0.5 0.7 0.4 0.6 0.5 1.8 2.3 3.1 1.9 4.5 6.1 6.3 6.6 9.5 14.1 19.4 22.5 27.3 36.1 46.4 57.8 66.8 79.9 88.7 87.0 82.2 81.1 79.3 77.3 78.1 75.2 68.3 79.8 75.1 79.9 89.0 99.0 109.3 119.0 139.9 108.8 101.7 120.2 129.2 140.2 163.7 183.4 182.5 176.1 166.5 167.5 192.3 173.9 196.2
-9999.0 -9999.0 -9999.0 -9999.0 -9999.0 -9999.0 -9999.0 -9999.0 -9999.0 -9999.0 -9999.0 -9999.0 -9999.0 0.1 0.1 0.2 0.3 0.5 0.4 0.4 0.3 0.5 0.4 0.3 0.8 0.7 1.0 1.6 1.1 3.6 2.0 3.4 3.8 6.3 6.1 5.7 9.2 17.2 23.8 30.1 36.2 47.7 61.4 70.4 80.1 90.4 99.6 102.9 101.5 95.6 86.9 81.9 74.1 72.8 71.4 71.9 71.2 77.9 94.0 117.4 129.2 164.6 146.7 82.9 100.1 98.9 113.8 131.9 161.8 176.1 175.4 173.1 179.0 190.1 205.7 207.1 198.8
-9999.0 -9999.0 -9999.0 -9999.0 -9999.0 -9999.0 -9999.0 -9999.0 -9999.0 -9999.0 -9999.0 -9999.0 -9999.0 0.1 0.1 0.2 0.2 0.5 0.5 0.5 0.3 0.3 0.3 0.4 1.5 0.9 0.9 2.1 2.1 0.6 1.3 2.5 5.3 5.9 5.2 7.0 11.9 19.4 27.3 38.4 44.4 54.3 65.5 76.9 99.5 96.6 102.5 100.9 96.2 87.1 82.5 64.7 68.2 73.6 76.8 68.1 60.2 70.7 97.0 100.2 142.2 114.9 87.2 109.2 93.8 87.9 97.7 118.4 147.3 169.6 163.0 162.4 184.8 214.3 247.8 267.5 261.7
-9999.0 -9999.0 -9999.0 -9999.0 -9999.0 -9999.0 -9999.0 -9999.0 -9999.0 -9999.0 -9999.0 -9999.0 -9999.0 -9999.0 -9999.0 0.1 0.3 0.3 0.5 0.9 0.5 0.7 1.0 0.9 0.8 1.0 0.5 0.9 0.6 2.1 2.0 3.6 3.2 4.6 6.5 8.1 13.1 18.8 28.1 38.7 53.1 65.2 72.1 77.3 80.5 94.8 95.4 95.8 84.2 62.1 56.7 83.0 56.4 58.3 43.2 53.8 56.6 45.3 99.8 132.3 107.6 88.0 118.9 109.1 104.5 105.3 110.0 126.7 157.9 148.2 140.9 147.6 162.1 200.7 239.9 271.1 286.9
-9999.0 -9999.0 -9999.0 -9999.0 -9999.0 -9999.0 -9999.0 -9999.0 -9999.0 -9999.0 -9999.0 -9999.0 -9999.0 -9999.0 -9999.0 -9999.0 -9999.0 19.6 5.4 -9999.0 4.7 1.1 3.0 3.3 1.6 1.9 0.9 1.3 2.5 1.5 3.0 6.5 3.9 9.1 11.3 7.8 14.7 10.6 22.8 36.0 50.4 71.0 70.2 69.1 91.9 88.1 244.3 97.8 70.5 62.6 56.2 43.8 59.8 58.5 59.9 57.0 37.6 73.5 91.1 124.4 72.3 90.4 109.8 116.2 118.5 126.4 140.7 149.2 172.5 148.7 163.6 122.2 147.8 174.1 203.6 244.3 269.5
-9999.0 -9999.0 -9999.0 -9999.0 -9999.0 -9999.0 -9999.0 -9999.0 -9999.0 -9999.0 -9999.0 -9999.0 -9999.0 -9999.0 -9999.0 -9999.0 -9999.0 -9999.0 -9999.0 -9999.0 -9999.0 4.5 3.3 2.1 3.5 8.1 7.1 5.9 4.2 6.4 5.4 13.9 12.5 10.7 10.3 6.9 6.3 7.3 9.6 13.7 23.3 70.0 78.4 71.7 78.8 74.2 352.4 95.9 102.3 231.5 59.9 105.1 95.7 52.5 53.5 65.3 63.3 47.9 119.8 104.3 69.7 79.0 89.7 99.3 122.1 142.1 171.6 175.2 196.4 156.9 126.9 118.6 143.5 174.0 182.7 201.3 223.0
-9999.0 -9999.0 -9999.0 -9999.0 -9999.0 -9999.0 -9999.0 -9999.0 -9999.0 -9999.0 -9999.0 -9999.0 -9999.0 -9999.0 -9999.0 -9999.0 -9999.0 -9999.0 -9999.0 -9999.0 -9999.0 -9999.0 -9999.0 30.0 11.1 12.8 12.5 9.6 5.3 7.8 6.9 7.8 9.3 10.4 11.7 10.9 15.9 9.3 28.8 48.7 55.9 79.9 54.7 43.7 77.0 379.4 156.8 141.2 196.4 216.0 101.2 106.5 88.7 82.9 52.7 19.1 48.4 79.4 37.7 93.9 73.4 81.1 71.0 61.6 72.3 116.4 165.2 174.7 110.5 131.3 102.4 128.3 162.2 180.5 214.6 226.4 228.4
-9999.0 -9999.0 -9999.0 -9999.0 -9999.0 -9999.0 -9999.0 -9999.0 -9999.0 -9999.0 -9999.0 -9999.0 -9999.0 -9999.0 -9999.0 -9999.0 -9999.0 -9999.0 -9999.0 -9999.0 -9999.0 -9999.0 -9999.0 -9999.0 -9999.0 77.2 34.1 9.9 9.5 11.3 10.3 14.7 16.9 16.3 14.6 21.4 45.8 20.3 50.3 44.0 85.2 55.0 47.3 57.4 227.9 408.2 329.3 598.5 125.1 206.5 141.0 134.5 142.8 123.8 50.7 28.8 44.9 35.4 77.5 83.9 90.8 88.1 137.6 45.4 51.0 78.4 101.4 76.4 76.7 88.1 111.5 143.2 192.8 180.3 198.0 241.6 252.9
-9999.0 -9999.0 -9999.0 -9999.0 -9999.0 -9999.0 -9999.0 -9999.0 -9999.0 -9999.0 -9999.0 -9999.0 -9999.0 -9999.0 -9999.0 -9999.0 -9999.0 -9999.0 -9999.0 -9999.0 -9999.0 -9999.0 -9999.0 -9999.0 -9999.0 -9999.0 -9999.0 104.3 98.7 39.8 33.7 31.9 26.8 28.7 26.4 25.1 19.9 21.2 13.9 37.7 70.9 32.8 68.9 200.1 286.4 416.9 549.1 627.5 671.3 392.5 544.6 465.4 162.1 114.6 66.4 57.0 24.8 26.9 63.0 59.0 53.2 94.0 54.1 46.9 47.4 48.1 69.7 77.7 80.5 95.8 119.9 132.9 167.5 154.9 169.8 197.5 197.7
-9999.0 -9999.0 -9999.0 -9999.0 -9999.0 -9999.0 -9999.0 -9999.0 -9999.0 -9999.0 -9999.0 -9999.0 -9999.0 -9999.0 -9999.0 -9999.0 -9999.0 -9999.0 -9999.0 -9999.0 -9999.0 -9999.0 -9999.0 -9999.0 -9999.0 -9999.0 -9999.0 -9999.0 -9999.0 -9999.0 -9999.0 -9999.0 -9999.0 50.0 36.2 -9999.0 -9999.0 -9999.0 30.4 32.3 36.2 62.8 71.1 234.5 352.8 431.2 -9999.0 -9999.0 -9999.0 -9999.0 -9999.0 -9999.0 238.1 142.3 67.4 33.2 25.5 26.3 35.4 42.6 59.9 85.9 68.7 59.3 49.0 52.0 70.5 91.2 98.8 106.6 124.7 126.3 127.2 120.9 119.9 141.4 163.6
-9999.0 -9999.0 -9999.0 -9999.0 -9999.0 -9999.0 -9999.0 -9999.0 -9999.0 -9999.0 -9999.0 -9999.0 -9999.0 -9999.0 -9999.0 -9999.0 -9999.0 -9999.0 -9999.0 -9999.0 -9999.0 -9999.0 -9999.0 -9999.0 -9999.0 -9999.0 -9999.0 -9999.0 -9999.0 -9999.0 -9999.0 -9999.0 -9999.0 -9999.0 -9999.0 -9999.0 -9999.0 -9999.0 -9999.0 116.2 132.7 165.3 209.6 262.3 -9999.0 -9999.0 -9999.0 -9999.0 -9999.0 -9999.0 -9999.0 -9999.0 238.6 163.8 80.5 38.1 25.6 24.0 27.3 34.9 47.1 68.1 78.4 71.4 73.4 82.8 100.7 101.4 106.0 123.5 123.3 122.7 122.9 119.9 118.1 143.4 172.2
-9999.0 -9999.0 -9999.0 -9999.0 -9999.0 -9999.0 -9999.0 -9999.0 -9999.0 -9999.0 -9999.0 -9999.0 -9999.0 -9999.0 -9999.0 -9999.0 -9999.0 -9999.0 -9999.0 -9999.0 -9999.0 -9999.0 -9999.0 -9999.0 -9999.0 -9999.0 -9999.0 -9999.0 -9999.0 -9999.0 -9999.0 -9999.0 -9999.0 -9999.0 -9999.0 -9999.0 -9999.0 -9999.0 -9999.0 -9999.0 -9999.0 -9999.0 -9999.0 -9999.0 -9999.0 -9999.0 -9999.0 -9999.0 -9999.0 -9999.0 -9999.0 -9999.0 328.8 186.6 99.5 73.0 34.0 25.3 25.9 33.2 41.2 53.3 113.9 81.6 97.9 106.1 96.3 93.5 96.3 108.4 119.2 126.1 136.8 142.8 161.9 189.9 214.3
-9999.0 -9999.0 -9999.0 -9999.0 -9999.0 -9999.0 -9999.0 -9999.0 -9999.0 -9999.0 -9999.0 -9999.0 -9999.0 -9999.0 -9999.0 -9999.0 -9999.0 -9999.0 -9999.0 -9999.0 -9999.0 -9999.0 -9999.0 -9999.0 -9999.0 -9999.0 -9999.0 -9999.0 -9999.0 -9999.0 -9999.0 -9999.0 -9999.0 -9999.0 -9999.0 -9999.0 -9999.0 -9999.0 -9999.0 -9999.0 -9999.0 -9999.0 -9999.0 -9999.0 -9999.0 -9999.0 -9999.0 -9999.0 -9999.0 -9999.0 -9999.0 386.5 293.9 207.9 124.0 80.5 49.4 39.9 30.6 31.8 43.2 49.1 52.1 75.2 102.7 113.6 90.0 75.9 86.3 97.4 116.0 128.8 142.8 163.5 188.4 214.1 225.2
-9999.0 -9999.0 -9999.0 -9999.0 -9999.0 -9999.0 -9999.0 -9999.0 -9999.0 -9999.0 -9999.0 -9999.0 -9999.0 -9999.0 -9999.0 -9999.0 -9999.0 -9999.0 -9999.0 -9999.0 -9999.0 -9999.0 -9999.0 -9999.0 -9999.0 -9999.0 -9999.0 -9999.0 -9999.0 -9999.0 -9999.0 -9999.0 -9999.0 -9999.0 -9999.0 -9999.0 -9999.0 -9999.0 -9999.0 -9999.0 -9999.0 -9999.0 -9999.0 -9999.0 -9999.0 -9999.0 -9999.0 -9999.0 -9999.0 -9999.0 371.3 367.2 312.9 247.7 167.6 118.3 66.5 41.9 37.3 38.9 35.1 47.4 45.3 72.8 97.3 103.7 108.3 86.3 95.8 103.3 113.1 120.7 126.8 144.0 165.9 186.0 205.7
-9999.0 -9999.0 -9999.0 -9999.0 -9999.0 -9999.0 -9999.0 -9999.0 -9999.0 -9999.0 -9999.0 -9999.0 -9999.0 -9999.0 -9999.0 -9999.0 -9999.0 -9999.0 -9999.0 -9999.0 -9999.0 -9999.0 -9999.0 -9999.0 -9999.0 -9999.0 -9999.0 -9999.0 -9999.0 -9999.0 -9999.0 -9999.0 -9999.0 -9999.0 -9999.0 -9999.0 -9999.0 -9999.0 -9999.0 -9999.0 -9999.0 -9999.0 -9999.0 -9999.0 -9999.0 -9999.0 -9999.0 -9999.0 -9999.0 -9999.0 302.0 359.6 310.4 280.7 222.5 148.2 65.8 77.6 58.5 41.4 34.5 37.8 42.4 76.8 112.6 95.4 106.3 98.1 105.6 107.3 104.0 98.4 99.5 111.9 129.1 150.6 171.6
-9999.0 -9999.0 -9999.0 -9999.0 -9999.0 -9999.0 -9999.0 -9999.0 -9999.0 -9999.0 -9999.0 -9999.0 -9999.0 -9999.0 -9999.0 -9999.0 -9999.0 -9999.0 -9999.0 -9999.0 -9999.0 -9999.0 -9999.0 -9999.0 -9999.0 -9999.0 -9999.0 -9999.0 -9999.0 -9999.0 -9999.0 -9999.0 -9999.0 -9999.0 -9999.0 -9999.0 -9999.0 -9999.0 -9999.0 -9999.0 -9999.0 -9999.0 -9999.0 -9999.0 -9999.0 -9999.0 -9999.0 -9999.0 -9999.0 -9999.0 230.7 265.3 259.0 317.8 216.5 150.1 162.4 96.1 89.2 49.2 53.3 60.7 66.9 89.4 150.2 147.3 121.0 117.4 120.4 119.4 100.2 104.0 92.8 97.7 112.1 139.2 167.8
-9999.0 -9999.0 -9999.0 -9999.0 -9999.0 -9999.0 -9999.0 -9999.0 -9999.0 -9999.0 -9999.0 -9999.0 -9999.0 -9999.0 -9999.0 -9999.0 -9999.0 -9999.0 -9999.0 -9999.0 -9999.0 -9999.0 -9999.0 -9999.0 -9999.0 -9999.0 -9999.0 -9999.0 -9999.0 -9999.0 -9999.0 -9999.0 -9999.0 -9999.0 -9999.0 -9999.0 -9999.0 -9999.0 -9999.0 -9999.0 -9999.0 -9999.0 -9999.0 -9999.0 -9999.0 -9999.0 -9999.0 -9999.0 -9999.0 -9999.0 206.3 272.9 265.2 279.8 239.2 218.5 96.4 119.1 112.4 79.8 108.4 91.9 49.8 107.9 168.7 172.1 167.2 147.4 151.6 131.8 122.4 115.1 110.0 105.4 124.6 168.5 214.7
-9999.0 -9999.0 -9999.0 -9999.0 -9999.0 -9999.0 -9999.0 -9999.0 -9999.0 -9999.0 -9999.0 -9999.0 -9999.0 -9999.0 -9999.0 -9999.0 -9999.0 -9999.0 -9999.0 -9999.0 -9999.0 -9999.0 -9999.0 -9999.0 -9999.0 -9999.0 -9999.0 -9999.0 -9999.0 -9999.0 -9999.0 -9999.0 -9999.0 -9999.0 -9999.0 -9999.0 -9999.0 -9999.0 -9999.0 -9999.0 -9999.0 -9999.0 -9999.0 -9999.0 -9999.0 -9999.0 -9999.0 -9999.0 -9999.0 -9999.0 -9999.0 -9999.0 -9999.0 236.7 204.9 163.2 146.8 158.7 113.7 142.6 321.1 135.7 212.5 151.5 153.2 144.9 163.1 138.1 153.4 157.3 154.9 146.1 133.5 131.2 162.2 238.5 311.2
-9999.0 -9999.0 -9999.0 -9999.0 -9999.0 -9999.0 -9999.0 -9999.0 -9999.0 -9999.0 -9999.0 -9999.0 -9999.0 -9999.0 -9999.0 -9999.0 -9999.0 -9999.0 -9999.0 -9999.0 -9999.0 -9999.0 -9999.0 -9999.0 -9999.0 -9999.0 -9999.0 -9999.0 -9999.0 -9999.0 -9999.0 -9999.0 -9999.0 -9999.0 -9999.0 -9999.0 -9999.0 -9999.0 -9999.0 -9999.0 -9999.0 -9999.0 -9999.0 -9999.0 -9999.0 -9999.0 -9999.0 -9999.0 -9999.0 -9999.0 -9999.0 -9999.0 -9999.0 239.9 219.1 249.1 168.5 150.7 196.5 361.8 310.5 248.8 373.5 213.7 171.7 139.3 117.8 136.8 124.8 141.4 160.5 168.7 168.7 179.6 219.3 291.7 379.0
-9999.0 -9999.0 -9999.0 -9999.0 -9999.0 -9999.0 -9999.0 -9999.0 -9999.0 -9999.0 -9999.0 -9999.0 -9999.0 -9999.0 -9999.0 -9999.0 -9999.0 -9999.0 -9999.0 -9999.0 -9999.0 -9999.0 -9999.0 -9999.0 -9999.0 -9999.0 -9999.0 -9999.0 -9999.0 -9999.0 -9999.0 -9999.0 -9999.0 -9999.0 -9999.0 -9999.0 -9999.0 -9999.0 -9999.0 -9999.0 -9999.0 -9999.0 -9999.0 -9999.0 -9999.0 -9999.0 -9999.0 -9999.0 -9999.0 -9999.0 -9999.0 -9999.0 -9999.0 245.9 224.7 232.1 203.6 189.3 237.5 292.4 443.0 443.1 513.3 405.7 200.8 -9999.0 -9999.0 -9999.0 97.2 98.0 130.8 172.2 214.7 249.6 273.2 328.5 399.8
-9999.0 -9999.0 -9999.0 -9999.0 -9999.0 -9999.0 -9999.0 -9999.0 -9999.0 -9999.0 -9999.0 -9999.0 -9999.0 -9999.0 -9999.0 -9999.0 -9999.0 -9999.0 -9999.0 -9999.0 -9999.0 -9999.0 -9999.0 -9999.0 -9999.0 -9999.0 -9999.0 -9999.0 -9999.0 -9999.0 -9999.0 -9999.0 -9999.0 -9999.0 -9999.0 -9999.0 -9999.0 -9999.0 -9999.0 -9999.0 -9999.0 -9999.0 -9999.0 -9999.0 -9999.0 -9999.0 -9999.0 -9999.0 -9999.0 -9999.0 -9999.0 -9999.0 -9999.0 -9999.0 240.8 225.3 181.6 172.6 255.8 391.1 296.6 -9999.0 -9999.0 -9999.0 -9999.0 -9999.0 -9999.0 -9999.0 60.4 69.7 105.5 139.9 193.7 227.8 238.0 288.8 352.9
-9999.0 -9999.0 -9999.0 -9999.0 -9999.0 -9999.0 -9999.0 -9999.0 -9999.0 -9999.0 -9999.0 -9999.0 -9999.0 -9999.0 -9999.0 -9999.0 -9999.0 -9999.0 -9999.0 -9999.0 -9999.0 -9999.0 -9999.0 -9999.0 -9999.0 -9999.0 -9999.0 -9999.0 -9999.0 -9999.0 -9999.0 -9999.0 -9999.0 -9999.0 -9999.0 -9999.0 -9999.0 -9999.0 -9999.0 -9999.0 -9999.0 -9999.0 -9999.0 -9999.0 -9999.0 -9999.0 -9999.0 -9999.0 -9999.0 -9999.0 -9999.0 -9999.0 -9999.0 -9999.0 -9999.0 199.5 251.1 196.2 195.5 283.7 310.6 -9999.0 -9999.0 -9999.0 -9999.0 -9999.0 -9999.0 -9999.0 -9999.0 -9999.0 65.4 -9999.0 -9999.0 -9999.0 -9999.0 -9999.0 252.8
-9999.0 -9999.0 -9999.0 -9999.0 -9999.0 -9999.0 -9999.0 -9999.0 -9999.0 -9999.0 -9999.0 -9999.0 -9999.0 -9999.0 -9999.0 -9999.0 -9999.0 -9999.0 -9999.0 -9999.0 -9999.0 -9999.0 -9999.0 -9999.0 -9999.0 -9999.0 -9999.0 -9999.0 -9999.0 -9999.0 -9999.0 -9999.0 -9999.0 -9999.0 -9999.0 -9999.0 -9999.0 -9999.0 -9999.0 -9999.0 -9999.0 -9999.0 -9999.0 -9999.0 -9999.0 -9999.0 -9999.0 -9999.0 -9999.0 -9999.0 -9999.0 -9999.0 -9999.0 -9999.0 -9999.0 -9999.0 -9999.0 -9999.0 209.7 206.8 -9999.0 -9999.0 -9999.0 -9999.0 -9999.0 -9999.0 -9999.0 -9999.0 -9999.0 -9999.0 -9999.0 -9999.0 -9999.0 -9999.0 -9999.0 146.7 204.3
-9999.0 -9999.0 -9999.0 -9999.0 -9999.0 -9999.0 -9999.0 -9999.0 -9999.0 -9999.0 -9999.0 -9999.0 -9999.0 -9999.0 -9999.0 -9999.0 -9999.0 -9999.0 -9999.0 -9999.0 -9999.0 -9999.0 -9999.0 -9999.0 -9999.0 -9999.0 -9999.0 -9999.0 -9999.0 -9999.0 -9999.0 -9999.0 -9999.0 -9999.0 -9999.0 -9999.0 -9999.0 -9999.0 -9999.0 -9999.0 -9999.0 -9999.0 -9999.0 -9999.0 -9999.0 -9999.0 -9999.0 -9999.0 -9999.0 -9999.0 -9999.0 -9999.0 -9999.0 -9999.0 -9999.0 -9999.0 -9999.0 -9999.0 -9999.0 -9999.0 -9999.0 -9999.0 -9999.0 -9999.0 -9999.0 -9999.0 -9999.0 -9999.0 -9999.0 -9999.0 -9999.0 -9999.0 -9999.0 -9999.0 -9999.0 -9999.0 -9999.0
