program/excelProcessViaJava/data/SURF_CLI_CHN_PRE_MON_GRID_0.5-201110.txt
NCOLS      128
NROWS       72
XLLCORNER    72.000000000000    
YLLCORNER    18.000000000000    
CELLSIZE    0.50000000000000    
NODATA_VALUE   -9999.000    
[rows 34 to 67 of 72, columns 0 to 77 of 128]
-9999.0 -9999.0 -9999.0 -9999.0 0.0 0.0 0.0 0.1 0.0 0.0 0.4 0.1 0.5 0.6 1.0 1.0 1.0 0.6 0.5 0.5 0.6 0.6 0.6 0.4 0.1 0.0 0.1 0.1 0.1 0.2 0.2 0.3 0.4 0.5 0.6 0.8 1.1 1.6 1.8 1.4 3.0 0.9 0.7 0.4 0.4 0.4 0.4 0.4 0.4 0.7 1.1 2.8 11.5 11.2 10.3 11.4 11.3 14.5 20.7 17.8 31.0 26.6 23.6 21.2 14.7 12.7 21.6 20.6 24.2 35.6 38.2 43.1 45.3 50.6 60.3 69.6 64.7 63.6
-9999.0 -9999.0 -9999.0 -9999.0 -9999.0 -9999.0 -9999.0 0.0 0.0 0.1 0.0 0.0 0.2 0.2 0.3 0.9 0.9 1.0 0.9 0.8 0.4 0.1 0.1 0.1 0.1 0.1 0.1 0.1 0.1 0.1 0.2 0.3 0.4 0.5 0.6 0.8 1.1 1.6 2.6 4.0 3.2 8.1 9.0 6.2 2.7 0.7 1.3 0.9 1.6 0.8 0.9 2.3 6.9 20.6 20.4 8.8 5.7 5.8 18.7 16.2 27.0 21.9 19.7 19.0 21.0 17.4 23.2 28.9 32.1 40.7 44.4 48.5 56.0 63.2 71.0 77.1 67.2 61.2
-9999.0 -9999.0 -9999.0 -9999.0 -9999.0 -9999.0 -9999.0 0.0 0.0 0.0 0.0 0.0 0.0 0.0 0.1 0.0 0.2 0.2 0.0 0.2 0.2 0.1 0.1 0.1 0.1 0.1 0.2 0.1 0.2 0.3 0.3 0.4 0.5 0.5 0.7 0.9 1.2 1.7 2.6 3.9 5.9 7.9 10.1 14.3 8.1 3.5 4.5 4.7 10.0 8.2 17.4 16.8 10.7 16.3 23.9 13.9 11.4 14.2 21.6 25.9 25.6 27.8 24.9 24.6 20.8 21.1 24.8 30.4 42.6 42.3 50.0 57.4 65.7 73.1 74.4 79.5 73.5 61.0
-9999.0 -9999.0 -9999.0 -9999.0 -9999.0 -9999.0 -9999.0 -9999.0 -9999.0 0.0 0.0 0.0 0.0 0.0 0.1 0.2 0.1 0.0 0.1 0.0 0.1 0.2 0.2 0.2 0.2 0.2 0.2 0.2 0.4 0.3 0.6 0.6 0.7 0.8 1.1 1.2 1.4 1.8 2.6 4.2 6.1 9.3 11.1 11.1 12.9 11.9 11.3 10.9 12.5 14.4 18.9 18.2 17.7 18.7 26.4 21.2 17.4 20.4 29.0 30.4 31.2 31.0 29.5 24.4 23.0 22.0 23.6 28.3 45.2 47.7 56.6 60.8 68.1 74.1 76.4 66.7 63.5 59.0
-9999.0 -9999.0 -9999.0 -9999.0 -9999.0 -9999.0 -9999.0 -9999.0 -9999.0 -9999.0 -9999.0 0.0 0.1 0.0 0.1 0.0 0.1 0.1 0.2 0.1 0.1 0.1 0.1 0.2 0.1 0.2 0.2 0.2 0.4 0.5 0.7 0.7 1.2 1.3 1.5 1.4 1.7 2.1 3.3 4.6 7.6 10.4 12.7 13.8 19.0 14.6 19.9 16.3 19.8 21.4 19.9 21.7 23.0 26.5 30.4 30.2 29.6 33.2 35.1 36.6 36.2 34.2 30.6 27.1 24.6 21.7 19.7 28.1 42.0 53.0 59.6 63.7 64.2 63.0 52.8 51.3 50.8 53.2
-9999.0 -9999.0 -9999.0 -9999.0 -9999.0 -9999.0 -9999.0 -9999.0 -9999.0 -9999.0 -9999.0 -9999.0 0.1 0.1 0.0 0.1 0.0 0.1 0.1 0.0 0.3 0.2 0.2 0.3 0.0 0.3 0.4 0.3 0.5 0.4 1.0 1.5 1.8 1.8 2.0 2.2 2.1 2.6 3.3 4.9 7.6 11.5 15.6 20.2 21.5 22.6 24.3 19.2 22.7 26.7 33.8 33.1 29.7 28.5 31.2 33.3 35.2 37.1 39.4 40.9 40.6 35.9 31.7 29.8 29.9 29.3 31.6 37.9 46.6 55.0 60.0 55.5 50.2 46.9 48.1 52.6 49.1 46.3
-9999.0 -9999.0 -9999.0 -9999.0 -9999.0 -9999.0 -9999.0 -9999.0 -9999.0 -9999.0 -9999.0 -9999.0 0.0 0.1 0.3 0.1 0.4 0.3 0.1 0.1 0.2 0.1 0.2 0.3 0.6 0.5 0.5 1.0 0.9 1.6 1.5 1.6 2.7 3.3 3.4 3.6 3.3 3.5 4.4 6.4 9.7 14.7 22.2 24.6 29.8 33.0 28.3 25.8 22.5 31.8 34.3 36.4 32.4 33.4 32.2 34.0 35.7 38.1 42.9 45.5 46.0 43.6 37.3 33.1 41.1 40.0 37.2 41.1 48.5 56.4 59.3 57.7 56.4 54.1 50.8 45.7 42.5 46.4
-9999.0 -9999.0 -9999.0 -9999.0 -9999.0 -9999.0 -9999.0 -9999.0 -9999.0 -9999.0 -9999.0 -9999.0 -9999.0 0.0 0.0 0.3 0.2 0.4 0.4 0.4 0.3 0.5 0.3 0.6 0.6 0.3 0.3 0.3 0.7 1.3 2.5 3.6 3.6 4.7 6.4 6.1 5.4 5.1 6.8 9.0 13.9 21.1 28.1 35.8 37.8 36.9 38.2 38.6 38.7 39.0 39.8 36.4 34.9 36.9 33.9 32.8 34.1 35.8 36.2 42.8 45.8 49.4 45.5 52.6 52.1 52.0 53.1 51.9 54.4 56.8 55.0 54.6 53.7 52.0 53.0 49.9 49.6 49.0
-9999.0 -9999.0 -9999.0 -9999.0 -9999.0 -9999.0 -9999.0 -9999.0 -9999.0 -9999.0 -9999.0 -9999.0 0.0 0.0 0.0 0.2 0.0 0.2 0.2 0.7 0.7 0.7 0.5 0.7 1.0 0.4 0.6 1.1 1.5 1.8 3.0 5.2 5.0 8.1 9.3 10.1 8.7 7.8 8.4 12.1 19.4 27.8 36.5 41.3 46.1 47.2 43.6 37.5 38.1 39.5 43.9 43.9 38.1 35.7 33.0 31.2 29.6 38.0 37.7 44.7 49.2 50.0 54.5 50.0 55.8 58.0 45.5 45.5 56.0 60.8 62.2 61.2 56.0 52.3 53.2 57.3 60.7 63.9
-9999.0 -9999.0 -9999.0 -9999.0 -9999.0 -9999.0 -9999.0 -9999.0 -9999.0 -9999.0 -9999.0 -9999.0 0.0 0.1 0.1 0.0 0.0 0.4 0.5 0.3 0.8 0.5 0.6 0.7 1.2 1.6 1.6 1.9 2.2 3.3 4.5 5.8 6.7 11.6 14.6 15.7 14.6 12.4 12.6 16.8 24.3 32.3 40.0 46.3 49.9 50.9 51.8 48.1 44.9 37.5 40.2 42.3 38.4 35.9 33.1 32.8 29.4 30.6 37.9 39.8 44.4 47.8 63.3 63.8 59.9 57.0 55.4 39.8 43.1 56.7 67.9 72.9 73.3 73.8 80.4 86.3 85.7 92.7
-9999.0 -9999.0 -9999.0 -9999.0 -9999.0 -9999.0 -9999.0 -9999.0 -9999.0 -9999.0 -9999.0 -9999.0 0.0 0.0 0.2 0.2 0.3 0.0 0.3 0.3 0.1 0.1 0.5 0.4 0.8 0.4 0.8 0.5 2.4 3.1 4.4 4.4 8.9 13.2 17.5 20.7 20.2 17.7 17.5 22.5 29.2 33.9 44.1 42.7 49.7 53.2 53.1 47.7 41.5 42.4 42.9 40.1 37.0 31.7 28.0 34.2 29.6 30.2 34.2 44.4 50.7 56.9 53.8 59.8 49.7 38.0 34.1 36.4 47.0 63.4 83.3 93.0 98.8 99.4 94.9 114.6 113.7 113.8
-9999.0 -9999.0 -9999.0 -9999.0 -9999.0 -9999.0 -9999.0 -9999.0 -9999.0 -9999.0 -9999.0 -9999.0 -9999.0 0.0 0.0 0.1 0.1 0.3 0.1 0.1 0.0 0.3 0.2 0.2 0.8 0.8 1.1 1.8 1.5 3.6 2.8 4.7 6.8 11.4 16.1 19.2 21.1 18.8 19.4 22.8 28.6 37.7 43.5 46.6 44.9 46.7 49.2 42.6 46.7 44.3 39.8 37.3 32.0 28.2 24.2 22.6 32.5 35.1 35.5 36.9 47.5 45.1 60.7 44.6 37.1 28.8 26.7 34.7 52.9 79.5 106.4 129.7 130.2 152.1 143.3 146.8 137.4 127.9
-9999.0 -9999.0 -9999.0 -9999.0 -9999.0 -9999.0 -9999.0 -9999.0 -9999.0 -9999.0 -9999.0 -9999.0 -9999.0 0.1 0.0 0.1 0.0 0.3 0.3 0.2 0.0 0.1 0.1 0.2 1.3 0.9 0.9 1.9 1.9 0.5 1.4 2.7 5.5 8.0 11.0 14.5 15.6 14.8 17.5 24.2 25.9 31.2 35.7 39.7 47.0 44.5 45.1 42.1 41.0 37.4 34.9 24.8 25.3 23.4 21.0 19.3 24.9 30.5 33.2 46.4 49.3 51.5 44.5 44.7 34.0 27.8 29.6 43.1 70.7 103.7 132.3 153.7 169.6 169.4 166.2 160.5 156.7 132.4
-9999.0 -9999.0 -9999.0 -9999.0 -9999.0 -9999.0 -9999.0 -9999.0 -9999.0 -9999.0 -9999.0 -9999.0 -9999.0 -9999.0 -9999.0 0.1 0.2 0.1 0.3 0.5 0.1 0.4 0.5 0.4 0.4 0.5 0.1 0.5 0.2 1.4 1.3 2.3 2.4 4.3 6.7 8.8 11.2 7.7 11.2 15.8 23.4 28.1 30.3 31.7 29.6 33.6 39.1 36.7 35.0 21.0 22.0 28.0 18.1 16.9 11.0 15.5 18.0 32.3 30.1 38.6 44.1 41.7 56.1 46.4 37.0 33.8 40.7 62.3 97.4 126.0 148.9 164.9 159.9 169.0 173.6 168.3 163.6 163.6
-9999.0 -9999.0 -9999.0 -9999.0 -9999.0 -9999.0 -9999.0 -9999.0 -9999.0 -9999.0 -9999.0 -9999.0 -9999.0 -9999.0 -9999.0 -9999.0 -9999.0 0.6 1.6 -9999.0 2.2 0.3 1.5 1.6 0.4 0.6 0.1 0.4 1.1 0.5 1.2 2.7 1.4 3.6 3.6 4.0 7.3 3.1 7.7 11.6 16.3 23.4 23.0 22.7 18.1 26.7 37.8 36.5 24.9 23.2 8.5 11.9 5.5 15.4 15.2 14.6 14.0 20.9 29.1 39.8 30.2 42.8 58.4 51.9 43.3 43.6 55.8 81.0 115.9 142.2 163.1 154.8 165.5 180.4 179.3 175.7 162.5 147.6
-9999.0 -9999.0 -9999.0 -9999.0 -9999.0 -9999.0 -9999.0 -9999.0 -9999.0 -9999.0 -9999.0 -9999.0 -9999.0 -9999.0 -9999.0 -9999.0 -9999.0 -9999.0 -9999.0 -9999.0 -9999.0 1.7 0.9 0.2 0.7 3.3 2.7 2.1 1.3 2.3 1.7 4.6 3.6 2.7 2.2 2.0 2.0 2.7 3.7 3.1 3.3 18.5 21.2 20.4 13.3 23.8 38.3 26.8 34.1 49.4 17.1 30.0 26.2 11.1 14.4 17.6 18.0 19.1 31.0 40.7 30.6 39.1 56.4 52.6 50.8 57.1 74.7 100.8 132.6 152.8 162.7 167.5 180.2 184.7 178.2 165.7 148.9 122.8
-9999.0 -9999.0 -9999.0 -9999.0 -9999.0 -9999.0 -9999.0 -9999.0 -9999.0 -9999.0 -9999.0 -9999.0 -9999.0 -9999.0 -9999.0 -9999.0 -9999.0 -9999.0 -9999.0 -9999.0 -9999.0 -9999.0 -9999.0 10.4 3.4 4.1 3.9 2.5 0.6 1.9 1.4 1.4 0.9 1.8 2.1 2.4 3.7 3.2 7.5 11.5 12.6 17.8 12.1 9.0 11.7 34.0 28.0 28.5 29.2 26.2 17.8 31.3 18.2 23.4 17.2 7.4 20.0 27.5 26.0 41.9 42.4 44.8 40.6 38.6 47.7 72.1 100.7 127.3 137.2 159.0 164.0 184.3 194.1 197.4 177.4 157.6 151.0 132.7
-9999.0 -9999.0 -9999.0 -9999.0 -9999.0 -9999.0 -9999.0 -9999.0 -9999.0 -9999.0 -9999.0 -9999.0 -9999.0 -9999.0 -9999.0 -9999.0 -9999.0 -9999.0 -9999.0 -9999.0 -9999.0 -9999.0 -9999.0 -9999.0 -9999.0 18.3 11.3 0.3 0.4 0.2 0.9 2.8 3.4 2.6 2.8 3.5 6.7 5.2 10.5 9.9 16.9 11.0 3.7 6.9 22.3 39.0 42.9 65.5 34.3 35.8 43.8 40.2 47.4 45.2 22.9 19.6 28.3 26.8 38.7 44.8 50.7 49.9 62.8 37.1 51.4 86.1 120.6 126.8 135.3 150.6 180.9 205.5 199.3 201.0 185.5 148.9 125.3 129.7
-9999.0 -9999.0 -9999.0 -9999.0 -9999.0 -9999.0 -9999.0 -9999.0 -9999.0 -9999.0 -9999.0 -9999.0 -9999.0 -9999.0 -9999.0 -9999.0 -9999.0 -9999.0 -9999.0 -9999.0 -9999.0 -9999.0 -9999.0 -9999.0 -9999.0 -9999.0 -9999.0 18.2 18.0 10.7 8.5 7.7 2.5 6.8 4.9 4.5 5.2 6.1 3.7 8.6 14.1 5.6 7.0 18.2 29.7 44.8 60.2 75.5 89.7 71.9 95.9 91.8 60.7 52.6 45.6 47.0 30.8 29.5 45.1 44.6 54.2 51.4 38.1 35.1 48.6 82.7 122.2 149.5 153.3 167.8 198.5 218.0 196.7 190.4 161.0 135.5 150.9 144.5
-9999.0 -9999.0 -9999.0 -9999.0 -9999.0 -9999.0 -9999.0 -9999.0 -9999.0 -9999.0 -9999.0 -9999.0 -9999.0 -9999.0 -9999.0 -9999.0 -9999.0 -9999.0 -9999.0 -9999.0 -9999.0 -9999.0 -9999.0 -9999.0 -9999.0 -9999.0 -9999.0 -9999.0 -9999.0 -9999.0 -9999.0 -9999.0 -9999.0 9.5 8.4 -9999.0 -9999.0 -9999.0 4.3 7.5 5.8 7.7 11.2 23.5 35.3 50.0 -9999.0 -9999.0 -9999.0 -9999.0 -9999.0 -9999.0 88.7 84.1 54.0 42.5 42.3 30.9 39.5 43.6 52.5 49.7 39.0 34.8 49.3 80.7 110.1 129.9 150.7 178.8 200.0 215.0 203.6 170.1 168.6 139.9 157.7 127.4
-9999.0 -9999.0 -9999.0 -9999.0 -9999.0 -9999.0 -9999.0 -9999.0 -9999.0 -9999.0 -9999.0 -9999.0 -9999.0 -9999.0 -9999.0 -9999.0 -9999.0 -9999.0 -9999.0 -9999.0 -9999.0 -9999.0 -9999.0 -9999.0 -9999.0 -9999.0 -9999.0 -9999.0 -9999.0 -9999.0 -9999.0 -9999.0 -9999.0 -9999.0 -9999.0 -9999.0 -9999.0 -9999.0 -9999.0 4.6 7.1 11.0 17.2 26.4 -9999.0 -9999.0 -9999.0 -9999.0 -9999.0 -9999.0 -9999.0 -9999.0 109.5 105.9 79.5 49.1 37.1 29.5 28.4 37.4 47.6 44.9 37.2 32.4 41.6 63.4 91.6 124.6 153.4 180.0 201.6 199.4 174.8 176.3 153.8 147.8 138.3 118.8
-9999.0 -9999.0 -9999.0 -9999.0 -9999.0 -9999.0 -9999.0 -9999.0 -9999.0 -9999.0 -9999.0 -9999.0 -9999.0 -9999.0 -9999.0 -9999.0 -9999.0 -9999.0 -9999.0 -9999.0 -9999.0 -9999.0 -9999.0 -9999.0 -9999.0 -9999.0 -9999.0 -9999.0 -9999.0 -9999.0 -9999.0 -9999.0 -9999.0 -9999.0 -9999.0 -9999.0 -9999.0 -9999.0 -9999.0 -9999.0 -9999.0 -9999.0 -9999.0 -9999.0 -9999.0 -9999.0 -9999.0 -9999.0 -9999.0 -9999.0 -9999.0 -9999.0 118.4 123.3 88.7 82.6 42.8 33.3 30.6 36.0 34.2 34.0 55.3 31.9 42.0 60.3 89.0 122.4 154.2 177.6 189.1 185.0 191.3 171.6 162.7 128.0 120.3 100.9
-9999.0 -9999.0 -9999.0 -9999.0 -9999.0 -9999.0 -9999.0 -9999.0 -9999.0 -9999.0 -9999.0 -9999.0 -9999.0 -9999.0 -9999.0 -9999.0 -9999.0 -9999.0 -9999.0 -9999.0 -9999.0 -9999.0 -9999.0 -9999.0 -9999.0 -9999.0 -9999.0 -9999.0 -9999.0 -9999.0 -9999.0 -9999.0 -9999.0 -9999.0 -9999.0 -9999.0 -9999.0 -9999.0 -9999.0 -9999.0 -9999.0 -9999.0 -9999.0 -9999.0 -9999.0 -9999.0 -9999.0 -9999.0 -9999.0 -9999.0 -9999.0 147.3 141.5 132.3 73.1 62.8 45.3 47.9 36.2 14.3 39.1 34.8 26.0 36.2 48.3 64.8 92.2 122.3 154.9 170.4 179.2 180.2 165.7 145.8 130.3 99.1 94.5 75.3
-9999.0 -9999.0 -9999.0 -9999.0 -9999.0 -9999.0 -9999.0 -9999.0 -9999.0 -9999.0 -9999.0 -9999.0 -9999.0 -9999.0 -9999.0 -9999.0 -9999.0 -9999.0 -9999.0 -9999.0 -9999.0 -9999.0 -9999.0 -9999.0 -9999.0 -9999.0 -9999.0 -9999.0 -9999.0 -9999.0 -9999.0 -9999.0 -9999.0 -9999.0 -9999.0 -9999.0 -9999.0 -9999.0 -9999.0 -9999.0 -9999.0 -9999.0 -9999.0 -9999.0 -9999.0 -9999.0 -9999.0 -9999.0 -9999.0 -9999.0 125.8 174.9 166.6 143.7 100.9 77.9 47.7 31.0 31.0 33.1 22.0 33.9 28.2 44.3 58.9 77.5 104.9 124.8 152.0 162.2 182.7 188.1 176.3 153.3 119.9 91.7 62.4 79.8
-9999.0 -9999.0 -9999.0 -9999.0 -9999.0 -9999.0 -9999.0 -9999.0 -9999.0 -9999.0 -9999.0 -9999.0 -9999.0 -9999.0 -9999.0 -9999.0 -9999.0 -9999.0 -9999.0 -9999.0 -9999.0 -9999.0 -9999.0 -9999.0 -9999.0 -9999.0 -9999.0 -9999.0 -9999.0 -9999.0 -9999.0 -9999.0 -9999.0 -9999.0 -9999.0 -9999.0 -9999.0 -9999.0 -9999.0 -9999.0 -9999.0 -9999.0 -9999.0 -9999.0 -9999.0 -9999.0 -9999.0 -9999.0 -9999.0 -9999.0 122.8 192.9 161.5 159.3 127.5 90.4 52.7 51.5 38.2 22.3 15.4 20.6 24.1 45.2 68.7 77.5 104.2 113.2 137.5 161.0 196.5 217.4 205.9 163.4 111.3 76.9 71.9 88.6
-9999.0 -9999.0 -9999.0 -9999.0 -9999.0 -9999.0 -9999.0 -9999.0 -9999.0 -9999.0 -9999.0 -9999.0 -9999.0 -9999.0 -9999.0 -9999.0 -9999.0 -9999.0 -9999.0 -9999.0 -9999.0 -9999.0 -9999.0 -9999.0 -9999.0 -9999.0 -9999.0 -9999.0 -9999.0 -9999.0 -9999.0 -9999.0 -9999.0 -9999.0 -9999.0 -9999.0 -9999.0 -9999.0 -9999.0 -9999.0 -9999.0 -9999.0 -9999.0 -9999.0 -9999.0 -9999.0 -9999.0 -9999.0 -9999.0 -9999.0 104.2 152.0 143.5 168.5 131.6 101.3 85.6 59.6 44.9 24.3 22.6 29.2 37.1 49.7 79.7 94.1 99.6 108.9 127.6 169.1 215.2 244.4 245.3 200.6 138.2 100.7 89.1 116.0
-9999.0 -9999.0 -9999.0 -9999.0 -9999.0 -9999.0 -9999.0 -9999.0 -9999.0 -9999.0 -9999.0 -9999.0 -9999.0 -9999.0 -9999.0 -9999.0 -9999.0 -9999.0 -9999.0 -9999.0 -9999.0 -9999.0 -9999.0 -9999.0 -9999.0 -9999.0 -9999.0 -9999.0 -9999.0 -9999.0 -9999.0 -9999.0 -9999.0 -9999.0 -9999.0 -9999.0 -9999.0 -9999.0 -9999.0 -9999.0 -9999.0 -9999.0 -9999.0 -9999.0 -9999.0 -9999.0 -9999.0 -9999.0 -9999.0 -9999.0 129.1 161.9 154.2 152.2 131.8 112.4 92.2 75.5 59.0 42.0 39.3 42.3 45.8 71.3 98.9 112.5 124.4 123.5 144.2 159.2 227.7 282.0 296.1 257.6 191.1 142.3 114.0 117.3
-9999.0 -9999.0 -9999.0 -9999.0 -9999.0 -9999.0 -9999.0 -9999.0 -9999.0 -9999.0 -9999.0 -9999.0 -9999.0 -9999.0 -9999.0 -9999.0 -9999.0 -9999.0 -9999.0 -9999.0 -9999.0 -9999.0 -9999.0 -9999.0 -9999.0 -9999.0 -9999.0 -9999.0 -9999.0 -9999.0 -9999.0 -9999.0 -9999.0 -9999.0 -9999.0 -9999.0 -9999.0 -9999.0 -9999.0 -9999.0 -9999.0 -9999.0 -9999.0 -9999.0 -9999.0 -9999.0 -9999.0 -9999.0 -9999.0 -9999.0 -9999.0 -9999.0 -9999.0 116.1 108.2 102.0 96.3 88.1 76.6 66.4 79.4 71.1 100.9 111.8 121.8 124.3 139.5 117.6 139.6 173.3 232.7 298.8 335.6 317.5 252.6 177.2 125.0 97.4
-9999.0 -9999.0 -9999.0 -9999.0 -9999.0 -9999.0 -9999.0 -9999.0 -9999.0 -9999.0 -9999.0 -9999.0 -9999.0 -9999.0 -9999.0 -9999.0 -9999.0 -9999.0 -9999.0 -9999.0 -9999.0 -9999.0 -9999.0 -9999.0 -9999.0 -9999.0 -9999.0 -9999.0 -9999.0 -9999.0 -9999.0 -9999.0 -9999.0 -9999.0 -9999.0 -9999.0 -9999.0 -9999.0 -9999.0 -9999.0 -9999.0 -9999.0 -9999.0 -9999.0 -9999.0 -9999.0 -9999.0 -9999.0 -9999.0 -9999.0 -9999.0 -9999.0 -9999.0 84.8 79.7 94.7 88.0 88.2 88.7 98.6 102.5 108.0 164.1 137.6 138.7 132.0 100.9 143.5 131.1 169.0 223.6 288.8 339.9 337.2 272.8 182.9 106.3 84.3
-9999.0 -9999.0 -9999.0 -9999.0 -9999.0 -9999.0 -9999.0 -9999.0 -9999.0 -9999.0 -9999.0 -9999.0 -9999.0 -9999.0 -9999.0 -9999.0 -9999.0 -9999.0 -9999.0 -9999.0 -9999.0 -9999.0 -9999.0 -9999.0 -9999.0 -9999.0 -9999.0 -9999.0 -9999.0 -9999.0 -9999.0 -9999.0 -9999.0 -9999.0 -9999.0 -9999.0 -9999.0 -9999.0 -9999.0 -9999.0 -9999.0 -9999.0 -9999.0 -9999.0 -9999.0 -9999.0 -9999.0 -9999.0 -9999.0 -9999.0 -9999.0 -9999.0 -9999.0 57.4 48.3 67.6 73.3 78.0 87.4 98.1 132.0 159.0 208.8 218.3 120.3 -9999.0 -9999.0 -9999.0 147.5 161.4 210.0 268.5 301.8 288.9 237.4 169.2 91.3 74.1
-9999.0 -9999.0 -9999.0 -9999.0 -9999.0 -9999.0 -9999.0 -9999.0 -9999.0 -9999.0 -9999.0 -9999.0 -9999.0 -9999.0 -9999.0 -9999.0 -9999.0 -9999.0 -9999.0 -9999.0 -9999.0 -9999.0 -9999.0 -9999.0 -9999.0 -9999.0 -9999.0 -9999.0 -9999.0 -9999.0 -9999.0 -9999.0 -9999.0 -9999.0 -9999.0 -9999.0 -9999.0 -9999.0 -9999.0 -9999.0 -9999.0 -9999.0 -9999.0 -9999.0 -9999.0 -9999.0 -9999.0 -9999.0 -9999.0 -9999.0 -9999.0 -9999.0 -9999.0 -9999.0 38.6 45.1 46.6 53.8 78.3 108.6 97.9 -9999.0 -9999.0 -9999.0 -9999.0 -9999.0 -9999.0 -9999.0 126.2 164.1 223.8 229.4 238.3 234.4 200.7 148.3 105.5 82.8
-9999.0 -9999.0 -9999.0 -9999.0 -9999.0 -9999.0 -9999.0 -9999.0 -9999.0 -9999.0 -9999.0 -9999.0 -9999.0 -9999.0 -9999.0 -9999.0 -9999.0 -9999.0 -9999.0 -9999.0 -9999.0 -9999.0 -9999.0 -9999.0 -9999.0 -9999.0 -9999.0 -9999.0 -9999.0 -9999.0 -9999.0 -9999.0 -9999.0 -9999.0 -9999.0 -9999.0 -9999.0 -9999.0 -9999.0 -9999.0 -9999.0 -9999.0 -9999.0 -9999.0 -9999.0 -9999.0 -9999.0 -9999.0 -9999.0 -9999.0 -9999.0 -9999.0 -9999.0 -9999.0 -9999.0 24.9 47.3 44.2 49.9 78.4 93.9 -9999.0 -9999.0 -9999.0 -9999.0 -9999.0 -9999.0 -9999.0 -9999.0 -9999.0 173.3 -9999.0 -9999.0 -9999.0 -9999.0 -9999.0 173.0 -9999.0
-9999.0 -9999.0 -9999.0 -9999.0 -9999.0 -9999.0 -9999.0 -9999.0 -9999.0 -9999.0 -9999.0 -9999.0 -9999.0 -9999.0 -9999.0 -9999.0 -9999.0 -9999.0 -9999.0 -9999.0 -9999.0 -9999.0 -9999.0 -9999.0 -9999.0 -9999.0 -9999.0 -9999.0 -9999.0 -9999.0 -9999.0 -9999.0 -9999.0 -9999.0 -9999.0 -9999.0 -9999.0 -9999.0 -9999.0 -9999.0 -9999.0 -9999.0 -9999.0 -9999.0 -9999.0 -9999.0 -9999.0 -9999.0 -9999.0 -9999.0 -9999.0 -9999.0 -9999.0 -9999.0 -9999.0 -9999.0 -9999.0 -9999.0 40.9 45.9 -9999.0 -9999.0 -9999.0 -9999.0 -9999.0 -9999.0 -9999.0 -9999.0 -9999.0 -9999.0 -9999.0 -9999.0 -9999.0 -9999.0 -9999.0 295.7 294.3 -9999.0
-9999.0 -9999.0 -9999.0 -9999.0 -9999.0 -9999.0 -9999.0 -9999.0 -9999.0 -9999.0 -9999.0 -9999.0 -9999.0 -9999.0 -9999.0 -9999.0 -9999.0 -9999.0 -9999.0 -9999.0 -9999.0 -9999.0 -9999.0 -9999.0 -9999.0 -9999.0 -9999.0 -9999.0 -9999.0 -9999.0 -9999.0 -9999.0 -9999.0 -9999.0 -9999.0 -9999.0 -9999.0 -9999.0 -9999.0 -9999.0 -9999.0 -9999.0 -9999.0 -9999.0 -9999.0 -9999.0 -9999.0 -9999.0 -9999.0 -9999.0 -9999.0 -9999.0 -9999.0 -9999.0 -9999.0 -9999.0 -9999.0 -9999.0 -9999.0 -9999.0 -9999.0 -9999.0 -9999.0 -9999.0 -9999.0 -9999.0 -9999.0 -9999.0 -9999.0 -9999.0 -9999.0 -9999.0 -9999.0 -9999.0 -9999.0 -9999.0 -9999.0 -9999.0
