program/excelProcessViaJava/data/SURF_CLI_CHN_PRE_MON_GRID_0.5-201406.txt
NCOLS      128
NROWS       72
XLLCORNER    72.000000000000    
YLLCORNER    18.000000000000    
CELLSIZE    0.50000000000000    
NODATA_VALUE   -9999.000    
[rows 34 to 67 of 72, columns 0 to 75 of 128]
-9999.0 -9999.0 -9999.0 -9999.0 0.6 2.2 2.2 10.9 6.9 13.4 40.9 31.8 47.8 51.9 50.3 44.0 38.8 24.4 19.8 23.6 35.1 43.4 51.1 61.5 54.0 44.9 52.4 50.5 49.5 47.7 45.9 44.6 42.2 40.4 39.9 36.0 39.7 43.5 32.9 20.3 31.0 8.8 6.7 4.2 4.5 5.5 7.1 9.9 15.0 26.2 37.7 49.9 87.1 69.1 62.1 77.2 94.7 121.7 145.6 117.0 149.5 99.3 74.9 68.4 54.7 47.8 74.2 65.2 65.4 72.3 67.6 69.4 65.8 62.5 63.8 74.2
-9999.0 -9999.0 -9999.0 -9999.0 -9999.0 5.3 0.3 5.6 6.4 15.8 9.4 14.1 32.8 33.0 36.0 42.4 45.0 37.9 35.8 44.3 46.8 41.6 40.8 42.9 44.1 44.3 42.0 40.9 40.3 38.6 38.8 38.7 38.4 38.6 39.8 38.7 43.3 43.2 51.3 56.1 35.9 66.8 62.7 41.8 21.7 9.9 15.8 15.6 26.0 25.0 31.8 44.8 63.2 99.7 95.1 64.3 68.5 80.3 126.4 114.5 133.0 84.6 61.2 61.5 73.6 69.3 85.9 91.1 75.2 74.6 76.1 80.8 80.0 77.7 77.0 85.0
-9999.0 -9999.0 -9999.0 -9999.0 -9999.0 -9999.0 -9999.0 0.4 8.3 5.6 6.5 15.2 15.5 11.8 21.9 12.1 26.6 28.9 21.6 31.4 33.3 29.2 33.0 33.5 35.0 34.8 35.1 31.9 34.4 34.5 33.0 33.4 34.1 35.2 36.4 38.6 40.4 46.4 51.2 55.2 62.8 68.0 73.3 86.8 54.6 31.7 36.8 39.1 59.3 58.2 81.6 83.4 72.3 79.4 92.5 71.7 75.3 91.7 111.7 118.7 109.4 90.5 62.0 64.1 66.5 75.3 84.3 80.4 83.5 60.5 70.2 76.1 73.1 75.2 69.3 84.8
-9999.0 -9999.0 -9999.0 -9999.0 -9999.0 -9999.0 -9999.0 1.1 14.5 3.1 6.2 11.2 6.8 9.8 15.2 19.2 15.7 7.4 16.0 11.7 18.5 24.0 25.7 26.5 27.5 28.7 27.5 27.5 29.2 26.6 29.9 29.7 30.6 31.9 33.8 36.5 39.9 46.0 51.3 60.9 68.0 80.5 84.2 79.5 81.9 74.1 68.0 63.4 65.4 69.3 77.9 79.6 80.3 80.2 88.7 82.7 81.7 91.5 105.1 105.5 100.1 89.5 76.0 55.4 61.6 65.6 66.2 58.9 72.6 54.6 63.6 63.3 59.5 62.9 71.1 53.5
-9999.0 -9999.0 -9999.0 -9999.0 -9999.0 -9999.0 -9999.0 -9999.0 -9999.0 -9999.0 4.0 1.8 12.5 3.7 8.1 7.7 10.0 12.2 13.8 13.1 11.3 15.9 16.3 19.7 15.5 19.4 18.9 20.0 21.8 23.8 24.9 24.4 27.6 29.5 32.4 36.1 40.7 46.9 58.7 65.1 79.7 89.9 97.4 99.5 110.0 94.2 97.6 84.0 83.6 82.6 82.5 85.8 87.6 89.2 91.6 94.8 99.7 103.0 102.2 98.4 90.4 77.8 61.1 55.2 60.7 53.1 44.2 49.0 56.2 59.3 60.7 61.9 53.2 46.4 38.0 42.7
-9999.0 -9999.0 -9999.0 -9999.0 -9999.0 -9999.0 -9999.0 -9999.0 -9999.0 -9999.0 -9999.0 4.0 6.5 8.2 3.1 6.7 2.2 6.2 7.1 3.9 12.0 11.4 12.1 14.7 6.4 15.0 17.8 15.4 17.6 16.1 20.5 22.8 24.9 26.3 30.0 35.0 40.6 48.4 56.9 67.0 80.4 97.4 114.2 128.3 131.0 127.8 120.7 106.8 102.8 101.3 101.0 100.5 101.2 102.2 102.0 104.1 108.1 106.3 107.8 94.3 83.8 70.3 60.1 55.5 62.7 71.4 63.5 65.0 66.6 69.7 59.8 52.8 48.1 44.6 45.6 59.0
-9999.0 -9999.0 -9999.0 -9999.0 -9999.0 -9999.0 -9999.0 -9999.0 -9999.0 -9999.0 -9999.0 -9999.0 0.4 6.6 9.4 3.0 8.4 6.6 3.1 4.8 6.0 5.4 7.1 10.5 14.1 12.7 13.4 16.6 15.7 18.6 17.9 17.9 22.0 25.4 28.6 34.5 40.0 48.9 60.0 72.9 89.1 110.2 133.4 151.5 160.9 159.2 151.8 141.2 134.7 128.8 126.0 121.1 123.0 118.6 125.8 122.2 131.1 126.6 123.5 105.8 88.2 71.6 62.9 63.9 72.4 81.2 69.3 67.8 68.1 74.5 84.5 90.1 85.8 71.1 65.8 56.9
-9999.0 -9999.0 -9999.0 -9999.0 -9999.0 -9999.0 -9999.0 -9999.0 -9999.0 -9999.0 -9999.0 -9999.0 1.5 1.6 0.6 6.5 2.7 5.3 6.3 6.4 5.3 8.0 5.1 9.9 9.7 6.0 7.0 6.5 10.2 12.9 17.2 19.9 19.2 22.4 29.5 34.5 41.5 50.3 58.1 75.4 95.0 118.8 147.3 166.5 185.9 191.3 181.0 167.0 156.0 150.3 145.7 147.6 146.8 124.6 133.3 144.2 160.4 154.8 135.5 126.4 108.1 91.5 81.6 79.2 76.3 90.5 100.8 97.7 98.1 89.8 75.2 79.2 87.6 89.3 85.1 75.7
-9999.0 -9999.0 -9999.0 -9999.0 -9999.0 -9999.0 -9999.0 -9999.0 -9999.0 -9999.0 -9999.0 0.4 0.6 0.2 0.5 2.4 0.5 1.6 2.1 6.6 6.8 6.9 5.9 7.3 8.7 4.8 6.7 9.4 10.9 11.9 15.2 20.5 18.0 24.2 27.4 34.6 39.6 53.4 65.3 78.7 92.8 113.3 136.3 183.7 194.8 196.5 193.4 185.6 170.4 161.2 146.9 136.8 152.4 147.1 164.8 178.1 175.7 232.0 192.9 180.2 154.0 133.9 119.4 116.1 107.8 106.6 88.4 98.3 118.3 124.7 118.9 108.4 110.7 122.4 123.3 111.6
-9999.0 -9999.0 -9999.0 -9999.0 -9999.0 -9999.0 -9999.0 -9999.0 -9999.0 -9999.0 -9999.0 0.1 0.1 2.3 1.4 0.1 0.2 2.9 3.6 1.8 5.8 3.4 4.1 4.9 7.3 8.9 9.0 10.1 11.3 14.9 18.1 20.1 19.1 28.0 31.9 35.6 45.8 54.9 66.7 82.1 99.8 130.6 163.5 185.5 192.7 183.9 162.8 152.5 144.8 154.3 150.8 138.3 156.8 175.4 190.0 223.1 223.3 230.3 252.1 223.2 206.5 191.8 167.6 139.3 126.5 102.1 114.2 93.8 97.5 121.5 140.1 145.1 149.4 147.1 138.9 132.5
-9999.0 -9999.0 -9999.0 -9999.0 -9999.0 -9999.0 -9999.0 -9999.0 -9999.0 -9999.0 -9999.0 -9999.0 2.3 0.2 2.4 1.5 2.1 0.3 1.3 1.5 0.6 0.6 2.8 1.9 3.8 2.2 4.3 3.2 10.4 13.4 17.4 15.6 26.2 32.9 36.2 39.1 47.6 58.0 70.4 77.4 97.5 136.1 143.3 195.5 175.5 147.7 129.1 119.0 116.0 115.1 116.4 129.6 114.9 125.0 158.8 231.3 239.4 255.3 269.7 292.7 276.8 255.1 246.5 174.7 116.8 102.6 99.4 103.4 120.3 163.1 199.5 189.4 183.3 169.9 164.6 149.2
-9999.0 -9999.0 -9999.0 -9999.0 -9999.0 -9999.0 -9999.0 -9999.0 -9999.0 -9999.0 -9999.0 -9999.0 0.3 0.0 0.0 1.1 0.9 1.8 0.6 0.5 0.1 1.0 0.7 0.7 3.1 3.0 4.5 7.0 6.6 14.5 12.4 19.2 23.6 34.2 37.2 35.8 45.7 64.5 73.4 84.7 99.4 106.1 120.1 139.7 151.2 124.5 97.6 80.7 73.4 73.1 80.8 88.2 104.5 134.7 140.8 169.3 239.9 278.4 295.5 295.5 320.3 303.5 305.1 155.6 125.6 120.5 123.2 138.2 175.7 217.3 251.4 242.9 204.9 184.4 169.3 141.1
-9999.0 -9999.0 -9999.0 -9999.0 -9999.0 -9999.0 -9999.0 -9999.0 -9999.0 -9999.0 -9999.0 -9999.0 -9999.0 4.2 0.0 0.9 0.1 1.8 1.5 0.9 0.1 0.2 0.2 0.6 3.9 2.7 3.0 6.7 7.5 2.9 7.8 14.2 26.3 32.8 34.2 41.9 58.2 71.6 75.8 72.3 93.7 106.5 118.5 120.4 97.9 90.1 69.0 49.9 42.7 42.8 51.8 60.0 77.9 95.5 116.0 147.0 196.2 246.2 285.7 322.1 355.0 290.6 169.9 152.2 144.0 144.4 155.2 184.3 226.3 271.6 274.4 241.5 205.3 176.4 162.7 157.5
-9999.0 -9999.0 -9999.0 -9999.0 -9999.0 -9999.0 -9999.0 -9999.0 -9999.0 -9999.0 -9999.0 -9999.0 -9999.0 -9999.0 30.5 0.7 1.4 0.7 1.4 2.8 0.3 1.0 1.4 1.1 0.9 1.4 0.4 1.7 1.0 6.8 8.1 15.3 15.7 25.4 39.3 39.9 48.1 79.1 81.4 82.8 82.0 88.1 96.2 98.6 99.3 84.0 50.5 38.2 28.0 23.6 29.8 49.3 56.0 72.0 83.8 116.1 154.0 198.2 263.0 319.3 275.5 185.7 176.4 159.4 156.3 164.2 181.5 216.3 253.2 253.0 240.5 212.3 185.6 162.3 136.6 158.7
-9999.0 -9999.0 -9999.0 -9999.0 -9999.0 -9999.0 -9999.0 -9999.0 -9999.0 -9999.0 -9999.0 -9999.0 -9999.0 -9999.0 -9999.0 -9999.0 -9999.0 41.1 19.4 20.4 11.7 0.9 4.4 4.3 1.0 1.5 0.3 1.1 4.3 2.8 8.2 19.0 13.6 37.8 52.4 53.6 51.0 69.8 72.8 73.1 74.8 75.8 80.2 81.3 121.2 78.3 146.5 32.0 21.9 20.3 22.3 29.2 39.2 55.6 71.7 92.8 111.1 176.2 237.6 306.8 166.4 162.3 172.7 160.9 152.9 161.7 185.4 212.6 237.6 231.1 215.8 206.3 191.1 140.4 131.3 143.8
-9999.0 -9999.0 -9999.0 -9999.0 -9999.0 -9999.0 -9999.0 -9999.0 -9999.0 -9999.0 -9999.0 -9999.0 -9999.0 -9999.0 -9999.0 -9999.0 -9999.0 -9999.0 -9999.0 -9999.0 41.6 6.3 2.2 0.3 1.4 7.9 6.6 5.8 4.6 9.6 10.3 27.2 31.7 37.9 48.7 52.2 59.9 59.9 52.0 46.4 52.5 65.3 66.0 65.4 111.8 56.6 190.0 41.7 27.5 43.7 22.8 40.4 47.9 38.8 52.8 81.6 110.6 140.1 226.9 281.0 136.1 130.2 152.1 140.4 140.8 153.2 185.2 211.9 235.7 228.5 213.6 209.7 190.9 136.7 104.9 94.6
-9999.0 -9999.0 -9999.0 -9999.0 -9999.0 -9999.0 -9999.0 -9999.0 -9999.0 -9999.0 -9999.0 -9999.0 -9999.0 -9999.0 -9999.0 -9999.0 -9999.0 -9999.0 -9999.0 -9999.0 -9999.0 -9999.0 1.0 37.1 8.2 9.9 9.5 6.8 2.5 8.2 9.2 13.4 13.7 29.2 36.6 47.6 53.9 53.3 55.8 55.9 54.6 58.1 57.6 66.0 109.2 227.6 105.2 68.6 70.7 62.4 30.0 39.6 38.1 46.3 46.8 46.9 94.5 153.5 164.8 263.6 166.6 157.5 129.6 95.3 100.6 140.0 191.4 223.7 224.0 230.4 213.0 215.4 210.0 193.6 137.0 124.8
-9999.0 -9999.0 -9999.0 -9999.0 -9999.0 -9999.0 -9999.0 -9999.0 -9999.0 -9999.0 -9999.0 -9999.0 -9999.0 -9999.0 -9999.0 -9999.0 -9999.0 -9999.0 -9999.0 -9999.0 -9999.0 -9999.0 -9999.0 -9999.0 92.8 77.1 31.2 0.6 1.5 1.0 6.5 20.1 30.0 33.6 44.9 47.1 48.9 52.0 55.3 47.7 55.1 51.1 93.2 100.7 195.7 245.9 192.8 256.8 48.4 65.9 45.2 48.4 59.0 65.2 59.2 66.9 103.0 136.4 204.9 252.1 258.9 209.6 289.4 96.6 94.2 130.4 172.6 156.0 166.4 173.7 186.6 199.7 217.5 224.2 227.0 236.3
-9999.0 -9999.0 -9999.0 -9999.0 -9999.0 -9999.0 -9999.0 -9999.0 -9999.0 -9999.0 -9999.0 -9999.0 -9999.0 -9999.0 -9999.0 -9999.0 -9999.0 -9999.0 -9999.0 -9999.0 -9999.0 -9999.0 -9999.0 -9999.0 -9999.0 105.3 91.1 97.2 93.7 39.3 36.6 40.5 21.3 54.5 48.4 62.8 51.8 48.2 43.8 45.6 52.7 57.0 117.2 198.5 231.1 265.6 287.7 288.2 274.3 143.0 181.6 155.8 76.4 80.8 85.3 105.0 123.4 159.9 212.6 239.9 238.7 230.8 142.3 109.7 95.9 89.3 127.1 165.9 152.6 147.6 149.6 153.4 205.8 224.2 280.3 339.1
-9999.0 -9999.0 -9999.0 -9999.0 -9999.0 -9999.0 -9999.0 -9999.0 -9999.0 -9999.0 -9999.0 -9999.0 -9999.0 -9999.0 -9999.0 -9999.0 -9999.0 -9999.0 -9999.0 -9999.0 -9999.0 -9999.0 -9999.0 -9999.0 -9999.0 -9999.0 -9999.0 117.9 115.9 95.6 109.0 100.2 96.2 79.4 59.6 60.3 -9999.0 65.5 75.1 57.4 79.5 117.0 123.0 229.1 271.0 292.4 305.8 -9999.0 -9999.0 239.1 235.4 196.3 116.9 107.9 104.1 124.9 161.8 192.7 228.3 257.3 255.2 220.3 180.8 143.6 116.8 106.7 107.2 113.2 128.7 145.9 152.2 136.1 155.7 194.2 241.9 313.1
-9999.0 -9999.0 -9999.0 -9999.0 -9999.0 -9999.0 -9999.0 -9999.0 -9999.0 -9999.0 -9999.0 -9999.0 -9999.0 -9999.0 -9999.0 -9999.0 -9999.0 -9999.0 -9999.0 -9999.0 -9999.0 -9999.0 -9999.0 -9999.0 -9999.0 -9999.0 -9999.0 -9999.0 -9999.0 -9999.0 -9999.0 -9999.0 -9999.0 114.8 113.0 -9999.0 -9999.0 -9999.0 -9999.0 154.0 172.7 198.6 228.1 258.0 285.5 -9999.0 -9999.0 -9999.0 -9999.0 -9999.0 -9999.0 -9999.0 137.9 137.2 133.6 139.3 175.5 204.9 232.6 254.8 249.6 199.6 156.7 159.2 138.4 140.3 145.7 156.6 174.9 182.1 168.9 163.4 167.0 173.6 220.8 240.5
-9999.0 -9999.0 -9999.0 -9999.0 -9999.0 -9999.0 -9999.0 -9999.0 -9999.0 -9999.0 -9999.0 -9999.0 -9999.0 -9999.0 -9999.0 -9999.0 -9999.0 -9999.0 -9999.0 -9999.0 -9999.0 -9999.0 -9999.0 -9999.0 -9999.0 -9999.0 -9999.0 -9999.0 -9999.0 -9999.0 -9999.0 -9999.0 -9999.0 -9999.0 -9999.0 -9999.0 -9999.0 -9999.0 -9999.0 166.7 187.6 210.1 234.2 270.6 -9999.0 -9999.0 -9999.0 -9999.0 -9999.0 -9999.0 -9999.0 -9999.0 181.9 167.1 152.8 183.8 180.5 197.5 213.1 231.0 217.0 186.3 177.2 158.7 181.8 240.4 267.0 240.0 238.1 249.0 236.2 218.7 206.5 198.1 210.3 233.1
-9999.0 -9999.0 -9999.0 -9999.0 -9999.0 -9999.0 -9999.0 -9999.0 -9999.0 -9999.0 -9999.0 -9999.0 -9999.0 -9999.0 -9999.0 -9999.0 -9999.0 -9999.0 -9999.0 -9999.0 -9999.0 -9999.0 -9999.0 -9999.0 -9999.0 -9999.0 -9999.0 -9999.0 -9999.0 -9999.0 -9999.0 -9999.0 -9999.0 -9999.0 -9999.0 -9999.0 -9999.0 -9999.0 -9999.0 -9999.0 -9999.0 -9999.0 -9999.0 -9999.0 -9999.0 -9999.0 -9999.0 -9999.0 -9999.0 -9999.0 -9999.0 300.6 230.9 194.4 139.6 162.3 171.3 208.8 201.0 146.9 233.3 196.1 168.7 168.9 228.4 330.3 357.5 299.0 278.4 287.6 274.8 249.3 223.4 227.5 249.5 278.1
-9999.0 -9999.0 -9999.0 -9999.0 -9999.0 -9999.0 -9999.0 -9999.0 -9999.0 -9999.0 -9999.0 -9999.0 -9999.0 -9999.0 -9999.0 -9999.0 -9999.0 -9999.0 -9999.0 -9999.0 -9999.0 -9999.0 -9999.0 -9999.0 -9999.0 -9999.0 -9999.0 -9999.0 -9999.0 -9999.0 -9999.0 -9999.0 -9999.0 -9999.0 -9999.0 -9999.0 -9999.0 -9999.0 -9999.0 -9999.0 -9999.0 -9999.0 -9999.0 -9999.0 -9999.0 -9999.0 -9999.0 -9999.0 -9999.0 -9999.0 369.8 357.3 285.1 227.5 182.1 176.1 153.4 141.7 180.2 235.8 222.3 221.6 191.6 186.7 268.9 377.6 373.5 315.7 290.6 287.2 276.1 242.0 226.1 244.5 284.6 312.0
-9999.0 -9999.0 -9999.0 -9999.0 -9999.0 -9999.0 -9999.0 -9999.0 -9999.0 -9999.0 -9999.0 -9999.0 -9999.0 -9999.0 -9999.0 -9999.0 -9999.0 -9999.0 -9999.0 -9999.0 -9999.0 -9999.0 -9999.0 -9999.0 -9999.0 -9999.0 -9999.0 -9999.0 -9999.0 -9999.0 -9999.0 -9999.0 -9999.0 -9999.0 -9999.0 -9999.0 -9999.0 -9999.0 -9999.0 -9999.0 -9999.0 -9999.0 -9999.0 -9999.0 -9999.0 -9999.0 -9999.0 -9999.0 -9999.0 -9999.0 382.9 373.2 340.3 255.7 205.5 171.6 131.9 191.8 216.9 210.7 202.1 213.5 203.0 212.1 269.6 352.4 343.5 303.6 287.6 286.9 277.7 249.6 234.6 265.6 351.0 445.6
-9999.0 -9999.0 -9999.0 -9999.0 -9999.0 -9999.0 -9999.0 -9999.0 -9999.0 -9999.0 -9999.0 -9999.0 -9999.0 -9999.0 -9999.0 -9999.0 -9999.0 -9999.0 -9999.0 -9999.0 -9999.0 -9999.0 -9999.0 -9999.0 -9999.0 -9999.0 -9999.0 -9999.0 -9999.0 -9999.0 -9999.0 -9999.0 -9999.0 -9999.0 -9999.0 -9999.0 -9999.0 -9999.0 -9999.0 -9999.0 -9999.0 -9999.0 -9999.0 -9999.0 -9999.0 -9999.0 -9999.0 -9999.0 -9999.0 -9999.0 353.3 374.3 325.1 253.5 188.5 157.2 191.1 187.5 221.0 190.3 201.9 199.9 185.1 198.6 219.2 273.9 296.6 284.8 280.1 286.1 291.9 269.5 257.1 273.2 352.4 426.4
-9999.0 -9999.0 -9999.0 -9999.0 -9999.0 -9999.0 -9999.0 -9999.0 -9999.0 -9999.0 -9999.0 -9999.0 -9999.0 -9999.0 -9999.0 -9999.0 -9999.0 -9999.0 -9999.0 -9999.0 -9999.0 -9999.0 -9999.0 -9999.0 -9999.0 -9999.0 -9999.0 -9999.0 -9999.0 -9999.0 -9999.0 -9999.0 -9999.0 -9999.0 -9999.0 -9999.0 -9999.0 -9999.0 -9999.0 -9999.0 -9999.0 -9999.0 -9999.0 -9999.0 -9999.0 -9999.0 -9999.0 -9999.0 -9999.0 -9999.0 366.4 354.7 311.2 249.0 194.9 180.8 170.7 203.0 227.9 224.9 204.2 185.7 199.7 184.8 183.0 209.7 231.4 253.5 262.0 273.3 283.8 271.5 256.0 253.9 293.0 333.3
-9999.0 -9999.0 -9999.0 -9999.0 -9999.0 -9999.0 -9999.0 -9999.0 -9999.0 -9999.0 -9999.0 -9999.0 -9999.0 -9999.0 -9999.0 -9999.0 -9999.0 -9999.0 -9999.0 -9999.0 -9999.0 -9999.0 -9999.0 -9999.0 -9999.0 -9999.0 -9999.0 -9999.0 -9999.0 -9999.0 -9999.0 -9999.0 -9999.0 -9999.0 -9999.0 -9999.0 -9999.0 -9999.0 -9999.0 -9999.0 -9999.0 -9999.0 -9999.0 -9999.0 -9999.0 -9999.0 -9999.0 -9999.0 -9999.0 -9999.0 348.8 292.1 294.0 259.2 223.2 196.4 198.6 228.5 253.2 270.0 223.4 232.0 190.1 218.8 203.1 205.4 208.2 241.1 250.3 258.0 252.1 234.2 217.0 218.1 244.3 273.9
-9999.0 -9999.0 -9999.0 -9999.0 -9999.0 -9999.0 -9999.0 -9999.0 -9999.0 -9999.0 -9999.0 -9999.0 -9999.0 -9999.0 -9999.0 -9999.0 -9999.0 -9999.0 -9999.0 -9999.0 -9999.0 -9999.0 -9999.0 -9999.0 -9999.0 -9999.0 -9999.0 -9999.0 -9999.0 -9999.0 -9999.0 -9999.0 -9999.0 -9999.0 -9999.0 -9999.0 -9999.0 -9999.0 -9999.0 -9999.0 -9999.0 -9999.0 -9999.0 -9999.0 -9999.0 -9999.0 -9999.0 -9999.0 -9999.0 -9999.0 -9999.0 -9999.0 -9999.0 249.7 224.4 212.6 204.3 219.2 271.4 292.1 302.9 282.8 279.8 293.8 270.1 245.6 249.2 234.4 243.8 239.0 225.2 220.7 221.4 238.2 264.4 275.4
-9999.0 -9999.0 -9999.0 -9999.0 -9999.0 -9999.0 -9999.0 -9999.0 -9999.0 -9999.0 -9999.0 -9999.0 -9999.0 -9999.0 -9999.0 -9999.0 -9999.0 -9999.0 -9999.0 -9999.0 -9999.0 -9999.0 -9999.0 -9999.0 -9999.0 -9999.0 -9999.0 -9999.0 -9999.0 -9999.0 -9999.0 -9999.0 -9999.0 -9999.0 -9999.0 -9999.0 -9999.0 -9999.0 -9999.0 -9999.0 -9999.0 -9999.0 -9999.0 -9999.0 -9999.0 -9999.0 -9999.0 -9999.0 -9999.0 -9999.0 -9999.0 -9999.0 -9999.0 221.6 185.2 193.8 185.1 191.9 244.2 292.8 334.4 351.3 345.0 316.0 298.8 280.6 -9999.0 254.1 251.7 245.1 245.4 275.7 328.5 368.9 355.0 332.2
-9999.0 -9999.0 -9999.0 -9999.0 -9999.0 -9999.0 -9999.0 -9999.0 -9999.0 -9999.0 -9999.0 -9999.0 -9999.0 -9999.0 -9999.0 -9999.0 -9999.0 -9999.0 -9999.0 -9999.0 -9999.0 -9999.0 -9999.0 -9999.0 -9999.0 -9999.0 -9999.0 -9999.0 -9999.0 -9999.0 -9999.0 -9999.0 -9999.0 -9999.0 -9999.0 -9999.0 -9999.0 -9999.0 -9999.0 -9999.0 -9999.0 -9999.0 -9999.0 -9999.0 -9999.0 -9999.0 -9999.0 -9999.0 -9999.0 -9999.0 -9999.0 -9999.0 -9999.0 185.8 165.1 151.0 124.6 129.7 204.0 273.3 272.4 345.7 356.7 -9999.0 -9999.0 -9999.0 -9999.0 -9999.0 262.6 271.7 294.7 358.8 451.3 487.3 430.1 379.1
-9999.0 -9999.0 -9999.0 -9999.0 -9999.0 -9999.0 -9999.0 -9999.0 -9999.0 -9999.0 -9999.0 -9999.0 -9999.0 -9999.0 -9999.0 -9999.0 -9999.0 -9999.0 -9999.0 -9999.0 -9999.0 -9999.0 -9999.0 -9999.0 -9999.0 -9999.0 -9999.0 -9999.0 -9999.0 -9999.0 -9999.0 -9999.0 -9999.0 -9999.0 -9999.0 -9999.0 -9999.0 -9999.0 -9999.0 -9999.0 -9999.0 -9999.0 -9999.0 -9999.0 -9999.0 -9999.0 -9999.0 -9999.0 -9999.0 -9999.0 -9999.0 -9999.0 -9999.0 -9999.0 -9999.0 104.4 130.2 117.7 139.4 207.0 247.9 -9999.0 -9999.0 -9999.0 -9999.0 -9999.0 -9999.0 -9999.0 -9999.0 281.9 320.4 387.8 454.7 462.3 396.3 327.0
-9999.0 -9999.0 -9999.0 -9999.0 -9999.0 -9999.0 -9999.0 -9999.0 -9999.0 -9999.0 -9999.0 -9999.0 -9999.0 -9999.0 -9999.0 -9999.0 -9999.0 -9999.0 -9999.0 -9999.0 -9999.0 -9999.0 -9999.0 -9999.0 -9999.0 -9999.0 -9999.0 -9999.0 -9999.0 -9999.0 -9999.0 -9999.0 -9999.0 -9999.0 -9999.0 -9999.0 -9999.0 -9999.0 -9999.0 -9999.0 -9999.0 -9999.0 -9999.0 -9999.0 -9999.0 -9999.0 -9999.0 -9999.0 -9999.0 -9999.0 -9999.0 -9999.0 -9999.0 -9999.0 -9999.0 -9999.0 39.0 77.4 115.4 141.0 193.6 -9999.0 -9999.0 -9999.0 -9999.0 -9999.0 -9999.0 -9999.0 -9999.0 -9999.0 -9999.0 -9999.0 373.0 365.9 314.0 256.8
-9999.0 -9999.0 -9999.0 -9999.0 -9999.0 -9999.0 -9999.0 -9999.0 -9999.0 -9999.0 -9999.0 -9999.0 -9999.0 -9999.0 -9999.0 -9999.0 -9999.0 -9999.0 -9999.0 -9999.0 -9999.0 -9999.0 -9999.0 -9999.0 -9999.0 -9999.0 -9999.0 -9999.0 -9999.0 -9999.0 -9999.0 -9999.0 -9999.0 -9999.0 -9999.0 -9999.0 -9999.0 -9999.0 -9999.0 -9999.0 -9999.0 -9999.0 -9999.0 -9999.0 -9999.0 -9999.0 -9999.0 -9999.0 -9999.0 -9999.0 -9999.0 -9999.0 -9999.0 -9999.0 -9999.0 -9999.0 -9999.0 -9999.0 -9999.0 -9999.0 -9999.0 -9999.0 -9999.0 -9999.0 -9999.0 -9999.0 -9999.0 -9999.0 -9999.0 -9999.0 -9999.0 -9999.0 -9999.0 270.5 249.2 224.7
