program/excelProcessViaJava/data/SURF_CLI_CHN_PRE_MON_GRID_0.5-199106.txt
NCOLS      128
NROWS       72
XLLCORNER    72.000000000000    
YLLCORNER    18.000000000000    
CELLSIZE    0.50000000000000    
NODATA_VALUE   -9999.000    
[rows 33 to 65 of 72, columns 0 to 74 of 128]
-9999.0 -9999.0 -9999.0 -9999.0 4.7 9.2 13.2 18.8 24.4 25.7 32.7 32.1 25.8 14.0 8.4 6.6 6.7 8.6 11.6 12.7 9.4 6.5 6.4 9.0 12.4 16.7 20.3 33.0 30.0 33.1 36.1 35.9 35.4 37.8 30.0 27.5 22.7 32.1 24.7 13.4 5.3 3.0 2.7 2.2 2.1 2.1 2.8 5.1 8.6 11.2 17.3 29.6 41.3 51.9 53.4 55.7 56.6 67.1 76.0 79.0 78.7 69.6 54.8 31.8 26.5 40.9 48.6 40.1 58.5 64.2 71.5 83.2 87.8 86.0 82.1
-9999.0 -9999.0 -9999.0 -9999.0 2.7 5.0 8.4 13.3 14.8 19.0 28.6 26.5 30.8 30.9 22.3 21.0 22.4 19.8 20.7 21.0 18.4 14.7 14.6 20.7 24.7 26.9 27.6 30.0 32.3 35.0 37.3 41.3 40.5 40.8 41.4 36.8 39.2 39.7 27.5 16.9 20.3 8.3 6.5 4.1 3.0 2.4 2.3 3.1 5.0 9.4 15.7 23.3 36.2 43.0 47.2 52.8 56.2 63.1 73.2 62.3 83.0 56.0 47.0 51.1 52.6 55.9 68.4 62.7 61.4 72.6 78.9 95.3 102.2 97.0 79.1
-9999.0 -9999.0 -9999.0 -9999.0 -9999.0 -9999.0 -9999.0 8.7 11.4 16.7 15.0 17.5 24.6 24.5 25.4 25.1 29.7 30.4 31.7 30.3 25.8 22.9 22.3 22.6 23.5 24.9 27.2 30.2 33.6 37.9 41.7 45.0 47.4 50.2 53.1 49.2 52.6 46.8 48.6 45.0 26.0 38.3 31.4 20.2 11.3 5.4 6.6 6.4 9.7 11.8 17.9 25.5 31.7 39.9 48.4 49.4 51.6 55.8 68.7 72.2 78.0 63.1 53.6 63.8 76.2 77.6 74.3 65.2 56.7 62.9 75.7 93.2 107.9 101.4 78.7
-9999.0 -9999.0 -9999.0 -9999.0 -9999.0 -9999.0 -9999.0 3.3 8.8 9.6 11.1 15.7 16.2 14.7 19.2 15.0 21.5 22.5 18.6 22.4 22.1 19.9 20.6 21.0 22.3 24.1 26.7 30.1 34.1 38.4 44.0 49.0 53.4 59.4 59.4 61.1 58.8 60.3 56.1 49.7 46.1 41.7 39.6 45.3 27.9 17.7 19.4 19.6 25.3 22.2 26.8 25.7 29.8 36.4 46.7 51.1 54.6 59.7 64.4 67.2 71.3 74.2 73.2 83.1 86.8 81.3 68.2 54.0 48.3 48.3 66.5 88.7 101.1 100.0 73.9
-9999.0 -9999.0 -9999.0 -9999.0 -9999.0 -9999.0 -9999.0 -9999.0 -9999.0 6.0 8.6 11.7 10.2 12.2 15.2 17.7 15.9 11.5 15.9 13.6 16.4 18.5 19.0 19.7 21.1 23.5 26.2 30.2 35.1 40.6 46.0 52.4 58.5 65.3 66.8 69.4 69.4 70.5 65.1 62.7 55.3 53.7 49.0 44.5 46.5 44.3 42.5 39.6 37.2 33.4 31.0 27.6 29.7 38.7 51.1 56.7 58.4 61.7 65.0 64.7 62.7 58.5 56.5 87.2 85.2 75.8 58.7 44.8 41.8 43.0 57.7 69.7 83.8 93.2 91.4
-9999.0 -9999.0 -9999.0 -9999.0 -9999.0 -9999.0 -9999.0 -9999.0 -9999.0 -9999.0 -9999.0 4.9 11.1 7.2 10.3 10.4 12.1 13.7 14.7 14.1 13.0 15.4 15.8 18.0 18.0 21.8 25.0 29.7 35.6 42.4 49.5 57.7 64.7 72.2 77.4 87.4 84.9 84.8 93.3 77.3 75.8 66.8 61.7 59.9 69.2 62.8 69.5 62.3 58.3 50.1 41.2 36.8 38.5 49.6 64.2 72.0 71.3 74.6 74.4 72.3 67.6 56.3 51.9 66.6 66.1 70.7 44.2 38.7 40.0 47.0 56.8 67.7 76.6 82.2 64.9
-9999.0 -9999.0 -9999.0 -9999.0 -9999.0 -9999.0 -9999.0 -9999.0 -9999.0 -9999.0 -9999.0 -9999.0 6.6 8.3 5.9 8.8 5.8 9.2 10.0 7.9 13.6 13.3 14.2 16.6 14.3 21.0 25.9 29.5 36.3 42.8 52.2 61.4 70.8 81.4 90.9 97.2 108.4 103.2 96.5 88.0 81.7 78.4 77.8 82.9 85.0 89.0 91.7 85.3 79.7 70.7 63.1 56.2 56.5 67.6 82.1 90.3 93.1 97.2 90.1 94.5 81.9 69.9 58.2 56.1 85.0 62.8 43.1 39.8 47.8 61.7 73.3 70.1 74.5 83.1 95.4
-9999.0 -9999.0 -9999.0 -9999.0 -9999.0 -9999.0 -9999.0 -9999.0 -9999.0 -9999.0 -9999.0 -9999.0 1.4 6.0 8.5 5.1 9.7 8.9 6.4 8.0 9.3 9.4 11.4 14.9 19.2 21.0 25.3 32.5 37.9 46.9 54.7 64.3 75.8 87.1 99.0 108.0 120.3 124.5 119.4 110.2 98.5 94.2 102.0 98.3 107.3 113.7 112.0 109.1 99.9 92.1 81.6 75.1 75.9 86.1 97.2 105.6 106.4 111.9 111.4 108.8 95.5 79.9 72.2 68.0 95.2 77.6 39.2 44.8 66.3 91.9 118.9 147.0 164.5 166.6 154.4
-9999.0 -9999.0 -9999.0 -9999.0 -9999.0 -9999.0 -9999.0 -9999.0 -9999.0 -9999.0 -9999.0 -9999.0 -9999.0 2.1 1.5 6.4 4.4 7.1 8.4 9.0 8.5 11.5 10.0 15.4 17.3 17.2 22.0 26.6 36.2 46.0 57.7 68.6 79.0 92.0 103.6 115.9 126.9 135.8 147.7 134.3 123.1 120.4 117.5 124.9 124.4 127.1 130.3 127.7 119.9 108.9 97.8 90.4 91.6 101.1 110.4 116.7 117.5 124.3 133.7 129.9 117.3 99.1 91.0 90.4 88.5 79.6 69.7 71.0 105.8 136.0 117.1 154.0 218.3 222.7 208.2
-9999.0 -9999.0 -9999.0 -9999.0 -9999.0 -9999.0 -9999.0 -9999.0 -9999.0 -9999.0 -9999.0 -9999.0 0.8 0.6 1.0 2.7 1.4 3.1 4.0 8.5 9.5 10.5 10.7 13.8 17.7 16.7 23.1 31.4 39.5 47.8 59.2 72.4 80.5 94.2 107.3 119.6 136.1 139.9 141.2 137.8 144.5 147.1 148.3 133.5 138.6 140.4 139.3 136.0 127.6 116.8 106.8 102.2 102.4 110.0 118.6 123.8 130.9 123.9 137.5 132.5 127.9 121.8 110.4 106.3 99.9 93.2 83.8 127.7 173.5 214.2 254.1 265.6 237.6 200.3 199.5
-9999.0 -9999.0 -9999.0 -9999.0 -9999.0 -9999.0 -9999.0 -9999.0 -9999.0 -9999.0 -9999.0 -9999.0 0.2 1.1 1.1 0.4 0.8 3.3 4.5 3.6 8.0 6.8 8.9 11.7 17.1 22.8 27.8 35.0 43.1 54.8 65.7 74.9 82.1 96.2 106.3 117.7 127.4 139.3 141.6 131.0 131.0 131.3 137.2 143.4 145.6 144.2 139.8 131.7 123.3 118.5 109.5 104.3 109.1 118.9 127.4 132.9 137.6 145.8 147.2 153.6 151.0 145.5 124.2 108.0 99.9 84.4 127.3 219.9 270.2 272.8 271.5 268.2 262.6 293.0 288.4
-9999.0 -9999.0 -9999.0 -9999.0 -9999.0 -9999.0 -9999.0 -9999.0 -9999.0 -9999.0 -9999.0 -9999.0 0.5 0.2 1.0 1.1 1.5 0.7 1.9 2.6 1.8 2.7 7.2 8.0 13.4 14.4 22.7 26.0 45.2 56.5 68.6 71.8 88.9 99.0 105.0 112.0 120.9 129.9 130.2 134.7 130.7 132.7 155.3 145.9 148.8 144.2 133.2 119.7 113.6 106.0 99.7 102.5 108.8 121.4 132.8 144.1 152.9 162.1 167.8 159.5 155.4 149.1 157.5 111.5 70.5 105.4 198.3 303.8 334.6 279.7 241.2 293.3 293.7 324.8 414.5
-9999.0 -9999.0 -9999.0 -9999.0 -9999.0 -9999.0 -9999.0 -9999.0 -9999.0 -9999.0 -9999.0 -9999.0 -9999.0 0.0 0.1 0.6 0.7 1.3 1.0 1.1 0.8 3.0 3.5 4.9 12.5 16.3 24.2 35.3 41.4 63.0 64.3 79.0 87.1 99.3 102.7 109.8 118.6 120.9 126.8 125.9 132.5 161.0 170.4 164.3 148.5 133.8 118.8 104.8 91.5 84.1 84.6 86.7 95.9 112.5 133.7 154.2 159.5 168.8 180.1 191.9 178.7 199.2 160.6 90.9 71.2 127.7 228.6 303.4 295.1 270.6 229.8 216.6 275.6 230.7 284.9
-9999.0 -9999.0 -9999.0 -9999.0 -9999.0 -9999.0 -9999.0 -9999.0 -9999.0 -9999.0 -9999.0 -9999.0 -9999.0 0.4 0.0 0.3 0.1 0.9 1.1 1.1 0.7 1.1 1.8 4.2 13.5 15.9 21.7 36.5 45.9 40.7 58.5 74.2 93.1 98.3 99.7 105.7 109.0 115.2 127.2 150.5 145.0 160.7 169.6 164.1 154.2 125.5 104.2 86.0 71.8 64.3 64.7 68.8 81.1 104.7 131.8 154.3 166.1 179.8 196.0 163.5 190.2 150.7 132.2 84.9 95.3 144.1 213.1 241.0 239.1 227.5 219.4 215.6 220.3 246.0 270.3
-9999.0 -9999.0 -9999.0 -9999.0 -9999.0 -9999.0 -9999.0 -9999.0 -9999.0 -9999.0 -9999.0 -9999.0 -9999.0 -9999.0 -9999.0 0.2 0.4 0.4 0.8 1.6 0.8 2.0 3.8 5.3 7.3 12.4 11.7 24.5 27.2 53.9 62.3 80.4 80.1 91.4 99.4 104.0 114.0 102.5 116.7 130.6 151.8 163.0 164.6 154.4 133.3 120.7 91.3 85.9 58.9 61.2 47.4 64.1 64.4 84.2 90.2 141.0 171.4 146.5 210.6 218.3 163.1 183.2 140.3 120.9 127.2 161.8 188.6 184.8 198.2 218.7 214.0 192.3 247.8 264.4 261.1
-9999.0 -9999.0 -9999.0 -9999.0 -9999.0 -9999.0 -9999.0 -9999.0 -9999.0 -9999.0 -9999.0 -9999.0 -9999.0 -9999.0 -9999.0 -9999.0 -9999.0 12.6 5.4 -9999.0 5.8 1.4 5.7 8.3 6.7 11.8 10.4 21.3 39.9 42.1 64.8 93.6 76.2 108.5 106.1 93.7 106.9 79.4 104.7 119.4 135.3 150.5 147.1 135.1 145.1 116.3 248.8 70.1 61.7 45.2 69.5 44.2 68.6 71.2 98.9 131.0 147.3 195.1 212.4 224.6 170.6 174.9 142.9 134.5 157.4 191.2 212.5 208.1 212.1 196.7 168.4 225.2 260.7 232.5 277.6
-9999.0 -9999.0 -9999.0 -9999.0 -9999.0 -9999.0 -9999.0 -9999.0 -9999.0 -9999.0 -9999.0 -9999.0 -9999.0 -9999.0 -9999.0 -9999.0 -9999.0 -9999.0 -9999.0 -9999.0 -9999.0 3.8 3.1 1.9 6.8 20.1 25.5 32.4 38.9 61.8 70.9 113.6 115.8 107.2 96.7 82.9 77.8 75.4 75.1 84.3 101.7 129.8 130.6 119.2 135.5 94.8 334.2 97.0 60.9 112.6 45.3 60.1 64.4 54.1 77.1 121.2 154.2 171.3 228.2 228.4 175.9 200.9 146.6 148.0 182.4 231.6 270.5 264.7 250.4 185.2 140.2 186.8 201.8 189.9 197.4
-9999.0 -9999.0 -9999.0 -9999.0 -9999.0 -9999.0 -9999.0 -9999.0 -9999.0 -9999.0 -9999.0 -9999.0 -9999.0 -9999.0 -9999.0 -9999.0 -9999.0 -9999.0 -9999.0 -9999.0 -9999.0 -9999.0 -9999.0 28.8 12.5 19.6 26.3 30.6 28.9 53.1 62.3 73.1 67.9 83.1 80.7 78.5 82.6 69.1 85.1 95.6 100.0 112.9 103.4 99.2 138.6 372.0 182.1 149.6 193.9 199.5 86.3 57.6 60.5 57.8 64.2 70.7 133.1 186.0 184.2 232.9 256.1 276.4 248.7 170.2 172.0 232.9 294.8 292.5 172.3 168.2 156.6 168.2 179.0 198.4 150.7
-9999.0 -9999.0 -9999.0 -9999.0 -9999.0 -9999.0 -9999.0 -9999.0 -9999.0 -9999.0 -9999.0 -9999.0 -9999.0 -9999.0 -9999.0 -9999.0 -9999.0 -9999.0 -9999.0 -9999.0 -9999.0 -9999.0 -9999.0 -9999.0 -9999.0 79.1 44.3 12.9 22.1 25.6 46.6 76.6 87.0 78.3 74.8 73.9 86.3 64.9 79.8 72.5 93.3 86.9 137.2 135.8 298.4 405.4 336.2 455.1 102.7 177.1 76.6 74.5 76.7 78.4 65.9 79.7 130.4 155.0 209.3 229.6 247.9 254.8 221.2 150.7 147.9 184.7 199.5 111.5 105.4 126.6 147.5 170.4 168.2 186.3 171.8
-9999.0 -9999.0 -9999.0 -9999.0 -9999.0 -9999.0 -9999.0 -9999.0 -9999.0 -9999.0 -9999.0 -9999.0 -9999.0 -9999.0 -9999.0 -9999.0 -9999.0 -9999.0 -9999.0 -9999.0 -9999.0 -9999.0 -9999.0 -9999.0 -9999.0 -9999.0 -9999.0 122.9 134.2 80.3 85.5 93.2 62.0 95.5 71.2 99.2 57.2 54.7 63.6 62.5 74.8 87.1 172.9 308.6 365.2 434.1 478.6 482.0 459.4 292.3 317.1 245.1 101.0 90.3 88.6 118.2 115.5 138.3 203.2 211.9 229.8 212.7 160.9 112.0 87.1 84.8 121.2 137.0 120.2 125.1 152.7 175.2 174.7 171.2 154.8
-9999.0 -9999.0 -9999.0 -9999.0 -9999.0 -9999.0 -9999.0 -9999.0 -9999.0 -9999.0 -9999.0 -9999.0 -9999.0 -9999.0 -9999.0 -9999.0 -9999.0 -9999.0 -9999.0 -9999.0 -9999.0 -9999.0 -9999.0 -9999.0 -9999.0 -9999.0 -9999.0 -9999.0 -9999.0 -9999.0 -9999.0 -9999.0 -9999.0 125.7 75.2 -9999.0 -9999.0 -9999.0 116.4 77.3 119.0 177.3 176.3 365.2 440.9 473.5 -9999.0 -9999.0 -9999.0 -9999.0 -9999.0 -9999.0 153.2 136.6 108.0 113.6 137.1 131.5 169.7 192.0 209.8 187.1 131.6 90.7 81.8 86.6 104.6 121.1 129.8 145.6 168.4 171.0 184.3 164.7 177.6
-9999.0 -9999.0 -9999.0 -9999.0 -9999.0 -9999.0 -9999.0 -9999.0 -9999.0 -9999.0 -9999.0 -9999.0 -9999.0 -9999.0 -9999.0 -9999.0 -9999.0 -9999.0 -9999.0 -9999.0 -9999.0 -9999.0 -9999.0 -9999.0 -9999.0 -9999.0 -9999.0 -9999.0 -9999.0 -9999.0 -9999.0 -9999.0 -9999.0 -9999.0 -9999.0 -9999.0 -9999.0 -9999.0 -9999.0 273.3 298.7 337.4 380.8 423.0 -9999.0 -9999.0 -9999.0 -9999.0 -9999.0 -9999.0 -9999.0 -9999.0 183.9 197.5 178.9 161.7 154.3 142.0 147.7 180.9 204.7 179.1 147.0 113.0 131.3 141.8 159.0 185.8 185.9 163.9 158.8 176.1 191.0 190.5 181.6
-9999.0 -9999.0 -9999.0 -9999.0 -9999.0 -9999.0 -9999.0 -9999.0 -9999.0 -9999.0 -9999.0 -9999.0 -9999.0 -9999.0 -9999.0 -9999.0 -9999.0 -9999.0 -9999.0 -9999.0 -9999.0 -9999.0 -9999.0 -9999.0 -9999.0 -9999.0 -9999.0 -9999.0 -9999.0 -9999.0 -9999.0 -9999.0 -9999.0 -9999.0 -9999.0 -9999.0 -9999.0 -9999.0 -9999.0 -9999.0 -9999.0 -9999.0 -9999.0 -9999.0 -9999.0 -9999.0 -9999.0 -9999.0 -9999.0 -9999.0 -9999.0 -9999.0 208.9 267.0 239.4 258.1 204.5 163.9 152.0 176.5 193.6 179.3 208.0 151.6 180.5 221.6 274.1 289.2 267.6 220.3 187.2 192.9 208.4 206.8 215.0
-9999.0 -9999.0 -9999.0 -9999.0 -9999.0 -9999.0 -9999.0 -9999.0 -9999.0 -9999.0 -9999.0 -9999.0 -9999.0 -9999.0 -9999.0 -9999.0 -9999.0 -9999.0 -9999.0 -9999.0 -9999.0 -9999.0 -9999.0 -9999.0 -9999.0 -9999.0 -9999.0 -9999.0 -9999.0 -9999.0 -9999.0 -9999.0 -9999.0 -9999.0 -9999.0 -9999.0 -9999.0 -9999.0 -9999.0 -9999.0 -9999.0 -9999.0 -9999.0 -9999.0 -9999.0 -9999.0 -9999.0 -9999.0 -9999.0 -9999.0 -9999.0 326.7 255.2 316.0 194.9 250.6 216.6 199.0 155.1 151.6 182.2 176.7 167.7 187.4 240.8 320.4 377.4 392.3 345.3 287.5 240.8 237.1 239.8 203.6 202.9
-9999.0 -9999.0 -9999.0 -9999.0 -9999.0 -9999.0 -9999.0 -9999.0 -9999.0 -9999.0 -9999.0 -9999.0 -9999.0 -9999.0 -9999.0 -9999.0 -9999.0 -9999.0 -9999.0 -9999.0 -9999.0 -9999.0 -9999.0 -9999.0 -9999.0 -9999.0 -9999.0 -9999.0 -9999.0 -9999.0 -9999.0 -9999.0 -9999.0 -9999.0 -9999.0 -9999.0 -9999.0 -9999.0 -9999.0 -9999.0 -9999.0 -9999.0 -9999.0 -9999.0 -9999.0 -9999.0 -9999.0 -9999.0 -9999.0 -9999.0 444.7 395.8 344.0 338.8 245.9 264.5 197.4 161.4 156.6 168.2 164.1 175.0 179.1 215.3 289.3 361.4 390.0 406.8 374.1 372.1 343.7 372.8 300.6 207.2 191.3
-9999.0 -9999.0 -9999.0 -9999.0 -9999.0 -9999.0 -9999.0 -9999.0 -9999.0 -9999.0 -9999.0 -9999.0 -9999.0 -9999.0 -9999.0 -9999.0 -9999.0 -9999.0 -9999.0 -9999.0 -9999.0 -9999.0 -9999.0 -9999.0 -9999.0 -9999.0 -9999.0 -9999.0 -9999.0 -9999.0 -9999.0 -9999.0 -9999.0 -9999.0 -9999.0 -9999.0 -9999.0 -9999.0 -9999.0 -9999.0 -9999.0 -9999.0 -9999.0 -9999.0 -9999.0 -9999.0 -9999.0 -9999.0 -9999.0 -9999.0 476.3 494.3 366.6 352.5 328.3 260.6 189.5 231.4 201.3 158.8 139.2 157.9 176.9 225.9 280.2 288.8 327.7 369.9 387.0 431.0 455.7 441.9 348.0 237.4 205.4
-9999.0 -9999.0 -9999.0 -9999.0 -9999.0 -9999.0 -9999.0 -9999.0 -9999.0 -9999.0 -9999.0 -9999.0 -9999.0 -9999.0 -9999.0 -9999.0 -9999.0 -9999.0 -9999.0 -9999.0 -9999.0 -9999.0 -9999.0 -9999.0 -9999.0 -9999.0 -9999.0 -9999.0 -9999.0 -9999.0 -9999.0 -9999.0 -9999.0 -9999.0 -9999.0 -9999.0 -9999.0 -9999.0 -9999.0 -9999.0 -9999.0 -9999.0 -9999.0 -9999.0 -9999.0 -9999.0 -9999.0 -9999.0 -9999.0 -9999.0 473.8 476.0 370.1 474.1 290.2 258.3 346.6 271.5 247.0 139.0 138.0 164.2 180.6 197.3 237.5 233.0 256.9 317.8 362.4 396.6 469.8 393.7 382.7 274.2 272.0
-9999.0 -9999.0 -9999.0 -9999.0 -9999.0 -9999.0 -9999.0 -9999.0 -9999.0 -9999.0 -9999.0 -9999.0 -9999.0 -9999.0 -9999.0 -9999.0 -9999.0 -9999.0 -9999.0 -9999.0 -9999.0 -9999.0 -9999.0 -9999.0 -9999.0 -9999.0 -9999.0 -9999.0 -9999.0 -9999.0 -9999.0 -9999.0 -9999.0 -9999.0 -9999.0 -9999.0 -9999.0 -9999.0 -9999.0 -9999.0 -9999.0 -9999.0 -9999.0 -9999.0 -9999.0 -9999.0 -9999.0 -9999.0 -9999.0 -9999.0 570.0 577.6 456.3 426.7 370.9 407.4 267.1 322.2 278.7 155.6 166.3 157.1 117.0 179.9 215.1 214.6 239.6 294.8 342.2 336.6 388.0 380.6 333.8 293.9 332.3
-9999.0 -9999.0 -9999.0 -9999.0 -9999.0 -9999.0 -9999.0 -9999.0 -9999.0 -9999.0 -9999.0 -9999.0 -9999.0 -9999.0 -9999.0 -9999.0 -9999.0 -9999.0 -9999.0 -9999.0 -9999.0 -9999.0 -9999.0 -9999.0 -9999.0 -9999.0 -9999.0 -9999.0 -9999.0 -9999.0 -9999.0 -9999.0 -9999.0 -9999.0 -9999.0 -9999.0 -9999.0 -9999.0 -9999.0 -9999.0 -9999.0 -9999.0 -9999.0 -9999.0 -9999.0 -9999.0 -9999.0 -9999.0 -9999.0 -9999.0 -9999.0 -9999.0 -9999.0 375.9 325.4 327.1 360.3 393.7 261.1 226.2 387.3 137.4 260.4 206.8 214.5 215.0 253.0 274.1 312.7 303.9 286.9 283.3 276.4 289.7 326.3
-9999.0 -9999.0 -9999.0 -9999.0 -9999.0 -9999.0 -9999.0 -9999.0 -9999.0 -9999.0 -9999.0 -9999.0 -9999.0 -9999.0 -9999.0 -9999.0 -9999.0 -9999.0 -9999.0 -9999.0 -9999.0 -9999.0 -9999.0 -9999.0 -9999.0 -9999.0 -9999.0 -9999.0 -9999.0 -9999.0 -9999.0 -9999.0 -9999.0 -9999.0 -9999.0 -9999.0 -9999.0 -9999.0 -9999.0 -9999.0 -9999.0 -9999.0 -9999.0 -9999.0 -9999.0 -9999.0 -9999.0 -9999.0 -9999.0 -9999.0 -9999.0 -9999.0 -9999.0 412.7 340.9 554.1 370.8 341.4 400.0 529.3 354.9 227.4 383.0 226.3 227.1 223.9 191.3 268.9 219.4 216.6 223.6 256.9 274.1 299.9 324.7
-9999.0 -9999.0 -9999.0 -9999.0 -9999.0 -9999.0 -9999.0 -9999.0 -9999.0 -9999.0 -9999.0 -9999.0 -9999.0 -9999.0 -9999.0 -9999.0 -9999.0 -9999.0 -9999.0 -9999.0 -9999.0 -9999.0 -9999.0 -9999.0 -9999.0 -9999.0 -9999.0 -9999.0 -9999.0 -9999.0 -9999.0 -9999.0 -9999.0 -9999.0 -9999.0 -9999.0 -9999.0 -9999.0 -9999.0 -9999.0 -9999.0 -9999.0 -9999.0 -9999.0 -9999.0 -9999.0 -9999.0 -9999.0 -9999.0 -9999.0 -9999.0 -9999.0 -9999.0 458.7 319.3 446.6 405.7 378.5 456.1 475.5 561.9 470.5 540.1 472.8 223.0 -9999.0 -9999.0 -9999.0 201.4 184.3 241.4 325.0 399.3 432.4 374.1
-9999.0 -9999.0 -9999.0 -9999.0 -9999.0 -9999.0 -9999.0 -9999.0 -9999.0 -9999.0 -9999.0 -9999.0 -9999.0 -9999.0 -9999.0 -9999.0 -9999.0 -9999.0 -9999.0 -9999.0 -9999.0 -9999.0 -9999.0 -9999.0 -9999.0 -9999.0 -9999.0 -9999.0 -9999.0 -9999.0 -9999.0 -9999.0 -9999.0 -9999.0 -9999.0 -9999.0 -9999.0 -9999.0 -9999.0 -9999.0 -9999.0 -9999.0 -9999.0 -9999.0 -9999.0 -9999.0 -9999.0 -9999.0 -9999.0 -9999.0 -9999.0 -9999.0 -9999.0 -9999.0 447.8 414.0 312.0 313.3 491.4 653.2 416.9 -9999.0 -9999.0 -9999.0 -9999.0 -9999.0 -9999.0 -9999.0 195.1 231.2 315.7 467.3 594.4 578.4 461.4
-9999.0 -9999.0 -9999.0 -9999.0 -9999.0 -9999.0 -9999.0 -9999.0 -9999.0 -9999.0 -9999.0 -9999.0 -9999.0 -9999.0 -9999.0 -9999.0 -9999.0 -9999.0 -9999.0 -9999.0 -9999.0 -9999.0 -9999.0 -9999.0 -9999.0 -9999.0 -9999.0 -9999.0 -9999.0 -9999.0 -9999.0 -9999.0 -9999.0 -9999.0 -9999.0 -9999.0 -9999.0 -9999.0 -9999.0 -9999.0 -9999.0 -9999.0 -9999.0 -9999.0 -9999.0 -9999.0 -9999.0 -9999.0 -9999.0 -9999.0 -9999.0 -9999.0 -9999.0 -9999.0 -9999.0 383.6 538.8 402.7 400.8 537.1 518.6 -9999.0 -9999.0 -9999.0 -9999.0 -9999.0 -9999.0 -9999.0 -9999.0 -9999.0 432.0 -9999.0 -9999.0 -9999.0 -9999.0
