program/excelProcessViaJava/data/SURF_CLI_CHN_PRE_MON_GRID_0.5-200307.txt
NCOLS      128
NROWS       72
XLLCORNER    72.000000000000    
YLLCORNER    18.000000000000    
CELLSIZE    0.50000000000000    
NODATA_VALUE   -9999.000    
[rows 33 to 65 of 72, columns 0 to 73 of 128]
-9999.0 -9999.0 -9999.0 -9999.0 1.9 2.9 4.5 3.2 3.6 1.0 2.1 2.0 1.7 1.1 1.2 1.4 1.5 1.5 1.7 2.0 2.0 2.0 2.5 4.6 8.2 15.0 22.0 69.8 47.0 51.9 55.5 51.4 49.2 53.2 41.6 39.8 35.2 54.9 47.3 30.9 16.9 12.5 13.0 12.5 13.0 14.3 19.6 34.5 49.0 39.5 46.1 86.1 111.6 135.1 79.9 81.2 82.5 122.3 131.9 164.9 155.5 118.2 92.7 50.8 37.1 62.9 75.8 32.2 69.2 60.2 64.8 84.9 90.3 79.6
-9999.0 -9999.0 -9999.0 -9999.0 1.4 1.2 2.9 1.5 6.9 8.4 2.4 12.1 10.2 13.6 3.2 4.3 5.5 2.6 1.7 1.9 3.7 5.2 8.6 26.5 56.8 71.8 58.0 59.5 57.3 56.9 55.4 59.5 52.9 51.3 51.9 45.9 51.9 57.3 42.8 30.5 43.1 21.6 20.2 15.1 13.3 12.0 12.0 13.4 16.0 22.3 26.9 36.0 89.2 67.3 56.7 64.6 73.6 97.8 126.3 90.4 128.9 67.5 51.2 60.5 57.9 49.1 92.5 65.3 64.5 107.2 86.5 103.2 105.0 92.8
-9999.0 -9999.0 -9999.0 -9999.0 -9999.0 -9999.0 -9999.0 1.3 3.4 3.1 11.6 15.3 10.8 17.4 21.9 3.4 14.9 7.6 7.1 16.2 37.9 56.6 62.5 62.0 61.5 61.4 65.6 66.3 65.6 68.5 65.5 62.7 59.4 59.7 61.8 54.4 61.3 55.8 64.9 67.1 42.1 76.9 73.6 54.9 34.6 16.7 24.8 21.7 31.1 19.8 17.7 23.7 43.3 120.9 105.3 57.4 61.9 76.6 134.7 113.7 143.1 79.3 57.4 65.8 93.0 80.9 103.0 115.1 95.7 108.3 99.9 108.1 128.9 126.6
-9999.0 -9999.0 -9999.0 -9999.0 -9999.0 -9999.0 -9999.0 3.9 1.0 4.5 8.7 8.5 14.9 26.7 24.9 45.6 35.0 38.8 58.8 48.5 51.7 66.5 64.6 67.7 67.2 68.6 67.8 74.2 66.2 63.0 67.7 65.8 63.3 67.5 60.2 60.1 56.5 61.3 60.2 57.6 60.8 63.1 69.7 93.9 60.8 38.5 48.4 52.2 83.0 67.1 110.0 97.1 53.8 73.5 110.5 72.0 84.5 113.0 145.6 161.0 144.5 133.8 99.2 105.2 103.6 105.7 109.4 109.4 137.3 106.5 117.5 132.3 150.2 159.2
-9999.0 -9999.0 -9999.0 -9999.0 -9999.0 -9999.0 -9999.0 -9999.0 -9999.0 3.3 4.8 6.1 16.6 21.1 22.8 25.7 39.6 66.1 57.7 76.3 69.9 65.2 67.8 71.2 72.4 71.2 74.5 73.8 67.7 74.6 62.0 63.8 63.0 65.8 58.8 58.5 57.2 60.0 56.4 59.1 56.4 62.9 63.9 62.8 74.3 76.6 79.9 80.0 83.2 82.4 92.1 81.0 72.2 70.3 103.7 87.1 98.9 127.0 159.7 170.8 176.0 185.0 183.6 120.5 125.3 112.8 106.3 108.1 143.6 134.4 146.9 145.5 155.5 170.0
-9999.0 -9999.0 -9999.0 -9999.0 -9999.0 -9999.0 -9999.0 -9999.0 -9999.0 -9999.0 -9999.0 11.5 5.5 23.5 24.2 34.6 39.7 44.7 50.9 62.4 77.0 73.7 80.0 77.4 92.4 84.7 86.9 83.9 78.5 72.1 69.0 73.8 65.3 65.4 62.7 73.0 63.9 63.6 78.6 61.4 66.1 61.5 61.2 63.6 86.6 78.5 104.1 94.5 100.2 93.2 77.4 76.7 77.7 88.2 106.6 104.8 115.5 141.5 161.4 178.3 194.1 192.1 176.8 148.2 138.8 95.0 87.1 104.3 133.7 155.6 162.3 162.6 152.3 147.0
-9999.0 -9999.0 -9999.0 -9999.0 -9999.0 -9999.0 -9999.0 -9999.0 -9999.0 -9999.0 -9999.0 -9999.0 5.9 9.4 27.0 27.3 53.6 49.7 58.2 82.4 64.5 76.4 83.0 82.0 114.3 89.2 82.5 89.4 82.7 87.7 75.1 70.6 69.2 74.8 75.7 73.4 86.0 73.6 66.8 60.7 58.1 59.5 63.7 75.1 81.6 92.9 106.5 98.8 101.6 98.3 105.8 99.9 88.5 83.0 92.6 105.7 119.5 140.1 151.0 175.7 190.6 196.9 188.5 155.9 99.2 111.3 80.1 99.4 129.3 156.3 161.2 141.1 129.7 121.5
-9999.0 -9999.0 -9999.0 -9999.0 -9999.0 -9999.0 -9999.0 -9999.0 -9999.0 -9999.0 -9999.0 -9999.0 16.7 6.2 7.9 29.2 23.5 38.2 63.8 68.6 75.5 89.1 92.0 87.6 81.8 89.9 89.1 79.8 82.3 74.0 77.3 81.7 75.2 74.4 79.3 78.8 91.0 92.0 84.9 77.2 68.3 67.4 79.8 77.2 91.9 107.1 106.5 109.7 102.1 109.2 103.7 105.5 94.8 98.8 90.0 103.8 109.4 124.7 136.4 155.9 170.2 171.8 167.7 156.2 74.8 72.7 74.4 100.9 134.2 159.7 176.8 180.8 174.9 165.1
-9999.0 -9999.0 -9999.0 -9999.0 -9999.0 -9999.0 -9999.0 -9999.0 -9999.0 -9999.0 -9999.0 -9999.0 -9999.0 10.4 26.8 12.5 32.3 32.9 40.5 51.9 68.9 69.5 93.0 82.5 90.1 108.7 106.2 109.0 94.7 86.6 76.1 72.4 81.7 83.6 77.3 84.4 92.2 100.8 120.1 102.6 92.9 92.0 90.1 100.5 100.4 104.8 118.4 129.7 133.9 130.5 125.5 115.1 109.6 130.5 119.4 114.2 112.0 121.1 137.5 138.2 146.0 144.9 140.3 96.9 68.3 55.7 62.7 108.0 154.1 187.8 174.1 197.5 211.6 182.1
-9999.0 -9999.0 -9999.0 -9999.0 -9999.0 -9999.0 -9999.0 -9999.0 -9999.0 -9999.0 -9999.0 -9999.0 5.5 19.0 22.0 16.5 43.1 41.4 50.5 42.4 53.6 65.6 82.0 85.9 88.1 109.5 102.9 93.6 89.0 87.0 80.2 71.5 85.3 79.4 87.0 90.6 109.8 108.6 112.9 112.9 120.3 122.1 123.0 105.9 113.8 121.4 126.9 132.4 140.5 141.8 145.0 147.8 132.7 136.0 126.5 124.4 131.2 116.1 125.3 125.7 126.9 128.0 115.7 110.1 69.3 53.0 146.6 176.8 180.4 188.4 230.1 268.7 254.5 193.9
-9999.0 -9999.0 -9999.0 -9999.0 -9999.0 -9999.0 -9999.0 -9999.0 -9999.0 -9999.0 -9999.0 -9999.0 8.9 2.1 7.9 40.3 43.1 26.2 34.1 57.1 49.5 74.2 83.1 89.9 88.1 87.9 90.3 88.3 86.0 78.7 74.7 75.2 84.8 75.8 81.6 94.6 103.2 120.3 127.8 122.3 121.0 116.1 115.5 118.8 124.1 131.6 142.2 146.8 149.4 141.6 139.6 148.5 140.1 137.0 137.7 132.5 137.7 137.7 129.0 133.8 133.2 131.8 94.7 66.1 50.1 103.6 86.2 210.3 278.8 308.6 326.9 330.2 297.0 235.1
-9999.0 -9999.0 -9999.0 -9999.0 -9999.0 -9999.0 -9999.0 -9999.0 -9999.0 -9999.0 -9999.0 -9999.0 0.3 8.1 2.8 9.5 14.5 46.6 40.1 51.4 82.9 95.7 83.3 101.3 97.7 114.0 104.6 113.6 87.1 83.1 79.2 89.8 77.6 76.4 83.0 96.1 109.9 126.7 134.5 142.0 135.6 130.5 135.1 132.4 134.6 141.0 145.4 143.7 137.5 133.7 134.7 131.0 168.2 176.1 164.9 141.5 149.5 150.2 147.3 132.5 126.3 115.7 128.6 57.6 55.9 137.8 148.0 191.9 249.2 311.8 335.6 305.9 277.0 211.3
-9999.0 -9999.0 -9999.0 -9999.0 -9999.0 -9999.0 -9999.0 -9999.0 -9999.0 -9999.0 -9999.0 -9999.0 -9999.0 18.5 18.9 7.8 16.3 19.4 43.3 60.0 98.1 78.3 99.2 112.5 94.9 102.3 99.1 92.5 98.1 82.3 94.9 90.1 93.1 87.8 95.7 119.7 129.4 132.2 146.2 148.5 148.7 152.4 150.0 144.7 144.6 141.2 138.7 127.8 129.5 122.9 108.6 140.4 146.5 145.6 176.3 179.6 150.3 149.5 157.7 170.7 152.6 178.5 120.8 48.1 107.2 108.7 128.8 160.3 214.8 243.7 265.6 251.2 216.4 221.4
-9999.0 -9999.0 -9999.0 -9999.0 -9999.0 -9999.0 -9999.0 -9999.0 -9999.0 -9999.0 -9999.0 -9999.0 -9999.0 0.1 13.8 6.1 29.7 15.0 25.8 44.8 88.1 97.2 109.5 107.6 84.5 98.7 102.9 91.1 94.1 125.7 114.7 111.5 104.0 108.4 122.7 129.4 126.8 138.4 156.4 171.0 161.0 158.9 155.2 150.9 147.6 138.8 129.5 111.6 101.5 94.7 110.6 96.3 139.5 170.7 190.7 189.0 169.9 169.7 181.5 154.5 172.8 129.0 110.0 105.4 76.2 82.9 105.3 137.6 168.1 197.8 202.9 190.9 176.1 170.1
-9999.0 -9999.0 -9999.0 -9999.0 -9999.0 -9999.0 -9999.0 -9999.0 -9999.0 -9999.0 -9999.0 -9999.0 -9999.0 -9999.0 -9999.0 5.4 6.6 19.8 22.1 26.2 68.0 65.0 73.7 89.5 103.4 105.2 136.5 115.8 136.3 107.1 119.4 120.6 142.2 142.9 136.2 156.7 164.7 128.3 150.0 159.9 164.3 160.7 156.2 153.0 160.2 152.1 120.1 99.0 89.0 59.8 78.3 129.1 127.0 156.1 152.7 189.4 196.1 174.3 209.8 212.3 180.3 191.6 180.9 115.1 82.3 92.1 115.2 141.9 160.1 156.2 169.5 179.9 161.8 159.5
-9999.0 -9999.0 -9999.0 -9999.0 -9999.0 -9999.0 -9999.0 -9999.0 -9999.0 -9999.0 -9999.0 -9999.0 -9999.0 -9999.0 -9999.0 -9999.0 -9999.0 0.0 0.9 -9999.0 14.7 62.8 52.6 64.9 99.2 101.5 138.4 122.5 106.1 130.4 124.0 123.4 163.6 144.3 127.8 139.2 168.9 97.6 138.5 148.2 152.8 152.9 150.8 152.4 214.4 160.9 201.0 103.4 73.5 73.0 61.8 84.0 100.4 152.1 180.2 199.4 199.2 223.2 225.7 227.8 233.7 240.4 211.5 165.0 123.9 111.7 125.9 137.3 153.6 158.1 197.3 179.6 183.5 212.8
-9999.0 -9999.0 -9999.0 -9999.0 -9999.0 -9999.0 -9999.0 -9999.0 -9999.0 -9999.0 -9999.0 -9999.0 -9999.0 -9999.0 -9999.0 -9999.0 -9999.0 -9999.0 -9999.0 -9999.0 -9999.0 32.7 60.4 105.0 91.2 70.9 82.5 92.6 105.9 99.8 118.6 112.6 140.9 154.9 135.5 138.3 117.7 104.9 99.8 110.1 134.3 137.0 136.9 138.8 217.4 136.6 234.0 105.7 95.0 161.7 74.2 121.5 136.4 124.3 161.5 197.9 214.7 217.3 241.6 230.8 268.6 268.7 244.6 215.9 188.6 157.3 157.3 158.6 184.4 193.6 226.1 229.2 252.3 291.1
-9999.0 -9999.0 -9999.0 -9999.0 -9999.0 -9999.0 -9999.0 -9999.0 -9999.0 -9999.0 -9999.0 -9999.0 -9999.0 -9999.0 -9999.0 -9999.0 -9999.0 -9999.0 -9999.0 -9999.0 -9999.0 -9999.0 -9999.0 14.4 61.0 66.8 76.5 92.3 124.4 107.4 125.4 144.6 179.8 167.6 168.9 149.9 143.3 100.2 112.3 112.8 110.7 117.8 124.3 150.9 209.9 248.9 181.0 134.0 129.7 120.6 81.5 103.5 95.8 119.5 130.7 132.5 191.8 216.0 207.9 214.3 269.1 250.3 208.3 211.9 180.4 190.0 199.6 195.3 160.9 215.9 228.3 279.6 306.4 292.6
-9999.0 -9999.0 -9999.0 -9999.0 -9999.0 -9999.0 -9999.0 -9999.0 -9999.0 -9999.0 -9999.0 -9999.0 -9999.0 -9999.0 -9999.0 -9999.0 -9999.0 -9999.0 -9999.0 -9999.0 -9999.0 -9999.0 -9999.0 -9999.0 -9999.0 5.8 45.4 149.2 143.4 176.9 146.0 126.6 133.9 150.3 127.7 142.6 153.4 90.3 99.0 78.6 94.2 93.8 168.4 183.4 231.5 236.5 225.8 226.6 100.6 117.7 98.4 95.6 115.7 123.2 104.6 121.2 161.1 164.5 188.6 180.8 177.7 176.9 159.6 227.8 185.4 192.2 176.5 121.6 139.5 178.5 246.0 290.0 288.6 255.2
-9999.0 -9999.0 -9999.0 -9999.0 -9999.0 -9999.0 -9999.0 -9999.0 -9999.0 -9999.0 -9999.0 -9999.0 -9999.0 -9999.0 -9999.0 -9999.0 -9999.0 -9999.0 -9999.0 -9999.0 -9999.0 -9999.0 -9999.0 -9999.0 -9999.0 -9999.0 -9999.0 5.2 10.1 62.5 77.0 86.6 156.0 81.4 114.9 42.5 69.3 57.2 49.6 56.1 66.9 90.0 155.0 193.5 212.2 219.5 217.7 214.5 206.9 159.5 168.2 149.8 100.0 99.0 104.1 124.6 126.6 133.6 150.0 136.7 172.7 128.6 126.2 106.5 81.3 98.1 137.9 155.1 157.7 182.5 221.9 240.6 193.4 169.6
-9999.0 -9999.0 -9999.0 -9999.0 -9999.0 -9999.0 -9999.0 -9999.0 -9999.0 -9999.0 -9999.0 -9999.0 -9999.0 -9999.0 -9999.0 -9999.0 -9999.0 -9999.0 -9999.0 -9999.0 -9999.0 -9999.0 -9999.0 -9999.0 -9999.0 -9999.0 -9999.0 -9999.0 -9999.0 -9999.0 -9999.0 -9999.0 -9999.0 35.0 74.2 -9999.0 -9999.0 -9999.0 49.9 50.5 76.8 111.5 130.7 171.7 184.6 197.5 -9999.0 -9999.0 -9999.0 -9999.0 -9999.0 -9999.0 114.0 112.2 110.4 123.6 128.5 132.8 118.1 129.4 125.8 111.7 96.7 87.9 93.3 111.1 141.6 167.0 167.0 167.3 176.3 184.1 153.9 80.8
-9999.0 -9999.0 -9999.0 -9999.0 -9999.0 -9999.0 -9999.0 -9999.0 -9999.0 -9999.0 -9999.0 -9999.0 -9999.0 -9999.0 -9999.0 -9999.0 -9999.0 -9999.0 -9999.0 -9999.0 -9999.0 -9999.0 -9999.0 -9999.0 -9999.0 -9999.0 -9999.0 -9999.0 -9999.0 -9999.0 -9999.0 -9999.0 -9999.0 -9999.0 -9999.0 -9999.0 -9999.0 -9999.0 -9999.0 60.5 80.8 103.0 125.9 148.0 -9999.0 -9999.0 -9999.0 -9999.0 -9999.0 -9999.0 -9999.0 -9999.0 120.7 126.1 120.2 133.4 142.1 133.0 126.3 128.2 128.3 117.8 113.1 105.2 125.5 162.5 205.8 206.1 180.0 178.9 177.4 159.2 95.8 78.9
-9999.0 -9999.0 -9999.0 -9999.0 -9999.0 -9999.0 -9999.0 -9999.0 -9999.0 -9999.0 -9999.0 -9999.0 -9999.0 -9999.0 -9999.0 -9999.0 -9999.0 -9999.0 -9999.0 -9999.0 -9999.0 -9999.0 -9999.0 -9999.0 -9999.0 -9999.0 -9999.0 -9999.0 -9999.0 -9999.0 -9999.0 -9999.0 -9999.0 -9999.0 -9999.0 -9999.0 -9999.0 -9999.0 -9999.0 -9999.0 -9999.0 -9999.0 -9999.0 -9999.0 -9999.0 -9999.0 -9999.0 -9999.0 -9999.0 -9999.0 -9999.0 -9999.0 127.6 143.6 133.2 137.1 132.3 117.3 105.4 108.7 117.0 123.4 162.2 135.4 171.4 232.6 265.9 241.4 206.8 188.5 178.6 168.0 194.4 92.4
-9999.0 -9999.0 -9999.0 -9999.0 -9999.0 -9999.0 -9999.0 -9999.0 -9999.0 -9999.0 -9999.0 -9999.0 -9999.0 -9999.0 -9999.0 -9999.0 -9999.0 -9999.0 -9999.0 -9999.0 -9999.0 -9999.0 -9999.0 -9999.0 -9999.0 -9999.0 -9999.0 -9999.0 -9999.0 -9999.0 -9999.0 -9999.0 -9999.0 -9999.0 -9999.0 -9999.0 -9999.0 -9999.0 -9999.0 -9999.0 -9999.0 -9999.0 -9999.0 -9999.0 -9999.0 -9999.0 -9999.0 -9999.0 -9999.0 -9999.0 -9999.0 160.3 156.3 161.9 130.8 135.5 121.7 107.7 88.7 77.7 125.3 142.4 138.3 160.0 210.2 288.9 304.7 226.8 235.6 201.5 189.8 187.0 132.3 72.6
-9999.0 -9999.0 -9999.0 -9999.0 -9999.0 -9999.0 -9999.0 -9999.0 -9999.0 -9999.0 -9999.0 -9999.0 -9999.0 -9999.0 -9999.0 -9999.0 -9999.0 -9999.0 -9999.0 -9999.0 -9999.0 -9999.0 -9999.0 -9999.0 -9999.0 -9999.0 -9999.0 -9999.0 -9999.0 -9999.0 -9999.0 -9999.0 -9999.0 -9999.0 -9999.0 -9999.0 -9999.0 -9999.0 -9999.0 -9999.0 -9999.0 -9999.0 -9999.0 -9999.0 -9999.0 -9999.0 -9999.0 -9999.0 -9999.0 -9999.0 164.8 210.5 204.6 190.1 159.4 146.4 117.9 93.7 84.8 108.9 126.0 165.9 169.0 192.3 239.4 299.8 326.6 262.2 268.4 214.5 215.6 168.9 130.1 128.4
-9999.0 -9999.0 -9999.0 -9999.0 -9999.0 -9999.0 -9999.0 -9999.0 -9999.0 -9999.0 -9999.0 -9999.0 -9999.0 -9999.0 -9999.0 -9999.0 -9999.0 -9999.0 -9999.0 -9999.0 -9999.0 -9999.0 -9999.0 -9999.0 -9999.0 -9999.0 -9999.0 -9999.0 -9999.0 -9999.0 -9999.0 -9999.0 -9999.0 -9999.0 -9999.0 -9999.0 -9999.0 -9999.0 -9999.0 -9999.0 -9999.0 -9999.0 -9999.0 -9999.0 -9999.0 -9999.0 -9999.0 -9999.0 -9999.0 -9999.0 179.8 264.0 231.3 232.1 201.1 164.9 127.4 124.9 120.1 121.6 139.9 180.1 178.1 198.7 229.3 235.0 258.9 220.1 232.3 204.9 202.9 175.4 142.1 109.5
-9999.0 -9999.0 -9999.0 -9999.0 -9999.0 -9999.0 -9999.0 -9999.0 -9999.0 -9999.0 -9999.0 -9999.0 -9999.0 -9999.0 -9999.0 -9999.0 -9999.0 -9999.0 -9999.0 -9999.0 -9999.0 -9999.0 -9999.0 -9999.0 -9999.0 -9999.0 -9999.0 -9999.0 -9999.0 -9999.0 -9999.0 -9999.0 -9999.0 -9999.0 -9999.0 -9999.0 -9999.0 -9999.0 -9999.0 -9999.0 -9999.0 -9999.0 -9999.0 -9999.0 -9999.0 -9999.0 -9999.0 -9999.0 -9999.0 -9999.0 182.0 242.4 228.4 273.7 218.5 184.2 187.0 156.6 162.5 133.9 178.9 213.7 192.3 157.5 181.0 192.7 194.7 186.5 184.2 237.9 176.8 256.6 124.3 163.5
-9999.0 -9999.0 -9999.0 -9999.0 -9999.0 -9999.0 -9999.0 -9999.0 -9999.0 -9999.0 -9999.0 -9999.0 -9999.0 -9999.0 -9999.0 -9999.0 -9999.0 -9999.0 -9999.0 -9999.0 -9999.0 -9999.0 -9999.0 -9999.0 -9999.0 -9999.0 -9999.0 -9999.0 -9999.0 -9999.0 -9999.0 -9999.0 -9999.0 -9999.0 -9999.0 -9999.0 -9999.0 -9999.0 -9999.0 -9999.0 -9999.0 -9999.0 -9999.0 -9999.0 -9999.0 -9999.0 -9999.0 -9999.0 -9999.0 -9999.0 255.7 302.9 279.3 271.4 237.5 230.2 187.3 198.0 194.4 161.4 204.9 192.1 114.1 135.5 158.6 174.4 204.7 204.2 249.2 112.4 152.3 146.3 164.5 194.7
-9999.0 -9999.0 -9999.0 -9999.0 -9999.0 -9999.0 -9999.0 -9999.0 -9999.0 -9999.0 -9999.0 -9999.0 -9999.0 -9999.0 -9999.0 -9999.0 -9999.0 -9999.0 -9999.0 -9999.0 -9999.0 -9999.0 -9999.0 -9999.0 -9999.0 -9999.0 -9999.0 -9999.0 -9999.0 -9999.0 -9999.0 -9999.0 -9999.0 -9999.0 -9999.0 -9999.0 -9999.0 -9999.0 -9999.0 -9999.0 -9999.0 -9999.0 -9999.0 -9999.0 -9999.0 -9999.0 -9999.0 -9999.0 -9999.0 -9999.0 -9999.0 -9999.0 -9999.0 248.0 219.7 213.4 223.7 236.8 198.7 203.3 321.5 164.5 217.0 167.5 173.0 181.6 224.6 179.6 219.6 188.9 137.9 132.1 160.5 191.3
-9999.0 -9999.0 -9999.0 -9999.0 -9999.0 -9999.0 -9999.0 -9999.0 -9999.0 -9999.0 -9999.0 -9999.0 -9999.0 -9999.0 -9999.0 -9999.0 -9999.0 -9999.0 -9999.0 -9999.0 -9999.0 -9999.0 -9999.0 -9999.0 -9999.0 -9999.0 -9999.0 -9999.0 -9999.0 -9999.0 -9999.0 -9999.0 -9999.0 -9999.0 -9999.0 -9999.0 -9999.0 -9999.0 -9999.0 -9999.0 -9999.0 -9999.0 -9999.0 -9999.0 -9999.0 -9999.0 -9999.0 -9999.0 -9999.0 -9999.0 -9999.0 -9999.0 -9999.0 270.6 245.0 290.1 233.1 209.9 243.6 341.0 289.2 234.4 304.4 262.7 251.6 230.6 174.2 245.4 150.2 131.8 112.0 148.4 221.7 273.5
-9999.0 -9999.0 -9999.0 -9999.0 -9999.0 -9999.0 -9999.0 -9999.0 -9999.0 -9999.0 -9999.0 -9999.0 -9999.0 -9999.0 -9999.0 -9999.0 -9999.0 -9999.0 -9999.0 -9999.0 -9999.0 -9999.0 -9999.0 -9999.0 -9999.0 -9999.0 -9999.0 -9999.0 -9999.0 -9999.0 -9999.0 -9999.0 -9999.0 -9999.0 -9999.0 -9999.0 -9999.0 -9999.0 -9999.0 -9999.0 -9999.0 -9999.0 -9999.0 -9999.0 -9999.0 -9999.0 -9999.0 -9999.0 -9999.0 -9999.0 -9999.0 -9999.0 -9999.0 303.6 251.9 285.4 247.5 206.4 240.3 278.3 370.8 368.0 420.9 401.5 322.8 -9999.0 -9999.0 -9999.0 188.7 126.5 156.2 247.2 336.9 364.9
-9999.0 -9999.0 -9999.0 -9999.0 -9999.0 -9999.0 -9999.0 -9999.0 -9999.0 -9999.0 -9999.0 -9999.0 -9999.0 -9999.0 -9999.0 -9999.0 -9999.0 -9999.0 -9999.0 -9999.0 -9999.0 -9999.0 -9999.0 -9999.0 -9999.0 -9999.0 -9999.0 -9999.0 -9999.0 -9999.0 -9999.0 -9999.0 -9999.0 -9999.0 -9999.0 -9999.0 -9999.0 -9999.0 -9999.0 -9999.0 -9999.0 -9999.0 -9999.0 -9999.0 -9999.0 -9999.0 -9999.0 -9999.0 -9999.0 -9999.0 -9999.0 -9999.0 -9999.0 -9999.0 303.9 272.7 185.6 145.6 231.0 336.8 254.3 -9999.0 -9999.0 -9999.0 -9999.0 -9999.0 -9999.0 -9999.0 162.8 188.9 291.2 320.7 382.2 397.5
-9999.0 -9999.0 -9999.0 -9999.0 -9999.0 -9999.0 -9999.0 -9999.0 -9999.0 -9999.0 -9999.0 -9999.0 -9999.0 -9999.0 -9999.0 -9999.0 -9999.0 -9999.0 -9999.0 -9999.0 -9999.0 -9999.0 -9999.0 -9999.0 -9999.0 -9999.0 -9999.0 -9999.0 -9999.0 -9999.0 -9999.0 -9999.0 -9999.0 -9999.0 -9999.0 -9999.0 -9999.0 -9999.0 -9999.0 -9999.0 -9999.0 -9999.0 -9999.0 -9999.0 -9999.0 -9999.0 -9999.0 -9999.0 -9999.0 -9999.0 -9999.0 -9999.0 -9999.0 -9999.0 -9999.0 236.9 289.3 183.1 158.2 241.7 273.2 -9999.0 -9999.0 -9999.0 -9999.0 -9999.0 -9999.0 -9999.0 -9999.0 -9999.0 264.5 -9999.0 -9999.0 -9999.0
