program/excelProcessViaJava/data/SURF_CLI_CHN_PRE_MON_GRID_0.5-198605.txt
NCOLS      128
NROWS       72
XLLCORNER    72.000000000000    
YLLCORNER    18.000000000000    
CELLSIZE    0.50000000000000    
NODATA_VALUE   -9999.000    
[rows 34 to 67 of 72, columns 0 to 76 of 128]
-9999.0 -9999.0 -9999.0 -9999.0 16.7 10.9 6.2 4.0 2.0 1.3 1.4 0.8 1.0 1.0 2.4 2.1 1.7 1.6 1.3 1.2 1.1 0.9 0.6 0.3 0.2 0.3 0.9 2.2 4.9 9.2 15.2 22.4 30.3 37.6 43.7 45.2 49.4 51.8 39.4 23.5 30.9 8.9 7.0 5.1 6.9 9.9 13.6 18.1 24.5 36.9 49.4 61.6 78.3 76.5 70.9 68.4 60.2 57.2 59.8 46.2 64.1 43.4 37.8 39.0 34.6 27.4 33.9 26.3 26.0 30.6 25.6 28.8 32.1 35.0 36.6 42.0 45.8
-9999.0 -9999.0 -9999.0 -9999.0 -9999.0 -9999.0 -9999.0 4.0 2.3 1.5 0.7 0.6 0.6 0.5 0.4 0.9 0.5 0.5 0.5 0.3 0.2 0.1 0.1 0.2 0.3 0.5 0.9 2.3 4.9 8.9 14.7 21.8 29.3 36.6 43.2 45.7 50.7 48.5 52.3 51.2 27.5 49.2 42.7 28.0 16.6 9.7 17.5 19.5 30.6 33.9 45.2 61.8 75.4 69.1 78.5 81.9 65.5 52.7 67.6 55.1 71.2 46.5 44.5 53.1 59.8 48.9 44.0 36.5 27.8 25.0 19.6 20.1 25.9 30.7 33.1 38.5 39.5
-9999.0 -9999.0 -9999.0 -9999.0 -9999.0 -9999.0 -9999.0 4.1 2.7 1.6 0.9 0.7 0.5 0.3 0.3 0.1 0.2 0.1 0.1 0.1 0.1 0.1 0.1 0.2 0.3 0.5 1.1 2.4 5.1 9.2 14.4 20.9 28.0 35.1 40.2 44.4 45.2 48.3 46.9 42.7 41.4 38.6 38.5 48.1 27.0 16.6 23.1 28.0 41.2 44.9 51.4 55.6 71.4 74.6 68.2 95.1 86.8 77.2 74.8 76.2 74.8 69.4 59.9 72.6 75.3 68.0 52.5 35.7 30.4 17.1 14.6 15.3 20.1 27.1 27.3 36.0 37.0
-9999.0 -9999.0 -9999.0 -9999.0 -9999.0 -9999.0 -9999.0 -9999.0 -9999.0 2.1 1.3 0.9 0.5 0.4 0.3 0.3 0.2 0.1 0.1 0.1 0.1 0.1 0.1 0.2 0.4 0.6 1.2 2.6 5.3 8.7 14.0 19.9 26.2 32.7 36.7 40.1 41.3 43.4 40.4 40.6 35.4 36.4 32.2 27.1 30.7 29.6 30.6 32.6 37.7 42.7 47.0 50.8 57.2 66.3 60.3 83.2 84.6 79.0 78.1 82.1 87.5 91.8 91.2 78.1 84.7 74.3 52.4 32.4 30.2 18.4 17.1 15.7 19.5 27.0 33.2 25.7 29.9
-9999.0 -9999.0 -9999.0 -9999.0 -9999.0 -9999.0 -9999.0 -9999.0 -9999.0 -9999.0 -9999.0 1.1 0.8 0.5 0.4 0.3 0.2 0.2 0.2 0.1 0.1 0.1 0.2 0.3 0.4 0.6 1.3 2.6 5.0 8.6 13.2 18.6 24.5 30.2 34.4 41.1 40.0 40.5 49.6 38.1 39.9 32.5 27.1 24.2 34.9 26.7 37.4 34.4 39.9 43.0 46.2 48.8 50.8 51.4 49.6 57.9 67.3 70.2 78.7 88.8 98.5 99.2 93.0 86.6 87.1 60.3 37.4 34.2 32.7 31.0 27.5 26.6 26.3 27.1 20.8 23.6 28.1
-9999.0 -9999.0 -9999.0 -9999.0 -9999.0 -9999.0 -9999.0 -9999.0 -9999.0 -9999.0 -9999.0 -9999.0 1.3 0.9 0.6 0.5 0.3 0.3 0.2 0.2 0.2 0.2 0.3 0.4 0.4 0.8 1.5 2.7 4.9 7.8 12.3 17.3 22.7 28.6 33.9 37.1 44.3 40.3 36.0 31.0 27.9 26.2 25.0 29.1 28.7 31.9 37.0 34.0 40.3 45.5 48.6 48.1 48.7 50.6 48.3 47.0 50.8 58.0 78.5 92.5 105.2 107.2 103.1 93.0 74.3 83.2 54.0 54.3 54.3 55.4 42.7 31.7 30.0 29.8 33.4 47.2 39.7
-9999.0 -9999.0 -9999.0 -9999.0 -9999.0 -9999.0 -9999.0 -9999.0 -9999.0 -9999.0 -9999.0 -9999.0 2.3 1.6 1.1 0.8 0.6 0.5 0.4 0.3 0.3 0.3 0.4 0.5 0.7 1.0 1.7 3.0 4.9 7.8 11.4 15.8 21.0 26.0 31.3 34.6 41.0 43.2 40.0 35.2 28.0 25.6 34.0 25.9 33.7 40.5 35.8 37.9 40.0 49.8 52.8 52.1 51.0 46.7 47.2 43.1 48.6 57.5 75.5 90.5 99.7 99.7 101.2 100.5 68.5 78.0 53.8 58.7 65.7 77.3 88.7 93.6 89.8 74.5 65.8 54.3 48.1
-9999.0 -9999.0 -9999.0 -9999.0 -9999.0 -9999.0 -9999.0 -9999.0 -9999.0 -9999.0 -9999.0 -9999.0 -9999.0 3.0 2.2 1.5 1.2 0.9 0.7 0.6 0.5 0.6 0.5 0.7 0.9 1.1 1.7 2.6 4.5 7.0 10.5 14.5 19.1 24.2 27.8 32.0 35.9 40.2 53.1 44.2 38.9 40.0 37.1 45.1 38.1 35.8 43.5 49.5 53.0 54.8 55.5 54.0 51.6 43.2 41.2 41.6 47.3 55.3 66.4 84.5 95.6 94.1 96.9 76.0 59.3 74.0 90.2 91.2 100.5 100.7 81.5 96.3 112.1 104.6 96.3 77.2 67.6
-9999.0 -9999.0 -9999.0 -9999.0 -9999.0 -9999.0 -9999.0 -9999.0 -9999.0 -9999.0 -9999.0 -9999.0 7.2 5.8 4.4 3.2 2.5 1.9 1.5 1.2 1.1 1.0 1.0 1.1 1.3 1.5 2.0 3.0 4.4 6.5 9.4 13.2 17.2 21.5 26.0 29.5 36.6 36.3 38.0 40.1 54.1 63.9 70.1 44.8 50.1 51.0 47.4 45.1 50.8 53.0 54.6 52.0 48.6 44.7 44.0 44.0 45.3 60.4 67.5 76.3 86.1 96.1 91.8 100.0 83.6 83.2 59.9 83.9 132.2 164.4 171.2 159.2 131.8 97.6 87.7 76.7 66.7
-9999.0 -9999.0 -9999.0 -9999.0 -9999.0 -9999.0 -9999.0 -9999.0 -9999.0 -9999.0 -9999.0 -9999.0 12.4 8.6 7.4 6.5 5.1 3.8 3.1 2.6 2.2 2.0 1.9 1.8 2.0 2.3 2.6 3.3 4.4 6.2 8.8 11.9 15.4 19.4 22.7 26.5 29.5 35.1 38.3 35.4 41.0 43.2 48.5 55.4 58.7 61.0 66.6 58.9 53.0 40.7 41.6 45.3 42.4 43.5 45.5 50.2 49.8 56.2 67.0 77.8 89.6 100.9 78.0 68.1 71.8 62.3 93.9 86.2 107.2 144.7 164.4 157.5 142.1 150.0 142.2 105.8 80.5
-9999.0 -9999.0 -9999.0 -9999.0 -9999.0 -9999.0 -9999.0 -9999.0 -9999.0 -9999.0 -9999.0 -9999.0 15.7 15.8 11.6 10.2 8.5 7.7 6.1 5.2 4.5 3.9 3.5 3.1 3.0 2.8 3.0 3.2 4.2 5.5 7.7 10.2 14.3 18.0 20.7 23.6 27.6 33.2 36.2 45.5 47.5 45.3 82.0 46.5 68.8 82.0 76.2 53.7 33.4 30.6 31.6 28.3 40.3 39.2 39.3 49.8 51.5 57.0 66.6 71.7 77.4 83.7 114.9 67.7 56.0 53.8 66.3 93.3 128.3 136.4 137.2 178.2 167.1 175.1 198.7 147.0 153.4
-9999.0 -9999.0 -9999.0 -9999.0 -9999.0 -9999.0 -9999.0 -9999.0 -9999.0 -9999.0 -9999.0 -9999.0 -9999.0 26.4 21.9 16.8 14.7 12.4 11.2 9.7 8.7 7.3 6.4 5.5 5.0 4.4 4.0 3.9 4.0 5.1 6.3 9.0 12.3 16.5 19.0 22.9 28.4 32.9 41.0 46.2 56.2 98.6 119.2 111.2 73.7 67.4 68.6 27.3 39.5 28.4 15.9 28.9 26.9 25.7 34.1 38.1 46.7 54.0 64.6 81.2 90.5 121.2 107.3 57.7 64.6 57.5 68.2 103.8 141.4 172.5 157.2 142.9 177.4 121.7 145.0 118.9 107.7
-9999.0 -9999.0 -9999.0 -9999.0 -9999.0 -9999.0 -9999.0 -9999.0 -9999.0 -9999.0 -9999.0 -9999.0 -9999.0 28.7 32.9 26.2 25.3 20.2 18.1 16.5 15.2 13.2 11.4 9.7 8.4 6.9 5.6 4.8 4.3 4.7 5.4 7.3 10.8 14.1 16.7 20.6 25.5 33.5 47.2 76.4 78.7 104.0 123.0 124.5 136.8 86.4 63.6 23.8 20.7 15.7 20.7 9.1 20.1 26.3 29.8 31.0 35.1 45.8 62.0 59.0 93.6 66.0 70.6 80.8 68.6 65.4 82.0 123.9 178.3 202.0 198.9 189.0 172.2 161.5 142.9 130.7 128.7
-9999.0 -9999.0 -9999.0 -9999.0 -9999.0 -9999.0 -9999.0 -9999.0 -9999.0 -9999.0 -9999.0 -9999.0 -9999.0 -9999.0 -9999.0 39.5 34.7 32.7 28.9 25.9 24.7 21.6 19.1 16.4 13.7 11.1 9.1 6.6 5.8 4.3 4.7 6.0 8.5 11.3 14.2 19.3 27.5 29.0 43.2 61.8 95.7 122.2 133.6 125.4 75.4 45.2 55.0 13.8 21.7 4.4 9.7 24.2 14.1 16.8 9.3 21.0 27.3 29.9 60.2 83.5 58.0 60.2 75.1 71.1 69.9 75.7 99.1 144.9 198.3 240.0 247.5 226.4 218.0 188.0 142.8 138.5 107.4
-9999.0 -9999.0 -9999.0 -9999.0 -9999.0 -9999.0 -9999.0 -9999.0 -9999.0 -9999.0 -9999.0 -9999.0 -9999.0 -9999.0 -9999.0 -9999.0 -9999.0 29.9 37.9 -9999.0 35.8 34.4 30.6 26.9 22.5 18.2 14.7 10.3 6.9 5.7 4.5 5.1 7.9 10.7 13.8 13.2 23.7 18.4 35.0 52.9 77.8 114.3 116.2 104.1 38.2 44.3 21.8 52.7 13.6 15.7 5.8 8.6 5.1 14.5 16.0 17.8 18.1 37.4 57.2 83.7 42.2 58.2 66.4 69.6 75.3 85.5 110.4 150.3 194.8 224.3 227.8 218.2 206.9 176.2 153.4 135.5 97.3
-9999.0 -9999.0 -9999.0 -9999.0 -9999.0 -9999.0 -9999.0 -9999.0 -9999.0 -9999.0 -9999.0 -9999.0 -9999.0 -9999.0 -9999.0 -9999.0 -9999.0 -9999.0 -9999.0 -9999.0 -9999.0 51.0 47.0 42.0 35.7 30.0 23.2 16.6 11.0 6.9 5.0 5.6 7.7 9.5 10.3 8.9 9.8 12.7 15.0 11.0 14.3 90.8 105.3 95.9 37.8 61.2 28.7 26.6 45.4 89.2 14.9 27.4 21.9 8.8 11.1 17.0 22.5 30.6 63.1 83.3 43.0 51.8 60.7 70.3 81.0 89.6 108.5 131.2 159.0 172.2 172.2 168.4 165.0 154.7 144.9 126.4 97.1
-9999.0 -9999.0 -9999.0 -9999.0 -9999.0 -9999.0 -9999.0 -9999.0 -9999.0 -9999.0 -9999.0 -9999.0 -9999.0 -9999.0 -9999.0 -9999.0 -9999.0 -9999.0 -9999.0 -9999.0 -9999.0 -9999.0 -9999.0 60.9 54.8 46.6 37.5 27.8 19.8 12.3 8.5 7.6 10.6 8.9 10.0 9.4 13.6 9.8 25.0 41.3 48.6 76.4 55.2 41.2 33.6 27.4 38.8 34.4 31.2 29.5 19.6 23.3 13.1 12.5 9.5 8.9 18.8 37.1 51.0 82.4 59.6 64.9 61.9 54.7 62.7 79.4 96.0 104.6 102.5 111.1 112.8 115.4 120.9 131.7 135.1 122.8 105.9
-9999.0 -9999.0 -9999.0 -9999.0 -9999.0 -9999.0 -9999.0 -9999.0 -9999.0 -9999.0 -9999.0 -9999.0 -9999.0 -9999.0 -9999.0 -9999.0 -9999.0 -9999.0 -9999.0 -9999.0 -9999.0 -9999.0 -9999.0 -9999.0 -9999.0 63.5 59.2 47.2 35.4 31.3 18.5 12.5 11.5 11.3 8.9 13.0 27.4 11.6 29.0 22.6 53.3 32.5 7.2 17.5 23.3 29.1 40.3 41.3 38.8 36.0 33.6 23.7 23.1 18.0 10.0 11.1 19.3 30.1 54.0 75.8 85.7 77.6 128.4 47.8 52.9 64.1 71.3 75.4 84.5 89.9 80.6 87.1 93.7 109.6 117.2 104.6 90.9
-9999.0 -9999.0 -9999.0 -9999.0 -9999.0 -9999.0 -9999.0 -9999.0 -9999.0 -9999.0 -9999.0 -9999.0 -9999.0 -9999.0 -9999.0 -9999.0 -9999.0 -9999.0 -9999.0 -9999.0 -9999.0 -9999.0 -9999.0 -9999.0 -9999.0 -9999.0 -9999.0 58.7 49.8 39.9 29.2 22.6 24.2 15.0 14.5 6.6 8.2 7.5 2.1 10.1 26.8 6.5 7.4 15.0 22.9 30.0 35.5 41.7 47.2 48.3 50.7 44.3 20.1 13.8 10.9 14.1 14.4 22.6 45.5 54.0 53.3 79.9 47.6 48.1 69.3 68.0 67.0 67.9 66.3 68.9 80.4 100.0 96.7 99.2 94.8 84.9 109.8
-9999.0 -9999.0 -9999.0 -9999.0 -9999.0 -9999.0 -9999.0 -9999.0 -9999.0 -9999.0 -9999.0 -9999.0 -9999.0 -9999.0 -9999.0 -9999.0 -9999.0 -9999.0 -9999.0 -9999.0 -9999.0 -9999.0 -9999.0 -9999.0 -9999.0 -9999.0 -9999.0 -9999.0 -9999.0 -9999.0 -9999.0 -9999.0 -9999.0 19.8 18.7 -9999.0 -9999.0 -9999.0 2.4 4.5 2.8 4.8 9.1 16.2 22.3 29.4 -9999.0 -9999.0 -9999.0 -9999.0 -9999.0 -9999.0 22.4 16.6 7.7 6.3 8.8 11.9 22.6 36.1 55.8 72.4 54.9 55.1 66.4 85.5 98.4 100.7 87.4 80.2 97.6 119.1 115.6 107.8 100.3 92.8 127.3
-9999.0 -9999.0 -9999.0 -9999.0 -9999.0 -9999.0 -9999.0 -9999.0 -9999.0 -9999.0 -9999.0 -9999.0 -9999.0 -9999.0 -9999.0 -9999.0 -9999.0 -9999.0 -9999.0 -9999.0 -9999.0 -9999.0 -9999.0 -9999.0 -9999.0 -9999.0 -9999.0 -9999.0 -9999.0 -9999.0 -9999.0 -9999.0 -9999.0 -9999.0 -9999.0 -9999.0 -9999.0 -9999.0 -9999.0 5.6 6.6 8.9 12.5 17.5 -9999.0 -9999.0 -9999.0 -9999.0 -9999.0 -9999.0 -9999.0 -9999.0 19.8 17.6 8.3 5.2 5.0 6.4 12.0 27.8 49.9 62.5 70.0 64.3 91.3 116.0 135.3 125.6 109.2 107.7 113.9 117.7 115.3 111.3 121.8 119.9 131.3
-9999.0 -9999.0 -9999.0 -9999.0 -9999.0 -9999.0 -9999.0 -9999.0 -9999.0 -9999.0 -9999.0 -9999.0 -9999.0 -9999.0 -9999.0 -9999.0 -9999.0 -9999.0 -9999.0 -9999.0 -9999.0 -9999.0 -9999.0 -9999.0 -9999.0 -9999.0 -9999.0 -9999.0 -9999.0 -9999.0 -9999.0 -9999.0 -9999.0 -9999.0 -9999.0 -9999.0 -9999.0 -9999.0 -9999.0 -9999.0 -9999.0 -9999.0 -9999.0 -9999.0 -9999.0 -9999.0 -9999.0 -9999.0 -9999.0 -9999.0 -9999.0 -9999.0 22.2 18.3 9.0 8.9 5.3 4.8 7.7 20.4 38.5 55.8 132.9 92.6 118.5 126.8 141.9 148.8 133.6 118.2 109.8 105.9 116.7 112.4 124.6 146.3 145.9
-9999.0 -9999.0 -9999.0 -9999.0 -9999.0 -9999.0 -9999.0 -9999.0 -9999.0 -9999.0 -9999.0 -9999.0 -9999.0 -9999.0 -9999.0 -9999.0 -9999.0 -9999.0 -9999.0 -9999.0 -9999.0 -9999.0 -9999.0 -9999.0 -9999.0 -9999.0 -9999.0 -9999.0 -9999.0 -9999.0 -9999.0 -9999.0 -9999.0 -9999.0 -9999.0 -9999.0 -9999.0 -9999.0 -9999.0 -9999.0 -9999.0 -9999.0 -9999.0 -9999.0 -9999.0 -9999.0 -9999.0 -9999.0 -9999.0 -9999.0 -9999.0 22.5 18.2 17.6 11.2 9.3 7.2 6.7 6.8 14.1 46.9 76.5 91.4 132.3 145.3 139.3 149.9 146.9 150.0 130.5 116.4 112.4 119.3 140.3 155.8 185.3 181.6
-9999.0 -9999.0 -9999.0 -9999.0 -9999.0 -9999.0 -9999.0 -9999.0 -9999.0 -9999.0 -9999.0 -9999.0 -9999.0 -9999.0 -9999.0 -9999.0 -9999.0 -9999.0 -9999.0 -9999.0 -9999.0 -9999.0 -9999.0 -9999.0 -9999.0 -9999.0 -9999.0 -9999.0 -9999.0 -9999.0 -9999.0 -9999.0 -9999.0 -9999.0 -9999.0 -9999.0 -9999.0 -9999.0 -9999.0 -9999.0 -9999.0 -9999.0 -9999.0 -9999.0 -9999.0 -9999.0 -9999.0 -9999.0 -9999.0 -9999.0 28.6 25.2 22.4 20.4 15.5 14.0 11.0 9.1 10.5 26.4 41.9 95.6 122.0 169.7 165.4 147.1 146.9 155.2 166.6 151.2 143.0 136.6 142.8 151.6 176.6 208.5 253.9
-9999.0 -9999.0 -9999.0 -9999.0 -9999.0 -9999.0 -9999.0 -9999.0 -9999.0 -9999.0 -9999.0 -9999.0 -9999.0 -9999.0 -9999.0 -9999.0 -9999.0 -9999.0 -9999.0 -9999.0 -9999.0 -9999.0 -9999.0 -9999.0 -9999.0 -9999.0 -9999.0 -9999.0 -9999.0 -9999.0 -9999.0 -9999.0 -9999.0 -9999.0 -9999.0 -9999.0 -9999.0 -9999.0 -9999.0 -9999.0 -9999.0 -9999.0 -9999.0 -9999.0 -9999.0 -9999.0 -9999.0 -9999.0 -9999.0 -9999.0 33.8 35.3 24.1 26.3 24.6 21.1 17.4 20.5 27.3 36.1 48.8 83.4 109.1 155.2 164.8 142.2 146.0 151.6 170.9 163.9 162.7 160.8 163.6 173.5 208.4 255.8 270.2
-9999.0 -9999.0 -9999.0 -9999.0 -9999.0 -9999.0 -9999.0 -9999.0 -9999.0 -9999.0 -9999.0 -9999.0 -9999.0 -9999.0 -9999.0 -9999.0 -9999.0 -9999.0 -9999.0 -9999.0 -9999.0 -9999.0 -9999.0 -9999.0 -9999.0 -9999.0 -9999.0 -9999.0 -9999.0 -9999.0 -9999.0 -9999.0 -9999.0 -9999.0 -9999.0 -9999.0 -9999.0 -9999.0 -9999.0 -9999.0 -9999.0 -9999.0 -9999.0 -9999.0 -9999.0 -9999.0 -9999.0 -9999.0 -9999.0 -9999.0 42.8 42.7 36.9 40.7 35.4 31.7 35.6 33.0 46.2 42.4 66.4 96.2 117.8 125.4 149.6 140.6 143.7 152.8 162.9 196.7 171.2 204.2 180.5 201.3 222.6 261.5 287.9
-9999.0 -9999.0 -9999.0 -9999.0 -9999.0 -9999.0 -9999.0 -9999.0 -9999.0 -9999.0 -9999.0 -9999.0 -9999.0 -9999.0 -9999.0 -9999.0 -9999.0 -9999.0 -9999.0 -9999.0 -9999.0 -9999.0 -9999.0 -9999.0 -9999.0 -9999.0 -9999.0 -9999.0 -9999.0 -9999.0 -9999.0 -9999.0 -9999.0 -9999.0 -9999.0 -9999.0 -9999.0 -9999.0 -9999.0 -9999.0 -9999.0 -9999.0 -9999.0 -9999.0 -9999.0 -9999.0 -9999.0 -9999.0 -9999.0 -9999.0 63.2 61.4 56.6 54.0 51.2 49.1 45.3 49.8 58.2 55.1 83.0 95.0 87.2 125.4 153.5 155.5 167.2 177.9 212.1 150.4 182.1 189.9 208.8 232.5 238.8 276.4 301.9
-9999.0 -9999.0 -9999.0 -9999.0 -9999.0 -9999.0 -9999.0 -9999.0 -9999.0 -9999.0 -9999.0 -9999.0 -9999.0 -9999.0 -9999.0 -9999.0 -9999.0 -9999.0 -9999.0 -9999.0 -9999.0 -9999.0 -9999.0 -9999.0 -9999.0 -9999.0 -9999.0 -9999.0 -9999.0 -9999.0 -9999.0 -9999.0 -9999.0 -9999.0 -9999.0 -9999.0 -9999.0 -9999.0 -9999.0 -9999.0 -9999.0 -9999.0 -9999.0 -9999.0 -9999.0 -9999.0 -9999.0 -9999.0 -9999.0 -9999.0 -9999.0 -9999.0 -9999.0 66.6 64.3 62.9 64.4 73.3 73.6 87.8 166.4 114.7 178.4 168.0 180.1 183.9 214.3 196.4 230.5 226.3 204.9 202.7 220.6 247.1 275.2 289.8 308.5
-9999.0 -9999.0 -9999.0 -9999.0 -9999.0 -9999.0 -9999.0 -9999.0 -9999.0 -9999.0 -9999.0 -9999.0 -9999.0 -9999.0 -9999.0 -9999.0 -9999.0 -9999.0 -9999.0 -9999.0 -9999.0 -9999.0 -9999.0 -9999.0 -9999.0 -9999.0 -9999.0 -9999.0 -9999.0 -9999.0 -9999.0 -9999.0 -9999.0 -9999.0 -9999.0 -9999.0 -9999.0 -9999.0 -9999.0 -9999.0 -9999.0 -9999.0 -9999.0 -9999.0 -9999.0 -9999.0 -9999.0 -9999.0 -9999.0 -9999.0 -9999.0 -9999.0 -9999.0 73.3 70.3 81.5 81.0 89.8 121.1 186.8 195.0 194.5 279.3 231.2 234.5 232.4 198.6 276.2 228.4 230.0 214.4 219.8 244.1 269.7 296.3 348.9 330.7
-9999.0 -9999.0 -9999.0 -9999.0 -9999.0 -9999.0 -9999.0 -9999.0 -9999.0 -9999.0 -9999.0 -9999.0 -9999.0 -9999.0 -9999.0 -9999.0 -9999.0 -9999.0 -9999.0 -9999.0 -9999.0 -9999.0 -9999.0 -9999.0 -9999.0 -9999.0 -9999.0 -9999.0 -9999.0 -9999.0 -9999.0 -9999.0 -9999.0 -9999.0 -9999.0 -9999.0 -9999.0 -9999.0 -9999.0 -9999.0 -9999.0 -9999.0 -9999.0 -9999.0 -9999.0 -9999.0 -9999.0 -9999.0 -9999.0 -9999.0 -9999.0 -9999.0 -9999.0 78.8 70.0 90.3 104.4 121.7 170.4 225.7 309.5 336.8 409.3 413.3 267.7 -9999.0 -9999.0 -9999.0 297.6 251.0 255.8 273.4 270.3 258.1 275.7 340.6 313.7
-9999.0 -9999.0 -9999.0 -9999.0 -9999.0 -9999.0 -9999.0 -9999.0 -9999.0 -9999.0 -9999.0 -9999.0 -9999.0 -9999.0 -9999.0 -9999.0 -9999.0 -9999.0 -9999.0 -9999.0 -9999.0 -9999.0 -9999.0 -9999.0 -9999.0 -9999.0 -9999.0 -9999.0 -9999.0 -9999.0 -9999.0 -9999.0 -9999.0 -9999.0 -9999.0 -9999.0 -9999.0 -9999.0 -9999.0 -9999.0 -9999.0 -9999.0 -9999.0 -9999.0 -9999.0 -9999.0 -9999.0 -9999.0 -9999.0 -9999.0 -9999.0 -9999.0 -9999.0 -9999.0 91.3 104.1 108.7 131.1 219.8 323.8 291.9 -9999.0 -9999.0 -9999.0 -9999.0 -9999.0 -9999.0 -9999.0 291.0 318.5 369.8 298.8 252.3 219.4 197.5 197.8 220.7
-9999.0 -9999.0 -9999.0 -9999.0 -9999.0 -9999.0 -9999.0 -9999.0 -9999.0 -9999.0 -9999.0 -9999.0 -9999.0 -9999.0 -9999.0 -9999.0 -9999.0 -9999.0 -9999.0 -9999.0 -9999.0 -9999.0 -9999.0 -9999.0 -9999.0 -9999.0 -9999.0 -9999.0 -9999.0 -9999.0 -9999.0 -9999.0 -9999.0 -9999.0 -9999.0 -9999.0 -9999.0 -9999.0 -9999.0 -9999.0 -9999.0 -9999.0 -9999.0 -9999.0 -9999.0 -9999.0 -9999.0 -9999.0 -9999.0 -9999.0 -9999.0 -9999.0 -9999.0 -9999.0 -9999.0 116.3 186.0 186.1 217.6 319.5 362.9 -9999.0 -9999.0 -9999.0 -9999.0 -9999.0 -9999.0 -9999.0 -9999.0 -9999.0 331.1 -9999.0 -9999.0 -9999.0 -9999.0 -9999.0 137.4
-9999.0 -9999.0 -9999.0 -9999.0 -9999.0 -9999.0 -9999.0 -9999.0 -9999.0 -9999.0 -9999.0 -9999.0 -9999.0 -9999.0 -9999.0 -9999.0 -9999.0 -9999.0 -9999.0 -9999.0 -9999.0 -9999.0 -9999.0 -9999.0 -9999.0 -9999.0 -9999.0 -9999.0 -9999.0 -9999.0 -9999.0 -9999.0 -9999.0 -9999.0 -9999.0 -9999.0 -9999.0 -9999.0 -9999.0 -9999.0 -9999.0 -9999.0 -9999.0 -9999.0 -9999.0 -9999.0 -9999.0 -9999.0 -9999.0 -9999.0 -9999.0 -9999.0 -9999.0 -9999.0 -9999.0 -9999.0 -9999.0 -9999.0 275.5 301.6 -9999.0 -9999.0 -9999.0 -9999.0 -9999.0 -9999.0 -9999.0 -9999.0 -9999.0 -9999.0 -9999.0 -9999.0 -9999.0 -9999.0 -9999.0 106.1 123.9
-9999.0 -9999.0 -9999.0 -9999.0 -9999.0 -9999.0 -9999.0 -9999.0 -9999.0 -9999.0 -9999.0 -9999.0 -9999.0 -9999.0 -9999.0 -9999.0 -9999.0 -9999.0 -9999.0 -9999.0 -9999.0 -9999.0 -9999.0 -9999.0 -9999.0 -9999.0 -9999.0 -9999.0 -9999.0 -9999.0 -9999.0 -9999.0 -9999.0 -9999.0 -9999.0 -9999.0 -9999.0 -9999.0 -9999.0 -9999.0 -9999.0 -9999.0 -9999.0 -9999.0 -9999.0 -9999.0 -9999.0 -9999.0 -9999.0 -9999.0 -9999.0 -9999.0 -9999.0 -9999.0 -9999.0 -9999.0 -9999.0 -9999.0 -9999.0 -9999.0 -9999.0 -9999.0 -9999.0 -9999.0 -9999.0 -9999.0 -9999.0 -9999.0 -9999.0 -9999.0 -9999.0 -9999.0 -9999.0 -9999.0 -9999.0 -9999.0 -9999.0
