program/excelProcessViaJava/data/SURF_CLI_CHN_PRE_MON_GRID_0.5-200510.txt
NCOLS      128
NROWS       72
XLLCORNER    72.000000000000    
YLLCORNER    18.000000000000    
CELLSIZE    0.50000000000000    
NODATA_VALUE   -9999.000    
[rows 34 to 67 of 72, columns 0 to 77 of 128]
-9999.0 -9999.0 -9999.0 -9999.0 1.6 2.9 0.4 2.7 0.1 0.3 3.2 0.9 2.4 2.5 2.0 1.9 1.9 0.9 0.5 0.4 0.7 0.8 1.1 1.4 0.4 0.1 0.6 0.7 1.2 1.6 2.1 2.0 3.1 3.4 3.2 3.6 2.7 2.2 2.6 2.6 2.3 2.1 1.9 1.5 1.0 0.6 0.4 0.3 0.2 0.3 0.6 1.5 5.9 4.1 3.6 5.6 9.2 16.5 27.4 23.8 40.8 22.1 17.9 18.0 12.4 11.3 12.6 12.1 11.6 12.9 14.4 17.5 18.8 20.3 22.3 25.2 20.8 25.7
-9999.0 -9999.0 -9999.0 -9999.0 -9999.0 -9999.0 -9999.0 1.3 0.4 1.1 0.1 0.1 1.3 1.0 1.1 2.2 2.6 2.1 1.7 1.8 1.0 0.3 0.3 0.3 0.4 0.5 0.5 0.7 1.0 1.1 1.7 2.4 3.1 3.1 2.7 3.4 2.5 2.7 2.2 2.3 3.0 3.2 4.0 4.3 3.5 1.9 2.5 1.8 3.0 1.6 1.9 3.8 6.6 10.0 8.8 6.5 9.7 16.0 28.0 33.4 43.3 27.7 23.6 26.8 30.1 22.3 22.8 22.3 22.7 25.2 27.6 30.5 35.6 39.4 41.6 48.3 37.6 40.7
-9999.0 -9999.0 -9999.0 -9999.0 -9999.0 -9999.0 -9999.0 0.0 1.3 0.3 0.1 0.5 0.3 0.1 0.4 0.0 0.5 0.6 0.1 0.4 0.4 0.2 0.3 0.3 0.4 0.5 0.8 0.7 1.8 2.7 2.4 3.0 3.6 2.9 3.9 3.6 3.7 3.0 2.9 3.1 3.4 4.0 5.2 7.7 7.9 6.7 9.8 12.2 20.5 17.7 22.6 17.5 11.4 10.6 11.8 11.0 15.7 23.7 31.1 38.1 48.0 56.4 49.0 54.0 47.0 42.8 40.1 38.4 40.5 39.1 43.1 47.6 52.9 57.3 49.8 73.8 72.0 54.8
-9999.0 -9999.0 -9999.0 -9999.0 -9999.0 -9999.0 -9999.0 -9999.0 -9999.0 0.2 0.3 0.5 0.1 0.2 0.4 0.6 0.3 0.0 0.1 0.0 0.1 0.2 0.3 0.3 0.4 0.8 0.9 1.4 2.8 2.1 5.1 5.0 5.3 4.6 5.8 5.4 5.0 4.1 4.1 3.9 4.4 5.1 6.5 8.2 11.8 16.0 21.5 26.7 31.5 32.2 30.9 23.0 16.8 14.6 16.0 18.6 25.0 33.0 36.8 44.3 53.5 61.3 70.7 68.7 69.5 61.3 56.0 52.0 54.7 52.4 57.1 56.4 57.7 63.9 77.3 59.6 68.8 68.0
-9999.0 -9999.0 -9999.0 -9999.0 -9999.0 -9999.0 -9999.0 -9999.0 -9999.0 -9999.0 -9999.0 0.1 0.9 0.1 0.2 0.1 0.2 0.2 0.2 0.1 0.0 0.1 0.1 0.3 0.1 0.4 0.6 1.1 2.3 4.1 5.4 4.4 6.9 6.8 7.2 4.8 6.0 5.5 4.0 5.2 5.5 6.6 8.2 10.2 15.6 19.2 31.1 37.4 46.0 46.9 38.7 30.9 23.9 21.8 22.5 26.6 35.9 41.8 48.5 55.4 60.1 68.6 76.8 81.8 78.9 66.1 55.1 56.5 58.5 62.5 67.1 70.1 65.4 65.8 75.5 86.9 91.8 95.7
-9999.0 -9999.0 -9999.0 -9999.0 -9999.0 -9999.0 -9999.0 -9999.0 -9999.0 -9999.0 -9999.0 -9999.0 0.6 0.6 0.1 0.3 0.0 0.1 0.1 0.0 0.2 0.1 0.1 0.3 0.0 0.5 1.6 1.3 2.9 2.4 5.8 7.6 8.3 6.7 6.6 7.2 5.1 6.9 7.6 8.0 8.3 9.2 10.8 13.3 16.7 22.9 33.3 40.4 51.3 56.4 56.8 45.6 33.9 29.5 30.6 34.2 40.7 45.4 64.2 65.0 72.7 70.8 72.8 79.8 79.3 80.0 60.0 59.8 62.9 71.7 80.3 98.0 103.9 110.4 117.8 164.7 137.4 122.7
-9999.0 -9999.0 -9999.0 -9999.0 -9999.0 -9999.0 -9999.0 -9999.0 -9999.0 -9999.0 -9999.0 -9999.0 0.0 0.8 1.1 0.1 0.5 0.2 0.0 0.0 0.0 0.0 0.1 0.2 0.8 0.9 1.6 4.2 4.6 8.0 7.4 6.3 9.0 9.6 8.5 9.3 7.3 7.9 9.6 10.9 12.4 13.6 15.1 16.6 19.8 25.7 29.7 38.5 43.5 58.1 57.2 51.1 40.0 36.7 37.8 40.0 48.7 55.9 72.8 82.2 86.3 84.0 81.2 82.3 78.2 78.9 42.2 45.8 58.1 80.2 106.5 134.2 154.9 158.4 168.7 159.1 135.7 141.5
-9999.0 -9999.0 -9999.0 -9999.0 -9999.0 -9999.0 -9999.0 -9999.0 -9999.0 -9999.0 -9999.0 -9999.0 -9999.0 0.2 0.0 0.6 0.1 0.2 0.2 0.1 0.1 0.2 0.0 0.4 0.5 0.2 0.5 0.5 2.9 5.6 10.4 12.8 9.2 9.2 12.5 11.4 11.3 11.4 9.6 14.0 16.9 19.1 21.6 23.8 24.0 23.7 29.6 40.3 51.3 57.6 57.5 48.4 42.6 40.8 38.1 40.1 47.4 54.7 60.0 80.3 91.1 96.1 94.6 94.8 59.5 63.7 63.0 55.1 77.0 108.9 156.1 178.3 183.5 190.7 191.2 167.6 140.4 109.1
-9999.0 -9999.0 -9999.0 -9999.0 -9999.0 -9999.0 -9999.0 -9999.0 -9999.0 -9999.0 -9999.0 -9999.0 0.1 0.0 0.0 0.2 0.0 0.0 0.0 0.1 0.1 0.2 0.1 0.3 0.8 0.3 1.0 3.2 5.3 6.9 10.8 16.6 10.3 13.7 11.8 12.8 10.8 16.0 18.8 21.0 21.6 24.8 28.8 32.6 32.7 32.3 31.9 35.3 45.7 52.3 56.4 53.3 44.2 40.8 39.0 39.1 40.5 55.2 64.0 82.1 96.0 101.7 106.5 103.2 94.7 71.2 31.5 51.3 95.1 132.2 168.2 206.9 217.9 187.0 156.9 135.5 118.3 102.5
-9999.0 -9999.0 -9999.0 -9999.0 -9999.0 -9999.0 -9999.0 -9999.0 -9999.0 -9999.0 -9999.0 -9999.0 0.0 0.4 0.2 0.0 0.0 0.1 0.1 0.0 0.1 0.0 0.1 0.2 0.9 2.3 3.3 5.1 7.1 12.0 16.1 17.4 13.1 19.0 16.6 13.6 16.2 18.5 23.3 29.2 32.7 38.6 43.4 45.3 44.8 43.6 46.3 48.9 52.6 49.7 48.8 48.2 42.7 41.2 39.6 39.9 38.4 44.6 57.9 72.2 86.3 95.4 103.7 89.0 74.9 33.7 51.8 52.4 87.4 141.4 194.3 228.6 229.3 209.3 181.2 134.0 113.0 104.1
-9999.0 -9999.0 -9999.0 -9999.0 -9999.0 -9999.0 -9999.0 -9999.0 -9999.0 -9999.0 -9999.0 -9999.0 0.6 0.0 0.3 0.1 0.1 0.0 0.0 0.0 0.0 0.0 0.1 0.0 0.3 0.2 0.9 0.5 6.8 10.2 14.7 11.1 20.9 22.5 18.4 14.4 15.9 20.9 28.6 32.1 39.7 50.3 51.2 64.1 59.1 56.3 56.4 56.6 56.5 53.5 48.3 42.4 41.2 37.5 35.9 41.3 38.1 43.1 53.9 67.4 82.7 93.1 94.6 72.1 33.1 23.5 34.8 57.8 94.6 138.0 185.8 223.9 228.0 204.2 192.8 142.8 141.8 92.7
-9999.0 -9999.0 -9999.0 -9999.0 -9999.0 -9999.0 -9999.0 -9999.0 -9999.0 -9999.0 -9999.0 -9999.0 -9999.0 0.0 0.0 0.0 0.0 0.0 0.0 0.0 0.0 0.0 0.0 0.0 0.4 0.5 1.4 3.4 2.8 10.3 6.9 12.5 14.4 19.5 15.3 9.9 13.0 23.7 31.2 38.8 45.2 48.7 55.3 63.8 71.5 68.5 63.6 65.2 57.4 51.2 41.8 38.3 34.5 36.5 34.4 36.1 39.9 43.5 54.9 67.3 80.4 79.7 86.9 38.5 19.1 20.8 33.3 58.6 95.7 140.0 178.4 205.1 208.4 174.1 147.9 108.2 88.3 82.2
-9999.0 -9999.0 -9999.0 -9999.0 -9999.0 -9999.0 -9999.0 -9999.0 -9999.0 -9999.0 -9999.0 -9999.0 -9999.0 1.0 0.0 0.0 0.0 0.0 0.0 0.0 0.0 0.0 0.0 0.0 1.4 0.7 0.8 3.5 3.1 0.2 1.5 4.3 11.2 12.2 9.0 10.0 16.4 25.3 31.7 34.4 45.1 52.9 61.3 67.2 65.3 69.1 65.6 63.3 52.7 42.4 35.4 26.8 28.0 30.2 32.8 36.8 42.6 49.5 61.0 71.1 82.5 73.3 49.9 28.7 16.8 19.3 35.1 64.8 106.3 142.8 168.9 185.2 184.5 165.0 139.4 121.9 117.7 77.3
-9999.0 -9999.0 -9999.0 -9999.0 -9999.0 -9999.0 -9999.0 -9999.0 -9999.0 -9999.0 -9999.0 -9999.0 -9999.0 -9999.0 -9999.0 0.0 0.1 0.0 0.0 0.1 0.0 0.1 0.3 0.3 0.3 0.5 0.0 0.3 0.0 0.9 0.6 2.1 1.5 3.6 6.7 7.4 12.0 25.0 31.5 36.8 43.5 50.8 57.8 63.9 71.4 77.6 63.4 63.7 44.8 31.9 23.9 27.8 22.0 25.5 33.5 37.0 45.4 54.3 66.8 76.3 91.7 69.1 51.7 26.7 14.6 20.3 41.9 78.5 119.7 142.9 156.4 160.0 156.5 150.2 136.8 138.2 124.0 120.5
-9999.0 -9999.0 -9999.0 -9999.0 -9999.0 -9999.0 -9999.0 -9999.0 -9999.0 -9999.0 -9999.0 -9999.0 -9999.0 -9999.0 -9999.0 -9999.0 -9999.0 31.2 9.1 -9999.0 7.7 0.4 5.5 7.0 1.1 1.9 0.0 0.2 0.8 0.1 0.3 1.4 0.4 3.5 5.8 7.3 12.8 17.2 26.2 32.2 39.5 49.4 52.9 56.7 76.4 72.9 129.0 50.8 41.5 28.9 25.2 17.5 27.2 24.1 29.6 36.0 44.2 55.8 70.8 82.4 71.9 60.2 42.3 23.8 17.0 25.4 51.4 85.2 114.3 127.8 136.0 136.6 142.8 138.6 141.1 146.2 130.9 105.1
-9999.0 -9999.0 -9999.0 -9999.0 -9999.0 -9999.0 -9999.0 -9999.0 -9999.0 -9999.0 -9999.0 -9999.0 -9999.0 -9999.0 -9999.0 -9999.0 -9999.0 -9999.0 -9999.0 -9999.0 -9999.0 13.5 8.0 1.0 6.6 25.4 17.0 8.5 1.8 2.1 0.4 4.4 2.5 2.3 3.6 6.0 10.7 15.5 16.8 17.2 22.9 47.7 52.5 52.7 65.6 57.6 136.6 60.8 42.6 54.3 23.6 29.3 27.7 25.0 28.8 35.7 42.5 54.2 61.1 87.1 63.4 57.8 38.3 27.9 25.0 35.0 62.2 88.4 105.4 108.1 111.0 124.6 129.2 125.1 125.9 129.2 119.1 85.8
-9999.0 -9999.0 -9999.0 -9999.0 -9999.0 -9999.0 -9999.0 -9999.0 -9999.0 -9999.0 -9999.0 -9999.0 -9999.0 -9999.0 -9999.0 -9999.0 -9999.0 -9999.0 -9999.0 -9999.0 -9999.0 -9999.0 -9999.0 124.2 45.8 49.1 39.9 19.5 1.9 3.1 0.6 0.5 0.7 3.0 6.4 11.0 19.6 20.4 33.5 42.0 43.4 52.9 43.6 42.1 60.3 120.6 87.5 75.2 81.7 74.5 37.7 32.4 32.0 32.7 27.9 17.3 37.6 48.7 71.7 78.3 87.9 78.1 55.1 34.2 30.9 43.1 69.5 89.0 90.5 102.0 116.5 119.7 118.6 123.2 112.0 113.3 122.1 105.0
-9999.0 -9999.0 -9999.0 -9999.0 -9999.0 -9999.0 -9999.0 -9999.0 -9999.0 -9999.0 -9999.0 -9999.0 -9999.0 -9999.0 -9999.0 -9999.0 -9999.0 -9999.0 -9999.0 -9999.0 -9999.0 -9999.0 -9999.0 -9999.0 -9999.0 282.7 146.5 6.1 5.2 1.2 2.5 8.1 11.5 12.3 17.6 25.7 40.8 36.5 53.0 46.9 63.1 47.1 44.5 49.6 90.8 112.7 114.1 132.0 55.8 70.3 45.3 43.4 43.3 41.7 23.2 21.4 34.0 41.1 53.8 67.7 84.0 83.2 57.1 43.3 39.7 50.4 64.5 62.6 81.5 107.3 121.6 115.6 99.3 111.8 109.9 98.8 97.9 99.7
-9999.0 -9999.0 -9999.0 -9999.0 -9999.0 -9999.0 -9999.0 -9999.0 -9999.0 -9999.0 -9999.0 -9999.0 -9999.0 -9999.0 -9999.0 -9999.0 -9999.0 -9999.0 -9999.0 -9999.0 -9999.0 -9999.0 -9999.0 -9999.0 -9999.0 -9999.0 -9999.0 351.5 311.8 119.7 78.6 63.2 24.4 61.0 48.0 67.4 52.3 53.3 43.6 56.1 68.8 45.0 56.2 80.2 92.5 104.5 111.7 118.6 124.3 103.4 117.0 102.4 52.1 40.4 31.5 32.9 31.1 41.7 48.8 64.6 92.8 78.5 66.6 48.2 31.9 39.0 58.8 72.6 89.7 110.3 113.6 113.0 84.9 89.4 75.4 71.0 88.9 79.9
-9999.0 -9999.0 -9999.0 -9999.0 -9999.0 -9999.0 -9999.0 -9999.0 -9999.0 -9999.0 -9999.0 -9999.0 -9999.0 -9999.0 -9999.0 -9999.0 -9999.0 -9999.0 -9999.0 -9999.0 -9999.0 -9999.0 -9999.0 -9999.0 -9999.0 -9999.0 -9999.0 -9999.0 -9999.0 -9999.0 -9999.0 -9999.0 -9999.0 154.9 103.9 -9999.0 -9999.0 -9999.0 74.2 71.6 63.8 66.4 66.6 83.5 88.4 95.0 -9999.0 -9999.0 -9999.0 -9999.0 -9999.0 -9999.0 69.5 54.3 39.8 39.6 44.1 61.4 60.1 82.2 90.0 73.5 68.2 51.0 44.6 47.9 58.9 71.8 84.4 91.8 86.5 87.6 79.2 60.0 61.3 46.7 59.5 37.6
-9999.0 -9999.0 -9999.0 -9999.0 -9999.0 -9999.0 -9999.0 -9999.0 -9999.0 -9999.0 -9999.0 -9999.0 -9999.0 -9999.0 -9999.0 -9999.0 -9999.0 -9999.0 -9999.0 -9999.0 -9999.0 -9999.0 -9999.0 -9999.0 -9999.0 -9999.0 -9999.0 -9999.0 -9999.0 -9999.0 -9999.0 -9999.0 -9999.0 -9999.0 -9999.0 -9999.0 -9999.0 -9999.0 -9999.0 96.7 89.3 84.7 82.7 83.2 -9999.0 -9999.0 -9999.0 -9999.0 -9999.0 -9999.0 -9999.0 -9999.0 80.2 68.5 55.4 59.6 71.2 82.4 92.6 102.1 102.7 74.3 55.5 55.1 51.3 60.9 71.6 78.5 73.7 71.0 67.6 57.8 45.4 46.5 33.1 29.8 27.0 17.8
-9999.0 -9999.0 -9999.0 -9999.0 -9999.0 -9999.0 -9999.0 -9999.0 -9999.0 -9999.0 -9999.0 -9999.0 -9999.0 -9999.0 -9999.0 -9999.0 -9999.0 -9999.0 -9999.0 -9999.0 -9999.0 -9999.0 -9999.0 -9999.0 -9999.0 -9999.0 -9999.0 -9999.0 -9999.0 -9999.0 -9999.0 -9999.0 -9999.0 -9999.0 -9999.0 -9999.0 -9999.0 -9999.0 -9999.0 -9999.0 -9999.0 -9999.0 -9999.0 -9999.0 -9999.0 -9999.0 -9999.0 -9999.0 -9999.0 -9999.0 -9999.0 -9999.0 93.6 87.5 76.9 73.8 86.3 94.2 99.2 97.0 90.7 71.2 54.9 62.4 76.1 99.8 99.5 82.3 64.2 51.9 43.3 36.1 41.4 32.0 28.0 17.1 16.5 11.3
-9999.0 -9999.0 -9999.0 -9999.0 -9999.0 -9999.0 -9999.0 -9999.0 -9999.0 -9999.0 -9999.0 -9999.0 -9999.0 -9999.0 -9999.0 -9999.0 -9999.0 -9999.0 -9999.0 -9999.0 -9999.0 -9999.0 -9999.0 -9999.0 -9999.0 -9999.0 -9999.0 -9999.0 -9999.0 -9999.0 -9999.0 -9999.0 -9999.0 -9999.0 -9999.0 -9999.0 -9999.0 -9999.0 -9999.0 -9999.0 -9999.0 -9999.0 -9999.0 -9999.0 -9999.0 -9999.0 -9999.0 -9999.0 -9999.0 -9999.0 -9999.0 96.7 111.5 111.0 100.7 100.4 101.4 98.9 97.8 79.5 69.0 62.2 64.0 78.5 105.9 125.6 105.3 72.4 57.9 41.2 32.2 27.9 25.7 23.2 19.5 14.2 15.2 12.3
-9999.0 -9999.0 -9999.0 -9999.0 -9999.0 -9999.0 -9999.0 -9999.0 -9999.0 -9999.0 -9999.0 -9999.0 -9999.0 -9999.0 -9999.0 -9999.0 -9999.0 -9999.0 -9999.0 -9999.0 -9999.0 -9999.0 -9999.0 -9999.0 -9999.0 -9999.0 -9999.0 -9999.0 -9999.0 -9999.0 -9999.0 -9999.0 -9999.0 -9999.0 -9999.0 -9999.0 -9999.0 -9999.0 -9999.0 -9999.0 -9999.0 -9999.0 -9999.0 -9999.0 -9999.0 -9999.0 -9999.0 -9999.0 -9999.0 -9999.0 67.0 124.6 138.0 138.0 124.1 121.0 112.6 101.4 88.9 71.1 62.5 66.2 72.0 90.7 112.4 114.2 105.2 71.8 55.2 40.5 34.1 32.4 29.6 26.6 23.2 20.1 17.4 16.2
-9999.0 -9999.0 -9999.0 -9999.0 -9999.0 -9999.0 -9999.0 -9999.0 -9999.0 -9999.0 -9999.0 -9999.0 -9999.0 -9999.0 -9999.0 -9999.0 -9999.0 -9999.0 -9999.0 -9999.0 -9999.0 -9999.0 -9999.0 -9999.0 -9999.0 -9999.0 -9999.0 -9999.0 -9999.0 -9999.0 -9999.0 -9999.0 -9999.0 -9999.0 -9999.0 -9999.0 -9999.0 -9999.0 -9999.0 -9999.0 -9999.0 -9999.0 -9999.0 -9999.0 -9999.0 -9999.0 -9999.0 -9999.0 -9999.0 -9999.0 67.2 162.7 122.6 160.4 155.5 139.2 106.3 107.1 83.3 67.7 65.4 68.4 75.2 91.6 101.7 79.1 76.6 58.6 49.4 42.8 41.1 38.9 34.4 28.5 24.1 22.4 19.6 18.1
-9999.0 -9999.0 -9999.0 -9999.0 -9999.0 -9999.0 -9999.0 -9999.0 -9999.0 -9999.0 -9999.0 -9999.0 -9999.0 -9999.0 -9999.0 -9999.0 -9999.0 -9999.0 -9999.0 -9999.0 -9999.0 -9999.0 -9999.0 -9999.0 -9999.0 -9999.0 -9999.0 -9999.0 -9999.0 -9999.0 -9999.0 -9999.0 -9999.0 -9999.0 -9999.0 -9999.0 -9999.0 -9999.0 -9999.0 -9999.0 -9999.0 -9999.0 -9999.0 -9999.0 -9999.0 -9999.0 -9999.0 -9999.0 -9999.0 -9999.0 63.9 112.5 109.7 201.0 160.7 148.3 148.8 121.5 102.7 98.2 86.5 81.3 81.4 81.0 92.2 77.0 58.8 49.6 44.4 46.9 43.2 42.9 31.2 24.9 16.9 16.9 14.9 11.5
-9999.0 -9999.0 -9999.0 -9999.0 -9999.0 -9999.0 -9999.0 -9999.0 -9999.0 -9999.0 -9999.0 -9999.0 -9999.0 -9999.0 -9999.0 -9999.0 -9999.0 -9999.0 -9999.0 -9999.0 -9999.0 -9999.0 -9999.0 -9999.0 -9999.0 -9999.0 -9999.0 -9999.0 -9999.0 -9999.0 -9999.0 -9999.0 -9999.0 -9999.0 -9999.0 -9999.0 -9999.0 -9999.0 -9999.0 -9999.0 -9999.0 -9999.0 -9999.0 -9999.0 -9999.0 -9999.0 -9999.0 -9999.0 -9999.0 -9999.0 128.4 184.3 171.4 197.9 191.0 189.0 138.0 145.5 140.3 130.5 124.3 97.8 64.9 75.2 86.3 78.1 71.5 56.9 58.4 29.6 37.1 32.1 25.1 17.4 8.3 9.5 9.5 5.4
-9999.0 -9999.0 -9999.0 -9999.0 -9999.0 -9999.0 -9999.0 -9999.0 -9999.0 -9999.0 -9999.0 -9999.0 -9999.0 -9999.0 -9999.0 -9999.0 -9999.0 -9999.0 -9999.0 -9999.0 -9999.0 -9999.0 -9999.0 -9999.0 -9999.0 -9999.0 -9999.0 -9999.0 -9999.0 -9999.0 -9999.0 -9999.0 -9999.0 -9999.0 -9999.0 -9999.0 -9999.0 -9999.0 -9999.0 -9999.0 -9999.0 -9999.0 -9999.0 -9999.0 -9999.0 -9999.0 -9999.0 -9999.0 -9999.0 -9999.0 -9999.0 -9999.0 -9999.0 180.9 175.6 167.5 162.1 163.1 138.2 149.8 182.8 97.3 109.3 77.3 76.8 69.8 74.4 45.3 49.8 38.6 25.8 19.3 14.8 9.7 6.4 5.5 5.8 3.3
-9999.0 -9999.0 -9999.0 -9999.0 -9999.0 -9999.0 -9999.0 -9999.0 -9999.0 -9999.0 -9999.0 -9999.0 -9999.0 -9999.0 -9999.0 -9999.0 -9999.0 -9999.0 -9999.0 -9999.0 -9999.0 -9999.0 -9999.0 -9999.0 -9999.0 -9999.0 -9999.0 -9999.0 -9999.0 -9999.0 -9999.0 -9999.0 -9999.0 -9999.0 -9999.0 -9999.0 -9999.0 -9999.0 -9999.0 -9999.0 -9999.0 -9999.0 -9999.0 -9999.0 -9999.0 -9999.0 -9999.0 -9999.0 -9999.0 -9999.0 -9999.0 -9999.0 -9999.0 194.5 173.5 216.7 150.4 127.7 150.6 209.2 164.6 110.0 128.1 84.0 74.0 61.3 30.3 51.8 18.6 13.8 9.3 9.3 9.6 7.2 5.8 9.8 7.9 9.1
-9999.0 -9999.0 -9999.0 -9999.0 -9999.0 -9999.0 -9999.0 -9999.0 -9999.0 -9999.0 -9999.0 -9999.0 -9999.0 -9999.0 -9999.0 -9999.0 -9999.0 -9999.0 -9999.0 -9999.0 -9999.0 -9999.0 -9999.0 -9999.0 -9999.0 -9999.0 -9999.0 -9999.0 -9999.0 -9999.0 -9999.0 -9999.0 -9999.0 -9999.0 -9999.0 -9999.0 -9999.0 -9999.0 -9999.0 -9999.0 -9999.0 -9999.0 -9999.0 -9999.0 -9999.0 -9999.0 -9999.0 -9999.0 -9999.0 -9999.0 -9999.0 -9999.0 -9999.0 206.9 150.6 182.2 146.7 119.2 137.9 152.1 184.0 151.4 153.7 130.3 67.9 -9999.0 -9999.0 -9999.0 13.8 2.8 4.9 9.7 7.9 4.0 5.7 16.9 17.9 21.9
-9999.0 -9999.0 -9999.0 -9999.0 -9999.0 -9999.0 -9999.0 -9999.0 -9999.0 -9999.0 -9999.0 -9999.0 -9999.0 -9999.0 -9999.0 -9999.0 -9999.0 -9999.0 -9999.0 -9999.0 -9999.0 -9999.0 -9999.0 -9999.0 -9999.0 -9999.0 -9999.0 -9999.0 -9999.0 -9999.0 -9999.0 -9999.0 -9999.0 -9999.0 -9999.0 -9999.0 -9999.0 -9999.0 -9999.0 -9999.0 -9999.0 -9999.0 -9999.0 -9999.0 -9999.0 -9999.0 -9999.0 -9999.0 -9999.0 -9999.0 -9999.0 -9999.0 -9999.0 -9999.0 189.4 160.8 104.5 86.6 132.0 177.8 117.2 -9999.0 -9999.0 -9999.0 -9999.0 -9999.0 -9999.0 -9999.0 3.1 4.8 17.6 13.4 8.2 4.1 5.1 11.9 25.0 31.2
-9999.0 -9999.0 -9999.0 -9999.0 -9999.0 -9999.0 -9999.0 -9999.0 -9999.0 -9999.0 -9999.0 -9999.0 -9999.0 -9999.0 -9999.0 -9999.0 -9999.0 -9999.0 -9999.0 -9999.0 -9999.0 -9999.0 -9999.0 -9999.0 -9999.0 -9999.0 -9999.0 -9999.0 -9999.0 -9999.0 -9999.0 -9999.0 -9999.0 -9999.0 -9999.0 -9999.0 -9999.0 -9999.0 -9999.0 -9999.0 -9999.0 -9999.0 -9999.0 -9999.0 -9999.0 -9999.0 -9999.0 -9999.0 -9999.0 -9999.0 -9999.0 -9999.0 -9999.0 -9999.0 -9999.0 138.3 170.0 108.1 96.5 130.3 123.0 -9999.0 -9999.0 -9999.0 -9999.0 -9999.0 -9999.0 -9999.0 -9999.0 -9999.0 14.3 -9999.0 -9999.0 -9999.0 -9999.0 -9999.0 20.0 -9999.0
-9999.0 -9999.0 -9999.0 -9999.0 -9999.0 -9999.0 -9999.0 -9999.0 -9999.0 -9999.0 -9999.0 -9999.0 -9999.0 -9999.0 -9999.0 -9999.0 -9999.0 -9999.0 -9999.0 -9999.0 -9999.0 -9999.0 -9999.0 -9999.0 -9999.0 -9999.0 -9999.0 -9999.0 -9999.0 -9999.0 -9999.0 -9999.0 -9999.0 -9999.0 -9999.0 -9999.0 -9999.0 -9999.0 -9999.0 -9999.0 -9999.0 -9999.0 -9999.0 -9999.0 -9999.0 -9999.0 -9999.0 -9999.0 -9999.0 -9999.0 -9999.0 -9999.0 -9999.0 -9999.0 -9999.0 -9999.0 -9999.0 -9999.0 110.3 94.4 -9999.0 -9999.0 -9999.0 -9999.0 -9999.0 -9999.0 -9999.0 -9999.0 -9999.0 -9999.0 -9999.0 -9999.0 -9999.0 -9999.0 -9999.0 10.0 12.3 -9999.0
-9999.0 -9999.0 -9999.0 -9999.0 -9999.0 -9999.0 -9999.0 -9999.0 -9999.0 -9999.0 -9999.0 -9999.0 -9999.0 -9999.0 -9999.0 -9999.0 -9999.0 -9999.0 -9999.0 -9999.0 -9999.0 -9999.0 -9999.0 -9999.0 -9999.0 -9999.0 -9999.0 -9999.0 -9999.0 -9999.0 -9999.0 -9999.0 -9999.0 -9999.0 -9999.0 -9999.0 -9999.0 -9999.0 -9999.0 -9999.0 -9999.0 -9999.0 -9999.0 -9999.0 -9999.0 -9999.0 -9999.0 -9999.0 -9999.0 -9999.0 -9999.0 -9999.0 -9999.0 -9999.0 -9999.0 -9999.0 -9999.0 -9999.0 -9999.0 -9999.0 -9999.0 -9999.0 -9999.0 -9999.0 -9999.0 -9999.0 -9999.0 -9999.0 -9999.0 -9999.0 -9999.0 -9999.0 -9999.0 -9999.0 -9999.0 -9999.0 -9999.0 -9999.0
