program/excelProcessViaJava/data/SURF_CLI_CHN_PRE_MON_GRID_0.5-199104.txt
NCOLS      128
NROWS       72
XLLCORNER    72.000000000000    
YLLCORNER    18.000000000000    
CELLSIZE    0.50000000000000    
NODATA_VALUE   -9999.000    
[rows 34 to 67 of 72, columns 0 to 77 of 128]
-9999.0 -9999.0 -9999.0 -9999.0 2.2 2.3 4.2 3.3 5.8 6.0 3.4 6.0 5.3 5.9 2.4 4.6 9.5 16.3 27.3 37.4 40.1 35.3 27.1 16.5 9.5 9.0 10.1 11.0 12.3 13.7 14.9 16.2 15.8 15.3 14.5 11.9 11.3 10.7 5.2 2.1 2.0 0.4 0.2 0.2 0.2 0.3 0.3 0.3 0.3 0.4 0.5 1.2 10.5 9.3 10.7 14.0 15.6 16.8 20.5 20.0 30.0 29.0 25.6 20.9 16.9 21.6 23.9 27.5 25.4 23.1 23.9 24.6 25.5 27.8 30.9 35.3 38.3 48.3
-9999.0 -9999.0 -9999.0 -9999.0 -9999.0 -9999.0 -9999.0 1.9 2.8 2.3 4.0 4.1 3.1 3.9 4.6 4.2 9.2 17.2 28.0 27.8 16.2 10.0 8.7 8.7 8.7 8.8 8.7 9.5 10.6 11.9 13.1 14.0 14.2 14.2 14.0 11.2 11.3 8.1 8.5 7.0 1.3 5.4 3.2 0.8 0.2 0.2 0.2 0.2 0.4 0.2 0.2 0.5 4.2 23.8 20.3 15.7 16.6 15.6 19.6 19.9 29.7 27.9 26.2 24.6 25.5 24.7 24.4 21.7 20.8 21.4 24.8 27.1 31.1 34.5 37.3 42.8 43.7 49.3
-9999.0 -9999.0 -9999.0 -9999.0 -9999.0 -9999.0 -9999.0 2.5 0.7 1.6 2.0 1.5 2.0 2.7 2.8 3.4 4.7 6.2 5.1 8.8 9.6 6.8 7.6 7.0 7.1 7.0 7.5 7.3 9.0 10.2 10.8 11.7 12.0 12.6 10.9 9.8 7.6 7.2 5.5 3.5 2.9 2.2 2.4 6.6 1.1 0.3 0.7 1.1 6.0 4.9 20.1 19.5 9.0 16.6 24.6 17.9 18.2 17.5 18.2 21.6 29.4 37.7 36.9 38.3 32.9 28.3 23.6 20.2 17.3 22.3 26.4 32.2 38.4 41.0 39.1 45.6 46.8 44.5
-9999.0 -9999.0 -9999.0 -9999.0 -9999.0 -9999.0 -9999.0 -9999.0 -9999.0 0.7 0.6 0.6 1.1 1.2 1.5 2.2 2.6 2.3 3.5 2.7 4.1 5.8 5.9 5.5 5.4 5.7 5.4 5.9 7.3 7.3 9.2 9.4 9.6 9.7 8.3 7.1 5.6 4.8 3.2 2.8 1.6 1.9 1.5 1.3 2.7 3.1 3.9 4.7 7.2 10.3 18.3 18.5 18.2 18.1 25.3 17.5 15.7 14.8 16.3 18.8 24.7 30.4 34.7 40.1 35.4 28.1 22.4 20.8 18.1 21.7 25.9 31.2 37.3 40.4 41.4 36.4 34.8 34.4
-9999.0 -9999.0 -9999.0 -9999.0 -9999.0 -9999.0 -9999.0 -9999.0 -9999.0 -9999.0 -9999.0 0.5 0.3 0.7 0.8 1.0 1.5 2.1 2.8 2.7 2.0 3.1 2.7 3.4 1.9 2.7 2.7 3.4 4.4 5.7 6.6 7.1 7.6 7.5 6.6 7.1 4.6 3.6 6.4 2.1 2.7 1.5 1.2 1.4 6.1 3.9 11.4 8.6 13.6 15.8 15.0 19.4 22.5 25.8 27.7 20.2 15.4 15.6 15.7 17.3 21.2 26.1 30.6 32.3 29.7 25.2 24.3 23.0 21.4 22.6 25.1 28.5 32.5 36.3 39.7 36.4 32.4 30.0
-9999.0 -9999.0 -9999.0 -9999.0 -9999.0 -9999.0 -9999.0 -9999.0 -9999.0 -9999.0 -9999.0 -9999.0 0.2 0.3 0.4 0.6 0.5 0.9 1.2 0.6 2.3 1.7 1.5 1.9 0.4 1.4 2.2 1.8 2.7 3.1 4.5 5.4 5.8 6.1 5.9 4.9 6.4 3.2 1.8 1.0 0.7 0.9 1.3 3.7 5.6 9.3 14.4 10.2 14.1 18.3 29.0 30.4 26.8 23.8 23.8 22.4 20.4 21.7 18.1 21.4 21.5 25.1 28.1 29.7 27.4 29.7 25.4 26.7 26.9 27.5 27.6 36.4 43.2 47.7 45.4 42.8 34.2 33.7
-9999.0 -9999.0 -9999.0 -9999.0 -9999.0 -9999.0 -9999.0 -9999.0 -9999.0 -9999.0 -9999.0 -9999.0 0.3 0.2 0.3 0.3 1.0 0.9 0.4 0.6 0.6 0.4 0.4 0.7 1.3 0.8 0.9 1.8 1.7 2.8 3.0 3.6 4.4 4.6 4.6 3.8 4.6 4.1 2.5 1.5 0.8 0.9 4.2 3.8 10.7 19.6 17.0 16.3 12.9 21.6 24.7 30.1 27.0 28.7 24.0 24.7 23.1 25.8 27.0 26.6 26.1 28.7 33.7 38.9 31.4 35.0 32.0 32.8 32.0 31.9 33.4 38.4 41.0 39.5 45.0 45.9 44.6 42.8
-9999.0 -9999.0 -9999.0 -9999.0 -9999.0 -9999.0 -9999.0 -9999.0 -9999.0 -9999.0 -9999.0 -9999.0 -9999.0 0.2 0.2 0.5 0.3 0.8 1.0 1.0 0.5 0.8 0.2 0.6 0.4 0.1 0.2 0.2 0.5 1.1 2.1 2.9 3.2 3.7 3.3 2.9 2.6 2.9 9.0 4.0 3.0 4.7 5.8 14.4 15.6 19.6 28.9 33.3 32.9 30.9 31.9 29.6 30.2 40.0 32.9 29.1 28.4 32.5 38.3 39.8 39.4 40.2 46.3 46.0 33.0 41.7 47.9 43.3 41.2 36.5 40.2 42.4 38.9 45.9 50.0 52.3 51.9 54.7
-9999.0 -9999.0 -9999.0 -9999.0 -9999.0 -9999.0 -9999.0 -9999.0 -9999.0 -9999.0 -9999.0 -9999.0 0.2 0.2 0.2 0.3 0.2 0.3 0.3 1.2 1.0 0.7 0.2 0.3 0.3 0.1 0.1 0.2 0.3 0.6 1.2 2.3 2.3 2.8 2.8 2.3 3.2 1.8 1.9 2.6 9.9 19.1 28.7 13.8 25.0 34.6 36.3 30.7 31.9 33.0 42.0 47.5 37.9 39.0 34.1 31.6 33.6 38.2 43.2 46.6 50.3 57.2 63.0 71.4 66.8 57.1 23.7 28.5 47.6 54.4 47.9 44.0 52.8 57.1 56.9 59.4 60.3 58.7
-9999.0 -9999.0 -9999.0 -9999.0 -9999.0 -9999.0 -9999.0 -9999.0 -9999.0 -9999.0 -9999.0 -9999.0 0.3 0.3 0.3 0.2 0.2 0.7 0.8 0.3 1.0 0.2 0.2 0.1 0.2 0.2 0.2 0.2 0.3 0.7 1.2 1.6 1.7 2.4 2.2 1.9 1.5 1.8 2.1 1.8 3.9 5.8 10.4 19.4 30.8 44.1 60.0 55.0 47.8 30.5 36.6 46.9 42.9 42.1 38.4 35.9 34.3 39.7 47.1 55.7 64.6 74.7 75.8 73.5 69.8 36.6 51.2 24.7 25.8 35.3 44.2 51.1 56.8 60.7 63.8 56.7 52.7 47.0
-9999.0 -9999.0 -9999.0 -9999.0 -9999.0 -9999.0 -9999.0 -9999.0 -9999.0 -9999.0 -9999.0 -9999.0 0.5 0.5 0.9 0.9 1.0 0.3 0.5 0.4 0.1 0.1 0.2 0.0 0.1 0.0 0.0 0.0 0.2 0.3 0.6 0.6 1.7 2.2 1.9 1.5 1.4 1.7 2.1 5.4 7.2 7.9 32.1 15.2 38.2 65.8 74.6 57.2 39.3 40.5 44.6 44.3 59.2 56.0 41.9 39.9 36.8 42.4 51.3 58.7 68.2 79.2 99.8 78.8 45.4 28.5 29.4 33.0 38.5 40.8 48.6 62.5 68.0 76.7 107.5 75.6 89.1 46.4
-9999.0 -9999.0 -9999.0 -9999.0 -9999.0 -9999.0 -9999.0 -9999.0 -9999.0 -9999.0 -9999.0 -9999.0 -9999.0 1.5 1.1 1.7 1.4 1.8 0.7 0.4 0.1 0.2 0.1 0.0 0.1 0.1 0.1 0.1 0.1 0.3 0.2 0.4 0.8 1.6 1.6 2.0 2.5 2.3 4.3 6.8 13.0 44.2 67.0 64.1 44.2 52.7 68.5 40.6 57.5 49.7 40.2 49.2 42.9 39.2 41.5 40.1 38.2 43.4 53.1 69.6 78.9 108.0 102.9 58.8 28.5 25.6 28.4 39.2 48.5 59.7 64.2 70.1 84.0 76.1 87.7 76.3 66.4 65.4
-9999.0 -9999.0 -9999.0 -9999.0 -9999.0 -9999.0 -9999.0 -9999.0 -9999.0 -9999.0 -9999.0 -9999.0 -9999.0 4.7 2.6 3.4 2.1 3.8 3.1 1.8 0.5 0.3 0.2 0.2 0.6 0.2 0.1 0.2 0.1 0.0 0.0 0.1 0.4 0.8 1.2 2.0 2.5 3.9 9.2 32.4 29.9 50.2 68.8 77.6 113.8 71.7 64.9 38.7 39.0 35.0 40.0 25.5 33.5 40.3 43.7 36.8 34.9 42.4 54.4 64.9 81.6 81.3 68.3 40.3 27.3 23.7 29.3 43.5 62.8 74.8 82.8 90.6 95.0 100.1 105.7 115.2 128.4 98.2
-9999.0 -9999.0 -9999.0 -9999.0 -9999.0 -9999.0 -9999.0 -9999.0 -9999.0 -9999.0 -9999.0 -9999.0 -9999.0 -9999.0 -9999.0 6.6 7.6 5.8 6.6 7.4 2.6 3.1 2.6 1.4 0.6 0.3 0.1 0.1 0.0 0.0 0.0 0.1 0.1 0.3 0.8 3.2 7.5 5.3 11.4 23.7 53.4 77.9 87.4 82.8 52.3 46.2 55.7 33.2 34.3 16.2 17.9 42.2 21.1 23.6 15.9 26.5 31.1 40.2 52.3 68.0 73.4 74.8 64.2 44.1 28.4 23.6 30.2 47.3 71.5 93.3 103.7 109.4 119.5 118.5 114.5 144.9 151.3 166.0
-9999.0 -9999.0 -9999.0 -9999.0 -9999.0 -9999.0 -9999.0 -9999.0 -9999.0 -9999.0 -9999.0 -9999.0 -9999.0 -9999.0 -9999.0 -9999.0 -9999.0 71.7 36.0 -9999.0 24.6 7.6 11.4 8.9 2.7 1.8 0.2 0.2 0.1 0.0 0.0 0.0 0.1 0.2 0.9 1.8 9.1 6.4 14.2 27.3 48.1 84.3 80.3 68.2 48.6 47.6 160.3 60.8 24.6 21.8 18.0 11.1 17.2 19.5 22.9 24.4 18.0 34.9 42.5 57.6 45.2 55.2 53.8 40.5 31.4 28.3 34.6 52.8 77.2 98.7 109.6 123.1 126.9 112.6 119.5 144.8 146.9 145.1
-9999.0 -9999.0 -9999.0 -9999.0 -9999.0 -9999.0 -9999.0 -9999.0 -9999.0 -9999.0 -9999.0 -9999.0 -9999.0 -9999.0 -9999.0 -9999.0 -9999.0 -9999.0 -9999.0 -9999.0 -9999.0 26.8 17.2 8.4 9.1 14.1 7.8 3.0 0.4 0.2 0.0 0.2 0.1 0.1 0.6 1.7 4.1 6.9 8.7 8.3 11.0 74.2 84.9 69.5 44.9 48.9 258.6 50.4 59.8 188.2 20.4 49.9 40.0 11.8 15.1 24.5 24.6 17.7 51.2 41.9 25.8 38.2 42.3 39.6 34.3 33.9 38.8 51.4 69.8 87.5 101.3 110.8 110.5 96.3 92.5 101.9 108.9 104.7
-9999.0 -9999.0 -9999.0 -9999.0 -9999.0 -9999.0 -9999.0 -9999.0 -9999.0 -9999.0 -9999.0 -9999.0 -9999.0 -9999.0 -9999.0 -9999.0 -9999.0 -9999.0 -9999.0 -9999.0 -9999.0 -9999.0 -9999.0 83.5 31.9 27.5 19.1 8.5 1.2 0.6 0.1 0.0 0.2 0.2 1.5 3.6 10.4 9.5 26.5 44.2 48.3 75.5 41.5 24.8 44.8 275.8 108.3 92.8 137.3 150.5 51.6 45.9 32.0 25.8 13.6 3.2 14.6 28.4 10.9 31.4 25.9 41.1 50.6 37.9 38.1 37.6 38.9 43.3 50.7 64.7 81.2 87.8 89.6 92.5 83.6 87.2 107.8 119.4
-9999.0 -9999.0 -9999.0 -9999.0 -9999.0 -9999.0 -9999.0 -9999.0 -9999.0 -9999.0 -9999.0 -9999.0 -9999.0 -9999.0 -9999.0 -9999.0 -9999.0 -9999.0 -9999.0 -9999.0 -9999.0 -9999.0 -9999.0 -9999.0 -9999.0 153.1 62.7 9.8 5.1 3.4 0.6 0.5 0.5 1.0 2.2 9.2 32.6 17.9 43.6 34.3 71.3 35.0 20.6 27.6 156.5 291.7 238.8 425.5 74.4 140.8 73.9 65.7 66.0 53.3 19.7 9.2 13.9 8.4 23.6 23.6 26.7 34.0 61.0 28.4 32.2 35.4 33.3 38.1 48.4 60.2 60.0 64.9 69.5 84.1 91.0 93.1 107.5 132.6
-9999.0 -9999.0 -9999.0 -9999.0 -9999.0 -9999.0 -9999.0 -9999.0 -9999.0 -9999.0 -9999.0 -9999.0 -9999.0 -9999.0 -9999.0 -9999.0 -9999.0 -9999.0 -9999.0 -9999.0 -9999.0 -9999.0 -9999.0 -9999.0 -9999.0 -9999.0 -9999.0 172.4 142.1 34.0 17.2 10.3 5.3 9.2 7.9 21.6 14.4 17.9 10.7 24.4 46.4 11.8 36.2 134.6 196.5 288.2 375.3 423.4 448.4 270.6 364.8 307.3 95.4 71.5 40.9 28.9 9.4 6.1 18.0 12.8 13.8 25.6 17.9 20.3 28.0 29.0 33.0 30.8 36.9 45.0 50.2 63.1 61.6 77.1 88.4 101.0 112.4 126.6
-9999.0 -9999.0 -9999.0 -9999.0 -9999.0 -9999.0 -9999.0 -9999.0 -9999.0 -9999.0 -9999.0 -9999.0 -9999.0 -9999.0 -9999.0 -9999.0 -9999.0 -9999.0 -9999.0 -9999.0 -9999.0 -9999.0 -9999.0 -9999.0 -9999.0 -9999.0 -9999.0 -9999.0 -9999.0 -9999.0 -9999.0 -9999.0 -9999.0 43.9 17.7 -9999.0 -9999.0 -9999.0 25.4 19.3 19.5 36.4 37.1 159.7 239.3 286.5 -9999.0 -9999.0 -9999.0 -9999.0 -9999.0 -9999.0 165.6 94.0 63.2 30.2 15.0 8.4 9.1 10.4 14.2 20.7 17.2 18.5 22.6 28.5 35.7 41.1 40.5 41.9 47.9 62.1 69.4 70.9 82.0 91.9 91.0 98.9
-9999.0 -9999.0 -9999.0 -9999.0 -9999.0 -9999.0 -9999.0 -9999.0 -9999.0 -9999.0 -9999.0 -9999.0 -9999.0 -9999.0 -9999.0 -9999.0 -9999.0 -9999.0 -9999.0 -9999.0 -9999.0 -9999.0 -9999.0 -9999.0 -9999.0 -9999.0 -9999.0 -9999.0 -9999.0 -9999.0 -9999.0 -9999.0 -9999.0 -9999.0 -9999.0 -9999.0 -9999.0 -9999.0 -9999.0 103.8 108.6 125.9 150.8 180.1 -9999.0 -9999.0 -9999.0 -9999.0 -9999.0 -9999.0 -9999.0 -9999.0 158.9 113.5 70.4 38.3 19.7 12.0 10.3 11.4 13.9 18.3 21.8 23.1 29.4 35.6 41.0 39.2 35.5 40.1 52.8 61.8 62.2 69.6 69.8 69.2 65.7 74.3
-9999.0 -9999.0 -9999.0 -9999.0 -9999.0 -9999.0 -9999.0 -9999.0 -9999.0 -9999.0 -9999.0 -9999.0 -9999.0 -9999.0 -9999.0 -9999.0 -9999.0 -9999.0 -9999.0 -9999.0 -9999.0 -9999.0 -9999.0 -9999.0 -9999.0 -9999.0 -9999.0 -9999.0 -9999.0 -9999.0 -9999.0 -9999.0 -9999.0 -9999.0 -9999.0 -9999.0 -9999.0 -9999.0 -9999.0 -9999.0 -9999.0 -9999.0 -9999.0 -9999.0 -9999.0 -9999.0 -9999.0 -9999.0 -9999.0 -9999.0 -9999.0 -9999.0 170.1 126.8 78.0 60.6 28.8 18.1 14.4 14.4 13.5 16.5 38.9 24.9 32.1 41.7 44.1 38.5 34.3 37.3 48.4 60.8 74.0 66.8 64.5 63.5 61.3 73.3
-9999.0 -9999.0 -9999.0 -9999.0 -9999.0 -9999.0 -9999.0 -9999.0 -9999.0 -9999.0 -9999.0 -9999.0 -9999.0 -9999.0 -9999.0 -9999.0 -9999.0 -9999.0 -9999.0 -9999.0 -9999.0 -9999.0 -9999.0 -9999.0 -9999.0 -9999.0 -9999.0 -9999.0 -9999.0 -9999.0 -9999.0 -9999.0 -9999.0 -9999.0 -9999.0 -9999.0 -9999.0 -9999.0 -9999.0 -9999.0 -9999.0 -9999.0 -9999.0 -9999.0 -9999.0 -9999.0 -9999.0 -9999.0 -9999.0 -9999.0 -9999.0 149.9 125.6 125.4 68.8 59.1 41.3 35.2 23.9 12.9 22.8 19.9 18.1 22.1 34.4 48.5 50.6 52.9 38.5 41.4 50.9 64.9 66.3 55.0 59.6 72.5 79.6 98.2
-9999.0 -9999.0 -9999.0 -9999.0 -9999.0 -9999.0 -9999.0 -9999.0 -9999.0 -9999.0 -9999.0 -9999.0 -9999.0 -9999.0 -9999.0 -9999.0 -9999.0 -9999.0 -9999.0 -9999.0 -9999.0 -9999.0 -9999.0 -9999.0 -9999.0 -9999.0 -9999.0 -9999.0 -9999.0 -9999.0 -9999.0 -9999.0 -9999.0 -9999.0 -9999.0 -9999.0 -9999.0 -9999.0 -9999.0 -9999.0 -9999.0 -9999.0 -9999.0 -9999.0 -9999.0 -9999.0 -9999.0 -9999.0 -9999.0 -9999.0 131.7 134.2 129.5 123.8 86.7 78.7 54.2 36.3 31.4 30.9 23.5 29.0 22.2 24.9 43.3 57.5 48.4 50.3 43.9 47.6 54.0 59.5 52.9 51.8 60.6 78.5 104.1 99.5
-9999.0 -9999.0 -9999.0 -9999.0 -9999.0 -9999.0 -9999.0 -9999.0 -9999.0 -9999.0 -9999.0 -9999.0 -9999.0 -9999.0 -9999.0 -9999.0 -9999.0 -9999.0 -9999.0 -9999.0 -9999.0 -9999.0 -9999.0 -9999.0 -9999.0 -9999.0 -9999.0 -9999.0 -9999.0 -9999.0 -9999.0 -9999.0 -9999.0 -9999.0 -9999.0 -9999.0 -9999.0 -9999.0 -9999.0 -9999.0 -9999.0 -9999.0 -9999.0 -9999.0 -9999.0 -9999.0 -9999.0 -9999.0 -9999.0 -9999.0 103.1 148.3 96.5 123.3 117.9 94.2 54.1 64.5 48.7 35.6 36.1 40.9 42.4 43.3 54.0 56.6 46.3 42.9 43.2 40.1 41.3 39.5 34.3 32.7 44.1 67.1 87.8 85.4
-9999.0 -9999.0 -9999.0 -9999.0 -9999.0 -9999.0 -9999.0 -9999.0 -9999.0 -9999.0 -9999.0 -9999.0 -9999.0 -9999.0 -9999.0 -9999.0 -9999.0 -9999.0 -9999.0 -9999.0 -9999.0 -9999.0 -9999.0 -9999.0 -9999.0 -9999.0 -9999.0 -9999.0 -9999.0 -9999.0 -9999.0 -9999.0 -9999.0 -9999.0 -9999.0 -9999.0 -9999.0 -9999.0 -9999.0 -9999.0 -9999.0 -9999.0 -9999.0 -9999.0 -9999.0 -9999.0 -9999.0 -9999.0 -9999.0 -9999.0 84.0 97.8 82.8 157.8 108.0 98.0 111.0 75.5 65.1 49.6 54.7 57.0 52.7 53.6 54.1 46.8 30.1 24.6 28.1 42.1 28.1 45.7 18.2 28.8 29.6 49.4 75.1 60.2
-9999.0 -9999.0 -9999.0 -9999.0 -9999.0 -9999.0 -9999.0 -9999.0 -9999.0 -9999.0 -9999.0 -9999.0 -9999.0 -9999.0 -9999.0 -9999.0 -9999.0 -9999.0 -9999.0 -9999.0 -9999.0 -9999.0 -9999.0 -9999.0 -9999.0 -9999.0 -9999.0 -9999.0 -9999.0 -9999.0 -9999.0 -9999.0 -9999.0 -9999.0 -9999.0 -9999.0 -9999.0 -9999.0 -9999.0 -9999.0 -9999.0 -9999.0 -9999.0 -9999.0 -9999.0 -9999.0 -9999.0 -9999.0 -9999.0 -9999.0 103.6 133.9 117.7 135.8 132.7 138.4 85.1 91.0 80.4 69.9 68.3 59.4 51.1 47.0 45.1 38.3 33.3 25.3 43.2 17.0 26.4 20.5 19.8 24.4 21.4 41.5 65.3 57.4
-9999.0 -9999.0 -9999.0 -9999.0 -9999.0 -9999.0 -9999.0 -9999.0 -9999.0 -9999.0 -9999.0 -9999.0 -9999.0 -9999.0 -9999.0 -9999.0 -9999.0 -9999.0 -9999.0 -9999.0 -9999.0 -9999.0 -9999.0 -9999.0 -9999.0 -9999.0 -9999.0 -9999.0 -9999.0 -9999.0 -9999.0 -9999.0 -9999.0 -9999.0 -9999.0 -9999.0 -9999.0 -9999.0 -9999.0 -9999.0 -9999.0 -9999.0 -9999.0 -9999.0 -9999.0 -9999.0 -9999.0 -9999.0 -9999.0 -9999.0 -9999.0 -9999.0 -9999.0 111.2 112.1 112.3 112.2 111.5 95.1 97.1 89.8 77.1 54.4 48.7 38.1 29.3 35.2 21.1 46.0 50.0 32.0 19.2 15.5 16.3 22.4 35.5 61.3 67.0
-9999.0 -9999.0 -9999.0 -9999.0 -9999.0 -9999.0 -9999.0 -9999.0 -9999.0 -9999.0 -9999.0 -9999.0 -9999.0 -9999.0 -9999.0 -9999.0 -9999.0 -9999.0 -9999.0 -9999.0 -9999.0 -9999.0 -9999.0 -9999.0 -9999.0 -9999.0 -9999.0 -9999.0 -9999.0 -9999.0 -9999.0 -9999.0 -9999.0 -9999.0 -9999.0 -9999.0 -9999.0 -9999.0 -9999.0 -9999.0 -9999.0 -9999.0 -9999.0 -9999.0 -9999.0 -9999.0 -9999.0 -9999.0 -9999.0 -9999.0 -9999.0 -9999.0 -9999.0 106.2 99.0 149.7 114.5 113.0 126.9 132.3 123.0 110.6 85.1 74.1 47.8 30.9 16.1 43.7 31.0 35.2 23.1 16.9 18.6 20.5 27.1 64.1 76.1 97.9
-9999.0 -9999.0 -9999.0 -9999.0 -9999.0 -9999.0 -9999.0 -9999.0 -9999.0 -9999.0 -9999.0 -9999.0 -9999.0 -9999.0 -9999.0 -9999.0 -9999.0 -9999.0 -9999.0 -9999.0 -9999.0 -9999.0 -9999.0 -9999.0 -9999.0 -9999.0 -9999.0 -9999.0 -9999.0 -9999.0 -9999.0 -9999.0 -9999.0 -9999.0 -9999.0 -9999.0 -9999.0 -9999.0 -9999.0 -9999.0 -9999.0 -9999.0 -9999.0 -9999.0 -9999.0 -9999.0 -9999.0 -9999.0 -9999.0 -9999.0 -9999.0 -9999.0 -9999.0 99.4 77.2 117.3 119.9 123.7 139.0 145.7 148.3 138.2 117.7 93.0 58.3 -9999.0 -9999.0 -9999.0 38.8 21.4 20.4 23.8 24.3 25.2 40.4 86.6 84.1 89.4
-9999.0 -9999.0 -9999.0 -9999.0 -9999.0 -9999.0 -9999.0 -9999.0 -9999.0 -9999.0 -9999.0 -9999.0 -9999.0 -9999.0 -9999.0 -9999.0 -9999.0 -9999.0 -9999.0 -9999.0 -9999.0 -9999.0 -9999.0 -9999.0 -9999.0 -9999.0 -9999.0 -9999.0 -9999.0 -9999.0 -9999.0 -9999.0 -9999.0 -9999.0 -9999.0 -9999.0 -9999.0 -9999.0 -9999.0 -9999.0 -9999.0 -9999.0 -9999.0 -9999.0 -9999.0 -9999.0 -9999.0 -9999.0 -9999.0 -9999.0 -9999.0 -9999.0 -9999.0 -9999.0 94.3 101.1 95.9 105.0 132.6 149.2 126.4 -9999.0 -9999.0 -9999.0 -9999.0 -9999.0 -9999.0 -9999.0 16.9 23.8 42.8 20.8 20.2 30.2 41.0 50.3 54.9 48.7
-9999.0 -9999.0 -9999.0 -9999.0 -9999.0 -9999.0 -9999.0 -9999.0 -9999.0 -9999.0 -9999.0 -9999.0 -9999.0 -9999.0 -9999.0 -9999.0 -9999.0 -9999.0 -9999.0 -9999.0 -9999.0 -9999.0 -9999.0 -9999.0 -9999.0 -9999.0 -9999.0 -9999.0 -9999.0 -9999.0 -9999.0 -9999.0 -9999.0 -9999.0 -9999.0 -9999.0 -9999.0 -9999.0 -9999.0 -9999.0 -9999.0 -9999.0 -9999.0 -9999.0 -9999.0 -9999.0 -9999.0 -9999.0 -9999.0 -9999.0 -9999.0 -9999.0 -9999.0 -9999.0 -9999.0 82.4 119.0 100.5 97.9 115.5 113.7 -9999.0 -9999.0 -9999.0 -9999.0 -9999.0 -9999.0 -9999.0 -9999.0 -9999.0 16.7 -9999.0 -9999.0 -9999.0 -9999.0 -9999.0 25.0 -9999.0
-9999.0 -9999.0 -9999.0 -9999.0 -9999.0 -9999.0 -9999.0 -9999.0 -9999.0 -9999.0 -9999.0 -9999.0 -9999.0 -9999.0 -9999.0 -9999.0 -9999.0 -9999.0 -9999.0 -9999.0 -9999.0 -9999.0 -9999.0 -9999.0 -9999.0 -9999.0 -9999.0 -9999.0 -9999.0 -9999.0 -9999.0 -9999.0 -9999.0 -9999.0 -9999.0 -9999.0 -9999.0 -9999.0 -9999.0 -9999.0 -9999.0 -9999.0 -9999.0 -9999.0 -9999.0 -9999.0 -9999.0 -9999.0 -9999.0 -9999.0 -9999.0 -9999.0 -9999.0 -9999.0 -9999.0 -9999.0 -9999.0 -9999.0 87.1 79.6 -9999.0 -9999.0 -9999.0 -9999.0 -9999.0 -9999.0 -9999.0 -9999.0 -9999.0 -9999.0 -9999.0 -9999.0 -9999.0 -9999.0 -9999.0 20.9 15.7 -9999.0
-9999.0 -9999.0 -9999.0 -9999.0 -9999.0 -9999.0 -9999.0 -9999.0 -9999.0 -9999.0 -9999.0 -9999.0 -9999.0 -9999.0 -9999.0 -9999.0 -9999.0 -9999.0 -9999.0 -9999.0 -9999.0 -9999.0 -9999.0 -9999.0 -9999.0 -9999.0 -9999.0 -9999.0 -9999.0 -9999.0 -9999.0 -9999.0 -9999.0 -9999.0 -9999.0 -9999.0 -9999.0 -9999.0 -9999.0 -9999.0 -9999.0 -9999.0 -9999.0 -9999.0 -9999.0 -9999.0 -9999.0 -9999.0 -9999.0 -9999.0 -9999.0 -9999.0 -9999.0 -9999.0 -9999.0 -9999.0 -9999.0 -9999.0 -9999.0 -9999.0 -9999.0 -9999.0 -9999.0 -9999.0 -9999.0 -9999.0 -9999.0 -9999.0 -9999.0 -9999.0 -9999.0 -9999.0 -9999.0 -9999.0 -9999.0 -9999.0 -9999.0 -9999.0
