program/excelProcessViaJava/data/SURF_CLI_CHN_PRE_MON_GRID_0.5-199906.txt
NCOLS      128
NROWS       72
XLLCORNER    72.000000000000    
YLLCORNER    18.000000000000    
CELLSIZE    0.50000000000000    
NODATA_VALUE   -9999.000    
[rows 33 to 65 of 72, columns 0 to 75 of 128]
-9999.0 -9999.0 -9999.0 -9999.0 6.8 11.5 15.3 10.4 9.8 4.2 4.5 2.7 1.3 0.7 0.7 0.8 1.1 1.8 2.5 3.1 3.2 3.1 3.0 3.2 3.8 5.0 6.7 8.9 13.4 17.6 22.6 27.8 32.8 39.0 39.2 41.4 40.1 51.3 46.1 32.4 17.7 11.3 9.8 8.4 8.7 9.5 11.8 18.2 24.8 20.9 27.3 60.6 92.7 124.4 94.3 97.6 90.3 112.1 108.2 123.0 106.6 74.2 51.8 30.4 23.3 30.2 37.2 31.5 43.2 35.7 27.2 25.0 23.0 21.9 22.2 22.2
-9999.0 -9999.0 -9999.0 -9999.0 7.8 6.9 11.4 7.5 13.4 12.3 5.4 9.2 6.1 5.4 1.5 1.7 2.1 2.5 3.3 4.2 4.6 4.9 5.2 5.4 4.9 5.1 8.4 11.2 15.3 20.1 25.7 31.2 37.5 43.0 47.9 49.7 53.8 56.3 47.5 35.0 39.0 19.1 15.2 10.9 10.3 10.1 9.7 9.5 10.2 14.3 19.6 31.7 91.1 83.9 76.5 82.9 80.5 91.8 113.5 92.6 116.6 75.7 60.6 52.3 39.0 30.7 44.9 40.7 44.0 53.9 35.4 30.7 27.7 28.6 30.1 34.7
-9999.0 -9999.0 -9999.0 -9999.0 -9999.0 -9999.0 -9999.0 6.9 8.7 7.2 9.6 8.7 6.1 5.9 5.3 2.3 3.7 3.7 4.5 5.0 4.3 3.5 3.6 4.4 5.7 7.6 9.4 12.5 16.8 21.0 27.6 34.7 42.1 48.3 53.9 58.4 62.2 62.4 64.9 64.0 44.6 61.6 55.6 41.2 28.2 17.2 22.1 18.5 24.2 16.1 16.5 26.0 54.4 142.0 137.1 68.6 57.7 64.5 124.4 115.7 131.8 92.9 81.5 72.3 67.8 52.3 58.7 63.5 58.0 57.9 42.6 35.7 40.5 45.5 47.2 53.8
-9999.0 -9999.0 -9999.0 -9999.0 -9999.0 -9999.0 -9999.0 8.5 5.3 7.0 7.2 6.1 6.0 5.6 4.9 4.0 4.1 3.9 2.9 3.7 3.9 3.2 4.2 4.9 6.6 8.6 11.7 13.5 20.6 27.3 31.4 38.9 46.9 52.2 61.0 66.1 70.0 72.5 72.9 70.1 67.6 63.8 64.0 80.1 56.5 40.8 48.0 50.1 76.6 63.9 108.6 103.4 68.5 99.0 149.7 85.3 76.6 94.3 130.4 142.6 122.9 109.5 99.1 95.2 83.0 77.4 73.0 65.4 78.7 59.3 53.3 48.7 54.4 61.4 56.5 65.7
-9999.0 -9999.0 -9999.0 -9999.0 -9999.0 -9999.0 -9999.0 -9999.0 -9999.0 5.5 5.3 5.1 5.0 4.6 4.4 4.3 3.6 2.0 2.7 1.7 2.6 3.9 4.8 5.9 7.8 10.9 13.2 17.5 25.3 27.0 41.0 46.6 54.4 59.9 70.5 76.1 80.6 83.2 84.5 84.9 81.3 80.3 76.9 74.8 84.1 86.8 89.8 88.8 91.1 90.2 102.2 93.3 90.0 96.7 149.5 111.0 89.3 101.6 143.3 136.1 122.9 116.3 108.1 95.4 96.0 86.5 69.5 56.6 78.5 70.6 71.3 61.7 57.8 62.0 66.6 56.2
-9999.0 -9999.0 -9999.0 -9999.0 -9999.0 -9999.0 -9999.0 -9999.0 -9999.0 -9999.0 -9999.0 4.2 4.4 3.6 3.8 3.3 3.2 3.2 3.2 2.8 2.1 3.5 4.0 6.4 5.3 9.8 12.2 17.1 24.6 34.4 43.1 45.8 60.9 68.6 78.5 78.6 90.1 94.8 96.4 101.1 103.5 101.1 98.0 98.1 117.2 109.8 134.0 121.3 125.1 114.7 93.6 93.0 99.4 125.3 164.8 161.4 143.3 154.4 142.0 128.5 121.9 97.0 85.9 88.2 95.5 69.8 45.2 49.9 68.3 86.2 89.8 76.4 58.1 50.9 58.6 61.0
-9999.0 -9999.0 -9999.0 -9999.0 -9999.0 -9999.0 -9999.0 -9999.0 -9999.0 -9999.0 -9999.0 -9999.0 4.0 4.2 2.9 3.4 1.6 2.4 2.3 1.0 3.7 3.5 4.3 7.0 2.4 11.2 18.3 18.2 26.9 27.5 44.2 55.7 65.2 67.8 76.5 88.0 87.5 102.7 110.9 116.1 119.4 121.2 123.2 131.5 137.9 148.0 159.3 143.2 140.3 131.0 138.1 127.9 117.2 123.2 154.0 181.9 190.9 197.4 125.9 141.8 110.6 103.4 89.8 78.4 77.3 92.2 53.6 62.6 81.7 102.5 99.4 84.9 73.3 64.1 57.8 60.9
-9999.0 -9999.0 -9999.0 -9999.0 -9999.0 -9999.0 -9999.0 -9999.0 -9999.0 -9999.0 -9999.0 -9999.0 2.2 4.2 4.9 2.6 4.4 3.3 1.4 1.7 2.1 1.9 3.2 6.9 13.3 14.1 18.7 30.5 32.5 46.5 47.5 48.6 64.8 75.6 80.5 93.0 92.2 101.7 113.9 123.2 131.4 137.6 147.5 153.6 169.1 184.8 179.9 172.2 146.4 149.0 133.4 133.2 124.3 148.6 155.7 191.0 187.2 185.7 136.2 118.4 101.7 84.8 86.5 93.0 62.8 71.9 47.5 65.5 84.6 99.5 111.8 120.0 107.0 63.8 59.3 55.1
-9999.0 -9999.0 -9999.0 -9999.0 -9999.0 -9999.0 -9999.0 -9999.0 -9999.0 -9999.0 -9999.0 -9999.0 -9999.0 2.7 1.4 4.6 2.3 3.3 3.5 3.3 2.5 5.0 3.1 9.9 11.9 7.5 11.2 11.9 24.5 36.0 54.8 67.2 60.7 68.6 91.4 95.6 100.8 104.5 99.8 118.0 130.2 142.6 158.5 177.4 191.4 199.7 210.1 212.3 201.7 179.3 158.9 137.5 139.8 193.5 200.1 208.3 200.3 200.0 209.5 163.4 142.7 109.8 100.6 66.4 51.1 55.9 69.0 89.8 104.8 89.2 44.1 40.7 57.2 61.4 71.2 62.8
-9999.0 -9999.0 -9999.0 -9999.0 -9999.0 -9999.0 -9999.0 -9999.0 -9999.0 -9999.0 -9999.0 -9999.0 1.9 1.0 1.1 2.6 0.7 1.2 1.2 4.0 4.5 5.3 5.2 9.0 14.4 7.8 14.5 25.0 32.8 38.2 52.5 75.7 58.7 79.8 81.4 93.9 87.4 107.3 112.1 115.0 119.7 136.9 160.1 184.6 206.1 222.0 226.0 216.8 208.3 190.7 185.8 188.0 168.9 193.7 201.3 210.7 228.5 174.2 194.6 173.9 171.5 163.8 127.4 121.1 77.9 67.9 130.5 134.3 125.4 121.6 101.1 62.3 43.8 43.5 52.6 62.6
-9999.0 -9999.0 -9999.0 -9999.0 -9999.0 -9999.0 -9999.0 -9999.0 -9999.0 -9999.0 -9999.0 -9999.0 0.9 2.9 2.1 0.3 0.4 1.9 2.0 0.9 4.0 2.3 4.0 6.8 14.5 22.2 25.7 32.1 38.4 54.8 68.7 74.5 63.1 95.1 97.3 91.3 102.0 100.5 104.0 110.9 116.0 135.7 160.5 185.7 208.0 224.1 234.8 232.1 219.1 184.2 172.5 185.6 183.2 197.0 204.7 195.5 210.3 218.2 200.2 222.7 224.9 217.9 141.2 91.7 73.0 128.7 115.6 171.8 139.3 99.7 75.6 62.7 58.4 73.1 92.2 86.8
-9999.0 -9999.0 -9999.0 -9999.0 -9999.0 -9999.0 -9999.0 -9999.0 -9999.0 -9999.0 -9999.0 -9999.0 3.2 0.8 2.4 1.4 1.4 0.2 0.6 0.7 0.2 0.3 2.6 2.2 7.4 4.3 11.5 7.8 36.4 48.3 63.9 49.6 90.0 108.5 104.4 92.6 94.0 95.8 101.8 95.5 108.2 138.8 151.0 188.9 198.5 209.5 215.6 205.8 181.7 167.8 164.2 162.6 218.6 238.2 223.7 181.9 199.1 217.4 230.4 213.5 216.1 203.9 229.6 98.7 74.0 231.4 217.8 179.3 141.6 112.3 96.8 95.8 90.0 99.0 156.8 122.2
-9999.0 -9999.0 -9999.0 -9999.0 -9999.0 -9999.0 -9999.0 -9999.0 -9999.0 -9999.0 -9999.0 -9999.0 -9999.0 0.2 0.3 0.9 0.6 0.7 0.2 0.2 0.0 0.6 0.4 0.5 6.3 7.1 12.6 22.4 19.5 51.5 36.2 57.9 65.7 96.7 88.8 62.4 70.3 95.4 96.2 103.2 112.1 118.6 141.3 164.8 178.4 174.9 172.9 141.3 151.4 137.9 115.9 161.2 173.0 182.8 219.5 225.5 176.1 191.1 227.9 277.4 255.7 325.6 211.9 65.8 131.1 176.3 191.4 165.0 138.3 125.6 126.1 127.8 117.1 116.0 110.9 109.7
-9999.0 -9999.0 -9999.0 -9999.0 -9999.0 -9999.0 -9999.0 -9999.0 -9999.0 -9999.0 -9999.0 -9999.0 -9999.0 4.7 0.2 0.7 0.1 0.7 0.6 0.3 0.0 0.1 0.1 0.5 9.5 6.5 7.2 20.4 21.2 3.4 13.9 29.0 63.5 71.4 56.7 60.3 81.9 92.7 89.5 81.4 108.7 123.0 139.5 149.2 153.0 139.4 124.6 87.5 81.8 76.8 100.5 84.4 143.3 191.0 224.3 214.7 186.1 203.4 245.4 209.8 263.1 165.3 94.3 102.1 118.5 146.5 163.1 152.2 136.2 136.0 149.7 160.0 157.1 139.7 133.6 146.4
-9999.0 -9999.0 -9999.0 -9999.0 -9999.0 -9999.0 -9999.0 -9999.0 -9999.0 -9999.0 -9999.0 -9999.0 -9999.0 -9999.0 -9999.0 0.7 0.8 0.3 0.6 1.4 0.2 0.8 1.8 1.7 1.4 2.8 0.2 2.2 0.5 11.8 10.8 25.1 17.5 31.4 53.3 39.0 44.6 94.3 91.8 95.6 95.9 108.6 122.5 127.7 121.1 100.0 81.0 45.2 48.3 22.5 41.1 110.9 103.9 144.9 136.7 187.2 203.9 200.4 270.7 299.0 194.3 154.7 142.6 124.0 146.4 180.8 182.7 158.2 142.8 158.4 180.7 197.4 187.4 176.5 190.2 212.4
-9999.0 -9999.0 -9999.0 -9999.0 -9999.0 -9999.0 -9999.0 -9999.0 -9999.0 -9999.0 -9999.0 -9999.0 -9999.0 -9999.0 -9999.0 -9999.0 -9999.0 102.1 28.4 -9999.0 19.9 1.1 11.0 12.9 2.2 3.8 0.2 0.9 6.6 1.1 7.6 30.5 7.6 58.5 86.5 53.4 37.9 75.9 72.6 80.5 88.5 95.5 104.5 104.5 132.1 81.7 151.5 55.0 18.3 22.3 18.7 31.9 60.1 118.6 159.0 189.2 186.5 256.1 277.2 299.7 193.2 172.0 149.2 148.5 171.9 206.3 202.8 169.4 159.8 192.5 218.0 259.4 261.7 265.7 280.3 306.3
-9999.0 -9999.0 -9999.0 -9999.0 -9999.0 -9999.0 -9999.0 -9999.0 -9999.0 -9999.0 -9999.0 -9999.0 -9999.0 -9999.0 -9999.0 -9999.0 -9999.0 -9999.0 -9999.0 -9999.0 -9999.0 18.4 8.5 0.7 6.1 34.8 25.8 16.8 7.2 16.7 10.5 57.7 53.3 49.9 64.2 40.2 44.5 45.3 46.6 59.1 75.2 80.5 86.7 84.2 116.5 59.0 218.6 29.4 40.3 177.2 14.7 74.0 89.7 61.6 111.6 182.2 222.1 229.7 331.7 287.3 216.5 182.3 142.6 137.8 166.0 189.8 187.2 165.9 169.1 222.1 289.3 334.3 354.2 384.1 410.3 422.7
-9999.0 -9999.0 -9999.0 -9999.0 -9999.0 -9999.0 -9999.0 -9999.0 -9999.0 -9999.0 -9999.0 -9999.0 -9999.0 -9999.0 -9999.0 -9999.0 -9999.0 -9999.0 -9999.0 -9999.0 -9999.0 -9999.0 -9999.0 177.5 45.1 52.4 45.6 24.1 2.3 11.8 6.7 7.9 3.4 17.5 18.3 25.1 28.2 31.1 38.5 48.0 56.3 68.6 68.5 72.0 108.6 285.5 88.5 48.0 56.2 56.7 14.3 36.9 25.0 47.2 64.8 85.7 182.8 260.5 218.7 272.8 255.8 224.4 172.3 113.8 113.8 144.6 153.8 148.0 195.0 240.8 337.7 388.6 432.7 466.7 477.0 471.5
-9999.0 -9999.0 -9999.0 -9999.0 -9999.0 -9999.0 -9999.0 -9999.0 -9999.0 -9999.0 -9999.0 -9999.0 -9999.0 -9999.0 -9999.0 -9999.0 -9999.0 -9999.0 -9999.0 -9999.0 -9999.0 -9999.0 -9999.0 -9999.0 -9999.0 463.3 177.8 1.1 1.6 0.3 2.8 23.9 35.8 24.9 36.8 24.6 27.7 28.6 37.0 37.4 54.3 53.9 112.7 106.5 232.7 305.1 197.1 300.7 24.5 41.2 31.2 21.5 47.5 56.5 45.3 74.0 149.2 167.1 245.6 235.8 226.1 227.0 253.1 111.6 99.0 116.1 130.9 159.8 213.9 278.0 323.7 377.7 409.2 459.4 458.8 423.6
-9999.0 -9999.0 -9999.0 -9999.0 -9999.0 -9999.0 -9999.0 -9999.0 -9999.0 -9999.0 -9999.0 -9999.0 -9999.0 -9999.0 -9999.0 -9999.0 -9999.0 -9999.0 -9999.0 -9999.0 -9999.0 -9999.0 -9999.0 -9999.0 -9999.0 -9999.0 -9999.0 632.8 587.3 170.9 123.3 109.9 15.8 117.1 45.0 158.6 39.9 34.9 47.0 38.0 48.8 59.9 142.7 260.2 284.7 320.5 341.3 322.8 286.7 104.5 144.6 107.5 26.5 31.4 47.1 94.1 107.4 127.2 192.6 158.5 259.0 201.8 167.0 118.0 123.9 109.3 135.3 155.5 185.8 234.1 274.5 343.8 303.4 354.3 322.1 307.6
-9999.0 -9999.0 -9999.0 -9999.0 -9999.0 -9999.0 -9999.0 -9999.0 -9999.0 -9999.0 -9999.0 -9999.0 -9999.0 -9999.0 -9999.0 -9999.0 -9999.0 -9999.0 -9999.0 -9999.0 -9999.0 -9999.0 -9999.0 -9999.0 -9999.0 -9999.0 -9999.0 -9999.0 -9999.0 -9999.0 -9999.0 -9999.0 -9999.0 293.8 96.0 -9999.0 -9999.0 -9999.0 140.9 65.7 106.6 160.3 144.1 311.7 357.8 352.4 -9999.0 -9999.0 -9999.0 -9999.0 -9999.0 -9999.0 43.8 58.6 52.2 86.3 121.5 129.5 118.6 142.1 166.5 167.3 149.4 125.7 126.6 146.3 179.4 206.9 214.2 211.9 214.3 274.4 287.7 225.5 256.5 229.0
-9999.0 -9999.0 -9999.0 -9999.0 -9999.0 -9999.0 -9999.0 -9999.0 -9999.0 -9999.0 -9999.0 -9999.0 -9999.0 -9999.0 -9999.0 -9999.0 -9999.0 -9999.0 -9999.0 -9999.0 -9999.0 -9999.0 -9999.0 -9999.0 -9999.0 -9999.0 -9999.0 -9999.0 -9999.0 -9999.0 -9999.0 -9999.0 -9999.0 -9999.0 -9999.0 -9999.0 -9999.0 -9999.0 -9999.0 381.2 364.0 366.1 371.6 373.0 -9999.0 -9999.0 -9999.0 -9999.0 -9999.0 -9999.0 -9999.0 -9999.0 55.8 97.4 85.2 101.1 129.2 123.5 114.0 124.8 141.9 131.8 122.6 110.7 155.7 211.6 259.8 276.2 251.2 247.1 253.9 240.2 188.5 216.8 174.6 204.8
-9999.0 -9999.0 -9999.0 -9999.0 -9999.0 -9999.0 -9999.0 -9999.0 -9999.0 -9999.0 -9999.0 -9999.0 -9999.0 -9999.0 -9999.0 -9999.0 -9999.0 -9999.0 -9999.0 -9999.0 -9999.0 -9999.0 -9999.0 -9999.0 -9999.0 -9999.0 -9999.0 -9999.0 -9999.0 -9999.0 -9999.0 -9999.0 -9999.0 -9999.0 -9999.0 -9999.0 -9999.0 -9999.0 -9999.0 -9999.0 -9999.0 -9999.0 -9999.0 -9999.0 -9999.0 -9999.0 -9999.0 -9999.0 -9999.0 -9999.0 -9999.0 -9999.0 82.4 143.8 113.0 162.5 128.8 109.7 91.2 98.9 102.6 103.1 229.7 87.4 133.1 205.8 298.6 331.7 291.9 253.2 235.1 227.6 281.0 205.1 199.6 207.4
-9999.0 -9999.0 -9999.0 -9999.0 -9999.0 -9999.0 -9999.0 -9999.0 -9999.0 -9999.0 -9999.0 -9999.0 -9999.0 -9999.0 -9999.0 -9999.0 -9999.0 -9999.0 -9999.0 -9999.0 -9999.0 -9999.0 -9999.0 -9999.0 -9999.0 -9999.0 -9999.0 -9999.0 -9999.0 -9999.0 -9999.0 -9999.0 -9999.0 -9999.0 -9999.0 -9999.0 -9999.0 -9999.0 -9999.0 -9999.0 -9999.0 -9999.0 -9999.0 -9999.0 -9999.0 -9999.0 -9999.0 -9999.0 -9999.0 -9999.0 -9999.0 146.2 106.5 165.6 68.7 118.8 117.4 134.7 91.0 31.2 152.4 132.5 68.1 70.6 100.1 161.5 252.7 243.1 272.6 233.1 215.2 218.7 197.7 187.3 212.1 238.8
-9999.0 -9999.0 -9999.0 -9999.0 -9999.0 -9999.0 -9999.0 -9999.0 -9999.0 -9999.0 -9999.0 -9999.0 -9999.0 -9999.0 -9999.0 -9999.0 -9999.0 -9999.0 -9999.0 -9999.0 -9999.0 -9999.0 -9999.0 -9999.0 -9999.0 -9999.0 -9999.0 -9999.0 -9999.0 -9999.0 -9999.0 -9999.0 -9999.0 -9999.0 -9999.0 -9999.0 -9999.0 -9999.0 -9999.0 -9999.0 -9999.0 -9999.0 -9999.0 -9999.0 -9999.0 -9999.0 -9999.0 -9999.0 -9999.0 -9999.0 219.9 209.1 179.8 180.2 102.7 132.6 99.6 75.3 82.2 138.6 119.0 169.9 76.1 72.6 85.8 125.7 158.1 185.2 219.2 209.8 223.0 210.5 205.3 216.8 234.5 252.7
-9999.0 -9999.0 -9999.0 -9999.0 -9999.0 -9999.0 -9999.0 -9999.0 -9999.0 -9999.0 -9999.0 -9999.0 -9999.0 -9999.0 -9999.0 -9999.0 -9999.0 -9999.0 -9999.0 -9999.0 -9999.0 -9999.0 -9999.0 -9999.0 -9999.0 -9999.0 -9999.0 -9999.0 -9999.0 -9999.0 -9999.0 -9999.0 -9999.0 -9999.0 -9999.0 -9999.0 -9999.0 -9999.0 -9999.0 -9999.0 -9999.0 -9999.0 -9999.0 -9999.0 -9999.0 -9999.0 -9999.0 -9999.0 -9999.0 -9999.0 239.9 318.0 184.9 193.9 177.9 128.1 71.1 149.4 145.1 103.9 86.2 110.7 62.7 66.9 90.5 93.9 108.2 120.0 166.2 194.0 225.7 226.3 214.3 213.0 235.9 269.6
-9999.0 -9999.0 -9999.0 -9999.0 -9999.0 -9999.0 -9999.0 -9999.0 -9999.0 -9999.0 -9999.0 -9999.0 -9999.0 -9999.0 -9999.0 -9999.0 -9999.0 -9999.0 -9999.0 -9999.0 -9999.0 -9999.0 -9999.0 -9999.0 -9999.0 -9999.0 -9999.0 -9999.0 -9999.0 -9999.0 -9999.0 -9999.0 -9999.0 -9999.0 -9999.0 -9999.0 -9999.0 -9999.0 -9999.0 -9999.0 -9999.0 -9999.0 -9999.0 -9999.0 -9999.0 -9999.0 -9999.0 -9999.0 -9999.0 -9999.0 241.1 260.1 174.7 324.6 135.7 111.0 228.1 153.1 176.6 78.0 101.8 120.0 88.0 67.9 103.5 104.0 95.1 108.7 143.1 221.1 224.4 260.8 201.6 214.1 230.5 271.6
-9999.0 -9999.0 -9999.0 -9999.0 -9999.0 -9999.0 -9999.0 -9999.0 -9999.0 -9999.0 -9999.0 -9999.0 -9999.0 -9999.0 -9999.0 -9999.0 -9999.0 -9999.0 -9999.0 -9999.0 -9999.0 -9999.0 -9999.0 -9999.0 -9999.0 -9999.0 -9999.0 -9999.0 -9999.0 -9999.0 -9999.0 -9999.0 -9999.0 -9999.0 -9999.0 -9999.0 -9999.0 -9999.0 -9999.0 -9999.0 -9999.0 -9999.0 -9999.0 -9999.0 -9999.0 -9999.0 -9999.0 -9999.0 -9999.0 -9999.0 368.2 411.1 282.3 267.7 210.2 247.7 106.1 173.5 173.9 113.9 128.9 101.0 49.9 84.8 127.8 136.2 154.3 161.2 219.5 152.3 214.1 204.8 195.8 201.2 213.2 250.7
-9999.0 -9999.0 -9999.0 -9999.0 -9999.0 -9999.0 -9999.0 -9999.0 -9999.0 -9999.0 -9999.0 -9999.0 -9999.0 -9999.0 -9999.0 -9999.0 -9999.0 -9999.0 -9999.0 -9999.0 -9999.0 -9999.0 -9999.0 -9999.0 -9999.0 -9999.0 -9999.0 -9999.0 -9999.0 -9999.0 -9999.0 -9999.0 -9999.0 -9999.0 -9999.0 -9999.0 -9999.0 -9999.0 -9999.0 -9999.0 -9999.0 -9999.0 -9999.0 -9999.0 -9999.0 -9999.0 -9999.0 -9999.0 -9999.0 -9999.0 -9999.0 -9999.0 -9999.0 221.4 169.8 157.6 175.9 215.3 161.9 188.5 333.7 159.2 204.9 146.7 152.9 156.4 210.3 178.5 243.0 243.1 204.0 173.3 164.4 173.6 193.6 217.9
-9999.0 -9999.0 -9999.0 -9999.0 -9999.0 -9999.0 -9999.0 -9999.0 -9999.0 -9999.0 -9999.0 -9999.0 -9999.0 -9999.0 -9999.0 -9999.0 -9999.0 -9999.0 -9999.0 -9999.0 -9999.0 -9999.0 -9999.0 -9999.0 -9999.0 -9999.0 -9999.0 -9999.0 -9999.0 -9999.0 -9999.0 -9999.0 -9999.0 -9999.0 -9999.0 -9999.0 -9999.0 -9999.0 -9999.0 -9999.0 -9999.0 -9999.0 -9999.0 -9999.0 -9999.0 -9999.0 -9999.0 -9999.0 -9999.0 -9999.0 -9999.0 -9999.0 -9999.0 276.2 193.4 383.8 179.9 159.8 238.6 393.7 350.0 318.2 382.8 232.6 196.0 183.9 136.7 271.6 208.2 208.8 169.2 150.5 155.2 166.9 179.6 195.2
-9999.0 -9999.0 -9999.0 -9999.0 -9999.0 -9999.0 -9999.0 -9999.0 -9999.0 -9999.0 -9999.0 -9999.0 -9999.0 -9999.0 -9999.0 -9999.0 -9999.0 -9999.0 -9999.0 -9999.0 -9999.0 -9999.0 -9999.0 -9999.0 -9999.0 -9999.0 -9999.0 -9999.0 -9999.0 -9999.0 -9999.0 -9999.0 -9999.0 -9999.0 -9999.0 -9999.0 -9999.0 -9999.0 -9999.0 -9999.0 -9999.0 -9999.0 -9999.0 -9999.0 -9999.0 -9999.0 -9999.0 -9999.0 -9999.0 -9999.0 -9999.0 -9999.0 -9999.0 348.0 183.7 284.2 215.8 181.8 272.4 372.6 527.3 538.7 598.7 526.7 219.7 -9999.0 -9999.0 -9999.0 256.8 187.7 170.6 169.0 168.3 174.0 186.0 204.7
-9999.0 -9999.0 -9999.0 -9999.0 -9999.0 -9999.0 -9999.0 -9999.0 -9999.0 -9999.0 -9999.0 -9999.0 -9999.0 -9999.0 -9999.0 -9999.0 -9999.0 -9999.0 -9999.0 -9999.0 -9999.0 -9999.0 -9999.0 -9999.0 -9999.0 -9999.0 -9999.0 -9999.0 -9999.0 -9999.0 -9999.0 -9999.0 -9999.0 -9999.0 -9999.0 -9999.0 -9999.0 -9999.0 -9999.0 -9999.0 -9999.0 -9999.0 -9999.0 -9999.0 -9999.0 -9999.0 -9999.0 -9999.0 -9999.0 -9999.0 -9999.0 -9999.0 -9999.0 -9999.0 338.2 272.1 150.9 146.9 319.2 527.3 446.5 -9999.0 -9999.0 -9999.0 -9999.0 -9999.0 -9999.0 -9999.0 204.3 217.7 245.0 172.7 168.7 190.8 205.7 221.0
-9999.0 -9999.0 -9999.0 -9999.0 -9999.0 -9999.0 -9999.0 -9999.0 -9999.0 -9999.0 -9999.0 -9999.0 -9999.0 -9999.0 -9999.0 -9999.0 -9999.0 -9999.0 -9999.0 -9999.0 -9999.0 -9999.0 -9999.0 -9999.0 -9999.0 -9999.0 -9999.0 -9999.0 -9999.0 -9999.0 -9999.0 -9999.0 -9999.0 -9999.0 -9999.0 -9999.0 -9999.0 -9999.0 -9999.0 -9999.0 -9999.0 -9999.0 -9999.0 -9999.0 -9999.0 -9999.0 -9999.0 -9999.0 -9999.0 -9999.0 -9999.0 -9999.0 -9999.0 -9999.0 -9999.0 267.3 412.9 254.4 280.7 465.8 531.9 -9999.0 -9999.0 -9999.0 -9999.0 -9999.0 -9999.0 -9999.0 -9999.0 -9999.0 189.8 -9999.0 -9999.0 -9999.0 -9999.0 -9999.0
