program/excelProcessViaJava/data/SURF_CLI_CHN_PRE_MON_GRID_0.5-199006.txt
NCOLS      128
NROWS       72
XLLCORNER    72.000000000000    
YLLCORNER    18.000000000000    
CELLSIZE    0.50000000000000    
NODATA_VALUE   -9999.000    
[rows 34 to 67 of 72, columns 0 to 74 of 128]
-9999.0 -9999.0 -9999.0 -9999.0 55.4 44.5 41.5 28.8 31.2 26.0 11.4 17.7 12.0 10.9 2.8 2.7 2.8 1.4 0.9 0.9 1.5 2.2 4.0 12.5 28.6 39.3 38.0 44.6 49.5 56.0 61.8 72.8 72.6 75.9 79.8 73.8 78.6 78.8 57.2 35.5 39.5 13.5 8.5 4.2 2.8 2.2 2.2 2.8 4.3 7.6 12.0 17.7 31.2 30.4 31.7 38.0 46.3 59.3 69.9 44.0 60.5 33.8 27.5 25.2 19.0 18.0 26.7 20.6 20.1 28.2 36.9 43.3 42.0 36.4 29.6
-9999.0 -9999.0 -9999.0 -9999.0 -9999.0 -9999.0 -9999.0 30.1 27.3 20.4 21.5 18.6 12.7 12.5 11.5 2.8 6.3 3.3 2.8 5.2 11.1 16.5 19.7 22.2 25.3 29.3 35.8 42.1 48.6 57.6 63.9 69.9 74.6 80.4 85.6 81.1 85.2 77.0 77.8 71.4 40.9 58.4 45.8 26.0 11.7 4.4 6.5 6.5 11.0 12.4 18.0 25.3 29.5 37.4 37.8 34.8 40.7 46.4 63.3 46.7 61.1 35.2 32.0 29.3 33.1 27.0 34.3 34.7 27.5 31.0 40.8 49.5 47.0 42.5 38.3
-9999.0 -9999.0 -9999.0 -9999.0 -9999.0 -9999.0 -9999.0 32.3 22.0 21.4 18.8 14.6 13.4 13.2 10.9 12.1 9.7 9.5 11.7 10.5 11.5 14.8 16.3 19.2 22.3 26.6 31.3 38.9 43.3 49.5 59.1 66.1 72.2 79.9 80.5 82.2 79.1 79.4 73.6 64.9 59.1 51.7 46.9 52.3 27.1 14.0 16.9 18.8 29.6 28.4 37.0 35.0 33.4 33.1 36.5 37.4 43.7 53.3 64.7 70.6 62.3 59.8 50.6 49.6 40.8 41.2 46.0 44.0 43.4 33.8 44.9 53.8 51.3 52.1 56.4
-9999.0 -9999.0 -9999.0 -9999.0 -9999.0 -9999.0 -9999.0 -9999.0 -9999.0 19.2 15.6 12.5 12.1 10.5 8.9 7.9 8.4 9.5 9.1 10.4 10.9 11.6 13.6 16.2 19.4 23.2 28.3 33.9 39.3 47.6 52.5 60.6 67.3 74.0 75.8 77.5 76.3 75.4 69.0 65.2 56.6 53.6 46.0 37.7 37.8 34.1 32.9 32.5 35.0 36.6 38.5 36.1 34.5 34.6 36.6 42.3 49.4 58.8 73.3 79.3 80.9 86.4 92.4 61.1 65.7 60.7 62.1 64.9 66.6 52.7 62.2 74.0 72.6 74.5 84.4
-9999.0 -9999.0 -9999.0 -9999.0 -9999.0 -9999.0 -9999.0 -9999.0 -9999.0 -9999.0 -9999.0 12.1 8.4 8.9 7.5 7.1 6.7 6.5 6.8 7.5 8.7 9.8 11.7 13.9 17.4 20.9 25.4 30.5 36.3 42.7 49.6 56.7 63.3 69.2 73.0 77.4 75.3 73.0 75.7 63.8 61.5 53.0 46.1 41.1 48.3 39.1 48.1 42.8 45.6 44.4 41.2 39.3 37.4 37.2 40.4 48.7 59.8 70.8 82.0 88.3 91.4 92.1 95.1 91.4 97.5 66.0 72.4 89.0 93.5 92.7 99.2 109.8 114.8 113.1 109.6
-9999.0 -9999.0 -9999.0 -9999.0 -9999.0 -9999.0 -9999.0 -9999.0 -9999.0 -9999.0 -9999.0 -9999.0 7.5 6.3 6.1 5.3 5.3 5.2 5.4 5.9 6.6 7.9 9.7 11.9 13.6 18.1 22.5 26.6 32.3 37.1 44.8 51.9 58.5 63.9 68.9 72.2 74.0 71.3 65.7 59.0 53.6 50.3 48.3 50.3 49.4 51.4 54.9 49.8 51.7 51.5 51.3 46.0 43.0 45.9 50.8 59.1 68.5 76.1 88.7 93.2 92.5 92.9 95.7 99.4 87.1 110.2 89.0 108.2 120.9 130.7 137.3 161.9 156.5 141.3 138.9
-9999.0 -9999.0 -9999.0 -9999.0 -9999.0 -9999.0 -9999.0 -9999.0 -9999.0 -9999.0 -9999.0 -9999.0 6.6 5.0 4.2 4.2 3.8 3.9 4.0 4.5 5.2 6.2 7.8 10.2 13.3 16.1 19.8 25.1 29.1 35.6 39.9 44.2 52.1 58.5 63.0 67.4 68.2 68.1 65.0 59.7 53.8 51.5 56.2 53.6 59.6 65.3 62.5 61.9 57.7 60.0 56.1 52.5 52.0 55.3 70.2 73.5 81.9 84.7 94.1 93.6 87.9 84.2 89.8 99.7 85.2 104.2 94.9 109.8 121.9 142.4 162.3 163.2 160.8 165.0 167.4
-9999.0 -9999.0 -9999.0 -9999.0 -9999.0 -9999.0 -9999.0 -9999.0 -9999.0 -9999.0 -9999.0 -9999.0 -9999.0 4.2 3.5 3.1 3.0 3.0 3.2 3.7 4.2 5.6 6.3 9.3 11.6 12.3 15.3 17.3 23.2 28.7 36.2 42.5 44.0 49.6 59.0 62.2 63.8 63.1 61.0 58.9 56.3 57.6 59.8 67.4 69.9 73.4 79.4 82.4 80.6 74.3 67.2 61.8 64.0 62.4 70.9 80.4 86.6 85.9 87.4 93.4 90.0 83.7 88.6 85.0 82.9 102.8 125.1 141.9 158.3 163.7 164.8 178.6 185.8 184.1 180.9
-9999.0 -9999.0 -9999.0 -9999.0 -9999.0 -9999.0 -9999.0 -9999.0 -9999.0 -9999.0 -9999.0 -9999.0 4.1 3.0 2.6 2.5 1.9 2.1 2.3 3.2 3.9 4.9 5.9 8.1 10.9 10.5 14.0 18.5 22.1 25.0 30.7 39.1 36.5 45.9 49.5 55.9 54.4 58.8 56.8 54.1 55.8 61.7 69.8 73.7 83.6 92.0 97.7 100.3 98.5 91.6 83.9 77.1 77.3 78.2 88.4 91.5 86.4 99.0 94.9 98.6 96.4 98.1 97.6 111.0 109.0 118.4 134.9 166.3 196.4 211.5 218.0 217.7 207.5 197.9 189.3
-9999.0 -9999.0 -9999.0 -9999.0 -9999.0 -9999.0 -9999.0 -9999.0 -9999.0 -9999.0 -9999.0 -9999.0 3.0 2.8 2.2 1.3 1.2 1.8 2.0 2.0 3.3 3.5 4.8 6.6 9.9 13.2 15.5 18.4 21.2 26.6 31.3 33.9 31.7 44.7 49.0 49.5 53.9 51.7 50.3 50.3 52.5 61.0 72.6 85.0 97.1 107.5 113.9 118.0 117.1 116.1 107.0 95.3 100.2 109.0 110.5 115.6 102.6 101.4 109.5 112.6 118.8 126.2 113.9 107.5 115.4 126.2 155.2 180.3 204.0 227.6 239.1 233.6 212.4 189.6 168.9
-9999.0 -9999.0 -9999.0 -9999.0 -9999.0 -9999.0 -9999.0 -9999.0 -9999.0 -9999.0 -9999.0 -9999.0 3.0 1.8 1.9 1.5 1.4 0.9 1.3 1.5 1.2 1.6 3.8 4.1 6.9 6.4 9.9 8.9 19.1 22.8 27.3 22.4 35.5 44.3 47.0 45.6 46.3 44.3 44.9 43.6 52.8 72.3 80.9 104.2 110.9 115.4 119.3 125.8 132.5 128.5 120.3 122.6 98.5 97.5 108.4 139.3 122.8 121.3 127.6 139.0 146.9 153.7 172.2 136.4 116.8 145.8 163.4 184.5 209.4 219.6 223.7 239.4 209.1 186.4 224.0
-9999.0 -9999.0 -9999.0 -9999.0 -9999.0 -9999.0 -9999.0 -9999.0 -9999.0 -9999.0 -9999.0 -9999.0 -9999.0 1.0 0.9 1.2 1.0 1.1 0.9 0.9 0.6 1.6 1.7 2.0 5.8 6.7 9.5 13.5 12.9 23.5 17.4 23.1 24.6 36.5 37.0 28.1 31.2 39.5 38.7 46.6 60.0 67.3 84.1 105.4 122.6 122.2 117.1 121.6 113.5 113.7 121.7 108.7 113.8 132.8 117.2 123.4 150.9 150.9 155.1 167.8 187.1 201.4 215.7 142.5 163.8 174.4 180.1 189.3 204.0 232.9 232.8 209.2 207.6 134.6 148.8
-9999.0 -9999.0 -9999.0 -9999.0 -9999.0 -9999.0 -9999.0 -9999.0 -9999.0 -9999.0 -9999.0 -9999.0 -9999.0 2.1 0.8 1.0 0.6 1.0 1.0 0.9 0.5 0.7 0.8 1.5 6.0 5.7 6.8 12.6 13.8 5.1 9.4 13.5 23.7 26.2 22.0 24.8 35.5 37.4 34.6 33.7 60.8 80.6 100.5 111.8 101.1 110.0 102.8 94.4 90.8 91.7 95.1 105.1 106.9 111.5 118.7 133.3 157.1 168.2 181.3 191.1 229.8 220.2 153.7 202.1 211.5 205.0 194.1 189.2 206.1 232.3 250.8 237.3 198.5 182.2 172.1
-9999.0 -9999.0 -9999.0 -9999.0 -9999.0 -9999.0 -9999.0 -9999.0 -9999.0 -9999.0 -9999.0 -9999.0 -9999.0 -9999.0 -9999.0 0.9 0.9 0.7 0.9 1.3 0.6 1.2 1.8 2.0 2.2 3.4 1.3 4.4 2.4 11.1 9.6 14.1 8.5 12.5 22.1 14.9 16.2 52.5 44.6 49.7 51.6 67.5 90.1 106.3 119.5 110.5 85.1 73.5 68.3 62.5 71.5 88.5 94.1 106.2 117.3 137.0 156.8 174.3 203.6 233.3 228.4 171.2 208.0 243.9 241.2 220.4 193.0 173.7 187.4 229.9 264.1 260.1 262.0 251.9 215.0
-9999.0 -9999.0 -9999.0 -9999.0 -9999.0 -9999.0 -9999.0 -9999.0 -9999.0 -9999.0 -9999.0 -9999.0 -9999.0 -9999.0 -9999.0 -9999.0 -9999.0 8.6 4.5 -9999.0 4.3 1.0 3.4 4.2 1.9 3.1 0.9 2.9 8.8 4.6 10.5 21.8 5.6 29.7 53.2 32.2 15.4 95.5 51.5 53.1 57.1 58.2 80.5 96.0 154.1 104.6 180.0 64.1 51.4 53.2 58.2 66.2 80.4 98.1 115.8 135.0 152.8 186.0 218.9 256.9 214.4 182.7 196.2 221.3 223.5 210.9 184.7 163.4 165.1 188.6 215.0 237.5 262.8 275.5 275.9
-9999.0 -9999.0 -9999.0 -9999.0 -9999.0 -9999.0 -9999.0 -9999.0 -9999.0 -9999.0 -9999.0 -9999.0 -9999.0 -9999.0 -9999.0 -9999.0 -9999.0 -9999.0 -9999.0 -9999.0 -9999.0 3.4 2.1 0.7 2.3 9.6 10.0 10.5 9.5 19.1 16.8 44.2 37.4 32.9 51.3 35.2 53.1 69.0 88.3 119.7 113.4 50.7 59.3 72.4 149.1 76.8 250.9 65.9 56.3 83.8 54.2 80.5 91.3 84.3 106.7 136.0 159.6 182.9 223.0 266.1 243.8 239.6 172.4 177.9 186.6 188.6 172.2 149.9 136.6 141.2 167.4 205.4 245.2 243.4 233.7
-9999.0 -9999.0 -9999.0 -9999.0 -9999.0 -9999.0 -9999.0 -9999.0 -9999.0 -9999.0 -9999.0 -9999.0 -9999.0 -9999.0 -9999.0 -9999.0 -9999.0 -9999.0 -9999.0 -9999.0 -9999.0 -9999.0 -9999.0 25.4 7.8 10.9 12.7 11.3 5.0 16.6 15.5 15.2 5.7 16.0 14.1 22.3 22.9 54.2 35.6 33.0 39.3 38.6 58.7 83.8 147.1 322.1 134.1 95.1 112.1 116.8 68.0 78.3 83.2 95.9 98.5 95.5 151.5 189.6 208.1 256.4 302.0 290.7 239.3 181.6 177.0 179.0 165.7 138.2 122.3 116.8 143.3 179.4 206.3 225.3 204.5
-9999.0 -9999.0 -9999.0 -9999.0 -9999.0 -9999.0 -9999.0 -9999.0 -9999.0 -9999.0 -9999.0 -9999.0 -9999.0 -9999.0 -9999.0 -9999.0 -9999.0 -9999.0 -9999.0 -9999.0 -9999.0 -9999.0 -9999.0 -9999.0 -9999.0 78.2 34.9 1.2 2.8 1.1 8.3 29.1 36.3 24.6 39.5 20.1 11.4 41.7 26.2 39.1 27.1 43.0 170.2 148.4 286.0 346.6 257.4 353.7 71.7 115.6 79.2 89.5 105.2 114.9 101.0 107.8 147.3 167.4 210.5 235.8 258.0 248.9 246.9 183.8 177.7 178.5 160.3 129.5 125.4 130.1 145.6 175.9 174.6 208.5 230.7
-9999.0 -9999.0 -9999.0 -9999.0 -9999.0 -9999.0 -9999.0 -9999.0 -9999.0 -9999.0 -9999.0 -9999.0 -9999.0 -9999.0 -9999.0 -9999.0 -9999.0 -9999.0 -9999.0 -9999.0 -9999.0 -9999.0 -9999.0 -9999.0 -9999.0 -9999.0 -9999.0 136.9 151.2 66.0 65.6 71.8 14.4 100.3 41.2 199.8 63.7 66.8 119.2 55.1 35.4 80.0 199.6 308.9 329.2 361.3 382.4 381.2 370.4 222.6 290.7 263.7 125.1 125.6 120.8 136.8 148.8 168.6 200.0 211.7 236.4 215.5 194.5 162.3 115.2 126.8 142.5 122.2 114.1 133.7 162.3 196.5 192.5 209.4 232.3
-9999.0 -9999.0 -9999.0 -9999.0 -9999.0 -9999.0 -9999.0 -9999.0 -9999.0 -9999.0 -9999.0 -9999.0 -9999.0 -9999.0 -9999.0 -9999.0 -9999.0 -9999.0 -9999.0 -9999.0 -9999.0 -9999.0 -9999.0 -9999.0 -9999.0 -9999.0 -9999.0 -9999.0 -9999.0 -9999.0 -9999.0 -9999.0 -9999.0 194.8 81.2 -9999.0 -9999.0 -9999.0 206.8 98.7 155.6 208.8 179.3 333.9 368.8 376.8 -9999.0 -9999.0 -9999.0 -9999.0 -9999.0 -9999.0 189.0 148.4 147.5 164.8 186.4 190.4 195.1 215.7 228.9 198.7 179.2 143.4 126.8 128.4 145.1 162.9 162.4 163.2 188.3 223.8 225.3 214.5 218.1
-9999.0 -9999.0 -9999.0 -9999.0 -9999.0 -9999.0 -9999.0 -9999.0 -9999.0 -9999.0 -9999.0 -9999.0 -9999.0 -9999.0 -9999.0 -9999.0 -9999.0 -9999.0 -9999.0 -9999.0 -9999.0 -9999.0 -9999.0 -9999.0 -9999.0 -9999.0 -9999.0 -9999.0 -9999.0 -9999.0 -9999.0 -9999.0 -9999.0 -9999.0 -9999.0 -9999.0 -9999.0 -9999.0 -9999.0 322.3 323.2 330.7 340.6 350.4 -9999.0 -9999.0 -9999.0 -9999.0 -9999.0 -9999.0 -9999.0 -9999.0 208.4 180.7 171.7 182.5 204.2 196.8 199.1 227.2 248.7 208.5 158.8 140.2 116.7 144.2 189.6 218.3 219.7 252.3 262.4 261.9 244.1 211.7 210.4
-9999.0 -9999.0 -9999.0 -9999.0 -9999.0 -9999.0 -9999.0 -9999.0 -9999.0 -9999.0 -9999.0 -9999.0 -9999.0 -9999.0 -9999.0 -9999.0 -9999.0 -9999.0 -9999.0 -9999.0 -9999.0 -9999.0 -9999.0 -9999.0 -9999.0 -9999.0 -9999.0 -9999.0 -9999.0 -9999.0 -9999.0 -9999.0 -9999.0 -9999.0 -9999.0 -9999.0 -9999.0 -9999.0 -9999.0 -9999.0 -9999.0 -9999.0 -9999.0 -9999.0 -9999.0 -9999.0 -9999.0 -9999.0 -9999.0 -9999.0 -9999.0 -9999.0 245.3 219.0 194.0 214.5 193.7 185.2 188.2 217.0 235.0 220.0 155.8 148.4 150.7 223.5 268.0 272.0 281.6 305.5 316.3 304.6 280.1 226.6 198.1
-9999.0 -9999.0 -9999.0 -9999.0 -9999.0 -9999.0 -9999.0 -9999.0 -9999.0 -9999.0 -9999.0 -9999.0 -9999.0 -9999.0 -9999.0 -9999.0 -9999.0 -9999.0 -9999.0 -9999.0 -9999.0 -9999.0 -9999.0 -9999.0 -9999.0 -9999.0 -9999.0 -9999.0 -9999.0 -9999.0 -9999.0 -9999.0 -9999.0 -9999.0 -9999.0 -9999.0 -9999.0 -9999.0 -9999.0 -9999.0 -9999.0 -9999.0 -9999.0 -9999.0 -9999.0 -9999.0 -9999.0 -9999.0 -9999.0 -9999.0 -9999.0 329.0 274.6 251.2 167.9 184.4 180.7 203.3 186.1 162.0 219.7 206.2 208.2 196.9 229.3 308.4 315.9 239.8 327.0 340.0 353.3 336.0 292.9 274.1 252.4
-9999.0 -9999.0 -9999.0 -9999.0 -9999.0 -9999.0 -9999.0 -9999.0 -9999.0 -9999.0 -9999.0 -9999.0 -9999.0 -9999.0 -9999.0 -9999.0 -9999.0 -9999.0 -9999.0 -9999.0 -9999.0 -9999.0 -9999.0 -9999.0 -9999.0 -9999.0 -9999.0 -9999.0 -9999.0 -9999.0 -9999.0 -9999.0 -9999.0 -9999.0 -9999.0 -9999.0 -9999.0 -9999.0 -9999.0 -9999.0 -9999.0 -9999.0 -9999.0 -9999.0 -9999.0 -9999.0 -9999.0 -9999.0 -9999.0 -9999.0 352.5 361.9 311.5 277.1 199.0 208.3 186.1 181.9 202.2 231.8 225.8 214.9 233.4 244.9 309.0 352.5 362.9 308.6 379.3 357.1 379.2 320.0 283.1 264.0 247.4
-9999.0 -9999.0 -9999.0 -9999.0 -9999.0 -9999.0 -9999.0 -9999.0 -9999.0 -9999.0 -9999.0 -9999.0 -9999.0 -9999.0 -9999.0 -9999.0 -9999.0 -9999.0 -9999.0 -9999.0 -9999.0 -9999.0 -9999.0 -9999.0 -9999.0 -9999.0 -9999.0 -9999.0 -9999.0 -9999.0 -9999.0 -9999.0 -9999.0 -9999.0 -9999.0 -9999.0 -9999.0 -9999.0 -9999.0 -9999.0 -9999.0 -9999.0 -9999.0 -9999.0 -9999.0 -9999.0 -9999.0 -9999.0 -9999.0 -9999.0 349.8 410.4 352.7 304.3 275.5 232.5 178.1 270.8 277.1 250.3 227.7 237.4 251.1 279.0 318.2 274.0 292.5 265.7 344.4 353.8 373.5 325.5 254.7 195.1 167.8
-9999.0 -9999.0 -9999.0 -9999.0 -9999.0 -9999.0 -9999.0 -9999.0 -9999.0 -9999.0 -9999.0 -9999.0 -9999.0 -9999.0 -9999.0 -9999.0 -9999.0 -9999.0 -9999.0 -9999.0 -9999.0 -9999.0 -9999.0 -9999.0 -9999.0 -9999.0 -9999.0 -9999.0 -9999.0 -9999.0 -9999.0 -9999.0 -9999.0 -9999.0 -9999.0 -9999.0 -9999.0 -9999.0 -9999.0 -9999.0 -9999.0 -9999.0 -9999.0 -9999.0 -9999.0 -9999.0 -9999.0 -9999.0 -9999.0 -9999.0 322.3 385.5 366.6 424.3 284.8 245.3 345.7 296.7 319.2 226.8 238.4 239.4 237.4 245.9 270.0 255.5 229.8 246.0 292.8 409.3 357.4 363.8 183.1 164.0 111.0
-9999.0 -9999.0 -9999.0 -9999.0 -9999.0 -9999.0 -9999.0 -9999.0 -9999.0 -9999.0 -9999.0 -9999.0 -9999.0 -9999.0 -9999.0 -9999.0 -9999.0 -9999.0 -9999.0 -9999.0 -9999.0 -9999.0 -9999.0 -9999.0 -9999.0 -9999.0 -9999.0 -9999.0 -9999.0 -9999.0 -9999.0 -9999.0 -9999.0 -9999.0 -9999.0 -9999.0 -9999.0 -9999.0 -9999.0 -9999.0 -9999.0 -9999.0 -9999.0 -9999.0 -9999.0 -9999.0 -9999.0 -9999.0 -9999.0 -9999.0 397.7 488.5 449.3 449.8 387.7 399.3 215.9 303.7 306.3 237.4 249.6 223.0 192.4 210.6 224.3 224.6 248.9 276.7 366.1 266.5 330.3 240.8 157.3 131.5 96.3
-9999.0 -9999.0 -9999.0 -9999.0 -9999.0 -9999.0 -9999.0 -9999.0 -9999.0 -9999.0 -9999.0 -9999.0 -9999.0 -9999.0 -9999.0 -9999.0 -9999.0 -9999.0 -9999.0 -9999.0 -9999.0 -9999.0 -9999.0 -9999.0 -9999.0 -9999.0 -9999.0 -9999.0 -9999.0 -9999.0 -9999.0 -9999.0 -9999.0 -9999.0 -9999.0 -9999.0 -9999.0 -9999.0 -9999.0 -9999.0 -9999.0 -9999.0 -9999.0 -9999.0 -9999.0 -9999.0 -9999.0 -9999.0 -9999.0 -9999.0 -9999.0 -9999.0 -9999.0 449.3 372.0 300.9 284.9 308.7 224.5 264.6 347.9 254.7 252.0 239.7 216.3 205.5 241.1 241.7 325.3 359.3 318.5 214.2 129.8 100.9 105.4
-9999.0 -9999.0 -9999.0 -9999.0 -9999.0 -9999.0 -9999.0 -9999.0 -9999.0 -9999.0 -9999.0 -9999.0 -9999.0 -9999.0 -9999.0 -9999.0 -9999.0 -9999.0 -9999.0 -9999.0 -9999.0 -9999.0 -9999.0 -9999.0 -9999.0 -9999.0 -9999.0 -9999.0 -9999.0 -9999.0 -9999.0 -9999.0 -9999.0 -9999.0 -9999.0 -9999.0 -9999.0 -9999.0 -9999.0 -9999.0 -9999.0 -9999.0 -9999.0 -9999.0 -9999.0 -9999.0 -9999.0 -9999.0 -9999.0 -9999.0 -9999.0 -9999.0 -9999.0 497.3 381.7 536.0 255.6 192.7 261.7 401.1 373.8 375.0 391.6 372.5 302.4 246.8 205.0 266.3 239.3 276.8 271.2 214.3 156.6 123.9 116.9
-9999.0 -9999.0 -9999.0 -9999.0 -9999.0 -9999.0 -9999.0 -9999.0 -9999.0 -9999.0 -9999.0 -9999.0 -9999.0 -9999.0 -9999.0 -9999.0 -9999.0 -9999.0 -9999.0 -9999.0 -9999.0 -9999.0 -9999.0 -9999.0 -9999.0 -9999.0 -9999.0 -9999.0 -9999.0 -9999.0 -9999.0 -9999.0 -9999.0 -9999.0 -9999.0 -9999.0 -9999.0 -9999.0 -9999.0 -9999.0 -9999.0 -9999.0 -9999.0 -9999.0 -9999.0 -9999.0 -9999.0 -9999.0 -9999.0 -9999.0 -9999.0 -9999.0 -9999.0 536.3 326.5 403.6 275.4 197.6 263.9 352.9 492.3 543.3 553.7 482.6 404.9 -9999.0 -9999.0 -9999.0 227.9 205.6 244.8 258.3 212.8 158.6 137.9
-9999.0 -9999.0 -9999.0 -9999.0 -9999.0 -9999.0 -9999.0 -9999.0 -9999.0 -9999.0 -9999.0 -9999.0 -9999.0 -9999.0 -9999.0 -9999.0 -9999.0 -9999.0 -9999.0 -9999.0 -9999.0 -9999.0 -9999.0 -9999.0 -9999.0 -9999.0 -9999.0 -9999.0 -9999.0 -9999.0 -9999.0 -9999.0 -9999.0 -9999.0 -9999.0 -9999.0 -9999.0 -9999.0 -9999.0 -9999.0 -9999.0 -9999.0 -9999.0 -9999.0 -9999.0 -9999.0 -9999.0 -9999.0 -9999.0 -9999.0 -9999.0 -9999.0 -9999.0 -9999.0 465.3 359.3 189.5 156.9 300.5 467.1 460.6 -9999.0 -9999.0 -9999.0 -9999.0 -9999.0 -9999.0 -9999.0 193.9 219.0 295.7 286.7 242.5 180.2 140.2
-9999.0 -9999.0 -9999.0 -9999.0 -9999.0 -9999.0 -9999.0 -9999.0 -9999.0 -9999.0 -9999.0 -9999.0 -9999.0 -9999.0 -9999.0 -9999.0 -9999.0 -9999.0 -9999.0 -9999.0 -9999.0 -9999.0 -9999.0 -9999.0 -9999.0 -9999.0 -9999.0 -9999.0 -9999.0 -9999.0 -9999.0 -9999.0 -9999.0 -9999.0 -9999.0 -9999.0 -9999.0 -9999.0 -9999.0 -9999.0 -9999.0 -9999.0 -9999.0 -9999.0 -9999.0 -9999.0 -9999.0 -9999.0 -9999.0 -9999.0 -9999.0 -9999.0 -9999.0 -9999.0 -9999.0 328.0 426.5 262.0 280.7 443.9 541.7 -9999.0 -9999.0 -9999.0 -9999.0 -9999.0 -9999.0 -9999.0 -9999.0 -9999.0 290.6 -9999.0 -9999.0 -9999.0 -9999.0
-9999.0 -9999.0 -9999.0 -9999.0 -9999.0 -9999.0 -9999.0 -9999.0 -9999.0 -9999.0 -9999.0 -9999.0 -9999.0 -9999.0 -9999.0 -9999.0 -9999.0 -9999.0 -9999.0 -9999.0 -9999.0 -9999.0 -9999.0 -9999.0 -9999.0 -9999.0 -9999.0 -9999.0 -9999.0 -9999.0 -9999.0 -9999.0 -9999.0 -9999.0 -9999.0 -9999.0 -9999.0 -9999.0 -9999.0 -9999.0 -9999.0 -9999.0 -9999.0 -9999.0 -9999.0 -9999.0 -9999.0 -9999.0 -9999.0 -9999.0 -9999.0 -9999.0 -9999.0 -9999.0 -9999.0 -9999.0 -9999.0 -9999.0 383.9 432.9 -9999.0 -9999.0 -9999.0 -9999.0 -9999.0 -9999.0 -9999.0 -9999.0 -9999.0 -9999.0 -9999.0 -9999.0 -9999.0 -9999.0 -9999.0
-9999.0 -9999.0 -9999.0 -9999.0 -9999.0 -9999.0 -9999.0 -9999.0 -9999.0 -9999.0 -9999.0 -9999.0 -9999.0 -9999.0 -9999.0 -9999.0 -9999.0 -9999.0 -9999.0 -9999.0 -9999.0 -9999.0 -9999.0 -9999.0 -9999.0 -9999.0 -9999.0 -9999.0 -9999.0 -9999.0 -9999.0 -9999.0 -9999.0 -9999.0 -9999.0 -9999.0 -9999.0 -9999.0 -9999.0 -9999.0 -9999.0 -9999.0 -9999.0 -9999.0 -9999.0 -9999.0 -9999.0 -9999.0 -9999.0 -9999.0 -9999.0 -9999.0 -9999.0 -9999.0 -9999.0 -9999.0 -9999.0 -9999.0 -9999.0 -9999.0 -9999.0 -9999.0 -9999.0 -9999.0 -9999.0 -9999.0 -9999.0 -9999.0 -9999.0 -9999.0 -9999.0 -9999.0 -9999.0 -9999.0 -9999.0
