program/excelProcessViaJava/data/SURF_CLI_CHN_PRE_MON_GRID_0.5-198104.txt
NCOLS      128
NROWS       72
XLLCORNER    72.000000000000    
YLLCORNER    18.000000000000    
CELLSIZE    0.50000000000000    
NODATA_VALUE   -9999.000    
[rows 35 to 69 of 72, columns 0 to 76 of 128]
-9999.0 -9999.0 -9999.0 -9999.0 -9999.0 -9999.0 -9999.0 2.4 3.4 2.7 4.1 3.9 3.1 3.2 3.1 2.4 3.2 3.9 4.3 3.1 1.4 0.7 0.5 0.5 0.5 0.7 0.9 1.3 1.9 2.7 4.0 5.4 6.8 8.6 11.1 11.2 15.7 15.7 22.3 25.3 10.8 32.3 30.0 19.1 9.6 2.8 6.3 4.5 9.6 8.1 15.4 28.4 35.2 30.1 25.8 27.6 26.4 27.3 30.5 39.1 43.8 37.2 30.1 24.5 23.4 22.4 28.4 35.2 38.2 35.7 29.2 25.8 27.1 30.5 30.9 27.8 20.6
-9999.0 -9999.0 -9999.0 -9999.0 -9999.0 -9999.0 -9999.0 3.0 1.4 2.5 2.7 2.5 2.6 2.4 2.4 1.5 2.1 1.9 0.9 1.2 0.9 0.4 0.4 0.4 0.4 0.5 0.7 0.9 1.6 2.4 3.2 4.5 6.0 8.2 9.3 11.3 12.5 16.8 18.8 19.2 21.6 22.4 25.8 41.4 20.6 9.5 14.8 17.0 33.5 28.2 42.1 35.9 31.1 29.0 25.7 28.2 26.4 25.1 28.0 33.8 40.4 43.4 38.5 34.2 27.4 25.9 28.8 34.8 42.0 42.3 39.0 34.7 33.5 34.9 33.6 31.9 25.3
-9999.0 -9999.0 -9999.0 -9999.0 -9999.0 -9999.0 -9999.0 -9999.0 -9999.0 1.7 1.8 1.9 1.9 1.9 2.0 2.1 1.5 0.5 0.7 0.3 0.4 0.4 0.4 0.3 0.3 0.4 0.5 0.7 1.3 1.7 2.9 3.8 5.1 6.8 7.7 9.3 11.0 14.4 15.5 19.1 18.3 21.5 20.2 18.3 24.9 25.8 27.7 28.1 31.3 32.7 36.2 30.9 27.4 26.4 25.7 26.1 24.6 23.6 27.8 33.0 37.6 39.9 40.1 37.8 35.4 32.0 31.5 34.5 43.9 49.6 51.2 47.3 42.1 40.3 39.6 31.5 25.5
-9999.0 -9999.0 -9999.0 -9999.0 -9999.0 -9999.0 -9999.0 -9999.0 -9999.0 -9999.0 -9999.0 1.4 1.8 1.3 1.6 1.3 1.2 1.1 0.9 0.5 0.3 0.3 0.2 0.3 0.2 0.3 0.3 0.4 0.8 1.5 2.3 3.1 4.4 5.7 7.0 10.3 10.7 13.2 22.9 18.6 23.5 19.9 16.6 15.3 29.1 21.0 37.7 31.0 36.8 35.4 29.3 28.0 26.0 26.1 27.3 26.5 26.1 27.8 31.1 35.9 40.0 38.7 36.8 39.2 40.9 36.8 30.1 35.0 44.5 54.9 60.5 57.5 50.1 44.1 38.0 33.6 29.2
-9999.0 -9999.0 -9999.0 -9999.0 -9999.0 -9999.0 -9999.0 -9999.0 -9999.0 -9999.0 -9999.0 -9999.0 1.6 1.8 1.1 1.5 0.5 0.7 0.5 0.2 0.5 0.3 0.2 0.3 0.0 0.2 0.4 0.3 0.6 0.8 1.8 2.8 3.8 5.1 6.8 8.4 13.1 13.0 13.8 14.3 15.2 15.4 14.8 19.0 19.4 24.0 31.8 24.8 30.6 33.6 39.8 34.6 27.8 25.7 27.7 30.1 32.0 35.8 36.2 44.2 45.4 46.1 43.9 41.6 46.0 50.5 40.5 43.7 49.9 58.7 57.4 54.3 50.0 45.6 45.5 52.0 45.4
-9999.0 -9999.0 -9999.0 -9999.0 -9999.0 -9999.0 -9999.0 -9999.0 -9999.0 -9999.0 -9999.0 -9999.0 0.7 1.9 2.5 1.1 2.0 1.2 0.3 0.3 0.3 0.1 0.1 0.2 0.3 0.3 0.3 0.6 0.6 1.3 1.5 2.0 3.3 4.5 5.9 7.2 10.9 14.0 15.4 16.3 14.5 13.8 21.0 13.5 20.7 29.0 22.5 22.8 19.8 31.8 32.2 33.0 27.0 28.9 28.6 33.3 34.9 39.5 43.1 48.8 50.6 48.8 50.8 54.5 49.8 56.2 29.2 31.5 36.5 48.1 65.2 78.5 78.9 67.4 65.7 61.0 58.0
-9999.0 -9999.0 -9999.0 -9999.0 -9999.0 -9999.0 -9999.0 -9999.0 -9999.0 -9999.0 -9999.0 -9999.0 -9999.0 1.3 0.6 2.5 1.1 1.4 1.2 0.7 0.3 0.4 0.1 0.3 0.3 0.1 0.1 0.1 0.3 0.6 1.5 2.4 2.7 3.8 5.1 6.4 8.3 11.7 22.6 20.6 20.3 22.7 20.2 26.9 20.0 17.5 25.5 32.9 36.8 36.5 35.3 28.3 26.1 37.7 34.5 35.1 36.4 42.5 53.1 58.0 62.1 59.6 61.2 55.9 41.9 50.9 56.6 43.5 45.1 41.0 33.2 48.1 72.7 80.7 85.5 78.4 74.9
-9999.0 -9999.0 -9999.0 -9999.0 -9999.0 -9999.0 -9999.0 -9999.0 -9999.0 -9999.0 -9999.0 -9999.0 1.0 0.5 0.7 1.7 0.3 0.6 0.5 1.2 0.9 0.6 0.3 0.3 0.4 0.1 0.2 0.3 0.5 0.6 1.3 2.6 2.3 3.8 4.8 6.0 8.8 9.8 12.7 17.0 29.4 38.9 44.8 20.8 25.4 27.7 25.5 23.4 30.6 33.9 40.7 42.8 29.5 32.9 30.5 32.5 39.1 38.0 50.8 58.3 67.5 75.0 73.1 79.1 71.7 64.7 22.7 36.3 62.1 85.2 88.6 84.3 79.9 64.7 69.9 76.5 72.9
-9999.0 -9999.0 -9999.0 -9999.0 -9999.0 -9999.0 -9999.0 -9999.0 -9999.0 -9999.0 -9999.0 -9999.0 0.5 2.3 1.8 0.2 0.3 1.4 1.2 0.3 1.1 0.3 0.3 0.3 0.5 0.6 0.5 0.6 0.7 1.3 2.0 2.5 2.4 4.4 5.1 6.0 7.5 10.5 14.0 15.0 19.3 19.1 20.1 23.7 27.6 33.7 46.3 44.0 41.7 26.5 27.7 35.8 25.7 23.4 25.4 26.2 33.0 41.8 48.8 66.1 80.3 92.4 80.1 76.0 73.6 32.1 55.8 46.0 58.1 77.8 95.4 103.4 106.6 127.4 126.3 105.4 81.9
-9999.0 -9999.0 -9999.0 -9999.0 -9999.0 -9999.0 -9999.0 -9999.0 -9999.0 -9999.0 -9999.0 -9999.0 2.9 0.8 2.9 1.9 1.8 0.2 0.5 0.4 0.1 0.0 0.3 0.1 0.3 0.1 0.2 0.1 0.7 1.1 1.8 1.2 3.8 5.4 5.8 6.4 8.5 12.3 15.8 22.6 23.3 17.9 39.9 15.0 32.4 52.4 58.7 45.3 30.3 29.7 30.0 22.0 43.7 41.9 29.2 21.1 28.3 38.8 52.3 59.0 74.2 87.4 116.4 81.9 46.0 25.3 38.2 57.5 79.9 91.8 108.3 140.5 145.9 152.4 137.0 125.7 112.2
-9999.0 -9999.0 -9999.0 -9999.0 -9999.0 -9999.0 -9999.0 -9999.0 -9999.0 -9999.0 -9999.0 -9999.0 -9999.0 0.2 0.3 1.9 1.2 1.4 0.3 0.2 0.0 0.2 0.1 0.0 0.3 0.2 0.3 0.5 0.3 1.5 0.5 1.6 2.4 4.9 5.4 6.0 9.8 15.0 20.7 23.4 26.7 51.1 63.6 57.0 36.5 42.2 55.7 30.1 46.8 37.1 20.5 32.7 23.9 15.0 25.7 26.9 19.4 27.5 47.7 79.8 90.9 136.3 116.5 60.9 17.0 20.6 35.8 60.8 80.8 105.6 116.6 124.1 149.7 112.2 137.1 118.9 105.9
-9999.0 -9999.0 -9999.0 -9999.0 -9999.0 -9999.0 -9999.0 -9999.0 -9999.0 -9999.0 -9999.0 -9999.0 -9999.0 6.5 0.5 2.1 0.3 2.0 1.3 0.5 0.0 0.0 0.0 0.1 1.2 0.4 0.2 0.7 0.4 0.0 0.1 0.4 2.1 3.1 3.4 5.8 10.5 16.7 24.0 39.0 37.0 48.9 59.6 64.8 88.8 61.0 56.3 32.2 31.4 24.9 28.8 9.7 18.5 23.8 26.9 20.7 15.8 24.9 49.7 47.6 96.2 75.3 48.8 21.0 15.5 19.4 37.0 62.5 87.4 101.1 115.3 127.9 126.7 128.4 129.7 132.3 129.8
-9999.0 -9999.0 -9999.0 -9999.0 -9999.0 -9999.0 -9999.0 -9999.0 -9999.0 -9999.0 -9999.0 -9999.0 -9999.0 -9999.0 -9999.0 2.5 3.3 1.4 2.2 3.2 0.3 0.9 1.1 0.6 0.3 0.3 0.0 0.1 0.0 0.2 0.1 0.3 0.2 0.8 2.6 4.1 8.6 14.3 20.2 27.3 45.4 60.6 68.8 69.1 48.4 39.3 52.0 23.2 30.6 5.6 11.8 31.4 11.5 11.4 5.3 11.5 16.0 13.8 54.6 85.9 60.0 58.4 43.5 29.2 22.1 24.9 41.4 68.4 95.7 116.7 126.0 127.1 130.0 124.3 123.0 138.5 145.4
-9999.0 -9999.0 -9999.0 -9999.0 -9999.0 -9999.0 -9999.0 -9999.0 -9999.0 -9999.0 -9999.0 -9999.0 -9999.0 -9999.0 -9999.0 -9999.0 -9999.0 66.2 27.4 -9999.0 17.4 1.8 7.2 6.3 0.8 0.8 0.0 0.1 0.2 0.0 0.1 0.5 0.1 1.8 4.1 3.3 6.4 9.1 14.8 21.9 34.9 57.4 63.1 63.2 42.7 43.4 52.9 56.4 16.7 18.6 3.6 6.8 6.6 10.0 11.3 12.9 9.2 33.1 52.3 83.2 61.1 77.6 65.2 48.1 39.0 38.7 53.2 81.3 111.2 121.0 123.6 114.6 115.9 110.9 122.8 144.4 159.5
-9999.0 -9999.0 -9999.0 -9999.0 -9999.0 -9999.0 -9999.0 -9999.0 -9999.0 -9999.0 -9999.0 -9999.0 -9999.0 -9999.0 -9999.0 -9999.0 -9999.0 -9999.0 -9999.0 -9999.0 -9999.0 15.6 7.2 0.6 3.2 13.1 7.6 3.3 0.6 1.1 0.2 3.7 2.2 1.7 3.3 2.2 4.0 6.5 8.8 12.2 17.5 48.1 62.2 65.1 51.9 55.3 99.7 31.9 52.7 119.8 14.7 37.7 27.7 6.3 8.0 16.6 21.9 22.6 72.1 74.0 76.2 85.1 86.2 72.7 59.7 54.4 65.9 89.7 118.0 114.6 97.8 97.8 102.0 107.6 124.4 148.7 166.9
-9999.0 -9999.0 -9999.0 -9999.0 -9999.0 -9999.0 -9999.0 -9999.0 -9999.0 -9999.0 -9999.0 -9999.0 -9999.0 -9999.0 -9999.0 -9999.0 -9999.0 -9999.0 -9999.0 -9999.0 -9999.0 -9999.0 -9999.0 86.9 23.1 23.2 17.5 7.4 0.3 1.3 0.3 0.2 0.1 0.5 0.7 1.8 3.7 5.9 11.0 18.9 27.0 44.1 46.3 49.4 62.3 144.9 65.6 49.0 51.4 52.6 22.6 32.8 18.2 15.8 10.3 6.8 18.1 40.6 28.2 69.1 61.0 74.7 78.6 72.3 63.5 59.4 69.9 88.6 89.7 95.6 88.3 93.6 105.1 118.2 137.9 159.6 185.9
-9999.0 -9999.0 -9999.0 -9999.0 -9999.0 -9999.0 -9999.0 -9999.0 -9999.0 -9999.0 -9999.0 -9999.0 -9999.0 -9999.0 -9999.0 -9999.0 -9999.0 -9999.0 -9999.0 -9999.0 -9999.0 -9999.0 -9999.0 -9999.0 -9999.0 195.4 73.7 0.3 0.3 0.0 0.2 2.8 4.1 2.0 4.5 2.9 5.3 7.5 12.6 16.3 29.4 33.7 61.3 65.2 127.4 175.5 135.3 216.2 52.0 64.8 53.0 42.1 44.5 36.5 21.8 14.5 21.1 21.2 49.9 59.6 64.8 69.1 126.4 58.8 51.0 50.9 58.7 73.6 88.9 95.0 90.7 103.1 126.1 134.0 149.1 171.4 191.3
-9999.0 -9999.0 -9999.0 -9999.0 -9999.0 -9999.0 -9999.0 -9999.0 -9999.0 -9999.0 -9999.0 -9999.0 -9999.0 -9999.0 -9999.0 -9999.0 -9999.0 -9999.0 -9999.0 -9999.0 -9999.0 -9999.0 -9999.0 -9999.0 -9999.0 -9999.0 -9999.0 254.2 227.7 60.5 38.9 31.1 1.7 32.7 8.9 64.1 13.1 14.9 29.1 21.5 27.6 40.2 84.2 142.5 163.7 194.9 224.4 239.4 249.2 146.0 217.9 205.8 67.1 59.4 39.4 30.6 15.5 13.5 38.3 32.2 29.0 61.6 37.0 37.6 51.7 40.0 50.4 66.3 79.5 88.4 97.4 119.4 135.4 147.3 160.1 180.0 220.9
-9999.0 -9999.0 -9999.0 -9999.0 -9999.0 -9999.0 -9999.0 -9999.0 -9999.0 -9999.0 -9999.0 -9999.0 -9999.0 -9999.0 -9999.0 -9999.0 -9999.0 -9999.0 -9999.0 -9999.0 -9999.0 -9999.0 -9999.0 -9999.0 -9999.0 -9999.0 -9999.0 -9999.0 -9999.0 -9999.0 -9999.0 -9999.0 -9999.0 114.4 30.8 -9999.0 -9999.0 -9999.0 79.2 41.2 66.2 93.8 89.3 170.1 199.6 210.2 -9999.0 -9999.0 -9999.0 -9999.0 -9999.0 -9999.0 127.6 74.4 58.5 27.2 13.2 7.2 11.7 15.5 27.0 48.2 31.0 30.0 28.4 35.8 59.7 86.6 90.3 91.3 103.6 134.2 157.8 157.6 179.0 195.3 251.3
-9999.0 -9999.0 -9999.0 -9999.0 -9999.0 -9999.0 -9999.0 -9999.0 -9999.0 -9999.0 -9999.0 -9999.0 -9999.0 -9999.0 -9999.0 -9999.0 -9999.0 -9999.0 -9999.0 -9999.0 -9999.0 -9999.0 -9999.0 -9999.0 -9999.0 -9999.0 -9999.0 -9999.0 -9999.0 -9999.0 -9999.0 -9999.0 -9999.0 -9999.0 -9999.0 -9999.0 -9999.0 -9999.0 -9999.0 184.2 179.0 182.0 187.5 192.8 -9999.0 -9999.0 -9999.0 -9999.0 -9999.0 -9999.0 -9999.0 -9999.0 123.0 89.5 58.7 24.5 7.2 4.0 5.4 10.8 19.0 31.6 37.9 22.0 38.3 53.4 79.7 83.3 84.7 106.2 132.5 155.8 161.8 197.4 192.6 229.8 261.9
-9999.0 -9999.0 -9999.0 -9999.0 -9999.0 -9999.0 -9999.0 -9999.0 -9999.0 -9999.0 -9999.0 -9999.0 -9999.0 -9999.0 -9999.0 -9999.0 -9999.0 -9999.0 -9999.0 -9999.0 -9999.0 -9999.0 -9999.0 -9999.0 -9999.0 -9999.0 -9999.0 -9999.0 -9999.0 -9999.0 -9999.0 -9999.0 -9999.0 -9999.0 -9999.0 -9999.0 -9999.0 -9999.0 -9999.0 -9999.0 -9999.0 -9999.0 -9999.0 -9999.0 -9999.0 -9999.0 -9999.0 -9999.0 -9999.0 -9999.0 -9999.0 -9999.0 87.7 97.3 57.6 40.2 8.7 4.7 5.9 11.7 15.6 21.4 84.7 24.8 36.6 43.5 63.5 77.8 77.5 94.0 128.8 162.1 216.2 214.4 244.5 259.6 309.2
-9999.0 -9999.0 -9999.0 -9999.0 -9999.0 -9999.0 -9999.0 -9999.0 -9999.0 -9999.0 -9999.0 -9999.0 -9999.0 -9999.0 -9999.0 -9999.0 -9999.0 -9999.0 -9999.0 -9999.0 -9999.0 -9999.0 -9999.0 -9999.0 -9999.0 -9999.0 -9999.0 -9999.0 -9999.0 -9999.0 -9999.0 -9999.0 -9999.0 -9999.0 -9999.0 -9999.0 -9999.0 -9999.0 -9999.0 -9999.0 -9999.0 -9999.0 -9999.0 -9999.0 -9999.0 -9999.0 -9999.0 -9999.0 -9999.0 -9999.0 -9999.0 78.1 74.9 89.9 29.5 25.3 13.1 13.8 10.6 6.1 25.9 31.7 23.2 30.7 37.4 50.4 78.0 96.4 81.0 85.0 110.6 140.2 146.1 162.2 227.0 284.2 351.2
-9999.0 -9999.0 -9999.0 -9999.0 -9999.0 -9999.0 -9999.0 -9999.0 -9999.0 -9999.0 -9999.0 -9999.0 -9999.0 -9999.0 -9999.0 -9999.0 -9999.0 -9999.0 -9999.0 -9999.0 -9999.0 -9999.0 -9999.0 -9999.0 -9999.0 -9999.0 -9999.0 -9999.0 -9999.0 -9999.0 -9999.0 -9999.0 -9999.0 -9999.0 -9999.0 -9999.0 -9999.0 -9999.0 -9999.0 -9999.0 -9999.0 -9999.0 -9999.0 -9999.0 -9999.0 -9999.0 -9999.0 -9999.0 -9999.0 -9999.0 72.0 77.0 77.4 76.2 40.2 35.4 18.9 12.7 15.3 21.2 18.4 34.5 32.0 44.2 44.8 61.2 98.9 116.3 98.0 92.8 102.1 111.6 126.3 173.3 234.0 300.4 346.4
-9999.0 -9999.0 -9999.0 -9999.0 -9999.0 -9999.0 -9999.0 -9999.0 -9999.0 -9999.0 -9999.0 -9999.0 -9999.0 -9999.0 -9999.0 -9999.0 -9999.0 -9999.0 -9999.0 -9999.0 -9999.0 -9999.0 -9999.0 -9999.0 -9999.0 -9999.0 -9999.0 -9999.0 -9999.0 -9999.0 -9999.0 -9999.0 -9999.0 -9999.0 -9999.0 -9999.0 -9999.0 -9999.0 -9999.0 -9999.0 -9999.0 -9999.0 -9999.0 -9999.0 -9999.0 -9999.0 -9999.0 -9999.0 -9999.0 -9999.0 59.6 88.4 43.1 63.9 60.9 43.0 15.3 35.5 30.8 20.8 15.9 22.9 24.7 40.5 50.1 61.1 99.4 119.9 108.4 103.7 109.9 121.5 136.5 164.2 208.3 265.6 320.1
-9999.0 -9999.0 -9999.0 -9999.0 -9999.0 -9999.0 -9999.0 -9999.0 -9999.0 -9999.0 -9999.0 -9999.0 -9999.0 -9999.0 -9999.0 -9999.0 -9999.0 -9999.0 -9999.0 -9999.0 -9999.0 -9999.0 -9999.0 -9999.0 -9999.0 -9999.0 -9999.0 -9999.0 -9999.0 -9999.0 -9999.0 -9999.0 -9999.0 -9999.0 -9999.0 -9999.0 -9999.0 -9999.0 -9999.0 -9999.0 -9999.0 -9999.0 -9999.0 -9999.0 -9999.0 -9999.0 -9999.0 -9999.0 -9999.0 -9999.0 53.2 53.4 37.9 84.3 48.5 44.0 63.6 41.2 42.4 17.7 25.3 32.6 37.2 36.8 57.0 70.7 89.8 105.3 109.6 114.3 133.2 154.2 164.1 188.1 208.3 249.0 287.8
-9999.0 -9999.0 -9999.0 -9999.0 -9999.0 -9999.0 -9999.0 -9999.0 -9999.0 -9999.0 -9999.0 -9999.0 -9999.0 -9999.0 -9999.0 -9999.0 -9999.0 -9999.0 -9999.0 -9999.0 -9999.0 -9999.0 -9999.0 -9999.0 -9999.0 -9999.0 -9999.0 -9999.0 -9999.0 -9999.0 -9999.0 -9999.0 -9999.0 -9999.0 -9999.0 -9999.0 -9999.0 -9999.0 -9999.0 -9999.0 -9999.0 -9999.0 -9999.0 -9999.0 -9999.0 -9999.0 -9999.0 -9999.0 -9999.0 -9999.0 69.3 76.4 60.4 65.9 63.6 71.9 34.6 46.2 41.9 24.1 41.9 44.8 32.4 57.0 83.1 99.3 118.0 117.4 130.3 133.8 158.4 183.1 202.0 215.0 224.1 253.0 288.3
-9999.0 -9999.0 -9999.0 -9999.0 -9999.0 -9999.0 -9999.0 -9999.0 -9999.0 -9999.0 -9999.0 -9999.0 -9999.0 -9999.0 -9999.0 -9999.0 -9999.0 -9999.0 -9999.0 -9999.0 -9999.0 -9999.0 -9999.0 -9999.0 -9999.0 -9999.0 -9999.0 -9999.0 -9999.0 -9999.0 -9999.0 -9999.0 -9999.0 -9999.0 -9999.0 -9999.0 -9999.0 -9999.0 -9999.0 -9999.0 -9999.0 -9999.0 -9999.0 -9999.0 -9999.0 -9999.0 -9999.0 -9999.0 -9999.0 -9999.0 -9999.0 -9999.0 -9999.0 53.0 50.4 50.0 50.1 51.6 25.0 32.5 94.4 50.3 108.9 102.2 124.9 138.3 161.2 140.7 158.1 169.0 181.6 196.0 206.8 225.5 254.6 276.1 309.0
-9999.0 -9999.0 -9999.0 -9999.0 -9999.0 -9999.0 -9999.0 -9999.0 -9999.0 -9999.0 -9999.0 -9999.0 -9999.0 -9999.0 -9999.0 -9999.0 -9999.0 -9999.0 -9999.0 -9999.0 -9999.0 -9999.0 -9999.0 -9999.0 -9999.0 -9999.0 -9999.0 -9999.0 -9999.0 -9999.0 -9999.0 -9999.0 -9999.0 -9999.0 -9999.0 -9999.0 -9999.0 -9999.0 -9999.0 -9999.0 -9999.0 -9999.0 -9999.0 -9999.0 -9999.0 -9999.0 -9999.0 -9999.0 -9999.0 -9999.0 -9999.0 -9999.0 -9999.0 51.4 43.6 72.1 46.0 36.3 43.2 79.7 70.7 80.2 157.3 150.3 178.6 190.8 174.7 206.9 186.7 192.6 191.5 187.9 188.0 208.1 252.4 294.5 312.9
-9999.0 -9999.0 -9999.0 -9999.0 -9999.0 -9999.0 -9999.0 -9999.0 -9999.0 -9999.0 -9999.0 -9999.0 -9999.0 -9999.0 -9999.0 -9999.0 -9999.0 -9999.0 -9999.0 -9999.0 -9999.0 -9999.0 -9999.0 -9999.0 -9999.0 -9999.0 -9999.0 -9999.0 -9999.0 -9999.0 -9999.0 -9999.0 -9999.0 -9999.0 -9999.0 -9999.0 -9999.0 -9999.0 -9999.0 -9999.0 -9999.0 -9999.0 -9999.0 -9999.0 -9999.0 -9999.0 -9999.0 -9999.0 -9999.0 -9999.0 -9999.0 -9999.0 -9999.0 50.8 35.8 54.9 53.9 49.4 58.0 68.7 109.1 141.9 214.3 257.0 226.0 -9999.0 -9999.0 -9999.0 236.7 211.0 201.0 187.6 165.4 157.8 191.0 259.2 285.5
-9999.0 -9999.0 -9999.0 -9999.0 -9999.0 -9999.0 -9999.0 -9999.0 -9999.0 -9999.0 -9999.0 -9999.0 -9999.0 -9999.0 -9999.0 -9999.0 -9999.0 -9999.0 -9999.0 -9999.0 -9999.0 -9999.0 -9999.0 -9999.0 -9999.0 -9999.0 -9999.0 -9999.0 -9999.0 -9999.0 -9999.0 -9999.0 -9999.0 -9999.0 -9999.0 -9999.0 -9999.0 -9999.0 -9999.0 -9999.0 -9999.0 -9999.0 -9999.0 -9999.0 -9999.0 -9999.0 -9999.0 -9999.0 -9999.0 -9999.0 -9999.0 -9999.0 -9999.0 -9999.0 51.8 55.2 50.4 55.0 82.7 117.3 116.5 -9999.0 -9999.0 -9999.0 -9999.0 -9999.0 -9999.0 -9999.0 244.2 239.1 237.4 180.5 136.5 113.0 123.9 184.6 245.0
-9999.0 -9999.0 -9999.0 -9999.0 -9999.0 -9999.0 -9999.0 -9999.0 -9999.0 -9999.0 -9999.0 -9999.0 -9999.0 -9999.0 -9999.0 -9999.0 -9999.0 -9999.0 -9999.0 -9999.0 -9999.0 -9999.0 -9999.0 -9999.0 -9999.0 -9999.0 -9999.0 -9999.0 -9999.0 -9999.0 -9999.0 -9999.0 -9999.0 -9999.0 -9999.0 -9999.0 -9999.0 -9999.0 -9999.0 -9999.0 -9999.0 -9999.0 -9999.0 -9999.0 -9999.0 -9999.0 -9999.0 -9999.0 -9999.0 -9999.0 -9999.0 -9999.0 -9999.0 -9999.0 -9999.0 57.8 88.2 82.2 93.2 130.2 159.0 -9999.0 -9999.0 -9999.0 -9999.0 -9999.0 -9999.0 -9999.0 -9999.0 -9999.0 209.9 -9999.0 -9999.0 -9999.0 -9999.0 -9999.0 197.0
-9999.0 -9999.0 -9999.0 -9999.0 -9999.0 -9999.0 -9999.0 -9999.0 -9999.0 -9999.0 -9999.0 -9999.0 -9999.0 -9999.0 -9999.0 -9999.0 -9999.0 -9999.0 -9999.0 -9999.0 -9999.0 -9999.0 -9999.0 -9999.0 -9999.0 -9999.0 -9999.0 -9999.0 -9999.0 -9999.0 -9999.0 -9999.0 -9999.0 -9999.0 -9999.0 -9999.0 -9999.0 -9999.0 -9999.0 -9999.0 -9999.0 -9999.0 -9999.0 -9999.0 -9999.0 -9999.0 -9999.0 -9999.0 -9999.0 -9999.0 -9999.0 -9999.0 -9999.0 -9999.0 -9999.0 -9999.0 -9999.0 -9999.0 120.3 138.4 -9999.0 -9999.0 -9999.0 -9999.0 -9999.0 -9999.0 -9999.0 -9999.0 -9999.0 -9999.0 -9999.0 -9999.0 -9999.0 -9999.0 -9999.0 142.6 172.0
-9999.0 -9999.0 -9999.0 -9999.0 -9999.0 -9999.0 -9999.0 -9999.0 -9999.0 -9999.0 -9999.0 -9999.0 -9999.0 -9999.0 -9999.0 -9999.0 -9999.0 -9999.0 -9999.0 -9999.0 -9999.0 -9999.0 -9999.0 -9999.0 -9999.0 -9999.0 -9999.0 -9999.0 -9999.0 -9999.0 -9999.0 -9999.0 -9999.0 -9999.0 -9999.0 -9999.0 -9999.0 -9999.0 -9999.0 -9999.0 -9999.0 -9999.0 -9999.0 -9999.0 -9999.0 -9999.0 -9999.0 -9999.0 -9999.0 -9999.0 -9999.0 -9999.0 -9999.0 -9999.0 -9999.0 -9999.0 -9999.0 -9999.0 -9999.0 -9999.0 -9999.0 -9999.0 -9999.0 -9999.0 -9999.0 -9999.0 -9999.0 -9999.0 -9999.0 -9999.0 -9999.0 -9999.0 -9999.0 -9999.0 -9999.0 -9999.0 -9999.0
-9999.0 -9999.0 -9999.0 -9999.0 -9999.0 -9999.0 -9999.0 -9999.0 -9999.0 -9999.0 -9999.0 -9999.0 -9999.0 -9999.0 -9999.0 -9999.0 -9999.0 -9999.0 -9999.0 -9999.0 -9999.0 -9999.0 -9999.0 -9999.0 -9999.0 -9999.0 -9999.0 -9999.0 -9999.0 -9999.0 -9999.0 -9999.0 -9999.0 -9999.0 -9999.0 -9999.0 -9999.0 -9999.0 -9999.0 -9999.0 -9999.0 -9999.0 -9999.0 -9999.0 -9999.0 -9999.0 -9999.0 -9999.0 -9999.0 -9999.0 -9999.0 -9999.0 -9999.0 -9999.0 -9999.0 -9999.0 -9999.0 -9999.0 -9999.0 -9999.0 -9999.0 -9999.0 -9999.0 -9999.0 -9999.0 -9999.0 -9999.0 -9999.0 -9999.0 -9999.0 -9999.0 -9999.0 -9999.0 -9999.0 -9999.0 195.3 199.1
-9999.0 -9999.0 -9999.0 -9999.0 -9999.0 -9999.0 -9999.0 -9999.0 -9999.0 -9999.0 -9999.0 -9999.0 -9999.0 -9999.0 -9999.0 -9999.0 -9999.0 -9999.0 -9999.0 -9999.0 -9999.0 -9999.0 -9999.0 -9999.0 -9999.0 -9999.0 -9999.0 -9999.0 -9999.0 -9999.0 -9999.0 -9999.0 -9999.0 -9999.0 -9999.0 -9999.0 -9999.0 -9999.0 -9999.0 -9999.0 -9999.0 -9999.0 -9999.0 -9999.0 -9999.0 -9999.0 -9999.0 -9999.0 -9999.0 -9999.0 -9999.0 -9999.0 -9999.0 -9999.0 -9999.0 -9999.0 -9999.0 -9999.0 -9999.0 -9999.0 -9999.0 -9999.0 -9999.0 -9999.0 -9999.0 -9999.0 -9999.0 -9999.0 -9999.0 -9999.0 -9999.0 -9999.0 -9999.0 102.8 191.2 208.4 240.1
