program/excelProcessViaJava/data/SURF_CLI_CHN_PRE_MON_GRID_0.5-199705.txt
NCOLS      128
NROWS       72
XLLCORNER    72.000000000000    
YLLCORNER    18.000000000000    
CELLSIZE    0.50000000000000    
NODATA_VALUE   -9999.000    
[rows 34 to 67 of 72, columns 0 to 75 of 128]
-9999.0 -9999.0 -9999.0 -9999.0 8.8 9.8 12.2 12.2 15.4 17.1 12.7 19.8 18.9 19.6 8.1 9.4 10.2 5.9 2.8 1.4 1.5 1.8 3.0 7.7 11.7 13.4 14.9 17.0 19.3 21.5 23.5 25.0 26.0 26.2 26.2 24.5 25.1 25.4 20.9 16.9 18.4 12.7 10.9 8.2 6.2 5.1 5.5 7.6 11.0 15.5 19.3 26.0 49.6 50.6 48.7 50.2 50.3 55.2 60.2 47.8 57.9 49.0 40.2 29.5 16.2 8.2 12.3 6.6 6.7 13.5 13.9 18.2 20.3 23.2 27.6 29.4
-9999.0 -9999.0 -9999.0 -9999.0 -9999.0 -9999.0 -9999.0 10.4 12.2 12.5 14.4 15.2 15.1 16.1 16.1 7.8 12.6 8.3 5.9 6.7 9.3 10.6 10.9 11.3 12.4 14.0 15.9 18.0 20.2 22.2 24.4 26.2 27.5 28.3 28.8 27.5 28.0 25.7 26.3 25.0 17.2 22.7 19.6 13.7 8.6 5.4 7.6 9.7 15.7 17.0 18.7 24.3 37.6 56.2 57.2 46.7 45.8 47.4 64.0 55.9 59.8 46.7 35.1 26.6 23.2 15.9 17.5 16.7 12.1 14.5 15.3 16.9 20.1 22.4 26.4 27.8
-9999.0 -9999.0 -9999.0 -9999.0 -9999.0 -9999.0 -9999.0 8.9 8.0 10.2 11.0 11.2 11.9 12.2 12.3 12.1 11.9 11.3 11.3 10.2 9.8 10.6 10.9 11.9 13.2 14.9 17.0 18.9 21.4 23.8 25.4 27.3 28.9 30.2 30.2 30.0 28.5 28.0 25.8 22.9 21.3 19.3 18.6 22.9 13.5 9.1 12.5 16.5 28.3 30.7 45.5 47.5 41.2 48.6 54.3 50.6 54.8 63.5 67.7 65.8 64.2 54.5 35.1 26.5 20.7 20.9 21.8 18.9 21.0 12.5 15.5 18.7 20.2 20.5 20.6 21.5
-9999.0 -9999.0 -9999.0 -9999.0 -9999.0 -9999.0 -9999.0 -9999.0 -9999.0 7.5 7.8 7.9 8.9 9.1 9.1 9.0 9.4 9.6 9.5 10.0 10.1 10.2 11.1 12.4 14.0 15.9 17.9 20.0 22.4 23.9 26.8 28.5 30.2 31.6 32.0 31.8 30.5 29.3 25.9 24.0 20.4 19.6 17.5 15.5 17.7 18.5 21.1 24.7 31.1 37.3 45.4 46.0 45.6 46.4 52.3 53.3 60.0 69.0 68.7 69.1 67.4 58.6 49.0 26.3 23.6 22.3 22.2 21.1 25.1 15.5 17.4 15.7 16.4 16.7 16.7 15.0
-9999.0 -9999.0 -9999.0 -9999.0 -9999.0 -9999.0 -9999.0 -9999.0 -9999.0 -9999.0 -9999.0 6.3 5.3 6.8 6.7 7.1 7.3 7.6 8.0 8.7 9.7 10.5 11.8 13.2 14.9 16.8 18.5 20.3 22.4 24.7 26.8 28.5 31.2 33.1 34.4 36.0 34.1 32.2 33.9 25.9 24.5 20.1 17.5 16.6 23.7 20.7 31.6 31.2 39.4 43.9 43.8 46.6 47.9 50.7 53.6 55.1 61.8 66.1 70.1 70.7 64.5 64.3 56.7 41.1 35.4 19.1 19.8 25.4 26.5 24.7 20.4 19.0 14.5 13.3 12.5 11.8
-9999.0 -9999.0 -9999.0 -9999.0 -9999.0 -9999.0 -9999.0 -9999.0 -9999.0 -9999.0 -9999.0 -9999.0 3.8 4.0 5.1 5.1 6.2 6.4 7.2 8.5 9.0 10.6 12.3 14.1 15.1 17.7 19.6 20.5 22.3 23.3 26.2 28.8 31.5 34.1 36.9 38.5 40.7 37.2 32.4 26.9 22.7 20.3 19.6 22.6 24.4 29.2 36.3 34.5 41.9 48.1 57.2 56.6 53.0 52.7 56.8 60.6 63.6 63.4 77.7 66.2 68.4 60.6 58.5 58.0 40.9 48.6 31.8 37.7 39.0 39.1 22.6 11.8 11.1 14.4 17.3 26.8
-9999.0 -9999.0 -9999.0 -9999.0 -9999.0 -9999.0 -9999.0 -9999.0 -9999.0 -9999.0 -9999.0 -9999.0 3.6 2.5 2.6 4.0 3.9 5.0 6.6 7.7 9.2 11.1 13.0 15.0 17.0 18.5 19.8 21.4 22.0 23.8 25.0 26.9 30.6 34.5 38.3 41.5 44.4 44.6 40.5 34.4 27.3 24.1 28.5 25.2 32.8 41.4 40.2 42.3 40.7 52.4 54.9 58.5 55.8 60.8 65.6 71.1 76.9 76.9 84.9 84.8 84.6 81.6 73.3 72.9 63.5 62.6 44.6 43.4 39.5 45.3 65.0 84.3 82.4 54.9 43.0 32.5
-9999.0 -9999.0 -9999.0 -9999.0 -9999.0 -9999.0 -9999.0 -9999.0 -9999.0 -9999.0 -9999.0 -9999.0 -9999.0 2.2 3.1 2.3 3.6 4.1 5.3 7.0 9.1 11.1 13.6 15.9 17.8 18.1 18.8 18.6 19.8 21.0 23.2 25.9 28.5 33.1 38.9 43.8 47.6 49.6 53.8 45.9 39.1 37.3 35.0 42.0 41.0 43.6 53.0 59.6 62.2 61.4 61.2 57.2 59.4 72.0 74.5 80.9 89.5 90.6 84.5 90.0 92.7 101.7 99.6 113.3 85.4 83.8 84.3 73.0 64.5 56.3 38.3 58.5 91.9 83.2 76.9 55.8
-9999.0 -9999.0 -9999.0 -9999.0 -9999.0 -9999.0 -9999.0 -9999.0 -9999.0 -9999.0 -9999.0 -9999.0 1.5 2.3 2.4 2.2 3.7 4.2 5.5 6.6 8.9 11.5 14.2 16.6 18.5 18.2 18.6 18.8 18.6 18.6 20.1 23.2 25.4 31.3 37.5 44.5 51.0 53.6 52.9 49.9 54.1 57.6 61.1 45.8 53.7 60.3 61.9 59.2 62.2 62.5 68.6 72.8 66.0 74.1 79.8 88.7 94.5 116.8 110.2 117.3 119.5 120.7 132.6 133.0 134.2 116.2 97.0 87.6 92.7 117.6 128.1 123.8 97.7 57.7 48.8 46.9
-9999.0 -9999.0 -9999.0 -9999.0 -9999.0 -9999.0 -9999.0 -9999.0 -9999.0 -9999.0 -9999.0 -9999.0 1.6 0.9 1.4 3.2 3.7 3.6 5.0 7.4 9.2 12.2 14.7 16.9 18.6 19.2 18.5 17.5 16.6 16.8 17.7 19.4 21.8 28.6 35.4 42.9 50.4 56.2 57.5 52.4 51.2 48.9 50.3 55.8 62.7 71.0 81.3 78.6 73.4 56.3 57.7 68.6 65.5 70.8 79.8 89.1 100.2 109.9 121.8 124.0 130.8 139.1 157.4 149.8 136.9 117.6 117.6 99.2 85.2 91.0 108.2 117.9 114.2 128.1 122.4 80.6
-9999.0 -9999.0 -9999.0 -9999.0 -9999.0 -9999.0 -9999.0 -9999.0 -9999.0 -9999.0 -9999.0 -9999.0 0.6 1.5 1.0 1.8 2.5 4.8 5.7 7.8 10.5 12.6 15.1 16.6 17.8 16.6 15.9 13.7 13.9 13.4 14.0 14.4 19.2 25.2 31.9 39.4 47.8 55.0 58.0 61.0 59.3 55.7 73.9 54.3 71.2 86.7 89.9 77.7 60.8 57.3 58.5 55.0 81.0 86.2 83.2 79.3 95.0 108.2 119.6 127.1 140.2 155.1 170.9 144.5 91.0 107.6 100.4 88.8 85.0 81.9 90.4 141.1 149.4 162.5 208.0 142.4
-9999.0 -9999.0 -9999.0 -9999.0 -9999.0 -9999.0 -9999.0 -9999.0 -9999.0 -9999.0 -9999.0 -9999.0 -9999.0 2.5 2.6 2.0 3.1 4.1 6.6 8.9 11.4 13.4 15.1 16.0 17.2 16.2 14.6 13.0 10.8 11.0 9.9 11.6 14.2 20.2 26.1 32.5 42.1 51.5 59.3 64.0 69.0 88.1 97.9 93.3 75.4 76.8 82.9 57.5 68.2 59.0 45.5 62.6 61.8 58.2 81.4 89.4 80.3 92.7 113.6 138.4 149.0 176.2 178.6 91.0 79.3 84.0 77.7 72.0 72.9 86.8 94.5 108.5 154.5 109.1 132.9 107.2
-9999.0 -9999.0 -9999.0 -9999.0 -9999.0 -9999.0 -9999.0 -9999.0 -9999.0 -9999.0 -9999.0 -9999.0 -9999.0 0.6 2.8 2.4 4.9 4.8 6.9 9.6 12.6 14.4 15.7 16.5 17.2 15.5 13.3 11.5 9.2 7.4 7.2 8.3 11.7 15.5 19.7 26.5 35.4 45.6 58.0 75.5 82.2 93.8 100.8 100.0 110.5 84.0 74.3 49.3 46.9 41.8 48.1 33.0 52.6 69.6 83.1 84.6 78.5 89.6 114.2 99.1 149.9 121.1 71.8 81.5 86.4 82.3 71.2 65.3 76.0 90.3 103.7 123.4 136.6 141.6 134.0 142.6
-9999.0 -9999.0 -9999.0 -9999.0 -9999.0 -9999.0 -9999.0 -9999.0 -9999.0 -9999.0 -9999.0 -9999.0 -9999.0 -9999.0 -9999.0 3.2 4.1 6.6 8.2 10.4 14.0 15.9 17.4 17.9 17.0 15.3 12.4 10.0 7.9 6.4 5.9 6.9 8.5 11.6 16.1 20.9 29.2 36.0 50.5 67.3 86.3 100.0 104.0 97.1 70.8 56.6 61.1 35.8 39.5 21.6 26.5 51.2 38.7 50.3 36.8 70.7 82.8 71.4 119.3 141.9 101.8 78.6 99.0 109.5 116.3 109.2 86.6 73.7 90.5 115.3 128.0 134.9 167.9 162.4 133.1 174.3
-9999.0 -9999.0 -9999.0 -9999.0 -9999.0 -9999.0 -9999.0 -9999.0 -9999.0 -9999.0 -9999.0 -9999.0 -9999.0 -9999.0 -9999.0 -9999.0 -9999.0 0.9 6.2 -9999.0 13.8 18.1 19.4 20.0 18.7 16.6 13.6 10.5 7.9 6.1 5.3 6.7 7.7 13.1 17.9 15.1 22.7 22.2 37.8 55.3 72.5 91.2 89.8 79.7 51.3 50.0 68.9 53.9 26.1 25.7 17.7 18.5 18.7 41.6 55.0 67.1 65.4 98.8 113.6 135.5 80.9 79.0 101.5 126.0 134.9 131.4 109.9 96.2 114.9 135.3 137.8 168.7 180.6 146.9 154.6 184.6
-9999.0 -9999.0 -9999.0 -9999.0 -9999.0 -9999.0 -9999.0 -9999.0 -9999.0 -9999.0 -9999.0 -9999.0 -9999.0 -9999.0 -9999.0 -9999.0 -9999.0 -9999.0 -9999.0 -9999.0 -9999.0 20.2 22.4 22.5 21.6 20.2 16.8 13.0 9.3 7.1 5.7 8.2 10.9 12.9 14.8 10.6 10.4 13.0 18.6 22.1 28.5 73.0 78.7 69.4 43.4 48.7 89.5 35.5 44.5 99.9 19.3 41.6 40.8 21.1 35.6 59.0 72.5 76.0 122.1 120.9 71.4 71.8 79.4 101.7 124.0 124.4 113.5 106.3 121.7 138.0 144.5 163.7 162.9 134.7 137.0 155.8
-9999.0 -9999.0 -9999.0 -9999.0 -9999.0 -9999.0 -9999.0 -9999.0 -9999.0 -9999.0 -9999.0 -9999.0 -9999.0 -9999.0 -9999.0 -9999.0 -9999.0 -9999.0 -9999.0 -9999.0 -9999.0 -9999.0 -9999.0 24.9 26.3 24.4 21.1 16.7 12.4 9.4 7.6 7.6 9.2 9.9 10.3 9.7 12.3 9.5 22.9 37.3 44.1 60.9 44.2 33.1 37.0 88.0 54.3 46.5 55.8 57.6 25.3 28.9 19.3 22.0 20.6 18.6 50.6 80.0 67.9 108.4 80.8 82.4 74.4 65.6 82.2 101.4 104.6 104.7 114.8 130.7 150.8 160.5 160.2 169.2 152.5 167.4
-9999.0 -9999.0 -9999.0 -9999.0 -9999.0 -9999.0 -9999.0 -9999.0 -9999.0 -9999.0 -9999.0 -9999.0 -9999.0 -9999.0 -9999.0 -9999.0 -9999.0 -9999.0 -9999.0 -9999.0 -9999.0 -9999.0 -9999.0 -9999.0 -9999.0 24.9 27.8 22.3 18.0 16.6 11.9 10.9 11.8 11.6 10.7 11.9 21.8 11.1 25.7 23.6 45.9 30.2 16.1 23.1 57.9 89.4 88.7 131.4 38.2 56.5 34.7 28.0 31.3 28.3 17.5 18.9 37.2 46.3 78.4 91.5 98.2 92.4 136.2 55.0 70.7 89.3 97.8 98.2 111.7 132.9 147.6 160.1 155.5 191.5 204.3 201.4
-9999.0 -9999.0 -9999.0 -9999.0 -9999.0 -9999.0 -9999.0 -9999.0 -9999.0 -9999.0 -9999.0 -9999.0 -9999.0 -9999.0 -9999.0 -9999.0 -9999.0 -9999.0 -9999.0 -9999.0 -9999.0 -9999.0 -9999.0 -9999.0 -9999.0 -9999.0 -9999.0 23.0 22.4 21.6 18.2 16.6 16.4 14.7 13.3 8.5 8.7 8.4 4.6 13.3 27.3 10.1 17.6 42.6 62.5 87.4 110.8 130.9 147.7 109.2 145.6 130.7 35.9 30.7 22.3 24.6 27.2 37.5 60.3 64.5 55.7 92.8 60.6 66.3 76.1 76.0 91.2 104.8 114.9 131.3 148.7 172.4 160.3 194.3 204.7 221.3
-9999.0 -9999.0 -9999.0 -9999.0 -9999.0 -9999.0 -9999.0 -9999.0 -9999.0 -9999.0 -9999.0 -9999.0 -9999.0 -9999.0 -9999.0 -9999.0 -9999.0 -9999.0 -9999.0 -9999.0 -9999.0 -9999.0 -9999.0 -9999.0 -9999.0 -9999.0 -9999.0 -9999.0 -9999.0 -9999.0 -9999.0 -9999.0 -9999.0 14.4 15.3 -9999.0 -9999.0 -9999.0 5.4 7.6 7.2 12.5 17.4 43.8 63.4 82.9 -9999.0 -9999.0 -9999.0 -9999.0 -9999.0 -9999.0 76.6 36.2 36.2 29.4 29.0 35.0 39.7 42.7 56.3 76.3 67.1 71.6 75.7 80.6 82.6 86.9 105.9 130.1 142.1 161.0 168.0 167.3 192.5 206.8
-9999.0 -9999.0 -9999.0 -9999.0 -9999.0 -9999.0 -9999.0 -9999.0 -9999.0 -9999.0 -9999.0 -9999.0 -9999.0 -9999.0 -9999.0 -9999.0 -9999.0 -9999.0 -9999.0 -9999.0 -9999.0 -9999.0 -9999.0 -9999.0 -9999.0 -9999.0 -9999.0 -9999.0 -9999.0 -9999.0 -9999.0 -9999.0 -9999.0 -9999.0 -9999.0 -9999.0 -9999.0 -9999.0 -9999.0 10.5 14.4 20.6 29.8 42.1 -9999.0 -9999.0 -9999.0 -9999.0 -9999.0 -9999.0 -9999.0 -9999.0 84.2 47.5 38.1 32.2 26.7 24.1 23.4 28.5 38.3 51.4 55.5 58.5 72.7 89.7 95.7 94.4 103.0 119.8 138.3 138.5 126.0 132.0 150.2 162.9
-9999.0 -9999.0 -9999.0 -9999.0 -9999.0 -9999.0 -9999.0 -9999.0 -9999.0 -9999.0 -9999.0 -9999.0 -9999.0 -9999.0 -9999.0 -9999.0 -9999.0 -9999.0 -9999.0 -9999.0 -9999.0 -9999.0 -9999.0 -9999.0 -9999.0 -9999.0 -9999.0 -9999.0 -9999.0 -9999.0 -9999.0 -9999.0 -9999.0 -9999.0 -9999.0 -9999.0 -9999.0 -9999.0 -9999.0 -9999.0 -9999.0 -9999.0 -9999.0 -9999.0 -9999.0 -9999.0 -9999.0 -9999.0 -9999.0 -9999.0 -9999.0 -9999.0 96.7 60.7 46.9 36.3 22.2 16.9 17.3 26.0 31.4 33.9 58.1 41.5 66.5 116.5 127.2 110.9 108.5 116.1 121.6 115.9 119.4 102.8 109.1 153.9
-9999.0 -9999.0 -9999.0 -9999.0 -9999.0 -9999.0 -9999.0 -9999.0 -9999.0 -9999.0 -9999.0 -9999.0 -9999.0 -9999.0 -9999.0 -9999.0 -9999.0 -9999.0 -9999.0 -9999.0 -9999.0 -9999.0 -9999.0 -9999.0 -9999.0 -9999.0 -9999.0 -9999.0 -9999.0 -9999.0 -9999.0 -9999.0 -9999.0 -9999.0 -9999.0 -9999.0 -9999.0 -9999.0 -9999.0 -9999.0 -9999.0 -9999.0 -9999.0 -9999.0 -9999.0 -9999.0 -9999.0 -9999.0 -9999.0 -9999.0 -9999.0 102.3 98.6 74.5 48.5 33.5 20.8 19.8 17.5 18.3 37.3 32.4 21.8 29.3 65.0 135.3 154.6 148.9 134.3 131.3 121.1 107.4 105.7 129.4 136.2 175.8
-9999.0 -9999.0 -9999.0 -9999.0 -9999.0 -9999.0 -9999.0 -9999.0 -9999.0 -9999.0 -9999.0 -9999.0 -9999.0 -9999.0 -9999.0 -9999.0 -9999.0 -9999.0 -9999.0 -9999.0 -9999.0 -9999.0 -9999.0 -9999.0 -9999.0 -9999.0 -9999.0 -9999.0 -9999.0 -9999.0 -9999.0 -9999.0 -9999.0 -9999.0 -9999.0 -9999.0 -9999.0 -9999.0 -9999.0 -9999.0 -9999.0 -9999.0 -9999.0 -9999.0 -9999.0 -9999.0 -9999.0 -9999.0 -9999.0 -9999.0 72.3 108.7 101.5 83.7 54.7 40.1 24.1 17.9 21.4 34.0 37.0 32.0 18.5 22.8 58.2 130.9 170.8 184.8 177.2 169.7 142.3 121.3 126.6 137.7 141.2 146.9
-9999.0 -9999.0 -9999.0 -9999.0 -9999.0 -9999.0 -9999.0 -9999.0 -9999.0 -9999.0 -9999.0 -9999.0 -9999.0 -9999.0 -9999.0 -9999.0 -9999.0 -9999.0 -9999.0 -9999.0 -9999.0 -9999.0 -9999.0 -9999.0 -9999.0 -9999.0 -9999.0 -9999.0 -9999.0 -9999.0 -9999.0 -9999.0 -9999.0 -9999.0 -9999.0 -9999.0 -9999.0 -9999.0 -9999.0 -9999.0 -9999.0 -9999.0 -9999.0 -9999.0 -9999.0 -9999.0 -9999.0 -9999.0 -9999.0 -9999.0 59.8 116.8 74.7 84.5 68.5 47.7 30.5 35.1 36.8 37.5 33.8 27.6 18.0 22.4 48.2 119.9 172.4 211.7 219.8 208.5 174.4 144.8 144.6 168.9 173.1 179.6
-9999.0 -9999.0 -9999.0 -9999.0 -9999.0 -9999.0 -9999.0 -9999.0 -9999.0 -9999.0 -9999.0 -9999.0 -9999.0 -9999.0 -9999.0 -9999.0 -9999.0 -9999.0 -9999.0 -9999.0 -9999.0 -9999.0 -9999.0 -9999.0 -9999.0 -9999.0 -9999.0 -9999.0 -9999.0 -9999.0 -9999.0 -9999.0 -9999.0 -9999.0 -9999.0 -9999.0 -9999.0 -9999.0 -9999.0 -9999.0 -9999.0 -9999.0 -9999.0 -9999.0 -9999.0 -9999.0 -9999.0 -9999.0 -9999.0 -9999.0 44.1 69.0 54.0 100.6 61.8 51.9 58.5 46.9 50.2 36.6 36.0 28.8 20.0 22.2 42.1 86.8 150.9 203.2 231.7 222.9 197.6 165.7 169.6 160.3 169.3 163.2
-9999.0 -9999.0 -9999.0 -9999.0 -9999.0 -9999.0 -9999.0 -9999.0 -9999.0 -9999.0 -9999.0 -9999.0 -9999.0 -9999.0 -9999.0 -9999.0 -9999.0 -9999.0 -9999.0 -9999.0 -9999.0 -9999.0 -9999.0 -9999.0 -9999.0 -9999.0 -9999.0 -9999.0 -9999.0 -9999.0 -9999.0 -9999.0 -9999.0 -9999.0 -9999.0 -9999.0 -9999.0 -9999.0 -9999.0 -9999.0 -9999.0 -9999.0 -9999.0 -9999.0 -9999.0 -9999.0 -9999.0 -9999.0 -9999.0 -9999.0 69.3 95.8 77.9 85.3 76.5 75.9 45.8 55.9 56.2 41.2 39.4 26.5 14.9 21.6 35.0 61.6 104.2 166.2 208.9 225.4 205.9 190.8 181.8 164.3 175.4 177.6
-9999.0 -9999.0 -9999.0 -9999.0 -9999.0 -9999.0 -9999.0 -9999.0 -9999.0 -9999.0 -9999.0 -9999.0 -9999.0 -9999.0 -9999.0 -9999.0 -9999.0 -9999.0 -9999.0 -9999.0 -9999.0 -9999.0 -9999.0 -9999.0 -9999.0 -9999.0 -9999.0 -9999.0 -9999.0 -9999.0 -9999.0 -9999.0 -9999.0 -9999.0 -9999.0 -9999.0 -9999.0 -9999.0 -9999.0 -9999.0 -9999.0 -9999.0 -9999.0 -9999.0 -9999.0 -9999.0 -9999.0 -9999.0 -9999.0 -9999.0 -9999.0 -9999.0 -9999.0 67.8 65.6 62.5 61.5 64.8 49.4 50.8 64.7 29.2 33.8 28.1 32.7 51.7 84.9 153.8 199.4 212.2 197.0 197.2 197.7 180.3 174.8 219.2
-9999.0 -9999.0 -9999.0 -9999.0 -9999.0 -9999.0 -9999.0 -9999.0 -9999.0 -9999.0 -9999.0 -9999.0 -9999.0 -9999.0 -9999.0 -9999.0 -9999.0 -9999.0 -9999.0 -9999.0 -9999.0 -9999.0 -9999.0 -9999.0 -9999.0 -9999.0 -9999.0 -9999.0 -9999.0 -9999.0 -9999.0 -9999.0 -9999.0 -9999.0 -9999.0 -9999.0 -9999.0 -9999.0 -9999.0 -9999.0 -9999.0 -9999.0 -9999.0 -9999.0 -9999.0 -9999.0 -9999.0 -9999.0 -9999.0 -9999.0 -9999.0 -9999.0 -9999.0 66.6 58.9 94.2 65.2 58.5 68.0 84.9 64.0 51.4 55.8 55.4 54.8 66.5 118.5 133.0 180.7 189.2 188.3 204.2 204.7 179.3 167.3 191.6
-9999.0 -9999.0 -9999.0 -9999.0 -9999.0 -9999.0 -9999.0 -9999.0 -9999.0 -9999.0 -9999.0 -9999.0 -9999.0 -9999.0 -9999.0 -9999.0 -9999.0 -9999.0 -9999.0 -9999.0 -9999.0 -9999.0 -9999.0 -9999.0 -9999.0 -9999.0 -9999.0 -9999.0 -9999.0 -9999.0 -9999.0 -9999.0 -9999.0 -9999.0 -9999.0 -9999.0 -9999.0 -9999.0 -9999.0 -9999.0 -9999.0 -9999.0 -9999.0 -9999.0 -9999.0 -9999.0 -9999.0 -9999.0 -9999.0 -9999.0 -9999.0 -9999.0 -9999.0 65.4 45.3 79.1 78.8 72.7 76.8 75.6 84.3 77.9 78.6 66.7 89.3 -9999.0 -9999.0 -9999.0 164.8 183.8 201.5 216.7 209.8 181.0 167.7 190.9
-9999.0 -9999.0 -9999.0 -9999.0 -9999.0 -9999.0 -9999.0 -9999.0 -9999.0 -9999.0 -9999.0 -9999.0 -9999.0 -9999.0 -9999.0 -9999.0 -9999.0 -9999.0 -9999.0 -9999.0 -9999.0 -9999.0 -9999.0 -9999.0 -9999.0 -9999.0 -9999.0 -9999.0 -9999.0 -9999.0 -9999.0 -9999.0 -9999.0 -9999.0 -9999.0 -9999.0 -9999.0 -9999.0 -9999.0 -9999.0 -9999.0 -9999.0 -9999.0 -9999.0 -9999.0 -9999.0 -9999.0 -9999.0 -9999.0 -9999.0 -9999.0 -9999.0 -9999.0 -9999.0 67.4 74.1 64.9 61.3 77.2 87.6 58.5 -9999.0 -9999.0 -9999.0 -9999.0 -9999.0 -9999.0 -9999.0 163.6 188.0 210.1 237.9 221.1 180.1 174.9 221.5
-9999.0 -9999.0 -9999.0 -9999.0 -9999.0 -9999.0 -9999.0 -9999.0 -9999.0 -9999.0 -9999.0 -9999.0 -9999.0 -9999.0 -9999.0 -9999.0 -9999.0 -9999.0 -9999.0 -9999.0 -9999.0 -9999.0 -9999.0 -9999.0 -9999.0 -9999.0 -9999.0 -9999.0 -9999.0 -9999.0 -9999.0 -9999.0 -9999.0 -9999.0 -9999.0 -9999.0 -9999.0 -9999.0 -9999.0 -9999.0 -9999.0 -9999.0 -9999.0 -9999.0 -9999.0 -9999.0 -9999.0 -9999.0 -9999.0 -9999.0 -9999.0 -9999.0 -9999.0 -9999.0 -9999.0 61.5 92.2 65.4 49.9 58.2 54.5 -9999.0 -9999.0 -9999.0 -9999.0 -9999.0 -9999.0 -9999.0 -9999.0 -9999.0 218.1 -9999.0 -9999.0 -9999.0 -9999.0 -9999.0
-9999.0 -9999.0 -9999.0 -9999.0 -9999.0 -9999.0 -9999.0 -9999.0 -9999.0 -9999.0 -9999.0 -9999.0 -9999.0 -9999.0 -9999.0 -9999.0 -9999.0 -9999.0 -9999.0 -9999.0 -9999.0 -9999.0 -9999.0 -9999.0 -9999.0 -9999.0 -9999.0 -9999.0 -9999.0 -9999.0 -9999.0 -9999.0 -9999.0 -9999.0 -9999.0 -9999.0 -9999.0 -9999.0 -9999.0 -9999.0 -9999.0 -9999.0 -9999.0 -9999.0 -9999.0 -9999.0 -9999.0 -9999.0 -9999.0 -9999.0 -9999.0 -9999.0 -9999.0 -9999.0 -9999.0 -9999.0 -9999.0 -9999.0 47.0 34.8 -9999.0 -9999.0 -9999.0 -9999.0 -9999.0 -9999.0 -9999.0 -9999.0 -9999.0 -9999.0 -9999.0 -9999.0 -9999.0 -9999.0 -9999.0 238.1
-9999.0 -9999.0 -9999.0 -9999.0 -9999.0 -9999.0 -9999.0 -9999.0 -9999.0 -9999.0 -9999.0 -9999.0 -9999.0 -9999.0 -9999.0 -9999.0 -9999.0 -9999.0 -9999.0 -9999.0 -9999.0 -9999.0 -9999.0 -9999.0 -9999.0 -9999.0 -9999.0 -9999.0 -9999.0 -9999.0 -9999.0 -9999.0 -9999.0 -9999.0 -9999.0 -9999.0 -9999.0 -9999.0 -9999.0 -9999.0 -9999.0 -9999.0 -9999.0 -9999.0 -9999.0 -9999.0 -9999.0 -9999.0 -9999.0 -9999.0 -9999.0 -9999.0 -9999.0 -9999.0 -9999.0 -9999.0 -9999.0 -9999.0 -9999.0 -9999.0 -9999.0 -9999.0 -9999.0 -9999.0 -9999.0 -9999.0 -9999.0 -9999.0 -9999.0 -9999.0 -9999.0 -9999.0 -9999.0 -9999.0 -9999.0 -9999.0
