program/excelProcessViaJava/data/SURF_CLI_CHN_PRE_MON_GRID_0.5-198711.txt
NCOLS      128
NROWS       72
XLLCORNER    72.000000000000    
YLLCORNER    18.000000000000    
CELLSIZE    0.50000000000000    
NODATA_VALUE   -9999.000    
[rows 35 to 69 of 72, columns 0 to 78 of 128]
-9999.0 -9999.0 -9999.0 -9999.0 -9999.0 -9999.0 -9999.0 0.3 1.7 0.9 5.7 5.6 1.8 2.4 2.1 0.2 0.4 0.2 0.2 0.1 0.1 0.2 0.1 0.1 0.0 0.0 0.0 0.0 0.0 0.1 0.1 0.1 0.2 0.3 0.5 0.7 0.9 1.0 1.2 1.2 1.0 1.0 0.7 0.5 0.5 0.5 0.2 0.2 0.2 0.7 1.8 2.4 1.6 1.0 1.4 1.7 1.5 1.5 3.3 2.0 2.9 0.3 0.2 0.3 1.1 2.0 4.9 9.0 13.1 21.5 29.6 36.5 39.9 34.1 25.2 21.7 17.5 21.5 25.6
-9999.0 -9999.0 -9999.0 -9999.0 -9999.0 -9999.0 -9999.0 3.1 0.1 1.6 3.1 1.8 2.8 5.0 2.4 5.6 1.4 0.9 1.6 0.4 0.2 0.2 0.1 0.1 0.1 0.1 0.0 0.1 0.1 0.1 0.1 0.2 0.2 0.4 0.5 0.6 0.8 0.9 0.9 0.9 0.9 0.8 0.7 0.6 0.4 0.4 0.3 0.3 0.3 0.5 0.5 0.8 1.9 1.5 1.5 1.9 1.6 1.6 2.3 2.7 1.9 1.2 0.7 1.2 1.6 2.7 4.1 6.5 13.3 16.4 27.9 39.2 45.2 41.6 27.0 26.2 22.8 21.1 21.7
-9999.0 -9999.0 -9999.0 -9999.0 -9999.0 -9999.0 -9999.0 -9999.0 -9999.0 0.8 0.9 0.8 2.9 2.6 1.7 1.2 1.7 4.1 1.2 1.8 0.6 0.2 0.1 0.1 0.1 0.1 0.1 0.1 0.1 0.1 0.1 0.2 0.2 0.3 0.4 0.5 0.6 0.7 0.7 0.7 0.6 0.6 0.5 0.5 0.4 0.4 0.4 0.4 0.5 0.7 0.8 1.2 1.6 1.6 1.4 1.5 1.3 1.2 2.1 2.2 2.2 2.7 3.0 2.2 3.3 3.9 3.8 5.5 12.8 16.2 26.0 31.4 37.0 38.4 34.7 24.7 25.0 26.9 29.6
-9999.0 -9999.0 -9999.0 -9999.0 -9999.0 -9999.0 -9999.0 -9999.0 -9999.0 -9999.0 -9999.0 2.1 0.3 2.8 1.6 1.9 1.4 1.0 0.7 0.7 0.7 0.3 0.2 0.1 0.2 0.1 0.1 0.1 0.1 0.1 0.1 0.2 0.2 0.3 0.4 0.5 0.5 0.5 0.6 0.4 0.4 0.3 0.3 0.3 0.3 0.4 0.4 0.6 0.6 0.8 1.3 1.6 1.7 1.4 1.6 1.6 1.5 2.2 2.6 2.8 3.8 3.3 3.3 4.1 6.0 5.7 5.1 7.8 13.3 19.5 22.7 25.1 25.0 26.5 30.2 31.1 32.3 30.6 32.2
-9999.0 -9999.0 -9999.0 -9999.0 -9999.0 -9999.0 -9999.0 -9999.0 -9999.0 -9999.0 -9999.0 -9999.0 0.3 0.4 1.7 1.0 2.9 1.2 1.0 1.7 0.3 0.3 0.2 0.1 0.4 0.1 0.1 0.1 0.1 0.2 0.1 0.2 0.2 0.3 0.4 0.4 0.5 0.3 0.3 0.2 0.2 0.2 0.2 0.2 0.2 0.3 0.4 0.8 1.0 1.1 1.2 1.7 2.1 2.0 1.8 2.4 3.4 5.8 3.5 6.9 5.7 7.6 8.0 7.5 9.2 12.3 11.3 13.9 17.5 21.4 16.7 17.1 21.8 27.3 27.6 35.6 25.9 26.5 27.2
-9999.0 -9999.0 -9999.0 -9999.0 -9999.0 -9999.0 -9999.0 -9999.0 -9999.0 -9999.0 -9999.0 -9999.0 1.7 0.2 0.2 1.0 0.4 0.6 1.2 0.8 0.5 0.5 0.3 0.2 0.1 0.1 0.1 0.1 0.1 0.1 0.2 0.2 0.2 0.3 0.3 0.3 0.4 0.3 0.2 0.2 0.1 0.1 0.1 0.1 0.1 0.2 0.4 0.8 1.8 1.8 2.4 2.9 3.6 3.3 3.0 3.9 4.6 7.3 6.6 6.9 6.8 7.8 11.0 14.0 13.0 15.6 10.6 13.3 15.3 16.8 22.0 32.1 36.0 24.3 24.2 21.9 21.6 24.8 22.0
-9999.0 -9999.0 -9999.0 -9999.0 -9999.0 -9999.0 -9999.0 -9999.0 -9999.0 -9999.0 -9999.0 -9999.0 -9999.0 0.3 1.4 0.2 0.7 0.4 0.4 0.4 0.4 0.3 0.3 0.2 0.1 0.2 0.2 0.2 0.2 0.2 0.1 0.2 0.2 0.3 0.3 0.3 0.3 0.2 0.4 0.2 0.1 0.1 0.1 0.1 0.1 0.2 0.3 0.7 1.4 2.4 3.6 5.1 5.4 5.9 5.7 5.9 6.2 9.5 16.0 13.9 12.9 10.4 13.4 10.7 11.9 15.0 18.0 16.9 17.4 17.3 26.9 27.7 24.5 24.3 26.1 20.4 19.1 19.1 19.8
-9999.0 -9999.0 -9999.0 -9999.0 -9999.0 -9999.0 -9999.0 -9999.0 -9999.0 -9999.0 -9999.0 -9999.0 0.1 1.0 0.8 0.3 1.4 0.8 0.7 0.3 0.3 0.3 0.3 0.2 0.2 0.2 0.2 0.1 0.1 0.2 0.2 0.2 0.2 0.2 0.3 0.3 0.3 0.2 0.2 0.1 0.2 0.2 0.2 0.1 0.1 0.2 0.4 1.0 2.2 3.6 4.8 6.1 6.6 6.9 6.0 6.0 9.1 4.2 10.6 8.9 11.7 16.4 14.2 19.1 14.4 15.6 14.0 16.3 20.2 25.5 27.7 31.5 33.6 28.7 21.6 18.0 18.2 19.4 20.5
-9999.0 -9999.0 -9999.0 -9999.0 -9999.0 -9999.0 -9999.0 -9999.0 -9999.0 -9999.0 -9999.0 -9999.0 0.3 0.0 0.1 2.2 1.6 0.4 0.4 0.8 0.4 0.5 0.4 0.3 0.2 0.2 0.2 0.1 0.1 0.1 0.1 0.2 0.2 0.2 0.3 0.3 0.3 0.2 0.2 0.1 0.1 0.1 0.1 0.1 0.1 0.3 0.8 1.6 2.8 4.4 5.5 6.7 6.1 5.1 4.8 3.7 6.0 8.9 7.7 15.3 20.2 25.4 11.8 10.3 11.9 13.1 17.6 19.5 21.6 26.5 34.5 41.0 40.1 35.7 32.9 23.6 21.6 23.9 24.9
-9999.0 -9999.0 -9999.0 -9999.0 -9999.0 -9999.0 -9999.0 -9999.0 -9999.0 -9999.0 -9999.0 -9999.0 0.0 0.2 0.0 0.2 0.2 1.5 0.7 0.8 1.5 1.3 0.5 0.5 0.3 0.4 0.2 0.3 0.2 0.2 0.2 0.2 0.2 0.2 0.2 0.3 0.3 0.2 0.2 0.2 0.2 0.1 0.2 0.2 0.3 0.8 1.7 2.4 3.4 4.3 5.0 4.4 9.9 11.5 7.8 2.8 5.4 8.7 12.3 9.6 12.7 16.1 33.8 11.8 8.6 17.6 21.8 25.3 28.1 32.9 39.6 46.9 47.7 47.7 63.4 43.9 54.1 33.1 35.3
-9999.0 -9999.0 -9999.0 -9999.0 -9999.0 -9999.0 -9999.0 -9999.0 -9999.0 -9999.0 -9999.0 -9999.0 -9999.0 0.8 0.6 0.1 0.3 0.4 1.1 1.4 3.0 1.1 1.2 1.1 0.4 0.4 0.3 0.2 0.2 0.2 0.2 0.2 0.2 0.2 0.2 0.4 0.4 0.3 0.2 0.2 0.2 0.4 0.6 0.5 0.6 1.1 2.3 2.7 4.3 4.6 3.1 6.3 5.3 2.7 8.3 9.2 3.6 5.6 11.9 25.1 24.0 51.2 29.4 10.2 15.8 17.7 26.1 32.3 35.2 39.8 45.5 48.4 54.7 42.4 53.3 50.8 48.2 45.5 47.4
-9999.0 -9999.0 -9999.0 -9999.0 -9999.0 -9999.0 -9999.0 -9999.0 -9999.0 -9999.0 -9999.0 -9999.0 -9999.0 0.0 0.3 0.1 1.0 0.3 0.6 1.0 2.8 2.4 2.2 1.4 0.5 0.5 0.4 0.3 0.2 0.5 0.3 0.2 0.2 0.2 0.3 0.4 0.3 0.3 0.3 0.9 0.3 0.4 0.6 0.9 2.9 2.3 3.3 3.0 3.5 3.4 5.1 1.5 4.9 8.7 12.0 9.2 5.1 7.3 15.3 12.2 27.4 19.6 19.5 24.3 18.2 19.0 28.4 36.4 39.4 43.4 50.7 56.1 53.8 55.1 60.3 67.0 68.9 52.2 41.1
-9999.0 -9999.0 -9999.0 -9999.0 -9999.0 -9999.0 -9999.0 -9999.0 -9999.0 -9999.0 -9999.0 -9999.0 -9999.0 -9999.0 -9999.0 0.1 0.1 0.4 0.5 0.5 1.9 1.2 1.1 1.1 1.1 0.8 1.5 0.6 0.9 0.3 0.3 0.2 0.4 0.4 0.3 0.7 0.9 0.2 0.3 0.3 0.9 1.2 1.3 1.6 1.9 3.0 4.2 3.2 4.4 0.9 2.7 10.5 4.5 5.7 2.0 7.1 8.3 3.3 19.3 28.5 19.9 21.1 30.2 24.4 20.4 21.8 29.1 35.9 38.2 47.2 57.4 62.1 66.4 60.4 55.9 68.1 68.5 71.5 49.4
-9999.0 -9999.0 -9999.0 -9999.0 -9999.0 -9999.0 -9999.0 -9999.0 -9999.0 -9999.0 -9999.0 -9999.0 -9999.0 -9999.0 -9999.0 -9999.0 -9999.0 0.0 0.0 -9999.0 0.3 1.3 0.7 0.8 1.3 1.0 1.9 0.9 0.4 0.5 0.3 0.2 0.7 0.2 0.2 0.3 1.0 0.2 0.3 0.4 0.8 2.0 1.8 2.1 4.9 4.7 14.4 9.0 3.9 5.5 1.9 4.3 3.4 8.5 10.3 10.9 5.7 15.6 18.2 26.1 10.5 17.3 24.4 23.9 21.9 23.4 29.4 34.5 37.4 47.1 51.6 67.2 65.9 53.3 51.5 60.5 60.1 56.8 49.8
-9999.0 -9999.0 -9999.0 -9999.0 -9999.0 -9999.0 -9999.0 -9999.0 -9999.0 -9999.0 -9999.0 -9999.0 -9999.0 -9999.0 -9999.0 -9999.0 -9999.0 -9999.0 -9999.0 -9999.0 -9999.0 0.4 0.9 2.4 1.2 0.5 0.5 0.5 0.4 0.2 0.2 0.2 0.2 0.2 0.2 0.2 0.2 0.2 0.2 0.2 0.2 2.4 3.5 3.8 6.6 6.5 26.9 8.5 16.0 49.2 10.1 23.7 22.1 9.4 11.0 15.6 15.3 9.4 30.9 20.7 7.3 11.3 17.6 20.5 24.2 27.9 33.8 37.1 39.5 47.0 56.2 62.2 59.4 47.1 42.1 45.9 50.8 47.0 44.3
-9999.0 -9999.0 -9999.0 -9999.0 -9999.0 -9999.0 -9999.0 -9999.0 -9999.0 -9999.0 -9999.0 -9999.0 -9999.0 -9999.0 -9999.0 -9999.0 -9999.0 -9999.0 -9999.0 -9999.0 -9999.0 -9999.0 -9999.0 0.1 0.5 0.5 0.4 0.4 0.7 0.3 0.3 0.3 0.9 0.4 0.6 0.5 0.8 0.3 0.9 1.5 1.7 3.8 2.6 3.2 8.6 33.0 17.0 16.2 19.9 21.6 17.0 27.7 18.8 20.7 13.0 3.8 12.1 20.1 5.5 19.4 12.8 16.9 16.9 13.4 18.8 31.5 40.4 41.9 42.9 46.6 53.7 56.8 56.4 55.4 49.6 50.7 55.8 54.4 49.6
-9999.0 -9999.0 -9999.0 -9999.0 -9999.0 -9999.0 -9999.0 -9999.0 -9999.0 -9999.0 -9999.0 -9999.0 -9999.0 -9999.0 -9999.0 -9999.0 -9999.0 -9999.0 -9999.0 -9999.0 -9999.0 -9999.0 -9999.0 -9999.0 -9999.0 0.1 0.2 2.1 1.2 2.4 0.5 0.2 0.2 0.3 0.2 0.8 2.9 0.6 1.8 1.1 3.8 2.3 3.4 5.9 21.3 36.3 32.2 51.3 24.6 29.6 37.2 35.3 40.2 34.8 12.3 7.7 11.7 7.8 17.9 17.8 20.5 23.6 38.1 13.0 18.8 32.8 41.5 38.4 41.2 45.7 47.9 53.3 56.4 66.0 67.8 64.0 59.5 63.1 81.2
-9999.0 -9999.0 -9999.0 -9999.0 -9999.0 -9999.0 -9999.0 -9999.0 -9999.0 -9999.0 -9999.0 -9999.0 -9999.0 -9999.0 -9999.0 -9999.0 -9999.0 -9999.0 -9999.0 -9999.0 -9999.0 -9999.0 -9999.0 -9999.0 -9999.0 -9999.0 -9999.0 0.0 0.1 0.1 0.1 0.1 0.7 0.1 0.3 0.1 0.2 0.3 0.2 0.7 2.4 1.4 5.2 16.7 25.1 36.5 47.5 54.2 57.9 45.1 51.9 46.0 37.6 25.5 17.3 15.9 6.4 6.0 14.1 12.9 20.0 26.7 17.5 15.5 17.5 22.3 38.2 43.4 40.8 40.8 45.2 59.9 63.2 80.3 83.2 80.0 91.5 92.4 81.1
-9999.0 -9999.0 -9999.0 -9999.0 -9999.0 -9999.0 -9999.0 -9999.0 -9999.0 -9999.0 -9999.0 -9999.0 -9999.0 -9999.0 -9999.0 -9999.0 -9999.0 -9999.0 -9999.0 -9999.0 -9999.0 -9999.0 -9999.0 -9999.0 -9999.0 -9999.0 -9999.0 -9999.0 -9999.0 -9999.0 -9999.0 -9999.0 -9999.0 0.0 0.1 -9999.0 -9999.0 -9999.0 0.3 0.4 0.9 2.9 4.8 17.4 27.8 35.4 -9999.0 -9999.0 -9999.0 -9999.0 -9999.0 -9999.0 36.1 35.2 13.6 7.5 6.0 5.2 7.1 10.7 18.7 26.7 24.4 20.9 19.7 24.4 34.8 43.9 45.9 42.9 46.7 67.1 86.8 96.5 114.3 105.6 123.3 110.0 107.3
-9999.0 -9999.0 -9999.0 -9999.0 -9999.0 -9999.0 -9999.0 -9999.0 -9999.0 -9999.0 -9999.0 -9999.0 -9999.0 -9999.0 -9999.0 -9999.0 -9999.0 -9999.0 -9999.0 -9999.0 -9999.0 -9999.0 -9999.0 -9999.0 -9999.0 -9999.0 -9999.0 -9999.0 -9999.0 -9999.0 -9999.0 -9999.0 -9999.0 -9999.0 -9999.0 -9999.0 -9999.0 -9999.0 -9999.0 2.4 4.0 7.0 11.2 16.4 -9999.0 -9999.0 -9999.0 -9999.0 -9999.0 -9999.0 -9999.0 -9999.0 36.1 36.5 15.7 6.2 4.2 3.8 4.6 8.5 16.7 26.6 30.3 27.2 26.6 30.4 39.5 50.6 51.7 55.7 64.0 76.6 88.5 119.3 121.2 128.0 131.4 123.1 135.3
-9999.0 -9999.0 -9999.0 -9999.0 -9999.0 -9999.0 -9999.0 -9999.0 -9999.0 -9999.0 -9999.0 -9999.0 -9999.0 -9999.0 -9999.0 -9999.0 -9999.0 -9999.0 -9999.0 -9999.0 -9999.0 -9999.0 -9999.0 -9999.0 -9999.0 -9999.0 -9999.0 -9999.0 -9999.0 -9999.0 -9999.0 -9999.0 -9999.0 -9999.0 -9999.0 -9999.0 -9999.0 -9999.0 -9999.0 -9999.0 -9999.0 -9999.0 -9999.0 -9999.0 -9999.0 -9999.0 -9999.0 -9999.0 -9999.0 -9999.0 -9999.0 -9999.0 35.5 36.0 15.1 12.5 4.7 4.3 5.7 11.2 20.9 32.4 45.1 35.8 35.0 40.0 51.0 56.6 56.7 58.8 65.8 79.5 113.9 119.2 130.0 117.8 128.5 118.1 118.1
-9999.0 -9999.0 -9999.0 -9999.0 -9999.0 -9999.0 -9999.0 -9999.0 -9999.0 -9999.0 -9999.0 -9999.0 -9999.0 -9999.0 -9999.0 -9999.0 -9999.0 -9999.0 -9999.0 -9999.0 -9999.0 -9999.0 -9999.0 -9999.0 -9999.0 -9999.0 -9999.0 -9999.0 -9999.0 -9999.0 -9999.0 -9999.0 -9999.0 -9999.0 -9999.0 -9999.0 -9999.0 -9999.0 -9999.0 -9999.0 -9999.0 -9999.0 -9999.0 -9999.0 -9999.0 -9999.0 -9999.0 -9999.0 -9999.0 -9999.0 -9999.0 36.0 34.2 32.8 16.0 10.8 8.2 9.4 10.9 17.9 32.3 42.8 50.0 48.3 47.9 50.7 56.5 55.4 57.6 57.2 62.3 74.8 81.9 87.7 101.7 101.0 121.4 104.8 131.0
-9999.0 -9999.0 -9999.0 -9999.0 -9999.0 -9999.0 -9999.0 -9999.0 -9999.0 -9999.0 -9999.0 -9999.0 -9999.0 -9999.0 -9999.0 -9999.0 -9999.0 -9999.0 -9999.0 -9999.0 -9999.0 -9999.0 -9999.0 -9999.0 -9999.0 -9999.0 -9999.0 -9999.0 -9999.0 -9999.0 -9999.0 -9999.0 -9999.0 -9999.0 -9999.0 -9999.0 -9999.0 -9999.0 -9999.0 -9999.0 -9999.0 -9999.0 -9999.0 -9999.0 -9999.0 -9999.0 -9999.0 -9999.0 -9999.0 -9999.0 32.6 37.5 39.3 36.8 25.5 21.3 16.9 18.8 22.7 32.7 44.7 55.7 61.4 62.2 66.0 63.2 56.7 55.4 59.2 60.1 67.3 73.0 82.4 94.4 104.1 115.4 95.7 134.6 123.6
-9999.0 -9999.0 -9999.0 -9999.0 -9999.0 -9999.0 -9999.0 -9999.0 -9999.0 -9999.0 -9999.0 -9999.0 -9999.0 -9999.0 -9999.0 -9999.0 -9999.0 -9999.0 -9999.0 -9999.0 -9999.0 -9999.0 -9999.0 -9999.0 -9999.0 -9999.0 -9999.0 -9999.0 -9999.0 -9999.0 -9999.0 -9999.0 -9999.0 -9999.0 -9999.0 -9999.0 -9999.0 -9999.0 -9999.0 -9999.0 -9999.0 -9999.0 -9999.0 -9999.0 -9999.0 -9999.0 -9999.0 -9999.0 -9999.0 -9999.0 29.8 44.6 38.4 46.5 45.5 38.8 32.1 41.9 45.9 49.5 54.6 63.9 68.4 74.3 76.7 62.4 55.8 56.4 62.7 69.6 79.3 94.0 104.7 102.2 99.1 104.0 126.2 127.4 131.5
-9999.0 -9999.0 -9999.0 -9999.0 -9999.0 -9999.0 -9999.0 -9999.0 -9999.0 -9999.0 -9999.0 -9999.0 -9999.0 -9999.0 -9999.0 -9999.0 -9999.0 -9999.0 -9999.0 -9999.0 -9999.0 -9999.0 -9999.0 -9999.0 -9999.0 -9999.0 -9999.0 -9999.0 -9999.0 -9999.0 -9999.0 -9999.0 -9999.0 -9999.0 -9999.0 -9999.0 -9999.0 -9999.0 -9999.0 -9999.0 -9999.0 -9999.0 -9999.0 -9999.0 -9999.0 -9999.0 -9999.0 -9999.0 -9999.0 -9999.0 29.9 39.4 51.3 72.5 69.9 70.5 78.4 77.8 79.0 68.7 69.8 73.1 71.6 72.2 73.2 62.3 54.9 60.6 69.9 77.7 90.5 110.6 130.4 127.4 116.7 127.7 149.8 141.4 128.9
-9999.0 -9999.0 -9999.0 -9999.0 -9999.0 -9999.0 -9999.0 -9999.0 -9999.0 -9999.0 -9999.0 -9999.0 -9999.0 -9999.0 -9999.0 -9999.0 -9999.0 -9999.0 -9999.0 -9999.0 -9999.0 -9999.0 -9999.0 -9999.0 -9999.0 -9999.0 -9999.0 -9999.0 -9999.0 -9999.0 -9999.0 -9999.0 -9999.0 -9999.0 -9999.0 -9999.0 -9999.0 -9999.0 -9999.0 -9999.0 -9999.0 -9999.0 -9999.0 -9999.0 -9999.0 -9999.0 -9999.0 -9999.0 -9999.0 -9999.0 32.6 55.4 75.3 100.4 118.1 124.0 123.4 120.5 115.1 94.8 97.2 86.1 69.1 70.7 66.3 57.0 55.0 61.0 69.0 77.9 88.8 115.8 138.2 134.5 124.7 140.5 148.2 126.2 105.1
-9999.0 -9999.0 -9999.0 -9999.0 -9999.0 -9999.0 -9999.0 -9999.0 -9999.0 -9999.0 -9999.0 -9999.0 -9999.0 -9999.0 -9999.0 -9999.0 -9999.0 -9999.0 -9999.0 -9999.0 -9999.0 -9999.0 -9999.0 -9999.0 -9999.0 -9999.0 -9999.0 -9999.0 -9999.0 -9999.0 -9999.0 -9999.0 -9999.0 -9999.0 -9999.0 -9999.0 -9999.0 -9999.0 -9999.0 -9999.0 -9999.0 -9999.0 -9999.0 -9999.0 -9999.0 -9999.0 -9999.0 -9999.0 -9999.0 -9999.0 -9999.0 -9999.0 -9999.0 135.3 169.1 179.9 166.4 153.2 124.5 121.0 160.0 104.5 114.7 87.8 64.2 51.4 54.2 60.8 66.9 68.4 72.9 92.8 109.2 109.5 109.8 115.4 115.4 90.2 66.3
-9999.0 -9999.0 -9999.0 -9999.0 -9999.0 -9999.0 -9999.0 -9999.0 -9999.0 -9999.0 -9999.0 -9999.0 -9999.0 -9999.0 -9999.0 -9999.0 -9999.0 -9999.0 -9999.0 -9999.0 -9999.0 -9999.0 -9999.0 -9999.0 -9999.0 -9999.0 -9999.0 -9999.0 -9999.0 -9999.0 -9999.0 -9999.0 -9999.0 -9999.0 -9999.0 -9999.0 -9999.0 -9999.0 -9999.0 -9999.0 -9999.0 -9999.0 -9999.0 -9999.0 -9999.0 -9999.0 -9999.0 -9999.0 -9999.0 -9999.0 -9999.0 -9999.0 -9999.0 140.0 171.5 176.1 167.5 146.9 142.4 177.1 156.4 126.7 178.6 94.3 69.3 54.9 52.6 62.4 64.2 62.6 62.5 74.1 80.0 78.2 74.7 73.5 64.2 60.1 47.6
-9999.0 -9999.0 -9999.0 -9999.0 -9999.0 -9999.0 -9999.0 -9999.0 -9999.0 -9999.0 -9999.0 -9999.0 -9999.0 -9999.0 -9999.0 -9999.0 -9999.0 -9999.0 -9999.0 -9999.0 -9999.0 -9999.0 -9999.0 -9999.0 -9999.0 -9999.0 -9999.0 -9999.0 -9999.0 -9999.0 -9999.0 -9999.0 -9999.0 -9999.0 -9999.0 -9999.0 -9999.0 -9999.0 -9999.0 -9999.0 -9999.0 -9999.0 -9999.0 -9999.0 -9999.0 -9999.0 -9999.0 -9999.0 -9999.0 -9999.0 -9999.0 -9999.0 -9999.0 114.4 132.0 142.4 134.4 125.6 127.0 131.1 172.5 176.7 204.4 159.2 59.0 -9999.0 -9999.0 -9999.0 74.1 75.2 77.5 81.2 74.9 58.7 44.0 38.2 29.8 32.9 70.0
-9999.0 -9999.0 -9999.0 -9999.0 -9999.0 -9999.0 -9999.0 -9999.0 -9999.0 -9999.0 -9999.0 -9999.0 -9999.0 -9999.0 -9999.0 -9999.0 -9999.0 -9999.0 -9999.0 -9999.0 -9999.0 -9999.0 -9999.0 -9999.0 -9999.0 -9999.0 -9999.0 -9999.0 -9999.0 -9999.0 -9999.0 -9999.0 -9999.0 -9999.0 -9999.0 -9999.0 -9999.0 -9999.0 -9999.0 -9999.0 -9999.0 -9999.0 -9999.0 -9999.0 -9999.0 -9999.0 -9999.0 -9999.0 -9999.0 -9999.0 -9999.0 -9999.0 -9999.0 -9999.0 87.4 90.5 84.8 83.6 95.3 123.7 93.3 -9999.0 -9999.0 -9999.0 -9999.0 -9999.0 -9999.0 -9999.0 83.7 96.5 104.7 101.0 78.7 47.8 25.9 16.9 16.4 18.3 24.0
-9999.0 -9999.0 -9999.0 -9999.0 -9999.0 -9999.0 -9999.0 -9999.0 -9999.0 -9999.0 -9999.0 -9999.0 -9999.0 -9999.0 -9999.0 -9999.0 -9999.0 -9999.0 -9999.0 -9999.0 -9999.0 -9999.0 -9999.0 -9999.0 -9999.0 -9999.0 -9999.0 -9999.0 -9999.0 -9999.0 -9999.0 -9999.0 -9999.0 -9999.0 -9999.0 -9999.0 -9999.0 -9999.0 -9999.0 -9999.0 -9999.0 -9999.0 -9999.0 -9999.0 -9999.0 -9999.0 -9999.0 -9999.0 -9999.0 -9999.0 -9999.0 -9999.0 -9999.0 -9999.0 -9999.0 44.1 54.4 47.4 47.4 63.9 69.1 -9999.0 -9999.0 -9999.0 -9999.0 -9999.0 -9999.0 -9999.0 -9999.0 -9999.0 114.7 -9999.0 -9999.0 -9999.0 -9999.0 -9999.0 14.3 -9999.0 -9999.0
-9999.0 -9999.0 -9999.0 -9999.0 -9999.0 -9999.0 -9999.0 -9999.0 -9999.0 -9999.0 -9999.0 -9999.0 -9999.0 -9999.0 -9999.0 -9999.0 -9999.0 -9999.0 -9999.0 -9999.0 -9999.0 -9999.0 -9999.0 -9999.0 -9999.0 -9999.0 -9999.0 -9999.0 -9999.0 -9999.0 -9999.0 -9999.0 -9999.0 -9999.0 -9999.0 -9999.0 -9999.0 -9999.0 -9999.0 -9999.0 -9999.0 -9999.0 -9999.0 -9999.0 -9999.0 -9999.0 -9999.0 -9999.0 -9999.0 -9999.0 -9999.0 -9999.0 -9999.0 -9999.0 -9999.0 -9999.0 -9999.0 -9999.0 21.7 21.9 -9999.0 -9999.0 -9999.0 -9999.0 -9999.0 -9999.0 -9999.0 -9999.0 -9999.0 -9999.0 -9999.0 -9999.0 -9999.0 -9999.0 -9999.0 18.4 20.2 -9999.0 -9999.0
-9999.0 -9999.0 -9999.0 -9999.0 -9999.0 -9999.0 -9999.0 -9999.0 -9999.0 -9999.0 -9999.0 -9999.0 -9999.0 -9999.0 -9999.0 -9999.0 -9999.0 -9999.0 -9999.0 -9999.0 -9999.0 -9999.0 -9999.0 -9999.0 -9999.0 -9999.0 -9999.0 -9999.0 -9999.0 -9999.0 -9999.0 -9999.0 -9999.0 -9999.0 -9999.0 -9999.0 -9999.0 -9999.0 -9999.0 -9999.0 -9999.0 -9999.0 -9999.0 -9999.0 -9999.0 -9999.0 -9999.0 -9999.0 -9999.0 -9999.0 -9999.0 -9999.0 -9999.0 -9999.0 -9999.0 -9999.0 -9999.0 -9999.0 -9999.0 -9999.0 -9999.0 -9999.0 -9999.0 -9999.0 -9999.0 -9999.0 -9999.0 -9999.0 -9999.0 -9999.0 -9999.0 -9999.0 -9999.0 -9999.0 -9999.0 -9999.0 -9999.0 -9999.0 -9999.0
-9999.0 -9999.0 -9999.0 -9999.0 -9999.0 -9999.0 -9999.0 -9999.0 -9999.0 -9999.0 -9999.0 -9999.0 -9999.0 -9999.0 -9999.0 -9999.0 -9999.0 -9999.0 -9999.0 -9999.0 -9999.0 -9999.0 -9999.0 -9999.0 -9999.0 -9999.0 -9999.0 -9999.0 -9999.0 -9999.0 -9999.0 -9999.0 -9999.0 -9999.0 -9999.0 -9999.0 -9999.0 -9999.0 -9999.0 -9999.0 -9999.0 -9999.0 -9999.0 -9999.0 -9999.0 -9999.0 -9999.0 -9999.0 -9999.0 -9999.0 -9999.0 -9999.0 -9999.0 -9999.0 -9999.0 -9999.0 -9999.0 -9999.0 -9999.0 -9999.0 -9999.0 -9999.0 -9999.0 -9999.0 -9999.0 -9999.0 -9999.0 -9999.0 -9999.0 -9999.0 -9999.0 -9999.0 -9999.0 -9999.0 -9999.0 83.7 91.2 117.0 -9999.0
-9999.0 -9999.0 -9999.0 -9999.0 -9999.0 -9999.0 -9999.0 -9999.0 -9999.0 -9999.0 -9999.0 -9999.0 -9999.0 -9999.0 -9999.0 -9999.0 -9999.0 -9999.0 -9999.0 -9999.0 -9999.0 -9999.0 -9999.0 -9999.0 -9999.0 -9999.0 -9999.0 -9999.0 -9999.0 -9999.0 -9999.0 -9999.0 -9999.0 -9999.0 -9999.0 -9999.0 -9999.0 -9999.0 -9999.0 -9999.0 -9999.0 -9999.0 -9999.0 -9999.0 -9999.0 -9999.0 -9999.0 -9999.0 -9999.0 -9999.0 -9999.0 -9999.0 -9999.0 -9999.0 -9999.0 -9999.0 -9999.0 -9999.0 -9999.0 -9999.0 -9999.0 -9999.0 -9999.0 -9999.0 -9999.0 -9999.0 -9999.0 -9999.0 -9999.0 -9999.0 -9999.0 -9999.0 -9999.0 46.5 104.9 137.3 195.3 -9999.0 -9999.0
