program/excelProcessViaJava/data/SURF_CLI_CHN_PRE_MON_GRID_0.5-200907.txt
NCOLS      128
NROWS       72
XLLCORNER    72.000000000000    
YLLCORNER    18.000000000000    
CELLSIZE    0.50000000000000    
NODATA_VALUE   -9999.000    
[rows 33 to 65 of 72, columns 0 to 73 of 128]
-9999.0 -9999.0 -9999.0 -9999.0 6.5 20.1 40.2 16.0 16.3 3.3 7.5 7.0 6.1 4.1 3.7 3.3 2.2 1.5 1.5 2.0 2.8 3.7 4.7 6.7 9.3 15.1 22.4 173.5 72.4 86.8 98.7 83.3 75.4 87.3 54.5 50.1 40.4 87.3 65.9 32.3 13.2 8.8 9.2 8.9 9.8 11.2 16.1 32.7 55.4 54.5 80.6 155.3 195.1 221.8 133.3 123.8 109.7 133.5 116.0 127.2 106.1 77.3 54.3 22.0 12.1 23.0 32.5 24.1 48.1 57.0 73.2 96.6 116.9 128.5
-9999.0 -9999.0 -9999.0 -9999.0 12.1 7.3 30.5 9.1 61.0 59.4 10.5 53.5 32.5 36.3 6.9 6.3 5.7 1.6 1.0 1.2 3.1 5.5 9.3 29.9 96.9 156.4 100.1 106.4 100.3 100.7 97.9 114.6 93.3 89.7 92.5 75.6 93.4 108.1 66.2 38.1 59.7 20.7 17.9 12.3 11.0 10.1 9.6 10.8 15.8 32.7 56.6 92.3 190.4 147.9 113.6 108.1 101.3 108.8 112.9 80.7 88.8 51.8 29.2 27.2 24.3 22.5 49.3 45.4 53.5 77.8 86.1 112.8 139.6 152.2
-9999.0 -9999.0 -9999.0 -9999.0 -9999.0 -9999.0 -9999.0 11.2 29.3 19.8 74.9 79.5 36.4 51.3 53.9 4.2 17.5 4.8 3.4 11.4 43.1 84.4 98.2 94.0 92.1 93.2 109.2 116.3 119.5 137.3 132.5 127.9 120.9 126.2 136.9 113.9 138.3 120.0 145.0 143.8 69.1 144.8 123.6 77.9 42.9 18.1 27.9 23.0 40.7 31.9 43.5 74.9 127.4 248.4 202.5 92.3 73.7 72.7 109.8 84.6 86.0 45.9 25.5 28.6 46.0 46.4 64.0 71.9 66.8 78.2 92.9 120.5 141.9 143.4
-9999.0 -9999.0 -9999.0 -9999.0 -9999.0 -9999.0 -9999.0 53.8 7.4 33.9 53.6 37.4 55.5 96.0 61.7 134.3 60.8 57.0 106.8 60.0 60.3 92.5 82.4 88.8 88.2 95.2 98.5 126.9 110.3 110.2 136.0 139.0 138.5 160.5 140.1 144.6 136.8 154.9 150.4 137.6 136.5 129.0 132.4 182.2 100.0 56.9 72.2 79.2 144.0 127.0 226.2 217.5 147.0 173.6 216.4 105.2 83.6 89.4 107.0 104.5 74.2 53.9 35.2 44.4 55.9 67.0 73.3 70.6 80.1 78.3 100.5 124.5 132.8 122.8
-9999.0 -9999.0 -9999.0 -9999.0 -9999.0 -9999.0 -9999.0 -9999.0 -9999.0 26.8 28.2 25.8 63.0 62.7 49.7 42.6 67.0 147.1 85.0 130.9 90.4 69.2 70.8 77.0 81.4 83.5 99.7 108.7 104.3 139.9 113.7 131.5 139.3 157.4 141.6 147.1 149.4 164.2 156.9 164.4 148.8 152.9 140.3 127.7 146.1 143.4 143.9 140.4 149.9 158.3 192.4 184.8 173.9 160.5 202.6 125.0 88.8 92.8 123.0 112.2 93.0 79.1 67.1 52.6 73.2 77.7 72.9 69.3 87.6 90.4 108.0 125.3 124.3 110.5
-9999.0 -9999.0 -9999.0 -9999.0 -9999.0 -9999.0 -9999.0 -9999.0 -9999.0 -9999.0 -9999.0 54.0 15.2 69.8 50.5 64.2 58.9 54.3 53.7 66.6 90.3 70.9 79.3 71.7 110.3 96.9 114.3 121.4 123.4 122.6 130.5 161.2 146.2 156.1 155.1 194.8 172.9 180.4 233.2 187.4 199.2 174.6 157.1 149.5 195.1 161.4 209.1 175.7 185.0 174.9 154.0 164.7 171.5 184.8 203.4 166.7 136.6 145.8 142.3 140.6 131.4 92.6 70.8 75.8 92.6 69.5 56.4 84.8 107.2 113.6 116.0 117.7 114.0 105.6
-9999.0 -9999.0 -9999.0 -9999.0 -9999.0 -9999.0 -9999.0 -9999.0 -9999.0 -9999.0 -9999.0 -9999.0 16.0 18.0 56.2 38.5 96.1 58.8 61.0 107.2 47.6 60.9 67.7 63.7 150.4 87.8 85.3 119.1 121.9 159.5 142.1 146.0 154.6 180.3 188.2 185.5 228.9 200.1 190.9 183.8 181.8 179.5 177.0 193.2 194.7 206.3 220.7 182.8 179.6 172.5 197.6 195.8 177.8 159.5 163.3 168.4 168.7 182.3 153.7 181.7 162.3 126.3 95.3 86.4 98.4 126.9 103.3 143.9 160.0 147.3 120.4 99.7 91.3 95.2
-9999.0 -9999.0 -9999.0 -9999.0 -9999.0 -9999.0 -9999.0 -9999.0 -9999.0 -9999.0 -9999.0 -9999.0 58.4 10.1 8.1 40.6 17.6 30.2 66.2 58.5 57.8 73.3 70.3 59.0 52.2 72.5 84.0 82.5 108.5 110.9 140.8 171.8 164.9 168.6 183.4 181.1 215.1 221.4 210.9 201.6 186.4 183.9 212.1 193.0 220.9 243.3 217.5 199.5 163.6 176.6 172.4 190.0 174.8 179.2 144.3 158.7 150.6 165.7 163.9 180.4 165.4 119.8 99.6 103.0 91.1 138.2 128.3 193.9 201.1 170.0 145.6 164.6 177.4 135.3
-9999.0 -9999.0 -9999.0 -9999.0 -9999.0 -9999.0 -9999.0 -9999.0 -9999.0 -9999.0 -9999.0 -9999.0 -9999.0 20.5 52.5 9.2 31.1 20.9 21.7 27.0 40.3 32.9 60.2 41.3 53.2 95.2 106.0 137.1 126.7 132.7 129.4 137.8 172.7 179.5 158.1 167.8 179.5 197.3 251.7 212.4 198.3 204.4 203.2 230.7 222.6 219.4 232.9 233.0 219.8 202.2 198.8 191.9 191.0 236.9 200.2 174.4 158.0 171.7 198.5 183.7 168.8 128.3 110.5 93.1 58.2 134.7 228.5 291.8 228.8 146.9 86.7 104.9 154.4 178.6
-9999.0 -9999.0 -9999.0 -9999.0 -9999.0 -9999.0 -9999.0 -9999.0 -9999.0 -9999.0 -9999.0 -9999.0 16.8 49.4 40.0 15.7 55.7 34.3 35.4 16.1 20.2 25.8 38.1 39.3 42.6 83.1 84.9 86.9 101.2 122.6 130.3 127.2 169.2 152.5 158.4 150.2 176.4 161.1 164.7 167.4 199.5 221.6 239.3 197.3 219.4 229.2 219.8 199.8 199.3 198.8 223.9 250.3 225.1 231.8 199.4 184.9 199.1 171.4 192.5 187.1 176.2 160.7 133.3 140.7 130.1 171.2 366.9 307.8 234.1 213.2 183.4 172.3 202.2 228.6
-9999.0 -9999.0 -9999.0 -9999.0 -9999.0 -9999.0 -9999.0 -9999.0 -9999.0 -9999.0 -9999.0 -9999.0 32.3 3.7 10.3 77.0 59.6 15.0 16.2 34.5 17.3 35.2 38.0 41.2 38.5 42.8 55.7 68.4 84.9 93.4 106.8 125.2 154.2 129.7 125.6 127.7 122.6 134.1 135.0 120.5 125.2 131.1 149.3 173.9 194.0 209.1 227.7 214.0 201.2 168.1 186.7 234.2 225.7 216.7 207.1 188.6 205.2 219.1 216.1 226.0 221.7 215.1 149.7 117.2 123.9 311.2 327.4 312.5 178.5 142.5 155.2 197.9 263.4 319.6
-9999.0 -9999.0 -9999.0 -9999.0 -9999.0 -9999.0 -9999.0 -9999.0 -9999.0 -9999.0 -9999.0 -9999.0 0.9 22.2 3.5 9.7 10.8 53.9 27.3 31.3 67.1 73.2 40.6 58.6 50.2 79.7 73.2 108.1 76.8 89.6 102.5 142.6 124.5 117.0 111.0 106.3 103.6 108.1 103.4 106.5 98.8 102.1 148.1 133.0 166.2 200.6 210.4 178.1 141.7 149.1 176.9 189.6 290.4 306.9 259.6 196.4 222.9 243.3 253.2 229.8 219.4 205.7 253.7 122.8 119.9 368.7 396.4 261.4 166.1 156.1 173.0 210.0 265.7 290.4
-9999.0 -9999.0 -9999.0 -9999.0 -9999.0 -9999.0 -9999.0 -9999.0 -9999.0 -9999.0 -9999.0 -9999.0 -9999.0 66.8 48.9 10.4 17.7 14.7 39.5 52.8 112.8 51.7 72.7 85.4 50.4 61.4 62.2 62.2 85.3 73.4 114.8 120.8 135.1 120.6 114.1 122.3 110.7 97.0 96.7 87.4 87.2 128.8 156.4 155.3 138.6 145.5 165.6 112.0 154.7 150.8 137.7 221.4 232.0 213.7 277.4 278.6 218.6 233.7 263.2 311.3 275.7 383.3 246.2 81.5 197.5 272.1 289.1 204.6 158.4 145.3 154.8 159.4 176.0 158.7
-9999.0 -9999.0 -9999.0 -9999.0 -9999.0 -9999.0 -9999.0 -9999.0 -9999.0 -9999.0 -9999.0 -9999.0 -9999.0 0.5 42.0 11.4 54.8 14.3 21.6 38.6 104.6 101.4 107.8 87.8 44.2 61.0 68.8 56.0 67.4 141.8 128.9 132.2 123.3 128.1 133.4 121.3 101.4 99.9 103.9 131.6 99.2 111.8 127.9 140.4 188.0 143.1 138.0 96.1 105.9 115.1 166.7 142.4 222.0 278.8 313.9 289.8 245.7 254.5 292.5 205.4 294.1 163.5 127.0 200.9 188.7 203.9 204.9 169.0 134.3 128.6 102.9 78.4 79.1 87.5
-9999.0 -9999.0 -9999.0 -9999.0 -9999.0 -9999.0 -9999.0 -9999.0 -9999.0 -9999.0 -9999.0 -9999.0 -9999.0 -9999.0 -9999.0 15.2 12.5 30.4 24.7 22.3 78.8 56.6 57.1 70.4 83.8 79.7 140.3 94.0 140.1 80.9 107.0 110.4 156.0 149.5 127.8 147.9 147.0 97.1 101.6 102.9 122.1 133.0 134.4 131.8 108.2 93.1 113.0 70.7 103.6 67.5 119.9 230.4 198.0 233.2 180.8 272.1 287.4 222.9 335.7 362.2 161.7 172.9 292.8 249.3 232.5 216.3 197.2 174.9 134.5 67.0 38.5 28.7 40.6 59.5
-9999.0 -9999.0 -9999.0 -9999.0 -9999.0 -9999.0 -9999.0 -9999.0 -9999.0 -9999.0 -9999.0 -9999.0 -9999.0 -9999.0 -9999.0 -9999.0 -9999.0 0.1 1.2 -9999.0 11.5 70.3 42.1 49.4 93.1 86.0 153.1 108.0 71.2 109.8 88.7 78.1 161.7 105.1 94.7 109.7 149.8 76.8 95.9 100.5 110.8 136.5 127.3 118.4 91.5 83.7 81.8 131.8 70.4 104.5 66.8 128.0 99.1 222.6 263.9 292.5 267.0 344.4 345.1 362.7 154.0 223.2 289.1 289.3 248.1 205.7 185.5 152.4 121.3 56.1 45.8 28.4 43.2 49.0
-9999.0 -9999.0 -9999.0 -9999.0 -9999.0 -9999.0 -9999.0 -9999.0 -9999.0 -9999.0 -9999.0 -9999.0 -9999.0 -9999.0 -9999.0 -9999.0 -9999.0 -9999.0 -9999.0 -9999.0 -9999.0 38.2 71.8 146.5 98.8 55.3 61.2 64.4 71.7 51.1 65.2 48.0 73.7 93.7 84.0 98.4 85.6 74.7 63.8 62.1 74.9 126.1 132.7 119.9 82.9 91.3 90.6 64.6 147.5 409.2 109.2 231.9 240.4 149.1 216.3 296.6 325.0 297.1 440.5 336.0 179.5 177.5 232.7 234.4 241.0 200.4 176.2 142.3 142.2 86.1 50.2 41.5 52.4 72.6
-9999.0 -9999.0 -9999.0 -9999.0 -9999.0 -9999.0 -9999.0 -9999.0 -9999.0 -9999.0 -9999.0 -9999.0 -9999.0 -9999.0 -9999.0 -9999.0 -9999.0 -9999.0 -9999.0 -9999.0 -9999.0 -9999.0 -9999.0 17.9 70.0 67.6 69.4 77.9 115.1 66.7 77.6 95.0 170.1 126.6 142.3 119.7 123.6 73.4 95.4 104.4 100.6 124.7 98.8 84.4 73.7 101.3 63.1 58.1 54.2 55.8 68.2 171.9 102.1 153.5 165.9 166.7 273.1 355.5 210.3 327.1 189.8 180.9 155.2 149.5 144.6 175.0 170.7 137.1 91.4 90.6 61.7 70.7 84.2 84.8
-9999.0 -9999.0 -9999.0 -9999.0 -9999.0 -9999.0 -9999.0 -9999.0 -9999.0 -9999.0 -9999.0 -9999.0 -9999.0 -9999.0 -9999.0 -9999.0 -9999.0 -9999.0 -9999.0 -9999.0 -9999.0 -9999.0 -9999.0 -9999.0 -9999.0 15.4 50.1 226.9 183.5 252.0 140.2 86.4 91.7 124.5 97.6 140.8 192.3 81.0 109.0 74.8 114.4 84.1 64.5 65.8 79.3 97.7 71.9 110.3 77.9 57.9 152.0 123.2 184.3 186.5 130.0 155.7 233.1 219.0 316.7 289.1 245.0 214.4 336.6 171.4 139.6 143.7 111.8 78.1 87.3 78.1 74.0 89.0 108.7 92.6
-9999.0 -9999.0 -9999.0 -9999.0 -9999.0 -9999.0 -9999.0 -9999.0 -9999.0 -9999.0 -9999.0 -9999.0 -9999.0 -9999.0 -9999.0 -9999.0 -9999.0 -9999.0 -9999.0 -9999.0 -9999.0 -9999.0 -9999.0 -9999.0 -9999.0 -9999.0 -9999.0 23.1 26.7 58.7 64.6 69.6 192.3 68.1 123.0 41.6 69.7 56.9 36.9 53.5 77.2 53.6 56.5 74.0 79.7 92.3 108.4 113.6 115.0 70.6 102.8 117.2 118.0 122.5 140.7 190.4 150.8 143.1 247.2 182.7 207.3 223.9 141.9 117.7 116.3 78.5 73.1 86.9 94.2 86.4 87.5 91.9 103.8 105.9
-9999.0 -9999.0 -9999.0 -9999.0 -9999.0 -9999.0 -9999.0 -9999.0 -9999.0 -9999.0 -9999.0 -9999.0 -9999.0 -9999.0 -9999.0 -9999.0 -9999.0 -9999.0 -9999.0 -9999.0 -9999.0 -9999.0 -9999.0 -9999.0 -9999.0 -9999.0 -9999.0 -9999.0 -9999.0 -9999.0 -9999.0 -9999.0 -9999.0 49.1 97.5 -9999.0 -9999.0 -9999.0 39.2 42.2 41.6 47.8 49.2 73.9 90.4 93.6 -9999.0 -9999.0 -9999.0 -9999.0 -9999.0 -9999.0 114.3 175.5 131.6 139.0 150.3 124.8 134.3 155.6 186.4 205.5 148.0 122.5 116.3 108.2 90.7 89.1 110.8 117.3 113.0 111.4 115.6 148.6
-9999.0 -9999.0 -9999.0 -9999.0 -9999.0 -9999.0 -9999.0 -9999.0 -9999.0 -9999.0 -9999.0 -9999.0 -9999.0 -9999.0 -9999.0 -9999.0 -9999.0 -9999.0 -9999.0 -9999.0 -9999.0 -9999.0 -9999.0 -9999.0 -9999.0 -9999.0 -9999.0 -9999.0 -9999.0 -9999.0 -9999.0 -9999.0 -9999.0 -9999.0 -9999.0 -9999.0 -9999.0 -9999.0 -9999.0 66.9 67.8 71.8 76.2 79.6 -9999.0 -9999.0 -9999.0 -9999.0 -9999.0 -9999.0 -9999.0 -9999.0 122.4 213.2 183.7 160.0 156.1 142.1 142.3 162.5 177.1 170.9 154.7 108.2 138.8 169.0 168.0 138.3 142.1 143.9 140.7 130.7 140.9 148.7
-9999.0 -9999.0 -9999.0 -9999.0 -9999.0 -9999.0 -9999.0 -9999.0 -9999.0 -9999.0 -9999.0 -9999.0 -9999.0 -9999.0 -9999.0 -9999.0 -9999.0 -9999.0 -9999.0 -9999.0 -9999.0 -9999.0 -9999.0 -9999.0 -9999.0 -9999.0 -9999.0 -9999.0 -9999.0 -9999.0 -9999.0 -9999.0 -9999.0 -9999.0 -9999.0 -9999.0 -9999.0 -9999.0 -9999.0 -9999.0 -9999.0 -9999.0 -9999.0 -9999.0 -9999.0 -9999.0 -9999.0 -9999.0 -9999.0 -9999.0 -9999.0 -9999.0 87.4 242.9 211.1 253.7 199.7 169.9 153.9 156.9 146.9 128.9 256.0 90.8 123.2 180.3 199.2 185.5 171.8 164.5 156.0 144.3 151.0 155.3
-9999.0 -9999.0 -9999.0 -9999.0 -9999.0 -9999.0 -9999.0 -9999.0 -9999.0 -9999.0 -9999.0 -9999.0 -9999.0 -9999.0 -9999.0 -9999.0 -9999.0 -9999.0 -9999.0 -9999.0 -9999.0 -9999.0 -9999.0 -9999.0 -9999.0 -9999.0 -9999.0 -9999.0 -9999.0 -9999.0 -9999.0 -9999.0 -9999.0 -9999.0 -9999.0 -9999.0 -9999.0 -9999.0 -9999.0 -9999.0 -9999.0 -9999.0 -9999.0 -9999.0 -9999.0 -9999.0 -9999.0 -9999.0 -9999.0 -9999.0 -9999.0 115.3 136.3 239.1 136.4 217.7 209.6 215.3 169.7 120.0 164.4 138.3 86.9 89.0 121.1 186.5 205.8 170.5 179.2 168.0 169.4 170.9 185.2 248.3
-9999.0 -9999.0 -9999.0 -9999.0 -9999.0 -9999.0 -9999.0 -9999.0 -9999.0 -9999.0 -9999.0 -9999.0 -9999.0 -9999.0 -9999.0 -9999.0 -9999.0 -9999.0 -9999.0 -9999.0 -9999.0 -9999.0 -9999.0 -9999.0 -9999.0 -9999.0 -9999.0 -9999.0 -9999.0 -9999.0 -9999.0 -9999.0 -9999.0 -9999.0 -9999.0 -9999.0 -9999.0 -9999.0 -9999.0 -9999.0 -9999.0 -9999.0 -9999.0 -9999.0 -9999.0 -9999.0 -9999.0 -9999.0 -9999.0 -9999.0 143.4 168.3 197.7 231.0 190.2 224.9 173.8 145.2 169.0 181.5 142.1 154.0 112.5 122.2 154.9 200.2 208.9 176.3 184.4 169.9 196.2 212.5 252.1 295.0
-9999.0 -9999.0 -9999.0 -9999.0 -9999.0 -9999.0 -9999.0 -9999.0 -9999.0 -9999.0 -9999.0 -9999.0 -9999.0 -9999.0 -9999.0 -9999.0 -9999.0 -9999.0 -9999.0 -9999.0 -9999.0 -9999.0 -9999.0 -9999.0 -9999.0 -9999.0 -9999.0 -9999.0 -9999.0 -9999.0 -9999.0 -9999.0 -9999.0 -9999.0 -9999.0 -9999.0 -9999.0 -9999.0 -9999.0 -9999.0 -9999.0 -9999.0 -9999.0 -9999.0 -9999.0 -9999.0 -9999.0 -9999.0 -9999.0 -9999.0 174.4 223.1 246.8 230.9 229.8 198.4 124.0 222.2 222.1 185.6 150.8 145.8 132.8 148.5 173.5 176.5 186.5 170.6 182.3 196.9 245.1 289.9 332.0 374.8
-9999.0 -9999.0 -9999.0 -9999.0 -9999.0 -9999.0 -9999.0 -9999.0 -9999.0 -9999.0 -9999.0 -9999.0 -9999.0 -9999.0 -9999.0 -9999.0 -9999.0 -9999.0 -9999.0 -9999.0 -9999.0 -9999.0 -9999.0 -9999.0 -9999.0 -9999.0 -9999.0 -9999.0 -9999.0 -9999.0 -9999.0 -9999.0 -9999.0 -9999.0 -9999.0 -9999.0 -9999.0 -9999.0 -9999.0 -9999.0 -9999.0 -9999.0 -9999.0 -9999.0 -9999.0 -9999.0 -9999.0 -9999.0 -9999.0 -9999.0 214.9 258.7 311.7 263.2 189.5 162.8 261.1 234.2 263.6 191.7 187.6 180.8 161.2 135.0 150.9 161.1 175.5 188.9 209.2 279.5 328.6 414.9 433.3 399.1
-9999.0 -9999.0 -9999.0 -9999.0 -9999.0 -9999.0 -9999.0 -9999.0 -9999.0 -9999.0 -9999.0 -9999.0 -9999.0 -9999.0 -9999.0 -9999.0 -9999.0 -9999.0 -9999.0 -9999.0 -9999.0 -9999.0 -9999.0 -9999.0 -9999.0 -9999.0 -9999.0 -9999.0 -9999.0 -9999.0 -9999.0 -9999.0 -9999.0 -9999.0 -9999.0 -9999.0 -9999.0 -9999.0 -9999.0 -9999.0 -9999.0 -9999.0 -9999.0 -9999.0 -9999.0 -9999.0 -9999.0 -9999.0 -9999.0 -9999.0 250.4 298.4 326.2 274.6 216.7 233.5 187.0 263.6 276.9 193.6 215.4 185.3 107.0 138.1 146.6 154.8 192.8 232.3 296.8 278.0 400.7 480.3 485.5 386.3
-9999.0 -9999.0 -9999.0 -9999.0 -9999.0 -9999.0 -9999.0 -9999.0 -9999.0 -9999.0 -9999.0 -9999.0 -9999.0 -9999.0 -9999.0 -9999.0 -9999.0 -9999.0 -9999.0 -9999.0 -9999.0 -9999.0 -9999.0 -9999.0 -9999.0 -9999.0 -9999.0 -9999.0 -9999.0 -9999.0 -9999.0 -9999.0 -9999.0 -9999.0 -9999.0 -9999.0 -9999.0 -9999.0 -9999.0 -9999.0 -9999.0 -9999.0 -9999.0 -9999.0 -9999.0 -9999.0 -9999.0 -9999.0 -9999.0 -9999.0 -9999.0 -9999.0 -9999.0 342.1 275.8 226.4 250.6 307.3 258.5 224.5 400.0 141.7 288.5 185.3 160.3 156.1 203.2 221.2 297.9 351.7 393.4 406.5 360.0 309.5
-9999.0 -9999.0 -9999.0 -9999.0 -9999.0 -9999.0 -9999.0 -9999.0 -9999.0 -9999.0 -9999.0 -9999.0 -9999.0 -9999.0 -9999.0 -9999.0 -9999.0 -9999.0 -9999.0 -9999.0 -9999.0 -9999.0 -9999.0 -9999.0 -9999.0 -9999.0 -9999.0 -9999.0 -9999.0 -9999.0 -9999.0 -9999.0 -9999.0 -9999.0 -9999.0 -9999.0 -9999.0 -9999.0 -9999.0 -9999.0 -9999.0 -9999.0 -9999.0 -9999.0 -9999.0 -9999.0 -9999.0 -9999.0 -9999.0 -9999.0 -9999.0 -9999.0 -9999.0 379.4 333.6 324.5 285.1 300.7 340.6 432.3 312.7 221.4 396.0 222.6 195.1 170.8 143.5 219.9 197.4 247.6 291.3 300.1 269.2 286.5
-9999.0 -9999.0 -9999.0 -9999.0 -9999.0 -9999.0 -9999.0 -9999.0 -9999.0 -9999.0 -9999.0 -9999.0 -9999.0 -9999.0 -9999.0 -9999.0 -9999.0 -9999.0 -9999.0 -9999.0 -9999.0 -9999.0 -9999.0 -9999.0 -9999.0 -9999.0 -9999.0 -9999.0 -9999.0 -9999.0 -9999.0 -9999.0 -9999.0 -9999.0 -9999.0 -9999.0 -9999.0 -9999.0 -9999.0 -9999.0 -9999.0 -9999.0 -9999.0 -9999.0 -9999.0 -9999.0 -9999.0 -9999.0 -9999.0 -9999.0 -9999.0 -9999.0 -9999.0 391.4 349.7 324.5 303.8 310.7 365.0 385.0 461.0 422.8 506.9 429.6 209.0 -9999.0 -9999.0 -9999.0 147.7 147.1 223.6 298.0 319.7 346.3
-9999.0 -9999.0 -9999.0 -9999.0 -9999.0 -9999.0 -9999.0 -9999.0 -9999.0 -9999.0 -9999.0 -9999.0 -9999.0 -9999.0 -9999.0 -9999.0 -9999.0 -9999.0 -9999.0 -9999.0 -9999.0 -9999.0 -9999.0 -9999.0 -9999.0 -9999.0 -9999.0 -9999.0 -9999.0 -9999.0 -9999.0 -9999.0 -9999.0 -9999.0 -9999.0 -9999.0 -9999.0 -9999.0 -9999.0 -9999.0 -9999.0 -9999.0 -9999.0 -9999.0 -9999.0 -9999.0 -9999.0 -9999.0 -9999.0 -9999.0 -9999.0 -9999.0 -9999.0 -9999.0 346.1 308.5 262.7 265.6 361.0 473.6 348.4 -9999.0 -9999.0 -9999.0 -9999.0 -9999.0 -9999.0 -9999.0 86.3 128.6 238.6 328.3 386.7 384.2
-9999.0 -9999.0 -9999.0 -9999.0 -9999.0 -9999.0 -9999.0 -9999.0 -9999.0 -9999.0 -9999.0 -9999.0 -9999.0 -9999.0 -9999.0 -9999.0 -9999.0 -9999.0 -9999.0 -9999.0 -9999.0 -9999.0 -9999.0 -9999.0 -9999.0 -9999.0 -9999.0 -9999.0 -9999.0 -9999.0 -9999.0 -9999.0 -9999.0 -9999.0 -9999.0 -9999.0 -9999.0 -9999.0 -9999.0 -9999.0 -9999.0 -9999.0 -9999.0 -9999.0 -9999.0 -9999.0 -9999.0 -9999.0 -9999.0 -9999.0 -9999.0 -9999.0 -9999.0 -9999.0 -9999.0 276.8 317.7 274.8 287.5 372.5 378.8 -9999.0 -9999.0 -9999.0 -9999.0 -9999.0 -9999.0 -9999.0 -9999.0 -9999.0 213.4 -9999.0 -9999.0 -9999.0
