program/excelProcessViaJava/data/SURF_CLI_CHN_PRE_MON_GRID_0.5-201009.txt
NCOLS      128
NROWS       72
XLLCORNER    72.000000000000    
YLLCORNER    18.000000000000    
CELLSIZE    0.50000000000000    
NODATA_VALUE   -9999.000    
[rows 34 to 67 of 72, columns 0 to 74 of 128]
-9999.0 -9999.0 -9999.0 -9999.0 0.7 5.0 0.7 15.5 1.2 5.0 44.7 23.4 46.8 53.3 52.3 47.8 47.3 31.1 29.7 37.1 46.3 44.9 46.4 64.9 66.6 59.5 66.0 65.7 65.4 64.6 63.0 62.2 58.0 54.7 52.1 45.8 46.3 46.1 35.5 24.5 31.6 14.5 13.1 10.4 11.0 12.1 13.5 15.4 18.1 23.5 27.3 32.9 57.7 45.5 36.3 34.5 34.4 43.6 60.1 68.1 83.2 66.7 57.9 55.3 37.9 24.5 47.8 39.2 45.5 61.3 52.6 50.7 46.3 44.9 43.7
-9999.0 -9999.0 -9999.0 -9999.0 -9999.0 -9999.0 -9999.0 6.5 3.7 14.0 3.0 6.7 30.4 31.4 38.3 48.4 63.1 59.4 62.8 76.1 74.8 65.8 64.6 66.8 67.9 68.2 67.4 67.3 67.2 66.5 65.6 63.6 60.4 57.8 55.7 49.0 49.6 44.1 46.8 46.8 30.1 51.7 50.6 39.6 27.3 16.6 24.3 22.9 30.6 23.0 22.0 26.9 38.7 62.0 53.2 32.2 31.8 41.3 64.5 78.4 88.5 66.2 55.9 55.9 58.8 37.1 47.0 59.0 65.2 79.4 78.6 68.1 63.6 60.9 58.0
-9999.0 -9999.0 -9999.0 -9999.0 -9999.0 -9999.0 -9999.0 0.0 9.4 3.0 2.9 11.8 12.1 8.4 23.6 12.2 38.2 46.6 37.5 58.3 63.3 58.2 64.3 65.6 67.6 68.2 68.9 67.9 68.6 67.4 66.8 64.7 61.5 60.2 53.8 50.4 45.1 45.5 43.0 40.5 42.6 45.2 50.9 66.5 47.4 33.2 41.8 45.5 65.2 57.0 75.2 67.1 45.1 48.8 52.5 40.0 42.3 54.4 70.4 83.1 97.0 95.2 72.6 75.2 63.1 51.0 48.9 59.0 84.5 97.8 103.7 90.0 82.0 80.3 73.9
-9999.0 -9999.0 -9999.0 -9999.0 -9999.0 -9999.0 -9999.0 -9999.0 -9999.0 1.6 4.1 9.2 4.7 9.0 18.0 26.9 25.7 14.8 34.4 30.1 46.2 57.7 61.8 64.1 66.3 68.2 68.5 69.2 69.1 69.2 65.4 64.0 60.9 59.0 51.3 47.3 43.1 42.5 38.4 39.8 38.5 45.1 47.9 48.7 58.5 60.8 63.6 64.1 66.8 66.4 69.4 60.2 51.0 44.8 47.7 45.0 49.6 61.2 71.6 84.7 96.8 99.6 100.2 81.0 81.1 64.4 53.3 62.1 89.5 105.1 108.3 92.6 86.3 88.5 96.8
-9999.0 -9999.0 -9999.0 -9999.0 -9999.0 -9999.0 -9999.0 -9999.0 -9999.0 -9999.0 -9999.0 0.9 11.7 3.4 10.3 12.3 19.2 27.0 34.2 37.5 38.4 49.8 53.7 60.3 58.7 64.8 66.6 68.8 70.0 69.3 67.7 67.7 61.6 58.1 52.2 55.0 45.4 42.6 51.6 39.7 44.6 43.4 45.5 49.3 68.6 61.8 79.8 72.3 76.0 71.1 59.4 54.8 48.9 45.0 42.6 42.4 52.1 59.1 68.4 77.5 81.6 92.0 93.3 92.1 90.3 64.0 51.3 67.3 87.9 102.1 104.9 97.3 90.7 91.1 94.6
-9999.0 -9999.0 -9999.0 -9999.0 -9999.0 -9999.0 -9999.0 -9999.0 -9999.0 -9999.0 -9999.0 -9999.0 5.6 8.5 4.5 11.5 6.7 17.8 23.7 21.2 41.3 44.8 49.8 56.4 49.9 63.1 66.7 68.9 70.7 72.4 70.2 67.1 63.8 63.4 59.7 53.8 58.6 47.5 41.2 37.0 36.9 41.0 47.5 59.5 64.9 72.5 80.4 70.6 72.1 69.6 71.4 61.2 48.4 39.8 36.5 36.9 42.3 46.4 65.7 60.7 69.6 72.4 77.8 83.5 84.4 84.8 68.1 80.0 91.6 98.8 109.7 129.8 125.0 115.7 106.5
-9999.0 -9999.0 -9999.0 -9999.0 -9999.0 -9999.0 -9999.0 -9999.0 -9999.0 -9999.0 -9999.0 -9999.0 0.3 6.1 10.3 6.0 15.7 17.7 16.0 24.0 31.2 35.4 43.3 51.8 58.1 61.5 65.5 67.9 71.0 70.3 72.2 73.3 68.0 63.5 61.7 55.9 60.6 58.8 53.1 48.8 44.6 47.7 63.2 61.9 75.1 85.0 77.5 73.6 62.3 69.1 63.6 59.7 48.9 42.8 37.9 36.5 43.9 48.5 60.9 62.9 67.1 72.6 72.3 72.7 76.5 81.8 78.4 92.9 99.1 100.8 97.3 91.4 89.0 95.7 101.8
-9999.0 -9999.0 -9999.0 -9999.0 -9999.0 -9999.0 -9999.0 -9999.0 -9999.0 -9999.0 -9999.0 -9999.0 -9999.0 1.4 0.8 8.3 7.2 13.9 19.5 24.7 28.6 37.4 39.7 49.2 54.3 58.3 64.7 70.1 74.3 76.1 73.6 70.8 73.6 70.4 59.4 58.1 58.7 62.6 77.4 68.2 65.9 71.4 74.8 86.9 84.9 82.4 87.7 89.5 86.1 78.5 71.9 62.9 58.3 52.8 45.5 44.1 50.7 52.1 47.9 55.7 60.8 71.8 71.4 77.9 83.0 88.0 102.1 121.1 116.3 110.0 116.0 111.6 100.8 102.8 102.8
-9999.0 -9999.0 -9999.0 -9999.0 -9999.0 -9999.0 -9999.0 -9999.0 -9999.0 -9999.0 -9999.0 -9999.0 0.3 0.2 0.6 3.4 2.2 7.1 11.7 21.7 27.5 33.3 38.5 45.5 51.9 58.0 65.3 70.8 75.4 79.2 78.6 72.6 78.5 68.8 66.6 60.6 69.4 63.9 68.5 74.5 88.7 97.2 103.8 94.5 100.7 101.7 96.2 88.3 88.1 84.7 85.3 81.5 74.6 67.3 64.6 62.4 56.8 80.5 64.5 69.8 69.7 68.8 75.4 71.6 78.2 97.6 153.0 135.9 127.4 115.8 111.4 114.7 124.3 128.6 121.8
-9999.0 -9999.0 -9999.0 -9999.0 -9999.0 -9999.0 -9999.0 -9999.0 -9999.0 -9999.0 -9999.0 -9999.0 0.0 0.9 1.0 0.3 1.0 7.1 11.5 14.1 23.6 27.9 35.3 42.8 50.4 57.4 65.0 71.7 77.4 78.7 78.5 78.3 81.4 66.2 60.7 61.1 58.6 68.2 75.8 77.5 87.3 92.3 99.8 107.4 111.7 113.8 116.3 111.1 104.9 91.1 91.6 93.8 95.6 98.5 92.2 92.9 79.1 72.7 78.1 68.3 67.8 68.7 88.1 86.5 86.2 185.5 142.4 133.6 126.8 137.9 145.6 149.6 148.2 132.8 123.4
-9999.0 -9999.0 -9999.0 -9999.0 -9999.0 -9999.0 -9999.0 -9999.0 -9999.0 -9999.0 -9999.0 -9999.0 0.4 0.1 0.9 1.3 2.8 2.1 7.4 12.1 14.5 21.4 33.2 40.8 50.6 60.1 69.7 80.1 81.8 85.0 84.9 91.8 77.2 65.7 59.7 59.0 60.1 68.2 74.9 90.2 94.6 95.8 114.7 108.3 118.8 122.8 121.7 115.6 105.4 102.8 104.0 107.8 96.6 88.1 90.4 108.1 88.7 79.7 76.5 86.5 88.0 89.2 78.1 84.7 114.4 154.9 137.3 123.7 132.3 158.1 177.0 163.1 154.6 133.0 105.5
-9999.0 -9999.0 -9999.0 -9999.0 -9999.0 -9999.0 -9999.0 -9999.0 -9999.0 -9999.0 -9999.0 -9999.0 -9999.0 0.0 0.1 0.8 1.4 3.8 5.0 8.5 10.0 22.6 29.9 39.4 52.1 62.9 73.1 81.2 91.0 88.1 98.3 93.6 90.3 74.4 68.6 75.9 73.5 68.7 79.4 85.8 95.0 112.1 117.6 119.7 118.2 117.8 116.9 106.9 110.0 107.2 103.9 108.8 111.5 120.1 95.0 85.6 96.2 91.4 84.3 77.6 87.8 76.8 92.5 75.6 126.2 108.3 115.3 130.8 155.4 176.9 187.9 178.3 145.5 143.6 129.1
-9999.0 -9999.0 -9999.0 -9999.0 -9999.0 -9999.0 -9999.0 -9999.0 -9999.0 -9999.0 -9999.0 -9999.0 -9999.0 0.4 0.0 0.6 0.4 3.1 5.7 9.0 10.3 18.2 27.4 40.5 54.3 66.3 78.4 86.1 94.8 108.9 109.9 106.6 93.4 86.2 85.8 80.2 70.5 73.5 85.2 100.5 97.8 105.1 110.2 112.4 110.9 109.6 105.9 97.3 96.9 97.2 102.5 101.5 109.5 103.1 92.3 86.5 88.0 88.5 86.2 105.5 99.0 99.2 96.9 157.4 117.9 99.5 118.0 151.4 176.6 180.2 167.0 145.5 125.7 115.6 118.7
-9999.0 -9999.0 -9999.0 -9999.0 -9999.0 -9999.0 -9999.0 -9999.0 -9999.0 -9999.0 -9999.0 -9999.0 -9999.0 -9999.0 -9999.0 0.4 1.0 1.7 5.0 10.0 12.1 22.2 32.4 43.3 55.8 69.8 81.2 95.9 106.5 108.5 113.3 108.1 111.6 102.7 88.6 95.4 95.3 74.4 84.1 89.6 96.1 97.8 99.3 100.4 102.0 99.9 92.1 86.6 86.3 79.9 88.3 99.1 103.1 103.9 89.1 87.3 82.1 108.0 89.1 95.8 105.9 96.7 179.5 161.9 134.0 118.5 132.9 153.0 160.2 145.3 122.7 103.2 96.2 97.8 120.4
-9999.0 -9999.0 -9999.0 -9999.0 -9999.0 -9999.0 -9999.0 -9999.0 -9999.0 -9999.0 -9999.0 -9999.0 -9999.0 -9999.0 -9999.0 -9999.0 -9999.0 1.4 6.2 -9999.0 16.7 21.6 33.9 45.5 57.3 72.2 83.3 99.6 107.2 117.0 114.7 102.3 115.4 86.9 70.7 86.2 98.8 76.6 89.2 89.2 88.0 85.5 85.8 87.0 105.8 93.2 119.0 77.5 75.8 76.6 69.2 81.0 68.3 99.2 95.5 89.1 89.1 88.1 97.7 107.3 93.4 112.6 153.4 162.4 139.8 120.0 115.7 112.0 102.7 95.4 73.5 95.8 97.0 101.9 138.2
-9999.0 -9999.0 -9999.0 -9999.0 -9999.0 -9999.0 -9999.0 -9999.0 -9999.0 -9999.0 -9999.0 -9999.0 -9999.0 -9999.0 -9999.0 -9999.0 -9999.0 -9999.0 -9999.0 -9999.0 -9999.0 23.7 32.7 40.2 58.2 71.8 85.6 97.9 108.6 107.0 110.1 87.7 86.9 85.7 74.8 89.8 90.4 92.9 95.4 99.8 97.8 72.3 69.2 69.9 97.9 73.2 113.0 77.4 68.0 67.6 70.5 83.9 90.5 81.2 92.4 92.8 92.3 101.1 94.7 117.4 117.3 107.5 115.9 120.1 124.2 104.2 83.2 69.5 56.9 60.1 69.6 94.5 99.7 113.1 154.0
-9999.0 -9999.0 -9999.0 -9999.0 -9999.0 -9999.0 -9999.0 -9999.0 -9999.0 -9999.0 -9999.0 -9999.0 -9999.0 -9999.0 -9999.0 -9999.0 -9999.0 -9999.0 -9999.0 -9999.0 -9999.0 -9999.0 -9999.0 36.7 57.8 70.9 83.9 96.9 109.2 108.6 110.2 107.3 109.8 98.4 98.2 95.3 95.2 94.3 85.1 73.7 66.0 57.2 60.0 68.3 89.3 99.8 90.7 79.7 80.5 74.5 62.7 76.2 70.6 82.6 84.9 88.6 98.0 96.6 120.2 115.1 144.0 133.5 109.2 80.3 76.0 82.1 66.7 52.6 68.7 63.3 103.2 102.4 112.5 145.9 152.8
-9999.0 -9999.0 -9999.0 -9999.0 -9999.0 -9999.0 -9999.0 -9999.0 -9999.0 -9999.0 -9999.0 -9999.0 -9999.0 -9999.0 -9999.0 -9999.0 -9999.0 -9999.0 -9999.0 -9999.0 -9999.0 -9999.0 -9999.0 -9999.0 -9999.0 31.9 70.2 88.4 101.5 102.4 108.5 95.1 86.8 88.9 81.0 87.5 80.7 82.0 68.9 63.9 48.8 49.6 88.0 81.6 94.3 89.2 96.4 89.9 61.2 71.2 66.8 72.2 81.2 86.4 89.5 92.7 95.1 97.3 98.2 106.6 128.3 145.2 127.0 86.7 71.3 73.7 66.5 75.0 98.4 119.4 112.9 110.6 107.0 160.3 176.5
-9999.0 -9999.0 -9999.0 -9999.0 -9999.0 -9999.0 -9999.0 -9999.0 -9999.0 -9999.0 -9999.0 -9999.0 -9999.0 -9999.0 -9999.0 -9999.0 -9999.0 -9999.0 -9999.0 -9999.0 -9999.0 -9999.0 -9999.0 -9999.0 -9999.0 -9999.0 -9999.0 25.4 29.3 74.8 76.3 72.7 89.0 60.9 73.8 51.3 70.1 69.0 72.8 56.6 41.2 57.3 80.2 80.6 81.8 79.4 75.8 78.3 83.6 90.1 105.9 119.9 89.7 100.6 98.9 93.5 99.8 100.6 90.1 105.1 208.9 138.6 137.3 88.2 67.9 62.7 77.0 88.8 110.3 125.5 118.6 132.8 105.0 149.4 130.0
-9999.0 -9999.0 -9999.0 -9999.0 -9999.0 -9999.0 -9999.0 -9999.0 -9999.0 -9999.0 -9999.0 -9999.0 -9999.0 -9999.0 -9999.0 -9999.0 -9999.0 -9999.0 -9999.0 -9999.0 -9999.0 -9999.0 -9999.0 -9999.0 -9999.0 -9999.0 -9999.0 -9999.0 -9999.0 -9999.0 -9999.0 -9999.0 -9999.0 40.0 58.5 -9999.0 -9999.0 -9999.0 59.8 55.6 64.1 69.1 67.7 68.0 63.9 67.3 -9999.0 -9999.0 -9999.0 -9999.0 -9999.0 -9999.0 124.9 103.0 126.9 123.9 111.1 125.1 105.1 151.7 165.5 133.8 133.9 94.5 78.9 79.1 95.0 118.4 136.0 132.1 116.6 131.1 142.9 120.1 147.2
-9999.0 -9999.0 -9999.0 -9999.0 -9999.0 -9999.0 -9999.0 -9999.0 -9999.0 -9999.0 -9999.0 -9999.0 -9999.0 -9999.0 -9999.0 -9999.0 -9999.0 -9999.0 -9999.0 -9999.0 -9999.0 -9999.0 -9999.0 -9999.0 -9999.0 -9999.0 -9999.0 -9999.0 -9999.0 -9999.0 -9999.0 -9999.0 -9999.0 -9999.0 -9999.0 -9999.0 -9999.0 -9999.0 -9999.0 35.5 41.9 46.3 50.2 54.3 -9999.0 -9999.0 -9999.0 -9999.0 -9999.0 -9999.0 -9999.0 -9999.0 134.0 116.9 129.0 135.1 133.1 135.6 153.5 180.7 191.6 142.1 112.9 101.7 97.0 103.9 120.8 152.0 156.7 151.2 149.7 140.8 118.5 140.9 101.3
-9999.0 -9999.0 -9999.0 -9999.0 -9999.0 -9999.0 -9999.0 -9999.0 -9999.0 -9999.0 -9999.0 -9999.0 -9999.0 -9999.0 -9999.0 -9999.0 -9999.0 -9999.0 -9999.0 -9999.0 -9999.0 -9999.0 -9999.0 -9999.0 -9999.0 -9999.0 -9999.0 -9999.0 -9999.0 -9999.0 -9999.0 -9999.0 -9999.0 -9999.0 -9999.0 -9999.0 -9999.0 -9999.0 -9999.0 -9999.0 -9999.0 -9999.0 -9999.0 -9999.0 -9999.0 -9999.0 -9999.0 -9999.0 -9999.0 -9999.0 -9999.0 -9999.0 91.4 138.0 149.9 140.3 136.5 127.5 134.4 148.2 158.9 135.8 108.6 100.9 111.5 131.3 159.7 181.6 182.3 173.4 171.1 157.2 170.4 138.0 136.8
-9999.0 -9999.0 -9999.0 -9999.0 -9999.0 -9999.0 -9999.0 -9999.0 -9999.0 -9999.0 -9999.0 -9999.0 -9999.0 -9999.0 -9999.0 -9999.0 -9999.0 -9999.0 -9999.0 -9999.0 -9999.0 -9999.0 -9999.0 -9999.0 -9999.0 -9999.0 -9999.0 -9999.0 -9999.0 -9999.0 -9999.0 -9999.0 -9999.0 -9999.0 -9999.0 -9999.0 -9999.0 -9999.0 -9999.0 -9999.0 -9999.0 -9999.0 -9999.0 -9999.0 -9999.0 -9999.0 -9999.0 -9999.0 -9999.0 -9999.0 -9999.0 109.9 155.4 170.4 153.6 161.3 141.8 137.6 127.7 100.8 133.1 119.3 98.4 101.1 122.3 149.4 165.9 155.1 193.5 185.7 181.9 160.4 121.0 102.9 121.7
-9999.0 -9999.0 -9999.0 -9999.0 -9999.0 -9999.0 -9999.0 -9999.0 -9999.0 -9999.0 -9999.0 -9999.0 -9999.0 -9999.0 -9999.0 -9999.0 -9999.0 -9999.0 -9999.0 -9999.0 -9999.0 -9999.0 -9999.0 -9999.0 -9999.0 -9999.0 -9999.0 -9999.0 -9999.0 -9999.0 -9999.0 -9999.0 -9999.0 -9999.0 -9999.0 -9999.0 -9999.0 -9999.0 -9999.0 -9999.0 -9999.0 -9999.0 -9999.0 -9999.0 -9999.0 -9999.0 -9999.0 -9999.0 -9999.0 -9999.0 84.4 162.5 190.1 198.0 183.8 178.8 141.2 114.3 130.6 145.3 126.4 127.7 102.6 112.8 136.7 151.7 158.7 154.0 179.4 168.2 166.2 132.4 118.4 136.8 158.3
-9999.0 -9999.0 -9999.0 -9999.0 -9999.0 -9999.0 -9999.0 -9999.0 -9999.0 -9999.0 -9999.0 -9999.0 -9999.0 -9999.0 -9999.0 -9999.0 -9999.0 -9999.0 -9999.0 -9999.0 -9999.0 -9999.0 -9999.0 -9999.0 -9999.0 -9999.0 -9999.0 -9999.0 -9999.0 -9999.0 -9999.0 -9999.0 -9999.0 -9999.0 -9999.0 -9999.0 -9999.0 -9999.0 -9999.0 -9999.0 -9999.0 -9999.0 -9999.0 -9999.0 -9999.0 -9999.0 -9999.0 -9999.0 -9999.0 -9999.0 102.7 198.2 174.7 211.4 207.6 187.3 126.3 176.8 174.9 151.5 120.3 115.7 97.2 118.8 141.6 110.2 123.8 123.7 156.0 163.7 167.9 158.6 156.6 162.0 168.4
-9999.0 -9999.0 -9999.0 -9999.0 -9999.0 -9999.0 -9999.0 -9999.0 -9999.0 -9999.0 -9999.0 -9999.0 -9999.0 -9999.0 -9999.0 -9999.0 -9999.0 -9999.0 -9999.0 -9999.0 -9999.0 -9999.0 -9999.0 -9999.0 -9999.0 -9999.0 -9999.0 -9999.0 -9999.0 -9999.0 -9999.0 -9999.0 -9999.0 -9999.0 -9999.0 -9999.0 -9999.0 -9999.0 -9999.0 -9999.0 -9999.0 -9999.0 -9999.0 -9999.0 -9999.0 -9999.0 -9999.0 -9999.0 -9999.0 -9999.0 114.7 176.2 178.9 227.1 194.4 180.9 208.6 196.6 207.3 148.0 146.9 136.5 116.9 105.1 129.5 118.3 105.2 124.9 166.0 224.2 218.5 251.5 221.4 241.3 214.7
-9999.0 -9999.0 -9999.0 -9999.0 -9999.0 -9999.0 -9999.0 -9999.0 -9999.0 -9999.0 -9999.0 -9999.0 -9999.0 -9999.0 -9999.0 -9999.0 -9999.0 -9999.0 -9999.0 -9999.0 -9999.0 -9999.0 -9999.0 -9999.0 -9999.0 -9999.0 -9999.0 -9999.0 -9999.0 -9999.0 -9999.0 -9999.0 -9999.0 -9999.0 -9999.0 -9999.0 -9999.0 -9999.0 -9999.0 -9999.0 -9999.0 -9999.0 -9999.0 -9999.0 -9999.0 -9999.0 -9999.0 -9999.0 -9999.0 -9999.0 185.5 229.0 234.7 231.6 210.5 207.4 161.9 196.7 209.7 158.4 175.3 139.7 73.8 107.6 127.0 128.4 152.9 180.8 262.7 205.8 267.3 273.7 287.1 286.8 244.1
-9999.0 -9999.0 -9999.0 -9999.0 -9999.0 -9999.0 -9999.0 -9999.0 -9999.0 -9999.0 -9999.0 -9999.0 -9999.0 -9999.0 -9999.0 -9999.0 -9999.0 -9999.0 -9999.0 -9999.0 -9999.0 -9999.0 -9999.0 -9999.0 -9999.0 -9999.0 -9999.0 -9999.0 -9999.0 -9999.0 -9999.0 -9999.0 -9999.0 -9999.0 -9999.0 -9999.0 -9999.0 -9999.0 -9999.0 -9999.0 -9999.0 -9999.0 -9999.0 -9999.0 -9999.0 -9999.0 -9999.0 -9999.0 -9999.0 -9999.0 -9999.0 -9999.0 -9999.0 240.9 213.7 184.5 170.8 184.3 155.9 179.7 288.6 116.0 202.9 144.7 132.1 130.7 182.8 196.6 301.4 314.5 263.6 241.4 238.8 240.0 237.7
-9999.0 -9999.0 -9999.0 -9999.0 -9999.0 -9999.0 -9999.0 -9999.0 -9999.0 -9999.0 -9999.0 -9999.0 -9999.0 -9999.0 -9999.0 -9999.0 -9999.0 -9999.0 -9999.0 -9999.0 -9999.0 -9999.0 -9999.0 -9999.0 -9999.0 -9999.0 -9999.0 -9999.0 -9999.0 -9999.0 -9999.0 -9999.0 -9999.0 -9999.0 -9999.0 -9999.0 -9999.0 -9999.0 -9999.0 -9999.0 -9999.0 -9999.0 -9999.0 -9999.0 -9999.0 -9999.0 -9999.0 -9999.0 -9999.0 -9999.0 -9999.0 -9999.0 -9999.0 245.0 215.5 208.7 158.5 140.5 187.9 306.9 263.7 177.0 308.3 185.9 169.3 156.0 126.0 249.3 211.0 219.1 192.2 199.6 213.6 225.5 229.5
-9999.0 -9999.0 -9999.0 -9999.0 -9999.0 -9999.0 -9999.0 -9999.0 -9999.0 -9999.0 -9999.0 -9999.0 -9999.0 -9999.0 -9999.0 -9999.0 -9999.0 -9999.0 -9999.0 -9999.0 -9999.0 -9999.0 -9999.0 -9999.0 -9999.0 -9999.0 -9999.0 -9999.0 -9999.0 -9999.0 -9999.0 -9999.0 -9999.0 -9999.0 -9999.0 -9999.0 -9999.0 -9999.0 -9999.0 -9999.0 -9999.0 -9999.0 -9999.0 -9999.0 -9999.0 -9999.0 -9999.0 -9999.0 -9999.0 -9999.0 -9999.0 -9999.0 -9999.0 239.1 198.7 194.5 166.2 151.9 196.7 252.9 353.3 344.0 407.2 354.1 186.4 -9999.0 -9999.0 -9999.0 195.9 150.4 188.4 254.5 288.0 286.9 270.6
-9999.0 -9999.0 -9999.0 -9999.0 -9999.0 -9999.0 -9999.0 -9999.0 -9999.0 -9999.0 -9999.0 -9999.0 -9999.0 -9999.0 -9999.0 -9999.0 -9999.0 -9999.0 -9999.0 -9999.0 -9999.0 -9999.0 -9999.0 -9999.0 -9999.0 -9999.0 -9999.0 -9999.0 -9999.0 -9999.0 -9999.0 -9999.0 -9999.0 -9999.0 -9999.0 -9999.0 -9999.0 -9999.0 -9999.0 -9999.0 -9999.0 -9999.0 -9999.0 -9999.0 -9999.0 -9999.0 -9999.0 -9999.0 -9999.0 -9999.0 -9999.0 -9999.0 -9999.0 -9999.0 202.9 179.7 140.7 127.9 193.5 292.0 216.4 -9999.0 -9999.0 -9999.0 -9999.0 -9999.0 -9999.0 -9999.0 122.8 167.6 276.9 336.2 397.4 399.0 337.4
-9999.0 -9999.0 -9999.0 -9999.0 -9999.0 -9999.0 -9999.0 -9999.0 -9999.0 -9999.0 -9999.0 -9999.0 -9999.0 -9999.0 -9999.0 -9999.0 -9999.0 -9999.0 -9999.0 -9999.0 -9999.0 -9999.0 -9999.0 -9999.0 -9999.0 -9999.0 -9999.0 -9999.0 -9999.0 -9999.0 -9999.0 -9999.0 -9999.0 -9999.0 -9999.0 -9999.0 -9999.0 -9999.0 -9999.0 -9999.0 -9999.0 -9999.0 -9999.0 -9999.0 -9999.0 -9999.0 -9999.0 -9999.0 -9999.0 -9999.0 -9999.0 -9999.0 -9999.0 -9999.0 -9999.0 150.5 171.1 137.0 132.2 197.7 219.3 -9999.0 -9999.0 -9999.0 -9999.0 -9999.0 -9999.0 -9999.0 -9999.0 -9999.0 256.8 -9999.0 -9999.0 -9999.0 -9999.0
-9999.0 -9999.0 -9999.0 -9999.0 -9999.0 -9999.0 -9999.0 -9999.0 -9999.0 -9999.0 -9999.0 -9999.0 -9999.0 -9999.0 -9999.0 -9999.0 -9999.0 -9999.0 -9999.0 -9999.0 -9999.0 -9999.0 -9999.0 -9999.0 -9999.0 -9999.0 -9999.0 -9999.0 -9999.0 -9999.0 -9999.0 -9999.0 -9999.0 -9999.0 -9999.0 -9999.0 -9999.0 -9999.0 -9999.0 -9999.0 -9999.0 -9999.0 -9999.0 -9999.0 -9999.0 -9999.0 -9999.0 -9999.0 -9999.0 -9999.0 -9999.0 -9999.0 -9999.0 -9999.0 -9999.0 -9999.0 -9999.0 -9999.0 126.7 123.7 -9999.0 -9999.0 -9999.0 -9999.0 -9999.0 -9999.0 -9999.0 -9999.0 -9999.0 -9999.0 -9999.0 -9999.0 -9999.0 -9999.0 -9999.0
-9999.0 -9999.0 -9999.0 -9999.0 -9999.0 -9999.0 -9999.0 -9999.0 -9999.0 -9999.0 -9999.0 -9999.0 -9999.0 -9999.0 -9999.0 -9999.0 -9999.0 -9999.0 -9999.0 -9999.0 -9999.0 -9999.0 -9999.0 -9999.0 -9999.0 -9999.0 -9999.0 -9999.0 -9999.0 -9999.0 -9999.0 -9999.0 -9999.0 -9999.0 -9999.0 -9999.0 -9999.0 -9999.0 -9999.0 -9999.0 -9999.0 -9999.0 -9999.0 -9999.0 -9999.0 -9999.0 -9999.0 -9999.0 -9999.0 -9999.0 -9999.0 -9999.0 -9999.0 -9999.0 -9999.0 -9999.0 -9999.0 -9999.0 -9999.0 -9999.0 -9999.0 -9999.0 -9999.0 -9999.0 -9999.0 -9999.0 -9999.0 -9999.0 -9999.0 -9999.0 -9999.0 -9999.0 -9999.0 -9999.0 -9999.0
