program/excelProcessViaJava/data/SURF_CLI_CHN_PRE_MON_GRID_0.5-200208.txt
NCOLS      128
NROWS       72
XLLCORNER    72.000000000000    
YLLCORNER    18.000000000000    
CELLSIZE    0.50000000000000    
NODATA_VALUE   -9999.000    
[rows 33 to 65 of 72, columns 0 to 74 of 128]
-9999.0 -9999.0 -9999.0 -9999.0 24.1 37.0 50.2 36.7 36.7 9.7 16.3 11.1 6.0 1.5 1.1 1.1 1.1 1.1 1.2 1.4 1.3 1.3 1.5 3.1 6.2 12.8 19.0 85.6 44.5 45.9 45.4 36.4 30.7 31.9 20.5 18.5 15.3 26.5 21.2 12.4 5.8 3.7 3.3 2.7 2.5 2.7 3.9 7.6 12.1 11.1 15.6 36.9 58.5 78.3 71.5 78.5 79.9 89.1 85.3 80.8 72.0 62.6 56.3 43.7 31.3 37.7 44.3 42.9 64.4 67.9 65.4 63.6 61.2 60.3 60.1
-9999.0 -9999.0 -9999.0 -9999.0 29.6 26.7 45.8 30.2 67.3 70.5 27.2 72.4 54.3 58.4 11.1 11.5 12.7 4.1 1.7 1.6 4.1 5.9 9.8 33.9 77.0 94.4 66.2 62.5 54.2 48.8 42.9 43.4 33.9 30.4 29.4 24.1 27.8 30.3 20.9 13.1 18.1 6.6 5.1 3.0 2.4 2.3 2.7 3.8 5.6 9.1 13.2 22.3 53.6 56.5 60.9 70.4 75.0 79.3 78.6 55.6 63.7 50.0 49.2 50.9 44.0 36.9 53.3 58.9 72.2 85.4 79.7 73.1 64.7 61.1 57.9
-9999.0 -9999.0 -9999.0 -9999.0 -9999.0 -9999.0 -9999.0 34.6 51.9 45.4 84.0 90.6 63.9 78.5 82.4 13.0 43.0 18.5 14.1 29.6 65.1 90.8 92.4 83.5 75.7 69.4 69.5 65.1 59.4 58.3 51.0 44.8 39.0 37.3 37.6 31.6 36.0 32.5 36.9 36.3 20.5 34.2 28.8 18.3 9.6 4.1 7.4 7.9 13.1 11.4 13.2 20.8 37.9 67.3 71.0 62.3 62.7 62.0 70.1 54.7 56.4 46.7 48.4 52.8 55.7 47.5 55.7 68.3 80.7 90.4 85.0 75.3 72.2 70.3 68.1
-9999.0 -9999.0 -9999.0 -9999.0 -9999.0 -9999.0 -9999.0 62.0 32.0 60.2 76.1 68.2 84.5 110.9 94.3 134.3 96.2 92.8 121.9 89.6 85.1 99.8 87.2 83.5 75.6 71.5 65.3 68.7 55.2 48.5 50.3 45.6 41.2 42.8 36.5 36.6 35.1 39.3 39.3 37.5 37.0 34.2 33.1 39.9 23.5 13.9 18.4 21.2 33.2 31.2 46.3 47.6 41.3 52.7 63.6 59.5 61.6 63.3 60.8 54.9 47.4 49.5 55.5 60.9 56.4 51.6 52.6 61.8 80.0 83.6 85.1 81.5 79.7 80.8 73.8
-9999.0 -9999.0 -9999.0 -9999.0 -9999.0 -9999.0 -9999.0 -9999.0 -9999.0 57.8 62.1 62.5 94.1 97.9 91.7 87.4 107.3 146.6 116.1 135.2 110.3 90.8 84.6 80.6 74.9 67.7 67.1 62.5 52.8 57.4 42.3 42.1 39.6 40.5 35.0 35.7 36.9 41.5 42.2 45.5 43.0 43.0 38.3 33.5 36.0 34.7 35.0 34.9 36.7 37.8 42.3 42.2 43.3 46.2 55.0 53.8 54.6 55.6 54.2 48.9 45.2 46.4 50.8 59.1 57.9 50.6 46.5 51.8 72.7 83.7 92.6 87.7 85.6 88.4 93.2
-9999.0 -9999.0 -9999.0 -9999.0 -9999.0 -9999.0 -9999.0 -9999.0 -9999.0 -9999.0 -9999.0 88.5 57.1 107.6 98.7 111.0 108.5 104.6 102.0 107.6 116.7 98.1 95.5 82.1 93.7 77.8 76.2 69.5 61.0 52.3 47.3 49.4 40.2 38.9 36.5 44.1 41.0 45.1 57.0 53.5 57.7 52.9 46.8 42.3 49.8 41.9 49.8 44.1 44.7 41.9 37.5 38.4 40.2 44.2 48.8 49.1 50.0 51.7 50.3 47.8 47.0 45.7 49.1 55.3 54.5 46.0 38.2 45.9 65.3 87.4 101.3 103.0 92.8 83.1 61.6
-9999.0 -9999.0 -9999.0 -9999.0 -9999.0 -9999.0 -9999.0 -9999.0 -9999.0 -9999.0 -9999.0 -9999.0 63.9 69.6 109.0 97.7 137.6 115.4 114.9 138.4 94.7 98.1 94.6 82.8 116.7 78.0 66.6 72.4 63.3 66.7 52.2 45.8 42.2 44.1 43.1 41.8 50.9 49.3 52.6 56.4 59.7 59.7 56.7 57.1 54.3 54.5 55.8 48.4 46.5 43.1 43.5 40.9 38.3 37.9 41.2 44.5 47.1 50.5 48.8 52.1 50.7 50.4 49.3 49.8 52.9 51.5 44.1 50.3 67.2 91.5 103.5 91.0 79.1 69.8 72.7
-9999.0 -9999.0 -9999.0 -9999.0 -9999.0 -9999.0 -9999.0 -9999.0 -9999.0 -9999.0 -9999.0 -9999.0 105.2 61.8 59.5 106.2 80.4 96.8 126.3 117.0 110.9 114.7 104.2 86.6 71.3 75.5 71.8 60.2 62.5 53.1 54.9 55.8 46.5 42.3 42.7 41.2 49.2 54.0 58.0 63.1 65.2 66.0 70.3 61.9 64.3 65.6 58.4 53.6 45.2 45.1 40.7 39.4 36.0 37.8 36.8 41.8 44.0 49.0 51.1 54.2 54.3 52.3 52.2 52.3 52.5 52.9 51.8 57.3 70.9 94.3 119.2 130.8 133.4 116.1 109.0
-9999.0 -9999.0 -9999.0 -9999.0 -9999.0 -9999.0 -9999.0 -9999.0 -9999.0 -9999.0 -9999.0 -9999.0 -9999.0 83.0 117.4 69.6 104.7 91.6 90.9 94.3 103.8 88.8 105.8 79.7 80.2 97.9 92.4 95.0 78.2 68.7 55.9 49.3 52.5 48.2 38.8 40.1 44.1 51.6 66.3 68.0 72.1 75.8 74.4 76.2 69.7 64.4 64.8 62.8 58.0 51.5 46.2 40.2 37.6 45.8 43.6 43.8 45.0 51.3 59.2 61.7 62.6 57.3 56.1 50.0 60.3 61.8 66.1 77.7 91.1 105.4 100.9 104.8 118.1 118.0 125.7
-9999.0 -9999.0 -9999.0 -9999.0 -9999.0 -9999.0 -9999.0 -9999.0 -9999.0 -9999.0 -9999.0 -9999.0 76.4 112.9 111.7 87.0 132.2 114.5 114.7 84.9 86.7 88.2 94.9 86.8 79.9 101.9 91.6 80.7 76.2 74.0 64.5 51.6 58.1 45.7 43.7 40.2 47.8 48.5 56.6 65.7 77.0 83.1 85.9 75.9 75.7 73.2 67.3 60.5 59.2 56.2 56.1 55.6 47.0 49.1 45.9 46.5 53.0 47.5 60.1 63.7 66.4 67.4 61.1 64.0 60.2 72.2 117.0 119.0 118.6 127.7 136.3 126.3 105.6 88.1 92.5
-9999.0 -9999.0 -9999.0 -9999.0 -9999.0 -9999.0 -9999.0 -9999.0 -9999.0 -9999.0 -9999.0 -9999.0 94.0 54.8 76.4 145.3 139.1 92.3 93.8 117.6 88.6 108.6 104.5 99.3 86.4 80.7 82.4 81.0 79.6 70.6 64.0 60.3 62.2 45.0 40.6 41.3 42.0 50.2 58.7 65.4 73.4 76.9 78.6 79.4 78.7 78.0 79.8 75.0 70.7 59.5 59.6 64.9 57.8 53.9 52.2 47.5 54.5 61.1 62.1 73.9 79.3 82.4 63.8 61.5 71.0 121.4 121.6 149.9 149.2 148.5 141.5 127.1 116.3 131.0 145.5
-9999.0 -9999.0 -9999.0 -9999.0 -9999.0 -9999.0 -9999.0 -9999.0 -9999.0 -9999.0 -9999.0 -9999.0 33.8 89.9 57.5 79.2 84.6 140.6 114.7 118.9 151.1 152.1 117.0 127.9 111.5 128.2 113.1 125.8 90.5 84.5 76.4 83.2 60.0 48.5 44.0 44.2 47.0 55.1 63.9 74.3 79.9 81.6 89.6 78.3 83.9 89.4 90.0 82.0 71.7 72.9 76.5 72.5 92.8 92.8 79.4 53.7 63.0 70.5 76.9 72.4 77.1 80.8 101.0 75.2 96.1 147.1 155.7 157.4 159.7 154.3 150.2 159.2 152.8 164.0 196.3
-9999.0 -9999.0 -9999.0 -9999.0 -9999.0 -9999.0 -9999.0 -9999.0 -9999.0 -9999.0 -9999.0 -9999.0 -9999.0 122.6 119.5 79.5 97.1 94.2 130.8 144.8 185.3 141.2 155.9 160.7 124.1 128.0 120.3 110.1 118.0 91.8 105.2 89.7 81.6 62.5 57.6 63.6 63.0 66.2 77.0 85.5 91.8 98.3 101.7 100.0 91.3 91.1 97.1 81.8 98.5 98.1 89.0 109.3 105.5 88.3 105.1 99.5 68.3 71.8 85.9 106.5 102.6 131.2 111.7 86.9 122.4 144.2 144.3 147.1 152.5 169.3 173.3 172.8 186.3 154.8 180.3
-9999.0 -9999.0 -9999.0 -9999.0 -9999.0 -9999.0 -9999.0 -9999.0 -9999.0 -9999.0 -9999.0 -9999.0 -9999.0 22.7 109.5 77.6 133.9 90.4 105.9 130.4 183.9 183.0 186.3 171.4 126.4 140.4 142.4 121.9 124.5 162.6 139.3 121.1 94.6 84.4 83.8 78.6 74.7 83.4 94.3 102.3 107.6 110.6 111.7 111.2 116.0 109.0 109.7 100.1 108.1 112.9 128.2 109.4 134.1 141.9 141.8 124.6 94.2 92.4 107.6 81.1 119.4 95.1 93.6 107.8 132.7 147.8 144.8 146.1 161.4 176.4 194.3 206.5 204.0 201.2 198.3
-9999.0 -9999.0 -9999.0 -9999.0 -9999.0 -9999.0 -9999.0 -9999.0 -9999.0 -9999.0 -9999.0 -9999.0 -9999.0 -9999.0 -9999.0 77.9 77.0 109.1 105.0 103.2 165.7 148.7 149.4 161.2 171.2 166.0 204.1 173.1 195.5 149.1 153.4 134.8 140.4 120.7 99.9 107.8 107.5 100.8 112.1 118.2 119.6 121.6 123.3 123.0 116.7 109.4 122.1 107.0 130.1 105.4 138.2 172.1 158.3 159.7 105.3 141.1 132.0 83.3 137.0 146.4 97.7 111.3 127.7 141.3 164.6 175.9 171.9 167.5 177.1 210.1 226.6 228.3 242.3 229.6 203.8
-9999.0 -9999.0 -9999.0 -9999.0 -9999.0 -9999.0 -9999.0 -9999.0 -9999.0 -9999.0 -9999.0 -9999.0 -9999.0 -9999.0 -9999.0 -9999.0 -9999.0 0.2 25.5 -9999.0 69.5 154.6 125.4 134.2 177.2 172.1 217.4 192.8 163.7 190.7 166.2 136.4 167.9 112.0 92.5 111.4 126.5 112.0 125.8 129.5 130.0 129.0 131.4 132.3 116.1 120.3 85.5 150.1 130.3 154.9 110.9 160.7 109.4 186.0 183.8 175.0 139.6 164.3 157.2 163.4 120.8 151.6 176.2 200.4 220.7 228.7 222.5 213.9 213.2 233.6 222.9 260.2 255.3 225.0 219.5
-9999.0 -9999.0 -9999.0 -9999.0 -9999.0 -9999.0 -9999.0 -9999.0 -9999.0 -9999.0 -9999.0 -9999.0 -9999.0 -9999.0 -9999.0 -9999.0 -9999.0 -9999.0 -9999.0 -9999.0 -9999.0 105.1 144.6 200.0 171.1 126.4 137.4 148.7 166.8 147.8 163.0 118.3 124.7 125.3 109.5 127.5 125.4 127.6 131.1 136.0 141.6 131.8 133.9 137.0 124.5 138.8 80.8 131.6 178.7 212.6 177.0 222.5 225.3 167.4 185.0 200.0 192.8 165.1 206.7 174.3 157.8 175.1 219.6 255.0 280.8 280.2 266.9 247.9 230.0 236.9 241.8 253.6 240.7 205.4 193.7
-9999.0 -9999.0 -9999.0 -9999.0 -9999.0 -9999.0 -9999.0 -9999.0 -9999.0 -9999.0 -9999.0 -9999.0 -9999.0 -9999.0 -9999.0 -9999.0 -9999.0 -9999.0 -9999.0 -9999.0 -9999.0 -9999.0 -9999.0 38.0 121.0 118.3 124.3 145.0 193.6 159.7 175.7 179.7 201.7 166.9 164.3 150.6 147.5 133.5 133.9 130.3 128.0 129.4 132.9 137.8 128.5 78.0 121.5 129.8 117.8 113.6 153.3 223.0 169.0 192.8 173.4 140.8 193.3 212.3 156.9 196.3 176.7 182.6 189.4 241.6 270.9 298.8 283.0 254.9 248.4 233.8 246.9 234.8 219.5 218.2 189.5
-9999.0 -9999.0 -9999.0 -9999.0 -9999.0 -9999.0 -9999.0 -9999.0 -9999.0 -9999.0 -9999.0 -9999.0 -9999.0 -9999.0 -9999.0 -9999.0 -9999.0 -9999.0 -9999.0 -9999.0 -9999.0 -9999.0 -9999.0 -9999.0 -9999.0 4.2 61.6 223.3 212.9 244.5 202.8 157.6 149.2 164.4 142.6 159.4 160.6 132.5 131.2 120.4 122.6 121.3 122.7 128.5 96.7 78.6 105.5 80.5 172.9 143.1 223.4 210.2 234.8 224.1 168.5 168.7 198.9 190.9 220.1 214.6 207.2 198.2 231.5 251.0 260.8 282.7 267.8 235.1 234.3 240.3 226.7 213.6 188.5 219.0 218.4
-9999.0 -9999.0 -9999.0 -9999.0 -9999.0 -9999.0 -9999.0 -9999.0 -9999.0 -9999.0 -9999.0 -9999.0 -9999.0 -9999.0 -9999.0 -9999.0 -9999.0 -9999.0 -9999.0 -9999.0 -9999.0 -9999.0 -9999.0 -9999.0 -9999.0 -9999.0 -9999.0 0.9 1.9 67.7 87.8 97.2 191.9 90.8 144.8 53.6 119.3 113.2 98.3 107.5 110.1 114.3 108.5 83.9 84.7 79.3 75.6 83.0 94.6 142.0 135.1 148.7 202.3 191.4 193.0 207.3 197.2 208.2 229.8 223.4 215.9 211.5 182.1 181.8 181.7 207.1 226.7 224.1 219.2 223.5 217.8 231.5 190.6 217.9 191.4
-9999.0 -9999.0 -9999.0 -9999.0 -9999.0 -9999.0 -9999.0 -9999.0 -9999.0 -9999.0 -9999.0 -9999.0 -9999.0 -9999.0 -9999.0 -9999.0 -9999.0 -9999.0 -9999.0 -9999.0 -9999.0 -9999.0 -9999.0 -9999.0 -9999.0 -9999.0 -9999.0 -9999.0 -9999.0 -9999.0 -9999.0 -9999.0 -9999.0 29.7 106.0 -9999.0 -9999.0 -9999.0 62.9 93.0 90.7 88.8 105.4 69.6 63.6 72.9 -9999.0 -9999.0 -9999.0 -9999.0 -9999.0 -9999.0 195.1 230.7 202.5 208.8 220.2 233.6 239.5 238.7 226.0 218.1 178.8 171.4 179.1 189.3 192.3 197.8 214.6 224.1 220.4 248.5 259.2 215.8 233.3
-9999.0 -9999.0 -9999.0 -9999.0 -9999.0 -9999.0 -9999.0 -9999.0 -9999.0 -9999.0 -9999.0 -9999.0 -9999.0 -9999.0 -9999.0 -9999.0 -9999.0 -9999.0 -9999.0 -9999.0 -9999.0 -9999.0 -9999.0 -9999.0 -9999.0 -9999.0 -9999.0 -9999.0 -9999.0 -9999.0 -9999.0 -9999.0 -9999.0 -9999.0 -9999.0 -9999.0 -9999.0 -9999.0 -9999.0 17.3 26.4 34.0 42.0 51.8 -9999.0 -9999.0 -9999.0 -9999.0 -9999.0 -9999.0 -9999.0 -9999.0 218.1 251.9 229.7 220.6 228.9 238.9 244.1 239.3 224.9 217.6 206.9 184.8 192.3 195.2 199.6 207.3 225.0 250.4 271.9 279.8 257.0 273.7 204.1
-9999.0 -9999.0 -9999.0 -9999.0 -9999.0 -9999.0 -9999.0 -9999.0 -9999.0 -9999.0 -9999.0 -9999.0 -9999.0 -9999.0 -9999.0 -9999.0 -9999.0 -9999.0 -9999.0 -9999.0 -9999.0 -9999.0 -9999.0 -9999.0 -9999.0 -9999.0 -9999.0 -9999.0 -9999.0 -9999.0 -9999.0 -9999.0 -9999.0 -9999.0 -9999.0 -9999.0 -9999.0 -9999.0 -9999.0 -9999.0 -9999.0 -9999.0 -9999.0 -9999.0 -9999.0 -9999.0 -9999.0 -9999.0 -9999.0 -9999.0 -9999.0 -9999.0 206.0 270.8 245.8 253.1 232.7 235.1 238.7 240.3 227.0 220.4 275.6 214.5 220.4 218.2 221.4 231.2 248.0 270.5 290.4 303.0 346.1 292.4 266.2
-9999.0 -9999.0 -9999.0 -9999.0 -9999.0 -9999.0 -9999.0 -9999.0 -9999.0 -9999.0 -9999.0 -9999.0 -9999.0 -9999.0 -9999.0 -9999.0 -9999.0 -9999.0 -9999.0 -9999.0 -9999.0 -9999.0 -9999.0 -9999.0 -9999.0 -9999.0 -9999.0 -9999.0 -9999.0 -9999.0 -9999.0 -9999.0 -9999.0 -9999.0 -9999.0 -9999.0 -9999.0 -9999.0 -9999.0 -9999.0 -9999.0 -9999.0 -9999.0 -9999.0 -9999.0 -9999.0 -9999.0 -9999.0 -9999.0 -9999.0 -9999.0 235.4 265.3 285.0 245.0 247.6 239.2 248.0 242.0 226.8 260.6 254.4 231.3 242.4 248.9 251.0 247.3 225.7 267.7 274.8 287.4 300.2 275.3 242.5 244.7
-9999.0 -9999.0 -9999.0 -9999.0 -9999.0 -9999.0 -9999.0 -9999.0 -9999.0 -9999.0 -9999.0 -9999.0 -9999.0 -9999.0 -9999.0 -9999.0 -9999.0 -9999.0 -9999.0 -9999.0 -9999.0 -9999.0 -9999.0 -9999.0 -9999.0 -9999.0 -9999.0 -9999.0 -9999.0 -9999.0 -9999.0 -9999.0 -9999.0 -9999.0 -9999.0 -9999.0 -9999.0 -9999.0 -9999.0 -9999.0 -9999.0 -9999.0 -9999.0 -9999.0 -9999.0 -9999.0 -9999.0 -9999.0 -9999.0 -9999.0 181.5 292.7 311.3 309.6 283.6 273.5 250.3 242.9 256.0 274.5 261.3 276.7 252.2 266.8 270.6 272.8 283.5 257.2 284.8 256.0 274.8 251.7 254.2 282.2 289.9
-9999.0 -9999.0 -9999.0 -9999.0 -9999.0 -9999.0 -9999.0 -9999.0 -9999.0 -9999.0 -9999.0 -9999.0 -9999.0 -9999.0 -9999.0 -9999.0 -9999.0 -9999.0 -9999.0 -9999.0 -9999.0 -9999.0 -9999.0 -9999.0 -9999.0 -9999.0 -9999.0 -9999.0 -9999.0 -9999.0 -9999.0 -9999.0 -9999.0 -9999.0 -9999.0 -9999.0 -9999.0 -9999.0 -9999.0 -9999.0 -9999.0 -9999.0 -9999.0 -9999.0 -9999.0 -9999.0 -9999.0 -9999.0 -9999.0 -9999.0 184.3 327.7 305.2 335.0 319.5 290.3 245.1 291.0 301.7 293.6 270.6 264.5 241.0 258.6 274.3 255.1 274.0 235.6 250.0 228.4 244.6 254.1 263.1 264.3 256.0
-9999.0 -9999.0 -9999.0 -9999.0 -9999.0 -9999.0 -9999.0 -9999.0 -9999.0 -9999.0 -9999.0 -9999.0 -9999.0 -9999.0 -9999.0 -9999.0 -9999.0 -9999.0 -9999.0 -9999.0 -9999.0 -9999.0 -9999.0 -9999.0 -9999.0 -9999.0 -9999.0 -9999.0 -9999.0 -9999.0 -9999.0 -9999.0 -9999.0 -9999.0 -9999.0 -9999.0 -9999.0 -9999.0 -9999.0 -9999.0 -9999.0 -9999.0 -9999.0 -9999.0 -9999.0 -9999.0 -9999.0 -9999.0 -9999.0 -9999.0 160.6 255.9 260.3 354.4 300.7 278.7 322.9 312.0 336.8 298.6 296.3 283.8 259.4 237.3 268.2 279.3 261.0 228.7 210.6 252.3 225.5 297.6 248.5 294.0 260.1
-9999.0 -9999.0 -9999.0 -9999.0 -9999.0 -9999.0 -9999.0 -9999.0 -9999.0 -9999.0 -9999.0 -9999.0 -9999.0 -9999.0 -9999.0 -9999.0 -9999.0 -9999.0 -9999.0 -9999.0 -9999.0 -9999.0 -9999.0 -9999.0 -9999.0 -9999.0 -9999.0 -9999.0 -9999.0 -9999.0 -9999.0 -9999.0 -9999.0 -9999.0 -9999.0 -9999.0 -9999.0 -9999.0 -9999.0 -9999.0 -9999.0 -9999.0 -9999.0 -9999.0 -9999.0 -9999.0 -9999.0 -9999.0 -9999.0 -9999.0 215.3 292.1 290.1 315.2 302.1 318.1 262.2 328.5 351.0 312.7 312.4 277.2 213.0 249.4 287.0 307.7 321.4 277.1 276.4 173.4 218.6 233.9 260.1 292.8 268.2
-9999.0 -9999.0 -9999.0 -9999.0 -9999.0 -9999.0 -9999.0 -9999.0 -9999.0 -9999.0 -9999.0 -9999.0 -9999.0 -9999.0 -9999.0 -9999.0 -9999.0 -9999.0 -9999.0 -9999.0 -9999.0 -9999.0 -9999.0 -9999.0 -9999.0 -9999.0 -9999.0 -9999.0 -9999.0 -9999.0 -9999.0 -9999.0 -9999.0 -9999.0 -9999.0 -9999.0 -9999.0 -9999.0 -9999.0 -9999.0 -9999.0 -9999.0 -9999.0 -9999.0 -9999.0 -9999.0 -9999.0 -9999.0 -9999.0 -9999.0 -9999.0 -9999.0 -9999.0 258.7 253.1 258.4 295.1 347.0 332.1 335.9 389.6 262.7 332.5 302.6 324.7 334.4 359.8 270.1 271.0 249.5 231.3 223.7 231.5 253.9 275.4
-9999.0 -9999.0 -9999.0 -9999.0 -9999.0 -9999.0 -9999.0 -9999.0 -9999.0 -9999.0 -9999.0 -9999.0 -9999.0 -9999.0 -9999.0 -9999.0 -9999.0 -9999.0 -9999.0 -9999.0 -9999.0 -9999.0 -9999.0 -9999.0 -9999.0 -9999.0 -9999.0 -9999.0 -9999.0 -9999.0 -9999.0 -9999.0 -9999.0 -9999.0 -9999.0 -9999.0 -9999.0 -9999.0 -9999.0 -9999.0 -9999.0 -9999.0 -9999.0 -9999.0 -9999.0 -9999.0 -9999.0 -9999.0 -9999.0 -9999.0 -9999.0 -9999.0 -9999.0 247.8 243.6 322.2 297.0 324.6 377.7 426.8 378.1 330.0 415.7 358.7 375.4 373.1 299.0 364.3 277.9 265.7 241.1 225.4 230.1 249.3 273.5
-9999.0 -9999.0 -9999.0 -9999.0 -9999.0 -9999.0 -9999.0 -9999.0 -9999.0 -9999.0 -9999.0 -9999.0 -9999.0 -9999.0 -9999.0 -9999.0 -9999.0 -9999.0 -9999.0 -9999.0 -9999.0 -9999.0 -9999.0 -9999.0 -9999.0 -9999.0 -9999.0 -9999.0 -9999.0 -9999.0 -9999.0 -9999.0 -9999.0 -9999.0 -9999.0 -9999.0 -9999.0 -9999.0 -9999.0 -9999.0 -9999.0 -9999.0 -9999.0 -9999.0 -9999.0 -9999.0 -9999.0 -9999.0 -9999.0 -9999.0 -9999.0 -9999.0 -9999.0 246.0 229.3 294.2 313.0 339.9 396.5 426.2 468.5 468.2 524.1 536.4 412.5 -9999.0 -9999.0 -9999.0 367.0 306.9 283.2 269.7 253.2 250.1 279.7
-9999.0 -9999.0 -9999.0 -9999.0 -9999.0 -9999.0 -9999.0 -9999.0 -9999.0 -9999.0 -9999.0 -9999.0 -9999.0 -9999.0 -9999.0 -9999.0 -9999.0 -9999.0 -9999.0 -9999.0 -9999.0 -9999.0 -9999.0 -9999.0 -9999.0 -9999.0 -9999.0 -9999.0 -9999.0 -9999.0 -9999.0 -9999.0 -9999.0 -9999.0 -9999.0 -9999.0 -9999.0 -9999.0 -9999.0 -9999.0 -9999.0 -9999.0 -9999.0 -9999.0 -9999.0 -9999.0 -9999.0 -9999.0 -9999.0 -9999.0 -9999.0 -9999.0 -9999.0 -9999.0 264.0 286.6 288.7 323.9 418.0 495.9 460.2 -9999.0 -9999.0 -9999.0 -9999.0 -9999.0 -9999.0 -9999.0 382.0 374.9 377.6 294.4 256.0 254.5 273.3
-9999.0 -9999.0 -9999.0 -9999.0 -9999.0 -9999.0 -9999.0 -9999.0 -9999.0 -9999.0 -9999.0 -9999.0 -9999.0 -9999.0 -9999.0 -9999.0 -9999.0 -9999.0 -9999.0 -9999.0 -9999.0 -9999.0 -9999.0 -9999.0 -9999.0 -9999.0 -9999.0 -9999.0 -9999.0 -9999.0 -9999.0 -9999.0 -9999.0 -9999.0 -9999.0 -9999.0 -9999.0 -9999.0 -9999.0 -9999.0 -9999.0 -9999.0 -9999.0 -9999.0 -9999.0 -9999.0 -9999.0 -9999.0 -9999.0 -9999.0 -9999.0 -9999.0 -9999.0 -9999.0 -9999.0 273.9 351.6 358.8 402.0 488.1 522.6 -9999.0 -9999.0 -9999.0 -9999.0 -9999.0 -9999.0 -9999.0 -9999.0 -9999.0 348.8 -9999.0 -9999.0 -9999.0 -9999.0
