program/excelProcessViaJava/data/SURF_CLI_CHN_PRE_MON_GRID_0.5-200809.txt
NCOLS      128
NROWS       72
XLLCORNER    72.000000000000    
YLLCORNER    18.000000000000    
CELLSIZE    0.50000000000000    
NODATA_VALUE   -9999.000    
[rows 34 to 67 of 72, columns 0 to 75 of 128]
-9999.0 -9999.0 -9999.0 -9999.0 0.0 0.1 0.0 0.3 0.0 0.1 2.4 0.4 1.0 1.1 2.2 1.5 1.2 1.1 1.1 1.3 1.7 2.0 2.3 2.8 4.7 7.8 7.9 10.6 13.2 16.8 20.5 27.7 29.1 33.2 38.6 38.0 46.1 52.5 38.9 25.0 32.6 11.0 8.2 5.8 6.6 8.4 10.5 13.3 17.1 23.0 28.9 34.1 44.7 43.9 50.7 66.2 84.5 104.5 116.2 87.4 103.1 78.5 70.4 69.8 61.8 56.9 85.9 90.4 103.7 129.1 118.6 121.9 119.5 119.4 116.2 118.0
-9999.0 -9999.0 -9999.0 -9999.0 -9999.0 -9999.0 -9999.0 0.1 0.1 0.3 0.1 0.1 0.5 0.5 0.5 1.6 1.0 1.2 1.3 1.3 1.2 1.4 1.9 2.6 3.5 4.8 6.9 9.6 12.9 17.9 22.0 26.3 30.1 35.6 42.1 41.0 49.9 47.5 56.6 57.8 30.7 59.8 51.1 31.5 18.3 11.9 16.8 16.9 21.9 21.2 24.7 29.8 36.5 69.9 69.7 61.3 74.3 87.7 126.1 106.5 121.5 91.5 76.5 74.5 81.0 73.4 94.1 116.9 120.4 127.7 115.7 110.7 118.3 121.5 116.1 118.7
-9999.0 -9999.0 -9999.0 -9999.0 -9999.0 -9999.0 -9999.0 0.0 0.4 0.1 0.1 0.2 0.2 0.1 0.3 0.2 0.4 0.5 0.5 0.7 0.8 0.9 1.3 1.9 2.7 4.0 5.7 8.7 11.2 14.6 20.4 25.1 29.5 36.9 37.5 41.5 42.3 49.1 50.2 48.5 50.6 50.2 53.1 72.7 40.3 25.8 31.7 33.8 50.8 43.1 68.7 61.7 42.2 53.8 82.4 66.9 82.6 107.4 135.1 141.8 119.9 108.5 93.8 89.3 82.6 83.9 97.0 114.4 138.5 112.5 106.6 106.8 113.6 119.4 101.5 115.4
-9999.0 -9999.0 -9999.0 -9999.0 -9999.0 -9999.0 -9999.0 -9999.0 -9999.0 0.1 0.2 0.3 0.1 0.2 0.3 0.4 0.3 0.2 0.4 0.4 0.6 0.8 1.0 1.5 2.2 3.4 5.1 7.6 10.5 15.3 18.0 23.2 27.8 33.6 34.3 37.4 39.6 44.9 45.2 50.5 49.3 55.6 54.5 51.3 60.0 59.3 59.4 57.9 60.4 61.2 69.9 62.5 57.5 58.2 87.7 77.0 88.8 113.0 146.4 143.4 126.6 115.8 105.1 88.8 85.7 83.8 92.7 109.3 135.3 116.4 110.9 100.9 101.9 106.3 106.2 72.9
-9999.0 -9999.0 -9999.0 -9999.0 -9999.0 -9999.0 -9999.0 -9999.0 -9999.0 -9999.0 -9999.0 0.1 0.7 0.1 0.3 0.3 0.3 0.4 0.5 0.5 0.5 0.7 0.8 1.3 1.8 3.0 4.8 7.3 10.6 14.5 19.0 25.0 28.1 32.4 34.7 43.3 41.1 44.6 62.4 53.0 62.8 60.4 59.3 60.4 83.7 70.2 92.9 78.9 84.9 80.8 68.8 69.0 69.9 80.6 102.2 99.4 105.3 132.2 144.4 141.3 132.4 108.2 95.4 88.9 87.1 72.9 83.8 105.8 123.6 126.9 115.8 106.3 93.7 83.0 68.8 65.7
-9999.0 -9999.0 -9999.0 -9999.0 -9999.0 -9999.0 -9999.0 -9999.0 -9999.0 -9999.0 -9999.0 -9999.0 0.8 0.8 0.3 0.5 0.2 0.4 0.5 0.4 0.7 0.7 0.9 1.4 1.5 3.0 5.0 7.2 10.8 15.5 20.2 25.1 29.8 35.5 39.5 41.3 52.1 48.2 48.8 50.7 55.4 61.7 68.2 82.3 87.6 96.6 107.0 90.1 93.9 94.3 108.3 102.6 88.8 82.0 93.5 109.4 124.0 148.2 129.8 145.7 125.4 116.1 103.2 90.0 73.1 91.2 82.3 109.5 129.5 137.1 115.2 99.0 89.8 82.2 77.5 80.3
-9999.0 -9999.0 -9999.0 -9999.0 -9999.0 -9999.0 -9999.0 -9999.0 -9999.0 -9999.0 -9999.0 -9999.0 0.3 2.2 2.9 0.7 1.6 1.0 0.6 0.7 0.8 0.8 1.0 1.7 2.9 3.6 5.3 8.5 11.6 16.6 21.7 27.8 32.7 36.9 41.2 43.0 51.7 56.7 58.4 61.6 63.1 69.7 92.0 88.1 108.8 126.5 114.7 109.1 93.2 108.3 105.4 112.0 97.1 104.0 89.9 110.6 113.7 131.9 123.9 121.9 112.4 100.9 100.7 107.2 60.3 72.7 97.3 135.4 143.1 141.7 153.1 167.6 155.6 111.9 94.2 84.8
-9999.0 -9999.0 -9999.0 -9999.0 -9999.0 -9999.0 -9999.0 -9999.0 -9999.0 -9999.0 -9999.0 -9999.0 -9999.0 2.1 0.8 4.7 1.7 2.7 2.6 2.3 1.6 2.4 1.6 3.1 3.5 3.3 5.1 7.4 12.0 17.5 24.1 30.4 36.5 41.7 43.2 46.3 50.5 58.2 83.4 78.9 83.5 96.2 102.5 124.5 121.7 122.2 136.7 144.0 141.9 132.7 127.1 112.0 106.7 149.4 129.6 120.3 115.0 130.6 155.9 131.3 119.0 101.2 103.0 74.6 47.5 59.0 96.9 176.1 189.0 168.7 128.5 137.9 155.1 138.3 116.1 99.0
-9999.0 -9999.0 -9999.0 -9999.0 -9999.0 -9999.0 -9999.0 -9999.0 -9999.0 -9999.0 -9999.0 -9999.0 4.5 1.7 2.4 6.1 1.9 3.3 3.2 6.3 5.6 5.1 4.0 4.8 5.8 4.4 6.6 10.1 14.2 19.3 26.6 34.7 40.6 45.9 49.8 51.7 60.1 61.2 69.5 81.4 108.9 131.5 149.2 121.1 136.0 143.5 138.5 127.4 131.9 130.6 145.4 158.7 125.7 136.1 116.3 113.8 134.3 103.8 127.0 113.2 113.4 121.7 107.1 119.1 72.2 60.8 262.4 262.8 223.6 211.9 213.9 208.1 193.8 156.6 132.6 117.1
-9999.0 -9999.0 -9999.0 -9999.0 -9999.0 -9999.0 -9999.0 -9999.0 -9999.0 -9999.0 -9999.0 -9999.0 5.5 19.3 13.5 2.9 4.0 11.6 11.1 6.6 11.2 6.9 7.0 7.2 9.1 10.5 11.2 13.5 16.9 23.3 30.8 38.6 45.4 52.4 55.3 58.3 62.1 71.2 81.2 86.8 99.1 104.5 112.6 124.1 133.1 142.1 159.0 149.1 138.9 101.9 104.1 134.9 111.7 101.8 101.2 91.7 112.6 128.6 119.6 142.5 151.6 162.8 94.5 60.5 46.0 165.3 141.5 282.7 254.8 213.0 209.6 224.7 221.6 197.8 149.2 111.4
-9999.0 -9999.0 -9999.0 -9999.0 -9999.0 -9999.0 -9999.0 -9999.0 -9999.0 -9999.0 -9999.0 -9999.0 42.3 15.5 32.7 24.3 23.5 9.3 14.8 13.6 7.6 7.0 11.8 8.9 11.0 8.2 10.7 10.3 18.5 23.8 31.8 38.5 51.6 59.5 62.8 65.8 72.5 84.2 94.3 109.0 110.9 102.2 138.3 96.1 123.7 151.3 156.5 125.1 89.0 86.7 94.4 83.0 168.9 177.4 133.2 80.4 106.2 128.5 143.0 121.5 122.8 123.9 194.5 55.8 52.9 305.8 260.0 236.7 214.3 196.3 186.8 214.6 218.8 199.7 191.0 120.6
-9999.0 -9999.0 -9999.0 -9999.0 -9999.0 -9999.0 -9999.0 -9999.0 -9999.0 -9999.0 -9999.0 -9999.0 -9999.0 14.8 18.8 38.8 32.2 34.9 21.8 18.1 10.1 18.0 13.6 11.5 17.7 15.0 15.5 17.3 16.4 24.7 27.1 38.7 50.8 62.9 68.6 77.0 87.8 99.2 113.3 117.0 118.1 151.1 163.3 145.7 106.4 107.4 125.2 69.3 106.1 91.4 59.8 114.5 105.5 80.3 134.4 137.6 90.2 107.2 140.3 195.6 174.3 291.6 168.2 37.4 277.0 251.4 209.4 176.4 171.4 153.3 148.4 147.2 172.4 142.2 145.9 113.2
-9999.0 -9999.0 -9999.0 -9999.0 -9999.0 -9999.0 -9999.0 -9999.0 -9999.0 -9999.0 -9999.0 -9999.0 -9999.0 110.3 36.2 59.8 32.7 57.5 50.2 39.2 21.2 20.8 18.7 20.3 32.0 22.7 18.5 20.8 18.0 13.8 20.2 30.3 45.4 58.3 68.9 81.2 93.5 110.4 127.6 153.4 133.7 138.2 139.8 137.0 173.8 118.2 107.7 63.4 67.4 63.5 88.0 49.4 95.0 129.3 152.4 133.4 103.5 118.6 157.8 119.2 186.0 107.3 92.6 259.8 232.6 194.1 163.0 145.6 127.0 116.2 101.8 100.2 107.4 122.3 121.9 110.6
-9999.0 -9999.0 -9999.0 -9999.0 -9999.0 -9999.0 -9999.0 -9999.0 -9999.0 -9999.0 -9999.0 -9999.0 -9999.0 -9999.0 -9999.0 85.4 92.1 71.0 77.7 82.4 46.0 54.3 52.0 42.1 32.6 28.4 14.5 15.4 10.3 13.5 14.6 21.7 32.3 46.6 60.8 81.6 103.1 100.6 117.0 124.6 146.7 153.6 144.9 128.5 84.8 65.4 91.0 46.6 70.3 31.3 55.0 117.1 77.2 90.1 60.9 110.0 124.5 97.4 178.0 210.9 115.9 98.4 198.6 201.7 202.0 192.7 178.1 156.3 116.6 72.5 63.2 69.9 106.0 113.9 91.1 106.6
-9999.0 -9999.0 -9999.0 -9999.0 -9999.0 -9999.0 -9999.0 -9999.0 -9999.0 -9999.0 -9999.0 -9999.0 -9999.0 -9999.0 -9999.0 -9999.0 -9999.0 408.7 232.5 -9999.0 164.9 80.6 102.5 88.8 50.9 43.4 20.4 17.8 15.8 8.8 9.3 13.8 22.8 31.9 40.9 60.5 94.0 62.0 93.0 101.5 115.6 143.8 128.3 109.8 52.4 61.8 48.8 107.8 50.5 65.0 33.5 52.0 35.1 79.2 96.3 112.2 99.0 156.0 167.5 194.0 93.0 101.4 147.9 174.9 165.2 156.3 157.1 123.9 88.1 52.1 53.5 84.8 109.1 92.3 84.6 89.5
-9999.0 -9999.0 -9999.0 -9999.0 -9999.0 -9999.0 -9999.0 -9999.0 -9999.0 -9999.0 -9999.0 -9999.0 -9999.0 -9999.0 -9999.0 -9999.0 -9999.0 -9999.0 -9999.0 -9999.0 -9999.0 170.8 123.5 71.9 81.1 100.8 69.3 41.8 19.8 13.5 6.8 12.1 13.7 19.8 25.4 41.8 50.1 51.2 39.6 26.9 35.7 118.6 126.8 112.3 51.1 82.5 56.3 60.0 113.9 265.9 62.4 115.8 101.2 39.6 60.9 102.7 121.2 110.5 205.9 156.8 97.1 98.8 104.3 118.1 136.1 128.8 124.4 93.2 75.7 49.4 49.8 82.4 97.5 88.3 66.9 57.9
-9999.0 -9999.0 -9999.0 -9999.0 -9999.0 -9999.0 -9999.0 -9999.0 -9999.0 -9999.0 -9999.0 -9999.0 -9999.0 -9999.0 -9999.0 -9999.0 -9999.0 -9999.0 -9999.0 -9999.0 -9999.0 -9999.0 -9999.0 338.6 166.1 143.7 106.8 61.1 22.0 14.9 6.3 5.7 12.6 15.9 28.4 37.1 54.0 38.3 59.9 73.4 75.8 105.5 82.8 66.3 50.8 55.8 62.9 66.9 65.7 63.5 56.2 84.6 36.7 39.9 33.9 33.0 81.4 128.8 78.1 129.8 112.6 118.1 105.6 74.8 76.0 90.7 91.7 69.8 47.6 47.0 69.5 83.3 92.8 89.3 67.6 59.6
-9999.0 -9999.0 -9999.0 -9999.0 -9999.0 -9999.0 -9999.0 -9999.0 -9999.0 -9999.0 -9999.0 -9999.0 -9999.0 -9999.0 -9999.0 -9999.0 -9999.0 -9999.0 -9999.0 -9999.0 -9999.0 -9999.0 -9999.0 -9999.0 -9999.0 466.8 230.8 46.0 30.7 18.6 10.1 9.1 10.0 13.8 15.9 33.7 63.2 31.9 55.5 38.2 77.6 59.6 29.5 41.2 47.5 58.2 65.8 71.2 89.4 78.0 101.9 71.0 76.8 59.1 30.9 37.3 61.9 62.3 103.4 95.9 88.7 95.8 178.4 65.9 65.0 66.5 54.4 56.1 72.8 82.9 68.2 72.9 68.5 73.9 66.8 56.5
-9999.0 -9999.0 -9999.0 -9999.0 -9999.0 -9999.0 -9999.0 -9999.0 -9999.0 -9999.0 -9999.0 -9999.0 -9999.0 -9999.0 -9999.0 -9999.0 -9999.0 -9999.0 -9999.0 -9999.0 -9999.0 -9999.0 -9999.0 -9999.0 -9999.0 -9999.0 -9999.0 444.0 346.2 103.3 54.1 32.9 17.2 21.2 19.3 21.2 15.9 14.3 7.9 18.9 42.2 27.7 28.3 40.6 49.8 59.7 68.1 73.7 77.2 91.5 82.0 77.3 68.4 57.6 53.4 58.0 63.7 63.2 73.1 50.7 71.9 73.9 54.1 56.6 88.5 71.1 53.9 46.3 54.9 64.9 60.3 67.7 41.2 46.4 41.0 43.5
-9999.0 -9999.0 -9999.0 -9999.0 -9999.0 -9999.0 -9999.0 -9999.0 -9999.0 -9999.0 -9999.0 -9999.0 -9999.0 -9999.0 -9999.0 -9999.0 -9999.0 -9999.0 -9999.0 -9999.0 -9999.0 -9999.0 -9999.0 -9999.0 -9999.0 -9999.0 -9999.0 -9999.0 -9999.0 -9999.0 -9999.0 -9999.0 -9999.0 62.1 22.1 -9999.0 -9999.0 -9999.0 14.1 12.7 15.4 22.3 29.8 44.2 54.9 61.7 -9999.0 -9999.0 -9999.0 -9999.0 -9999.0 -9999.0 101.1 94.8 99.6 105.9 98.8 95.5 59.2 54.0 53.3 63.4 58.6 65.3 82.1 97.7 105.4 109.5 88.4 64.7 50.5 53.6 45.5 22.7 35.5 32.9
-9999.0 -9999.0 -9999.0 -9999.0 -9999.0 -9999.0 -9999.0 -9999.0 -9999.0 -9999.0 -9999.0 -9999.0 -9999.0 -9999.0 -9999.0 -9999.0 -9999.0 -9999.0 -9999.0 -9999.0 -9999.0 -9999.0 -9999.0 -9999.0 -9999.0 -9999.0 -9999.0 -9999.0 -9999.0 -9999.0 -9999.0 -9999.0 -9999.0 -9999.0 -9999.0 -9999.0 -9999.0 -9999.0 -9999.0 47.9 42.9 43.4 46.2 50.1 -9999.0 -9999.0 -9999.0 -9999.0 -9999.0 -9999.0 -9999.0 -9999.0 136.2 134.4 133.2 130.6 121.9 104.1 83.6 68.9 62.7 63.8 74.2 73.8 113.6 153.8 177.4 122.9 98.5 105.0 89.5 63.3 31.9 35.9 22.1 30.8
-9999.0 -9999.0 -9999.0 -9999.0 -9999.0 -9999.0 -9999.0 -9999.0 -9999.0 -9999.0 -9999.0 -9999.0 -9999.0 -9999.0 -9999.0 -9999.0 -9999.0 -9999.0 -9999.0 -9999.0 -9999.0 -9999.0 -9999.0 -9999.0 -9999.0 -9999.0 -9999.0 -9999.0 -9999.0 -9999.0 -9999.0 -9999.0 -9999.0 -9999.0 -9999.0 -9999.0 -9999.0 -9999.0 -9999.0 -9999.0 -9999.0 -9999.0 -9999.0 -9999.0 -9999.0 -9999.0 -9999.0 -9999.0 -9999.0 -9999.0 -9999.0 -9999.0 112.3 169.1 157.5 145.8 107.3 91.6 81.3 73.0 62.7 62.1 142.3 76.5 113.2 140.9 131.2 119.0 119.3 125.2 117.2 96.5 118.2 57.3 46.3 30.2
-9999.0 -9999.0 -9999.0 -9999.0 -9999.0 -9999.0 -9999.0 -9999.0 -9999.0 -9999.0 -9999.0 -9999.0 -9999.0 -9999.0 -9999.0 -9999.0 -9999.0 -9999.0 -9999.0 -9999.0 -9999.0 -9999.0 -9999.0 -9999.0 -9999.0 -9999.0 -9999.0 -9999.0 -9999.0 -9999.0 -9999.0 -9999.0 -9999.0 -9999.0 -9999.0 -9999.0 -9999.0 -9999.0 -9999.0 -9999.0 -9999.0 -9999.0 -9999.0 -9999.0 -9999.0 -9999.0 -9999.0 -9999.0 -9999.0 -9999.0 -9999.0 138.6 171.2 186.9 127.6 115.6 88.1 94.9 81.1 45.5 82.5 73.1 49.0 64.3 95.7 129.6 120.6 85.8 126.9 129.0 137.1 128.3 83.6 52.1 47.5 41.4
-9999.0 -9999.0 -9999.0 -9999.0 -9999.0 -9999.0 -9999.0 -9999.0 -9999.0 -9999.0 -9999.0 -9999.0 -9999.0 -9999.0 -9999.0 -9999.0 -9999.0 -9999.0 -9999.0 -9999.0 -9999.0 -9999.0 -9999.0 -9999.0 -9999.0 -9999.0 -9999.0 -9999.0 -9999.0 -9999.0 -9999.0 -9999.0 -9999.0 -9999.0 -9999.0 -9999.0 -9999.0 -9999.0 -9999.0 -9999.0 -9999.0 -9999.0 -9999.0 -9999.0 -9999.0 -9999.0 -9999.0 -9999.0 -9999.0 -9999.0 107.2 171.5 188.4 182.5 135.7 113.2 71.7 55.3 70.9 85.9 61.0 76.7 43.2 60.8 86.1 115.4 133.2 110.3 136.6 116.5 140.7 113.6 94.6 95.3 92.5 101.9
-9999.0 -9999.0 -9999.0 -9999.0 -9999.0 -9999.0 -9999.0 -9999.0 -9999.0 -9999.0 -9999.0 -9999.0 -9999.0 -9999.0 -9999.0 -9999.0 -9999.0 -9999.0 -9999.0 -9999.0 -9999.0 -9999.0 -9999.0 -9999.0 -9999.0 -9999.0 -9999.0 -9999.0 -9999.0 -9999.0 -9999.0 -9999.0 -9999.0 -9999.0 -9999.0 -9999.0 -9999.0 -9999.0 -9999.0 -9999.0 -9999.0 -9999.0 -9999.0 -9999.0 -9999.0 -9999.0 -9999.0 -9999.0 -9999.0 -9999.0 108.8 185.5 165.4 168.0 144.8 104.2 55.0 90.2 92.0 70.0 46.7 42.1 31.4 51.2 82.7 96.3 115.6 115.2 128.2 124.5 135.8 136.7 126.1 107.9 91.8 83.0
-9999.0 -9999.0 -9999.0 -9999.0 -9999.0 -9999.0 -9999.0 -9999.0 -9999.0 -9999.0 -9999.0 -9999.0 -9999.0 -9999.0 -9999.0 -9999.0 -9999.0 -9999.0 -9999.0 -9999.0 -9999.0 -9999.0 -9999.0 -9999.0 -9999.0 -9999.0 -9999.0 -9999.0 -9999.0 -9999.0 -9999.0 -9999.0 -9999.0 -9999.0 -9999.0 -9999.0 -9999.0 -9999.0 -9999.0 -9999.0 -9999.0 -9999.0 -9999.0 -9999.0 -9999.0 -9999.0 -9999.0 -9999.0 -9999.0 -9999.0 107.8 143.8 153.3 181.2 126.5 100.0 126.5 98.6 108.0 62.4 59.8 55.0 50.3 54.8 80.8 102.7 119.1 139.0 156.9 175.8 157.7 205.1 151.4 171.5 126.9 111.4
-9999.0 -9999.0 -9999.0 -9999.0 -9999.0 -9999.0 -9999.0 -9999.0 -9999.0 -9999.0 -9999.0 -9999.0 -9999.0 -9999.0 -9999.0 -9999.0 -9999.0 -9999.0 -9999.0 -9999.0 -9999.0 -9999.0 -9999.0 -9999.0 -9999.0 -9999.0 -9999.0 -9999.0 -9999.0 -9999.0 -9999.0 -9999.0 -9999.0 -9999.0 -9999.0 -9999.0 -9999.0 -9999.0 -9999.0 -9999.0 -9999.0 -9999.0 -9999.0 -9999.0 -9999.0 -9999.0 -9999.0 -9999.0 -9999.0 -9999.0 136.2 177.7 180.8 183.0 163.3 156.5 115.6 128.9 121.6 77.7 80.9 72.2 63.2 79.0 94.0 111.7 140.7 166.5 201.5 210.6 204.6 194.2 197.8 212.6 175.2 151.0
-9999.0 -9999.0 -9999.0 -9999.0 -9999.0 -9999.0 -9999.0 -9999.0 -9999.0 -9999.0 -9999.0 -9999.0 -9999.0 -9999.0 -9999.0 -9999.0 -9999.0 -9999.0 -9999.0 -9999.0 -9999.0 -9999.0 -9999.0 -9999.0 -9999.0 -9999.0 -9999.0 -9999.0 -9999.0 -9999.0 -9999.0 -9999.0 -9999.0 -9999.0 -9999.0 -9999.0 -9999.0 -9999.0 -9999.0 -9999.0 -9999.0 -9999.0 -9999.0 -9999.0 -9999.0 -9999.0 -9999.0 -9999.0 -9999.0 -9999.0 -9999.0 -9999.0 -9999.0 218.4 217.1 194.1 177.5 175.7 129.5 111.9 157.0 87.2 140.1 116.2 113.4 123.3 156.8 192.4 234.4 265.7 258.6 219.2 192.0 208.0 225.6 172.2
-9999.0 -9999.0 -9999.0 -9999.0 -9999.0 -9999.0 -9999.0 -9999.0 -9999.0 -9999.0 -9999.0 -9999.0 -9999.0 -9999.0 -9999.0 -9999.0 -9999.0 -9999.0 -9999.0 -9999.0 -9999.0 -9999.0 -9999.0 -9999.0 -9999.0 -9999.0 -9999.0 -9999.0 -9999.0 -9999.0 -9999.0 -9999.0 -9999.0 -9999.0 -9999.0 -9999.0 -9999.0 -9999.0 -9999.0 -9999.0 -9999.0 -9999.0 -9999.0 -9999.0 -9999.0 -9999.0 -9999.0 -9999.0 -9999.0 -9999.0 -9999.0 -9999.0 -9999.0 249.1 244.8 244.0 205.0 185.1 193.3 206.6 164.2 143.2 188.8 154.3 151.6 158.1 199.3 219.0 270.8 301.8 298.3 254.1 223.0 254.7 299.1 277.4
-9999.0 -9999.0 -9999.0 -9999.0 -9999.0 -9999.0 -9999.0 -9999.0 -9999.0 -9999.0 -9999.0 -9999.0 -9999.0 -9999.0 -9999.0 -9999.0 -9999.0 -9999.0 -9999.0 -9999.0 -9999.0 -9999.0 -9999.0 -9999.0 -9999.0 -9999.0 -9999.0 -9999.0 -9999.0 -9999.0 -9999.0 -9999.0 -9999.0 -9999.0 -9999.0 -9999.0 -9999.0 -9999.0 -9999.0 -9999.0 -9999.0 -9999.0 -9999.0 -9999.0 -9999.0 -9999.0 -9999.0 -9999.0 -9999.0 -9999.0 -9999.0 -9999.0 -9999.0 252.9 226.1 233.2 206.7 196.9 223.1 235.1 248.8 237.5 251.1 235.9 213.2 -9999.0 -9999.0 -9999.0 294.3 324.9 338.8 336.7 340.7 371.4 381.3 343.8
-9999.0 -9999.0 -9999.0 -9999.0 -9999.0 -9999.0 -9999.0 -9999.0 -9999.0 -9999.0 -9999.0 -9999.0 -9999.0 -9999.0 -9999.0 -9999.0 -9999.0 -9999.0 -9999.0 -9999.0 -9999.0 -9999.0 -9999.0 -9999.0 -9999.0 -9999.0 -9999.0 -9999.0 -9999.0 -9999.0 -9999.0 -9999.0 -9999.0 -9999.0 -9999.0 -9999.0 -9999.0 -9999.0 -9999.0 -9999.0 -9999.0 -9999.0 -9999.0 -9999.0 -9999.0 -9999.0 -9999.0 -9999.0 -9999.0 -9999.0 -9999.0 -9999.0 -9999.0 -9999.0 229.5 208.6 176.5 184.7 245.1 294.6 280.2 -9999.0 -9999.0 -9999.0 -9999.0 -9999.0 -9999.0 -9999.0 325.1 353.7 390.7 410.1 439.4 453.4 402.2 316.8
-9999.0 -9999.0 -9999.0 -9999.0 -9999.0 -9999.0 -9999.0 -9999.0 -9999.0 -9999.0 -9999.0 -9999.0 -9999.0 -9999.0 -9999.0 -9999.0 -9999.0 -9999.0 -9999.0 -9999.0 -9999.0 -9999.0 -9999.0 -9999.0 -9999.0 -9999.0 -9999.0 -9999.0 -9999.0 -9999.0 -9999.0 -9999.0 -9999.0 -9999.0 -9999.0 -9999.0 -9999.0 -9999.0 -9999.0 -9999.0 -9999.0 -9999.0 -9999.0 -9999.0 -9999.0 -9999.0 -9999.0 -9999.0 -9999.0 -9999.0 -9999.0 -9999.0 -9999.0 -9999.0 -9999.0 191.5 216.9 211.2 251.4 310.6 335.9 -9999.0 -9999.0 -9999.0 -9999.0 -9999.0 -9999.0 -9999.0 -9999.0 -9999.0 414.7 -9999.0 -9999.0 -9999.0 -9999.0 -9999.0
-9999.0 -9999.0 -9999.0 -9999.0 -9999.0 -9999.0 -9999.0 -9999.0 -9999.0 -9999.0 -9999.0 -9999.0 -9999.0 -9999.0 -9999.0 -9999.0 -9999.0 -9999.0 -9999.0 -9999.0 -9999.0 -9999.0 -9999.0 -9999.0 -9999.0 -9999.0 -9999.0 -9999.0 -9999.0 -9999.0 -9999.0 -9999.0 -9999.0 -9999.0 -9999.0 -9999.0 -9999.0 -9999.0 -9999.0 -9999.0 -9999.0 -9999.0 -9999.0 -9999.0 -9999.0 -9999.0 -9999.0 -9999.0 -9999.0 -9999.0 -9999.0 -9999.0 -9999.0 -9999.0 -9999.0 -9999.0 -9999.0 -9999.0 273.7 317.3 -9999.0 -9999.0 -9999.0 -9999.0 -9999.0 -9999.0 -9999.0 -9999.0 -9999.0 -9999.0 -9999.0 -9999.0 -9999.0 -9999.0 -9999.0 295.7
-9999.0 -9999.0 -9999.0 -9999.0 -9999.0 -9999.0 -9999.0 -9999.0 -9999.0 -9999.0 -9999.0 -9999.0 -9999.0 -9999.0 -9999.0 -9999.0 -9999.0 -9999.0 -9999.0 -9999.0 -9999.0 -9999.0 -9999.0 -9999.0 -9999.0 -9999.0 -9999.0 -9999.0 -9999.0 -9999.0 -9999.0 -9999.0 -9999.0 -9999.0 -9999.0 -9999.0 -9999.0 -9999.0 -9999.0 -9999.0 -9999.0 -9999.0 -9999.0 -9999.0 -9999.0 -9999.0 -9999.0 -9999.0 -9999.0 -9999.0 -9999.0 -9999.0 -9999.0 -9999.0 -9999.0 -9999.0 -9999.0 -9999.0 -9999.0 -9999.0 -9999.0 -9999.0 -9999.0 -9999.0 -9999.0 -9999.0 -9999.0 -9999.0 -9999.0 -9999.0 -9999.0 -9999.0 -9999.0 -9999.0 -9999.0 -9999.0
