program/excelProcessViaJava/data/SURF_CLI_CHN_PRE_MON_GRID_0.5-200309.txt
NCOLS      128
NROWS       72
XLLCORNER    72.000000000000    
YLLCORNER    18.000000000000    
CELLSIZE    0.50000000000000    
NODATA_VALUE   -9999.000    
[rows 34 to 67 of 72, columns 0 to 75 of 128]
-9999.0 -9999.0 -9999.0 -9999.0 0.0 0.1 0.0 0.6 0.0 0.0 8.1 0.2 2.7 3.2 16.7 13.2 10.9 9.5 7.2 5.3 4.7 4.1 3.9 3.8 1.3 0.6 2.7 3.6 5.8 7.9 10.6 10.7 14.9 15.7 14.6 14.3 11.0 8.9 7.4 5.1 5.2 2.7 2.5 2.2 2.7 3.1 2.9 2.6 2.6 4.3 7.3 12.5 21.7 22.1 23.4 28.5 34.6 44.2 57.4 46.4 64.7 41.9 38.7 39.4 30.3 24.6 33.8 33.0 41.0 60.5 70.8 93.4 113.5 125.3 133.2 143.1
-9999.0 -9999.0 -9999.0 -9999.0 -9999.0 -9999.0 -9999.0 0.1 0.0 0.3 0.0 0.0 0.7 0.4 0.6 12.9 6.2 8.7 7.7 5.8 2.5 0.9 0.8 1.3 2.1 3.2 3.7 5.0 7.1 8.0 11.4 14.9 18.3 18.8 17.8 19.0 15.4 14.0 11.6 10.4 7.8 10.3 10.8 10.2 8.6 5.9 7.5 5.4 6.5 4.2 5.2 9.3 15.9 25.4 28.8 25.4 28.6 35.5 58.0 55.7 71.2 47.1 41.3 45.1 49.8 38.8 46.8 60.7 70.0 90.2 104.4 119.1 133.8 140.6 140.1 141.0
-9999.0 -9999.0 -9999.0 -9999.0 -9999.0 -9999.0 -9999.0 0.0 0.4 0.0 0.0 0.1 0.0 0.0 0.1 0.0 0.4 0.7 0.1 0.9 1.3 0.7 1.5 2.1 3.5 4.8 7.0 6.8 12.6 17.1 17.1 20.8 24.6 23.4 27.8 26.5 25.0 21.1 18.4 15.9 14.4 14.0 15.3 19.1 17.7 14.6 16.8 16.2 20.3 15.9 20.7 19.4 16.9 22.9 32.6 31.1 35.7 47.9 66.8 79.1 79.0 79.5 66.1 70.9 65.4 62.8 69.0 85.1 115.6 121.2 135.8 141.3 145.8 149.5 142.8 149.5
-9999.0 -9999.0 -9999.0 -9999.0 -9999.0 -9999.0 -9999.0 -9999.0 -9999.0 0.0 0.0 0.2 0.0 0.0 0.2 0.5 0.2 0.0 0.2 0.0 0.5 1.7 2.8 4.0 5.9 8.8 10.2 13.3 19.7 18.2 30.5 32.3 35.8 35.9 41.4 40.1 37.2 32.2 27.9 23.8 20.8 20.3 21.0 22.7 27.5 30.3 31.7 30.0 27.2 23.4 22.5 20.1 21.0 25.9 38.4 41.2 43.8 57.0 81.2 91.1 95.5 99.3 102.9 87.4 93.2 92.0 101.9 119.9 148.3 151.7 162.1 155.1 153.6 159.0 165.6 163.0
-9999.0 -9999.0 -9999.0 -9999.0 -9999.0 -9999.0 -9999.0 -9999.0 -9999.0 -9999.0 -9999.0 0.0 0.7 0.0 0.1 0.0 0.1 0.4 0.6 0.6 0.5 1.8 2.7 6.1 4.2 9.7 11.4 15.5 21.8 29.8 35.8 34.8 46.9 50.3 54.8 47.9 51.1 46.0 37.2 34.0 30.3 28.1 28.3 31.1 39.4 41.2 47.9 44.3 40.5 33.0 25.0 23.7 26.6 35.6 48.6 58.2 64.1 78.8 90.7 99.1 102.6 101.2 101.9 103.7 108.4 110.8 128.4 142.6 158.3 174.7 178.5 177.7 169.4 172.7 188.6 196.8
-9999.0 -9999.0 -9999.0 -9999.0 -9999.0 -9999.0 -9999.0 -9999.0 -9999.0 -9999.0 -9999.0 -9999.0 0.3 0.4 0.0 0.2 0.0 0.2 0.4 0.1 2.7 3.1 4.8 9.5 1.7 14.9 22.9 20.7 28.3 25.8 40.9 49.8 56.5 56.1 61.0 66.7 57.6 61.2 54.9 46.3 39.4 36.6 37.6 43.3 49.5 57.0 62.5 58.0 52.0 43.0 40.0 36.4 36.5 43.6 57.9 71.5 81.5 91.1 91.9 102.0 100.2 97.6 95.7 96.1 91.6 111.3 120.8 140.1 161.2 187.8 179.4 180.9 191.3 204.4 214.5 225.8
-9999.0 -9999.0 -9999.0 -9999.0 -9999.0 -9999.0 -9999.0 -9999.0 -9999.0 -9999.0 -9999.0 -9999.0 0.0 0.7 1.7 0.1 1.4 0.9 0.2 0.7 1.7 2.0 5.2 12.8 22.8 23.5 28.3 39.7 39.2 50.3 48.6 47.2 61.6 71.0 74.6 83.0 75.5 73.5 69.4 60.3 51.5 47.2 50.4 53.5 63.7 73.8 76.0 73.5 60.0 55.7 47.0 46.3 45.8 56.8 65.8 80.4 86.1 92.6 93.8 96.0 93.5 87.4 86.4 90.8 68.0 85.0 99.5 118.4 139.1 177.5 232.7 273.2 282.0 257.2 250.7 230.8
-9999.0 -9999.0 -9999.0 -9999.0 -9999.0 -9999.0 -9999.0 -9999.0 -9999.0 -9999.0 -9999.0 -9999.0 -9999.0 0.1 0.0 1.6 0.3 1.5 2.9 4.0 4.1 10.5 7.9 22.1 25.9 18.0 22.9 21.1 35.0 44.1 59.1 68.2 62.0 70.3 93.0 97.2 97.9 91.6 70.3 71.1 63.3 59.7 61.5 70.0 78.2 85.9 94.4 96.0 89.2 76.7 66.3 57.2 57.4 75.4 79.2 83.6 85.1 90.5 96.7 96.1 93.8 85.8 81.9 65.3 50.8 62.0 84.9 116.7 157.3 199.6 231.3 259.5 283.6 284.1 276.5 241.6
-9999.0 -9999.0 -9999.0 -9999.0 -9999.0 -9999.0 -9999.0 -9999.0 -9999.0 -9999.0 -9999.0 -9999.0 0.0 0.0 0.0 0.5 0.0 0.4 0.8 7.4 10.5 14.4 16.4 25.5 35.2 23.9 33.6 44.7 49.4 50.3 59.7 76.6 62.2 83.6 89.8 104.6 97.5 107.4 96.6 81.4 69.6 68.2 73.7 82.5 95.7 107.8 113.4 109.6 105.8 96.3 92.4 90.4 78.1 84.7 81.7 81.6 87.2 82.1 91.2 94.1 95.2 92.9 82.8 82.0 62.1 57.1 91.8 126.4 172.4 220.3 273.1 314.6 310.8 257.1 220.3 197.3
-9999.0 -9999.0 -9999.0 -9999.0 -9999.0 -9999.0 -9999.0 -9999.0 -9999.0 -9999.0 -9999.0 -9999.0 0.0 0.6 0.3 0.0 0.0 1.6 3.3 2.0 12.1 10.3 17.0 25.6 40.5 51.3 54.3 58.2 59.8 69.1 74.7 75.2 65.3 94.1 103.2 105.7 115.1 108.5 98.1 85.2 75.8 77.0 85.3 98.5 114.0 128.5 138.6 140.4 133.9 110.7 103.3 108.3 95.3 89.2 87.4 78.7 83.1 89.4 92.0 101.8 105.0 104.3 81.5 58.6 48.9 63.4 77.0 130.8 184.7 240.8 294.2 332.4 327.7 305.5 279.0 216.7
-9999.0 -9999.0 -9999.0 -9999.0 -9999.0 -9999.0 -9999.0 -9999.0 -9999.0 -9999.0 -9999.0 -9999.0 0.8 0.0 0.8 0.5 0.9 0.0 1.0 2.1 0.7 1.7 15.8 16.3 31.7 24.7 39.0 29.0 62.5 66.8 72.2 54.2 82.1 98.0 103.6 103.8 106.6 101.4 93.9 79.8 79.3 91.2 99.9 117.8 133.8 145.6 153.3 155.1 140.1 130.7 126.2 113.8 141.4 142.7 127.8 93.1 98.9 104.8 110.0 107.0 109.2 104.7 109.5 58.6 38.8 72.9 96.3 129.0 172.5 223.6 271.0 299.2 308.5 283.5 225.1 215.9
-9999.0 -9999.0 -9999.0 -9999.0 -9999.0 -9999.0 -9999.0 -9999.0 -9999.0 -9999.0 -9999.0 -9999.0 -9999.0 0.0 0.0 0.3 0.3 1.0 0.3 0.5 0.0 4.8 4.9 7.0 31.1 34.2 44.5 56.3 47.8 73.8 50.8 60.9 61.0 83.3 85.0 69.3 77.9 92.5 85.5 85.7 91.1 93.8 109.4 133.9 152.2 157.5 158.5 144.3 150.0 141.7 122.4 148.1 149.7 138.5 165.2 160.7 122.1 121.2 131.4 142.5 132.2 139.0 110.9 43.3 49.7 66.2 92.5 122.2 158.0 187.7 222.0 254.2 248.3 263.5 217.2 178.2
-9999.0 -9999.0 -9999.0 -9999.0 -9999.0 -9999.0 -9999.0 -9999.0 -9999.0 -9999.0 -9999.0 -9999.0 -9999.0 2.2 0.0 0.2 0.0 0.9 1.2 1.0 0.1 0.4 0.9 6.4 36.4 33.4 36.3 57.1 55.0 18.3 30.5 38.7 59.2 62.2 53.5 59.9 80.3 84.2 77.3 65.6 98.0 114.9 134.5 148.6 138.5 155.0 148.8 126.5 121.9 117.2 133.1 115.7 163.7 190.9 204.1 203.5 176.6 167.0 170.1 138.9 152.4 111.4 68.2 50.7 45.9 65.8 93.6 118.8 136.5 147.2 155.7 170.7 191.8 185.6 165.3 138.0
-9999.0 -9999.0 -9999.0 -9999.0 -9999.0 -9999.0 -9999.0 -9999.0 -9999.0 -9999.0 -9999.0 -9999.0 -9999.0 -9999.0 -9999.0 0.1 0.5 0.2 1.0 4.2 0.4 4.4 10.2 12.2 13.6 21.7 6.2 24.0 10.6 41.6 31.9 40.1 22.9 31.2 49.5 34.5 37.1 93.9 86.5 91.3 87.5 103.2 129.0 149.3 161.9 145.5 129.1 92.8 99.7 61.4 92.9 146.5 158.3 197.3 181.4 232.4 230.8 180.3 207.3 193.8 140.6 100.4 81.5 59.4 56.3 82.0 110.6 121.0 116.8 98.4 92.7 101.8 104.6 113.8 126.9 108.3
-9999.0 -9999.0 -9999.0 -9999.0 -9999.0 -9999.0 -9999.0 -9999.0 -9999.0 -9999.0 -9999.0 -9999.0 -9999.0 -9999.0 -9999.0 -9999.0 -9999.0 51.3 24.7 -9999.0 24.4 2.9 20.9 26.9 12.0 20.2 4.1 16.5 38.5 18.7 33.0 53.3 13.5 59.8 87.6 56.3 29.6 118.9 85.4 90.2 94.4 92.2 120.3 140.0 163.1 134.4 114.6 97.9 62.2 70.3 47.6 86.4 94.4 187.6 219.5 235.7 229.1 233.5 220.7 205.8 123.2 102.1 83.7 69.3 73.0 96.3 118.8 115.1 95.2 76.7 72.9 76.7 80.4 96.9 95.7 94.0
-9999.0 -9999.0 -9999.0 -9999.0 -9999.0 -9999.0 -9999.0 -9999.0 -9999.0 -9999.0 -9999.0 -9999.0 -9999.0 -9999.0 -9999.0 -9999.0 -9999.0 -9999.0 -9999.0 -9999.0 -9999.0 17.4 10.2 1.1 13.2 50.1 49.2 46.8 38.1 57.2 43.6 83.5 67.7 57.2 76.3 50.7 66.9 83.2 104.2 126.5 125.0 80.7 91.4 109.0 149.2 108.8 103.9 67.5 72.8 84.3 56.2 106.0 131.4 126.4 174.2 204.3 212.2 208.8 205.5 199.9 136.4 114.8 84.6 73.6 83.5 106.7 122.7 112.7 92.6 84.1 88.4 81.5 81.8 91.2 90.5 96.1
-9999.0 -9999.0 -9999.0 -9999.0 -9999.0 -9999.0 -9999.0 -9999.0 -9999.0 -9999.0 -9999.0 -9999.0 -9999.0 -9999.0 -9999.0 -9999.0 -9999.0 -9999.0 -9999.0 -9999.0 -9999.0 -9999.0 -9999.0 101.1 37.7 49.5 52.9 43.8 17.6 44.7 34.0 26.9 6.2 20.9 16.1 25.3 25.6 58.6 46.9 48.8 59.7 59.2 83.5 104.6 125.8 96.4 90.3 63.7 53.5 49.2 40.1 72.4 67.9 100.1 111.6 112.5 163.2 177.1 184.9 177.8 168.0 131.8 94.5 72.7 79.6 108.3 123.7 114.9 96.0 104.3 97.9 97.8 87.7 79.0 83.7 90.4
-9999.0 -9999.0 -9999.0 -9999.0 -9999.0 -9999.0 -9999.0 -9999.0 -9999.0 -9999.0 -9999.0 -9999.0 -9999.0 -9999.0 -9999.0 -9999.0 -9999.0 -9999.0 -9999.0 -9999.0 -9999.0 -9999.0 -9999.0 -9999.0 -9999.0 193.0 105.5 1.2 4.8 0.5 11.5 38.8 40.8 21.9 35.4 14.4 6.1 38.2 28.3 46.3 36.6 54.7 104.0 102.8 98.9 78.4 81.3 62.1 40.6 42.9 46.6 49.7 70.7 83.9 83.0 98.9 122.0 135.7 145.3 148.9 144.3 121.3 114.9 73.1 80.9 104.1 114.7 88.3 78.9 85.1 114.7 113.6 89.9 77.3 73.1 74.3
-9999.0 -9999.0 -9999.0 -9999.0 -9999.0 -9999.0 -9999.0 -9999.0 -9999.0 -9999.0 -9999.0 -9999.0 -9999.0 -9999.0 -9999.0 -9999.0 -9999.0 -9999.0 -9999.0 -9999.0 -9999.0 -9999.0 -9999.0 -9999.0 -9999.0 -9999.0 -9999.0 228.5 225.5 107.0 88.2 79.3 5.7 82.4 23.8 127.4 41.6 45.9 72.4 45.3 35.9 58.3 88.4 84.3 75.8 62.9 51.1 47.6 48.7 51.8 65.0 77.7 55.2 71.9 80.6 86.5 111.5 132.9 119.3 135.9 163.7 109.3 104.4 82.5 82.6 94.7 102.3 97.7 94.5 103.5 116.1 104.2 93.6 80.3 67.7 55.1
-9999.0 -9999.0 -9999.0 -9999.0 -9999.0 -9999.0 -9999.0 -9999.0 -9999.0 -9999.0 -9999.0 -9999.0 -9999.0 -9999.0 -9999.0 -9999.0 -9999.0 -9999.0 -9999.0 -9999.0 -9999.0 -9999.0 -9999.0 -9999.0 -9999.0 -9999.0 -9999.0 -9999.0 -9999.0 -9999.0 -9999.0 -9999.0 -9999.0 141.6 44.4 -9999.0 -9999.0 -9999.0 91.2 52.9 69.0 77.0 70.6 66.7 53.2 47.3 -9999.0 -9999.0 -9999.0 -9999.0 -9999.0 -9999.0 71.6 58.7 106.4 118.6 115.4 158.0 141.8 160.5 136.3 102.3 93.3 85.7 95.0 100.2 91.2 77.4 79.0 94.1 98.4 91.4 91.5 85.8 71.3 51.7
-9999.0 -9999.0 -9999.0 -9999.0 -9999.0 -9999.0 -9999.0 -9999.0 -9999.0 -9999.0 -9999.0 -9999.0 -9999.0 -9999.0 -9999.0 -9999.0 -9999.0 -9999.0 -9999.0 -9999.0 -9999.0 -9999.0 -9999.0 -9999.0 -9999.0 -9999.0 -9999.0 -9999.0 -9999.0 -9999.0 -9999.0 -9999.0 -9999.0 -9999.0 -9999.0 -9999.0 -9999.0 -9999.0 -9999.0 84.1 75.5 66.9 59.0 52.1 -9999.0 -9999.0 -9999.0 -9999.0 -9999.0 -9999.0 -9999.0 -9999.0 62.9 53.8 78.1 120.8 148.1 176.0 188.5 173.0 140.9 101.1 85.9 89.2 111.4 115.1 98.3 76.3 71.7 72.3 72.2 76.8 90.1 90.6 65.6 64.8
-9999.0 -9999.0 -9999.0 -9999.0 -9999.0 -9999.0 -9999.0 -9999.0 -9999.0 -9999.0 -9999.0 -9999.0 -9999.0 -9999.0 -9999.0 -9999.0 -9999.0 -9999.0 -9999.0 -9999.0 -9999.0 -9999.0 -9999.0 -9999.0 -9999.0 -9999.0 -9999.0 -9999.0 -9999.0 -9999.0 -9999.0 -9999.0 -9999.0 -9999.0 -9999.0 -9999.0 -9999.0 -9999.0 -9999.0 -9999.0 -9999.0 -9999.0 -9999.0 -9999.0 -9999.0 -9999.0 -9999.0 -9999.0 -9999.0 -9999.0 -9999.0 -9999.0 63.1 53.6 76.0 80.8 138.3 169.8 177.4 155.5 122.0 92.4 89.7 87.9 115.2 127.3 106.1 78.9 67.1 65.8 62.8 66.6 85.4 89.4 85.7 75.6
-9999.0 -9999.0 -9999.0 -9999.0 -9999.0 -9999.0 -9999.0 -9999.0 -9999.0 -9999.0 -9999.0 -9999.0 -9999.0 -9999.0 -9999.0 -9999.0 -9999.0 -9999.0 -9999.0 -9999.0 -9999.0 -9999.0 -9999.0 -9999.0 -9999.0 -9999.0 -9999.0 -9999.0 -9999.0 -9999.0 -9999.0 -9999.0 -9999.0 -9999.0 -9999.0 -9999.0 -9999.0 -9999.0 -9999.0 -9999.0 -9999.0 -9999.0 -9999.0 -9999.0 -9999.0 -9999.0 -9999.0 -9999.0 -9999.0 -9999.0 -9999.0 48.3 65.4 63.5 91.7 103.3 131.9 142.7 160.9 108.9 119.6 100.2 76.6 85.9 117.6 143.7 114.7 70.5 71.4 63.2 57.1 63.4 74.5 76.4 84.4 96.3
-9999.0 -9999.0 -9999.0 -9999.0 -9999.0 -9999.0 -9999.0 -9999.0 -9999.0 -9999.0 -9999.0 -9999.0 -9999.0 -9999.0 -9999.0 -9999.0 -9999.0 -9999.0 -9999.0 -9999.0 -9999.0 -9999.0 -9999.0 -9999.0 -9999.0 -9999.0 -9999.0 -9999.0 -9999.0 -9999.0 -9999.0 -9999.0 -9999.0 -9999.0 -9999.0 -9999.0 -9999.0 -9999.0 -9999.0 -9999.0 -9999.0 -9999.0 -9999.0 -9999.0 -9999.0 -9999.0 -9999.0 -9999.0 -9999.0 -9999.0 34.2 77.0 89.4 84.7 95.8 97.2 117.7 130.2 137.1 130.8 114.1 108.8 94.5 100.8 141.1 162.0 129.5 85.7 89.7 77.4 76.7 72.5 78.9 94.1 121.0 173.8
-9999.0 -9999.0 -9999.0 -9999.0 -9999.0 -9999.0 -9999.0 -9999.0 -9999.0 -9999.0 -9999.0 -9999.0 -9999.0 -9999.0 -9999.0 -9999.0 -9999.0 -9999.0 -9999.0 -9999.0 -9999.0 -9999.0 -9999.0 -9999.0 -9999.0 -9999.0 -9999.0 -9999.0 -9999.0 -9999.0 -9999.0 -9999.0 -9999.0 -9999.0 -9999.0 -9999.0 -9999.0 -9999.0 -9999.0 -9999.0 -9999.0 -9999.0 -9999.0 -9999.0 -9999.0 -9999.0 -9999.0 -9999.0 -9999.0 -9999.0 51.1 119.8 118.9 126.7 103.4 95.0 102.8 106.9 117.5 116.9 105.3 106.5 99.7 118.9 153.8 139.1 115.7 83.8 99.7 99.7 103.5 102.0 97.8 87.1 93.7 121.5
-9999.0 -9999.0 -9999.0 -9999.0 -9999.0 -9999.0 -9999.0 -9999.0 -9999.0 -9999.0 -9999.0 -9999.0 -9999.0 -9999.0 -9999.0 -9999.0 -9999.0 -9999.0 -9999.0 -9999.0 -9999.0 -9999.0 -9999.0 -9999.0 -9999.0 -9999.0 -9999.0 -9999.0 -9999.0 -9999.0 -9999.0 -9999.0 -9999.0 -9999.0 -9999.0 -9999.0 -9999.0 -9999.0 -9999.0 -9999.0 -9999.0 -9999.0 -9999.0 -9999.0 -9999.0 -9999.0 -9999.0 -9999.0 -9999.0 -9999.0 74.1 129.8 134.7 140.9 125.5 91.5 83.7 100.5 113.8 109.6 112.6 110.0 104.4 113.2 127.7 124.7 96.1 84.8 101.0 141.8 118.9 145.8 90.6 104.2 81.6 126.5
-9999.0 -9999.0 -9999.0 -9999.0 -9999.0 -9999.0 -9999.0 -9999.0 -9999.0 -9999.0 -9999.0 -9999.0 -9999.0 -9999.0 -9999.0 -9999.0 -9999.0 -9999.0 -9999.0 -9999.0 -9999.0 -9999.0 -9999.0 -9999.0 -9999.0 -9999.0 -9999.0 -9999.0 -9999.0 -9999.0 -9999.0 -9999.0 -9999.0 -9999.0 -9999.0 -9999.0 -9999.0 -9999.0 -9999.0 -9999.0 -9999.0 -9999.0 -9999.0 -9999.0 -9999.0 -9999.0 -9999.0 -9999.0 -9999.0 -9999.0 165.5 205.5 201.5 177.3 128.2 92.8 105.9 115.3 134.9 114.1 112.0 100.4 96.9 110.2 113.3 111.2 109.2 104.5 145.8 106.1 130.9 114.1 102.4 105.2 78.6 130.4
-9999.0 -9999.0 -9999.0 -9999.0 -9999.0 -9999.0 -9999.0 -9999.0 -9999.0 -9999.0 -9999.0 -9999.0 -9999.0 -9999.0 -9999.0 -9999.0 -9999.0 -9999.0 -9999.0 -9999.0 -9999.0 -9999.0 -9999.0 -9999.0 -9999.0 -9999.0 -9999.0 -9999.0 -9999.0 -9999.0 -9999.0 -9999.0 -9999.0 -9999.0 -9999.0 -9999.0 -9999.0 -9999.0 -9999.0 -9999.0 -9999.0 -9999.0 -9999.0 -9999.0 -9999.0 -9999.0 -9999.0 -9999.0 -9999.0 -9999.0 -9999.0 -9999.0 -9999.0 186.9 144.5 115.5 120.0 142.8 164.6 136.5 141.6 94.9 125.2 134.9 127.1 114.1 121.7 100.9 151.0 168.3 149.9 132.1 119.6 104.3 93.3 94.6
-9999.0 -9999.0 -9999.0 -9999.0 -9999.0 -9999.0 -9999.0 -9999.0 -9999.0 -9999.0 -9999.0 -9999.0 -9999.0 -9999.0 -9999.0 -9999.0 -9999.0 -9999.0 -9999.0 -9999.0 -9999.0 -9999.0 -9999.0 -9999.0 -9999.0 -9999.0 -9999.0 -9999.0 -9999.0 -9999.0 -9999.0 -9999.0 -9999.0 -9999.0 -9999.0 -9999.0 -9999.0 -9999.0 -9999.0 -9999.0 -9999.0 -9999.0 -9999.0 -9999.0 -9999.0 -9999.0 -9999.0 -9999.0 -9999.0 -9999.0 -9999.0 -9999.0 -9999.0 202.1 166.3 143.6 153.1 175.7 194.0 198.2 169.0 141.3 186.1 161.8 147.5 124.1 82.5 139.7 121.2 143.5 151.6 168.7 177.2 148.0 111.0 128.8
-9999.0 -9999.0 -9999.0 -9999.0 -9999.0 -9999.0 -9999.0 -9999.0 -9999.0 -9999.0 -9999.0 -9999.0 -9999.0 -9999.0 -9999.0 -9999.0 -9999.0 -9999.0 -9999.0 -9999.0 -9999.0 -9999.0 -9999.0 -9999.0 -9999.0 -9999.0 -9999.0 -9999.0 -9999.0 -9999.0 -9999.0 -9999.0 -9999.0 -9999.0 -9999.0 -9999.0 -9999.0 -9999.0 -9999.0 -9999.0 -9999.0 -9999.0 -9999.0 -9999.0 -9999.0 -9999.0 -9999.0 -9999.0 -9999.0 -9999.0 -9999.0 -9999.0 -9999.0 216.7 175.5 174.7 172.9 180.4 202.4 212.3 230.6 222.0 243.9 232.2 138.4 -9999.0 -9999.0 -9999.0 135.8 131.9 176.9 228.6 233.4 183.4 140.9 150.1
-9999.0 -9999.0 -9999.0 -9999.0 -9999.0 -9999.0 -9999.0 -9999.0 -9999.0 -9999.0 -9999.0 -9999.0 -9999.0 -9999.0 -9999.0 -9999.0 -9999.0 -9999.0 -9999.0 -9999.0 -9999.0 -9999.0 -9999.0 -9999.0 -9999.0 -9999.0 -9999.0 -9999.0 -9999.0 -9999.0 -9999.0 -9999.0 -9999.0 -9999.0 -9999.0 -9999.0 -9999.0 -9999.0 -9999.0 -9999.0 -9999.0 -9999.0 -9999.0 -9999.0 -9999.0 -9999.0 -9999.0 -9999.0 -9999.0 -9999.0 -9999.0 -9999.0 -9999.0 -9999.0 201.6 185.2 163.6 154.6 193.4 229.3 177.3 -9999.0 -9999.0 -9999.0 -9999.0 -9999.0 -9999.0 -9999.0 124.8 162.6 231.4 264.5 251.3 194.4 150.2 139.3
-9999.0 -9999.0 -9999.0 -9999.0 -9999.0 -9999.0 -9999.0 -9999.0 -9999.0 -9999.0 -9999.0 -9999.0 -9999.0 -9999.0 -9999.0 -9999.0 -9999.0 -9999.0 -9999.0 -9999.0 -9999.0 -9999.0 -9999.0 -9999.0 -9999.0 -9999.0 -9999.0 -9999.0 -9999.0 -9999.0 -9999.0 -9999.0 -9999.0 -9999.0 -9999.0 -9999.0 -9999.0 -9999.0 -9999.0 -9999.0 -9999.0 -9999.0 -9999.0 -9999.0 -9999.0 -9999.0 -9999.0 -9999.0 -9999.0 -9999.0 -9999.0 -9999.0 -9999.0 -9999.0 -9999.0 179.2 190.7 163.3 149.1 182.0 186.1 -9999.0 -9999.0 -9999.0 -9999.0 -9999.0 -9999.0 -9999.0 -9999.0 -9999.0 237.4 -9999.0 -9999.0 -9999.0 -9999.0 -9999.0
-9999.0 -9999.0 -9999.0 -9999.0 -9999.0 -9999.0 -9999.0 -9999.0 -9999.0 -9999.0 -9999.0 -9999.0 -9999.0 -9999.0 -9999.0 -9999.0 -9999.0 -9999.0 -9999.0 -9999.0 -9999.0 -9999.0 -9999.0 -9999.0 -9999.0 -9999.0 -9999.0 -9999.0 -9999.0 -9999.0 -9999.0 -9999.0 -9999.0 -9999.0 -9999.0 -9999.0 -9999.0 -9999.0 -9999.0 -9999.0 -9999.0 -9999.0 -9999.0 -9999.0 -9999.0 -9999.0 -9999.0 -9999.0 -9999.0 -9999.0 -9999.0 -9999.0 -9999.0 -9999.0 -9999.0 -9999.0 -9999.0 -9999.0 155.5 144.9 -9999.0 -9999.0 -9999.0 -9999.0 -9999.0 -9999.0 -9999.0 -9999.0 -9999.0 -9999.0 -9999.0 -9999.0 -9999.0 -9999.0 -9999.0 212.2
-9999.0 -9999.0 -9999.0 -9999.0 -9999.0 -9999.0 -9999.0 -9999.0 -9999.0 -9999.0 -9999.0 -9999.0 -9999.0 -9999.0 -9999.0 -9999.0 -9999.0 -9999.0 -9999.0 -9999.0 -9999.0 -9999.0 -9999.0 -9999.0 -9999.0 -9999.0 -9999.0 -9999.0 -9999.0 -9999.0 -9999.0 -9999.0 -9999.0 -9999.0 -9999.0 -9999.0 -9999.0 -9999.0 -9999.0 -9999.0 -9999.0 -9999.0 -9999.0 -9999.0 -9999.0 -9999.0 -9999.0 -9999.0 -9999.0 -9999.0 -9999.0 -9999.0 -9999.0 -9999.0 -9999.0 -9999.0 -9999.0 -9999.0 -9999.0 -9999.0 -9999.0 -9999.0 -9999.0 -9999.0 -9999.0 -9999.0 -9999.0 -9999.0 -9999.0 -9999.0 -9999.0 -9999.0 -9999.0 -9999.0 -9999.0 -9999.0
