program/excelProcessViaJava/data/SURF_CLI_CHN_PRE_MON_GRID_0.5-199302.txt
NCOLS      128
NROWS       72
XLLCORNER    72.000000000000    
YLLCORNER    18.000000000000    
CELLSIZE    0.50000000000000    
NODATA_VALUE   -9999.000    
[rows 35 to 69 of 72, columns 0 to 78 of 128]
-9999.0 -9999.0 -9999.0 -9999.0 -9999.0 -9999.0 -9999.0 0.0 0.0 0.0 0.0 0.0 0.0 0.0 0.0 3.4 0.8 1.9 1.9 1.3 0.4 0.1 0.2 0.4 0.8 1.3 1.7 2.4 3.3 4.0 5.1 6.1 6.8 7.1 7.2 6.6 6.6 5.4 5.5 4.7 1.5 3.8 3.0 1.6 0.8 0.3 1.2 1.5 3.1 3.0 4.1 6.1 8.4 13.2 11.7 6.1 3.8 3.1 5.5 6.7 10.3 8.1 6.3 5.7 5.8 3.8 3.7 3.4 2.6 3.5 3.7 3.7 4.0 3.9 3.3 3.8 4.0 4.8 6.5
-9999.0 -9999.0 -9999.0 -9999.0 -9999.0 -9999.0 -9999.0 0.0 0.0 0.0 0.0 0.0 0.0 0.0 0.0 0.0 0.1 0.1 0.0 0.2 0.2 0.1 0.3 0.5 1.0 1.5 2.2 2.4 3.9 5.1 5.4 6.3 7.0 7.3 7.3 7.1 6.4 6.2 5.3 4.1 3.3 2.6 2.6 5.1 2.4 1.4 3.1 4.4 8.7 8.0 13.0 12.7 9.8 12.1 14.9 7.5 4.8 4.5 6.6 8.9 10.7 11.9 9.5 10.7 8.5 6.3 4.7 3.6 4.8 5.0 6.5 6.9 6.6 6.5 5.9 7.8 8.3 8.6 10.4
-9999.0 -9999.0 -9999.0 -9999.0 -9999.0 -9999.0 -9999.0 -9999.0 -9999.0 0.0 0.0 0.0 0.0 0.0 0.0 0.1 0.0 0.0 0.0 0.0 0.1 0.3 0.5 0.8 1.2 1.8 2.2 2.9 4.3 4.3 6.2 6.6 7.1 7.4 7.4 7.1 6.6 6.3 5.3 4.8 3.5 3.1 2.4 2.3 4.0 5.2 6.8 7.9 9.1 9.8 11.6 11.4 11.8 12.7 17.0 9.8 5.2 4.9 8.1 9.5 11.2 12.9 13.7 13.0 12.2 9.0 6.6 5.5 7.5 8.9 11.7 12.7 11.6 11.2 11.9 12.8 15.2 15.5 16.8
-9999.0 -9999.0 -9999.0 -9999.0 -9999.0 -9999.0 -9999.0 -9999.0 -9999.0 -9999.0 -9999.0 0.0 0.1 0.0 0.0 0.0 0.1 0.1 0.2 0.1 0.1 0.2 0.3 0.8 0.5 1.2 1.5 2.3 3.4 4.6 5.6 5.8 6.9 7.2 7.3 7.5 6.8 6.5 7.7 5.6 5.6 3.9 2.9 2.9 6.2 5.8 10.4 9.8 11.1 10.5 8.9 9.9 11.9 16.1 20.0 16.1 9.4 9.1 8.8 10.0 12.1 12.6 13.1 14.3 13.7 11.3 8.6 9.0 10.7 13.5 17.3 19.2 17.5 15.0 14.4 18.5 22.2 20.3 20.4
-9999.0 -9999.0 -9999.0 -9999.0 -9999.0 -9999.0 -9999.0 -9999.0 -9999.0 -9999.0 -9999.0 -9999.0 0.1 0.2 0.0 0.1 0.0 0.1 0.1 0.0 0.4 0.3 0.3 0.7 0.1 1.1 2.0 1.9 2.9 3.1 4.7 5.7 6.3 6.5 6.8 6.8 7.4 6.6 5.9 5.2 4.7 4.1 3.7 4.7 5.6 7.8 10.6 9.4 9.8 9.2 10.7 10.9 11.6 14.2 18.4 18.8 15.6 14.5 8.2 11.6 12.1 13.1 13.4 13.8 14.6 15.3 14.2 15.2 16.3 18.3 20.9 21.6 19.1 17.4 18.8 24.9 22.0 23.1 24.0
-9999.0 -9999.0 -9999.0 -9999.0 -9999.0 -9999.0 -9999.0 -9999.0 -9999.0 -9999.0 -9999.0 -9999.0 0.0 0.5 1.2 0.1 0.9 0.5 0.1 0.1 0.1 0.1 0.2 0.5 1.2 1.1 1.4 2.6 2.7 3.9 4.0 4.3 5.4 5.9 6.0 6.0 6.4 6.5 6.1 5.6 4.6 4.1 5.6 4.3 6.6 9.5 8.9 8.8 6.7 7.4 6.6 7.7 8.5 13.3 14.4 17.6 13.7 12.3 8.8 9.5 10.6 11.6 12.3 13.3 13.0 15.8 12.6 16.0 18.4 21.2 24.6 30.3 32.9 26.7 26.9 26.1 27.0 28.9 28.9
-9999.0 -9999.0 -9999.0 -9999.0 -9999.0 -9999.0 -9999.0 -9999.0 -9999.0 -9999.0 -9999.0 -9999.0 -9999.0 0.2 0.0 1.3 0.3 0.7 0.7 0.5 0.2 0.5 0.1 0.7 0.7 0.2 0.4 0.5 1.3 2.2 3.5 4.3 4.2 4.7 5.0 4.9 4.8 5.1 7.3 5.8 5.3 5.6 5.2 7.2 6.3 6.5 8.6 9.5 8.8 6.9 5.7 4.6 5.6 13.5 14.9 15.1 12.3 11.7 13.0 9.7 9.1 9.1 10.0 10.6 7.1 12.4 18.9 22.1 24.9 24.7 24.5 26.8 30.0 33.0 36.9 34.0 33.8 35.1 34.7
-9999.0 -9999.0 -9999.0 -9999.0 -9999.0 -9999.0 -9999.0 -9999.0 -9999.0 -9999.0 -9999.0 -9999.0 0.1 0.0 0.1 0.6 0.0 0.2 0.1 0.7 0.6 0.4 0.2 0.4 0.6 0.2 0.4 0.8 1.2 1.6 2.4 3.5 3.2 3.9 3.8 3.7 4.0 3.4 3.4 3.7 6.2 8.4 10.1 5.2 6.7 7.5 6.9 5.9 6.1 5.4 5.9 7.0 5.0 8.4 9.2 10.3 12.5 7.4 9.3 7.8 7.4 7.8 7.9 10.1 10.2 12.6 14.7 19.8 30.4 36.6 37.5 35.9 37.8 39.4 40.6 41.9 45.0 48.9 49.1
-9999.0 -9999.0 -9999.0 -9999.0 -9999.0 -9999.0 -9999.0 -9999.0 -9999.0 -9999.0 -9999.0 -9999.0 0.0 1.0 0.6 0.0 0.0 0.5 0.4 0.1 0.5 0.1 0.1 0.2 0.4 0.6 0.6 0.8 0.9 1.5 2.1 2.4 2.3 3.1 2.9 2.6 2.4 2.5 2.5 2.0 2.6 2.9 3.7 5.0 6.2 7.4 9.7 8.4 7.1 4.0 3.7 5.1 3.9 4.4 5.7 5.7 8.1 9.5 8.5 9.6 9.6 10.0 6.5 6.0 7.4 13.6 19.2 21.7 26.2 34.4 41.0 45.4 49.7 56.4 60.0 53.6 58.2 57.9 65.8
-9999.0 -9999.0 -9999.0 -9999.0 -9999.0 -9999.0 -9999.0 -9999.0 -9999.0 -9999.0 -9999.0 -9999.0 1.4 0.1 1.1 0.6 0.5 0.0 0.1 0.1 0.0 0.0 0.1 0.0 0.1 0.0 0.1 0.1 0.5 0.7 1.1 1.0 2.0 2.3 2.0 1.7 1.7 1.8 1.8 2.4 2.3 2.2 7.3 3.0 6.5 10.9 11.8 8.0 5.1 4.9 4.7 3.5 10.2 11.9 8.0 4.0 6.6 9.0 10.3 8.5 8.2 7.7 12.8 5.1 6.7 19.9 21.9 26.3 34.3 44.1 53.5 59.6 64.0 72.4 103.6 76.8 92.5 72.1 78.4
-9999.0 -9999.0 -9999.0 -9999.0 -9999.0 -9999.0 -9999.0 -9999.0 -9999.0 -9999.0 -9999.0 -9999.0 -9999.0 0.0 0.0 0.4 0.2 0.2 0.0 0.0 0.0 0.0 0.0 0.0 0.1 0.1 0.1 0.2 0.1 0.4 0.2 0.5 0.8 1.3 1.1 1.1 1.4 1.6 1.9 1.9 2.5 8.5 13.0 12.2 7.4 8.4 11.5 5.9 9.6 7.7 4.6 7.3 5.8 3.9 8.9 9.7 4.7 6.6 10.3 15.2 12.6 22.9 11.2 3.4 14.5 16.4 19.1 26.1 38.5 51.5 62.2 64.9 68.6 63.8 77.8 78.0 81.9 87.3 91.6
-9999.0 -9999.0 -9999.0 -9999.0 -9999.0 -9999.0 -9999.0 -9999.0 -9999.0 -9999.0 -9999.0 -9999.0 -9999.0 3.0 0.0 0.4 0.0 0.3 0.1 0.1 0.0 0.0 0.0 0.0 0.3 0.1 0.1 0.1 0.1 0.0 0.0 0.1 0.2 0.4 0.4 0.6 0.8 1.4 2.3 6.0 4.5 8.2 12.3 14.8 23.1 14.5 13.7 8.9 9.2 7.7 8.6 3.9 6.8 10.4 13.3 10.5 6.3 8.1 12.9 9.2 15.0 7.2 6.8 16.2 12.9 11.5 13.9 23.0 37.3 51.7 59.1 59.8 60.0 69.3 82.2 96.7 111.9 102.8 110.4
-9999.0 -9999.0 -9999.0 -9999.0 -9999.0 -9999.0 -9999.0 -9999.0 -9999.0 -9999.0 -9999.0 -9999.0 -9999.0 -9999.0 -9999.0 0.4 0.5 0.1 0.2 0.4 0.0 0.1 0.2 0.1 0.1 0.1 0.0 0.0 0.0 0.0 0.0 0.0 0.0 0.1 0.1 0.4 1.1 0.7 1.5 2.8 7.9 12.9 15.9 16.8 11.6 10.6 15.7 10.4 12.4 5.7 6.7 14.9 7.2 8.3 4.3 9.1 10.1 5.5 16.7 20.5 9.4 7.9 22.2 17.5 12.7 10.3 13.2 23.7 37.6 45.8 50.9 52.5 68.8 80.7 87.6 114.1 114.7 121.5 107.8
-9999.0 -9999.0 -9999.0 -9999.0 -9999.0 -9999.0 -9999.0 -9999.0 -9999.0 -9999.0 -9999.0 -9999.0 -9999.0 -9999.0 -9999.0 -9999.0 -9999.0 32.1 8.9 -9999.0 4.8 0.4 2.0 1.9 0.3 0.3 0.0 0.0 0.0 0.0 0.0 0.0 0.0 0.0 0.1 0.1 1.0 0.2 1.0 2.4 6.0 14.5 15.6 15.8 11.0 12.7 23.5 23.9 12.1 13.0 7.3 7.3 7.4 11.4 12.9 13.0 7.2 16.2 17.5 21.6 6.2 11.3 19.1 19.4 14.0 11.3 15.7 24.9 37.0 42.6 48.6 61.2 77.8 82.7 99.5 116.2 112.1 108.5 108.4
-9999.0 -9999.0 -9999.0 -9999.0 -9999.0 -9999.0 -9999.0 -9999.0 -9999.0 -9999.0 -9999.0 -9999.0 -9999.0 -9999.0 -9999.0 -9999.0 -9999.0 -9999.0 -9999.0 -9999.0 -9999.0 5.1 2.7 0.5 1.6 5.0 2.8 1.0 0.1 0.1 0.0 0.1 0.0 0.0 0.1 0.1 0.1 0.2 0.3 0.8 2.0 14.2 19.4 19.3 14.0 19.0 51.5 19.1 32.3 74.6 16.9 32.5 28.2 10.2 12.4 17.9 16.9 10.8 29.2 21.0 9.5 11.7 15.1 17.5 19.2 18.9 24.1 29.8 39.0 41.3 44.2 59.3 71.7 80.0 90.5 98.7 100.5 104.6 114.1
-9999.0 -9999.0 -9999.0 -9999.0 -9999.0 -9999.0 -9999.0 -9999.0 -9999.0 -9999.0 -9999.0 -9999.0 -9999.0 -9999.0 -9999.0 -9999.0 -9999.0 -9999.0 -9999.0 -9999.0 -9999.0 -9999.0 -9999.0 34.9 10.8 10.7 7.9 3.3 0.2 0.2 0.0 0.0 0.1 0.1 0.3 0.5 1.6 1.1 4.3 8.3 10.1 18.5 13.6 12.8 19.6 77.6 32.2 31.8 41.4 47.6 29.4 38.6 24.0 23.8 13.7 3.1 14.1 22.8 8.7 22.8 18.3 22.5 21.9 16.8 17.7 24.1 31.5 34.5 34.6 39.7 49.4 57.3 65.9 80.1 85.2 93.2 99.2 106.5 122.3
-9999.0 -9999.0 -9999.0 -9999.0 -9999.0 -9999.0 -9999.0 -9999.0 -9999.0 -9999.0 -9999.0 -9999.0 -9999.0 -9999.0 -9999.0 -9999.0 -9999.0 -9999.0 -9999.0 -9999.0 -9999.0 -9999.0 -9999.0 -9999.0 -9999.0 82.2 33.3 1.9 1.3 0.5 0.3 0.8 1.2 1.3 2.0 3.6 9.5 5.6 12.4 11.0 21.4 14.4 21.4 22.7 63.4 102.4 81.5 148.5 48.6 65.0 60.8 55.6 58.9 49.9 19.1 11.2 16.8 10.9 23.0 23.5 27.6 33.7 43.7 20.1 19.7 23.3 27.6 30.2 37.9 46.4 49.1 55.2 57.7 75.0 85.6 92.9 97.8 104.6 115.8
-9999.0 -9999.0 -9999.0 -9999.0 -9999.0 -9999.0 -9999.0 -9999.0 -9999.0 -9999.0 -9999.0 -9999.0 -9999.0 -9999.0 -9999.0 -9999.0 -9999.0 -9999.0 -9999.0 -9999.0 -9999.0 -9999.0 -9999.0 -9999.0 -9999.0 -9999.0 -9999.0 108.6 94.8 27.1 17.1 13.3 4.7 14.0 8.9 25.6 11.6 13.3 15.3 17.5 24.4 17.3 37.5 74.7 93.2 122.8 154.5 177.7 198.4 138.3 199.0 189.9 82.4 64.8 42.4 33.5 12.5 8.2 20.8 17.5 27.0 39.5 33.6 29.3 30.1 21.8 24.3 28.9 34.5 42.1 49.6 60.2 57.6 68.7 79.8 92.1 93.2 96.5 104.3
-9999.0 -9999.0 -9999.0 -9999.0 -9999.0 -9999.0 -9999.0 -9999.0 -9999.0 -9999.0 -9999.0 -9999.0 -9999.0 -9999.0 -9999.0 -9999.0 -9999.0 -9999.0 -9999.0 -9999.0 -9999.0 -9999.0 -9999.0 -9999.0 -9999.0 -9999.0 -9999.0 -9999.0 -9999.0 -9999.0 -9999.0 -9999.0 -9999.0 51.7 25.1 -9999.0 -9999.0 -9999.0 41.0 29.8 36.0 48.4 47.2 98.1 124.9 142.3 -9999.0 -9999.0 -9999.0 -9999.0 -9999.0 -9999.0 148.7 94.7 65.3 32.7 17.2 8.1 9.7 14.6 26.9 38.4 38.3 33.9 25.9 22.6 26.6 33.5 36.1 41.9 50.4 59.1 61.5 62.9 73.9 90.4 91.5 94.5 97.2
-9999.0 -9999.0 -9999.0 -9999.0 -9999.0 -9999.0 -9999.0 -9999.0 -9999.0 -9999.0 -9999.0 -9999.0 -9999.0 -9999.0 -9999.0 -9999.0 -9999.0 -9999.0 -9999.0 -9999.0 -9999.0 -9999.0 -9999.0 -9999.0 -9999.0 -9999.0 -9999.0 -9999.0 -9999.0 -9999.0 -9999.0 -9999.0 -9999.0 -9999.0 -9999.0 -9999.0 -9999.0 -9999.0 -9999.0 95.3 95.5 100.7 108.7 118.5 -9999.0 -9999.0 -9999.0 -9999.0 -9999.0 -9999.0 -9999.0 -9999.0 170.4 117.3 79.9 41.5 17.4 7.9 7.1 13.1 23.6 32.0 35.7 30.7 34.1 34.0 38.1 37.4 40.3 48.8 58.2 58.3 54.9 60.3 77.0 91.4 101.1 110.8 105.7
-9999.0 -9999.0 -9999.0 -9999.0 -9999.0 -9999.0 -9999.0 -9999.0 -9999.0 -9999.0 -9999.0 -9999.0 -9999.0 -9999.0 -9999.0 -9999.0 -9999.0 -9999.0 -9999.0 -9999.0 -9999.0 -9999.0 -9999.0 -9999.0 -9999.0 -9999.0 -9999.0 -9999.0 -9999.0 -9999.0 -9999.0 -9999.0 -9999.0 -9999.0 -9999.0 -9999.0 -9999.0 -9999.0 -9999.0 -9999.0 -9999.0 -9999.0 -9999.0 -9999.0 -9999.0 -9999.0 -9999.0 -9999.0 -9999.0 -9999.0 -9999.0 -9999.0 187.3 134.2 92.2 62.7 23.8 10.6 8.7 14.3 20.2 25.1 48.3 31.6 38.9 36.5 36.4 44.5 53.7 61.8 65.3 61.6 66.1 64.4 79.2 112.4 123.6 142.8 142.4
-9999.0 -9999.0 -9999.0 -9999.0 -9999.0 -9999.0 -9999.0 -9999.0 -9999.0 -9999.0 -9999.0 -9999.0 -9999.0 -9999.0 -9999.0 -9999.0 -9999.0 -9999.0 -9999.0 -9999.0 -9999.0 -9999.0 -9999.0 -9999.0 -9999.0 -9999.0 -9999.0 -9999.0 -9999.0 -9999.0 -9999.0 -9999.0 -9999.0 -9999.0 -9999.0 -9999.0 -9999.0 -9999.0 -9999.0 -9999.0 -9999.0 -9999.0 -9999.0 -9999.0 -9999.0 -9999.0 -9999.0 -9999.0 -9999.0 -9999.0 -9999.0 170.3 173.6 144.0 94.7 63.0 34.8 25.0 16.3 11.1 25.9 27.7 25.5 34.4 44.5 47.2 42.9 36.8 61.0 67.7 72.1 70.3 73.3 92.0 106.7 139.2 143.3 178.1 141.3
-9999.0 -9999.0 -9999.0 -9999.0 -9999.0 -9999.0 -9999.0 -9999.0 -9999.0 -9999.0 -9999.0 -9999.0 -9999.0 -9999.0 -9999.0 -9999.0 -9999.0 -9999.0 -9999.0 -9999.0 -9999.0 -9999.0 -9999.0 -9999.0 -9999.0 -9999.0 -9999.0 -9999.0 -9999.0 -9999.0 -9999.0 -9999.0 -9999.0 -9999.0 -9999.0 -9999.0 -9999.0 -9999.0 -9999.0 -9999.0 -9999.0 -9999.0 -9999.0 -9999.0 -9999.0 -9999.0 -9999.0 -9999.0 -9999.0 -9999.0 125.2 166.8 166.8 147.0 107.2 82.2 53.6 33.5 26.9 28.2 25.9 31.2 30.8 42.7 55.4 56.5 59.5 44.8 61.0 62.0 73.4 80.7 91.6 99.9 113.1 128.2 179.6 133.1 142.0
-9999.0 -9999.0 -9999.0 -9999.0 -9999.0 -9999.0 -9999.0 -9999.0 -9999.0 -9999.0 -9999.0 -9999.0 -9999.0 -9999.0 -9999.0 -9999.0 -9999.0 -9999.0 -9999.0 -9999.0 -9999.0 -9999.0 -9999.0 -9999.0 -9999.0 -9999.0 -9999.0 -9999.0 -9999.0 -9999.0 -9999.0 -9999.0 -9999.0 -9999.0 -9999.0 -9999.0 -9999.0 -9999.0 -9999.0 -9999.0 -9999.0 -9999.0 -9999.0 -9999.0 -9999.0 -9999.0 -9999.0 -9999.0 -9999.0 -9999.0 102.4 166.1 119.8 139.9 122.5 98.5 64.9 60.6 45.3 33.0 28.3 31.4 35.0 49.1 63.1 46.7 49.6 38.6 49.1 59.5 74.7 87.0 97.9 110.3 123.3 134.7 125.7 125.0 104.8
-9999.0 -9999.0 -9999.0 -9999.0 -9999.0 -9999.0 -9999.0 -9999.0 -9999.0 -9999.0 -9999.0 -9999.0 -9999.0 -9999.0 -9999.0 -9999.0 -9999.0 -9999.0 -9999.0 -9999.0 -9999.0 -9999.0 -9999.0 -9999.0 -9999.0 -9999.0 -9999.0 -9999.0 -9999.0 -9999.0 -9999.0 -9999.0 -9999.0 -9999.0 -9999.0 -9999.0 -9999.0 -9999.0 -9999.0 -9999.0 -9999.0 -9999.0 -9999.0 -9999.0 -9999.0 -9999.0 -9999.0 -9999.0 -9999.0 -9999.0 80.8 102.6 90.0 139.3 108.5 97.2 91.0 69.1 56.3 38.6 37.0 41.0 45.8 48.5 59.7 56.5 45.3 42.2 49.2 63.7 76.1 81.1 94.7 96.9 108.3 101.9 85.5 81.1 68.2
-9999.0 -9999.0 -9999.0 -9999.0 -9999.0 -9999.0 -9999.0 -9999.0 -9999.0 -9999.0 -9999.0 -9999.0 -9999.0 -9999.0 -9999.0 -9999.0 -9999.0 -9999.0 -9999.0 -9999.0 -9999.0 -9999.0 -9999.0 -9999.0 -9999.0 -9999.0 -9999.0 -9999.0 -9999.0 -9999.0 -9999.0 -9999.0 -9999.0 -9999.0 -9999.0 -9999.0 -9999.0 -9999.0 -9999.0 -9999.0 -9999.0 -9999.0 -9999.0 -9999.0 -9999.0 -9999.0 -9999.0 -9999.0 -9999.0 -9999.0 93.6 112.6 98.2 103.1 95.4 92.8 61.2 64.4 57.4 48.6 47.5 48.4 40.5 50.1 56.2 56.4 59.8 55.1 62.2 62.7 69.4 73.3 77.5 82.7 91.0 77.9 63.0 57.4 47.3
-9999.0 -9999.0 -9999.0 -9999.0 -9999.0 -9999.0 -9999.0 -9999.0 -9999.0 -9999.0 -9999.0 -9999.0 -9999.0 -9999.0 -9999.0 -9999.0 -9999.0 -9999.0 -9999.0 -9999.0 -9999.0 -9999.0 -9999.0 -9999.0 -9999.0 -9999.0 -9999.0 -9999.0 -9999.0 -9999.0 -9999.0 -9999.0 -9999.0 -9999.0 -9999.0 -9999.0 -9999.0 -9999.0 -9999.0 -9999.0 -9999.0 -9999.0 -9999.0 -9999.0 -9999.0 -9999.0 -9999.0 -9999.0 -9999.0 -9999.0 -9999.0 -9999.0 -9999.0 60.7 54.2 50.4 49.4 51.4 42.5 51.1 66.1 48.0 69.2 53.7 49.9 49.0 58.5 56.1 64.0 63.6 59.6 60.7 66.6 75.5 79.8 72.1 55.5 47.8 42.7
-9999.0 -9999.0 -9999.0 -9999.0 -9999.0 -9999.0 -9999.0 -9999.0 -9999.0 -9999.0 -9999.0 -9999.0 -9999.0 -9999.0 -9999.0 -9999.0 -9999.0 -9999.0 -9999.0 -9999.0 -9999.0 -9999.0 -9999.0 -9999.0 -9999.0 -9999.0 -9999.0 -9999.0 -9999.0 -9999.0 -9999.0 -9999.0 -9999.0 -9999.0 -9999.0 -9999.0 -9999.0 -9999.0 -9999.0 -9999.0 -9999.0 -9999.0 -9999.0 -9999.0 -9999.0 -9999.0 -9999.0 -9999.0 -9999.0 -9999.0 -9999.0 -9999.0 -9999.0 36.6 27.5 43.8 27.0 24.2 36.5 57.3 55.5 57.2 72.0 60.5 55.4 53.5 60.5 64.1 66.5 62.6 56.6 59.4 66.1 76.6 81.8 67.4 54.8 36.6 29.2
-9999.0 -9999.0 -9999.0 -9999.0 -9999.0 -9999.0 -9999.0 -9999.0 -9999.0 -9999.0 -9999.0 -9999.0 -9999.0 -9999.0 -9999.0 -9999.0 -9999.0 -9999.0 -9999.0 -9999.0 -9999.0 -9999.0 -9999.0 -9999.0 -9999.0 -9999.0 -9999.0 -9999.0 -9999.0 -9999.0 -9999.0 -9999.0 -9999.0 -9999.0 -9999.0 -9999.0 -9999.0 -9999.0 -9999.0 -9999.0 -9999.0 -9999.0 -9999.0 -9999.0 -9999.0 -9999.0 -9999.0 -9999.0 -9999.0 -9999.0 -9999.0 -9999.0 -9999.0 21.1 10.2 19.0 18.2 17.2 27.8 40.7 59.0 66.8 76.9 74.0 74.7 -9999.0 -9999.0 -9999.0 71.1 68.3 63.3 65.0 76.4 88.5 83.3 61.9 48.2 29.6 12.1
-9999.0 -9999.0 -9999.0 -9999.0 -9999.0 -9999.0 -9999.0 -9999.0 -9999.0 -9999.0 -9999.0 -9999.0 -9999.0 -9999.0 -9999.0 -9999.0 -9999.0 -9999.0 -9999.0 -9999.0 -9999.0 -9999.0 -9999.0 -9999.0 -9999.0 -9999.0 -9999.0 -9999.0 -9999.0 -9999.0 -9999.0 -9999.0 -9999.0 -9999.0 -9999.0 -9999.0 -9999.0 -9999.0 -9999.0 -9999.0 -9999.0 -9999.0 -9999.0 -9999.0 -9999.0 -9999.0 -9999.0 -9999.0 -9999.0 -9999.0 -9999.0 -9999.0 -9999.0 -9999.0 9.9 9.9 6.6 8.1 24.5 44.1 47.2 -9999.0 -9999.0 -9999.0 -9999.0 -9999.0 -9999.0 -9999.0 74.2 68.6 61.3 66.8 78.1 81.6 69.8 52.4 34.2 21.7 13.0
-9999.0 -9999.0 -9999.0 -9999.0 -9999.0 -9999.0 -9999.0 -9999.0 -9999.0 -9999.0 -9999.0 -9999.0 -9999.0 -9999.0 -9999.0 -9999.0 -9999.0 -9999.0 -9999.0 -9999.0 -9999.0 -9999.0 -9999.0 -9999.0 -9999.0 -9999.0 -9999.0 -9999.0 -9999.0 -9999.0 -9999.0 -9999.0 -9999.0 -9999.0 -9999.0 -9999.0 -9999.0 -9999.0 -9999.0 -9999.0 -9999.0 -9999.0 -9999.0 -9999.0 -9999.0 -9999.0 -9999.0 -9999.0 -9999.0 -9999.0 -9999.0 -9999.0 -9999.0 -9999.0 -9999.0 4.8 15.1 11.2 16.1 33.3 46.0 -9999.0 -9999.0 -9999.0 -9999.0 -9999.0 -9999.0 -9999.0 -9999.0 -9999.0 55.7 -9999.0 -9999.0 -9999.0 -9999.0 -9999.0 21.5 -9999.0 -9999.0
-9999.0 -9999.0 -9999.0 -9999.0 -9999.0 -9999.0 -9999.0 -9999.0 -9999.0 -9999.0 -9999.0 -9999.0 -9999.0 -9999.0 -9999.0 -9999.0 -9999.0 -9999.0 -9999.0 -9999.0 -9999.0 -9999.0 -9999.0 -9999.0 -9999.0 -9999.0 -9999.0 -9999.0 -9999.0 -9999.0 -9999.0 -9999.0 -9999.0 -9999.0 -9999.0 -9999.0 -9999.0 -9999.0 -9999.0 -9999.0 -9999.0 -9999.0 -9999.0 -9999.0 -9999.0 -9999.0 -9999.0 -9999.0 -9999.0 -9999.0 -9999.0 -9999.0 -9999.0 -9999.0 -9999.0 -9999.0 -9999.0 -9999.0 17.3 24.8 -9999.0 -9999.0 -9999.0 -9999.0 -9999.0 -9999.0 -9999.0 -9999.0 -9999.0 -9999.0 -9999.0 -9999.0 -9999.0 -9999.0 -9999.0 17.5 13.6 -9999.0 -9999.0
-9999.0 -9999.0 -9999.0 -9999.0 -9999.0 -9999.0 -9999.0 -9999.0 -9999.0 -9999.0 -9999.0 -9999.0 -9999.0 -9999.0 -9999.0 -9999.0 -9999.0 -9999.0 -9999.0 -9999.0 -9999.0 -9999.0 -9999.0 -9999.0 -9999.0 -9999.0 -9999.0 -9999.0 -9999.0 -9999.0 -9999.0 -9999.0 -9999.0 -9999.0 -9999.0 -9999.0 -9999.0 -9999.0 -9999.0 -9999.0 -9999.0 -9999.0 -9999.0 -9999.0 -9999.0 -9999.0 -9999.0 -9999.0 -9999.0 -9999.0 -9999.0 -9999.0 -9999.0 -9999.0 -9999.0 -9999.0 -9999.0 -9999.0 -9999.0 -9999.0 -9999.0 -9999.0 -9999.0 -9999.0 -9999.0 -9999.0 -9999.0 -9999.0 -9999.0 -9999.0 -9999.0 -9999.0 -9999.0 -9999.0 -9999.0 -9999.0 -9999.0 -9999.0 -9999.0
-9999.0 -9999.0 -9999.0 -9999.0 -9999.0 -9999.0 -9999.0 -9999.0 -9999.0 -9999.0 -9999.0 -9999.0 -9999.0 -9999.0 -9999.0 -9999.0 -9999.0 -9999.0 -9999.0 -9999.0 -9999.0 -9999.0 -9999.0 -9999.0 -9999.0 -9999.0 -9999.0 -9999.0 -9999.0 -9999.0 -9999.0 -9999.0 -9999.0 -9999.0 -9999.0 -9999.0 -9999.0 -9999.0 -9999.0 -9999.0 -9999.0 -9999.0 -9999.0 -9999.0 -9999.0 -9999.0 -9999.0 -9999.0 -9999.0 -9999.0 -9999.0 -9999.0 -9999.0 -9999.0 -9999.0 -9999.0 -9999.0 -9999.0 -9999.0 -9999.0 -9999.0 -9999.0 -9999.0 -9999.0 -9999.0 -9999.0 -9999.0 -9999.0 -9999.0 -9999.0 -9999.0 -9999.0 -9999.0 -9999.0 -9999.0 5.4 7.1 7.3 -9999.0
-9999.0 -9999.0 -9999.0 -9999.0 -9999.0 -9999.0 -9999.0 -9999.0 -9999.0 -9999.0 -9999.0 -9999.0 -9999.0 -9999.0 -9999.0 -9999.0 -9999.0 -9999.0 -9999.0 -9999.0 -9999.0 -9999.0 -9999.0 -9999.0 -9999.0 -9999.0 -9999.0 -9999.0 -9999.0 -9999.0 -9999.0 -9999.0 -9999.0 -9999.0 -9999.0 -9999.0 -9999.0 -9999.0 -9999.0 -9999.0 -9999.0 -9999.0 -9999.0 -9999.0 -9999.0 -9999.0 -9999.0 -9999.0 -9999.0 -9999.0 -9999.0 -9999.0 -9999.0 -9999.0 -9999.0 -9999.0 -9999.0 -9999.0 -9999.0 -9999.0 -9999.0 -9999.0 -9999.0 -9999.0 -9999.0 -9999.0 -9999.0 -9999.0 -9999.0 -9999.0 -9999.0 -9999.0 -9999.0 1.4 1.2 2.9 4.2 -9999.0 -9999.0
