program/excelProcessViaJava/data/SURF_CLI_CHN_PRE_MON_GRID_0.5-200107.txt
NCOLS      128
NROWS       72
XLLCORNER    72.000000000000    
YLLCORNER    18.000000000000    
CELLSIZE    0.50000000000000    
NODATA_VALUE   -9999.000    
[rows 33 to 65 of 72, columns 0 to 74 of 128]
-9999.0 -9999.0 -9999.0 -9999.0 3.0 5.9 11.6 18.8 29.0 43.2 49.8 50.5 42.2 25.6 18.9 17.0 16.3 17.3 19.4 20.1 16.1 11.4 8.8 9.2 10.6 14.3 17.4 78.7 36.8 40.6 43.7 36.0 31.6 36.2 21.1 18.8 14.2 34.7 24.5 9.4 2.2 1.1 1.1 0.9 1.0 1.2 1.6 3.3 4.5 1.9 2.1 11.8 31.6 63.7 46.6 69.2 88.5 132.2 147.5 177.7 169.4 131.6 97.1 58.6 50.9 60.1 69.9 70.7 102.4 106.5 100.3 101.9 99.3 100.3 105.7
-9999.0 -9999.0 -9999.0 -9999.0 1.4 3.6 7.7 14.2 24.8 36.0 44.0 60.0 65.3 73.1 42.9 42.3 44.1 32.1 27.9 27.2 28.0 24.0 22.5 35.4 60.9 76.1 51.0 49.2 43.8 41.4 38.4 43.3 34.3 32.4 33.3 26.3 33.5 39.3 21.4 9.6 16.9 3.1 2.2 1.3 1.3 1.4 1.4 1.4 1.3 1.3 1.3 2.4 24.4 23.0 32.0 55.4 78.2 104.8 128.9 104.6 134.2 81.7 63.9 61.7 56.7 54.1 66.7 73.3 88.4 117.7 94.1 94.0 95.2 105.7 112.1
-9999.0 -9999.0 -9999.0 -9999.0 -9999.0 -9999.0 -9999.0 10.1 18.0 27.4 42.7 55.7 60.6 72.9 81.1 45.8 69.3 53.4 49.9 57.6 70.2 78.3 74.5 64.8 56.6 50.6 50.8 48.7 46.3 49.5 46.0 43.2 40.1 41.8 46.1 37.9 47.8 40.8 50.4 49.1 18.8 46.5 36.9 19.9 9.2 3.6 6.1 4.6 5.6 2.2 1.5 2.4 9.3 59.6 62.7 47.9 63.5 78.7 109.1 97.8 114.0 70.5 57.8 56.9 60.7 55.1 62.9 79.0 88.4 97.8 79.2 76.7 99.5 121.7 129.8
-9999.0 -9999.0 -9999.0 -9999.0 -9999.0 -9999.0 -9999.0 8.1 13.6 22.8 34.6 44.2 57.5 74.0 77.5 98.1 87.6 87.5 99.5 82.2 75.6 78.3 66.8 60.7 53.0 48.8 44.4 48.8 39.9 37.1 43.1 42.8 42.2 49.8 43.7 46.4 44.6 52.4 51.0 45.6 44.1 39.8 39.8 56.2 27.7 15.3 19.3 18.7 28.8 18.3 37.4 31.7 16.0 31.9 65.0 50.7 62.7 75.1 86.9 94.1 81.0 71.0 60.4 62.1 60.8 60.1 65.3 77.4 104.0 80.6 75.4 80.8 103.9 134.1 130.7
-9999.0 -9999.0 -9999.0 -9999.0 -9999.0 -9999.0 -9999.0 -9999.0 -9999.0 17.8 27.0 36.8 51.9 62.4 69.0 73.8 84.1 102.6 89.4 97.3 81.9 68.3 60.8 54.9 49.0 43.2 42.7 40.9 35.8 43.4 33.6 37.6 39.5 45.8 41.9 45.5 48.3 55.6 53.8 56.7 49.6 49.7 43.4 38.2 44.1 43.0 41.9 37.4 33.7 28.6 31.1 26.1 25.7 31.2 59.9 52.5 56.3 63.4 77.8 79.3 82.1 93.8 96.6 69.7 72.4 68.7 70.4 82.1 111.7 94.8 92.6 86.1 100.9 130.3 150.4
-9999.0 -9999.0 -9999.0 -9999.0 -9999.0 -9999.0 -9999.0 -9999.0 -9999.0 -9999.0 -9999.0 33.9 38.7 56.8 63.1 72.9 76.8 77.7 76.8 77.1 78.6 66.5 61.7 51.9 56.8 46.4 46.1 43.5 40.2 36.9 36.9 44.4 39.8 43.6 45.2 61.3 57.3 63.1 84.9 68.7 72.3 60.6 51.6 47.4 61.9 50.9 64.1 51.5 47.6 37.6 26.7 26.8 31.0 43.9 64.7 64.5 63.3 74.8 78.8 86.6 104.5 100.7 98.4 92.6 96.1 69.8 70.5 87.3 111.8 122.1 112.6 106.8 100.7 106.6 104.5
-9999.0 -9999.0 -9999.0 -9999.0 -9999.0 -9999.0 -9999.0 -9999.0 -9999.0 -9999.0 -9999.0 -9999.0 33.0 42.0 57.6 61.6 78.0 73.8 74.4 83.7 63.3 61.6 57.0 48.8 68.5 43.8 37.9 43.2 40.0 47.3 39.9 39.5 41.6 50.2 55.4 58.7 78.2 73.8 74.2 72.8 71.0 67.1 62.3 65.0 63.5 66.9 71.2 58.9 52.6 43.9 46.4 44.8 42.4 44.4 56.5 69.6 79.2 99.2 85.7 121.4 125.9 139.5 136.9 116.8 86.2 105.7 72.0 92.6 120.1 140.3 116.1 96.6 95.8 101.4 108.3
-9999.0 -9999.0 -9999.0 -9999.0 -9999.0 -9999.0 -9999.0 -9999.0 -9999.0 -9999.0 -9999.0 -9999.0 32.5 33.5 39.6 55.7 54.0 60.8 71.3 68.0 64.5 64.5 58.0 48.1 39.8 40.9 39.5 34.7 38.3 35.5 41.0 47.8 45.1 47.1 54.4 58.7 76.2 85.7 88.2 87.6 80.6 75.5 80.9 68.3 74.9 81.4 73.4 68.7 56.1 55.2 50.5 55.9 53.2 61.1 55.0 70.0 71.9 91.8 101.3 123.8 132.4 129.4 140.8 152.9 73.1 78.7 68.3 89.1 110.3 128.7 155.8 196.2 203.4 145.9 143.6
-9999.0 -9999.0 -9999.0 -9999.0 -9999.0 -9999.0 -9999.0 -9999.0 -9999.0 -9999.0 -9999.0 -9999.0 -9999.0 29.8 43.5 39.6 52.3 52.0 53.2 54.5 57.3 50.8 56.4 44.2 43.3 52.6 51.2 56.3 48.4 46.0 41.4 41.0 49.5 51.8 48.2 56.4 67.7 82.5 106.4 99.6 94.5 92.2 85.0 88.8 80.5 77.4 84.3 88.3 86.1 79.7 77.1 73.0 71.5 96.9 84.7 77.7 73.6 95.8 141.8 147.8 154.1 132.1 138.6 82.7 60.8 54.8 64.7 88.6 110.4 112.3 81.8 95.2 139.1 155.3 180.7
-9999.0 -9999.0 -9999.0 -9999.0 -9999.0 -9999.0 -9999.0 -9999.0 -9999.0 -9999.0 -9999.0 -9999.0 15.8 27.7 34.3 35.4 51.5 50.8 53.9 46.6 48.2 49.1 51.6 48.0 44.8 56.0 52.0 48.1 48.3 50.3 48.0 43.1 52.7 46.9 50.4 52.8 68.9 74.9 85.9 92.0 102.0 105.9 107.0 85.0 89.4 92.9 93.3 93.5 100.2 102.7 111.3 119.1 100.5 100.9 82.0 76.6 94.7 77.1 119.9 132.3 146.6 165.8 136.9 165.0 86.3 60.0 128.4 114.9 107.5 137.7 148.8 133.6 122.7 106.8 114.0
-9999.0 -9999.0 -9999.0 -9999.0 -9999.0 -9999.0 -9999.0 -9999.0 -9999.0 -9999.0 -9999.0 -9999.0 12.7 12.4 20.4 41.3 45.6 37.3 41.4 52.8 46.8 56.8 57.6 56.9 52.1 50.2 51.9 52.6 53.8 51.2 50.1 50.7 55.1 45.4 44.3 48.2 54.1 68.3 79.8 82.2 85.0 83.6 84.0 87.6 93.7 103.2 118.7 124.5 129.3 121.5 124.8 135.2 113.4 92.9 82.7 72.0 86.4 109.1 120.3 168.6 203.7 239.8 116.0 75.1 66.6 111.0 77.4 107.7 95.3 87.1 98.1 114.4 129.5 177.6 208.7
-9999.0 -9999.0 -9999.0 -9999.0 -9999.0 -9999.0 -9999.0 -9999.0 -9999.0 -9999.0 -9999.0 -9999.0 3.2 11.8 11.2 18.7 24.0 44.9 42.2 50.0 70.2 78.1 68.1 77.2 71.9 82.7 75.8 85.6 65.8 64.3 62.0 69.0 56.5 50.2 46.3 45.5 49.9 60.8 71.2 79.9 82.4 83.7 92.8 86.1 98.8 118.3 133.1 137.1 137.0 144.0 149.2 135.9 169.6 164.8 121.6 82.5 96.5 120.9 151.5 146.8 164.2 179.5 337.5 92.3 75.0 174.7 109.6 73.8 68.8 77.5 88.6 128.1 150.9 203.3 351.3
-9999.0 -9999.0 -9999.0 -9999.0 -9999.0 -9999.0 -9999.0 -9999.0 -9999.0 -9999.0 -9999.0 -9999.0 -9999.0 12.6 16.3 13.0 20.8 25.2 43.5 58.1 88.7 77.8 94.5 104.9 90.9 94.9 91.1 85.0 89.8 75.2 85.6 78.8 75.4 64.2 57.3 57.2 55.8 60.3 70.7 80.1 86.7 93.5 100.9 102.8 102.9 114.1 133.0 130.4 155.7 161.0 151.8 171.2 153.0 114.7 139.6 132.4 100.8 112.7 152.8 251.6 253.1 503.8 318.6 74.4 184.3 134.3 79.6 53.8 59.3 71.0 79.9 86.0 128.0 92.8 164.1
-9999.0 -9999.0 -9999.0 -9999.0 -9999.0 -9999.0 -9999.0 -9999.0 -9999.0 -9999.0 -9999.0 -9999.0 -9999.0 1.0 10.5 8.8 26.1 20.2 32.2 52.1 91.0 105.4 121.2 124.6 108.9 117.7 117.9 103.1 102.4 130.7 115.2 105.9 92.7 86.1 79.5 70.3 64.4 69.1 77.0 86.7 93.8 98.2 101.8 105.7 121.1 118.6 128.3 123.6 139.0 148.8 168.9 141.4 161.2 169.7 172.6 141.5 110.0 119.7 173.7 113.8 279.9 141.5 103.7 212.3 162.2 107.3 63.9 49.7 53.2 55.1 54.0 57.6 67.1 101.5 139.4
-9999.0 -9999.0 -9999.0 -9999.0 -9999.0 -9999.0 -9999.0 -9999.0 -9999.0 -9999.0 -9999.0 -9999.0 -9999.0 -9999.0 -9999.0 6.3 9.7 23.1 30.9 43.1 86.9 98.2 116.9 136.4 149.7 149.5 173.2 148.5 163.3 125.0 130.1 121.4 128.9 116.1 100.7 95.5 89.4 87.7 91.6 97.3 96.5 100.2 104.1 106.7 106.0 100.3 115.2 97.1 128.9 103.3 140.5 189.8 157.0 154.4 107.4 132.3 130.9 85.1 212.1 301.5 97.1 108.4 238.3 211.3 167.5 120.4 79.7 58.0 46.8 47.9 42.9 38.5 104.9 134.9 134.5
-9999.0 -9999.0 -9999.0 -9999.0 -9999.0 -9999.0 -9999.0 -9999.0 -9999.0 -9999.0 -9999.0 -9999.0 -9999.0 -9999.0 -9999.0 -9999.0 -9999.0 1.1 10.6 -9999.0 51.4 110.5 119.8 140.5 169.6 169.1 196.2 173.9 144.7 162.7 141.9 124.4 153.4 126.4 118.4 109.9 104.5 112.3 103.8 104.8 102.1 98.1 101.8 103.5 105.7 91.9 79.1 124.0 93.2 122.7 90.4 131.4 103.4 160.3 162.2 159.9 119.8 198.0 223.0 300.3 86.9 168.6 257.9 242.3 186.5 140.8 95.0 62.7 45.4 49.5 38.8 124.8 163.5 129.0 188.7
-9999.0 -9999.0 -9999.0 -9999.0 -9999.0 -9999.0 -9999.0 -9999.0 -9999.0 -9999.0 -9999.0 -9999.0 -9999.0 -9999.0 -9999.0 -9999.0 -9999.0 -9999.0 -9999.0 -9999.0 -9999.0 95.6 137.6 181.4 178.3 152.0 150.7 148.1 152.2 128.3 137.5 106.0 123.7 133.9 125.8 122.4 113.4 111.6 120.4 139.5 137.5 90.7 91.3 93.0 100.3 88.2 87.5 74.9 130.9 249.0 120.1 191.0 192.7 128.6 148.9 187.3 201.8 169.1 368.3 269.9 115.2 151.1 249.2 235.4 195.9 147.3 93.8 59.7 42.1 55.1 79.4 148.4 155.3 131.0 154.3
-9999.0 -9999.0 -9999.0 -9999.0 -9999.0 -9999.0 -9999.0 -9999.0 -9999.0 -9999.0 -9999.0 -9999.0 -9999.0 -9999.0 -9999.0 -9999.0 -9999.0 -9999.0 -9999.0 -9999.0 -9999.0 -9999.0 -9999.0 84.1 153.6 148.6 143.5 148.4 179.0 140.0 148.3 152.9 177.3 151.0 144.6 127.6 114.7 103.8 91.6 83.0 79.5 76.6 81.0 87.2 91.1 100.9 71.2 67.7 69.4 77.4 93.5 159.5 118.2 142.6 133.3 110.2 189.3 275.3 109.9 289.6 116.7 154.4 188.2 194.5 193.8 153.8 91.6 55.8 83.1 74.6 166.3 170.1 167.1 187.6 136.6
-9999.0 -9999.0 -9999.0 -9999.0 -9999.0 -9999.0 -9999.0 -9999.0 -9999.0 -9999.0 -9999.0 -9999.0 -9999.0 -9999.0 -9999.0 -9999.0 -9999.0 -9999.0 -9999.0 -9999.0 -9999.0 -9999.0 -9999.0 -9999.0 -9999.0 32.2 88.4 216.7 199.1 223.7 174.4 130.2 125.8 139.4 120.5 122.7 114.2 87.9 76.1 67.1 61.5 62.1 97.0 87.2 93.4 97.6 82.6 104.5 85.1 83.3 142.3 135.1 172.6 172.6 126.5 133.3 189.6 179.4 296.4 285.0 229.9 195.2 539.6 184.8 192.5 171.2 122.8 166.8 196.7 216.2 163.9 169.3 138.4 198.2 180.1
-9999.0 -9999.0 -9999.0 -9999.0 -9999.0 -9999.0 -9999.0 -9999.0 -9999.0 -9999.0 -9999.0 -9999.0 -9999.0 -9999.0 -9999.0 -9999.0 -9999.0 -9999.0 -9999.0 -9999.0 -9999.0 -9999.0 -9999.0 -9999.0 -9999.0 -9999.0 -9999.0 12.9 14.9 64.0 74.6 79.5 155.8 76.0 109.3 57.6 77.7 67.4 66.8 52.0 44.6 57.9 78.4 84.1 85.8 91.1 99.9 107.0 113.5 96.2 115.9 124.1 138.4 139.2 149.0 180.4 165.2 171.6 265.5 198.0 141.2 222.4 137.0 159.1 237.4 221.0 180.9 127.6 136.7 156.6 151.8 204.0 138.2 180.9 126.8
-9999.0 -9999.0 -9999.0 -9999.0 -9999.0 -9999.0 -9999.0 -9999.0 -9999.0 -9999.0 -9999.0 -9999.0 -9999.0 -9999.0 -9999.0 -9999.0 -9999.0 -9999.0 -9999.0 -9999.0 -9999.0 -9999.0 -9999.0 -9999.0 -9999.0 -9999.0 -9999.0 -9999.0 -9999.0 -9999.0 -9999.0 -9999.0 -9999.0 31.3 71.1 -9999.0 -9999.0 -9999.0 48.5 42.4 50.9 57.7 57.0 69.8 77.1 84.0 -9999.0 -9999.0 -9999.0 -9999.0 -9999.0 -9999.0 141.7 178.2 162.1 177.0 192.9 206.3 205.1 190.8 180.9 218.5 149.4 160.9 190.7 228.7 250.8 254.8 208.2 149.9 128.6 182.9 206.5 150.3 173.4
-9999.0 -9999.0 -9999.0 -9999.0 -9999.0 -9999.0 -9999.0 -9999.0 -9999.0 -9999.0 -9999.0 -9999.0 -9999.0 -9999.0 -9999.0 -9999.0 -9999.0 -9999.0 -9999.0 -9999.0 -9999.0 -9999.0 -9999.0 -9999.0 -9999.0 -9999.0 -9999.0 -9999.0 -9999.0 -9999.0 -9999.0 -9999.0 -9999.0 -9999.0 -9999.0 -9999.0 -9999.0 -9999.0 -9999.0 30.4 36.3 42.2 48.6 55.7 -9999.0 -9999.0 -9999.0 -9999.0 -9999.0 -9999.0 -9999.0 -9999.0 161.1 204.5 191.7 197.0 215.0 227.1 228.7 214.8 193.3 199.9 204.5 161.9 226.7 293.7 343.3 260.8 209.3 224.1 205.0 180.1 153.5 195.7 136.9
-9999.0 -9999.0 -9999.0 -9999.0 -9999.0 -9999.0 -9999.0 -9999.0 -9999.0 -9999.0 -9999.0 -9999.0 -9999.0 -9999.0 -9999.0 -9999.0 -9999.0 -9999.0 -9999.0 -9999.0 -9999.0 -9999.0 -9999.0 -9999.0 -9999.0 -9999.0 -9999.0 -9999.0 -9999.0 -9999.0 -9999.0 -9999.0 -9999.0 -9999.0 -9999.0 -9999.0 -9999.0 -9999.0 -9999.0 -9999.0 -9999.0 -9999.0 -9999.0 -9999.0 -9999.0 -9999.0 -9999.0 -9999.0 -9999.0 -9999.0 -9999.0 -9999.0 163.4 227.6 211.9 233.6 218.1 217.3 218.3 223.7 207.9 196.1 417.5 183.7 235.5 273.4 262.0 244.0 225.7 221.6 205.6 191.3 288.3 211.8 210.6
-9999.0 -9999.0 -9999.0 -9999.0 -9999.0 -9999.0 -9999.0 -9999.0 -9999.0 -9999.0 -9999.0 -9999.0 -9999.0 -9999.0 -9999.0 -9999.0 -9999.0 -9999.0 -9999.0 -9999.0 -9999.0 -9999.0 -9999.0 -9999.0 -9999.0 -9999.0 -9999.0 -9999.0 -9999.0 -9999.0 -9999.0 -9999.0 -9999.0 -9999.0 -9999.0 -9999.0 -9999.0 -9999.0 -9999.0 -9999.0 -9999.0 -9999.0 -9999.0 -9999.0 -9999.0 -9999.0 -9999.0 -9999.0 -9999.0 -9999.0 -9999.0 195.1 217.1 242.8 206.3 219.7 210.0 216.3 201.4 176.3 264.7 250.7 180.1 195.9 236.0 279.9 253.2 176.3 235.2 210.9 205.3 211.9 194.5 188.7 218.4
-9999.0 -9999.0 -9999.0 -9999.0 -9999.0 -9999.0 -9999.0 -9999.0 -9999.0 -9999.0 -9999.0 -9999.0 -9999.0 -9999.0 -9999.0 -9999.0 -9999.0 -9999.0 -9999.0 -9999.0 -9999.0 -9999.0 -9999.0 -9999.0 -9999.0 -9999.0 -9999.0 -9999.0 -9999.0 -9999.0 -9999.0 -9999.0 -9999.0 -9999.0 -9999.0 -9999.0 -9999.0 -9999.0 -9999.0 -9999.0 -9999.0 -9999.0 -9999.0 -9999.0 -9999.0 -9999.0 -9999.0 -9999.0 -9999.0 -9999.0 171.6 252.8 272.1 271.8 243.0 232.7 196.3 174.0 187.0 242.2 233.9 269.7 195.5 215.6 246.4 282.0 315.4 254.8 293.9 241.0 258.2 233.0 232.7 267.2 297.7
-9999.0 -9999.0 -9999.0 -9999.0 -9999.0 -9999.0 -9999.0 -9999.0 -9999.0 -9999.0 -9999.0 -9999.0 -9999.0 -9999.0 -9999.0 -9999.0 -9999.0 -9999.0 -9999.0 -9999.0 -9999.0 -9999.0 -9999.0 -9999.0 -9999.0 -9999.0 -9999.0 -9999.0 -9999.0 -9999.0 -9999.0 -9999.0 -9999.0 -9999.0 -9999.0 -9999.0 -9999.0 -9999.0 -9999.0 -9999.0 -9999.0 -9999.0 -9999.0 -9999.0 -9999.0 -9999.0 -9999.0 -9999.0 -9999.0 -9999.0 178.8 294.4 325.8 322.2 290.6 244.3 185.6 220.6 232.1 214.6 193.8 209.5 173.3 200.2 250.0 242.4 290.8 268.4 307.7 300.3 327.6 327.8 307.1 271.3 240.9
-9999.0 -9999.0 -9999.0 -9999.0 -9999.0 -9999.0 -9999.0 -9999.0 -9999.0 -9999.0 -9999.0 -9999.0 -9999.0 -9999.0 -9999.0 -9999.0 -9999.0 -9999.0 -9999.0 -9999.0 -9999.0 -9999.0 -9999.0 -9999.0 -9999.0 -9999.0 -9999.0 -9999.0 -9999.0 -9999.0 -9999.0 -9999.0 -9999.0 -9999.0 -9999.0 -9999.0 -9999.0 -9999.0 -9999.0 -9999.0 -9999.0 -9999.0 -9999.0 -9999.0 -9999.0 -9999.0 -9999.0 -9999.0 -9999.0 -9999.0 164.9 271.8 324.4 361.1 329.4 259.6 278.6 227.7 256.8 153.8 200.4 223.3 202.5 185.5 242.9 276.2 287.9 301.6 325.2 417.4 396.7 472.0 333.1 332.8 228.0
-9999.0 -9999.0 -9999.0 -9999.0 -9999.0 -9999.0 -9999.0 -9999.0 -9999.0 -9999.0 -9999.0 -9999.0 -9999.0 -9999.0 -9999.0 -9999.0 -9999.0 -9999.0 -9999.0 -9999.0 -9999.0 -9999.0 -9999.0 -9999.0 -9999.0 -9999.0 -9999.0 -9999.0 -9999.0 -9999.0 -9999.0 -9999.0 -9999.0 -9999.0 -9999.0 -9999.0 -9999.0 -9999.0 -9999.0 -9999.0 -9999.0 -9999.0 -9999.0 -9999.0 -9999.0 -9999.0 -9999.0 -9999.0 -9999.0 -9999.0 198.5 303.6 357.7 389.8 356.6 323.0 234.9 255.5 244.4 149.1 218.7 209.3 145.7 203.5 267.4 318.1 386.5 398.7 468.7 332.1 423.7 413.4 381.3 348.7 249.7
-9999.0 -9999.0 -9999.0 -9999.0 -9999.0 -9999.0 -9999.0 -9999.0 -9999.0 -9999.0 -9999.0 -9999.0 -9999.0 -9999.0 -9999.0 -9999.0 -9999.0 -9999.0 -9999.0 -9999.0 -9999.0 -9999.0 -9999.0 -9999.0 -9999.0 -9999.0 -9999.0 -9999.0 -9999.0 -9999.0 -9999.0 -9999.0 -9999.0 -9999.0 -9999.0 -9999.0 -9999.0 -9999.0 -9999.0 -9999.0 -9999.0 -9999.0 -9999.0 -9999.0 -9999.0 -9999.0 -9999.0 -9999.0 -9999.0 -9999.0 -9999.0 -9999.0 -9999.0 373.1 365.6 334.2 317.7 327.3 215.0 200.4 423.3 186.6 319.6 266.0 307.0 348.3 441.2 384.8 458.9 456.5 427.2 403.5 370.0 336.3 319.4
-9999.0 -9999.0 -9999.0 -9999.0 -9999.0 -9999.0 -9999.0 -9999.0 -9999.0 -9999.0 -9999.0 -9999.0 -9999.0 -9999.0 -9999.0 -9999.0 -9999.0 -9999.0 -9999.0 -9999.0 -9999.0 -9999.0 -9999.0 -9999.0 -9999.0 -9999.0 -9999.0 -9999.0 -9999.0 -9999.0 -9999.0 -9999.0 -9999.0 -9999.0 -9999.0 -9999.0 -9999.0 -9999.0 -9999.0 -9999.0 -9999.0 -9999.0 -9999.0 -9999.0 -9999.0 -9999.0 -9999.0 -9999.0 -9999.0 -9999.0 -9999.0 -9999.0 -9999.0 363.5 375.0 420.6 374.8 343.9 356.6 457.9 335.2 273.9 416.9 335.7 361.0 378.1 320.8 470.9 370.9 394.4 411.1 450.7 467.1 451.5 422.9
-9999.0 -9999.0 -9999.0 -9999.0 -9999.0 -9999.0 -9999.0 -9999.0 -9999.0 -9999.0 -9999.0 -9999.0 -9999.0 -9999.0 -9999.0 -9999.0 -9999.0 -9999.0 -9999.0 -9999.0 -9999.0 -9999.0 -9999.0 -9999.0 -9999.0 -9999.0 -9999.0 -9999.0 -9999.0 -9999.0 -9999.0 -9999.0 -9999.0 -9999.0 -9999.0 -9999.0 -9999.0 -9999.0 -9999.0 -9999.0 -9999.0 -9999.0 -9999.0 -9999.0 -9999.0 -9999.0 -9999.0 -9999.0 -9999.0 -9999.0 -9999.0 -9999.0 -9999.0 354.8 358.7 418.2 418.7 402.9 422.9 408.8 479.7 450.9 540.4 542.7 396.3 -9999.0 -9999.0 -9999.0 415.4 391.7 497.7 637.3 700.8 663.1 588.4
-9999.0 -9999.0 -9999.0 -9999.0 -9999.0 -9999.0 -9999.0 -9999.0 -9999.0 -9999.0 -9999.0 -9999.0 -9999.0 -9999.0 -9999.0 -9999.0 -9999.0 -9999.0 -9999.0 -9999.0 -9999.0 -9999.0 -9999.0 -9999.0 -9999.0 -9999.0 -9999.0 -9999.0 -9999.0 -9999.0 -9999.0 -9999.0 -9999.0 -9999.0 -9999.0 -9999.0 -9999.0 -9999.0 -9999.0 -9999.0 -9999.0 -9999.0 -9999.0 -9999.0 -9999.0 -9999.0 -9999.0 -9999.0 -9999.0 -9999.0 -9999.0 -9999.0 -9999.0 -9999.0 374.6 397.9 370.7 362.3 448.5 532.5 386.5 -9999.0 -9999.0 -9999.0 -9999.0 -9999.0 -9999.0 -9999.0 397.1 493.3 689.6 826.2 901.3 839.6 707.1
-9999.0 -9999.0 -9999.0 -9999.0 -9999.0 -9999.0 -9999.0 -9999.0 -9999.0 -9999.0 -9999.0 -9999.0 -9999.0 -9999.0 -9999.0 -9999.0 -9999.0 -9999.0 -9999.0 -9999.0 -9999.0 -9999.0 -9999.0 -9999.0 -9999.0 -9999.0 -9999.0 -9999.0 -9999.0 -9999.0 -9999.0 -9999.0 -9999.0 -9999.0 -9999.0 -9999.0 -9999.0 -9999.0 -9999.0 -9999.0 -9999.0 -9999.0 -9999.0 -9999.0 -9999.0 -9999.0 -9999.0 -9999.0 -9999.0 -9999.0 -9999.0 -9999.0 -9999.0 -9999.0 -9999.0 352.7 440.6 389.1 371.5 442.3 439.7 -9999.0 -9999.0 -9999.0 -9999.0 -9999.0 -9999.0 -9999.0 -9999.0 -9999.0 728.5 -9999.0 -9999.0 -9999.0 -9999.0
