program/excelProcessViaJava/data/SURF_CLI_CHN_PRE_MON_GRID_0.5-198109.txt
NCOLS      128
NROWS       72
XLLCORNER    72.000000000000    
YLLCORNER    18.000000000000    
CELLSIZE    0.50000000000000    
NODATA_VALUE   -9999.000    
[rows 34 to 67 of 72, columns 0 to 75 of 128]
-9999.0 -9999.0 -9999.0 -9999.0 0.5 0.8 0.5 1.2 1.1 1.7 2.1 3.3 3.1 3.8 1.1 1.1 1.3 0.9 0.7 0.7 0.8 1.0 1.7 7.2 29.1 50.6 32.2 34.8 32.2 31.6 29.3 35.1 25.1 22.8 24.0 17.3 26.9 37.8 20.3 10.2 27.7 6.4 6.3 3.6 3.2 2.9 2.8 3.2 4.5 9.9 18.1 32.8 82.1 67.3 64.6 71.7 73.0 73.9 78.0 76.8 82.1 58.2 41.5 32.7 25.0 24.1 30.3 30.9 36.9 52.0 50.9 59.9 70.6 82.8 89.4 83.3
-9999.0 -9999.0 -9999.0 -9999.0 -9999.0 -9999.0 -9999.0 0.6 0.6 0.8 1.8 2.8 2.0 3.4 4.5 0.8 2.5 1.3 1.2 2.9 10.7 23.1 29.5 30.5 31.8 33.5 40.1 42.9 43.6 49.7 46.1 42.2 37.1 37.7 41.5 30.4 42.8 36.0 54.3 61.9 26.1 88.8 87.3 58.2 29.2 8.7 18.0 13.5 24.1 14.3 18.6 33.7 59.5 126.8 106.4 67.8 65.8 66.6 79.1 77.4 84.1 61.1 45.5 40.4 42.4 37.0 42.3 48.9 53.7 65.8 69.5 81.1 100.3 113.8 114.7 102.5
-9999.0 -9999.0 -9999.0 -9999.0 -9999.0 -9999.0 -9999.0 0.4 0.5 0.6 0.9 1.0 1.9 4.9 4.0 12.8 7.0 8.5 19.6 13.8 16.5 27.9 28.4 33.3 35.5 39.6 41.5 52.3 44.6 42.5 50.8 49.1 45.8 52.9 40.7 40.6 35.8 45.0 45.8 45.3 55.1 64.6 82.5 134.5 77.9 42.7 60.4 66.0 115.2 90.6 150.4 130.6 83.1 99.8 126.0 83.1 79.6 82.6 88.1 90.6 87.1 83.2 67.2 67.5 64.0 64.1 66.7 71.6 90.1 91.0 103.3 119.2 137.6 147.5 142.3 126.1
-9999.0 -9999.0 -9999.0 -9999.0 -9999.0 -9999.0 -9999.0 -9999.0 -9999.0 0.4 0.5 0.6 1.5 2.2 2.5 3.1 7.1 21.2 15.7 29.0 25.5 24.5 28.9 34.3 38.7 41.2 47.9 50.9 47.3 59.4 44.8 48.5 47.8 51.9 40.5 39.1 37.0 41.9 38.8 46.3 47.2 64.0 73.0 78.6 105.6 113.5 120.6 119.5 124.3 124.2 139.2 124.3 113.6 110.4 137.1 111.8 102.7 104.0 109.9 105.4 104.6 108.3 108.7 90.3 93.9 93.0 93.0 99.5 126.4 130.9 147.7 159.3 173.6 178.9 170.1 151.4
-9999.0 -9999.0 -9999.0 -9999.0 -9999.0 -9999.0 -9999.0 -9999.0 -9999.0 -9999.0 -9999.0 0.7 0.5 2.1 2.1 4.3 5.8 7.8 10.8 17.2 27.4 28.1 35.7 37.8 54.5 52.4 59.7 61.8 60.4 56.8 56.1 65.0 53.7 53.2 47.6 61.2 45.6 44.8 69.7 46.7 59.4 59.6 67.2 78.9 125.3 112.9 157.6 138.5 148.1 140.7 122.5 124.7 127.5 139.8 157.2 153.6 149.1 149.1 140.0 134.6 135.9 130.6 125.3 114.4 113.5 102.9 97.6 118.0 147.4 173.6 186.9 194.6 194.6 194.4 196.6 170.5
-9999.0 -9999.0 -9999.0 -9999.0 -9999.0 -9999.0 -9999.0 -9999.0 -9999.0 -9999.0 -9999.0 -9999.0 0.4 0.6 2.1 2.3 9.3 8.4 12.5 26.0 19.5 28.5 36.4 40.4 72.0 55.2 54.7 66.2 64.6 75.9 64.7 61.8 60.8 67.7 66.4 59.5 74.8 54.3 45.3 40.5 42.6 52.2 67.3 93.3 108.3 126.1 143.9 124.3 131.9 135.8 153.9 149.7 140.6 142.7 160.6 177.5 185.2 186.4 173.9 175.6 169.2 163.4 152.3 133.2 112.1 125.7 110.0 133.6 170.2 210.3 209.4 191.5 188.5 187.9 174.6 200.3
-9999.0 -9999.0 -9999.0 -9999.0 -9999.0 -9999.0 -9999.0 -9999.0 -9999.0 -9999.0 -9999.0 -9999.0 0.8 0.4 0.6 2.4 2.1 5.2 13.8 17.8 23.9 34.7 41.2 44.0 45.8 55.3 59.4 56.6 62.9 59.4 66.8 75.3 68.7 66.6 69.4 63.5 74.3 71.2 60.2 53.0 48.4 56.3 83.4 88.8 113.7 133.0 119.8 114.5 105.0 127.2 131.3 140.7 137.4 153.2 165.1 186.4 196.3 200.9 204.7 204.9 197.0 180.6 164.5 152.5 114.4 118.5 101.7 134.2 180.5 236.7 269.3 286.0 277.1 196.1 171.5 142.5
-9999.0 -9999.0 -9999.0 -9999.0 -9999.0 -9999.0 -9999.0 -9999.0 -9999.0 -9999.0 -9999.0 -9999.0 -9999.0 0.6 1.9 0.9 3.3 4.5 7.5 12.8 21.8 26.8 41.9 42.8 51.4 66.9 70.2 77.8 70.8 68.6 63.0 62.4 73.9 75.1 63.8 65.7 67.3 70.7 93.1 70.7 65.9 75.8 86.7 109.9 112.7 110.9 116.4 120.1 122.4 123.7 127.5 124.2 129.0 160.1 164.8 175.8 186.5 196.9 205.2 214.1 210.2 192.5 168.9 131.7 108.1 111.0 128.6 174.6 243.0 284.8 239.2 225.6 223.6 197.8 188.8 143.5
-9999.0 -9999.0 -9999.0 -9999.0 -9999.0 -9999.0 -9999.0 -9999.0 -9999.0 -9999.0 -9999.0 -9999.0 0.5 1.2 1.6 1.4 5.7 6.5 10.5 11.9 18.8 27.6 38.9 46.2 51.9 65.5 64.7 61.6 61.0 63.0 61.5 57.3 71.9 65.4 68.8 65.6 76.5 67.1 65.7 65.1 80.3 95.1 110.2 104.2 114.0 113.5 103.0 92.0 96.7 103.7 118.4 130.3 120.6 134.4 138.8 149.4 164.5 184.8 197.8 216.2 212.5 196.0 169.1 154.8 123.3 121.5 183.0 252.7 292.4 311.7 327.4 296.8 242.7 205.8 178.9 147.8
-9999.0 -9999.0 -9999.0 -9999.0 -9999.0 -9999.0 -9999.0 -9999.0 -9999.0 -9999.0 -9999.0 -9999.0 0.8 0.6 0.9 5.7 6.8 5.1 8.6 17.1 20.3 32.6 41.7 49.8 53.6 55.3 55.8 54.0 52.6 49.6 49.3 52.7 62.6 55.2 56.4 60.5 59.8 65.0 63.9 57.5 61.9 72.7 89.9 104.1 108.0 103.5 101.7 91.7 87.8 78.8 87.5 104.5 100.1 102.7 110.1 116.9 133.1 154.1 179.5 194.2 201.3 198.9 166.1 133.3 119.5 134.7 171.6 289.5 327.7 321.9 311.3 294.5 263.3 231.7 187.5 136.9
-9999.0 -9999.0 -9999.0 -9999.0 -9999.0 -9999.0 -9999.0 -9999.0 -9999.0 -9999.0 -9999.0 -9999.0 0.8 1.3 1.2 2.1 3.6 11.0 11.9 18.4 32.8 42.9 44.8 55.3 57.3 62.8 57.4 59.2 45.1 42.3 41.6 51.1 46.4 46.5 48.5 51.6 54.0 57.3 55.3 55.7 57.0 73.0 88.2 107.3 100.0 95.8 90.1 72.6 61.4 66.6 75.1 75.8 112.0 119.1 103.0 91.0 108.1 130.8 154.9 175.7 188.0 185.1 194.0 132.7 101.1 181.5 243.3 280.7 284.9 276.2 261.4 271.1 247.8 217.3 240.7 137.7
-9999.0 -9999.0 -9999.0 -9999.0 -9999.0 -9999.0 -9999.0 -9999.0 -9999.0 -9999.0 -9999.0 -9999.0 -9999.0 4.7 4.8 3.5 5.9 8.4 16.3 25.1 44.1 41.8 53.7 61.6 57.8 57.4 51.5 43.6 40.1 31.7 36.2 36.5 41.6 41.2 44.2 53.1 53.5 51.1 52.0 50.4 55.3 70.1 83.5 90.6 91.6 78.0 71.0 52.3 62.0 61.7 57.3 78.0 76.5 66.9 90.5 94.8 84.0 103.0 131.9 167.4 175.4 223.1 176.9 101.1 112.0 197.8 253.6 254.3 241.9 223.6 214.0 194.1 189.8 134.9 126.5 93.2
-9999.0 -9999.0 -9999.0 -9999.0 -9999.0 -9999.0 -9999.0 -9999.0 -9999.0 -9999.0 -9999.0 -9999.0 -9999.0 5.0 7.0 6.2 13.2 12.0 17.9 27.6 47.5 55.5 63.8 64.9 59.5 57.1 50.0 38.3 30.5 38.2 30.9 30.5 30.3 35.4 42.8 45.3 43.8 47.4 50.5 58.8 54.7 64.2 74.8 80.1 82.6 69.7 60.6 49.0 46.8 47.0 57.8 45.4 64.9 79.7 90.0 81.7 72.9 89.0 120.4 114.3 162.2 128.6 84.9 74.4 119.9 186.4 216.9 205.7 179.0 167.9 155.8 139.3 116.3 101.1 87.2 80.9
-9999.0 -9999.0 -9999.0 -9999.0 -9999.0 -9999.0 -9999.0 -9999.0 -9999.0 -9999.0 -9999.0 -9999.0 -9999.0 -9999.0 -9999.0 11.5 14.2 20.5 25.8 33.5 51.2 56.7 64.2 69.3 69.3 62.2 61.5 41.4 39.5 19.8 19.6 18.9 30.6 33.6 33.8 46.2 51.5 41.3 45.6 47.5 52.6 58.2 63.7 67.7 73.6 71.5 52.6 49.9 42.1 30.5 37.6 66.7 51.1 56.3 36.7 62.1 72.4 66.9 121.0 151.2 98.6 91.8 106.4 100.0 123.0 160.0 169.0 147.5 117.6 103.2 100.8 92.6 97.3 82.3 60.0 78.4
-9999.0 -9999.0 -9999.0 -9999.0 -9999.0 -9999.0 -9999.0 -9999.0 -9999.0 -9999.0 -9999.0 -9999.0 -9999.0 -9999.0 -9999.0 -9999.0 -9999.0 83.4 47.1 -9999.0 61.2 72.4 78.6 82.2 80.6 71.0 66.7 44.7 25.6 21.7 12.8 10.4 26.8 19.9 22.9 30.1 46.6 32.3 38.4 40.7 43.7 49.6 51.7 55.2 97.8 67.5 130.1 46.6 34.8 34.2 22.1 31.3 22.5 47.8 53.9 60.3 55.6 96.3 118.3 147.2 79.8 97.0 107.2 103.1 105.3 117.6 116.9 90.2 65.8 59.2 58.8 78.7 82.3 57.0 58.4 71.4
-9999.0 -9999.0 -9999.0 -9999.0 -9999.0 -9999.0 -9999.0 -9999.0 -9999.0 -9999.0 -9999.0 -9999.0 -9999.0 -9999.0 -9999.0 -9999.0 -9999.0 -9999.0 -9999.0 -9999.0 -9999.0 94.8 101.7 107.7 99.5 91.3 71.8 49.6 30.0 15.6 9.6 9.1 12.4 18.2 21.3 26.6 27.5 28.2 29.3 39.2 47.5 38.9 41.4 42.2 83.7 45.1 150.7 45.4 44.9 118.5 29.7 59.8 57.5 23.2 34.7 58.0 72.5 82.1 144.7 147.1 91.4 85.5 91.5 83.4 88.8 93.5 86.9 62.2 43.3 39.5 50.7 68.0 68.2 53.1 55.3 61.4
-9999.0 -9999.0 -9999.0 -9999.0 -9999.0 -9999.0 -9999.0 -9999.0 -9999.0 -9999.0 -9999.0 -9999.0 -9999.0 -9999.0 -9999.0 -9999.0 -9999.0 -9999.0 -9999.0 -9999.0 -9999.0 -9999.0 -9999.0 173.3 135.3 123.2 100.7 70.9 46.7 24.7 15.5 15.0 29.6 25.7 33.7 33.8 37.7 27.9 30.9 30.6 28.2 32.2 30.6 39.1 74.4 179.4 74.8 53.8 53.6 43.8 24.0 43.5 20.5 26.3 21.8 24.0 59.5 100.8 135.9 152.9 119.0 102.7 87.8 78.3 80.3 86.6 78.1 56.5 45.2 44.3 66.3 77.1 78.2 81.1 72.3 68.0
-9999.0 -9999.0 -9999.0 -9999.0 -9999.0 -9999.0 -9999.0 -9999.0 -9999.0 -9999.0 -9999.0 -9999.0 -9999.0 -9999.0 -9999.0 -9999.0 -9999.0 -9999.0 -9999.0 -9999.0 -9999.0 -9999.0 -9999.0 -9999.0 -9999.0 267.9 170.4 108.9 78.3 73.7 37.9 27.0 29.2 35.3 35.8 44.5 57.1 32.1 34.4 24.6 28.9 23.4 83.7 70.1 151.7 181.4 118.9 151.8 36.8 39.4 44.9 35.1 45.4 39.8 22.9 32.7 59.9 91.2 126.4 149.2 147.3 123.4 169.4 103.8 98.9 95.2 77.7 70.9 71.7 74.6 78.0 89.2 82.9 101.6 98.1 68.6
-9999.0 -9999.0 -9999.0 -9999.0 -9999.0 -9999.0 -9999.0 -9999.0 -9999.0 -9999.0 -9999.0 -9999.0 -9999.0 -9999.0 -9999.0 -9999.0 -9999.0 -9999.0 -9999.0 -9999.0 -9999.0 -9999.0 -9999.0 -9999.0 -9999.0 -9999.0 -9999.0 327.5 284.5 119.1 84.5 69.2 62.2 66.7 56.4 98.1 44.5 38.4 48.3 28.8 25.5 36.2 103.1 175.5 177.6 184.6 181.0 157.1 128.7 61.9 68.3 58.1 38.0 36.0 36.7 48.3 72.4 110.3 121.1 135.6 159.3 123.6 115.5 110.0 128.7 119.3 95.8 75.9 72.2 76.3 81.9 98.5 81.2 98.5 80.0 55.2
-9999.0 -9999.0 -9999.0 -9999.0 -9999.0 -9999.0 -9999.0 -9999.0 -9999.0 -9999.0 -9999.0 -9999.0 -9999.0 -9999.0 -9999.0 -9999.0 -9999.0 -9999.0 -9999.0 -9999.0 -9999.0 -9999.0 -9999.0 -9999.0 -9999.0 -9999.0 -9999.0 -9999.0 -9999.0 -9999.0 -9999.0 -9999.0 -9999.0 167.2 87.7 -9999.0 -9999.0 -9999.0 124.4 55.5 87.0 122.5 97.2 208.4 223.8 202.7 -9999.0 -9999.0 -9999.0 -9999.0 -9999.0 -9999.0 55.3 57.3 58.9 68.2 82.8 116.9 122.5 143.3 133.4 112.5 107.6 117.4 140.8 154.9 152.8 141.7 111.6 89.1 81.6 92.0 89.9 71.8 77.5 48.9
-9999.0 -9999.0 -9999.0 -9999.0 -9999.0 -9999.0 -9999.0 -9999.0 -9999.0 -9999.0 -9999.0 -9999.0 -9999.0 -9999.0 -9999.0 -9999.0 -9999.0 -9999.0 -9999.0 -9999.0 -9999.0 -9999.0 -9999.0 -9999.0 -9999.0 -9999.0 -9999.0 -9999.0 -9999.0 -9999.0 -9999.0 -9999.0 -9999.0 -9999.0 -9999.0 -9999.0 -9999.0 -9999.0 -9999.0 317.2 295.8 285.2 273.4 256.0 -9999.0 -9999.0 -9999.0 -9999.0 -9999.0 -9999.0 -9999.0 -9999.0 72.7 80.9 76.7 79.5 89.6 112.0 137.3 152.4 142.9 104.0 92.8 107.3 158.0 207.8 224.5 153.7 121.3 138.2 126.3 88.7 60.6 67.3 54.7 55.1
-9999.0 -9999.0 -9999.0 -9999.0 -9999.0 -9999.0 -9999.0 -9999.0 -9999.0 -9999.0 -9999.0 -9999.0 -9999.0 -9999.0 -9999.0 -9999.0 -9999.0 -9999.0 -9999.0 -9999.0 -9999.0 -9999.0 -9999.0 -9999.0 -9999.0 -9999.0 -9999.0 -9999.0 -9999.0 -9999.0 -9999.0 -9999.0 -9999.0 -9999.0 -9999.0 -9999.0 -9999.0 -9999.0 -9999.0 -9999.0 -9999.0 -9999.0 -9999.0 -9999.0 -9999.0 -9999.0 -9999.0 -9999.0 -9999.0 -9999.0 -9999.0 -9999.0 61.3 105.7 95.4 98.6 90.2 104.0 125.4 141.4 140.7 110.2 170.2 102.2 158.3 198.2 164.6 134.9 123.3 138.3 130.4 92.1 102.5 65.0 68.7 67.6
-9999.0 -9999.0 -9999.0 -9999.0 -9999.0 -9999.0 -9999.0 -9999.0 -9999.0 -9999.0 -9999.0 -9999.0 -9999.0 -9999.0 -9999.0 -9999.0 -9999.0 -9999.0 -9999.0 -9999.0 -9999.0 -9999.0 -9999.0 -9999.0 -9999.0 -9999.0 -9999.0 -9999.0 -9999.0 -9999.0 -9999.0 -9999.0 -9999.0 -9999.0 -9999.0 -9999.0 -9999.0 -9999.0 -9999.0 -9999.0 -9999.0 -9999.0 -9999.0 -9999.0 -9999.0 -9999.0 -9999.0 -9999.0 -9999.0 -9999.0 -9999.0 91.6 102.8 123.4 81.4 91.3 89.6 108.7 119.6 112.1 151.0 135.1 97.4 107.5 152.0 187.7 142.5 97.1 130.0 132.1 126.4 104.8 78.9 72.3 80.5 88.0
-9999.0 -9999.0 -9999.0 -9999.0 -9999.0 -9999.0 -9999.0 -9999.0 -9999.0 -9999.0 -9999.0 -9999.0 -9999.0 -9999.0 -9999.0 -9999.0 -9999.0 -9999.0 -9999.0 -9999.0 -9999.0 -9999.0 -9999.0 -9999.0 -9999.0 -9999.0 -9999.0 -9999.0 -9999.0 -9999.0 -9999.0 -9999.0 -9999.0 -9999.0 -9999.0 -9999.0 -9999.0 -9999.0 -9999.0 -9999.0 -9999.0 -9999.0 -9999.0 -9999.0 -9999.0 -9999.0 -9999.0 -9999.0 -9999.0 -9999.0 122.9 132.9 133.1 131.3 96.1 97.4 81.4 83.3 108.8 145.0 147.2 163.7 107.2 112.1 137.9 155.5 170.9 136.5 176.8 155.0 148.7 119.5 99.1 88.9 94.1 107.4
-9999.0 -9999.0 -9999.0 -9999.0 -9999.0 -9999.0 -9999.0 -9999.0 -9999.0 -9999.0 -9999.0 -9999.0 -9999.0 -9999.0 -9999.0 -9999.0 -9999.0 -9999.0 -9999.0 -9999.0 -9999.0 -9999.0 -9999.0 -9999.0 -9999.0 -9999.0 -9999.0 -9999.0 -9999.0 -9999.0 -9999.0 -9999.0 -9999.0 -9999.0 -9999.0 -9999.0 -9999.0 -9999.0 -9999.0 -9999.0 -9999.0 -9999.0 -9999.0 -9999.0 -9999.0 -9999.0 -9999.0 -9999.0 -9999.0 -9999.0 153.3 178.7 121.3 129.6 119.0 95.0 63.3 112.9 125.1 121.0 113.2 121.1 77.8 86.8 115.0 83.7 119.6 121.6 167.6 147.8 137.6 121.3 105.4 88.5 85.4 91.3
-9999.0 -9999.0 -9999.0 -9999.0 -9999.0 -9999.0 -9999.0 -9999.0 -9999.0 -9999.0 -9999.0 -9999.0 -9999.0 -9999.0 -9999.0 -9999.0 -9999.0 -9999.0 -9999.0 -9999.0 -9999.0 -9999.0 -9999.0 -9999.0 -9999.0 -9999.0 -9999.0 -9999.0 -9999.0 -9999.0 -9999.0 -9999.0 -9999.0 -9999.0 -9999.0 -9999.0 -9999.0 -9999.0 -9999.0 -9999.0 -9999.0 -9999.0 -9999.0 -9999.0 -9999.0 -9999.0 -9999.0 -9999.0 -9999.0 -9999.0 187.9 179.0 131.3 167.7 100.2 92.1 137.4 123.6 141.2 95.9 117.5 129.1 101.4 68.3 97.9 97.2 90.3 103.5 114.6 148.6 97.7 124.1 88.7 89.5 83.3 94.3
-9999.0 -9999.0 -9999.0 -9999.0 -9999.0 -9999.0 -9999.0 -9999.0 -9999.0 -9999.0 -9999.0 -9999.0 -9999.0 -9999.0 -9999.0 -9999.0 -9999.0 -9999.0 -9999.0 -9999.0 -9999.0 -9999.0 -9999.0 -9999.0 -9999.0 -9999.0 -9999.0 -9999.0 -9999.0 -9999.0 -9999.0 -9999.0 -9999.0 -9999.0 -9999.0 -9999.0 -9999.0 -9999.0 -9999.0 -9999.0 -9999.0 -9999.0 -9999.0 -9999.0 -9999.0 -9999.0 -9999.0 -9999.0 -9999.0 -9999.0 272.3 249.8 189.8 162.2 136.6 149.7 120.5 150.3 150.3 101.1 130.7 118.5 49.2 86.1 119.7 128.3 149.8 127.8 141.2 59.3 70.8 68.0 72.0 77.1 81.1 103.0
-9999.0 -9999.0 -9999.0 -9999.0 -9999.0 -9999.0 -9999.0 -9999.0 -9999.0 -9999.0 -9999.0 -9999.0 -9999.0 -9999.0 -9999.0 -9999.0 -9999.0 -9999.0 -9999.0 -9999.0 -9999.0 -9999.0 -9999.0 -9999.0 -9999.0 -9999.0 -9999.0 -9999.0 -9999.0 -9999.0 -9999.0 -9999.0 -9999.0 -9999.0 -9999.0 -9999.0 -9999.0 -9999.0 -9999.0 -9999.0 -9999.0 -9999.0 -9999.0 -9999.0 -9999.0 -9999.0 -9999.0 -9999.0 -9999.0 -9999.0 -9999.0 -9999.0 -9999.0 172.7 146.0 145.9 161.7 172.7 127.3 114.7 241.0 79.7 203.9 133.3 146.1 141.9 175.3 91.6 93.8 72.7 57.2 50.3 50.7 57.9 74.7 97.4
-9999.0 -9999.0 -9999.0 -9999.0 -9999.0 -9999.0 -9999.0 -9999.0 -9999.0 -9999.0 -9999.0 -9999.0 -9999.0 -9999.0 -9999.0 -9999.0 -9999.0 -9999.0 -9999.0 -9999.0 -9999.0 -9999.0 -9999.0 -9999.0 -9999.0 -9999.0 -9999.0 -9999.0 -9999.0 -9999.0 -9999.0 -9999.0 -9999.0 -9999.0 -9999.0 -9999.0 -9999.0 -9999.0 -9999.0 -9999.0 -9999.0 -9999.0 -9999.0 -9999.0 -9999.0 -9999.0 -9999.0 -9999.0 -9999.0 -9999.0 -9999.0 -9999.0 -9999.0 219.4 181.3 215.8 170.7 148.5 146.4 207.8 166.3 115.8 254.5 136.6 148.9 141.3 76.0 131.9 60.6 55.5 53.3 55.7 58.4 67.2 85.5 114.2
-9999.0 -9999.0 -9999.0 -9999.0 -9999.0 -9999.0 -9999.0 -9999.0 -9999.0 -9999.0 -9999.0 -9999.0 -9999.0 -9999.0 -9999.0 -9999.0 -9999.0 -9999.0 -9999.0 -9999.0 -9999.0 -9999.0 -9999.0 -9999.0 -9999.0 -9999.0 -9999.0 -9999.0 -9999.0 -9999.0 -9999.0 -9999.0 -9999.0 -9999.0 -9999.0 -9999.0 -9999.0 -9999.0 -9999.0 -9999.0 -9999.0 -9999.0 -9999.0 -9999.0 -9999.0 -9999.0 -9999.0 -9999.0 -9999.0 -9999.0 -9999.0 -9999.0 -9999.0 266.6 200.4 213.5 179.4 146.3 147.3 160.4 227.9 226.4 317.7 330.3 137.0 -9999.0 -9999.0 -9999.0 90.2 69.6 85.8 107.4 116.6 125.2 149.7 195.0
-9999.0 -9999.0 -9999.0 -9999.0 -9999.0 -9999.0 -9999.0 -9999.0 -9999.0 -9999.0 -9999.0 -9999.0 -9999.0 -9999.0 -9999.0 -9999.0 -9999.0 -9999.0 -9999.0 -9999.0 -9999.0 -9999.0 -9999.0 -9999.0 -9999.0 -9999.0 -9999.0 -9999.0 -9999.0 -9999.0 -9999.0 -9999.0 -9999.0 -9999.0 -9999.0 -9999.0 -9999.0 -9999.0 -9999.0 -9999.0 -9999.0 -9999.0 -9999.0 -9999.0 -9999.0 -9999.0 -9999.0 -9999.0 -9999.0 -9999.0 -9999.0 -9999.0 -9999.0 -9999.0 254.7 213.5 153.5 123.8 153.5 208.9 151.5 -9999.0 -9999.0 -9999.0 -9999.0 -9999.0 -9999.0 -9999.0 98.7 120.3 167.3 192.3 213.2 224.7 253.4 313.5
-9999.0 -9999.0 -9999.0 -9999.0 -9999.0 -9999.0 -9999.0 -9999.0 -9999.0 -9999.0 -9999.0 -9999.0 -9999.0 -9999.0 -9999.0 -9999.0 -9999.0 -9999.0 -9999.0 -9999.0 -9999.0 -9999.0 -9999.0 -9999.0 -9999.0 -9999.0 -9999.0 -9999.0 -9999.0 -9999.0 -9999.0 -9999.0 -9999.0 -9999.0 -9999.0 -9999.0 -9999.0 -9999.0 -9999.0 -9999.0 -9999.0 -9999.0 -9999.0 -9999.0 -9999.0 -9999.0 -9999.0 -9999.0 -9999.0 -9999.0 -9999.0 -9999.0 -9999.0 -9999.0 -9999.0 203.5 211.3 144.6 124.2 162.5 172.0 -9999.0 -9999.0 -9999.0 -9999.0 -9999.0 -9999.0 -9999.0 -9999.0 -9999.0 200.8 -9999.0 -9999.0 -9999.0 -9999.0 -9999.0
-9999.0 -9999.0 -9999.0 -9999.0 -9999.0 -9999.0 -9999.0 -9999.0 -9999.0 -9999.0 -9999.0 -9999.0 -9999.0 -9999.0 -9999.0 -9999.0 -9999.0 -9999.0 -9999.0 -9999.0 -9999.0 -9999.0 -9999.0 -9999.0 -9999.0 -9999.0 -9999.0 -9999.0 -9999.0 -9999.0 -9999.0 -9999.0 -9999.0 -9999.0 -9999.0 -9999.0 -9999.0 -9999.0 -9999.0 -9999.0 -9999.0 -9999.0 -9999.0 -9999.0 -9999.0 -9999.0 -9999.0 -9999.0 -9999.0 -9999.0 -9999.0 -9999.0 -9999.0 -9999.0 -9999.0 -9999.0 -9999.0 -9999.0 141.5 127.6 -9999.0 -9999.0 -9999.0 -9999.0 -9999.0 -9999.0 -9999.0 -9999.0 -9999.0 -9999.0 -9999.0 -9999.0 -9999.0 -9999.0 -9999.0 323.1
-9999.0 -9999.0 -9999.0 -9999.0 -9999.0 -9999.0 -9999.0 -9999.0 -9999.0 -9999.0 -9999.0 -9999.0 -9999.0 -9999.0 -9999.0 -9999.0 -9999.0 -9999.0 -9999.0 -9999.0 -9999.0 -9999.0 -9999.0 -9999.0 -9999.0 -9999.0 -9999.0 -9999.0 -9999.0 -9999.0 -9999.0 -9999.0 -9999.0 -9999.0 -9999.0 -9999.0 -9999.0 -9999.0 -9999.0 -9999.0 -9999.0 -9999.0 -9999.0 -9999.0 -9999.0 -9999.0 -9999.0 -9999.0 -9999.0 -9999.0 -9999.0 -9999.0 -9999.0 -9999.0 -9999.0 -9999.0 -9999.0 -9999.0 -9999.0 -9999.0 -9999.0 -9999.0 -9999.0 -9999.0 -9999.0 -9999.0 -9999.0 -9999.0 -9999.0 -9999.0 -9999.0 -9999.0 -9999.0 -9999.0 -9999.0 -9999.0
