program/excelProcessViaJava/data/SURF_CLI_CHN_PRE_MON_GRID_0.5-200703.txt
NCOLS      128
NROWS       72
XLLCORNER    72.000000000000    
YLLCORNER    18.000000000000    
CELLSIZE    0.50000000000000    
NODATA_VALUE   -9999.000    
[rows 35 to 69 of 72, columns 0 to 77 of 128]
-9999.0 -9999.0 -9999.0 -9999.0 -9999.0 -9999.0 -9999.0 6.1 4.6 4.2 2.6 1.8 1.5 0.8 0.5 3.7 0.7 2.0 2.2 0.5 0.1 0.0 0.0 0.0 0.0 0.1 0.1 0.3 0.6 1.4 2.2 3.1 3.8 4.9 6.3 5.3 7.3 6.0 8.2 8.4 2.1 9.7 8.4 4.9 3.1 2.3 4.2 3.6 5.9 3.7 3.9 5.7 10.8 28.2 20.7 8.9 8.9 10.3 17.2 18.7 20.9 19.5 17.4 19.6 20.9 15.8 15.7 16.0 17.0 19.3 22.3 26.1 31.2 38.1 43.1 44.4 38.1 37.1
-9999.0 -9999.0 -9999.0 -9999.0 -9999.0 -9999.0 -9999.0 5.0 5.9 3.2 2.1 1.7 0.9 0.4 0.3 0.1 0.1 0.1 0.0 0.0 0.0 0.0 0.0 0.0 0.1 0.1 0.2 0.4 0.8 1.4 2.6 3.6 4.5 6.3 5.8 6.2 5.6 6.7 6.4 5.5 5.7 5.6 6.6 12.0 5.6 3.5 5.3 6.5 14.3 13.0 26.9 26.0 13.5 17.4 21.8 10.4 10.4 13.0 15.2 16.0 19.6 24.4 22.9 26.1 22.3 18.9 16.6 15.8 18.3 20.1 24.7 29.5 35.7 43.5 46.5 48.2 43.5 36.2
-9999.0 -9999.0 -9999.0 -9999.0 -9999.0 -9999.0 -9999.0 -9999.0 -9999.0 3.1 2.3 1.8 0.6 0.4 0.2 0.2 0.1 0.0 0.0 0.0 0.0 0.0 0.0 0.1 0.1 0.1 0.2 0.5 1.0 2.0 2.6 3.8 4.8 5.9 5.4 5.4 5.1 5.5 4.8 5.2 4.4 5.1 4.7 4.3 6.0 6.5 7.3 8.0 10.1 12.6 18.6 19.0 17.8 15.4 19.5 11.0 9.4 11.2 13.0 13.6 14.7 16.9 22.0 24.6 25.4 21.4 18.3 16.7 19.5 20.7 26.6 35.0 41.1 47.0 49.8 39.0 34.0 35.1
-9999.0 -9999.0 -9999.0 -9999.0 -9999.0 -9999.0 -9999.0 -9999.0 -9999.0 -9999.0 -9999.0 1.0 1.8 0.2 0.2 0.1 0.1 0.0 0.0 0.0 0.0 0.0 0.0 0.1 0.1 0.2 0.3 0.7 1.3 2.2 3.3 4.8 5.3 5.9 5.7 7.1 5.2 4.9 7.6 4.6 5.4 4.2 3.5 3.3 6.2 4.5 8.5 7.1 9.6 10.9 10.8 14.2 16.5 18.2 18.7 13.5 10.6 12.2 13.1 13.4 13.6 14.8 19.6 24.3 25.9 23.1 19.9 20.1 20.7 22.4 29.2 38.8 47.4 50.3 45.7 34.8 31.1 35.4
-9999.0 -9999.0 -9999.0 -9999.0 -9999.0 -9999.0 -9999.0 -9999.0 -9999.0 -9999.0 -9999.0 -9999.0 1.7 1.0 0.2 0.2 0.0 0.0 0.0 0.0 0.0 0.0 0.0 0.1 0.1 0.2 0.5 0.8 1.5 2.5 3.7 4.9 5.9 6.9 7.0 6.0 7.1 4.5 3.4 2.9 2.8 2.8 2.9 3.7 3.9 4.8 6.5 5.2 6.6 8.2 13.2 15.6 15.4 14.1 14.3 13.7 13.3 14.9 15.9 17.0 15.3 15.1 17.0 22.2 26.4 30.8 29.8 28.6 26.5 25.8 35.4 54.7 57.3 53.2 44.9 47.6 35.5 38.8
-9999.0 -9999.0 -9999.0 -9999.0 -9999.0 -9999.0 -9999.0 -9999.0 -9999.0 -9999.0 -9999.0 -9999.0 0.5 2.0 1.9 0.1 0.4 0.1 0.0 0.0 0.0 0.0 0.0 0.1 0.3 0.3 0.6 1.3 1.7 2.9 4.0 5.4 6.4 6.8 6.8 5.6 5.7 4.6 3.2 2.5 2.1 2.1 3.4 2.8 4.2 5.9 5.2 5.4 5.0 7.5 9.1 12.7 12.8 14.5 12.2 13.3 14.1 17.3 21.6 20.9 17.7 16.5 19.4 24.9 30.3 37.5 29.1 30.0 30.6 30.6 31.1 36.5 41.7 43.6 43.2 38.9 36.7 45.5
-9999.0 -9999.0 -9999.0 -9999.0 -9999.0 -9999.0 -9999.0 -9999.0 -9999.0 -9999.0 -9999.0 -9999.0 -9999.0 1.2 0.2 1.6 0.2 0.3 0.2 0.2 0.1 0.2 0.1 0.3 0.4 0.2 0.4 0.6 1.4 2.5 4.0 5.4 6.5 7.2 6.3 5.2 4.0 3.1 4.9 2.6 2.2 2.7 2.9 4.5 4.6 5.2 7.0 8.6 9.5 9.8 10.7 11.0 11.9 15.6 13.5 12.6 14.1 17.5 19.4 23.5 21.7 20.7 24.9 33.0 26.0 37.5 42.1 35.6 36.3 34.4 34.9 36.4 38.9 41.3 42.9 38.6 39.0 45.6
-9999.0 -9999.0 -9999.0 -9999.0 -9999.0 -9999.0 -9999.0 -9999.0 -9999.0 -9999.0 -9999.0 -9999.0 2.8 0.6 0.5 1.2 0.1 0.2 0.2 0.8 0.7 0.6 0.4 0.6 0.9 0.3 0.5 1.1 1.6 2.3 3.6 5.3 6.1 6.8 6.5 5.0 4.1 2.0 1.3 1.3 2.8 4.4 6.0 4.3 6.3 8.3 9.7 10.4 11.1 11.2 12.6 14.0 12.1 12.3 10.9 10.5 11.1 18.1 19.4 21.8 22.0 24.6 31.4 39.4 49.3 45.3 16.6 26.0 39.7 44.4 41.8 38.1 36.5 33.2 31.2 33.1 41.7 53.0
-9999.0 -9999.0 -9999.0 -9999.0 -9999.0 -9999.0 -9999.0 -9999.0 -9999.0 -9999.0 -9999.0 -9999.0 2.7 7.9 3.7 0.2 0.2 1.6 1.4 0.3 1.8 0.6 0.7 0.9 1.6 1.9 1.6 1.6 1.7 2.5 3.4 4.4 5.3 6.2 5.8 4.7 2.9 1.7 1.1 0.9 1.4 2.3 3.7 5.8 8.5 11.6 14.4 15.1 14.4 11.4 10.3 11.4 9.5 8.8 8.9 9.7 8.9 10.7 15.3 17.1 20.3 25.0 34.7 42.9 46.8 19.0 32.7 22.6 28.7 34.6 37.6 38.3 38.8 43.4 41.4 29.8 37.1 40.4
-9999.0 -9999.0 -9999.0 -9999.0 -9999.0 -9999.0 -9999.0 -9999.0 -9999.0 -9999.0 -9999.0 -9999.0 20.2 4.5 10.6 5.5 4.5 0.5 1.4 1.2 0.2 0.2 1.4 0.7 1.4 0.4 0.7 0.3 1.4 1.6 2.3 2.6 4.4 5.2 4.9 4.0 2.6 1.6 1.1 1.4 2.1 3.9 6.4 9.2 11.7 14.9 16.8 16.6 14.0 10.8 9.1 7.1 10.8 9.8 7.1 8.6 7.3 7.8 10.1 13.4 17.3 23.7 32.1 38.8 22.5 10.4 15.6 23.5 31.8 35.1 37.7 46.4 48.5 52.6 67.6 40.2 47.6 35.6
-9999.0 -9999.0 -9999.0 -9999.0 -9999.0 -9999.0 -9999.0 -9999.0 -9999.0 -9999.0 -9999.0 -9999.0 -9999.0 4.0 3.7 9.3 5.9 6.5 2.3 1.5 0.3 2.0 1.1 0.7 2.6 1.5 1.3 1.3 0.5 1.2 0.6 1.4 2.2 3.2 3.3 3.2 2.4 1.4 1.4 1.9 3.6 6.5 9.7 12.1 15.4 16.7 16.4 15.4 12.3 9.3 5.8 7.6 6.0 4.1 5.6 5.0 5.3 5.5 7.1 10.9 15.1 23.6 29.9 23.1 7.2 9.9 15.9 25.9 33.4 40.1 40.1 39.1 47.9 33.5 42.9 34.6 35.0 37.8
-9999.0 -9999.0 -9999.0 -9999.0 -9999.0 -9999.0 -9999.0 -9999.0 -9999.0 -9999.0 -9999.0 -9999.0 -9999.0 47.8 8.7 15.8 5.2 13.1 10.2 6.6 1.8 1.9 1.6 2.1 6.9 3.0 1.4 1.6 0.5 0.0 0.1 0.2 0.7 1.2 1.5 1.6 1.1 1.1 1.7 3.9 5.3 8.7 12.1 14.3 15.4 15.0 13.6 10.3 7.5 5.6 6.0 2.9 4.7 5.6 5.5 3.9 2.9 3.4 5.6 7.4 13.3 16.3 12.8 5.8 6.0 9.9 18.1 28.0 36.3 38.1 36.1 33.4 32.9 38.4 44.4 49.9 50.6 44.5
-9999.0 -9999.0 -9999.0 -9999.0 -9999.0 -9999.0 -9999.0 -9999.0 -9999.0 -9999.0 -9999.0 -9999.0 -9999.0 -9999.0 -9999.0 24.6 26.2 16.5 19.2 22.2 8.2 12.1 12.2 8.7 5.2 3.8 0.3 0.3 0.0 0.0 0.0 0.0 0.1 0.2 0.4 0.9 1.4 0.6 1.5 3.5 6.3 9.2 11.9 13.8 16.9 17.1 10.1 8.3 5.4 3.4 3.3 7.0 3.9 3.9 1.4 3.0 2.8 2.1 5.7 9.2 10.7 10.5 9.1 6.7 5.7 9.7 18.3 27.5 34.1 36.0 30.0 23.6 34.1 37.8 37.3 54.7 54.4 58.5
-9999.0 -9999.0 -9999.0 -9999.0 -9999.0 -9999.0 -9999.0 -9999.0 -9999.0 -9999.0 -9999.0 -9999.0 -9999.0 -9999.0 -9999.0 -9999.0 -9999.0 258.9 106.3 -9999.0 66.2 21.7 34.9 29.4 11.2 8.4 0.9 0.5 0.2 0.0 0.0 0.0 0.0 0.1 0.1 0.2 1.0 0.4 1.6 3.8 6.2 8.5 10.0 11.2 32.1 16.0 55.8 6.7 4.4 3.7 3.4 3.7 2.7 5.4 5.4 4.7 3.1 5.1 6.5 9.5 6.4 10.8 12.7 9.5 8.9 13.3 20.8 30.4 34.5 31.9 23.2 32.5 35.5 25.3 34.1 50.3 54.0 56.0
-9999.0 -9999.0 -9999.0 -9999.0 -9999.0 -9999.0 -9999.0 -9999.0 -9999.0 -9999.0 -9999.0 -9999.0 -9999.0 -9999.0 -9999.0 -9999.0 -9999.0 -9999.0 -9999.0 -9999.0 -9999.0 67.5 43.2 18.6 24.2 37.7 21.2 8.4 1.0 0.2 0.0 0.1 0.0 0.0 0.1 0.2 0.2 0.6 2.3 8.8 12.3 6.8 7.2 6.9 27.5 7.1 88.1 8.3 5.6 19.1 4.7 9.5 10.0 7.3 8.0 7.8 6.9 5.9 10.1 10.1 5.5 10.4 16.6 16.0 15.2 19.6 26.7 35.4 35.1 29.4 22.8 29.8 27.6 23.9 29.4 42.8 58.8 68.1
-9999.0 -9999.0 -9999.0 -9999.0 -9999.0 -9999.0 -9999.0 -9999.0 -9999.0 -9999.0 -9999.0 -9999.0 -9999.0 -9999.0 -9999.0 -9999.0 -9999.0 -9999.0 -9999.0 -9999.0 -9999.0 -9999.0 -9999.0 196.2 73.2 63.1 43.2 18.4 1.6 0.8 0.0 0.0 0.0 0.1 0.2 0.6 1.4 1.8 3.9 5.4 5.3 5.6 3.9 5.6 23.3 122.6 24.9 14.1 19.8 19.7 6.9 9.9 11.7 14.2 13.1 8.8 8.6 9.3 5.0 10.1 5.1 9.4 13.7 16.9 20.7 26.7 34.5 39.0 43.0 31.0 36.8 32.0 31.6 37.5 46.2 61.8 74.3 84.4
-9999.0 -9999.0 -9999.0 -9999.0 -9999.0 -9999.0 -9999.0 -9999.0 -9999.0 -9999.0 -9999.0 -9999.0 -9999.0 -9999.0 -9999.0 -9999.0 -9999.0 -9999.0 -9999.0 -9999.0 -9999.0 -9999.0 -9999.0 -9999.0 -9999.0 346.3 135.6 9.6 4.6 0.7 0.2 0.6 0.9 0.7 2.2 2.6 5.3 5.2 7.4 7.1 6.9 3.1 28.9 20.0 84.9 129.9 70.3 142.3 5.4 15.4 8.6 11.9 15.3 17.6 16.0 10.8 9.2 6.3 8.7 8.1 7.3 8.0 16.6 10.5 15.5 24.9 34.2 41.7 47.3 47.5 36.0 34.9 36.0 48.6 60.4 77.9 87.2 92.2
-9999.0 -9999.0 -9999.0 -9999.0 -9999.0 -9999.0 -9999.0 -9999.0 -9999.0 -9999.0 -9999.0 -9999.0 -9999.0 -9999.0 -9999.0 -9999.0 -9999.0 -9999.0 -9999.0 -9999.0 -9999.0 -9999.0 -9999.0 -9999.0 -9999.0 -9999.0 -9999.0 394.5 321.4 73.1 37.8 24.0 2.5 21.8 7.7 49.7 11.6 12.4 18.7 10.4 7.0 6.0 37.7 94.0 104.6 128.8 151.1 151.9 145.7 46.2 95.3 89.7 19.6 21.4 14.8 10.5 4.6 2.1 5.3 2.1 0.3 6.0 3.0 5.8 11.7 15.8 23.0 25.2 28.3 31.7 33.6 45.0 38.9 53.7 64.3 77.3 88.8 91.6
-9999.0 -9999.0 -9999.0 -9999.0 -9999.0 -9999.0 -9999.0 -9999.0 -9999.0 -9999.0 -9999.0 -9999.0 -9999.0 -9999.0 -9999.0 -9999.0 -9999.0 -9999.0 -9999.0 -9999.0 -9999.0 -9999.0 -9999.0 -9999.0 -9999.0 -9999.0 -9999.0 -9999.0 -9999.0 -9999.0 -9999.0 -9999.0 -9999.0 106.6 27.6 -9999.0 -9999.0 -9999.0 57.2 19.5 29.1 44.1 27.5 107.5 134.3 132.7 -9999.0 -9999.0 -9999.0 -9999.0 -9999.0 -9999.0 34.3 13.9 12.7 5.8 2.4 0.6 0.3 0.2 0.6 3.2 2.3 3.5 5.3 9.7 15.2 20.6 24.4 25.6 32.7 51.5 63.2 58.2 74.5 73.5 96.4 85.0
-9999.0 -9999.0 -9999.0 -9999.0 -9999.0 -9999.0 -9999.0 -9999.0 -9999.0 -9999.0 -9999.0 -9999.0 -9999.0 -9999.0 -9999.0 -9999.0 -9999.0 -9999.0 -9999.0 -9999.0 -9999.0 -9999.0 -9999.0 -9999.0 -9999.0 -9999.0 -9999.0 -9999.0 -9999.0 -9999.0 -9999.0 -9999.0 -9999.0 -9999.0 -9999.0 -9999.0 -9999.0 -9999.0 -9999.0 165.6 145.3 136.1 129.7 122.8 -9999.0 -9999.0 -9999.0 -9999.0 -9999.0 -9999.0 -9999.0 -9999.0 21.4 9.6 5.4 2.9 1.3 0.4 0.2 0.1 0.2 1.1 2.3 1.9 4.4 9.0 15.8 20.3 23.0 30.7 45.8 65.7 71.8 90.4 76.7 83.8 95.2 93.5
-9999.0 -9999.0 -9999.0 -9999.0 -9999.0 -9999.0 -9999.0 -9999.0 -9999.0 -9999.0 -9999.0 -9999.0 -9999.0 -9999.0 -9999.0 -9999.0 -9999.0 -9999.0 -9999.0 -9999.0 -9999.0 -9999.0 -9999.0 -9999.0 -9999.0 -9999.0 -9999.0 -9999.0 -9999.0 -9999.0 -9999.0 -9999.0 -9999.0 -9999.0 -9999.0 -9999.0 -9999.0 -9999.0 -9999.0 -9999.0 -9999.0 -9999.0 -9999.0 -9999.0 -9999.0 -9999.0 -9999.0 -9999.0 -9999.0 -9999.0 -9999.0 -9999.0 27.6 6.5 2.9 2.0 0.8 0.4 0.2 0.2 0.2 0.4 4.9 1.2 3.5 8.1 14.0 21.4 26.5 34.0 52.7 78.2 109.9 109.6 108.6 87.7 108.9 108.3
-9999.0 -9999.0 -9999.0 -9999.0 -9999.0 -9999.0 -9999.0 -9999.0 -9999.0 -9999.0 -9999.0 -9999.0 -9999.0 -9999.0 -9999.0 -9999.0 -9999.0 -9999.0 -9999.0 -9999.0 -9999.0 -9999.0 -9999.0 -9999.0 -9999.0 -9999.0 -9999.0 -9999.0 -9999.0 -9999.0 -9999.0 -9999.0 -9999.0 -9999.0 -9999.0 -9999.0 -9999.0 -9999.0 -9999.0 -9999.0 -9999.0 -9999.0 -9999.0 -9999.0 -9999.0 -9999.0 -9999.0 -9999.0 -9999.0 -9999.0 -9999.0 22.1 9.5 4.2 1.4 1.0 0.7 0.6 0.4 0.2 0.3 0.3 0.2 0.7 3.0 7.5 10.0 8.7 23.3 33.8 54.1 72.2 75.7 76.9 84.2 82.5 112.6 107.8
-9999.0 -9999.0 -9999.0 -9999.0 -9999.0 -9999.0 -9999.0 -9999.0 -9999.0 -9999.0 -9999.0 -9999.0 -9999.0 -9999.0 -9999.0 -9999.0 -9999.0 -9999.0 -9999.0 -9999.0 -9999.0 -9999.0 -9999.0 -9999.0 -9999.0 -9999.0 -9999.0 -9999.0 -9999.0 -9999.0 -9999.0 -9999.0 -9999.0 -9999.0 -9999.0 -9999.0 -9999.0 -9999.0 -9999.0 -9999.0 -9999.0 -9999.0 -9999.0 -9999.0 -9999.0 -9999.0 -9999.0 -9999.0 -9999.0 -9999.0 23.0 10.8 6.2 3.6 1.7 1.3 0.8 0.5 0.4 0.3 0.2 0.3 0.2 0.9 3.6 6.3 8.5 7.3 17.7 21.9 38.3 38.9 48.3 67.7 80.5 95.3 91.2 111.8
-9999.0 -9999.0 -9999.0 -9999.0 -9999.0 -9999.0 -9999.0 -9999.0 -9999.0 -9999.0 -9999.0 -9999.0 -9999.0 -9999.0 -9999.0 -9999.0 -9999.0 -9999.0 -9999.0 -9999.0 -9999.0 -9999.0 -9999.0 -9999.0 -9999.0 -9999.0 -9999.0 -9999.0 -9999.0 -9999.0 -9999.0 -9999.0 -9999.0 -9999.0 -9999.0 -9999.0 -9999.0 -9999.0 -9999.0 -9999.0 -9999.0 -9999.0 -9999.0 -9999.0 -9999.0 -9999.0 -9999.0 -9999.0 -9999.0 -9999.0 10.1 5.6 5.1 3.5 2.5 1.5 0.4 0.8 0.6 0.5 0.4 0.3 0.2 1.2 4.4 3.0 4.0 3.0 8.3 13.3 25.0 35.8 45.1 51.4 60.7 76.8 97.4 109.5
-9999.0 -9999.0 -9999.0 -9999.0 -9999.0 -9999.0 -9999.0 -9999.0 -9999.0 -9999.0 -9999.0 -9999.0 -9999.0 -9999.0 -9999.0 -9999.0 -9999.0 -9999.0 -9999.0 -9999.0 -9999.0 -9999.0 -9999.0 -9999.0 -9999.0 -9999.0 -9999.0 -9999.0 -9999.0 -9999.0 -9999.0 -9999.0 -9999.0 -9999.0 -9999.0 -9999.0 -9999.0 -9999.0 -9999.0 -9999.0 -9999.0 -9999.0 -9999.0 -9999.0 -9999.0 -9999.0 -9999.0 -9999.0 -9999.0 -9999.0 3.1 1.5 1.6 2.8 1.6 1.0 1.5 0.9 1.0 1.1 1.3 1.2 0.9 1.2 4.6 5.6 3.0 2.6 5.8 19.4 27.0 54.0 54.2 65.1 69.8 88.9 104.6 122.3
-9999.0 -9999.0 -9999.0 -9999.0 -9999.0 -9999.0 -9999.0 -9999.0 -9999.0 -9999.0 -9999.0 -9999.0 -9999.0 -9999.0 -9999.0 -9999.0 -9999.0 -9999.0 -9999.0 -9999.0 -9999.0 -9999.0 -9999.0 -9999.0 -9999.0 -9999.0 -9999.0 -9999.0 -9999.0 -9999.0 -9999.0 -9999.0 -9999.0 -9999.0 -9999.0 -9999.0 -9999.0 -9999.0 -9999.0 -9999.0 -9999.0 -9999.0 -9999.0 -9999.0 -9999.0 -9999.0 -9999.0 -9999.0 -9999.0 -9999.0 0.1 0.3 0.3 0.8 0.9 1.3 1.1 1.3 1.5 1.4 2.0 1.6 0.4 2.0 6.9 10.4 13.2 9.6 18.3 17.2 38.3 59.6 76.6 81.0 85.0 103.2 113.0 129.1
-9999.0 -9999.0 -9999.0 -9999.0 -9999.0 -9999.0 -9999.0 -9999.0 -9999.0 -9999.0 -9999.0 -9999.0 -9999.0 -9999.0 -9999.0 -9999.0 -9999.0 -9999.0 -9999.0 -9999.0 -9999.0 -9999.0 -9999.0 -9999.0 -9999.0 -9999.0 -9999.0 -9999.0 -9999.0 -9999.0 -9999.0 -9999.0 -9999.0 -9999.0 -9999.0 -9999.0 -9999.0 -9999.0 -9999.0 -9999.0 -9999.0 -9999.0 -9999.0 -9999.0 -9999.0 -9999.0 -9999.0 -9999.0 -9999.0 -9999.0 -9999.0 -9999.0 -9999.0 0.1 0.2 0.6 1.3 1.7 1.8 1.3 5.4 1.4 4.9 4.2 9.4 13.3 21.8 12.4 24.4 36.7 52.0 71.0 84.9 88.9 95.5 111.4 115.2 110.9
-9999.0 -9999.0 -9999.0 -9999.0 -9999.0 -9999.0 -9999.0 -9999.0 -9999.0 -9999.0 -9999.0 -9999.0 -9999.0 -9999.0 -9999.0 -9999.0 -9999.0 -9999.0 -9999.0 -9999.0 -9999.0 -9999.0 -9999.0 -9999.0 -9999.0 -9999.0 -9999.0 -9999.0 -9999.0 -9999.0 -9999.0 -9999.0 -9999.0 -9999.0 -9999.0 -9999.0 -9999.0 -9999.0 -9999.0 -9999.0 -9999.0 -9999.0 -9999.0 -9999.0 -9999.0 -9999.0 -9999.0 -9999.0 -9999.0 -9999.0 -9999.0 -9999.0 -9999.0 0.1 0.4 1.7 2.0 2.2 1.9 3.5 2.7 4.9 8.2 7.5 10.9 14.8 11.5 30.3 29.5 44.1 58.5 74.0 85.3 89.8 94.4 98.4 92.2 66.3
-9999.0 -9999.0 -9999.0 -9999.0 -9999.0 -9999.0 -9999.0 -9999.0 -9999.0 -9999.0 -9999.0 -9999.0 -9999.0 -9999.0 -9999.0 -9999.0 -9999.0 -9999.0 -9999.0 -9999.0 -9999.0 -9999.0 -9999.0 -9999.0 -9999.0 -9999.0 -9999.0 -9999.0 -9999.0 -9999.0 -9999.0 -9999.0 -9999.0 -9999.0 -9999.0 -9999.0 -9999.0 -9999.0 -9999.0 -9999.0 -9999.0 -9999.0 -9999.0 -9999.0 -9999.0 -9999.0 -9999.0 -9999.0 -9999.0 -9999.0 -9999.0 -9999.0 -9999.0 0.4 1.5 3.3 4.4 4.1 4.5 5.5 8.1 11.0 16.8 23.2 16.4 -9999.0 -9999.0 -9999.0 43.6 50.2 63.4 76.3 84.1 87.2 87.2 80.4 66.6 41.8
-9999.0 -9999.0 -9999.0 -9999.0 -9999.0 -9999.0 -9999.0 -9999.0 -9999.0 -9999.0 -9999.0 -9999.0 -9999.0 -9999.0 -9999.0 -9999.0 -9999.0 -9999.0 -9999.0 -9999.0 -9999.0 -9999.0 -9999.0 -9999.0 -9999.0 -9999.0 -9999.0 -9999.0 -9999.0 -9999.0 -9999.0 -9999.0 -9999.0 -9999.0 -9999.0 -9999.0 -9999.0 -9999.0 -9999.0 -9999.0 -9999.0 -9999.0 -9999.0 -9999.0 -9999.0 -9999.0 -9999.0 -9999.0 -9999.0 -9999.0 -9999.0 -9999.0 -9999.0 -9999.0 4.6 7.6 9.0 10.1 13.6 17.4 22.7 -9999.0 -9999.0 -9999.0 -9999.0 -9999.0 -9999.0 -9999.0 44.7 56.5 69.8 72.1 77.7 79.5 72.9 60.5 46.1 36.4
-9999.0 -9999.0 -9999.0 -9999.0 -9999.0 -9999.0 -9999.0 -9999.0 -9999.0 -9999.0 -9999.0 -9999.0 -9999.0 -9999.0 -9999.0 -9999.0 -9999.0 -9999.0 -9999.0 -9999.0 -9999.0 -9999.0 -9999.0 -9999.0 -9999.0 -9999.0 -9999.0 -9999.0 -9999.0 -9999.0 -9999.0 -9999.0 -9999.0 -9999.0 -9999.0 -9999.0 -9999.0 -9999.0 -9999.0 -9999.0 -9999.0 -9999.0 -9999.0 -9999.0 -9999.0 -9999.0 -9999.0 -9999.0 -9999.0 -9999.0 -9999.0 -9999.0 -9999.0 -9999.0 -9999.0 14.7 21.3 24.0 30.2 36.3 40.8 -9999.0 -9999.0 -9999.0 -9999.0 -9999.0 -9999.0 -9999.0 -9999.0 -9999.0 59.4 -9999.0 -9999.0 -9999.0 -9999.0 -9999.0 29.4 -9999.0
-9999.0 -9999.0 -9999.0 -9999.0 -9999.0 -9999.0 -9999.0 -9999.0 -9999.0 -9999.0 -9999.0 -9999.0 -9999.0 -9999.0 -9999.0 -9999.0 -9999.0 -9999.0 -9999.0 -9999.0 -9999.0 -9999.0 -9999.0 -9999.0 -9999.0 -9999.0 -9999.0 -9999.0 -9999.0 -9999.0 -9999.0 -9999.0 -9999.0 -9999.0 -9999.0 -9999.0 -9999.0 -9999.0 -9999.0 -9999.0 -9999.0 -9999.0 -9999.0 -9999.0 -9999.0 -9999.0 -9999.0 -9999.0 -9999.0 -9999.0 -9999.0 -9999.0 -9999.0 -9999.0 -9999.0 -9999.0 -9999.0 -9999.0 48.8 56.4 -9999.0 -9999.0 -9999.0 -9999.0 -9999.0 -9999.0 -9999.0 -9999.0 -9999.0 -9999.0 -9999.0 -9999.0 -9999.0 -9999.0 -9999.0 27.6 22.2 -9999.0
-9999.0 -9999.0 -9999.0 -9999.0 -9999.0 -9999.0 -9999.0 -9999.0 -9999.0 -9999.0 -9999.0 -9999.0 -9999.0 -9999.0 -9999.0 -9999.0 -9999.0 -9999.0 -9999.0 -9999.0 -9999.0 -9999.0 -9999.0 -9999.0 -9999.0 -9999.0 -9999.0 -9999.0 -9999.0 -9999.0 -9999.0 -9999.0 -9999.0 -9999.0 -9999.0 -9999.0 -9999.0 -9999.0 -9999.0 -9999.0 -9999.0 -9999.0 -9999.0 -9999.0 -9999.0 -9999.0 -9999.0 -9999.0 -9999.0 -9999.0 -9999.0 -9999.0 -9999.0 -9999.0 -9999.0 -9999.0 -9999.0 -9999.0 -9999.0 -9999.0 -9999.0 -9999.0 -9999.0 -9999.0 -9999.0 -9999.0 -9999.0 -9999.0 -9999.0 -9999.0 -9999.0 -9999.0 -9999.0 -9999.0 -9999.0 -9999.0 -9999.0 -9999.0
-9999.0 -9999.0 -9999.0 -9999.0 -9999.0 -9999.0 -9999.0 -9999.0 -9999.0 -9999.0 -9999.0 -9999.0 -9999.0 -9999.0 -9999.0 -9999.0 -9999.0 -9999.0 -9999.0 -9999.0 -9999.0 -9999.0 -9999.0 -9999.0 -9999.0 -9999.0 -9999.0 -9999.0 -9999.0 -9999.0 -9999.0 -9999.0 -9999.0 -9999.0 -9999.0 -9999.0 -9999.0 -9999.0 -9999.0 -9999.0 -9999.0 -9999.0 -9999.0 -9999.0 -9999.0 -9999.0 -9999.0 -9999.0 -9999.0 -9999.0 -9999.0 -9999.0 -9999.0 -9999.0 -9999.0 -9999.0 -9999.0 -9999.0 -9999.0 -9999.0 -9999.0 -9999.0 -9999.0 -9999.0 -9999.0 -9999.0 -9999.0 -9999.0 -9999.0 -9999.0 -9999.0 -9999.0 -9999.0 -9999.0 -9999.0 31.9 41.5 53.5
-9999.0 -9999.0 -9999.0 -9999.0 -9999.0 -9999.0 -9999.0 -9999.0 -9999.0 -9999.0 -9999.0 -9999.0 -9999.0 -9999.0 -9999.0 -9999.0 -9999.0 -9999.0 -9999.0 -9999.0 -9999.0 -9999.0 -9999.0 -9999.0 -9999.0 -9999.0 -9999.0 -9999.0 -9999.0 -9999.0 -9999.0 -9999.0 -9999.0 -9999.0 -9999.0 -9999.0 -9999.0 -9999.0 -9999.0 -9999.0 -9999.0 -9999.0 -9999.0 -9999.0 -9999.0 -9999.0 -9999.0 -9999.0 -9999.0 -9999.0 -9999.0 -9999.0 -9999.0 -9999.0 -9999.0 -9999.0 -9999.0 -9999.0 -9999.0 -9999.0 -9999.0 -9999.0 -9999.0 -9999.0 -9999.0 -9999.0 -9999.0 -9999.0 -9999.0 -9999.0 -9999.0 -9999.0 -9999.0 13.4 19.6 34.1 55.3 -9999.0
