program/excelProcessViaJava/data/SURF_CLI_CHN_PRE_MON_GRID_0.5-199508.txt
NCOLS      128
NROWS       72
XLLCORNER    72.000000000000    
YLLCORNER    18.000000000000    
CELLSIZE    0.50000000000000    
NODATA_VALUE   -9999.000    
[rows 33 to 65 of 72, columns 0 to 73 of 128]
-9999.0 -9999.0 -9999.0 -9999.0 0.3 1.0 3.1 5.3 10.1 5.6 12.2 11.2 7.4 1.9 1.2 1.2 1.3 1.4 1.7 2.0 1.8 1.6 1.7 3.1 5.6 11.4 17.3 112.1 53.0 58.3 61.6 50.2 43.7 48.6 30.0 27.3 21.9 41.5 31.0 16.3 7.5 5.3 5.4 5.2 5.5 6.1 7.7 12.7 20.6 24.9 35.0 49.6 58.4 72.7 59.6 73.1 78.4 97.9 96.0 107.8 101.2 87.7 82.1 67.6 56.0 75.9 91.4 87.0 116.6 132.7 151.3 161.2 165.2 164.0
-9999.0 -9999.0 -9999.0 -9999.0 0.2 0.6 2.4 3.4 15.7 25.3 15.8 46.9 45.0 54.9 12.8 13.8 16.0 5.7 2.7 2.5 5.3 6.7 10.4 38.0 92.4 118.5 80.7 78.2 69.0 64.4 58.9 64.8 51.2 47.7 47.9 38.5 45.6 49.9 30.8 18.1 25.6 10.4 9.3 7.4 7.2 7.0 6.7 7.0 8.6 13.8 20.3 27.8 52.9 49.5 51.7 63.7 67.3 75.1 88.6 81.5 107.6 96.2 95.9 99.4 90.2 83.3 119.7 121.6 142.4 164.1 188.1 195.2 200.0 197.8
-9999.0 -9999.0 -9999.0 -9999.0 -9999.0 -9999.0 -9999.0 3.3 11.0 15.4 40.1 55.0 49.5 68.6 79.8 15.6 50.7 23.9 19.0 37.4 78.8 109.2 111.7 101.0 91.6 84.3 86.8 83.7 79.0 82.8 75.8 69.9 63.8 64.7 68.3 56.0 65.4 55.2 62.8 59.4 29.3 54.8 45.9 30.2 19.0 11.1 13.0 10.2 13.2 10.0 11.9 18.0 33.3 81.5 86.5 59.7 52.1 52.6 95.0 95.9 124.6 113.3 104.6 113.7 129.9 116.8 134.9 150.6 160.5 180.4 200.1 199.9 188.5 182.4
-9999.0 -9999.0 -9999.0 -9999.0 -9999.0 -9999.0 -9999.0 7.6 5.3 19.6 35.4 41.2 61.4 90.9 88.4 131.1 104.2 105.3 139.1 106.6 102.2 120.3 105.5 101.5 92.1 87.9 81.4 90.2 73.6 67.4 76.7 74.5 71.8 81.1 70.0 71.1 65.8 71.8 66.8 58.4 55.6 51.3 51.4 66.3 39.1 25.0 27.6 26.5 39.7 31.0 54.6 53.4 40.0 62.3 95.5 76.9 73.6 82.6 108.5 129.4 142.1 148.2 128.9 134.7 134.3 129.1 129.4 136.5 156.8 177.0 181.6 167.1 151.6 153.2
-9999.0 -9999.0 -9999.0 -9999.0 -9999.0 -9999.0 -9999.0 -9999.0 -9999.0 17.8 27.4 36.2 66.3 79.9 84.6 88.4 113.5 158.2 132.0 156.2 130.5 108.8 101.9 97.5 91.1 82.9 84.3 81.0 70.4 83.7 64.0 70.1 72.0 80.4 71.8 74.3 74.4 79.5 72.2 71.8 61.7 61.8 56.3 51.4 56.9 54.7 52.3 47.1 44.3 41.2 47.2 46.2 51.3 63.9 98.4 95.4 90.6 101.0 131.1 146.6 162.8 167.3 159.7 133.1 133.4 118.5 107.7 115.4 134.9 154.3 152.2 141.5 130.7 135.3
-9999.0 -9999.0 -9999.0 -9999.0 -9999.0 -9999.0 -9999.0 -9999.0 -9999.0 -9999.0 -9999.0 50.2 38.9 85.3 88.2 107.4 112.4 113.8 114.6 123.2 135.7 115.7 113.8 98.5 114.9 95.9 96.4 90.6 82.8 74.9 73.5 86.0 76.3 81.4 81.7 104.1 92.3 94.1 117.1 87.2 87.4 72.6 64.3 61.3 77.2 64.6 77.6 62.8 59.2 49.6 39.8 44.1 55.4 77.7 108.3 124.0 128.2 141.9 150.0 164.5 177.3 172.4 153.2 139.2 136.1 93.2 89.3 104.2 117.3 123.1 125.7 122.0 117.7 110.6
-9999.0 -9999.0 -9999.0 -9999.0 -9999.0 -9999.0 -9999.0 -9999.0 -9999.0 -9999.0 -9999.0 -9999.0 41.3 53.3 93.8 92.3 136.3 120.9 124.4 152.9 107.3 112.7 110.1 97.4 141.8 94.3 81.7 92.3 84.2 96.1 80.7 79.0 82.2 97.4 105.0 107.2 134.0 117.2 106.8 94.9 85.9 79.9 76.4 81.8 81.2 84.4 87.5 71.3 63.6 54.0 56.4 56.5 62.3 80.9 112.2 143.0 160.7 173.6 160.6 179.9 180.5 177.9 165.0 142.1 115.1 124.0 95.7 107.8 112.2 106.6 109.5 76.1 55.0 52.6
-9999.0 -9999.0 -9999.0 -9999.0 -9999.0 -9999.0 -9999.0 -9999.0 -9999.0 -9999.0 -9999.0 -9999.0 67.2 44.2 48.6 95.5 77.8 97.6 130.6 124.2 120.2 126.7 117.0 98.9 82.8 88.7 85.7 73.6 79.6 72.0 81.7 94.1 90.0 94.9 109.2 115.1 142.3 149.2 139.5 124.9 104.5 94.5 103.2 88.7 97.8 104.7 92.3 83.2 65.7 62.0 54.7 59.1 67.9 94.4 125.8 156.7 167.5 173.1 164.9 167.3 164.1 155.3 154.1 153.5 96.3 102.3 123.5 139.3 133.5 118.3 115.0 132.6 148.6 159.7
-9999.0 -9999.0 -9999.0 -9999.0 -9999.0 -9999.0 -9999.0 -9999.0 -9999.0 -9999.0 -9999.0 -9999.0 -9999.0 56.2 91.5 58.3 94.5 86.4 88.4 94.1 106.1 93.0 113.2 87.6 89.8 110.4 105.5 111.3 94.2 87.5 77.9 77.9 96.6 105.2 101.2 118.7 137.9 157.9 191.8 161.5 139.3 129.5 116.0 121.5 108.9 102.8 107.1 105.4 95.4 81.0 71.6 67.9 80.0 115.6 138.1 159.7 164.7 168.7 182.5 163.6 152.9 134.7 137.2 100.8 98.0 98.1 118.1 154.4 144.0 135.3 114.0 153.7 219.3 219.4
-9999.0 -9999.0 -9999.0 -9999.0 -9999.0 -9999.0 -9999.0 -9999.0 -9999.0 -9999.0 -9999.0 -9999.0 39.8 73.7 80.7 67.1 111.3 99.8 103.2 77.6 81.9 86.2 95.9 90.7 86.0 109.0 99.0 88.4 85.4 86.6 81.9 74.8 97.3 93.3 108.4 118.3 154.0 156.0 164.0 161.3 171.6 169.6 163.7 120.9 123.7 123.0 116.4 108.7 106.6 98.9 97.9 103.0 101.3 123.6 140.6 151.9 164.0 140.1 152.3 137.3 131.7 139.1 123.2 140.9 100.2 101.8 209.4 165.5 149.8 168.9 210.0 268.9 258.7 171.1
-9999.0 -9999.0 -9999.0 -9999.0 -9999.0 -9999.0 -9999.0 -9999.0 -9999.0 -9999.0 -9999.0 -9999.0 47.4 27.2 46.9 108.5 108.4 71.1 74.9 99.3 76.2 98.3 98.5 97.3 88.2 84.3 85.9 84.2 83.3 77.0 74.6 77.5 91.8 82.6 91.9 111.5 126.2 153.9 164.4 148.8 143.4 130.8 126.0 127.0 128.5 132.3 141.9 136.4 130.4 114.8 113.9 123.1 127.3 139.8 143.8 136.1 140.0 147.3 136.9 156.1 165.6 180.2 105.1 87.3 92.2 242.2 148.4 157.7 142.8 167.9 231.1 288.2 288.8 320.2
-9999.0 -9999.0 -9999.0 -9999.0 -9999.0 -9999.0 -9999.0 -9999.0 -9999.0 -9999.0 -9999.0 -9999.0 9.3 45.8 28.2 46.6 53.6 103.8 83.7 90.8 125.2 130.9 102.8 117.0 105.6 121.7 108.2 118.9 88.2 84.1 80.3 92.8 79.4 78.8 86.4 101.7 119.6 141.7 148.3 156.6 140.8 124.9 147.2 114.5 129.1 146.9 151.8 138.3 125.5 128.5 134.9 139.2 174.6 185.9 164.4 121.7 126.3 138.9 150.9 130.5 136.0 142.6 233.7 96.2 165.0 325.5 195.5 126.3 122.6 157.2 207.1 289.5 304.1 322.4
-9999.0 -9999.0 -9999.0 -9999.0 -9999.0 -9999.0 -9999.0 -9999.0 -9999.0 -9999.0 -9999.0 -9999.0 -9999.0 65.5 67.0 40.4 55.6 55.8 88.7 105.2 150.7 111.7 130.9 140.2 111.6 116.7 110.5 101.5 105.7 87.1 97.9 91.0 92.9 86.9 94.7 121.9 134.1 136.0 149.0 144.6 140.2 164.9 167.9 148.7 122.0 122.6 136.9 106.8 138.0 138.2 129.9 168.0 170.5 159.0 179.6 169.8 101.8 106.8 143.1 215.7 203.4 352.0 232.1 107.5 375.8 253.2 151.5 99.6 106.9 145.5 187.4 218.2 258.2 193.4
-9999.0 -9999.0 -9999.0 -9999.0 -9999.0 -9999.0 -9999.0 -9999.0 -9999.0 -9999.0 -9999.0 -9999.0 -9999.0 3.8 54.7 34.4 79.5 47.0 61.2 85.2 141.2 145.4 154.2 144.6 111.3 124.7 126.2 109.9 108.9 138.2 120.1 111.6 100.3 103.6 119.4 129.7 130.9 143.9 161.7 191.7 157.2 155.0 150.6 143.3 166.8 125.6 120.4 89.6 103.3 113.8 149.6 130.9 177.3 201.9 213.0 176.7 115.1 117.4 167.3 121.8 235.3 152.0 179.1 471.5 341.6 191.1 102.7 71.3 82.5 114.0 147.3 173.9 185.5 191.7
-9999.0 -9999.0 -9999.0 -9999.0 -9999.0 -9999.0 -9999.0 -9999.0 -9999.0 -9999.0 -9999.0 -9999.0 -9999.0 -9999.0 -9999.0 31.8 32.9 57.5 57.1 60.0 118.9 109.5 117.3 134.1 147.8 146.2 178.2 147.7 163.1 122.4 125.7 118.1 136.3 134.6 130.5 162.7 181.9 150.2 165.6 168.8 177.5 171.1 154.1 135.1 103.1 83.6 98.5 59.8 94.6 59.2 111.6 195.5 168.0 178.9 113.8 160.5 154.4 94.0 211.0 270.3 151.0 174.8 476.4 449.4 316.2 164.6 78.5 50.6 60.0 97.8 123.6 131.7 167.7 174.6
-9999.0 -9999.0 -9999.0 -9999.0 -9999.0 -9999.0 -9999.0 -9999.0 -9999.0 -9999.0 -9999.0 -9999.0 -9999.0 -9999.0 -9999.0 -9999.0 -9999.0 0.1 10.1 -9999.0 43.9 116.5 100.6 116.3 157.6 156.9 193.8 167.2 139.8 152.3 131.9 118.3 154.7 125.9 123.3 148.0 194.8 146.1 172.1 168.9 162.2 166.0 139.5 117.2 98.3 77.1 91.9 114.1 60.4 95.1 67.1 121.0 101.0 176.1 185.9 186.3 133.7 212.7 222.8 276.1 144.3 233.0 412.7 422.0 275.7 144.2 76.9 57.4 68.6 104.6 110.0 164.7 173.5 160.8
-9999.0 -9999.0 -9999.0 -9999.0 -9999.0 -9999.0 -9999.0 -9999.0 -9999.0 -9999.0 -9999.0 -9999.0 -9999.0 -9999.0 -9999.0 -9999.0 -9999.0 -9999.0 -9999.0 -9999.0 -9999.0 82.0 123.5 182.3 162.7 136.0 145.6 148.6 149.8 128.6 129.0 108.7 118.9 126.6 121.1 146.7 155.2 157.3 144.3 125.1 115.2 144.1 133.2 110.4 94.1 80.9 124.6 61.3 133.0 332.6 108.8 211.1 212.6 120.0 148.3 201.4 212.8 170.0 342.6 253.5 153.7 179.4 296.0 306.9 239.1 144.8 98.4 91.8 102.0 134.0 153.2 172.7 168.5 173.9
-9999.0 -9999.0 -9999.0 -9999.0 -9999.0 -9999.0 -9999.0 -9999.0 -9999.0 -9999.0 -9999.0 -9999.0 -9999.0 -9999.0 -9999.0 -9999.0 -9999.0 -9999.0 -9999.0 -9999.0 -9999.0 -9999.0 -9999.0 61.5 138.0 144.4 151.6 159.9 177.9 141.6 137.6 135.5 166.0 139.2 155.1 155.4 176.2 147.8 160.9 151.2 125.4 128.6 89.2 75.3 88.6 141.0 85.5 75.9 86.5 97.9 94.7 172.5 110.3 129.6 111.5 89.1 178.3 264.9 129.7 267.8 165.1 180.7 183.1 189.7 173.5 147.2 129.5 136.5 179.8 179.6 198.4 179.3 177.8 209.1
-9999.0 -9999.0 -9999.0 -9999.0 -9999.0 -9999.0 -9999.0 -9999.0 -9999.0 -9999.0 -9999.0 -9999.0 -9999.0 -9999.0 -9999.0 -9999.0 -9999.0 -9999.0 -9999.0 -9999.0 -9999.0 -9999.0 -9999.0 -9999.0 -9999.0 42.2 120.4 232.4 207.1 226.7 162.9 117.9 107.0 119.3 102.2 148.1 196.1 128.5 148.1 103.1 121.6 75.5 75.6 77.1 117.4 139.2 127.2 159.9 103.0 109.6 170.9 145.9 185.7 168.6 101.2 107.8 171.4 169.3 280.5 278.2 256.7 228.9 428.9 166.3 154.0 152.2 160.1 190.3 206.9 203.2 178.8 160.3 162.6 210.3
-9999.0 -9999.0 -9999.0 -9999.0 -9999.0 -9999.0 -9999.0 -9999.0 -9999.0 -9999.0 -9999.0 -9999.0 -9999.0 -9999.0 -9999.0 -9999.0 -9999.0 -9999.0 -9999.0 -9999.0 -9999.0 -9999.0 -9999.0 -9999.0 -9999.0 -9999.0 -9999.0 31.6 36.7 100.4 94.6 84.1 144.7 61.4 93.3 40.7 77.4 73.7 49.4 61.3 72.0 45.5 69.9 98.9 115.4 132.8 147.2 158.0 164.5 145.9 155.5 147.4 140.9 126.2 128.4 164.5 160.4 187.4 277.4 247.1 212.7 273.9 159.6 153.5 182.3 165.1 177.4 184.8 175.2 156.5 132.7 127.3 138.4 171.1
-9999.0 -9999.0 -9999.0 -9999.0 -9999.0 -9999.0 -9999.0 -9999.0 -9999.0 -9999.0 -9999.0 -9999.0 -9999.0 -9999.0 -9999.0 -9999.0 -9999.0 -9999.0 -9999.0 -9999.0 -9999.0 -9999.0 -9999.0 -9999.0 -9999.0 -9999.0 -9999.0 -9999.0 -9999.0 -9999.0 -9999.0 -9999.0 -9999.0 31.1 56.3 -9999.0 -9999.0 -9999.0 32.6 37.8 39.5 51.7 59.0 89.4 105.9 123.2 -9999.0 -9999.0 -9999.0 -9999.0 -9999.0 -9999.0 145.3 189.1 146.8 169.6 207.0 230.0 254.1 243.8 251.9 284.2 189.8 166.3 158.4 177.0 197.6 193.1 158.0 119.9 102.8 94.0 110.8 107.3
-9999.0 -9999.0 -9999.0 -9999.0 -9999.0 -9999.0 -9999.0 -9999.0 -9999.0 -9999.0 -9999.0 -9999.0 -9999.0 -9999.0 -9999.0 -9999.0 -9999.0 -9999.0 -9999.0 -9999.0 -9999.0 -9999.0 -9999.0 -9999.0 -9999.0 -9999.0 -9999.0 -9999.0 -9999.0 -9999.0 -9999.0 -9999.0 -9999.0 -9999.0 -9999.0 -9999.0 -9999.0 -9999.0 -9999.0 26.3 35.3 46.3 59.9 76.1 -9999.0 -9999.0 -9999.0 -9999.0 -9999.0 -9999.0 -9999.0 -9999.0 171.2 248.9 199.5 189.7 219.2 232.3 223.5 216.1 216.4 251.4 231.2 155.4 162.8 188.6 220.9 226.0 174.4 121.3 89.1 86.7 91.6 81.6
-9999.0 -9999.0 -9999.0 -9999.0 -9999.0 -9999.0 -9999.0 -9999.0 -9999.0 -9999.0 -9999.0 -9999.0 -9999.0 -9999.0 -9999.0 -9999.0 -9999.0 -9999.0 -9999.0 -9999.0 -9999.0 -9999.0 -9999.0 -9999.0 -9999.0 -9999.0 -9999.0 -9999.0 -9999.0 -9999.0 -9999.0 -9999.0 -9999.0 -9999.0 -9999.0 -9999.0 -9999.0 -9999.0 -9999.0 -9999.0 -9999.0 -9999.0 -9999.0 -9999.0 -9999.0 -9999.0 -9999.0 -9999.0 -9999.0 -9999.0 -9999.0 -9999.0 141.9 310.5 236.4 286.7 234.9 228.5 214.8 225.9 198.9 204.8 369.8 142.9 145.0 187.2 270.1 282.2 219.8 154.4 118.1 110.3 117.0 83.1
-9999.0 -9999.0 -9999.0 -9999.0 -9999.0 -9999.0 -9999.0 -9999.0 -9999.0 -9999.0 -9999.0 -9999.0 -9999.0 -9999.0 -9999.0 -9999.0 -9999.0 -9999.0 -9999.0 -9999.0 -9999.0 -9999.0 -9999.0 -9999.0 -9999.0 -9999.0 -9999.0 -9999.0 -9999.0 -9999.0 -9999.0 -9999.0 -9999.0 -9999.0 -9999.0 -9999.0 -9999.0 -9999.0 -9999.0 -9999.0 -9999.0 -9999.0 -9999.0 -9999.0 -9999.0 -9999.0 -9999.0 -9999.0 -9999.0 -9999.0 -9999.0 230.6 254.8 343.5 196.8 245.2 235.2 266.8 220.7 139.1 301.5 253.7 148.3 129.4 140.8 197.5 295.2 263.9 259.0 199.6 171.2 166.4 152.8 127.9
-9999.0 -9999.0 -9999.0 -9999.0 -9999.0 -9999.0 -9999.0 -9999.0 -9999.0 -9999.0 -9999.0 -9999.0 -9999.0 -9999.0 -9999.0 -9999.0 -9999.0 -9999.0 -9999.0 -9999.0 -9999.0 -9999.0 -9999.0 -9999.0 -9999.0 -9999.0 -9999.0 -9999.0 -9999.0 -9999.0 -9999.0 -9999.0 -9999.0 -9999.0 -9999.0 -9999.0 -9999.0 -9999.0 -9999.0 -9999.0 -9999.0 -9999.0 -9999.0 -9999.0 -9999.0 -9999.0 -9999.0 -9999.0 -9999.0 -9999.0 195.9 372.3 395.2 396.4 289.2 288.8 210.0 169.0 208.5 292.9 242.9 271.6 155.6 147.1 181.7 246.6 278.1 271.5 281.9 237.7 244.4 233.6 215.4 197.1
-9999.0 -9999.0 -9999.0 -9999.0 -9999.0 -9999.0 -9999.0 -9999.0 -9999.0 -9999.0 -9999.0 -9999.0 -9999.0 -9999.0 -9999.0 -9999.0 -9999.0 -9999.0 -9999.0 -9999.0 -9999.0 -9999.0 -9999.0 -9999.0 -9999.0 -9999.0 -9999.0 -9999.0 -9999.0 -9999.0 -9999.0 -9999.0 -9999.0 -9999.0 -9999.0 -9999.0 -9999.0 -9999.0 -9999.0 -9999.0 -9999.0 -9999.0 -9999.0 -9999.0 -9999.0 -9999.0 -9999.0 -9999.0 -9999.0 -9999.0 206.2 510.5 385.1 453.8 404.2 290.7 144.2 277.9 300.0 256.2 202.9 193.0 149.3 173.7 228.1 260.6 261.8 228.0 261.4 264.2 301.8 308.1 277.3 225.4
-9999.0 -9999.0 -9999.0 -9999.0 -9999.0 -9999.0 -9999.0 -9999.0 -9999.0 -9999.0 -9999.0 -9999.0 -9999.0 -9999.0 -9999.0 -9999.0 -9999.0 -9999.0 -9999.0 -9999.0 -9999.0 -9999.0 -9999.0 -9999.0 -9999.0 -9999.0 -9999.0 -9999.0 -9999.0 -9999.0 -9999.0 -9999.0 -9999.0 -9999.0 -9999.0 -9999.0 -9999.0 -9999.0 -9999.0 -9999.0 -9999.0 -9999.0 -9999.0 -9999.0 -9999.0 -9999.0 -9999.0 -9999.0 -9999.0 -9999.0 171.9 330.8 301.7 577.3 331.4 246.2 382.1 271.0 330.6 192.2 208.6 192.5 160.9 178.2 236.0 260.6 243.5 227.7 242.6 345.0 338.9 416.7 298.4 275.4
-9999.0 -9999.0 -9999.0 -9999.0 -9999.0 -9999.0 -9999.0 -9999.0 -9999.0 -9999.0 -9999.0 -9999.0 -9999.0 -9999.0 -9999.0 -9999.0 -9999.0 -9999.0 -9999.0 -9999.0 -9999.0 -9999.0 -9999.0 -9999.0 -9999.0 -9999.0 -9999.0 -9999.0 -9999.0 -9999.0 -9999.0 -9999.0 -9999.0 -9999.0 -9999.0 -9999.0 -9999.0 -9999.0 -9999.0 -9999.0 -9999.0 -9999.0 -9999.0 -9999.0 -9999.0 -9999.0 -9999.0 -9999.0 -9999.0 -9999.0 299.0 476.5 411.6 455.1 385.6 410.3 204.0 292.0 292.4 188.8 206.2 161.3 143.2 191.9 246.9 273.2 290.2 290.3 351.4 225.6 326.1 337.0 316.6 269.8
-9999.0 -9999.0 -9999.0 -9999.0 -9999.0 -9999.0 -9999.0 -9999.0 -9999.0 -9999.0 -9999.0 -9999.0 -9999.0 -9999.0 -9999.0 -9999.0 -9999.0 -9999.0 -9999.0 -9999.0 -9999.0 -9999.0 -9999.0 -9999.0 -9999.0 -9999.0 -9999.0 -9999.0 -9999.0 -9999.0 -9999.0 -9999.0 -9999.0 -9999.0 -9999.0 -9999.0 -9999.0 -9999.0 -9999.0 -9999.0 -9999.0 -9999.0 -9999.0 -9999.0 -9999.0 -9999.0 -9999.0 -9999.0 -9999.0 -9999.0 -9999.0 -9999.0 -9999.0 330.9 293.5 286.4 309.8 348.7 240.7 231.8 376.9 216.2 253.3 281.3 307.5 317.6 339.9 293.0 341.2 323.3 281.9 267.5 244.5 218.0
-9999.0 -9999.0 -9999.0 -9999.0 -9999.0 -9999.0 -9999.0 -9999.0 -9999.0 -9999.0 -9999.0 -9999.0 -9999.0 -9999.0 -9999.0 -9999.0 -9999.0 -9999.0 -9999.0 -9999.0 -9999.0 -9999.0 -9999.0 -9999.0 -9999.0 -9999.0 -9999.0 -9999.0 -9999.0 -9999.0 -9999.0 -9999.0 -9999.0 -9999.0 -9999.0 -9999.0 -9999.0 -9999.0 -9999.0 -9999.0 -9999.0 -9999.0 -9999.0 -9999.0 -9999.0 -9999.0 -9999.0 -9999.0 -9999.0 -9999.0 -9999.0 -9999.0 -9999.0 358.8 312.6 541.3 335.5 294.6 338.7 442.2 363.7 408.1 441.5 542.1 501.1 432.8 340.4 370.2 252.0 235.9 231.5 272.3 296.7 308.8
-9999.0 -9999.0 -9999.0 -9999.0 -9999.0 -9999.0 -9999.0 -9999.0 -9999.0 -9999.0 -9999.0 -9999.0 -9999.0 -9999.0 -9999.0 -9999.0 -9999.0 -9999.0 -9999.0 -9999.0 -9999.0 -9999.0 -9999.0 -9999.0 -9999.0 -9999.0 -9999.0 -9999.0 -9999.0 -9999.0 -9999.0 -9999.0 -9999.0 -9999.0 -9999.0 -9999.0 -9999.0 -9999.0 -9999.0 -9999.0 -9999.0 -9999.0 -9999.0 -9999.0 -9999.0 -9999.0 -9999.0 -9999.0 -9999.0 -9999.0 -9999.0 -9999.0 -9999.0 420.1 305.8 453.1 389.8 331.6 385.0 434.3 549.6 623.1 680.4 670.2 718.9 -9999.0 -9999.0 -9999.0 284.8 225.6 305.4 452.1 563.1 589.2
-9999.0 -9999.0 -9999.0 -9999.0 -9999.0 -9999.0 -9999.0 -9999.0 -9999.0 -9999.0 -9999.0 -9999.0 -9999.0 -9999.0 -9999.0 -9999.0 -9999.0 -9999.0 -9999.0 -9999.0 -9999.0 -9999.0 -9999.0 -9999.0 -9999.0 -9999.0 -9999.0 -9999.0 -9999.0 -9999.0 -9999.0 -9999.0 -9999.0 -9999.0 -9999.0 -9999.0 -9999.0 -9999.0 -9999.0 -9999.0 -9999.0 -9999.0 -9999.0 -9999.0 -9999.0 -9999.0 -9999.0 -9999.0 -9999.0 -9999.0 -9999.0 -9999.0 -9999.0 -9999.0 468.3 440.3 312.3 290.6 442.5 596.4 592.2 -9999.0 -9999.0 -9999.0 -9999.0 -9999.0 -9999.0 -9999.0 294.2 326.6 484.8 682.7 844.8 832.2
-9999.0 -9999.0 -9999.0 -9999.0 -9999.0 -9999.0 -9999.0 -9999.0 -9999.0 -9999.0 -9999.0 -9999.0 -9999.0 -9999.0 -9999.0 -9999.0 -9999.0 -9999.0 -9999.0 -9999.0 -9999.0 -9999.0 -9999.0 -9999.0 -9999.0 -9999.0 -9999.0 -9999.0 -9999.0 -9999.0 -9999.0 -9999.0 -9999.0 -9999.0 -9999.0 -9999.0 -9999.0 -9999.0 -9999.0 -9999.0 -9999.0 -9999.0 -9999.0 -9999.0 -9999.0 -9999.0 -9999.0 -9999.0 -9999.0 -9999.0 -9999.0 -9999.0 -9999.0 -9999.0 -9999.0 421.9 571.2 409.1 422.7 587.6 699.7 -9999.0 -9999.0 -9999.0 -9999.0 -9999.0 -9999.0 -9999.0 -9999.0 -9999.0 574.1 -9999.0 -9999.0 -9999.0
