program/excelProcessViaJava/data/SURF_CLI_CHN_PRE_MON_GRID_0.5-200106.txt
NCOLS      128
NROWS       72
XLLCORNER    72.000000000000    
YLLCORNER    18.000000000000    
CELLSIZE    0.50000000000000    
NODATA_VALUE   -9999.000    
[rows 34 to 67 of 72, columns 0 to 74 of 128]
-9999.0 -9999.0 -9999.0 -9999.0 70.5 65.6 38.2 42.6 18.7 16.8 18.9 14.5 14.6 13.6 6.1 6.4 6.8 3.6 2.5 2.8 4.5 5.5 7.2 13.7 14.8 11.4 15.9 16.4 18.0 19.4 21.2 21.5 24.5 25.6 25.6 25.7 23.7 21.7 19.4 14.6 14.4 7.0 4.9 2.8 2.0 1.5 1.4 1.4 1.7 3.2 5.6 10.8 32.5 31.4 33.4 43.0 50.2 62.0 72.9 46.6 64.5 31.7 24.2 24.5 21.6 18.8 24.7 22.9 26.6 37.4 42.0 45.1 43.3 43.2 39.1
-9999.0 -9999.0 -9999.0 -9999.0 -9999.0 -9999.0 -9999.0 37.4 24.6 22.9 10.9 9.7 13.6 12.0 11.8 6.6 12.3 8.6 7.9 12.2 16.0 14.9 14.8 16.2 17.6 18.8 19.0 20.1 21.8 22.0 24.8 27.6 30.5 31.3 30.8 33.3 30.2 29.8 27.0 25.5 20.7 23.5 22.0 16.5 9.4 3.5 5.2 3.9 6.3 3.6 4.2 8.3 19.6 45.6 50.1 42.0 43.3 47.9 73.5 60.1 68.5 37.8 30.2 33.9 38.5 31.5 33.7 38.7 41.2 50.7 53.4 50.9 52.2 52.7 49.2
-9999.0 -9999.0 -9999.0 -9999.0 -9999.0 -9999.0 -9999.0 17.9 28.4 17.4 12.1 13.2 10.5 6.7 10.1 5.0 11.5 12.8 9.6 14.9 16.3 15.0 17.8 19.2 21.4 23.1 25.4 24.3 30.0 33.6 32.6 35.4 38.6 37.0 42.4 42.3 42.8 39.2 37.4 35.2 32.5 30.2 29.1 32.3 23.9 14.6 17.6 18.3 28.7 22.9 35.7 33.6 25.0 35.8 48.1 48.7 53.6 62.1 69.7 71.3 64.6 56.0 44.3 50.8 51.9 47.0 45.4 49.6 64.3 58.3 61.2 60.2 61.0 62.0 47.5
-9999.0 -9999.0 -9999.0 -9999.0 -9999.0 -9999.0 -9999.0 -9999.0 -9999.0 16.5 14.2 13.1 8.3 8.5 10.1 11.4 10.2 4.8 11.1 8.3 14.0 18.9 21.5 23.9 26.8 30.4 31.8 34.5 40.4 37.1 48.9 49.3 51.7 50.7 58.0 58.1 57.6 53.5 51.7 47.5 44.4 41.4 38.7 36.0 37.8 37.9 38.5 37.4 36.8 34.6 36.1 32.7 32.0 35.2 45.0 48.0 52.0 58.0 64.2 67.2 69.3 71.8 73.5 62.9 69.1 64.0 61.4 65.8 83.4 74.0 76.8 66.2 66.2 68.7 67.5
-9999.0 -9999.0 -9999.0 -9999.0 -9999.0 -9999.0 -9999.0 -9999.0 -9999.0 -9999.0 -9999.0 7.9 12.0 6.5 9.0 8.5 10.1 12.1 14.1 14.8 14.3 20.3 22.8 28.8 25.8 33.9 35.3 39.4 45.3 52.6 57.1 52.8 64.7 66.7 72.0 62.1 71.4 69.2 56.7 62.1 57.1 55.1 51.9 49.3 53.2 50.5 57.7 54.1 52.8 46.6 38.0 36.3 36.9 40.9 45.5 46.6 49.0 54.2 60.1 65.9 71.1 75.0 79.4 83.0 87.1 72.6 70.4 81.9 93.9 101.6 94.9 89.5 75.7 64.8 36.0
-9999.0 -9999.0 -9999.0 -9999.0 -9999.0 -9999.0 -9999.0 -9999.0 -9999.0 -9999.0 -9999.0 -9999.0 10.7 10.6 7.2 10.1 5.6 10.9 12.7 9.5 21.4 23.5 27.5 34.8 20.3 42.5 51.8 47.8 55.4 49.0 64.7 71.8 75.8 70.5 73.6 81.2 68.5 82.5 84.6 82.0 76.6 71.7 68.0 66.3 65.9 67.9 71.2 68.2 64.9 58.1 55.2 50.1 46.0 45.6 48.2 50.2 51.8 56.0 61.6 67.8 73.3 75.3 79.0 86.6 85.4 97.2 82.8 96.3 110.9 126.2 95.6 66.0 63.4 64.1 73.0
-9999.0 -9999.0 -9999.0 -9999.0 -9999.0 -9999.0 -9999.0 -9999.0 -9999.0 -9999.0 -9999.0 -9999.0 4.6 10.1 11.0 8.5 13.2 13.7 11.1 15.4 19.8 21.7 28.7 40.2 52.8 54.7 60.3 73.4 71.2 82.7 76.1 68.3 81.3 87.4 86.0 95.7 83.9 86.8 93.6 94.4 93.8 89.3 82.8 82.8 81.5 82.7 82.8 82.6 75.6 72.7 65.3 61.8 57.8 58.8 58.6 60.5 61.7 65.2 70.2 75.0 76.8 75.4 78.7 85.9 77.3 89.6 67.4 76.1 88.6 115.1 153.4 171.6 164.4 151.8 140.6
-9999.0 -9999.0 -9999.0 -9999.0 -9999.0 -9999.0 -9999.0 -9999.0 -9999.0 -9999.0 -9999.0 -9999.0 -9999.0 7.3 4.8 11.1 9.9 14.0 17.3 20.9 23.4 33.4 32.8 51.2 57.7 48.3 54.1 49.9 66.8 76.2 92.9 99.6 81.7 84.0 108.6 108.4 108.7 104.0 77.2 96.2 99.3 96.3 98.1 95.0 96.9 95.4 95.9 97.7 96.9 91.9 85.2 78.7 76.1 78.7 77.9 78.3 80.4 84.0 87.9 89.8 88.6 82.0 83.7 79.5 61.2 72.5 83.1 81.3 94.1 100.8 88.6 119.1 167.5 180.1 167.0
-9999.0 -9999.0 -9999.0 -9999.0 -9999.0 -9999.0 -9999.0 -9999.0 -9999.0 -9999.0 -9999.0 -9999.0 5.6 3.1 4.4 8.4 5.2 9.8 12.8 22.5 28.9 36.6 42.4 55.1 68.1 56.0 68.3 82.3 87.7 86.9 96.9 116.6 84.4 105.0 101.3 114.7 98.5 123.6 122.1 113.5 94.3 90.9 93.7 114.1 111.9 110.6 110.1 111.6 113.2 110.8 106.2 102.6 99.6 100.0 100.2 101.3 105.1 110.5 113.8 111.1 105.8 103.3 95.6 101.4 90.7 79.4 61.7 70.6 94.3 129.7 150.0 161.8 171.3 161.1 160.2
-9999.0 -9999.0 -9999.0 -9999.0 -9999.0 -9999.0 -9999.0 -9999.0 -9999.0 -9999.0 -9999.0 -9999.0 2.7 5.9 5.8 1.7 3.3 10.8 14.5 15.3 28.7 31.5 42.2 54.4 73.1 87.3 92.8 99.1 102.4 116.1 123.9 120.6 95.1 129.2 128.1 117.7 130.9 124.5 124.4 129.4 121.2 127.2 131.1 130.8 129.0 125.5 122.1 124.3 126.2 127.3 123.6 122.1 122.7 124.6 125.9 125.9 132.5 140.8 143.0 145.1 141.2 136.9 104.9 91.9 85.9 61.3 69.2 64.4 76.7 101.8 136.8 170.4 192.5 203.0 187.0
-9999.0 -9999.0 -9999.0 -9999.0 -9999.0 -9999.0 -9999.0 -9999.0 -9999.0 -9999.0 -9999.0 -9999.0 4.4 2.5 4.8 5.0 6.4 3.7 9.5 13.6 11.9 16.9 39.3 42.2 61.8 53.7 71.7 58.3 104.4 113.1 123.5 92.6 133.7 148.9 140.3 123.0 122.6 121.5 128.9 113.5 125.1 150.6 127.6 163.6 144.0 130.4 127.3 130.9 132.5 130.8 130.6 131.7 141.8 149.7 155.8 147.6 163.9 176.7 183.1 167.4 156.4 146.8 164.5 105.4 65.6 60.7 58.4 63.0 86.5 129.3 168.9 186.2 201.9 193.8 153.8
-9999.0 -9999.0 -9999.0 -9999.0 -9999.0 -9999.0 -9999.0 -9999.0 -9999.0 -9999.0 -9999.0 -9999.0 -9999.0 0.7 1.0 3.3 3.7 6.0 5.7 7.6 4.5 21.2 23.2 27.4 58.7 62.4 74.5 89.5 80.6 120.0 90.8 109.2 106.6 136.6 120.9 78.5 84.4 116.5 116.0 128.7 136.6 112.8 117.9 137.5 154.3 141.5 128.5 125.5 122.4 122.3 119.1 137.5 147.3 151.1 180.0 195.1 185.4 202.3 220.3 231.4 214.4 223.8 184.1 95.6 68.5 69.0 72.7 85.7 124.4 158.4 191.9 206.6 186.5 196.9 172.8
-9999.0 -9999.0 -9999.0 -9999.0 -9999.0 -9999.0 -9999.0 -9999.0 -9999.0 -9999.0 -9999.0 -9999.0 -9999.0 2.5 0.9 2.1 1.1 4.5 6.6 8.4 4.5 8.7 12.6 24.8 61.5 57.6 59.7 83.1 82.6 36.8 56.8 72.7 109.6 108.4 78.2 74.4 97.1 105.1 97.5 75.0 123.4 130.6 137.7 139.4 117.2 127.6 118.2 106.0 101.3 100.7 114.6 106.1 143.0 172.3 198.4 217.0 219.7 240.7 263.9 217.2 253.6 175.5 116.6 102.6 92.1 96.5 106.7 128.0 155.1 182.5 185.9 172.5 169.4 168.2 164.7
-9999.0 -9999.0 -9999.0 -9999.0 -9999.0 -9999.0 -9999.0 -9999.0 -9999.0 -9999.0 -9999.0 -9999.0 -9999.0 -9999.0 -9999.0 1.4 2.3 2.4 5.4 11.2 6.9 18.3 28.1 31.7 32.6 40.3 18.2 38.4 21.8 60.3 53.2 70.9 45.3 56.2 76.6 43.4 40.9 108.5 101.1 105.9 94.1 103.1 119.1 128.8 137.5 125.2 103.3 85.5 85.0 64.2 83.8 125.1 123.9 151.9 129.1 212.6 246.6 220.3 296.4 303.9 213.7 158.3 160.7 141.3 138.1 154.6 168.5 179.7 178.7 160.7 149.5 133.6 127.6 149.9 167.2
-9999.0 -9999.0 -9999.0 -9999.0 -9999.0 -9999.0 -9999.0 -9999.0 -9999.0 -9999.0 -9999.0 -9999.0 -9999.0 -9999.0 -9999.0 -9999.0 -9999.0 10.7 14.8 -9999.0 29.4 15.5 38.9 46.8 28.7 35.4 13.0 25.3 44.8 26.5 45.3 77.8 28.0 97.8 124.5 66.1 32.5 105.0 82.3 90.1 93.2 88.5 105.2 113.8 143.3 112.3 141.6 84.9 63.1 68.6 50.1 73.2 63.1 132.3 168.6 205.5 215.8 278.8 299.0 312.7 200.1 181.9 172.0 171.3 179.3 202.0 213.7 193.4 172.6 152.4 152.0 126.4 139.0 162.4 187.8
-9999.0 -9999.0 -9999.0 -9999.0 -9999.0 -9999.0 -9999.0 -9999.0 -9999.0 -9999.0 -9999.0 -9999.0 -9999.0 -9999.0 -9999.0 -9999.0 -9999.0 -9999.0 -9999.0 -9999.0 -9999.0 31.5 27.1 11.5 28.9 61.7 54.9 47.2 36.5 51.7 44.7 92.5 86.9 77.2 85.2 48.1 49.8 57.1 73.0 91.9 95.3 77.2 83.5 90.8 127.4 90.0 180.1 71.5 77.0 110.7 59.7 104.2 114.9 75.0 120.0 182.7 219.8 233.0 297.1 293.7 220.4 190.7 160.3 162.1 199.2 226.8 230.2 191.0 171.0 158.7 153.8 150.9 161.3 180.8 189.6
-9999.0 -9999.0 -9999.0 -9999.0 -9999.0 -9999.0 -9999.0 -9999.0 -9999.0 -9999.0 -9999.0 -9999.0 -9999.0 -9999.0 -9999.0 -9999.0 -9999.0 -9999.0 -9999.0 -9999.0 -9999.0 -9999.0 -9999.0 102.1 52.9 58.4 54.6 40.7 17.7 34.5 29.5 29.8 14.4 30.9 23.9 26.1 24.6 37.0 41.0 49.8 59.7 64.8 72.6 82.0 117.7 231.4 112.2 84.5 85.4 80.2 49.5 78.6 52.0 70.6 74.4 75.7 166.7 228.3 201.3 267.3 236.1 217.3 178.0 139.3 153.2 212.9 228.4 190.7 176.3 176.0 184.2 183.9 185.4 198.8 179.3
-9999.0 -9999.0 -9999.0 -9999.0 -9999.0 -9999.0 -9999.0 -9999.0 -9999.0 -9999.0 -9999.0 -9999.0 -9999.0 -9999.0 -9999.0 -9999.0 -9999.0 -9999.0 -9999.0 -9999.0 -9999.0 -9999.0 -9999.0 -9999.0 -9999.0 158.7 95.6 5.9 8.7 3.0 14.0 37.6 45.3 32.4 38.5 22.4 18.2 31.9 36.8 47.9 53.9 58.2 104.0 106.5 205.0 264.2 199.3 290.2 70.8 82.7 75.2 64.6 82.4 83.0 62.2 75.2 130.1 150.7 217.6 235.5 244.4 232.7 257.7 155.0 154.5 194.3 207.7 198.8 215.1 217.0 211.7 202.9 178.5 203.0 213.4
-9999.0 -9999.0 -9999.0 -9999.0 -9999.0 -9999.0 -9999.0 -9999.0 -9999.0 -9999.0 -9999.0 -9999.0 -9999.0 -9999.0 -9999.0 -9999.0 -9999.0 -9999.0 -9999.0 -9999.0 -9999.0 -9999.0 -9999.0 -9999.0 -9999.0 -9999.0 -9999.0 179.8 180.6 85.5 73.7 72.8 19.8 80.2 40.0 102.7 40.0 41.4 55.1 50.4 57.0 62.4 129.5 222.6 256.6 300.8 336.8 348.2 344.3 170.9 237.1 202.6 74.7 75.6 74.4 93.0 101.5 129.8 183.5 202.6 251.0 238.5 188.2 152.7 146.9 159.7 215.5 247.4 253.4 239.9 212.0 193.8 167.7 194.5 203.4
-9999.0 -9999.0 -9999.0 -9999.0 -9999.0 -9999.0 -9999.0 -9999.0 -9999.0 -9999.0 -9999.0 -9999.0 -9999.0 -9999.0 -9999.0 -9999.0 -9999.0 -9999.0 -9999.0 -9999.0 -9999.0 -9999.0 -9999.0 -9999.0 -9999.0 -9999.0 -9999.0 -9999.0 -9999.0 -9999.0 -9999.0 -9999.0 -9999.0 132.4 66.9 -9999.0 -9999.0 -9999.0 104.0 68.2 96.3 138.4 136.9 269.4 322.0 350.3 -9999.0 -9999.0 -9999.0 -9999.0 -9999.0 -9999.0 135.0 95.4 104.2 104.3 111.8 142.3 166.8 224.6 252.5 243.5 209.9 179.7 178.9 210.4 270.5 314.2 298.5 240.4 189.6 165.8 171.1 185.6 238.4
-9999.0 -9999.0 -9999.0 -9999.0 -9999.0 -9999.0 -9999.0 -9999.0 -9999.0 -9999.0 -9999.0 -9999.0 -9999.0 -9999.0 -9999.0 -9999.0 -9999.0 -9999.0 -9999.0 -9999.0 -9999.0 -9999.0 -9999.0 -9999.0 -9999.0 -9999.0 -9999.0 -9999.0 -9999.0 -9999.0 -9999.0 -9999.0 -9999.0 -9999.0 -9999.0 -9999.0 -9999.0 -9999.0 -9999.0 205.8 224.1 251.4 283.9 318.5 -9999.0 -9999.0 -9999.0 -9999.0 -9999.0 -9999.0 -9999.0 -9999.0 160.5 124.5 114.0 113.6 121.9 147.0 192.8 244.7 273.3 255.0 235.8 221.6 240.2 275.5 328.6 388.7 335.7 244.9 179.4 162.0 172.1 204.0 251.3
-9999.0 -9999.0 -9999.0 -9999.0 -9999.0 -9999.0 -9999.0 -9999.0 -9999.0 -9999.0 -9999.0 -9999.0 -9999.0 -9999.0 -9999.0 -9999.0 -9999.0 -9999.0 -9999.0 -9999.0 -9999.0 -9999.0 -9999.0 -9999.0 -9999.0 -9999.0 -9999.0 -9999.0 -9999.0 -9999.0 -9999.0 -9999.0 -9999.0 -9999.0 -9999.0 -9999.0 -9999.0 -9999.0 -9999.0 -9999.0 -9999.0 -9999.0 -9999.0 -9999.0 -9999.0 -9999.0 -9999.0 -9999.0 -9999.0 -9999.0 -9999.0 -9999.0 282.2 161.8 137.8 136.7 118.6 139.9 182.0 227.9 250.3 249.7 263.7 263.3 294.1 349.3 437.6 453.3 372.3 266.0 201.8 191.2 204.9 233.1 274.5
-9999.0 -9999.0 -9999.0 -9999.0 -9999.0 -9999.0 -9999.0 -9999.0 -9999.0 -9999.0 -9999.0 -9999.0 -9999.0 -9999.0 -9999.0 -9999.0 -9999.0 -9999.0 -9999.0 -9999.0 -9999.0 -9999.0 -9999.0 -9999.0 -9999.0 -9999.0 -9999.0 -9999.0 -9999.0 -9999.0 -9999.0 -9999.0 -9999.0 -9999.0 -9999.0 -9999.0 -9999.0 -9999.0 -9999.0 -9999.0 -9999.0 -9999.0 -9999.0 -9999.0 -9999.0 -9999.0 -9999.0 -9999.0 -9999.0 -9999.0 -9999.0 401.8 273.0 207.4 151.7 136.2 128.0 158.5 182.8 180.7 243.8 249.0 249.0 285.0 327.4 380.6 456.2 419.8 391.5 306.2 255.1 245.1 257.3 285.5 321.9
-9999.0 -9999.0 -9999.0 -9999.0 -9999.0 -9999.0 -9999.0 -9999.0 -9999.0 -9999.0 -9999.0 -9999.0 -9999.0 -9999.0 -9999.0 -9999.0 -9999.0 -9999.0 -9999.0 -9999.0 -9999.0 -9999.0 -9999.0 -9999.0 -9999.0 -9999.0 -9999.0 -9999.0 -9999.0 -9999.0 -9999.0 -9999.0 -9999.0 -9999.0 -9999.0 -9999.0 -9999.0 -9999.0 -9999.0 -9999.0 -9999.0 -9999.0 -9999.0 -9999.0 -9999.0 -9999.0 -9999.0 -9999.0 -9999.0 -9999.0 537.6 447.3 342.2 272.8 210.6 182.0 151.3 153.1 194.3 232.9 223.7 247.5 247.1 281.1 331.7 372.1 384.4 393.4 378.2 334.3 314.7 301.2 304.8 324.8 335.7
-9999.0 -9999.0 -9999.0 -9999.0 -9999.0 -9999.0 -9999.0 -9999.0 -9999.0 -9999.0 -9999.0 -9999.0 -9999.0 -9999.0 -9999.0 -9999.0 -9999.0 -9999.0 -9999.0 -9999.0 -9999.0 -9999.0 -9999.0 -9999.0 -9999.0 -9999.0 -9999.0 -9999.0 -9999.0 -9999.0 -9999.0 -9999.0 -9999.0 -9999.0 -9999.0 -9999.0 -9999.0 -9999.0 -9999.0 -9999.0 -9999.0 -9999.0 -9999.0 -9999.0 -9999.0 -9999.0 -9999.0 -9999.0 -9999.0 -9999.0 579.2 518.3 473.7 365.4 299.1 237.7 168.0 232.5 253.7 244.6 224.3 225.1 227.9 257.2 292.0 294.8 312.2 310.2 340.3 336.0 353.2 348.9 343.5 352.4 359.5
-9999.0 -9999.0 -9999.0 -9999.0 -9999.0 -9999.0 -9999.0 -9999.0 -9999.0 -9999.0 -9999.0 -9999.0 -9999.0 -9999.0 -9999.0 -9999.0 -9999.0 -9999.0 -9999.0 -9999.0 -9999.0 -9999.0 -9999.0 -9999.0 -9999.0 -9999.0 -9999.0 -9999.0 -9999.0 -9999.0 -9999.0 -9999.0 -9999.0 -9999.0 -9999.0 -9999.0 -9999.0 -9999.0 -9999.0 -9999.0 -9999.0 -9999.0 -9999.0 -9999.0 -9999.0 -9999.0 -9999.0 -9999.0 -9999.0 -9999.0 565.9 607.2 520.8 466.7 364.2 285.5 317.2 275.0 307.1 255.6 263.8 249.0 229.9 218.7 226.5 235.3 247.3 264.2 288.4 371.1 374.1 413.6 370.0 376.0 361.6
-9999.0 -9999.0 -9999.0 -9999.0 -9999.0 -9999.0 -9999.0 -9999.0 -9999.0 -9999.0 -9999.0 -9999.0 -9999.0 -9999.0 -9999.0 -9999.0 -9999.0 -9999.0 -9999.0 -9999.0 -9999.0 -9999.0 -9999.0 -9999.0 -9999.0 -9999.0 -9999.0 -9999.0 -9999.0 -9999.0 -9999.0 -9999.0 -9999.0 -9999.0 -9999.0 -9999.0 -9999.0 -9999.0 -9999.0 -9999.0 -9999.0 -9999.0 -9999.0 -9999.0 -9999.0 -9999.0 -9999.0 -9999.0 -9999.0 -9999.0 663.4 667.2 592.3 532.8 446.5 406.0 261.3 317.6 330.0 289.6 319.4 286.7 227.4 209.7 196.2 201.1 239.9 282.6 351.4 256.8 365.6 387.7 394.7 383.5 356.7
-9999.0 -9999.0 -9999.0 -9999.0 -9999.0 -9999.0 -9999.0 -9999.0 -9999.0 -9999.0 -9999.0 -9999.0 -9999.0 -9999.0 -9999.0 -9999.0 -9999.0 -9999.0 -9999.0 -9999.0 -9999.0 -9999.0 -9999.0 -9999.0 -9999.0 -9999.0 -9999.0 -9999.0 -9999.0 -9999.0 -9999.0 -9999.0 -9999.0 -9999.0 -9999.0 -9999.0 -9999.0 -9999.0 -9999.0 -9999.0 -9999.0 -9999.0 -9999.0 -9999.0 -9999.0 -9999.0 -9999.0 -9999.0 -9999.0 -9999.0 -9999.0 -9999.0 -9999.0 506.8 427.1 365.1 344.3 362.7 273.6 317.3 445.8 308.4 338.3 255.0 203.3 193.0 242.8 258.2 338.8 355.7 343.5 350.1 361.5 366.7 363.5
-9999.0 -9999.0 -9999.0 -9999.0 -9999.0 -9999.0 -9999.0 -9999.0 -9999.0 -9999.0 -9999.0 -9999.0 -9999.0 -9999.0 -9999.0 -9999.0 -9999.0 -9999.0 -9999.0 -9999.0 -9999.0 -9999.0 -9999.0 -9999.0 -9999.0 -9999.0 -9999.0 -9999.0 -9999.0 -9999.0 -9999.0 -9999.0 -9999.0 -9999.0 -9999.0 -9999.0 -9999.0 -9999.0 -9999.0 -9999.0 -9999.0 -9999.0 -9999.0 -9999.0 -9999.0 -9999.0 -9999.0 -9999.0 -9999.0 -9999.0 -9999.0 -9999.0 -9999.0 481.8 383.9 501.2 335.8 282.5 333.9 471.3 402.0 329.2 455.7 279.2 231.8 207.0 168.3 297.5 259.7 291.5 301.3 344.5 392.0 417.9 410.7
-9999.0 -9999.0 -9999.0 -9999.0 -9999.0 -9999.0 -9999.0 -9999.0 -9999.0 -9999.0 -9999.0 -9999.0 -9999.0 -9999.0 -9999.0 -9999.0 -9999.0 -9999.0 -9999.0 -9999.0 -9999.0 -9999.0 -9999.0 -9999.0 -9999.0 -9999.0 -9999.0 -9999.0 -9999.0 -9999.0 -9999.0 -9999.0 -9999.0 -9999.0 -9999.0 -9999.0 -9999.0 -9999.0 -9999.0 -9999.0 -9999.0 -9999.0 -9999.0 -9999.0 -9999.0 -9999.0 -9999.0 -9999.0 -9999.0 -9999.0 -9999.0 -9999.0 -9999.0 456.8 297.1 404.4 357.8 299.1 329.2 342.7 459.9 454.8 530.1 450.3 203.2 -9999.0 -9999.0 -9999.0 282.4 265.0 333.9 441.0 529.8 561.5 513.2
-9999.0 -9999.0 -9999.0 -9999.0 -9999.0 -9999.0 -9999.0 -9999.0 -9999.0 -9999.0 -9999.0 -9999.0 -9999.0 -9999.0 -9999.0 -9999.0 -9999.0 -9999.0 -9999.0 -9999.0 -9999.0 -9999.0 -9999.0 -9999.0 -9999.0 -9999.0 -9999.0 -9999.0 -9999.0 -9999.0 -9999.0 -9999.0 -9999.0 -9999.0 -9999.0 -9999.0 -9999.0 -9999.0 -9999.0 -9999.0 -9999.0 -9999.0 -9999.0 -9999.0 -9999.0 -9999.0 -9999.0 -9999.0 -9999.0 -9999.0 -9999.0 -9999.0 -9999.0 -9999.0 388.3 357.2 252.2 215.5 330.6 435.8 268.2 -9999.0 -9999.0 -9999.0 -9999.0 -9999.0 -9999.0 -9999.0 226.7 310.1 450.4 526.6 645.6 694.1 597.5
-9999.0 -9999.0 -9999.0 -9999.0 -9999.0 -9999.0 -9999.0 -9999.0 -9999.0 -9999.0 -9999.0 -9999.0 -9999.0 -9999.0 -9999.0 -9999.0 -9999.0 -9999.0 -9999.0 -9999.0 -9999.0 -9999.0 -9999.0 -9999.0 -9999.0 -9999.0 -9999.0 -9999.0 -9999.0 -9999.0 -9999.0 -9999.0 -9999.0 -9999.0 -9999.0 -9999.0 -9999.0 -9999.0 -9999.0 -9999.0 -9999.0 -9999.0 -9999.0 -9999.0 -9999.0 -9999.0 -9999.0 -9999.0 -9999.0 -9999.0 -9999.0 -9999.0 -9999.0 -9999.0 -9999.0 303.6 432.8 278.4 225.8 307.9 292.1 -9999.0 -9999.0 -9999.0 -9999.0 -9999.0 -9999.0 -9999.0 -9999.0 -9999.0 417.6 -9999.0 -9999.0 -9999.0 -9999.0
-9999.0 -9999.0 -9999.0 -9999.0 -9999.0 -9999.0 -9999.0 -9999.0 -9999.0 -9999.0 -9999.0 -9999.0 -9999.0 -9999.0 -9999.0 -9999.0 -9999.0 -9999.0 -9999.0 -9999.0 -9999.0 -9999.0 -9999.0 -9999.0 -9999.0 -9999.0 -9999.0 -9999.0 -9999.0 -9999.0 -9999.0 -9999.0 -9999.0 -9999.0 -9999.0 -9999.0 -9999.0 -9999.0 -9999.0 -9999.0 -9999.0 -9999.0 -9999.0 -9999.0 -9999.0 -9999.0 -9999.0 -9999.0 -9999.0 -9999.0 -9999.0 -9999.0 -9999.0 -9999.0 -9999.0 -9999.0 -9999.0 -9999.0 267.9 214.6 -9999.0 -9999.0 -9999.0 -9999.0 -9999.0 -9999.0 -9999.0 -9999.0 -9999.0 -9999.0 -9999.0 -9999.0 -9999.0 -9999.0 -9999.0
-9999.0 -9999.0 -9999.0 -9999.0 -9999.0 -9999.0 -9999.0 -9999.0 -9999.0 -9999.0 -9999.0 -9999.0 -9999.0 -9999.0 -9999.0 -9999.0 -9999.0 -9999.0 -9999.0 -9999.0 -9999.0 -9999.0 -9999.0 -9999.0 -9999.0 -9999.0 -9999.0 -9999.0 -9999.0 -9999.0 -9999.0 -9999.0 -9999.0 -9999.0 -9999.0 -9999.0 -9999.0 -9999.0 -9999.0 -9999.0 -9999.0 -9999.0 -9999.0 -9999.0 -9999.0 -9999.0 -9999.0 -9999.0 -9999.0 -9999.0 -9999.0 -9999.0 -9999.0 -9999.0 -9999.0 -9999.0 -9999.0 -9999.0 -9999.0 -9999.0 -9999.0 -9999.0 -9999.0 -9999.0 -9999.0 -9999.0 -9999.0 -9999.0 -9999.0 -9999.0 -9999.0 -9999.0 -9999.0 -9999.0 -9999.0
