program/excelProcessViaJava/data/SURF_CLI_CHN_PRE_MON_GRID_0.5-201403.txt
NCOLS      128
NROWS       72
XLLCORNER    72.000000000000    
YLLCORNER    18.000000000000    
CELLSIZE    0.50000000000000    
NODATA_VALUE   -9999.000    
[rows 35 to 69 of 72, columns 0 to 78 of 128]
-9999.0 -9999.0 -9999.0 -9999.0 -9999.0 0.0 2.6 0.2 0.6 0.3 1.2 1.0 0.3 0.3 0.2 0.2 0.1 0.2 0.2 0.1 0.0 0.0 0.0 0.0 0.0 0.0 0.0 0.0 0.0 0.1 0.1 0.1 0.2 0.2 0.4 0.4 1.0 1.3 3.0 4.7 2.3 8.8 8.4 4.4 1.5 0.4 0.8 0.7 1.3 1.2 1.2 1.5 1.9 6.2 4.5 0.6 0.9 2.1 13.2 6.8 18.2 4.1 3.9 7.2 10.9 9.5 12.5 15.3 14.7 15.4 12.4 13.3 19.7 25.6 27.5 28.4 18.9 19.9 22.7
-9999.0 -9999.0 -9999.0 -9999.0 -9999.0 -9999.0 -9999.0 1.1 0.1 0.3 0.4 0.2 0.2 0.3 0.2 0.2 0.1 0.0 0.0 0.0 0.0 0.0 0.0 0.0 0.0 0.0 0.0 0.0 0.0 0.1 0.1 0.1 0.2 0.2 0.2 0.3 0.4 1.1 1.8 2.7 4.5 6.2 7.9 12.2 5.0 2.0 2.7 3.1 5.6 4.7 8.1 6.6 3.4 3.5 7.3 1.2 1.5 4.6 12.6 18.6 14.0 9.7 5.0 8.1 9.2 9.3 9.9 10.8 15.6 13.8 15.8 19.7 27.5 33.3 25.8 29.8 22.1 13.3 10.2
-9999.0 -9999.0 -9999.0 -9999.0 -9999.0 -9999.0 -9999.0 0.1 0.0 0.2 0.2 0.1 0.2 0.2 0.1 0.1 0.0 0.0 0.0 0.0 0.0 0.0 0.0 0.0 0.0 0.0 0.0 0.0 0.0 0.1 0.1 0.1 0.2 0.2 0.2 0.2 0.3 0.6 0.9 2.1 3.1 5.6 6.5 6.1 7.3 6.6 6.4 6.3 7.2 7.8 9.1 7.7 6.3 5.3 10.0 3.3 2.2 5.0 14.7 17.2 16.8 17.6 15.6 6.3 7.6 6.7 6.0 7.2 13.8 17.4 23.9 29.5 34.1 36.3 34.4 15.9 12.2 10.0 9.0
-9999.0 -9999.0 -9999.0 -9999.0 -9999.0 -9999.0 -9999.0 -9999.0 -9999.0 -9999.0 0.1 0.2 0.1 0.1 0.1 0.1 0.0 0.0 0.0 0.0 0.0 0.0 0.0 0.0 0.0 0.0 0.0 0.0 0.1 0.1 0.2 0.2 0.2 0.2 0.2 0.3 0.2 0.4 1.8 1.5 3.4 4.3 5.1 5.6 9.6 6.7 10.7 8.8 10.9 11.6 10.9 11.0 11.0 13.3 18.5 14.0 8.5 13.3 15.5 16.4 18.9 14.9 11.3 8.2 9.9 4.2 3.7 6.8 13.1 20.9 30.5 39.1 37.4 28.8 14.9 12.9 11.9 12.7 11.4
-9999.0 -9999.0 -9999.0 -9999.0 -9999.0 -9999.0 -9999.0 -9999.0 -9999.0 -9999.0 -9999.0 0.1 0.1 0.1 0.1 0.1 0.0 0.0 0.0 0.0 0.0 0.0 0.0 0.0 0.0 0.0 0.0 0.1 0.1 0.2 0.2 0.3 0.3 0.3 0.3 0.2 0.5 0.3 0.4 0.8 1.6 3.0 4.6 7.1 7.8 9.1 11.2 9.4 12.2 15.0 19.5 20.4 19.6 19.7 23.6 26.5 26.0 31.1 15.1 24.1 18.0 22.7 22.5 16.1 9.1 14.8 7.7 11.4 17.1 23.4 32.6 30.1 24.8 20.5 20.9 30.2 21.0 20.6 18.3
-9999.0 -9999.0 -9999.0 -9999.0 -9999.0 -9999.0 -9999.0 -9999.0 -9999.0 -9999.0 -9999.0 -9999.0 0.2 0.1 0.1 0.1 0.1 0.1 0.0 0.0 0.0 0.0 0.0 0.0 0.0 0.0 0.1 0.1 0.2 0.3 0.4 0.5 0.6 0.5 0.4 0.3 0.5 0.6 0.7 1.2 1.9 3.2 7.1 6.5 9.7 12.7 10.5 11.2 12.0 18.3 21.7 25.7 25.8 31.0 29.0 35.7 30.4 33.1 23.3 20.1 17.7 20.0 27.9 32.9 16.1 18.2 13.6 17.9 24.4 29.6 32.4 36.7 40.1 40.3 35.0 28.3 26.5 27.2 26.7
-9999.0 -9999.0 -9999.0 -9999.0 -9999.0 -9999.0 -9999.0 -9999.0 -9999.0 -9999.0 -9999.0 -9999.0 0.2 0.2 0.2 0.2 0.1 0.1 0.1 0.1 0.1 0.1 0.0 0.1 0.1 0.1 0.1 0.2 0.3 0.5 0.8 1.1 1.1 1.0 0.7 0.5 0.4 0.7 3.3 3.1 4.5 7.5 9.1 13.3 11.6 10.7 13.3 16.1 18.7 21.4 24.9 25.7 27.5 41.8 41.3 39.7 34.2 38.5 49.6 39.0 34.0 29.1 36.1 27.0 25.6 27.1 27.8 27.4 31.1 35.7 38.4 42.7 44.9 42.4 38.2 33.4 31.5 31.6 23.6
-9999.0 -9999.0 -9999.0 -9999.0 -9999.0 -9999.0 -9999.0 -9999.0 -9999.0 -9999.0 -9999.0 0.6 0.6 0.5 0.4 0.4 0.2 0.2 0.2 0.3 0.2 0.2 0.2 0.2 0.2 0.1 0.2 0.3 0.6 0.9 1.4 1.9 2.0 1.8 1.5 1.0 1.2 1.0 1.9 4.2 10.6 17.2 22.4 14.4 16.4 16.4 14.2 12.3 15.1 18.1 24.5 30.5 26.5 32.7 30.0 29.9 37.6 23.0 38.1 34.8 38.4 46.6 44.7 53.5 41.9 38.4 23.7 28.4 36.0 40.1 43.1 48.4 45.8 35.0 32.8 31.9 28.7 24.1 17.3
-9999.0 -9999.0 -9999.0 -9999.0 -9999.0 -9999.0 -9999.0 -9999.0 -9999.0 -9999.0 -9999.0 1.6 1.4 1.8 1.4 0.8 0.6 0.9 0.8 0.4 0.8 0.4 0.4 0.4 0.6 0.7 0.7 0.8 1.1 1.6 2.3 2.9 3.1 3.2 2.5 2.0 1.7 2.3 4.1 7.1 12.2 15.4 17.6 19.5 20.0 20.4 23.1 19.4 16.8 9.9 12.0 19.9 16.3 15.3 16.4 13.9 21.7 30.5 32.4 48.1 57.7 67.3 46.1 41.4 43.0 31.1 38.1 29.4 31.4 35.0 40.4 46.4 46.9 45.4 41.1 35.6 28.0 23.3 16.5
-9999.0 -9999.0 -9999.0 -9999.0 -9999.0 -9999.0 -9999.0 -9999.0 -9999.0 -9999.0 -9999.0 -9999.0 5.0 3.2 4.3 3.3 3.1 1.6 1.9 1.7 0.9 0.8 1.4 0.9 1.1 0.7 0.8 0.6 1.5 1.9 2.6 3.2 4.4 4.6 4.0 3.3 3.2 4.5 7.5 14.3 19.9 20.6 31.4 18.1 24.1 29.7 28.6 18.2 8.7 7.4 8.3 6.2 25.1 29.0 18.8 6.6 14.3 24.8 36.3 37.3 46.5 54.6 87.0 43.2 27.3 19.6 25.1 29.7 33.3 33.7 38.3 50.1 51.8 48.1 39.4 35.5 28.2 21.1 16.6
-9999.0 -9999.0 -9999.0 -9999.0 -9999.0 -9999.0 -9999.0 -9999.0 -9999.0 -9999.0 -9999.0 -9999.0 8.0 6.4 5.8 7.1 6.1 6.2 4.4 3.7 2.5 3.4 2.6 2.0 3.0 2.2 1.9 1.8 1.3 2.0 2.0 3.2 4.4 5.2 5.1 5.7 6.3 7.3 12.4 19.2 26.6 40.8 46.9 40.6 26.2 24.5 26.7 10.7 15.5 9.8 3.2 10.6 8.2 4.0 15.1 17.0 7.0 13.5 29.8 58.1 61.9 108.7 80.2 26.2 12.3 16.6 23.5 31.8 37.2 46.7 53.8 60.6 60.1 56.2 47.5 39.0 30.8 23.3 19.9
-9999.0 -9999.0 -9999.0 -9999.0 -9999.0 -9999.0 -9999.0 -9999.0 -9999.0 -9999.0 -9999.0 -9999.0 -9999.0 20.6 11.9 13.9 10.2 13.1 11.9 10.0 6.9 6.4 5.5 5.4 7.6 4.7 3.1 2.8 1.6 0.9 1.2 1.9 3.1 4.3 5.6 6.7 7.3 10.1 17.5 34.2 34.4 41.8 45.2 44.4 56.0 34.0 27.6 12.9 10.7 7.0 8.3 1.7 6.3 13.1 19.0 14.3 7.6 13.1 30.8 24.1 61.9 35.6 24.0 14.2 13.6 19.5 30.7 42.6 56.1 70.5 82.2 81.4 74.4 64.5 55.8 47.1 39.6 32.7 23.0
-9999.0 -9999.0 -9999.0 -9999.0 -9999.0 -9999.0 -9999.0 -9999.0 -9999.0 -9999.0 -9999.0 -9999.0 -9999.0 -9999.0 78.4 24.4 25.2 21.6 22.7 23.9 16.4 18.0 17.1 13.8 10.2 7.9 3.5 2.4 1.1 0.7 0.5 0.7 2.0 3.2 4.1 9.3 14.7 10.6 17.7 26.8 43.2 51.8 51.1 45.3 28.7 22.8 28.1 14.3 15.1 7.3 5.2 14.6 5.3 7.6 2.9 10.1 12.5 5.6 35.1 55.8 27.4 32.1 36.6 25.9 24.8 31.9 47.8 65.3 86.0 116.8 120.9 99.0 74.5 67.2 65.7 58.9 55.9 54.6 53.0
-9999.0 -9999.0 -9999.0 -9999.0 -9999.0 -9999.0 -9999.0 -9999.0 -9999.0 -9999.0 -9999.0 -9999.0 -9999.0 -9999.0 -9999.0 -9999.0 -9999.0 107.6 67.2 66.9 53.9 31.9 37.7 32.8 19.7 15.2 7.0 4.1 2.0 0.5 0.2 0.2 1.3 0.6 1.0 4.8 17.0 7.9 16.8 24.0 34.3 52.8 46.2 38.9 22.4 26.5 41.5 35.6 18.5 15.2 14.0 6.1 9.2 11.6 14.8 16.3 8.7 25.9 32.5 49.8 20.1 44.3 57.5 53.1 51.8 59.9 78.2 103.4 128.1 155.2 142.4 97.5 78.5 70.6 74.3 74.3 74.4 78.2 85.7
-9999.0 -9999.0 -9999.0 -9999.0 -9999.0 -9999.0 -9999.0 -9999.0 -9999.0 -9999.0 -9999.0 -9999.0 -9999.0 -9999.0 -9999.0 -9999.0 -9999.0 -9999.0 -9999.0 -9999.0 127.1 68.7 54.1 36.3 36.3 39.6 25.2 12.6 3.9 1.1 0.2 0.2 0.1 0.2 0.3 3.5 6.5 8.2 5.4 1.3 2.0 46.1 51.4 43.4 23.8 36.2 70.6 35.1 41.3 90.2 19.3 30.8 26.9 13.6 16.3 23.5 24.4 16.3 53.5 38.9 19.1 29.6 69.6 79.3 83.8 88.6 101.5 121.0 134.5 149.6 129.1 93.2 73.4 65.1 72.1 78.8 80.9 83.0 97.8
-9999.0 -9999.0 -9999.0 -9999.0 -9999.0 -9999.0 -9999.0 -9999.0 -9999.0 -9999.0 -9999.0 -9999.0 -9999.0 -9999.0 -9999.0 -9999.0 -9999.0 -9999.0 -9999.0 -9999.0 -9999.0 -9999.0 75.8 138.3 77.0 64.7 46.0 24.2 7.8 2.5 0.4 0.2 2.2 1.3 5.4 8.1 17.4 9.9 23.2 32.3 30.7 49.5 27.5 19.2 25.1 70.3 53.9 56.0 71.4 79.5 44.6 37.1 32.7 29.2 20.8 7.4 20.7 34.1 6.1 36.7 13.4 20.5 28.0 57.1 73.0 93.9 102.3 110.6 134.4 124.4 107.9 77.6 61.0 66.1 60.0 66.6 83.9 90.9 98.3
-9999.0 -9999.0 -9999.0 -9999.0 -9999.0 -9999.0 -9999.0 -9999.0 -9999.0 -9999.0 -9999.0 -9999.0 -9999.0 -9999.0 -9999.0 -9999.0 -9999.0 -9999.0 -9999.0 -9999.0 -9999.0 -9999.0 -9999.0 -9999.0 238.2 190.9 105.6 31.7 19.0 14.0 4.2 1.5 1.3 3.5 3.6 17.1 43.6 17.3 38.3 20.7 50.8 23.4 4.4 12.9 41.3 75.7 87.0 139.3 64.8 90.9 60.2 56.8 54.5 49.2 27.8 16.1 20.9 13.1 32.1 32.7 32.7 32.1 80.3 53.0 59.5 77.4 88.4 109.0 122.1 116.6 88.6 62.9 46.3 65.9 72.7 64.5 71.4 92.9 128.0
-9999.0 -9999.0 -9999.0 -9999.0 -9999.0 -9999.0 -9999.0 -9999.0 -9999.0 -9999.0 -9999.0 -9999.0 -9999.0 -9999.0 -9999.0 -9999.0 -9999.0 -9999.0 -9999.0 -9999.0 -9999.0 -9999.0 -9999.0 -9999.0 -9999.0 268.3 213.6 181.6 138.5 47.3 23.5 13.1 15.3 7.1 14.1 4.3 12.3 11.3 1.3 11.6 31.7 5.2 7.3 26.4 46.5 74.2 104.5 135.7 168.6 152.7 207.8 202.5 78.9 65.2 40.7 29.3 9.5 5.5 22.9 17.2 16.1 37.8 21.2 25.5 37.1 51.8 74.6 91.7 106.3 99.3 76.6 69.7 49.0 68.9 66.7 69.1 102.8 112.0 108.4
-9999.0 -9999.0 -9999.0 -9999.0 -9999.0 -9999.0 -9999.0 -9999.0 -9999.0 -9999.0 -9999.0 -9999.0 -9999.0 -9999.0 -9999.0 -9999.0 -9999.0 -9999.0 -9999.0 -9999.0 -9999.0 -9999.0 -9999.0 -9999.0 -9999.0 -9999.0 -9999.0 249.1 201.5 130.1 116.2 75.5 51.0 25.0 21.7 18.9 -9999.0 3.9 2.4 6.2 2.8 5.2 10.4 28.5 46.8 67.0 91.3 -9999.0 -9999.0 181.0 205.3 218.7 121.8 63.5 43.5 15.7 5.8 1.9 4.9 6.6 13.8 27.8 15.7 18.1 25.8 41.9 63.2 82.2 93.7 90.4 73.3 73.9 78.9 70.1 97.5 91.9 117.9 106.6 117.6
-9999.0 -9999.0 -9999.0 -9999.0 -9999.0 -9999.0 -9999.0 -9999.0 -9999.0 -9999.0 -9999.0 -9999.0 -9999.0 -9999.0 -9999.0 -9999.0 -9999.0 -9999.0 -9999.0 -9999.0 -9999.0 -9999.0 -9999.0 -9999.0 -9999.0 -9999.0 -9999.0 -9999.0 -9999.0 -9999.0 -9999.0 -9999.0 -9999.0 65.3 44.2 -9999.0 -9999.0 -9999.0 -9999.0 10.9 11.1 13.9 19.2 27.5 39.4 -9999.0 -9999.0 -9999.0 -9999.0 -9999.0 -9999.0 -9999.0 98.7 58.0 27.6 7.7 1.7 0.7 0.8 1.6 3.5 11.0 15.8 12.6 23.4 37.8 56.2 76.7 88.4 87.5 90.0 87.3 75.1 96.6 90.6 110.4 111.4 108.7 132.5
-9999.0 -9999.0 -9999.0 -9999.0 -9999.0 -9999.0 -9999.0 -9999.0 -9999.0 -9999.0 -9999.0 -9999.0 -9999.0 -9999.0 -9999.0 -9999.0 -9999.0 -9999.0 -9999.0 -9999.0 -9999.0 -9999.0 -9999.0 -9999.0 -9999.0 -9999.0 -9999.0 -9999.0 -9999.0 -9999.0 -9999.0 -9999.0 -9999.0 -9999.0 -9999.0 -9999.0 -9999.0 -9999.0 -9999.0 14.2 13.5 14.4 17.7 23.6 -9999.0 -9999.0 -9999.0 -9999.0 -9999.0 -9999.0 -9999.0 -9999.0 75.1 49.0 17.5 10.4 1.8 1.2 1.4 2.0 1.5 3.6 30.9 12.9 22.9 37.6 58.1 75.2 91.0 101.3 104.1 103.7 122.1 110.8 117.0 109.5 116.1 119.5 130.5
-9999.0 -9999.0 -9999.0 -9999.0 -9999.0 -9999.0 -9999.0 -9999.0 -9999.0 -9999.0 -9999.0 -9999.0 -9999.0 -9999.0 -9999.0 -9999.0 -9999.0 -9999.0 -9999.0 -9999.0 -9999.0 -9999.0 -9999.0 -9999.0 -9999.0 -9999.0 -9999.0 -9999.0 -9999.0 -9999.0 -9999.0 -9999.0 -9999.0 -9999.0 -9999.0 -9999.0 -9999.0 -9999.0 -9999.0 -9999.0 -9999.0 -9999.0 -9999.0 -9999.0 -9999.0 -9999.0 -9999.0 -9999.0 -9999.0 -9999.0 -9999.0 55.0 51.3 37.2 10.7 6.3 4.5 5.3 5.1 1.3 6.4 7.9 8.4 16.9 25.8 37.7 47.6 57.4 84.4 109.3 114.2 117.8 110.3 109.4 130.3 128.0 132.8 141.2 153.1
-9999.0 -9999.0 -9999.0 -9999.0 -9999.0 -9999.0 -9999.0 -9999.0 -9999.0 -9999.0 -9999.0 -9999.0 -9999.0 -9999.0 -9999.0 -9999.0 -9999.0 -9999.0 -9999.0 -9999.0 -9999.0 -9999.0 -9999.0 -9999.0 -9999.0 -9999.0 -9999.0 -9999.0 -9999.0 -9999.0 -9999.0 -9999.0 -9999.0 -9999.0 -9999.0 -9999.0 -9999.0 -9999.0 -9999.0 -9999.0 -9999.0 -9999.0 -9999.0 -9999.0 -9999.0 -9999.0 -9999.0 -9999.0 -9999.0 -9999.0 19.3 49.2 45.6 33.1 16.1 12.3 9.4 7.3 8.3 7.8 6.8 11.7 15.8 24.0 29.6 32.1 35.5 37.3 59.3 92.7 113.5 117.5 136.7 177.2 182.9 160.7 148.0 135.3 155.0
-9999.0 -9999.0 -9999.0 -9999.0 -9999.0 -9999.0 -9999.0 -9999.0 -9999.0 -9999.0 -9999.0 -9999.0 -9999.0 -9999.0 -9999.0 -9999.0 -9999.0 -9999.0 -9999.0 -9999.0 -9999.0 -9999.0 -9999.0 -9999.0 -9999.0 -9999.0 -9999.0 -9999.0 -9999.0 -9999.0 -9999.0 -9999.0 -9999.0 -9999.0 -9999.0 -9999.0 -9999.0 -9999.0 -9999.0 -9999.0 -9999.0 -9999.0 -9999.0 -9999.0 -9999.0 -9999.0 -9999.0 -9999.0 -9999.0 -9999.0 7.1 47.5 19.1 30.0 24.1 17.1 5.6 13.4 11.1 9.4 12.7 20.1 24.3 29.7 31.8 24.4 24.0 22.0 36.2 58.6 85.7 112.8 150.9 197.6 202.5 176.4 142.0 139.5 138.0
-9999.0 -9999.0 -9999.0 -9999.0 -9999.0 -9999.0 -9999.0 -9999.0 -9999.0 -9999.0 -9999.0 -9999.0 -9999.0 -9999.0 -9999.0 -9999.0 -9999.0 -9999.0 -9999.0 -9999.0 -9999.0 -9999.0 -9999.0 -9999.0 -9999.0 -9999.0 -9999.0 -9999.0 -9999.0 -9999.0 -9999.0 -9999.0 -9999.0 -9999.0 -9999.0 -9999.0 -9999.0 -9999.0 -9999.0 -9999.0 -9999.0 -9999.0 -9999.0 -9999.0 -9999.0 -9999.0 -9999.0 -9999.0 -9999.0 -9999.0 1.1 7.6 4.6 34.0 14.0 12.4 20.0 13.9 14.4 12.5 22.2 32.1 33.2 30.5 32.6 28.7 22.6 20.2 26.3 44.9 57.8 99.6 116.9 160.0 165.3 162.9 119.5 139.1 136.2
-9999.0 -9999.0 -9999.0 -9999.0 -9999.0 -9999.0 -9999.0 -9999.0 -9999.0 -9999.0 -9999.0 -9999.0 -9999.0 -9999.0 -9999.0 -9999.0 -9999.0 -9999.0 -9999.0 -9999.0 -9999.0 -9999.0 -9999.0 -9999.0 -9999.0 -9999.0 -9999.0 -9999.0 -9999.0 -9999.0 -9999.0 -9999.0 -9999.0 -9999.0 -9999.0 -9999.0 -9999.0 -9999.0 -9999.0 -9999.0 -9999.0 -9999.0 -9999.0 -9999.0 -9999.0 -9999.0 -9999.0 -9999.0 -9999.0 -9999.0 4.9 15.9 8.8 15.5 16.2 22.2 10.9 18.6 20.1 19.0 27.4 30.6 22.0 28.3 31.9 31.1 29.8 27.9 34.0 32.2 49.1 64.2 85.5 102.4 115.8 134.4 121.2 160.2 144.8
-9999.0 -9999.0 -9999.0 -9999.0 -9999.0 -9999.0 -9999.0 -9999.0 -9999.0 -9999.0 -9999.0 -9999.0 -9999.0 -9999.0 -9999.0 -9999.0 -9999.0 -9999.0 -9999.0 -9999.0 -9999.0 -9999.0 -9999.0 -9999.0 -9999.0 -9999.0 -9999.0 -9999.0 -9999.0 -9999.0 -9999.0 -9999.0 -9999.0 -9999.0 -9999.0 -9999.0 -9999.0 -9999.0 -9999.0 -9999.0 -9999.0 -9999.0 -9999.0 -9999.0 -9999.0 -9999.0 -9999.0 -9999.0 -9999.0 -9999.0 18.3 0.4 10.2 6.0 9.7 15.1 21.8 28.3 24.3 26.4 33.2 26.0 29.5 31.0 33.0 33.5 35.2 35.1 41.7 48.7 51.0 50.9 57.9 67.0 81.9 115.7 130.6 160.2 197.2
-9999.0 -9999.0 -9999.0 -9999.0 -9999.0 -9999.0 -9999.0 -9999.0 -9999.0 -9999.0 -9999.0 -9999.0 -9999.0 -9999.0 -9999.0 -9999.0 -9999.0 -9999.0 -9999.0 -9999.0 -9999.0 -9999.0 -9999.0 -9999.0 -9999.0 -9999.0 -9999.0 -9999.0 -9999.0 -9999.0 -9999.0 -9999.0 -9999.0 -9999.0 -9999.0 -9999.0 -9999.0 -9999.0 -9999.0 -9999.0 -9999.0 -9999.0 -9999.0 -9999.0 -9999.0 -9999.0 -9999.0 -9999.0 -9999.0 -9999.0 -9999.0 -9999.0 -9999.0 8.9 11.0 31.9 25.8 28.9 36.6 41.8 39.5 38.9 44.4 41.6 42.3 43.1 42.3 49.9 52.6 53.4 45.6 43.0 47.7 51.9 58.4 59.4 84.6 80.7 123.0
-9999.0 -9999.0 -9999.0 -9999.0 -9999.0 -9999.0 -9999.0 -9999.0 -9999.0 -9999.0 -9999.0 -9999.0 -9999.0 -9999.0 -9999.0 -9999.0 -9999.0 -9999.0 -9999.0 -9999.0 -9999.0 -9999.0 -9999.0 -9999.0 -9999.0 -9999.0 -9999.0 -9999.0 -9999.0 -9999.0 -9999.0 -9999.0 -9999.0 -9999.0 -9999.0 -9999.0 -9999.0 -9999.0 -9999.0 -9999.0 -9999.0 -9999.0 -9999.0 -9999.0 -9999.0 -9999.0 -9999.0 -9999.0 -9999.0 -9999.0 -9999.0 -9999.0 -9999.0 14.2 10.8 28.0 30.6 34.2 45.6 53.1 61.6 67.9 68.4 65.4 58.6 60.2 -9999.0 68.4 70.1 62.6 50.0 46.6 48.6 49.7 45.0 33.3 47.7 42.3 12.0
-9999.0 -9999.0 -9999.0 -9999.0 -9999.0 -9999.0 -9999.0 -9999.0 -9999.0 -9999.0 -9999.0 -9999.0 -9999.0 -9999.0 -9999.0 -9999.0 -9999.0 -9999.0 -9999.0 -9999.0 -9999.0 -9999.0 -9999.0 -9999.0 -9999.0 -9999.0 -9999.0 -9999.0 -9999.0 -9999.0 -9999.0 -9999.0 -9999.0 -9999.0 -9999.0 -9999.0 -9999.0 -9999.0 -9999.0 -9999.0 -9999.0 -9999.0 -9999.0 -9999.0 -9999.0 -9999.0 -9999.0 -9999.0 -9999.0 -9999.0 -9999.0 -9999.0 -9999.0 25.8 26.2 30.8 29.3 38.8 63.9 81.0 92.6 101.3 101.6 -9999.0 -9999.0 -9999.0 -9999.0 -9999.0 85.0 76.0 60.4 57.7 57.7 51.7 45.4 42.5 36.9 28.9 28.9
-9999.0 -9999.0 -9999.0 -9999.0 -9999.0 -9999.0 -9999.0 -9999.0 -9999.0 -9999.0 -9999.0 -9999.0 -9999.0 -9999.0 -9999.0 -9999.0 -9999.0 -9999.0 -9999.0 -9999.0 -9999.0 -9999.0 -9999.0 -9999.0 -9999.0 -9999.0 -9999.0 -9999.0 -9999.0 -9999.0 -9999.0 -9999.0 -9999.0 -9999.0 -9999.0 -9999.0 -9999.0 -9999.0 -9999.0 -9999.0 -9999.0 -9999.0 -9999.0 -9999.0 -9999.0 -9999.0 -9999.0 -9999.0 -9999.0 -9999.0 -9999.0 -9999.0 -9999.0 -9999.0 -9999.0 39.0 58.3 64.9 89.4 116.2 133.5 -9999.0 -9999.0 -9999.0 -9999.0 -9999.0 -9999.0 -9999.0 -9999.0 83.2 69.2 64.9 56.3 46.9 40.6 38.5 30.3 21.2 19.7
-9999.0 -9999.0 -9999.0 -9999.0 -9999.0 -9999.0 -9999.0 -9999.0 -9999.0 -9999.0 -9999.0 -9999.0 -9999.0 -9999.0 -9999.0 -9999.0 -9999.0 -9999.0 -9999.0 -9999.0 -9999.0 -9999.0 -9999.0 -9999.0 -9999.0 -9999.0 -9999.0 -9999.0 -9999.0 -9999.0 -9999.0 -9999.0 -9999.0 -9999.0 -9999.0 -9999.0 -9999.0 -9999.0 -9999.0 -9999.0 -9999.0 -9999.0 -9999.0 -9999.0 -9999.0 -9999.0 -9999.0 -9999.0 -9999.0 -9999.0 -9999.0 -9999.0 -9999.0 -9999.0 -9999.0 -9999.0 58.4 90.7 120.9 150.4 168.5 -9999.0 -9999.0 -9999.0 -9999.0 -9999.0 -9999.0 -9999.0 -9999.0 -9999.0 -9999.0 -9999.0 42.3 33.1 28.7 27.9 23.3 21.1 21.0
-9999.0 -9999.0 -9999.0 -9999.0 -9999.0 -9999.0 -9999.0 -9999.0 -9999.0 -9999.0 -9999.0 -9999.0 -9999.0 -9999.0 -9999.0 -9999.0 -9999.0 -9999.0 -9999.0 -9999.0 -9999.0 -9999.0 -9999.0 -9999.0 -9999.0 -9999.0 -9999.0 -9999.0 -9999.0 -9999.0 -9999.0 -9999.0 -9999.0 -9999.0 -9999.0 -9999.0 -9999.0 -9999.0 -9999.0 -9999.0 -9999.0 -9999.0 -9999.0 -9999.0 -9999.0 -9999.0 -9999.0 -9999.0 -9999.0 -9999.0 -9999.0 -9999.0 -9999.0 -9999.0 -9999.0 -9999.0 -9999.0 -9999.0 -9999.0 -9999.0 -9999.0 -9999.0 -9999.0 -9999.0 -9999.0 -9999.0 -9999.0 -9999.0 -9999.0 -9999.0 -9999.0 -9999.0 -9999.0 18.9 16.7 19.0 23.0 25.8 29.7
-9999.0 -9999.0 -9999.0 -9999.0 -9999.0 -9999.0 -9999.0 -9999.0 -9999.0 -9999.0 -9999.0 -9999.0 -9999.0 -9999.0 -9999.0 -9999.0 -9999.0 -9999.0 -9999.0 -9999.0 -9999.0 -9999.0 -9999.0 -9999.0 -9999.0 -9999.0 -9999.0 -9999.0 -9999.0 -9999.0 -9999.0 -9999.0 -9999.0 -9999.0 -9999.0 -9999.0 -9999.0 -9999.0 -9999.0 -9999.0 -9999.0 -9999.0 -9999.0 -9999.0 -9999.0 -9999.0 -9999.0 -9999.0 -9999.0 -9999.0 -9999.0 -9999.0 -9999.0 -9999.0 -9999.0 -9999.0 -9999.0 -9999.0 -9999.0 -9999.0 -9999.0 -9999.0 -9999.0 -9999.0 -9999.0 -9999.0 -9999.0 -9999.0 -9999.0 -9999.0 -9999.0 -9999.0 15.3 10.6 10.5 11.7 23.6 35.8 45.8
-9999.0 -9999.0 -9999.0 -9999.0 -9999.0 -9999.0 -9999.0 -9999.0 -9999.0 -9999.0 -9999.0 -9999.0 -9999.0 -9999.0 -9999.0 -9999.0 -9999.0 -9999.0 -9999.0 -9999.0 -9999.0 -9999.0 -9999.0 -9999.0 -9999.0 -9999.0 -9999.0 -9999.0 -9999.0 -9999.0 -9999.0 -9999.0 -9999.0 -9999.0 -9999.0 -9999.0 -9999.0 -9999.0 -9999.0 -9999.0 -9999.0 -9999.0 -9999.0 -9999.0 -9999.0 -9999.0 -9999.0 -9999.0 -9999.0 -9999.0 -9999.0 -9999.0 -9999.0 -9999.0 -9999.0 -9999.0 -9999.0 -9999.0 -9999.0 -9999.0 -9999.0 -9999.0 -9999.0 -9999.0 -9999.0 -9999.0 -9999.0 -9999.0 -9999.0 -9999.0 -9999.0 -9999.0 11.2 8.6 1.7 11.3 21.3 57.0 69.7
