program/excelProcessViaJava/data/SURF_CLI_CHN_PRE_MON_GRID_0.5-198604.txt
NCOLS      128
NROWS       72
XLLCORNER    72.000000000000    
YLLCORNER    18.000000000000    
CELLSIZE    0.50000000000000    
NODATA_VALUE   -9999.000    
[rows 34 to 67 of 72, columns 0 to 76 of 128]
-9999.0 -9999.0 -9999.0 -9999.0 10.8 6.9 4.3 2.3 2.4 1.7 0.6 0.9 0.6 0.6 0.3 0.3 0.3 0.3 0.3 0.3 0.3 0.2 0.2 0.1 0.3 1.0 0.3 0.5 0.6 0.9 1.2 2.8 2.4 3.1 4.6 4.0 7.7 11.6 5.7 2.3 5.5 0.7 0.5 0.3 0.3 0.3 0.4 0.6 1.2 2.5 4.6 8.6 20.1 18.8 14.0 11.1 10.4 16.1 25.2 17.0 27.6 10.6 6.0 4.1 2.8 3.0 6.1 5.9 7.0 12.6 12.4 14.7 14.3 13.7 13.9 13.1 11.2
-9999.0 -9999.0 -9999.0 -9999.0 -9999.0 -9999.0 -9999.0 1.7 1.2 0.6 1.1 0.9 0.3 0.4 0.4 0.2 0.2 0.2 0.2 0.2 0.2 0.3 0.3 0.3 0.3 0.3 0.4 0.7 1.0 2.0 2.5 3.1 3.6 5.2 7.9 6.4 11.3 9.7 15.4 16.5 4.3 18.8 14.4 5.9 1.7 0.5 1.3 1.6 3.4 3.9 6.0 9.3 13.9 30.7 25.5 8.7 7.2 9.7 24.3 19.8 29.0 8.6 4.2 3.4 4.6 4.8 7.1 9.1 9.2 12.4 13.7 15.4 17.5 17.5 17.2 16.7 14.7
-9999.0 -9999.0 -9999.0 -9999.0 -9999.0 -9999.0 -9999.0 2.6 0.7 0.6 0.5 0.3 0.3 0.5 0.3 0.8 0.2 0.2 0.4 0.2 0.2 0.3 0.2 0.3 0.3 0.3 0.4 0.9 0.8 1.0 2.4 3.3 4.1 7.3 6.3 7.9 7.8 11.4 11.5 10.3 11.2 11.0 12.5 23.3 7.6 3.1 5.6 7.4 15.5 12.9 25.0 22.4 15.3 19.2 29.7 11.2 9.5 14.1 25.0 32.0 26.3 18.3 8.1 7.7 7.5 8.3 9.2 10.1 13.9 13.3 17.7 21.9 24.2 23.0 18.7 20.8 21.0
-9999.0 -9999.0 -9999.0 -9999.0 -9999.0 -9999.0 -9999.0 -9999.0 -9999.0 0.4 0.3 0.2 0.3 0.2 0.2 0.1 0.2 0.6 0.2 0.4 0.2 0.2 0.2 0.2 0.3 0.3 0.4 0.6 0.7 1.8 1.3 2.5 3.5 5.8 5.1 6.3 7.0 9.3 8.6 10.3 8.7 10.9 10.0 8.9 12.9 13.7 15.4 16.5 18.8 19.8 23.1 20.5 19.5 20.5 31.6 17.7 13.1 17.1 30.1 32.9 32.2 32.1 29.1 15.4 16.3 13.9 12.8 13.2 19.4 19.7 26.5 29.2 30.2 28.6 27.4 23.5 28.0
-9999.0 -9999.0 -9999.0 -9999.0 -9999.0 -9999.0 -9999.0 -9999.0 -9999.0 -9999.0 -9999.0 0.3 0.1 0.2 0.1 0.2 0.1 0.1 0.1 0.2 0.2 0.2 0.2 0.2 0.4 0.4 0.6 0.8 1.0 1.2 1.7 3.7 3.5 5.0 5.5 11.0 8.3 9.4 19.7 10.5 13.5 10.3 9.1 9.3 19.0 14.7 26.1 22.9 26.8 26.1 22.7 22.9 24.4 30.8 39.7 33.8 25.9 31.0 33.6 35.3 37.4 34.4 34.1 33.4 32.4 18.9 14.0 17.5 25.0 33.6 38.8 41.1 36.0 30.5 29.6 31.6 36.2
-9999.0 -9999.0 -9999.0 -9999.0 -9999.0 -9999.0 -9999.0 -9999.0 -9999.0 -9999.0 -9999.0 -9999.0 0.1 0.1 0.2 0.1 0.3 0.1 0.1 0.3 0.1 0.2 0.2 0.2 0.9 0.3 0.4 0.7 0.9 2.1 1.9 2.6 3.8 6.8 8.8 9.3 17.3 11.9 9.9 8.4 8.2 8.8 9.9 14.2 16.0 20.4 26.6 24.0 27.9 29.8 34.2 33.5 32.5 34.6 39.7 41.6 40.9 45.2 35.3 41.9 37.7 40.1 42.3 45.4 43.9 43.9 21.9 26.4 35.9 47.9 47.0 45.2 39.9 35.6 32.0 68.3 35.2
-9999.0 -9999.0 -9999.0 -9999.0 -9999.0 -9999.0 -9999.0 -9999.0 -9999.0 -9999.0 -9999.0 -9999.0 0.3 0.1 0.1 0.1 0.1 0.1 0.2 0.2 0.2 0.2 0.3 0.3 0.3 0.3 0.4 0.4 0.6 0.8 1.7 3.7 4.3 5.8 8.7 9.7 16.4 18.3 15.8 13.5 10.4 10.5 17.5 13.8 20.3 27.0 23.6 25.3 25.9 32.7 34.8 36.8 36.5 40.0 38.5 41.3 39.5 43.0 40.9 38.8 36.2 37.7 44.6 53.8 57.0 52.8 25.7 30.3 37.6 45.8 62.8 88.9 96.9 56.4 49.3 35.4 27.3
-9999.0 -9999.0 -9999.0 -9999.0 -9999.0 -9999.0 -9999.0 -9999.0 -9999.0 -9999.0 -9999.0 -9999.0 -9999.0 0.2 0.3 0.1 0.1 0.1 0.1 0.2 0.2 0.2 0.3 0.3 0.3 0.4 0.5 0.9 0.8 1.0 1.2 1.9 4.8 7.2 7.0 10.0 13.4 18.1 35.6 24.0 20.4 22.4 21.2 28.2 23.3 21.6 26.4 30.7 33.4 35.3 37.6 37.7 37.8 44.1 40.7 38.2 37.1 41.2 47.3 42.7 38.9 38.8 47.3 63.0 57.4 53.2 47.4 41.1 47.4 48.5 51.3 48.8 56.2 56.5 65.2 41.2 30.7
-9999.0 -9999.0 -9999.0 -9999.0 -9999.0 -9999.0 -9999.0 -9999.0 -9999.0 -9999.0 -9999.0 -9999.0 0.5 0.6 0.4 0.2 0.3 0.2 0.3 0.3 0.3 0.4 0.4 0.4 0.5 0.5 0.4 0.4 0.5 0.7 1.1 1.5 4.5 5.3 8.7 10.6 18.8 17.1 19.6 22.5 36.1 45.1 50.0 27.6 31.0 30.8 27.0 24.3 28.3 32.3 38.2 41.3 36.6 36.6 32.8 30.7 33.5 36.1 39.3 38.2 37.8 43.5 51.3 65.3 72.2 62.5 36.0 50.1 60.7 75.5 78.4 67.3 55.1 46.0 41.1 37.4 33.0
-9999.0 -9999.0 -9999.0 -9999.0 -9999.0 -9999.0 -9999.0 -9999.0 -9999.0 -9999.0 -9999.0 -9999.0 1.6 0.8 0.6 1.3 0.8 0.4 0.5 0.5 0.7 0.7 0.8 0.8 0.8 0.7 0.5 0.4 0.4 0.4 0.6 1.2 3.4 4.0 6.4 10.7 13.4 19.4 22.6 20.6 24.5 25.5 29.2 33.9 36.1 37.3 41.9 36.5 33.4 27.6 32.0 35.9 33.3 31.6 28.1 26.1 25.5 31.0 35.7 42.2 47.8 56.6 55.5 63.9 64.4 28.7 44.0 58.4 79.5 86.9 86.3 80.7 72.6 75.0 75.3 50.6 47.6
-9999.0 -9999.0 -9999.0 -9999.0 -9999.0 -9999.0 -9999.0 -9999.0 -9999.0 -9999.0 -9999.0 -9999.0 3.5 2.3 1.9 1.5 1.3 1.7 1.3 1.4 1.8 1.8 1.7 1.5 1.3 0.9 0.6 0.5 0.3 0.3 0.4 1.3 1.8 3.2 5.9 10.2 15.0 20.8 22.8 29.5 27.8 25.2 47.3 30.8 41.7 52.2 51.9 38.3 29.1 29.8 31.4 31.0 39.3 38.2 26.8 25.2 24.1 30.2 38.3 40.3 45.3 52.5 79.0 58.0 31.3 31.3 41.9 60.2 80.8 100.3 107.2 106.5 100.7 106.0 186.3 90.4 123.1
-9999.0 -9999.0 -9999.0 -9999.0 -9999.0 -9999.0 -9999.0 -9999.0 -9999.0 -9999.0 -9999.0 -9999.0 -9999.0 7.7 5.5 3.9 3.5 3.5 3.5 3.7 5.2 3.7 3.5 3.1 2.4 1.5 0.9 0.5 0.3 0.2 0.3 0.6 1.8 3.2 6.7 16.0 22.2 23.1 28.3 27.2 29.2 57.2 69.5 60.8 44.6 45.3 50.3 33.8 39.7 34.5 29.5 31.7 26.5 22.8 25.6 25.9 24.4 29.9 40.8 60.4 62.5 104.8 75.5 34.3 30.2 38.1 46.6 58.1 78.2 96.4 113.2 111.9 113.4 86.7 98.4 89.8 87.4
-9999.0 -9999.0 -9999.0 -9999.0 -9999.0 -9999.0 -9999.0 -9999.0 -9999.0 -9999.0 -9999.0 -9999.0 -9999.0 14.8 10.5 8.7 9.1 8.1 7.9 7.9 9.4 8.6 7.8 6.1 5.3 3.1 1.5 0.7 0.3 0.5 0.3 0.6 1.1 3.3 9.5 16.5 20.2 26.5 35.8 62.1 40.3 49.9 58.9 63.1 88.5 57.4 52.0 37.0 35.4 31.8 31.8 22.9 23.2 27.0 30.3 25.1 23.7 32.3 48.7 44.9 72.8 48.3 27.1 32.2 32.2 35.0 39.8 52.5 68.7 89.7 104.5 106.2 97.3 98.9 105.5 119.6 141.9
-9999.0 -9999.0 -9999.0 -9999.0 -9999.0 -9999.0 -9999.0 -9999.0 -9999.0 -9999.0 -9999.0 -9999.0 -9999.0 -9999.0 -9999.0 17.2 16.9 15.9 16.2 17.0 16.2 15.4 14.4 12.0 9.1 6.0 4.2 1.3 1.0 0.2 0.2 0.3 2.6 5.4 8.5 24.3 38.6 22.7 30.9 36.7 59.6 69.8 67.9 62.8 47.2 48.2 52.6 44.9 40.7 37.1 26.9 38.5 20.3 19.2 10.2 19.8 25.8 23.4 58.5 79.6 46.3 29.9 44.7 36.5 29.3 26.4 32.4 50.0 65.6 76.5 89.2 91.6 111.3 113.4 105.4 151.3 156.6
-9999.0 -9999.0 -9999.0 -9999.0 -9999.0 -9999.0 -9999.0 -9999.0 -9999.0 -9999.0 -9999.0 -9999.0 -9999.0 -9999.0 -9999.0 -9999.0 -9999.0 102.0 49.2 -9999.0 39.1 28.0 29.3 25.5 17.6 12.4 8.6 3.4 0.9 0.4 0.2 0.2 3.8 2.0 4.5 14.4 42.3 13.8 28.4 34.6 46.5 74.5 62.5 54.5 59.6 56.9 175.0 68.1 52.2 43.7 57.0 26.9 30.8 22.4 22.9 24.1 18.0 44.6 60.9 83.7 29.1 33.0 44.6 41.0 26.0 18.2 25.7 39.7 56.3 66.0 75.4 94.3 110.9 92.6 119.8 162.4 175.4
-9999.0 -9999.0 -9999.0 -9999.0 -9999.0 -9999.0 -9999.0 -9999.0 -9999.0 -9999.0 -9999.0 -9999.0 -9999.0 -9999.0 -9999.0 -9999.0 -9999.0 -9999.0 -9999.0 -9999.0 -9999.0 54.1 46.1 38.9 32.7 30.7 19.2 9.4 3.1 0.9 0.3 0.5 0.8 2.7 5.7 15.5 19.4 19.5 13.9 8.6 10.9 69.2 75.3 63.4 65.8 62.8 296.9 90.7 86.2 196.1 57.8 71.6 57.3 22.2 21.5 32.2 35.7 32.9 84.4 80.9 29.3 30.6 36.6 34.4 30.5 24.7 32.0 39.7 55.5 60.2 63.4 79.2 86.9 90.6 129.9 175.9 211.3
-9999.0 -9999.0 -9999.0 -9999.0 -9999.0 -9999.0 -9999.0 -9999.0 -9999.0 -9999.0 -9999.0 -9999.0 -9999.0 -9999.0 -9999.0 -9999.0 -9999.0 -9999.0 -9999.0 -9999.0 -9999.0 -9999.0 -9999.0 115.0 65.1 54.7 39.6 22.3 10.1 4.0 1.8 2.3 12.2 11.3 24.6 31.0 47.2 30.1 52.6 64.7 58.1 82.1 47.1 38.8 77.5 326.1 163.4 161.6 234.5 267.9 136.7 91.3 76.7 51.4 28.0 9.6 30.7 56.2 35.5 78.5 46.2 46.8 35.2 22.3 20.1 31.6 45.3 47.2 40.7 51.9 63.4 74.6 87.3 110.6 152.3 196.3 218.1
-9999.0 -9999.0 -9999.0 -9999.0 -9999.0 -9999.0 -9999.0 -9999.0 -9999.0 -9999.0 -9999.0 -9999.0 -9999.0 -9999.0 -9999.0 -9999.0 -9999.0 -9999.0 -9999.0 -9999.0 -9999.0 -9999.0 -9999.0 -9999.0 -9999.0 191.5 96.7 46.6 30.1 32.7 13.1 9.3 12.2 22.2 26.4 55.6 105.2 54.0 87.9 58.5 98.8 52.0 49.2 61.6 209.8 353.1 316.4 515.1 163.7 277.2 152.0 148.5 126.5 100.9 51.8 29.3 36.3 30.7 62.4 69.6 70.9 61.9 89.0 24.6 21.7 33.1 41.1 33.3 43.0 58.2 63.4 78.1 92.9 112.6 130.7 160.7 185.2
-9999.0 -9999.0 -9999.0 -9999.0 -9999.0 -9999.0 -9999.0 -9999.0 -9999.0 -9999.0 -9999.0 -9999.0 -9999.0 -9999.0 -9999.0 -9999.0 -9999.0 -9999.0 -9999.0 -9999.0 -9999.0 -9999.0 -9999.0 -9999.0 -9999.0 -9999.0 -9999.0 227.2 189.1 66.2 44.7 36.7 48.4 39.3 55.3 49.6 57.9 57.2 35.6 56.1 81.8 37.1 76.2 187.1 254.6 352.8 449.6 511.2 555.3 435.8 540.3 494.6 208.5 165.2 99.8 65.3 29.5 22.0 49.4 42.7 42.4 65.1 37.2 26.1 21.0 21.1 36.9 44.8 45.5 54.0 67.6 95.3 81.2 88.4 89.4 104.7 124.9
-9999.0 -9999.0 -9999.0 -9999.0 -9999.0 -9999.0 -9999.0 -9999.0 -9999.0 -9999.0 -9999.0 -9999.0 -9999.0 -9999.0 -9999.0 -9999.0 -9999.0 -9999.0 -9999.0 -9999.0 -9999.0 -9999.0 -9999.0 -9999.0 -9999.0 -9999.0 -9999.0 -9999.0 -9999.0 -9999.0 -9999.0 -9999.0 -9999.0 94.2 79.0 -9999.0 -9999.0 -9999.0 64.2 58.6 56.4 79.1 82.7 214.3 297.5 347.1 -9999.0 -9999.0 -9999.0 -9999.0 -9999.0 -9999.0 329.3 187.4 143.9 65.0 29.4 17.5 20.4 25.1 40.2 58.9 46.1 34.7 27.5 30.6 43.0 56.1 59.7 59.2 65.4 93.3 89.8 58.3 62.5 69.4 105.6
-9999.0 -9999.0 -9999.0 -9999.0 -9999.0 -9999.0 -9999.0 -9999.0 -9999.0 -9999.0 -9999.0 -9999.0 -9999.0 -9999.0 -9999.0 -9999.0 -9999.0 -9999.0 -9999.0 -9999.0 -9999.0 -9999.0 -9999.0 -9999.0 -9999.0 -9999.0 -9999.0 -9999.0 -9999.0 -9999.0 -9999.0 -9999.0 -9999.0 -9999.0 -9999.0 -9999.0 -9999.0 -9999.0 -9999.0 170.6 171.0 186.1 208.8 235.3 -9999.0 -9999.0 -9999.0 -9999.0 -9999.0 -9999.0 -9999.0 -9999.0 293.1 202.9 124.9 52.5 18.5 11.5 12.3 17.8 29.3 50.1 57.9 48.1 45.4 51.2 63.5 68.0 66.0 77.7 91.3 85.6 60.0 73.3 60.8 81.6 104.1
-9999.0 -9999.0 -9999.0 -9999.0 -9999.0 -9999.0 -9999.0 -9999.0 -9999.0 -9999.0 -9999.0 -9999.0 -9999.0 -9999.0 -9999.0 -9999.0 -9999.0 -9999.0 -9999.0 -9999.0 -9999.0 -9999.0 -9999.0 -9999.0 -9999.0 -9999.0 -9999.0 -9999.0 -9999.0 -9999.0 -9999.0 -9999.0 -9999.0 -9999.0 -9999.0 -9999.0 -9999.0 -9999.0 -9999.0 -9999.0 -9999.0 -9999.0 -9999.0 -9999.0 -9999.0 -9999.0 -9999.0 -9999.0 -9999.0 -9999.0 -9999.0 -9999.0 217.3 201.2 106.6 68.2 18.1 13.0 15.5 22.3 29.3 44.5 77.2 60.9 62.5 68.9 71.0 69.6 68.9 74.2 81.1 79.4 116.2 92.3 112.9 125.3 148.4
-9999.0 -9999.0 -9999.0 -9999.0 -9999.0 -9999.0 -9999.0 -9999.0 -9999.0 -9999.0 -9999.0 -9999.0 -9999.0 -9999.0 -9999.0 -9999.0 -9999.0 -9999.0 -9999.0 -9999.0 -9999.0 -9999.0 -9999.0 -9999.0 -9999.0 -9999.0 -9999.0 -9999.0 -9999.0 -9999.0 -9999.0 -9999.0 -9999.0 -9999.0 -9999.0 -9999.0 -9999.0 -9999.0 -9999.0 -9999.0 -9999.0 -9999.0 -9999.0 -9999.0 -9999.0 -9999.0 -9999.0 -9999.0 -9999.0 -9999.0 -9999.0 166.0 158.2 171.7 70.2 47.6 28.6 28.2 29.1 24.1 39.4 47.1 53.2 62.5 69.4 72.7 68.1 67.3 67.6 75.5 82.9 83.8 77.8 92.6 137.1 170.2 187.4
-9999.0 -9999.0 -9999.0 -9999.0 -9999.0 -9999.0 -9999.0 -9999.0 -9999.0 -9999.0 -9999.0 -9999.0 -9999.0 -9999.0 -9999.0 -9999.0 -9999.0 -9999.0 -9999.0 -9999.0 -9999.0 -9999.0 -9999.0 -9999.0 -9999.0 -9999.0 -9999.0 -9999.0 -9999.0 -9999.0 -9999.0 -9999.0 -9999.0 -9999.0 -9999.0 -9999.0 -9999.0 -9999.0 -9999.0 -9999.0 -9999.0 -9999.0 -9999.0 -9999.0 -9999.0 -9999.0 -9999.0 -9999.0 -9999.0 -9999.0 126.0 143.9 153.3 147.1 87.8 70.2 48.9 40.4 41.4 40.5 39.2 46.7 52.3 62.7 72.6 74.8 65.3 63.4 70.9 88.5 102.4 99.3 106.3 137.8 171.5 191.9 205.0
-9999.0 -9999.0 -9999.0 -9999.0 -9999.0 -9999.0 -9999.0 -9999.0 -9999.0 -9999.0 -9999.0 -9999.0 -9999.0 -9999.0 -9999.0 -9999.0 -9999.0 -9999.0 -9999.0 -9999.0 -9999.0 -9999.0 -9999.0 -9999.0 -9999.0 -9999.0 -9999.0 -9999.0 -9999.0 -9999.0 -9999.0 -9999.0 -9999.0 -9999.0 -9999.0 -9999.0 -9999.0 -9999.0 -9999.0 -9999.0 -9999.0 -9999.0 -9999.0 -9999.0 -9999.0 -9999.0 -9999.0 -9999.0 -9999.0 -9999.0 89.8 161.1 94.6 135.5 124.2 88.9 42.8 62.6 52.9 43.7 45.1 51.6 60.6 71.7 83.1 93.6 81.1 71.3 77.6 97.7 121.2 131.5 143.1 163.0 176.8 184.6 184.0
-9999.0 -9999.0 -9999.0 -9999.0 -9999.0 -9999.0 -9999.0 -9999.0 -9999.0 -9999.0 -9999.0 -9999.0 -9999.0 -9999.0 -9999.0 -9999.0 -9999.0 -9999.0 -9999.0 -9999.0 -9999.0 -9999.0 -9999.0 -9999.0 -9999.0 -9999.0 -9999.0 -9999.0 -9999.0 -9999.0 -9999.0 -9999.0 -9999.0 -9999.0 -9999.0 -9999.0 -9999.0 -9999.0 -9999.0 -9999.0 -9999.0 -9999.0 -9999.0 -9999.0 -9999.0 -9999.0 -9999.0 -9999.0 -9999.0 -9999.0 75.0 83.3 81.9 179.4 104.0 78.7 101.9 62.5 65.7 51.7 66.0 74.2 81.7 92.3 102.0 111.5 102.5 82.7 81.0 113.4 122.7 154.9 141.9 164.3 163.9 163.6 152.8
-9999.0 -9999.0 -9999.0 -9999.0 -9999.0 -9999.0 -9999.0 -9999.0 -9999.0 -9999.0 -9999.0 -9999.0 -9999.0 -9999.0 -9999.0 -9999.0 -9999.0 -9999.0 -9999.0 -9999.0 -9999.0 -9999.0 -9999.0 -9999.0 -9999.0 -9999.0 -9999.0 -9999.0 -9999.0 -9999.0 -9999.0 -9999.0 -9999.0 -9999.0 -9999.0 -9999.0 -9999.0 -9999.0 -9999.0 -9999.0 -9999.0 -9999.0 -9999.0 -9999.0 -9999.0 -9999.0 -9999.0 -9999.0 -9999.0 -9999.0 85.0 128.4 115.9 138.3 121.1 120.9 38.1 62.1 72.0 71.3 101.1 111.2 116.7 126.4 128.2 132.4 134.2 121.9 136.3 89.8 124.9 133.6 146.1 163.0 157.6 150.4 143.8
-9999.0 -9999.0 -9999.0 -9999.0 -9999.0 -9999.0 -9999.0 -9999.0 -9999.0 -9999.0 -9999.0 -9999.0 -9999.0 -9999.0 -9999.0 -9999.0 -9999.0 -9999.0 -9999.0 -9999.0 -9999.0 -9999.0 -9999.0 -9999.0 -9999.0 -9999.0 -9999.0 -9999.0 -9999.0 -9999.0 -9999.0 -9999.0 -9999.0 -9999.0 -9999.0 -9999.0 -9999.0 -9999.0 -9999.0 -9999.0 -9999.0 -9999.0 -9999.0 -9999.0 -9999.0 -9999.0 -9999.0 -9999.0 -9999.0 -9999.0 -9999.0 -9999.0 -9999.0 99.7 78.6 58.3 54.6 67.5 58.6 89.1 151.9 150.3 182.3 186.9 169.6 162.2 168.7 149.9 171.4 163.0 146.8 158.0 185.3 193.9 174.7 161.1 159.6
-9999.0 -9999.0 -9999.0 -9999.0 -9999.0 -9999.0 -9999.0 -9999.0 -9999.0 -9999.0 -9999.0 -9999.0 -9999.0 -9999.0 -9999.0 -9999.0 -9999.0 -9999.0 -9999.0 -9999.0 -9999.0 -9999.0 -9999.0 -9999.0 -9999.0 -9999.0 -9999.0 -9999.0 -9999.0 -9999.0 -9999.0 -9999.0 -9999.0 -9999.0 -9999.0 -9999.0 -9999.0 -9999.0 -9999.0 -9999.0 -9999.0 -9999.0 -9999.0 -9999.0 -9999.0 -9999.0 -9999.0 -9999.0 -9999.0 -9999.0 -9999.0 -9999.0 -9999.0 88.8 62.1 112.2 49.4 54.4 80.1 133.2 157.5 220.6 266.6 299.0 264.7 228.0 203.0 215.1 177.6 169.7 163.8 195.6 235.1 223.3 181.7 169.0 176.8
-9999.0 -9999.0 -9999.0 -9999.0 -9999.0 -9999.0 -9999.0 -9999.0 -9999.0 -9999.0 -9999.0 -9999.0 -9999.0 -9999.0 -9999.0 -9999.0 -9999.0 -9999.0 -9999.0 -9999.0 -9999.0 -9999.0 -9999.0 -9999.0 -9999.0 -9999.0 -9999.0 -9999.0 -9999.0 -9999.0 -9999.0 -9999.0 -9999.0 -9999.0 -9999.0 -9999.0 -9999.0 -9999.0 -9999.0 -9999.0 -9999.0 -9999.0 -9999.0 -9999.0 -9999.0 -9999.0 -9999.0 -9999.0 -9999.0 -9999.0 -9999.0 -9999.0 -9999.0 82.6 51.7 65.0 58.5 71.4 99.7 137.8 201.4 286.8 336.5 338.3 378.1 -9999.0 -9999.0 -9999.0 217.7 180.4 189.2 214.9 215.6 176.4 143.0 144.0 154.2
-9999.0 -9999.0 -9999.0 -9999.0 -9999.0 -9999.0 -9999.0 -9999.0 -9999.0 -9999.0 -9999.0 -9999.0 -9999.0 -9999.0 -9999.0 -9999.0 -9999.0 -9999.0 -9999.0 -9999.0 -9999.0 -9999.0 -9999.0 -9999.0 -9999.0 -9999.0 -9999.0 -9999.0 -9999.0 -9999.0 -9999.0 -9999.0 -9999.0 -9999.0 -9999.0 -9999.0 -9999.0 -9999.0 -9999.0 -9999.0 -9999.0 -9999.0 -9999.0 -9999.0 -9999.0 -9999.0 -9999.0 -9999.0 -9999.0 -9999.0 -9999.0 -9999.0 -9999.0 -9999.0 70.2 64.0 67.6 100.8 129.0 177.1 271.0 -9999.0 -9999.0 -9999.0 -9999.0 -9999.0 -9999.0 -9999.0 211.9 201.6 212.7 189.9 149.0 98.3 73.4 78.1 93.0
-9999.0 -9999.0 -9999.0 -9999.0 -9999.0 -9999.0 -9999.0 -9999.0 -9999.0 -9999.0 -9999.0 -9999.0 -9999.0 -9999.0 -9999.0 -9999.0 -9999.0 -9999.0 -9999.0 -9999.0 -9999.0 -9999.0 -9999.0 -9999.0 -9999.0 -9999.0 -9999.0 -9999.0 -9999.0 -9999.0 -9999.0 -9999.0 -9999.0 -9999.0 -9999.0 -9999.0 -9999.0 -9999.0 -9999.0 -9999.0 -9999.0 -9999.0 -9999.0 -9999.0 -9999.0 -9999.0 -9999.0 -9999.0 -9999.0 -9999.0 -9999.0 -9999.0 -9999.0 -9999.0 -9999.0 75.5 102.2 118.7 172.4 222.8 305.0 -9999.0 -9999.0 -9999.0 -9999.0 -9999.0 -9999.0 -9999.0 -9999.0 -9999.0 168.9 -9999.0 -9999.0 -9999.0 -9999.0 -9999.0 48.1
-9999.0 -9999.0 -9999.0 -9999.0 -9999.0 -9999.0 -9999.0 -9999.0 -9999.0 -9999.0 -9999.0 -9999.0 -9999.0 -9999.0 -9999.0 -9999.0 -9999.0 -9999.0 -9999.0 -9999.0 -9999.0 -9999.0 -9999.0 -9999.0 -9999.0 -9999.0 -9999.0 -9999.0 -9999.0 -9999.0 -9999.0 -9999.0 -9999.0 -9999.0 -9999.0 -9999.0 -9999.0 -9999.0 -9999.0 -9999.0 -9999.0 -9999.0 -9999.0 -9999.0 -9999.0 -9999.0 -9999.0 -9999.0 -9999.0 -9999.0 -9999.0 -9999.0 -9999.0 -9999.0 -9999.0 -9999.0 -9999.0 -9999.0 193.7 265.5 -9999.0 -9999.0 -9999.0 -9999.0 -9999.0 -9999.0 -9999.0 -9999.0 -9999.0 -9999.0 -9999.0 -9999.0 -9999.0 -9999.0 -9999.0 31.0 53.0
-9999.0 -9999.0 -9999.0 -9999.0 -9999.0 -9999.0 -9999.0 -9999.0 -9999.0 -9999.0 -9999.0 -9999.0 -9999.0 -9999.0 -9999.0 -9999.0 -9999.0 -9999.0 -9999.0 -9999.0 -9999.0 -9999.0 -9999.0 -9999.0 -9999.0 -9999.0 -9999.0 -9999.0 -9999.0 -9999.0 -9999.0 -9999.0 -9999.0 -9999.0 -9999.0 -9999.0 -9999.0 -9999.0 -9999.0 -9999.0 -9999.0 -9999.0 -9999.0 -9999.0 -9999.0 -9999.0 -9999.0 -9999.0 -9999.0 -9999.0 -9999.0 -9999.0 -9999.0 -9999.0 -9999.0 -9999.0 -9999.0 -9999.0 -9999.0 -9999.0 -9999.0 -9999.0 -9999.0 -9999.0 -9999.0 -9999.0 -9999.0 -9999.0 -9999.0 -9999.0 -9999.0 -9999.0 -9999.0 -9999.0 -9999.0 -9999.0 -9999.0
