program/excelProcessViaJava/data/SURF_CLI_CHN_PRE_MON_GRID_0.5-199412.txt
NCOLS      128
NROWS       72
XLLCORNER    72.000000000000    
YLLCORNER    18.000000000000    
CELLSIZE    0.50000000000000    
NODATA_VALUE   -9999.000    
[rows 35 to 69 of 72, columns 0 to 78 of 128]
-9999.0 -9999.0 -9999.0 -9999.0 -9999.0 -9999.0 -9999.0 13.3 17.1 18.7 20.2 20.6 21.6 20.2 18.2 15.2 12.9 8.4 5.6 5.0 4.0 2.7 1.9 1.5 1.3 1.1 0.8 0.6 0.6 0.3 0.3 0.3 0.3 0.2 0.1 0.2 0.1 0.1 0.1 0.2 0.7 0.5 0.9 1.3 1.4 1.2 0.6 0.5 0.8 2.5 6.0 7.7 4.0 1.5 1.5 0.7 1.0 1.6 6.0 2.7 6.2 1.4 0.7 1.1 2.1 0.9 1.6 2.1 1.5 1.8 2.1 4.4 9.0 12.9 13.5 13.9 12.8 16.4 19.6
-9999.0 -9999.0 -9999.0 -9999.0 -9999.0 -9999.0 -9999.0 13.0 13.0 16.5 17.5 18.0 17.3 15.2 14.3 10.8 9.7 7.5 5.1 4.0 2.9 1.9 1.5 1.2 1.0 0.8 0.7 0.4 0.6 0.6 0.3 0.2 0.2 0.1 0.2 0.1 0.1 0.1 0.2 0.3 0.5 1.0 1.4 1.2 1.4 1.0 0.7 0.6 1.0 1.7 1.6 2.0 3.6 2.3 2.4 1.3 1.4 3.1 5.6 6.5 5.1 5.2 3.2 4.0 2.9 2.4 2.8 3.3 4.7 3.1 5.0 8.9 13.7 16.6 14.2 15.7 15.0 13.6 13.0
-9999.0 -9999.0 -9999.0 -9999.0 -9999.0 -9999.0 -9999.0 -9999.0 -9999.0 13.6 14.3 14.4 13.7 12.6 11.1 9.4 7.2 4.9 3.8 2.5 1.9 1.5 1.1 0.9 0.7 0.7 0.5 0.4 0.5 0.2 0.5 0.3 0.2 0.2 0.2 0.2 0.2 0.2 0.2 0.3 0.6 1.0 1.6 1.8 1.5 1.2 1.0 0.9 1.2 1.8 2.1 2.5 2.8 2.9 3.3 2.7 2.1 3.2 5.6 5.6 5.5 6.3 7.0 4.6 4.8 3.9 4.5 5.7 8.0 7.2 10.2 13.6 17.0 18.7 18.6 12.0 10.3 10.4 11.8
-9999.0 -9999.0 -9999.0 -9999.0 -9999.0 -9999.0 -9999.0 -9999.0 -9999.0 -9999.0 -9999.0 11.3 10.5 9.5 8.2 6.6 5.1 3.8 2.7 1.9 1.2 0.9 0.7 0.6 0.3 0.4 0.3 0.2 0.3 0.3 0.3 0.1 0.2 0.2 0.2 0.1 0.2 0.2 0.1 0.2 0.4 0.8 1.4 1.7 1.7 1.4 1.5 1.3 1.7 2.1 2.6 2.7 2.8 3.3 4.1 4.4 4.0 4.6 4.6 4.4 4.9 4.8 4.9 4.8 5.1 4.0 4.0 7.4 10.2 11.9 14.2 17.6 17.1 16.7 14.9 11.8 9.6 9.6 10.6
-9999.0 -9999.0 -9999.0 -9999.0 -9999.0 -9999.0 -9999.0 -9999.0 -9999.0 -9999.0 -9999.0 -9999.0 7.5 6.7 5.8 4.6 3.5 2.5 1.7 1.1 0.9 0.6 0.4 0.4 0.1 0.3 0.3 0.2 0.2 0.1 0.2 0.2 0.2 0.1 0.1 0.2 0.1 0.2 0.3 0.3 0.4 0.6 1.1 1.5 1.8 1.9 1.9 1.5 1.9 2.5 3.0 2.7 2.7 3.2 3.9 4.2 4.2 4.6 3.1 4.1 3.8 4.6 4.8 4.3 3.9 6.1 5.3 8.8 12.0 14.5 14.7 11.4 10.0 13.1 14.1 26.5 12.7 10.9 10.2
-9999.0 -9999.0 -9999.0 -9999.0 -9999.0 -9999.0 -9999.0 -9999.0 -9999.0 -9999.0 -9999.0 -9999.0 5.9 4.3 3.5 3.0 2.1 1.5 1.1 0.7 0.5 0.3 0.2 0.2 0.3 0.2 0.2 0.3 0.2 0.3 0.2 0.1 0.1 0.2 0.1 0.2 0.2 0.3 0.4 0.4 0.5 0.7 1.0 1.6 2.1 2.6 2.3 2.0 1.7 2.5 2.5 2.3 2.0 2.5 2.6 3.0 2.8 3.2 3.0 3.4 3.7 4.0 4.9 6.0 3.2 5.4 1.4 4.8 10.8 16.7 20.9 27.7 31.7 21.6 19.2 13.5 11.2 16.7 13.0
-9999.0 -9999.0 -9999.0 -9999.0 -9999.0 -9999.0 -9999.0 -9999.0 -9999.0 -9999.0 -9999.0 -9999.0 -9999.0 3.0 2.7 1.5 1.3 0.8 0.6 0.4 0.3 0.2 0.2 0.2 0.2 0.1 0.1 0.1 0.1 0.1 0.2 0.2 0.1 0.1 0.2 0.3 0.5 0.6 0.6 0.8 0.8 0.9 1.2 1.9 2.4 2.8 3.1 3.1 2.9 2.5 2.1 1.3 1.2 2.6 2.7 2.7 2.6 3.3 4.9 5.3 5.9 5.5 6.0 3.7 1.1 3.0 5.9 7.8 17.7 24.9 26.2 23.6 23.0 21.8 24.6 16.7 15.1 15.4 16.8
-9999.0 -9999.0 -9999.0 -9999.0 -9999.0 -9999.0 -9999.0 -9999.0 -9999.0 -9999.0 -9999.0 -9999.0 2.3 2.4 1.7 0.9 0.9 0.5 0.3 0.2 0.2 0.2 0.1 0.1 0.1 0.1 0.1 0.2 0.2 0.2 0.2 0.3 0.1 0.2 0.2 0.4 0.6 1.5 1.8 1.6 1.3 1.5 1.9 2.0 2.7 3.2 3.1 2.2 2.1 1.9 2.2 2.3 1.3 2.1 2.5 3.0 3.9 3.5 5.5 7.0 7.8 8.4 7.7 9.4 6.9 5.9 0.7 6.7 24.9 34.2 36.3 31.1 24.1 20.1 16.9 16.1 18.3 20.6 22.7
-9999.0 -9999.0 -9999.0 -9999.0 -9999.0 -9999.0 -9999.0 -9999.0 -9999.0 -9999.0 -9999.0 -9999.0 1.9 0.8 0.7 1.1 0.7 0.3 0.2 0.2 0.1 0.1 0.1 0.1 0.1 0.1 0.2 0.2 0.2 0.3 0.3 0.3 0.2 0.4 0.4 0.6 1.4 2.4 3.1 2.8 2.1 1.7 1.7 2.0 2.5 2.9 3.7 3.3 2.8 1.1 1.2 2.1 1.7 2.3 3.2 3.8 4.6 5.7 6.8 8.8 10.5 12.1 8.8 7.2 7.3 2.6 8.1 9.6 22.2 36.0 40.4 36.6 32.7 31.2 31.1 22.6 23.0 24.7 27.4
-9999.0 -9999.0 -9999.0 -9999.0 -9999.0 -9999.0 -9999.0 -9999.0 -9999.0 -9999.0 -9999.0 -9999.0 0.4 0.9 0.3 0.3 0.2 0.3 0.2 0.1 0.2 0.1 0.1 0.1 0.1 0.1 0.1 0.1 0.2 0.3 0.4 0.3 0.5 0.6 0.6 0.8 1.8 3.6 4.9 4.0 2.9 2.2 2.3 1.6 2.2 3.3 3.9 2.9 1.7 1.8 2.1 1.5 4.5 5.0 4.5 3.8 4.9 6.0 7.4 8.0 9.8 11.5 17.2 9.8 5.0 4.2 7.9 17.3 31.1 42.7 51.2 49.0 44.3 41.5 70.0 39.2 60.1 25.9 33.4
-9999.0 -9999.0 -9999.0 -9999.0 -9999.0 -9999.0 -9999.0 -9999.0 -9999.0 -9999.0 -9999.0 -9999.0 -9999.0 1.3 0.8 0.2 0.2 0.2 0.2 0.2 0.2 0.1 0.1 0.1 0.1 0.1 0.1 0.2 0.2 0.3 0.3 0.5 0.6 0.8 0.8 1.0 2.2 5.6 7.2 6.3 4.2 3.6 3.4 2.8 1.9 2.1 3.3 1.4 4.0 3.7 1.7 3.8 3.3 2.6 4.8 5.0 2.5 3.2 5.9 10.3 11.7 20.0 17.3 8.2 5.8 8.1 12.3 22.2 35.4 50.8 61.6 60.8 48.4 41.4 35.3 28.1 25.0 27.9 41.0
-9999.0 -9999.0 -9999.0 -9999.0 -9999.0 -9999.0 -9999.0 -9999.0 -9999.0 -9999.0 -9999.0 -9999.0 -9999.0 0.1 0.7 0.2 0.5 0.2 0.2 0.2 0.3 0.3 0.2 0.2 0.2 0.2 0.1 0.2 0.2 0.2 0.3 0.4 0.8 1.0 1.1 1.7 3.9 7.6 9.0 7.2 5.8 4.2 3.4 3.2 5.0 3.3 3.5 2.1 3.1 3.0 3.8 1.0 3.2 4.6 5.3 4.0 1.6 2.0 5.0 3.8 11.2 9.6 11.0 10.1 8.3 9.3 13.4 23.5 38.0 53.7 63.5 57.5 45.9 37.1 34.8 39.6 55.8 31.1 33.2
-9999.0 -9999.0 -9999.0 -9999.0 -9999.0 -9999.0 -9999.0 -9999.0 -9999.0 -9999.0 -9999.0 -9999.0 -9999.0 -9999.0 -9999.0 0.3 0.2 0.3 0.3 0.2 0.5 0.3 0.3 0.3 0.3 0.2 0.2 0.2 0.2 0.2 0.3 0.5 0.7 1.0 1.4 2.3 4.0 7.4 9.3 8.3 7.0 5.8 4.6 3.8 2.7 2.4 3.8 2.0 3.6 0.6 1.7 5.0 2.2 2.7 0.4 2.1 1.9 0.2 4.7 8.1 4.7 8.3 20.3 14.4 8.8 7.5 12.1 24.2 39.0 51.0 55.2 46.9 38.2 35.2 35.6 53.8 57.1 73.0 45.9
-9999.0 -9999.0 -9999.0 -9999.0 -9999.0 -9999.0 -9999.0 -9999.0 -9999.0 -9999.0 -9999.0 -9999.0 -9999.0 -9999.0 -9999.0 -9999.0 -9999.0 0.0 0.1 -9999.0 0.3 0.7 0.5 0.5 0.6 0.5 0.5 0.3 0.2 0.2 0.2 0.3 0.9 0.8 0.8 1.8 4.1 2.0 5.8 6.1 5.8 6.5 4.9 4.1 3.1 3.6 3.1 6.3 2.3 2.9 0.3 0.9 0.3 2.4 2.6 2.3 0.7 2.7 3.3 6.0 0.7 7.2 16.0 13.3 8.0 6.5 11.8 24.3 38.0 46.1 48.0 43.5 42.5 34.9 43.2 59.9 58.8 54.0 52.3
-9999.0 -9999.0 -9999.0 -9999.0 -9999.0 -9999.0 -9999.0 -9999.0 -9999.0 -9999.0 -9999.0 -9999.0 -9999.0 -9999.0 -9999.0 -9999.0 -9999.0 -9999.0 -9999.0 -9999.0 -9999.0 0.9 1.1 1.5 1.1 0.8 0.6 0.4 0.3 0.2 0.2 0.2 0.3 0.6 0.4 1.0 0.9 1.0 0.6 0.1 0.3 5.9 6.2 5.4 3.8 5.5 3.6 4.1 7.4 17.7 2.1 5.7 4.4 1.0 1.5 2.3 2.0 0.9 5.4 3.5 0.3 2.6 9.3 10.1 9.3 10.1 17.1 28.5 39.7 43.3 40.8 41.9 39.5 38.6 45.0 52.5 52.6 45.7 51.2
-9999.0 -9999.0 -9999.0 -9999.0 -9999.0 -9999.0 -9999.0 -9999.0 -9999.0 -9999.0 -9999.0 -9999.0 -9999.0 -9999.0 -9999.0 -9999.0 -9999.0 -9999.0 -9999.0 -9999.0 -9999.0 -9999.0 -9999.0 1.0 1.7 1.4 1.1 0.8 0.7 0.2 0.2 0.4 1.5 1.1 1.7 1.4 2.2 0.5 2.4 3.8 3.8 6.2 3.8 3.3 3.9 2.1 6.0 5.5 4.3 3.3 2.2 4.1 1.4 1.5 0.7 0.1 0.8 1.9 0.1 2.4 1.6 5.7 9.5 8.3 11.0 17.6 27.5 37.2 41.4 42.5 44.7 41.8 41.2 49.0 53.6 58.9 62.3 59.0 61.7
-9999.0 -9999.0 -9999.0 -9999.0 -9999.0 -9999.0 -9999.0 -9999.0 -9999.0 -9999.0 -9999.0 -9999.0 -9999.0 -9999.0 -9999.0 -9999.0 -9999.0 -9999.0 -9999.0 -9999.0 -9999.0 -9999.0 -9999.0 -9999.0 -9999.0 0.5 1.6 3.1 2.1 2.8 1.1 0.4 0.5 1.1 0.5 2.1 5.3 0.6 3.0 1.3 5.2 2.6 0.2 1.5 1.4 1.5 4.5 2.9 6.8 5.0 6.4 3.7 3.9 2.4 0.4 0.1 0.3 0.1 1.0 1.5 4.6 11.8 17.0 9.3 12.9 23.7 34.1 37.5 44.0 48.3 42.5 40.9 40.2 54.9 64.8 65.1 60.0 64.2 85.4
-9999.0 -9999.0 -9999.0 -9999.0 -9999.0 -9999.0 -9999.0 -9999.0 -9999.0 -9999.0 -9999.0 -9999.0 -9999.0 -9999.0 -9999.0 -9999.0 -9999.0 -9999.0 -9999.0 -9999.0 -9999.0 -9999.0 -9999.0 -9999.0 -9999.0 -9999.0 -9999.0 0.1 0.1 0.6 0.4 0.3 3.1 0.1 1.2 0.0 0.1 0.1 0.0 0.2 2.0 0.2 0.1 0.1 0.5 0.9 1.3 2.1 3.0 6.2 4.9 4.1 2.7 1.2 0.4 0.3 0.0 0.0 0.3 0.8 10.7 12.4 10.3 8.1 10.3 16.2 31.0 40.2 40.8 42.0 40.3 44.9 40.9 54.2 57.0 57.4 69.6 70.5 63.9
-9999.0 -9999.0 -9999.0 -9999.0 -9999.0 -9999.0 -9999.0 -9999.0 -9999.0 -9999.0 -9999.0 -9999.0 -9999.0 -9999.0 -9999.0 -9999.0 -9999.0 -9999.0 -9999.0 -9999.0 -9999.0 -9999.0 -9999.0 -9999.0 -9999.0 -9999.0 -9999.0 -9999.0 -9999.0 -9999.0 -9999.0 -9999.0 -9999.0 0.0 0.4 -9999.0 -9999.0 -9999.0 0.0 0.0 0.0 0.0 0.1 0.0 0.1 0.3 -9999.0 -9999.0 -9999.0 -9999.0 -9999.0 -9999.0 2.9 2.1 0.4 0.1 0.1 0.1 0.1 2.9 8.3 9.8 9.5 6.6 7.0 14.1 25.8 36.5 41.4 40.4 38.3 42.7 48.4 49.0 60.2 54.2 73.1 61.7 64.1
-9999.0 -9999.0 -9999.0 -9999.0 -9999.0 -9999.0 -9999.0 -9999.0 -9999.0 -9999.0 -9999.0 -9999.0 -9999.0 -9999.0 -9999.0 -9999.0 -9999.0 -9999.0 -9999.0 -9999.0 -9999.0 -9999.0 -9999.0 -9999.0 -9999.0 -9999.0 -9999.0 -9999.0 -9999.0 -9999.0 -9999.0 -9999.0 -9999.0 -9999.0 -9999.0 -9999.0 -9999.0 -9999.0 -9999.0 0.0 0.0 0.0 0.0 0.0 -9999.0 -9999.0 -9999.0 -9999.0 -9999.0 -9999.0 -9999.0 -9999.0 3.5 3.0 0.8 0.3 0.2 0.3 1.4 4.9 9.3 8.1 6.3 5.1 6.4 13.2 25.3 35.7 40.1 45.6 45.5 43.3 43.0 53.5 54.6 60.5 68.0 70.4 84.6
-9999.0 -9999.0 -9999.0 -9999.0 -9999.0 -9999.0 -9999.0 -9999.0 -9999.0 -9999.0 -9999.0 -9999.0 -9999.0 -9999.0 -9999.0 -9999.0 -9999.0 -9999.0 -9999.0 -9999.0 -9999.0 -9999.0 -9999.0 -9999.0 -9999.0 -9999.0 -9999.0 -9999.0 -9999.0 -9999.0 -9999.0 -9999.0 -9999.0 -9999.0 -9999.0 -9999.0 -9999.0 -9999.0 -9999.0 -9999.0 -9999.0 -9999.0 -9999.0 -9999.0 -9999.0 -9999.0 -9999.0 -9999.0 -9999.0 -9999.0 -9999.0 -9999.0 5.0 4.3 1.4 1.0 0.6 0.8 2.0 5.3 9.9 10.2 14.0 9.8 13.3 20.1 28.8 34.4 36.9 40.6 44.0 45.7 57.1 54.9 61.9 67.1 78.0 89.0 100.9
-9999.0 -9999.0 -9999.0 -9999.0 -9999.0 -9999.0 -9999.0 -9999.0 -9999.0 -9999.0 -9999.0 -9999.0 -9999.0 -9999.0 -9999.0 -9999.0 -9999.0 -9999.0 -9999.0 -9999.0 -9999.0 -9999.0 -9999.0 -9999.0 -9999.0 -9999.0 -9999.0 -9999.0 -9999.0 -9999.0 -9999.0 -9999.0 -9999.0 -9999.0 -9999.0 -9999.0 -9999.0 -9999.0 -9999.0 -9999.0 -9999.0 -9999.0 -9999.0 -9999.0 -9999.0 -9999.0 -9999.0 -9999.0 -9999.0 -9999.0 -9999.0 5.9 6.2 5.2 2.7 1.8 1.6 2.3 4.2 8.2 14.1 18.1 22.3 26.2 29.6 32.5 34.4 28.3 32.7 32.7 39.9 47.3 50.1 56.2 64.4 72.4 85.6 108.2 128.9
-9999.0 -9999.0 -9999.0 -9999.0 -9999.0 -9999.0 -9999.0 -9999.0 -9999.0 -9999.0 -9999.0 -9999.0 -9999.0 -9999.0 -9999.0 -9999.0 -9999.0 -9999.0 -9999.0 -9999.0 -9999.0 -9999.0 -9999.0 -9999.0 -9999.0 -9999.0 -9999.0 -9999.0 -9999.0 -9999.0 -9999.0 -9999.0 -9999.0 -9999.0 -9999.0 -9999.0 -9999.0 -9999.0 -9999.0 -9999.0 -9999.0 -9999.0 -9999.0 -9999.0 -9999.0 -9999.0 -9999.0 -9999.0 -9999.0 -9999.0 2.2 7.8 8.1 6.9 4.1 3.8 3.6 6.1 12.2 20.9 28.1 33.7 41.1 48.5 50.5 46.2 47.1 33.6 33.4 25.9 36.5 43.9 50.6 57.1 64.3 74.5 90.5 113.2 143.7
-9999.0 -9999.0 -9999.0 -9999.0 -9999.0 -9999.0 -9999.0 -9999.0 -9999.0 -9999.0 -9999.0 -9999.0 -9999.0 -9999.0 -9999.0 -9999.0 -9999.0 -9999.0 -9999.0 -9999.0 -9999.0 -9999.0 -9999.0 -9999.0 -9999.0 -9999.0 -9999.0 -9999.0 -9999.0 -9999.0 -9999.0 -9999.0 -9999.0 -9999.0 -9999.0 -9999.0 -9999.0 -9999.0 -9999.0 -9999.0 -9999.0 -9999.0 -9999.0 -9999.0 -9999.0 -9999.0 -9999.0 -9999.0 -9999.0 -9999.0 1.9 11.2 9.0 9.7 8.9 7.9 11.6 20.3 33.4 45.1 46.8 48.0 49.3 59.3 61.8 40.0 40.7 28.2 29.4 27.2 40.5 54.4 62.1 64.9 73.9 89.7 101.7 131.0 139.1
-9999.0 -9999.0 -9999.0 -9999.0 -9999.0 -9999.0 -9999.0 -9999.0 -9999.0 -9999.0 -9999.0 -9999.0 -9999.0 -9999.0 -9999.0 -9999.0 -9999.0 -9999.0 -9999.0 -9999.0 -9999.0 -9999.0 -9999.0 -9999.0 -9999.0 -9999.0 -9999.0 -9999.0 -9999.0 -9999.0 -9999.0 -9999.0 -9999.0 -9999.0 -9999.0 -9999.0 -9999.0 -9999.0 -9999.0 -9999.0 -9999.0 -9999.0 -9999.0 -9999.0 -9999.0 -9999.0 -9999.0 -9999.0 -9999.0 -9999.0 1.5 6.9 9.1 18.7 14.3 16.1 30.8 43.6 65.4 67.7 72.3 63.6 57.5 55.6 59.1 45.5 32.4 30.6 35.7 63.4 63.8 99.6 94.7 97.4 101.8 115.3 116.4 145.5 133.2
-9999.0 -9999.0 -9999.0 -9999.0 -9999.0 -9999.0 -9999.0 -9999.0 -9999.0 -9999.0 -9999.0 -9999.0 -9999.0 -9999.0 -9999.0 -9999.0 -9999.0 -9999.0 -9999.0 -9999.0 -9999.0 -9999.0 -9999.0 -9999.0 -9999.0 -9999.0 -9999.0 -9999.0 -9999.0 -9999.0 -9999.0 -9999.0 -9999.0 -9999.0 -9999.0 -9999.0 -9999.0 -9999.0 -9999.0 -9999.0 -9999.0 -9999.0 -9999.0 -9999.0 -9999.0 -9999.0 -9999.0 -9999.0 -9999.0 -9999.0 6.6 15.7 16.5 22.5 25.6 37.8 39.1 69.3 92.0 79.6 97.7 77.7 54.1 51.9 51.3 46.7 57.4 67.5 111.0 49.6 92.5 112.7 132.4 126.4 124.0 138.9 144.8 157.7 126.9
-9999.0 -9999.0 -9999.0 -9999.0 -9999.0 -9999.0 -9999.0 -9999.0 -9999.0 -9999.0 -9999.0 -9999.0 -9999.0 -9999.0 -9999.0 -9999.0 -9999.0 -9999.0 -9999.0 -9999.0 -9999.0 -9999.0 -9999.0 -9999.0 -9999.0 -9999.0 -9999.0 -9999.0 -9999.0 -9999.0 -9999.0 -9999.0 -9999.0 -9999.0 -9999.0 -9999.0 -9999.0 -9999.0 -9999.0 -9999.0 -9999.0 -9999.0 -9999.0 -9999.0 -9999.0 -9999.0 -9999.0 -9999.0 -9999.0 -9999.0 -9999.0 -9999.0 -9999.0 25.7 31.8 44.6 66.8 96.9 80.2 93.1 155.7 78.4 87.2 53.7 40.4 39.0 71.8 77.8 146.9 139.2 96.5 95.7 110.3 110.4 116.9 148.8 173.3 166.9 135.2
-9999.0 -9999.0 -9999.0 -9999.0 -9999.0 -9999.0 -9999.0 -9999.0 -9999.0 -9999.0 -9999.0 -9999.0 -9999.0 -9999.0 -9999.0 -9999.0 -9999.0 -9999.0 -9999.0 -9999.0 -9999.0 -9999.0 -9999.0 -9999.0 -9999.0 -9999.0 -9999.0 -9999.0 -9999.0 -9999.0 -9999.0 -9999.0 -9999.0 -9999.0 -9999.0 -9999.0 -9999.0 -9999.0 -9999.0 -9999.0 -9999.0 -9999.0 -9999.0 -9999.0 -9999.0 -9999.0 -9999.0 -9999.0 -9999.0 -9999.0 -9999.0 -9999.0 -9999.0 38.2 45.0 95.5 87.1 93.7 122.3 181.5 136.5 93.6 114.5 59.1 42.4 39.6 31.5 118.1 88.0 82.6 55.9 65.7 85.0 88.7 96.8 137.4 169.9 152.1 119.4
-9999.0 -9999.0 -9999.0 -9999.0 -9999.0 -9999.0 -9999.0 -9999.0 -9999.0 -9999.0 -9999.0 -9999.0 -9999.0 -9999.0 -9999.0 -9999.0 -9999.0 -9999.0 -9999.0 -9999.0 -9999.0 -9999.0 -9999.0 -9999.0 -9999.0 -9999.0 -9999.0 -9999.0 -9999.0 -9999.0 -9999.0 -9999.0 -9999.0 -9999.0 -9999.0 -9999.0 -9999.0 -9999.0 -9999.0 -9999.0 -9999.0 -9999.0 -9999.0 -9999.0 -9999.0 -9999.0 -9999.0 -9999.0 -9999.0 -9999.0 -9999.0 -9999.0 -9999.0 58.0 54.5 104.7 119.9 123.0 147.5 152.9 182.7 150.6 147.4 110.3 46.6 -9999.0 -9999.0 -9999.0 84.7 45.0 48.6 70.2 85.7 87.3 93.5 122.0 137.9 117.3 88.8
-9999.0 -9999.0 -9999.0 -9999.0 -9999.0 -9999.0 -9999.0 -9999.0 -9999.0 -9999.0 -9999.0 -9999.0 -9999.0 -9999.0 -9999.0 -9999.0 -9999.0 -9999.0 -9999.0 -9999.0 -9999.0 -9999.0 -9999.0 -9999.0 -9999.0 -9999.0 -9999.0 -9999.0 -9999.0 -9999.0 -9999.0 -9999.0 -9999.0 -9999.0 -9999.0 -9999.0 -9999.0 -9999.0 -9999.0 -9999.0 -9999.0 -9999.0 -9999.0 -9999.0 -9999.0 -9999.0 -9999.0 -9999.0 -9999.0 -9999.0 -9999.0 -9999.0 -9999.0 -9999.0 100.7 122.3 113.9 117.9 175.3 216.6 134.3 -9999.0 -9999.0 -9999.0 -9999.0 -9999.0 -9999.0 -9999.0 38.7 50.9 80.8 73.5 82.9 81.4 77.1 84.9 83.2 61.5 47.6
-9999.0 -9999.0 -9999.0 -9999.0 -9999.0 -9999.0 -9999.0 -9999.0 -9999.0 -9999.0 -9999.0 -9999.0 -9999.0 -9999.0 -9999.0 -9999.0 -9999.0 -9999.0 -9999.0 -9999.0 -9999.0 -9999.0 -9999.0 -9999.0 -9999.0 -9999.0 -9999.0 -9999.0 -9999.0 -9999.0 -9999.0 -9999.0 -9999.0 -9999.0 -9999.0 -9999.0 -9999.0 -9999.0 -9999.0 -9999.0 -9999.0 -9999.0 -9999.0 -9999.0 -9999.0 -9999.0 -9999.0 -9999.0 -9999.0 -9999.0 -9999.0 -9999.0 -9999.0 -9999.0 -9999.0 131.3 199.8 165.9 155.1 188.1 165.9 -9999.0 -9999.0 -9999.0 -9999.0 -9999.0 -9999.0 -9999.0 -9999.0 -9999.0 58.3 -9999.0 -9999.0 -9999.0 -9999.0 -9999.0 45.6 -9999.0 -9999.0
-9999.0 -9999.0 -9999.0 -9999.0 -9999.0 -9999.0 -9999.0 -9999.0 -9999.0 -9999.0 -9999.0 -9999.0 -9999.0 -9999.0 -9999.0 -9999.0 -9999.0 -9999.0 -9999.0 -9999.0 -9999.0 -9999.0 -9999.0 -9999.0 -9999.0 -9999.0 -9999.0 -9999.0 -9999.0 -9999.0 -9999.0 -9999.0 -9999.0 -9999.0 -9999.0 -9999.0 -9999.0 -9999.0 -9999.0 -9999.0 -9999.0 -9999.0 -9999.0 -9999.0 -9999.0 -9999.0 -9999.0 -9999.0 -9999.0 -9999.0 -9999.0 -9999.0 -9999.0 -9999.0 -9999.0 -9999.0 -9999.0 -9999.0 188.2 162.0 -9999.0 -9999.0 -9999.0 -9999.0 -9999.0 -9999.0 -9999.0 -9999.0 -9999.0 -9999.0 -9999.0 -9999.0 -9999.0 -9999.0 -9999.0 30.5 33.0 -9999.0 -9999.0
-9999.0 -9999.0 -9999.0 -9999.0 -9999.0 -9999.0 -9999.0 -9999.0 -9999.0 -9999.0 -9999.0 -9999.0 -9999.0 -9999.0 -9999.0 -9999.0 -9999.0 -9999.0 -9999.0 -9999.0 -9999.0 -9999.0 -9999.0 -9999.0 -9999.0 -9999.0 -9999.0 -9999.0 -9999.0 -9999.0 -9999.0 -9999.0 -9999.0 -9999.0 -9999.0 -9999.0 -9999.0 -9999.0 -9999.0 -9999.0 -9999.0 -9999.0 -9999.0 -9999.0 -9999.0 -9999.0 -9999.0 -9999.0 -9999.0 -9999.0 -9999.0 -9999.0 -9999.0 -9999.0 -9999.0 -9999.0 -9999.0 -9999.0 -9999.0 -9999.0 -9999.0 -9999.0 -9999.0 -9999.0 -9999.0 -9999.0 -9999.0 -9999.0 -9999.0 -9999.0 -9999.0 -9999.0 -9999.0 -9999.0 -9999.0 -9999.0 -9999.0 -9999.0 -9999.0
-9999.0 -9999.0 -9999.0 -9999.0 -9999.0 -9999.0 -9999.0 -9999.0 -9999.0 -9999.0 -9999.0 -9999.0 -9999.0 -9999.0 -9999.0 -9999.0 -9999.0 -9999.0 -9999.0 -9999.0 -9999.0 -9999.0 -9999.0 -9999.0 -9999.0 -9999.0 -9999.0 -9999.0 -9999.0 -9999.0 -9999.0 -9999.0 -9999.0 -9999.0 -9999.0 -9999.0 -9999.0 -9999.0 -9999.0 -9999.0 -9999.0 -9999.0 -9999.0 -9999.0 -9999.0 -9999.0 -9999.0 -9999.0 -9999.0 -9999.0 -9999.0 -9999.0 -9999.0 -9999.0 -9999.0 -9999.0 -9999.0 -9999.0 -9999.0 -9999.0 -9999.0 -9999.0 -9999.0 -9999.0 -9999.0 -9999.0 -9999.0 -9999.0 -9999.0 -9999.0 -9999.0 -9999.0 -9999.0 -9999.0 -9999.0 37.7 61.7 97.3 -9999.0
-9999.0 -9999.0 -9999.0 -9999.0 -9999.0 -9999.0 -9999.0 -9999.0 -9999.0 -9999.0 -9999.0 -9999.0 -9999.0 -9999.0 -9999.0 -9999.0 -9999.0 -9999.0 -9999.0 -9999.0 -9999.0 -9999.0 -9999.0 -9999.0 -9999.0 -9999.0 -9999.0 -9999.0 -9999.0 -9999.0 -9999.0 -9999.0 -9999.0 -9999.0 -9999.0 -9999.0 -9999.0 -9999.0 -9999.0 -9999.0 -9999.0 -9999.0 -9999.0 -9999.0 -9999.0 -9999.0 -9999.0 -9999.0 -9999.0 -9999.0 -9999.0 -9999.0 -9999.0 -9999.0 -9999.0 -9999.0 -9999.0 -9999.0 -9999.0 -9999.0 -9999.0 -9999.0 -9999.0 -9999.0 -9999.0 -9999.0 -9999.0 -9999.0 -9999.0 -9999.0 -9999.0 -9999.0 -9999.0 28.7 36.2 55.4 104.3 -9999.0 -9999.0
