program/excelProcessViaJava/data/SURF_CLI_CHN_PRE_MON_GRID_0.5-198005.txt
NCOLS      128
NROWS       72
XLLCORNER    72.000000000000    
YLLCORNER    18.000000000000    
CELLSIZE    0.50000000000000    
NODATA_VALUE   -9999.000    
[rows 34 to 67 of 72, columns 0 to 76 of 128]
-9999.0 -9999.0 -9999.0 -9999.0 6.8 7.0 7.2 6.7 7.3 6.7 4.2 5.0 3.4 3.0 1.4 2.2 3.1 4.6 3.5 1.5 0.6 0.4 0.3 0.2 0.2 0.3 0.2 0.2 0.3 0.4 0.6 1.0 1.3 1.9 3.0 3.2 6.1 10.6 7.1 3.7 10.9 1.7 1.4 0.9 1.1 1.3 1.3 1.3 1.9 4.1 8.9 14.3 13.7 14.6 15.5 16.1 20.2 25.7 29.9 24.5 29.0 24.8 19.4 15.1 12.1 12.8 23.7 24.8 26.6 30.2 34.6 44.8 56.6 64.9 66.5 66.5 68.8
-9999.0 -9999.0 -9999.0 -9999.0 -9999.0 -9999.0 -9999.0 5.2 5.1 4.4 5.1 4.5 3.0 2.8 2.5 2.4 1.9 2.5 2.0 0.8 0.5 0.4 0.3 0.2 0.2 0.2 0.2 0.3 0.4 0.5 0.7 1.1 1.7 2.7 4.4 4.7 8.9 9.9 18.0 24.0 11.3 37.9 35.5 20.0 8.1 3.0 4.1 3.0 4.8 6.2 12.5 20.1 20.1 13.9 13.2 18.8 23.4 25.8 26.2 23.4 25.9 21.0 14.9 14.9 21.4 22.3 30.6 33.4 32.1 36.5 45.9 59.5 71.6 76.7 73.4 69.6 72.2
-9999.0 -9999.0 -9999.0 -9999.0 -9999.0 -9999.0 -9999.0 4.9 3.7 3.8 3.7 3.0 2.9 3.1 2.3 2.6 1.6 1.3 1.1 0.7 0.5 0.4 0.3 0.3 0.3 0.3 0.3 0.4 0.4 0.5 0.9 1.3 2.0 3.5 4.0 5.7 6.9 11.4 14.9 18.1 25.0 30.6 36.7 51.1 24.1 10.7 12.5 12.4 20.9 18.3 25.4 22.3 23.4 20.0 16.1 24.7 30.0 32.1 28.7 27.0 30.0 32.5 25.9 31.9 35.8 40.0 41.4 39.2 40.9 42.6 53.1 64.5 72.3 75.0 65.8 68.3 73.3
-9999.0 -9999.0 -9999.0 -9999.0 -9999.0 -9999.0 -9999.0 -9999.0 -9999.0 3.1 2.8 2.4 2.7 2.4 2.0 1.8 1.6 1.8 1.1 1.0 0.7 0.5 0.4 0.4 0.4 0.4 0.4 0.5 0.5 0.7 1.0 1.5 2.2 3.4 4.0 5.2 6.5 9.5 11.4 16.9 20.4 29.8 32.6 29.9 33.6 29.5 26.7 24.4 25.8 27.2 29.6 27.2 25.8 25.7 20.9 34.6 45.2 44.6 33.3 32.6 37.6 43.5 51.2 53.1 64.0 61.8 54.4 49.7 53.6 53.7 61.7 65.6 68.2 71.4 74.8 70.0 82.3
-9999.0 -9999.0 -9999.0 -9999.0 -9999.0 -9999.0 -9999.0 -9999.0 -9999.0 -9999.0 -9999.0 2.6 2.1 2.4 2.0 1.9 1.7 1.5 1.3 1.1 0.9 0.7 0.6 0.6 0.5 0.5 0.5 0.6 0.7 1.0 1.4 2.1 2.7 3.8 4.7 7.6 7.2 8.9 18.0 14.4 22.0 24.2 26.4 27.2 39.9 28.5 39.0 30.7 34.3 34.1 31.7 31.2 29.1 26.2 23.8 33.5 51.3 45.7 41.2 39.7 43.3 58.2 69.7 79.4 86.6 68.0 56.5 64.6 69.9 74.9 77.2 79.9 73.9 69.5 77.7 88.6 99.1
-9999.0 -9999.0 -9999.0 -9999.0 -9999.0 -9999.0 -9999.0 -9999.0 -9999.0 -9999.0 -9999.0 -9999.0 2.2 2.1 2.2 2.1 2.1 1.8 1.7 1.6 1.4 1.2 1.0 1.0 0.9 0.8 0.9 0.9 1.1 1.4 1.8 2.5 3.5 5.0 6.5 7.5 11.6 9.8 9.4 9.7 11.9 16.5 21.9 30.0 31.4 33.6 37.1 28.8 32.9 36.1 40.2 35.4 30.9 31.3 31.9 35.3 41.2 36.8 53.6 40.9 53.1 62.7 78.6 94.1 93.4 103.5 75.4 87.0 97.3 107.1 96.9 92.9 91.0 87.4 86.5 150.9 101.0
-9999.0 -9999.0 -9999.0 -9999.0 -9999.0 -9999.0 -9999.0 -9999.0 -9999.0 -9999.0 -9999.0 -9999.0 2.6 2.5 2.7 2.4 2.7 2.5 2.2 2.1 2.0 1.8 1.7 1.7 1.9 1.6 1.5 1.8 1.7 2.2 2.5 3.3 4.5 6.0 7.8 9.0 11.8 12.8 11.8 11.4 11.4 14.8 26.1 25.3 34.0 40.4 32.3 30.0 26.4 35.8 36.3 35.3 32.2 31.0 40.8 39.2 50.8 47.3 58.8 58.9 67.7 82.1 89.8 98.2 88.6 101.8 78.0 100.8 118.4 135.6 158.6 185.7 194.9 141.3 126.2 103.8 100.0
-9999.0 -9999.0 -9999.0 -9999.0 -9999.0 -9999.0 -9999.0 -9999.0 -9999.0 -9999.0 -9999.0 -9999.0 -9999.0 2.7 2.9 3.5 3.1 3.5 3.6 3.5 3.2 3.4 2.8 3.3 2.9 2.1 2.0 1.9 2.2 2.5 3.4 4.5 5.6 7.7 9.8 11.5 12.5 13.5 21.4 16.4 16.7 22.3 26.8 38.0 36.3 34.4 38.8 41.8 42.3 40.2 38.0 33.3 33.1 30.0 30.7 36.4 47.8 45.9 37.4 50.1 59.4 80.1 90.3 100.6 67.8 88.0 110.6 134.1 155.0 164.4 152.8 154.0 167.4 155.7 159.1 119.3 112.2
-9999.0 -9999.0 -9999.0 -9999.0 -9999.0 -9999.0 -9999.0 -9999.0 -9999.0 -9999.0 -9999.0 -9999.0 2.9 3.2 3.4 3.9 3.7 4.1 4.4 5.5 5.5 5.4 4.8 4.9 4.9 3.3 3.3 3.5 3.5 3.5 4.3 6.1 6.8 9.8 12.7 15.3 17.2 15.7 14.9 15.8 25.3 36.1 46.9 37.7 44.9 47.0 43.2 38.8 41.7 42.0 44.7 42.7 35.7 33.5 36.0 38.7 35.5 70.5 53.0 64.9 63.8 67.6 85.9 98.3 106.7 106.9 135.1 157.1 174.7 197.0 206.5 188.7 152.2 124.0 118.0 114.5 123.1
-9999.0 -9999.0 -9999.0 -9999.0 -9999.0 -9999.0 -9999.0 -9999.0 -9999.0 -9999.0 -9999.0 -9999.0 3.3 4.2 4.4 4.3 4.6 6.1 6.7 6.0 7.6 6.4 6.4 6.4 6.9 6.9 6.1 5.7 5.3 6.0 6.8 7.5 8.3 13.4 17.4 20.3 21.6 20.3 18.5 17.3 21.0 27.2 36.3 45.9 52.0 55.8 62.4 58.4 55.4 45.1 45.1 46.3 41.8 42.7 42.3 48.6 41.6 43.7 59.0 54.3 58.8 67.5 87.9 95.7 101.3 123.3 138.4 156.9 148.0 142.8 148.7 155.6 163.6 181.7 166.7 121.3 120.5
-9999.0 -9999.0 -9999.0 -9999.0 -9999.0 -9999.0 -9999.0 -9999.0 -9999.0 -9999.0 -9999.0 -9999.0 4.4 4.2 5.8 6.1 7.0 6.0 7.4 7.7 6.4 6.3 7.8 6.7 7.3 5.5 5.8 4.5 7.0 7.4 8.5 7.4 12.4 18.1 22.9 26.3 27.5 25.2 22.4 23.0 26.5 35.0 52.4 50.8 60.8 71.6 73.8 62.7 53.7 55.3 55.2 51.1 51.0 43.7 37.8 52.8 43.6 45.6 52.8 69.6 75.8 82.0 92.5 94.1 103.8 124.3 133.3 134.9 125.5 109.8 113.4 165.0 192.5 208.2 262.2 150.4 172.1
-9999.0 -9999.0 -9999.0 -9999.0 -9999.0 -9999.0 -9999.0 -9999.0 -9999.0 -9999.0 -9999.0 -9999.0 -9999.0 4.5 5.1 7.0 7.6 8.9 8.1 7.9 6.7 8.3 7.3 6.6 8.4 7.5 7.7 8.4 7.1 10.9 8.1 10.6 12.5 19.9 24.7 26.5 29.6 29.4 26.9 27.8 34.4 52.1 68.6 74.8 67.4 66.4 72.6 53.6 68.0 64.1 55.8 59.6 52.2 49.3 41.6 39.0 49.8 55.0 61.7 70.0 84.8 99.4 105.4 93.3 105.1 101.3 108.4 112.4 106.3 104.5 112.2 142.4 194.2 193.0 181.7 138.3 104.5
-9999.0 -9999.0 -9999.0 -9999.0 -9999.0 -9999.0 -9999.0 -9999.0 -9999.0 -9999.0 -9999.0 -9999.0 -9999.0 6.7 5.6 7.6 7.1 10.1 10.4 9.7 7.6 7.5 7.1 7.3 10.0 8.4 7.9 10.1 10.0 6.2 8.3 10.8 16.9 20.8 23.2 28.2 32.6 31.8 30.9 39.5 42.9 57.9 72.9 80.6 93.3 75.9 71.3 54.5 57.1 55.7 61.8 47.0 53.2 51.4 48.1 43.4 47.1 57.1 71.9 88.7 105.9 106.0 119.0 133.7 98.1 87.4 94.0 101.9 106.9 105.8 116.6 145.7 180.8 203.8 200.3 181.6 176.1
-9999.0 -9999.0 -9999.0 -9999.0 -9999.0 -9999.0 -9999.0 -9999.0 -9999.0 -9999.0 -9999.0 -9999.0 -9999.0 -9999.0 -9999.0 7.6 9.3 9.2 10.7 11.8 8.6 9.5 9.4 8.5 7.6 7.7 5.8 7.4 6.4 11.4 11.4 15.5 14.7 19.7 27.0 27.4 30.9 36.1 34.3 38.1 49.3 62.7 73.8 77.8 65.7 54.5 62.2 40.9 52.6 26.9 44.3 67.0 49.7 48.1 37.8 46.3 52.1 55.7 87.9 110.4 114.8 127.8 172.5 139.7 104.1 91.1 92.0 98.3 107.9 116.5 126.5 142.0 183.6 207.0 218.4 232.9 225.8
-9999.0 -9999.0 -9999.0 -9999.0 -9999.0 -9999.0 -9999.0 -9999.0 -9999.0 -9999.0 -9999.0 -9999.0 -9999.0 -9999.0 -9999.0 -9999.0 -9999.0 23.7 17.3 -9999.0 15.1 8.9 10.9 10.3 7.5 7.8 6.0 7.5 11.4 10.0 15.2 25.3 16.5 36.8 49.0 33.7 31.9 49.6 37.4 40.2 47.2 60.0 65.1 64.9 56.7 44.4 54.7 63.2 30.9 42.0 21.2 39.6 30.7 50.3 53.4 57.5 59.7 83.9 106.2 132.5 119.1 154.3 159.1 126.4 101.0 93.4 90.6 91.3 97.6 110.6 124.8 162.6 191.5 193.4 229.2 261.9 280.3
-9999.0 -9999.0 -9999.0 -9999.0 -9999.0 -9999.0 -9999.0 -9999.0 -9999.0 -9999.0 -9999.0 -9999.0 -9999.0 -9999.0 -9999.0 -9999.0 -9999.0 -9999.0 -9999.0 -9999.0 -9999.0 10.7 8.4 6.3 7.2 10.7 10.8 11.7 12.5 19.9 21.3 42.8 44.8 44.0 53.0 36.6 39.3 43.6 51.1 68.6 66.8 52.0 57.2 54.3 48.2 40.9 84.0 28.4 62.1 140.9 39.5 74.2 69.1 41.7 54.3 71.2 83.2 94.9 130.2 147.0 146.5 163.8 141.8 108.5 88.6 84.9 82.2 80.1 83.5 95.1 115.6 153.6 171.6 183.5 215.6 251.7 289.9
-9999.0 -9999.0 -9999.0 -9999.0 -9999.0 -9999.0 -9999.0 -9999.0 -9999.0 -9999.0 -9999.0 -9999.0 -9999.0 -9999.0 -9999.0 -9999.0 -9999.0 -9999.0 -9999.0 -9999.0 -9999.0 -9999.0 -9999.0 17.8 8.5 9.4 10.3 10.8 9.7 18.0 20.2 22.7 18.5 27.8 27.9 32.4 35.1 44.2 42.3 43.4 42.1 47.2 38.6 35.4 43.9 128.3 36.4 29.9 36.7 43.8 34.6 61.9 41.8 50.7 50.9 52.0 87.3 115.0 107.9 153.2 166.0 181.5 167.7 115.9 97.0 85.7 81.5 78.6 82.5 89.3 127.6 146.7 165.4 191.0 199.4 211.1 233.3
-9999.0 -9999.0 -9999.0 -9999.0 -9999.0 -9999.0 -9999.0 -9999.0 -9999.0 -9999.0 -9999.0 -9999.0 -9999.0 -9999.0 -9999.0 -9999.0 -9999.0 -9999.0 -9999.0 -9999.0 -9999.0 -9999.0 -9999.0 -9999.0 -9999.0 35.1 14.6 5.9 7.5 8.5 13.6 26.0 32.1 27.4 36.0 30.8 36.7 44.7 45.7 45.4 45.7 33.8 77.1 51.9 109.8 140.0 80.7 136.3 37.0 45.3 62.7 53.6 66.8 62.6 41.3 49.8 81.4 94.9 132.4 147.7 160.6 169.0 184.4 108.6 104.4 103.4 100.6 112.6 124.3 135.0 125.2 144.7 160.7 193.3 199.1 173.9 160.0
-9999.0 -9999.0 -9999.0 -9999.0 -9999.0 -9999.0 -9999.0 -9999.0 -9999.0 -9999.0 -9999.0 -9999.0 -9999.0 -9999.0 -9999.0 -9999.0 -9999.0 -9999.0 -9999.0 -9999.0 -9999.0 -9999.0 -9999.0 -9999.0 -9999.0 -9999.0 -9999.0 55.6 64.1 26.1 29.7 35.5 16.4 54.5 29.0 119.6 47.4 54.3 80.1 50.7 41.8 40.3 87.0 135.0 132.8 144.1 154.3 147.9 136.6 73.8 95.1 85.8 50.8 43.0 39.5 54.2 56.4 75.1 115.7 116.9 110.3 145.5 106.3 98.7 101.1 117.4 141.0 145.7 144.4 138.5 138.9 169.7 171.3 195.3 180.5 157.4 180.9
-9999.0 -9999.0 -9999.0 -9999.0 -9999.0 -9999.0 -9999.0 -9999.0 -9999.0 -9999.0 -9999.0 -9999.0 -9999.0 -9999.0 -9999.0 -9999.0 -9999.0 -9999.0 -9999.0 -9999.0 -9999.0 -9999.0 -9999.0 -9999.0 -9999.0 -9999.0 -9999.0 -9999.0 -9999.0 -9999.0 -9999.0 -9999.0 -9999.0 90.3 36.0 -9999.0 -9999.0 -9999.0 119.8 63.4 82.1 98.6 71.5 145.3 159.4 151.5 -9999.0 -9999.0 -9999.0 -9999.0 -9999.0 -9999.0 55.7 53.4 34.9 36.3 48.8 62.7 77.3 78.2 91.6 117.7 91.0 83.3 90.5 126.3 179.9 225.0 223.5 181.1 172.7 197.7 221.9 207.6 216.3 182.8 230.9
-9999.0 -9999.0 -9999.0 -9999.0 -9999.0 -9999.0 -9999.0 -9999.0 -9999.0 -9999.0 -9999.0 -9999.0 -9999.0 -9999.0 -9999.0 -9999.0 -9999.0 -9999.0 -9999.0 -9999.0 -9999.0 -9999.0 -9999.0 -9999.0 -9999.0 -9999.0 -9999.0 -9999.0 -9999.0 -9999.0 -9999.0 -9999.0 -9999.0 -9999.0 -9999.0 -9999.0 -9999.0 -9999.0 -9999.0 177.2 169.3 164.2 158.8 151.9 -9999.0 -9999.0 -9999.0 -9999.0 -9999.0 -9999.0 -9999.0 -9999.0 57.7 62.9 39.7 33.6 43.8 55.7 57.5 55.9 61.1 89.1 98.2 79.0 86.2 119.7 183.7 262.6 266.0 242.4 232.5 245.6 245.4 260.7 229.4 240.8 253.4
-9999.0 -9999.0 -9999.0 -9999.0 -9999.0 -9999.0 -9999.0 -9999.0 -9999.0 -9999.0 -9999.0 -9999.0 -9999.0 -9999.0 -9999.0 -9999.0 -9999.0 -9999.0 -9999.0 -9999.0 -9999.0 -9999.0 -9999.0 -9999.0 -9999.0 -9999.0 -9999.0 -9999.0 -9999.0 -9999.0 -9999.0 -9999.0 -9999.0 -9999.0 -9999.0 -9999.0 -9999.0 -9999.0 -9999.0 -9999.0 -9999.0 -9999.0 -9999.0 -9999.0 -9999.0 -9999.0 -9999.0 -9999.0 -9999.0 -9999.0 -9999.0 -9999.0 57.8 73.7 45.4 49.6 41.7 48.8 51.4 55.0 56.1 73.9 145.2 92.8 104.8 147.0 224.5 269.4 272.1 256.9 260.8 277.5 297.6 274.4 275.9 275.5 301.5
-9999.0 -9999.0 -9999.0 -9999.0 -9999.0 -9999.0 -9999.0 -9999.0 -9999.0 -9999.0 -9999.0 -9999.0 -9999.0 -9999.0 -9999.0 -9999.0 -9999.0 -9999.0 -9999.0 -9999.0 -9999.0 -9999.0 -9999.0 -9999.0 -9999.0 -9999.0 -9999.0 -9999.0 -9999.0 -9999.0 -9999.0 -9999.0 -9999.0 -9999.0 -9999.0 -9999.0 -9999.0 -9999.0 -9999.0 -9999.0 -9999.0 -9999.0 -9999.0 -9999.0 -9999.0 -9999.0 -9999.0 -9999.0 -9999.0 -9999.0 -9999.0 77.2 71.6 77.9 40.7 40.2 38.2 46.4 46.6 45.5 77.9 93.6 93.5 114.8 139.0 186.2 239.0 240.7 243.0 237.3 251.2 254.8 230.1 214.1 247.1 287.6 323.3
-9999.0 -9999.0 -9999.0 -9999.0 -9999.0 -9999.0 -9999.0 -9999.0 -9999.0 -9999.0 -9999.0 -9999.0 -9999.0 -9999.0 -9999.0 -9999.0 -9999.0 -9999.0 -9999.0 -9999.0 -9999.0 -9999.0 -9999.0 -9999.0 -9999.0 -9999.0 -9999.0 -9999.0 -9999.0 -9999.0 -9999.0 -9999.0 -9999.0 -9999.0 -9999.0 -9999.0 -9999.0 -9999.0 -9999.0 -9999.0 -9999.0 -9999.0 -9999.0 -9999.0 -9999.0 -9999.0 -9999.0 -9999.0 -9999.0 -9999.0 87.9 91.9 89.3 83.4 49.3 44.8 30.4 28.4 37.3 55.4 67.4 100.1 110.5 140.8 177.3 218.9 241.5 213.4 192.3 184.9 189.2 181.5 163.5 181.3 233.8 299.7 305.6
-9999.0 -9999.0 -9999.0 -9999.0 -9999.0 -9999.0 -9999.0 -9999.0 -9999.0 -9999.0 -9999.0 -9999.0 -9999.0 -9999.0 -9999.0 -9999.0 -9999.0 -9999.0 -9999.0 -9999.0 -9999.0 -9999.0 -9999.0 -9999.0 -9999.0 -9999.0 -9999.0 -9999.0 -9999.0 -9999.0 -9999.0 -9999.0 -9999.0 -9999.0 -9999.0 -9999.0 -9999.0 -9999.0 -9999.0 -9999.0 -9999.0 -9999.0 -9999.0 -9999.0 -9999.0 -9999.0 -9999.0 -9999.0 -9999.0 -9999.0 81.8 116.5 76.2 84.4 72.3 44.5 26.3 37.2 42.6 49.1 66.2 93.1 110.0 144.3 181.9 191.7 205.3 182.7 152.4 151.1 144.9 138.8 134.4 153.5 212.8 282.5 313.9
-9999.0 -9999.0 -9999.0 -9999.0 -9999.0 -9999.0 -9999.0 -9999.0 -9999.0 -9999.0 -9999.0 -9999.0 -9999.0 -9999.0 -9999.0 -9999.0 -9999.0 -9999.0 -9999.0 -9999.0 -9999.0 -9999.0 -9999.0 -9999.0 -9999.0 -9999.0 -9999.0 -9999.0 -9999.0 -9999.0 -9999.0 -9999.0 -9999.0 -9999.0 -9999.0 -9999.0 -9999.0 -9999.0 -9999.0 -9999.0 -9999.0 -9999.0 -9999.0 -9999.0 -9999.0 -9999.0 -9999.0 -9999.0 -9999.0 -9999.0 72.4 82.8 74.2 128.9 64.6 44.4 66.0 42.1 55.2 61.8 78.2 102.0 113.0 115.1 151.4 170.3 174.1 169.0 156.7 121.5 139.2 134.4 161.8 183.4 235.6 289.6 328.9
-9999.0 -9999.0 -9999.0 -9999.0 -9999.0 -9999.0 -9999.0 -9999.0 -9999.0 -9999.0 -9999.0 -9999.0 -9999.0 -9999.0 -9999.0 -9999.0 -9999.0 -9999.0 -9999.0 -9999.0 -9999.0 -9999.0 -9999.0 -9999.0 -9999.0 -9999.0 -9999.0 -9999.0 -9999.0 -9999.0 -9999.0 -9999.0 -9999.0 -9999.0 -9999.0 -9999.0 -9999.0 -9999.0 -9999.0 -9999.0 -9999.0 -9999.0 -9999.0 -9999.0 -9999.0 -9999.0 -9999.0 -9999.0 -9999.0 -9999.0 84.2 119.3 102.9 114.6 96.5 96.0 44.5 62.1 76.2 90.0 97.8 96.7 68.3 97.3 133.6 154.4 164.3 150.9 129.2 162.3 139.2 157.0 185.4 204.1 233.6 267.7 301.8
-9999.0 -9999.0 -9999.0 -9999.0 -9999.0 -9999.0 -9999.0 -9999.0 -9999.0 -9999.0 -9999.0 -9999.0 -9999.0 -9999.0 -9999.0 -9999.0 -9999.0 -9999.0 -9999.0 -9999.0 -9999.0 -9999.0 -9999.0 -9999.0 -9999.0 -9999.0 -9999.0 -9999.0 -9999.0 -9999.0 -9999.0 -9999.0 -9999.0 -9999.0 -9999.0 -9999.0 -9999.0 -9999.0 -9999.0 -9999.0 -9999.0 -9999.0 -9999.0 -9999.0 -9999.0 -9999.0 -9999.0 -9999.0 -9999.0 -9999.0 -9999.0 -9999.0 -9999.0 97.4 82.1 69.4 74.2 93.1 107.1 126.1 164.7 102.7 133.5 111.3 133.3 149.7 163.8 149.3 131.1 123.0 126.7 138.1 164.6 179.7 189.8 207.7 241.6
-9999.0 -9999.0 -9999.0 -9999.0 -9999.0 -9999.0 -9999.0 -9999.0 -9999.0 -9999.0 -9999.0 -9999.0 -9999.0 -9999.0 -9999.0 -9999.0 -9999.0 -9999.0 -9999.0 -9999.0 -9999.0 -9999.0 -9999.0 -9999.0 -9999.0 -9999.0 -9999.0 -9999.0 -9999.0 -9999.0 -9999.0 -9999.0 -9999.0 -9999.0 -9999.0 -9999.0 -9999.0 -9999.0 -9999.0 -9999.0 -9999.0 -9999.0 -9999.0 -9999.0 -9999.0 -9999.0 -9999.0 -9999.0 -9999.0 -9999.0 -9999.0 -9999.0 -9999.0 97.0 76.4 151.7 84.9 96.4 136.2 191.7 182.0 151.9 185.4 138.4 148.1 158.5 160.3 157.8 146.0 137.7 138.0 143.2 152.6 154.0 152.3 173.3 205.7
-9999.0 -9999.0 -9999.0 -9999.0 -9999.0 -9999.0 -9999.0 -9999.0 -9999.0 -9999.0 -9999.0 -9999.0 -9999.0 -9999.0 -9999.0 -9999.0 -9999.0 -9999.0 -9999.0 -9999.0 -9999.0 -9999.0 -9999.0 -9999.0 -9999.0 -9999.0 -9999.0 -9999.0 -9999.0 -9999.0 -9999.0 -9999.0 -9999.0 -9999.0 -9999.0 -9999.0 -9999.0 -9999.0 -9999.0 -9999.0 -9999.0 -9999.0 -9999.0 -9999.0 -9999.0 -9999.0 -9999.0 -9999.0 -9999.0 -9999.0 -9999.0 -9999.0 -9999.0 93.2 55.6 103.8 100.3 107.9 151.2 189.1 238.2 226.8 252.6 242.5 161.3 -9999.0 -9999.0 -9999.0 171.4 175.4 185.4 193.6 187.4 164.9 152.3 179.2 222.1
-9999.0 -9999.0 -9999.0 -9999.0 -9999.0 -9999.0 -9999.0 -9999.0 -9999.0 -9999.0 -9999.0 -9999.0 -9999.0 -9999.0 -9999.0 -9999.0 -9999.0 -9999.0 -9999.0 -9999.0 -9999.0 -9999.0 -9999.0 -9999.0 -9999.0 -9999.0 -9999.0 -9999.0 -9999.0 -9999.0 -9999.0 -9999.0 -9999.0 -9999.0 -9999.0 -9999.0 -9999.0 -9999.0 -9999.0 -9999.0 -9999.0 -9999.0 -9999.0 -9999.0 -9999.0 -9999.0 -9999.0 -9999.0 -9999.0 -9999.0 -9999.0 -9999.0 -9999.0 -9999.0 84.8 87.2 70.1 85.9 155.1 226.2 182.9 -9999.0 -9999.0 -9999.0 -9999.0 -9999.0 -9999.0 -9999.0 209.4 229.1 253.7 271.8 244.9 191.2 156.8 169.3 227.6
-9999.0 -9999.0 -9999.0 -9999.0 -9999.0 -9999.0 -9999.0 -9999.0 -9999.0 -9999.0 -9999.0 -9999.0 -9999.0 -9999.0 -9999.0 -9999.0 -9999.0 -9999.0 -9999.0 -9999.0 -9999.0 -9999.0 -9999.0 -9999.0 -9999.0 -9999.0 -9999.0 -9999.0 -9999.0 -9999.0 -9999.0 -9999.0 -9999.0 -9999.0 -9999.0 -9999.0 -9999.0 -9999.0 -9999.0 -9999.0 -9999.0 -9999.0 -9999.0 -9999.0 -9999.0 -9999.0 -9999.0 -9999.0 -9999.0 -9999.0 -9999.0 -9999.0 -9999.0 -9999.0 -9999.0 67.8 138.0 101.2 112.0 171.5 185.7 -9999.0 -9999.0 -9999.0 -9999.0 -9999.0 -9999.0 -9999.0 -9999.0 -9999.0 301.8 -9999.0 -9999.0 -9999.0 -9999.0 -9999.0 147.9
-9999.0 -9999.0 -9999.0 -9999.0 -9999.0 -9999.0 -9999.0 -9999.0 -9999.0 -9999.0 -9999.0 -9999.0 -9999.0 -9999.0 -9999.0 -9999.0 -9999.0 -9999.0 -9999.0 -9999.0 -9999.0 -9999.0 -9999.0 -9999.0 -9999.0 -9999.0 -9999.0 -9999.0 -9999.0 -9999.0 -9999.0 -9999.0 -9999.0 -9999.0 -9999.0 -9999.0 -9999.0 -9999.0 -9999.0 -9999.0 -9999.0 -9999.0 -9999.0 -9999.0 -9999.0 -9999.0 -9999.0 -9999.0 -9999.0 -9999.0 -9999.0 -9999.0 -9999.0 -9999.0 -9999.0 -9999.0 -9999.0 -9999.0 116.2 119.4 -9999.0 -9999.0 -9999.0 -9999.0 -9999.0 -9999.0 -9999.0 -9999.0 -9999.0 -9999.0 -9999.0 -9999.0 -9999.0 -9999.0 -9999.0 94.0 97.0
-9999.0 -9999.0 -9999.0 -9999.0 -9999.0 -9999.0 -9999.0 -9999.0 -9999.0 -9999.0 -9999.0 -9999.0 -9999.0 -9999.0 -9999.0 -9999.0 -9999.0 -9999.0 -9999.0 -9999.0 -9999.0 -9999.0 -9999.0 -9999.0 -9999.0 -9999.0 -9999.0 -9999.0 -9999.0 -9999.0 -9999.0 -9999.0 -9999.0 -9999.0 -9999.0 -9999.0 -9999.0 -9999.0 -9999.0 -9999.0 -9999.0 -9999.0 -9999.0 -9999.0 -9999.0 -9999.0 -9999.0 -9999.0 -9999.0 -9999.0 -9999.0 -9999.0 -9999.0 -9999.0 -9999.0 -9999.0 -9999.0 -9999.0 -9999.0 -9999.0 -9999.0 -9999.0 -9999.0 -9999.0 -9999.0 -9999.0 -9999.0 -9999.0 -9999.0 -9999.0 -9999.0 -9999.0 -9999.0 -9999.0 -9999.0 -9999.0 -9999.0
