program/excelProcessViaJava/data/SURF_CLI_CHN_PRE_MON_GRID_0.5-198001.txt
NCOLS      128
NROWS       72
XLLCORNER    72.000000000000    
YLLCORNER    18.000000000000    
CELLSIZE    0.50000000000000    
NODATA_VALUE   -9999.000    
[rows 35 to 69 of 72, columns 0 to 79 of 128]
-9999.0 -9999.0 -9999.0 -9999.0 -9999.0 -9999.0 -9999.0 0.0 0.0 0.0 0.0 0.0 0.0 0.0 0.0 0.0 0.0 0.0 0.1 0.0 0.0 0.0 0.1 0.1 0.1 0.1 0.2 0.2 0.3 0.5 0.5 0.5 0.5 0.6 0.6 0.5 0.5 0.3 0.3 0.3 0.2 0.2 0.1 0.1 0.1 0.2 0.1 0.2 0.2 0.9 2.2 3.4 3.6 3.3 3.4 2.7 1.8 1.4 3.2 2.6 5.2 3.1 2.3 2.2 2.7 0.8 1.4 1.7 1.0 1.2 1.0 1.3 2.0 2.4 2.4 3.6 3.4 5.4 6.6 3.5
-9999.0 -9999.0 -9999.0 -9999.0 -9999.0 -9999.0 -9999.0 0.0 0.0 0.0 0.0 0.0 0.0 0.0 0.0 0.0 0.0 0.0 0.0 0.0 0.0 0.1 0.1 0.1 0.1 0.1 0.2 0.3 0.2 0.3 0.4 0.5 0.5 0.6 0.4 0.4 0.3 0.3 0.2 0.2 0.1 0.1 0.1 0.3 0.1 0.1 0.1 0.2 0.7 0.9 2.4 2.6 3.2 3.4 3.7 3.1 2.6 2.7 3.2 4.0 5.1 6.3 4.7 5.5 3.6 2.4 1.8 1.2 2.1 0.5 0.9 1.7 2.6 3.1 2.6 5.6 7.4 6.3 4.2 5.1
-9999.0 -9999.0 -9999.0 -9999.0 -9999.0 -9999.0 -9999.0 -9999.0 -9999.0 0.0 0.0 0.0 0.0 0.0 0.0 0.0 0.0 0.1 0.0 0.1 0.1 0.1 0.1 0.1 0.1 0.1 0.2 0.2 0.2 0.3 0.3 0.3 0.3 0.4 0.3 0.3 0.2 0.2 0.1 0.1 0.1 0.1 0.1 0.1 0.2 0.3 0.5 0.6 1.0 1.6 2.5 2.6 2.8 3.0 3.7 2.9 2.5 2.5 2.7 3.1 3.9 5.0 6.0 5.3 5.2 3.4 2.0 1.1 2.0 0.7 1.5 2.6 3.7 4.0 4.7 3.1 3.8 5.3 7.3 9.2
-9999.0 -9999.0 -9999.0 -9999.0 -9999.0 -9999.0 -9999.0 -9999.0 -9999.0 -9999.0 -9999.0 0.0 0.0 0.0 0.0 0.0 0.0 0.0 0.1 0.1 0.1 0.1 0.1 0.1 0.2 0.2 0.2 0.2 0.2 0.2 0.2 0.3 0.3 0.3 0.2 0.3 0.2 0.2 0.4 0.1 0.2 0.1 0.1 0.2 0.6 0.4 1.3 1.1 1.8 2.1 2.0 2.3 2.6 3.3 4.2 3.1 2.1 2.1 2.0 2.1 2.9 3.0 3.0 3.4 4.5 2.9 1.8 2.0 2.1 2.4 3.0 4.4 5.4 5.0 3.4 3.2 3.9 7.4 11.4 14.9
-9999.0 -9999.0 -9999.0 -9999.0 -9999.0 -9999.0 -9999.0 -9999.0 -9999.0 -9999.0 -9999.0 -9999.0 0.0 0.0 0.0 0.0 0.1 0.1 0.1 0.2 0.1 0.1 0.2 0.2 0.5 0.2 0.2 0.2 0.2 0.3 0.2 0.2 0.2 0.3 0.3 0.2 0.5 0.2 0.1 0.1 0.1 0.1 0.2 0.5 0.6 1.0 1.5 0.9 1.4 2.0 3.6 3.4 2.8 2.9 3.7 3.9 3.1 3.0 1.3 2.2 2.2 3.4 4.0 3.1 3.2 6.1 4.2 4.6 4.8 5.3 5.4 8.9 8.8 7.3 6.1 12.5 9.1 11.2 14.9 21.1
-9999.0 -9999.0 -9999.0 -9999.0 -9999.0 -9999.0 -9999.0 -9999.0 -9999.0 -9999.0 -9999.0 -9999.0 0.0 0.0 0.1 0.1 0.1 0.1 0.1 0.2 0.2 0.2 0.2 0.2 0.2 0.2 0.2 0.2 0.2 0.2 0.2 0.3 0.2 0.2 0.2 0.2 0.4 0.4 0.3 0.3 0.2 0.3 0.8 0.7 1.5 2.5 1.5 1.1 0.6 1.6 1.8 2.6 2.3 3.7 3.7 4.7 3.2 2.7 1.2 1.2 1.6 2.3 4.4 6.8 3.3 5.9 2.8 4.1 5.2 6.4 7.2 9.8 10.9 7.3 9.2 10.2 11.3 16.2 17.9 21.0
-9999.0 -9999.0 -9999.0 -9999.0 -9999.0 -9999.0 -9999.0 -9999.0 -9999.0 -9999.0 -9999.0 -9999.0 -9999.0 0.0 0.1 0.2 0.1 0.2 0.2 0.3 0.3 0.3 0.3 0.3 0.3 0.3 0.3 0.3 0.2 0.2 0.1 0.1 0.2 0.2 0.1 0.2 0.2 0.4 1.8 1.0 0.9 1.4 1.6 3.2 2.8 2.7 3.5 3.8 3.4 2.6 2.3 1.5 2.0 7.3 6.7 6.2 4.4 3.8 4.8 2.8 3.4 3.7 5.8 3.2 1.9 4.5 7.2 6.7 8.7 8.8 11.1 7.7 5.6 8.0 12.3 13.1 14.6 17.4 24.7 27.3
-9999.0 -9999.0 -9999.0 -9999.0 -9999.0 -9999.0 -9999.0 -9999.0 -9999.0 -9999.0 -9999.0 -9999.0 0.0 0.0 0.1 0.2 0.2 0.2 0.3 0.4 0.4 0.4 0.4 0.4 0.4 0.3 0.2 0.2 0.2 0.1 0.1 0.1 0.2 0.1 0.2 0.2 0.4 0.3 0.5 0.9 3.0 5.4 7.6 3.8 5.7 6.7 5.8 3.8 3.4 2.8 4.2 6.0 3.3 6.1 6.1 6.6 7.3 3.0 3.6 2.7 4.3 7.5 7.7 11.5 7.6 6.6 0.8 3.8 10.7 12.8 9.8 6.0 6.8 11.2 13.0 13.8 16.3 20.9 26.5 28.1
-9999.0 -9999.0 -9999.0 -9999.0 -9999.0 -9999.0 -9999.0 -9999.0 -9999.0 -9999.0 -9999.0 -9999.0 0.0 0.2 0.2 0.2 0.2 0.4 0.5 0.4 0.6 0.5 0.5 0.5 0.5 0.4 0.3 0.2 0.2 0.1 0.1 0.1 0.1 0.1 0.1 0.1 0.1 0.3 0.6 0.8 1.6 2.2 3.4 5.5 7.8 10.2 13.3 10.9 7.9 2.5 2.3 5.2 3.4 3.9 5.6 5.8 6.5 6.0 4.1 6.1 8.7 12.8 8.3 6.9 7.2 1.1 5.1 2.4 4.9 7.3 6.6 5.6 7.5 11.9 15.6 12.7 14.2 17.4 22.0 25.3
-9999.0 -9999.0 -9999.0 -9999.0 -9999.0 -9999.0 -9999.0 -9999.0 -9999.0 -9999.0 -9999.0 -9999.0 0.3 0.1 0.4 0.3 0.4 0.3 0.5 0.5 0.5 0.6 0.6 0.5 0.5 0.4 0.3 0.2 0.1 0.1 0.1 0.1 0.1 0.1 0.1 0.1 0.1 0.3 0.5 1.6 2.1 1.9 7.8 3.5 9.3 16.2 18.3 12.5 5.9 4.4 4.4 3.0 13.6 15.0 9.1 4.6 5.8 5.7 5.6 4.3 6.2 9.2 20.7 8.6 2.6 0.3 1.1 3.8 7.7 9.3 8.2 9.0 10.3 16.1 46.1 20.2 36.9 14.4 18.8 20.9
-9999.0 -9999.0 -9999.0 -9999.0 -9999.0 -9999.0 -9999.0 -9999.0 -9999.0 -9999.0 -9999.0 -9999.0 -9999.0 0.1 0.1 0.4 0.4 0.6 0.5 0.5 0.8 0.7 0.7 0.6 0.6 0.4 0.3 0.2 0.1 0.1 0.1 0.1 0.1 0.1 0.1 0.2 0.3 0.3 0.6 1.0 2.0 8.6 13.5 12.9 8.7 11.6 16.4 7.1 11.8 8.1 3.6 9.2 6.8 3.2 9.5 8.6 2.6 2.3 3.5 8.8 8.4 28.4 16.9 4.7 1.1 1.1 3.2 9.2 16.2 19.1 15.9 10.8 12.2 6.7 11.4 8.3 9.6 12.4 17.9 17.6
-9999.0 -9999.0 -9999.0 -9999.0 -9999.0 -9999.0 -9999.0 -9999.0 -9999.0 -9999.0 -9999.0 -9999.0 -9999.0 1.0 0.1 0.4 0.3 0.6 0.7 0.7 0.8 0.9 0.9 0.8 0.8 0.5 0.4 0.3 0.1 0.1 0.1 0.1 0.1 0.1 0.1 0.2 0.2 0.3 1.0 5.4 3.4 6.4 9.8 12.6 24.5 14.8 14.3 6.0 6.4 5.4 8.4 2.3 7.0 11.3 13.1 6.8 1.4 1.0 2.6 0.7 6.9 4.0 2.8 3.8 2.2 2.5 7.1 17.8 27.5 31.5 24.9 15.1 9.6 9.7 10.4 14.4 25.7 11.8 15.1 18.0
-9999.0 -9999.0 -9999.0 -9999.0 -9999.0 -9999.0 -9999.0 -9999.0 -9999.0 -9999.0 -9999.0 -9999.0 -9999.0 -9999.0 -9999.0 0.4 0.6 0.6 0.8 1.0 0.9 1.0 1.1 1.0 0.8 0.6 0.5 0.2 0.2 0.1 0.1 0.1 0.1 0.1 0.1 0.5 1.1 0.1 0.5 1.6 6.2 10.3 11.9 11.8 6.0 4.3 10.2 2.2 6.4 0.8 3.4 15.3 5.4 6.1 0.3 3.3 2.0 0.1 3.3 6.6 0.9 1.7 7.6 5.3 3.0 3.1 9.2 22.8 33.4 35.8 28.8 17.4 20.9 20.8 14.9 29.1 26.2 35.2 21.0 27.0
-9999.0 -9999.0 -9999.0 -9999.0 -9999.0 -9999.0 -9999.0 -9999.0 -9999.0 -9999.0 -9999.0 -9999.0 -9999.0 -9999.0 -9999.0 -9999.0 -9999.0 18.1 4.3 -9999.0 2.6 1.3 1.7 1.6 1.1 0.8 0.6 0.3 0.1 0.1 0.1 0.0 0.1 0.1 0.1 0.1 1.0 0.1 0.5 1.4 3.9 10.3 10.0 8.8 2.1 3.1 4.6 14.1 1.9 4.7 0.6 2.6 0.8 7.5 7.9 6.0 0.7 4.1 3.3 5.7 0.8 4.4 9.3 8.0 4.7 4.1 10.2 21.8 31.7 34.2 27.8 27.0 30.8 25.5 32.7 41.9 35.7 33.5 37.9 49.6
-9999.0 -9999.0 -9999.0 -9999.0 -9999.0 -9999.0 -9999.0 -9999.0 -9999.0 -9999.0 -9999.0 -9999.0 -9999.0 -9999.0 -9999.0 -9999.0 -9999.0 -9999.0 -9999.0 -9999.0 -9999.0 2.3 1.8 1.6 1.5 1.8 1.2 0.6 0.2 0.1 0.1 0.1 0.1 0.1 0.1 0.1 0.1 0.1 0.1 0.1 0.2 8.1 11.3 10.0 2.1 5.8 13.1 2.2 16.3 72.7 4.8 23.3 20.5 3.8 6.1 9.6 7.3 1.9 15.4 5.4 1.9 3.6 8.4 9.5 10.7 12.1 18.9 25.6 30.8 30.1 24.5 25.1 28.6 33.1 42.2 48.9 50.9 54.3 65.3 80.1
-9999.0 -9999.0 -9999.0 -9999.0 -9999.0 -9999.0 -9999.0 -9999.0 -9999.0 -9999.0 -9999.0 -9999.0 -9999.0 -9999.0 -9999.0 -9999.0 -9999.0 -9999.0 -9999.0 -9999.0 -9999.0 -9999.0 -9999.0 7.8 2.7 2.4 1.8 0.9 0.3 0.2 0.1 0.1 0.1 0.1 0.2 0.2 0.4 0.2 0.8 2.1 3.2 7.7 5.1 3.0 2.3 21.7 3.6 2.9 4.1 6.0 3.8 17.4 6.8 10.1 4.6 0.4 4.7 10.3 0.9 7.7 1.5 3.0 5.3 7.3 12.3 25.0 35.1 34.6 30.1 26.6 23.6 23.4 30.7 47.1 58.0 64.7 71.5 77.2 90.1 102.6
-9999.0 -9999.0 -9999.0 -9999.0 -9999.0 -9999.0 -9999.0 -9999.0 -9999.0 -9999.0 -9999.0 -9999.0 -9999.0 -9999.0 -9999.0 -9999.0 -9999.0 -9999.0 -9999.0 -9999.0 -9999.0 -9999.0 -9999.0 -9999.0 -9999.0 17.4 4.9 1.2 0.6 0.7 0.2 0.1 0.1 0.1 0.1 0.3 1.7 0.3 1.2 0.8 4.1 2.9 1.3 1.8 11.1 27.0 13.7 45.6 6.3 6.9 18.7 14.2 22.4 18.4 3.4 0.8 3.2 1.4 8.7 7.8 5.6 4.2 25.0 5.1 12.4 29.4 38.9 32.7 31.3 27.8 21.5 24.0 34.8 54.4 71.7 76.2 79.6 89.6 102.7 108.6
-9999.0 -9999.0 -9999.0 -9999.0 -9999.0 -9999.0 -9999.0 -9999.0 -9999.0 -9999.0 -9999.0 -9999.0 -9999.0 -9999.0 -9999.0 -9999.0 -9999.0 -9999.0 -9999.0 -9999.0 -9999.0 -9999.0 -9999.0 -9999.0 -9999.0 -9999.0 -9999.0 22.2 18.5 2.6 1.3 0.9 0.3 0.7 0.2 2.2 0.2 0.2 0.2 0.3 1.4 0.8 2.4 12.1 17.7 29.3 44.1 52.0 57.1 19.5 45.8 46.9 14.1 9.9 4.2 3.2 0.2 0.1 5.2 1.9 0.2 5.9 1.0 3.2 9.8 13.1 28.5 33.0 27.5 23.2 22.7 29.4 39.7 55.0 68.2 75.9 89.4 96.4 98.1 100.5
-9999.0 -9999.0 -9999.0 -9999.0 -9999.0 -9999.0 -9999.0 -9999.0 -9999.0 -9999.0 -9999.0 -9999.0 -9999.0 -9999.0 -9999.0 -9999.0 -9999.0 -9999.0 -9999.0 -9999.0 -9999.0 -9999.0 -9999.0 -9999.0 -9999.0 -9999.0 -9999.0 -9999.0 -9999.0 -9999.0 -9999.0 -9999.0 -9999.0 4.7 0.4 -9999.0 -9999.0 -9999.0 1.8 0.3 0.9 2.4 2.1 16.7 28.4 33.0 -9999.0 -9999.0 -9999.0 -9999.0 -9999.0 -9999.0 18.4 12.0 4.8 1.0 0.1 0.1 0.2 0.3 1.6 6.8 3.6 4.9 5.7 9.5 18.9 26.0 23.8 22.3 26.7 33.7 44.5 52.6 65.2 74.9 93.6 92.3 93.0 87.9
-9999.0 -9999.0 -9999.0 -9999.0 -9999.0 -9999.0 -9999.0 -9999.0 -9999.0 -9999.0 -9999.0 -9999.0 -9999.0 -9999.0 -9999.0 -9999.0 -9999.0 -9999.0 -9999.0 -9999.0 -9999.0 -9999.0 -9999.0 -9999.0 -9999.0 -9999.0 -9999.0 -9999.0 -9999.0 -9999.0 -9999.0 -9999.0 -9999.0 -9999.0 -9999.0 -9999.0 -9999.0 -9999.0 -9999.0 16.8 15.8 17.2 19.5 21.8 -9999.0 -9999.0 -9999.0 -9999.0 -9999.0 -9999.0 -9999.0 -9999.0 12.4 11.8 3.6 0.9 0.2 0.1 0.1 0.6 2.4 7.0 10.1 6.5 10.4 14.4 21.0 20.0 19.0 22.9 29.5 38.8 47.1 58.2 67.9 83.2 94.1 95.7 97.6 80.5
-9999.0 -9999.0 -9999.0 -9999.0 -9999.0 -9999.0 -9999.0 -9999.0 -9999.0 -9999.0 -9999.0 -9999.0 -9999.0 -9999.0 -9999.0 -9999.0 -9999.0 -9999.0 -9999.0 -9999.0 -9999.0 -9999.0 -9999.0 -9999.0 -9999.0 -9999.0 -9999.0 -9999.0 -9999.0 -9999.0 -9999.0 -9999.0 -9999.0 -9999.0 -9999.0 -9999.0 -9999.0 -9999.0 -9999.0 -9999.0 -9999.0 -9999.0 -9999.0 -9999.0 -9999.0 -9999.0 -9999.0 -9999.0 -9999.0 -9999.0 -9999.0 -9999.0 12.0 10.7 3.5 2.9 0.6 0.5 0.9 2.5 4.6 8.4 31.7 9.1 11.1 12.9 13.6 13.7 15.7 21.6 31.7 42.4 57.0 64.2 81.7 104.6 110.0 108.1 102.5 98.2
-9999.0 -9999.0 -9999.0 -9999.0 -9999.0 -9999.0 -9999.0 -9999.0 -9999.0 -9999.0 -9999.0 -9999.0 -9999.0 -9999.0 -9999.0 -9999.0 -9999.0 -9999.0 -9999.0 -9999.0 -9999.0 -9999.0 -9999.0 -9999.0 -9999.0 -9999.0 -9999.0 -9999.0 -9999.0 -9999.0 -9999.0 -9999.0 -9999.0 -9999.0 -9999.0 -9999.0 -9999.0 -9999.0 -9999.0 -9999.0 -9999.0 -9999.0 -9999.0 -9999.0 -9999.0 -9999.0 -9999.0 -9999.0 -9999.0 -9999.0 -9999.0 8.1 5.4 7.8 2.6 2.6 2.2 3.0 3.5 3.3 11.2 13.6 11.4 11.1 12.1 14.3 11.9 12.5 12.4 17.9 28.5 38.2 45.3 61.4 89.3 120.8 124.9 128.0 119.9 118.0
-9999.0 -9999.0 -9999.0 -9999.0 -9999.0 -9999.0 -9999.0 -9999.0 -9999.0 -9999.0 -9999.0 -9999.0 -9999.0 -9999.0 -9999.0 -9999.0 -9999.0 -9999.0 -9999.0 -9999.0 -9999.0 -9999.0 -9999.0 -9999.0 -9999.0 -9999.0 -9999.0 -9999.0 -9999.0 -9999.0 -9999.0 -9999.0 -9999.0 -9999.0 -9999.0 -9999.0 -9999.0 -9999.0 -9999.0 -9999.0 -9999.0 -9999.0 -9999.0 -9999.0 -9999.0 -9999.0 -9999.0 -9999.0 -9999.0 -9999.0 9.3 6.1 6.7 7.6 6.0 6.1 5.8 6.1 6.3 9.5 10.2 17.1 12.9 13.6 13.6 13.6 12.6 9.7 9.8 10.8 17.4 22.8 33.0 51.0 75.4 101.4 124.8 118.3 114.1 106.6
-9999.0 -9999.0 -9999.0 -9999.0 -9999.0 -9999.0 -9999.0 -9999.0 -9999.0 -9999.0 -9999.0 -9999.0 -9999.0 -9999.0 -9999.0 -9999.0 -9999.0 -9999.0 -9999.0 -9999.0 -9999.0 -9999.0 -9999.0 -9999.0 -9999.0 -9999.0 -9999.0 -9999.0 -9999.0 -9999.0 -9999.0 -9999.0 -9999.0 -9999.0 -9999.0 -9999.0 -9999.0 -9999.0 -9999.0 -9999.0 -9999.0 -9999.0 -9999.0 -9999.0 -9999.0 -9999.0 -9999.0 -9999.0 -9999.0 -9999.0 5.5 6.6 5.3 8.6 9.5 8.8 6.2 8.6 9.0 8.6 9.4 12.6 11.1 11.7 11.4 8.6 8.6 8.0 6.6 6.4 9.8 17.4 27.4 37.6 50.5 66.1 85.8 85.0 83.5 81.0
-9999.0 -9999.0 -9999.0 -9999.0 -9999.0 -9999.0 -9999.0 -9999.0 -9999.0 -9999.0 -9999.0 -9999.0 -9999.0 -9999.0 -9999.0 -9999.0 -9999.0 -9999.0 -9999.0 -9999.0 -9999.0 -9999.0 -9999.0 -9999.0 -9999.0 -9999.0 -9999.0 -9999.0 -9999.0 -9999.0 -9999.0 -9999.0 -9999.0 -9999.0 -9999.0 -9999.0 -9999.0 -9999.0 -9999.0 -9999.0 -9999.0 -9999.0 -9999.0 -9999.0 -9999.0 -9999.0 -9999.0 -9999.0 -9999.0 -9999.0 3.2 3.1 3.3 8.8 6.8 6.0 8.4 6.0 7.8 4.7 8.5 12.3 11.2 7.4 7.6 6.1 5.4 5.7 5.7 7.3 9.6 22.9 29.5 38.3 38.2 43.1 60.0 51.4 52.5 46.6
-9999.0 -9999.0 -9999.0 -9999.0 -9999.0 -9999.0 -9999.0 -9999.0 -9999.0 -9999.0 -9999.0 -9999.0 -9999.0 -9999.0 -9999.0 -9999.0 -9999.0 -9999.0 -9999.0 -9999.0 -9999.0 -9999.0 -9999.0 -9999.0 -9999.0 -9999.0 -9999.0 -9999.0 -9999.0 -9999.0 -9999.0 -9999.0 -9999.0 -9999.0 -9999.0 -9999.0 -9999.0 -9999.0 -9999.0 -9999.0 -9999.0 -9999.0 -9999.0 -9999.0 -9999.0 -9999.0 -9999.0 -9999.0 -9999.0 -9999.0 1.3 2.5 2.6 3.7 3.6 4.1 1.1 2.3 2.9 2.0 5.6 7.0 3.5 6.0 7.2 6.7 7.8 6.8 9.3 6.5 12.5 23.3 34.9 39.2 34.8 35.7 39.6 31.5 33.1 24.2
-9999.0 -9999.0 -9999.0 -9999.0 -9999.0 -9999.0 -9999.0 -9999.0 -9999.0 -9999.0 -9999.0 -9999.0 -9999.0 -9999.0 -9999.0 -9999.0 -9999.0 -9999.0 -9999.0 -9999.0 -9999.0 -9999.0 -9999.0 -9999.0 -9999.0 -9999.0 -9999.0 -9999.0 -9999.0 -9999.0 -9999.0 -9999.0 -9999.0 -9999.0 -9999.0 -9999.0 -9999.0 -9999.0 -9999.0 -9999.0 -9999.0 -9999.0 -9999.0 -9999.0 -9999.0 -9999.0 -9999.0 -9999.0 -9999.0 -9999.0 -9999.0 -9999.0 -9999.0 0.6 0.3 0.2 0.2 0.5 0.3 0.6 12.7 1.4 13.1 7.1 7.5 7.2 11.3 7.3 11.4 13.2 15.9 22.2 27.6 30.1 30.7 27.5 25.6 20.7 17.1 13.5
-9999.0 -9999.0 -9999.0 -9999.0 -9999.0 -9999.0 -9999.0 -9999.0 -9999.0 -9999.0 -9999.0 -9999.0 -9999.0 -9999.0 -9999.0 -9999.0 -9999.0 -9999.0 -9999.0 -9999.0 -9999.0 -9999.0 -9999.0 -9999.0 -9999.0 -9999.0 -9999.0 -9999.0 -9999.0 -9999.0 -9999.0 -9999.0 -9999.0 -9999.0 -9999.0 -9999.0 -9999.0 -9999.0 -9999.0 -9999.0 -9999.0 -9999.0 -9999.0 -9999.0 -9999.0 -9999.0 -9999.0 -9999.0 -9999.0 -9999.0 -9999.0 -9999.0 -9999.0 0.1 0.1 0.2 0.1 0.1 0.2 3.4 2.5 2.0 15.1 4.5 5.9 6.8 4.6 14.2 11.1 14.0 15.4 17.0 18.3 20.5 23.1 25.1 19.9 18.9 14.6 11.6
-9999.0 -9999.0 -9999.0 -9999.0 -9999.0 -9999.0 -9999.0 -9999.0 -9999.0 -9999.0 -9999.0 -9999.0 -9999.0 -9999.0 -9999.0 -9999.0 -9999.0 -9999.0 -9999.0 -9999.0 -9999.0 -9999.0 -9999.0 -9999.0 -9999.0 -9999.0 -9999.0 -9999.0 -9999.0 -9999.0 -9999.0 -9999.0 -9999.0 -9999.0 -9999.0 -9999.0 -9999.0 -9999.0 -9999.0 -9999.0 -9999.0 -9999.0 -9999.0 -9999.0 -9999.0 -9999.0 -9999.0 -9999.0 -9999.0 -9999.0 -9999.0 -9999.0 -9999.0 0.1 0.1 0.1 0.1 0.1 0.4 1.5 6.3 8.0 19.7 22.6 3.6 -9999.0 -9999.0 -9999.0 15.9 13.9 15.1 15.6 14.0 13.5 15.8 19.8 16.7 16.2 27.3 14.3
-9999.0 -9999.0 -9999.0 -9999.0 -9999.0 -9999.0 -9999.0 -9999.0 -9999.0 -9999.0 -9999.0 -9999.0 -9999.0 -9999.0 -9999.0 -9999.0 -9999.0 -9999.0 -9999.0 -9999.0 -9999.0 -9999.0 -9999.0 -9999.0 -9999.0 -9999.0 -9999.0 -9999.0 -9999.0 -9999.0 -9999.0 -9999.0 -9999.0 -9999.0 -9999.0 -9999.0 -9999.0 -9999.0 -9999.0 -9999.0 -9999.0 -9999.0 -9999.0 -9999.0 -9999.0 -9999.0 -9999.0 -9999.0 -9999.0 -9999.0 -9999.0 -9999.0 -9999.0 -9999.0 0.1 0.1 0.1 0.2 1.2 4.9 2.9 -9999.0 -9999.0 -9999.0 -9999.0 -9999.0 -9999.0 -9999.0 12.7 16.4 20.7 13.6 10.2 9.0 8.8 9.9 12.2 13.4 15.1 -9999.0
-9999.0 -9999.0 -9999.0 -9999.0 -9999.0 -9999.0 -9999.0 -9999.0 -9999.0 -9999.0 -9999.0 -9999.0 -9999.0 -9999.0 -9999.0 -9999.0 -9999.0 -9999.0 -9999.0 -9999.0 -9999.0 -9999.0 -9999.0 -9999.0 -9999.0 -9999.0 -9999.0 -9999.0 -9999.0 -9999.0 -9999.0 -9999.0 -9999.0 -9999.0 -9999.0 -9999.0 -9999.0 -9999.0 -9999.0 -9999.0 -9999.0 -9999.0 -9999.0 -9999.0 -9999.0 -9999.0 -9999.0 -9999.0 -9999.0 -9999.0 -9999.0 -9999.0 -9999.0 -9999.0 -9999.0 0.1 0.6 0.6 1.0 3.6 4.9 -9999.0 -9999.0 -9999.0 -9999.0 -9999.0 -9999.0 -9999.0 -9999.0 -9999.0 14.4 -9999.0 -9999.0 -9999.0 -9999.0 -9999.0 5.4 -9999.0 -9999.0 -9999.0
-9999.0 -9999.0 -9999.0 -9999.0 -9999.0 -9999.0 -9999.0 -9999.0 -9999.0 -9999.0 -9999.0 -9999.0 -9999.0 -9999.0 -9999.0 -9999.0 -9999.0 -9999.0 -9999.0 -9999.0 -9999.0 -9999.0 -9999.0 -9999.0 -9999.0 -9999.0 -9999.0 -9999.0 -9999.0 -9999.0 -9999.0 -9999.0 -9999.0 -9999.0 -9999.0 -9999.0 -9999.0 -9999.0 -9999.0 -9999.0 -9999.0 -9999.0 -9999.0 -9999.0 -9999.0 -9999.0 -9999.0 -9999.0 -9999.0 -9999.0 -9999.0 -9999.0 -9999.0 -9999.0 -9999.0 -9999.0 -9999.0 -9999.0 1.8 2.3 -9999.0 -9999.0 -9999.0 -9999.0 -9999.0 -9999.0 -9999.0 -9999.0 -9999.0 -9999.0 -9999.0 -9999.0 -9999.0 -9999.0 -9999.0 1.1 1.7 -9999.0 -9999.0 -9999.0
-9999.0 -9999.0 -9999.0 -9999.0 -9999.0 -9999.0 -9999.0 -9999.0 -9999.0 -9999.0 -9999.0 -9999.0 -9999.0 -9999.0 -9999.0 -9999.0 -9999.0 -9999.0 -9999.0 -9999.0 -9999.0 -9999.0 -9999.0 -9999.0 -9999.0 -9999.0 -9999.0 -9999.0 -9999.0 -9999.0 -9999.0 -9999.0 -9999.0 -9999.0 -9999.0 -9999.0 -9999.0 -9999.0 -9999.0 -9999.0 -9999.0 -9999.0 -9999.0 -9999.0 -9999.0 -9999.0 -9999.0 -9999.0 -9999.0 -9999.0 -9999.0 -9999.0 -9999.0 -9999.0 -9999.0 -9999.0 -9999.0 -9999.0 -9999.0 -9999.0 -9999.0 -9999.0 -9999.0 -9999.0 -9999.0 -9999.0 -9999.0 -9999.0 -9999.0 -9999.0 -9999.0 -9999.0 -9999.0 -9999.0 -9999.0 -9999.0 -9999.0 -9999.0 -9999.0 -9999.0
-9999.0 -9999.0 -9999.0 -9999.0 -9999.0 -9999.0 -9999.0 -9999.0 -9999.0 -9999.0 -9999.0 -9999.0 -9999.0 -9999.0 -9999.0 -9999.0 -9999.0 -9999.0 -9999.0 -9999.0 -9999.0 -9999.0 -9999.0 -9999.0 -9999.0 -9999.0 -9999.0 -9999.0 -9999.0 -9999.0 -9999.0 -9999.0 -9999.0 -9999.0 -9999.0 -9999.0 -9999.0 -9999.0 -9999.0 -9999.0 -9999.0 -9999.0 -9999.0 -9999.0 -9999.0 -9999.0 -9999.0 -9999.0 -9999.0 -9999.0 -9999.0 -9999.0 -9999.0 -9999.0 -9999.0 -9999.0 -9999.0 -9999.0 -9999.0 -9999.0 -9999.0 -9999.0 -9999.0 -9999.0 -9999.0 -9999.0 -9999.0 -9999.0 -9999.0 -9999.0 -9999.0 -9999.0 -9999.0 -9999.0 -9999.0 3.4 5.7 13.0 -9999.0 -9999.0
-9999.0 -9999.0 -9999.0 -9999.0 -9999.0 -9999.0 -9999.0 -9999.0 -9999.0 -9999.0 -9999.0 -9999.0 -9999.0 -9999.0 -9999.0 -9999.0 -9999.0 -9999.0 -9999.0 -9999.0 -9999.0 -9999.0 -9999.0 -9999.0 -9999.0 -9999.0 -9999.0 -9999.0 -9999.0 -9999.0 -9999.0 -9999.0 -9999.0 -9999.0 -9999.0 -9999.0 -9999.0 -9999.0 -9999.0 -9999.0 -9999.0 -9999.0 -9999.0 -9999.0 -9999.0 -9999.0 -9999.0 -9999.0 -9999.0 -9999.0 -9999.0 -9999.0 -9999.0 -9999.0 -9999.0 -9999.0 -9999.0 -9999.0 -9999.0 -9999.0 -9999.0 -9999.0 -9999.0 -9999.0 -9999.0 -9999.0 -9999.0 -9999.0 -9999.0 -9999.0 -9999.0 -9999.0 -9999.0 2.2 6.4 9.2 20.6 -9999.0 -9999.0 -9999.0
