program/excelProcessViaJava/data/SURF_CLI_CHN_PRE_MON_GRID_0.5-201409.txt
NCOLS      128
NROWS       72
XLLCORNER    72.000000000000    
YLLCORNER    18.000000000000    
CELLSIZE    0.50000000000000    
NODATA_VALUE   -9999.000    
[rows 33 to 65 of 72, columns 0 to 75 of 128]
-9999.0 -9999.0 -9999.0 0.1 0.6 0.3 0.3 1.3 2.3 7.2 5.6 4.7 3.1 1.4 1.0 1.1 1.3 1.7 1.8 1.6 1.3 1.0 0.9 1.0 1.4 2.4 3.5 13.7 8.8 10.2 11.7 11.0 10.8 13.4 9.3 9.6 8.8 22.6 20.2 11.7 5.2 3.7 4.1 3.7 3.5 3.4 4.4 9.0 14.6 11.4 14.6 32.3 46.2 64.1 45.7 61.9 76.1 105.3 110.2 112.9 94.8 66.1 52.8 44.8 46.5 64.2 77.2 72.1 93.6 100.3 108.5 114.1 113.1 113.8 120.2 124.1
-9999.0 -9999.0 -9999.0 -9999.0 0.1 0.3 0.1 0.7 0.2 0.4 2.2 1.3 2.5 3.2 2.0 2.5 3.4 3.1 2.7 2.5 2.8 2.7 3.1 6.2 10.3 11.6 10.1 10.4 10.2 10.5 10.8 12.8 12.0 12.9 15.1 14.6 21.0 28.1 21.8 15.6 26.7 11.6 10.7 7.3 5.9 4.6 3.9 3.8 4.4 6.8 9.0 13.2 41.2 33.8 36.3 51.8 64.9 81.4 94.5 65.6 82.4 55.6 55.3 64.6 73.9 84.7 104.6 112.5 124.5 141.1 141.8 141.0 138.8 143.8 151.4 153.7
-9999.0 -9999.0 -9999.0 -9999.0 -9999.0 1.8 0.0 0.2 0.1 0.4 0.2 0.4 1.0 1.4 2.2 2.3 4.3 4.6 5.1 6.7 8.8 9.8 10.2 10.4 10.3 10.2 10.4 10.5 10.7 11.7 12.2 13.1 14.1 16.6 20.7 21.5 29.9 32.4 44.2 51.2 34.3 64.0 60.6 43.1 25.1 11.0 14.5 10.9 15.1 8.5 7.7 11.2 23.2 71.9 69.9 50.4 55.8 62.9 91.1 74.0 83.0 61.1 63.4 78.9 96.7 108.6 122.3 136.2 152.7 169.3 173.2 167.5 163.1 168.5 177.7 180.7
-9999.0 -9999.0 -9999.0 -9999.0 -9999.0 -9999.0 -9999.0 0.0 0.2 0.1 0.1 0.3 0.4 0.5 1.1 1.2 3.1 4.5 5.1 7.4 8.7 9.3 10.2 10.6 10.8 10.8 10.6 10.8 10.6 10.8 12.1 13.4 15.2 19.4 21.6 26.8 31.6 41.7 49.2 54.7 62.3 66.1 71.0 89.7 56.9 34.3 39.1 38.8 59.0 45.2 72.9 62.9 36.8 52.7 79.0 66.2 75.8 87.7 93.5 91.0 79.9 77.6 79.0 94.4 107.4 121.2 133.2 146.1 172.3 190.1 197.8 190.3 179.9 183.2 190.2 196.6
-9999.0 -9999.0 -9999.0 -9999.0 -9999.0 -9999.0 -9999.0 0.0 0.3 0.0 0.1 0.1 0.2 0.3 0.7 1.3 1.9 1.9 4.3 4.9 7.5 9.5 10.7 11.3 11.6 11.7 11.3 11.1 11.1 11.4 11.9 13.4 15.7 19.7 23.1 29.1 36.2 46.9 55.3 67.1 72.5 81.2 80.9 76.3 82.6 79.1 76.6 71.9 71.0 67.5 72.5 62.7 56.9 58.5 81.9 79.8 88.0 96.9 100.7 95.1 92.5 97.3 104.0 105.1 119.8 130.1 138.6 150.1 179.2 196.2 210.0 207.1 196.6 198.0 206.4 193.9
-9999.0 -9999.0 -9999.0 -9999.0 -9999.0 -9999.0 -9999.0 -9999.0 -9999.0 -9999.0 0.0 0.0 0.2 0.1 0.4 0.7 1.3 2.6 4.2 5.7 6.8 9.4 10.6 12.2 11.3 12.2 11.6 11.4 11.4 11.7 12.4 14.0 16.6 20.6 25.8 35.2 42.4 53.5 73.2 78.4 92.8 95.0 93.3 90.5 108.0 91.7 110.4 95.3 96.6 87.9 73.0 70.7 70.3 77.4 90.4 92.3 101.3 110.1 109.7 108.0 112.7 114.4 119.9 129.5 143.3 132.2 128.0 142.1 165.0 191.0 214.1 223.3 222.3 221.0 205.0 196.1
-9999.0 -9999.0 -9999.0 -9999.0 -9999.0 -9999.0 -9999.0 -9999.0 -9999.0 -9999.0 -9999.0 0.0 0.1 0.2 0.2 0.6 0.6 1.8 3.2 3.6 8.3 9.9 11.5 13.5 9.6 13.4 13.7 11.7 11.7 10.9 12.4 14.2 17.1 21.7 28.5 36.9 49.9 60.0 72.0 83.9 95.3 103.4 106.7 113.3 111.6 114.2 120.0 105.0 105.3 101.7 107.1 99.9 88.9 83.3 88.9 99.1 111.1 125.4 121.5 133.6 135.6 145.9 153.1 158.3 156.3 176.8 136.6 143.3 161.2 193.7 215.4 237.0 240.2 232.1 239.5 255.9
-9999.0 -9999.0 -9999.0 -9999.0 -9999.0 -9999.0 -9999.0 -9999.0 -9999.0 -9999.0 -9999.0 -9999.0 0.0 0.2 0.4 0.4 1.2 2.0 2.4 4.7 7.2 8.8 11.5 14.8 17.2 15.6 14.6 14.8 12.6 12.9 12.2 13.1 16.9 22.1 29.4 39.0 51.4 65.4 79.0 92.7 103.2 112.1 126.4 118.5 126.3 132.6 119.0 114.6 104.8 115.9 114.2 115.6 105.6 104.3 95.9 106.9 116.7 134.5 140.2 149.8 158.8 167.3 179.8 192.8 161.9 170.8 102.5 110.1 135.6 190.9 268.7 324.0 336.3 315.8 307.4 291.1
-9999.0 -9999.0 -9999.0 -9999.0 -9999.0 -9999.0 -9999.0 -9999.0 -9999.0 -9999.0 -9999.0 -9999.0 0.0 0.1 0.1 0.6 0.7 2.0 4.0 6.4 8.2 12.7 12.4 18.1 18.1 13.4 12.6 10.1 10.8 10.8 12.4 14.2 15.8 21.4 30.9 40.9 53.0 66.7 86.9 98.8 112.1 126.1 132.4 142.5 132.7 122.6 126.5 131.1 133.4 133.9 136.3 132.6 128.1 137.9 127.6 125.9 132.2 152.2 178.6 183.9 192.8 190.5 200.1 175.0 116.7 131.8 141.2 135.4 191.3 243.5 249.4 293.7 358.0 357.4 355.0 312.1
-9999.0 -9999.0 -9999.0 -9999.0 -9999.0 -9999.0 -9999.0 -9999.0 -9999.0 -9999.0 -9999.0 0.0 0.0 0.0 0.1 0.4 0.3 1.1 2.5 7.3 10.6 13.9 15.6 18.9 20.9 14.5 14.5 14.1 12.4 10.6 11.3 14.4 14.7 22.2 30.6 43.0 54.8 68.7 81.9 96.8 119.0 139.2 154.2 139.9 141.1 135.5 123.7 115.6 125.4 135.9 151.3 159.1 150.6 148.4 138.8 139.1 156.7 147.7 180.8 185.3 200.5 216.9 204.1 218.0 173.5 137.0 71.2 149.7 268.2 362.8 431.7 447.2 369.7 252.3 233.1 233.0
-9999.0 -9999.0 -9999.0 -9999.0 -9999.0 -9999.0 -9999.0 -9999.0 -9999.0 -9999.0 -9999.0 0.0 0.0 0.1 0.1 0.0 0.2 1.6 3.5 4.4 10.8 11.5 15.0 18.0 21.8 22.3 19.2 16.4 13.6 13.3 13.2 13.5 14.2 24.2 34.3 45.8 60.4 71.9 83.9 96.2 111.4 125.8 137.1 142.6 140.3 135.4 137.8 130.0 129.0 123.0 140.4 157.1 156.0 149.9 141.8 133.4 151.4 171.2 175.4 206.9 224.8 239.5 169.9 136.3 125.7 54.3 114.1 169.9 306.1 407.0 461.4 469.5 426.4 443.6 405.8 287.2
-9999.0 -9999.0 -9999.0 -9999.0 -9999.0 -9999.0 -9999.0 -9999.0 -9999.0 -9999.0 -9999.0 -9999.0 0.0 0.0 0.2 0.3 0.6 0.5 2.1 4.0 3.8 5.7 13.4 13.0 17.2 12.3 13.6 8.5 13.4 12.3 12.5 9.8 17.4 26.8 37.5 50.0 64.5 76.4 87.6 99.6 113.4 127.5 147.3 132.8 134.7 137.0 131.4 112.3 99.3 110.7 127.6 137.0 159.7 163.2 146.9 113.0 135.3 160.0 181.8 170.0 176.4 181.0 247.8 117.9 54.0 39.7 80.3 188.9 331.8 398.1 426.0 523.6 505.3 492.4 448.9 355.6
-9999.0 -9999.0 -9999.0 -9999.0 -9999.0 -9999.0 -9999.0 -9999.0 -9999.0 -9999.0 -9999.0 -9999.0 0.0 0.0 0.0 0.2 0.4 1.0 1.1 2.0 1.4 7.0 7.2 7.9 15.3 13.8 13.8 14.0 9.8 14.1 8.8 11.6 14.4 25.4 36.1 46.3 63.5 80.5 91.6 103.5 117.8 140.9 153.8 147.1 119.6 104.6 102.0 69.6 89.5 91.4 92.4 119.5 121.8 111.4 130.7 132.5 99.5 120.2 159.5 212.0 204.2 284.0 204.2 70.8 42.9 60.5 118.4 220.2 320.9 411.2 428.0 410.7 452.3 324.2 370.8 300.6
-9999.0 -9999.0 -9999.0 -9999.0 -9999.0 -9999.0 -9999.0 -9999.0 -9999.0 -9999.0 -9999.0 -9999.0 -9999.0 0.1 0.0 0.1 0.1 0.9 1.7 2.4 1.3 2.6 3.7 6.6 15.5 12.3 10.7 13.6 11.2 4.2 6.3 9.1 16.8 23.8 32.2 47.6 66.8 81.1 93.7 112.8 122.0 136.2 141.9 133.4 134.5 91.9 73.4 43.0 45.8 50.7 71.8 63.7 90.3 108.4 121.2 110.3 90.0 110.0 154.5 124.9 194.8 119.2 89.9 60.5 59.5 93.1 169.6 251.4 316.8 363.0 380.7 358.7 317.4 308.1 300.6 285.1
-9999.0 -9999.0 -9999.0 -9999.0 -9999.0 -9999.0 -9999.0 -9999.0 -9999.0 -9999.0 -9999.0 -9999.0 -9999.0 -9999.0 2.4 0.1 0.4 0.5 1.4 3.7 1.8 5.1 7.6 7.8 7.3 8.2 3.4 6.0 3.3 8.5 7.7 11.9 12.4 21.0 35.2 45.6 62.2 77.8 89.9 103.4 121.3 131.7 129.2 112.3 75.4 51.7 45.8 20.8 27.2 13.6 29.8 71.6 57.9 68.1 49.3 79.8 92.8 78.8 158.5 194.9 124.6 121.6 93.5 73.4 78.2 122.0 201.0 260.2 286.6 329.4 327.1 277.1 265.9 243.6 224.3 247.7
-9999.0 -9999.0 -9999.0 -9999.0 -9999.0 -9999.0 -9999.0 -9999.0 -9999.0 -9999.0 -9999.0 -9999.0 -9999.0 -9999.0 -9999.0 -9999.0 -9999.0 11.3 7.4 11.3 10.6 3.8 10.2 11.5 6.2 7.4 2.8 4.7 8.5 5.2 9.7 19.2 13.3 34.8 49.8 49.2 61.8 64.8 78.9 90.6 103.1 117.3 105.4 83.7 61.6 38.4 93.7 34.1 9.3 14.7 11.4 22.3 28.9 51.5 65.9 79.7 74.7 128.4 152.4 183.9 119.1 122.9 100.6 88.7 106.5 156.8 225.4 262.6 260.2 262.4 238.0 213.2 198.4 163.1 177.2 197.6
-9999.0 -9999.0 -9999.0 -9999.0 -9999.0 -9999.0 -9999.0 -9999.0 -9999.0 -9999.0 -9999.0 -9999.0 -9999.0 -9999.0 -9999.0 -9999.0 -9999.0 -9999.0 -9999.0 -9999.0 23.9 8.1 6.1 2.5 6.3 14.7 13.0 11.4 9.2 14.9 14.4 34.3 36.4 38.8 47.3 46.2 52.8 55.3 52.3 51.2 58.2 96.1 91.3 69.3 46.6 29.8 129.1 14.8 27.3 117.0 12.6 48.0 51.6 29.0 46.7 80.5 102.7 109.1 183.6 169.4 120.2 120.0 111.6 111.8 140.3 191.1 227.5 216.8 189.8 172.3 149.7 140.2 126.6 110.2 119.3 131.4
-9999.0 -9999.0 -9999.0 -9999.0 -9999.0 -9999.0 -9999.0 -9999.0 -9999.0 -9999.0 -9999.0 -9999.0 -9999.0 -9999.0 -9999.0 -9999.0 -9999.0 -9999.0 -9999.0 -9999.0 -9999.0 -9999.0 3.3 31.8 12.5 14.7 14.6 11.8 6.4 13.5 14.0 17.5 17.5 29.6 36.4 45.1 56.4 50.9 67.1 76.7 74.3 84.7 56.3 36.2 39.7 145.7 43.1 26.5 37.2 39.8 13.8 29.8 22.3 31.9 36.0 39.2 88.2 134.3 113.0 162.3 133.9 125.2 109.2 114.4 134.5 190.2 200.2 156.6 129.2 104.5 101.7 91.7 86.3 96.2 98.8 106.2
-9999.0 -9999.0 -9999.0 -9999.0 -9999.0 -9999.0 -9999.0 -9999.0 -9999.0 -9999.0 -9999.0 -9999.0 -9999.0 -9999.0 -9999.0 -9999.0 -9999.0 -9999.0 -9999.0 -9999.0 -9999.0 -9999.0 -9999.0 -9999.0 68.3 62.6 30.4 3.4 5.2 4.9 11.1 24.5 32.3 32.9 39.6 47.5 66.8 53.0 72.3 58.0 80.3 52.5 44.1 38.2 100.4 145.3 103.6 168.8 17.8 34.1 28.7 25.8 40.6 44.3 35.4 44.8 81.0 95.3 142.8 147.7 138.9 122.2 159.4 121.1 127.5 157.7 151.7 117.5 105.7 93.7 69.4 61.2 54.4 85.0 108.7 114.6
-9999.0 -9999.0 -9999.0 -9999.0 -9999.0 -9999.0 -9999.0 -9999.0 -9999.0 -9999.0 -9999.0 -9999.0 -9999.0 -9999.0 -9999.0 -9999.0 -9999.0 -9999.0 -9999.0 -9999.0 -9999.0 -9999.0 -9999.0 -9999.0 -9999.0 75.0 70.3 80.1 82.0 39.0 37.9 41.1 25.3 49.7 42.0 55.3 43.9 43.0 33.9 44.1 58.5 32.7 50.8 96.7 114.9 141.3 162.7 170.4 170.1 84.9 120.6 101.7 39.3 41.5 44.2 62.1 69.4 88.3 125.9 119.0 137.1 116.1 97.8 88.4 90.3 105.1 125.9 116.5 97.0 76.3 57.8 62.5 41.5 73.9 99.0 116.0
-9999.0 -9999.0 -9999.0 -9999.0 -9999.0 -9999.0 -9999.0 -9999.0 -9999.0 -9999.0 -9999.0 -9999.0 -9999.0 -9999.0 -9999.0 -9999.0 -9999.0 -9999.0 -9999.0 -9999.0 -9999.0 -9999.0 -9999.0 -9999.0 -9999.0 -9999.0 -9999.0 85.3 88.6 77.3 90.1 84.8 81.5 65.9 46.7 46.5 -9999.0 44.3 46.1 38.3 40.0 51.3 47.7 102.9 126.7 139.6 151.6 -9999.0 -9999.0 139.9 148.1 130.6 67.5 60.1 56.1 65.5 81.7 98.4 107.5 124.2 122.2 110.0 88.7 91.2 110.9 130.9 143.9 138.0 111.1 84.2 64.1 72.3 74.5 63.6 99.0 98.0
-9999.0 -9999.0 -9999.0 -9999.0 -9999.0 -9999.0 -9999.0 -9999.0 -9999.0 -9999.0 -9999.0 -9999.0 -9999.0 -9999.0 -9999.0 -9999.0 -9999.0 -9999.0 -9999.0 -9999.0 -9999.0 -9999.0 -9999.0 -9999.0 -9999.0 -9999.0 -9999.0 -9999.0 -9999.0 -9999.0 -9999.0 -9999.0 -9999.0 80.5 76.7 -9999.0 -9999.0 -9999.0 -9999.0 74.6 77.9 84.9 94.1 104.7 116.0 -9999.0 -9999.0 -9999.0 -9999.0 -9999.0 -9999.0 -9999.0 84.6 85.6 74.1 73.5 86.4 97.6 112.9 127.8 125.3 105.7 101.7 113.1 164.7 204.2 217.8 192.1 143.0 117.4 118.3 108.0 79.7 97.3 80.5 76.2
-9999.0 -9999.0 -9999.0 -9999.0 -9999.0 -9999.0 -9999.0 -9999.0 -9999.0 -9999.0 -9999.0 -9999.0 -9999.0 -9999.0 -9999.0 -9999.0 -9999.0 -9999.0 -9999.0 -9999.0 -9999.0 -9999.0 -9999.0 -9999.0 -9999.0 -9999.0 -9999.0 -9999.0 -9999.0 -9999.0 -9999.0 -9999.0 -9999.0 -9999.0 -9999.0 -9999.0 -9999.0 -9999.0 -9999.0 69.1 73.1 77.7 83.4 95.6 -9999.0 -9999.0 -9999.0 -9999.0 -9999.0 -9999.0 -9999.0 -9999.0 119.2 116.8 94.9 109.2 86.7 88.4 100.3 119.4 115.4 102.2 187.7 143.6 220.0 280.1 279.1 240.4 194.5 171.3 162.8 155.2 181.3 134.0 112.4 65.7
-9999.0 -9999.0 -9999.0 -9999.0 -9999.0 -9999.0 -9999.0 -9999.0 -9999.0 -9999.0 -9999.0 -9999.0 -9999.0 -9999.0 -9999.0 -9999.0 -9999.0 -9999.0 -9999.0 -9999.0 -9999.0 -9999.0 -9999.0 -9999.0 -9999.0 -9999.0 -9999.0 -9999.0 -9999.0 -9999.0 -9999.0 -9999.0 -9999.0 -9999.0 -9999.0 -9999.0 -9999.0 -9999.0 -9999.0 -9999.0 -9999.0 -9999.0 -9999.0 -9999.0 -9999.0 -9999.0 -9999.0 -9999.0 -9999.0 -9999.0 -9999.0 159.7 152.1 145.4 91.1 96.8 86.9 108.0 101.2 76.5 147.9 134.7 107.5 161.4 248.8 317.0 276.4 161.5 205.7 182.5 182.1 190.3 163.5 123.1 109.6 78.2
-9999.0 -9999.0 -9999.0 -9999.0 -9999.0 -9999.0 -9999.0 -9999.0 -9999.0 -9999.0 -9999.0 -9999.0 -9999.0 -9999.0 -9999.0 -9999.0 -9999.0 -9999.0 -9999.0 -9999.0 -9999.0 -9999.0 -9999.0 -9999.0 -9999.0 -9999.0 -9999.0 -9999.0 -9999.0 -9999.0 -9999.0 -9999.0 -9999.0 -9999.0 -9999.0 -9999.0 -9999.0 -9999.0 -9999.0 -9999.0 -9999.0 -9999.0 -9999.0 -9999.0 -9999.0 -9999.0 -9999.0 -9999.0 -9999.0 -9999.0 129.8 196.7 192.6 176.6 127.7 122.8 85.1 69.9 105.8 160.8 143.8 171.6 135.1 187.6 256.9 287.8 275.8 182.9 198.9 151.4 184.1 185.7 179.9 167.0 141.5 133.1
-9999.0 -9999.0 -9999.0 -9999.0 -9999.0 -9999.0 -9999.0 -9999.0 -9999.0 -9999.0 -9999.0 -9999.0 -9999.0 -9999.0 -9999.0 -9999.0 -9999.0 -9999.0 -9999.0 -9999.0 -9999.0 -9999.0 -9999.0 -9999.0 -9999.0 -9999.0 -9999.0 -9999.0 -9999.0 -9999.0 -9999.0 -9999.0 -9999.0 -9999.0 -9999.0 -9999.0 -9999.0 -9999.0 -9999.0 -9999.0 -9999.0 -9999.0 -9999.0 -9999.0 -9999.0 -9999.0 -9999.0 -9999.0 -9999.0 -9999.0 116.7 223.5 170.4 189.8 174.1 134.9 64.6 155.1 177.9 157.7 134.7 155.0 133.7 181.9 235.8 189.3 199.7 145.2 157.3 142.5 182.7 218.4 205.0 130.3 71.2 47.1
-9999.0 -9999.0 -9999.0 -9999.0 -9999.0 -9999.0 -9999.0 -9999.0 -9999.0 -9999.0 -9999.0 -9999.0 -9999.0 -9999.0 -9999.0 -9999.0 -9999.0 -9999.0 -9999.0 -9999.0 -9999.0 -9999.0 -9999.0 -9999.0 -9999.0 -9999.0 -9999.0 -9999.0 -9999.0 -9999.0 -9999.0 -9999.0 -9999.0 -9999.0 -9999.0 -9999.0 -9999.0 -9999.0 -9999.0 -9999.0 -9999.0 -9999.0 -9999.0 -9999.0 -9999.0 -9999.0 -9999.0 -9999.0 -9999.0 -9999.0 90.0 139.6 121.7 228.4 136.0 127.6 219.1 175.0 215.8 112.1 161.4 195.1 172.0 143.1 194.0 199.6 179.4 159.8 149.5 214.0 196.1 290.9 165.2 144.9 44.7 39.5
-9999.0 -9999.0 -9999.0 -9999.0 -9999.0 -9999.0 -9999.0 -9999.0 -9999.0 -9999.0 -9999.0 -9999.0 -9999.0 -9999.0 -9999.0 -9999.0 -9999.0 -9999.0 -9999.0 -9999.0 -9999.0 -9999.0 -9999.0 -9999.0 -9999.0 -9999.0 -9999.0 -9999.0 -9999.0 -9999.0 -9999.0 -9999.0 -9999.0 -9999.0 -9999.0 -9999.0 -9999.0 -9999.0 -9999.0 -9999.0 -9999.0 -9999.0 -9999.0 -9999.0 -9999.0 -9999.0 -9999.0 -9999.0 -9999.0 -9999.0 129.0 181.8 151.9 174.7 174.3 223.0 132.4 195.4 191.5 114.8 171.1 165.7 84.9 140.4 198.3 230.7 269.3 252.6 278.6 135.6 216.4 205.5 175.0 140.5 48.9 59.6
-9999.0 -9999.0 -9999.0 -9999.0 -9999.0 -9999.0 -9999.0 -9999.0 -9999.0 -9999.0 -9999.0 -9999.0 -9999.0 -9999.0 -9999.0 -9999.0 -9999.0 -9999.0 -9999.0 -9999.0 -9999.0 -9999.0 -9999.0 -9999.0 -9999.0 -9999.0 -9999.0 -9999.0 -9999.0 -9999.0 -9999.0 -9999.0 -9999.0 -9999.0 -9999.0 -9999.0 -9999.0 -9999.0 -9999.0 -9999.0 -9999.0 -9999.0 -9999.0 -9999.0 -9999.0 -9999.0 -9999.0 -9999.0 -9999.0 -9999.0 195.0 94.9 174.5 145.8 156.2 174.7 195.5 214.0 124.1 129.9 312.3 113.2 240.4 181.2 223.9 259.6 331.7 249.2 283.8 274.1 246.1 201.7 167.5 129.5 87.0 53.0
-9999.0 -9999.0 -9999.0 -9999.0 -9999.0 -9999.0 -9999.0 -9999.0 -9999.0 -9999.0 -9999.0 -9999.0 -9999.0 -9999.0 -9999.0 -9999.0 -9999.0 -9999.0 -9999.0 -9999.0 -9999.0 -9999.0 -9999.0 -9999.0 -9999.0 -9999.0 -9999.0 -9999.0 -9999.0 -9999.0 -9999.0 -9999.0 -9999.0 -9999.0 -9999.0 -9999.0 -9999.0 -9999.0 -9999.0 -9999.0 -9999.0 -9999.0 -9999.0 -9999.0 -9999.0 -9999.0 -9999.0 -9999.0 -9999.0 -9999.0 -9999.0 -9999.0 -9999.0 177.1 175.5 285.8 191.3 148.3 165.4 260.7 186.3 151.5 297.3 194.5 232.9 262.8 175.3 341.4 211.4 220.9 202.3 206.3 230.3 203.4 138.3 123.6
-9999.0 -9999.0 -9999.0 -9999.0 -9999.0 -9999.0 -9999.0 -9999.0 -9999.0 -9999.0 -9999.0 -9999.0 -9999.0 -9999.0 -9999.0 -9999.0 -9999.0 -9999.0 -9999.0 -9999.0 -9999.0 -9999.0 -9999.0 -9999.0 -9999.0 -9999.0 -9999.0 -9999.0 -9999.0 -9999.0 -9999.0 -9999.0 -9999.0 -9999.0 -9999.0 -9999.0 -9999.0 -9999.0 -9999.0 -9999.0 -9999.0 -9999.0 -9999.0 -9999.0 -9999.0 -9999.0 -9999.0 -9999.0 -9999.0 -9999.0 -9999.0 -9999.0 -9999.0 212.1 169.6 246.3 211.1 162.9 174.6 183.2 257.9 265.6 379.5 410.7 192.2 199.1 -9999.0 255.7 258.7 185.6 210.2 284.3 324.6 283.5 215.2 193.7
-9999.0 -9999.0 -9999.0 -9999.0 -9999.0 -9999.0 -9999.0 -9999.0 -9999.0 -9999.0 -9999.0 -9999.0 -9999.0 -9999.0 -9999.0 -9999.0 -9999.0 -9999.0 -9999.0 -9999.0 -9999.0 -9999.0 -9999.0 -9999.0 -9999.0 -9999.0 -9999.0 -9999.0 -9999.0 -9999.0 -9999.0 -9999.0 -9999.0 -9999.0 -9999.0 -9999.0 -9999.0 -9999.0 -9999.0 -9999.0 -9999.0 -9999.0 -9999.0 -9999.0 -9999.0 -9999.0 -9999.0 -9999.0 -9999.0 -9999.0 -9999.0 -9999.0 -9999.0 258.9 243.1 234.0 163.2 134.2 199.8 274.0 187.4 293.3 302.9 -9999.0 -9999.0 -9999.0 -9999.0 -9999.0 191.7 241.3 358.0 334.2 357.2 340.6 263.0 194.5
-9999.0 -9999.0 -9999.0 -9999.0 -9999.0 -9999.0 -9999.0 -9999.0 -9999.0 -9999.0 -9999.0 -9999.0 -9999.0 -9999.0 -9999.0 -9999.0 -9999.0 -9999.0 -9999.0 -9999.0 -9999.0 -9999.0 -9999.0 -9999.0 -9999.0 -9999.0 -9999.0 -9999.0 -9999.0 -9999.0 -9999.0 -9999.0 -9999.0 -9999.0 -9999.0 -9999.0 -9999.0 -9999.0 -9999.0 -9999.0 -9999.0 -9999.0 -9999.0 -9999.0 -9999.0 -9999.0 -9999.0 -9999.0 -9999.0 -9999.0 -9999.0 -9999.0 -9999.0 -9999.0 -9999.0 213.4 282.2 190.7 170.1 232.5 238.7 -9999.0 -9999.0 -9999.0 -9999.0 -9999.0 -9999.0 -9999.0 -9999.0 234.7 303.1 319.3 364.5 348.1 296.2 250.4
