program/excelProcessViaJava/data/SURF_CLI_CHN_PRE_MON_GRID_0.5-198410.txt
NCOLS      128
NROWS       72
XLLCORNER    72.000000000000    
YLLCORNER    18.000000000000    
CELLSIZE    0.50000000000000    
NODATA_VALUE   -9999.000    
[rows 35 to 69 of 72, columns 0 to 77 of 128]
-9999.0 -9999.0 -9999.0 -9999.0 -9999.0 -9999.0 -9999.0 0.6 1.1 0.4 2.1 1.5 0.3 0.3 0.2 0.1 0.0 0.0 0.1 0.0 0.0 0.0 0.0 0.0 0.0 0.0 0.0 0.0 0.1 0.1 0.2 0.3 0.3 0.4 0.5 0.5 0.6 0.5 0.7 0.8 0.4 1.1 0.9 0.4 0.3 0.3 0.2 0.2 0.3 0.4 0.6 0.6 0.7 7.5 6.3 2.5 4.9 9.5 20.6 21.5 26.0 9.6 5.8 4.0 4.3 2.9 4.9 7.8 9.9 13.7 13.3 14.5 22.0 29.6 28.6 31.1 28.8 33.9
-9999.0 -9999.0 -9999.0 -9999.0 -9999.0 -9999.0 -9999.0 4.9 0.4 1.3 1.7 0.6 0.7 1.3 0.3 1.0 0.1 0.1 0.1 0.0 0.0 0.0 0.0 0.0 0.0 0.0 0.0 0.1 0.1 0.2 0.3 0.5 0.6 0.8 0.7 0.6 0.5 0.5 0.4 0.4 0.5 0.6 0.7 1.2 0.4 0.3 0.2 0.3 0.8 0.9 4.2 4.1 1.4 2.5 7.9 2.9 5.8 12.7 21.7 28.4 31.2 27.4 19.9 18.4 13.9 12.5 14.5 17.3 24.7 21.8 21.0 21.8 29.0 36.9 31.9 39.1 35.6 29.0
-9999.0 -9999.0 -9999.0 -9999.0 -9999.0 -9999.0 -9999.0 -9999.0 -9999.0 1.4 1.0 0.6 1.4 0.9 0.4 0.2 0.2 0.6 0.1 0.1 0.0 0.0 0.0 0.0 0.0 0.0 0.1 0.2 0.3 0.5 0.8 1.1 1.3 1.3 1.2 0.9 0.7 0.5 0.4 0.4 0.5 0.6 0.7 0.6 0.5 0.4 0.4 0.5 0.8 1.5 3.3 3.5 3.1 2.8 7.7 4.6 7.8 14.9 23.5 30.0 34.5 34.2 30.7 30.9 27.0 25.9 27.3 30.3 41.4 37.2 34.8 30.1 33.1 39.8 44.1 33.2 31.4 30.3
-9999.0 -9999.0 -9999.0 -9999.0 -9999.0 -9999.0 -9999.0 -9999.0 -9999.0 -9999.0 -9999.0 2.3 0.4 1.6 0.6 0.5 0.3 0.2 0.1 0.1 0.1 0.0 0.0 0.0 0.1 0.1 0.2 0.3 0.5 1.0 1.6 2.1 2.4 2.4 2.1 1.5 1.0 0.7 0.6 0.4 0.5 0.8 1.0 1.0 0.9 0.6 0.9 0.8 1.6 2.4 2.8 3.9 4.6 6.2 10.7 9.8 12.5 20.1 26.4 32.5 36.6 33.8 27.9 26.8 29.6 32.1 31.2 40.4 52.3 56.4 46.0 36.6 31.7 33.0 39.1 38.5 36.3 31.7
-9999.0 -9999.0 -9999.0 -9999.0 -9999.0 -9999.0 -9999.0 -9999.0 -9999.0 -9999.0 -9999.0 -9999.0 0.7 0.5 1.1 0.4 0.9 0.2 0.1 0.2 0.0 0.0 0.0 0.0 0.2 0.1 0.3 0.5 1.0 1.8 2.8 3.7 4.2 3.9 3.3 2.4 1.6 1.0 0.8 0.9 1.1 1.5 2.0 1.8 1.6 1.3 1.4 1.4 2.1 3.5 7.2 8.9 8.0 7.2 9.7 14.8 20.8 30.7 30.8 39.5 39.4 40.5 36.9 29.6 30.2 42.8 39.4 50.5 61.9 66.3 38.3 29.7 32.7 37.1 34.7 52.4 31.1 31.2
-9999.0 -9999.0 -9999.0 -9999.0 -9999.0 -9999.0 -9999.0 -9999.0 -9999.0 -9999.0 -9999.0 -9999.0 3.2 0.5 0.4 0.6 0.2 0.2 0.2 0.1 0.1 0.1 0.1 0.1 0.1 0.2 0.3 0.9 1.7 3.1 4.3 5.4 6.3 6.4 5.3 4.1 2.5 1.6 1.3 1.4 2.4 3.4 3.3 4.7 3.6 3.1 3.0 3.4 4.2 6.1 8.3 12.3 12.1 14.9 13.2 20.5 25.2 34.9 37.5 41.1 41.0 38.5 42.6 49.9 33.9 41.9 29.9 34.0 39.6 45.6 51.6 64.2 61.1 28.4 29.8 29.0 29.7 37.6
-9999.0 -9999.0 -9999.0 -9999.0 -9999.0 -9999.0 -9999.0 -9999.0 -9999.0 -9999.0 -9999.0 -9999.0 -9999.0 1.1 1.7 0.3 0.3 0.2 0.1 0.1 0.1 0.0 0.1 0.1 0.1 0.2 0.4 1.0 2.1 3.7 6.1 8.2 8.7 8.9 8.9 6.8 4.6 3.0 2.5 2.5 3.7 5.0 7.1 6.9 8.0 7.9 7.2 8.5 10.9 13.3 16.1 17.7 20.0 34.3 31.1 31.6 34.6 45.7 62.5 56.7 55.4 48.1 52.7 40.0 38.4 38.4 43.3 35.3 37.5 30.6 25.9 27.9 28.1 31.4 37.2 31.6 30.9 30.7
-9999.0 -9999.0 -9999.0 -9999.0 -9999.0 -9999.0 -9999.0 -9999.0 -9999.0 -9999.0 -9999.0 -9999.0 1.6 2.7 1.4 0.4 0.6 0.2 0.1 0.1 0.1 0.1 0.1 0.1 0.2 0.2 0.5 1.3 2.6 4.4 7.0 10.5 11.0 12.8 11.7 10.2 6.7 5.7 5.1 5.7 5.9 7.3 8.9 14.8 13.9 13.8 15.4 19.4 21.2 23.3 27.8 35.6 32.9 39.0 35.9 39.1 52.8 47.0 62.5 58.5 62.2 71.6 64.6 76.8 55.5 45.8 22.9 22.0 36.5 53.3 47.5 39.1 51.0 75.3 64.4 46.2 41.4 36.0
-9999.0 -9999.0 -9999.0 -9999.0 -9999.0 -9999.0 -9999.0 -9999.0 -9999.0 -9999.0 -9999.0 -9999.0 3.0 0.7 0.6 2.0 0.7 0.1 0.1 0.1 0.1 0.1 0.1 0.1 0.2 0.4 0.8 1.5 2.8 5.1 8.1 11.1 12.8 16.4 16.3 13.8 11.9 8.7 8.4 12.3 14.4 19.2 22.0 22.1 21.8 21.1 20.7 24.9 29.6 36.1 33.8 38.9 37.1 36.2 38.9 39.5 54.0 68.8 69.5 87.2 96.6 107.2 65.9 54.9 49.9 35.9 33.8 18.3 19.1 26.3 37.7 52.9 69.4 63.9 54.3 41.8 46.0 40.3
-9999.0 -9999.0 -9999.0 -9999.0 -9999.0 -9999.0 -9999.0 -9999.0 -9999.0 -9999.0 -9999.0 -9999.0 0.8 1.7 0.4 0.3 0.2 0.3 0.1 0.1 0.1 0.1 0.1 0.1 0.2 0.3 0.5 0.8 2.4 4.1 6.8 8.8 13.7 17.0 17.6 15.9 13.7 11.5 12.7 13.3 18.9 28.9 18.5 39.8 26.4 21.5 23.2 29.3 38.6 36.9 35.1 34.2 59.1 71.3 60.1 40.2 59.9 78.8 92.8 79.8 82.5 86.0 135.6 55.9 31.2 25.6 19.6 18.9 23.0 29.5 41.2 63.3 76.9 80.7 137.6 67.5 102.0 53.5
-9999.0 -9999.0 -9999.0 -9999.0 -9999.0 -9999.0 -9999.0 -9999.0 -9999.0 -9999.0 -9999.0 -9999.0 -9999.0 5.4 2.4 0.3 0.2 0.1 0.1 0.1 0.3 0.1 0.2 0.2 0.3 0.4 0.6 1.0 1.3 3.1 3.8 6.6 9.5 12.8 13.5 12.1 10.9 11.0 11.8 16.2 19.8 14.2 14.3 16.6 26.0 24.8 22.3 33.3 26.6 28.0 27.7 38.1 40.4 34.9 67.5 78.8 54.3 69.9 97.6 137.5 122.3 200.9 117.4 34.4 20.0 13.1 14.7 21.0 29.7 40.1 49.8 63.8 86.6 83.4 80.3 69.5 68.6 73.3
-9999.0 -9999.0 -9999.0 -9999.0 -9999.0 -9999.0 -9999.0 -9999.0 -9999.0 -9999.0 -9999.0 -9999.0 -9999.0 1.1 2.6 0.4 1.0 0.2 0.1 0.2 0.5 0.4 0.5 0.4 0.7 0.6 0.6 1.0 0.9 0.9 1.5 2.8 5.0 6.7 7.5 7.6 7.0 7.1 8.5 10.8 12.6 11.9 11.1 11.5 14.1 14.9 16.7 20.7 18.7 18.9 24.4 20.3 36.0 59.8 83.8 82.9 68.8 84.4 115.2 86.6 129.6 72.9 44.9 31.3 14.0 8.7 13.5 24.8 39.1 52.8 65.0 78.2 87.0 92.6 91.5 96.2 117.6 89.7
-9999.0 -9999.0 -9999.0 -9999.0 -9999.0 -9999.0 -9999.0 -9999.0 -9999.0 -9999.0 -9999.0 -9999.0 -9999.0 -9999.0 -9999.0 1.0 0.5 0.5 0.3 0.3 0.9 0.7 1.0 1.2 1.2 1.1 0.9 0.5 0.5 0.3 0.4 0.7 1.8 2.7 2.8 4.9 6.1 3.4 5.4 7.8 9.3 8.9 7.2 6.6 10.7 17.5 11.4 18.7 13.1 16.8 14.4 38.0 28.7 42.4 29.5 71.5 88.4 77.7 129.0 147.3 79.9 52.9 52.3 29.8 14.6 11.0 17.0 31.7 48.9 66.8 84.3 94.0 116.6 113.4 95.4 125.0 124.2 146.7
-9999.0 -9999.0 -9999.0 -9999.0 -9999.0 -9999.0 -9999.0 -9999.0 -9999.0 -9999.0 -9999.0 -9999.0 -9999.0 -9999.0 -9999.0 -9999.0 -9999.0 24.2 3.9 -9999.0 3.4 3.0 4.1 4.8 3.6 3.0 2.1 0.9 0.4 0.2 0.1 0.2 0.7 0.3 0.4 0.7 4.8 1.2 3.4 5.7 6.7 8.9 4.9 3.4 23.3 13.3 96.5 13.2 13.0 12.8 21.1 15.9 23.0 42.7 61.8 78.1 68.2 110.9 114.9 126.6 39.4 37.5 40.2 27.6 17.4 16.0 24.1 38.3 56.7 74.7 94.0 122.6 133.9 103.4 109.7 131.3 124.8 120.0
-9999.0 -9999.0 -9999.0 -9999.0 -9999.0 -9999.0 -9999.0 -9999.0 -9999.0 -9999.0 -9999.0 -9999.0 -9999.0 -9999.0 -9999.0 -9999.0 -9999.0 -9999.0 -9999.0 -9999.0 -9999.0 9.6 9.9 10.5 9.5 12.2 8.1 3.8 0.9 0.3 0.1 0.2 0.1 0.1 0.2 0.3 0.3 0.7 1.5 1.9 1.3 9.2 7.7 4.0 16.2 5.7 153.4 18.6 22.1 120.3 18.8 51.8 57.1 29.7 48.1 80.2 90.0 71.6 145.2 90.4 19.4 19.0 27.0 23.9 22.4 25.9 36.8 48.0 67.0 78.3 93.6 115.9 117.2 99.7 105.5 118.7 126.1 118.8
-9999.0 -9999.0 -9999.0 -9999.0 -9999.0 -9999.0 -9999.0 -9999.0 -9999.0 -9999.0 -9999.0 -9999.0 -9999.0 -9999.0 -9999.0 -9999.0 -9999.0 -9999.0 -9999.0 -9999.0 -9999.0 -9999.0 -9999.0 53.0 26.7 25.5 19.6 10.1 2.8 0.8 0.2 0.1 1.2 0.6 2.1 2.3 5.7 2.7 11.1 17.0 13.4 17.3 3.6 1.3 15.3 184.2 44.4 38.0 65.8 78.9 35.7 48.3 38.3 47.1 43.6 35.6 66.4 98.8 42.1 74.0 24.1 25.2 23.5 17.9 23.5 35.6 51.3 59.2 48.1 70.2 87.7 104.4 110.2 116.7 119.5 130.0 141.9 146.7
-9999.0 -9999.0 -9999.0 -9999.0 -9999.0 -9999.0 -9999.0 -9999.0 -9999.0 -9999.0 -9999.0 -9999.0 -9999.0 -9999.0 -9999.0 -9999.0 -9999.0 -9999.0 -9999.0 -9999.0 -9999.0 -9999.0 -9999.0 -9999.0 -9999.0 135.5 62.4 21.3 11.8 12.4 2.6 1.4 1.7 3.1 3.6 12.1 35.6 14.4 33.9 23.6 39.9 12.3 10.5 11.0 104.9 205.7 133.1 279.2 37.6 74.3 60.9 59.6 79.3 80.0 52.6 51.4 65.6 54.2 80.0 63.8 48.7 41.2 78.8 18.2 23.9 39.4 48.3 32.8 40.2 62.3 77.9 94.0 102.3 118.3 124.4 127.0 136.6 150.5
-9999.0 -9999.0 -9999.0 -9999.0 -9999.0 -9999.0 -9999.0 -9999.0 -9999.0 -9999.0 -9999.0 -9999.0 -9999.0 -9999.0 -9999.0 -9999.0 -9999.0 -9999.0 -9999.0 -9999.0 -9999.0 -9999.0 -9999.0 -9999.0 -9999.0 -9999.0 -9999.0 189.5 163.6 44.8 26.0 18.4 17.1 17.4 18.2 32.3 22.5 26.1 16.9 31.0 45.4 9.9 30.9 117.0 157.0 223.7 287.8 308.5 308.9 155.7 228.1 207.2 91.1 86.3 76.8 81.4 59.0 50.8 67.9 43.6 36.1 51.1 28.0 22.4 20.0 22.8 39.6 47.8 48.0 61.4 76.9 96.7 93.5 106.7 103.4 104.1 119.2 128.7
-9999.0 -9999.0 -9999.0 -9999.0 -9999.0 -9999.0 -9999.0 -9999.0 -9999.0 -9999.0 -9999.0 -9999.0 -9999.0 -9999.0 -9999.0 -9999.0 -9999.0 -9999.0 -9999.0 -9999.0 -9999.0 -9999.0 -9999.0 -9999.0 -9999.0 -9999.0 -9999.0 -9999.0 -9999.0 -9999.0 -9999.0 -9999.0 -9999.0 77.7 43.6 -9999.0 -9999.0 -9999.0 51.5 40.7 35.8 51.5 43.9 168.1 238.3 261.5 -9999.0 -9999.0 -9999.0 -9999.0 -9999.0 -9999.0 138.1 117.0 85.3 66.6 58.6 42.6 39.8 35.2 40.9 48.7 38.9 29.9 23.2 24.5 31.8 40.8 53.4 68.8 78.7 92.8 103.3 93.0 100.5 87.8 106.8 97.6
-9999.0 -9999.0 -9999.0 -9999.0 -9999.0 -9999.0 -9999.0 -9999.0 -9999.0 -9999.0 -9999.0 -9999.0 -9999.0 -9999.0 -9999.0 -9999.0 -9999.0 -9999.0 -9999.0 -9999.0 -9999.0 -9999.0 -9999.0 -9999.0 -9999.0 -9999.0 -9999.0 -9999.0 -9999.0 -9999.0 -9999.0 -9999.0 -9999.0 -9999.0 -9999.0 -9999.0 -9999.0 -9999.0 -9999.0 195.4 190.6 200.9 216.9 232.9 -9999.0 -9999.0 -9999.0 -9999.0 -9999.0 -9999.0 -9999.0 -9999.0 144.7 145.5 98.1 65.8 52.0 40.3 33.8 34.1 38.8 42.1 39.5 36.7 28.9 30.5 37.6 48.8 57.5 74.3 91.8 96.1 93.2 113.4 94.3 96.6 97.8 83.9
-9999.0 -9999.0 -9999.0 -9999.0 -9999.0 -9999.0 -9999.0 -9999.0 -9999.0 -9999.0 -9999.0 -9999.0 -9999.0 -9999.0 -9999.0 -9999.0 -9999.0 -9999.0 -9999.0 -9999.0 -9999.0 -9999.0 -9999.0 -9999.0 -9999.0 -9999.0 -9999.0 -9999.0 -9999.0 -9999.0 -9999.0 -9999.0 -9999.0 -9999.0 -9999.0 -9999.0 -9999.0 -9999.0 -9999.0 -9999.0 -9999.0 -9999.0 -9999.0 -9999.0 -9999.0 -9999.0 -9999.0 -9999.0 -9999.0 -9999.0 -9999.0 -9999.0 152.8 171.8 109.9 104.5 62.6 45.6 35.9 35.9 40.5 47.0 80.6 49.0 49.0 58.1 66.3 63.2 63.2 74.8 96.0 103.2 125.6 124.9 130.0 97.1 99.9 78.4
-9999.0 -9999.0 -9999.0 -9999.0 -9999.0 -9999.0 -9999.0 -9999.0 -9999.0 -9999.0 -9999.0 -9999.0 -9999.0 -9999.0 -9999.0 -9999.0 -9999.0 -9999.0 -9999.0 -9999.0 -9999.0 -9999.0 -9999.0 -9999.0 -9999.0 -9999.0 -9999.0 -9999.0 -9999.0 -9999.0 -9999.0 -9999.0 -9999.0 -9999.0 -9999.0 -9999.0 -9999.0 -9999.0 -9999.0 -9999.0 -9999.0 -9999.0 -9999.0 -9999.0 -9999.0 -9999.0 -9999.0 -9999.0 -9999.0 -9999.0 -9999.0 185.0 169.8 183.4 115.0 102.9 78.7 65.5 45.2 31.0 59.4 64.0 67.4 71.7 78.7 89.5 96.9 110.1 83.1 95.7 111.1 105.7 96.3 102.0 108.2 86.2 90.1 63.0
-9999.0 -9999.0 -9999.0 -9999.0 -9999.0 -9999.0 -9999.0 -9999.0 -9999.0 -9999.0 -9999.0 -9999.0 -9999.0 -9999.0 -9999.0 -9999.0 -9999.0 -9999.0 -9999.0 -9999.0 -9999.0 -9999.0 -9999.0 -9999.0 -9999.0 -9999.0 -9999.0 -9999.0 -9999.0 -9999.0 -9999.0 -9999.0 -9999.0 -9999.0 -9999.0 -9999.0 -9999.0 -9999.0 -9999.0 -9999.0 -9999.0 -9999.0 -9999.0 -9999.0 -9999.0 -9999.0 -9999.0 -9999.0 -9999.0 -9999.0 230.2 211.5 208.7 203.4 151.8 132.1 90.1 63.2 52.1 59.3 59.8 85.2 81.6 88.0 98.2 111.0 107.6 114.9 103.1 123.3 117.7 96.2 89.9 106.3 105.5 88.8 56.1 63.8
-9999.0 -9999.0 -9999.0 -9999.0 -9999.0 -9999.0 -9999.0 -9999.0 -9999.0 -9999.0 -9999.0 -9999.0 -9999.0 -9999.0 -9999.0 -9999.0 -9999.0 -9999.0 -9999.0 -9999.0 -9999.0 -9999.0 -9999.0 -9999.0 -9999.0 -9999.0 -9999.0 -9999.0 -9999.0 -9999.0 -9999.0 -9999.0 -9999.0 -9999.0 -9999.0 -9999.0 -9999.0 -9999.0 -9999.0 -9999.0 -9999.0 -9999.0 -9999.0 -9999.0 -9999.0 -9999.0 -9999.0 -9999.0 -9999.0 -9999.0 234.4 262.4 173.5 205.3 189.8 139.1 82.6 93.3 73.6 54.6 53.5 73.9 72.8 82.7 89.6 106.1 112.7 122.7 118.9 128.3 117.9 99.0 93.5 100.6 88.3 62.3 48.0 38.5
-9999.0 -9999.0 -9999.0 -9999.0 -9999.0 -9999.0 -9999.0 -9999.0 -9999.0 -9999.0 -9999.0 -9999.0 -9999.0 -9999.0 -9999.0 -9999.0 -9999.0 -9999.0 -9999.0 -9999.0 -9999.0 -9999.0 -9999.0 -9999.0 -9999.0 -9999.0 -9999.0 -9999.0 -9999.0 -9999.0 -9999.0 -9999.0 -9999.0 -9999.0 -9999.0 -9999.0 -9999.0 -9999.0 -9999.0 -9999.0 -9999.0 -9999.0 -9999.0 -9999.0 -9999.0 -9999.0 -9999.0 -9999.0 -9999.0 -9999.0 247.6 218.4 177.0 267.2 150.4 123.8 155.6 101.0 89.9 51.1 58.3 74.9 69.5 55.5 64.6 75.9 96.3 108.1 113.4 109.8 112.3 97.8 94.6 89.4 75.4 49.2 34.2 30.1
-9999.0 -9999.0 -9999.0 -9999.0 -9999.0 -9999.0 -9999.0 -9999.0 -9999.0 -9999.0 -9999.0 -9999.0 -9999.0 -9999.0 -9999.0 -9999.0 -9999.0 -9999.0 -9999.0 -9999.0 -9999.0 -9999.0 -9999.0 -9999.0 -9999.0 -9999.0 -9999.0 -9999.0 -9999.0 -9999.0 -9999.0 -9999.0 -9999.0 -9999.0 -9999.0 -9999.0 -9999.0 -9999.0 -9999.0 -9999.0 -9999.0 -9999.0 -9999.0 -9999.0 -9999.0 -9999.0 -9999.0 -9999.0 -9999.0 -9999.0 286.4 299.1 239.9 234.1 200.3 200.0 110.3 110.7 94.5 60.5 66.6 59.5 32.0 45.1 52.6 58.5 70.5 85.5 93.1 120.8 113.4 105.4 88.9 72.2 58.5 35.7 27.0 24.6
-9999.0 -9999.0 -9999.0 -9999.0 -9999.0 -9999.0 -9999.0 -9999.0 -9999.0 -9999.0 -9999.0 -9999.0 -9999.0 -9999.0 -9999.0 -9999.0 -9999.0 -9999.0 -9999.0 -9999.0 -9999.0 -9999.0 -9999.0 -9999.0 -9999.0 -9999.0 -9999.0 -9999.0 -9999.0 -9999.0 -9999.0 -9999.0 -9999.0 -9999.0 -9999.0 -9999.0 -9999.0 -9999.0 -9999.0 -9999.0 -9999.0 -9999.0 -9999.0 -9999.0 -9999.0 -9999.0 -9999.0 -9999.0 -9999.0 -9999.0 -9999.0 -9999.0 -9999.0 248.2 213.8 177.8 146.5 129.5 94.8 89.2 155.5 58.5 98.2 66.7 59.8 59.9 68.0 84.4 92.0 105.5 119.1 115.7 87.1 55.9 40.6 29.9 29.9 33.9
-9999.0 -9999.0 -9999.0 -9999.0 -9999.0 -9999.0 -9999.0 -9999.0 -9999.0 -9999.0 -9999.0 -9999.0 -9999.0 -9999.0 -9999.0 -9999.0 -9999.0 -9999.0 -9999.0 -9999.0 -9999.0 -9999.0 -9999.0 -9999.0 -9999.0 -9999.0 -9999.0 -9999.0 -9999.0 -9999.0 -9999.0 -9999.0 -9999.0 -9999.0 -9999.0 -9999.0 -9999.0 -9999.0 -9999.0 -9999.0 -9999.0 -9999.0 -9999.0 -9999.0 -9999.0 -9999.0 -9999.0 -9999.0 -9999.0 -9999.0 -9999.0 -9999.0 -9999.0 289.5 233.4 302.2 165.0 128.7 138.1 193.4 155.6 125.8 173.3 122.1 103.5 89.6 101.5 86.4 101.9 115.0 135.7 134.4 93.4 51.9 34.2 33.5 44.7 64.8
-9999.0 -9999.0 -9999.0 -9999.0 -9999.0 -9999.0 -9999.0 -9999.0 -9999.0 -9999.0 -9999.0 -9999.0 -9999.0 -9999.0 -9999.0 -9999.0 -9999.0 -9999.0 -9999.0 -9999.0 -9999.0 -9999.0 -9999.0 -9999.0 -9999.0 -9999.0 -9999.0 -9999.0 -9999.0 -9999.0 -9999.0 -9999.0 -9999.0 -9999.0 -9999.0 -9999.0 -9999.0 -9999.0 -9999.0 -9999.0 -9999.0 -9999.0 -9999.0 -9999.0 -9999.0 -9999.0 -9999.0 -9999.0 -9999.0 -9999.0 -9999.0 -9999.0 -9999.0 327.6 229.2 264.6 212.6 175.5 187.6 206.6 251.6 241.5 266.9 223.3 160.4 -9999.0 -9999.0 -9999.0 112.8 131.6 152.7 147.0 99.6 49.5 28.4 30.5 39.9 60.2
-9999.0 -9999.0 -9999.0 -9999.0 -9999.0 -9999.0 -9999.0 -9999.0 -9999.0 -9999.0 -9999.0 -9999.0 -9999.0 -9999.0 -9999.0 -9999.0 -9999.0 -9999.0 -9999.0 -9999.0 -9999.0 -9999.0 -9999.0 -9999.0 -9999.0 -9999.0 -9999.0 -9999.0 -9999.0 -9999.0 -9999.0 -9999.0 -9999.0 -9999.0 -9999.0 -9999.0 -9999.0 -9999.0 -9999.0 -9999.0 -9999.0 -9999.0 -9999.0 -9999.0 -9999.0 -9999.0 -9999.0 -9999.0 -9999.0 -9999.0 -9999.0 -9999.0 -9999.0 -9999.0 319.5 280.5 214.1 193.6 231.8 284.6 217.1 -9999.0 -9999.0 -9999.0 -9999.0 -9999.0 -9999.0 -9999.0 144.2 152.2 156.8 158.5 101.5 43.7 22.4 20.2 20.4 15.4
-9999.0 -9999.0 -9999.0 -9999.0 -9999.0 -9999.0 -9999.0 -9999.0 -9999.0 -9999.0 -9999.0 -9999.0 -9999.0 -9999.0 -9999.0 -9999.0 -9999.0 -9999.0 -9999.0 -9999.0 -9999.0 -9999.0 -9999.0 -9999.0 -9999.0 -9999.0 -9999.0 -9999.0 -9999.0 -9999.0 -9999.0 -9999.0 -9999.0 -9999.0 -9999.0 -9999.0 -9999.0 -9999.0 -9999.0 -9999.0 -9999.0 -9999.0 -9999.0 -9999.0 -9999.0 -9999.0 -9999.0 -9999.0 -9999.0 -9999.0 -9999.0 -9999.0 -9999.0 -9999.0 -9999.0 292.6 354.5 248.3 213.6 250.9 250.3 -9999.0 -9999.0 -9999.0 -9999.0 -9999.0 -9999.0 -9999.0 -9999.0 -9999.0 174.1 -9999.0 -9999.0 -9999.0 -9999.0 -9999.0 29.3 -9999.0
-9999.0 -9999.0 -9999.0 -9999.0 -9999.0 -9999.0 -9999.0 -9999.0 -9999.0 -9999.0 -9999.0 -9999.0 -9999.0 -9999.0 -9999.0 -9999.0 -9999.0 -9999.0 -9999.0 -9999.0 -9999.0 -9999.0 -9999.0 -9999.0 -9999.0 -9999.0 -9999.0 -9999.0 -9999.0 -9999.0 -9999.0 -9999.0 -9999.0 -9999.0 -9999.0 -9999.0 -9999.0 -9999.0 -9999.0 -9999.0 -9999.0 -9999.0 -9999.0 -9999.0 -9999.0 -9999.0 -9999.0 -9999.0 -9999.0 -9999.0 -9999.0 -9999.0 -9999.0 -9999.0 -9999.0 -9999.0 -9999.0 -9999.0 257.6 225.0 -9999.0 -9999.0 -9999.0 -9999.0 -9999.0 -9999.0 -9999.0 -9999.0 -9999.0 -9999.0 -9999.0 -9999.0 -9999.0 -9999.0 -9999.0 69.1 80.8 -9999.0
-9999.0 -9999.0 -9999.0 -9999.0 -9999.0 -9999.0 -9999.0 -9999.0 -9999.0 -9999.0 -9999.0 -9999.0 -9999.0 -9999.0 -9999.0 -9999.0 -9999.0 -9999.0 -9999.0 -9999.0 -9999.0 -9999.0 -9999.0 -9999.0 -9999.0 -9999.0 -9999.0 -9999.0 -9999.0 -9999.0 -9999.0 -9999.0 -9999.0 -9999.0 -9999.0 -9999.0 -9999.0 -9999.0 -9999.0 -9999.0 -9999.0 -9999.0 -9999.0 -9999.0 -9999.0 -9999.0 -9999.0 -9999.0 -9999.0 -9999.0 -9999.0 -9999.0 -9999.0 -9999.0 -9999.0 -9999.0 -9999.0 -9999.0 -9999.0 -9999.0 -9999.0 -9999.0 -9999.0 -9999.0 -9999.0 -9999.0 -9999.0 -9999.0 -9999.0 -9999.0 -9999.0 -9999.0 -9999.0 -9999.0 -9999.0 -9999.0 -9999.0 -9999.0
-9999.0 -9999.0 -9999.0 -9999.0 -9999.0 -9999.0 -9999.0 -9999.0 -9999.0 -9999.0 -9999.0 -9999.0 -9999.0 -9999.0 -9999.0 -9999.0 -9999.0 -9999.0 -9999.0 -9999.0 -9999.0 -9999.0 -9999.0 -9999.0 -9999.0 -9999.0 -9999.0 -9999.0 -9999.0 -9999.0 -9999.0 -9999.0 -9999.0 -9999.0 -9999.0 -9999.0 -9999.0 -9999.0 -9999.0 -9999.0 -9999.0 -9999.0 -9999.0 -9999.0 -9999.0 -9999.0 -9999.0 -9999.0 -9999.0 -9999.0 -9999.0 -9999.0 -9999.0 -9999.0 -9999.0 -9999.0 -9999.0 -9999.0 -9999.0 -9999.0 -9999.0 -9999.0 -9999.0 -9999.0 -9999.0 -9999.0 -9999.0 -9999.0 -9999.0 -9999.0 -9999.0 -9999.0 -9999.0 -9999.0 -9999.0 148.8 191.6 195.7
-9999.0 -9999.0 -9999.0 -9999.0 -9999.0 -9999.0 -9999.0 -9999.0 -9999.0 -9999.0 -9999.0 -9999.0 -9999.0 -9999.0 -9999.0 -9999.0 -9999.0 -9999.0 -9999.0 -9999.0 -9999.0 -9999.0 -9999.0 -9999.0 -9999.0 -9999.0 -9999.0 -9999.0 -9999.0 -9999.0 -9999.0 -9999.0 -9999.0 -9999.0 -9999.0 -9999.0 -9999.0 -9999.0 -9999.0 -9999.0 -9999.0 -9999.0 -9999.0 -9999.0 -9999.0 -9999.0 -9999.0 -9999.0 -9999.0 -9999.0 -9999.0 -9999.0 -9999.0 -9999.0 -9999.0 -9999.0 -9999.0 -9999.0 -9999.0 -9999.0 -9999.0 -9999.0 -9999.0 -9999.0 -9999.0 -9999.0 -9999.0 -9999.0 -9999.0 -9999.0 -9999.0 -9999.0 -9999.0 85.8 115.8 152.3 198.9 -9999.0
