program/excelProcessViaJava/data/SURF_CLI_CHN_PRE_MON_GRID_0.5-201405.txt
NCOLS      128
NROWS       72
XLLCORNER    72.000000000000    
YLLCORNER    18.000000000000    
CELLSIZE    0.50000000000000    
NODATA_VALUE   -9999.000    
[rows 35 to 69 of 72, columns 0 to 76 of 128]
-9999.0 -9999.0 -9999.0 -9999.0 -9999.0 20.8 68.7 31.0 34.6 23.4 35.1 28.4 12.0 10.7 7.8 0.8 1.1 0.5 0.4 0.5 1.4 3.7 4.7 4.6 4.7 5.0 6.5 7.3 7.7 9.3 8.6 7.8 6.8 6.8 7.2 5.0 6.6 5.1 7.2 7.6 2.9 9.5 8.4 5.2 3.6 3.6 3.8 3.3 3.6 3.1 3.6 5.1 8.9 22.3 17.8 7.2 7.9 12.5 21.3 29.8 34.6 24.9 17.6 16.5 17.5 14.3 14.8 14.4 10.3 11.8 15.9 27.7 43.4 53.0 57.2 68.0 75.3
-9999.0 -9999.0 -9999.0 -9999.0 -9999.0 -9999.0 -9999.0 55.6 23.4 29.4 28.3 17.1 15.8 18.5 8.6 15.7 4.3 3.0 6.2 2.2 2.1 4.0 3.4 3.9 4.0 4.7 5.1 7.4 5.9 5.7 7.6 7.4 6.8 8.1 5.8 5.7 4.9 6.1 6.2 6.2 7.5 8.8 10.7 16.3 10.0 7.9 9.1 9.4 13.9 12.1 21.7 21.1 13.6 17.1 23.9 9.6 9.1 13.2 21.2 29.3 38.5 39.8 26.6 23.8 18.9 16.0 14.9 13.3 17.0 12.0 19.2 31.4 46.0 58.1 61.1 77.1 84.3
-9999.0 -9999.0 -9999.0 -9999.0 -9999.0 -9999.0 -9999.0 32.3 15.9 26.4 20.1 13.7 16.7 11.8 6.5 3.7 4.5 11.0 4.0 7.1 3.6 2.3 2.5 3.0 3.4 3.7 4.8 5.4 5.0 7.4 5.1 6.0 6.0 6.8 5.1 4.9 4.8 5.6 5.6 7.3 8.2 11.3 13.0 14.0 17.0 17.9 18.7 18.9 19.9 20.8 24.9 24.7 24.2 23.4 31.7 19.1 15.4 18.8 26.6 32.9 41.6 48.3 52.2 31.3 26.0 17.3 12.8 12.2 21.4 19.3 27.6 33.9 45.4 58.8 70.7 68.0 72.8
-9999.0 -9999.0 -9999.0 -9999.0 -9999.0 -9999.0 -9999.0 -9999.0 -9999.0 -9999.0 16.8 20.0 6.6 12.3 6.1 5.4 3.4 2.2 1.8 2.2 3.4 2.3 2.9 2.6 5.1 4.4 5.6 6.1 6.1 5.8 6.1 7.9 6.3 6.4 5.8 7.8 5.9 6.2 10.6 8.4 11.6 13.2 15.7 18.2 23.9 23.2 28.7 27.4 29.5 29.9 29.1 32.4 36.0 41.6 48.1 42.6 36.1 37.6 37.5 40.8 46.9 57.4 65.1 55.2 46.1 16.7 11.2 16.1 26.4 36.2 40.9 45.2 46.6 52.6 55.2 61.6 63.9
-9999.0 -9999.0 -9999.0 -9999.0 -9999.0 -9999.0 -9999.0 -9999.0 -9999.0 -9999.0 -9999.0 10.2 6.3 4.0 6.3 2.7 6.3 2.3 2.0 4.5 1.2 1.8 2.3 2.3 7.9 3.9 3.8 5.9 5.9 8.4 6.9 7.0 7.2 8.7 8.6 7.7 10.5 7.9 7.9 8.9 11.2 14.8 19.0 23.8 26.8 30.0 33.6 33.3 35.5 37.6 44.6 49.7 52.8 55.3 61.4 65.2 64.8 64.2 54.7 55.9 57.6 63.0 69.2 72.1 53.5 52.9 25.0 31.6 44.9 59.0 55.6 44.8 45.9 52.7 63.6 67.9 74.0
-9999.0 -9999.0 -9999.0 -9999.0 -9999.0 -9999.0 -9999.0 -9999.0 -9999.0 -9999.0 -9999.0 -9999.0 14.1 2.7 1.2 2.7 0.7 0.8 2.1 1.6 1.6 2.4 2.5 2.2 2.2 3.3 3.9 3.9 5.2 5.3 7.2 9.5 9.0 9.1 9.9 9.2 11.2 11.4 11.1 12.1 14.4 18.5 24.6 27.9 32.2 36.0 36.4 38.5 40.0 45.7 51.7 61.9 67.7 76.6 76.6 84.6 84.4 85.0 80.6 78.4 79.6 83.8 83.3 82.1 76.6 65.0 38.0 44.0 61.6 79.6 88.5 87.9 83.0 75.8 72.6 70.4 67.6
-9999.0 -9999.0 -9999.0 -9999.0 -9999.0 -9999.0 -9999.0 -9999.0 -9999.0 -9999.0 -9999.0 -9999.0 5.6 4.0 5.6 0.7 1.2 0.6 0.5 0.6 1.0 1.0 2.2 1.8 2.5 4.7 5.4 7.2 6.5 7.0 7.0 7.9 11.1 12.3 10.7 11.4 11.9 13.1 19.7 17.4 19.9 25.0 29.8 35.4 37.4 38.3 40.6 44.3 48.7 54.3 62.9 71.8 80.6 96.7 98.1 99.1 100.3 104.3 104.6 104.2 104.4 110.2 104.9 111.3 92.0 78.7 67.9 62.2 79.1 91.5 83.4 86.9 86.7 79.6 70.4 65.3 62.2
-9999.0 -9999.0 -9999.0 -9999.0 -9999.0 -9999.0 -9999.0 -9999.0 -9999.0 -9999.0 -9999.0 10.3 6.5 8.6 4.5 1.0 2.9 1.1 0.9 0.5 0.6 0.9 1.6 2.0 2.5 4.5 4.5 4.5 5.3 6.7 7.6 8.2 12.9 12.8 14.6 14.6 17.1 15.8 17.4 20.7 27.6 34.4 40.4 41.4 44.0 44.8 44.1 44.7 49.4 56.8 69.5 83.5 88.0 97.2 96.5 99.0 107.3 110.0 118.9 127.2 131.9 128.3 129.6 116.0 110.5 92.4 43.9 54.3 79.9 94.4 97.4 90.6 83.9 82.2 78.7 70.7 67.6
-9999.0 -9999.0 -9999.0 -9999.0 -9999.0 -9999.0 -9999.0 -9999.0 -9999.0 -9999.0 -9999.0 13.1 10.7 2.2 1.8 7.3 3.8 0.6 0.6 1.2 0.8 1.6 2.1 2.7 2.9 3.2 3.6 4.0 4.6 5.2 6.6 9.0 13.6 13.7 15.9 18.3 18.9 20.8 22.9 26.5 31.8 38.6 45.0 49.3 50.9 50.7 51.7 51.3 52.7 52.3 60.7 76.8 79.5 80.9 83.4 81.8 95.3 107.5 117.9 127.4 133.0 133.7 151.4 138.1 113.2 59.0 61.7 41.2 48.4 62.6 72.9 74.9 75.5 72.0 64.3 62.0 68.8
-9999.0 -9999.0 -9999.0 -9999.0 -9999.0 -9999.0 -9999.0 -9999.0 -9999.0 -9999.0 -9999.0 -9999.0 4.0 6.6 1.7 1.4 1.0 3.5 1.4 1.6 3.9 4.6 3.1 4.4 4.1 5.4 4.8 6.2 4.4 5.2 6.6 11.2 12.2 14.8 18.2 21.7 23.9 26.4 29.3 33.6 39.3 49.0 51.2 62.3 57.1 56.0 55.7 51.3 46.8 47.7 53.9 56.6 88.0 96.1 85.2 63.8 80.7 95.9 109.0 118.2 131.4 139.6 133.9 127.1 72.5 33.6 30.4 31.9 38.7 46.6 58.1 73.9 75.4 75.6 94.3 64.8 74.2
-9999.0 -9999.0 -9999.0 -9999.0 -9999.0 -9999.0 -9999.0 -9999.0 -9999.0 -9999.0 -9999.0 -9999.0 8.8 18.3 10.5 2.6 2.5 1.7 3.4 4.4 9.9 4.9 6.7 7.7 5.5 5.6 5.0 4.4 5.0 4.5 7.6 9.8 14.4 16.8 21.5 29.0 31.0 31.2 35.5 40.4 46.5 51.9 57.0 58.6 61.0 56.8 53.6 46.9 47.8 45.4 38.9 59.6 60.8 52.0 76.5 78.9 61.7 74.0 93.3 114.3 118.2 136.4 125.8 87.4 35.5 28.3 26.4 31.9 40.8 54.2 66.4 77.2 90.5 86.1 84.4 78.9 70.0
-9999.0 -9999.0 -9999.0 -9999.0 -9999.0 -9999.0 -9999.0 -9999.0 -9999.0 -9999.0 -9999.0 -9999.0 -9999.0 5.4 13.2 4.9 9.9 3.5 4.0 5.7 12.9 12.5 13.1 11.0 7.6 7.6 6.8 5.0 4.6 9.7 9.3 11.7 13.8 19.1 27.0 31.0 30.3 33.6 40.0 50.8 49.5 54.0 57.2 58.4 62.8 54.4 50.1 41.6 36.8 33.8 42.4 29.9 51.2 67.4 77.0 68.9 57.4 65.9 84.7 71.0 104.9 82.0 78.1 50.9 38.1 33.7 36.3 48.3 65.4 78.7 93.0 108.9 114.9 116.5 112.1 107.0 108.0
-9999.0 -9999.0 -9999.0 -9999.0 -9999.0 -9999.0 -9999.0 -9999.0 -9999.0 -9999.0 -9999.0 -9999.0 -9999.0 -9999.0 16.1 9.8 7.6 9.6 8.3 8.2 15.7 13.4 13.8 14.7 14.7 12.6 15.7 9.1 11.8 5.8 8.4 10.6 21.4 26.1 27.2 40.1 45.8 28.8 37.0 43.7 52.8 56.4 55.8 54.4 54.7 56.5 45.3 41.0 34.0 22.2 26.8 55.2 41.6 49.0 30.8 53.2 57.3 46.0 81.3 96.3 62.4 69.8 74.5 59.5 46.9 47.4 59.1 80.1 102.3 117.5 134.1 150.7 171.8 167.2 146.8 157.0 142.3
-9999.0 -9999.0 -9999.0 -9999.0 -9999.0 -9999.0 -9999.0 -9999.0 -9999.0 -9999.0 -9999.0 -9999.0 -9999.0 -9999.0 -9999.0 -9999.0 -9999.0 20.3 12.8 14.4 16.1 23.8 21.3 21.9 23.8 20.2 23.7 14.8 8.7 10.8 8.8 9.5 27.7 20.0 19.8 29.3 50.7 17.5 31.7 38.4 45.6 56.1 50.6 47.2 71.5 54.5 137.9 44.7 30.8 29.6 23.5 28.2 27.3 47.6 51.9 52.5 41.5 64.4 73.1 88.3 51.8 64.6 63.3 52.5 51.6 62.2 83.0 108.1 126.5 137.9 151.1 185.0 209.4 199.2 198.8 205.2 184.3
-9999.0 -9999.0 -9999.0 -9999.0 -9999.0 -9999.0 -9999.0 -9999.0 -9999.0 -9999.0 -9999.0 -9999.0 -9999.0 -9999.0 -9999.0 -9999.0 -9999.0 -9999.0 -9999.0 -9999.0 34.7 34.1 38.6 47.0 38.1 31.7 26.2 19.8 14.6 9.9 10.3 11.9 17.6 25.1 24.8 32.5 25.9 20.1 15.5 15.7 22.7 51.7 52.5 45.6 62.8 42.8 199.6 48.2 48.9 119.7 33.7 62.5 61.8 37.4 41.7 50.8 51.4 46.2 84.1 82.0 54.7 67.4 56.9 51.1 53.5 72.2 95.4 114.0 129.1 137.1 150.7 192.9 223.1 214.1 213.6 220.7 216.1
-9999.0 -9999.0 -9999.0 -9999.0 -9999.0 -9999.0 -9999.0 -9999.0 -9999.0 -9999.0 -9999.0 -9999.0 -9999.0 -9999.0 -9999.0 -9999.0 -9999.0 -9999.0 -9999.0 -9999.0 -9999.0 -9999.0 66.3 64.5 58.6 54.2 46.8 37.2 32.4 20.6 20.5 27.3 54.4 50.0 62.9 57.3 60.1 29.3 43.8 49.7 44.8 56.8 37.7 33.6 61.3 237.5 90.7 73.0 92.0 93.8 47.3 57.9 49.7 50.0 38.2 24.5 37.4 55.9 52.9 79.0 85.3 97.3 92.8 73.2 72.7 83.2 101.4 111.8 112.3 132.1 161.7 197.9 230.7 260.2 234.3 234.1 250.3
-9999.0 -9999.0 -9999.0 -9999.0 -9999.0 -9999.0 -9999.0 -9999.0 -9999.0 -9999.0 -9999.0 -9999.0 -9999.0 -9999.0 -9999.0 -9999.0 -9999.0 -9999.0 -9999.0 -9999.0 -9999.0 -9999.0 -9999.0 -9999.0 120.0 109.8 86.4 86.8 69.7 84.6 53.8 45.9 55.0 73.8 68.7 91.8 121.8 52.8 72.2 44.1 69.4 40.6 50.6 53.2 164.3 259.6 192.7 335.8 60.5 93.4 67.3 65.1 69.6 62.3 42.9 27.9 31.2 31.8 56.1 71.2 91.3 100.9 114.6 83.3 86.3 91.7 97.0 87.8 107.6 139.7 174.7 214.3 234.5 271.8 269.2 240.1 243.4
-9999.0 -9999.0 -9999.0 -9999.0 -9999.0 -9999.0 -9999.0 -9999.0 -9999.0 -9999.0 -9999.0 -9999.0 -9999.0 -9999.0 -9999.0 -9999.0 -9999.0 -9999.0 -9999.0 -9999.0 -9999.0 -9999.0 -9999.0 -9999.0 -9999.0 162.4 150.3 146.6 135.5 92.8 82.8 82.1 123.6 84.0 114.1 60.4 73.8 57.4 33.6 45.1 61.7 35.1 73.2 164.0 207.7 272.5 334.1 364.7 379.6 194.6 296.6 262.9 82.4 72.1 45.8 31.9 18.9 19.8 42.3 51.1 56.0 86.1 67.6 71.6 67.9 69.7 83.2 94.0 105.1 141.5 187.1 222.7 243.8 261.5 245.9 236.1 263.3
-9999.0 -9999.0 -9999.0 -9999.0 -9999.0 -9999.0 -9999.0 -9999.0 -9999.0 -9999.0 -9999.0 -9999.0 -9999.0 -9999.0 -9999.0 -9999.0 -9999.0 -9999.0 -9999.0 -9999.0 -9999.0 -9999.0 -9999.0 -9999.0 -9999.0 -9999.0 -9999.0 205.1 195.0 167.8 170.0 150.6 137.8 117.3 139.1 119.9 -9999.0 69.3 69.0 56.7 59.6 82.7 80.0 197.2 259.0 290.9 322.7 -9999.0 -9999.0 311.8 364.8 348.6 137.1 64.3 50.6 22.6 11.4 9.1 16.3 23.9 39.7 62.1 50.2 58.8 69.1 72.6 84.6 112.6 139.7 154.4 177.6 198.1 221.1 232.5 241.9 242.2 245.4
-9999.0 -9999.0 -9999.0 -9999.0 -9999.0 -9999.0 -9999.0 -9999.0 -9999.0 -9999.0 -9999.0 -9999.0 -9999.0 -9999.0 -9999.0 -9999.0 -9999.0 -9999.0 -9999.0 -9999.0 -9999.0 -9999.0 -9999.0 -9999.0 -9999.0 -9999.0 -9999.0 -9999.0 -9999.0 -9999.0 -9999.0 -9999.0 -9999.0 186.0 171.4 -9999.0 -9999.0 -9999.0 -9999.0 162.6 168.6 184.7 205.8 228.9 251.6 -9999.0 -9999.0 -9999.0 -9999.0 -9999.0 -9999.0 -9999.0 119.8 62.5 32.2 12.6 4.4 3.1 4.9 10.7 21.0 39.8 55.7 64.3 86.8 94.4 106.8 132.2 168.4 201.8 187.9 180.9 185.9 202.7 221.7 229.7 219.8
-9999.0 -9999.0 -9999.0 -9999.0 -9999.0 -9999.0 -9999.0 -9999.0 -9999.0 -9999.0 -9999.0 -9999.0 -9999.0 -9999.0 -9999.0 -9999.0 -9999.0 -9999.0 -9999.0 -9999.0 -9999.0 -9999.0 -9999.0 -9999.0 -9999.0 -9999.0 -9999.0 -9999.0 -9999.0 -9999.0 -9999.0 -9999.0 -9999.0 -9999.0 -9999.0 -9999.0 -9999.0 -9999.0 -9999.0 183.3 189.1 192.9 196.8 225.5 -9999.0 -9999.0 -9999.0 -9999.0 -9999.0 -9999.0 -9999.0 -9999.0 175.4 60.9 24.9 13.9 2.4 2.0 4.2 11.3 21.6 39.0 96.9 82.0 99.9 85.6 80.6 117.2 161.0 187.7 195.2 187.8 197.3 181.8 200.1 230.5 210.1
-9999.0 -9999.0 -9999.0 -9999.0 -9999.0 -9999.0 -9999.0 -9999.0 -9999.0 -9999.0 -9999.0 -9999.0 -9999.0 -9999.0 -9999.0 -9999.0 -9999.0 -9999.0 -9999.0 -9999.0 -9999.0 -9999.0 -9999.0 -9999.0 -9999.0 -9999.0 -9999.0 -9999.0 -9999.0 -9999.0 -9999.0 -9999.0 -9999.0 -9999.0 -9999.0 -9999.0 -9999.0 -9999.0 -9999.0 -9999.0 -9999.0 -9999.0 -9999.0 -9999.0 -9999.0 -9999.0 -9999.0 -9999.0 -9999.0 -9999.0 -9999.0 167.9 102.0 57.1 18.3 7.9 3.9 5.1 7.7 12.9 36.3 58.1 72.5 88.2 89.1 66.9 60.1 85.7 130.1 162.8 197.9 199.0 169.3 170.4 208.4 251.2 225.2
-9999.0 -9999.0 -9999.0 -9999.0 -9999.0 -9999.0 -9999.0 -9999.0 -9999.0 -9999.0 -9999.0 -9999.0 -9999.0 -9999.0 -9999.0 -9999.0 -9999.0 -9999.0 -9999.0 -9999.0 -9999.0 -9999.0 -9999.0 -9999.0 -9999.0 -9999.0 -9999.0 -9999.0 -9999.0 -9999.0 -9999.0 -9999.0 -9999.0 -9999.0 -9999.0 -9999.0 -9999.0 -9999.0 -9999.0 -9999.0 -9999.0 -9999.0 -9999.0 -9999.0 -9999.0 -9999.0 -9999.0 -9999.0 -9999.0 -9999.0 174.9 143.9 101.4 63.2 30.5 17.6 11.4 10.7 12.5 22.1 37.6 65.7 79.5 86.5 72.8 57.7 61.2 71.4 100.1 140.5 189.8 195.8 180.9 191.7 214.5 231.2 313.8
-9999.0 -9999.0 -9999.0 -9999.0 -9999.0 -9999.0 -9999.0 -9999.0 -9999.0 -9999.0 -9999.0 -9999.0 -9999.0 -9999.0 -9999.0 -9999.0 -9999.0 -9999.0 -9999.0 -9999.0 -9999.0 -9999.0 -9999.0 -9999.0 -9999.0 -9999.0 -9999.0 -9999.0 -9999.0 -9999.0 -9999.0 -9999.0 -9999.0 -9999.0 -9999.0 -9999.0 -9999.0 -9999.0 -9999.0 -9999.0 -9999.0 -9999.0 -9999.0 -9999.0 -9999.0 -9999.0 -9999.0 -9999.0 -9999.0 -9999.0 146.1 149.1 103.1 78.9 52.5 33.9 21.5 19.9 18.9 21.1 32.3 52.8 59.4 67.4 66.2 65.8 75.4 74.4 85.0 123.6 174.8 199.1 198.0 210.2 239.2 276.2 269.9
-9999.0 -9999.0 -9999.0 -9999.0 -9999.0 -9999.0 -9999.0 -9999.0 -9999.0 -9999.0 -9999.0 -9999.0 -9999.0 -9999.0 -9999.0 -9999.0 -9999.0 -9999.0 -9999.0 -9999.0 -9999.0 -9999.0 -9999.0 -9999.0 -9999.0 -9999.0 -9999.0 -9999.0 -9999.0 -9999.0 -9999.0 -9999.0 -9999.0 -9999.0 -9999.0 -9999.0 -9999.0 -9999.0 -9999.0 -9999.0 -9999.0 -9999.0 -9999.0 -9999.0 -9999.0 -9999.0 -9999.0 -9999.0 -9999.0 -9999.0 124.1 121.8 93.3 99.9 58.1 41.0 42.4 28.4 29.3 26.6 35.8 50.6 55.7 50.4 63.8 81.6 99.7 99.0 101.1 125.7 164.3 197.5 201.9 218.8 246.1 271.7 253.0
-9999.0 -9999.0 -9999.0 -9999.0 -9999.0 -9999.0 -9999.0 -9999.0 -9999.0 -9999.0 -9999.0 -9999.0 -9999.0 -9999.0 -9999.0 -9999.0 -9999.0 -9999.0 -9999.0 -9999.0 -9999.0 -9999.0 -9999.0 -9999.0 -9999.0 -9999.0 -9999.0 -9999.0 -9999.0 -9999.0 -9999.0 -9999.0 -9999.0 -9999.0 -9999.0 -9999.0 -9999.0 -9999.0 -9999.0 -9999.0 -9999.0 -9999.0 -9999.0 -9999.0 -9999.0 -9999.0 -9999.0 -9999.0 -9999.0 -9999.0 141.8 143.4 106.8 90.6 68.0 64.0 30.5 42.5 46.6 48.0 55.1 54.7 35.3 46.1 63.6 86.3 118.1 132.5 136.7 109.1 142.3 160.3 176.2 191.4 224.7 261.0 270.8
-9999.0 -9999.0 -9999.0 -9999.0 -9999.0 -9999.0 -9999.0 -9999.0 -9999.0 -9999.0 -9999.0 -9999.0 -9999.0 -9999.0 -9999.0 -9999.0 -9999.0 -9999.0 -9999.0 -9999.0 -9999.0 -9999.0 -9999.0 -9999.0 -9999.0 -9999.0 -9999.0 -9999.0 -9999.0 -9999.0 -9999.0 -9999.0 -9999.0 -9999.0 -9999.0 -9999.0 -9999.0 -9999.0 -9999.0 -9999.0 -9999.0 -9999.0 -9999.0 -9999.0 -9999.0 -9999.0 -9999.0 -9999.0 -9999.0 -9999.0 182.0 99.2 115.4 78.0 60.1 53.1 57.1 71.6 61.4 78.5 110.0 54.3 77.6 47.8 55.7 73.6 114.0 119.2 132.1 118.8 103.3 97.7 100.3 119.7 167.3 234.3 286.2
-9999.0 -9999.0 -9999.0 -9999.0 -9999.0 -9999.0 -9999.0 -9999.0 -9999.0 -9999.0 -9999.0 -9999.0 -9999.0 -9999.0 -9999.0 -9999.0 -9999.0 -9999.0 -9999.0 -9999.0 -9999.0 -9999.0 -9999.0 -9999.0 -9999.0 -9999.0 -9999.0 -9999.0 -9999.0 -9999.0 -9999.0 -9999.0 -9999.0 -9999.0 -9999.0 -9999.0 -9999.0 -9999.0 -9999.0 -9999.0 -9999.0 -9999.0 -9999.0 -9999.0 -9999.0 -9999.0 -9999.0 -9999.0 -9999.0 -9999.0 -9999.0 -9999.0 -9999.0 90.3 70.9 112.1 77.7 77.5 106.0 145.9 107.0 59.4 90.0 36.8 41.0 54.0 53.1 111.7 80.7 74.1 59.8 56.6 59.6 76.0 117.3 183.3 254.4
-9999.0 -9999.0 -9999.0 -9999.0 -9999.0 -9999.0 -9999.0 -9999.0 -9999.0 -9999.0 -9999.0 -9999.0 -9999.0 -9999.0 -9999.0 -9999.0 -9999.0 -9999.0 -9999.0 -9999.0 -9999.0 -9999.0 -9999.0 -9999.0 -9999.0 -9999.0 -9999.0 -9999.0 -9999.0 -9999.0 -9999.0 -9999.0 -9999.0 -9999.0 -9999.0 -9999.0 -9999.0 -9999.0 -9999.0 -9999.0 -9999.0 -9999.0 -9999.0 -9999.0 -9999.0 -9999.0 -9999.0 -9999.0 -9999.0 -9999.0 -9999.0 -9999.0 -9999.0 112.9 78.0 114.3 111.4 106.6 127.9 126.2 139.7 100.7 109.7 92.4 26.6 31.5 -9999.0 64.1 70.5 49.7 53.3 67.5 77.1 85.5 103.3 151.2 205.7
-9999.0 -9999.0 -9999.0 -9999.0 -9999.0 -9999.0 -9999.0 -9999.0 -9999.0 -9999.0 -9999.0 -9999.0 -9999.0 -9999.0 -9999.0 -9999.0 -9999.0 -9999.0 -9999.0 -9999.0 -9999.0 -9999.0 -9999.0 -9999.0 -9999.0 -9999.0 -9999.0 -9999.0 -9999.0 -9999.0 -9999.0 -9999.0 -9999.0 -9999.0 -9999.0 -9999.0 -9999.0 -9999.0 -9999.0 -9999.0 -9999.0 -9999.0 -9999.0 -9999.0 -9999.0 -9999.0 -9999.0 -9999.0 -9999.0 -9999.0 -9999.0 -9999.0 -9999.0 153.6 131.7 129.6 101.3 96.9 148.2 178.6 89.4 105.4 72.4 -9999.0 -9999.0 -9999.0 -9999.0 -9999.0 43.0 60.8 95.2 101.4 115.1 114.1 108.0 127.9 160.2
-9999.0 -9999.0 -9999.0 -9999.0 -9999.0 -9999.0 -9999.0 -9999.0 -9999.0 -9999.0 -9999.0 -9999.0 -9999.0 -9999.0 -9999.0 -9999.0 -9999.0 -9999.0 -9999.0 -9999.0 -9999.0 -9999.0 -9999.0 -9999.0 -9999.0 -9999.0 -9999.0 -9999.0 -9999.0 -9999.0 -9999.0 -9999.0 -9999.0 -9999.0 -9999.0 -9999.0 -9999.0 -9999.0 -9999.0 -9999.0 -9999.0 -9999.0 -9999.0 -9999.0 -9999.0 -9999.0 -9999.0 -9999.0 -9999.0 -9999.0 -9999.0 -9999.0 -9999.0 -9999.0 -9999.0 136.0 192.9 140.7 122.7 145.6 112.2 -9999.0 -9999.0 -9999.0 -9999.0 -9999.0 -9999.0 -9999.0 -9999.0 62.2 96.0 117.5 135.2 123.7 107.8 108.5 116.7
-9999.0 -9999.0 -9999.0 -9999.0 -9999.0 -9999.0 -9999.0 -9999.0 -9999.0 -9999.0 -9999.0 -9999.0 -9999.0 -9999.0 -9999.0 -9999.0 -9999.0 -9999.0 -9999.0 -9999.0 -9999.0 -9999.0 -9999.0 -9999.0 -9999.0 -9999.0 -9999.0 -9999.0 -9999.0 -9999.0 -9999.0 -9999.0 -9999.0 -9999.0 -9999.0 -9999.0 -9999.0 -9999.0 -9999.0 -9999.0 -9999.0 -9999.0 -9999.0 -9999.0 -9999.0 -9999.0 -9999.0 -9999.0 -9999.0 -9999.0 -9999.0 -9999.0 -9999.0 -9999.0 -9999.0 -9999.0 69.1 128.6 149.9 113.8 111.3 -9999.0 -9999.0 -9999.0 -9999.0 -9999.0 -9999.0 -9999.0 -9999.0 -9999.0 -9999.0 -9999.0 135.0 130.2 118.7 112.8 113.2
-9999.0 -9999.0 -9999.0 -9999.0 -9999.0 -9999.0 -9999.0 -9999.0 -9999.0 -9999.0 -9999.0 -9999.0 -9999.0 -9999.0 -9999.0 -9999.0 -9999.0 -9999.0 -9999.0 -9999.0 -9999.0 -9999.0 -9999.0 -9999.0 -9999.0 -9999.0 -9999.0 -9999.0 -9999.0 -9999.0 -9999.0 -9999.0 -9999.0 -9999.0 -9999.0 -9999.0 -9999.0 -9999.0 -9999.0 -9999.0 -9999.0 -9999.0 -9999.0 -9999.0 -9999.0 -9999.0 -9999.0 -9999.0 -9999.0 -9999.0 -9999.0 -9999.0 -9999.0 -9999.0 -9999.0 -9999.0 -9999.0 -9999.0 -9999.0 -9999.0 -9999.0 -9999.0 -9999.0 -9999.0 -9999.0 -9999.0 -9999.0 -9999.0 -9999.0 -9999.0 -9999.0 -9999.0 -9999.0 141.7 150.8 152.0 149.3
-9999.0 -9999.0 -9999.0 -9999.0 -9999.0 -9999.0 -9999.0 -9999.0 -9999.0 -9999.0 -9999.0 -9999.0 -9999.0 -9999.0 -9999.0 -9999.0 -9999.0 -9999.0 -9999.0 -9999.0 -9999.0 -9999.0 -9999.0 -9999.0 -9999.0 -9999.0 -9999.0 -9999.0 -9999.0 -9999.0 -9999.0 -9999.0 -9999.0 -9999.0 -9999.0 -9999.0 -9999.0 -9999.0 -9999.0 -9999.0 -9999.0 -9999.0 -9999.0 -9999.0 -9999.0 -9999.0 -9999.0 -9999.0 -9999.0 -9999.0 -9999.0 -9999.0 -9999.0 -9999.0 -9999.0 -9999.0 -9999.0 -9999.0 -9999.0 -9999.0 -9999.0 -9999.0 -9999.0 -9999.0 -9999.0 -9999.0 -9999.0 -9999.0 -9999.0 -9999.0 -9999.0 -9999.0 107.5 141.4 176.5 200.5 187.4
-9999.0 -9999.0 -9999.0 -9999.0 -9999.0 -9999.0 -9999.0 -9999.0 -9999.0 -9999.0 -9999.0 -9999.0 -9999.0 -9999.0 -9999.0 -9999.0 -9999.0 -9999.0 -9999.0 -9999.0 -9999.0 -9999.0 -9999.0 -9999.0 -9999.0 -9999.0 -9999.0 -9999.0 -9999.0 -9999.0 -9999.0 -9999.0 -9999.0 -9999.0 -9999.0 -9999.0 -9999.0 -9999.0 -9999.0 -9999.0 -9999.0 -9999.0 -9999.0 -9999.0 -9999.0 -9999.0 -9999.0 -9999.0 -9999.0 -9999.0 -9999.0 -9999.0 -9999.0 -9999.0 -9999.0 -9999.0 -9999.0 -9999.0 -9999.0 -9999.0 -9999.0 -9999.0 -9999.0 -9999.0 -9999.0 -9999.0 -9999.0 -9999.0 -9999.0 -9999.0 -9999.0 -9999.0 76.7 115.9 204.8 193.9 181.8
